N,MEAN_X,MEAN_Y,MEAN_Z,SIGMA_X,SIGMA_Y,SIGMA_Z,SIGMA_R,LAMBDA_1,LAMBDA_2,LAMBDA_3,EIGEN_1,EIGEN_2,EIGEN_3
296,-329.6618230365853,-50.740687402361665,225.69974464200646,16.446989135870925,31.45261687449456,32.67887678987726,18.426014915208743,6971.657587677738,6942.844379926103,767.1370190155917,[ 0.48205218 -0.68215697  0.54980685],[0.31429027 0.72040153 0.61825824],[ 0.81783086  0.12523379 -0.56166643]
42,-417.58819651935545,-89.77424287939371,217.71718044553143,9.137153838489102,10.233255190929569,11.470008425777811,7.830090233761607,3108.636558742979,3107.8746604143744,104.50691213335435,[0.0559458  0.88054944 0.47064079],[-0.48805448  0.43534238 -0.75649179],[-0.87101831 -0.18737581  0.45411168]
19,-379.97450576468594,-48.37642409927474,164.6622745314163,8.001875814651461,9.377144839727185,9.248368694538252,8.50086947704279,1818.517360631645,1817.8452485465978,56.31687154451379,[-0.37276309  0.63937921 -0.67248934],[0.17462634 0.7601101  0.62588998],[-0.91134698 -0.11587433  0.39499344]
4,-331.59336213209184,-186.766327009438,111.20110474111486,3.815225459313895,3.169248092555303,5.856529581458151,5.234016453889024,793.1022403013628,793.0606886891308,11.26090171576595,[ 0.36540036 -0.86038541 -0.35527387],[-0.40877355  0.19458082 -0.89165155],[ 0.83629347  0.47103636 -0.2806029 ]
242,-381.47275231173995,89.16881308204823,165.78279932152984,23.33171758405137,24.676509857773237,28.775660268726845,28.889259269629505,6648.360441759594,6638.286016074091,523.7970777264401,[ 0.08106987 -0.78764681  0.61077015],[0.43692037 0.57885571 0.68849594],[-0.89583942  0.21104165  0.3910667 ]
139,-214.78178767875085,-110.4392198860664,146.93577185526266,13.088798070528794,19.52771010648862,19.918548561570752,19.2593080115517,3348.6579453783997,3344.842722521487,282.30747197628574,[0.22083571 0.59793749 0.77052083],[-0.61356636  0.69928015 -0.36680183],[-0.75813449 -0.39176272  0.52130036]
5,-400.57305215715024,193.3495828577342,199.62419984197314,3.552673026309079,3.1407102431570757,4.042148185379262,2.148756719708424,1090.2374765589877,1090.1952812623817,13.086756157113651,[-0.07114424 -0.7840433   0.61661544],[-0.56556671 -0.47749805 -0.67240606],[ 0.82162814 -0.39657498 -0.40945755]
161,-242.16509922713348,-200.24040512370033,311.19781736189645,15.400148113366479,41.70759315641931,15.098933148907854,21.800397754447243,5639.343705513321,5622.316097691563,524.7769229613258,[-0.77375876 -0.04616399 -0.63179607],[-0.320243    0.88902036  0.32724183],[-0.54657279 -0.4555345   0.70267098]
271,-266.2155742689201,230.23559172531662,281.5624616511911,34.54174059656156,21.322049738907026,19.912426913697868,25.73630040109918,7451.22586647459,7437.73762017308,614.9395500754769,[-0.14188389 -0.82749844  0.54324515],[0.7934796  0.23303697 0.5622134 ],[-0.59182691  0.51082297  0.62353893]
65,-363.01840968058934,-159.13099624378944,233.9646447889612,15.390667638351344,12.022993042189544,13.464896892669598,14.43329184618818,3714.9892668934003,3713.3173843519644,151.88076401579448,[-0.51491244  0.82317619 -0.23926164],[0.33546071 0.45033877 0.82744251],[-0.78887977 -0.34579756  0.50802831]
79,-381.274811460844,44.846098432490116,278.6137350267828,8.944403853150115,26.22608044816246,14.768691535351277,8.977285154302312,4224.434557618522,4217.777466575489,267.264272953176,[0.57684848 0.36528419 0.73062528],[ 0.14585511 -0.92612742  0.34787108],[-0.80372391  0.09410347  0.58751376]
139,-338.7216712269762,-165.63479472420283,157.5956781771453,23.976128732745163,19.100036585090134,10.630835777200108,20.462726140169178,4831.294389568332,4826.001915129778,296.5821869349456,[0.15258364 0.49833235 0.85345363],[-0.53747934  0.7665331  -0.3514868 ],[-0.8293577  -0.40508256  0.38480376]
2,-326.5868585602768,-268.156236164604,238.54978859704264,1.5090227445428752,0.4097264936608269,1.7929330354704973,0.36061810442291176,686.2629298632468,686.2548722879218,3.3255323747637533,[ 0.50699831 -0.82862224 -0.23735605],[-0.53851028 -0.08949105 -0.83785323],[ 0.67302258  0.55260884 -0.4915934 ]
92,-293.1872570422276,181.50424469181166,213.39163976239487,17.77242083241463,16.214137484663723,14.981546632821823,19.53306521679904,3897.908831279834,3895.2314016057358,194.8380832392876,[ 0.02908574 -0.74102292  0.6708495 ],[0.69040603 0.50021857 0.5226097 ],[-0.72283714  0.44795805  0.52615591]
40,-426.31376080833144,94.43071476762834,109.7536062308221,13.37070324444017,11.925242072126213,9.274326529992724,13.727726335780135,2849.990102677038,2849.188827230657,93.56489978180689,[0.26716139 0.09004692 0.95943543],[-0.17898432 -0.97366372  0.14122172],[-0.94688405  0.20945289  0.24400837]
31,-295.72334957156954,-166.02274788942654,281.55921474905443,8.847200015285747,10.484064136666582,9.711609524733577,12.923672878492386,2455.7753941688934,2455.4430496907476,59.59358510199056,[-0.73630131  0.23563397 -0.63430041],[-0.08847261  0.89583523  0.43549035],[-0.67084497 -0.37677033  0.6387575 ]
27,-388.0885607939606,239.08534391918235,129.89892793198018,9.343114116098883,6.5554309084024815,11.219193029746476,9.753685068197075,2463.993850699059,2463.5716281370956,66.2332283830521,[ 0.49078647  0.86277197 -0.1214626 ],[ 0.29778292 -0.03508911  0.95398852],[-0.81881254  0.50437415  0.27414001]
14,-160.69426947095596,-178.75969857664856,200.76395703456996,4.286752510502705,6.22941448704966,15.959088564004066,13.324160602135791,1173.6065297540085,1172.962866874089,43.42758214857244,[-0.71037899  0.70156944  0.05623176],[0.4824255  0.42719113 0.76470476],[-0.51247178 -0.57035783  0.64192259]
25,-396.6536245741427,-68.6467659488733,74.99709628343113,7.763983284248747,11.316252973617324,9.213939177950113,8.659325641407559,2048.57115402834,2048.3126811170155,70.60532987346865,[-0.20566766  0.12767699 -0.97025739],[-0.13942167  0.97751668  0.15818577],[-0.96863946 -0.1678086   0.18324263]
15,-256.5472741829221,-288.29575297160596,48.33322033346975,3.4367631167376835,8.850733143041062,7.466398353715008,7.8688825574659,1506.916975225648,1506.7625092310411,35.442150319056246,[-0.58038222  0.60731183  0.5425208 ],[ 0.47780849 -0.28551787  0.83076988],[-0.65943576 -0.74138511  0.12446926]
2,-363.16330399883816,-124.63826328019832,10.813101654349651,5.016832633286185,0.34089439674939825,1.95260230587109,4.687509035093228,543.2647654443805,543.2516545306256,3.7742844455040063,[ 0.24098395 -0.63877328  0.73068148],[-0.21903445  0.69764969  0.68213548],[ 0.94548963  0.32442812 -0.02820902]
70,-255.05096056108337,193.69814267380497,55.54831390425347,9.351224828877802,16.433699434138095,10.618467253362581,8.569643324352333,2724.3639266549694,2721.7136742817647,166.5344756190537,[0.37507305 0.23719747 0.89613479],[ 0.49402122  0.76684495 -0.40974609],[-0.78438718  0.59639432  0.17044229]
5,-330.6810444416854,197.8372246703455,154.14014996277274,8.089247739219525,3.3992766394724194,4.673132668989912,7.435533953502903,928.2611152960826,928.2179807025054,14.766123878132639,[-0.60414188 -0.62317531 -0.49665393],[-0.00528436 -0.62010391  0.78450189],[ 0.79685925 -0.47657494 -0.37133765]
68,-275.14603761674215,-190.21891578306474,339.3787522075274,12.506039503624978,17.43155775802078,9.07360285838071,7.718701188385818,3933.214679601967,3930.8928956491736,180.94675369870578,[0.56195283 0.43848724 0.70138289],[-0.59239476  0.80513576 -0.02872018],[-0.57730188 -0.39935617  0.71220586]
15,-408.28274493214764,148.12644863840563,213.35917383426354,8.34574305032207,10.518510189801383,9.479344144887017,3.9368293105756025,1874.9082048782334,1874.499818228023,61.85109425064299,[ 0.13151949 -0.67851622  0.72271597],[0.52035963 0.6677846  0.53224955],[-0.84375854  0.30607102  0.44089914]
60,-333.6523201217262,310.2501538685297,35.50867048859615,15.30340044302698,9.388123143193686,10.616103991401355,10.951811735986164,3543.1207599194163,3541.2288688478557,137.78466766987552,[-0.33491977 -0.45474707  0.82524775],[0.59534435 0.57672917 0.55941806],[-0.73033817  0.67866676  0.0775731 ]
191,-129.77537703523421,107.74445552122494,148.8955365028682,22.777549100661272,21.786750604435362,29.564053562543524,37.174636480148614,3161.9266948038335,3156.900198482302,294.24842286389594,[-0.75266313 -0.62691377 -0.2011898 ],[ 0.31942916 -0.61489272  0.72102147],[ 0.57572843 -0.47842038 -0.66306162]
43,-413.59262767349753,-27.236719151660132,247.98100038353107,6.397073426000472,19.661092936923122,12.574485320006737,5.090949000122284,3170.778838720011,3167.9459634666055,155.03307779009074,[-0.47205763  0.48904338 -0.73348359],[0.20976298 0.87043574 0.44535505],[-0.85624826 -0.05637554  0.51347903]
73,-341.2038316563269,-268.61585976211774,176.87225726957737,14.868041534724746,13.942131367288809,28.274437710473833,12.440933138185379,4015.424986164164,4009.420814676024,278.5613254671463,[-0.40477529  0.80284357  0.43772043],[ 0.55439004 -0.16521552  0.81569327],[ 0.72719231  0.57284032 -0.37821332]
109,-295.6911143215676,-248.68752529751572,169.1830844815927,13.662210714632634,17.32252774914138,23.35938174778532,17.813612498630448,4413.395124177246,4410.375352366302,279.5527894232588,[-0.50781341  0.80754005  0.30000768],[ 0.50149647 -0.006045    0.86513857],[-0.70044759 -0.58978176  0.40190875]
13,-246.30658981859966,-268.9370589880974,139.2460329812689,5.829891034912634,4.513722547995871,8.95385939667514,7.393018215620382,1408.014004196226,1407.8097469482802,32.218962065283456,[-0.71154052  0.6971528   0.08768165],[0.30920539 0.19861669 0.93002335],[-0.63095334 -0.68886094  0.35688722]
5,-237.03260964304553,-108.18840577255848,80.52752638395802,4.2998052352346114,2.1725979123218795,5.371721925226261,4.311145006690363,610.0085602351575,609.902377897216,12.961548528614081,[-0.34644792  0.91453608  0.20880039],[-0.35289669  0.07917202 -0.93230667],[-0.86915923 -0.39668067  0.29530777]
9,-290.51633940981657,82.6936036013602,240.0408955650761,7.567208091705499,2.2737342694025995,7.293734613317505,4.339133880625935,1157.8905263316767,1157.5580261559414,29.448801323775925,[-0.133928   -0.97559966  0.1739787 ],[0.64422293 0.04769073 0.76334947],[-0.75302066  0.21431493  0.62211655]
18,-291.22466859848134,126.13078787348796,124.2836334682672,7.633356752383423,14.66887360208755,8.332498042472322,4.964477637841347,1447.9260003014563,1446.4244729932436,75.69277854962382,[ 0.18246939 -0.44345437  0.87752672],[0.48667799 0.81623904 0.31128503],[-0.85431227  0.37027294  0.36475812]
36,-56.89612486964821,10.683708733740987,10.346178056610194,15.275772041946432,18.837159330295762,6.67443556218196,13.43672538833735,382.2847831689983,365.0830273089712,123.00895400062947,[ 0.1824611  -0.00810181  0.98317969],[-0.15524856 -0.98765911  0.02067272],[ 0.9708789  -0.1564092  -0.18146716]
3,-284.4771645840128,211.5903720729109,17.499216837602596,2.56986417022026,0.71721586905659,1.7614973502664195,2.5649032379681076,614.8516515374376,614.8428221868634,3.2971698555584696,[-0.53392251 -0.67581982 -0.50812826],[-0.2695375  -0.43356357  0.85986753],[ 0.80142142 -0.59606225 -0.04933056]
84,-209.96672937165022,64.29947089673105,79.96575954402125,14.833641533927468,13.276507362041853,11.786063549896205,13.410956242586911,2149.461242493212,2148.254318933697,173.3522136626821,[0.41369177 0.27479387 0.8679559 ],[-0.14416836 -0.92155864  0.36047906],[-0.8989297   0.274259    0.34162465]
6,-235.70063862407298,-18.280657147552436,180.20500176844862,5.167847899292455,6.105858568201587,4.3561773039430305,2.912335069220944,728.4363627389536,728.2057126182758,21.125162207189174,[-0.45881693  0.71491791 -0.52761673],[0.40084161 0.69649116 0.59516893],[-0.79297732 -0.06158284  0.60613078]
3,-167.04886550306097,147.633872080707,17.753012523110907,2.8376899597099707,5.572336736927627,2.5413617643785273,1.4835522207081033,387.5368391318232,387.3699097124152,11.429857357226547,[0.31772285 0.24949872 0.91476914],[ 0.58419574  0.7083845  -0.39611455],[-0.74683835  0.66025888  0.07931385]
4,-453.80980034069097,-63.862083444319666,143.27372415785362,1.4204168627784406,3.4983925386749446,2.1918150462074393,2.1817121657843637,960.3479374741399,960.3226433479101,7.564901368419107,[-0.21141899 -0.44730225 -0.86903551],[-0.24908248  0.88443428 -0.39463137],[ 0.94512429  0.13302896 -0.29840135]
4,-164.2642015550299,-100.44120135041084,76.36238698860033,2.272957778785281,2.8071220866465048,7.350927404238937,4.0036996503878965,414.5772896774444,414.3352254752244,14.41065432526488,[-0.35461158  0.85963625  0.36779907],[-0.49569558  0.16069287 -0.85350084],[-0.79280295 -0.48497765  0.36913434]
98,-245.2782933398825,5.466451017371732,18.404180867366417,12.37037620666709,24.925353692539986,10.979853860987445,12.578380929737017,2451.322287780167,2441.017065250844,267.8318748041892,[0.0771936  0.07107975 0.99447917],[-0.01703695 -0.99721578  0.07259779],[-0.99687055  0.02254698  0.07576769]
54,-444.2803549296072,-139.91673276675206,101.47751854984969,8.051303106567444,10.653830444899848,11.983432266402934,7.092057936322182,3505.0857129395645,3504.069447923988,121.06395464805534,[-0.0772582   0.73454109  0.67415173],[-0.35426989  0.61182053 -0.70722591],[-0.93194636 -0.29347066  0.21295764]
4,-302.9427412547865,207.14395021526363,164.1685859030572,8.07969099632328,3.5724445645206004,5.281925951742724,6.488685512768766,804.3339160222051,804.1837498605753,16.029646346922423,[-0.44032273 -0.85674875  0.26850973],[0.48801916 0.02264296 0.87253917],[-0.75362669  0.51523672  0.4081396 ]
40,-253.87395595026516,-244.9934051300861,12.127172886995417,10.969125911845659,16.261135189293338,7.176940670486135,8.575878583543325,2236.1715402780474,2233.7797493297444,119.71233246094917,[ 0.13301303 -0.08894427  0.98711522],[-0.68238975  0.71408426  0.15629425],[-0.71878492 -0.69438648  0.03428786]
59,-382.6298703417293,178.6804493230022,31.452802370953385,18.54954464335661,10.3792661757611,14.247991716994871,19.42046815670118,3258.257638069063,3256.5278481952055,126.49519696507653,[0.42474519 0.90492007 0.02666839],[ 0.05497437 -0.05518438  0.99696164],[-0.90364227  0.42198858  0.07318671]
87,-339.07848394235015,-207.5381213226338,94.44242612052662,28.38344813198597,15.328808118719348,13.830145203986607,23.41901116509048,3824.0315606563827,3818.8408358517354,244.14554830669712,[-0.03486951  0.46127848  0.88656995],[-0.55557583  0.72845367 -0.40086251],[-0.83073438 -0.50653472  0.23087436]
90,-207.86038682770243,106.72666911501348,23.073590584052095,34.68300204859608,14.469323751649195,13.739081322292472,32.666700912361236,2256.478749112126,2252.199283552424,217.46848057046435,[-0.21275911 -0.58225826  0.7846712 ],[-0.4072101  -0.67715831 -0.61289197],[ 0.88820802 -0.44992439 -0.09302984]
6,-428.1707192734215,52.62629213550195,187.39588530467958,3.734607038203129,4.559508237347306,6.23496254826867,5.245754826806624,1152.2455823929847,1152.1899478521113,16.573697094893724,[-0.37451849 -0.63242828 -0.67806369],[ 0.17622341 -0.76650753  0.61758523],[ 0.91031929 -0.11180639 -0.39851992]
16,-226.0603866887513,107.04420453495293,160.80577022789515,11.176507944460694,8.235832949738443,7.626704283894181,6.959691768101291,1190.8191257165736,1190.0400395974675,56.84909072133601,[ 0.03090891 -0.81128604  0.58383183],[0.64865211 0.46068479 0.60582172],[-0.76045715  0.35997846  0.54048167]
3,-299.3710132393301,337.1302231907625,93.75729877333794,1.8128175787167071,1.3970883083322583,6.266706568098935,1.1743744999132764,797.7025710458876,797.6399195225305,11.382344101395931,[0.75656957 0.64851433 0.08385492],[ 0.07066689 -0.20857023  0.975451  ],[-0.65008359  0.73207078  0.20362638]
13,-304.70149279565896,16.505916040327676,195.22535918628256,7.75129128784502,5.365247930182658,6.211234348144843,6.803857996913001,1306.6134375143267,1306.5060912299732,32.478210535811,[-0.01207431 -0.99778891  0.06535676],[0.54061884 0.04847076 0.83987014],[-0.84118101  0.04547395  0.53883823]
3,-286.61935919434103,31.28253867216131,2.011000367966466,1.845483582835062,2.0284460420078156,1.62897825454212,1.9354171790010886,499.4281921952119,499.41262243247564,4.39860364673896,[ 0.06165752  0.61556918 -0.78566719],[0.08956738 0.78057653 0.61860971],[ 0.99407044 -0.1085121  -0.00700651]
13,-311.3606417510009,-331.5413968862275,164.00248989245827,6.230038614705973,4.93894764719799,5.758307706124958,4.7724657690692736,1743.5258917484375,1743.410362779473,30.891937964783814,[ 0.61580426 -0.7277116  -0.30202804],[0.45389597 0.01432207 0.89093958],[ 0.6440214   0.6857337  -0.33912495]
30,-361.70279906145464,-309.16144955144193,22.37539053852911,8.994953237277215,12.903263912490578,11.593111853180039,6.9096902512109155,2610.9151652648093,2609.725137611036,99.93705529669293,[ 0.40944145 -0.42027157  0.80977127],[-0.50587533  0.63405763  0.58485988],[-0.75924163 -0.64910918  0.04700445]
21,-295.8789471992655,-74.98802568468243,288.7485520986943,11.694437246636577,8.462824821234081,18.79909892027496,20.47968512710057,1928.3957838464985,1927.8935609336834,54.11965902595841,[-0.58130637  0.70099499 -0.41314517],[0.4083716  0.6905095  0.59701698],[-0.70378657 -0.17833302  0.68766401]
73,-138.41679188611752,-110.30931808972542,182.87812363931013,12.677648267334167,21.22929449756659,20.710950770440537,23.382298591540668,2190.9850277344244,2184.565671450596,189.27671587497872,[0.31796328 0.68584656 0.65460969],[ 0.77928412 -0.58231248  0.23157812],[ 0.54001445  0.4364936  -0.71962332]
50,-201.84028499266904,-149.74296617159442,78.48057338403132,9.976874255388706,11.617841460871544,11.486380933224464,11.560773843299144,1865.6579537519135,1864.547621279013,107.67165150881924,[-0.50774012  0.25119963 -0.82407446],[-0.39350359  0.78331185  0.48122497],[-0.76639082 -0.56861348  0.29887089]
58,-313.2389233722299,151.2768728607843,325.149511663058,13.88902603303541,12.120344347838799,10.786061003976206,9.494208185638238,3628.6404823184807,3628.3233667719264,145.98353763398552,[ 0.09077711 -0.86664378  0.4905997 ],[0.74754387 0.38478595 0.54140367],[-0.65797999  0.31759774  0.68278401]
24,-377.69683193408673,-162.19879343911256,50.453025814086025,9.458535001713464,8.385588399237653,7.027738757414485,10.695136774658515,2029.8363930506384,2029.7670138166045,47.69964181537193,[ 0.1797332  -0.64850875 -0.73968397],[-0.36880208  0.65266283 -0.66182797],[ 0.91196546  0.39174944 -0.1218662 ]
21,-308.45943133909486,6.819374698577847,352.9963825468802,7.854309953645347,7.933932565301278,8.621324449763806,10.319353595372197,2149.26940658214,2149.109753943129,43.954207539173744,[ 0.747041   -0.11360501  0.65499896],[-0.09516852 -0.99341717 -0.06375947],[-0.65793061  0.01470434  0.75293499]
4,-421.4894948779719,70.56753548685496,8.491516398444773,4.259120956286025,4.364455962533305,1.6544799612446808,4.666420041945976,854.9690205756741,854.9366886575232,8.535633277291797,[-0.04674131 -0.16035728 -0.98595172],[ 0.15963777  0.97314545 -0.16584244],[ 0.98606847 -0.16514683 -0.01988702]
2,-262.63204160992336,207.76252666008332,319.6747652672373,0.4847383946936077,1.980655650501248,1.5154506798771763,2.2102544931454418,654.7354685243834,654.7330717315318,1.7715882242680663,[-0.54885247  0.41907686 -0.7232811 ],[ 0.61396629  0.78928561 -0.00857976],[ 0.56727978 -0.44877924 -0.69050043]
9,-436.16190668560785,136.32237161934827,120.18999841099725,5.091240314089443,8.755186880659805,4.461504743120137,3.139726187641963,1417.8509948499839,1417.6350161529288,31.836212986820765,[ 0.25557995 -0.03406175  0.96618771],[ 0.287363    0.95688811 -0.04228054],[-0.92309338  0.28845266  0.2543495 ]
51,-157.29659703724045,23.866462146628113,59.80142330313716,9.945959221763209,17.36016687085243,11.771700053561103,11.863830698956015,1223.1575385608626,1218.617195398314,142.83694769108575,[0.38027682 0.33066558 0.86374175],[-0.00682974 -0.93287392  0.36013831],[-0.9248475   0.14285138  0.35249197]
48,-235.23195785234478,-46.216024949028586,266.95410015191584,8.50780497765234,16.14740285881405,5.753706760497587,6.92214300647988,2488.8836428086943,2486.7321596667916,123.65205841393058,[-0.71177269 -0.22319214 -0.66600668],[-0.25192671  0.96620726 -0.05455698],[-0.65567718 -0.1289527   0.743948  ]
9,-472.7629545987231,-101.79466464957486,26.77463244325149,3.4531620100226035,14.819870836763698,4.2838756747215045,4.004124387561513,1453.7777251328373,1453.0785635914874,45.831447551464144,[-2.63608865e-05  2.54426290e-01  9.67092169e-01],[ 0.2174649  -0.9439464   0.24834294],[ 0.97606814  0.21031515 -0.0553039 ]
2,-96.50426431580792,-87.27557635675876,144.89900377938085,2.385858554598613,1.8610928994851363,2.8623116574511016,1.781112618558808,275.4747515531839,275.4232934603259,5.324299273670007,[0.02708691 0.84822494 0.52894306],[-0.86825012  0.28218715 -0.40805899],[-0.49538675 -0.44820182  0.74411498]
2,-332.4479915531934,321.9512914716427,82.48254712044806,1.9701678756150613,4.133836970905406,3.665714352635156,3.5811424613771976,664.8489743975888,664.8165142865932,6.569709989784346,[-0.6965532  -0.63245146 -0.33884923],[-0.12115268 -0.36180658  0.92434735],[ 0.70720271 -0.68490959 -0.17539434]
12,-437.553811936882,177.75536359863324,45.35732392528042,3.8442973815846266,10.219691587677348,3.6050969244239024,5.687074496649848,1643.9991002767176,1643.7221087451537,34.64207299913588,[0.13798559 0.08790922 0.98652519],[ 0.36134613  0.92292874 -0.13278374],[-0.92216536  0.3747993   0.09558521]
2,-128.37683073255639,-119.5676934696216,153.19012971576313,1.3206790397768415,2.8389584720841725,2.1841991536131644,0.7486863797336412,329.42020107209004,329.3776575723015,5.294106776403406,[-0.79834367  0.55364892 -0.23689715],[0.24251054 0.65565346 0.71505746],[-0.55121323 -0.51341154  0.65770249]
4,-316.4810220841581,363.2292782135265,52.15712495171749,1.833436402592554,4.165934100410515,2.509686409509964,4.080045397924456,969.2119975739745,969.1911969369231,6.4451770230359875,[-0.70097164 -0.54463327 -0.46044908],[-0.28655015 -0.37613759  0.88114104],[ 0.65309093 -0.74959664 -0.10759703]
14,-445.8366209548934,135.7993362748708,75.71046858612763,12.949265972158045,8.489612113666274,6.972145126688038,14.104557933666946,1767.7430490766392,1767.5741971950656,35.60105239277665,[-0.27344342 -0.41286503 -0.86877567],[-0.18361533 -0.86418516  0.46847564],[ 0.94420025 -0.28762212 -0.1604974 ]
32,-338.2412958848463,169.333348658203,172.8751078123489,12.170838448386597,8.443657213745904,13.28035964635486,15.303153233120266,2355.037853311775,2354.5572012887956,71.1369758386812,[0.58196797 0.57255988 0.5774846 ],[ 0.00329174 -0.71178102  0.70239373],[-0.81320504  0.40686973  0.41611847]
2,-262.59449567625603,178.8674308877281,293.6898647217545,1.2611424091215326,0.6745399104351861,2.0563925130632867,2.4401125063610607,611.8977657526799,611.8972426830015,0.8000812838392416,[-0.69333074 -0.69290793 -0.19791686],[ 0.3885205  -0.59074473  0.70715803],[ 0.60691375 -0.41339965 -0.67879042]
2,-362.5003699106656,209.8651511170641,199.3190492858417,0.31974802338470454,5.779587677822107,0.6064051906425902,2.6253252988178417,656.0668515429638,656.0257270999681,7.345684206082644,[-0.4252864   0.1176827  -0.89737521],[ 0.45660612  0.88397771 -0.10047023],[ 0.78143607 -0.45247563 -0.42967833]
12,-169.51955766751837,-155.07831457027984,103.98715803461728,3.984360426316752,13.74300610505596,10.27643838802617,7.688017947317237,875.5198610657147,874.2223129772759,55.10506273475682,[-0.73580277  0.49131017 -0.46605644],[-0.08489319  0.61586515  0.78326449],[-0.67185373 -0.6158932   0.4114464 ]
6,-258.0642386727064,-97.53811366570058,209.43587408423073,3.3015580821825687,4.354351064261756,6.821348010859474,4.200577755759163,848.6713256456721,848.5355331696858,18.755542603651367,[-0.02680787  0.91840195  0.39473941],[-0.666601    0.27784191 -0.69169861],[-0.74493251 -0.28167665  0.60475931]
8,-211.04911235349994,-188.94223223832154,16.414435945069314,5.315624800579211,5.441092760104362,7.202690969825033,6.863657864689162,803.0531988937845,802.8263163447522,22.283757715335845,[-0.64095418  0.73509367  0.22094125],[ 0.18967902 -0.1272297   0.97356791],[-0.7437739  -0.66592034  0.05788344]
6,-182.5477304842208,46.31998394496534,96.94646500552436,5.934619016213996,4.975297283718157,3.7592763429786586,3.6433453381933694,519.2459830784466,518.9604362875399,19.155226331029834,[ 0.22136304 -0.64987138  0.72709394],[0.45605166 0.72802364 0.51185785],[-0.86198334  0.21828599  0.45753245]
8,-312.9953886664813,-223.34045173897755,249.63886374580284,10.655115212042896,10.098244163642038,9.631244990041218,6.4649496106047035,1297.5820997155906,1296.8159702119874,46.340395505907,[0.07978946 0.69115269 0.71829075],[-0.72642656  0.53376095 -0.43290149],[-0.68259658 -0.4872445   0.54466017]
67,-317.3677833921317,-312.66762155481314,60.32629095538672,11.73532261955444,19.114014503158568,8.337666336652768,16.011137479153806,3684.4991413101397,3682.9762204300937,145.97290025192345,[ 0.31356014 -0.13739667  0.93957554],[-0.63547184  0.70488032  0.31514959],[-0.70558882 -0.69589215  0.13371065]
3,-146.29998467182995,117.26118424332606,212.08626331231048,0.15541348744267916,1.120153799244026,1.848944610550902,1.461435683123768,490.3226925738176,490.31711994192966,2.7726501380482578,[-0.79632125 -0.5538911  -0.24305786],[ 0.31430519 -0.72223287  0.61611032],[ 0.5168024  -0.41422739 -0.74922023]
8,-167.46277006402707,-121.71774930036449,213.92109370906812,3.6214551069002625,4.892987173219984,9.203459228103496,8.813188174341397,842.5088045806023,842.4437279212046,18.847419527831047,[-0.48962987  0.86508652  0.10903165],[-0.66643249 -0.29066105 -0.68657402],[-0.56225467 -0.40882938  0.7188381 ]
32,-199.64317981378582,200.02673977043776,36.78746290979278,18.55199905686295,7.2739273601856995,8.159550307617057,15.524021386607279,1616.4952658625928,1614.8551620541934,83.8502759979315,[0.31925373 0.14614785 0.93633213],[ 0.63685911  0.69858074 -0.3261831 ],[-0.70177456  0.70044682  0.12994891]
15,-264.8400765886367,51.22332182273509,256.5457299005215,7.763421200890526,8.322643622160623,9.76103046087679,11.493135620845296,1442.8580977194679,1442.5288967442568,37.543686921652764,[0.64389419 0.5208728  0.56043893],[ 0.28177605 -0.8424421   0.45923149],[-0.71133854  0.13777822  0.68921306]
52,-209.49369099083665,131.66239803136776,251.28386515774096,10.94230222008228,9.622189444632106,8.944313005237953,9.733001815372514,2545.3597767749948,2544.6504191803033,101.88920018783088,[ 0.16530686 -0.81013125  0.56245978],[0.78725372 0.45191221 0.4195318 ],[-0.59405826  0.37344707  0.71248303]
23,-26.157482120243234,-11.382646483062464,16.087647416119413,6.783623834502803,7.978890673163354,7.342145982944505,7.77863924763713,165.5057121900391,164.44401629080988,49.29731276649936,[-0.60491063  0.39041682 -0.69401573],[-0.0542997   0.84930495  0.52510251],[-0.79443985 -0.35532493  0.49255408]
16,-287.3025010670584,-264.7337642834042,247.99905341899017,10.806274406847594,7.013151651887841,5.74486843670777,6.297131018931323,1851.7442992995861,1851.226411251131,50.376646358029106,[0.34751592 0.41200788 0.84230766],[-0.70257582  0.70931514 -0.05708976],[-0.62098301 -0.5719454   0.53596508]
6,-325.36096727940117,79.0359422022566,235.94687081897771,5.771277410643249,7.850459583046766,5.182055751973028,3.1565024202992915,1003.5492762973499,1003.4961684059692,25.964653269977106,[-0.33559641  0.65086965 -0.68098733],[0.5063491  0.73423428 0.45222849],[ 0.79434604 -0.19305106 -0.57597365]
31,-204.84668722898007,-160.47594079599665,266.581111713285,8.92131467920062,12.669320087355457,9.748932489957106,13.449694321048081,2076.366499342364,2075.8369753468082,68.94326053210042,[-0.83524268  0.28987415 -0.46727148],[0.00592873 0.85446549 0.51947432],[-0.54984954 -0.4311168   0.71540463]
42,-286.18422607144225,119.24508288099852,233.7317488476641,9.380507733861604,12.606130428018037,13.637651173180751,15.47145228631043,2519.5381553446828,2518.5976647301995,89.82329379572545,[ 0.23698845 -0.71659443  0.65599459],[0.63344444 0.62593716 0.45491848],[-0.73660343  0.3077257   0.60226263]
74,-135.28896957040905,-123.49062004313048,30.455766970097255,16.353009068493932,12.254573101769383,15.733328822700702,16.151614902026388,1610.0745385283662,1606.0873263896924,172.36831298681994,[ 0.54082881 -0.70651475 -0.45644399],[ 0.41883579 -0.24439327  0.87455618],[ 0.72943867  0.66416025 -0.16373875]
33,-277.3575777206645,-113.15219122814703,111.25280972553793,17.32437873458168,8.303485082750296,13.657155685622016,12.722769537873827,1840.0176741095672,1837.6268932211951,115.10369842907248,[-0.31859738  0.93491004  0.15632952],[-0.37926368  0.02541735 -0.92493947],[-0.86870868 -0.3539734   0.34647953]
3,-336.6548067172212,-38.87992141528431,316.5700784929643,2.6015969237819183,0.8167624879643361,0.8363175023312343,1.3090094340234213,803.2537619087333,803.2442165322495,4.38887531167765,[0.01030485 0.99110501 0.13268255],[ 0.6876711  -0.10335508  0.71862799],[ 0.72594922  0.0838366  -0.68261933]
6,-242.3299655473854,-79.39502947470895,191.40715674830957,9.548919900620195,1.764621772301892,4.114112547301013,9.814831153682505,781.4341803054159,781.3920112355735,9.52877594285233,[-0.29298515 -0.69318208 -0.65852737],[-0.57985174  0.67645484 -0.45407137],[ 0.76021817  0.24881207 -0.60013406]
26,-333.1468068801368,295.4436851872566,84.89904867202407,8.964207836177513,5.405398339168592,7.768810251653962,8.701835804545558,2312.1786935892055,2311.9797472128325,49.594758819612174,[ 0.4698153   0.68867085 -0.55227353],[0.4889355  0.31789013 0.81233487],[ 0.73499365 -0.65167348 -0.18736598]
22,-382.8295318494123,-267.1085930423032,110.06288026326057,6.442100712147944,9.75034453181038,9.049431879649937,6.635546483555221,2250.3765867009156,2249.9841109829645,61.94954895408793,[-0.46199854  0.32130311 -0.82663272],[-0.38661101  0.76588377  0.51376451],[-0.79817872 -0.55694377  0.22961787]
9,-434.7701337534533,-127.82929421201112,28.60502072743365,6.890926243589751,7.541248567392686,2.6628212867923113,6.87592638970375,1362.5696748786002,1362.4005385076139,24.089165804278316,[ 0.11375484 -0.16798769  0.97920374],[-0.26510069  0.944734    0.19287117],[-0.95748705 -0.28152762  0.06293442]
11,-348.1015534979838,-114.38251644823437,253.24553695753,6.709699634061373,7.251718910501173,6.6245212606653165,8.630901486816569,1477.7798782022433,1477.54975272303,27.128550548355825,[0.36139028 0.55655296 0.74809482],[-0.5086248   0.7901062  -0.34210087],[-0.78147161 -0.25686765  0.56861334]
2,-465.70397016100344,93.98409851915136,99.9821161996353,6.330000135834837,0.5247089589967047,1.8440042137824975,5.793606721707249,686.6634790502367,686.6486597022632,4.511273707064641,[ 0.14576718  0.96307979 -0.22633879],[0.24207342 0.18710659 0.952046  ],[ 0.95924574 -0.19356767 -0.20586202]
42,-438.82267898646654,-70.02582165425197,103.43614216781214,9.651820772387786,14.251594215397361,12.008483918431388,8.923919516699746,2959.5694527067712,2957.8500275145093,123.21871146737489,[-0.26886437  0.68502881 -0.6770875 ],[0.05091241 0.71209726 0.7002324 ],[-0.96183152 -0.15379539  0.22633405]
5,-381.92579126730436,-222.68909757543898,69.19140333378067,1.4930253298660627,3.9605322695119627,2.655982131287358,2.1908144032059362,1000.6596884722604,1000.6403215038192,10.038513697865808,[-0.12569482 -0.09138741 -0.98785077],[-0.50574896  0.86254246 -0.01544311],[ 0.85347455  0.49766338 -0.15463621]
3,-260.03380445077977,158.676327535841,303.8776103011009,2.850472273383622,5.246966566432096,0.7566521705912052,2.176770282411201,745.3229804178329,745.2788159132156,9.729448463030003,[-0.76454079 -0.01909502 -0.64429244],[-0.22413362 -0.92931029  0.29350724],[ 0.60435213 -0.36880586 -0.70621579]
6,-318.67212757744073,278.9772625761395,97.42762061521746,3.08377281241,3.99189997558993,4.5459566511111715,4.623652790540284,1064.6488817814222,1064.610925917158,12.174272026205065,[-0.58889688 -0.76436356  0.26258106],[0.33993854 0.06049934 0.93849966],[ 0.73324092 -0.64194095 -0.22420876]
9,-240.49310038349924,-155.37459756027226,269.6349651582751,5.400612086775882,3.101695946742638,7.686920498524644,7.284352373088629,1180.2253297963266,1180.1223076291292,20.076845628702547,[-0.74202159  0.58708342 -0.323631  ],[0.27474055 0.70667461 0.65201889],[-0.61149129 -0.39489753  0.68566344]
2,-298.4451587562494,335.0308379640152,170.0752742865865,1.3347117410019678,0.37425122140084005,0.5587109703140811,0.893433147012189,678.5911991367518,678.5890838030215,1.694369862364059,[ 0.43632015  0.68490623 -0.58354793],[0.6502055  0.20830395 0.7306451 ],[ 0.62197873 -0.69822125 -0.35444259]
2,-231.621153007717,157.05408578268893,25.514908239920537,2.9374203563944974,2.427351285985168,2.8784982381692927,3.516216837785663,397.4623533087754,397.4360878805945,4.569283085785052,[-0.56609485 -0.81681708 -0.1111147 ],[ 0.01194511 -0.14290629  0.98966414],[ 0.82425356 -0.55891649 -0.09065548]
6,-381.3376973903278,-107.89256871083933,183.165678607912,3.855401649343658,5.2420672211899255,4.386705148823825,3.25262021801136,1069.5404315723179,1069.4964376749363,17.510389817273715,[-0.1092011  -0.74019624 -0.66346413],[-0.47451495  0.62531308 -0.61953136],[ 0.87344758  0.24717014 -0.41951906]
8,-257.90126792023545,263.01885167662294,234.15728188897666,6.760025144867248,6.097976340333241,4.5722856943188805,7.3282691577508725,1234.8765310929905,1234.7809650789711,20.058762799029342,[-0.01316441 -0.67201394  0.74042147],[0.80666648 0.43042393 0.4049993 ],[-0.59086029  0.60260476  0.53642484]
11,-259.9852060822011,41.60294080913016,202.1281011175988,5.774147864230512,4.4682485481558025,4.317023808382215,4.89095621986956,1101.1588347431239,1101.1074849905604,23.01426229631235,[-0.22246554  0.85812677 -0.46273917],[0.58048164 0.49791956 0.64429588],[ 0.78329442 -0.12527796 -0.60889678]
20,-202.05444539201727,47.49185348052203,145.04523792540456,6.404727449126544,9.922022684897023,5.64454371358515,7.596845319703744,1133.7253913528575,1133.1656903473686,47.320362067315216,[0.60207467 0.20204545 0.77245306],[-0.02962652 -0.96113367  0.27448925],[-0.79788994  0.18814812  0.57268833]
19,-336.88266668017974,151.21483327156665,251.45975326771924,7.934448008834004,12.849312532971286,5.255134715437829,10.954885659764011,1948.486298597115,1948.0382617562022,51.016067151596005,[0.65358672 0.30183031 0.69406258],[-0.0653942  -0.89108887  0.44909267],[-0.75402122  0.33890867  0.5626659 ]
5,-200.77091727731693,113.00210780184958,58.45034327040488,3.1685077504438866,4.860895460562235,2.8585142442941933,4.353117200610847,531.6629073929142,531.5886306671377,10.736449593466386,[ 8.16549072e-04 -4.58242570e-01  8.88826800e-01],[0.53540618 0.7508989  0.38664074],[-0.84459431  0.47556765  0.24595905]
5,-224.08429605100005,-176.38629075122634,73.93727509951555,7.159426721040979,3.7314544457416345,3.663422901862413,4.027652913961041,659.0415636646525,658.8363063551598,17.63849213405874,[ 0.3785386  -0.0949973   0.92069758],[-0.5271349   0.79551372  0.29880882],[-0.76081359 -0.59844251  0.25105626]
2,-305.0999977949565,-66.5482869222835,108.82921578170462,0.9372951877561775,1.085036360666173,1.6525618879433708,0.10255311565717307,467.682088905274,467.6718761535571,3.0907180091952084,[0.0112194  0.83877703 0.54435946],[ 0.38558013 -0.50592159  0.77160308],[ 0.92260614  0.20123727 -0.32909189]
8,-346.1539934324004,146.62701681204794,219.67709571241886,7.188107250205943,6.709094450856487,4.461132142135131,5.775697848407318,1231.8815972484801,1231.6421076555946,25.928735059387265,[ 0.51386159 -0.0681214   0.85516416],[-0.32216545 -0.93920333  0.11877088],[-0.79508219  0.33653614  0.50456688]
12,-298.2393320782574,-93.62576484906795,73.5111325691048,5.563747943563851,7.58656407910153,6.256632899790044,5.615984123120823,1113.0320106611682,1112.5930367031706,33.95747978802379,[-0.35819481  0.54702004 -0.75661454],[-0.09535013  0.78471624  0.61247757],[-0.92876522 -0.29152958  0.22892285]
2,-226.72195068814574,-100.67733693733318,291.5806210786612,0.3100842823998988,2.834505471609617,2.4225751422245025,2.406865116563182,541.4277922846213,541.4126362280463,4.0511221650727745,[-0.53123679 -0.58328286 -0.61446609],[-0.60587747  0.76850652 -0.20569447],[ 0.59219926  0.26301869 -0.76165688]
18,-339.26816800739266,-206.95956198698528,270.1884209217756,5.039547569451057,5.533773985785506,6.3174641381418795,5.090904083134582,2039.1677788243076,2039.0475371833113,35.53839863675652,[ 0.67655846 -0.64482697  0.35562175],[0.20940172 0.63145651 0.74660136],[ 0.70598836  0.43065166 -0.56224512]
15,-364.6911693071317,131.66864159466598,20.345551235023567,6.7208785617612845,4.953869884884158,7.4744803243511875,7.208020558332166,1504.3334023182804,1504.0460919891646,33.172017437755514,[ 0.29438821  0.87468153 -0.38505558],[0.1763741  0.34626426 0.92140829],[-0.9392698   0.33916557  0.05233505]
3,-46.95983506732899,-14.399898842954864,37.94081041122006,3.8897411052045703,3.9958769801598515,2.2400890776402624,3.530314513102131,107.98881519155638,107.69351533271269,8.351227507803197,[-0.61703454 -0.05374387 -0.78509871],[-0.21246941  0.97199112  0.10044903],[-0.75771045 -0.22878998  0.61117102]
6,-289.0477980046921,51.87030659117551,162.86237422819923,6.030429397538002,5.657103578140023,5.681420283555676,5.23981606727003,822.8639226928632,822.6945752634169,20.88310113246282,[ 0.16656807 -0.81475068  0.55537051],[0.48095884 0.55882526 0.67556859],[-0.86077504  0.1545822   0.48494399]
19,-246.4735886257375,-223.04267731574868,220.00501785648765,6.291467829219499,8.94947905474265,8.614959746361919,5.610354173796589,1738.4120727868326,1737.922628141169,55.64483715900432,[-0.78357022  0.49310834 -0.37797074],[0.06062543 0.66613147 0.74336627],[-0.61833832 -0.55956503  0.55185569]
11,-374.4513317516149,207.23079144344047,148.8072470664272,5.086138011353697,5.362413541819668,5.822284076242121,5.669601358562818,1503.0005519212966,1502.984444196387,24.870857143481665,[-0.51728456 -0.84707691 -0.12197295],[ 0.22243097 -0.2706977   0.93661477],[ 0.82640253 -0.4573658  -0.32844388]
9,-278.010336950956,-201.76799320071208,122.82324899993786,3.0557200951236934,10.591868144172313,7.59286413201381,8.282872389467924,1095.1028908978337,1094.7720330425857,31.4676463799591,[-0.03320134  0.55266512  0.83274182],[-0.64705237  0.62313202 -0.43935147],[-0.76172233 -0.55341462  0.33691445]
19,-330.7431198369968,236.3719635703062,71.69732107562488,10.875351570805448,6.6656591703331864,10.626018378220147,10.515162460083937,1800.7420525408932,1799.9957338721847,56.02941862718167,[ 0.56221312  0.81976912 -0.1090642 ],[ 0.20431367 -0.0098927   0.97885548],[-0.80135656  0.57260871  0.17305184]
25,-401.55839803902813,-247.38906508532924,6.276275903815275,17.56155120127462,19.612209422079175,4.345930375965968,13.922000840045058,2362.1128623411473,2359.5454100750267,114.27769153592088,[0.01133236 0.00701243 0.9999112 ],[-5.24382752e-01  8.51482665e-01 -2.84683841e-05],[-0.85140725 -0.52433586  0.0133265 ]
31,-295.7325497710888,81.79617789583477,317.5126888934122,9.484942503875248,14.067702599028776,11.509022085577202,9.332300756169479,2460.1673530561307,2459.8707558961164,101.77203888438835,[ 0.65494941 -0.30910099  0.68956352],[-0.35018085 -0.93277018 -0.08551705],[-0.66963769  0.1854626   0.71915853]
16,-256.1426032636478,152.91943777533223,234.6591925417477,9.586233938776974,10.927615303715564,9.962467114015071,14.303040857794294,1519.6185772121275,1519.5085285056891,40.712286536902276,[-0.50929314  0.35192832 -0.78534512],[0.53422892 0.84473037 0.03209469],[ 0.6746999  -0.40320847 -0.61822567]
3,-203.35869367961143,-137.75974880766537,29.92953220044174,2.144123671474972,3.6809084986015814,2.1541133502127106,1.2553891742392618,428.64900206650526,428.60569672067965,7.975626638915352,[-0.04032216  0.26854549  0.96242269],[-0.56831856  0.78606233 -0.2431461 ],[-0.82182002 -0.55676685  0.12092366]
5,-292.37408051259945,-69.9421191251192,234.2124329234194,2.3879372477279923,1.2887065103094333,4.6207690078524335,3.4996438177870925,852.2258048306273,852.1824303892301,9.115660080185478,[ 0.39146913 -0.89300212  0.22203406],[-0.50812289 -0.41094774 -0.75692343],[ 0.76717863  0.18349157 -0.61462818]
