N,MEAN_X,MEAN_Y,MEAN_Z,SIGMA_X,SIGMA_Y,SIGMA_Z,SIGMA_R,LAMBDA_1,LAMBDA_2,LAMBDA_3,EIGEN_1,EIGEN_2,EIGEN_3
180,-217.22241828572345,-116.90959557248546,164.37002394074923,21.203828667174918,19.50582756493485,32.36738413884633,36.15186947599025,4015.486511797805,4010.4224972723678,319.21575322305387,[-0.12228997  0.8788834   0.46109558],[-0.67301826  0.26801744 -0.689357  ],[-0.72944608 -0.39462719  0.55872873]
175,-136.93914339575284,110.75211247979009,164.83968984574207,20.470738048578816,23.42181067648115,22.89187649818561,32.021865348776664,3227.566793718623,3223.2539600217883,286.7055756638648,[-0.8234102  -0.31904018 -0.46926432],[ 0.00134702 -0.82807194  0.56062023],[ 0.567445   -0.46098831 -0.68227264]
69,-138.98868024443075,-126.1297752117433,32.31471911600999,12.134217270846037,13.098430501423387,16.965292417031268,12.183086484078048,1592.9101868013665,1587.619442540188,176.60374090428195,[ 0.59531761 -0.73618031 -0.32192468],[ 0.33661537 -0.13529246  0.93187233],[ 0.72958004  0.66312481 -0.16726763]
19,-294.4197007794687,-163.427646487172,277.15775750211657,5.976916910395713,8.566833146800166,10.505004408561257,10.528270231935016,1901.907449392423,1901.822366759835,45.41751554887522,[ 0.6688146  -0.67462634  0.3123561 ],[0.31173268 0.63592495 0.70599022],[ 0.67491464  0.37480497 -0.63561897]
39,-352.20853520033006,144.66994048525044,238.69584475381743,14.551821141863707,12.877942802986366,13.479210405374765,7.890820846315751,2809.644333146589,2807.6393546420018,138.73862041796087,[ 0.01928965 -0.84201082  0.53911565],[0.62070823 0.43280382 0.65376001],[-0.78380431  0.32202272  0.53099169]
24,-232.38139520024575,261.11014007830283,308.2322004983073,7.395108286215405,12.622508987013937,12.330685167388777,10.24246581846897,2284.921800310018,2283.7267585172985,79.10344450468577,[0.82667014 0.53691036 0.168356  ],[ 0.26071984 -0.63063337  0.73097655],[-0.49863979  0.56038273  0.66130897]
266,-319.14703478319717,-238.81645976400995,146.0531148786748,26.278964524192045,31.77407624582652,45.7359667872788,33.29807447766275,6992.225621526535,6950.537778301565,832.4516114090617,[-0.30431612  0.75952782  0.57489929],[-0.58889543  0.32436712 -0.74026222],[-0.74872817 -0.56382929  0.34857232]
63,-237.3095194164024,121.47530265139122,15.905676574054,14.69258125987333,16.089331192607354,9.96761571591313,14.615506377061422,2127.5303444665356,2123.615891719684,152.18990265078546,[0.23267204 0.33400369 0.91340312],[-0.39533316 -0.82560477  0.4026021 ],[ 0.88858056 -0.4547728  -0.06005241]
2,-382.6587261215813,107.90078440806803,34.88662524915633,0.28479055851863677,2.145960559155135,1.1286205208779236,0.4057647771335837,564.4347909383449,564.4245232644987,3.404520415090498,[ 0.0488279   0.45983874 -0.88665899],[0.27991349 0.84584505 0.45408654],[ 0.9587827  -0.2703599  -0.08741423]
54,-92.2386181660193,-78.27641044028353,100.7460831470804,7.570434978789401,19.51014175615866,22.396007083037645,17.341719877442607,1175.7920559628608,1167.089614080537,183.46035578385144,[-0.81340957  0.37353965 -0.44590693],[0.01951821 0.78366467 0.62087738],[-0.58136383 -0.4963243   0.64473117]
44,-303.33569600532513,88.99901517639283,303.96312001484324,14.063968268630651,10.629896760185062,18.778797479994427,7.459145800254202,2913.223022833171,2910.247556575129,163.53677117622013,[-0.23854326 -0.97003884  0.04606251],[ 0.68193268 -0.13354722  0.71911958],[-0.6914224   0.20295265  0.69335797]
82,-432.0157779181824,-132.47255009845162,106.59084310338068,14.820620200710087,14.995160210660066,14.904997572539981,14.874572280520308,4209.63302652849,4207.398414759101,189.81278790816404,[-0.36091366  0.82144081 -0.44156124],[0.06189184 0.49352703 0.86752549],[-0.93054325 -0.28577276  0.22896113]
45,-283.1004355006227,121.71725777778757,238.24474933570318,10.12357478646175,9.53149849332852,17.578223511300948,16.844667347626245,2616.802274040814,2615.832998588257,99.54405165126985,[-0.33467453 -0.93873196  0.08231201],[ 0.60040847 -0.14509962  0.78641959],[-0.72629376  0.31261543  0.61218377]
102,-325.686782728096,-21.745881438503865,257.9920608226142,20.21602145547675,12.156445681069538,19.226825659349217,16.957490651521233,4211.629918928705,4206.980070499811,256.46887852589833,[0.0889595  0.97681221 0.19474116],[-0.61570455  0.20761627 -0.7601338 ],[-0.7829394  -0.0522819   0.61989716]
6,-289.29814970133106,-48.42680897325226,169.7800135055652,2.3544898619563006,4.150068545471569,9.803538318593944,3.4745699646143513,830.5557050867916,830.2602411761231,25.25082447701947,[-0.28219057  0.93515179 -0.21414858],[-0.43810289 -0.32420029 -0.83842712],[-0.85348365 -0.14277712  0.50117897]
155,-377.1853494752864,32.46377078144466,281.9622854879623,20.705340934469117,31.162809210368483,19.348759679824184,11.673021365274257,5895.642947716412,5883.397514858604,502.90201342959205,[-0.51987589 -0.57731066 -0.62963597],[ 0.30113771 -0.81360788  0.49735128],[ 0.79940299 -0.06895381 -0.59682513]
154,-289.0399963371694,181.58491873292482,220.1444201417799,23.843747967679615,20.11418737430091,12.90149701559227,24.724974376671998,5055.56380852706,5052.354672448564,282.92371704813837,[ 0.52505123  0.85096303 -0.01353268],[ 0.46597473 -0.27413189  0.84126052],[-0.71217186  0.44801075  0.54046055]
7,-261.1815010357694,165.0268585506527,83.1805432088815,3.566299759223411,3.8230856507918265,3.7190497221879104,5.394987699965842,846.6728756011167,846.6391942307567,9.189339711307094,[ 0.35375656  0.80224075 -0.48090132],[0.45669542 0.30054402 0.83731869],[ 0.81626319 -0.51583241 -0.26006025]
2,-395.7852868891575,268.24222046932016,12.188344495524804,0.08978093995199288,0.7944210290342539,0.04460479324545119,0.5187111652878684,676.3861013604015,676.3855512412042,0.862661959028335,[-0.07420003 -0.06426206 -0.99517071],[ 0.55650672  0.82541774 -0.09479365],[ 0.82752319 -0.56085288 -0.02548375]
5,-410.34655214723864,232.05987253614748,7.315177559193015,7.181108623183172,1.716259446377182,3.945790737655452,6.111569789954887,1054.41394979924,1054.3451926317666,12.812485995133294,[-0.34118253 -0.58001583 -0.73971354],[ 0.35497647  0.64916168 -0.67274127],[ 0.87039427 -0.49210847 -0.01559066]
10,-337.2472088051466,-269.63135674215437,139.5487070687738,9.208519283626334,7.9794485786875695,3.603981690691791,4.442613261646414,1435.4697205331267,1435.078235513742,37.6574323215578,[0.30339774 0.11029361 0.94645926],[-0.59620635  0.79679449  0.09826764],[-0.74329523 -0.5940992   0.3075034 ]
319,-390.93041456714656,92.47436894163445,153.66410479889825,24.837143887935383,27.1439169858983,34.291114093612435,27.798357778417433,7725.056091745823,7706.823068499449,752.5591719393913,[-0.04430658 -0.90026403  0.43308383],[0.4161523  0.37747484 0.82724241],[-0.90821484  0.21688112  0.35792233]
2,-186.2331750524553,-19.356496678378264,198.23203056245413,3.1746612519444,1.1185389655867546,0.7232818741598237,2.773359513408792,385.65596101925837,385.6451731282531,2.8845645369051027,[ 0.37347467 -0.88927057  0.26403509],[-0.62768838 -0.45183391 -0.63391909],[ 0.68302559  0.07102097 -0.72693333]
68,-245.91306054053402,27.15070908426906,13.422833855091817,14.900498316199284,13.583073552163842,9.624237005697651,15.029400544879437,2050.1196379210055,2048.324180764973,135.5695379502977,[0.08205474 0.26328656 0.96122173],[ 0.09110174  0.95845469 -0.27030555],[-0.99245528  0.10974883  0.05465989]
74,-375.524266503057,167.69416861177677,27.32984756676074,10.435425433045127,16.155224535937467,14.691500428155353,13.088103927050199,3550.2384440319215,3549.017960340561,173.78851497977038,[ 0.29236887  0.74988356 -0.59346027],[0.29133762 0.52123283 0.80214633],[-0.91084732  0.40741992  0.06607704]
26,-309.17721547580794,13.960919349975265,352.1777402962916,6.09591470967044,9.103981061507229,6.5940503435633095,6.495222658534919,2391.3316358889856,2391.077546260592,56.07671310708786,[ 0.72963152 -0.21523863  0.64908411],[-0.18107031 -0.9761045  -0.12013973],[-0.65943263  0.02987213  0.75116993]
3,-211.28971492004268,196.95622758077124,221.14478254943887,3.545821816244704,1.2215666723664949,0.706611281577092,1.6100955209617627,630.1281939726599,630.1037088383714,5.98714513837438,[-0.03689312 -0.76350169  0.64475117],[-0.81318397 -0.35206831 -0.46344335],[ 0.58083624 -0.54139919 -0.60787843]
171,-250.6786513789642,-216.5089876951346,322.08811831009365,20.466569670295765,28.546312648083664,19.230156667616647,17.715664591567894,6059.5298775294405,6050.631076589804,471.77172638392534,[0.69006849 0.22482028 0.68793991],[-0.47922443  0.85423982  0.20153976],[ 0.54235545  0.46875385 -0.69722335]
5,-105.44143906715996,10.49515292663861,106.10275015256863,5.469029004247843,4.255933428127766,7.689177321982886,2.3627429816451695,336.0773211270722,335.36840775642514,22.58143556674314,[ 0.22498895 -0.92211735  0.31476906],[0.67507704 0.38047291 0.63206911],[-0.70260299  0.0702848   0.70810245]
14,-409.40815838791866,67.34485885551511,228.78521496370018,6.522399994646699,5.548897619576509,9.511505586723917,9.899516052250194,1773.3694323085197,1773.3129571902243,30.2272276411683,[0.28821709 0.92624522 0.24290061],[ 0.41288095 -0.34908156  0.84123206],[ 0.8639793  -0.14216842 -0.48304028]
3,-198.20543612778638,-172.02984685591005,122.24457759957636,3.173121211281684,3.288877193475357,2.9591150271403204,4.264716298590014,501.5565081825081,501.52290166794376,5.839355745866567,[-0.68394513  0.72394431 -0.09013152],[0.25207431 0.35044909 0.90202216],[-0.68460032 -0.59421382  0.42217571]
12,-327.8482504778099,52.78234747539165,274.0485669226639,2.046737993727884,3.9290470557701753,6.8582527909049755,3.3491634599766282,1491.7005625300933,1491.5484170713519,25.812583243565545,[-0.38677842 -0.87392616 -0.29437309],[ 0.52025195 -0.470355    0.7128142 ],[-0.76140683  0.12255298  0.63658495]
141,-190.21306348694972,44.94710510040649,73.2663856193533,28.750436024418324,22.547775946793216,14.22330609280911,30.752944064137218,2516.4459080405563,2511.0150156401096,286.9470804508966,[0.39367678 0.21892284 0.89279974],[-0.12089373 -0.95046152  0.28636969],[-0.91126467  0.22067099  0.34770823]
3,-241.15805350408002,265.03319993101354,5.730936907031829,2.921875034482232,1.8023475385564123,0.9742590502420064,2.9982403114367835,620.7533488090819,620.7465641496108,3.358247375793719,[ 0.28536556  0.27950183 -0.91675799],[0.68243774 0.612356   0.39912262],[ 0.67293776 -0.7395261  -0.01599728]
10,-280.1002534609205,58.734616270726086,156.4904138505495,7.872288677585044,9.040530522562696,2.8671935214166386,5.639567954274668,1032.174595132865,1031.682024735246,34.488239828664376,[ 0.41886188 -0.29269733  0.85958304],[-0.29479117 -0.9391845  -0.17615518],[-0.85886721  0.1796128   0.47967317]
8,-413.6893446289289,212.06633857902722,86.44793293773239,6.321787303536103,5.093595687269487,3.9182253606186994,5.661123603828558,1337.6058831543098,1337.5598388483277,19.808808923506543,[-0.36996143 -0.37545782 -0.84979995],[-0.31249154 -0.81111529  0.49440977],[ 0.87491575 -0.44846784 -0.18275398]
5,-474.6857516267507,43.62975048090101,59.624813143617146,4.273430836084045,1.8460515203206826,3.793439091052165,4.428173770397106,1074.2894355449396,1074.2591539018551,9.079899677160775,[-0.11568169 -0.97073055 -0.21047551],[ 0.1013646  -0.22232908  0.96968809],[ 0.98810069 -0.09084039 -0.12411712]
28,-37.01249822064949,-9.60167169061061,27.894783519268174,15.254757918140534,10.907687516607163,18.02746400058508,20.663113371309997,282.708196814296,277.1811131309914,81.20167276902318,[-0.64110887  0.20239915 -0.74027967],[0.03061943 0.97057452 0.23884631],[-0.76683888 -0.13045954  0.62844128]
3,-163.1856509351828,159.89612658949736,95.73231372750185,4.128575182619069,2.920248075182666,1.6382451411642318,4.258907232564837,429.1358182247295,429.1243504824252,5.5050413392564,[-0.74269528 -0.63979392 -0.19765492],[ 0.11960283 -0.41716688  0.90092561],[ 0.65886182 -0.64547311 -0.38634903]
168,-349.66264749068495,-159.6807296183861,157.84963310558754,23.878670710991496,24.955796143830497,12.553502857586805,21.2823627607147,5404.5283250894,5395.5377423415375,391.1318039080482,[0.30463866 0.24243287 0.92109804],[ 0.44564528 -0.89096128  0.08711072],[ 0.84178119  0.38394569 -0.37946031]
40,-441.7029687358411,-74.44026091150184,102.25997015116278,11.933662284642464,15.632070494271314,16.35731505664008,10.93150693194122,2909.3479274835695,2907.682901953992,146.3521618322037,[-0.26400676  0.770946   -0.57960563],[0.07740711 0.61592309 0.78399419],[-0.96140968 -0.16211417  0.22228457]
120,-242.72507874094265,195.65365700803952,47.49016508701587,21.83101843990282,16.500329629816477,12.056780234736408,20.52466766509051,3467.6190302098944,3464.6766151556453,233.49306519156062,[0.21228555 0.02689454 0.97683751],[ 0.60129889  0.78438104 -0.15226958],[-0.77030805  0.61969594  0.15034111]
21,-103.73396579625235,-51.92964278288588,64.42266916599849,11.93815265325297,7.55051489640853,9.86841403697754,14.163623366547583,612.8816890876735,611.7982154089435,45.5300110188779,[-0.37505036  0.9168457   0.13686191],[0.49826396 0.07488142 0.86378574],[ 0.78170983  0.39215651 -0.48491548]
205,-332.5771541498385,-59.25409345102636,200.86940232741614,16.482049597137998,29.745271555682784,19.531157720415443,18.78979058800505,5650.13408823447,5639.0757346501905,488.7465774740771,[ 0.53330966 -0.24306745  0.81024627],[0.00132725 0.95806763 0.28653909],[ 0.84591905  0.15173866 -0.51126934]
29,-206.86940571029243,129.59712852341931,251.39221234871948,6.472744584537773,9.337995194649343,10.15499423539794,10.975683744534143,1888.5440856976545,1888.2064204673543,57.221237776357036,[ 0.55772124 -0.45580944  0.69367483],[0.58371498 0.80953949 0.06263094],[-0.59010495  0.36997779  0.71756017]
5,-250.06879875664123,-63.00315182150316,82.22188819179048,2.8322580822327432,2.9127651297539052,3.3404874638059803,3.610710215889891,605.3483865607049,605.3095058905407,8.531230033002755,[ 0.38272511 -0.57185233  0.72560761],[0.0048767  0.78664625 0.61738472],[ 0.9238494   0.23275006 -0.30385803]
3,-279.70246353001295,-271.6831283776978,4.776574360191444,5.6167514951927355,3.2609691817039934,1.3867074718287504,6.112014428601359,675.5244166200781,675.5140505280763,4.493864030131126,[-0.27669432  0.26860821 -0.92265372],[-0.63946181  0.66522912  0.38543328],[ 0.71730667  0.69664901 -0.01230043]
18,-309.2967196929745,-28.18471201910878,122.87923689784081,3.069019016519287,5.812573722370988,6.741456919575283,2.8976865299059003,1417.4609288388651,1417.2662031375583,38.02295841733683,[0.12164682 0.85593077 0.50257793],[-0.35737719  0.51014894 -0.78232321],[-0.9260041  -0.08444276  0.36794813]
29,-383.22370703869126,231.59457817159003,130.95192816067348,8.181644956887707,16.308554117546134,9.943634520449457,9.818120044672613,2514.227174640034,2513.446797606121,98.45101889294966,[0.47984634 0.3358151  0.81054038],[-0.3085115  -0.80026293  0.51419831],[-0.82132098  0.49679721  0.28040041]
42,-221.95296774355796,152.21937593459302,308.31580197402155,15.077989271409201,11.009286377933265,16.01337275387358,19.91989496227885,2656.8626133150324,2655.6116859703643,94.84267281203755,[ 0.64059562 -0.39725437  0.65713485],[-0.54336193 -0.83920048  0.02236864],[-0.54258184  0.37139132  0.75344106]
28,-234.74423162715706,197.67854051026458,255.1301614302027,9.569752337997222,13.740029463489266,8.495305299603858,12.698966005248394,2114.0053476835756,2112.9559541940357,73.7020865170424,[0.76567992 0.08702252 0.63730788],[-0.2601285  -0.86427346  0.43053984],[-0.58827495  0.49543765  0.6391198 ]
50,-52.686313563134945,12.940968149931805,10.737636529011887,13.959433452060225,18.26331288228461,5.7861745837274245,11.355963121438739,423.5863921395797,401.4960219518671,146.37706627808623,[ 0.19180185 -0.02070486  0.98121525],[ 0.19382464  0.98088558 -0.01718973],[-0.96210397  0.19348072  0.19214878]
8,-396.7254204426947,-109.13164815277062,52.97958158110801,5.081192228298866,3.8255019256619565,5.348467370993976,5.018959424904634,1173.61113602285,1173.5042739586186,18.744503789967755,[-0.29234281  0.85201093 -0.43429604],[-0.00549808  0.45263065  0.89168114],[-0.95629778 -0.26306437  0.12763889]
57,-279.4405455534947,-111.88129908827176,103.71412541070201,17.06575207441185,10.128011922192007,18.618192310049096,12.170554754083973,2411.3704687991444,2406.472992637074,183.72026503259818,[-0.30528747  0.93400471  0.18556605],[ 0.36800012 -0.06401347  0.92761963],[ 0.87827984  0.35147897 -0.32417134]
5,-309.9246466539582,-267.1287000156393,41.29046973995567,3.9238381349236513,3.314413221423215,3.110977632141269,3.6260279833655065,919.6336309679946,919.608349585961,10.695188615567107,[-0.28107334  0.18033267 -0.94259106],[-0.59415044  0.73861733  0.3184803 ],[ 0.75364649  0.64955721 -0.1004609 ]
21,-249.72009581618784,-178.70309218772712,151.53801803856135,5.273700180746326,9.391870195692977,7.491223382530833,5.522500356003691,1570.0847466678802,1569.6967635694477,54.596832365601635,[-0.62781038  0.25293328 -0.73612423],[-0.27228933  0.81460821  0.51212496],[-0.72918629 -0.52195614  0.44254846]
87,-137.83349753419182,-113.43763759296755,177.52508968080303,11.146095779176381,25.360036595351268,19.15008379550466,23.408498466835262,2366.514880823158,2361.0517219076055,225.2227685346237,[0.52272984 0.47403048 0.70855389],[ 0.65668145 -0.75390522  0.01990966],[ 0.54362027  0.45488682 -0.70537578]
2,-277.9900286892987,13.744229323102692,302.00126551753067,1.0074521798710805,2.7909346369776618,2.2394816117888183,0.8714244685574215,580.8372298991952,580.8147445834392,5.110783838607934,[-0.58862705 -0.62444386 -0.51340828],[ 0.44200852 -0.78035306  0.44235458],[ 0.67686532 -0.03345104 -0.73534642]
9,-217.32068520793078,-65.9220789648104,117.71256460328358,4.760145271765825,8.204597909568129,4.514693949191243,3.7162271392556434,767.8717795476442,767.6171998836201,29.456115439589894,[-0.48591779  0.04348339 -0.87292216],[-0.20498993  0.96523226  0.16219067],[-0.84962523 -0.25775158  0.46010987]
6,-289.11208731654347,147.70853956553736,359.7181579478765,6.610011099441569,4.780956827891492,3.6876741230330836,3.4246040950619,1187.0641624909313,1187.029885062765,20.24077884483517,[-0.10781333 -0.94711747  0.30223301],[-0.79519413 -0.1003075  -0.59800059],[ 0.59669304 -0.30480635 -0.74232776]
8,-198.0300162827926,30.987955046688835,137.47716133156285,5.2199732932440455,3.306511496728854,5.987131762187942,7.181514036856014,687.878439628393,687.7814330101569,13.496384539681266,[0.46655364 0.72350146 0.50879596],[ 0.34449006 -0.67845472  0.648865  ],[-0.8146498   0.12745517  0.56577459]
2,-166.68838908845316,152.23045026349183,205.02819180909808,0.3739693120653982,1.8697803848674113,4.095484832139746,2.02436664898417,431.31449641434887,431.2766814445325,5.711292266591757,[0.81750307 0.49204978 0.29929206],[ 0.18146259 -0.71327     0.67699131],[-0.54658948  0.49913217  0.67238904]
4,-381.68742510444633,238.71061264637072,28.323207266743967,3.2742390300422373,2.498686992877909,2.2376843396325277,3.7483930806428383,902.1978430825365,902.1890182467882,5.639761254104555,[-0.5316813  -0.83033722 -0.16689843],[-0.03621508 -0.1745905   0.98397491],[ 0.84616988 -0.5292053  -0.06275577]
9,-154.28774252503868,-150.04044267467313,99.94037538954132,9.141370724810459,5.339937964864006,10.467420787863473,11.822173652107093,713.2144852080227,712.7829067610742,27.27330148889589,[-0.74971283  0.44485682 -0.48993172],[-0.12165588  0.63507565  0.76280978],[-0.65048484 -0.63149135  0.42200491]
96,-362.61899176817786,-153.97461969143646,230.95179383906256,12.953870721049716,13.31304071841596,9.934452120452466,11.711512981394993,4477.891504159629,4477.001592512031,172.38084985284388,[-0.59449885  0.60354547 -0.53132285],[0.12585258 0.72246693 0.67985488],[-0.79418653 -0.3373046   0.50546352]
85,-332.9865134542882,315.12024141105866,36.005201249574554,14.31149926424041,13.939631279228108,11.52226159036667,11.133044363771974,4244.304846578363,4241.798041085061,185.91647709244998,[-0.27067683 -0.38675554  0.8815635 ],[0.63436279 0.61714535 0.46552709],[-0.724098    0.68523848  0.07829638]
29,-241.6264032587718,-25.74787292859541,24.605420408466664,8.292415989513449,7.051300687374961,10.379422861791866,8.60532085873217,1317.333052437616,1316.492171215066,66.34087216081534,[-0.14054155  0.87384754 -0.46544446],[0.03994314 0.47473202 0.87922355],[-0.98926873 -0.10497613  0.10162379]
7,-230.0927016845241,-103.59693319798374,82.42092651806949,4.738607504229674,4.241951781867966,4.184049677786551,4.714565220980058,702.6062891586084,702.4673067374121,15.812776234359601,[-0.47516074  0.83533403 -0.27647662],[0.15121147 0.38706055 0.9095709 ],[-0.86680872 -0.39038595  0.31022806]
48,-281.0907722538004,-256.38671077838916,245.69047596803944,26.069656419563906,14.365112834948873,8.000078753939595,14.8089244466774,3144.421721791154,3140.025291300754,186.0365456297248,[0.31807369 0.45041471 0.83423961],[ 0.71581046 -0.69106891  0.10019559],[ 0.62164662  0.56528785 -0.54222239]
21,-258.03278123131827,44.1030079268263,201.27474419016752,9.021287156984853,6.681717846173772,7.43075768680321,8.975485770658212,1514.2093211066729,1514.0142845443409,46.030076239429775,[0.47675648 0.757822   0.44543134],[ 0.40243592 -0.63867352  0.65585171],[-0.78150405  0.13342398  0.60946653]
221,-282.45884600481475,225.3048256632604,280.46634683511286,28.33061808491919,16.903937645807734,18.434724108023982,16.83477003604981,6818.17875156801,6809.0040269809215,500.50255824584787,[-0.45466303 -0.85982529  0.23234028],[ 0.64075911 -0.13457847  0.75585475],[-0.61863503  0.49253335  0.61212874]
16,-387.1335585504946,-213.73210421122755,104.48981438309208,4.721230538692082,9.204021370104119,6.455009149963355,8.066444606116562,1818.1635683689656,1817.912485309471,36.531337568131256,[-0.10442602  0.58297249  0.80575324],[-0.51325817  0.66236404 -0.54574713],[-0.85185754 -0.47054963  0.23004735]
10,-327.28321592464357,294.9562439810484,81.96718094212615,10.541106530877927,7.022401127571703,8.028800087434435,11.23339855399769,1417.8567983857984,1417.683541360348,31.550755197748522,[-0.38853714 -0.62066975  0.68103447],[0.56178451 0.42628137 0.70900096],[-0.73036775  0.65806782  0.18305651]
10,-396.4366029060076,170.6252315156848,122.84269059626085,5.642138544671725,3.6403742432744024,4.8317538095084025,5.658101597849356,1419.2525852431907,1419.1653065685236,19.13367652526805,[-0.4669914  -0.6678216  -0.57959757],[-0.03753511 -0.63989761  0.76754294],[ 0.88346486 -0.38019121 -0.27375992]
11,-419.10518134335433,121.14439118525105,52.21058986600603,5.663769306762791,4.743835039775765,4.116553402955048,5.895299964125652,1457.488459085362,1457.402023659197,20.092888286868185,[-0.28232733 -0.68919981 -0.66730421],[-0.10215278 -0.67004919  0.73525431],[ 0.95386377 -0.27574937 -0.11876952]
9,-255.50640426511615,-147.73991907413964,26.785944734803028,4.839472502458499,2.9856731984993594,2.6897295082944126,4.833426086707359,889.2536788161362,889.2127069392656,12.107106176314334,[ 0.21390669 -0.51997623 -0.82696351],[-0.45923357  0.6936483  -0.55493835],[ 0.86217658  0.49847443 -0.09041453]
14,-307.3391912321685,-78.47918125846452,305.5343001268123,9.709599351367256,8.945408959500826,6.380263057992499,11.8759342660498,1648.751223844429,1648.5409030810438,32.31634227843934,[-0.70198176  0.36245408 -0.61306496],[0.14195534 0.9147465  0.37826912],[-0.69790421 -0.17851018  0.69358765]
2,-283.16019227049185,-64.99951892608468,260.782388399879,1.0876201482779493,1.1229362393147184,1.082650089055079,1.3250857059697978,552.1153902608214,552.1120211366857,1.928802536005381,[ 0.68214591 -0.04306677  0.72994672],[-0.09275559  0.98510337  0.14480244],[ 0.72530915  0.16648303 -0.66798955]
9,-138.824855584965,8.515483384927082,7.3600980878895506,13.34281448427221,14.254807213755207,3.0325576660788465,12.6306905875064,421.9360882382773,419.6518656243923,45.523390066696216,[ 0.04990869 -0.05413661  0.99728549],[-0.05575738 -0.99712365 -0.05133747],[ 0.99719619 -0.05304384 -0.05278365]
6,-324.699529840064,342.736974503985,6.566109093428442,2.605660121384303,2.237068174848,3.989106481132589,3.358361194674178,1156.6380493242389,1156.5985947626325,9.948983292328236,[-0.721499   -0.68114356 -0.12442925],[-0.08081574 -0.09563559  0.99213036],[ 0.68768307 -0.72587691 -0.01395386]
20,-244.88737635350725,-9.943875736639377,136.80844134300963,6.121872782021089,5.931206533939131,11.94928847163886,9.074575863169507,1256.7996534433537,1256.1103378539324,51.66649707046276,[-0.2118839   0.92629801 -0.31157215],[-0.44104997 -0.37513122 -0.81532293],[-0.87211245 -0.03533492  0.48802798]
12,-394.68557974192476,-260.45502615071916,6.005286323904343,5.836432636745547,7.409823730306235,4.3239106425904135,7.866277168894902,1638.5968062558134,1638.4811894255174,23.53841382780292,[ 0.31371356 -0.49414728 -0.81080347],[-0.45292443  0.67262586 -0.58517852],[ 0.83453176  0.55081114 -0.01279953]
10,-75.97162259104275,69.64627960335896,46.52713402097144,4.8799966395624645,7.336397588476998,7.033513052632646,6.248743704807859,358.9204094976136,358.5769076964936,29.701969697214484,[ 0.25636085 -0.32992255  0.90853191],[0.69621642 0.71504367 0.06320791],[-0.67049371  0.6163308   0.4130067 ]
6,-249.41887639206107,0.02938767204663743,192.4679484479426,7.110814660552369,3.5624663119485342,2.05177831922683,6.583733363895258,771.9262116989327,771.9071525878054,11.962547905132348,[-0.49463232 -0.5868244  -0.64107409],[ 0.35828958 -0.8097142   0.46474885],[ 7.91812761e-01 -1.89634824e-04 -6.10763878e-01]
50,-337.88253108630664,165.78753488841886,170.39202452608208,15.262004502444169,8.642600615618901,17.261926617637947,19.635445119922508,2926.129447292762,2925.0239568768166,104.48162086200092,[0.57544735 0.5879096  0.56852674],[ 0.0152389  -0.70274462  0.71127897],[-0.81769684  0.40063987  0.41335162]
22,-297.0398969942939,82.1785056195918,242.8572917650079,11.031057541680102,7.943112070725129,7.475498899632424,11.552368516272763,1841.6096256839503,1841.5205297640384,48.52545534760655,[-0.13860038 -0.97709843  0.1614577 ],[-0.63843315 -0.03647902 -0.76881233],[ 0.75709514 -0.20963762 -0.61875602]
4,-114.91977019303039,101.04130750021392,93.29057409185175,6.213818982760121,3.7842685037358224,2.06572341848922,3.8228589035128193,358.6967092789157,358.57628710633134,13.021428293057713,[ 0.05100975 -0.64534755  0.76218407],[0.76537221 0.51552597 0.38527698],[-0.64156323  0.56370162  0.52022793]
23,-399.8320505214978,-67.35616549167283,83.31852685637583,8.010478653455733,12.758411410723072,10.755076710569499,8.562478006822863,1986.627887692823,1986.1277684866307,78.82522824097948,[0.12748722 0.37848738 0.91678477],[-0.22543595  0.91119217 -0.34482961],[-0.96588076 -0.16271488  0.20149002]
5,-110.27720985018087,45.58317982362729,17.593623046656845,2.0741399866107533,2.695667945045879,1.7803802309427361,2.772615211219709,269.821273186417,269.8004126265302,5.9875633308143135,[ 0.04829934 -0.25596592  0.96547844],[0.4024384  0.88966416 0.21573366],[-0.91417203  0.37812581  0.14598071]
4,-159.32009961273883,-170.65470885290017,181.39717449668973,2.8110467176931984,5.197980151615497,1.8391721883826027,2.8260911632972188,591.4337147619801,591.336323450776,10.991431800551643,[-0.6846484  -0.12422087 -0.71821009],[-0.49080758  0.80705443  0.32828504],[-0.53885478 -0.57726279  0.61351707]
14,-259.758255059423,-99.17179436382553,193.5360530944309,4.237137854713604,6.967171716622208,6.828102871837447,5.5444541605912345,1268.0724867712556,1267.8516533284137,33.88870191882622,[-0.64183749  0.36862144 -0.67243057],[0.01382466 0.88230405 0.47047683],[-0.76671606 -0.29267354  0.57139188]
4,-423.52882545818557,73.76317437747065,3.4407046322414363,7.139310268655803,4.389345577658257,2.673754761368201,7.481908909540459,860.0149049311345,859.9678521341913,9.209769088766876,[ 0.09160774  0.56413722 -0.82058346],[0.1453673  0.80764466 0.57147043],[ 0.98512759 -0.17163712 -0.0080206 ]
20,-65.79601884178985,-66.46448567341443,19.91977919603194,4.986364590524858,8.381550343632295,7.8296546942651135,8.652884200604197,430.88435690489547,429.830326729711,39.735774840998886,[-0.72471793  0.67905176 -0.11693   ],[0.05982636 0.2310686  0.97109634],[-0.68644353 -0.69677544  0.20808475]
4,-152.69074405337662,161.3565835708538,223.15018504361927,1.6851033141445602,2.2835596303648478,2.6189441441748142,0.22762810703567174,629.7918332390357,629.7566408473917,7.710286210665523,[-0.77930475 -0.6209584  -0.08423052],[ 0.39690796 -0.59313624  0.70046661],[ 0.4849208  -0.51244519 -0.70869722]
19,-428.3049306075962,52.762345230077315,186.40496814126334,11.721700989040041,6.1458271894793945,10.988924010468757,14.459206723371691,2050.2849137293956,2050.1260513301813,40.49915565832617,[ 0.00178603 -0.96106107  0.2763303 ],[0.41237039 0.25244955 0.87533987],[-0.91101453  0.11238705  0.39676401]
3,-38.81103334953667,-40.32106750291339,45.98126053915982,3.1525273481047975,3.6497644953807096,4.460647370190862,2.2973985277590168,125.97022355642656,125.5291991807364,10.53703598211896,[ 0.74376866 -0.66705647  0.04294007],[0.39907775 0.49466992 0.77203537],[ 0.53623235  0.55707929 -0.63412738]
12,-376.55045470727333,82.10667486892407,74.11460096492567,6.440100550264149,7.101132334344539,4.014281514753121,7.663767244537882,1359.964636496281,1359.8107975202204,24.424466687042145,[ 0.09592224 -0.38754526  0.91684655],[0.26519756 0.89775131 0.35172835],[-0.95941085  0.2094069   0.18889038]
16,-353.72992751750814,-113.87948410853573,264.29764177648434,5.420285755648561,9.643740766399944,5.1463155706544725,7.414292059809675,1824.649784176382,1824.336931953123,38.78366165423237,[-0.53739397 -0.22013293 -0.81409411],[-0.33101096  0.94292213 -0.03646374],[-0.77565422 -0.24987867  0.57958708]
24,-178.53263738487297,-32.157352671146725,141.97021744632636,10.180191363394766,10.143413069122424,11.533048028979522,11.42861425361601,1131.2739406147448,1130.7217665875908,70.959490796433,[-0.35135875  0.90628448 -0.23493717],[-0.52559726 -0.39860116 -0.75157477],[-0.77478678 -0.14059004  0.61639264]
19,-374.4173680508261,-1.7394720481386956,198.86211112044887,4.16228029125417,6.967597783547096,12.9874904201726,5.383672054117136,1848.9860833376445,1848.3146072987681,62.6300041366132,[-0.13818403  0.95786257 -0.25180244],[-0.44851064 -0.28719878 -0.84637762],[-0.88303079 -0.0040198   0.46929784]
2,-259.1530708046316,259.4864239682056,317.2097902752224,0.4743559105998827,5.568766910103875,1.2897613761691673,4.0772510096043675,685.7819901988746,685.7582601107814,5.704977735577969,[-0.73195582  0.09394899 -0.67484388],[-0.42263954 -0.83948037  0.34153847],[ 0.534431   -0.53520678 -0.6541691 ]
13,-198.18729599809603,216.72253118540675,9.36158906838489,6.990600414302885,7.9926088937484,4.252312646610613,8.853739374343556,1060.1417476917065,1059.9618269243842,26.0580590793806,[0.33399692 0.26605899 0.90424481],[ 0.65845275  0.62058699 -0.42580719],[-0.6744524   0.73762077  0.03208687]
72,-204.50551059182544,-149.58861137639613,78.65632372686905,11.201035334986564,12.353374167673563,13.039422762904053,14.379902341121893,2256.5723067785602,2256.2893259078824,130.997295250021,[-0.43945857  0.80763799  0.39318831],[-0.46191554  0.1722273  -0.87004126],[-0.77039613 -0.56396688  0.29737377]
6,-469.0967104751924,-111.59015823280289,37.267591016388494,4.04427211209575,4.872438029728031,5.661136462395483,3.985676409904659,1184.8059580290605,1184.684618638643,18.397435757363134,[-0.21996128  0.69642048 -0.68309263],[-0.10388134  0.67953867  0.7262478 ],[-0.9699617  -0.23070698  0.0771271 ]
5,-264.46771271590507,-185.51434183730368,186.86330046527954,2.0089048354005072,5.730314595229801,3.134584445692847,1.7506729021026672,834.6274310484388,834.5133019141023,14.762455054500718,[-0.63893002  0.15106024 -0.75428724],[-0.29932617  0.85443715  0.42466576],[-0.70864115 -0.49710961  0.50070926]
4,-313.7388561586709,180.030092224661,182.68265696513032,2.079384466430083,6.314489073064289,3.875881675721389,4.463671987600106,810.606985151628,810.5313142004644,12.486548688865172,[0.62368259 0.41393907 0.66307954],[-0.10804298 -0.7944853   0.59759503],[-0.77417488  0.4443507   0.45078344]
18,-107.47366204007291,-112.93406582020665,20.350113384489976,6.593199541690619,7.95566687599384,10.854435318806663,8.059046338694293,669.6970713424662,668.3268374538961,52.985590752176975,[-0.72569761  0.68789953 -0.01253852],[0.07893547 0.10134898 0.99171446],[-0.68347068 -0.71869508  0.12784838]
19,-274.10039174157356,45.01419622348519,246.1635962845884,11.323764966653137,9.115724422568912,7.93177547994684,8.587558918366474,1619.1914286145677,1618.4727202802114,61.8974580110556,[ 0.29955165 -0.82205699  0.48424282],[0.60388708 0.55630542 0.57082806],[-0.7386401  0.1214355  0.6630718]
3,-320.73002278970915,50.1822254746432,340.0292459380085,2.54836999584413,1.497247730254099,2.663208544016973,0.3668284447825493,814.2881126902901,814.259252980266,6.859911142494645,[0.34383337 0.91990492 0.18855651],[ 0.64523372 -0.37733331  0.6642989 ],[ 0.68224047 -0.10674511 -0.72329345]
2,-309.30397116319745,124.42647741390977,189.1935443558885,0.9941617982472053,3.7385056140175763,5.732209719393495,3.2400195612785296,542.2046017788416,542.1357673971602,8.63943857229233,[-0.00253538 -0.83739943  0.54658556],[0.59082119 0.43973287 0.67643575],[-0.80679854  0.32464935  0.49363844]
31,-176.33110251530104,97.63294688166671,33.061175256547145,11.208862783688764,12.938970822934497,12.076096217102995,10.178009287388187,1143.025682592534,1138.7896558148566,101.83667036837848,[-0.20454167 -0.62462038  0.75366577],[-0.46192078 -0.61723144 -0.63691015],[ 0.86301327 -0.47840854 -0.16227558]
33,-256.29139568673344,-264.7894881257917,25.5459507177323,8.606462997200348,18.757162385419875,17.311736340896807,13.865419025801863,2127.131910687594,2123.9698423713576,133.19318448222762,[-0.48428506  0.53554854  0.69184951],[-0.53413868  0.4453171  -0.7186018 ],[-0.69293857 -0.7175517   0.07039678]
3,-312.9773935243963,-35.50071887931403,69.57587987495003,2.991264977261318,5.5232042738408085,2.993841885879998,2.510795276006759,558.8355847582052,558.7509347308785,11.2427373142557,[-0.24141346  0.37309248 -0.89583566],[-0.01806649  0.92125204  0.38854638],[-0.97025416 -0.10998493  0.21566217]
18,-463.54427432498676,39.03560010322025,110.56878197562257,4.892575865441065,6.309271408208598,7.410776562396456,4.87730648011637,2028.9528774173564,2028.872572507444,41.34255439505271,[0.11525286 0.98402973 0.13565496],[ 0.2164782  -0.15816436  0.96339048],[ 0.96946066 -0.08166717 -0.23124988]
8,-296.229785469166,12.938504128212632,258.1305718196704,8.820109677994937,8.689177541798845,3.0999721869238734,5.332825786703616,1112.3554819099206,1112.206782551285,32.89338760789531,[0.54834182 0.58222429 0.60028004],[ 0.36235097 -0.81235668  0.45692274],[-0.75367302  0.0330378   0.65641868]
25,-418.0343261227836,-89.87264762112403,221.2376327091553,7.9571169537622,10.257011358687462,10.885558382002372,8.023758111976372,2408.2351427412063,2407.898364438193,74.65834972392148,[0.12334908 0.81606435 0.564645  ],[-0.4805164   0.54695414 -0.68552546],[-0.86826781 -0.18676225  0.4595986 ]
17,-218.42050433830755,-197.38519477610436,186.37508659960287,3.3623196922435707,8.761816490419116,6.443289939184254,4.447953386089681,1437.2568704303824,1436.8617793215278,43.203671538576714,[-0.77852781  0.42749219 -0.45950504],[-0.03176239  0.70437518  0.70911689],[-0.62680587 -0.56666219  0.53479749]
5,-249.16792056193276,-245.06772083421424,192.52568999858664,2.0234271618577067,5.968999739943237,1.987985117572134,5.488866595676787,892.3324994431223,892.3010036302367,8.258315490787462,[ 0.63231906 -0.0348914   0.77392196],[-0.45856615  0.78832095  0.41020382],[ 0.62441148  0.6142741  -0.48247035]
17,-230.54458993411245,105.80847824704938,167.31929984381793,10.327692728040105,8.564336613515078,7.726553710100704,6.585940918776232,1254.3024677534759,1253.4661627580995,57.66852729767813,[ 0.18400356 -0.69632552  0.69373875],[0.62479071 0.6277147  0.46433913],[-0.7588012   0.34800148  0.55055946]
20,-194.58976653261752,-67.12566406734126,218.57341573448198,7.359900209244335,8.862846814505316,10.17491934537931,7.19192790727083,1344.0611815368295,1343.521352688322,60.94756069944532,[0.2859518  0.81468015 0.50450751],[-0.706106    0.53506579 -0.46380914],[-0.6478008  -0.22360872  0.72825357]
38,-317.1547887051333,141.97811056761057,318.5173011874712,12.631342004578046,7.8978725265227805,8.276645852079199,9.434053763538671,2907.3257552219507,2906.7117644620957,87.29661158225721,[ 0.18188357 -0.81801415  0.54568417],[0.7169665  0.49011087 0.49573216],[-0.67296167  0.30107173  0.67563186]
44,-371.67949936810504,-1.1539747956193518,116.05836201334279,9.53688274154105,6.518165541278629,10.348450997774629,9.764015405240265,2584.6489132858997,2583.916888603262,79.90175842638347,[-0.118605    0.92102983 -0.37099449],[-0.27352247 -0.38948173 -0.87948249],[-0.95452518 -0.0028357   0.29811683]
15,-312.77891005463607,-163.3667728767123,116.98615774505681,4.040927977458455,5.187813659601925,6.164402286596829,5.551895073545797,1440.2068294915164,1440.0135219189344,27.49401207142386,[-0.53778166  0.73932994 -0.40519394],[0.05458875 0.51013615 0.85835959],[-0.84131502 -0.43949101  0.31470096]
5,-173.63990382012835,-162.47798718802278,97.52237078635588,1.5093444318671805,6.180990099437484,2.3220145214960017,4.088930915111749,574.890909291629,574.8202453709869,12.088269659396996,[-0.54240972  0.07755727 -0.83652649],[-0.49957481  0.770774    0.39538899],[-0.67543816 -0.63237039  0.37932965]
2,-187.46038877628246,183.69358056471793,12.453973438713714,1.1092705458789567,3.3580167600078568,1.064695338277411,3.189401657281394,371.62742280171267,371.6180933701871,2.6332599852329843,[ 0.31424938  0.37968451 -0.87010746],[0.62635645 0.60581775 0.49057359],[ 0.71338974 -0.69915987 -0.04743999]
4,-263.08373668014514,-290.39885537217424,10.95956644528663,7.904761266993587,7.155270369766839,6.728647458280157,1.6007064521061185,784.3900910811568,784.0249654808016,25.01958587369386,[ 0.40159329 -0.33162613  0.85366676],[-0.62313145  0.58415329  0.52006934],[-0.67114083 -0.74080297  0.02794537]
3,-258.13162279573453,102.3530547604817,304.57869354058226,2.155585079816031,2.9597568929931595,2.7029244856079084,1.7776796219697035,713.9259414594903,713.8899749394976,7.259974739719527,[-0.38123881  0.72927509 -0.56816794],[0.68003399 0.6375581  0.36204066],[ 0.62626731 -0.24834957 -0.73899374]
3,-312.400440178931,365.88515384731096,49.54177952450426,1.0042349223728195,3.241045270905524,4.268671167683048,2.374878133887286,837.7649768350996,837.7220997796729,8.49388684296002,[-0.72456686 -0.56526108 -0.39431305],[-0.24042512 -0.32888143  0.91325394],[ 0.64590915 -0.7565163  -0.10239362]
2,-210.00566868428496,-209.54160395776387,294.482975073048,1.0403611768800403,1.3147482925962635,0.10977807335214607,1.2590733284328621,591.1566801488012,591.1545864910534,1.5733261402921512,[ 0.78309032 -0.60922706  0.12494777],[0.36655694 0.61445025 0.69863216],[ 0.50239981  0.50129161 -0.70448645]
2,-266.3846457546541,-312.9778754179066,159.29424979627723,0.017175784605825584,0.2592443569199361,7.623715432187083,2.5603261785640825,623.4561356707195,623.3733179535519,10.161671567525797,[-0.76638872  0.64206234 -0.02010669],[0.21781441 0.28918259 0.93216432],[-0.60432211 -0.71002069  0.36147671]
3,-322.4277697766595,-20.346598194048877,165.18795461543638,2.835693409178378,3.3451541418214767,4.633261596610131,2.2997924685497177,628.5540689305465,628.5079388633574,10.296113941503348,[ 0.20909165 -0.93293708  0.29310253],[-0.40827224 -0.355638   -0.84073503],[ 0.88859128  0.05612505 -0.45525324]
2,-368.6266489084808,-183.50831720104895,106.58034772409262,4.53848805306481,1.8495642740793556,3.143518345901853,3.9433562776219446,601.5881976200138,601.5576988147593,6.05759955661763,[ 0.42480235 -0.90148201 -0.08290439],[0.26157332 0.03455454 0.96456487],[ 0.86667315  0.431435   -0.2504825 ]
