N,MEAN_X,MEAN_Y,MEAN_Z,SIGMA_X,SIGMA_Y,SIGMA_Z,SIGMA_R,LAMBDA_1,LAMBDA_2,LAMBDA_3,EIGEN_1,EIGEN_2,EIGEN_3
365,-324.7272906421192,-207.79285802033755,159.39703180824594,29.447046254727994,49.58555261812708,24.10561965332247,29.199509897359214,8051.75831681574,7997.050249298766,1054.799088575492,[0.2275799  0.34397497 0.91098222],[-0.58805141  0.79422405 -0.15298269],[-0.7761462  -0.5008886   0.38302439]
442,-388.33105506036753,92.34827900990575,164.7616099034463,28.4349018911223,38.47097046453705,41.77382163307292,30.76841320124812,9160.105970457273,9119.120051061513,1159.418779731965,[ 0.04869777 -0.81475141  0.57776177],[0.43741438 0.5374253  0.72100118],[-0.89794052  0.21761016  0.3825554 ]
301,-245.1589636440933,-186.10318607357905,306.44759067065104,21.700700372952078,38.62610339615088,23.281473414576187,34.06866130213575,7581.470878982516,7562.229457309232,638.5194746531453,[-0.77675974 -0.01312715 -0.62966022],[-0.28033942  0.90247987  0.32701667],[-0.56396287 -0.43053196  0.70469008]
8,-163.7449824076769,95.5596742757161,80.72618653903868,3.260770385583283,6.76064489010676,2.927407027123457,5.538744261316784,583.214446448388,583.0915961197326,16.6205696772701,[0.57907314 0.38485386 0.71872235],[-0.18302652 -0.79770071  0.57460846],[-0.7944656   0.46428557  0.39148859]
5,-289.1261941228156,-156.13937400650266,4.902488170661618,4.42313657078884,3.553030785774471,2.188374215299223,3.5692079202122087,734.9617600426907,734.8838895560807,11.027145837543513,[-0.18931895  0.37903884  0.90580787],[-0.43597434  0.79412626 -0.42342633],[-0.87982084 -0.47507161  0.01490806]
58,-317.39133548029815,-315.78039636306255,60.31679539025882,8.207070841013802,18.019194280279773,8.237436825802739,13.684327548939544,3444.0013928506155,3442.552908863988,125.61122800722127,[ 0.39281455 -0.22450939  0.8917916 ],[-0.59384848  0.67851299  0.43239346],[-0.70216858 -0.69943953  0.13320521]
3,-183.34542762468115,213.23416433312912,238.23587098179,4.286059861733274,4.641668678373918,11.444467782512984,3.7425650588390997,638.7730517297574,638.4093928868203,21.72308107282003,[0.76282993 0.64654451 0.00840867],[ 0.41318088 -0.49741487  0.76279749],[-0.49736512  0.57841045  0.64658278]
42,-438.93008461409346,-137.80025692813828,106.3058670047619,6.839761643485323,10.304017415822226,9.469341836574031,5.896263461565175,3061.0599044503097,3060.9348653029692,93.41117239819724,[-0.0930397  -0.40512428 -0.90951522],[-0.35664658  0.86642384 -0.34944664],[ 0.92959498  0.29186308 -0.225098  ]
18,-109.22023375427992,-48.014904278949665,60.94267998464685,12.896262062714756,8.537194094935714,5.8675837289328205,14.13691434237282,572.3132871174947,571.9526136211065,36.39044407983832,[-0.4378813   0.89576177 -0.07662128],[0.37741413 0.26050668 0.88864776],[-0.81597705 -0.36020428  0.45214415]
51,-249.47690535640444,-30.233023635809868,36.72190562285157,9.949655779949277,9.585110839891367,17.87998918375775,10.961910250005054,1819.9998035872375,1816.3056773439293,140.85627136114303,[-0.06360629  0.93901861  0.33793236],[-0.17741826  0.32258426 -0.92976457],[-0.9820779  -0.11909425  0.14608066]
94,-371.905227990903,176.80188692114493,23.400766606486094,8.835037523071982,26.76770390378008,14.607882776947784,15.528626628136708,4008.574927466244,4003.9182078361077,268.37004087706504,[0.17550607 0.24240611 0.95416817],[ 0.39677338  0.86959364 -0.29390097],[-0.90098197  0.43016993  0.05643867]
5,-200.70109856727692,55.979151967446775,203.17703904809187,4.4128841215577035,1.809138080942304,5.008571578777979,6.367022807150798,650.9290759986834,650.9129533131404,6.086424606193503,[-0.03343388 -0.97150666  0.23464225],[-0.72340727 -0.13846963 -0.67639344],[ 0.68961156 -0.19235637 -0.6981654 ]
99,-363.5041548635819,-157.75014776294324,233.73273834643828,13.45279058517014,18.6004553919074,16.232343918217587,11.651953076753255,4584.82093673385,4580.162501372276,254.96675672359353,[-0.60129735  0.59346816 -0.53501125],[0.11791203 0.72815484 0.67519426],[-0.79027733 -0.34290825  0.50781461]
183,-134.4753346202358,107.31817316255882,160.85332518428666,20.468062866393886,21.46430572092818,23.119404424235864,31.72028285515505,3221.5648000392443,3219.811833438379,274.98956225742927,[ 0.61462927  0.78866772 -0.0153002 ],[ 0.54500895 -0.41055759  0.73103195],[-0.57025968  0.45765237  0.68217168]
37,-163.99472333054672,108.1915220319183,38.01366839843929,14.308900639795468,8.131818947816667,11.389898844286282,14.364378158014674,1222.4855978485264,1221.320416155516,82.81718320315511,[0.48512947 0.47639344 0.73327941],[-0.30358758 -0.6946501   0.65214709],[-0.8200512   0.53899029  0.1923681 ]
87,-207.82947672281176,-102.70984264517422,137.3438603744181,13.2428332342856,15.579050290405114,14.805093861244186,14.311700185099289,2522.1406683760324,2519.1327807295283,192.51004443783904,[0.3028704  0.485773   0.81993543],[-0.56048331  0.78662286 -0.25900374],[-0.77079697 -0.38111556  0.51051244]
10,-327.81496251624355,49.8213287539133,279.0047048281368,3.132577271567445,3.462344838251776,6.766550778146859,5.643088436093043,1370.5628490216736,1370.5174098316581,18.974803101835196,[0.27249037 0.95032195 0.15045659],[ 0.59463387 -0.28926824  0.75015628],[ 0.75641229 -0.11494377 -0.64391643]
18,-436.1280973271025,174.39356330933273,42.117170152468006,7.531998514068369,13.821105608768551,5.980294869749991,11.43115223380265,2001.9346799302025,2001.4785439302082,52.50329052993466,[ 0.00556083 -0.2216671   0.97510654],[0.38082442 0.90211072 0.20290149],[-0.92463065  0.37021608  0.08943273]
140,-288.5999831620614,174.8076180558028,215.4938364102771,21.524438952641137,19.65116523179268,15.367716763710888,22.514628287733593,4750.658819167183,4747.229513899922,280.89169100266446,[-0.40104994 -0.89579126  0.19161669],[ 0.56505312 -0.077267    0.8214285 ],[-0.72102283  0.43770746  0.53715757]
10,-393.78559240606273,109.52441639136461,256.6310547733073,5.45146628289938,9.988594657595804,5.0043804017936955,5.139713951347853,1526.5999532672984,1526.3528784630296,35.69224907218464,[ 0.49318124 -0.20672977  0.84500596],[-0.3017328  -0.95170328 -0.05672911],[-0.81592253  0.22698828  0.53173936]
38,-440.68542805179567,-68.77160570060623,101.84226295289527,6.731597400014682,12.34887897554165,12.016016975014642,5.652459061868991,2822.05048843304,2820.891302883062,108.59128649737178,[-0.26084901  0.72072691 -0.64226982],[0.06371702 0.67670559 0.73349143],[-0.96327459 -0.15040699  0.22244055]
2,-152.2168314278499,19.2150940054851,117.41559565223452,0.5703063374837427,0.42295443893473283,0.7510219334761103,0.9478269150843204,273.227648248356,273.22702682559634,0.582734392596303,[-0.44254188  0.5948459  -0.67105517],[-0.42826537 -0.7976621  -0.42464566],[ 0.78787401 -0.0994662  -0.60775079]
346,-331.3856852461508,-44.63082431832074,216.0749396904997,20.846352974718382,34.395109896411526,30.374561557272067,21.79763414264692,7453.733236307725,7427.181501485451,846.4155756367664,[-0.49299393  0.59864722 -0.63133073],[0.25450342 0.79312805 0.55333164],[-0.83197656 -0.11211331  0.54336508]
21,-219.58916220424604,-134.59262851354865,176.44823616622267,9.5046060552458,9.989570675057454,6.421268322397612,6.868684674582522,1431.9015817269028,1431.4884876016665,62.41081063050355,[0.44833363 0.34767108 0.8234815 ],[-0.55144897  0.83262951 -0.05130423],[-0.703492   -0.43110662  0.56501867]
23,-232.498419595588,-62.34696499623877,267.87126477188906,8.512737999982606,23.83411050644586,8.506435691358892,9.326000948589872,1731.6516124255415,1727.9268056630694,120.57205480593211,[0.67605587 0.32327667 0.66214852],[-0.35577607  0.93014307 -0.09086944],[ 0.64526883  0.17414378 -0.74384278]
3,-446.14917743561176,-186.69454340202682,20.66662944581429,2.4989185918615884,3.3038297693324603,0.9068665961767886,2.0473832767021816,838.478794367341,838.4545626241686,6.438584943433177,[-0.11917961  0.17664351 -0.9770329 ],[-0.36926581  0.90557115  0.20876699],[ 0.92165014  0.38566562 -0.04269721]
62,-338.0797661940954,314.1534174310724,35.45401212871351,13.931459928851902,10.967835862776704,12.324837949045548,9.889648168577718,3647.975017781471,3646.09847981064,150.75237798939514,[-0.37331349 -0.49060871  0.78736277],[0.57182965 0.5466264  0.61172742],[-0.73051208  0.67860347  0.0764816 ]
89,-136.95700386553673,-124.99950486034498,30.098038152755414,15.314444712417789,12.562776551879294,17.75951620210649,14.825432099589824,1786.0989177105146,1781.6111774123103,207.25559255262473,[-0.61224569  0.73942483  0.28001095],[ 0.30469232 -0.10614827  0.94651737],[-0.72960113 -0.66481837  0.16030825]
65,-249.59215060528115,190.97416127035956,50.652371477807286,10.264146761025088,15.597612520089873,9.708193530394306,12.49947665692525,2571.0187441297944,2569.4708928996847,136.20497360549177,[-0.06206657 -0.33054243  0.94174808],[0.61811564 0.72810877 0.29629491],[-0.78363307  0.60049923  0.15912224]
107,-186.39769136635073,47.32991431415009,76.84337267669939,25.363150111315143,23.956823385730857,13.825291926105184,29.62956336032232,2174.758629939703,2167.3009186831873,229.9840781259025,[0.42586072 0.26713146 0.86445557],[-0.10615544 -0.93407222  0.34094003],[-0.89853974  0.23695963  0.36942721]
11,-347.0372596641949,6.034660631911556,302.9998405804589,3.5900037024822384,7.825623423540875,7.454087759291738,5.2711568523911465,1528.4762776556827,1528.2849673693247,33.503913668626446,[0.55256202 0.55513815 0.62168871],[ 0.35697472 -0.83165495  0.42534585],[-0.7531562   0.01310281  0.65771122]
12,-335.43489279290446,293.76449228150733,86.15002001596815,7.054830325591853,2.169985638161623,5.606887957306443,6.199945449747035,1573.4260470866402,1573.367709486971,23.87067683273835,[-0.63752335 -0.76181338  0.11491021],[ 0.21884093 -0.03605599  0.97509416],[ 0.73869657 -0.64679235 -0.18970249]
95,-48.52342828783981,9.550354760219628,23.792961601332014,18.122916737261935,19.77190266613297,18.505757934104892,20.86040364120776,604.3233972659074,590.925971979902,244.12452295719564,[0.48387297 0.46143037 0.74360538],[ 0.05778045 -0.8646912   0.49896948],[-0.8732287   0.19847199  0.44506236]
91,-249.7243079680752,32.92734713821283,12.564974437024626,19.46946384278699,16.181839089811568,9.290951627919574,19.678422598479838,2418.0332607310993,2414.7990931279423,173.79022340604152,[0.06905603 0.14449402 0.98709308],[ 0.12230325  0.98076512 -0.15212393],[-0.99008746  0.13122977  0.05005566]
10,-399.67268240605335,171.62344625365103,123.5595017223795,5.821275374412182,5.638810342267938,3.7449783308600306,5.566196094913444,1430.1370346964075,1430.0391034761735,22.05917007209377,[ 0.04824454 -0.50710806  0.86053116],[-0.46518422 -0.77380386 -0.42992002],[ 0.88389824 -0.37956423 -0.27323048]
20,-217.38838525827018,-194.63553745604653,187.63962541521303,5.098725612354861,6.509366700876814,5.571168490154253,5.058298258684692,1551.885812918603,1551.8118497044736,38.46996620459412,[-0.26818066 -0.49640897 -0.82562538],[-0.73176752  0.66237231 -0.16055909],[ 0.62657436  0.56110699 -0.5408914 ]
4,-281.7227522661413,-81.82786345208467,262.0161712329239,3.680105018234108,1.241402280371413,4.672592565143154,2.7954444088840096,786.7668683971262,786.7050399949072,10.782985801417894,[-0.26298599  0.9646232   0.01845142],[-0.64642114 -0.16197258 -0.7455901 ],[-0.71622488 -0.20800714  0.66614935]
52,-319.2819685387003,148.11993803757565,314.0673643221864,11.87267466463834,11.141775493819479,11.875300708872711,10.087253003277617,3403.6421640569697,3403.47560993393,125.5619306700894,[-0.31840317  0.69072108 -0.64924865],[0.6636721  0.6514656  0.36760294],[ 0.67687426 -0.31384227 -0.66584102]
23,-258.75222088214696,-267.89741377093713,243.06828395918927,17.010521074077214,5.718818773940484,8.544139843450901,14.845057482223318,2134.908173184659,2134.327636932688,62.97820434205758,[0.0797817  0.62655472 0.77528322],[-0.8090353   0.49505587 -0.31683051],[-0.58232016 -0.60195421  0.54640128]
36,-230.62132987179646,260.1284872631377,307.96937076389236,10.607890305810045,10.540836815445758,10.11126659769139,10.51937288825406,2788.548515225335,2787.471588986148,87.91962321790245,[ 0.74724575  0.66454579 -0.00163953],[ 0.4414597  -0.4945504   0.74868767],[-0.49672641  0.56017746  0.66292087]
5,-290.1069736638352,86.99480090752299,357.1597302060628,2.997931454720847,2.453150539187414,2.5590953889354804,3.5088197851514216,1047.1712515475779,1047.1551290978991,6.804041156061758,[-0.70554023  0.29415625 -0.64473644],[-0.34411179 -0.93753286 -0.05117819],[ 0.61951599 -0.18575314 -0.76268979]
20,-367.7912412538418,-165.98388192786058,42.355993536329606,9.924810940420892,10.734560884540585,6.772722954969233,8.327655950700276,1815.7712726224138,1814.9884621671094,61.47130391694888,[-0.06447755  0.37873645  0.92325584],[-0.41717508  0.83022884 -0.36970938],[-0.90653604 -0.40899728  0.10446829]
57,-276.22329927440995,-111.79045091700195,109.23562027408651,15.980748627205386,8.708527806367869,13.259706518583613,12.651455768444723,2401.3262807557353,2398.829822459324,141.90778046489532,[-0.32097467  0.93579136  0.14584166],[-0.37227129  0.01693428 -0.92796946],[-0.87085553 -0.35214736  0.34293278]
15,-355.61077227182955,254.57755864919392,199.19887141882458,4.953766212677682,7.042243960853351,3.1254773162674248,2.900921509398977,1861.5243751533878,1861.338150927346,33.655457196990234,[ 0.44064975 -0.08376103  0.89376277],[ 0.50819203  0.84400479 -0.17145487],[-0.73997882  0.52975466  0.41447719]
30,-306.4500809340972,11.915437490899704,351.00881418310087,6.040308229440859,8.135017282391827,7.499422213297534,8.309507495190887,2553.8187688137136,2553.5290912581772,51.790243356563614,[ 0.72055151 -0.27099708  0.63825238],[-0.22042279 -0.96223962 -0.15971448],[-0.65743389  0.02560287  0.75307714]
190,-287.3690722050319,227.94552685290162,278.9977804971956,30.532308257413167,17.254357087358684,16.62377458886473,19.55768769013761,6369.053925667431,6364.121791480062,458.10396285415334,[-0.33378384 -0.86895105  0.36539351],[0.70568206 0.02665651 0.70802702],[-0.62498094  0.49417962  0.60430566]
19,-238.50326521701626,187.60839901980634,256.57848136828324,10.902277105615562,7.86663676461965,8.291432981081522,11.893832775846855,1733.2917610652366,1733.1589093042946,45.20520457490312,[-0.55628263  0.33351374 -0.76112957],[ 0.57455931  0.81608611 -0.0623303 ],[ 0.60035926 -0.47198734 -0.64559794]
14,-280.9169700819412,60.28397255115277,164.32602596027388,9.099894944538404,7.3858700167278455,5.756271876104724,7.735283367964682,1239.1649811184852,1239.0122319673926,39.19061628312302,[ 0.47475709 -0.15067664  0.86712298],[-0.23244043 -0.97172104 -0.04158917],[-0.84886816  0.18180968  0.4963548 ]
6,-382.9364823484657,-111.32640079392974,157.977920464956,4.547388823099568,3.170769914967083,4.126021325132302,4.911070763012237,1050.8112497952936,1050.770279538786,11.912198278915792,[-0.02440921  0.84408084  0.53566008],[ 0.44991052 -0.46921508  0.75988008],[ 0.89274     0.25954718 -0.36830768]
34,-382.1232361707102,-267.5675492974878,116.48705191905403,9.512298596527463,7.61397879252484,16.157379444565578,5.5471276388808235,2805.5490517811404,2804.2974672992523,113.50520118964303,[-0.52436289  0.83058974  0.18752133],[ 0.30550744 -0.02204608  0.95193444],[-0.79480108 -0.55644826  0.2421912 ]
16,-233.01503779284036,108.32700028679116,161.9878045405834,8.417535068876685,9.142776412971337,6.870208996617171,5.060557989255304,1216.100319013827,1215.4886719382205,52.96606614120883,[ 0.1465295  -0.71166431  0.68706842],[0.62455079 0.60518234 0.49365033],[-0.76711499  0.35677479  0.53314758]
8,-255.72782510327679,164.3342747852146,74.60828581233991,5.428928454564844,3.741335018553542,5.451065122412192,4.649173648595346,885.561198466646,885.4616187362176,20.29720006490637,[ 0.52513545  0.84827391 -0.06829442],[ 0.23794306 -0.06930364  0.96880344],[-0.81707763  0.52500321  0.23823469]
19,-410.61157082887365,236.07713800654687,11.650736282524997,7.652846853878317,5.115554984197835,5.853949998804443,6.886272770848539,2065.5659704608634,2065.5393026291936,36.978258093512565,[0.03524934 0.01178403 0.99930907],[-0.49758036 -0.86697309  0.02777501],[ 0.86670137 -0.49821562 -0.02469672]
41,-373.79007129297526,31.89994383220679,291.3800407110887,9.539696378241807,7.63485064657057,8.803610028151564,10.523850951737723,3042.9002175702176,3042.5300902224208,68.99709873735428,[ 0.43359063 -0.64727983  0.62691944],[0.43907081 0.75930107 0.48029022],[-0.78690278  0.06701269  0.61342752]
48,-303.0999625076668,85.73329298074079,313.0215110227468,9.029515233364691,16.917342179197824,10.537327839493477,8.000807429035,3079.3568146022194,3078.164227900306,140.8688725584709,[ 0.70530347 -0.07905051  0.70448423],[-0.19184481 -0.97796593  0.08232988],[-0.68245336  0.19321919  0.7049282 ]
26,-251.6036896465245,-153.11610169968702,226.19483517148046,9.970150113984587,9.393727176718043,9.414191125094119,5.786579014586678,1895.0418168454173,1894.3011436028396,79.27825769051871,[0.20393094 0.69048935 0.69400045],[-0.70671271  0.59439992 -0.38372631],[-0.67747274 -0.41220528  0.60919414]
5,-460.1308411892047,97.02244113984159,101.65691049459903,4.441178296450843,5.246242602697708,3.364063577029788,4.771588588631241,1075.918732381583,1075.8644156714925,13.379327190908741,[-0.29164291 -0.61916052 -0.72909853],[-0.01629727 -0.75890789  0.65099402],[ 0.95638842 -0.20174011 -0.21123948]
4,-192.86741689393529,-17.97133921492536,11.147038894572898,2.628860903292563,6.123013937746067,4.150701362430558,2.9161547720862755,388.300865620411,388.1571926749472,14.491509626752052,[-0.09334249  0.45080129 -0.88773046],[-0.05682933  0.88775728  0.45679036],[-0.99401087 -0.09308708  0.05724673]
9,-284.1275978235797,-184.47424310685852,117.75123191103214,5.058544931931327,6.9431106794300606,10.892475795797171,9.629532424306298,1076.6625182771168,1076.3854329680219,29.980107527894532,[-0.35441858  0.82592959  0.43843789],[-0.49717928  0.23066256 -0.83642546],[-0.79195974 -0.51442696  0.32888398]
98,-142.02036741660044,-122.39177460684483,188.94213665929823,13.883377259166428,20.89539112684766,22.000186419125907,25.13437569724608,2654.335584490512,2648.4422378514955,211.69641628551122,[0.40111563 0.60220548 0.69025706],[-0.74667001  0.65146283 -0.13446219],[-0.53065069 -0.46145936  0.71096069]
10,-284.8824707516359,136.9381274406672,124.78832313459557,4.305155600419533,3.0024769224664887,10.078451448432752,5.732410602908356,1075.1785879326378,1074.8266905035766,31.065211051874492,[0.4841854  0.8598596  0.16188258],[ 0.25078945 -0.31363811  0.9158252 ],[-0.83825363  0.40283075  0.36750271]
9,-264.0147230207867,-114.55356898843567,200.06538439987705,7.535902927359102,5.550903067059038,4.954088309923222,5.623186256428337,1051.9060450763563,1051.728227525801,26.91028022145332,[-0.50482704  0.8435293  -0.18332481],[0.42140758 0.42617207 0.80049548],[-0.7533693  -0.3268573   0.57061282]
15,-187.02933154798606,-36.00935112744909,145.4706377766015,5.971439569826252,7.745986928469006,9.273570138229607,4.946669265803678,929.3316634563303,928.7561888773223,48.52676194547612,[-0.41525027  0.85033757 -0.32325414],[-0.46772959 -0.50434211 -0.72585678],[-0.78025396 -0.1502167   0.60715624]
5,-331.4834285100392,222.0729702296669,212.20259248719904,3.9844242939113066,5.5856749221056585,5.50468270037382,3.9836480227231275,1010.703902583408,1010.5558616484268,17.444728049970223,[0.64980501 0.30442534 0.69647588],[-0.19924521 -0.8160339   0.5425772 ],[-0.73352218  0.49133887  0.46960763]
4,-454.5289435619036,-68.6984993299911,42.79967638906788,1.9962780070475596,2.889636784887023,3.6222481416635897,2.2591357719825367,923.4078726785513,923.3758828019413,9.021050851321883,[ 0.17532534 -0.83980045  0.51380564],[0.001377   0.52209809 0.85288434],[ 0.98450959  0.14882472 -0.09269343]
2,-310.3765851314686,35.13128120837575,296.7393057427631,2.6827937420720502,3.93167396187226,0.32229475791396567,2.0311998729929144,609.3353861482635,609.3048066300239,6.104541752056397,[-0.63341653 -0.48184793 -0.60548003],[ 0.28246591 -0.87244875  0.39880595],[ 0.72041412 -0.08158281 -0.68872908]
53,-328.971057712495,-207.56734697714649,90.13085896216334,19.502048358134516,9.366646615971176,12.834096586281825,14.46203930991731,2911.484507044757,2909.8521739126554,150.48042785945975,[-0.10178521  0.52819341  0.84300148],[-0.55670588  0.67204561 -0.48829628],[-0.82445032 -0.51900522  0.22564407]
13,-193.97750049799424,-175.97525926323001,156.6604908428795,8.340528050665846,7.598844396317266,9.975292942327133,6.258613094946511,1101.4359061745035,1100.8390088767599,49.53219483838308,[-0.62105506  0.77686914  0.10375431],[0.45849602 0.25274899 0.85199727],[-0.63566659 -0.57670815  0.51316245]
6,-393.60287299046627,204.85662518025424,79.2825100830103,5.42795628811436,5.213703355228433,6.6472308094778905,6.703786943147143,1104.3225749745689,1104.2856480258645,18.355652546593404,[-0.47187143 -0.8787255  -0.07196427],[ 0.12196431 -0.14589609  0.98175304],[ 0.87319074 -0.45448414 -0.17601735]
43,-334.95813872234424,171.23238840850854,161.38414671138395,13.380120103076525,13.254292621137374,18.592328384666224,17.857356498302153,2689.3577628403505,2687.2540365262607,128.8928263899771,[0.57077748 0.50574937 0.64686215],[-0.07032026 -0.75479232  0.65218372],[-0.81808809  0.4177393   0.39525404]
7,-304.3692409348782,-82.064125646502,83.99838211657345,5.111217118685611,4.5291699896803435,7.843284583550053,6.180796360176665,863.5319122550164,863.3477985229476,22.13048108876813,[-0.11428278  0.88543517  0.45049307],[-0.34152744  0.39080905 -0.85476739],[-0.93289788 -0.25154094  0.25773767]
16,-471.0077333243637,64.4656207278363,32.20373930152623,8.474916447463546,4.831208386509196,10.889350625607577,8.855864138736445,1906.7810392209676,1906.3471517909525,46.73537039253483,[ 0.11787828  0.96923237 -0.21608638],[0.0948607  0.20561768 0.97402403],[-0.9884868   0.13531438  0.0677042 ]
20,-199.75596803169907,47.861184671506805,144.97967405521536,7.718294099051884,11.094007898703728,10.033193370490226,11.977808240946143,1126.5264661386884,1126.0362676118932,52.941788280056606,[ 0.56471934 -0.11908554  0.81664601],[-0.22499907 -0.97426518  0.01351924],[-0.79401983  0.19137916  0.57698053]
56,-374.2425737279764,-293.46235460095886,14.044195017368507,18.86152352987811,23.831774046961048,13.209725924807142,11.245702307072888,3567.8596811437183,3562.7320705691445,233.03471157110613,[-0.07646536  0.14459558  0.98653189],[-0.61285038  0.77364551 -0.1608945 ],[-0.7864906  -0.6168993   0.02945837]
12,-401.6620529027818,3.5542435806294805,255.56519822409768,9.746333129750127,6.664042469394293,5.753083027240363,7.209435264713994,1649.7322328353423,1649.5111166344498,37.98932601773746,[ 0.26353051 -0.86544395  0.42609675],[0.46755444 0.5009527  0.7283126 ],[-0.84376805  0.00729083  0.53665848]
2,-409.47737768385866,-14.608068686952123,154.44413691269867,2.8482494755957646,0.6337777467079144,6.9210508018423695,0.2434932578279927,619.3456628988849,619.2546636984653,10.616573805116083,[-0.06053406  0.99596242 -0.0662909 ],[-0.349065   -0.08334176 -0.93338512],[-0.9351413  -0.03336176  0.35270064]
6,-384.0271079510426,-229.0077684519939,72.4804355533637,4.246191061582241,7.0913784015911965,3.8938291596545307,6.695423111845632,1109.736082941024,1109.663359613819,15.241559529163744,[ 0.14736753 -0.51440439 -0.84479047],[-0.50951703  0.69258499 -0.51060594],[ 0.84774713  0.50568187 -0.16003326]
12,-380.69721769041985,204.46047596825554,148.18623582637062,8.130013989312378,7.787568124582221,6.504408779454634,10.631415883619729,1583.0808698122164,1582.998621929908,25.968780743751232,[ 0.31858646  0.86836129 -0.38006755],[0.451822   0.21336373 0.86621753],[ 0.83328239 -0.44768806 -0.32436994]
24,-244.17658960795234,-6.70572576151234,129.52016517817398,4.225828045562989,7.786225026723284,9.271168916614364,4.227802330774351,1355.4916412642701,1355.0863806006312,59.35790240378272,[-0.24731529  0.87259047 -0.42121375],[-0.39882599 -0.4878603  -0.77648578],[-0.88304755 -0.02404582  0.46866706]
34,-208.57259731602602,127.58366799091749,250.4100157274764,8.528083370299829,10.60332460028507,10.30727596663378,12.164306404240792,2042.7857646883888,2042.2771240469156,70.32601745589434,[ 0.62004758 -0.3574129   0.69842467],[-0.51044781 -0.85980794  0.01316603],[-0.59580537  0.36467291  0.71556246]
3,-355.89116324641986,201.38581890221326,187.63939334139104,0.7192885814499649,0.3282421284450392,1.3304239530394983,1.063114297260817,779.2797887773903,779.2775125919355,1.9494729264820116,[-0.60538734 -0.67105882 -0.4280026 ],[ 0.0882954  -0.59104079  0.80179468],[ 0.79101838 -0.44760569 -0.41706002]
47,-204.20946873531497,-153.19921348549772,83.55863429549913,9.134996465469483,13.699435695416106,11.874072841772497,12.019845351843939,1845.931767140856,1844.2628248777357,111.37018175076756,[-0.04948935  0.52891693  0.84722942],[-0.64867394  0.62799174 -0.42994012],[-0.75945568 -0.5708531   0.31201572]
4,-386.8969392709157,-209.56286882489565,101.2253163275089,2.279304233886297,2.8525699204312924,4.72467078314558,1.7456191980683784,903.0665450055047,903.01972623006,11.430078312558415,[ 0.4820457  -0.8756465   0.02958307],[0.18255446 0.13340606 0.97410302],[ 0.85691646  0.46416165 -0.22416099]
21,-192.95283127110417,-72.640882857081,229.6545035396402,8.007896388026289,7.055367404015339,12.397148877467464,12.416095920151932,1416.108299025338,1415.6076499687686,48.74358658040663,[0.19395287 0.87670659 0.44019069],[-0.75631582  0.4194099  -0.50207741],[-0.6247949  -0.23554383  0.74441281]
32,-285.2234403842635,122.67735754729466,240.40268398069662,8.777104043648496,9.727585996526049,15.19208934500975,15.012405353894803,2223.9596287426575,2223.2116667277164,74.89459550435151,[-0.00965906 -0.89521787  0.44552404],[0.68776403 0.31747511 0.65283244],[-0.72587006  0.31272116  0.61263214]
6,-192.4953948831295,85.4965734376468,223.6256097546294,3.041826051970082,6.360308739315126,3.4796941696328134,4.389895864133355,752.7157551601833,752.5804046586269,15.942208711125534,[ 0.61202519 -0.40250068  0.68074839],[-0.48257485 -0.872032   -0.08174167],[-0.62653546  0.27848409  0.72794226]
2,-269.4964034091239,226.52247230065467,314.7305490219505,2.30588913912689,0.69899169409031,3.129906615841435,3.7372829884968155,667.8497771577777,667.8473296857909,1.8080600797418827,[-0.8099327  -0.1950543  -0.55313908],[-0.13532356 -0.85549211  0.49982075],[ 0.57069831 -0.47967392 -0.66649559]
14,-208.6357988721175,-190.7833179234879,13.503457946566666,6.3252377301406755,3.967462827271106,7.758097539780356,3.7238420114284607,1059.5425767767983,1059.3626854756174,37.85339457100516,[-0.62669145  0.65574123 -0.42102407],[-0.25242603  0.34032754  0.90579151],[-0.73725092 -0.67392923  0.0477542 ]
40,-224.28060871253712,156.9578957909773,308.7845194603166,13.53879133886393,9.338762014295465,11.114565385433304,14.985616082322487,2612.511162925928,2611.950701206459,82.81731229697797,[ 0.17060911 -0.82271488  0.54224788],[0.82176587 0.42245384 0.38240504],[-0.54368502  0.38035902  0.74815348]
3,-258.4467243052443,-290.9121982641428,56.12272460946624,1.910957870941346,2.9439797542037,0.9627783440766337,3.373860611030031,681.0013044983881,680.9973569020376,2.357371608052759,[ 0.63729032 -0.44475506  0.6293282 ],[-0.40218288  0.50465577  0.76391851],[ 0.65735073  0.7399429  -0.14273936]
18,-416.39545101734507,124.07624073130812,54.62096476623378,4.225751105022667,4.8027353634071845,6.525761247915113,3.8316685573482285,1858.1779860583993,1858.070536314128,35.242426191661814,[ 0.21697367  0.89738434 -0.38421838],[0.22080245 0.33827788 0.91477557],[ 0.95087786 -0.28331858 -0.12474727]
12,-159.8054899198938,-184.59012125276035,263.98750360598973,3.7740020833761636,4.929918074871908,3.9670808778858864,5.756195637158925,1245.8722250991011,1245.8205874172074,15.9163259551061,[ 0.85697963 -0.48232173  0.18152592],[0.26087797 0.70978539 0.65432972],[ 0.44444189  0.51339113 -0.73409874]
12,-377.94960398943203,87.66852985176484,78.0340070581512,8.242806525788746,6.578939129711677,5.791898590975475,8.014880925855728,1371.4949079980186,1371.279992366702,31.16039399000091,[ 0.03400319 -0.57885715  0.81471969],[0.2945669  0.7847836  0.54529354],[-0.95502572  0.22144774  0.1971973 ]
2,-401.47080118270236,-35.25487923431382,273.72955370092285,1.1739929802770348,1.3360165076174901,2.059397432266053,2.221202421369128,688.9948963509436,688.9913107207083,2.222824556222832,[-0.38276473 -0.66004455 -0.64639953],[-0.41764051  0.7477319  -0.51621063],[ 0.82405556  0.0723754  -0.56186674]
2,-401.52478167076697,243.87442589216937,112.35942889192424,3.5045474246142305,1.997649405807877,1.9082538473882593,3.477810934419665,683.1419194420114,683.1304752979809,3.9542152280998706,[-0.51074899 -0.85884856  0.03891817],[ 0.21939287 -0.08643433  0.97180033],[ 0.83126544 -0.5048844  -0.2325715 ]
38,-251.07541296176078,-246.44166549170782,11.09812076483075,12.141040853816119,15.61390740760921,7.821111223456775,11.821911457189737,2173.235798557223,2171.6050142047966,107.78594624306622,[-0.00356071  0.04880324  0.99880207],[-0.7011199   0.71206753 -0.03729236],[-0.71303451 -0.70041279  0.03168145]
3,-251.2224910871877,-10.991274593186546,268.9448487073794,4.82789077183383,3.3829674649998687,2.490026608830967,3.061140799514375,637.8162118183886,637.7547524440606,9.71358891431285,[-0.43952502  0.81514843 -0.37729404],[-0.58412409 -0.57848218 -0.56934824],[-0.6823612  -0.02985625  0.73040523]
2,-248.15410525518962,-285.72305631110214,181.23973941720925,1.1008498499734145,0.8355910587809205,0.9432956206432834,0.8125871444537438,593.4117759131792,593.4081703527421,2.068610897204719,[ 0.68587066 -0.70645965 -0.17463162],[0.42405209 0.1929674  0.8848409 ],[ 0.59140618  0.68093931 -0.43192636]
2,-256.5075958728332,280.330160349148,179.89107430525098,2.3865451188062394,4.5449974949948455,2.8206362377890315,5.6936777817233235,594.602813220988,594.5996347403086,1.9441854347430676,[ 0.04653079 -0.50898515  0.85951673],[-0.7909521  -0.54430753 -0.27950686],[ 0.61010626 -0.66683089 -0.42790993]
2,-303.2592498714117,-83.30745155400744,271.64908388189906,0.5126785657991206,5.152536189614523,3.3101274069354076,0.7566451769615412,587.7708691366337,587.7075831558756,8.625039519525947,[-0.66105332  0.45101407 -0.59966225],[0.17462545 0.86971804 0.46162375],[-0.72973588 -0.20044162  0.65368853]
3,-239.8280087289497,-144.489688972062,49.70016887431893,2.649805265900204,4.3607932979512976,1.006035861912717,0.23656184191058385,492.6203929674627,492.5399691183095,8.996247934086766,[ 0.22998292 -0.04737608  0.97204083],[-0.48561369  0.85999412  0.15681028],[-0.84337845 -0.50810002  0.17477748]
8,-125.71327709975344,144.13241454793814,110.60804289229512,3.452358103920687,5.012892036044023,11.404383376033033,6.388557149773079,625.9469837732443,625.1884057819431,31.582871835304218,[ 0.72833221  0.68243212 -0.06179486],[ 0.38235816 -0.32992021  0.86310769],[-0.56862504  0.6522569   0.50122501]
20,-320.99664461419036,-157.15285074952175,27.81685499222317,5.298331814660579,9.572654767174056,6.785336183249483,8.080901283141943,1604.0411848210474,1603.7662868251298,44.734758916888524,[-0.34863066  0.58166566 -0.73492974],[-0.27734271  0.68498681  0.67370179],[-0.89528637 -0.4387005   0.07748667]
24,-384.52221920306664,236.72355659593708,127.34391392598413,7.208975701048666,12.138388327819118,8.406324882533832,6.612425335325862,2299.586402408373,2298.866028280413,73.79090282830214,[-0.01194385 -0.48861572  0.87241735],[0.57296387 0.71169816 0.40644573],[-0.81949359  0.50471815  0.27145874]
33,-342.0097174921837,246.2539388454794,64.2112839369143,14.523495356410972,13.335861398782429,14.691466315055767,15.921343729331502,2452.613124370763,2451.0290739999855,107.4371453739957,[0.59359634 0.74638051 0.30093109],[-0.06219841 -0.33026951  0.94183513],[-0.80235575  0.57778732  0.14962309]
3,-449.295827013003,-151.60292141612317,80.72274192875354,1.8605878460071736,2.5554664148810913,1.8602442474224608,2.261989856003103,833.1462215831848,833.139319653214,5.004582097539317,[-0.19215731  0.04751211 -0.98021333],[-0.30097229  0.94784089  0.10494444],[ 0.9340724   0.31518289 -0.16783472]
2,-252.33505018159414,251.6466067001341,291.44923949149313,0.9847981162409098,1.3921560435951363,0.39545150650664596,0.02915404185827697,651.0679161526588,651.0632108543563,2.4752606693820685,[-0.62704413  0.23236294 -0.74352076],[-0.55352379 -0.80449849  0.21539171],[ 0.54811228 -0.54661654 -0.63307448]
5,-365.37623659053935,-85.31600819240816,33.037239527766815,3.578567764075568,4.502726655220772,5.681075379422123,2.383854957090193,842.3709696176649,842.2983328319189,17.290700392034566,[ 0.13813098 -0.8114928  -0.56780214],[-0.19970052  0.53870256 -0.81848595],[ 0.97007192  0.22644864 -0.08764402]
7,-228.24266833494804,-182.03321424372356,59.407274232763676,7.942481848538335,5.463624687013622,13.062010797900856,6.083807619705734,789.318280806212,788.4883812161602,39.91068241548979,[-0.60954482  0.789108    0.07591885],[0.20309421 0.06287071 0.97713869],[-0.76629488 -0.61102851  0.19858578]
5,-322.4169732719162,214.29682736627987,122.484271970709,6.519559340716257,3.763721046912936,3.2468737712521527,6.017315729847936,908.120372556541,908.084209350211,12.445866916742627,[-0.56026603 -0.82788873 -0.02649968],[ 0.23563847 -0.18997344  0.95309213],[ 0.79408846 -0.5277408  -0.3015181 ]
10,-123.71292729757624,-12.047728600020854,120.7435426847538,5.9989586898547005,9.623217617495895,5.190383433603818,5.29763467900135,549.1642071170766,548.4724477732552,35.89025790894111,[-0.68129465  0.29723397 -0.66894661],[0.16099816 0.95231728 0.25917444],[-0.71408486 -0.06887498  0.69666279]
43,-233.14691566978547,124.51301081353567,13.524771555521566,16.56264361089682,16.3536710304318,8.952530491302499,18.420456114560103,1742.6423764821366,1740.0757492452167,112.219314362703,[0.23678692 0.3439856  0.90862856],[ 0.41017806  0.81239669 -0.4144461 ],[-0.88073033  0.47083491  0.05126956]
17,-297.924527218611,-166.57032154978558,278.1854808864323,5.668229748860796,12.725009074775528,7.215534575973709,8.382082513475254,1816.5431460367374,1816.0054391643016,54.6483215565163,[-0.55627285 -0.29962897 -0.77510193],[-0.48270925  0.87574508  0.00789504],[-0.67642612 -0.37854066  0.63178689]
4,-286.0967397242512,151.039195228613,360.44736663692515,5.545688148311041,4.57250388204275,4.0137624191283745,2.3970729516411278,968.8163209763709,968.7009721256817,15.73027164797769,[0.59072622 0.79539726 0.13559403],[ 0.54962071 -0.51969736  0.65408846],[-0.59072803  0.31186191  0.74416567]
2,-209.62407807635844,-242.87002521898557,232.76078559875853,0.5260212966403088,2.616033995160194,2.7653588873664603,0.25721479209261133,560.5719474141201,560.5457211389942,5.422429383946713,[ 0.84258902 -0.46199599  0.27677328],[0.10170736 0.64117195 0.76062747],[ 0.52886611  0.61274647 -0.58723283]
39,-167.0104760248127,-180.6121129812411,213.92580339996195,10.825933231516297,6.674029633642942,19.46683653397167,15.940785655455187,2040.3848726141375,2038.9580026344631,106.29331383275957,[-0.85054804  0.43248274 -0.29921016],[0.11892234 0.71238566 0.69163874],[-0.51227484 -0.5526892   0.65735008]
4,-207.8611914924138,203.31666131098518,216.69852942373723,1.864744207597076,8.227707754079843,2.7656189654612993,3.1649728082080926,725.4788541560249,725.2968207523772,16.52457350249999,[0.78185429 0.15599299 0.60363073],[-0.24531691 -0.81312042  0.52787763],[-0.57316968  0.56080422  0.59747397]
14,-378.4926603045297,-7.379286475914034,289.0816135583345,8.76049983374525,3.723399213018944,6.9559143445528,5.179821802590584,1782.7227040213907,1782.3685479819505,39.687935303709374,[-0.11678409  0.98490155 -0.12779053],[-0.59567918 -0.17242058 -0.78449822],[-0.79468723 -0.01549475  0.60682133]
12,-251.39206435959258,-221.4352492863717,223.09964201473733,10.990469098877915,7.237806773648346,9.69269356116205,6.832732456050096,1395.0888771029563,1394.84501844848,51.625062561598035,[-0.59868834 -0.11846198 -0.79217361],[-0.50123387  0.82683481  0.25516426],[-0.62476945 -0.54982812  0.55439352]
5,-474.95618444278654,43.26839771042118,58.51495460766746,5.2518439187747745,3.283749779079661,3.433737304299825,5.643829882237055,1074.526966678401,1074.521657449879,9.585028876617434,[-0.14507322 -0.79462892 -0.58950712],[ 0.04368804 -0.60037374  0.79852534],[ 0.98845593 -0.09009023 -0.12181393]
4,-122.08437477094456,23.738562283578073,4.176458007085039,2.4016081636469147,1.6762165436065284,1.6215157542791403,2.4888578943614865,248.95735195221928,248.94648824246906,4.471065723484428,[-0.14397119 -0.83348589  0.53345437],[0.12964576 0.51853769 0.845169  ],[ 0.98105264 -0.19084009 -0.03340343]
15,-381.4261447958462,-39.92798666615219,164.23990377282703,7.102099648378209,11.465683798714322,5.72827908574268,5.670928917107818,1616.6364541972305,1616.120874556313,52.23181295292258,[-0.39958732  0.37186444 -0.83788234],[0.06611994 0.92333608 0.37825736],[-0.91430746 -0.09574611  0.39354104]
3,-415.4073458686019,-51.73486978914075,189.674149160851,2.4950818554846292,3.975641191290755,2.7471654002540054,2.688977471970248,796.0747969164127,796.0347625654546,8.203574092152946,[ 0.41673934 -0.44947267  0.79012824],[0.09658722 0.88617709 0.45316781],[ 0.9038801   0.11253657 -0.41271817]
2,-300.146739431746,213.89794903802687,166.09985839037753,2.0294436728742653,3.0883150907985737,2.773503633737022,1.266748239418007,571.753284915118,571.718752168142,6.283886578442513,[-0.04469058 -0.65108458  0.75768834],[-0.66843258 -0.54416692 -0.50703081],[ 0.74242888 -0.52912307 -0.41088701]
6,-73.10797304487407,81.75343707916879,45.08228903399712,1.9691252875026155,4.07408577889809,3.073245228945476,3.456146099748507,290.6997386047639,290.64587150795364,10.365361340608045,[0.78729523 0.52771625 0.3188758 ],[-0.01940021 -0.49571398  0.86826913],[-0.61627092  0.6897704   0.38003545]
26,-301.0524538423042,-243.78739023722017,247.22627172143441,7.798478712663866,11.62873964099936,5.745390934972255,7.803353859343851,2344.326575147421,2343.782607928787,66.20592800771706,[0.40411448 0.35553271 0.84278584],[-0.63847506  0.76942168 -0.01843595],[-0.65501228 -0.53064751  0.53793321]
11,-279.7380675920462,46.51496713978676,289.3411821816115,4.203615185551481,8.526236694292923,5.4645598435930545,5.021877999948907,1344.1434959819426,1343.8225578239892,32.27825592228802,[0.71746371 0.23418985 0.6560495 ],[ 0.09209219 -0.96541519  0.24391092],[-0.69048161  0.1145802   0.71421742]
6,-200.73566348868246,149.5591457513048,198.98771524638303,2.620648789650763,6.324380733065145,10.201815821306266,6.942938563794481,783.7746373315861,783.5811981964187,24.807282785101133,[-0.42406852 -0.87575558  0.23069037],[ 0.65314845 -0.11929762  0.74777348],[-0.62734599  0.46778225  0.62258877]
28,-191.65461259461776,200.2008976830596,37.953410762687334,16.37190532855202,10.036752086327704,9.358186606389067,18.10185651575839,1484.363454515036,1483.5119237149415,59.538704824311075,[0.59466727 0.44259779 0.67117661],[-0.41935202 -0.54150742  0.72863818],[-0.68594076  0.71475654  0.13641246]
2,-281.1652560326745,129.6506301517852,279.00079909000385,1.6329117833265911,2.1833349074685984,2.1851490609734867,0.3179764156149645,589.4350536236609,589.41451307994,4.920793743421141,[-0.61540619 -0.73781299 -0.2773215 ],[ 0.40763513 -0.59904947  0.68918309],[ 0.67461753 -0.31108155 -0.66941725]
2,-348.6129623815152,202.0780655874332,271.78224805387435,0.05784822511853349,0.2439648823946925,1.5531393083481078,0.9284217103431729,687.3639612260516,687.361614389161,1.796178358520491,[ 0.40101286  0.90256886 -0.15671034],[ 0.56985694 -0.11183904  0.81409772],[ 0.71725292 -0.41576613 -0.55918403]
2,-421.6701082357709,176.1530152173287,80.82426148170845,7.2107233757143945,1.0228110750823163,0.8954257311268563,6.783968230061248,656.3870331673579,656.3751240873901,3.9539587136894037,[ 0.1852593   0.74009402 -0.64648266],[0.37420519 0.55517529 0.74279935],[ 0.90865256 -0.37952765 -0.17409564]
