N,MEAN_X,MEAN_Y,MEAN_Z,SIGMA_X,SIGMA_Y,SIGMA_Z,SIGMA_R,LAMBDA_1,LAMBDA_2,LAMBDA_3,EIGEN_1,EIGEN_2,EIGEN_3
2,-235.52639749258472,-26.26975039491745,271.3752706042792,1.7466302143978965,2.6491355080100263,1.089075171400026,2.155215591066792,509.5460252380871,509.5330541279609,3.635737472080077,[ 0.74525187 -0.23479942  0.62407442],[0.13132395 0.96930225 0.20786332],[ 0.65372293  0.07295461 -0.7532091 ]
65,-204.0590116138519,-150.93746827526743,75.28718007394903,9.909508846248867,16.503907116138055,11.356576270737348,13.790399222348944,2140.4550052824043,2138.963899042133,141.32894808145207,[0.2792366  0.09979754 0.95502219],[-0.57378491  0.81482809  0.08261998],[-0.76993363 -0.57104784  0.28479214]
22,-181.65010233334604,-37.1298584692541,144.52589642121,10.642320164646415,9.634629939990687,6.602619542264725,9.029076730367626,1104.548609363775,1103.9955937612153,61.068148900466575,[-0.57839376  0.572841   -0.58078727],[0.26014721 0.80431252 0.5342329 ],[-0.77316498 -0.15790679  0.61423234]
20,-307.5443543707944,9.080871946533758,354.84681242757335,7.4477473877109235,6.596873365451504,9.9275145250456,11.836483414035905,2101.278229589413,2101.114561633073,33.75243596514992,[ 0.72773777 -0.25384501  0.63715025],[-0.2041199  -0.96705158 -0.15213909],[-0.65477691  0.01933769  0.75557478]
14,-242.9186818583169,183.76926607277886,258.5609025204612,3.2359516683104315,5.0609349429884585,7.041974529144781,5.673680269596421,1495.2482223240286,1495.207525279337,27.35731560791657,[-0.71921124 -0.66434789 -0.20341355],[ 0.33642936 -0.58915236  0.73465284],[ 0.60790663 -0.45993629 -0.64723113]
102,-206.61291795917472,-113.12557749752374,141.82547264212243,16.170001966852737,16.859422564484948,18.062409185784947,19.70708304319218,2789.888091408074,2787.112640619038,221.27393029291576,[0.03736376 0.75397092 0.65584434],[-0.65971615  0.5115664  -0.55052196],[-0.75058547 -0.41210153  0.51652084]
321,-379.03921587620584,91.85551566297194,173.01733626481442,21.719045024895422,42.07164672095417,38.686734217828544,27.36262034245861,7714.482716467134,7669.554139045721,967.7089876387159,[ 0.15696353 -0.6860452   0.71042552],[0.43565689 0.69366892 0.57360832],[-0.88632134  0.21946618  0.40776104]
49,-39.72305601872677,-6.33329153667275,29.066446922206875,17.361088315125635,12.19919890449599,18.26489001361483,22.648484053721308,395.4292925948987,383.3460603956643,121.90339982326576,[ 0.51359805 -0.62653928  0.58622997],[0.33490291 0.77541527 0.53532344],[ 0.78997284  0.07861095 -0.6080816 ]
211,-309.6607047179585,-259.7352190413352,171.84590284245135,26.396388586296478,20.425695919942743,27.06927166309781,31.502879179773633,6405.275365310181,6400.464222056859,427.21442289358475,[-0.48347745  0.80500764  0.34382008],[-0.51882808  0.05282081 -0.85324521],[-0.70502977 -0.59090833  0.3921229 ]
55,-283.07963889874003,120.13486517472192,243.6660465285481,11.2306389411321,9.328827678685988,18.771927805426692,17.478071287706126,2914.70154763922,2913.0272929661137,119.80538977255634,[-0.19312204 -0.95024369  0.24441934],[0.66558122 0.05615493 0.74420983],[-0.72090604  0.30640424  0.6216196 ]
106,-394.777192354522,171.5235501949957,33.94174706376123,28.734835608276672,24.27454765807552,14.32341774700112,33.183577707201195,4462.714031573667,4460.397856320866,232.02128907683593,[-0.05503148 -0.31527771  0.9474025 ],[0.40227936 0.86142384 0.31003271],[-0.9138615   0.39818204  0.07942429]
4,-106.2018962109425,63.26384696201039,107.85970618547633,2.8110158515925763,3.898230214357752,1.6361828608229831,1.9574317973433586,328.27042451275076,328.140564316685,9.353381396723648,[ 0.59746664 -0.27889423  0.75183218],[-0.47321035 -0.87954172  0.04978276],[-0.64738364  0.38551831  0.65747248]
2,-258.1499752490843,-43.26725712799684,157.09406606912012,2.232475894502514,0.228400438647963,3.900338533719662,3.862493857084104,431.7690577395968,431.7567171908976,3.2644114137876623,[ 0.29038275 -0.93110386  0.22073392],[-0.44794246 -0.33610499 -0.82848113],[ 0.84559175  0.14170053 -0.51468004]
14,-146.06741612882905,22.030852933973566,22.828068833240472,6.66941132036921,6.38898067120595,11.37396275857081,4.9925543142172994,561.44086957738,560.1153451458166,51.44287752494226,[-0.12360173 -0.98020325  0.15467447],[-0.17057958 -0.13256238 -0.9763861 ],[ 0.97756085 -0.14706732 -0.15081772]
20,-68.45727192947382,9.236823358472055,11.543869791702448,8.418599842180186,7.723408839229673,5.472573126031871,8.268569087038992,317.3725031526643,316.28636328117807,43.077421322173876,[ 0.14682854 -0.13532703  0.9798612 ],[-0.14888772 -0.98233513 -0.11335843],[ 0.97789254 -0.12924505 -0.16438337]
168,-338.99608830108036,-167.03727834647748,158.2070467141599,21.778928184970372,20.305854739243046,12.679895720512242,20.270013891379545,5323.992397675963,5319.568748447115,326.4723105239469,[0.12865687 0.53052313 0.83785   ],[-0.54633836  0.74301431 -0.38658005],[-0.82762419 -0.40801342  0.38543903]
59,-204.4262888685301,-163.10274027034393,273.89567896728835,9.708560739984,13.45423905554182,12.419842665572725,13.46395538127722,2912.173837244313,2911.6351667346057,121.90074596817198,[-0.46067532  0.87011117  0.17517077],[-0.70480974 -0.23866705 -0.66804286],[-0.53946406 -0.43121293  0.72321085]
21,-385.6924864938931,-266.24216444584164,109.53167029314034,7.826009111495307,7.452463022743729,8.452442426498441,5.197715139746257,2206.101589776795,2206.025713180675,58.17515047593685,[ 0.54532594 -0.51952724  0.65780777],[-0.24566423  0.65124652  0.71800213],[ 0.80141669  0.55314503 -0.22751236]
3,-183.53473664254693,-209.2664110037742,102.8686508648915,2.3292308895962237,1.3472528545986067,0.3795604515020582,1.7189675464706147,514.0029631973833,513.9925332758124,3.6433989986367723,[-0.24197722 -0.24877703 -0.93784701],[-0.74759482  0.66394335  0.01676933],[ 0.61850547  0.70518736 -0.34664358]
30,-427.2542404070916,100.43369310660397,112.48357241057312,12.187161490235889,17.1317721925635,8.316257427109734,15.532554402260512,2484.5634552297447,2483.25608026357,90.5249114460465,[ 0.20107429 -0.215379    0.95560505],[0.26596256 0.9508881  0.15835317],[-0.94277942  0.22231442  0.24848191]
10,-391.8260450980648,-78.88258487331709,25.936882300916114,6.436025451765866,3.5075306458818734,3.5504324615800353,6.143394726968714,1266.8122439227568,1266.7604886000693,16.967381026755096,[ 0.16430791 -0.54625195  0.8213475 ],[-0.12630671  0.81415874  0.56673818],[ 0.97828908  0.19686126 -0.06477743]
2,-205.19249032179164,-203.03036261465763,328.3841473584904,1.155226942031689,2.9305028093300223,0.3519535842564494,0.5543088982578297,618.3388726767694,618.3231222490784,4.413383659918542,[0.75765987 0.22510191 0.61260155],[-0.45354379  0.85655456  0.24619569],[ 0.46930753  0.46437422 -0.75107059]
9,-210.7948955634971,186.45604988742983,240.20405459420732,2.522709995437294,3.18253753502988,7.9065189252951855,3.616188206760648,1110.3004411632558,1110.0584187069003,24.399958426840303,[0.68628507 0.72631591 0.03844485],[ 0.45224074 -0.46751909  0.75954211],[-0.56964122  0.50387608  0.64932102]
9,-383.52015311147056,89.41160701320952,74.49365551919597,6.263880174860259,5.163600296787761,4.138396999980698,5.9034743864298855,1202.6437892108154,1202.529074836035,20.790866850826404,[ 0.00930333 -0.61612938  0.78759002],[0.29018087 0.75539455 0.58751523],[-0.9569266   0.22307771  0.18581664]
8,-144.85218589378525,-81.78864397835994,7.224083692621293,3.3735136029814496,9.986358143298137,3.4801753580827612,6.435826361693227,471.9378172905714,471.3389004974594,25.796459849193397,[ 0.19090684 -0.25440051  0.94806907],[-0.45605932  0.83227537  0.31516282],[-0.86923212 -0.49254247  0.04286533]
26,-321.71041473918143,-223.63086380629963,112.65359329972804,11.693534860732175,11.021405892165841,11.546571317293697,15.549251761083502,2080.978534034473,2080.4587703793513,62.74609093515269,[-0.58471678  0.53221237 -0.61225508],[-0.18853646  0.64490066  0.74064644],[-0.7890249 -0.5485008  0.2767428]
40,-255.0361891310925,-243.4389291597858,13.017237226397748,7.776282314957765,15.57330536991363,7.752435789028255,13.082279698634478,2234.1220330933506,2233.3969767675167,87.85246591339359,[-0.10304648  0.1604195   0.98165524],[-0.68380375  0.70528702 -0.1870365 ],[-0.722353   -0.69053299  0.03701811]
14,-250.28023669219306,-0.975383730897826,271.24666180143066,5.421094832653849,11.700375005309025,8.418529838474281,6.320302034877096,1382.0656833602075,1381.2327379193327,52.689733418153175,[-0.62921584  0.51879074 -0.57874312],[0.3799798  0.85489806 0.35322042],[-0.67801385 -0.00234119  0.7350454 ]
2,-122.5024158184499,-81.73641299405551,77.02620786723631,0.1346741440155057,1.5802288338665136,0.12867483489637976,0.9360509087475037,235.0457470638577,235.03870355856296,1.8196269719319729,[0.52001916 0.02520345 0.85378268],[-0.43161273  0.87031579  0.23719377],[ 0.73708245  0.49184877 -0.46345901]
238,-288.067342278047,225.48348047783782,277.71325845063893,28.81116627576726,17.56461193384027,16.118825480063233,20.18661045178234,7102.303840097612,7099.4061270424845,483.40086497207875,[-0.09010979 -0.81693556  0.56964596],[0.77265677 0.30354983 0.55754733],[-0.62839617  0.49038128  0.60385798]
113,-382.1373192569577,45.637077336566676,280.51491519374315,12.180908883403873,18.43540602031738,13.865341243240996,10.386186354638276,5068.3703719969135,5065.314231647433,254.69444375723103,[0.53221253 0.56149631 0.63361795],[ 0.26991775 -0.82189788  0.50162565],[-0.8024302   0.09594673  0.58898217]
301,-333.3472963519379,-51.309979049973116,220.70306627708675,16.842272044500948,29.670878709290484,34.19769298606346,21.247194186113635,7035.750936529996,7010.16620105404,750.5073109768545,[ 0.46219409 -0.70968659  0.53171569],[0.32252873 0.69307142 0.64469157],[ 0.82604591  0.12647904 -0.54922783]
7,-295.0992141142707,119.63453447817757,149.36002029237912,3.0480621551641636,5.521743846368586,7.630498691539199,4.756060228236303,930.8974819676995,930.6628785444437,23.02007505086468,[0.54034805 0.61278466 0.57664456],[ 0.06425639 -0.71335474  0.69785108],[-0.83898457  0.34002937  0.42483517]
3,-185.34534866673343,-7.874762466011396,21.026060635583924,0.2223074915389677,4.981186898339126,1.6186940640308078,0.22502570292243165,323.4938429214608,323.3827313055517,9.070053041083874,[-0.11846954  0.18168156 -0.97619505],[-0.0206979   0.98245304  0.18535811],[-0.99274194 -0.04216447  0.11263033]
61,-365.95517598428,-157.03824870916364,229.73342231666498,14.980746691846285,13.10350740326308,11.679937370503806,13.965522224707392,3594.2729593883646,3593.2813510309747,143.60575255447185,[-0.54461166  0.76430167 -0.34531304],[0.26368268 0.54689008 0.79459593],[-0.79615927 -0.34169314  0.49937582]
16,-387.92089692618066,-68.24566150715603,70.32432097888378,12.441712353594014,7.043138689756627,4.814050290799132,12.066123770206492,1601.4248966214298,1601.2923561420969,36.370924369183655,[ 0.24211114 -0.77333058  0.58595393],[0.03554458 0.61058557 0.79115223],[ 0.96959722  0.17071928 -0.17531728]
5,-456.6618750723413,-65.95099508855684,50.49218113155223,2.4367801143037977,4.736095837733501,4.907850026820241,1.9521445625712708,1037.9862149504877,1037.9101161393417,15.568745939292484,[ 0.17662904 -0.67392005  0.71737992],[-0.02858005  0.72502024  0.68813432],[ 0.98386247  0.14204726 -0.10879895]
6,-436.8114996416857,-58.10419283579868,119.010431862723,2.371215193306558,6.547272182702801,4.13240458809435,1.097882633876367,1118.2183118291666,1118.0854818794508,19.643135300881855,[0.16310132 0.50718121 0.84626543],[-0.23995604  0.85238765 -0.46460347],[-0.95698436 -0.12728906  0.26072675]
12,-412.7138311139674,170.69647102173988,85.68751956786143,7.9991828543403205,4.83952352940588,7.350212910379649,8.155029067362202,1575.8678946484818,1575.6380445311477,29.929236937628367,[0.39212486 0.91796033 0.05989093],[ 0.15032432 -0.12817173  0.98029312],[-0.90754652  0.37539424  0.18825108]
143,-124.7577420040176,100.5421087092951,144.98282655495842,18.495877801427955,13.123147141657695,23.80302769489125,25.432390903682226,2609.1884569013187,2607.2284317348535,240.61635490920273,[0.72887217 0.66333699 0.16949749],[ 0.36809808 -0.58841759  0.7199087 ],[-0.57727738  0.46232972  0.67305428]
3,-182.70284561130714,-182.4641965192299,238.39131293921335,0.47070135126275364,2.9998279548136053,4.443219418709868,2.72464488490298,608.7591146495273,608.7243334463834,8.024207367423914,[-0.8158704   0.53713405 -0.21410864],[0.25322259 0.66477884 0.70281392],[-0.51984018 -0.51918793  0.67838785]
4,-163.68139270209434,-138.1882509282499,104.9593654011726,2.119016326608911,3.001678570161343,3.3066947409289393,1.9141831183769489,477.1903932984632,477.1095870787563,9.149967918333608,[-0.14782885  0.70326092  0.69539248],[-0.71235932  0.41203314 -0.56813105],[-0.68606912 -0.57935547  0.44006409]
6,-335.41183207975274,-201.90432180420643,276.44514023023567,6.6340065812886255,3.320257796273951,4.135864069678608,7.008903940649787,1174.121678423319,1174.0647099760365,11.680290968501417,[ 0.43249019 -0.89262277 -0.12718816],[-0.56841798 -0.16042728 -0.80694739],[ 0.69989516  0.42129287 -0.57676605]
5,-214.24225977795686,177.64526040505007,176.97957649855022,5.575849352335743,2.147455065247465,3.689612731355529,5.106811451274392,737.6367676636496,737.6057123666004,10.79399166327986,[-0.05504186 -0.73729151  0.67332876],[-0.75823398 -0.40789659 -0.50862717],[ 0.649655   -0.53853653 -0.53658809]
77,-278.7216382431512,-110.87691346551476,106.47821734845478,16.05537796076141,10.933239081838433,19.356516051404054,9.644434706078822,2801.6535217565015,2796.1834403285384,225.22777959216452,[-0.2599048   0.92371954  0.28141022],[-0.40595401  0.15989971 -0.89979633],[-0.87615686 -0.34810099  0.33342895]
134,-297.7978005045066,187.64267125191736,217.12287255939552,28.278250826604122,28.7563110072032,14.171109750441952,31.167553678221918,4810.654932056848,4803.030732836013,340.28232525716504,[-0.64025624 -0.72653327 -0.24944207],[ 0.26548945 -0.51400664  0.81566692],[ 0.72082404 -0.4560116  -0.52198288]
10,-258.6202951059329,39.06799063012595,250.9597871495693,9.410228341670239,4.564071876251315,5.547062581352018,5.708922659938524,1146.7843362687076,1146.4884014960242,32.934576881901485,[-0.1377207  -0.99039572  0.01221957],[ 0.68684394 -0.08660645  0.72162644],[-0.71363745  0.10777583  0.6921748 ]
165,-252.64161477965786,-216.57470605635106,316.1284895603209,17.541826596886814,26.909302254871506,16.422980025684154,16.39364410112039,5910.990824892088,5902.495240065904,413.78414238059366,[0.71272981 0.16415692 0.68195947],[-0.43498959  0.86614503  0.24612364],[ 0.55027291  0.47206492 -0.68873394]
57,-131.2392956960779,-121.54637562763946,35.9385930565351,14.01351852398437,7.727964424287236,15.912292922470979,12.313816672589315,1385.6894263483302,1382.96989601841,142.29923985096113,[ 0.58552568 -0.73625257 -0.33925187],[ 0.37204899 -0.12775111  0.91937979],[ 0.72023553  0.6645388  -0.19912047]
13,-469.8551239581577,-108.6785032112905,28.312764683538035,6.452370130062453,8.924717007250438,5.685416004194425,5.251222331254899,1742.2646878843475,1742.027919559273,40.428087116936936,[ 0.08184819 -0.09539146  0.99206922],[-0.21748495  0.96971041  0.11118462],[-0.97262592 -0.22486038  0.05862284]
57,-193.1190135187984,104.0405122933804,22.773846119315458,23.877826805338426,16.383589844639033,14.735374533126208,25.03440207245208,1680.9782533070954,1677.874104343187,155.35837729496032,[-0.39376884 -0.81757108  0.42014715],[0.27799666 0.32975047 0.90220978],[ 0.87616434 -0.47206161 -0.09743657]
5,-335.91799085526526,-327.92951467466,104.79651301604687,3.1255708626714958,3.8538795267136563,6.163003402806962,2.5337869555269914,1075.6642549971366,1075.5933959310346,16.763717363863645,[ 0.6673496  -0.73027082 -0.14611314],[0.25870154 0.04333657 0.96498469],[ 0.69836812  0.68178184 -0.21784283]
110,-340.94539435561256,-190.53664896569487,92.94426734829045,20.075753714595464,20.326393321184124,17.808320970981626,21.928004406300598,4223.79692826145,4219.015209764927,264.27010308967385,[-0.51902545  0.67087113 -0.52966453],[-0.0970587   0.56940086  0.81631016],[-0.84923035 -0.4750943   0.23041965]
29,-415.7731689967202,-28.24647357858192,245.9391930211271,7.524851290618252,18.91156080662311,11.283913695402841,5.0143796813955595,2608.497371464531,2606.3455642114363,122.02879024455717,[-0.46903178  0.48658623 -0.73705022],[0.20426379 0.871679   0.44547954],[-0.85923541 -0.05839138  0.5082371 ]
72,-331.65596083330934,310.2022993500893,36.52276189803657,14.444285450931291,10.636235175804828,13.321151847312606,11.899004678815798,3869.9529405081657,3867.4999698197084,160.38646816257076,[-0.43670337 -0.55088032  0.71121097],[0.52834556 0.48281021 0.69838762],[-0.72810791  0.68075339  0.08021032]
5,-375.5957458138422,21.901371512811185,7.035604345850014,0.5711962701717191,0.9363499213080136,3.739020901254485,0.6954621637914518,841.4746659970091,841.4344258771207,8.582955883802958,[-0.05535451 -0.99027038  0.12767319],[0.02595879 0.1263987  0.99163981],[ 0.99812926 -0.05820598 -0.01870948]
60,-332.2671753098291,170.54162359022894,159.516481311174,13.48844846211971,11.868216518525118,18.080125507468136,16.743238798826336,3151.4291684681916,3148.9779775950733,148.88055275952752,[0.57373145 0.54729376 0.60934535],[-0.04003879 -0.7243413   0.68827798],[-0.81806425  0.41928417  0.39366441]
49,-306.58173204481733,150.71784249239116,332.112610399194,17.965682017321658,11.99360127733471,20.41064532759156,7.909872140209541,3340.3303258872884,3336.9137460714865,201.100564478009,[-0.24520873 -0.94785993  0.20355402],[ 0.72529253 -0.04003794  0.68727557],[-0.64329108  0.31616218  0.69729338]
40,-299.2891502209228,81.0889573392673,310.7826419690018,10.844195923673304,16.473536149134496,8.62623756850525,9.739754938002566,2779.5488715066535,2777.622936050756,121.70033525878264,[ 0.59082661 -0.43155436  0.68167789],[-0.43149498 -0.88294541 -0.18498506],[-0.68171548  0.18484649  0.70788119]
95,-226.63982041804618,196.52980754125534,44.00922472289168,28.244362499864202,13.599748046166198,11.714948623160568,20.67097976491768,2971.289119212905,2964.19258393903,252.5956632253972,[ 0.1581718  -0.03892444  0.98664409],[ 0.64250363  0.76280635 -0.0729079 ],[-0.74978048  0.64545439  0.14566355]
4,-279.3715388154786,114.68384932051254,33.475645771821526,3.431963442988409,4.309781604250916,2.152098276764435,3.4772245022891743,607.7949140984902,607.7379209986309,9.566689925378595,[-0.04241128 -0.37368929  0.92658383],[0.39092072 0.84727291 0.35959646],[-0.91944672  0.37747177  0.11014896]
6,-346.4990067063272,261.3356029325188,48.01897980475284,5.988953726918197,3.077540165872168,3.79325186860037,5.450268744875708,1069.709760778474,1069.6834297959977,13.390139482016622,[ 0.28610156  0.52651797 -0.80057775],[0.53701685 0.6038499  0.58904856],[ 0.79357344 -0.59845145 -0.10998662]
9,-333.6888407735835,288.7157757184455,83.8164365018963,6.669956796396327,4.088805408950763,7.636987875227183,7.802006056591357,1347.8114197091838,1347.653301530607,23.038217052003986,[0.66481383 0.74100176 0.09454611],[ 0.07756293 -0.19435548  0.97785988],[-0.74297145  0.64276149  0.18668448]
16,-469.1696714170168,116.09938914696039,7.014196988869667,3.24027600593314,10.856442229394379,4.560376898460009,4.035666979794185,1934.0408064555043,1933.6188426579286,46.12740010950613,[0.06878395 0.21909593 0.97327578],[ 0.2306864   0.94565315 -0.22918096],[-0.97059392  0.24028546  0.0145033 ]
5,-164.76023616844645,-110.92161687030207,195.0503489241412,2.3153587861445626,8.737403325805719,3.8843657942530214,4.143034669306809,622.8259612434808,622.5776028162866,19.865944455144973,[-0.80606235  0.30038763 -0.50993212],[0.00708456 0.86645403 0.49920659],[-0.59178822 -0.39877899  0.70054408]
12,-238.5940731770502,-48.66002241290524,263.02633359935794,6.871551942877714,9.35686369470344,9.01109887120932,5.759924521595969,1242.4760005415744,1242.0566614296367,46.889821970822005,[0.37542958 0.78885089 0.48658699],[-0.64513483  0.59934871 -0.47390101],[-0.66547252 -0.13599776  0.73392842]
6,-310.9272965289936,158.38983236665354,270.7129719873853,5.285829165385356,2.7793639148535116,5.777872804139316,6.699131347891013,1081.9743881412417,1081.9428567568846,11.970515785316907,[-0.22400663  0.70698672 -0.67081355],[0.67393292 0.6095807  0.41740363],[ 0.70401381 -0.35858215 -0.61301174]
5,-200.33022333241587,-5.339083601763752,49.86491816030586,5.885166008703073,6.06074968922913,5.901716151918571,4.547396649353692,462.3374032574546,461.90305947567714,20.58671808614052,[-0.17486173  0.76420855 -0.6208129 ],[0.16766915 0.64443011 0.74605422],[-0.97021154 -0.02636516  0.24082036]
2,-258.87415379842594,-307.040906832209,176.99289660684832,2.9972565597621212,3.3479012323845723,2.5769302895111963,5.149350222647257,620.7145301694535,620.7140200082342,0.7958195165326956,[ 0.80436354 -0.55309341  0.21699531],[0.07125182 0.45239092 0.88896886],[ 0.58984953  0.69959283 -0.40329568]
7,-469.5479076896524,63.26572619430955,29.295781539031804,9.407999557915321,4.606509218851175,3.325920749597161,9.405673674730998,1256.2436279655865,1256.192068248275,15.13209523630431,[-0.10078194 -0.3099059  -0.94541067],[ 0.10679699  0.94138847 -0.31997211],[ 0.98915995 -0.13321443 -0.06177794]
29,-253.21614665763434,-137.08712912676964,216.61504440864036,12.168714953962311,14.650252381516298,10.566637315102014,10.72952035572629,1943.7895588722638,1941.4516984223703,101.47010656414075,[0.29830623 0.60958654 0.73445057],[-0.64619171  0.69530008 -0.31463323],[-0.70245973 -0.38073881  0.60132212]
27,-418.18188213729667,-115.15297464303028,124.44434071721938,8.268661323572129,7.382307644131848,8.09434439902579,8.478020250158972,2345.6640536289615,2345.316619295356,56.108734500085404,[-0.05311818  0.81548301  0.57633838],[-0.37199705  0.51945203 -0.76927744],[-0.92671282 -0.2552588   0.27576493]
68,-162.53368438750707,29.50706141434224,63.62216910449371,13.499138289411654,23.87803449555217,10.816920604056442,13.629534425148664,1477.5548316060347,1466.2556700736504,216.35916681722205,[0.39553088 0.38191106 0.83528394],[-0.00840977 -0.90790282  0.41909635],[-0.91841418  0.17279009  0.35589182]
16,-277.62045757950375,55.1458536339163,274.39225830530785,8.36003703065408,7.886362230348883,10.572489758262515,7.9743275799589295,1577.8877004520762,1577.3830127283506,53.90989462109439,[0.50657412 0.78574462 0.35494796],[ 0.49746763 -0.60260765  0.6240112 ],[-0.7042078   0.1395328   0.69614795]
2,-303.81235043326114,-10.915919027219367,108.09559568523434,1.9558350755704623,0.723787219064886,0.856200116891749,1.5302699460470421,456.31314162087995,456.30713608255996,2.3411057321854787,[-0.12897944 -0.88281859 -0.45165877],[-0.31101925  0.46849497 -0.82690961],[ 0.94161103  0.03382023 -0.33499979]
74,-250.32697904859359,30.29969307965273,17.243826981463187,16.353681110646896,15.11248888860744,8.765768521929386,15.682755118053294,2182.806945669454,2179.543984975574,154.24470774805343,[0.09392462 0.22584703 0.9696243 ],[ 0.0996261   0.96690901 -0.23486506],[-0.99058205  0.1186595   0.06831631]
11,-149.33228406114907,86.18489650198082,65.92740179370372,3.944879979492433,10.532721613019419,4.0250394550307425,5.010951353246398,613.4298950003842,612.5370244559309,35.7513580339003,[0.40979059 0.01183212 0.91210289],[ 0.42222579  0.88388821 -0.20116418],[-0.80857718  0.46754854  0.35721324]
14,-354.8684351450516,-34.83777016023656,10.49343019055746,6.064189260637259,3.9617109448765655,5.031173961859238,5.966633341981771,1335.0788741360427,1335.0297585908459,24.26368954296619,[ 0.09488562 -0.99198794 -0.08340656],[ 0.0372773 -0.0801852  0.9960827],[ 0.99478999  0.0976231  -0.02937021]
2,-191.0045407535991,-168.30137674441838,121.41493998236547,4.8984473451440635,6.402653035087013,0.586073948117054,7.389653408363188,399.03635896603436,399.00951704837803,4.6282914439192115,[-0.73507207  0.52287156 -0.43159516],[-0.03266033  0.60853369  0.79285563],[-0.67720185 -0.59690207  0.43023896]
3,-365.8068725550195,-293.9527134680955,29.533313115381684,0.21139101653804102,3.4803138515579226,1.5772152979211589,2.2406803687790227,814.4491983929619,814.4335567198528,5.371059687032088,[-0.3701438   0.37523992 -0.84981679],[-0.50772256  0.68436063  0.52332431],[ 0.77795332  0.6251764  -0.06279407]
28,-192.7953238024914,-69.75849084567882,222.96744008382794,10.100698814008245,11.254022345424463,10.236692245354833,9.589216288045446,1605.341147712602,1603.9924478319688,82.49194913820962,[0.37283663 0.74344559 0.55523104],[-0.67543745  0.62772868 -0.38696377],[-0.63622095 -0.23074957  0.73619124]
36,-415.214948040671,-92.06793706144514,222.8378780627036,6.298430197113873,9.986062229683903,10.821001864949473,7.214046975260164,2882.1383769626686,2881.497000833744,85.79743877388528,[0.13735192 0.79857225 0.58601775],[-0.48317232  0.57047974 -0.66415162],[-0.86468431 -0.19192505  0.4642045 ]
47,-169.59563491241965,140.908273766893,179.32855349062382,9.535337893966533,9.08022227209796,16.213943807723112,6.4710331448278735,1953.034211629947,1949.640191043146,136.25422552428518,[-0.65850279 -0.75189433 -0.0320777 ],[ 0.45884526 -0.43490781  0.77480077],[ 0.59651915 -0.49548977 -0.63139116]
30,-442.3167196383383,-134.88868681824576,101.13197550675395,7.919577349396567,12.288246191994288,11.487540078294174,5.084087345021733,2594.235660769314,2593.2711758833916,98.13199134063636,[-0.0169652   0.63484432  0.7724538 ],[-0.35568984  0.71819534 -0.5980637 ],[-0.93445006 -0.28490024  0.21362335]
8,-170.03032758939597,151.07845004151423,100.20748776249164,4.959932831953961,7.057174814907951,6.124123634776891,7.8927053922865875,703.5416914616998,703.4541123462943,19.919045570237948,[0.72026998 0.65060691 0.24066949],[ 0.11598896 -0.45500717  0.88290149],[-0.68392816  0.60801243  0.40319122]
26,-250.27974725449582,-265.6035342995426,240.4933131062226,15.8005040603363,6.115909303910107,5.567426215845042,10.21944432603659,2230.20551553975,2229.417147449087,74.67980926187035,[-0.19120682  0.75168929  0.63119185],[-0.79685645  0.2565954  -0.54697221],[-0.57311408 -0.60755412  0.54992567]
14,-279.1782188961135,-190.87213947435856,115.98788716145188,6.162863541435845,6.475761688413355,7.826723961097475,7.905075026616368,1338.3348672877335,1338.2200435608108,33.2164360820585,[-0.34075101  0.79928727  0.49500365],[-0.52372069  0.27587821 -0.80598254],[-0.7807723  -0.53388302  0.3245975 ]
21,-243.3885642775204,-222.76232984722702,221.63892692554327,6.205775574418964,9.933781458953126,6.716218330202598,6.393633589202808,1822.2539796705432,1821.931617769965,54.556556225462444,[-0.63426871 -0.07285392 -0.76967234],[-0.47206398  0.82490936  0.3109343 ],[-0.61225714 -0.56055049  0.55760591]
8,-235.86031499027706,231.34549364745982,101.79549237130274,5.266703076382415,7.538459059486663,8.142607442380234,7.455796849401692,978.2976768575588,978.1600990888027,27.58150627302004,[0.72831565 0.58616823 0.35491284],[-0.06486518 -0.45663767  0.88728493],[-0.68216481  0.66924498  0.29455446]
5,-284.9111348707371,-315.45636819249205,98.14424025862161,1.914660447267308,1.6093566618828816,1.8552886875745938,0.9950801646570542,975.5147424371789,975.5091869851024,6.592641061877386,[-0.43660728  0.11680416 -0.89203748],[-0.61875257  0.68079889  0.39199252],[ 0.65308448  0.72309727 -0.22496888]
54,-242.30112234409773,-28.508860060557502,29.892141631957905,12.070628714986283,12.250509525652234,17.995070189588585,12.914455439994347,1813.893376831462,1810.3785146507255,155.49578303477907,[-0.05359737  0.90427188  0.4235796 ],[-0.16084781  0.41083182 -0.89741027],[-0.98552286 -0.11623068  0.12343065]
28,-96.19848417827451,-96.61631101812823,88.72052026314104,11.130160765850896,7.572543037285207,10.670222003054995,7.746956397955044,864.319967549971,862.9313702033796,81.21244106109077,[ 0.60053507 -0.77610163 -0.19241595],[0.53712124 0.21328459 0.81609464],[ 0.59233302  0.59344414 -0.54494554]
6,-33.82697698378963,30.69231954198879,7.1037803696637285,3.1932657336922095,4.7342822657622445,3.393846765195763,4.961912143090471,114.27938351162219,113.99299585689825,10.785212135721606,[0.60412321 0.523136   0.60113549],[-0.31994414 -0.53165541  0.78420551],[-0.72984306  0.66608652  0.15381107]
17,-96.42886137545503,-56.50609234092194,108.649935142559,6.452053643029827,6.526148608160509,13.825547641628681,13.543367268619535,646.0718569179587,645.3616663970863,39.18102105898482,[-0.16045529  0.92687962  0.33933504],[-0.77104039  0.09693604 -0.62936485],[-0.61623925 -0.36262594  0.69910773]
70,-241.9739259233681,-144.72286578905414,306.8330331037096,12.155235044656406,8.32989942094661,21.831247311290596,18.529626773456407,3492.234062561723,3490.9944136884515,156.03444746167017,[-0.39381219  0.91149077  0.11872881],[-0.71297056 -0.22137638 -0.6653311 ],[-0.5801594  -0.34666564  0.73704681]
14,-287.38233142904465,136.72932345114106,124.01923045881503,4.31633790121421,3.8636548172641345,7.111454725862673,4.556154763971389,1278.3389844854166,1278.2488275132275,29.748040798480538,[-0.42406767 -0.90549903  0.01543085],[ 0.33509914 -0.14106023  0.93156351],[ 0.84135318 -0.40021683 -0.36325103]
7,-221.25251194761253,159.8906994902268,68.62212973188286,2.0849372950190865,4.971587462334778,3.457824476486493,1.3711074929463818,744.8736589567949,744.7396919326909,16.558907189879232,[0.48820809 0.32857257 0.80851278],[-0.37922145 -0.75452237  0.53561842],[-0.7860305   0.56809863  0.24376216]
9,-220.92646584034128,-83.96014013262877,270.9474739306615,6.049854240234675,7.00901000640015,3.1257977641979764,3.5932167112757276,1078.9444372424289,1078.757739329433,27.308509164195666,[-0.61612973 -0.45451324 -0.64327434],[-0.49269106  0.85959683 -0.13545781],[-0.61452395 -0.23347593  0.75355777]
5,-252.5870896264728,-1.673643170203461,194.81728364927784,3.983641903655162,3.865131368239804,4.167082217960034,2.276374180899633,713.4384627329406,713.3305432233891,14.661430089182415,[-0.3307013   0.84436392 -0.42152843],[-0.51344657 -0.53574436 -0.67033619],[-0.79183917 -0.00524872  0.61070711]
9,-277.89306974530973,111.33723153273725,346.3934270018404,8.931509878448121,9.580638568187515,8.276480251125719,9.017037455474322,1374.232324273708,1373.8024351342372,37.87432392694844,[ 0.73734609 -0.18289803  0.65028383],[-0.29623856 -0.95269407  0.06794645],[-0.60709428  0.2427392   0.7566467 ]
16,-283.36893567881623,-251.44254019449411,63.87891681767063,5.159354655375642,11.614793322574124,3.3486785336275546,7.5479002013399565,1537.6088333774053,1537.103285935087,43.108931711410136,[0.08612553 0.15301345 0.98446395],[-0.6700134   0.74020096 -0.05643217],[-0.73733604 -0.65474379  0.16627126]
44,-222.2531912749101,154.33406711416694,304.2141754148748,12.375962746749993,7.432250874952276,14.745980855480465,17.21003373801715,2703.6725835593925,2703.5087615951456,75.52109917428395,[ 0.79490526 -0.04749261  0.60487195],[-0.26453329 -0.92431591  0.27506769],[-0.54602909  0.37866151  0.74730696]
5,-309.2813497432814,228.7735211727951,81.38788928746632,2.9540841673632214,5.519795052476235,1.7636020163773232,5.360589314472953,879.3627647593479,879.3404982780289,8.192959507983362,[-0.12600356  0.17688696 -0.97613222],[0.60460505 0.79380281 0.06580151],[ 0.78649592 -0.58188324 -0.20696873]
6,-199.3298783226131,-190.57028569144538,9.480734423610244,2.3204274095624964,8.115759532623654,4.428494501725325,6.708925749180978,676.2783566401426,676.1145631350727,16.698560516029588,[-0.39412139  0.45203409  0.80020842],[-0.56855098  0.56416683 -0.59871995],[-0.72209287 -0.69092762  0.03465421]
15,-370.49428687341424,-244.28870502374835,38.65360752436225,10.116039886515487,6.562658059701539,4.807064582641895,10.548329143331273,1725.9197814823385,1725.8368096658196,29.261137731691903,[-0.24938374  0.2293332  -0.94085814],[-0.49598186  0.8042091   0.32749003],[ 0.83175101  0.54831926 -0.08681156]
74,-208.94498742816887,56.25707271302073,84.77323304470376,12.941020697393148,12.356493579027918,12.166306400191713,11.564285205763175,2005.0870259103244,2004.3163025477697,158.1706372198114,[-0.1622403  -0.95794448  0.23668642],[0.40600001 0.15381479 0.90083573],[-0.89935648  0.24224655  0.36397051]
27,-372.7976018906992,227.06929376610836,22.606008352767365,6.357363185429634,8.639220154037782,15.844317484481023,9.071526926007337,2273.1639152118214,2271.9038438937,87.31222999088834,[0.52202023 0.85099989 0.05739395],[ 0.01440219 -0.07607509  0.99699807],[-0.8528115   0.51962656  0.051969  ]
3,-350.50445639727917,281.6111443282125,174.7004870837351,1.3602449138698036,1.92652663429859,1.2763834862597105,1.7004342733967055,835.498003147774,835.4903515995089,3.59571753277496,[-0.6826638  -0.67285525 -0.2850192 ],[ 0.07728242 -0.45433851  0.88747053],[ 0.72663441 -0.58381703 -0.36216034]
28,-229.8618863409886,257.0126598015714,305.27785900614754,9.10512561175842,11.936618997521364,16.900375297149747,8.774055395604918,2439.6549565202367,2437.505833391249,110.05979421253305,[0.78607761 0.61351367 0.07538545],[ 0.36468352 -0.55877953  0.74482976],[-0.49908708  0.55800217  0.66298241]
10,-45.81582412801775,-45.47962627697212,46.398472623278124,3.168918333487621,3.78105816279389,9.503819345616254,6.728164607118286,253.58765797969468,252.4656698914665,25.56743918180824,[-0.5217958   0.80710549  0.27624241],[0.6329528  0.14919573 0.75967848],[ 0.57192648  0.57124544 -0.58870938]
25,-373.91042267858126,-163.3185727112976,51.73167337213809,10.13737265401906,9.486068385010018,5.2600354915084395,8.649337979876767,2057.632269916479,2057.0557877665415,59.985313788637534,[ 0.15317474 -0.03785819  0.98747367],[-0.38718742  0.91707104  0.09521872],[-0.90918832 -0.39692249  0.1258139 ]
2,-384.7077043318344,-28.790955877256177,92.33752393724001,0.16607572831841821,0.519513878421062,2.9276891208422313,0.5581227686072339,561.0062817453336,560.9910280465518,4.1369806619833325,[-0.03129973  0.98382897  0.17635442],[ 0.24182135 -0.16374519  0.9564047 ],[ 0.96981584  0.07258147 -0.23278568]
8,-308.58232996147876,-331.38109606931346,165.00758232030938,6.882403474121584,2.0330841857738635,3.9665740550119986,3.0207153197715697,1363.2894165086711,1363.1865362094625,21.54035623198825,[-0.08527301  0.50664127  0.85792957],[-0.76333497  0.52017953 -0.38305742],[-0.64035009 -0.6875521   0.34237972]
6,-322.0396562822768,-26.74882130329601,161.8761447769538,4.598847912386004,2.9743902031277587,6.531967629109631,5.5283151926053495,885.5293747625896,885.4395235803129,15.926186191980996,[-0.1215199   0.98950608 -0.07817049],[-0.43747252 -0.12408469 -0.89062943],[-0.890983   -0.07403176  0.44796047]
5,-128.54587896900472,143.1067805963416,114.63903254664947,4.623585790169743,2.724941419016256,5.142246451419358,5.081814544762579,500.97616964095005,500.88330479004424,12.17630038519065,[-0.2680473  -0.73756438  0.61979789],[0.7737363  0.21849721 0.59463527],[-0.57400591  0.63895051  0.51211275]
47,-135.67560023593933,-128.2709083013041,196.23497000724313,9.61686766957731,14.020044167406876,12.339861951129393,11.308603319380081,1861.3478536997113,1859.8695614478272,120.34247519388532,[0.31482913 0.68004249 0.66213657],[-0.80696869  0.55903932 -0.1904641 ],[-0.49968405 -0.47435984  0.72477486]
3,-129.26429220087553,146.22255894429392,171.7275169091929,1.7856328713907048,3.0680033141073513,0.9882066043226966,1.9489622494822774,450.31336625701584,450.2820852715507,5.402427167867126,[0.83304137 0.52230095 0.18232878],[ 0.24242489 -0.64090645  0.72833309],[-0.49726476  0.56253056  0.66052035]
14,-280.1755481606826,61.51297975908579,166.04376888829376,12.490592368144474,8.8243504434151,7.860645303062502,10.271193694800248,1241.6069009190367,1240.938930684846,51.35985454668842,[ 0.2594831  -0.67722977  0.68849718],[0.46657674 0.71210536 0.52460661],[-0.84556174  0.18511022  0.50075897]
3,-183.11967222580253,-19.2350026460792,196.80074492156277,3.5600079078174174,2.8419780809498136,2.468284944833613,1.4864953685971145,466.882798058904,466.8057551715158,8.596201517117345,[-0.4512633   0.82539826 -0.33923317],[-0.57848195 -0.56001857 -0.5930749 ],[-0.67949986 -0.07139267  0.73019383]
15,-228.2354312845547,105.53250845364246,165.78104943744322,8.637422317763232,7.504185716504061,7.430368230341567,5.609690408210422,1167.2724025454713,1167.0809105472488,48.34767090896243,[0.64541496 0.52432079 0.55545228],[ 0.09410708 -0.77623502  0.62338035],[-0.75801278  0.35006701  0.55033599]
6,-360.8646235636539,272.43510126134333,95.01883307395212,1.7476986846647744,4.431457848775708,6.109846252324546,3.205632536984557,1131.8883961827541,1131.7781663895828,17.32008922332156,[-0.40276071 -0.72730415  0.55570899],[0.47731251 0.35115051 0.80552224],[-0.78099717  0.58967956  0.20572174]
23,-257.06983197547834,44.12447601766683,201.31114708326768,9.907859803605469,5.686671804321364,8.990556166401067,12.255112303963125,1581.5023688531105,1581.4026016675234,37.51722562953588,[-0.61801176 -0.31567304 -0.72000833],[ 0.09661302 -0.93939813  0.32893325],[ 0.78020984 -0.13372244 -0.61105722]
9,-272.00397969442974,-224.58708813447103,252.68957325704346,4.797165329496873,9.815179187029209,4.032269412530371,3.6579588452706604,1302.1515055426987,1301.8180343162032,33.28749651059581,[0.51856458 0.28071352 0.80764515],[-0.58159057  0.80820391  0.09251403],[-0.62677203 -0.51769331  0.58236626]
12,-209.8518888271486,75.87661585943205,253.68434440612987,5.663832407550524,11.515951174847586,3.033535699161741,2.968806256592191,1171.1250103892385,1170.590381686307,44.47106678903196,[ 0.7530717  -0.09404221  0.65118283],[-0.21691517 -0.96988351  0.11078715],[-0.62115282  0.2246821   0.750791  ]
6,-373.0366609123116,196.37976091335975,209.3139553273829,2.5881444301977257,5.791348150564843,5.530486259074916,2.278007771876697,1153.092747930996,1152.9259557421685,19.825800197531958,[0.60038652 0.40629275 0.68881219],[-0.10665603 -0.81295198  0.5724802 ],[-0.79256578  0.41717536  0.44475184]
5,-241.87089529041864,-143.87655030975367,52.782759435368135,0.346311843919351,7.241724934509617,3.573268594067634,4.309178618825665,640.5139763001613,640.3426194557902,15.381729053238411,[-0.05451415  0.4233941   0.90430395],[-0.53273234  0.75365208 -0.38497376],[-0.84452617 -0.50273848  0.18447103]
7,-194.061391417417,160.56442798001282,213.83942910297756,5.761029989166671,3.1833903381365265,3.3997179378206757,3.511331267986971,874.3549970843907,874.2571404310377,17.291076971347547,[ 0.01749841 -0.79185995  0.61045198],[0.80910973 0.36990219 0.45663313],[-0.58739701  0.48593228  0.64717429]
4,-188.7825862598221,80.4327033054252,114.78063157373958,1.3225761895275556,3.7058204375859662,4.184033428966753,1.9320124419710754,470.3657410284753,470.28343667793615,10.793081376554841,[0.57752149 0.64943018 0.49468108],[ 0.14784354 -0.67912867  0.71897603],[-0.80287684  0.34208871  0.48822546]
4,-241.6881268473791,267.7725278440801,6.530980410928716,4.097925952144333,1.218300923187725,2.170928424475651,2.838847438338877,721.6062730121321,721.576046828486,7.7307907583499755,[ 0.36126118  0.34720591 -0.86541228],[0.64857241 0.57325356 0.50073365],[ 0.66995835 -0.74217816 -0.01809392]
2,-395.28590461514216,173.51892517595593,119.65358852999611,5.379921223173227,1.7326992657232125,2.5347604668968344,4.741138573684964,633.5852205338654,633.5601423462598,5.637172086592808,[-0.36239947 -0.92156668  0.13921737],[0.29999443 0.02608349 0.95358429],[ 0.88242278 -0.38734288 -0.26701223]
29,-293.26216944907816,-164.90023209778076,272.7560660626675,9.7189742765688,12.111832632848806,6.690201915765433,10.888439135006573,2333.854581399179,2333.481848015435,69.47249956047624,[-0.73269262  0.26983395 -0.62478089],[-0.06815968  0.88432931  0.46186138],[-0.67713793 -0.38098729  0.62954976]
2,-221.50364093800567,12.339754254552213,78.00445093382744,0.2855936059659001,1.8411657371655732,4.67018345228297,1.183253743817545,332.64428123087,332.5724827718942,6.910972329582798,[-0.17512018 -0.91954452 -0.35181073],[ 0.28665639 -0.38947229  0.87529392],[-0.94189227  0.05243283  0.33179777]
