N,MEAN_X,MEAN_Y,MEAN_Z,SIGMA_X,SIGMA_Y,SIGMA_Z,SIGMA_R,LAMBDA_1,LAMBDA_2,LAMBDA_3,EIGEN_1,EIGEN_2,EIGEN_3
120,-248.92910439903545,10.77398604501034,17.68898251155944,18.154694178987803,27.525415735520273,11.162404020480976,18.182048182231043,2760.8891911724636,2745.506963676671,324.4177062191212,[0.07902954 0.23193832 0.9695148 ],[-0.02632301 -0.97173204  0.23461447],[-0.99652468  0.04406202  0.07069022]
22,-229.29785522409202,108.01896149011277,162.48621930698707,10.760986584112848,9.026266816184018,7.101292184407632,7.669102611824823,1413.6127509220205,1413.1234317551985,64.53246550975705,[-0.0372361  -0.85535665  0.51669959],[0.6467382  0.3735423  0.66497808],[-0.76180258  0.35893056  0.53928256]
42,-300.34623487018405,85.27464162089564,307.83793057892336,8.146658569198374,13.055498772537172,11.465503819935932,7.517719454698054,2843.2502496432407,2842.9307791635483,114.40302376617562,[0.7100916  0.39432504 0.58333326],[ 0.16340986 -0.89814232  0.40821269],[-0.68488477  0.19454599  0.70219991]
41,-437.977402058459,-137.80963593280538,104.3720123100033,7.728012086028213,12.161300606384518,11.360324624088383,7.551131943707733,3016.585516816452,3016.0473791794157,106.9266948102527,[-0.05179648  0.70206857  0.71022309],[-0.36355883  0.64912072 -0.66818206],[-0.93013015 -0.29281736  0.22162106]
8,-389.1410094774241,8.546535868918271,48.090552589065865,7.867265779337034,5.067104731567538,4.126461795726116,7.660570495572805,1109.6133417647477,1109.5627479221112,19.126171187875837,[-0.11641949 -0.50978994 -0.85238531],[ 0.04396617 -0.86002503  0.50835413],[ 0.99222653 -0.02170621 -0.12253719]
134,-237.1338528639435,191.95133180268374,44.25681947914255,28.78943747251544,16.562724174602646,12.98950587745441,21.69422153558478,3589.850442244883,3580.5700274416818,321.1287458818379,[0.21444585 0.04013086 0.97591111],[ 0.59933361  0.78353709 -0.16391721],[-0.77124069  0.62004769  0.1439745 ]
114,-331.41852331112716,-265.8943527565658,169.08953744122823,34.95009504588265,16.0051616296326,29.99296182415019,19.789836477150605,4906.384976283008,4890.899706286053,479.5665501759546,[-0.3433264   0.77023414  0.53746289],[ 0.59582854 -0.26373834  0.75857132],[ 0.72602709  0.58067328 -0.36837914]
32,-269.8181624997637,-112.89336901516486,115.4151060067984,7.753890163239768,10.39637404451158,9.040062064723895,6.772550121851302,1780.5472727064423,1779.5100099884958,80.65159593442242,[-0.5122039   0.64634713 -0.56558161],[0.0338625  0.67320869 0.73867678],[-0.85819607 -0.35920112  0.36670705]
346,-287.39269292898706,212.16266248794722,286.25922613702585,32.323142156968146,32.51717495879474,25.59587621817475,25.856486821200143,8557.897002354068,8540.999607456068,855.3897574582267,[0.75668364 0.1809757  0.62823377],[-0.17742487 -0.86801763  0.46375188],[-0.62924581  0.46237776  0.62470515]
177,-247.66346719227187,-223.3011581564939,323.80409051744635,24.657374147212686,23.87439447819388,18.41306422383327,15.07092340967603,6199.266335688581,6193.527829098621,477.4125997398776,[-0.61253063 -0.34891605 -0.70926992],[-0.5835163   0.80489165  0.10797298],[-0.53321193 -0.48000731  0.69661899]
41,-175.99063258650781,96.5805282868611,35.88946488052017,9.860858698530603,12.602484406143319,11.95760204469318,11.219545839649998,1311.3631060358732,1308.5025216959702,105.50362215792504,[-0.20194205 -0.64313787  0.73864274],[0.46437288 0.60114224 0.65037361],[-0.86230925  0.47434343  0.17725989]
12,-436.77893481634163,-58.268967088368385,122.24347467471738,6.719090999076933,3.4911522852785164,7.868649491723737,6.160879591779081,1584.5210217441559,1584.2766803325917,31.183196846267037,[-0.05388792  0.96240625  0.26621477],[-0.29115913  0.23987301 -0.92611408],[-0.95515572 -0.12741723  0.26728711]
136,-300.7892001954231,187.05513974727793,215.396537378349,17.714306293735024,17.643136331042925,14.072142215291231,20.909087456907173,4844.046399763274,4842.766919427389,229.0710780614087,[-0.22597313 -0.868861    0.44047327],[0.65010531 0.20223351 0.7324375 ],[-0.72546484  0.45186521  0.51915181]
60,-252.59086692017843,-254.52531966923746,16.42990513638933,8.351625766905423,10.364763799757384,12.931969830959876,9.684548932146198,2783.589982410145,2782.137550270383,123.66997483688273,[-0.59859544  0.62643915  0.49925693],[ 0.38305218 -0.32353016  0.86521631],[-0.70353004 -0.709156    0.0462952 ]
60,-213.62315031329175,-158.50588512383763,78.8826462439144,11.576678270816199,16.35974039668986,14.315919233561136,17.429227144020267,2156.2783389849096,2154.69711583099,135.31201352193122,[-0.62344758  0.7697162  -0.13729562],[0.14008143 0.28272203 0.94891804],[-0.76921408 -0.57236809  0.28408531]
60,-127.50715118626039,-118.95467896337838,36.4981853762479,12.850217497510556,11.383265097517317,16.462498410750968,10.425616983180436,1389.7092365156498,1385.0502619536592,164.55790579226698,[-0.43778921  0.65895195  0.6116559 ],[ 0.54460069 -0.34694686  0.76356923],[ 0.71536752  0.66739059 -0.20697609]
312,-330.13006087040196,-45.31182325707669,219.87592942528778,19.24421113772619,29.18355299667137,26.939511731456456,20.026494037345035,7086.911434503095,7068.451266706144,695.683465347577,[ 0.4827871  -0.64688845  0.59029819],[0.28922206 0.75401565 0.58975504],[ 0.82659979  0.11399887 -0.55112344]
181,-135.4273495387514,110.94433540653465,160.01222716613776,21.568964946018315,19.244976120834302,26.22075071527115,34.633709682326355,3230.971873408251,3227.712374430635,240.19445476010424,[0.73985502 0.64935055 0.17595003],[ 0.35603318 -0.5998175   0.71656077],[-0.57083704  0.46750703  0.67496833]
20,-243.51382293654729,-37.5051976076765,65.08956878832328,9.631386113862384,7.102665555397005,7.670083840059534,8.554117244292872,1141.2140159305955,1140.5457065956723,50.58337340907061,[-0.26607129  0.80170477 -0.53523408],[0.12557877 0.57934522 0.80535029],[-0.95573848 -0.14706656  0.25482423]
358,-386.65000048071664,96.54518267729189,165.0814785157665,28.229427815431308,32.782145095770765,41.77340310322952,30.391800018112477,8228.521816957682,8193.497841670602,987.116123671851,[-0.02626284 -0.88623921  0.46248279],[0.44467668 0.40399236 0.7994078 ],[-0.89530605  0.22665003  0.38347992]
59,-229.69200635234125,119.34084346810177,12.504772643474459,16.725692955769304,16.458995026429417,8.070181854785298,18.572405396298137,1999.0174685200159,1996.1579864140756,128.3462472842373,[0.18508235 0.2555714  0.94890873],[ 0.42493955  0.84983801 -0.31177192],[-0.8860987   0.46093233  0.04868762]
119,-382.8053313061098,43.870971585962934,280.3174181234759,12.559300187104187,25.64315196989852,13.298862818926011,9.122619795216591,5207.115715583664,5200.9663160459195,328.8335003836962,[0.58024788 0.34231943 0.73900596],[ 0.13325516 -0.93505513  0.32850414],[-0.80346466  0.09213747  0.58817959]
3,-408.88350390440155,225.47933406411235,49.62730259766331,2.7561641742067144,1.7596501379729796,3.7655269153818747,2.7172540688389355,813.3470788927951,813.3266869444308,7.25090926529039,[-0.47570511 -0.76841222 -0.42807394],[-0.12430549 -0.42305376  0.89753755],[ 0.87077712 -0.48017515 -0.10573098]
55,-312.5974427844334,-237.15660940516418,258.9788893999372,19.19483625729355,21.76092010631815,12.063042058810396,9.681723477215233,3493.8645022971077,3487.861657919468,222.95674545487165,[0.5643639  0.14386851 0.81289313],[-0.48877226  0.85178455  0.18858622],[ 0.66527819  0.50375086 -0.55103539]
7,-114.06734460616535,62.75578661111084,107.37076501254953,4.795326749995784,7.877792587746251,4.621597695792604,3.76793453705896,447.2337078316283,446.6768583716384,25.40465442913239,[ 0.59805621 -0.22821812  0.76827421],[-0.43072516 -0.89991993  0.06797029],[-0.67587322  0.37156508  0.63650199]
34,-323.6406587410023,-87.66138362633161,146.1591643235865,7.078966578168055,8.049763613847224,13.302125319629607,6.8587088410750665,2134.5911702398425,2133.7264625961793,91.20464769108534,[-0.20458496  0.97033085  0.12885274],[-0.41881737  0.03220553 -0.90749921],[-0.88472425 -0.23962645  0.39980265]
16,-243.8151806979061,-9.396709227796471,133.9470932145727,3.800244915499583,6.213226568968864,8.309459109949039,5.381357893399158,1113.9906340316213,1113.8560629549759,38.56651079731382,[0.11977355 0.95118218 0.28444114],[-0.46758923  0.30678357 -0.8290019 ],[-0.8757937  -0.03370911  0.4815071 ]
4,-245.3708622683292,-131.18889099189937,66.02857320978482,2.9747579685656773,1.4712462836139395,3.8608384357040864,1.5217851706914531,572.0207230418827,571.9461921767595,9.71933424730291,[-0.32995595  0.83691477  0.43669524],[-0.39351607  0.29854828 -0.86949067],[-0.8580642  -0.45874022  0.23083163]
19,-400.24956970318925,-75.07486342729996,79.54320844762269,4.159196692733527,8.437913880106645,9.421763596560144,5.028766119426465,1809.1951709428592,1809.103387002694,53.76587097575424,[ 0.21172564 -0.96512411  0.15397309],[0.1572443  0.1891318  0.96927983],[ 0.96459654  0.18101    -0.19180432]
2,-335.3001023865588,207.15232839297914,140.07196676277505,0.13471252387361687,0.11697664468381674,1.4378346273357323,0.6474130798005717,591.5412088625382,591.5383687363097,1.8330562835595987,[-0.51915455 -0.85442547  0.0208725 ],[ 0.29646736 -0.15712297  0.94202945],[ 0.80161441 -0.49524689 -0.33488037]
5,-273.01149345273564,-215.3495310398129,253.33181105535624,2.798762541082109,2.227127720579521,2.1570421368877977,3.005796554455003,962.0362901731162,962.0268431166827,6.481913808726619,[-0.12430581  0.81809646  0.56148575],[ 0.76278573 -0.2831178   0.58137961],[ 0.63459121  0.50056218 -0.58883912]
44,-334.1328447406059,165.2643889414711,167.7113287947794,15.084328742208045,11.100571935084874,17.02453584701428,19.50805531716558,2716.2886349932987,2714.796758652455,106.92770103338874,[0.57426553 0.51178861 0.63897694],[-0.04756455 -0.75833065  0.65013248],[-0.81728619  0.40374132  0.41114016]
2,-69.63503376568727,-79.48650717607896,25.37459912822504,0.6391811048678235,1.8390153205403337,0.5654032525758659,1.8865592439997343,153.72132735695072,153.71774438465786,1.0495454615271198,[0.02135135 0.28701879 0.95768697],[ 0.767534   -0.6185302   0.16826156],[ 0.64065254  0.7314647  -0.23350313]
31,-238.201457938076,-44.21906240967512,263.03314551850156,9.901421937969499,11.364485987654183,6.524057333692437,6.739261648053011,1992.4685737496163,1992.1110784832192,83.38017444004765,[-0.61079943 -0.47517343 -0.63335161],[-0.42787615  0.8711342  -0.24092987],[-0.66621772 -0.12383622  0.73540366]
110,-212.04960637422926,-114.05285078619221,146.53762386074172,13.167911722000134,18.978762769413926,17.22021639434208,19.276442230629137,2969.358894782306,2965.3037113513346,225.18599907949772,[0.3066005  0.48463865 0.81922006],[-0.58485959  0.77495147 -0.23956101],[-0.75095631 -0.40567919  0.52104607]
61,-308.8556975081935,-248.17269095775808,142.1515689734799,21.68960135395175,14.033104548288511,8.615810732801286,19.58006187147473,3293.584463119445,3292.13919202628,146.98501099913534,[-0.02570041  0.52023253  0.85363787],[-0.67835311  0.61815328 -0.39714428],[-0.73428642 -0.58927467  0.33701456]
10,-187.18764604965617,-36.801771649046245,148.524283664302,4.052889011581335,7.023817731297325,6.688837409204564,4.593645940678382,765.1051331734562,764.8427125840966,30.012180458886615,[-0.60482743  0.46384445 -0.6473269 ],[0.18672231 0.87280158 0.45094587],[-0.77415668 -0.15187406  0.61450444]
90,-391.98235363475817,173.49881493415597,28.184390282097397,24.225212445012374,22.47454113272221,11.082174910562893,28.286524660278094,4087.7087135863226,4085.4590413278506,191.4887562050122,[ 0.03251743 -0.08983321  0.99542584],[0.40877415 0.91004055 0.06877416],[-0.91205609  0.40466799  0.06631368]
128,-172.1801792787374,37.11519644786716,73.30125130617645,24.75588425093002,23.373834866578797,15.610975204711394,29.1556549374101,2195.358251194741,2188.29679540385,261.6024948082375,[0.4328007  0.34854918 0.8313826 ],[-0.03794586 -0.91437106  0.40309513],[-0.90069066  0.20600738  0.38251443]
11,-286.2798757768368,58.94594172265927,169.63568734547673,9.605430906175151,3.6490443283970673,3.192093697160327,7.20057880060812,1121.356474183517,1121.1419797024041,26.504977651830092,[ 0.02300357 -0.93163013  0.36267911],[0.53057663 0.31884641 0.78538233],[-0.84732478  0.17436246  0.50163578]
20,-290.8662992842297,-208.90638440245434,226.887849603784,9.015745822528832,9.972182136243312,8.816271203575095,7.470101318250247,1897.0840722253151,1896.3788848707088,63.90969460318041,[-0.65677275  0.73597362 -0.1642936 ],[0.31268852 0.46405085 0.82878387],[-0.68620364 -0.49294994  0.53490646]
2,-372.42352082018044,233.21168310784674,29.149604729124285,3.07581093784151,2.0171730474654197,1.6173411850861807,3.562299018412375,622.8207010793652,622.8151537662427,2.6286749748901173,[-0.53260244 -0.84535013 -0.04144648],[ 0.03397752 -0.07028626  0.99694803],[ 0.84568326 -0.5295687  -0.06615754]
27,-233.21730093029106,258.6191240912339,314.05410137050245,13.291716964057901,8.385406978922507,10.827594054312756,10.738035758904966,2438.2426136618906,2437.770231737786,82.1020495228031,[ 0.64289883  0.75267146 -0.14200975],[ 0.58230829 -0.35983965  0.72899415],[-0.49759236  0.55136294  0.66962732]
13,-360.3281994943376,-164.7227028227286,36.364482229859476,6.227416513493097,15.587480344670118,3.97376070258946,7.509254641931639,1435.7808344768557,1434.82918037491,55.999417142859194,[0.07772938 0.04976487 0.99573169],[-0.41715925  0.90874252 -0.01285279],[-0.90550334 -0.41437964  0.09139587]
8,-245.09281068971302,-219.52208830739693,224.7406982316183,5.477263138317883,7.117683038181994,7.047533424963411,5.312239126478737,1127.3648886014919,1127.21875156972,28.50613339980277,[0.45938637 0.33114467 0.82420105],[-0.64087173  0.7660555   0.04942064],[-0.61501836 -0.55091032  0.56413671]
8,-320.9071986191852,224.59415879134087,8.52932448877663,4.850609714250327,8.225893412052807,4.8657222128083175,6.0030597127036485,1108.4737758097585,1108.3491115387653,25.16922264899516,[0.10104205 0.10661547 0.98915299],[ 0.56480941  0.81233734 -0.14525279],[-0.81901211  0.57335956  0.02186281]
6,-236.458855384862,18.532398581596365,80.07393286076663,11.977538487203573,2.828350244283375,4.3749301138408905,11.305346803925502,614.0069834471292,613.8368989289313,16.24178574062985,[-0.14783127 -0.96571286 -0.21341179],[ 0.29242174 -0.24881464  0.92335302],[-0.94479386  0.0740942   0.31917802]
39,-292.4200582420881,-165.42998911434074,280.4192417746571,10.029424079566619,10.551089936595451,7.537459752025471,12.41414143688775,2734.671634288728,2734.224745680483,66.6759005032587,[-0.71766494  0.5545515  -0.42122402],[0.19591185 0.74121596 0.64204163],[-0.66826311 -0.37824799  0.64058791]
82,-366.2034717774338,-160.7722739251813,230.5881571240681,12.984544500762043,16.958157856276095,12.38256803440923,12.82642247275539,4185.337326419281,4183.109389559016,191.77440819345247,[-0.60606329  0.52980304 -0.59329254],[0.05772158 0.77321686 0.63150923],[-0.7933193  -0.34848878  0.49919942]
2,-282.97358736870353,63.481766704232804,257.1224509370169,1.2346354379579623,0.5369331098444619,1.0204131600177107,1.4904229467620667,548.1218742084808,548.1207202931291,1.1247093664932026,[-0.65804677  0.09311796 -0.74719709],[-0.18415405 -0.98209163  0.03979085],[ 0.73011077 -0.16378361 -0.66341028]
5,-196.69500540380582,28.191033157774132,141.58964552656147,5.2520040694006545,4.238899034969694,6.714031265781331,7.485140446480992,545.9693281932374,545.8599958983892,13.173080223844407,[ 0.31697001 -0.74394552  0.58828146],[0.49991672 0.65815607 0.56295104],[-0.80598591  0.11565314  0.58052654]
18,-217.24511142128506,-192.86805676197486,185.69542805899246,5.210626022548281,9.678582002187758,4.593136240456651,5.120322877274307,1463.4773192238074,1463.1480111140854,45.702100773725995,[0.49556274 0.2442432  0.83352434],[-0.5979818   0.79194335  0.12346456],[-0.62994868 -0.55961682  0.53851061]
18,-380.6179847507917,204.40274820501725,145.44046204788467,12.441088147387092,8.41561751073162,6.614587952469648,13.72689754690279,1935.2145736793184,1934.9707438891146,38.13419649099304,[0.49376196 0.86641086 0.07437303],[ 0.24284387 -0.21950609  0.94490419],[-0.83500059  0.44849671  0.31878633]
22,-380.38291215286915,-40.89836018755965,166.474751800121,7.179419059494387,10.76269695228606,7.453562776196719,7.146188266245318,1958.0936433006502,1957.3701809640552,61.63014922515654,[-0.38996803  0.5120703  -0.76531624],[0.12928755 0.85333231 0.50508287],[-0.91170701 -0.09802031  0.39897663]
84,-246.14971687225847,-139.96506609484055,306.8618743666047,11.824145535249695,12.593831729965036,25.79786538297872,21.617336927114174,3835.459289270929,3834.102896085778,201.64500708614273,[-0.61000772  0.78116835 -0.13291572],[0.53046029 0.52718482 0.66384339],[-0.58864459 -0.33444308  0.7359656 ]
26,-386.2183273209256,238.75495160173057,123.90669829607658,8.987175206392273,8.037026375513742,9.617645066377944,8.931961330544768,2400.9466515262334,2400.5792838715092,64.46361194448046,[-0.29063214 -0.76702525  0.57201855],[0.49212116 0.39286584 0.77683537],[-0.82057889  0.50727576  0.26328992]
16,-200.96108279826046,57.775521013779695,150.11277287584238,7.884565752406929,5.499128303447451,5.967684721503405,8.677318773519078,1030.5546979911117,1030.260168717418,29.12784705370612,[ 0.43248507 -0.47974914  0.7634117 ],[0.45093829 0.84828168 0.27761996],[-0.7807761   0.22418508  0.58320642]
2,-260.0403835865851,-0.1450922101630887,84.99819091695325,2.4163659818812278,2.831060377534141,0.20185097666960417,2.3578636000197832,386.9356770265544,386.91413870728684,4.08257570613968,[0.30471429 0.19358917 0.9325623 ],[-0.0605542   0.98108259 -0.18387536],[ 9.50516908e-01  4.41113091e-04 -3.10672517e-01]
5,-248.91187867240896,248.97893150252725,109.53213759587334,3.549915661878203,3.109411458740664,7.017665122288232,4.95898962762922,824.6494253968665,824.5492931881432,15.368030725964616,[ 0.66884774  0.73015576 -0.13969706],[ 0.31133862 -0.10448317  0.94453773],[-0.67506368  0.67524502  0.29720902]
7,-218.58596228545107,-90.42065674685297,270.45275027839864,2.3710736780085586,6.191304646284578,3.2685821389347107,3.9666064626596342,950.8278485090812,950.696487155156,16.529880244592285,[-0.78552633  0.05541669 -0.61634193],[-0.1134158   0.96621953  0.23142314],[-0.60834632 -0.25169188  0.75270576]
2,-257.76850640052095,-91.41586398356827,189.16543012133894,3.960496238780067,0.7697620006161472,1.6576121774348707,4.224458090421422,470.3276491445822,470.32514170446876,1.5357833638079537,[0.01639082 0.89132202 0.45307438],[ 0.6315413  -0.36053256  0.68641959],[ 0.77516897  0.2748842  -0.5688161 ]
2,-385.9638313664042,74.86938063582681,46.70085241785398,0.9443999049101137,2.9662185678966964,0.6183654497800966,0.4326557208412112,559.9366850206959,559.9190300587481,4.446460394117392,[-0.14847147 -0.15629651 -0.97648739],[ 0.16621058  0.96944073 -0.18044036],[ 0.97484884 -0.18909278 -0.11795615]
22,-369.44298506717126,-0.6704950828101245,119.72119797969995,12.208642251034922,8.078884017263384,9.509967964198193,11.322968408252684,1823.1843460417629,1822.5594548376553,61.98030622688344,[-0.1665395   0.84392704 -0.5099527 ],[-0.2591575  -0.53645559 -0.80315178],[-0.95136848 -0.00159843  0.30805106]
7,-129.8110138419641,-13.732033446494599,115.71042085228035,4.850646376037803,5.975829534965842,2.1432990156942107,4.667291315304787,461.97095609306024,461.7125018202914,17.182481141397353,[-0.63068836 -0.24359287 -0.73681389],[-0.21949334  0.96668267 -0.13170912],[-0.74434862 -0.07865834  0.66314252]
19,-248.0234694046387,-178.65007147636712,148.05914064261214,3.4723598545638623,8.05684670612701,10.069837803769852,8.025013284254156,1481.3053098898824,1481.1354989468434,46.52184067250458,[-0.38245969  0.84345473  0.37723825],[-0.56646874  0.10850354 -0.8169089 ],[-0.72995736 -0.5261284   0.43629251]
4,-281.5244893334365,57.31968754382639,199.69598809179598,4.784564348733132,3.714805604074504,2.673427291832885,2.65609227358997,699.867426245535,699.8212111718818,12.130505017409009,[0.33516255 0.91873278 0.20879689],[ 0.49006866 -0.35927648  0.79419967],[ 0.80467309 -0.16386118 -0.57065816]
9,-468.29560683568735,115.29418542757779,10.84752017537812,5.392111460078592,8.553983419849196,4.790088426528737,4.391869906493303,1447.5237715856813,1447.3347427756512,30.854171662202155,[0.03887144 0.06402232 0.99719113],[ 0.23683283  0.96892035 -0.07143922],[-0.97077249  0.23894454  0.02250074]
44,-38.25190403106806,-6.475890106559451,28.983739691457107,16.84082315857215,9.568073252350148,16.914659070904847,22.035392460295224,361.8658874322851,355.7835830242161,83.9073274184793,[-0.60762207  0.32367003 -0.72528142],[0.14853026 0.9433901  0.29657018],[-0.78021419 -0.07247635  0.62129944]
37,-254.7338011879449,152.04902698244769,222.41277097542724,5.599979189573764,9.440217711982582,14.192536656284942,12.220163918192572,2257.5984455133403,2256.955645532049,80.12544012008104,[-0.1866629  -0.89737885  0.39983517],[0.70277758 0.16241933 0.69262084],[-0.68648425  0.41028181  0.60034008]
98,-217.8331368063945,149.098807446745,286.43675632670715,13.21916377563786,16.80546821681258,29.436399103084838,32.459721490382556,3871.790958003048,3870.573872363628,161.1533031863933,[ 0.04946407 -0.87018587  0.4902345 ],[0.82864339 0.30977362 0.46625147],[-0.55758715  0.38316688  0.73639643]
6,-414.77449596698665,-6.5689343484061595,55.68795534999924,3.795706889515655,4.818195074212494,4.971350792322836,3.4100108165446272,1025.3597012524065,1025.313018862783,17.461911914120094,[-0.06800838 -0.79657309 -0.60070473],[-0.11536428  0.60433867 -0.78833105],[ 0.9909924   0.01568676 -0.13299618]
5,-354.36115314717756,7.6871246193341065,222.05071741875827,5.240184335415569,4.005295889761637,8.058787968140376,5.534775550344378,935.5132329074348,935.3513483987725,19.79152642237678,[-0.19479067 -0.94056443 -0.27819985],[ 0.49427944 -0.33911608  0.80042996],[-0.84719799  0.01840782  0.53095831]
6,-241.35237506432406,-179.82911418637593,42.21074070251934,5.4916667813724755,5.3955726494535154,5.431902594657138,3.7873977912546586,744.8111185750478,744.5338439764287,21.11344538691743,[-0.4390517   0.4003872  -0.80431567],[-0.42015513  0.6998007   0.57770983],[-0.79416829 -0.59158183  0.13902395]
24,-225.8391559631723,47.80694716171384,66.32381659897887,7.274535755380211,5.205141921617449,5.936882104233449,7.772479458056258,1177.5574397182463,1177.53008446433,36.36360413606047,[-0.20445177  0.31913534 -0.92539295],[0.27227131 0.92659695 0.25939628],[ 0.9402488  -0.19892392 -0.27633579]
3,-272.106717715968,-286.8631740868332,8.189809464814843,0.9575814981323258,3.9282594689135446,1.8409043328556531,2.762150369086914,685.0229540622322,684.998701640074,6.039085603587738,[ 0.34738758 -0.35429521 -0.8682147 ],[-0.6371449   0.59014642 -0.49575557],[ 0.68801762  0.7253979  -0.02072785]
6,-446.6503955359779,-190.00349218482884,19.724502101047694,2.803027363699651,1.5001301868684382,5.14274132751333,1.9639965099961314,1190.011409571686,1189.9408192269798,13.994992634748716,[ 0.35567156 -0.87122802 -0.33831861],[ 0.16766672 -0.2966367   0.94015666],[ 0.91944854  0.39111176 -0.04057071]
2,-259.588127231063,214.69418503368462,347.81098231449243,1.9812682877927443,0.093884572404491,2.1580242851632363,2.6539525935744734,684.778299323711,684.7760390997172,1.7594031876706713,[-0.71491069  0.21399351 -0.66566469],[-0.44886173 -0.87041157  0.20225441],[ 0.53612111 -0.44338525 -0.71832003]
34,-413.0249985711254,-90.88017311724445,219.50516901656655,7.014442869112802,9.344718678104444,11.241775250717666,8.404840231309588,2779.5756824368796,2779.098093035685,81.14021198867215,[0.07820468 0.86044591 0.50350458],[-0.49259604  0.47244277 -0.73085359],[-0.86673708 -0.19086819  0.46079949]
11,-298.9814008978064,338.7315317021693,94.88769563571083,3.580838649754937,2.16226084569298,6.073933715833686,3.0504139390016847,1531.325825848805,1531.227270462357,22.31875253304829,[0.75307649 0.575279   0.31926457],[-0.11597372 -0.36158741  0.9250971 ],[-0.64763098  0.73369518  0.20558573]
148,-333.92942784463514,-164.9597528473827,154.49581513251545,23.06840074354745,16.70040472049239,13.818190217548501,21.498338021271298,4917.624184256298,4915.359706420589,281.61359250027164,[0.18923907 0.43890899 0.87837775],[-0.52695525  0.80021098 -0.28632246],[-0.82855702 -0.40868237  0.38271658]
22,-445.0711794435025,140.2635665512579,74.33961447077445,8.794015486128147,12.648013519688432,7.740228756960036,8.295119177342396,2217.605730119689,2216.968965703439,71.05967750162931,[0.24149123 0.27295776 0.93122288],[-0.23349741 -0.91508616  0.32877999],[-0.94189221  0.29683562  0.15725035]
15,-405.62735849185106,-2.049795405761378,257.2873416993932,11.047147094447435,5.264877025093561,5.482096844447992,7.7693168726885675,1861.026460445838,1860.7054384345774,42.2621894359934,[-0.17109032  0.94974448 -0.26213267],[-0.50736018 -0.31299575 -0.80288187],[-0.84457904 -0.00436963  0.53541307]
21,-98.21032125307796,-48.16848802098723,104.21983713063094,6.129504882050031,4.696869093296393,10.309411141846667,8.871907094782008,694.5829784181558,693.8445321218834,42.97653041733357,[-0.58776185  0.78615458 -0.19104185],[0.48248411 0.53015946 0.69723743],[-0.64941904 -0.3176349   0.69091459]
2,-242.57857149053746,53.837421625768926,53.684663747804535,1.1493138771653975,1.432350884130969,2.2221380412381926,0.3240765737536009,359.53632607661024,359.51350318928115,4.051023727064428,[-0.05869126 -0.8249719   0.56211805],[-0.2932481 -0.523998  -0.7996447],[ 0.95423314 -0.2117722  -0.21116734]
3,-386.31421150817414,106.8783309854238,30.82576556202261,5.237560448504641,3.387399941785295,1.61749419533742,4.084385884425758,696.3905922946235,696.3377520359311,8.617871210849948,[-0.03147275 -0.38035722  0.92430398],[-0.27478772 -0.88583459 -0.37388339],[ 0.96098969 -0.26575452 -0.07663784]
2,-316.785610232753,219.11071265362196,134.51337123084264,0.6970054784065098,0.2238322364701446,2.6136624756475157,0.20031189453911225,576.9988586453976,576.9861600045358,3.828059732020216,[-0.54582301 -0.83461908  0.07408263],[ 0.31495995 -0.12243634  0.94117457],[ 0.77645184 -0.5370478  -0.32970015]
12,-264.2744162152714,38.38933371750634,203.22059102974674,9.663999288771608,6.90716329873171,6.039019833237562,4.283217004473802,1163.30365059354,1162.6663623556205,43.73628436390665,[ 0.24053946 -0.84759271  0.47299828],[0.56713393 0.5181989  0.64017889],[-0.78771814  0.11426509  0.60534587]
3,-479.7868337840639,-17.57617582360684,53.968229638491295,1.8111145890190217,1.548169524529434,1.4286065141929758,1.666629356335497,836.8212906684379,836.817179329225,3.850842648680976,[ 0.10298409 -0.72703693  0.67883104],[0.05651114 0.68563391 0.72574971],[ 0.99307642  0.03637916 -0.11169507]
23,-351.51412561986706,-37.09555636312326,14.60945184549069,4.3682492507549515,6.999774650465154,5.824955884160196,4.227529500732706,1697.125894391496,1696.9085329535587,43.995229511550924,[-0.01826835  0.51122193  0.85925456],[-0.11118078  0.85302941 -0.509882  ],[-0.99363228 -0.1048473   0.04125461]
46,-293.220323440311,124.85706817223885,246.32068283296638,14.32259256457768,6.4541154013400295,10.731268014296582,11.7439549254721,2734.574166479199,2733.3530159229563,101.91602674248044,[-0.27984181 -0.94864005  0.14754867],[ 0.62561662 -0.06361719  0.77753244],[-0.72821178  0.30989499  0.61128773]
12,-350.10745546927484,261.4223217636458,49.240140315018294,10.082597002283533,4.08012613963914,4.218513497564492,8.922771155986032,1523.6701700047208,1523.555317707738,25.878692033701014,[0.25393082 0.1604641  0.95381886],[ 0.54894825  0.78801889 -0.278715  ],[-0.79635103  0.59437152  0.1120158 ]
15,-416.61188263798977,-42.55362291255259,239.50998181430148,8.11126008912469,5.121121913759069,12.457548600620125,5.2938229001141375,1869.356029843209,1868.6546081015274,57.387687928408624,[-0.16935502  0.97810966 -0.12091475],[-0.47494687 -0.18849796 -0.85958943],[-0.86356491 -0.08814771  0.49647319]
5,-393.83468091212063,-270.7490279321645,4.9634213862723975,8.236523426823004,2.7358684603136236,4.762313109491807,6.284576411706028,1068.92896839373,1068.846155577777,17.119611940562944,[-0.31598597  0.44423163 -0.83833831],[-0.47014026  0.69418264  0.54504918],[ 0.82408798  0.56636448 -0.0105008 ]
58,-319.7283798276863,-317.81670612762315,60.41461510228663,10.016015903044286,21.025627684074554,7.939000951913824,17.206642283825015,3468.6452004523067,3466.854646577444,134.7172578061894,[ 0.38654472 -0.21877158  0.89594764],[-0.59763046  0.68048635  0.42400019],[-0.70243933 -0.69934063  0.13229384]
32,-59.30449719278164,4.567930199118705,10.6186479725155,12.980190884492117,17.117139392561437,5.374676426747606,10.256119330946401,362.8428600615677,349.8102288425625,104.89404211422854,[ 0.15925318 -0.17315927  0.97193328],[-0.06790289 -0.9840874  -0.16419862],[-0.9848998   0.03984792  0.16847706]
6,-315.72069845335153,57.152598654754094,186.38794910926666,6.966945169623432,1.2548768462495616,2.9358176983702204,7.1001085543755815,909.0966863833102,909.0849463757537,7.065290764692466,[-0.29157786  0.65691085 -0.69530604],[0.43697146 0.73808721 0.51408484],[ 0.8509044  -0.15393314 -0.50226117]
8,-403.87022853768303,-39.363408926900334,60.118660985785404,2.8119488327488034,2.692084392315831,6.174191072062454,3.660204561354025,1160.4274588938947,1160.3186027323795,17.875646023824967,[ 0.0529276  -0.96047258 -0.27329672],[-0.16709508  0.26130348 -0.95068382],[ 0.98451912  0.09598395 -0.14666008]
44,-211.31654511999167,-165.56704624351218,277.53387628446995,14.78687002994063,14.832702543230008,15.800543936550632,22.18312005582373,2566.4692445939404,2566.187966356413,92.7301296017793,[-0.55681837  0.82765144  0.07033061],[-0.62484744 -0.36157683 -0.69197389],[-0.54728327 -0.42924967  0.71848851]
14,-471.2481653878941,62.96405746672445,29.8869815801042,8.341768539281611,4.4546252863333935,5.33076738888164,8.24639388304932,1782.8420474845695,1782.7476360047128,26.378716660350126,[-0.14604015 -0.86869149 -0.47333643],[-0.00816414 -0.47739163  0.87865271],[ 0.98924498 -0.13218296 -0.06262623]
8,-434.636459045714,54.23907127180852,188.67145738446897,9.818085715481585,5.37996167539441,4.826044448451731,9.551639741970167,1349.2908611193582,1349.2562294154447,21.499463539561464,[-0.411226   -0.21385659 -0.88609172],[-0.01608165 -0.97023571  0.24162791],[ 0.91139155 -0.1136135  -0.39554698]
3,-180.6466543375193,-126.95555936383401,129.67670071088418,4.941005375981248,1.93077228265531,2.7007780902463394,4.006185184692801,443.62919457371424,443.5647716154382,7.6086605704474515,[0.50071903 0.15702735 0.85124783],[-0.50139461  0.85424753  0.13734848],[-0.70560889 -0.49558407  0.50647066]
4,-420.64007454231023,-217.1120535534408,119.96064935259562,2.3830717473217873,2.7420470582801424,5.740430766689007,2.5317039871612166,976.7457212822936,976.6821412657839,12.616738662821511,[ 0.37554676 -0.88305439 -0.28138864],[ 0.34204812 -0.15012081  0.92761351],[ 0.86137548  0.44461071 -0.24566971]
14,-303.9646071214362,-112.82041159391737,92.95199139857418,5.49282112800276,5.74323574983077,5.858815715579665,5.97948205876481,1262.43534051129,1262.3368877734401,29.25895782330008,[ 0.31567394 -0.94225173 -0.11185548],[ 0.29703091 -0.01382972  0.95476771],[ 0.90117845  0.33461981 -0.27551221]
8,-265.5126340033198,-67.68902668094405,318.9365484092941,5.125017275746287,3.307789220926594,5.421786667659774,6.807935992175749,1189.4768650544015,1189.46881441474,12.764664728259799,[0.74629531 0.13933731 0.65086744],[-0.21045217  0.97707582  0.03213612],[ 0.63146907  0.1609595  -0.75851094]
14,-320.97247002175254,230.60545220485645,76.32518326983703,10.56099091645765,7.160280876529736,7.915670722220034,11.423713631821208,1507.0971338382178,1506.7936096924116,36.342184835819694,[ 0.47577013  0.7901062  -0.3864906 ],[0.37110585 0.21806463 0.90262299],[-0.79744795  0.57286998  0.1894644 ]
2,-290.0700103158906,-294.65038560758296,83.9796445557357,2.5072469112832323,0.4151791760801018,0.48610254817209864,1.5305444643990143,596.6887568566643,596.6814627654795,2.9503476403751705,[-0.20233482 -0.0790198  -0.97612319],[-0.69740615  0.71137918  0.08697314],[ 0.68752112  0.69835201 -0.19904568]
9,-326.2526510305902,52.50299078097371,272.25312881879375,3.8921676283280444,5.621164779420263,8.249010780534778,3.835961052376633,1284.7626111530105,1284.638935671075,29.971827263232697,[-0.2397535  -0.96555129 -0.10113832],[ 0.60166057 -0.22953438  0.76506113],[-0.76192048  0.12257515  0.63596581]
4,-303.6343456263748,-183.9271193273774,207.6485545580116,2.3444401042618304,5.203063733859863,4.931989323719774,3.5370087033767192,822.6448227410153,822.5939487989754,13.312383845156248,[ 0.59269712 -0.0727046   0.80213725],[-0.32201156  0.89146877  0.31873499],[ 0.73825381  0.44721078 -0.50495925]
6,-415.7469977463721,217.03430369376795,85.02408710163238,7.827097166552813,2.789544044021658,1.0818156058372754,6.723955959855456,1167.6785777826062,1167.6311859015211,12.220585064380836,[ 0.02798143 -0.31763715  0.94779939],[-0.48814563 -0.83176807 -0.26434015],[ 0.87231352 -0.45526752 -0.17832724]
22,-464.4205950564106,36.81464413763047,114.40802807766039,5.283616866395217,9.712242640144387,8.31355373799888,5.581920923800066,2250.8721364610096,2250.383234308979,59.446753226252376,[0.23756984 0.58356536 0.77653849],[ 0.0796361  -0.80843553  0.58317243],[-0.96810054  0.07670368  0.23853278]
3,-202.40880419276814,-213.32821630484776,133.82171484432234,2.7086777056516445,1.3816289848353012,3.680618590571014,2.5833469715582726,559.6670336676691,559.6248532765802,6.972176419090679,[ 0.61242897 -0.74570503 -0.2624019 ],[0.48212491 0.08927521 0.87154203],[ 0.62648729  0.66026808 -0.4141977 ]
11,-305.0306953297827,5.182879619176002,347.80153339555756,5.071528555838156,5.43341698642807,7.626413850471808,7.220661537836206,1534.7617025943503,1534.643528666706,25.952357635003388,[0.52444571 0.72332408 0.44917588],[ 0.53880877 -0.69041894  0.48270778],[ 0.65927369 -0.01113412 -0.75182061]
12,-444.9038533466905,-80.04697577848434,93.54000675330393,5.391025956535441,7.47444476527732,7.065430502433047,4.449244562650272,1599.4489253484855,1599.355599843414,37.17226809846782,[ 0.26212289 -0.47667031  0.83909297],[-0.04883587  0.86182921  0.50484203],[ 0.96379803  0.17330849 -0.20262655]
3,-331.4161071051372,73.82152503447554,306.4764806256249,1.1888495164895203,5.545426058323937,5.053676111854636,3.387220232807096,792.3477063766128,792.2607398514773,11.780557120533562,[0.66377741 0.42506206 0.61540377],[ 0.18556151 -0.89067591  0.41504621],[-0.72454571  0.16130304  0.6700857 ]
2,-288.8835052619665,207.55119673664055,75.11498152158798,0.9442837505236525,0.15199469562691093,1.484305343519921,1.1437705788891321,514.1528124298895,514.1492926674164,1.902466599111646,[-0.60655668 -0.73170944 -0.31095062],[-0.02633006 -0.37241077  0.92769442],[ 0.79460413 -0.5708866  -0.20662229]
87,-142.9726387853018,-117.72422817889127,186.8592179564846,14.406610582916064,18.11738446789154,19.73509340024498,22.883413700217634,2469.0370537054573,2464.6103643896104,185.0002431869318,[0.34368631 0.65370993 0.67419808],[-0.76725086  0.60943365 -0.19979175],[-0.54148484 -0.44861337  0.71101351]
12,-93.94181015892572,-88.34588612243049,96.81168446624012,6.723992613450308,5.944394033190365,6.474329503993956,7.749694906723715,559.7518972310918,559.4050123138568,27.28513977009643,[-0.76751692  0.12855524 -0.62800583],[-0.26653701  0.82698183  0.49503443],[-0.58298868 -0.54733409  0.60045782]
4,-262.17487143438444,254.0038106036338,189.82453235807944,5.832935649978873,2.0658107583756045,3.720953120513462,3.73449843412314,823.0113748470693,822.9292543596885,12.346076687137522,[-0.40323869 -0.77721454  0.48304878],[0.65673009 0.1218153  0.74422216],[-0.63726301  0.61733184  0.46129953]
7,-291.3207225561435,-14.066528038120156,292.32788952128146,6.397233087413211,5.540569943876645,5.455136277732118,1.3576701237863094,1092.7694822509147,1092.6455557130232,26.40153042377003,[-0.01002722  0.99922275  0.03812296],[-0.70864106  0.01979749 -0.70529137],[-0.70549791 -0.03408761  0.70789175]
3,-327.35706449364244,321.0510357497407,82.34984056550472,1.4740908796501648,3.5789586800411475,3.328181983746416,2.438221294394358,806.9263110802782,806.8912126255318,7.766621346788971,[-0.66071912 -0.53995394 -0.52144031],[-0.26394117 -0.48318778  0.83478418],[ 0.70269859 -0.68918743 -0.17673533]
4,-249.17228935862371,48.70236280576484,180.92238537227374,3.72093759705435,1.9839783610244985,2.7328576116909105,4.281826012844716,623.5903785396711,623.5727045637497,5.2343120385307556,[-0.59979724 -0.14678317 -0.78657357],[-0.03763145 -0.97676766  0.2109711 ],[ 0.79926663 -0.15613979 -0.58033888]
8,-296.4006622499363,-39.165974881016844,120.27215238517067,10.817113364532918,7.105971768894723,5.856918888413285,9.411205935356143,912.2195159335304,912.0406809219872,30.16210296766588,[0.26497255 0.50951554 0.81864733],[-0.28900808  0.85192749 -0.4366851 ],[-0.91992602 -0.12088613  0.37299151]
81,-334.2002459869421,311.39284084233515,36.457232995487175,13.685753450308063,10.964702740715044,10.211406030070732,11.304345538513552,4127.739146136398,4125.887976837394,151.68283342441816,[-0.32081485 -0.44249879  0.83742024],[0.60419215 0.58528494 0.54073412],[-0.72940365  0.67943827  0.07958619]
10,-260.5725077879059,-194.65819194752154,188.05980210266162,6.54470720696722,7.978690514777253,2.7785883097171724,6.029736681235466,1188.550974474112,1188.2676725829851,27.88257174002932,[0.40700009 0.29144186 0.86568618],[-0.59442951  0.8041      0.00876122],[-0.69354487 -0.51815523  0.50051041]
9,-350.55019674117216,169.9389211532494,52.98546798193713,10.228199402496827,4.278472947839078,7.706050719344727,8.65252295397767,1180.099024536494,1179.8231863143837,31.04019143526542,[0.39263029 0.59038371 0.70518688],[-0.22493252 -0.68183208  0.69606779],[-0.89176612  0.43191676  0.13491144]
10,-325.2129808441223,-157.6839755624372,23.565840185672734,5.650341708002329,5.973033821301564,4.73464632377768,7.121504383558523,1145.6883714781752,1145.6300117366868,19.793855614598677,[ 0.3942666  -0.72935499  0.55910209],[-0.19600441  0.52764805  0.82654087],[ 0.89785083  0.43546393 -0.0650772 ]
7,-162.7699574391278,158.71298418399834,97.15781416878245,6.781835442651568,6.864715256191375,4.179278006135593,3.811265418772625,654.629371949967,654.268833530258,25.884588563430533,[ 0.11549857 -0.42973551  0.89553753],[0.74384358 0.63492054 0.20874059],[-0.65829842  0.6420306   0.39298842]
7,-462.8829855695763,71.5872864926984,111.6511645968756,3.733101847438912,5.052548550255347,4.030905653635941,3.542645933377036,1274.0793823949564,1274.0166405107584,17.396224683134715,[-0.27206846 -0.38115795 -0.88357081],[-0.0429254  -0.91248626  0.40684915],[ 0.96132001 -0.14861845 -0.23189737]
8,-331.35639778407864,-122.43398526971605,58.02231765939301,7.081692231190125,5.646389957618717,4.799963433623905,5.882281481672484,1012.9058891928735,1012.7193234525898,23.708615452014914,[ 0.25744691 -0.25487659  0.93207243],[-0.27720594  0.90456194  0.32392062],[-0.92567702 -0.34176838  0.16222337]
3,-257.9406490624378,300.77549105958786,70.28043986262169,2.2759582619325474,2.5008014217093173,6.018669239500228,0.554418778087772,697.0961546749132,697.0168775677948,11.918971900805776,[0.75174515 0.56537863 0.3394499 ],[-0.15497438 -0.34886718  0.92426979],[-0.64098532  0.74742136  0.17464   ]
2,-254.57630083680095,-292.699207090978,59.36297562929999,1.8120838809668527,0.3151879325918969,1.4343604757196218,1.1936087865096,554.9978775390052,554.9906421395513,2.8339390129614936,[ 0.5576602  -0.60112154 -0.57242291],[ 0.51786337 -0.28699083  0.80588696],[ 0.64871614  0.74584794 -0.15125546]
15,-347.0886132493287,-323.17434176716074,10.94844024071352,4.961921898819733,5.197388901970416,4.0131290786122165,4.848786543897201,1837.4620245279755,1837.4068306149268,25.73864832478211,[ 0.10199221 -0.07585607  0.99188883],[ 0.67398437 -0.72809595 -0.12498543],[ 0.73167114  0.68126511 -0.02313431]
