N,MEAN_X,MEAN_Y,MEAN_Z,SIGMA_X,SIGMA_Y,SIGMA_Z,SIGMA_R,LAMBDA_1,LAMBDA_2,LAMBDA_3,EIGEN_1,EIGEN_2,EIGEN_3
421,-388.2514235677721,100.42375713011704,166.71907122466658,26.705848073285697,31.912867012209077,43.68321646623441,27.361099955377416,8985.81622183413,8939.16350979851,1108.4731332356205,[-0.03007103 -0.8838512   0.46680059],[0.44924207 0.40523439 0.79622023],[-0.89290386  0.23364962  0.38487732]
4,-351.75084722390795,-178.9482120252849,76.74557169829106,3.0350307186784513,1.8650494900976158,3.734952138797846,2.6935597888480567,804.1545992532259,804.1137915677722,8.805640202508858,[ 0.47553271 -0.86415216  0.16465018],[0.09162754 0.23480387 0.96771459],[ 0.87491316  0.44509345 -0.19083706]
43,-224.32552125482366,157.6660706828263,311.4506172229068,10.185594193999828,10.422409140575217,11.968568646377035,14.478071318159532,2723.5030637537343,2722.964009742461,78.9604250315735,[ 0.67040172 -0.34447227  0.65719129],[-0.50824843 -0.85848326  0.06848377],[-0.54059696  0.37992807  0.75060614]
79,-294.16288770634674,-239.96229456836642,156.21744397866038,17.874384988788588,12.31890723623142,16.33784174711789,18.17631946027647,3654.938324617808,3653.979414606996,179.64450349415387,[-0.696226    0.62854971 -0.34669095],[0.03677625 0.51357516 0.85725612],[-0.71687995 -0.58409401  0.38068008]
129,-332.66109546787857,-270.3847864957038,184.3981158407563,21.14245938295255,12.855735135163485,24.213468674955898,13.555853220755957,5311.069124460683,5306.3501548913055,360.7149984589926,[-0.32100382  0.77114656  0.54980864],[-0.62336453  0.26501496 -0.73565191],[-0.71300295 -0.57887828  0.3956346 ]
46,-377.5573419337529,-287.80595253557783,17.167379149584878,19.57792332414713,33.10936709958075,13.943300779374285,9.728154310540031,3232.6240507660236,3224.0167115266686,268.51716401913563,[-0.03675982  0.10741669  0.99353428],[-0.6065121   0.78775839 -0.10760944],[-0.79422402 -0.60654627  0.03619166]
4,-385.0212082357527,82.55999141214014,76.76608614796697,6.307743799425448,5.771139456993651,1.0495500646671685,6.997092727271218,802.5506259995451,802.500931326187,10.120744881917044,[-0.24122723 -0.25429525 -0.93655932],[-0.14424813 -0.94494334  0.29372531],[ 0.95968844 -0.20595148 -0.19126445]
3,-393.4500027503239,-135.88220600524056,94.80304769375452,0.6302532258856949,3.2818892831799324,2.7941515319928243,1.1249502237619093,739.4717503390971,739.4385016596334,7.284439545633329,[ 0.38122617 -0.63520377  0.6717014 ],[-0.07275811  0.70370219  0.70675985],[ 0.92161427  0.31830707 -0.22205347]
132,-308.22708168357985,192.42018035105315,210.17640088985664,19.63606817138977,25.264103924859477,12.92332393392065,26.23634844762757,4836.5720615224045,4834.42090220071,260.9172610123741,[0.67664161 0.43288595 0.59562227],[-0.05772893 -0.77524684  0.62901487],[-0.73404598  0.46000227  0.49957422]
66,-48.30096113271951,0.0887276443646939,13.786840275198829,20.53463801934083,19.247503062852804,6.520878735418472,18.52035749003896,466.28827580144366,443.97014110479074,169.3687045499991,[0.24269633 0.07353084 0.96731159],[-5.61440415e-04 -9.97112457e-01  7.59370336e-02],[-0.97010215  0.01897273  0.24195425]
89,-375.25175051431137,161.3663308940847,27.773839575430276,16.164427818429115,20.71907286451473,15.34393769701913,21.144782841537886,3871.649260223546,3869.176880701555,204.36831004201858,[-0.2376657  -0.67101255  0.70232269],[0.3231753  0.62722381 0.70862403],[-0.91600914  0.39538897  0.06778509]
221,-283.19243125805315,227.1919518574293,274.61468392162027,30.842349949355842,18.391736437378498,16.230030934278,25.812760765457565,6788.081915469446,6783.084050378143,438.86096542799777,[-0.40119323 -0.86501996  0.3013046 ],[ 0.67098949 -0.05361006  0.73952625],[-0.623552    0.49886514  0.60192729]
207,-229.741491737974,-181.69804107670478,296.26773405017195,26.50717994664641,38.806311566903126,21.891967230231533,33.360487971437344,6034.541955426027,6018.575936600686,575.9715068404781,[-0.77842719 -0.03511263 -0.62675212],[-0.29940475  0.89831634  0.32153469],[-0.55173174 -0.4379439   0.70978675]
8,-242.35354081087306,-224.5050439924288,221.62570438337917,5.477005024069319,4.078651647289985,2.5549155812758086,4.72839771114236,1125.3511391741329,1125.291860204596,15.64972805257918,[-0.54746746 -0.2088636  -0.81034275],[-0.57364075  0.79870249  0.18168826],[ 0.6092747   0.56431404 -0.5570763 ]
3,-330.4980125415034,-82.58163570059263,54.143112647883335,3.145723373467885,1.8684171662870654,2.762144723929272,3.0880461275621287,597.4855434179049,597.4810062462592,5.865625997682604,[ 0.27761691 -0.64311309  0.71367668],[-0.06985208  0.72739874  0.68265054],[ 0.95814902  0.23936713 -0.1570154 ]
13,-280.8962078752413,38.5333690015544,297.7931654193753,10.470398067887508,6.817644833358902,5.89847502942744,7.47191359068776,1483.1644247657757,1482.97379920466,41.83833777664263,[-0.28612167 -0.94675459 -0.14761479],[ 0.67172157 -0.30804706  0.67371889],[-0.68331876  0.09360953  0.72409442]
98,-132.27938631884103,-123.0068396679455,31.725164424807993,18.20147255523879,14.730944393873187,17.858720460627893,19.736847633301586,1835.5420405806062,1829.3761244359184,215.88438322067873,[-0.6816685   0.73152138 -0.01430146],[0.11472625 0.12617163 0.98535202],[-0.72261051 -0.67004268  0.16993193]
32,-374.20079870089137,0.6897023027441953,121.01598077323732,11.444519142965696,8.751463353850186,12.444716978136471,13.183422740547456,2227.0566908557307,2226.279252189838,77.95052654385714,[ 0.17456438 -0.82003849  0.54503591],[0.25386421 0.57230396 0.7797571 ],[-0.95135705  0.0022473   0.30808231]
32,-242.9563195240292,-11.20975785925608,131.18437526954443,6.22009626349943,9.50198574964723,11.306899334349584,8.849651494106979,1565.2886308715779,1564.55176907478,75.52069290462218,[-0.37543317  0.67300501 -0.63727089],[0.29425617 0.73854369 0.60660244],[-0.87889888 -0.04021779  0.47530967]
33,-297.1776395088267,-164.75719760637134,286.1270982754944,12.224835085764632,10.46334168884181,17.00319536245937,20.11894888170886,2555.093379075573,2554.7126220361874,69.08593557128452,[-0.72601335  0.13892149 -0.67350237],[-0.16011774  0.91831571  0.36202012],[-0.66878018 -0.37067112  0.64446567]
140,-134.5043388112348,111.62007536859295,161.57390869800835,22.98260123312874,21.480729221471965,20.576339639340535,32.15094242742873,2847.8474607052444,2845.2144770728823,232.39122842614432,[0.65048865 0.75934842 0.01595253],[ 0.50615574 -0.44906203  0.73630813],[-0.56627809  0.47088562  0.67645832]
74,-279.2180416263547,-105.42312672334887,104.70074682040408,17.983495729376177,11.638147685230233,20.49291465153267,11.23023635484578,2731.1103286580346,2724.137908852104,236.5264285258043,[-0.19853233  0.90332124  0.38025735],[-0.42447407  0.27045731 -0.86410336],[-0.8834063  -0.33296183  0.32974192]
44,-168.9375381782588,108.79022760424945,26.75229126567979,13.316587685901073,15.324098824500403,11.815428751790556,10.700448360345453,1351.7207244175397,1348.4483579691575,138.17269968022984,[0.24220397 0.13835618 0.96030974],[-0.49651766 -0.8326758   0.24519629],[ 0.83355111 -0.53619827 -0.13298109]
93,-247.46991500306112,190.6183188331511,49.75577200796781,16.070846184554046,16.98747168790409,12.96264666088631,15.63491527458555,3059.1151959988656,3056.2886383101186,208.84465198638787,[0.34488516 0.20898628 0.91508413],[ 0.51858689  0.770177   -0.3713422 ],[-0.78238217  0.60262104  0.15724507]
36,-317.79882408002936,148.13651930523108,319.2675026693231,15.063463769614707,15.469898467471838,8.102062521328733,5.756372156721115,2848.0360217727193,2846.0219087410314,133.96772886913877,[ 0.38761189 -0.62620011  0.67648388],[0.63283155 0.71436792 0.29866822],[-0.67028446  0.31233299  0.67317669]
16,-264.21746734697456,39.447358825803796,203.10549988809916,7.585177716149147,6.928664440098502,5.23046902937625,6.125734328597868,1342.9774330476932,1342.7332587425196,39.16179404720096,[ 0.44104188 -0.57862821  0.686055  ],[-0.43063763 -0.80711066 -0.40388564],[-0.78742193  0.11731062  0.60514868]
24,-322.98254160367765,-86.98346466059517,157.20288230886635,5.255675113784107,5.690905989225585,18.0817555114562,7.520624128317436,1812.9417548436084,1811.2383880248449,88.7022644508602,[-0.25355083  0.96721833  0.01416619],[-0.41537236 -0.09563832 -0.90460992],[-0.87360047 -0.23524884  0.42600494]
38,-333.60893656467897,165.7448900453256,168.44916938606593,14.313978755243827,8.874676306555928,14.574565735559469,17.56961641645041,2523.542522582436,2522.909536756487,84.3161321131604,[0.56163949 0.38578094 0.73193863],[-0.13713365 -0.82900432  0.54216805],[-0.81593839  0.4048764   0.41269801]
7,-271.0676097856888,-64.04791501116901,297.04204631023674,6.6480248134750575,8.248420618120875,4.57159247658871,1.3857293196958653,1077.7748382745822,1077.3759115149294,30.315967876007292,[0.46921428 0.67190351 0.57304767],[-0.58026405  0.72374659 -0.37347626],[-0.6656813  -0.15727857  0.72947368]
165,-343.55398842730017,-168.9955226906246,158.9011632255517,20.280494607301076,20.376527801307017,12.576786794224336,19.881595124277304,5337.452250852646,5333.5084210982095,311.30347168801694,[0.23328491 0.37011182 0.89921932],[-0.50852454  0.83464126 -0.21160521],[-0.82884313 -0.40791079  0.38292015]
2,-182.1016870400171,63.34296425644236,60.40494389020549,1.4338083849998355,3.7790705992633384,5.448845615370505,1.73562422787991,285.8955749556521,285.7451015715174,9.274519238534955,[0.43274601 0.68345973 0.58788919],[ 0.02027548 -0.65932544  0.75158424],[-0.90128785  0.31332535  0.29917793]
5,-98.29381804023191,-90.51623265519511,144.7435409144784,4.5970651324466,5.305694953024023,1.1153803233653274,4.610148092027419,440.7548784921748,440.62137761367194,12.197140249657592,[-0.76587908  0.63055494 -0.12581617],[0.40521752 0.62526324 0.66696675],[-0.4992274  -0.45983296  0.73438794]
20,-217.14460919684421,-196.41569484436963,188.2087336001594,6.483342169219332,10.0201234781744,7.937744261788007,5.026932154607997,1557.446547745276,1557.2827436789703,59.881867335487236,[-0.77712788  0.52197672 -0.35158578],[0.08371304 0.63942702 0.76428085],[-0.62375026 -0.56451164  0.54061282]
12,-255.4375144253827,-145.2763737727549,215.63407972989333,6.897384328352594,7.317891789623203,9.02306933482898,7.336540499714982,1263.333070839054,1263.0422216471718,39.158721199195035,[0.1997853  0.68668988 0.6989584 ],[-0.68493572  0.60797803 -0.4015293 ],[-0.70067746 -0.39852192  0.5918035 ]
114,-139.43842223791933,-114.41322212611453,184.53925119439293,15.344623557172707,19.190138405867597,23.140352733586454,26.933053232478585,2777.045792390869,2771.980756325187,214.43892650155743,[0.27030069 0.71367965 0.64621892],[-0.79862715  0.5410722  -0.26350628],[-0.53771016 -0.44486205  0.71621613]
108,-249.8670446702575,9.785405939587713,17.64633880582169,14.473451471524697,26.007309754196243,10.93572764890633,14.684190591213094,2624.0439292786023,2611.564773448152,291.35685780367197,[0.07755982 0.21312977 0.97394054],[-0.02478645 -0.97616905  0.21559132],[-0.99667954  0.04086175  0.07042877]
125,-214.87121941593986,-111.05754376167187,149.89831762773363,12.39951138091208,19.83943227523743,21.559726860388302,18.64839637086433,3195.7003260837155,3193.9262713895423,287.4173621503099,[-0.65584327  0.39584045 -0.64279074],[-0.04209552  0.83099263  0.55468839],[-0.75372247 -0.39084726  0.52833782]
6,-248.77363791790057,-65.99815327890842,88.19688037908058,6.340274167968041,2.823973613561871,3.7894057986271807,4.331243111615051,666.6844745049016,666.5517977863129,16.252406972408778,[-0.03861724  0.8492818   0.52652553],[-0.40272076  0.46900318 -0.78603563],[-0.9145079  -0.24239729  0.3239118 ]
37,-303.5318721921405,91.55430012402341,288.23950204086015,9.617634774394714,11.185675431581858,16.560931321460785,8.801559377789644,2609.0881669516552,2607.631405244585,124.11990269133753,[-0.08563655 -0.97199313  0.21885093],[0.70099033 0.0973133  0.7065003 ],[-0.70801055  0.21391463  0.67302421]
8,-451.9056954969629,129.8550622297928,76.16652135010747,6.702464654438708,3.7195169619324733,5.787724070812258,6.277900017699073,1347.4885352125607,1347.3847883436445,20.58906441626965,[ 0.20382266  0.91439497 -0.34976872],[0.24149282 0.29926978 0.92310282],[ 0.94875579 -0.27261591 -0.15982186]
16,-304.432360718969,79.2283685497406,238.68360846539838,13.880879619639874,6.503063593837995,7.077641360888384,8.388166615338337,1580.7312429837434,1580.0690333982423,58.5365791592355,[-0.00106648 -0.94948686  0.31380497],[-0.63647744 -0.24139184 -0.73254791],[ 0.77129458 -0.20051104 -0.60406953]
10,-334.8355863044465,-168.8531247404052,94.09942683315138,5.541057585720019,5.678821833853129,7.766344288618808,5.007032107830928,1222.9589258404462,1222.8993928541774,31.191407204716015,[ 0.46083381 -0.88607855  0.04997003],[0.1939128  0.15547555 0.96862025],[ 0.86604274  0.43668313 -0.24347036]
15,-373.2307098933505,-160.4567105087563,46.98530901551774,7.139219695493306,8.570057764244936,9.35561018729963,8.92798165707453,1584.746435236483,1584.493962635692,44.38482416275947,[-0.29503857  0.82651764  0.47939633],[ 0.28327929 -0.40350745  0.87001988],[-0.91252676 -0.39249247  0.11508507]
4,-311.974432499988,-28.41358888266798,162.06778732897732,3.083179425402416,2.2573375502183484,3.2487298580812336,1.3517652974118726,705.4800784624464,705.4193940266848,9.661986721087219,[0.14362294 0.89010348 0.432537  ],[-0.44381496  0.44858393 -0.77575817],[-0.88453419 -0.08054972  0.45946818]
59,-204.70317575203637,-148.31420879374693,82.23633656164536,7.89968830033509,11.81637583723492,14.062618675357546,13.27601080960145,2046.9406222098335,2045.042127923736,115.24948035788131,[-0.3553147   0.77775805  0.51850157],[-0.53115512  0.28844909 -0.79666264],[-0.76917209 -0.55847071  0.31061997]
5,-430.56495833810504,-95.71708187969047,183.84753189740982,1.8063113493772847,5.428342428231099,1.2070433755825156,2.857999053505793,1068.5999480001822,1068.543368663331,11.387165981527335,[ 0.41024428 -0.10547423  0.90585585],[-0.14092146  0.97402762  0.17723244],[ 0.90102207  0.20036312 -0.38472568]
24,-249.68311956556227,-181.22458439948346,147.4278127679352,6.351247806932371,6.1238931173476265,13.950477809776986,7.8617357687753495,1676.8138258664346,1675.844080731631,70.92586403766363,[-0.64149956  0.74898833 -0.16581553],[0.23543182 0.39794441 0.88668602],[-0.73010285 -0.52977044  0.43161685]
54,-335.7230110710386,-207.66222003724295,83.35088018813123,16.83252998262309,8.254527521272166,9.561751368439039,14.39958506130287,2968.3855138923086,2967.182413886304,112.63634823831644,[ 0.36091542 -0.21986153  0.90631174],[-0.42038377  0.8291275   0.36854452],[-0.83247675 -0.51401215  0.20681868]
65,-155.6946800762818,23.586241637582454,67.83858710763862,12.919075139303574,17.061876821256373,13.718339058983563,11.29935630951979,1395.3734549670414,1387.498534053541,183.53604046686974,[0.37789986 0.67693321 0.63162736],[ 0.17738715 -0.72251537  0.66821055],[-0.90869439  0.1404741   0.39311771]
27,-345.407055362836,-16.481411875871053,309.78023712148035,7.770413180169535,17.78665119665037,9.502843072154493,7.984401831348684,2414.6468500041174,2413.090312666084,104.57300341382691,[-0.63377918 -0.27930291 -0.72132783],[-0.21183604  0.95955442 -0.18542064],[-0.74394183 -0.03528749  0.66731203]
5,-165.53902153882999,-94.22169902448395,62.86009109082145,2.7031835043686954,2.465927740306851,8.165475655361492,3.5124495582760034,448.94025111160823,448.5919063832802,18.478503814724874,[-0.45220182  0.88215731  0.13157507],[0.3385385  0.03328125 0.94036378],[-0.8251698  -0.46977744  0.31369405]
92,-365.0237889147985,-159.15920322612305,231.5879140001228,12.29673073027517,12.761125693485855,11.88244217057047,11.71656994822935,4422.44560775826,4420.691454582317,171.20745105496135,[-0.57759358  0.6898471  -0.4364592 ],[0.1958334  0.63614531 0.74630317],[-0.79248656 -0.34558662  0.50252855]
2,-374.13280506899866,-42.67909332840642,116.20652808763676,0.4820480274363206,0.2651063547242458,4.011207824431992,1.6116833786325913,557.3458718716875,557.321121062394,5.252514651832234,[ 0.13801061 -0.98704531  0.08182067],[-0.28223423 -0.11837929 -0.95201375],[ 0.94936659  0.1082954  -0.29491557]
3,-211.2827706092787,-165.68273771869926,153.21878454937521,3.9658629317352365,1.2187099334546792,0.20208417265427833,2.085569465471954,535.4934539110935,535.4575593678336,6.207732030656023,[0.17943378 0.53478316 0.82571817],[-0.70754324  0.65331574 -0.26937169],[-0.68351012 -0.53589693  0.49560912]
9,-245.41231958836048,-266.2035232284646,90.96431874111165,9.617527694711317,5.3006841759467775,2.8356814409461952,7.610356558243129,1120.4398223687251,1120.217189038575,25.140030467728156,[0.04296705 0.28733113 0.9568671 ],[-0.75218032  0.63965993 -0.15830332],[-0.65755502 -0.71293478  0.24360912]
233,-330.40864639551717,-44.142870851633575,224.49586766248817,19.025166263865174,26.944928000410343,28.00876337302383,17.865399795037458,6164.031368542666,6146.465692603641,604.2419787671382,[ 0.43884025 -0.74797777  0.49794426],[0.36325198 0.65452906 0.66305332],[ 0.82186814  0.11009524 -0.5589381 ]
6,-220.82831135279596,-117.90242213373699,198.3099412114402,2.018048345762933,4.316735058909433,4.516767945234806,2.6865183295773383,782.411506677118,782.3366369617318,14.64240163394367,[-0.64028979  0.71128506 -0.29000439],[0.33461003 0.59811729 0.7282114 ],[-0.69142253 -0.36922794  0.62097151]
110,-388.22082533754326,25.52257148798636,271.3983066095638,16.145450010929814,35.01605700623299,19.539226619169757,10.825502824561152,4992.233290806953,4980.049522791237,439.3731411156556,[-0.50190564  0.41839086 -0.75699393],[-0.27992331 -0.90668806 -0.31553082],[ 0.81837257 -0.05353355 -0.57218921]
2,-119.70854189274958,-42.69837788194172,120.52557543270609,0.5385502184113875,0.06357554176769042,0.36889439099356025,0.12972575166408262,247.71003601179004,247.70836739378146,0.9092106850079572,[ 0.20791906 -0.96855806 -0.13661972],[-0.69977038 -0.04969792 -0.71263703],[ 0.68344062  0.24377326 -0.68810138]
13,-356.9544980900087,0.9038951644435737,231.02252352614326,4.055562658815573,8.56099510763379,4.68717123952682,4.491074104262381,1533.5014923915694,1533.1637538734126,34.54915756240854,[0.50008462 0.39390814 0.7712015 ],[ 0.21248645 -0.91914763  0.33168832],[-0.83950276  0.00200236  0.54335173]
30,-247.54486640034753,-42.3590834221703,59.11597824320481,11.925217994771245,9.10158779193296,7.663216790789834,11.626240467688234,1415.7130927412666,1415.043724179858,66.9423442937361,[-0.28027366  0.48077441 -0.83084453],[-0.02596941  0.8614206   0.5072279 ],[-0.95956879 -0.16373916  0.22894808]
20,-235.6086858474725,267.30138351460334,303.5686198650436,5.910744385231229,8.281689699605712,13.889313943920587,7.466929794099094,2094.6852258370263,2093.7954549221404,69.19124448920907,[0.77490008 0.63038815 0.04626718],[ 0.38250189 -0.52594243  0.75965575],[-0.50321186  0.57096002  0.64867749]
2,-271.3387386519213,203.55635612630823,117.36471908460548,4.925286450078744,3.0034225865807542,1.3797439197650903,1.5686695428532857,507.68013785370306,507.615682328364,8.089587471818533,[ 0.03489196 -0.46387712  0.88521216],[0.65364042 0.68062902 0.33090534],[-0.7560005   0.56706451  0.32695731]
5,-201.36243725113513,73.73982648476276,218.853142956534,3.3392390764156676,7.177013283146693,5.397280673030176,5.342035722419465,685.4069926578276,685.2958520243101,17.76709458957367,[ 0.54836525 -0.49743977  0.67219731],[-0.51729939 -0.83336206 -0.19470239],[-0.65703645  0.24095924  0.71431208]
24,-388.4597949548632,236.05018393711694,124.09704692879716,9.211616457222815,9.807739615419724,10.818827993063952,8.663586786680103,2309.7249625720974,2308.918282346363,73.29930513970098,[-0.21365328 -0.70635148  0.67484803],[0.52418342 0.50004273 0.68933955],[-0.82436886  0.5010238   0.26342196]
60,-255.19428376801656,-259.0593858266307,24.06151589751936,7.8362393556529915,21.453060425278625,18.448955167296226,16.721896007174596,2831.226845779454,2826.629406033004,188.52746262658843,[-0.48527948  0.54189973  0.68618402],[ 0.52526385 -0.44671178  0.72425581],[ 0.69900051  0.71189415 -0.06786028]
57,-315.01896711968936,-316.8582048505036,57.789266400693876,9.71119566353297,18.06563736222863,10.048515058391866,13.660371819026759,3405.3431291215184,3403.3963199626633,138.65761147873562,[ 0.47201829 -0.31960467  0.82161523],[-0.53733601  0.63454711  0.55553576],[-0.6989054  -0.70370649  0.12778274]
33,-436.778487076628,-72.88236052863516,105.25538888312822,8.91864979675042,15.28198835207681,13.488548570519336,7.204832554594876,2616.907419627411,2615.8709456480897,121.00022297804595,[-0.27915592  0.63950764 -0.71631135],[0.03299004 0.7519135  0.65843583],[-0.95967892 -0.16017512  0.23099848]
5,-258.7349657763157,-301.9347794751982,165.80614084368688,7.367664147700152,10.363628402050118,5.717759259699827,11.8514537877401,963.8213049696851,963.7021814934569,16.46502359971486,[-0.74368619  0.66640056  0.0533024 ],[0.29369718 0.25405032 0.9215207 ],[-0.60056042 -0.70097699  0.38465368]
2,-149.66489064346754,94.17348728395267,34.322433966874144,1.8999775508805783,0.20140564267556726,0.94812757483108,1.6539674717850943,254.75794039353218,254.75082173054642,1.9044739866559826,[-0.39657004 -0.31613718 -0.86185236],[-0.39029245 -0.79169482  0.46999055],[ 0.83090553 -0.52275864 -0.19057649]
14,-358.08693875823826,249.21216351819197,81.32270928189548,5.526204748089429,8.648366952897716,9.341388140847563,9.866245359730817,1661.2384638731762,1660.9768139263608,36.51021172165429,[ 0.50043991  0.81455961 -0.29334713],[0.31418958 0.14486101 0.93824314],[-0.80674953  0.56170093  0.18343191]
3,-211.03397623262563,-163.52576718271644,232.94201775340443,2.1444835582617525,4.680372721998277,2.841875557000986,2.8553785202235873,613.7543531343052,613.7278403509853,8.900195045052733,[ 0.78335615 -0.51494138  0.34812142],[0.17783838 0.72232955 0.6682915 ],[ 0.59558934  0.46160091 -0.65741763]
10,-150.70909854834554,-82.7169529509298,6.857529395848081,7.7157010890082445,10.298762815876746,2.423629155952328,5.133496291195874,545.6377161138483,544.3524920824067,37.89862613901132,[-0.04511795  0.16416985  0.98539973],[-0.48010609  0.86145628 -0.16550294],[-0.87604938 -0.48056356  0.0399518 ]
9,-405.5023674463043,220.3326486331118,49.78909950157638,6.119428291428853,8.91494306739488,5.488967815026427,3.414135295439296,1392.9728859752477,1392.5833438828058,34.95598510682177,[-0.12248155 -0.42778577  0.89554319],[0.47097818 0.76920913 0.43185283],[-0.87360049  0.47467531  0.10726384]
8,-263.77245191277865,270.3909551460601,235.56330605050596,6.111357433377255,8.957361319089753,4.1693437460531495,10.17011885372664,1259.5315989477992,1259.4941891763503,15.80950436272782,[-0.64862089  0.02973587 -0.76053055],[-0.47775773 -0.79375937  0.37642213],[ 0.59248501 -0.60750461 -0.52905545]
12,-127.65591143302696,142.86254099135067,111.73787089781314,5.94216483137984,5.165164438076124,8.423688574291265,6.766862117857455,769.2401182591242,768.7802432854268,31.991246531329725,[ 0.67876527  0.71992047 -0.14488692],[ 0.456102   -0.25865879  0.85150842],[-0.57554207  0.64405756  0.50392577]
2,-327.71487345122273,17.41063512296223,254.49394132551672,3.0478339903996523,2.0367954395399126,0.6180562436162234,2.869198256998999,587.3349206188018,587.3254081000993,3.342750117217604,[-0.51708448 -0.58382753 -0.62591458],[ 0.33150206 -0.8107929   0.48241191],[ 0.78913245 -0.04195574 -0.61278846]
12,-433.20037633341866,172.35023348789755,40.00175267840183,3.688872303997565,6.057707152106936,9.097251868920688,3.866239510655752,1621.4060718449182,1621.1196829861258,37.71301948650544,[ 0.28674747  0.83129188 -0.47616141],[0.24651762 0.41626908 0.87518519],[-0.92574562  0.36833932  0.08556398]
10,-237.4439779062845,-29.81087627402482,180.39729699195215,8.54514235080342,4.59857605744573,5.683580121613618,6.482780255943944,948.3311105057694,947.9363208376609,29.060976212447763,[-0.32422096  0.90444358 -0.27724102],[-0.51657398 -0.4147918  -0.74906547],[-0.79248476 -0.09964723  0.60169622]
62,-269.6696505904867,-197.0087229483936,340.00582274970816,12.215564473952636,18.463470819997674,9.855105181014453,7.298896035799072,3756.6506215661916,3754.0101475151437,181.4621930761485,[0.57613182 0.4208379  0.7006908 ],[-5.90030117e-01  8.07381205e-01  2.26219382e-04],[-0.56562938 -0.413559    0.71346504]
7,-221.29785439958576,-191.55187121597154,65.00329274160389,4.409882905528693,7.470575385658678,8.331140982987225,4.119422363345694,793.7145278270806,793.4801257310644,29.931090142647136,[-0.64357743  0.57015023 -0.51062393],[-0.20273373  0.51633297  0.83204525],[-0.73804277 -0.63900624  0.21671156]
6,-188.83261808190915,162.94221986804075,211.08401306784097,8.829240468326365,7.325610260418428,4.559549610684869,4.177153914282043,800.9263072606755,800.4449486518095,28.398449655559567,[ 0.21662147 -0.66943638  0.71058432],[0.78687951 0.55054505 0.2787845 ],[-0.57783716  0.49875353  0.64602564]
21,-401.0904636704642,-74.93079070282629,78.51119654648171,4.0021115551639594,8.877586705899494,11.162116129003293,5.136466562348521,1905.0202070725998,1904.5851133905746,63.728252023397836,[-0.24673022  0.86761027 -0.43171359],[0.08613735 0.46335716 0.88197534],[-0.96524844 -0.1804233   0.18905786]
10,-305.87042817158493,-30.680862199559026,120.24500313894077,6.746419966902001,6.135254516664073,7.570230869846454,4.939546646736163,1044.3818733824135,1044.0545174591991,34.115157042501046,[0.10577141 0.86544566 0.48971034],[-0.36060935  0.49233267 -0.79219281],[-0.92670023 -0.09280278  0.36416251]
2,-305.0962016224238,179.11109388100184,86.25355865870986,6.070032399352215,1.373066183935407,3.033875619550024,5.128519056493502,515.0768633559863,515.0348781707975,6.57643005232668,[-0.39079709 -0.23740847 -0.88933394],[-0.38104607 -0.83776875  0.39108492],[ 0.83790305 -0.49171205 -0.23693402]
4,-196.4916813936286,218.24375236956823,279.03460391903343,2.2783913356348533,2.066932673737446,3.1409587584263075,4.150646615432252,810.2314258889754,810.2273130756523,2.8949544943351864,[-0.00664796 -0.78993939  0.6131489 ],[-0.87445981 -0.29283009 -0.38674356],[ 0.48505242 -0.53874512 -0.68882352]
2,-206.40215060165264,-119.18048289755751,269.43461091004906,1.144151496475061,0.8250222694455047,0.6416116251882897,1.4103992364677254,508.7302747877335,508.72946459117264,0.907933027046944,[ 0.63141116 -0.76140694  0.14689937],[0.52162427 0.55721589 0.64607938],[ 0.57378399  0.33131546 -0.74900067]
5,-240.07459805185962,99.92268742083516,71.82515613363168,4.014781248667736,2.9058489976126354,3.763130906287779,3.878313398314133,603.3860279496859,603.3121758758833,10.910864940369965,[0.42320495 0.88819986 0.17888148],[ 0.17007982 -0.27180357  0.94720413],[-0.8899272   0.37043735  0.26609349]
10,-208.81904231555797,197.8595189445568,219.59546448672307,3.3593454007591337,5.973925400397219,4.913549134009523,3.734575114399583,1144.668907121544,1144.5967540322304,23.930662926015376,[0.81338892 0.45223401 0.36590007],[ 0.0743321  -0.70464009  0.70566074],[-0.57695165  0.54677851  0.60676195]
12,-323.7944891918524,-162.30046955558063,26.696596642887997,3.8283010373221305,4.000943484458132,10.276827804220877,3.9087539017234523,1258.6597864365608,1258.2197394345944,38.18107477656065,[-0.42392019  0.8806301   0.2116183 ],[ 0.15945503 -0.15743371  0.97457105],[-0.89155245 -0.44688394  0.07368157]
33,-284.7517210750665,120.0857308930364,237.8841434895141,8.192246588792749,8.684899261992076,16.438310684418386,12.79150289907944,2243.0256502348516,2241.8907683914163,90.22852824137108,[-0.15612593 -0.94423234  0.28991375],[0.66576131 0.11622205 0.73705788],[-0.72964825  0.30808721  0.61048808]
63,-331.9184991808781,313.450389784749,39.722861434211524,14.19638960262981,12.80389371878106,12.640923828843905,10.881286081835201,3641.356734871202,3638.810738907319,160.08856594286834,[-0.36506894 -0.4870476   0.79341622],[0.58484735 0.54310112 0.60249046],[-0.72434677  0.68397793  0.08657915]
17,-162.34947089979462,-180.87602464080408,202.4492932605719,5.299985960298348,7.8445554440328955,14.419261861766634,13.415447781999896,1306.0819155093543,1305.4861121118477,44.55763524365595,[-0.62101188  0.76210407  0.18314374],[0.59290415 0.30393167 0.74571457],[-0.51264892 -0.57168429  0.64059984]
2,-367.36546765559,-277.16322951808104,16.638140902048093,0.12321061111839526,2.656898628233705,1.9565996550286053,1.4301271727160838,651.2519833808796,651.2383830671729,4.208833280564249,[ 0.42795565 -0.52298376  0.73711732],[-0.42477904  0.60349747  0.67479891],[ 0.79775731  0.601896   -0.03611761]
8,-310.51566776036896,156.63237233157474,262.83465248731574,4.793976595924687,3.2352136168234775,6.039864876011904,3.7493174626624133,1233.178693004119,1233.0915131788372,21.124497406885105,[0.45274203 0.89163434 0.0035855 ],[ 0.53632218 -0.27553448  0.79777144],[ 0.71230834 -0.35926168 -0.60294932]
51,-441.4653615656239,-141.87652371240372,101.56910427491289,8.195841121487305,10.13187104895975,11.292201751874426,6.60746732352109,3391.4484294059985,3391.136747312243,113.84756602751432,[-0.10979644  0.78152184  0.61414033],[-0.35072591  0.54766952 -0.7596377 ],[-0.9300194  -0.29880044  0.2139678 ]
5,-228.31305650490407,-138.67827278023657,208.59583834500762,3.2049315088271286,3.5229079451855823,2.7281941512404275,2.1975111032497874,757.9232148269248,757.9144739121525,11.255870716886218,[ 0.73091437 -0.49209137  0.47287447],[0.10936568 0.76838846 0.63056984],[ 0.67364926  0.40917632 -0.61544408]
25,-469.47485144381113,26.798620009083198,116.20639184576947,3.157520431636299,10.113336907824193,10.510949109076265,3.3786425408541465,2422.9270339744153,2422.128744600826,72.73097708015347,[0.20627396 0.71446446 0.66857429],[ 0.13449064 -0.69748514  0.70386557],[-0.96920757  0.05527216  0.23996181]
24,-286.409853196759,-202.27520431692392,235.01274508058964,6.517435120364409,8.570265333399973,10.314225239107286,7.207257764266224,2069.03516315731,2068.3618776073113,64.28395469824403,[-0.04248744  0.78225792  0.62150411],[-0.73357532  0.39789009 -0.55095438],[-0.67827875 -0.47932872  0.55693978]
6,-415.6816031535007,-45.943099201248295,175.2790438854282,3.156721600859194,4.786862589853115,4.84826102351382,3.906522042650898,1110.8585963316834,1110.8189339158178,15.734403217988795,[-0.19229518 -0.7360384  -0.64905319],[-0.35033109  0.66930382 -0.65521029],[ 0.91667371  0.10138973 -0.38656103]
13,-466.84280575054885,62.26081915364863,30.573344225650995,7.8400739391474765,5.747877275339676,5.795821191225848,7.9784760100427565,1702.1443771476002,1701.9947859974566,28.908905726190984,[-0.14431986 -0.78894193 -0.59727918],[-0.02785616 -0.60011981  0.79942495],[ 0.98913892 -0.1320108  -0.06463231]
2,-234.40565239647964,-123.00286953503577,84.72713732127959,0.11465518856509505,0.32661025231492147,1.5151309361850451,0.5096979808591584,393.08222811456153,393.07674414663956,2.0763599364356846,[ 0.38887225 -0.89410343 -0.22216533],[ 0.37087702 -0.06881744  0.92612871],[ 0.84334371  0.44254178 -0.30484122]
3,-296.90309303373004,81.12696048824577,325.87248535515954,1.7011823120373462,3.767528979844772,1.0118635373139881,1.234227715912168,776.4215842774702,776.3916106638605,7.050236635739102,[-0.71668393 -0.43577901 -0.54448214],[ 0.21824787 -0.88166465  0.41837222],[ 0.66236849 -0.18100858 -0.72698272]
11,-352.4092282070658,-37.329543553210186,16.827486541411385,5.40953827825823,7.513519097841007,8.85168714641168,5.560367495114343,1177.2922715254922,1176.9595515466272,38.40492939399056,[-0.11222678  0.78284448 -0.6120128 ],[-0.02705761  0.61326783  0.78941146],[-0.99331417 -0.10515271  0.04764318]
2,-249.20897143179977,-41.332248383525624,152.0601754303035,0.40743708395010003,0.35483373289513764,0.13755021684963253,0.4650482854554241,416.97979323330594,416.97956645573424,0.4348830630329959,[ 0.53238695 -0.30524551  0.78955007],[0.04674057 0.94189913 0.33262794],[ 0.84520971  0.14018276 -0.51572216]
8,-441.89770228807134,-123.8280819041856,24.055486987782402,8.171866379067726,4.811844687645822,5.599888246994412,7.203763321728029,1300.1127524879503,1300.0255513069328,23.47983152144385,[ 0.13788241 -0.63920846 -0.75657187],[-0.23719756  0.72032867 -0.65181587],[ 0.96162662  0.26933094 -0.05229803]
2,-319.0169737075215,252.17311528198528,204.90404911765057,2.260021488056367,0.47461092023235096,1.0780635985780833,2.331290243946057,643.9802389873623,643.9785926552491,1.4561620736840544,[-0.37240488  0.25415856 -0.89259063],[ 0.60867099  0.7929225  -0.0281697 ],[ 0.70059562 -0.55378456 -0.44998715]
12,-368.8420208640543,220.36705010584964,8.530461024578498,6.473962890658194,10.589009546480536,6.57994643495655,9.160944601295961,1489.297201952395,1489.1829376762412,36.827546030973046,[-0.0571327  -0.13395176  0.98933957],[0.51018756 0.84787817 0.14426105],[-0.85816345  0.51299077  0.01989896]
27,-253.96892330706336,139.36591365275038,217.75076555988562,5.022757514815071,20.6503631511394,16.852284542931848,19.00029074229174,1887.9901528745809,1886.119953971347,100.23910157579229,[ 0.37021934 -0.52411211  0.76697075],[0.6115223  0.75900852 0.22348724],[-0.6992697   0.38628042  0.60150588]
5,-104.00725281319953,117.67281532140127,82.95589167097258,3.9055941952774105,5.503715782328018,2.039043198164054,6.150849283931485,397.4396035938162,397.4182611248315,7.636123954545254,[-0.74368712 -0.21008818 -0.6346593 ],[-0.32256066 -0.71876264  0.61590169],[ 0.58556306 -0.66275428 -0.46676833]
2,-389.37404680265143,44.56097275379172,218.98168759234156,2.5688082272221777,1.2659086302791174,0.27646796816262054,1.9674299079291302,634.9158776592901,634.9089368826707,2.968765801416813,[-0.28106711  0.71109646 -0.64447119],[0.41080256 0.69605506 0.58885364],[ 0.86731917 -0.09924302 -0.48775843]
13,-430.60246377624077,130.58388978807778,58.32704908634551,12.72014458207582,10.296715984218991,5.064592362595891,14.461156981333247,1637.0185557509565,1636.887894000476,32.98872021341048,[-0.15581327 -0.07391363 -0.98501726],[ 0.27428402  0.95474424 -0.11502915],[ 0.94894178 -0.28809756 -0.1284885 ]
3,-179.798327023721,-157.36526948279763,227.0271424373835,1.1721200899485806,2.809331904225686,4.06180672195904,2.1152840105980797,570.942165344743,570.8866731955409,7.973466562415089,[-0.83798675  0.32431409 -0.43886054],[0.01390199 0.81665645 0.57695665],[-0.54551346 -0.47738099  0.6888559 ]
31,-417.96074099890603,-93.82979094079928,221.29558018031403,7.005252419918534,7.694165290088641,10.618206000223834,6.166476783101215,2685.467834534534,2685.001128939341,75.40058499401852,[-0.12791092  0.97663465  0.17269499],[-0.48189018  0.09098973 -0.87149453],[-0.86684523 -0.19469369  0.45899207]
6,-313.5987980575691,53.438051142582275,307.1775536157076,5.986205836391734,3.717791242548678,3.7790458104303117,3.5852235492066584,1083.3639919969974,1083.272015579487,17.49359079208987,[ 0.16681287 -0.92845996  0.3318668 ],[0.68500749 0.35122031 0.63828601],[-0.70918136  0.12085692  0.69459009]
45,-243.64748953184605,-33.598988403477264,265.2741173683909,10.156651860784745,17.696301111938446,7.327306598841478,5.902823908582626,2430.420615520022,2427.64697545686,139.9560921130882,[-0.65742966 -0.37828231 -0.65168146],[-0.3376811   0.92105427 -0.19398583],[-0.6736154  -0.09252848  0.73326719]
4,-185.9678269533219,-179.08265226601122,247.86277291234632,6.135539443817085,1.8341910788137605,1.3801570740236293,3.412618923527591,715.9035167119231,715.8387967506952,11.178054624494498,[-0.18350547  0.85701546  0.4815083 ],[-0.83439122  0.12317902 -0.53723201],[-0.51972786 -0.5003513   0.69248215]
2,-223.23231541508994,166.63927541041642,172.79240255605123,4.883550321809608,1.6605661211104348,0.37787750338840453,3.970367419588001,463.64917442173686,463.62548716904246,4.686639438477406,[ 0.32206841  0.85435883 -0.40785161],[0.65758929 0.10803586 0.74559009],[ 0.68106407 -0.50832986 -0.52702227]
6,-208.69124847701778,80.58091935794637,256.1500153026124,4.923920358838335,6.441176195068643,5.0983525270224295,7.183133203000469,833.3617497665306,833.2264963831063,15.503166862032737,[0.77922566 0.33569063 0.52926286],[ 0.12735644 -0.91165578  0.3907225 ],[-0.61366743  0.23705596  0.75313794]
18,-210.83722566941287,-240.6238125120702,351.99013002949386,5.130972966607973,5.268075192449324,8.802018579023667,8.537453880985034,2018.5986505588123,2018.3961976235735,32.30623773485703,[-0.37031726  0.8551246   0.36280442],[-0.8163906  -0.11328743 -0.56627939],[-0.44313825 -0.50589315  0.74006797]
4,-71.16756831753092,50.165471041683986,40.334002871434166,4.032752948599496,4.881385473403501,2.2080812480325807,4.1441567034761935,192.2920030225416,192.18931179019438,10.612237041610975,[0.66886133 0.62241115 0.40648355],[ 0.04774712 -0.58163937  0.81204424],[-0.74185223  0.52373657  0.41875443]
2,-306.4799542387757,187.61346942977121,112.70839701591368,0.35877473588817566,2.3605738686919153,0.5029330075018024,0.733467493144019,532.6122660800919,532.6020973207404,3.291186491104768,[-0.41122138 -0.12973065 -0.90225658],[-0.4106613  -0.85731384  0.31043562],[ 0.81379007 -0.49817962 -0.29927043]
5,-202.31591448435705,100.60222758196483,198.52844480548904,4.43043874709783,3.4396934103109507,4.958314295265705,3.3935916826206523,672.7543748333985,672.6067584583959,14.93183369241956,[ 0.13758939 -0.81995634  0.55564445],[0.72711928 0.46454233 0.50546807],[-0.67258212  0.33447275  0.66012217]
14,-179.40088420402117,198.1207885920234,239.199910115962,4.005866275439227,8.951523812038621,8.087129558717027,10.616709450316243,1342.7938629490327,1342.7725201376136,26.042037255113758,[-0.68397934  0.22045616 -0.69539294],[-0.53126196 -0.80379521  0.26771999],[ 0.49993299 -0.55255076 -0.66689929]
3,-143.07425190661286,119.9072498472392,122.7653558425717,7.373770867787496,2.224008398555628,4.079700865167738,3.5417133074541525,387.272832572343,387.043724108241,13.733940222263422,[-0.06387314 -0.75019209  0.65812768],[0.76523714 0.38648691 0.51482034],[-0.64057188  0.53650694  0.54938872]
6,-170.2551765733771,151.97696095386254,101.57126788262588,6.291420919754193,4.130789640380029,3.293178628030924,5.653230336931451,612.1708977571108,612.086156977479,14.620011131061153,[-0.00834803 -0.56205214  0.82705967],[0.73159541 0.56040301 0.3882224 ],[-0.68168796  0.60831395  0.4065165 ]
44,-233.09494010871484,112.2520310876264,15.48317744285859,19.939585574248802,14.950470482990776,11.431256563765418,18.662505144758953,1727.9099146577416,1724.4328915392841,134.4722484026942,[0.23894413 0.37184179 0.89701694],[-0.36466709 -0.82179662  0.43779931],[ 0.89995756 -0.43172213 -0.06076501]
5,-383.68830538839865,105.89731935345216,86.89395849268108,0.9269780559482644,3.372983728773934,3.862607985658164,1.7542570887200977,911.0430090688822,911.0253772926543,10.960731794414054,[ 0.17184493  0.91729817 -0.35921217],[0.28903919 0.30163978 0.90855368],[ 0.94176731 -0.25995674 -0.21329986]
10,-118.6103339005975,56.03985750143956,27.615318597760982,6.367409177556546,6.9086497427505815,10.731052912293583,8.39357031129145,425.8592384139563,425.25578076230994,36.0508238030059,[ 0.36684698  0.89776476 -0.24380674],[0.29027787 0.13852624 0.94686284],[-0.88383372  0.41812547  0.20978331]
6,-153.62913290317667,-143.5369564179252,108.38365348652981,4.3783102372682094,3.8696281383049698,6.1215972846722755,7.3471211073843685,579.7688286858111,579.6901738566851,10.403588627223101,[-0.73051845  0.66517585 -0.1545441 ],[0.21119884 0.43527947 0.87517246],[-0.64941346 -0.6066901   0.45846405]
2,-305.6628894156089,30.68244999904552,5.989843891643297,0.4092052021426298,6.672020060773203,4.266688455895379,0.3422437712516171,434.6722463297086,434.52781319577406,11.204520900667305,[-0.03736051 -0.53674527  0.84291679],[0.09466513 0.83781135 0.53769011],[-0.99480787  0.0998832   0.01951001]
12,-377.6102541206266,205.6034667425913,144.20418726761505,7.732778104955908,7.034294517789754,5.379287402500909,9.693225889304136,1571.4359371010523,1571.3516605873676,23.05385010744755,[-0.34019308  0.03446856 -0.93972367],[ 0.43703039  0.89064215 -0.12554282],[ 0.83263023 -0.4533966  -0.31805411]
