N,MEAN_X,MEAN_Y,MEAN_Z,SIGMA_X,SIGMA_Y,SIGMA_Z,SIGMA_R,LAMBDA_1,LAMBDA_2,LAMBDA_3,EIGEN_1,EIGEN_2,EIGEN_3
50,-232.44499307624992,118.43079530776781,14.778612045240486,16.147934616631776,17.32329209078151,10.855853040381204,17.086054242794823,1855.9086755671187,1852.3661702146246,140.37907176745975,[0.24180475 0.36126509 0.90056538],[-0.38783941 -0.81476146  0.43098069],[ 0.88944424 -0.45348793 -0.05690035]
14,-262.7410812899001,39.43707621824368,202.3354103604916,5.966456550328108,9.090740344827962,8.22822468725109,6.27951160079381,1250.2552492512407,1250.11795416588,45.289047745308366,[0.61582365 0.21926409 0.75675921],[ 0.04353165 -0.96849751  0.24518883],[-0.78668052  0.1180501   0.6059686 ]
229,-283.930209200057,227.03076612898064,281.0867170589152,29.507150208243203,16.418835893099054,17.74558582547138,18.597374119738333,6973.654170565288,6964.188377697117,500.12547396583494,[-0.43968464 -0.86217016  0.25167447],[ 0.65066087 -0.1126052   0.75097304],[-0.61912669  0.49394604  0.61049116]
174,-257.76733866356386,-210.6176753219769,321.8748762398989,16.978253634309095,27.331897839633505,18.378260193571204,17.636334686438957,6125.197428430584,6114.597594694307,430.3438016500986,[-0.74243862 -0.10330829 -0.66190051],[-0.37280903  0.88462244  0.28010099],[-0.55659529 -0.45472029  0.69529213]
117,-228.862777606773,-150.7691237452738,290.0965030083482,18.715609117005897,14.477076459368726,21.679051026119428,19.405105988607836,4327.30296941541,4325.277617502,274.8232643234085,[-0.75574602 -0.09926392 -0.64729794],[-0.31576477  0.92118424  0.22740319],[-0.57370773 -0.37625294  0.72752537]
49,-433.9097419425527,-129.4957735264748,109.89615654254969,11.362659500377736,15.854722114465066,14.224891440244527,11.75107701239449,3265.5364459004945,3263.397616008214,147.56538562908682,[-0.36379534  0.7502122  -0.55211829],[0.02273919 0.59970907 0.79989497],[-0.93120131 -0.27844334  0.23523058]
22,-254.2820042582521,150.7205629653273,226.58626144199732,6.9303579254379155,10.13826052893801,12.715969258078456,12.805137493687997,1748.5699756983981,1748.307240889834,56.91308714546574,[ 0.25220928 -0.65122229  0.71575136],[0.68616395 0.64190601 0.34225095],[-0.68232654  0.40480391  0.60873991]
24,-416.9559805790921,-25.65371982102467,247.23607087235118,6.685142595121868,20.495469597081325,9.446300836271174,3.510059742586315,2380.632694231007,2378.388242518136,113.93200908134591,[-0.48414629  0.40765032 -0.77422451],[0.1666121  0.91160192 0.37579562],[-0.85897775 -0.05294488  0.50926816]
159,-130.73634833080916,107.27449220571707,159.1289377611807,20.505064463319236,19.487674472839537,21.92065564446568,30.7349662017241,2959.473439530908,2956.5664329427573,233.77195024293493,[ 0.58635531  0.80749556 -0.06433018],[ 0.58231842 -0.3649731   0.72642955],[-0.56310985  0.46340648  0.68422345]
420,-327.26058728164946,-211.94969916755662,158.49173164899105,28.190655699851938,49.893557708311185,20.313170655470376,27.277706086151266,8707.925360585265,8651.29003967869,1109.7555747415815,[0.27562459 0.26544187 0.92388944],[ 0.56786406 -0.82044702  0.06631063],[ 0.77560395  0.50636677 -0.37687027]
325,-332.51168199558106,-44.03019105943162,217.92028060590584,18.79815893994281,29.626756444096475,29.32165514798258,18.878057117054123,7252.102838112836,7225.255755086367,745.9917662973801,[ 0.46905497 -0.66469275  0.58152471],[0.29920088 0.73911187 0.60348362],[ 0.830943    0.10907429 -0.54556075]
26,-382.87058594499825,85.30077653624758,73.73466506314108,8.63591470563409,6.457878612901206,4.43827539042912,8.879427330026136,2035.8871982959993,2035.8045127607425,38.54351285052323,[-0.12689998  0.25787503 -0.95780837],[0.25239651 0.94222632 0.2202398 ],[ 0.95926659 -0.21379906 -0.18465526]
8,-360.6883968012211,199.8643127995095,205.47323350653727,3.1624659026278916,5.609348181570265,6.070409573080028,3.1314227184232317,1303.3232957131047,1303.1615413787854,23.435921370261077,[0.61761242 0.45524197 0.64133427],[-0.07513703 -0.77756297  0.62429981],[-0.78288525  0.43376327  0.44602702]
106,-181.9749498523021,47.98858513311677,74.32033701098653,22.204311709630232,23.7081684300476,15.10012415611071,26.643292598911877,2112.5877504661066,2105.2725534168558,237.44021915220392,[0.42291752 0.24061647 0.87363865],[-0.12539273 -0.93928764  0.31939848],[-0.89745052  0.24462715  0.36706965]
74,-128.73272974398458,-119.69517559839642,34.63517416004286,16.359434719289794,6.696743956339595,13.25819860522089,13.057704692879911,1549.7646868614036,1548.4816486438795,152.629283730189,[-0.45930288  0.66815844  0.58532484],[-0.51925768  0.33267186 -0.78721083],[-0.72070266 -0.66550262  0.19414926]
3,-260.43687805392733,48.873685169063,119.80916275885845,4.395675923836247,1.104744695154216,0.9471379051556342,4.500649709027184,503.760712863004,503.75757702759887,1.8774853073950095,[0.26779643 0.94302999 0.1974323 ],[ 0.3552836  -0.28713079  0.88956701],[ 0.89557726 -0.16807841 -0.41193569]
33,-172.9494946133168,105.54537497808852,47.352757960716154,7.633696801834144,10.765451355753914,16.480842414759767,7.716552052320444,1200.1894276088017,1197.3647265966374,112.53902721275895,[-0.48035472 -0.86080683  0.16813965],[0.28109823 0.03049666 0.95919432],[ 0.83080872 -0.50801728 -0.22732206]
57,-364.70177257324826,-155.30404598367588,237.36604430709346,14.034034618569144,12.405579142178695,13.308067113444642,13.600655952901871,3491.873398344853,3490.378409635,140.61957995770337,[-0.56900647  0.71447338 -0.40713564],[0.23011467 0.61366001 0.75529374],[-0.78948013 -0.33607914  0.51358732]
195,-383.8628854874708,119.51516217697966,201.11198248230843,23.27600735236282,21.06686672113313,28.54903110980062,17.585810567580182,6300.18722020635,6287.355810761077,538.9673041059542,[-0.04184336 -0.89190985  0.45027319],[0.51871793 0.36577929 0.77274655],[-0.85392087  0.26589909  0.44734419]
99,-304.4596075122039,191.38551507132232,212.7007972940837,19.641079673457373,18.28976932542695,15.63278310506735,21.692495273115604,4166.926045177014,4164.4639704272995,221.3146688780734,[ 0.49652344  0.86527162 -0.06906151],[ 0.47151581 -0.20205966  0.8583966 ],[-0.72879168  0.45877763  0.50831661]
19,-244.36174233704764,-11.980432906408922,132.098600314274,5.650554806824112,6.240622069359482,13.400437084531747,8.748671372430374,1213.7928671457628,1212.65327160787,57.72937175182925,[-0.23373269  0.9072033  -0.34978736],[-0.4167241  -0.41850457 -0.80696651],[-0.87847029 -0.04284964  0.47587168]
6,-385.83831358637116,-218.94129356323603,105.34070230938941,4.166814438134601,6.722361779781528,3.839997708448345,5.904879151248208,1117.0660193088497,1116.9931156175824,15.979953034316978,[-0.06587793  0.5244219   0.84890622],[ 0.52885058 -0.70308637  0.47538051],[ 0.84615434  0.48026163 -0.23102295]
88,-377.17503840317755,171.48448740107804,28.09594661300366,15.46488479206015,19.320662598025887,13.526856830941512,19.902883594622228,3902.6885962118185,3902.168919140974,185.96518906365336,[-0.16390056 -0.49832945  0.85135443],[0.38598457 0.76182307 0.52023217],[-0.90782846  0.41387602  0.06748425]
75,-329.56259649416313,-204.29115812905022,87.55899790898818,21.108327418772653,15.123012831682383,14.756985226177473,14.431181158308005,3450.4640133897647,3446.5409680972825,226.72197043800418,[-0.05770074  0.47091779  0.88028805],[-0.55535319  0.71759506 -0.4202858 ],[-0.82961042 -0.51312158  0.22011993]
24,-139.24405124278908,-85.16087689628618,153.70647769301507,7.872700800075284,14.931457414996096,8.22731047639351,11.741695568590785,1101.690784842685,1100.4120163287432,71.48830622392074,[-0.65020622 -0.23833843 -0.72140604],[-0.4386156   0.8930628   0.10027557],[-0.62036137 -0.38161974  0.68521394]
165,-237.1871092635892,-113.06829679050765,130.50831414705908,36.31572950657199,9.571241072812262,21.948789905570266,25.429395438890275,3807.855571561458,3783.3054721841327,464.61957462658427,[-0.21404836  0.89678821  0.38723922],[-0.54217844  0.22068508 -0.81076546],[-0.81254283 -0.38349577  0.43898195]
11,-431.27756206156084,-56.270009329743765,112.69339878724504,5.257148124135136,3.5746370391976425,5.7128046682392375,4.293865092666664,1490.360974561854,1490.2658129452273,24.516257515684945,[ 0.12634286 -0.99191848 -0.01162796],[-0.25019055 -0.02052    -0.96797914],[ 0.95991779  0.12520646 -0.25076119]
87,-382.45608999996335,37.60141750618229,278.0270226401905,10.338150509483592,22.717814758154606,15.246534468975609,9.962079583786215,4430.757872211524,4427.075391013298,256.3585753132159,[0.57330429 0.34928465 0.74116289],[ 0.14603141 -0.93365827  0.32704291],[-0.80622392  0.07926204  0.58627682]
10,-447.283297659239,133.31216044198203,77.92085933780527,10.015814107942147,5.7084513944230375,7.22893120503606,8.960657828808525,1496.840224617728,1496.7443286581254,32.43116782141159,[-0.31661534 -0.67092904 -0.67052886],[-0.07832617 -0.68598938  0.72338342],[ 0.94531463 -0.28155424 -0.16464346]
63,-299.97899512433867,94.40118487473423,300.9235650113344,15.949539878414033,20.14581466893999,30.772690484781798,15.935331752232518,3467.411865410376,3459.106047896965,292.14405228756897,[ 0.12857103 -0.90252326  0.4110003 ],[0.71473811 0.37163184 0.59248562],[-0.68747285  0.2175811   0.69284886]
66,-39.40598133789921,-0.6997685300598827,13.127842253378718,19.429491817158816,17.744632618519596,9.65418244798685,17.63511837356946,398.44492109194675,378.1716447130161,172.3709699175888,[-0.23149555 -0.35946984 -0.90398631],[-0.12293575  0.93258808 -0.33936157],[-0.9650371  -0.03257154  0.26008168]
50,-341.7899500002854,248.7606830602542,63.81352481704907,17.328105529042872,17.19918095459736,15.944589930671576,21.55500835235509,3029.6591985523964,3027.245696657653,139.35732815876705,[0.59132378 0.71883536 0.36552963],[-0.10616345 -0.37993246  0.91890187],[-0.79941573  0.58217441  0.14834906]
3,-401.8132486251947,113.76922077750784,253.90653255033604,4.074938099707081,6.7618251881931295,5.11234728534609,1.6883652136100693,846.6331907813633,846.5704073443487,16.02075153894715,[0.56327589 0.46457041 0.68329687],[ 0.08231235 -0.85440275  0.51305031],[-0.82215871  0.2327451   0.51950435]
210,-385.6755280663438,63.508546364282715,126.73873042885651,27.99545650989936,38.4641201664411,14.948953725451124,28.35099902825879,5992.225719501235,5974.786316295859,594.1972817924014,[0.33789215 0.24713159 0.90816016],[-0.06843123 -0.95590701  0.2855853 ],[-0.93869381  0.15864355  0.30608195]
13,-432.55980835234936,56.08214769204739,188.57348334708826,11.649209634678082,6.228313173199246,4.34553383513223,11.52457538101755,1714.0270799238008,1713.909591369925,28.19483882945477,[-0.38260882 -0.60558032 -0.69776999],[ 0.15783903 -0.78697607  0.59645244],[ 0.91032814 -0.11807263 -0.39668819]
104,-248.4000220132499,3.5433033565315464,18.29881883141413,12.656312874776642,25.31501218132528,11.23446164769563,13.031859456608128,2557.042476804353,2545.984012194602,280.64303159506534,[0.07569052 0.15108587 0.98561859],[-0.00460543 -0.9883906   0.15186447],[-0.99712072  0.01603389  0.07411598]
2,-225.66477165374698,-176.19992569046025,64.08575597034009,1.5370795958717451,0.56596698790743,0.8382544084332437,1.0254505872608206,414.9249876783036,414.91936253466383,2.1605540188756156,[-0.41044033  0.20226227 -0.88917305],[-0.48981131  0.77358202  0.40206434],[ 0.76917073  0.60055044 -0.21843891]
9,-419.3831674131246,-90.85774966569116,174.0457783981767,8.786390683052264,5.829134065029388,6.359237504120762,9.823366621700556,1389.6518772233721,1389.543332830715,22.217574891798904,[-0.41711302  0.25273193 -0.87300819],[-0.07617446  0.94745737  0.31067989],[-0.90565677 -0.19608956  0.37594509]
22,-394.9806385291408,-67.45395773663593,83.40160579331942,8.29743350369788,7.276719914055108,14.722297516525627,9.21298942515158,1921.35352367648,1920.513805761129,74.88884209164978,[-0.15307694  0.98559382  0.07191846],[-0.21299903  0.03815898 -0.97630697],[-0.96498646 -0.16476865  0.20408926]
3,-279.4708084367721,-49.37710492014804,25.08229725496749,4.208057233944588,1.336309607169359,2.216101625683775,4.162342490479719,493.5440500777158,493.52425068270765,4.6291941912470085,[ 0.18550469 -0.9699539   0.15740852],[0.05798245 0.1707144  0.98361305],[ 0.98093121  0.1733379  -0.08790863]
3,-319.4860270883874,224.1951808733645,4.523778790759214,1.8395778624298071,4.62901226987048,2.4679879098714532,4.167578031360863,676.1227467157725,676.117202028985,6.369326844799607,[ 0.2595093   0.38761219 -0.8845404 ],[0.51261038 0.72095552 0.46631936],[ 0.81846535 -0.5744388  -0.01159937]
9,-371.98761173837687,223.44041600260775,7.835623645272021,4.673920797734136,11.255078701580459,5.372748782602311,7.316757641828121,1302.5483841622297,1302.2900077070778,33.374191221099366,[-0.09650299 -0.19501657  0.97604083],[0.50625512 0.83468074 0.21682669],[-0.85696728  0.51505009  0.01817895]
14,-199.11781850797956,160.15138533400682,209.1511895576311,8.109976652761894,6.306857773383759,4.289873311143698,7.418631088583945,1236.1298349228034,1235.9675200356712,31.217446330880907,[ 0.35543363 -0.5473322   0.75769017],[0.714067   0.68207503 0.15774021],[-0.60313784  0.48497538  0.63326427]
3,-221.1132258101171,-208.46181771330126,69.00941244688357,3.036203292380095,2.4424740871495834,6.191542732877232,2.571629521204341,539.8957066624043,539.7688363575911,11.894039106579976,[-0.58281808  0.73375102  0.34918839],[ 0.3960764  -0.11870489  0.91051229],[-0.70953969 -0.6689683   0.22143811]
29,-468.59564746609806,61.47116785075172,35.92118440353397,9.364180595031383,9.253449733184477,10.822486993040453,9.264566586490036,2553.845750850912,2553.1351217891065,77.27645045594609,[0.14920046 0.79188124 0.59216833],[-0.01687943 -0.59674456  0.80225371],[-0.98866289  0.12969208  0.07566805]
62,-336.6221152539294,309.2547547031133,34.72540110410222,14.205361249175164,11.183958044836842,10.457292661214698,10.3430386248097,3612.8881587315223,3611.162170822345,142.5870797713983,[-0.277093   -0.39981532  0.87370886],[0.6195633  0.62067929 0.48051904],[-0.73441187  0.6744664   0.07572501]
33,-371.4314483475283,-168.21887818285057,46.71615544162213,10.137047442229381,8.396920162975668,9.804604506893424,9.377121233109559,2359.0748137525884,2358.7532187544416,77.17568530413233,[-0.34353674  0.54616129 -0.76399631],[-0.25069378  0.73065662  0.63505397],[-0.90506085 -0.40969349  0.11408815]
3,-222.84442540280034,-68.99709948269016,272.3656203237016,4.61319604263038,3.5442811963419336,1.3181413699172688,4.522641858661303,621.219698940678,621.187210464825,6.7552980117731,[ 0.63658401 -0.68909311  0.34628237],[0.45665796 0.69864068 0.55078554],[ 0.62146947  0.19248867 -0.75942334]
2,-331.00236999884584,-269.191838646389,7.24238860679578,0.6780812495354098,0.21718107627617655,0.8726802695474039,0.4037962891900406,603.4575969594913,603.4557650479964,1.4869292051991947,[ 0.52711996 -0.63289775  0.56708464],[-0.34700609  0.44884284  0.82348459],[ 0.77571343  0.63085699 -0.01697465]
7,-73.77720951659282,73.73354776993271,43.02839888726063,5.457336630862067,3.3438296934144183,5.989589698356,5.377079059612697,299.19259269928324,299.0886563546965,18.48497455901008,[-0.49125305 -0.75082115  0.44151787],[0.57520531 0.10099723 0.81175021],[-0.65407131  0.6527382   0.38226112]
10,-350.6795887877999,-38.7453933216636,12.840641422778095,2.705760883054806,4.3056908696797445,6.776104588004029,3.039654044602846,1116.7084174607055,1116.5201773985464,25.014983151916518,[-0.08499566  0.90638841  0.41380646],[ 0.07848545 -0.40792842  0.90963423],[-0.99328534 -0.10979275  0.03646615]
2,-394.4811497295567,17.883741160477413,16.89901742361268,3.9191504788858254,1.1270773536343839,1.9997322650330744,3.774975729610958,559.0016305033475,558.9902218914561,3.571377205168733,[-0.01674663 -0.85664345  0.51563703],[-0.0598963  -0.51392368 -0.8557423 ],[ 0.99806412 -0.04521555 -0.04270328]
64,-318.651925630807,-317.391237833358,61.135343520152134,12.065897781320071,21.42992575636159,8.281805965732635,17.215425960393517,3636.433346569989,3634.311351789348,155.22341511731273,[ 0.31581176 -0.13655647  0.93894369],[-0.63877619  0.70113421  0.31682139],[-0.70158956 -0.6998308   0.13419741]
6,-367.4780224046828,192.93109580119474,140.46648357014496,3.7500839234703136,7.164417918142142,6.143576705884231,3.0322007875319397,1073.4613540205735,1073.4411689836836,23.716174721849153,[-0.54392965 -0.70789805 -0.4505784 ],[ 0.02846626 -0.55221568  0.83321517],[ 0.83864784 -0.44038415 -0.3205177 ]
14,-445.5731479376721,-78.59887410115093,90.87836164466898,6.2605264804125005,6.044857566082241,6.296890725083037,5.512874832876919,1727.0651004177155,1726.9939760790512,34.45647617760202,[ 0.23883364 -0.88032523  0.40986094],[0.10347238 0.44274381 0.89065784],[ 0.96553196  0.17030976 -0.19683146]
131,-240.79787881216342,188.87367749047658,49.30981074142358,24.072066915943005,19.050405291350597,13.262387697369844,19.6246779969392,3565.8807666990315,3557.9236750089267,306.27873372639584,[0.31384045 0.15723013 0.93636684],[-0.5445024  -0.77810703  0.31315584],[ 0.77783116 -0.60813496 -0.15858928]
8,-365.6394860472622,-306.80963056594817,34.928704446277195,5.671167159402484,10.004042531709285,5.1071597006516045,9.979893935075554,1354.0432229923786,1354.0084064160555,21.72012699440736,[0.07332373 0.02622033 0.99696345],[ 0.64117444 -0.76692051 -0.02698634],[ 0.76388413  0.64120623 -0.07304528]
14,-56.17816820293791,-3.7795813407274443,47.090118727661945,4.482493048616322,8.187934365293541,7.738851224303773,4.599794574070633,277.86169656266765,275.65420498803024,42.20619529328609,[ 0.50981204 -0.65548287  0.55716594],[0.39600428 0.75376366 0.52442441],[ 0.76372265  0.04671778 -0.64385182]
8,-134.08679108735384,14.391299553002522,6.7945717560026,6.003816290106366,4.859993659900165,2.5975530806107097,5.761625323111639,382.5739444601299,382.30676415088055,16.186699105322887,[ 0.0104991  -0.3472373   0.93771852],[0.11681971 0.93177465 0.34372832],[-0.99309764  0.10593516  0.05034696]
69,-200.6979122867432,-147.76355716930962,77.57588810891853,8.975497065605868,10.912799836572729,12.752686443211982,13.34482208770099,2173.1051948335676,2171.90061891271,112.41056709118864,[-0.62932602  0.75318127 -0.1914856 ],[0.11599109 0.33467065 0.9351693 ],[-0.76843661 -0.56631575  0.29797926]
18,-234.0753741200889,-40.111273966335666,263.76157011435686,8.256470060109395,8.890059446493787,6.340263774100555,7.493054248390203,1506.640282014593,1506.4371290904244,48.59712805261126,[-0.68391035 -0.31985018 -0.65571525],[-0.3117852  0.9407028 -0.1336721],[-0.65958822 -0.11302258  0.74308093]
63,-217.46707946898314,144.30999820067035,284.65812622622656,12.05974855385242,13.305273223197252,24.529710199907804,26.91256072377466,3074.21409461219,3073.4210425200117,111.03477886477195,[ 0.22268414 -0.79077326  0.57016614],[0.79655426 0.4847749  0.36124037],[-0.56206146  0.37372577  0.73784549]
12,-216.2019686368976,-199.158462406122,185.34865354294894,5.735347509378679,5.838931538913617,5.173175698665403,4.924169427280177,1204.1966650864226,1203.9955111356264,28.833402853044067,[-0.64641011 -0.00830637 -0.76294494],[-0.44161914  0.81949394  0.36524269],[-0.62219491 -0.57302765  0.53339742]
30,-230.4346908464768,252.20531842171704,316.3427777879349,13.04920161226614,13.03707004432619,11.151510016697488,11.25362537481215,2552.4534953248826,2551.3620907760505,101.16404813549237,[0.8285539  0.52957448 0.18179468],[ 0.26121389 -0.65278875  0.71107956],[-0.49524312  0.54168045  0.67920288]
5,-279.1013222546545,-259.25141364237527,80.00615594862106,4.361022774597628,3.92599466831535,5.863178088112749,4.610112464354628,870.541680723955,870.4631753012262,15.408315057945329,[ 0.4732346  -0.68173057 -0.55793587],[-0.51179442  0.30273342 -0.80400183],[ 0.71701846  0.66602995 -0.20564198]
2,-246.66009857994428,134.2024842453728,328.09470369068424,1.4541848285410026,3.688550113921906,1.2386158749587537,0.6253225678285048,610.7616553512822,610.7340447330724,5.807430707326168,[-0.77614795  0.09675958 -0.62308261],[-0.26713245 -0.9455551   0.18591882],[ 0.57116952 -0.3107461  -0.75973828]
2,-181.68565303604487,181.82879453170995,238.83480450478822,0.14323789942369558,0.27827548398822444,1.7307809219978623,1.3964826397861145,496.21879134061436,496.2164871964974,1.5121884500537799,[-0.66165491 -0.74695632  0.06533789],[ 0.54230577 -0.41655108  0.72965036],[ 0.51780038 -0.51820986 -0.68069178]
39,-316.1016781747287,157.1648338669492,318.93423314123675,13.797308179547368,11.814682477342352,7.580853335834441,9.566935506487544,2972.8596377202225,2972.4106124755526,107.83089982684724,[ 0.33075894 -0.67422489  0.66031759],[0.66999252 0.66052996 0.33883653],[-0.66461157  0.33033463  0.67020182]
3,-191.12310241001867,28.735768727573554,134.99900059177062,2.299835930412602,3.766771103567034,1.4240653389531555,1.0553395559845462,408.39323235712254,408.3552396160603,7.815990948150051,[ 0.55197588 -0.16679562  0.81700787],[-0.19505343 -0.97843444 -0.06797217],[-0.81072609  0.12184119  0.57260626]
32,-252.61722801221487,-251.7071344037871,16.604462097079363,9.084090921316536,8.86375000710562,9.018614289510655,5.6183447930646855,2020.8211095381323,2020.3186679335356,82.2153898297128,[-0.21201755  0.27466202  0.9378749 ],[-0.67403283  0.65379865 -0.34384164],[-0.70762158 -0.70505893  0.04651443]
2,-295.29939865976445,118.46380966203876,17.646629590406715,0.5247791986936363,0.8250451298642146,3.000058634916691,0.3457075276731416,450.68119337032425,450.6593660875472,4.435517474868479,[-0.37015984 -0.87713406 -0.30596981],[-0.06516183 -0.30403813  0.95042872],[ 0.92667989 -0.3717481  -0.05538705]
14,-165.4994690181406,-179.93944070346575,257.8144501166544,7.241847429273375,6.922069603062283,10.498868260300716,10.762244084865083,1330.4541026173465,1330.0730712305965,36.301335736179134,[-0.29813165  0.8618524   0.41027791],[-0.83330278 -0.02536901 -0.55223445],[-0.46553624 -0.50652429  0.72574731]
3,-267.5878743545761,3.5180323135668226,124.95594914511446,2.054527232679155,4.124294341621192,3.570213755956107,3.1323072928973876,511.648858914836,511.5905781513132,8.497474308560292,[ 0.35713395 -0.51490872  0.77931018],[-0.22728137 -0.85716019 -0.46218999],[-0.90597932  0.01205895  0.42315016]
9,-408.31376636672593,237.1733004348884,11.656258788449275,4.249391725960988,4.520204332416415,6.444507513391013,5.102655013283071,1417.2395583108523,1417.150944572052,22.017271949988306,[-0.49880763 -0.86276783  0.08259916],[0.06283354 0.05905373 0.99627537],[ 0.86443212 -0.50213975 -0.02475431]
13,-245.01738133986944,-220.74226482873112,223.0609614842986,5.496443286419604,9.363373539456424,7.360546946954505,4.363690274405781,1436.1640205292902,1435.7427303539228,44.582495751627995,[-0.6762743   0.0061075  -0.73662458],[-0.40497127  0.83221993  0.37869283],[-0.61534652 -0.55441202  0.56033559]
20,-384.9310297740587,-47.129928356684765,165.1795895153324,5.87660012266153,13.231751476929894,7.647555178005781,6.3306088392633,1886.4343324569645,1885.368853946826,67.60717299186331,[-0.39785539  0.4530178  -0.7978007 ],[0.08824079 0.8844502  0.45821545],[-0.91319475 -0.11190492  0.39185793]
8,-152.17117307126435,-147.33910358078165,14.522739845413646,9.750605529381719,3.3285269845595997,6.825177929372748,8.45249481815035,601.4086088410667,601.097188581493,25.421165209979268,[-0.52852997  0.47664835 -0.70246881],[-0.45392859  0.54057377  0.70832819],[-0.71735968 -0.69324335  0.06934512]
8,-418.14847811830055,-3.8130959993323392,53.21561558825744,5.038166669298359,9.088406929629702,3.380132408034053,5.232666614364335,1192.6686669013307,1192.4032172642255,27.202914049246033,[-0.12523008  0.21728697 -0.96804122],[0.01852199 0.97606435 0.21669176],[-0.99195482 -0.00920628  0.1262572 ]
17,-243.39286037669012,-42.50064692680945,55.97544454094635,14.439707950532533,5.5489011271709785,9.400768099121287,14.621117291619392,1047.0449704599594,1046.44058929285,43.674422829831094,[-0.25705424  0.83580322 -0.48513513],[0.1037941  0.52297775 0.84600299],[-0.9608069  -0.16711449  0.22118509]
44,-137.34376193078035,-125.92626406826459,193.67881422455574,13.064132317777855,13.503850045928992,8.570130515897151,9.7396396653069,1787.141568977643,1784.7721189764725,121.15319959070736,[0.40284754 0.60983395 0.68250745],[ 0.75947152 -0.6388869   0.12258282],[ 0.51080023  0.46896278 -0.72052553]
15,-340.6298433676463,-204.62191432387968,273.48959403849943,8.920530793567044,5.42461093704461,7.3553125409273425,6.696914367868798,1868.763687389513,1868.609762149302,42.12132741291421,[-0.18002724  0.88197489  0.43555768],[-0.68474706  0.205526   -0.69919992],[-0.7061952  -0.42412187  0.56692943]
14,-88.20372347989837,-90.35848512936022,96.72228852372966,4.556597672110485,5.29428190980601,9.61079367615998,5.669382855783957,596.631207310617,595.694531526405,39.04862490621435,[-0.76904855  0.628981   -0.11378589],[0.31834723 0.53127124 0.78511522],[-0.55427373 -0.5675683   0.60880774]
16,-163.26597336845214,-150.09453863858795,104.17166866267479,8.57377946248394,6.368449675609129,12.51454624171123,13.35862090893375,982.223033275954,981.6347839685768,37.96275991387424,[-0.74427927  0.58178026 -0.32799405],[0.04740359 0.53588474 0.84295934],[-0.66618411 -0.61184907  0.42642638]
3,-189.9748142192559,-168.46436013678496,94.0656845474441,0.604761538784612,2.2820494518072043,3.1477585008653053,2.0730866354166264,469.04517326333087,469.0098961224609,5.7772048832922085,[-0.35037073  0.72571655  0.59209446],[-0.62055185  0.29363586 -0.72711305],[-0.70153814 -0.62218444  0.34746333]
10,-347.7647858544382,-115.44025022309185,262.71839922659564,9.341410471823021,9.266740429407864,7.762983616628781,9.901379592265881,1426.5541224325113,1426.188328285844,36.786597603257604,[-0.61421458  0.05959871 -0.78688528],[-0.16649742  0.96491017  0.20304427],[-0.77137478 -0.25572712  0.58273886]
13,-230.79653969242582,104.81708999047679,162.1405626086239,6.691841938396376,7.028509346921742,5.468551046142268,5.184040151677159,1085.5401982459439,1085.2179825384007,35.41952973760987,[ 0.31481066 -0.52753902  0.78904806],[0.55906761 0.77486563 0.29500283],[-0.76703172  0.34826117  0.53886594]
3,-231.40657925635483,-155.8409745634957,208.40260682399398,4.893401538565156,1.33085894166379,4.842325478072963,4.191845105777824,603.2794470768725,603.2050333008575,9.744201279378487,[-0.22573617  0.88366831  0.41008961],[-0.71236195  0.13741495 -0.68822785],[-0.66451759 -0.44749016  0.59847216]
21,-291.2651106565377,-165.51040860937889,277.74914429288367,9.407370837351825,12.262986796287139,5.83994888911935,10.136067966280795,1995.4113350196776,1994.98281683539,59.46170947451079,[-0.70735593  0.06383586 -0.70396916],[-0.22715183  0.92256108  0.3119024 ],[-0.6693651  -0.38053389  0.63807862]
7,-469.08621600935624,14.780699896343263,58.98885748878782,4.227649361025128,3.949592156895974,3.7647763703733497,4.275861528104596,1251.5778440354225,1251.5494295045094,14.297616098194046,[-0.0750493   0.64686114 -0.75890597],[0.10439725 0.76196684 0.63914611],[ 0.99169996 -0.03126023 -0.1247156 ]
20,-456.91021485492155,-113.76041889021515,30.38476888075268,18.894840594049807,12.461783102801386,6.7422541724583605,15.93727028203585,2112.5457760300915,2111.5545083515635,77.86606866317977,[0.05293509 0.0535042  0.99716357],[-0.24292387  0.96925658 -0.03911104],[-0.96859995 -0.24016449  0.06430514]
12,-171.3999000954963,-104.48497054447598,78.7487650217041,6.546651865703643,5.309648410006329,5.531957117764513,3.2724658653697554,747.7397446330996,747.0990775079002,32.88762433405773,[-0.10141526  0.69941528  0.70748371],[-0.59814086  0.52538953 -0.60513912],[-0.79494808 -0.48454526  0.36506635]
6,-286.2459962992082,-199.8484261374991,227.41891055855126,7.987053956984273,2.9275328430960648,3.4168771290976925,3.2669911949313226,1020.8143001992119,1020.6140322859837,20.974280303106156,[0.02971114 0.73201487 0.68064049],[-0.72594454  0.48389141 -0.48872653],[-0.68711118 -0.47958663  0.54577916]
10,-249.0917291720457,-273.15431876661563,147.64815835008864,6.483238300768898,3.208169448390712,5.386248673101179,5.5054902318052985,1259.0755581913168,1258.9848702550557,22.617795424576347,[-0.37838691  0.6829143   0.62486111],[-0.68205086  0.25068682 -0.68699544],[-0.62580346 -0.68613714  0.37092568]
5,-316.85256313120436,360.68761870755327,56.38625163337279,1.4812464728152077,3.69755438711437,2.928628987416615,3.600549228110291,1080.9563858011456,1080.9374087769188,7.561959099727474,[-0.75147928 -0.62900777 -0.19906814],[-0.07517843 -0.21812517  0.97302087],[ 0.65545946 -0.74617065 -0.11662873]
5,-304.4451005235761,149.09811585153307,346.3025930350778,6.404733392032028,4.183270553897738,3.114363727509021,1.290450597258324,1083.7602972411398,1083.6230144325261,18.234862620702824,[ 0.25305633 -0.78774599  0.56162153],[0.73570405 0.53367392 0.41705119],[-0.62825317  0.3076498   0.71459748]
11,-194.1786521530669,8.48786240908531,164.41557572898952,6.794264044473637,5.246176047065317,4.504946399821216,3.7938587543015756,844.7805973095584,844.6036906068032,29.582415701988214,[-0.15490481 -0.97901742 -0.13239858],[ 0.62767175 -0.20102114  0.75207624],[-0.76291066  0.03339738  0.64564072]
5,-222.01533487828405,-94.66411452991807,267.15616170556194,3.2677331712153963,2.1349268406048627,2.235954979170366,3.0380295403452044,805.1176803135356,805.0949499785827,7.428298603188601,[-0.42142525 -0.68589113 -0.59325721],[-0.66492168  0.67854973 -0.31216891],[ 0.6166684   0.26291372 -0.74202187]
16,-289.71510788613875,60.63085774731694,166.90321334749348,12.358583204566099,4.0622217497317035,12.677231136133912,7.793776310410789,1361.0674713389394,1359.6622039302822,65.85174016731467,[-0.08052115 -0.97356995  0.21372389],[0.51598568 0.14274048 0.84462059],[-0.85280427  0.17828828  0.49085452]
4,-354.0773258633292,-309.97455916796486,93.39526006007966,8.067597523922634,3.5687211202361584,4.11931574965657,3.1894361793477275,959.7267409742885,959.5652143188534,18.40501064126876,[-0.19206886  0.47769984  0.85727033],[-0.64678369  0.59536478 -0.47666722],[-0.73809241 -0.6460214   0.19461743]
4,-135.07650329245536,105.50246768039885,21.467280415578166,6.668544559286458,2.4109624004292636,4.142548234115019,5.537211969012997,345.8568879976686,345.6494663671347,12.133232711595022,[0.44431043 0.40644712 0.79836644],[-0.43641248 -0.68007709  0.58910041],[-0.7823889   0.61016054  0.12478675]
18,-357.8521287953364,-236.56106629222555,44.41270918928436,4.459860304429123,4.147767466433605,10.359525124460921,3.129562901376434,1830.334307852739,1829.8510825709584,49.23483485672871,[-0.50651894  0.81762428  0.27373181],[ 0.23433326 -0.17498219  0.95627881],[-0.82977496 -0.5485178   0.10296476]
5,-324.86838095199346,69.50606431830928,304.69487360678306,5.4317914651508055,6.5544717355021325,3.222379222582287,3.644246822244187,1008.1860166674574,1008.0360189524832,18.656670875050075,[ 0.48308309 -0.58758073  0.64913759],[0.49723331 0.79433923 0.34897597],[-0.72068701  0.15418844  0.67589656]
8,-168.02730427013796,153.26552297246218,102.1183465610246,5.141787430829579,7.377504091751201,3.7610030415941056,4.203793812381062,705.6278042906171,705.2770222110684,24.90642960331932,[0.58120492 0.09920542 0.80768752],[-0.45597836 -0.78238411  0.42421556],[-0.67400636  0.6148442   0.40948997]
4,-67.32595203670573,-67.65516874105863,11.028122442028382,5.2995737827144636,3.667517143076056,4.14221469801203,5.888861511618742,192.71819703564705,192.58521861058,9.653198230427153,[-0.67873642  0.60948409 -0.40969015],[-0.21796531  0.36554394  0.90491367],[-0.70129024 -0.70349611  0.1152616 ]
4,-263.3729584918771,-7.426089384977651,196.55317764315384,1.217587185207285,1.2173461414555342,3.0049149176279277,1.3014151235142066,657.4641096158489,657.4378407799611,6.425843748774271,[0.13633097 0.96611068 0.21918947],[ 0.58265534 -0.25713649  0.77096925],[ 0.80120323  0.02260493 -0.59796521]
3,-391.45567325510393,-235.66338781163304,70.60874797034873,0.31866965036404704,1.9114955545076908,0.6534977177441619,1.1422456489643324,800.8075442840498,800.8033276654572,2.9381247941816317,[-0.24828222  0.12458919 -0.96064222],[-0.47063423  0.85126966  0.23204176],[ 0.84667547  0.50972296 -0.15271918]
7,-312.8064216310548,-296.49778371813443,210.22258033140858,2.9076044351188206,2.639277306098668,5.378613752579368,3.111811069840235,1268.8358649556535,1268.7655733938927,15.586207845406504,[ 0.63604124 -0.76112018 -0.12707327],[0.41224909 0.19595346 0.8897488 ],[ 0.65230532  0.61830277 -0.43840558]
7,-281.00039068624795,9.295220295144958,296.19737179254327,3.515243182586057,7.951537061429294,7.3963827365490005,5.874200454458984,1080.81184076462,1080.7053558240914,25.938699113385958,[0.70850529 0.23760532 0.66450279],[ 0.1571748  -0.97109323  0.17964973],[-0.68797989  0.02283969  0.72537026]
12,-349.3714614482042,2.4119095522108034,302.07993145043133,6.974815899222135,5.449976290236957,7.903970844771633,9.16660021856866,1600.4151006752684,1600.316230114968,26.147872936538977,[-0.48284813  0.67017325 -0.56367145],[-0.44126108 -0.74218673 -0.5044279 ],[ 0.75640356 -0.0051642  -0.65408485]
6,-397.3841692980017,-73.96775269443434,27.81288018539621,6.414596850901794,3.5510248274086638,2.947172586911644,6.621622517049531,992.6286138113574,992.589935436669,10.51284962760902,[ 0.07671658 -0.68454408 -0.72492342],[-0.17934916  0.70573229 -0.68540194],[ 0.9807897   0.1825961  -0.06863104]
2,-384.48611784316057,-56.266967156836266,35.9801541263312,0.23609166069235243,3.6125354223163555,3.724333578355921,0.4100622556110807,551.9367621569347,551.8881881474782,7.322376907431838,[ 0.16804025 -0.71289367  0.68084146],[-0.03245209  0.68628768  0.72660586],[ 0.98524582  0.14419376 -0.09218907]
26,-412.70049312142993,-94.45605898610386,222.99839423824298,6.279157916098886,10.013973754421363,10.403694774699808,7.3301060486232545,2440.885756392727,2440.584568236473,71.1129300531933,[0.17385042 0.7492242  0.63909243],[-0.47545389  0.63218447 -0.61178951],[-0.86239181 -0.19749911  0.46612709]
8,-165.3608091530055,-131.22527629750314,220.0952922995954,6.235685539225084,4.546027526131995,5.390943119366049,6.021559097726092,862.9621096151541,862.78337439391,20.454176509294786,[-0.64771102 -0.33311896 -0.6852023 ],[-0.5351019   0.83909722  0.09788672],[-0.54234342 -0.43005536  0.72174511]
6,-340.721313396357,-17.843220345982484,322.7538481709387,4.790055835080147,4.526701201821752,7.112682181722413,8.299236987950094,1150.6581017102149,1150.6164261156455,12.221656493501714,[0.65945638 0.24765005 0.70977936],[-0.19720631  0.96810212 -0.15455729],[ 0.72541502  0.03804918 -0.68725927]
8,-410.63767466697914,115.74832074352085,54.925034202000674,4.628810903251615,9.082149157458767,2.6344076607240874,5.345552392081625,1217.0182677458185,1216.7939780455022,25.618385798375805,[ 0.09594298 -0.12792141  0.98713275],[0.28206785 0.95455075 0.09628395],[-0.95458508  0.26920064  0.12766496]
21,-343.8169973259212,165.5977039376691,177.94996152889135,8.186942054648414,7.7272540680756325,9.097949887919391,10.393304724596476,1930.5806191906768,1930.3052191065603,46.19622570641224,[0.56222575 0.3748254  0.73716221],[-0.13135758 -0.83959356  0.52709377],[-0.81648478  0.39317753  0.42280497]
30,-233.01439021673468,193.00649755892402,255.7968823874612,11.595838449185107,11.685683586919831,6.682597592075732,12.457443936723514,2171.970530179543,2171.497736982994,69.55352175871835,[ 0.63295582 -0.21924189  0.74249574],[-0.50326567 -0.84529967  0.17942169],[-0.58829466  0.48723861  0.64537426]
2,-476.1237010820877,-18.49520479442564,109.63056636721035,0.07860013913133912,2.5206946258681464,0.2661402780303135,0.23156533334079654,691.4638722659555,691.4546493297345,3.5713539902164078,[0.21982639 0.09564859 0.97083866],[-0.05817378  0.99469605 -0.08482681],[ 0.97380294  0.03783018 -0.22422468]
10,-261.73904130545355,-142.6211433565433,219.93007312444652,6.492486146221178,5.901506205453554,5.868331432739284,7.31136123070681,1171.8229730125927,1171.6743849263405,24.196523459722695,[0.06452224 0.80040957 0.59597097],[-0.70471978  0.45938795 -0.54067804],[-0.70654576 -0.38510677  0.5937052 ]
2,-286.68611546946664,-22.01268436728315,295.85752970484964,0.8660082136756273,0.684565749644543,2.370632668560603,1.0617153219090767,583.458659133315,583.4488705519244,3.379699591615878,[ 0.25835008 -0.94918719  0.17971901],[-0.67110925 -0.31015685 -0.67336105],[ 0.69488676  0.05335179 -0.71713734]
2,-321.5068116315216,43.38972863878747,65.72562179422087,0.04180419055961693,2.02476152143889,0.9980879542429406,0.422976189764114,468.1330012366672,468.12249414436803,3.1364506859903734,[-0.12228485  0.44085299 -0.88921036],[0.20410324 0.88795506 0.41216221],[ 0.97128177 -0.13108952 -0.19856297]
19,-291.7642332703749,127.4509415426938,123.90575372129594,6.2598126643683685,12.272324956273424,7.1618760483688835,5.0224664312770475,1490.5446499824423,1489.5779163810396,63.717831076216896,[ 0.15779662 -0.47836505  0.86386753],[0.49600735 0.79485445 0.349547  ],[-0.85386002  0.37332731  0.36269792]
22,-385.4229888623341,-261.81306120000005,114.30361362167422,6.4198671554585385,5.688996212345049,14.532192802967835,5.688085311941671,2251.434817312607,2250.599147465567,74.2595206962197,[-0.55644726  0.83048159  0.02582186],[0.21203715 0.11188533 0.97083568],[-0.80337208 -0.54569405  0.23835124]
8,-203.13149508852788,49.24512921261852,146.6396618534556,4.245562030059598,8.849388713860888,4.17867097464108,5.385556589724347,722.7278615852347,722.3906032752002,26.22705305480685,[ 0.55030233 -0.16641891  0.81821274],[-0.25365745 -0.96694279 -0.02606814],[-0.79550314  0.1932004   0.57432427]
14,-284.3962358461725,127.03446364036175,248.585390956901,7.359999870962596,7.047973342455979,11.240528075968715,11.941842324751299,1492.0383061100754,1491.918084305948,35.07564859182081,[-0.28730686 -0.94529175  0.15452599],[ 0.63909953 -0.06902376  0.76602057],[-0.71344696  0.31884045  0.62396651]
11,-164.7787461675302,-184.12131380743156,207.9577775819994,5.294252356894225,3.8601045825163958,14.547750246467363,8.828182002744137,1072.3606446565902,1071.5770191799647,44.12117488844997,[-0.7111989   0.70069628  0.05675245],[0.48396414 0.42946352 0.76245642],[-0.50987728 -0.56972432  0.64454586]
26,-386.3727115317953,234.90228946010893,123.153684844576,7.463004223000445,9.05753727022421,6.5184517922501195,5.743757979190422,2390.438533682798,2389.998092401428,61.914767702265245,[-0.02042041 -0.49029463  0.8713175 ],[0.56558857 0.712979   0.41445206],[-0.8244347   0.5012705   0.26274572]
5,-311.51299133165793,353.1207042446782,119.045314385625,4.733760230090966,4.979221404570721,7.420763240427084,1.5719392968358576,1086.244845392979,1086.1213103484943,22.337138808459514,[0.69786875 0.42008349 0.58009402],[-0.31877592 -0.54310994  0.77679696],[-0.6413744   0.72702232  0.24510696]
3,-253.61660443500963,-184.41810064403944,116.4889801526785,4.756261409090076,2.07824296970865,4.487710421189691,2.9758655166315546,579.5172978077002,579.4261792318854,10.681322661801117,[-0.51041678  0.83408824  0.20921644],[0.40567298 0.01903409 0.91382008],[-0.75822434 -0.55130256  0.34808238]
21,-246.71431762395926,-264.8603721770887,234.0138716766401,15.790314294348269,5.168298046304631,10.988112805322574,16.036491513863588,1977.0680211463118,1976.8067306393707,54.0701267949374,[0.43507537 0.33364266 0.8362966 ],[-0.69460846  0.71536577  0.07596646],[-0.57291231 -0.61394982  0.54298904]
8,-325.38009553356716,-166.96105261961748,21.53502678219656,4.797589890277894,6.517958574289352,7.5428102546573434,6.093820129671107,1036.556846908097,1036.4472198366263,26.013275185597863,[-0.45866374  0.8872343  -0.04942541],[0.02965372 0.0708724  0.99704451],[-0.88811499 -0.45584252  0.0588164 ]
4,-274.18695688321594,-149.74953282163239,367.78144418736673,3.432065960568428,3.7153943172612167,3.4435689780560272,3.4535005918453225,965.1980450295405,965.1544260047618,10.099691892083348,[0.75575967 0.16963434 0.63249626],[-0.32553043  0.93539197  0.13810069],[ 0.5682053   0.31026771 -0.76215266]
