N,MEAN_X,MEAN_Y,MEAN_Z,SIGMA_X,SIGMA_Y,SIGMA_Z,SIGMA_R,LAMBDA_1,LAMBDA_2,LAMBDA_3,EIGEN_1,EIGEN_2,EIGEN_3
12,-368.43948442767504,-165.02201174131253,45.7032106339434,9.516447489941351,6.950416602750677,4.130969790736972,6.523553044269289,1408.0095677367276,1407.6746627655018,36.774998790490024,[0.0330798  0.19744681 0.97975532],[-0.41988591  0.89233139 -0.16565181],[-0.90697384 -0.40590572  0.11242328]
296,-244.34436591549235,-181.88779187084936,312.101958356368,22.70179449046018,36.45907723558055,26.889761399849,36.57190824579311,7549.726457814394,7533.087424721666,608.0478683793791,[-0.78339246 -0.01388578 -0.62137222],[-0.2699966   0.90809432  0.32010396],[-0.55981969 -0.41853542  0.71514335]
39,-229.33132154021996,258.21636367560706,307.36177830379074,9.400036771791202,12.714337468761409,13.094981764865828,10.147718917928128,2889.784368506383,2888.1387625418897,111.27595899039136,[0.78892437 0.60973174 0.07632525],[ 0.36266305 -0.56227575  0.74318335],[-0.49605832  0.55863511  0.66472021]
7,-51.37742368767375,-44.48003606419833,43.15546015233867,4.734181809571597,3.3205893338883765,7.123252308989632,2.922891779805555,214.22018826334966,213.26373632922994,23.10630011394813,[-0.47718697  0.83014304  0.28836631],[0.60508528 0.07240222 0.79286173],[ 0.63731029  0.55282949 -0.53685673]
3,-253.6316504067195,183.3460085276416,319.52376577485757,1.370685144776936,1.6494814844368169,4.057440562789148,2.2720049829879914,774.7081019006944,774.6917052346726,6.91028155330338,[-0.62564052 -0.77851375 -0.04990268],[ 0.53573985 -0.47527581  0.69792243],[ 0.56705975 -0.40991369 -0.71443265]
198,-312.51334922271275,-256.91971130043913,164.5318854205666,28.592196728248584,19.11240700167157,23.5065789048954,32.33491730937359,6169.172243702185,6166.406761737893,371.75221644506064,[-0.30476192  0.7491657   0.58810792],[-0.62819425  0.30601286 -0.71535175],[-0.71588558 -0.58745798  0.37736051]
179,-132.73455012942196,109.88683654790218,156.0956847217013,21.12708754193259,19.33849219230101,30.424712256539486,34.40323580163787,3156.724990673908,3149.7715914686637,303.92739627517324,[0.77406686 0.58252191 0.24796919],[ 0.27582758 -0.66284339  0.69610185],[-0.56985932  0.47043263  0.67376071]
53,-234.1712033448993,111.17921338709883,15.839623164469053,22.491201686515026,17.646173348778166,10.06459951272199,23.21062442542746,1902.438782928153,1899.1221525419417,144.56926710070147,[0.17713943 0.23698953 0.95522646],[-0.393944   -0.8723573   0.28948378],[ 0.9019034  -0.42758472 -0.06116827]
196,-341.08607521242783,-175.75957641052935,137.4485173060596,21.507388437665313,22.214360951814605,34.08477259357823,21.078329447791194,5736.390573696746,5720.058165381228,570.306942004807,[-0.52342853  0.81047753 -0.2629615 ],[0.16009927 0.39666704 0.90389351],[-0.83689354 -0.43102371  0.33738371]
4,-227.3202061889233,134.54149450317612,182.66516090558946,1.9735157488926456,5.102883222680715,4.9010777218136,4.620739044099304,642.4675074021302,642.3991319177361,11.40624162376066,[ 0.22809831 -0.62653658  0.74526712],[0.66869812 0.65716889 0.34781011],[-0.70768212  0.41902383  0.56886294]
353,-389.31243374113245,103.18458235892636,163.6153640944754,24.63874423216209,26.456790726638637,44.025096680671886,19.647661531617015,8229.121705506443,8183.8635664046,1008.8658896713861,[-0.07050681 -0.91040912  0.40765675],[0.4403559  0.33828863 0.83165346],[-0.89505054  0.23815129  0.37705237]
19,-381.2124225265991,-266.9232714363064,113.963328098993,8.778678423698725,5.733652929533695,17.52727032252745,5.069086454006646,2090.2396331854775,2088.6779689621167,86.02516685770024,[-0.49167003  0.82326241  0.28372449],[ 0.35379584 -0.10885915  0.92896619],[-0.79566895 -0.55712538  0.23774404]
8,-147.89237508732225,-73.47199668015573,7.334541497545173,6.682996078236701,3.9273492226357325,4.653556064987284,6.272736114042425,468.12958145598725,467.9865597320682,18.34390423637719,[-0.33059762  0.72541069  0.60372556],[ 0.29984884 -0.52581665  0.79599468],[-0.89487199 -0.44418035  0.04367982]
126,-303.9903633710876,189.68391407350921,215.99261308192246,15.375208455365819,17.661038516694173,15.363862380375954,19.21426248777652,4704.318289057103,4703.810423784201,228.11228485009474,[-0.46475244 -0.87757716  0.11774339],[ 0.50636673 -0.15433669  0.84839432],[-0.72635935  0.45391466  0.51610423]
90,-128.75945637965535,-122.33984812970739,29.24112049736987,17.22366690098934,10.739075620970779,18.21747474203072,16.655112522079072,1724.4343185569483,1717.7227899480788,204.5569342606553,[ 0.61598599 -0.72505644 -0.30798444],[ 0.32642907 -0.1208835   0.93746   ],[ 0.71694165  0.67799729 -0.16221695]
4,-299.1740925726291,109.0147490253585,121.68692021799922,3.3404286892837898,5.3809300586627105,3.3023939603784704,2.5248372897752236,681.9023990476223,681.7731890516402,13.381482663859957,[0.44090044 0.24665413 0.86299973],[-0.18782663 -0.91485612  0.35743451],[-0.87768329  0.31968737  0.35703225]
46,-33.85639742553516,-4.3304814266308345,27.062430885042545,15.27257618401151,15.558793115994069,19.784123634769667,23.068425928846985,353.9213345093926,338.3643197490203,120.61756608028949,[-0.64980456  0.2646461  -0.71254226],[0.15484029 0.96386203 0.21678209],[-0.74416297 -0.03053574  0.66729982]
5,-312.722078469554,-182.9152092104659,317.8589642649279,2.537432042754179,6.1974302914840065,5.055215975975061,5.055720577851549,1077.8581898694654,1077.7640204777617,14.97967557901657,[0.32926036 0.64134216 0.6930136 ],[-0.68606463  0.66676782 -0.29109447],[-0.64877033 -0.37960625  0.65954239]
45,-286.57146759211014,119.93808937413364,238.08119091156303,13.995772113928016,10.579154507927269,15.889819573137608,19.49313313962418,2629.916045524427,2629.2750581747737,89.83584433653384,[-0.08419361 -0.92684163  0.36589072],[0.67621218 0.21655558 0.70415962],[-0.73188013  0.3067055   0.60850901]
14,-450.5740115725562,-78.45468564264607,87.06004112942726,8.843082273488516,10.044821723644372,5.515947331899098,9.37179775015045,1742.6851203553226,1742.4889060746143,41.11515485746226,[-0.21950794  0.20183989 -0.9545035 ],[-0.12336381  0.96476967  0.23238086],[-0.96777974 -0.16876063  0.18687486]
60,-366.26220926873503,15.279130787717682,289.0918338924631,13.554763271397636,14.612007791419023,12.720278835300052,11.313350111413836,3620.172374491033,3618.063777101213,160.3676165709332,[0.45726725 0.70483549 0.5423224 ],[ 0.41869675 -0.70861995  0.56793556],[-0.78460161  0.03262971  0.61914103]
18,-147.98165111307696,4.699541375963438,74.27268371553183,7.957902543344742,5.736272706856039,8.034826299608275,8.497751917734512,704.3827853310328,704.1098389576425,39.97281864558426,[-0.06578321 -0.99541173 -0.06948419],[ 0.44466128 -0.09158218  0.89100452],[-0.89327986  0.02771621  0.44864563]
121,-251.33804406323523,6.903159209294206,20.476412697201972,15.461520379858039,25.397702984531392,13.037009282099717,15.82722995431742,2795.0570117004536,2783.0883058579743,312.24192139513866,[0.08620794 0.27346647 0.95801059],[-0.00610367 -0.96142741  0.27499105],[-0.99625847  0.02955379  0.08121353]
5,-414.22163322754056,215.61960540742695,84.51761144830257,4.377873316994627,4.765011147743602,3.5617835973259204,4.071744577072506,1061.2669773935738,1061.2324249090823,13.774623273750068,[-0.07285591 -0.48212305  0.87306895],[-0.48253641 -0.74907673 -0.45391923],[ 0.87284055 -0.45435826 -0.17806726]
26,-249.34475347971545,150.19895155540115,225.9591518996103,3.962849334679525,10.330782916776775,13.174569767603673,9.64868972000945,1880.3432146419116,1880.3013773755033,72.46834839246698,[-0.09619965 -0.87466375  0.47508836],[-0.73041232 -0.2622218  -0.63066439],[ 0.67619781 -0.40768008 -0.61363953]
221,-284.8060428813439,229.63234193053466,277.15905539898915,28.39912161907467,17.92801343394828,16.688359283773444,18.590495074440085,6840.521113391756,6834.633614201254,479.14454369346817,[-0.44277748 -0.85921734  0.25630775],[ 0.64610659 -0.10754801  0.75563199],[-0.62168672  0.50017895  0.60276582]
14,-218.73196405195714,-196.06326193845712,184.7697269150155,7.647438436076789,7.045391078312017,3.9075382790983864,5.544845163846995,1298.859304489758,1298.847775415008,35.98645011185875,[ 0.54989746 -0.80903005 -0.20756484],[0.54787595 0.16181679 0.82076018],[ 0.63043217  0.56505372 -0.53223075]
326,-330.00169210344,-50.51638341619934,216.47181746384476,16.332976849035102,30.123566157531176,36.9641103639335,21.89332596465316,7234.180972488894,7202.828404070274,813.9057671155767,[ 0.44984404 -0.73070926  0.51352149],[0.3345048  0.67097881 0.66173557],[ 0.82809835  0.1259024  -0.54626158]
27,-414.7151963135645,-97.71689895738939,223.03147231418066,6.163613614806747,8.94783221722814,8.64579054518217,7.03712521816084,2499.6179445621206,2499.520144373903,62.113345324610215,[0.06660585 0.86234636 0.50191873],[ 0.50200737 -0.46369294  0.73005305],[ 0.86229477  0.2033411  -0.46378889]
3,-486.2906901430802,-11.057830095536218,11.735319186239144,1.155967189716114,2.5910443380420656,2.4218417155904404,1.2202441069145338,842.7619909634861,842.7515548719667,6.107841950800974,[ 0.03311562 -0.65213671  0.75737776],[-0.00148329  0.75776048  0.65253111],[ 0.99945043  0.02273238 -0.0241264 ]
5,-188.08238895841686,-170.79463366644742,236.5380009210299,4.364124438086428,3.3219179244134263,5.39120391030937,5.250922916223249,776.353051991486,776.3187268231218,12.522344194160462,[-0.50682884 -0.45557812 -0.7318286 ],[-0.6704898   0.74191456  0.00249173],[ 0.54181912  0.4919465  -0.68148418]
8,-447.8413211477224,155.99812059498475,67.80514678368434,5.151619159700201,3.965461146921945,4.521192591764142,3.890893499488331,1355.1195128759277,1355.061365967801,19.490818007306427,[ 0.12293568  0.67083517 -0.73134602],[0.33304451 0.66631213 0.66716527],[ 0.93486265 -0.32558919 -0.14150444]
67,-204.73403715361997,-149.84950120925114,74.06959830386207,8.94774671114781,12.330528268620181,14.595280788707596,11.829943770261963,2168.2935145291312,2167.6036495385506,143.2130107342766,[-0.46776427  0.81179031  0.34956128],[ 0.42671408 -0.13893282  0.89365137],[-0.77402305 -0.5671809   0.28141455]
31,-316.38326398267293,147.50985233701084,321.4341942808885,15.689152739698752,11.622140307777366,7.544048661396503,9.864954694539685,2644.0995556453845,2643.159510715948,103.01834431189556,[ 0.37369577 -0.64686323  0.66477021],[0.64454381 0.696483   0.31539612],[-0.6670193   0.31061133  0.67720444]
15,-148.6276391221124,-143.26439384632147,91.32555117894317,8.920740420304389,6.214049739526223,15.123354487013472,15.037095639220903,877.1360990997242,876.2922117102454,42.521267546615064,[-0.73139846  0.66627796 -0.14536154],[0.17911063 0.39335543 0.90177097],[-0.65800887 -0.6335181   0.40703702]
37,-367.5684642161325,-306.97242409341976,14.492707150338578,13.920963328243165,17.50892583393891,7.858119516776725,6.302860986069527,2917.5539990653874,2914.9297414149273,138.78644317814715,[ 0.11454217 -0.09044337  0.98929272],[-0.63117449  0.76238658  0.14277767],[-0.76713679 -0.64077039  0.03023987]
75,-216.3153910054469,54.268494750775254,79.69489507404987,15.265664189124415,22.571265052116885,12.870660744267212,13.763237599934245,2065.1568333462697,2056.723588351177,233.54427580887432,[ 0.24384168 -0.35382026  0.90296869],[-0.32571077 -0.90687025 -0.26739267],[ 0.91348439 -0.22890515 -0.33637584]
2,-353.2213224968604,85.17110166885823,180.4845001772223,2.6976456259826023,1.5624720578347322,1.732819410242044,1.249745665500683,573.7713748595397,573.7519256720071,4.724234950788357,[-0.09918017  0.81087343 -0.57675608],[0.4817923  0.54627587 0.68517067],[ 0.87065462 -0.2099213  -0.44485231]
75,-363.4863762999319,-156.8955161500256,231.47981479825344,14.580801136042853,12.834911091137432,10.6899751754181,13.062912910264483,3975.3924374535222,3974.176815545748,155.34850651822288,[-0.60867539  0.48692293 -0.62643462],[0.03145668 0.80372703 0.59416609],[-0.79279553 -0.34194872  0.50452584]
21,-330.4356227534433,239.27920722127757,63.676393838484536,12.12279772288,10.923439304581228,12.908137557305805,13.497801075343114,1894.4856067763756,1893.3476935211336,72.19084559352052,[0.58723048 0.70591038 0.39604407],[-0.12102337 -0.40721986  0.90527638],[-0.800321    0.57953647  0.15370026]
57,-315.9448007031395,-319.20351210132225,60.24657548579621,11.514191345095817,20.59400404807542,7.831588540481847,17.426238126204602,3425.9157477988374,3424.0981027267067,134.37311333887948,[ 0.34053292 -0.1624058   0.92610026],[-0.63129152  0.69044464  0.35320988],[-0.69678429 -0.70491883  0.13259373]
7,-426.1217874352883,-221.288780454938,9.100192033286314,4.1245176444944525,3.0066407656936263,5.748388745477624,3.864960735289239,1270.736973558652,1270.6635122662497,17.536756141781748,[ 0.43478112 -0.84955354 -0.29870414],[ 0.15374602 -0.25679944  0.95415733],[ 0.88731479  0.46077416 -0.01896393]
83,-137.92386802210774,-118.00034693669146,184.52362261496057,9.192714729003228,23.133438470926418,20.057283210761938,22.44829682356895,2374.1530782783097,2369.084584741472,204.50733099100768,[0.40719409 0.60052356 0.68816017],[ 0.74478254 -0.65444213  0.13040113],[ 0.52866996  0.45943111 -0.71374444]
4,-334.84349853130533,-4.696227341771801,200.05245976730538,5.087585756943079,3.8942386766697266,3.387144585553611,5.300608577378396,780.2836278406694,780.2469666654976,9.898477727194974,[ 0.42828747 -0.56718616  0.70346977],[0.28233006 0.82350016 0.4920744 ],[ 0.85840526  0.01213864 -0.5128285 ]
42,-333.3769881757271,310.4670420430273,34.77196908482703,13.310848552736365,12.973325334730466,11.380208598572052,8.327778770732934,2964.0347965315705,2961.67500579544,130.2384299062787,[-0.31950488 -0.43716857  0.84071415],[0.60454577 0.58915887 0.53611215],[-0.72968558  0.67954063  0.07604927]
14,-313.36543224997433,93.13499982422586,275.5679731775685,9.994211114639402,5.129913271284905,8.044051728928743,8.07842379643471,1600.5660677082717,1600.1415389613967,41.870749971107394,[-0.28140742 -0.9595783   0.00439944],[ 0.61930346 -0.178112    0.7646825 ],[-0.73298914  0.21791192  0.6443922 ]
31,-233.1355887754426,-45.76933368118946,266.980446711474,10.086269709740465,22.422426928415838,5.214592140676798,5.4834810402462235,1994.5075209534089,1990.3257238114466,136.72909933869425,[0.69125605 0.30364487 0.65571706],[-0.31060984  0.94417701 -0.1097784 ],[ 0.65244662  0.12778719 -0.74698316]
3,-262.06515429992345,159.18781355789562,313.3884123050145,2.301624773733448,2.189656279601018,2.220445780804329,1.4244796503411514,759.4302955573723,759.4103388674408,6.2378216444619845,[0.55204664 0.83292214 0.03853848],[ 0.58135605 -0.41762235  0.69829558],[ 0.59772037 -0.36308715 -0.71477134]
9,-298.67331589038275,102.76154286885898,352.09365769258136,3.4177322771411234,8.363774802905272,4.783818991462784,3.7913518285333594,1419.3387008640027,1419.0809992458096,28.450123848706024,[0.76132701 0.35589268 0.54196086],[ 0.14718675 -0.90892854  0.39010891],[-0.6314406   0.21723099  0.74437454]
13,-210.99554771629633,194.2976934916889,230.67686882284912,6.661867308026639,10.39710833936894,13.45373099811248,5.6759304196938976,1328.5729348699558,1327.4667801609337,62.78787401736531,[0.81928633 0.35918839 0.44693804],[-0.01051206 -0.76993315  0.63803796],[-0.57328824  0.52743402  0.62701989]
88,-373.8640373112443,170.30622479413816,30.928561129638663,20.17722667345838,18.59974892864626,15.00537778963395,22.523820321853254,3874.1316031205374,3872.5266521493154,200.47184464026833,[-0.28220735 -0.7301233   0.62231742],[0.31184909 0.5436405  0.77923369],[-0.90725363  0.4139746   0.07426894]
10,-465.7290991859148,13.605596390852622,62.12713327920254,5.212670291513343,5.796041412644753,5.335959044696223,5.491517755004167,1486.6699162750476,1486.598517227135,24.32927814768038,[-0.09039283  0.58526945 -0.80578459],[0.10074303 0.81032022 0.5772625 ],[ 0.99079765 -0.02899679 -0.13220895]
46,-58.665052192598615,9.386060649271249,9.057427105750575,9.695515130173991,19.319213627700368,6.965675607949268,10.138829697990461,433.04425292602684,415.48791310880716,139.89477991450502,[0.15503779 0.04127993 0.98704572],[ 0.15377065  0.98594074 -0.06538687],[-0.97586775  0.1619161   0.14651043]
6,-240.71784880176526,221.55338524014223,255.13670548290247,2.4480059958078986,5.791440467599706,2.2525309834152982,4.343443422007922,1016.3740688168,1016.3039377372903,12.410965007106352,[0.73649228 0.02162521 0.67610019],[-0.34778984 -0.84516077  0.40588853],[-0.58019079  0.53407455  0.61493336]
2,-339.79794855798366,-70.01549898932666,312.30701001950604,2.03591033778045,3.755275265186185,0.5903246760697982,1.6502530864856624,660.180399522292,660.1563575127923,5.634141359178004,[ 0.65286122 -0.44975909  0.60949896],[0.2094659  0.88046096 0.42533814],[ 0.72793973  0.15001753 -0.66902801]
4,-257.40979701666544,-146.19467853190645,30.58511261244715,3.403341368838849,1.8714615453806847,1.2358310644176433,3.2137203223421897,595.261751346556,595.2448444930696,5.001547731991624,[-0.12599303  0.41077407  0.90298971],[ 0.48577285 -0.76809919  0.41719105],[ 0.86495693  0.49121105 -0.10276775]
7,-260.4027937559579,39.74431901859947,206.72256676509147,7.947451835971945,8.273930537545784,6.322871477704419,3.271389515498579,886.3761951720796,886.1952924121487,33.552377465776964,[ 0.20957152 -0.87679856  0.4327864 ],[0.59257427 0.46596277 0.65706501],[-0.777776    0.11875597  0.61722079]
12,-66.74011182568857,-68.11267225210075,17.958677304085644,6.051833326345491,5.789790977175178,5.681711238352457,7.84461846509544,337.7692227452312,337.4533482066707,21.94749827910056,[-0.67224357  0.7123261   0.20169312],[ 0.27395245 -0.01374988  0.96164494],[-0.68777805 -0.70171395  0.18590021]
39,-444.55467464117453,-135.21769840755385,97.7037841742633,6.374974535962236,11.60757443147475,11.893874430103885,5.8804907662095545,2966.908169070082,2965.962426296422,104.95738091486521,[-0.04917848  0.68627541  0.7256773 ],[-0.34797513  0.669263   -0.65650617],[-0.936213   -0.28480363  0.20589343]
11,-399.4080946796321,-106.81588954157769,60.03109574807795,4.7994198560333565,7.0219665559075075,6.392900245507675,4.95660098124036,1385.958832790318,1385.8282842839205,31.192591150060224,[-0.27697577  0.62592307 -0.72904371],[-0.09651022  0.73676894  0.66922142],[-0.95601789 -0.25571828  0.14365917]
138,-216.4511941717921,-114.89037705615036,156.54814759171398,18.074002345984038,18.84231995896271,30.001984531727086,31.057881469475788,3442.7378813062323,3440.515004730228,291.66692859295665,[-0.14781709  0.88477767  0.44194863],[-0.65452401  0.24748841 -0.71438631],[-0.74145022 -0.39486449  0.54252522]
120,-239.43066193129974,194.05732154323516,45.43504558641618,26.926985421854337,16.609213222159813,13.958738980042812,21.73047674996872,3430.8180990427663,3424.1738563670374,288.82101276880803,[0.25424332 0.08856624 0.96307651],[ 0.58502198  0.77887291 -0.22606696],[-0.77013611  0.62089694  0.14621003]
3,-245.07062651874216,247.11941700895719,104.43468937583918,2.3003029240346593,1.3308901753947762,3.110939631528691,2.4325748662153166,629.4048027411912,629.3828551098094,5.70921769443789,[-0.73810809 -0.61193586 -0.28413192],[-0.01734726 -0.40378201  0.91469075],[ 0.67445943 -0.68006955 -0.28741936]
52,-158.90870574262883,41.24971917357153,63.04383518523783,14.481715346122998,13.989389318941216,11.72558578193397,16.291314052372304,1276.651439934083,1276.1525535523458,120.7267411253001,[0.39595706 0.78395729 0.47815163],[ 0.16634859 -0.57333224  0.80225825],[-0.90307594  0.23811997  0.35742514]
24,-293.9766626608327,83.72182907933069,315.20802931197653,7.451072330521538,10.648887880224027,8.273474665549635,7.013129124862342,2152.0320828938584,2151.6105857783227,67.33669420225145,[0.65750726 0.60190438 0.4532056 ],[ 0.34560238 -0.77543099  0.52845603],[-0.66950967  0.19083475  0.71787109]
17,-242.8405853185103,-9.378150198958192,134.3829345711533,6.831259157531861,8.99042541268962,8.532761073536664,5.197951592964855,1146.014082837817,1145.6614338910315,54.250671618520606,[-0.32620219  0.77908642 -0.53536575],[-0.35893977 -0.62601206 -0.69229411],[-0.87450236 -0.03366379  0.48385161]
3,-419.14256111867445,11.334012879554843,58.85981012082616,5.813351045692677,3.722081202672494,1.2947654797107784,5.690773671202502,733.4591936078657,733.4326901358543,7.112967765870919,[-0.13913686 -0.00344234 -0.99026718],[-0.02591892 -0.99963872  0.00711664],[ 0.98993391 -0.02665684 -0.13899737]
2,-402.8367980588372,-214.19136407478769,6.810486108929121,3.138285061186167,0.17108940602258826,0.6820477255687911,2.840751605239319,645.3094642562816,645.3059415214885,2.1322513440715958,[ 0.21403897 -0.43043164 -0.87687851],[-0.41802888  0.7709671  -0.48048059],[ 0.88285853  0.46940211 -0.01491586]
4,-265.9474201875345,-241.84671644857366,244.2286481334831,3.2323731245377587,1.0510147914387225,4.025094705214967,1.7646778256855877,869.2340172360308,869.1835334294159,9.910579326363631,[ 0.3195838  -0.82396835 -0.46791275],[-0.72345937  0.10672973 -0.68206694],[ 0.61194177  0.55649341 -0.56199853]
2,-245.92262460735597,50.92337674459486,216.69622803135218,0.769190999094775,0.6628613407087123,0.012857746226998756,0.47690523947758834,469.10428273706896,469.1025693338047,1.2678827558789103,[-0.48521286  0.54985822 -0.67987089],[-0.46358193 -0.82102895 -0.3331715 ],[ 0.74139077 -0.15351676 -0.65327814]
2,-363.12466169730925,190.69474439206988,209.39390351088724,3.6431772183121893,2.429580103806785,0.39986264827930995,3.696950524521469,651.2897170828527,651.2810153425462,3.3666945576604856,[-0.53358919 -0.82827007 -0.17103002],[ 0.30575881 -0.37746733  0.87408807],[ 0.78853924 -0.41411001 -0.45466336]
3,-274.55799609717997,-110.19438551901108,70.28125830592747,1.5305047892569499,4.71952451878209,5.458855794608027,0.9196208616751146,526.833809287979,526.6858872062662,12.67726024027769,[-0.41958207  0.62646473 -0.65688114],[-0.09318669  0.69011106  0.71767887],[-0.90292144 -0.36233776  0.23118005]
19,-228.31342753092218,103.93518639753813,164.78421825368113,8.153034536417122,7.161380850796184,6.3707269553342005,5.854341664807425,1309.0545669871804,1308.897518335344,48.46674052307632,[-0.12911573 -0.90958771  0.39494219],[0.63600066 0.22961064 0.73673748],[-0.76081028  0.34630789  0.54885204]
44,-387.75544777221853,67.88576389603824,267.57261925505424,9.097960630023177,15.017483787629368,11.750694813889197,8.793305497853511,3159.3658354016798,3158.875221758197,127.62686341268906,[0.57847128 0.1289583  0.80544443],[-0.04249233 -0.9813192   0.18763535],[-0.81459522  0.14276687  0.56218524]
23,-309.5832141166157,9.672534633201337,355.74613626726654,8.069271328321927,7.917021973652848,7.66978941808878,9.937278817520113,2262.997085931177,2262.7390452336213,44.8327319022929,[ 0.70578065 -0.33659311  0.62336085],[-0.26658688 -0.94142847 -0.20650394],[-0.65635745  0.02043334  0.7541733 ]
26,-375.120391637155,-243.95164127140393,40.79919988599425,14.89368588897845,9.327556103023708,5.264949235051266,16.386232721837068,2292.901554072583,2292.7577809848494,41.99330287328983,[-0.30877316  0.32544588 -0.89372485],[-0.45559203  0.77422391  0.43933272],[ 0.83492218  0.54282807 -0.09078902]
16,-247.49706924986577,-181.88754637599138,138.62095100896298,3.8656797021850444,6.855599518259184,11.078792371849646,7.637679640634043,1348.8897336700472,1348.3716601224078,44.90977813719136,[-0.37945887  0.82913418  0.41054534],[-0.56306765  0.1451445  -0.81356493],[-0.73414289 -0.53987923  0.41178227]
25,-398.1856185618099,-70.2986768993085,79.63801149586153,9.556060886994711,8.572567736617481,11.895734338425243,10.530933682228428,2061.9527084172405,2061.682729049178,70.18776631565346,[-0.20550726  0.96229449 -0.17820236],[0.15590753 0.21195507 0.96476313],[-0.96615713 -0.17048274  0.19358726]
35,-403.2823512830794,-16.328272288181477,259.249437931926,12.221773780467412,19.127262831451795,11.597097736849795,8.016135527671125,2841.3280848182494,2838.983971715205,143.0124950806165,[-0.46587301  0.5538152  -0.69010946],[0.27568552 0.83194195 0.4815289 ],[-0.84080903 -0.03407813  0.54025813]
5,-252.10302624901965,-265.2979727978226,99.69054664169953,2.417611854703199,5.887251349443113,6.892695093344586,3.1683752244876793,848.4162036426725,848.2066052462314,19.677181396792186,[-0.70466933  0.46978427 -0.53173665],[-0.24847181  0.53857604  0.80510721],[-0.66460732 -0.69945593  0.26278987]
15,-280.86871443718985,40.580469245387086,286.1728960559442,8.762441461957534,6.668399321742419,7.46552260985318,9.965940777294717,1561.6209304835666,1561.5236389555657,34.08112842998417,[-0.66533251 -0.46017937 -0.58784998],[ 0.26755334 -0.8820999   0.38770476],[ 0.69695614 -0.10067135 -0.71001226]
20,-245.48656623162364,-147.08989785105572,53.94076674182005,5.217836546532993,11.91921855585323,7.980406115099625,6.599542170985668,1303.8959885371823,1302.9840423402477,61.2780384072611,[-0.40266634  0.36365564 -0.84000857],[-0.35725443  0.78247522  0.51000177],[-0.84275091 -0.50545733  0.18515884]
9,-125.19259137990987,38.31252529038711,142.005206927283,5.526481025954488,5.164237696471408,7.642745984994571,7.6039656115280065,580.1333948198194,580.1016576154597,22.929528373430085,[-0.74321502 -0.37561766 -0.55366308],[ 0.16662159 -0.90537309  0.39055963],[ 0.64797275 -0.19801755 -0.73547289]
2,-277.7000404349254,148.38228324503888,368.40810348799914,0.8473829542288058,1.0199436739817855,2.3128883443585266,1.9315166635450964,685.3703421503693,685.3654149694233,2.598819559804301,[-0.80728831 -0.3706685  -0.45922811],[ 0.14118233 -0.87685012  0.45956654],[ 0.57302107 -0.3061678  -0.76020269]
9,-251.21146513154247,-8.05776675515697,244.1015227874741,6.214061822994868,4.321929819902306,7.135838471312854,8.424977393025857,1051.5101007142732,1051.4650206836693,18.273745695433664,[ 0.53027773 -0.66671165  0.52373764],[0.45252565 0.74496348 0.49015298],[ 0.71695612  0.0229125  -0.69674166]
12,-126.53674808321749,2.4964822267877365,18.220777608630407,5.804445181134759,12.812954946567553,7.023416322542671,6.421408284823169,446.1823703427873,443.58680892595606,49.79261553321618,[0.13792212 0.41699817 0.89838189],[ 0.04546631 -0.90875992  0.41483518],[-0.98939896  0.01636884  0.14429746]
12,-396.7316772196025,-260.76090269221754,5.505605534866649,7.526701256813045,7.531071734551004,2.834124309132138,8.455803422072519,1645.1257558631987,1644.9971904358272,24.51763158146212,[ 0.07414934 -0.09180158  0.99301276],[-0.54433554  0.83060709  0.11743371],[-0.83558404 -0.54923977  0.0116181 ]
40,-293.30727661224256,-163.80723344873823,279.240439590514,8.7017242766172,12.467526771010311,7.888690671875622,11.337376956032944,2764.5511529099895,2764.2575490895665,81.1399195363177,[-0.72991413  0.18531112 -0.65794008],[-0.12851479  0.90817901  0.3983652 ],[-0.67134887 -0.37532742  0.63907748]
4,-328.2244892785953,229.12626964896992,121.39282357449864,4.159544079110587,9.373328272098757,1.6047327036863914,7.9535718654305425,836.8370791274896,836.7310511864032,13.333581653234504,[0.51694285 0.31984395 0.79402137],[-0.34234175 -0.77292102  0.53422395],[-0.7845841   0.54798991  0.29006006]
13,-207.2644122413353,84.30546612615156,256.6772019457248,6.707860780595125,4.887095735219169,4.096508260940098,6.574051160754235,1228.1178486771462,1228.0395059983896,23.455983248849748,[ 0.29711517 -0.80971775  0.50604322],[0.73561004 0.53199996 0.41934938],[-0.60876961  0.24765541  0.75370177]
6,-422.57625760740007,8.96987727963786,220.33120881037902,3.9523800360660633,2.4005721976958316,5.535201190454291,4.906107383649256,1167.677643933741,1167.6259000698083,12.917919368826254,[0.16285834 0.94791072 0.27375615],[ 0.43305824 -0.31798057  0.84341503],[ 0.88653129 -0.01880481 -0.46228633]
37,-273.3190185296151,-111.81880075597186,114.8171356904229,8.252667591618994,9.412002443186205,9.507637079324736,6.7858755209994435,1929.1860772903235,1928.1870438157073,86.36218630435948,[-0.48855742  0.76654508 -0.41679766],[0.13030496 0.53642983 0.83382472],[-0.86274693 -0.35306045  0.3619614 ]
41,-252.20952368402212,-256.8413204944376,19.808045383742105,8.276749411687746,16.00915028954897,13.894992246571237,12.614841005484832,2312.048800236037,2310.7321502298796,122.10127048427236,[-0.46502001  0.51260031  0.72180143],[-0.54327682  0.47851803 -0.68983389],[-0.69900407 -0.71292455  0.05596341]
23,-191.05801634313661,-72.96215357348593,224.5574860617033,7.224319732149976,10.49942620568235,11.737427092311783,11.780544627830965,1458.6625171657643,1458.1002495928776,60.6697030734061,[0.50490882 0.59705778 0.62336915],[-0.591588    0.7652551  -0.25378784],[-0.62856243 -0.24063798  0.73959627]
3,-254.76238086726696,8.826202169430324,300.65638412763207,0.9421173825009501,4.981120236559669,1.9039945719215008,2.014707988239025,682.7995045601874,682.745506203331,8.692500613592463,[0.76219976 0.06684719 0.64388119],[ 0.03656558 -0.99751179  0.06027601],[-0.64630835  0.02239847  0.76274755]
27,-375.6412623648256,-0.45632904630262955,119.77262331458415,10.414155690992276,8.699987467203549,12.410746909980414,12.855814529700444,2050.674393545709,2050.05368872074,68.45588704006562,[-0.18901707  0.78490937 -0.59007613],[-0.23849008 -0.61961028 -0.74780049],[-9.52572847e-01 -6.19749802e-04  3.04310019e-01]
3,-238.08579325447133,87.33059087130603,35.8489671982249,5.825230807418208,1.996254897507413,2.579075898752635,6.436982630224538,443.7607235038976,443.74996478946395,3.0922337200546828,[-0.35621162 -0.9286643  -0.10342094],[ 0.09486232 -0.14605016  0.98471848],[ 0.92957755 -0.34095742 -0.14012001]
5,-234.77402057923823,233.86865722192584,347.0727465694184,3.247532866263862,2.5910191931959314,2.348398255891269,2.2230825706549386,1073.0653315170216,1073.0323027123102,9.435554424820294,[-0.30132999  0.68377213 -0.66457197],[0.81843979 0.54307939 0.18767282],[ 0.48924079 -0.48736069 -0.72327243]
6,-164.3810942917255,155.00982387778436,20.184901940797282,5.374355472407729,4.4532772503586155,2.335505009779199,5.688888433589735,555.9221218001777,555.8308650386382,11.494458397951899,[0.29129293 0.18665481 0.93824752],[ 0.62445355  0.70590309 -0.33430316],[-0.72471111  0.68327214  0.08906732]
45,-337.0901152662826,165.01081310192671,169.61932036712517,15.485254889531987,8.724177760969273,14.793376399431954,19.036060148876675,2766.882261698174,2766.09861433002,88.32263812870441,[0.57054657 0.48017449 0.66626502],[-0.06852377 -0.78060442  0.62125778],[-0.81840155  0.40011149  0.41246781]
3,-409.1642928273557,-5.637868939367091,87.44778155286683,1.717164618217815,5.53198346742459,1.9930352142369294,1.6473914075786489,724.8385485758603,724.7730430255895,10.20628473790172,[ 0.20354266 -0.2960162   0.93324423],[0.04924891 0.95508731 0.29220332],[ 0.97782664  0.01351458 -0.20897949]
3,-158.55888348350237,123.81666650048352,13.735147417745667,3.1709818485577377,1.3842608203728417,4.141383613473926,3.0086567978599574,349.38057766870725,349.2966649837273,7.786540209265356,[ 0.58918309  0.77849786 -0.21634316],[0.18561432 0.13018518 0.97396055],[-0.78639088  0.61399747  0.06779744]
12,-380.8596925483019,-43.01054662840648,162.87980228345918,7.891879596281287,9.92632310913407,5.544265664717906,7.301994511130028,1443.3102679957224,1442.983198745535,40.79754653192421,[-0.39040953  0.47829458 -0.78664776],[0.1055647  0.87207756 0.47784603],[-0.91456902 -0.10351341  0.39095841]
13,-472.29254735058396,-109.45517961332801,30.82213406628886,3.8527368366162467,8.979146513029027,5.528217961076848,2.5199703798836826,1751.9022888187476,1751.6618949233941,39.41709389733316,[ 0.11404037 -0.21932299  0.96896451],[-0.20437213  0.9492882   0.23892248],[-0.97222777 -0.22527615  0.06343367]
68,-214.0525705005869,144.94331663130225,285.4754993153559,12.82219310433148,18.441429218994895,31.431401482712978,35.47782890190006,3191.273438793144,3189.8556050649827,124.65135133569595,[ 0.22436775 -0.79100717  0.56918079],[0.8019063  0.48173716 0.35337742],[-0.55371961  0.37714317  0.74239991]
9,-408.2855254658835,215.64341974862933,46.62189618764327,6.7083872180214295,6.866471700718604,4.855905647863525,3.9427193616969802,1392.5801168160044,1392.340616189397,30.01645214998974,[-0.09752084 -0.3832641   0.91847608],[0.46522219 0.79828413 0.38250589],[-0.87980566  0.46459775  0.10045363]
5,-359.4654177809942,209.6540777834047,2.989789245223013,7.550293997645565,4.651644056199648,0.5911888867559187,7.989620111599212,930.7466533565823,930.7079154144582,8.658136416870237,[-0.00122396 -0.01640416  0.99986469],[-0.50381503 -0.86368499 -0.01478668],[ 0.86381069 -0.50376496 -0.00720755]
3,-292.953037288649,283.95500899538155,130.34338422381504,4.111885041683107,2.467899376513553,3.84117469260943,4.579784709484871,741.9004265585315,741.8947840832499,7.096824839067419,[-0.22097607  0.20935746 -0.95254345],[ 0.69521     0.71879914 -0.00329519],[ 0.68399754 -0.66294589 -0.30438481]
3,-340.1377858980192,221.78976012660635,102.7530995904492,5.426842774388576,2.387487183172188,1.3403689597103254,3.181850977559468,725.5575491217594,725.5086172503405,8.99090959327514,[-0.11092269  0.27265944 -0.95569503],[0.57286496 0.80333899 0.16270278],[ 0.81210953 -0.52943677 -0.24530556]
7,-202.08826124185293,97.5244585792196,199.65730111548046,6.36864325000527,6.791128538233335,4.396797859090783,6.7400191549442265,795.1133688464502,794.8843128964174,20.734932529277767,[ 0.60448777 -0.27665119  0.74703323],[-0.42638368 -0.90448644  0.01006177],[-0.67289783  0.32460499  0.66471055]
2,-325.9216734140953,-120.24114873410109,62.911466314917334,3.6280163821966767,1.2456221611435012,2.6290578050728755,3.3934021277253237,499.3242426844777,499.3039969598345,4.496437741241494,[ 0.35142018 -0.55999828  0.75027047],[-0.15565966  0.75528113  0.63664785],[ 0.92318683  0.34051775 -0.17825188]
2,-186.1507578204259,-181.9444505086089,64.10328166253032,0.06691680206198214,1.1420688615506975,0.7126535266300458,0.6511740188229282,379.1225002610533,379.1188269446436,1.668909916549942,[ 0.64127976 -0.43289805  0.63352944],[-0.32646989  0.59325624  0.73584268],[ 0.69439015  0.6787093  -0.23911504]
3,-297.76718554032726,87.96802452098267,80.30647659138039,3.514284281963786,4.197990443825055,0.8719279917376973,4.066236288973235,555.5628452078666,555.5255785545481,6.516124992618809,[-0.21998637  0.1370172  -0.96583243],[0.29929421 0.95181556 0.06685886],[ 0.92845515 -0.27436002 -0.25039491]
11,-315.7832593129333,-215.51910986123656,110.74680196253735,5.7523873522076086,8.70167778320594,5.522937324139081,7.038413407687217,1320.6820290544774,1320.3711483475947,31.57281253113415,[-0.5238719   0.37445487 -0.76507633],[-0.31015483  0.75267714  0.58075908],[-0.79332353 -0.54153547  0.27816742]
5,-224.22074306200403,-103.61527673351705,81.20444049367612,6.132109226633871,2.6262278540112733,3.5524072672446536,5.772607995057878,581.6388978079096,581.5520543374474,10.811034502730143,[-0.19545664  0.83105063  0.52072215],[-0.46693496  0.38806015 -0.79459491],[-0.86242011 -0.39845223  0.31219766]
16,-357.9053798315946,-4.340753705024034,226.75934809016258,9.703028596676113,8.41292448787917,4.955399066130732,7.716256734752015,1695.5975142013758,1695.298250673831,45.75255724571774,[-0.40921991  0.65687097 -0.63329266],[0.34475223 0.75392963 0.55922805],[-0.84479877 -0.0105182   0.53498075]
3,-219.66291548305662,-189.0001085525976,72.48803736106878,1.5821683649608038,2.469499450311472,1.7585551999251463,0.36146726104409643,517.406893036095,517.3873880695738,5.889066179484114,[-0.38847343  0.10017261 -0.91599882],[-0.55526862  0.76786787  0.31946158],[ 0.73536736  0.63272774 -0.24267356]
3,-223.77367804145555,59.528253505753945,6.457104094038449,3.2581888304513815,4.443068876074969,1.8158943233407996,2.287845879758155,401.34845000517504,401.24246009006464,9.253730220704162,[-0.06282549 -0.33806221  0.93902444],[0.25058453 0.90539983 0.34272224],[-0.96605401  0.25683669  0.02783097]
7,-257.87931934299456,297.0075794274804,71.0363479295666,2.8991827294027086,3.2614008479693744,6.291029940795106,3.8617422117451317,1057.6961003858676,1057.5700421432184,17.462768178766588,[ 0.65165897  0.6566403  -0.37968947],[0.39889662 0.12908464 0.90786488],[-0.64515275  0.74307514  0.17781243]
13,-466.9846971768086,65.91617067025624,32.45974687980515,8.142476578016794,5.153784626158268,6.011000654097093,7.820199086888447,1704.8398415497932,1704.7860821967715,29.744714499154487,[-0.1212574  -0.9677539   0.22079185],[0.09709357 0.2098028  0.9729109 ],[ 0.98786106 -0.13941012 -0.06852254]
15,-394.44148615047396,-108.38805415908298,182.57454037992582,8.346373876479406,5.815104090524463,4.261817788641985,8.289750646398659,1735.3592404667684,1735.326929201436,27.991821890577345,[-0.04852006  0.90127873  0.43051417],[ 0.47144433 -0.3593232   0.80537388],[ 0.88056008  0.24204026 -0.40746836]
4,-208.03720569632708,-213.00145241679945,123.88030329704002,1.1152109161261972,1.6297889032988746,4.210496298147388,2.94671781077828,645.0334781290157,644.9930139677647,7.229616917944707,[ 0.63775323 -0.74234875 -0.20539998],[0.42088984 0.11253813 0.90010384],[ 0.64507562  0.6604949  -0.3842186 ]
2,-195.25332525791748,222.28897980975827,281.8566172599991,0.08533505673527486,1.3769070683737823,2.0627070843786157,0.7145157701167761,577.9023484604464,577.892576227982,3.3607583497501783,[-0.87182168 -0.38997682 -0.29638663],[ 0.1077648  -0.74297189  0.66059028],[ 0.47782183 -0.54397689 -0.68976477]
7,-309.4314856560119,-113.79484689538806,91.62603117868694,3.6801322842824873,3.82268364550985,8.333614801852733,4.7648026666360686,905.677949921641,905.4758697598224,22.837499188029124,[-0.31897626  0.94307539  0.09414331],[2.83974490e-01 3.32441858e-04 9.58831778e-01],[-0.90421935 -0.33257887  0.26791539]
17,-203.43324429061386,55.92991545044895,154.84106283470211,7.751349428959567,7.536041292509806,6.939925332886199,9.082293060299403,1080.1867892738976,1079.8241467975524,37.595652258701115,[0.61460147 0.45850556 0.64190161],[ 0.13405448 -0.86260249  0.48779744],[-0.77736377  0.21375124  0.59162148]
6,-422.42613967629774,57.668265652145315,180.5097004979976,6.723596506677309,2.839627285109591,3.409434914948488,7.193954736834744,1134.2379264863623,1134.214320441543,8.923396663766164,[-0.40253004 -0.44538928 -0.79974868],[ 0.07406359 -0.8866355   0.45649981],[ 0.91240569 -0.12452263 -0.38988455]
2,-462.82398332234027,-81.18565306262336,121.444745872054,1.0418668120703956,0.793806979145657,1.543827363082464,0.7400195163174317,686.3673580822325,686.3621839042249,2.665097935522926,[ 0.24244216 -0.91957059  0.30921146],[0.17837472 0.35553756 0.91748324],[ 0.9536269   0.16728111 -0.25022544]
9,-233.2979176909004,225.58857676309714,97.06737234926608,6.865521104443761,5.683466777907778,6.625840419274236,3.889010369406719,1016.7059491429953,1016.3056934574003,31.231967346957855,[-0.25641819 -0.59348925  0.7629025 ],[0.67819352 0.45191348 0.57950648],[-0.68869679  0.66599153  0.28662173]
7,-207.1448637726583,-186.95819661273978,8.453942606775456,4.5236305136059265,3.9699897680713767,3.5170048134968392,4.361793478352368,738.7844978770412,738.7449084323176,14.400256885762207,[-0.26467614  0.25098479 -0.9311032 ],[-0.61590389  0.69895682  0.36348559],[ 0.74203029  0.66967604 -0.03041468]
3,-177.83302458302703,-159.15270134630418,121.36904435998512,3.220536731352651,1.9858480722273706,0.4374334906178533,2.239606617132321,463.784233456322,463.75699891434454,5.323812754489535,[0.1235877  0.51070784 0.85082524],[ 0.73723644 -0.62116812  0.26576794],[ 0.66423528  0.59441372 -0.45328117]
40,-180.50795879938508,-35.3666224386069,147.02364784336652,7.645867525089319,10.93056763930072,9.508491050403961,7.858036050442389,1492.2840646874574,1490.7259685468453,91.00622450767958,[-0.5841406   0.566986   -0.58078106],[0.26692352 0.80994772 0.52224183],[-0.7665061  -0.15003853  0.62446524]
12,-283.39800797367235,-190.12001464226782,112.77082468889972,2.4871974148286022,5.228169953671888,7.79153238302239,5.530552254732569,1245.4714572572266,1245.2108135823485,27.7089017846011,[-0.34651451  0.80356278  0.48395718],[-0.50834055  0.27273704 -0.8168258 ],[-0.78836386 -0.52905705  0.31397621]
