N,MEAN_X,MEAN_Y,MEAN_Z,SIGMA_X,SIGMA_Y,SIGMA_Z,SIGMA_R,LAMBDA_1,LAMBDA_2,LAMBDA_3,EIGEN_1,EIGEN_2,EIGEN_3
139,-335.62855288587286,-162.47753140465036,155.4654034906717,23.111806164576777,15.857610562008992,12.92236909259898,21.540317689438815,4774.416260351674,4772.389029389226,260.4562525437205,[-0.02893406  0.72102169  0.69230812],[-0.55522709  0.56433254 -0.61094325],[-0.83119534 -0.4020653   0.38400235]
159,-297.5417519735665,231.01350217118818,275.32437236529034,11.882539700091716,17.309849021863332,15.800457953687927,13.127841211388589,5891.070833830243,5887.402437630933,287.2899445760309,[0.7648881  0.49770661 0.40894293],[ 0.09112118 -0.71205857  0.6961821 ],[-0.63768576  0.49523804  0.58999674]
294,-245.6355745903815,-179.6717184165411,309.83001221263856,23.376319955899486,36.66978333733699,25.83423746652919,35.736025466791,7492.955524741685,7475.420337338287,618.7115890540623,[-0.76921775 -0.04691552 -0.6372621 ],[-0.29798835  0.90855322  0.29280366],[-0.5652495  -0.41512645  0.71285555]
180,-327.8136381807778,-28.62696170882016,227.3099091492347,19.643584188592957,15.691351987278082,26.675178609844824,20.75840678353509,5385.190759742903,5375.92389367723,406.5300970203338,[-0.23966042  0.94421017 -0.22589828],[0.520969   0.32141609 0.79074838],[ 0.81924     0.07182509 -0.56893495]
130,-300.84226389326585,189.1765286147779,215.79668854609727,19.32475569862551,18.184297300031435,12.129357501283312,20.94593175005265,4749.884021086136,4748.665445338357,232.8721323233656,[-0.42122411 -0.88654652  0.19132568],[ 0.54658675 -0.07980189  0.83359137],[-0.72374938  0.45570487  0.51818906]
74,-365.092734375892,-158.39885702029844,228.2503841374544,14.29716734083381,14.945545651352807,10.877666696688683,13.29648253108115,3950.839925748334,3949.0930101498257,166.01251891531888,[ 0.60533921 -0.45218785  0.65505006],[-0.00128714  0.82240353  0.56890314],[ 0.79596657  0.34522252 -0.49725108]
186,-143.50712880567258,118.6070578934547,166.13808511724085,29.17253568831765,21.282559600456658,21.768136100936896,36.01732641285881,3447.5992900062297,3441.7994808323156,302.59151921581815,[-0.47445658 -0.8568817   0.20160531],[-0.66360593  0.19768915 -0.72148886],[ 0.57837542 -0.47610162 -0.66242669]
8,-108.05452573340833,-113.7884682874489,10.19354308340108,7.587613537962322,4.336696254619137,5.144543340980986,7.062036173031764,445.6025423533218,445.30689021099283,20.63346533830071,[-0.45428152  0.49864982  0.73822535],[-0.56631671  0.47803471 -0.67139273],[-0.6876872  -0.72307066  0.06523139]
29,-416.3307634560663,-91.98015460439557,221.51479801251674,7.072108565688967,8.230171991502198,11.35272461016775,7.5808538127825855,2588.5586211972577,2588.062618169988,74.21320807153425,[2.83950984e-04 9.23329054e-01 3.84009606e-01],[ 0.49931208 -0.33284537  0.79993838],[ 0.86642217  0.19151349 -0.46112386]
9,-171.28716603127543,-187.5841310677453,215.20469515398176,3.3116243388074524,3.6897942489666025,8.1136420906918,4.763472768196126,999.1548629822661,998.9159495660082,24.633269976268647,[-0.85686708  0.36662273 -0.36244529],[0.03292212 0.74052214 0.67122507],[-0.51448512 -0.56321819  0.64659904]
21,-462.7966395304857,33.19024742807168,117.19614611631468,6.281443131024276,10.431541304399088,6.891047547686233,6.360522377852432,2193.784406886355,2193.3987808427196,57.083769512403535,[0.25346503 0.17353301 0.95165213],[-0.02330556 -0.98239682  0.18534653],[-0.96706377  0.06915765  0.24495895]
343,-386.8372386229112,101.00277460895866,167.4815054187725,28.448074556822036,31.237045240682278,40.90634298238251,30.837436667697794,8090.88710737,8058.450429059558,931.1859971324586,[-0.03821283 -0.89040422  0.45356378],[0.45161036 0.38950799 0.80270269],[-0.89139658  0.23550764  0.38723157]
19,-246.73372419028075,-155.7133383523258,42.57445296120339,8.520947639278294,6.834678744279461,8.46815029495786,7.448222368736643,1286.3073991989231,1285.9593414126375,50.77172271481536,[-0.44142703  0.49467657 -0.74862358],[-0.32359168  0.6904065   0.64701413],[-0.83691732 -0.52785789  0.14469087]
39,-239.16994273923882,-45.64426260896172,262.4658403387165,9.88951185727111,11.724569669991636,6.702266544488339,7.333678004254763,2237.470575074655,2237.0398905275583,93.82374734909308,[-0.74384018  0.13432213 -0.65472082],[0.0149393  0.98269343 0.18463598],[-0.66819054 -0.12755859  0.73297354]
30,-320.41015046099443,148.24815429475808,320.91537923165595,14.723397496489863,11.407016069537322,5.26551857237803,10.468672114116112,2614.6772292341107,2614.506386581946,88.92926077652649,[-0.57091167 -0.79556608 -0.20281635],[ 0.47183218 -0.52009506  0.71195191],[ 0.67188857 -0.31076638 -0.67230202]
18,-193.98349481982763,-170.94838534640434,156.8695686295805,8.375402523730859,5.477633225517744,6.9765960439607655,5.067915851970652,1283.9677065006767,1283.4158372487511,47.166783411326044,[-0.4524425   0.82469774  0.33936621],[-0.61942651 -0.01684887 -0.78487382],[-0.64156573 -0.5653227   0.51846279]
5,-219.85720966488321,-140.1769707169459,179.6158396948349,8.625394228654509,3.356391190652543,6.748778607334724,7.35249484337104,708.4214110810426,708.2060200876458,19.536676728624766,[-0.14487783  0.85827216  0.49232033],[-0.70477022  0.25972623 -0.66018272],[-0.69448496 -0.44261854  0.56725609]
7,-287.66389836048694,141.39723817984202,359.8412662124808,8.275959197324504,4.1315237214240605,3.2342108303635886,3.0421496337657183,1275.2262393374751,1275.0481911577997,24.62770411712627,[ 0.15848375 -0.86925664  0.46826893],[0.78643144 0.39789142 0.47244894],[-0.59699957  0.29338593  0.74667008]
96,-328.4617928488392,-86.40308999377156,196.8321843165486,14.3923979324731,10.432438210468304,24.694155994710083,18.38234160117661,3856.7509746479664,3851.499320308355,235.62752096927701,[-0.19139669  0.97540609  0.10931725],[-0.51414398 -0.00476219 -0.85769067],[-0.83607612 -0.22036396  0.50241064]
61,-344.0930076515397,-193.96036945927725,84.98346013256597,16.470781281391893,13.866075778216045,9.503658708032237,16.268291011654075,3160.367659973556,3158.7612226723413,132.2854092933913,[ 0.25675159 -0.03182244  0.96595339],[-0.4567465   0.87680996  0.15028947],[-0.85174013 -0.47978289  0.21058757]
30,-235.04094858431412,184.83111518901416,258.06749467138627,12.3821206060062,5.645552881456056,8.374349068652151,11.819342797825083,2164.8716389916103,2164.6218341432586,58.3049176785726,[ 0.38931927 -0.5433769   0.74375537],[0.70279967 0.69717956 0.14146831],[-0.59540165  0.46763469  0.65331055]
29,-445.4803422177956,-73.11238728270986,99.48869229610601,9.208731944084242,12.792972662548303,18.92433138602317,7.498380203380693,2492.62643562143,2490.0779472887407,126.03423624525746,[-0.23831922  0.87305554 -0.42541507],[0.12017904 0.46118044 0.87913003],[-0.96372244 -0.15838761  0.21483114]
41,-138.15127584431093,-119.19498622112332,30.972417214918522,12.669018367407343,7.113428383086338,13.269034495899064,6.842279212735508,1190.6948378312632,1186.9605748625665,117.57706472167109,[-0.40404383  0.63961161  0.65394616],[ 0.52745242 -0.42117925  0.73783602],[ 0.74735703  0.64304357 -0.16718981]
37,-234.43845289193592,218.82817638543335,291.91564075553146,7.054642274779232,9.63540952116211,10.859017939919225,8.001401513080399,2639.3063214393633,2638.6816516178133,85.32836371219182,[0.83337065 0.43075506 0.34632852],[ 0.11526103 -0.74826043  0.65331556],[-0.54056291  0.50453583  0.67322755]
2,-198.46072868124972,30.712366081429522,139.73087372922745,2.106066852722421,2.1492369943283958,4.489535386231978,0.585780618810702,346.074668236136,345.99124498236813,7.598314964685796,[-0.33336423 -0.90171271 -0.27528616],[ 0.48048997 -0.41371565  0.77328439],[-0.81117056  0.12551311  0.57118192]
3,-295.4559025685582,-53.62098956375595,29.572334413417853,8.135662285060112,1.2595158710699135,1.315117861500571,8.107921063278527,522.8195492457772,522.8085681950027,3.3900629623028964,[ 0.16242518 -0.97577951 -0.14653466],[ 0.12152912 -0.1275928   0.98435296],[ 0.97920822  0.17769193 -0.09786134]
3,-156.64069713772628,178.8049520777195,183.31142882102662,1.7025133061839728,0.6038485944228884,2.880181449093969,2.771450151975422,519.9670751096085,519.9572284185257,3.4155729749524797,[-0.8361681  -0.21538589 -0.50441236],[-0.16889609 -0.77386031  0.61042144],[ 0.52182087 -0.59560821 -0.61069947]
90,-144.2147238821396,-118.30519804189264,184.9860728819142,13.58301254568994,25.164268703185076,21.412261225857055,26.82978177714598,2512.4223539877157,2507.8350703824253,225.19119088793175,[0.7089194  0.19746666 0.67708212],[-0.44585433  0.86932319  0.21328644],[ 0.54648623  0.4530829  -0.70432144]
113,-215.101443106709,-116.6224789742143,155.24532332326447,21.539323236419772,15.773141390880822,32.12513073975776,35.123792898166556,3110.1342686003377,3104.9809967389683,240.44991471301262,[-0.34234454  0.9153093   0.2121535 ],[0.57969322 0.02806408 0.81435139],[ 0.7394295   0.40177269 -0.54020618]
25,-191.86510680772508,207.08833340812984,25.8538654547956,11.209221239267631,7.444151058370634,15.203721731227015,11.02733557117753,1420.726941091811,1418.83866995924,85.75264806012687,[0.71824668 0.62913988 0.2971611 ],[-0.15972669 -0.26659123  0.95048224],[-0.67720683  0.73014528  0.09098784]
44,-376.08956391547963,1.4375960448483993,119.8855916441687,15.053959046486975,8.580637381140209,12.085165788888999,15.260762178578853,2621.8401512208516,2620.6519385176557,96.92504249885675,[ 0.15240144 -0.85858323  0.48949836],[0.26270179 0.51265847 0.81741609],[-0.95276522  0.0040167   0.30368124]
57,-376.8845471350382,179.86180700228502,33.557896980024616,13.862301721985126,12.378176922504734,17.602578683258013,13.708949202755392,3167.9271923056754,3165.7560235607557,161.2953984959375,[ 0.41041553  0.89335011 -0.18298817],[0.14918849 0.13218446 0.9799337 ],[-0.89961208  0.42947974  0.079027  ]
41,-33.509862448152525,-10.27326029769574,21.82439285668839,17.02754201392935,10.114399620741942,17.19477048220255,21.160725540726375,311.1716832030197,300.8652133381014,94.07377950224465,[-0.57850789  0.45995202 -0.67362657],[0.15165868 0.87210263 0.46522753],[-0.80145384 -0.16697648  0.57427397]
36,-292.637183376012,-284.82201917831503,180.79359378724783,7.910432041340403,9.80465910593108,18.189994114497186,8.612044235341767,2682.666250057108,2680.240314880936,122.50029975084065,[-0.74993427  0.48487556 -0.44999364],[-0.09035776  0.59879076  0.79579212],[-0.65531219 -0.6374522   0.40524145]
73,-155.3647641599166,28.5236025608804,60.01291973724854,11.912284429627695,17.625620670880725,14.090711750198237,12.578949087133614,1457.2069906868062,1450.5897231569313,190.23616256759388,[0.38582288 0.57031314 0.72517834],[ 0.07799389 -0.80338842  0.59032534],[-0.91927018  0.17120154  0.35444657]
23,-343.9108242736092,163.2332210453453,176.39609526174505,6.586690510293451,8.377918938806559,7.634171587730783,7.497357338449634,2012.967573321503,2012.66550008011,51.66481951503868,[0.5457035  0.30696967 0.779729  ],[-0.17424687 -0.86858253  0.46389914],[-0.81966196  0.38901672  0.42050002]
2,-376.6170933552256,-225.2239860257238,68.64831141215117,1.875382757894755,0.46463207271966667,2.1971749955298137,1.0149790292328191,628.1519403294183,628.139952255025,3.8807886657062327,[ 0.37983706 -0.78454608 -0.49011351],[ 0.36977091 -0.35688226  0.85784878],[ 0.84793472  0.50707248 -0.15454521]
37,-306.0032576292783,-247.07891229748103,244.91117316599008,10.68248342179604,14.498378597002906,10.727201476056146,8.834636876872542,2820.1092818591947,2819.81790196421,116.26705118512385,[0.35821953 0.3947596  0.84607543],[-0.66000685  0.748031   -0.06957426],[-0.66035576 -0.53349272  0.52850335]
38,-354.4897937947306,-298.2892235131641,17.442978710041388,17.33894043222635,19.947965261281954,11.05157071020338,18.93210276804823,2862.820159816231,2860.873662109222,133.26393521241116,[ 0.25106108 -0.24353296  0.93683511],[-0.5937571   0.72562005  0.3477471 ],[-0.76447423 -0.64355826  0.03757554]
34,-175.20718875000787,97.75564656774819,35.04939583158381,8.638038594290576,13.207092370328796,11.52450165430318,12.28504810926278,1192.6268136537074,1190.1898230794598,88.56846385794532,[-0.24209036 -0.68053718  0.69156446],[-0.45087811 -0.55222428 -0.70125407],[ 0.85912815 -0.48157813 -0.17315114]
31,-387.5208783727972,236.66995128798112,126.48409033175763,7.615583417455205,12.925832390963347,8.738947499816096,7.506334990336056,2625.6903318199174,2625.308470506696,86.95505816276317,[ 0.29383479 -0.02931873  0.95540647],[ 0.4877303   0.86421736 -0.12348082],[-0.82205856  0.50226364  0.26823676]
4,-311.74671901833,-205.25531469014538,160.60939109000196,2.4997557992397903,3.3692657044195866,1.6644667642885724,1.6199964189844689,812.7179764665087,812.6934168833058,8.42440451913027,[-0.16584648 -0.43903549 -0.88303045],[-0.61958829  0.7430169  -0.25305384],[ 0.76720616  0.50514724 -0.39524799]
6,-205.7010148913561,-156.22341594765703,234.26587927719527,4.284993440188721,2.785169292901203,3.095788536706206,1.7731610216279796,854.2414765265548,854.221654562918,13.974137298326298,[-0.02918567  0.84328055  0.53668064],[ 0.80693135 -0.29699366  0.51054536],[ 0.58992372  0.44796504 -0.67180155]
94,-252.7932529677668,191.29906984389484,49.46830934567008,11.93666338763592,17.731303766208182,13.055614421657985,12.829693591982664,3117.5683350885647,3115.966956147538,208.49179167402508,[ 0.09257417 -0.13239422  0.98686463],[0.60936694 0.79137249 0.0490052 ],[-0.78746552  0.59682607  0.15393731]
15,-244.08474292630692,-273.67798748722214,142.00801835488983,7.893315879558439,5.971162553859888,9.472127929026707,9.471629525747975,1523.7335530790074,1523.7075354904307,38.4735430756669,[-0.24134598 -0.26907354 -0.93239023],[-0.74600193  0.66594315  0.00091903],[ 0.6206716   0.69578672 -0.36145208]
8,-154.60465833992487,18.917191286419662,8.046193583633602,5.252753521030662,10.388365630964485,3.3421320827467857,6.102227749481953,442.41355352570724,441.54825000380157,29.248741678111344,[0.08199016 0.2602554  0.96205236],[ 0.10568345  0.95758947 -0.26805488],[-0.99101394  0.12365087  0.05100823]
16,-357.3770843999538,-240.46809827456127,46.089315740372705,8.201528007616579,9.004007299936674,9.032567970774627,8.077863649968483,1733.6499715882383,1733.3638999412317,51.237942330172,[-0.38066279  0.68459989  0.62162595],[-0.41780862  0.47237355 -0.77607937],[-0.82494351 -0.55514522  0.1062167 ]
102,-245.55962526233705,8.351806752467937,23.5920079702925,12.684201748299316,27.171707160237077,17.59081998781645,13.41363467532678,2514.5494572217817,2499.390881999299,324.842654550697,[0.10153681 0.44768866 0.88840596],[ 0.01358108 -0.89356185  0.44873464],[-0.99473908  0.03349757  0.09680952]
9,-361.50031018779305,260.8848379297889,50.58470658681883,3.4446846145251118,6.898126836929289,6.442755797063789,4.993954167947572,1346.2383659400064,1346.1851681688634,26.16022639675149,[-0.46785393 -0.50783565 -0.72333648],[-0.3633337  -0.63555966  0.68121402],[ 0.80566825 -0.58152117 -0.11283528]
9,-314.8396038254969,-172.16362263666474,320.42508681350046,3.6456799476593282,9.640417757402071,7.056554418152171,4.109299927586034,1443.685144650352,1443.325352714418,35.369626513457135,[-0.75594398  0.32818281 -0.56643158],[0.01591459 0.87421875 0.48527137],[-0.65444283 -0.35782345  0.6660833 ]
40,-50.66058253535482,17.962299990927477,10.970135668710647,13.267816423374864,18.480955209928705,5.709098929834655,9.37631550151354,375.76070417518997,352.7930001676726,138.25182587224484,[ 0.1779593  -0.10167866  0.97877063],[0.30351999 0.95182272 0.04369344],[-0.93605881  0.2893008   0.20024721]
18,-181.88819526816934,-36.943821546604795,149.51941553945616,7.710814385027334,7.25480024705179,5.76909149427032,5.443048010852419,1012.0006978651776,1011.9072190447702,45.645901112516015,[-0.58061922 -0.26139178 -0.77107435],[-0.28307301  0.95278815 -0.10983812],[-0.76338129 -0.15449622  0.62720007]
78,-330.60762986506506,315.82892329088315,37.80972427585125,17.160084472317536,10.972965859688381,12.040755721700334,11.615129905837847,4056.597975556022,4053.764235005011,181.80301704821193,[-0.31686856 -0.43291538  0.84390674],[0.61636987 0.58227587 0.53013489],[-0.72089008  0.68814176  0.08233108]
2,-427.8763224914715,-216.73087898271174,37.82650105506741,1.8096695738583435,1.1290627081408786,1.025193030563809,2.037381098172233,680.4217311973936,680.4196005543157,1.702782183219093,[ 0.45727261 -0.87537805  0.1568918 ],[-0.00186094  0.17547418  0.98448227],[ 0.88932463  0.45046874 -0.07861051]
47,-279.9817332701073,-113.6847611035627,109.08488759843338,16.622044896925182,8.831141716138207,15.78277113873209,11.754801154667138,2208.2447613243426,2204.674449866552,147.82732120786176,[-0.35149246  0.93353017  0.07052997],[0.34034025 0.05723491 0.93855883],[-0.8721362  -0.35390054  0.33783553]
12,-146.18432076663876,98.83817222633569,95.16048810714915,8.103640435598571,3.750877594169263,9.602713053738627,5.001626937080371,695.8629017534053,694.8329929449668,42.111044955496624,[-0.37985737 -0.86852132  0.31840083],[-0.56908574 -0.05194992 -0.8206355 ],[ 0.72928033 -0.49292182 -0.47452954]
28,-321.0776057231256,187.01773980233594,149.7779701911954,10.16954032403473,12.872095047093778,6.183948733980117,13.528467836871727,2121.747346262528,2121.2973198039776,59.09490273316971,[ 0.33181302 -0.17283807  0.92737647],[ 0.49783917  0.86711203 -0.01651924],[-0.80128414  0.46716564  0.37376462]
6,-257.8098419683198,-249.4486742813209,296.6596801962136,4.698755224153489,2.8471361130885273,2.7980640486330137,2.9909559229805303,1140.3431002249065,1140.2933089598941,13.236537421888398,[ 0.2420299  -0.83593192 -0.49258436],[-0.79666926  0.11857683 -0.59266992],[ 0.55384079  0.53587066 -0.63726213]
10,-202.9406757160299,-209.72315843812788,326.2193454086968,7.122316261644412,3.238531919238159,6.723493902156241,6.8303841703135495,1384.4541266300823,1384.4043460720743,24.401681942510283,[0.81064625 0.11000693 0.57510967],[-0.35745928  0.87090256  0.33727081],[ 0.46376236  0.47898561 -0.74531689]
4,-373.8888338849092,-62.227021843620214,71.06495567967598,0.5293509767403913,5.737401312912716,4.417584486566002,1.9288911770171506,771.3886174325736,771.3024951073562,14.003159116288506,[0.06303608 0.56261458 0.82431261],[-0.23677063  0.81080517 -0.5352893 ],[-0.9695185  -0.16143048  0.18432059]
9,-253.65081339549474,258.07912430562766,125.90823342710476,10.172980103283976,3.8452558832149193,2.3945177264079525,8.152926206575255,1149.8831605992475,1149.7039356919097,22.757273615274954,[-0.01245911 -0.44827456  0.89380909],[0.74916658 0.58784507 0.30526646],[-0.66226445  0.67341525  0.3285083 ]
37,-241.46541680373554,-5.0735679682389545,137.32209804207523,4.603802923363256,9.272226210283048,13.62793091865816,8.512526571382713,1692.7424918190118,1691.1517757582137,90.89696396327192,[-0.2988031   0.81587208 -0.49504491],[-0.39519127 -0.5779613  -0.71399201],[-0.86864295 -0.0177056   0.49512215]
43,-345.3698703653059,-265.9115384932227,186.45110600537166,10.729629540042168,11.99972366997185,18.32360881118175,8.939662212268551,3112.0064795425305,3110.192724672781,148.52777472762668,[-0.33847721  0.79388746  0.50514936],[-0.59588065  0.23464018 -0.7680301 ],[-0.7282578  -0.56096942  0.39364182]
54,-254.31882733067965,-256.9327896175863,22.31764959713395,7.811601300672139,14.57410858267543,13.804636383983143,10.781319987180439,2664.79711807408,2664.342560827487,137.22738959275443,[-0.52152959  0.57129515  0.63374186],[ 0.48542193 -0.41216887  0.77102683],[-0.70169256 -0.7097455   0.06236093]
20,-399.39409342960124,-70.98399864429977,75.92583368238448,5.142150457839219,11.497538561674263,12.947572685268359,6.853801500315291,1846.7524702524677,1846.5368821357667,74.97954556249618,[-0.10763949  0.94273138  0.31570759],[-0.22802363  0.28567748 -0.93080267],[-0.96768743 -0.17217992  0.18421485]
7,-347.5421531733044,-43.534355587215764,10.049887287176107,5.408813019658622,5.17285994562405,4.509658962701796,5.187682150784634,927.2950613601197,927.2501523213359,18.57350354213771,[-0.01703443  0.35238795  0.93569897],[ 0.12629686 -0.92758052  0.35162975],[ 0.99184622  0.12416565 -0.02870469]
59,-204.73581188849772,-145.96573774908353,79.75230145185104,9.909135757390063,11.987422659282794,11.573180588165041,14.162992888780852,2030.836169163042,2029.928422384692,101.28098048371865,[-0.25956064  0.71741455  0.64648638],[-0.57548364  0.42268429 -0.70011183],[-0.77553005 -0.55376381  0.30314813]
10,-323.28714027687954,-274.5261317002908,142.3653875128852,7.071458717886203,6.194489707020101,4.868740211912373,5.443424503513738,1415.0580033539813,1414.9075686584765,28.819591823121293,[-0.1735917   0.60663291  0.77579793],[-0.66906388  0.50540153 -0.54490624],[-0.72264752 -0.61364958  0.31814266]
4,-206.3651793528955,-74.66760947434517,172.49519774073684,3.098479225064889,4.659290517669298,0.40859709271177447,1.496834100114867,558.382112870752,558.2796832001571,10.79271227938068,[-0.53053126 -0.33376262 -0.77919131],[-0.41464087  0.9039219  -0.10487206],[-0.73933046 -0.26744665  0.61795045]
14,-77.80546344345966,77.93217660022538,42.98448319020678,4.071107233336811,4.924736719392806,6.797779826039041,3.9564077047249233,443.2607338830512,443.01396823059605,31.455005165064872,[0.75058889 0.61373303 0.244843  ],[ 0.06222464 -0.43454699  0.89849708],[-0.65783312  0.65916666  0.36435546]
16,-472.6466425963994,62.36146388648929,28.42884174759864,6.954961551744695,5.939039860229299,6.189428224799712,7.368820153732878,1910.7440972501493,1910.7137573394828,32.80881382273282,[ 0.10103515  0.92843757 -0.35748507],[0.10203369 0.34775909 0.93201542],[ 0.98963681 -0.13064184 -0.05959602]
116,-381.74137956335534,43.94256353831802,275.94812822122486,17.601794180436773,29.944391968795085,21.78391833822394,12.046269975357719,5111.598729633599,5099.696470522808,421.1489691807693,[-0.50613532 -0.61802521 -0.60155788],[ 0.30423883 -0.78059908  0.54598884],[ 0.8070104  -0.09332697 -0.58311603]
5,-168.09939253055617,-149.60545090753345,34.992387073070326,3.8684239414355237,4.0715362316914,2.0634702704896326,4.237211209972324,509.37333491926216,509.3562578601151,9.468214874375567,[-0.27033053  0.07964205 -0.95946785],[-0.61811771  0.74970167  0.23638507],[ 0.73814084  0.65696617 -0.15343909]
15,-242.37659505884986,-221.93209868472331,219.22740278553889,5.3156991119970645,6.229625276855435,8.558034106468284,5.23689818030555,1530.5269125041864,1530.3047899338471,41.12781070931825,[-0.78381286  0.5186755  -0.34148665],[0.09606049 0.64455    0.75850358],[-0.61352244 -0.56172149  0.5550308 ]
8,-197.1545920016711,101.35268165280078,203.63678713581896,7.914288120419083,2.9122008672921176,4.08752191544865,4.452397135672861,851.7543299082345,851.5491612336764,23.401444096204656,[-0.04639725 -0.91150913  0.40865438],[0.75406927 0.23634963 0.61279555],[-0.65515405  0.33658573  0.67637505]
8,-302.3587073890638,-333.9139133146482,166.58513048003545,3.640346340653583,7.029968989104337,2.972696419236309,3.9963712553152146,1358.6279459343639,1358.5093082685717,21.095928600729167,[-0.54358386  0.07517516 -0.83598163],[-0.55518734  0.71477682  0.42527769],[ 0.62951061  0.6953005  -0.34680485]
2,-372.7648130333717,84.26540815742531,258.75758287995814,0.5256867780859125,2.687772769235579,0.4274615927357388,0.17350722527430662,652.7134665963029,652.7017414601268,3.9123101974335364,[-0.57292444 -0.01826242 -0.81940471],[-0.13936498 -0.98302207  0.11935246],[ 0.80767258 -0.18257626 -0.56065223]
59,-435.866111838907,-129.20251247865758,113.73410239273845,12.212428805364102,15.105823098471625,11.993731715027861,11.979443579770084,3603.0593856009496,3601.537740406784,148.76962522600402,[-0.36686207  0.66817005 -0.64727197],[-0.01683118  0.69090408  0.72275049],[-0.93012307 -0.27604409  0.24222041]
6,-228.47784884288671,156.71573924024617,68.8588439637998,6.648040930744535,2.384350152986495,3.7110784607988485,5.209614666092329,699.5279122154748,699.4618517936303,14.817246629078024,[ 0.20903835 -0.12167797  0.97030791],[ 0.56177426  0.82710955 -0.01730518],[-0.80044528  0.54871145  0.24125317]
2,-328.78857675963985,-102.07694411728082,134.3902947637859,2.3423750663370697,2.3866103890583545,2.6379979775541074,3.702305878958867,522.6863757896881,522.6778931875733,2.977819530930698,[0.06612332 0.71001898 0.70107115],[ 0.45188025 -0.64773749  0.61338437],[ 0.88962461  0.2762412  -0.3636741 ]
15,-165.25775191588835,-184.50690358580178,270.4283316071244,5.712500512978587,6.802023964517998,9.927343088868362,11.125213698560486,1421.1777150176706,1421.0184871938852,28.566914884359093,[-0.69948199  0.71224586  0.05857288],[0.55473965 0.48946786 0.6728188 ],[-0.45054287 -0.50311733  0.73748497]
3,-185.5466980731732,-68.08137899461825,124.98965847678313,1.4438672524194454,0.6208933439018542,1.5769945944550041,1.7440993531391609,405.0549190555938,405.04926533093516,2.3967873118835143,[ 0.59405006 -0.56151296  0.57602753],[0.13244762 0.77457178 0.61846276],[ 0.79344953  0.29110436 -0.53450547]
3,-142.3861494106361,-39.398205231311486,59.99443410769543,0.9796321773669484,2.8049571244306923,1.4660856738836923,0.24046409337146393,276.2290436597637,276.1934528836624,5.722823455537439,[-0.39771504  0.04161679 -0.91656467],[-0.21078503  0.96810686  0.13542075],[-0.89296832 -0.24705698  0.37625847]
103,-293.0380204498193,-240.82158920142157,160.88876043450074,13.686828750686395,10.884597802785297,22.13999262999483,13.232455895264811,4189.565519101012,4185.225307142425,253.40474600755914,[-0.68937658  0.68813901 -0.22632861],[0.13688946 0.4305546  0.89212331],[-0.71135168 -0.58402692  0.39101324]
19,-441.7844388940588,128.00153280993058,74.7610429486034,16.815561247335648,6.197953352636262,10.200721829995313,17.39632554443825,2032.9543517931013,2032.8652533303643,47.99959833416376,[-0.31541765 -0.74566304 -0.5869398 ],[-0.04103614 -0.60721668  0.79347586],[ 0.94806526 -0.27436203 -0.16092773]
33,-213.2784143104065,63.395679507262585,85.99770026390019,11.325556814579892,15.228881927031303,11.813813423381543,11.322127657313807,1375.7536880875605,1372.44937453624,110.54379305830886,[0.44607699 0.59660772 0.66713908],[ 0.03680534 -0.7570091   0.65236691],[-0.89423749  0.26645159  0.35964269]
2,-211.17562576227857,210.9602130932954,136.3179863180107,0.3105634317253845,4.745691482631287,0.578173484164509,2.610668618634861,464.12261772106535,464.0878525705587,5.680614113064453,[-0.58331263 -0.06050954 -0.80999073],[-0.495652   -0.76351151  0.4139798 ],[ 0.64348697 -0.64295317 -0.41537423]
3,-242.70597223488662,94.34664487009694,34.31077239187149,3.154514438852074,1.7524440850772005,1.374718640011878,2.64682966328863,454.9689540419501,454.94752099844715,4.87031684691726,[-0.03685543 -0.42397535  0.90492352],[-0.38039076 -0.83141729 -0.4050286 ],[ 0.9240912  -0.35915205 -0.13063407]
3,-157.2051681148804,31.889381137660962,141.95610849825678,4.223448643495004,2.37344151798007,0.5029750827844451,2.7469748699898306,371.0985523996586,371.0405847450458,6.978305601987184,[ 0.38325408 -0.71477091  0.58499475],[0.56061711 0.68336329 0.46767839],[-0.73404684  0.14871841  0.66261457]
33,-294.46094207063345,-167.79530734855706,278.0963728392242,7.358699103975389,10.91251750326742,9.800645967885734,12.01916021609384,2520.0211566216603,2519.6022507351586,63.856314085833475,[-0.69588333  0.03177538 -0.71745154],[-0.25452538  0.92325975  0.28776424],[-0.67153795 -0.38285997  0.63439343]
24,-255.23581432308444,108.46739638673081,25.89923149684513,6.715568082588158,6.419084748560977,7.627436790710037,5.426785259243261,1365.320641885585,1365.2775673204235,52.46557011432531,[-0.36207173 -0.7074337  -0.60699392],[-0.17045854 -0.58994685  0.78924432],[ 0.91643218 -0.38923035 -0.09301496]
13,-217.17537430027622,46.76626215819817,62.44327663794673,10.670086659795883,6.2247254866499615,4.809922894579801,12.054254352753512,833.3543040132364,833.2047530404645,19.890471547429392,[ 0.25356631 -0.10726101  0.9613528 ],[-0.22428767 -0.97326845 -0.04943239],[-0.94095652  0.20308519  0.27084542]
30,-104.59289248318485,-51.4729140273093,67.00068763076163,9.267139937218586,8.791861296419324,12.11034554295837,7.56998890409246,741.6804865975652,738.6355905463399,87.24288828633114,[-0.30367829  0.922444    0.2384881 ],[ 0.55084435 -0.03425346  0.83390479],[ 0.77739951  0.3846086  -0.49772103]
21,-252.2559940163434,147.88612258497864,227.11697392590958,6.1423195841376526,9.1644120282377,11.466454391503882,10.751173677137484,1697.9466792650553,1697.7353629174893,53.82706120625845,[ 0.43981992 -0.44700385  0.77893902],[0.58547088 0.80040564 0.12874263],[-0.68101564  0.39942254  0.61374208]
6,-279.99053617367565,-68.71263080843067,328.70198028244846,9.905217450163255,4.198667365780255,3.29940933086425,8.954025759490426,1071.3018608943353,1071.20786976855,16.702555210121755,[-0.40512728  0.90070185 -0.15686955],[-0.65232491 -0.40499065 -0.64066745],[-0.64058106 -0.15722195  0.75162302]
15,-214.60955668865805,-243.51559982597746,353.49205864250035,4.53995881610612,4.708912848345675,5.92966036162349,6.704468887455088,1858.9544603266384,1858.9099748212632,22.19774336318754,[ 0.19182438 -0.85874959 -0.47513424],[-0.87364257  0.07116531 -0.48133581],[ 0.44716001  0.50742944 -0.73658895]
21,-305.51885225134674,88.38948650789321,248.68596116972904,9.29178754750027,6.1302148161387535,15.151754268330688,15.673989410143566,1851.9702430107538,1851.692571645593,47.4656438393015,[-0.31543078 -0.94759819 -0.05060727],[ 0.57302824 -0.23271256  0.78580119],[-0.75640073  0.21886649  0.61640522]
28,-286.4381029530256,125.39646883843136,244.47785749710516,10.51257116006899,6.651637445725855,10.723333706727601,12.208861207987132,2101.8318044997745,2101.496031203775,58.22806702549212,[-0.14549271 -0.93915102  0.31117074],[0.6768144  0.13492756 0.72368282],[-0.72163297  0.31589542  0.61599996]
7,-122.61365450301983,41.82916774445547,139.08227479922547,7.581511811497712,9.070975449218869,2.8815825957853294,3.848741352037875,503.7036166193269,503.1886557854645,30.726101278697488,[ 0.63999177 -0.36711057  0.67501138],[-0.41674961 -0.90388906 -0.09645897],[-0.64554651  0.21957778  0.73147475]
2,-487.07923358041967,-22.606167206010547,7.0118816865428935,0.5519428475886627,7.86211709167968,2.231642855715548,0.21888581494170012,689.7441305610754,689.6469140130273,11.580139712540333,[-0.02643987  0.27124683 -0.96214661],[-0.04069448  0.96139319  0.27215271],[ 0.99882175  0.04634974 -0.01438086]
3,-316.7942006277886,-95.20977549548557,50.803176117797115,4.160735723870941,0.8045082034942577,0.8902298801823,3.7990352079387106,579.7137300807434,579.7051410801525,3.609290451970824,[-0.14772637 -0.03585059 -0.9883783 ],[-0.28656127  0.95802784  0.0080807 ],[ 0.94660423  0.28442467 -0.15179936]
8,-369.5110153201868,227.5880372741523,8.904984620038729,8.335950687482086,6.53081185892054,6.815985603221234,9.53951370526933,1228.1669845672307,1228.0977310591684,23.311783503072174,[-0.52296982 -0.85098604  0.04822153],[0.04294858 0.03019347 0.99862094],[ 0.85126845 -0.52431966 -0.02075837]
2,-258.96631965609794,194.184017808653,168.37118193952944,4.229090688681268,4.092564542393916,6.789031807395688,8.312452558025655,516.140615804876,516.1181092156428,4.820023143760671,[-0.50588996 -0.84099615  0.19183538],[ 0.49034694 -0.09740752  0.86606677],[ 0.70967262 -0.53220038 -0.46165738]
10,-281.8510287228606,60.177143233515515,160.68708266499334,6.855023871606348,5.90618387715066,6.38627748156124,7.501680302729203,1043.942774941136,1043.8478310335854,25.513843436380235,[0.50890529 0.10029017 0.8549604 ],[-0.10690255 -0.97813868  0.17837197],[-0.8541588   0.18217189  0.48705868]
9,-382.263421778032,92.95889854220559,80.83623265374621,4.418088249934614,8.43339016370645,4.965811439127131,6.065582268658692,1205.256135997341,1205.0505274619375,26.59837506062099,[ 0.08856166 -0.42078758  0.90282592],[0.29387444 0.87707922 0.37996033],[-0.95173245  0.23166755  0.2013343 ]
5,-273.6410515682433,7.040377433811147,289.45614828887744,7.6989777426786015,2.6688256504311747,2.7740285885422598,6.156939890711286,891.0175864061017,890.9479312375356,13.375491438392242,[-0.20456792 -0.96397154 -0.17003188],[ 0.69727889 -0.26541909  0.66584897],[-0.68698916  0.01765169  0.72645324]
60,-316.26987324224666,-315.96447739945523,62.11026247701193,9.47377658931655,18.30796096380409,8.570955197912124,14.9271837014966,3500.055977788431,3498.4203211102813,128.89932399177943,[ 0.43404845 -0.26525661  0.86095347],[-0.56665454  0.66256164  0.48981088],[-0.70036032 -0.70046485  0.13727499]
14,-69.43953435342084,-70.32787812561865,15.38204715313787,9.22217758477122,6.649799279636932,8.957405897650387,11.110591133918666,377.8322213012503,376.8607370290043,34.7845461399238,[-0.71454502  0.65127142 -0.25548179],[-0.07624707  0.29051437  0.95382796],[-0.69542203 -0.70103276  0.15792805]
22,-379.8757514759191,-264.5757915856239,117.57245907906295,7.890710355722932,8.75089990097417,15.799961333870167,5.236975516561882,2241.868224863899,2240.7264386278803,89.16652184498909,[-0.48094243  0.82375076  0.30021504],[ 0.36902356 -0.12041861  0.92158612],[-0.79530874 -0.55401629  0.24606902]
7,-382.25875331690486,152.88952452946498,153.34731698699423,9.459296772530823,4.278273941895902,9.41535138277636,10.678246335564124,1162.870778873249,1162.7890834097807,24.003779095307323,[-0.49135494 -0.55565112 -0.67068782],[-0.03911811 -0.75519999  0.65432618],[ 0.87008051 -0.34774244 -0.34933523]
8,-398.14927208992407,20.06206781953948,20.66283131824191,10.47904692449304,5.9728274529218774,5.4425458902812025,10.207598536074157,1129.6526184755235,1129.4924903886895,23.87238067682002,[ 0.00872053 -0.62951504  0.77693936],[0.07134591 0.77538045 0.62745113],[-0.99741351  0.04995974  0.05167505]
2,-270.5663217147985,-173.01512505215933,302.0626083458918,1.8028711364827075,1.3348277606363297,3.484262417301096,2.969661729743791,623.5372635182147,623.5238679514365,4.087186154703833,[ 0.78952182 -0.31245882  0.52822796],[0.00681045 0.86510269 0.50154855],[ 0.6136847   0.39238605 -0.68514544]
4,-393.2147661105499,196.98476030590132,172.94262670484795,8.210027069037102,2.626426669812583,2.084999310316182,8.28046743223325,945.3209227903783,945.3029943696828,6.308924902273577,[ 0.12756056 -0.49826071  0.85759231],[-0.53974297 -0.76028687 -0.36144349],[ 0.83210926 -0.41677349 -0.36591534]
10,-289.710621581354,39.558001667387146,7.4217339074115944,6.956974204539865,8.464844048521643,5.799706094395578,6.5811300886950335,925.708701346491,925.2432960578633,33.24566749590982,[-0.04651272 -0.50256663  0.86328637],[0.12930662 0.85392129 0.50408157],[-0.99051318  0.13507485  0.02526699]
7,-396.8645814488965,-109.49122310921226,54.011214279586184,4.444773227105912,5.4597315600762535,5.88650715500713,4.545719654618451,1098.8002377667829,1098.6671470927977,21.119881749686353,[-0.28036677  0.68393509 -0.67351857],[-0.08860811  0.68022384  0.72762912],[-0.95579447 -0.26368224  0.13010996]
11,-267.45174400285174,33.23730688241602,202.71174067397916,3.47187771538225,13.594478960274527,6.322090536957258,5.99552884144302,1119.5674800658194,1118.7420392866295,46.83702813943424,[ 0.56853817 -0.23455129  0.78851128],[-0.21914012 -0.96704098 -0.12965089],[-0.7929325   0.09908298  0.60119931]
27,-270.69143994356403,-203.03590566196945,114.53727856594458,8.95402833148175,13.902384801244137,11.199555877751688,10.452009275472403,1858.55748491024,1857.625901783431,88.3498152315211,[-0.4664509   0.12740188 -0.87532412],[-0.45672052  0.81276987  0.36167872],[-0.75751563 -0.56848386  0.32093018]
25,-334.62909926744686,-209.3579818875821,272.8461246386384,8.646549256862253,9.27679961094263,8.084391186897662,7.415128099163587,2400.2721548135196,2399.648636332467,65.64514160813653,[-0.67320307  0.12667861 -0.72852601],[-0.24567351  0.89093708  0.38193671],[-0.69745405 -0.43610051  0.56866   ]
2,-277.94242677743716,259.197973181516,90.00011453187047,3.9298574393439765,1.7500211071344722,0.31572468452159796,4.030845256274944,552.3661983784526,552.3619297814179,2.1715522585928446,[ 0.12616588  0.443415   -0.88739242],[0.6910789  0.60247015 0.39929897],[ 0.7116826  -0.66363609 -0.23042358]
6,-337.91830885750824,172.75872184396292,44.14365654022825,3.3858890769516283,3.820217995566515,5.729102183739702,3.449145808416745,936.056271533433,935.9587961353874,16.811355996563506,[0.45333321 0.77357615 0.44279672],[-0.11082718 -0.44400167  0.88914558],[-0.88442429  0.45215313  0.11554744]
31,-417.562252871921,-33.03496482547354,242.40592707668486,5.437437445081201,17.857332408239706,9.931200587919038,5.363159020963914,2696.672695771713,2695.1322326399645,113.87934296650863,[-0.49870855  0.27751118 -0.82114392],[0.08302321 0.95829913 0.2734409 ],[-0.86278441 -0.06819331  0.50095183]
6,-374.5581637563155,204.57001396885428,148.54107495647906,3.412304099450217,7.002252663834434,7.685716498660393,7.991031606070805,1107.1895767980304,1107.1209951720186,18.363155700221775,[ 0.20644285  0.79357954 -0.57237476],[0.52017126 0.40645086 0.7511455 ],[ 0.82873591 -0.45280152 -0.32888839]
5,-114.08532495995306,54.14126634851026,24.820692825930557,5.283916537068039,2.6552263650467958,3.084389360364749,6.195377389832597,288.1547486170089,288.1135484814188,5.505222280379031,[ 0.39968058  0.90604954 -0.13903115],[0.23364875 0.04596538 0.97123398],[-0.88637672  0.42066782  0.19332587]
2,-242.8080125899342,49.58330095249279,127.48581033365596,0.7952794025132023,1.0057968688807364,3.6348606788497975,1.148725661610996,394.1616999569395,394.1273565190524,5.203129466791753,[-0.05071797 -0.95963546  0.27663599],[0.48825125 0.21780977 0.84508557],[-0.8712281   0.1779289   0.45749634]
2,-327.21809512318987,-85.99281290973995,56.96183410558055,4.594888039877958,0.6948524871787782,0.9537674768898619,4.366441556612841,485.24962994592397,485.2425437218524,2.62242731116307,[-0.19111348  0.07914531 -0.97837194],[-0.23201512  0.96485646  0.1233734 ],[ 0.95375291  0.25057541 -0.16603416]
8,-126.7799229024843,-96.38603037689693,72.60144296626738,4.770082042054893,10.690880791460357,5.267443336042001,7.614853097423274,496.30111037561505,495.60264034171087,29.156602884344952,[-0.68662     0.52014424 -0.50793989],[-0.06557423  0.65150748  0.7558029 ],[-0.72405317 -0.55225715  0.41323002]
12,-345.2163272256878,-318.2697092543525,97.6959390340272,12.213282797601115,10.927429592409409,7.141819148422285,5.106140010428375,1662.488243920678,1661.5159269894377,59.27524747595235,[-0.14082386  0.42688434  0.89327398],[-0.67972741  0.61431609 -0.40073232],[-0.71981893 -0.66361548  0.20365462]
15,-99.26945199773061,-55.57286974516936,113.96582807928125,6.372743252628495,11.247612538261022,6.44674646133345,7.399695974811613,625.6838376548312,624.8759110772529,47.32445694805485,[0.50893424 0.5101993  0.69331278],[-0.60181754  0.78676111 -0.13719553],[-0.61546859 -0.34742428  0.70745656]
3,-206.29435670735688,-181.42743130888402,119.8585326389164,1.1985950987136904,2.4490494775995337,2.297536532140185,2.0467654505197137,519.1879374005091,519.1634348125751,5.054326801547023,[ 0.15298502 -0.6599175  -0.73559804],[-0.70918554  0.44507491 -0.54677618],[ 0.68822341  0.60532406 -0.39991415]
6,-364.85042642745384,-122.2058075215491,150.0674701510758,7.058801142605418,7.301519312501616,3.6708785306924137,6.027586280785354,1011.9645911571056,1011.7756523425393,21.934673496578576,[-0.39989753  0.07198284 -0.91372887],[-0.24407644  0.95255067  0.18186233],[-0.88346401 -0.29574598  0.36335334]
3,-210.44917878927183,44.52424212370634,239.8647136038178,4.088344328065559,2.5859355163352964,1.393770556072376,3.3433596697388754,558.1173903498495,558.0791344562227,6.542057394012001,[-0.55827832  0.57633489 -0.59679428],[-0.51146551 -0.80546114 -0.2993917 ],[ 0.65324448 -0.1380958  -0.74444691]
8,-428.3475321063184,57.425653636502545,188.97995466074954,7.186434147230501,3.9328071516732495,7.2574427552028835,8.074207943630324,1334.4595391761766,1334.382784999513,20.99127107626876,[0.26644538 0.90606326 0.32871907],[ 0.32307092 -0.40527358  0.8552067 ],[ 0.90809253 -0.1216663  -0.40070597]
