N,MEAN_X,MEAN_Y,MEAN_Z,SIGMA_X,SIGMA_Y,SIGMA_Z,SIGMA_R,LAMBDA_1,LAMBDA_2,LAMBDA_3,EIGEN_1,EIGEN_2,EIGEN_3
10,-193.62037452490966,157.48016109295287,209.3085261911355,5.963753303393503,4.922273943795667,4.876590496168031,5.224098717520395,1030.3625225587668,1030.2608135747953,23.779142276180092,[ 0.12265737 -0.73522237  0.66663576],[0.79473549 0.47508755 0.37773975],[-0.59443307  0.48346653  0.6425803 ]
145,-137.72830608368918,112.61680620030248,161.51781825381426,22.90652827355453,20.452173831764014,22.14939046650891,32.71883439803164,2926.168579035403,2923.104772471353,230.72381089508016,[-0.53277731 -0.83616871  0.13026984],[ 0.6219787  -0.28252873  0.73028763],[-0.57383869  0.47010574  0.67060402]
337,-325.58842752748916,-45.898251977283046,221.16578466582993,18.77299895264407,33.1668066150343,34.02819787721164,19.65138281091088,7324.178466921917,7294.558900920752,861.7501060260784,[ 0.46843011 -0.69675521  0.54323606],[0.3268292  0.70790713 0.62613911],[ 0.82082636  0.11575701 -0.55932496]
352,-388.9881730646868,96.06040003944354,160.63573648205002,27.24611897929098,30.14263127719407,42.21121847486281,28.610912985285623,8162.528416429352,8126.890983477967,963.8699583724833,[-0.05721103 -0.90995473  0.41074236],[0.43167179 0.34842411 0.8320217 ],[-0.90021462  0.22490671  0.37286808]
77,-366.3138088053039,-156.70158270119103,232.2462747414842,14.485140643057427,13.967937524964196,11.81843138881455,14.448023295744804,4051.1762560897832,4049.5069872400545,161.1799570204278,[-0.59701483  0.58907918 -0.54457232],[0.11145673 0.73314657 0.67087518],[-0.79444993 -0.33982618  0.50335621]
3,-241.98911085071657,-40.61671286062701,156.21478400511972,2.833460640993824,1.3986156018639915,5.707593782414113,5.032140722778821,503.94002367627843,503.90157662373093,7.215010530189981,[ 0.31626685 -0.91453546  0.25219074],[-0.45611067 -0.37968108 -0.80486355],[ 0.83182831  0.13952478 -0.53720992]
50,-378.9287293575002,178.5413514882831,32.68119053800083,10.932058492800364,12.172453571778451,11.330296619017894,12.748377407078827,2973.630758437555,2972.9907206127427,107.96914619540968,[0.4210122  0.82396777 0.37924377],[-0.09763772 -0.3745076   0.92206883],[-0.90178468  0.42523073  0.07722193]
5,-261.97567412526126,48.94817870661832,202.78301821961492,5.6726684509757925,5.796511624768172,5.33124104086736,4.312757122767304,749.0762005271529,748.9542431147275,19.383010129588286,[0.51134072 0.70568413 0.49044937],[ 0.3556488  -0.69330733  0.6267686 ],[-0.78233279  0.14606458  0.60549198]
3,-403.75636287059757,71.88212699718007,2.771456073109095,0.4744388671307342,2.164470213588718,0.6455753256317182,0.6084852948068774,710.3504304931121,710.3399726906266,3.8574727201499392,[-0.05715207 -0.28411678 -0.95708479],[ 0.16583614  0.94263212 -0.28972928],[ 0.98449582 -0.17527787 -0.00675654]
208,-306.77957424175327,-253.20153573667378,173.1900120547721,27.80467488619439,23.251397920741365,27.221924469579115,28.146793128626,6284.542949905205,6276.896343153227,509.1038874584999,[-0.66642513  0.73853007 -0.10222953],[0.23468265 0.33793422 0.9114409 ],[-0.70767337 -0.58341562  0.39852805]
5,-408.3133554475479,-109.8878214744987,133.37951109572137,5.159717929705843,6.914746083504906,7.471334759672542,8.260818741252344,991.7475710435676,991.604653530028,17.65712707737664,[0.02940489 0.72542744 0.68767025],[-0.3889211   0.6420592  -0.66068174],[-0.92080168 -0.2480222   0.30101372]
179,-297.25887561290415,227.3975503145203,278.4362542589034,15.366117928413303,18.45408494253599,16.594715073684593,14.42899916463724,6250.859379577524,6246.333954178732,340.04454301035054,[0.76222052 0.51226622 0.39573121],[ 0.11272789 -0.70704331  0.69812762],[-0.6374263   0.48751726  0.59666962]
20,-228.1930653068142,30.022336468700296,71.03533582897552,9.598691454699301,15.016795731926614,9.446410033088094,10.460774058093468,1080.6627329671699,1078.5463343196682,77.189359174345,[0.3202479  0.3981828  0.85958812],[ 0.0103297  -0.90879     0.41712592],[-0.94727746  0.12470442  0.2951512 ]
31,-314.0929340176954,77.72008086798544,253.65757012991028,12.963387172111897,15.644891438061327,15.793741393084803,16.916156977644306,2293.0426510383554,2291.616344216651,108.62914681766362,[ 0.61371419 -0.08442762  0.78500119],[-0.19991381 -0.97848237  0.05105598],[-0.76379929  0.18826636  0.61738676]
109,-211.97233616270123,-115.34371331870403,146.40284578567474,12.280559899495188,14.513464613210239,21.89745080796845,20.973749244864475,2960.3879478895806,2956.9350698917997,209.94560119915374,[-0.20690909  0.89152884  0.40294536],[-0.62922331  0.19411804 -0.752593  ],[-0.74917732 -0.40926094  0.52080594]
60,-205.23201349440748,-150.38666512141575,77.73680502385847,9.962852935436764,11.569101748498523,13.572742433234463,13.463145432367677,2065.7651602398205,2064.465793213944,119.14121901674257,[-0.30009926  0.72865426  0.61563252],[-0.5619473   0.38646322 -0.7313422 ],[-0.77081494 -0.56542829  0.29348797]
7,-148.94451643931149,104.82488778104515,102.3343086023507,4.113907560652642,3.87983160084103,7.336428420853734,2.598016138580252,553.2287372841928,552.8269848155848,23.49492180085909,[0.61857901 0.779013   0.10246346],[ 0.33015936 -0.37604149  0.86578727],[-0.71299005  0.50172856  0.48980981]
21,-153.46169940696296,7.565502480057055,74.48862353719402,12.393691882321267,8.513189380843768,6.986326520988901,12.341950808204603,785.8044684762156,784.9388819023286,49.91497340994745,[0.37283142 0.60135413 0.70666112],[ 0.2293935  -0.79766591  0.5577703 ],[-0.89909696  0.04585083  0.43534165]
54,-284.5414911067136,-114.80984315301441,105.42121185117746,17.23176998121253,9.550639662109752,14.29479997116582,12.258150781591928,2389.667035717343,2386.9445325214574,154.67941420997687,[-0.24428373  0.91089872  0.33254921],[-0.41233366  0.21281701 -0.88582722],[-0.87767102 -0.35351441  0.32360647]
141,-312.0769784370241,185.93871509096238,209.10303798208952,24.71717244206812,17.615496094196736,20.757383988241862,19.738515961214144,4994.198271210491,4984.7203204908155,369.09760971101036,[-0.13364125 -0.83083017  0.54024184],[0.65386949 0.33571885 0.67804687],[-0.74471116  0.44386268  0.49838861]
55,-282.48661367540655,117.42208877152625,235.19626967642193,10.393012482822193,10.29985626445915,17.323142549464436,16.268003275073873,2866.1394998242868,2864.872743948329,117.2214228780875,[-0.32120651 -0.94312319  0.08570314],[ 0.60137209 -0.13322664  0.78778313],[-0.7315586   0.30458055  0.60996123]
19,-134.31937458979436,-96.8714113930941,147.1101379331082,6.918108638753107,17.644627385939426,6.589354967036924,7.772474404794077,969.2029133212172,966.4830338711835,80.04700244743816,[0.72776512 0.03124931 0.68511416],[-0.32116693  0.89818483  0.30019295],[ 0.60597833  0.43850597 -0.66370383]
16,-231.67803396863883,-44.60653228962932,55.33351602450752,7.761413213962737,7.695933964825987,11.229936908958756,9.002049853841566,971.0165465382007,970.3671148690022,51.1185547743497,[-0.28547468  0.76470288 -0.57769691],[0.06960818 0.61773284 0.78330124],[-0.95585507 -0.18340024  0.22957666]
6,-246.82544851703437,-268.19704488985377,133.7704917437504,7.08965583696154,3.9181507453159123,3.8982566198602377,4.151609202950411,951.2695049258031,951.125264011867,19.514510761507406,[0.23965158 0.24773462 0.9387197 ],[-0.733716    0.67940901  0.00801418],[-0.63578924 -0.69067427  0.3445883 ]
7,-171.0404601495133,187.46679910671102,64.9120928721846,2.7533988097353657,2.940757409863712,4.689381792962158,3.2230022504116493,693.2017575168702,693.0966258407248,13.94770753562361,[-0.51854687 -0.66098237  0.54241262],[0.55209207 0.22557764 0.80268865],[-0.65291921  0.71569339  0.24795054]
13,-338.3370207556219,-204.6103089752241,275.4752936603353,7.304416216609367,6.46238410801867,8.77953979106567,5.525616023486434,1737.9904436022764,1737.7688578875127,42.99519898313329,[-0.4483059   0.8872796   0.10842848],[-0.55325103 -0.1801468  -0.81330217],[-0.70209338 -0.42459634  0.57164923]
27,-281.8327267267899,59.60376305843739,159.8400439266027,10.776885971445223,10.470870630093437,5.6755950729510145,9.450876090122266,1713.6016953282513,1712.788100723683,67.37211352159505,[ 0.47486491 -0.09891091  0.87448268],[-0.20566726 -0.97862148  0.00099238],[-0.85568937  0.1803237   0.48505573]
71,-132.05531495053035,-122.67267409935266,29.74877143318846,16.303521973039445,11.211479398763101,14.350318825087419,13.795039256569334,1549.9208544367336,1546.817076494095,169.66882891466707,[-0.4272206   0.6209128   0.65722892],[ 0.54138582 -0.40651199  0.73596834],[ 0.7241436   0.67023525 -0.16248309]
75,-245.6689052081624,-141.30038884549458,307.1628983517446,10.73425876969726,10.674617702922282,22.777166820378866,20.555428904334303,3625.7336208829543,3625.232780502657,155.3937343479618,[-0.26949901  0.93854891  0.21562984],[-0.76334464 -0.07169157 -0.642001  ],[-0.5870905  -0.33761851  0.73575708]
2,-381.4567673862393,148.7920618047841,154.82213343002138,1.8327497296236288,2.5595356829962697,0.6262690436261806,0.9485635957346688,619.0776016754288,619.0624134962541,4.336483874491113,[-0.3646465   0.03341758 -0.93054618],[-0.32810608 -0.93986996  0.09482017],[ 0.87142374 -0.3398937  -0.3536848 ]
17,-464.5329646630775,34.88829133714622,114.5932645301027,6.394131012315794,4.7918342455506115,7.4479368079588015,6.445129717189323,1978.3826768646684,1978.2510810732733,36.47927943676292,[0.11087358 0.98235989 0.15058586],[ 0.22373641 -0.1723027   0.9592986 ],[ 0.96832281 -0.07266933 -0.23889349]
186,-246.59873852741325,-210.79407918515736,310.8409840697764,19.669285529909665,28.861798154459514,23.82577057115296,31.084256878012024,6152.102520494841,6144.556522077058,394.4957999803058,[-0.80404193  0.0697583  -0.59046622],[-0.22910757  0.8800551   0.415948  ],[-0.54865863 -0.46971992  0.69161905]
13,-283.2562245276115,39.6573334857248,292.9068131820851,4.015465643661225,14.963701509231955,8.889883427335718,6.466046323912424,1477.4024938292314,1476.342730369801,60.17295076585959,[0.71030977 0.26894859 0.65048189],[ 0.12977761 -0.95832158  0.25451428],[-0.69182209  0.09636599  0.71560869]
152,-342.6589167444529,-165.3698798697278,153.17900814398013,21.077116000045738,19.718367999378234,19.1679547346023,23.409726923392203,5070.95114670907,5068.834559030282,313.144688251407,[0.07984819 0.58362266 0.80808963],[-0.54408425  0.70478312 -0.45525056],[-0.83522248 -0.40331791  0.37381556]
100,-331.85827093470397,312.24942004785856,37.382115296011335,16.87308814786601,12.963031381164978,11.547097071898703,12.621590833593485,4577.563774662282,4574.472897188187,206.71216605403976,[-0.26449187 -0.38703458  0.88331664],[0.63476124 0.61968793 0.46158968],[-0.72603183  0.68278189  0.08177213]
5,-163.76526478693046,-174.94194389026046,56.061178215958684,1.8774559615635522,3.589360852441308,3.775030687706069,2.8786314655028415,550.4133038026217,550.3685442186663,10.595587703677934,[-0.66605288  0.70314075  0.248931  ],[ 0.33711864 -0.01392982  0.94135911],[-0.66537552 -0.71091423  0.22776386]
48,-225.4088851036231,156.10260112153284,310.0785573244809,11.556071708086035,9.492978938659759,11.817383651650891,14.922199380355245,2870.3598422307623,2869.9211972557864,82.16317755355638,[ 0.40007215 -0.66819821  0.62725866],[0.73711008 0.64131483 0.21303525],[-0.54462005  0.37712921  0.74910784]
4,-256.77141894782216,262.68535502731106,311.4695418049143,5.353772057081148,3.406421748718242,1.2775446596359838,4.7652817373626934,963.2970907504448,963.2780727335797,8.759088534146908,[-0.13216636 -0.80872995  0.57313866],[-0.83560063 -0.22012873 -0.50330402],[ 0.53320131 -0.54543489 -0.64668164]
49,-292.94815736113407,-252.30969197092475,246.5103450049382,22.953627200463234,16.036712490284266,9.150906067365733,13.949359249310914,3215.8414206015514,3211.735297129162,179.68378240793942,[0.34359216 0.42110535 0.83941332],[-0.68778195  0.72145099 -0.08040185],[-0.63945322 -0.54970789  0.53751356]
87,-240.33041299825462,197.05475173695376,46.746574461714985,24.9411329477424,18.719073314053745,11.790832755562597,20.64757456798105,2945.7943332514756,2940.2192062397694,239.94357341461094,[ 0.1012827  -0.11050999  0.98870084],[0.63521416 0.77204442 0.02122221],[-0.76566624  0.62588733  0.14839225]
5,-254.03258622320692,-293.33245627099916,54.02499086056773,2.6318953580741757,5.305704991505615,4.72255628246444,5.009737771419893,876.195006572002,876.1544943006368,12.6986521707482,[ 0.5096194  -0.5614505  -0.65196733],[-0.5656454   0.35235589 -0.74558072],[ 0.6483312   0.74874472 -0.13801449]
93,-245.03456286564895,11.935220400637984,20.88358069973955,11.095000393076774,26.127334177335335,11.670402216203072,11.16415286341625,2390.652318983174,2379.1330816825766,274.0841161130964,[-0.09288982 -0.17057399 -0.98095667],[-0.0332407  -0.9841359   0.17427447],[ 0.99512137 -0.04879602 -0.08574621]
21,-431.7651676202999,127.35432940238852,61.25778147974111,14.040648891294795,6.289223592899596,11.4021044413636,14.706297942238088,2083.511360983618,2083.1968097422305,56.308006256662885,[0.30978942 0.89184896 0.32959968],[ 0.02838316 -0.35517305  0.93436957],[-0.95038145  0.28010273  0.13534235]
27,-438.4627243274363,-74.57584460760823,103.2083838236463,9.629308350008749,16.47215636447671,12.927126329895504,7.236688971391032,2374.4137867195277,2373.8101485832867,113.46477188496456,[0.19110529 0.20429753 0.96007359],[-0.20283218  0.96520921 -0.16501605],[-0.96038423 -0.16319837  0.2258947 ]
40,-437.83022651260706,-144.58039778357488,105.14555216637116,7.021143076566168,7.493128078681882,11.241327875694907,7.385828608295206,2992.17003909168,2991.7727822919596,84.31969466818785,[-0.30172303  0.95194839  0.05251176],[0.22780807 0.01850222 0.97353025],[-0.92577897 -0.3056991   0.22244407]
68,-366.52391900904377,9.450380925443994,289.64859563767993,14.896472796071045,18.03554140151855,13.483269277300671,10.855193876507835,3857.5458377648674,3856.073927963835,203.54477789217498,[0.49861502 0.61477262 0.61109549],[ 0.36861699 -0.78844394  0.49242022],[-0.784541    0.02026794  0.61974562]
7,-207.87744814294905,-210.8301466718756,124.49725232880654,6.372691998165146,6.67507321927169,5.162349195442274,7.935540246679042,850.2200226698285,850.0667025011,18.58122530106619,[-0.66519611  0.73462861  0.13354749],[0.37225384 0.1712433  0.9121967 ],[-0.64725668 -0.65650326  0.38737869]
28,-363.479717566844,-312.9617558074324,18.966188341119793,12.44077742945637,12.819480495272332,11.71587558568048,7.521916744165819,2542.034153214802,2540.8802293387375,105.80522552198272,[ 0.31503795 -0.31149921  0.89650395],[-0.57212121  0.69134918  0.44126367],[-0.75725056 -0.65192373  0.03958592]
8,-471.172213373718,39.52490869282082,64.18698016844772,7.274167375419806,7.027987243549887,6.405588085348213,7.061655863329901,1349.9728697375335,1349.8488281697853,27.237081799126052,[-0.06287908  0.5755433  -0.81535031],[0.1448913  0.81357596 0.56311692],[ 0.98744758 -0.08272889 -0.13454812]
70,-395.50561424325605,70.11252411527458,253.53368182731856,14.562016476949305,14.024546013046148,17.924384018111162,10.168413177266789,3978.9001232991072,3976.5795370141045,210.10042015407205,[-0.17201835 -0.98508382  0.00442259],[ 0.52634346 -0.08811492  0.84569399],[-0.83268977  0.14780269  0.53364981]
50,-314.0434915964084,145.38458870533293,319.1090280725231,15.95648761928891,11.389052059736992,7.869914856002008,10.489650028771324,3331.124233751339,3330.237777316018,129.6524071490842,[ 0.19044421 -0.80894704  0.55617955],[0.7199183  0.500259   0.48110141],[-0.66741939  0.30878086  0.67764721]
29,-255.30536585947456,-251.63302258963267,17.03098956056129,10.894876995524061,11.646196015085966,10.85971558077389,10.234097794107793,1934.541626850128,1934.210518176478,88.28022413429957,[-0.06269374  0.13111671  0.98938259],[-0.70003712  0.70079644 -0.13723111],[-0.71134909 -0.70120807  0.04785101]
3,-353.74936936636396,-277.0947507338855,20.422871144988473,3.4744202952289296,6.345524550310404,2.6100884698294884,2.5163396158304745,779.2122429624933,779.1330948973954,12.572396597394677,[-0.03103281  0.11285412  0.99312684],[-0.6169438   0.77958023 -0.10786572],[-0.78639514 -0.61605082  0.04543208]
5,-395.93844260621654,168.3630007746363,121.38767161955937,6.030950788967145,2.7371828942961582,7.242446875170913,7.366365262639576,999.8532533284106,999.7644621614461,14.52031666752289,[ 0.32017873  0.91898467 -0.23011468],[0.33631625 0.1168194  0.93447558],[ 0.88565058 -0.37659051 -0.27166639]
18,-215.45316425615403,-238.38692138127817,343.54130981684926,4.004843734462481,5.287693603304065,11.562376736937454,9.59721366187602,1996.446192826118,1996.179853454157,39.371444846508325,[-0.46569683  0.83659679  0.28850004],[-0.75733214 -0.20811918 -0.61897854],[-0.45779307 -0.5067467   0.73050208]
4,-293.8321803486353,-32.23777593878479,123.05396606824641,3.4096689411180963,2.7119453229347434,4.046781957419142,4.451700192169027,640.4756088318986,640.4400492337528,7.849654046141241,[-0.1610959  -0.78997663 -0.59159533],[-0.36325755  0.60480558 -0.70869892],[ 0.91765574  0.10073298 -0.38439668]
2,-129.13168279603266,-6.9006976394782,40.19007829145161,0.6526885700693583,0.879557332580835,1.0119282630727575,0.3668660906561314,191.52063672095545,191.5097289649607,2.044016087879889,[ 0.21628612 -0.80165548  0.55728701],[0.20949455 0.59560889 0.77547539],[ 0.95358919  0.05097597 -0.29676439]
25,-229.24671908291188,188.86768459260279,253.55731593599432,15.59366868260814,5.71203669262519,8.1562632933724,13.774969187551159,1954.7728482447903,1953.9686361810996,61.67700831673926,[ 0.26327541 -0.64438506  0.71795121],[0.76516778 0.59272081 0.25139671],[-0.58754091  0.48316657  0.64911151]
43,-315.0964662198227,-318.8061512605522,60.21316909223996,10.72918219880922,19.20656187259265,7.835983768206117,15.714202085876343,2969.3375654170723,2967.8851679856803,113.09997913705455,[ 0.32237802 -0.14188281  0.93591756],[-0.64127471  0.6945323   0.3261773 ],[-0.69630393 -0.70533266  0.13291609]
14,-466.3331170046298,15.983714658374554,62.008618754609,6.463621776789185,6.249447029395742,5.104651022737481,6.303530655888052,1761.5480203145128,1761.499311048674,30.67866802584004,[-0.13174711  0.00104038 -0.99128281],[-0.03375242 -0.99942432  0.00343697],[ 0.99070857 -0.033911   -0.13170638]
68,-225.66321058776404,235.80835013503423,297.9146960729635,10.27399645495791,20.979484393215206,14.470121103962631,20.141143077521598,3649.992944144167,3648.9480351627694,154.45997838377798,[ 0.65994602 -0.25940809  0.705109  ],[-0.5516575  -0.8044308   0.22037488],[-0.51004437  0.53441419  0.67398532]
12,-205.818494240056,50.775181334622324,153.3522833188668,7.185328602545342,9.50608530223276,5.5019135461510285,9.392059795328652,907.4148051536512,907.0302137208602,31.305022043408876,[0.61317156 0.13405565 0.77849195],[-0.07313001 -0.97163042  0.22491406],[-0.78655746  0.19484203  0.58597265]
71,-201.91148796497666,64.22402809751058,79.73344256901062,17.092643189940517,12.764024298452162,14.741627805643148,20.613031642079335,1918.9778322527916,1916.6235540858154,130.82259084241278,[0.45345432 0.57618619 0.67999165],[ 0.01097064 -0.7664892   0.64216349],[-0.891212    0.28373187  0.35388898]
88,-332.28520770859706,-203.87032389602098,86.46561031440525,23.522514599899143,13.222618546415456,12.374737631119054,17.660868771343768,3754.773058644715,3750.991356994359,224.84127474400154,[-0.03076029  0.43257741  0.90107191],[-0.55256326  0.74385694 -0.37596635],[-0.83290315 -0.50946406  0.21614513]
21,-242.19725876817824,-153.67236036220606,41.90247348867883,5.541542164639451,10.770434831427469,7.558600344123021,6.203239513892924,1329.5791947853177,1329.1221972666226,59.13350002535318,[0.08138097 0.14094823 0.98666648],[-0.54373411  0.83593823 -0.07456867],[-0.83530255 -0.53041575  0.14466783]
13,-291.96086775441995,128.31296344394707,121.9859282386615,5.568451918107595,8.372067395971111,5.7894906377377024,4.858151802842951,1231.7303163318395,1231.3138637371476,37.95878581182276,[0.44588675 0.18105511 0.87658659],[-0.26459026 -0.90890251  0.32231697],[-0.85508888  0.37565314  0.35736217]
10,-291.40661913879865,332.8882678890729,94.9889541203939,6.700535704020515,8.294665516610413,5.516597324841818,7.6121907966486795,1431.312327916004,1431.2482117835814,29.36947152218954,[ 0.24539334  0.45839396 -0.85419968],[0.72463502 0.49858331 0.47572973],[ 0.64396134 -0.7357239  -0.20981929]
2,-237.07676536603984,168.0541356062792,26.768871287865487,2.239077424030853,1.305626526709048,0.5361487952974446,2.52166272284245,412.7254855825916,412.7239186678969,1.1372813202207306,[-0.53283616 -0.79698633  0.28442649],[0.23687786 0.18220085 0.9543017 ],[ 0.81238815 -0.57586079 -0.09170522]
12,-356.06104392971224,253.27944725209315,197.5866752128876,5.336772622442617,3.9520046325146065,6.056238871555836,4.410253855756394,1661.4199632418427,1661.3782002378748,27.118127395645814,[ 0.28137557  0.80413937 -0.52362931],[0.6078913  0.27284852 0.74566873],[ 0.74249307 -0.52812267 -0.41205642]
8,-240.07405277109825,-75.79703223190229,84.47178840329502,3.0123061476473425,5.723932626666462,4.373768151424646,3.952428743531629,751.3928951269489,751.1854379601049,19.084389590891927,[0.11578034 0.55301131 0.82508993],[-0.41159426  0.78271302 -0.46685169],[-0.9039829  -0.28555003  0.31823906]
17,-218.21974858853412,-199.61320065756811,182.33898994909526,6.253461457941116,7.054623306038431,6.213704732860062,6.590502381043844,1433.0946409082856,1432.9620374262956,37.80277612171387,[-0.32002352  0.80539035  0.49893019],[-0.70933908  0.14540782 -0.6897062 ],[-0.62803107 -0.57463289  0.52476092]
90,-147.56161538988462,-139.16569025921535,199.15202425316997,18.325086825064833,26.001187245000363,17.614141412958947,26.41954245037043,2716.069904288166,2710.8492858298778,238.3113067930488,[0.79303829 0.02811146 0.60852281],[-0.31873067  0.87043789  0.37516481],[ 0.51913488  0.49147495 -0.69925056]
103,-42.24293803071624,3.736568522149835,22.878785875131214,18.119165314583835,16.27710203729216,15.58493883585412,18.673664880922868,554.7424348128023,542.1017776379783,221.21380789131908,[0.43413106 0.54083689 0.72043437],[ 0.20151971 -0.83776522  0.50748325],[-0.87802052  0.07513251  0.4726892 ]
31,-209.38625012076895,130.12081467669844,249.13390919137427,11.22100304894167,10.239255765220204,7.884412968396882,12.195065598786423,1953.5265065302142,1952.8367919290297,67.16366848461176,[ 0.53121183 -0.48056572  0.69776112],[0.60060213 0.79447438 0.08993078],[-0.59757098  0.37130452  0.71066298]
2,-206.66573035049745,12.597727628955493,184.4714689973126,3.3887656909171255,1.339231928399557,1.5076488229069582,3.5892137221791245,392.2109126395734,392.2041128433475,2.309515605021542,[-0.50354769 -0.69231776 -0.51685185],[ 0.43701018 -0.72015786  0.53888288],[ 0.74529312 -0.04548371 -0.66518374]
34,-308.2734431474845,11.297496047004097,351.30498245995085,8.279892036241849,6.503091467735752,8.839391272612762,11.085606769816453,2727.1279672254846,2726.9943398135883,47.421347036790536,[-0.73458035  0.19206966 -0.65076951],[-0.16000379 -0.9810855  -0.10894966],[ 0.65938645 -0.0240933  -0.75141801]
5,-345.2367661390209,192.76214864035,76.95373474852832,7.7741563414975765,3.054464962964661,3.1694025660633387,7.640393452240996,900.9570958461493,900.9116559574477,10.397245032350899,[ 0.29027346  0.75476242 -0.58828139],[0.42560185 0.44878005 0.78578593],[ 0.85709065 -0.47846645 -0.19095934]
49,-176.31921639851186,103.55598497281397,35.81116429138337,9.695275855616693,11.37801484347147,9.488052701745808,10.283695444702557,1458.0243966739174,1455.3640620850324,100.43247046670007,[-0.17811991 -0.57889877  0.79570693],[-0.49755119 -0.64466428 -0.58038848],[ 0.84895    -0.49928367 -0.17320423]
5,-296.86170067806006,-72.82368013558558,298.1612660517381,5.310526615509057,2.1309153213679557,5.533604534563295,6.908797412762164,954.9659796373858,954.9339986776304,8.812011233145777,[0.06820193 0.951406   0.30029172],[ 0.71555798 -0.25639114  0.64980024],[ 0.69521599  0.17055851 -0.69827253]
19,-201.97644925071572,-211.19513538008243,317.3270420071157,5.9470352115686795,3.752869296215379,12.56660012702114,11.080578446897304,1881.2970150751203,1881.113737443424,39.96251405185078,[-0.64559672  0.75794673  0.0933897 ],[0.60342125 0.4313375  0.67069424],[-0.46806803 -0.48935133  0.73583123]
3,-284.0099880588368,-271.3325750516023,10.321920721311189,1.1690389377107395,2.0614909210548005,0.31309639031733666,0.6236622990622077,680.5774419434191,680.5660594678731,3.995080412271481,[-0.02290802  0.06193629  0.99781718],[ 0.69067249 -0.72062523  0.06058705],[ 0.72280477  0.6905528  -0.0262696 ]
7,-199.7767995439379,144.748745143898,189.488200028991,2.1134797164433112,6.581468681580026,5.923750180968894,2.9647820159054534,823.380879197846,823.0715741696876,22.798983772669505,[0.76292216 0.3109354  0.56680593],[-0.07426013 -0.82879134  0.55460828],[-0.64221119  0.46521403  0.60921318]
5,-257.80739633015526,-195.49312745156323,191.9264352574287,4.102305083255203,3.4494085015663454,6.16458771953237,2.981294916490554,841.3042907529624,841.287127196113,17.031881630088918,[ 0.4416546  -0.85364284 -0.27610706],[-0.57905749 -0.03614904 -0.81448491],[ 0.68529821  0.51960287 -0.51027367]
3,-392.85560015055245,-212.46914651791658,103.76784837852358,1.5512547140927038,5.9145557291677635,2.4656158022086707,2.9771502152051896,794.2730538534267,794.2077376587958,10.185970242827745,[0.0335059  0.38789988 0.92109231],[-0.51465604  0.79672167 -0.31680237],[-0.8567418  -0.46343097  0.22632989]
5,-299.482684967431,-80.2548155287939,73.69782714668494,7.723767837657256,1.3142257138868294,4.11582439557905,7.905934281093191,712.8684810686669,712.8413928445315,8.930431640850502,[ 0.34117256 -0.73278423  0.58875169],[0.02137919 0.63221814 0.77449542],[ 0.93975753  0.25164955 -0.23136182]
6,-120.30641343150144,-89.29179933271907,80.24360762137336,2.6549136851468256,5.007919404520641,4.068906866738969,4.2334745062850585,416.571255461641,416.5295210697421,13.568138335272204,[-0.63092535  0.16920799 -0.757167  ],[-0.31807366  0.83372895  0.45135926],[-0.70764564 -0.52560887  0.47220013]
7,-211.69648742799956,44.319416791892266,247.47235747388504,4.290209302663432,5.515085996105359,3.0243853769460114,4.265359073825195,869.8016328530517,869.6476448844742,16.739050473848103,[ 0.71137033 -0.25629246  0.65442068],[-0.28108951 -0.95717541 -0.06931031],[-0.64415909  0.1346455   0.75294731]
7,-174.71716704791552,151.7966061395364,19.932176692836453,7.673889218261467,2.23995803923322,4.992234279905583,5.246486794483072,615.0054931959219,614.8997295378407,20.698312186373226,[0.25217031 0.1649577  0.95351932],[ 0.60848102  0.73915441 -0.28879337],[-0.75243669  0.65302352  0.08601917]
10,-428.75167822487384,-89.45413915407349,179.79747331630716,6.055231227338275,4.362469265781626,9.047145326783676,8.298314215300278,1497.5755685301795,1497.4889133422962,26.245896123577175,[ 0.33236639 -0.87232875  0.35857375],[0.26374266 0.45098349 0.85267444],[ 0.90552327  0.18882913 -0.37996206]
16,-470.52619538714254,-111.58334369851083,30.295549487384186,4.675047070632284,8.637463586420061,4.557949904519393,3.8043363282140223,1938.5027590895527,1938.2333197555163,40.549448163575654,[ 0.09027664 -0.11187949  0.9896126 ],[-0.22085853  0.96667898  0.12943441],[-0.97111876 -0.23024929  0.06255899]
6,-182.97302989073526,207.87901813477393,245.39291968958298,5.477935736118825,8.845224809348908,3.9875345132757882,5.1018795875164145,906.7291920313367,906.4616883538826,24.189770715452827,[0.82141328 0.55153471 0.1452229 ],[ 0.28402344 -0.61638534  0.73443842],[-0.49458155  0.56203076  0.66295589]
44,-415.31131104602497,-91.59353170936718,217.30762046370873,6.894174822657477,11.253395611003445,10.335188357151807,8.404456262696222,3169.2785992175823,3169.1477020399693,96.45369262243337,[ 0.4932007  -0.38642499  0.77937719],[0.02623648 0.90212279 0.43068099],[ 0.86951982  0.19196405 -0.45506602]
5,-68.27275719091692,-68.87467091380304,21.870014387137182,1.5097249126390269,5.182980690031378,6.4382248205398955,3.3609640075454763,223.07817436261018,222.44869784347063,17.044350762634075,[-0.7098007   0.5731105  -0.40954526],[-0.15848653  0.43656597  0.88560272],[-0.68634174 -0.69350884  0.21904453]
2,-168.874057555851,107.09125846923567,61.32480016916725,2.4075203197589303,0.24270370710510036,2.8539949891891148,2.6561199917655074,295.84359522649004,295.8201253639965,3.726428070502255,[0.58152305 0.60656648 0.54213287],[-0.09960388 -0.60829686  0.78743507],[-0.80740944  0.51191018  0.29332227]
8,-199.7754302162889,96.87546034081493,200.78753846847926,3.7585063426742265,3.851103032448806,9.40010754934058,7.272548669925368,847.1858679138286,846.9984597544249,22.764700325926732,[0.61950268 0.74110283 0.2588108 ],[ 0.41364223 -0.58839776  0.69475764],[-0.66717055  0.32334914  0.67106542]
5,-128.14955035133826,145.52814503097846,102.59400298368068,2.7022470539170254,5.062021702278059,8.36087286427237,4.74023797471107,491.0532509724266,490.6746699555252,19.90361647418657,[0.78935625 0.59848395 0.13687099],[ 0.18917551 -0.4492      0.87317351],[-0.58406278  0.66335233  0.46779733]
10,-436.85835402238644,-125.13542662741963,25.472669086177536,6.560770126440509,4.6706892807581335,4.083570239687683,6.549813305475924,1439.5136132425937,1439.4807568641515,19.63330385533314,[ 0.1363902  -0.63132839 -0.76342791],[-0.24517855  0.72514334 -0.64347075],[ 0.95983602  0.27493926 -0.05588573]
4,-56.048999946857066,-42.5349458384199,29.713595297682623,3.549959512703584,1.1022908782120848,1.7992905085172715,2.313797651257384,152.9347718609092,152.87248036955143,6.802646414288622,[0.05767841 0.51971491 0.85239053],[-0.67612604  0.64852734 -0.34966538],[-0.73452487 -0.55615529  0.38879881]
28,-340.7718271003765,252.63061531975467,51.89415375711094,12.667028108013673,6.862109676925154,12.367881509976746,12.698770454960478,2263.4811990739295,2262.5385583442453,75.08646420483375,[0.57796596 0.69067352 0.43465555],[-0.17289054 -0.41690204  0.8923573 ],[-0.79753634  0.59089997  0.12154427]
5,-203.19779085757148,-163.97982064258377,236.676882520469,5.119032517952038,4.578795979051423,6.236663441634144,3.8137329066472367,788.2713491442254,788.0850005579473,18.912309693260664,[-0.01308843  0.82714056  0.56184267],[-0.81703739  0.31507516 -0.48288462],[-0.57643612 -0.46536667  0.67168092]
11,-255.88287685807384,41.484799942880514,249.15517346646658,4.154644731568125,4.177024845841875,8.121739646757188,4.1765567967432435,1192.9010041467375,1192.6185420835668,30.3374674498825,[-0.31645836 -0.93332894 -0.16956178],[ 0.62732067 -0.33998765  0.70062627],[-0.71156369  0.11534943  0.69308847]
5,-165.9501057021239,153.8177857642352,103.32303693246607,3.804549890481882,3.750525544915178,4.28889052078932,4.095476986792016,556.417706855075,556.2999776142318,12.207139301236907,[0.7061271  0.34744818 0.61697997],[-0.23713285 -0.70498532  0.66840386],[-0.66719752  0.61828429  0.41541786]
7,-202.62075218244166,200.70230709556833,225.24101853768525,2.363855559588105,3.494988092276706,1.9121831593509717,1.8970547669234437,961.5588810543643,961.5412251142017,11.173340889748111,[-0.66022991  0.15757725 -0.73434725],[-0.50323647 -0.81862311  0.27678376],[ 0.55753881 -0.55229123 -0.61977808]
37,-402.12795527474475,-66.67366667850497,80.92732743455255,6.183989448761333,14.571719715625077,13.118249101876124,5.2585084086899565,2529.8156150871655,2529.1491198130166,120.93840680411954,[0.08576338 0.51688453 0.85174822],[-0.23731808  0.84088989 -0.48639934],[-0.96763876 -0.16042     0.1947836 ]
34,-290.9643695339107,-162.69039400874937,279.3541817883968,6.900863389998174,9.092770579620453,8.283737341110102,10.274938242713073,2537.1823401068236,2537.0133256953686,56.25404231389972,[-0.73646456  0.2163397  -0.64095015],[-0.10088116  0.90176585  0.42028722],[-0.66891176 -0.37418643  0.64229399]
9,-317.76269335465895,-112.26974460607177,324.38963541730203,5.744809696846264,5.143241420700329,4.241140294429794,4.400630511791808,1403.537191500072,1403.3773308822033,22.849099311770626,[0.34220094 0.7323515  0.5886933 ],[-0.64917022  0.63722041 -0.41536512],[-0.67932065 -0.24002383  0.6934782 ]
10,-417.70910218769785,-43.28926080766886,240.7059926482596,9.302429609495928,5.258659182049431,11.684528007954,4.603124806234109,1531.4100635593063,1530.8163167552948,47.78640299582829,[-0.15912057  0.98222773 -0.09954557],[-0.47945559 -0.16502346 -0.86191043],[-0.86301969 -0.08942     0.49719321]
6,-344.4344644986439,297.8591076432767,82.89249733925317,2.505651675827957,4.345338377252319,2.006503353462449,2.8918399562959336,1133.8102599725685,1133.761389111084,11.1989351899746,[-0.42683415 -0.25187457 -0.8685458 ],[ 0.5138541   0.72276812 -0.46212576],[ 0.74415494 -0.64355687 -0.17907534]
3,-260.78046205219835,202.8237836336228,172.40100499494187,5.039384695392615,4.482161926084103,1.5327833980747443,3.8121112022082464,645.5235542571636,645.5097445236077,9.988840226622536,[-0.25770346  0.41154649 -0.87419587],[0.66618289 0.73100572 0.14775316],[ 0.69984947 -0.54429783 -0.46254793]
6,-253.52730320486788,140.78886523912556,211.54844511150574,5.636088343468909,3.6123948294212185,5.035933583107401,5.1907499109045245,879.481450992297,879.3742913755781,16.1074923078155,[0.62023909 0.74408842 0.24826579],[ 0.34112987 -0.5408696   0.76882409],[-0.70635252  0.39216388  0.58929925]
37,-374.2660622580042,2.8837976964824694,118.0258351214653,12.965677043637896,7.325055412879065,12.782389014696365,13.268912938305993,2389.8550576049224,2388.8068380469176,87.72170098351299,[ 0.10020502 -0.93475539  0.34086847],[0.28373762 0.35521348 0.89068308],[-0.95365189  0.00746629  0.30081944]
2,-192.39552374274217,-21.209272796848108,197.29863098577158,0.8747557644265811,1.294385387304139,2.3668021312923173,2.397712594466668,390.8981017635716,390.8922357083192,2.141500715693751,[-0.49022409 -0.67560715 -0.55066807],[-0.52456185  0.73325384 -0.43263572],[ 0.69607126  0.07677101 -0.71385643]
5,-313.73733974522077,293.4217938068785,76.39504420046002,4.599079218396438,2.4067438929825786,4.107916285063987,2.498283415728467,975.6922119238097,975.6597609355528,13.697802711943165,[ 0.362213    0.57775118 -0.73144057],[0.5930378  0.46256361 0.65904558],[ 0.71910215 -0.67248679 -0.17508174]
8,-123.57899110508873,44.17456495338839,140.84111256180978,7.976155621448924,4.72484216189401,4.751792906974319,6.845036620711693,545.2012466865058,544.9288857694352,22.237922889282668,[ 0.37328474 -0.7399186   0.55962395],[0.66934085 0.63249095 0.38979227],[-0.64237164  0.22907566  0.73135697]
29,-235.1356734668189,-50.057084222794344,263.6446710929446,9.68185000032489,13.054786940148116,6.293145737563326,7.825553071705853,1923.2803993588575,1922.2804402290433,83.8067543905885,[-0.64589255 -0.39746165 -0.65180292],[-0.38520911  0.90680231 -0.17124109],[-0.65911816 -0.14047708  0.73880271]
3,-361.91489016176985,293.58048425422885,120.8749645381971,1.1078235386879614,2.285322220508155,2.1194828291768077,1.7028290939925377,833.8938269708294,833.8815614643538,4.914560564688675,[-0.59054205 -0.45301134 -0.66786288],[-0.29352486 -0.65032461  0.70065759],[ 0.7517335  -0.60980213 -0.25107393]
2,-440.9691188148996,187.0710011554504,51.301106624617525,1.273931625864975,2.086719529914717,2.185231318028258,1.7436719866736041,681.3103247400542,681.2990053664689,3.9273253059237727,[-0.38557966 -0.76912975 -0.50967417],[-0.11603006 -0.50758349  0.85375408],[ 0.91534985 -0.38832773 -0.10647169]
2,-254.14714216364678,195.2430979262123,319.98718283549556,1.2433475314278013,3.217483594413693,0.9508852964353594,2.7566539596558073,640.4923678442728,640.484244713916,3.2257619266466886,[-0.81692103 -0.15119723 -0.55657832],[-0.13313544 -0.88952694  0.43705466],[ 0.56117287 -0.43113944 -0.70654356]
2,-337.5759459278438,186.0708611373297,290.27528652290766,0.22855227229862862,3.2806123389769226,0.43752887673650775,0.841928893847836,682.4230838481358,682.4079945404857,4.538100487260019,[-0.66757945 -0.05254146 -0.74268235],[-0.2547879  -0.92115957  0.2941907 ],[ 0.69958616 -0.38562214 -0.60156028]
21,-91.7031241474292,-50.2997577028085,100.16250297232513,6.092247237144098,7.96251299480042,11.887620154758524,10.372467690651272,666.6322249039387,666.1210155822295,53.54973424309526,[-0.774928    0.26446045 -0.57406207],[-0.01511194  0.90024279  0.43512591],[-0.63186883 -0.34586644  0.69362683]
2,-306.51306255123575,146.96697906435148,220.90346303256058,1.4751616415833553,4.0410486786067,0.06474275214451097,0.3143459795831234,573.3522491410195,573.320136163303,6.068201113767351,[-0.51864962  0.1759252  -0.83669164],[-0.39919011 -0.91521618  0.05501454],[ 0.75607528 -0.36253229 -0.54490413]
4,-386.3755037899536,22.38321183739393,22.511942937529756,1.0534419395120909,3.5928604252968848,1.3048237476542237,1.1940892022581966,775.3943783118627,775.3598245711295,7.554703071429788,[-0.03886794  0.29067474 -0.95603215],[0.07209359 0.95507749 0.28745348],[ 0.99664025 -0.05775106 -0.05807768]
2,-377.4029570698582,-26.83179041165792,97.42881990667921,5.452899701959751,0.6960629170472021,0.3532514989130675,5.226997378779231,552.586021060146,552.5805543327851,2.4579756622130473,[ 0.11381722 -0.97860887  0.17137772],[-0.23220943 -0.19392432 -0.95313805],[ 0.96598365  0.068688   -0.24931414]
15,-253.7571991058794,156.4326320934034,241.5813183366111,5.8938479313947525,6.012005189055904,8.395413136951523,8.897909240559931,1486.6898837316173,1486.5504154730397,30.406014926940873,[0.74998294 0.34279821 0.56569866],[-0.01471286 -0.84637402  0.53238572],[-0.66129352  0.40760325  0.62972253]
2,-359.45958060696887,128.80856159453893,159.29917249576798,0.9448619207319098,2.0092380383938746,4.835192271702368,2.056893642022743,585.1621499616615,585.1210028529729,6.939291612642161,[-0.46443773 -0.78197699 -0.41570372],[ 0.17171084 -0.54000569  0.82395949],[ 0.86879974 -0.31129704 -0.38507294]
9,-310.3467578079294,-23.497877556299184,120.57008900865013,4.619188417550911,2.5483068021015454,8.115330358881659,5.984044547624564,1001.7195087381965,1001.5021373613891,22.742550300092823,[-0.02867404  0.9923877   0.11976834],[-0.36712057  0.10098871 -0.92467495],[-0.9297313  -0.07048359  0.36143018]
16,-387.8457370494408,-265.8547729298055,102.94926265958978,7.94656511940582,8.8807187568337,16.05919057175333,6.1012537149888875,1926.7393043875236,1925.907906005576,76.18169593012567,[ 0.59223224 -0.75147416  0.29077064],[1.78138787e-04 3.60983894e-01 9.32572033e-01],[ 0.8057673   0.55224742 -0.21392017]
28,-257.8514895194218,-126.32063878323483,207.54899741986424,5.063903736070905,20.706459009560675,13.911554438698035,13.742566395391375,1878.8986560967705,1876.820379620445,112.86546162201726,[0.45084364 0.39534469 0.80027657],[-0.51825041  0.84590739 -0.12592533],[-0.72674378 -0.35797103  0.58625952]
17,-89.89036820658032,-85.99364057215827,98.98386041773976,10.558142759824795,7.941859634576433,9.250429346118912,3.9652714678306724,657.7962169985387,656.7232676691195,64.37645389102589,[-0.48449573  0.82882099  0.2798565 ],[0.66705579 0.14305918 0.73114338],[ 0.56595094  0.54091574 -0.6221814 ]
5,-385.4757450592401,112.28882406113084,84.79250795932204,4.047245643651045,7.446602871053353,5.234849459381169,5.30817077043195,917.7793937659237,917.725896394143,18.802002856926844,[-0.10525946  0.34326448 -0.93332199],[0.32646354 0.89844805 0.29361992],[ 0.93933061 -0.27378933 -0.2066335 ]
12,-383.47288076437667,-38.12918791617147,164.48110757297573,4.246580795136507,13.06670502443026,4.327584795171518,3.1820181799602905,1452.2318842671225,1451.5723310472094,48.621058594663076,[-0.40216237  0.26657411 -0.87590164],[0.02477451 0.95949341 0.28063965],[-0.91523311 -0.09116267  0.39247639]
10,-391.6668170326457,4.50255108462557,49.06582249158597,14.634148085405503,4.87431781512265,3.9169252495155193,14.758593815206291,1249.2937807899737,1249.2366114454069,18.724278615027977,[-0.12137517  0.14619398 -0.98178174],[-0.02919883 -0.98919224 -0.14368768],[ 0.99217715 -0.01122677 -0.12433207]
