N,MEAN_X,MEAN_Y,MEAN_Z,SIGMA_X,SIGMA_Y,SIGMA_Z,SIGMA_R,LAMBDA_1,LAMBDA_2,LAMBDA_3,EIGEN_1,EIGEN_2,EIGEN_3
26,-195.42711046564906,-70.79610414614477,217.5453508396763,8.226656218163582,11.356896121759073,12.925049043060689,7.773348979925208,1537.003998516649,1534.9881696413777,88.84802807529174,[0.2681489  0.81887373 0.50748594],[-0.7122518   0.52321663 -0.4679121 ],[-0.64868601 -0.23598766  0.72354425]
37,-231.33463451144402,255.86256143310266,308.0077104988896,12.538345248863397,10.496831617033989,11.07882355718153,12.10602673361873,2814.9990249375574,2814.3438238079707,95.01377004742596,[0.76110843 0.64773888 0.03388657],[ 0.41259366 -0.5237954   0.74525488],[-0.5004802   0.55323839  0.66591806]
45,-275.71000907330813,-110.60520580663523,114.42476584019401,13.800444292559822,10.220595345762002,12.614508620822445,11.001162562500857,2139.464613537404,2137.540015197591,123.71993584770243,[-0.39901106  0.91357566 -0.07854741],[0.30003443 0.21102712 0.93029398],[-0.86646957 -0.34763066  0.3583063 ]
16,-434.74087991486783,177.32342049794028,43.78460077266534,8.618341126179077,14.783234978190471,7.080571817828128,12.570994487705123,1887.4799327405528,1887.0490456870223,54.499192526502874,[0.10428137 0.0095959  0.99450154],[ 0.37351639  0.92637543 -0.0481047 ],[-0.9217434   0.37647905  0.09301948]
10,-243.63107385394133,188.7110674986401,259.061516138638,5.13395982931568,9.506651099993826,4.926609234783005,5.836099586824801,1273.5667177764326,1273.3403379012334,32.69608149485258,[ 0.7116028  -0.04390619  0.70120875],[-0.35702181 -0.88217887  0.30707632],[-0.60510899  0.46886318  0.64343642]
101,-383.842570447925,50.17287527621064,273.40325448352985,12.520018506839607,24.250587942540772,14.061821190640472,9.9794094340775,4770.998595921988,4765.706261692974,292.53280443026586,[0.55874791 0.43851636 0.70392057],[ 0.17814089 -0.89242303  0.41454428],[-0.80997938  0.10622872  0.5767572 ]
9,-195.50039563709657,159.59382750243276,208.18527356644123,7.226869859115785,4.05118175217491,6.530918137648153,6.242094991104779,981.8831635558834,981.749697463575,25.43419968907738,[ 0.07783951 -0.75471082  0.6514235 ],[0.79799247 0.43884143 0.41306927],[-0.59761947  0.48767794  0.63641276]
5,-221.26503642909762,-110.32234038894251,196.16534415103098,3.596394827417553,7.420356602562278,6.522605062421897,4.183601249579886,706.0988412323372,705.8099997012994,21.51385103147242,[0.25104511 0.69483925 0.6739249 ],[-0.66770477  0.62837322 -0.39914589],[-0.70081859 -0.34977924  0.6216975 ]
211,-291.68592094582505,226.6186891323969,280.5688268623945,27.353035718202893,19.096163211365727,14.827688524162198,18.296819750834185,6752.580042406207,6749.249531187389,456.45383732822097,[ 0.29525598 -0.56910578  0.76742591],[0.71843024 0.66175376 0.21433609],[-0.62982688  0.48805797  0.60424955]
446,-320.80710031314374,-216.231475457464,160.72869198212868,27.998313551871725,48.865479979709484,27.47903544268962,34.51760577018437,8936.64591592633,8887.020854134991,1100.9846161813227,[0.20939286 0.36514072 0.90709806],[-0.611884    0.77252316 -0.16972313],[-0.76272708 -0.51949997  0.3851846 ]
39,-295.9278512412401,78.2514732646921,313.36801632736746,9.304215619696905,15.592918509898437,9.645960255000615,8.226417496225656,2737.9517798167885,2736.8943740577342,117.89694138508553,[ 0.64346618 -0.33086947  0.69027289],[-0.36013193 -0.926579   -0.10842667],[-0.67546744  0.17882041  0.71537892]
36,-218.5752591165799,118.67284776172454,9.575380803229285,9.19725270920555,18.598704804223473,5.365089847460374,15.31892845662203,1498.6684078745348,1496.4948698697508,89.27584958390649,[0.14425037 0.18663037 0.97178235],[ 0.45856374  0.85763295 -0.23277675],[-0.87687578  0.47920228  0.03813195]
283,-244.9008724324125,-185.1934571734858,307.67706510218255,24.033105797994477,39.095365479994065,26.535990256497975,37.38024582972802,7360.709360805456,7344.451068295316,639.2228127764046,[-0.76393955 -0.05737005 -0.64273248],[-0.31578347  0.90186111  0.29483443],[-0.56274077 -0.42819997  0.70708388]
42,-352.251122150489,51.84011337327712,149.09418577584933,9.632496070538046,17.01595992439087,8.464245509501426,9.856768522264701,2504.7528482391267,2502.9968734871827,122.99938959784897,[ 0.37248787 -0.11634795  0.92071491],[-0.16883855 -0.98404902 -0.05604533],[-0.91254936  0.13457596  0.38619035]
21,-234.97730277533714,228.12549180428812,100.68202494379018,5.9385742300002065,11.727403167900654,6.960105147088829,10.765749513210077,1571.3249306522498,1571.1430352758723,47.14108601849545,[0.56273327 0.22879222 0.79434589],[-0.46193081 -0.70986755  0.5317029 ],[-0.68552986  0.66613976  0.29377991]
45,-210.2779370854476,60.99274072179289,92.62127085001329,9.74776076268421,11.884970101041384,8.212013209986663,9.375657190621789,1598.4419925124232,1596.5634143379193,98.53163092412902,[0.46578168 0.45242465 0.76049941],[-0.01901351 -0.85410354  0.51975535],[-0.88469538  0.25655229  0.38922361]
317,-389.0550005477259,106.57693843308192,172.83211721471736,23.470567422142974,26.636575225096635,41.45179712973489,19.847512268305163,7868.37259424889,7827.289081941477,902.7230926305983,[-0.02852982 -0.87795069  0.47790023],[0.4632822  0.41203201 0.78460131],[-0.88575146  0.24378721  0.39498373]
8,-275.1665635435432,11.506566707832341,290.27511083007704,6.449816701882818,4.354022393817572,7.0428909843795475,8.791323289382069,1132.1257535418272,1132.0471578190925,16.184245255782173,[-0.57920246  0.58084088 -0.57196886],[-0.43775505 -0.81351313 -0.38284057],[ 0.68767363 -0.02864005 -0.72545484]
43,-36.728534348426294,-15.476460679970918,27.907917452877886,13.977845475863246,8.122467460889435,13.679903546393962,16.24839436388733,345.1244899525033,339.75595689627477,87.28273921511578,[-0.6312386   0.07984771 -0.77146754],[-0.15618589  0.9612222   0.22728364],[-0.75969981 -0.26396255  0.59428947]
37,-416.3512349008281,-88.722628962639,222.77453690974735,7.0826466088106335,9.906652506194549,10.903157460101678,7.151133703432718,2923.80210538504,2923.3415249844725,89.55405206833437,[0.11380081 0.83142656 0.54385592],[-0.48603518  0.52402382 -0.69940606],[-0.86649823 -0.18474013  0.46373689]
2,-162.3402664243213,-171.2116378407262,56.72629638965921,2.763898890267882,2.2908175622831237,2.712501163039782,2.830935547906563,343.23724850793764,343.201623720794,4.945122719436417,[-0.70041294  0.70368019  0.11939815],[0.24862487 0.08373695 0.96497347],[-0.66903467 -0.70556525  0.23360284]
4,-432.4718452642636,-96.85232333544081,190.3425263683422,3.983218879058513,5.239022202234146,3.8537169417457413,5.8984429687912,964.7787086880556,964.7353920708152,9.66215921884879,[-0.27999974 -0.4332896  -0.85665645],[-0.34310133  0.8785793  -0.3322347 ],[ 0.89659446  0.20089434 -0.39466421]
75,-332.86562317074123,312.29467832082264,37.499299616638424,15.510517746146826,11.205570102494015,10.39566100588781,10.278420136251054,3970.1459856952133,3967.55785703722,166.16291107737885,[-0.26960711 -0.39310532  0.87907919],[0.63148416 0.6170198  0.46958953],[-0.7270074   0.68172926  0.08188686]
105,-143.55064250111982,-117.09087061683574,187.84627367989748,15.097580083283146,18.162771017109264,19.818900346619063,23.328491950422073,2720.3445135221373,2715.4148538563227,206.31414657808588,[0.38086475 0.62601019 0.68048019],[ 0.74881822 -0.64055729  0.17016944],[ 0.54241435  0.44474442 -0.71273353]
2,-364.84658525930377,-7.307132976534655,196.85855013696442,0.015591789232843212,1.2790824555301668,1.3841246637657747,0.6659690470236512,586.384286668488,586.3789854020176,2.4934174564477125,[-0.33060172 -0.69498235 -0.6385155 ],[-0.34122166  0.71881068 -0.60570537],[ 0.87992629  0.01762809 -0.47478307]
44,-248.72760695810746,-26.93807818931391,43.40769152400124,8.778668293679399,9.895466324206486,16.75571811493374,10.316252705400519,1689.2452832280264,1686.763360108043,123.33734904458389,[-0.06233524  0.96739732  0.24547248],[-0.19285588  0.22964025 -0.95397692],[-0.97924508 -0.10680719  0.17225358]
31,-444.4809097727745,-73.50417835627464,97.01631947813192,9.936888884290594,12.482131176451553,13.73817064753328,9.946584750999941,2568.207944865795,2566.826104438351,103.20089962111332,[-0.25167242  0.79753052 -0.54827554],[0.08010203 0.5817314  0.8094271 ],[-0.96449192 -0.15979249  0.21028956]
5,-301.80980312003265,254.36708716953746,6.139912481620245,3.237136007123631,5.320075518950514,1.8409369792525603,2.6567881023820856,882.8080601346826,882.7173539457269,13.282440361891698,[0.16178481 0.16846736 0.97233966],[ 0.62395896  0.74589657 -0.23305262],[-0.76452658  0.64440442  0.01555801]
129,-212.26149341699838,-109.71357293459833,141.3263811805394,13.644001157103077,17.53497799270501,16.963358348898197,17.979409703688063,3165.8622602622513,3162.665089273579,243.4633551030385,[0.27287764 0.51814231 0.81059629],[-0.58518282  0.75817259 -0.28763762],[-0.7636091  -0.39585714  0.51009632]
14,-246.856533889221,-225.0209057233029,221.86429791231694,4.227004415174126,6.934707343583165,8.27808099976315,5.493945104838287,1500.8749559550195,1500.6565909642438,38.298423884810184,[-0.78779804  0.41884021 -0.45160505],[-0.02163228  0.71393701  0.69987569],[-0.61555364 -0.56112995  0.55337771]
147,-141.87409715616872,115.069479591939,167.6283508742938,22.69565661989566,21.538027394312465,21.098080557217777,31.636607684949716,3038.0895734285086,3032.5384991901315,253.28128182834882,[-0.6660982  -0.74405581 -0.05190517],[ 0.47721842 -0.47863161  0.73700364],[ 0.57321529 -0.46614669 -0.67389279]
13,-114.86429141732364,74.75251682766513,100.31542261547455,5.797935697438814,8.115647969578415,3.619534879017181,4.065153976659935,613.2125091743936,612.8742187786256,35.367303718668104,[0.73602379 0.3788855  0.56099443],[-0.02374214 -0.81374433  0.58073787],[-0.6765392   0.4407561   0.58993964]
82,-251.31590069253244,30.956071869812725,15.607953682461044,18.801638393475052,12.826742763129358,8.874026194352398,18.97894910555726,2306.8118475071246,2304.936466635851,138.04119580779485,[0.10507594 0.39346018 0.91331711],[-0.08790422 -0.91113141  0.40263184],[-0.9905715   0.12259135  0.06115118]
363,-325.21217250543344,-37.52745246150869,222.50827751598496,23.405259694004616,35.55518860101345,34.31619745299079,24.59657856325956,7601.121888765103,7569.921799502562,916.6328830551404,[-0.48019727  0.64900247 -0.59009015],[0.30926487 0.754795   0.57848055],[-0.8208324  -0.09529062  0.56316416]
5,-283.84762283238354,140.26037464234673,364.01651484472904,1.4861555183591075,3.0547781992403586,2.7189422939598016,2.49777193661733,1078.8125837410473,1078.792894382963,7.957233475287918,[-0.74630145 -0.5544318  -0.36829272],[ 0.31125699 -0.77979105  0.54318045],[ 0.58834788 -0.29074268 -0.75452997]
21,-198.38338052095338,45.382554563299145,145.06460729101235,7.021877455215808,10.3950606049363,8.117401762267399,9.196497003944605,1147.0389231313586,1146.335847341238,53.68845133898181,[ 0.52590611 -0.27496669  0.80487022],[-0.30608636 -0.94408577 -0.12252839],[-0.79355775  0.18192137  0.58066403]
2,-399.6015424375537,-211.585554244963,104.17556075783567,1.2825989893366057,2.1250309634492055,3.35688551921713,0.8891940718137334,656.2313866921969,656.2060312602184,5.7686582215549675,[ 0.49222687 -0.63813184  0.5920308 ],[-0.12668064  0.62037441  0.7740075 ],[ 0.86119958  0.45598613 -0.22452601]
20,-186.1601337500305,-35.057670087469944,145.61669042708695,9.483259223054127,8.452551924745654,6.2274804851071766,7.231842532406472,1069.7486127573684,1069.6931727684653,54.3602996162754,[-0.30703286 -0.75802679 -0.57543566],[-0.54606328  0.63552534 -0.54582272],[ 0.77945219  0.14663877 -0.60905776]
124,-246.161082642538,194.8063172970849,47.9631300829892,18.69682255131088,17.064209341717135,13.03905280329915,16.748645926430555,3547.4869092875533,3544.282443834048,253.1616266253424,[0.21165642 0.02722153 0.97696497],[ 0.59490865  0.78950485 -0.15088337],[-0.77542586  0.61314034  0.15090944]
42,-384.50865038371813,177.64207275924775,29.141052520385376,16.767348848953088,11.840527384576633,12.926067401252048,18.805698337543223,2755.554188252027,2754.618854534759,98.2841665279297,[0.42411751 0.89162744 0.1585082 ],[-0.00540746 -0.17253329  0.98498884],[-0.90559102  0.41860814  0.06835295]
89,-131.2094366721931,-122.15633408894972,27.248293606513275,16.6593600346012,11.576314543661772,15.712407006842922,15.541143159684207,1724.0001766679775,1720.5636436905324,193.44953315544274,[ 0.5755679  -0.71060483 -0.40467563],[ 0.37834869 -0.20730666  0.90215088],[ 0.72496473  0.67235759 -0.14953734]
6,-225.9854826605305,-176.7932246620414,75.31244474671077,2.4599391967200113,5.274600628682288,1.0991834719105462,2.018584560084262,726.7667160566301,726.6436441321281,13.678077325912286,[0.25901529 0.07900538 0.9626366 ],[-0.59383338  0.79905438  0.09420204],[-0.76175652 -0.59604551  0.25388333]
5,-187.26121308280312,18.017645115429993,181.99219553444883,4.790313525623688,5.78392686426808,3.9419420390773734,4.862895693673908,585.5564974151191,585.4289620857927,15.539750799472897,[0.6420371  0.45725567 0.61539062],[ 0.27549792 -0.88666163  0.37139204],[-0.71546437  0.06890864  0.69524265]
83,-218.16319242147074,143.96231787901274,278.7983714722124,19.63610859093883,16.09378151895272,27.633632183501234,33.73295874257728,3497.710699718276,3495.9460110460345,149.17744639684932,[ 0.1101953  -0.84543052  0.52259375],[0.81413741 0.37838312 0.44046169],[-0.57012041  0.37692632  0.72999265]
4,-299.727490867177,86.25356878187591,70.6398022372857,2.1447323054550647,3.9709160326635007,4.3259974601801545,1.6049877393374408,639.6588827583885,639.6351392722452,12.078464687366939,[-0.24850058 -0.96123255  0.11949664],[0.24451723 0.05711981 0.96796108],[ 0.93726132 -0.26975788 -0.22084362]
26,-282.4614064476747,62.320815178931525,162.28644821452934,12.102938899722165,7.554062454198237,7.66036855214889,11.949904467861225,1692.9923037197689,1692.5209979571757,55.29022212465817,[ 0.48804157 -0.0560986   0.87101571],[-0.19039308 -0.98074309  0.04351405],[-0.85180156  0.18707203  0.48932418]
106,-307.41451997915783,185.92100096383817,211.95628108680535,18.740368747669212,16.73199673662593,15.752699974872408,20.98718150591236,4303.857303105377,4301.528007444785,217.2233066151468,[-0.25385696 -0.87883298  0.40399164],[0.62651271 0.16881117 0.76091038],[-0.73691144  0.4462683   0.50774614]
2,-347.0344520830108,81.94184043856701,284.7520215632551,3.645658823875692,3.6734828558875705,1.6477445375259947,2.403821442010951,645.3845215032495,645.3477661006863,6.887770672151239,[-0.53140559 -0.72437802 -0.43918627],[ 0.37311442 -0.66559581  0.64634963],[ 0.76052201 -0.17960708 -0.62397722]
14,-309.7848541738088,9.002895486654452,356.13669454879636,6.350275714924789,7.123165794429942,9.018978487817684,10.098483399215747,1767.057818184131,1766.927644444423,31.14908213119695,[0.7459756  0.16756436 0.64454836],[ 0.11407755 -0.98567541  0.12421876],[-0.65613011  0.01913566  0.75440514]
2,-240.09818105063061,133.6672051187295,323.57033178159816,0.5623110647602942,2.9095421473900416,2.8037337104439075,2.7350736642447657,600.380646638926,600.3653875198167,4.280458708499479,[-0.44101923  0.66550353 -0.60216866],[0.69688795 0.67671373 0.23749889],[ 0.56555214 -0.3149025  -0.76222516]
55,-156.7848152893946,26.139792138231375,66.99294121061529,10.364268205950392,18.29895331805579,14.329944868807933,10.789693007487244,1290.1560606046387,1284.7522072969375,170.16849222865682,[0.40931348 0.51205418 0.7551576 ],[ 0.08296604 -0.84512584  0.5280899 ],[-0.90861384  0.15350188  0.3884045 ]
32,-292.3607267283222,-255.23955841088087,249.45641116097374,14.280446436802789,14.538871382791418,7.880735736119529,8.655353304715838,2612.4369807609833,2610.630239671874,113.00960375667283,[0.41487118 0.34690546 0.84115308],[-0.65286804  0.75741036  0.00963718],[-0.63375487 -0.55316015  0.54071121]
10,-272.8842333058674,118.50976314043984,342.55427726191044,5.686804718842132,7.370301055347237,4.957776788213593,5.041355895019903,1435.116953603503,1434.8820371447314,29.21838502101364,[ 0.71596559 -0.24312406  0.65443408],[-0.35441414 -0.93420336  0.04067792],[-0.60148474  0.26106468  0.75502407]
3,-52.110022316823496,25.28546675041382,61.09481811102652,5.355549892117534,2.4302324097531747,9.68042593931995,11.05468822713443,147.1289803951959,147.06904581369463,4.226909365824048,[-0.49240145 -0.86825898 -0.06055706],[ 0.61419538 -0.39592985  0.68264456],[-0.61668862  0.29894131  0.72823708]
7,-284.76896453321774,-250.2717712720759,68.35834433195491,3.5946085134098853,4.257867411867479,7.068110758921114,3.197015436226827,1019.4613298712184,1019.2983459490479,22.230723948260106,[-0.51543593  0.71534614  0.47181109],[ 0.43350817 -0.25726362  0.86364697],[-0.73918636 -0.64968864  0.17750549]
41,-314.471484024219,-312.34101665883645,57.87004543842803,8.462641184785054,17.674974604857372,5.695176009154346,11.358811877836132,2864.9316637379493,2863.1966540119165,108.9522005190335,[ 0.28926511 -0.11527049  0.95028333],[-0.64953196  0.7055825   0.28330474],[-0.70315996 -0.69918957  0.12922853]
75,-204.30339039823735,-151.78919586910854,77.82575822355619,10.549897780975005,14.519928763044913,14.557848151204334,14.119761793535051,2311.3440811460528,2310.4124420848184,159.04220094753933,[-0.54198925  0.33113381 -0.7723976 ],[-0.34348032  0.75154105  0.56321161],[-0.76698691 -0.57055801  0.29358922]
7,-279.9722809364815,101.06766344841812,26.642606675785522,5.4850415072729355,2.5256135433134066,4.193046401284382,4.817634889770956,790.8903296716961,790.796505075833,14.687650505648401,[-0.22817587 -0.78428833  0.57691211],[0.26490182 0.52018027 0.81193566],[-0.93688996  0.33808919  0.08906682]
11,-222.57908330858436,-84.74041731052604,270.70138335172345,6.285057455490746,12.876528561123399,3.935592016974922,5.084887764457994,1196.7425618731734,1196.0613013886193,46.23716225254478,[-0.68570349 -0.30693139 -0.66000291],[-0.38572083  0.92218697 -0.02811807],[-0.61727641 -0.23529621  0.75073666]
12,-312.4039254682627,218.69270042901246,129.3248494791684,6.124208548065471,2.7980648740860388,3.6765800794134402,4.674796387689213,1395.1189334865762,1395.046674134247,21.057825591848857,[-0.04289078 -0.55327278  0.83189519],[-0.62942744 -0.63167193 -0.45256124],[ 0.77587466 -0.54302836 -0.32115217]
4,-129.16795100581723,52.90354069691874,114.03241877556715,2.943429700989809,6.959860824131254,2.09892400035154,5.413921007820061,360.81917600188467,360.643855031772,11.397244339280105,[0.66883388 0.03218374 0.74271492],[-0.19829358 -0.95514316  0.21995727],[-0.71647812  0.29439047  0.63245028]
2,-469.6486632170234,73.14562638528362,104.92769829950717,0.23172412770702522,1.952793623220714,1.0155105333897367,0.28877623567277055,688.3819720938582,688.374977445242,3.1032130271269702,[-0.12229526  0.46929454 -0.87453216],[0.23258429 0.87016104 0.43442412],[ 0.96485668 -0.15027443 -0.2155671 ]
2,-232.60554844827496,214.7042602960764,246.5322857259731,0.5360146828106167,1.5109609985561576,0.5552231411343911,0.838950728671847,567.4227825018955,567.4189498436284,2.085536033602987,[-0.42808475  0.44160714 -0.78849641],[0.69329131 0.72015394 0.02693441],[ 0.57973322 -0.53512749 -0.61444931]
9,-383.92071729134983,199.25843496106882,144.94418827354778,4.288233092808167,6.205487702479173,1.9158034025113209,3.835852741724252,1368.7535664683955,1368.6237744072232,20.35456509902862,[ 0.23703317 -0.22989055  0.94390975],[0.48534787 0.86968358 0.08993285],[-0.84157752  0.43680752  0.31772074]
2,-250.16967385437044,-208.69579808254002,111.19950295991856,0.32662532897076346,1.1421955163118866,1.673530170627636,0.3892152813226062,486.8435956447991,486.8352551144182,2.849736485375722,[ 0.68658887 -0.65590709  0.31365842],[0.02171624 0.44972361 0.89290374],[ 0.72672149  0.60624629 -0.32301906]
9,-380.83211522703886,88.97363678021958,75.58357624477273,6.470707647632186,5.75853744331414,5.339274715404017,5.479416634140095,1195.2723036738091,1195.1744702542892,25.82503063237537,[ 0.04793782 -0.51963816  0.85304053],[-0.28902415 -0.82470469 -0.48613498],[ 0.95612081 -0.22324507 -0.18972252]
50,-377.72541281204144,1.6948953813933085,120.55107687342019,11.881678342999448,7.891822015147212,12.389944620087984,13.408201231497399,2806.59850134978,2805.535697307206,94.14413733083217,[ 0.1553893  -0.85224073  0.49953969],[0.26176322 0.52312843 0.81105898],[-0.95254091  0.00473123  0.30437384]
7,-161.4226969712886,-45.030677508868564,193.88894342704583,2.983735926030751,4.521521126439782,4.044671938075709,4.8880293456822566,678.2739553013658,678.1759854414491,12.379852982734915,[-0.77423332  0.06429615 -0.6296259 ],[-0.06198669  0.98234007  0.17653791],[-0.62985746 -0.17570996  0.75657491]
11,-347.70193198422004,169.00031698226684,259.6550172139753,5.4108143128250665,5.692774979022593,8.404405284055759,6.376974035567693,1544.90887144695,1544.8253605458988,31.756944857381374,[-0.6419935  -0.17297261 -0.74694365],[-0.17449116 -0.91569166  0.36202432],[ 0.74659037 -0.36275233 -0.5576859 ]
8,-160.98996418455135,-149.28542623038638,31.471186923935537,5.241055527502123,5.6871796786234965,4.993189295403312,5.190870000979315,627.7976693934548,627.5934166928732,21.493860018551807,[-0.25462124  0.45478319  0.85342854],[-0.63909618  0.58318561 -0.50144852],[-0.7257576  -0.67310237  0.14215876]
61,-330.66117966963446,-209.55851920755677,91.7107628569265,22.62455610788732,14.231202658731359,15.400920583883956,16.475308497981686,3147.9562060047506,3144.4007781583014,205.00780494757507,[-0.06553474  0.48587884  0.8715658 ],[-0.56422968  0.70236014 -0.43397592],[-0.8230128  -0.5202038   0.22811828]
2,-216.54849727324603,-60.59895293578947,237.15188518001844,0.058321283180674754,1.289211832468986,0.5292054744302277,0.5844209174815944,462.1870767115995,462.1836063096984,1.7910716835684455,[0.66119451 0.31029001 0.68303875],[-0.35181869  0.93238168 -0.08299403],[ 0.66260503  0.1854306  -0.72565147]
31,-94.10308117498998,-88.82897011689356,88.17269590362203,5.4014584599843305,13.493344943838537,12.613820136875756,8.75092369130614,877.488766998577,874.1858184220746,95.07580933378574,[-0.79866474  0.38245235 -0.46461256],[-0.04842215  0.7287223   0.68309523],[-0.59982491 -0.56806162  0.56348564]
4,-356.49400778527246,243.41640333159705,103.02168581613314,3.4535226105811123,5.290330424167547,5.184028465397784,2.9074821236376485,887.6866530528681,887.658655242981,15.256220277891531,[-0.04294158 -0.44211608  0.89592935],[-0.59406776 -0.7097016  -0.37869135],[ 0.80326802 -0.54850435 -0.2321712 ]
49,-50.68881985693983,22.873820480528636,10.34740628668789,12.187331963529658,18.434798468354654,5.854574139260746,10.629019515243442,425.00769640313183,404.0307784225884,144.6084355248444,[ 0.18403995 -0.02676316  0.98255434],[ 0.40106484  0.91467268 -0.05020834],[-0.89737188  0.40330834  0.17907008]
3,-231.10418372303295,-98.8032239392421,87.10790623573531,3.8181385329768602,3.0031310479303417,4.663298313876191,3.6476373568433984,460.87712606126263,460.78366896624533,9.838384282826215,[-0.48801559  0.75394648 -0.4397789 ],[0.08354529 0.54188671 0.83628881],[-0.86882735 -0.37138052  0.32743784]
8,-258.0196835781368,-295.9220879272382,11.144933188465334,5.707965933614313,2.9788597437404247,5.145295784254479,4.80141916547949,1111.1030215969365,1111.0660045397358,19.006475349017567,[ 0.69069969 -0.5863507   0.42323373],[-0.30217341  0.29770299  0.90557394],[ 0.65698186  0.75336962 -0.02844377]
15,-160.58419748742963,88.38021961865167,73.8800552158196,9.658360802831961,8.974782999176739,9.088414240136306,10.051388675880387,767.6023306600506,766.6907149866836,48.61291449130989,[-0.0363894  -0.67928361  0.73297311],[0.58205915 0.58180002 0.56808088],[-0.8123318   0.44730583  0.37421189]
8,-273.16409209001233,208.71994057415355,116.67899193809578,5.833033424138599,6.270028351269016,3.2285735399696844,4.350580558576721,1027.0986512739003,1026.9555211189027,22.73431558017262,[ 0.32016125 -0.10708919  0.94129097],[ 0.57558164  0.81116965 -0.10348707],[-0.75246432  0.57492235  0.32134366]
45,-370.04756460089357,-304.2532750271341,14.924722524288306,16.517436533085554,22.913153151303863,11.460431710956728,10.234402795721973,3220.831329191005,3216.865792377659,192.7860308428372,[-0.01594965  0.06828107  0.99753862],[-0.63559073  0.76946511 -0.06283201],[-0.77186141 -0.63502845  0.03112612]
25,-171.14634588759844,96.48964364391676,27.40571813307968,11.748673910317978,15.258770308770696,8.878695018663421,11.13803973854688,997.183652593611,993.8077976126089,89.86254806853333,[-0.08654391 -0.41184361  0.9071356 ],[0.49894483 0.77020964 0.3972797 ],[-0.86230169  0.48699276  0.13883028]
41,-290.882107871021,126.71049319099723,249.01862667068687,10.230946075199222,5.144126314210501,12.707970921286634,7.850173089178204,2584.6559728673637,2583.3414087046804,97.52238159746524,[-0.31537406 -0.94245452  0.11098955],[ 0.61680931 -0.11469718  0.778711  ],[-0.72116952  0.31404464  0.61748724]
87,-364.5343615902031,-158.61104732812146,230.27391372136347,11.492886680194497,16.847558750438157,13.05957262202063,11.233077262212507,4290.1815712766465,4287.424702251265,200.89080011228765,[-0.60270133  0.55999331 -0.56847041],[0.08417804 0.75304196 0.65256561],[-0.79351444 -0.34544943  0.50099852]
12,-307.55313422734145,-332.6393774820374,166.71969680549105,7.85922731244375,4.5135360863746365,4.5590641581696385,5.069008842908029,1672.5553712463573,1672.394542574118,30.421173823244033,[-0.0571875   0.48911105  0.87034474],[-0.76860998  0.53479592 -0.3510442 ],[-0.63715641 -0.68903099  0.34535199]
4,-429.12164037524064,48.9729678974623,191.58966104551888,2.888191019148688,1.5307325413998012,2.0591848879483754,3.3676764472123564,945.0180261876442,945.0125462219344,3.7781290421970204,[-0.35679648 -0.69819942 -0.62065598],[ 0.21877773 -0.70835918  0.67109133],[ 0.90820294 -0.10365732 -0.40549054]
8,-173.6472268760911,-97.56619271828079,72.40982210468894,3.3033660044160245,5.658768918037283,2.661043616923609,3.285325864014309,599.7380769349068,599.5394477197199,17.837871032233764,[0.26839931 0.21866207 0.93816241],[-0.50670157  0.86032945 -0.05555868],[-0.81927732 -0.46045645  0.34170824]
35,-253.83064378905078,-257.2424240319814,16.746075490767993,11.543140508536956,9.356879495263204,10.784355576453372,10.39727724456833,2142.591372572019,2141.658288811632,89.91785949121748,[-0.47580965  0.51615778  0.71217015],[-0.53027403  0.47765243 -0.70046956],[-0.70172262 -0.71093551  0.04643343]
17,-247.8305117755799,-183.13511437718415,151.79901905931936,5.16572709621569,10.740041366479751,9.174221906651766,5.442687934929033,1417.273583795677,1416.9415051285953,57.87824153728845,[-0.532922    0.01954224 -0.84593867],[-0.4424639   0.84572752  0.29827949],[-0.72126267 -0.53325703  0.44206007]
27,-410.8310067610553,-46.673323383898406,241.313346086542,6.570239697419847,5.7707151887658465,9.394298885614736,5.480711863139054,2488.3253358636816,2487.9505378291447,60.30780783571303,[-0.14807401  0.98708096 -0.06119856],[-0.49160194 -0.12715794 -0.86148615],[-0.85813846 -0.09747838  0.5040797 ]
28,-383.51135844934936,243.94222608811464,129.65862006484733,7.082177292364736,10.309367004925267,7.185141149226113,8.205351577280332,2502.0505985535833,2501.5710054352835,62.80353720657068,[-0.07166173 -0.55353164  0.82973931],[0.58020243 0.65351996 0.48608313],[-0.81131359  0.51625032  0.27432803]
9,-235.90515749983823,-28.705110442951156,180.81003970483025,2.483638048452115,6.3110037484165975,6.624213296034435,5.25228445610502,896.1602750484637,896.085417591781,23.673368260524878,[-0.6108764   0.2107073  -0.76317263],[0.05416746 0.97279962 0.22522606],[-0.78987082 -0.09624616  0.60567381]
14,-253.65072521907626,152.13904830193164,225.86081311068884,5.623635205770208,9.219369100544851,13.675270911334872,11.99122916353388,1393.8341973624351,1393.360269747101,47.13402195477712,[-0.10637319 -0.87588972  0.47063993],[0.7244848  0.25591618 0.64002241],[-0.68103342  0.4090527   0.60734617]
2,-136.6245825963071,66.68893632491228,156.22708242830467,4.3605091582838895,0.2836732604782384,3.350805584247297,5.047269684454406,308.38584432663333,308.37014190133874,3.11200334169543,[-0.55807724  0.46564365 -0.68682297],[-0.54367871 -0.8304851  -0.12127637],[ 0.62686781 -0.30572945 -0.71663537]
12,-259.35455190942747,-147.7822384256999,222.24583792893188,4.580132473308302,7.349693769377019,7.275833354371529,7.30397618568803,1289.6725972770844,1289.5194558490803,29.943799664146486,[0.34301015 0.54683103 0.7637538 ],[-0.62998119  0.73703006 -0.244766  ],[-0.69675515 -0.3971933   0.59730205]
13,-246.28912986352788,-275.79183562569926,152.59045334520448,4.569326603456256,10.26114029179874,9.016634238414,8.932684902822011,1443.1508614172772,1442.6209155331408,40.50892089526144,[-0.23194226  0.6212202   0.74852405],[-0.75338688  0.37203834 -0.54221368],[-0.61531374 -0.68969047  0.38172773]
25,-369.65549533598755,-166.58196273097244,46.18187606799124,9.73361184392496,7.259962956236299,8.276441664770683,8.469525350556927,2041.3320311526045,2041.215065405369,59.80922666783595,[-0.20716582  0.1936749  -0.95894336],[-0.36932182  0.89219478  0.25998052],[ 0.90591595  0.40801778 -0.11330389]
6,-311.86247427245297,360.50653070568177,57.0509715124064,6.289638197135025,3.5080218208087355,3.853090181522422,5.724133829180893,1176.0954489302258,1176.0665856957182,14.25217693736081,[ 0.29787744  0.39524872 -0.86893468],[0.69944623 0.52910049 0.48044525],[ 0.64964913 -0.75088689 -0.11884813]
3,-164.30822075760398,-177.60964944520342,259.4268577390937,3.677102374620492,1.082001290479073,2.9591735859336397,1.3770146903996823,614.4941479928386,614.4437130422383,8.037269003474682,[-0.12607457  0.85398126  0.50479819],[-0.87726975  0.14159367 -0.45863822],[-0.46314467 -0.5006668   0.73132057]
59,-314.5113557362653,150.76554718105587,319.05328045045417,11.78341145727211,12.162344686956377,10.32961735870145,11.193380819082327,3633.3665645218375,3632.555692248522,125.88757450104204,[ 0.61116147 -0.28651703  0.73782766],[-0.42860608 -0.90348179  0.00418065],[-0.66541603  0.31879247  0.6749762 ]
3,-237.09820044905578,194.59513802046445,34.55892481845222,3.00497848922595,0.7179880745257162,2.9985963179518476,1.5341167377006997,534.6839991384767,534.6386083721761,6.975922157101065,[ 0.44943804  0.65540356 -0.60700216],[0.45600328 0.41597666 0.78678105],[ 0.76815784 -0.63040431 -0.11191044]
6,-438.9946112308678,17.469374807894237,16.920951670963888,11.159484294245901,5.924624853627709,2.455138159082761,11.305302403446053,1077.4125434038563,1077.3273422546786,15.138059186997667,[-0.02935604  0.2095265  -0.9773622 ],[0.04702836 0.97699032 0.20803424],[ 0.9984621  -0.03985668 -0.03853426]
3,-297.061928396019,224.5154890537311,216.4403668910503,0.5796608566612239,1.3935675790944764,0.6650416778595226,1.0392926929926025,745.9934818239949,745.9904069352118,2.217887997078997,[-0.45319043  0.2305007  -0.8610969 ],[ 0.56471424  0.82166205 -0.07726124],[ 0.68972188 -0.52128773 -0.5025364 ]
2,-362.67949475989974,-70.07245084983086,29.277071378554705,0.5145861728100272,1.7218312170419736,0.02471081206407888,0.1760991845187334,524.0361462880143,524.030041521039,2.5294663174418424,[-0.07344855 -0.03625407 -0.99663983],[-0.19133316  0.98128756 -0.02159509],[ 0.97877318  0.18910412 -0.07901076]
10,-254.75051497019845,39.406544740723184,255.0430038284418,2.645346199687289,5.335625028589695,9.527165450348017,7.566313822894216,1147.1789540522047,1147.071220605079,26.180600551526698,[-0.50289199 -0.77515573 -0.38240455],[ 0.50385169 -0.62237496  0.59898487],[-0.70230557  0.10854951  0.70355091]
6,-325.448867681143,206.81276314968326,149.20510916879678,5.091592025590746,7.139839301608193,5.247674102431346,5.2480552456839105,1012.993701574414,1012.9368176288986,21.53669851524084,[-0.6000552  -0.48573791 -0.63560399],[-0.1427274  -0.71678957  0.6825259 ],[ 0.78712301 -0.50027133 -0.3607852 ]
5,-98.61427651692304,93.83960774203717,113.67997987531082,3.0257868506935233,5.619270085569641,6.124092864123394,2.3034331129494956,396.9994253072791,396.6696780934072,19.10071020975399,[0.82836943 0.41576839 0.37542073],[ 0.06798788 -0.73984078  0.66933793],[-0.55604112  0.52893502  0.6411287 ]
6,-203.0957250982464,139.29483620637495,191.90966204116037,3.5682609141576966,4.641059289800697,4.796189513669628,3.164050145438548,764.9816695454161,764.8334076604605,16.82640722054248,[0.7040714  0.65772803 0.26772616],[ 0.28480697 -0.60690104  0.74199469],[-0.65051399  0.44616696  0.61462719]
3,-290.30028458418786,108.49559211319625,179.76475293586984,5.401760740958228,3.1129553892450588,2.953112401950309,4.589142066607695,620.6647064177916,620.6014289219813,8.956659036591875,[0.45331021 0.86647575 0.20911628],[ 0.37131746 -0.39684836  0.83942523],[-0.81032907  0.30287151  0.50163299]
4,-317.54841944010974,-23.30146194456183,157.08702327464738,5.311036172445835,4.694524772774833,1.1874786580051562,5.222003774661525,710.2253488510441,710.1730706148273,9.885717151859009,[ 0.43772178 -0.3316832   0.83569486],[0.09175112 0.94109441 0.3254582 ],[ 0.89441678  0.0657842  -0.44236983]
25,-365.2016114397668,139.80016043399968,14.625413138429444,4.419819040095278,9.78226097990627,5.8823472108902575,5.138257167895455,1957.3793947950385,1956.9313502258283,55.563437025774455,[0.15580987 0.30881152 0.93827433],[ 0.32379529  0.88142489 -0.34387029],[-0.93320946  0.3573872   0.03734298]
3,-254.2579766806955,22.582076361592573,72.90813923897366,1.6052548628368546,0.22411616025010186,3.8200318563706808,2.350240330548653,459.8579220387219,459.8203514140677,5.937013260095823,[0.0934536  0.99546803 0.017602  ],[ 0.27198752 -0.04253283  0.96136036],[ 0.95775217 -0.08505507 -0.27472973]
14,-228.92769269863422,104.68898808625657,160.0721523390417,8.284652596981248,4.595473342475595,7.923254141349305,5.928053285864802,1117.0513904574666,1116.4947580887963,40.59560651026748,[-0.250742   -0.93448739  0.25270886],[0.58998981 0.05944527 0.8052194 ],[-0.76748972  0.35099798  0.53643261]
27,-465.84175740659776,31.402166759718103,117.21332827686595,5.336132042395835,10.981111495832202,10.037194997678231,5.126811632965393,2502.4616527103653,2501.746994873333,77.79247123293506,[0.22896121 0.63109828 0.74114218],[ 0.10544949 -0.77296718  0.62562141],[-0.96770717  0.06508998  0.24352849]
9,-245.719805686837,-264.84229991867534,88.58682380781778,6.044322029803569,3.343575670334927,7.165211680976576,7.047804685447419,1116.3030605184472,1116.162362156251,21.05422660947102,[-0.73447411  0.54721298 -0.4013798 ],[-0.15528741  0.4402407   0.88434945],[-0.66063122 -0.711861    0.23837011]
16,-250.73819420802454,-10.34621094526161,250.38663031402217,6.583137260849169,6.366239518608587,11.175484400687864,9.981232347042784,1418.9671955234312,1418.7649001918082,41.99215523206502,[0.10853439 0.98276995 0.14961121],[-0.69877014  0.18246809 -0.69168322],[-0.70706476 -0.02947243  0.70653436]
20,-353.29395158713055,3.737624022693752,299.7701205777418,9.423616863992486,5.137883070907629,10.389680884683857,9.834333506383247,2073.148176442091,2072.7151081971856,50.42899477993524,[ 0.18561037 -0.95518844  0.23057283],[0.6198539  0.29588968 0.72679463],[-0.76244995  0.00802085  0.64699748]
2,-251.7474231912817,-258.14519791768737,189.4287300446601,0.7049630604920765,0.3723350688449045,0.11101859142019066,0.1481091820009226,576.0201385180778,576.0190517582562,1.1189235473743626,[-0.12993223 -0.50111271 -0.85557213],[-0.77530423  0.58923905 -0.22737787],[ 0.61807844  0.63378498 -0.46507594]
6,-378.32524717661886,243.68924849730476,22.77067495646222,2.5726919061345757,4.955784744166802,2.1445177928831933,4.060289511286026,1103.8069217521204,1103.7751544889584,10.741104481934807,[-0.23248015 -0.27373955 -0.93328433],[ 0.49095596  0.79531901 -0.35556986],[ 0.8395923  -0.54086443 -0.05050182]
19,-400.5024120182669,-78.66408543593703,82.05101203913543,6.919856732974893,8.670213953855178,10.338739133122223,6.223642826593937,1815.6868937773245,1815.115628312974,60.271955697755836,[-0.25574863  0.87652802 -0.40778827],[0.09535235 0.44263083 0.8916198 ],[-0.9620294  -0.18914698  0.19678124]
23,-299.4958083989914,84.91396112819078,249.28498757939832,9.003949268587512,6.10323188850643,13.564553207854434,13.83390103020249,1914.2690648423431,1913.969146180454,50.54127056007468,[-0.18376473 -0.9765826   0.11187915],[ 0.63454974 -0.0309321   0.7722628 ],[-0.75071776  0.21290755  0.62537446]
11,-65.37982344260739,-65.24080663124093,16.858523798501764,4.836167024381398,6.004295829369666,5.907747004276797,6.52495074470087,312.8910484655419,312.324218848558,23.67184078024975,[-0.71182617  0.63631019 -0.29734296],[-0.09330594  0.33392681  0.93796955],[-0.69613038 -0.69541514  0.17832632]
8,-315.42474378606846,-161.06232516244978,313.8266446787683,6.364350351819821,4.725757569843195,12.106539883747631,6.175898062960479,1339.0057531267457,1338.5723547571122,37.07037596447168,[-0.10707609  0.92418574  0.3666271 ],[-0.73789803  0.17327273 -0.65229063],[-0.66636418 -0.34037814  0.66340147]
14,-294.7698678451251,-165.5962268534103,277.75163716600235,7.682504759340614,10.322222479026433,5.5664041443124255,8.7142560553143,1637.8810272982003,1637.6716373275124,41.07146252415851,[-0.71253293  0.10490677 -0.69375168],[-0.196086    0.91958853  0.34045149],[-0.67368175 -0.37861789  0.63466636]
2,-226.07612598907332,-100.09201505840429,38.270218389261984,5.060487245311478,0.20781713485499864,1.5129600300531187,4.88721977327549,353.89652895561164,353.88507696059185,2.8470179883649016,[-0.28482296  0.29454225 -0.91220653],[-0.31974852  0.86792781  0.38008184],[ 0.90367957  0.39993272 -0.15302631]
12,-160.5408689054189,-182.16915927945138,208.97896039636055,3.1490671358279885,6.719992401408757,16.785287287776356,14.083121584309488,1111.5242255713133,1110.906120580519,40.41638140205321,[-0.64317085  0.74902355  0.15904394],[0.57969978 0.34059933 0.74022987],[-0.50027934 -0.56829201  0.65327235]
3,-228.8268313032249,258.64687362372655,3.5987773836125263,7.357063162621056,4.658333192466344,1.5942642555651299,8.352339928079198,598.3757188654015,598.3541906712882,5.120671649512469,[ 0.41789301  0.38118664 -0.82465883],[0.62144059 0.54219917 0.56553661],[ 0.66270433 -0.74881026 -0.01030361]
8,-119.4345651067002,41.67139343178832,137.95205266155875,5.377802511551227,5.455498658969013,5.562455961737312,5.4788270009767785,529.9567266009038,529.7276350409223,21.879537795443174,[ 0.74589352 -0.058748    0.66346931],[-0.19040771 -0.97334092  0.12787637],[-0.63826935  0.22171183  0.73719476]
13,-383.29986289222074,-107.16966683262928,184.7880507201392,13.069451368149336,4.43449930899534,5.207968911143626,11.504481968600347,1582.9929740337152,1582.7206525170805,33.2495635080778,[-0.03660781  0.8954968   0.44355987],[-0.48515718  0.37211484 -0.79129834],[-0.87366033 -0.24416395  0.42083439]
12,-75.34342822972671,59.444984879109576,43.31321451750345,3.196768016907952,10.062418008452937,7.317935835434665,7.649122194355291,366.9152220124468,366.2272205969223,35.8380260301947,[0.68920833 0.46187868 0.55826514],[-0.12726363 -0.68134045  0.72081839],[-0.71329927  0.56784089  0.41080516]
14,-416.92146004697935,-224.61273761276175,6.327880476663105,6.378112068122214,9.823541399750225,3.8649090785847697,9.167432120524953,1772.6641170832206,1772.5044122043205,30.87669079213717,[ 0.09685333 -0.15206558  0.98361349],[-0.46461924  0.86706518  0.17979693],[-0.88019793 -0.47441968  0.01332555]
18,-103.64663255065652,-44.84695001164243,58.47049188600275,12.391855281248064,8.91628289393659,6.688875870462647,14.651678708431739,543.9007776977033,543.3395156114013,34.22092438888872,[-0.57044823  0.62790105 -0.52946113],[0.09967602 0.69279602 0.71421171],[-0.81526285 -0.35464623  0.45779093]
6,-210.0033995677836,192.7930290563061,246.71012150338575,5.218570138218048,4.142161539947012,3.986226838430364,2.070179528378919,923.6591379509609,923.5145760929157,18.318395508140174,[ 0.04664899 -0.76742664  0.63943743],[0.82922225 0.38667409 0.40357603],[-0.55696888  0.51140932  0.6544052 ]
