N,MEAN_X,MEAN_Y,MEAN_Z,SIGMA_X,SIGMA_Y,SIGMA_Z,SIGMA_R,LAMBDA_1,LAMBDA_2,LAMBDA_3,EIGEN_1,EIGEN_2,EIGEN_3
177,-133.78839626062225,109.57367211609485,158.49775169458542,22.27420970093379,23.034561613804705,24.818920427747745,35.8600236538984,3163.195445119797,3160.860072090908,253.63028201581335,[-0.5382201  -0.83336652  0.12577509],[ 0.62118297 -0.29138992  0.72747758],[-0.56960586  0.4696724   0.674505  ]
233,-280.4979977689133,225.5235880485675,276.21505680376947,29.448661783747028,19.957645065968098,16.348035301672617,25.12068885184609,6946.589643940445,6940.442613049514,456.5444698636525,[-0.48030931 -0.85214886  0.20771444],[ 0.62089652 -0.16306846  0.76674389],[-0.61950826  0.4972434   0.60741956]
61,-423.8998160358001,103.45593038288699,109.77070165091942,12.529650855293163,19.038531921677905,8.978000466355926,16.391820354604192,3519.0322737135452,3516.708711860452,143.2541097636565,[ 0.19273575 -0.22434401  0.95526054],[0.27521348 0.94679761 0.16682872],[-0.94186542  0.23074671  0.24422424]
171,-320.14665430520927,188.9312023864825,193.14670489338442,23.839472167102034,25.382015689660147,26.801801933168438,26.31533777747457,5501.839890784642,5495.225593571101,460.1646732867544,[-0.33008415 -0.88692932  0.32311116],[0.55478846 0.09465621 0.82658936],[-0.76371082  0.45210239  0.46081364]
15,-374.7846695938404,-158.88566477206743,50.1604743588998,3.4005614459851383,6.293374032643137,8.681176861094933,4.925293558430351,1588.9954490464618,1588.7376002146216,39.12267100644312,[-0.34153534  0.89548904  0.28539971],[ 0.22015351 -0.21898784  0.95056655],[-0.91372099 -0.38748381  0.12235297]
3,-143.72140758784295,4.360365843327572,92.9003061348947,4.052078310761963,0.17849670073483742,2.343600749131129,4.215216972157042,296.6172542852788,296.5964976582959,3.5099911437591516,[-0.05586764 -0.99765206 -0.03961274],[ 0.54031376 -0.06357273  0.83905873],[-0.83960696  0.02547292  0.54259679]
188,-254.44553891361082,-211.09251176825816,322.5984315077196,18.43976397042525,25.72863634232723,19.25065555311465,17.44066009616582,6349.804174780528,6342.083098181282,449.50293232707116,[-0.66684481 -0.2627224  -0.69734851],[-0.50223744  0.84977599  0.16011971],[-0.55052299 -0.45700952  0.69861773]
72,-431.39479804119463,-128.15145807771876,107.07738268342266,13.5794703444545,17.881895977291723,18.31373105771172,13.593813739054118,3931.946336248468,3927.882666722703,216.7211224821596,[-0.35926812  0.77561632 -0.51898529],[0.03488999 0.56688895 0.82305504],[-0.93258196 -0.27759005  0.23072637]
12,-354.5187372937346,-207.87248859121803,169.41041028401298,8.29725512105111,7.625068372213369,9.205492490026646,6.849319768033551,1540.6399472412754,1540.0715221925257,44.217209117616655,[-0.56609939  0.79843176 -0.20503219],[0.20813337 0.37910558 0.90164264],[-0.79762897 -0.46774531  0.38079173]
13,-443.0009041333166,128.8980135621079,77.9896440347765,7.7326310625535575,6.00888208612842,6.367661824514822,6.517854162681168,1687.4735877160042,1687.4169019169706,34.981329178876784,[-0.06758714  0.33619872 -0.93936276],[0.3146782  0.90064293 0.29969976],[ 0.94678911 -0.27534113 -0.16666629]
144,-246.1702087466186,14.000612962904297,17.33713282141211,13.379374615357456,26.402519097515974,9.844620305484172,13.213239874593661,2987.6635437332034,2972.539303147778,337.42958683460836,[0.0770612  0.12059651 0.98970604],[-0.0474731  -0.99108813  0.1244613 ],[ 0.99589551 -0.05657555 -0.07064935]
74,-327.7580577765924,317.0630615158878,42.21738653961042,14.284976488927931,10.407988172682444,10.305875619379808,9.518693292189203,3942.637734934809,3941.357017550427,155.84392526625982,[-0.14106478 -0.27259482  0.95173147],[0.68387439 0.6682815  0.29277236],[-0.71583276  0.69216465  0.09214963]
25,-399.8566811353348,-85.8784669396277,70.19137092065267,6.356739416450193,14.55496434123532,11.652272314864952,5.76408936238072,2076.8157578328783,2075.2704443548164,94.10458898413202,[-0.25367675  0.50816797 -0.82305128],[-0.08409284  0.83607692  0.54212893],[-0.96362674 -0.20673823  0.16935999]
350,-332.2339884077723,-48.562284859696746,218.32281197591968,16.86092191409993,29.64440172003841,32.0015518928307,19.188346463295854,7536.632006711788,7508.494675602788,796.5615182592226,[ 0.46431963 -0.69278356  0.55177732],[0.31212387 0.71103412 0.63008663],[ 0.82884617  0.12033872 -0.54638139]
4,-346.7393801509263,-237.995730128596,149.24648188406263,4.2176800244031725,5.5187014057897565,1.5915626367669036,1.309825368781353,892.6237788724318,892.5189466200767,14.013004743968871,[0.37723569 0.03083274 0.9256039 ],[-0.50393263  0.84536657  0.17722096],[-0.77701038 -0.53329608  0.33444006]
9,-415.8264766118815,-49.46395126718089,181.482254143375,5.038522209331856,4.125306700992485,3.512595774225212,5.997758230077331,1369.3421209623805,1369.3113908165587,12.982399011138142,[0.39248815 0.06640311 0.9173569 ],[-0.12588545  0.99188259 -0.01793799],[ 0.91110148  0.10844144 -0.39766135]
169,-323.81517354676737,-181.16589047853938,120.93303884511926,19.47821434772896,27.974695900550586,35.39043659061998,18.237250647719414,5106.8028790117905,5085.4514336715,594.1073496940932,[-0.55549939  0.74047388 -0.37831054],[0.05262821 0.48536118 0.87272836],[-0.8298498  -0.46489026  0.30858766]
109,-241.3269075832372,194.72715925824613,42.44786779853053,24.174841829535847,16.877278234147205,14.426337484252938,17.717010809998385,3282.64046588067,3276.209995409165,284.0551612897869,[0.1907911  0.0216509  0.98139187],[ 0.6060891   0.78383556 -0.13512151],[-0.77217534  0.6205909   0.13642648]
133,-375.3243573775578,26.474657994469958,283.3425947090172,20.82618984789955,30.18068750832413,19.071222909201964,10.749629071841422,5445.867198714475,5440.364653435175,460.5306059238543,[0.53889116 0.51563578 0.66612016],[ 0.27219963 -0.85493317  0.44158423],[-0.79718485  0.05664818  0.60107179]
51,-358.37642230756535,-156.78423818846304,152.65134747217652,11.588911790046515,21.053209724133968,14.368968432597276,12.426385697609602,3004.733561531213,3000.739891634783,177.42331195886229,[0.14546578 0.49946544 0.85403395],[-0.50112523  0.78148898 -0.37168331],[-0.85306108 -0.37391076  0.36397463]
7,-258.66599716193645,-149.56464932320503,350.2148996966119,8.043526896187053,5.777525688836451,7.676575436276063,9.192759796830543,1218.4295793100302,1218.2420652552576,22.53795078615534,[0.57782579 0.50400996 0.64194338],[-0.59190062  0.80032397 -0.09557823],[-0.56193506 -0.32473912  0.76077164]
40,-438.29507521515154,-67.69131455048557,103.92103139929684,9.484879279254894,10.897773044077242,15.926068016285354,7.091390557030075,2883.511249422805,2881.779151211293,128.2277041653813,[-0.22551048  0.90416167 -0.36281773],[0.15208976 0.40051715 0.90357884],[-0.96229607 -0.14858563  0.22783455]
133,-212.50839254933834,-108.68806899267055,143.05938538869864,12.6749197122695,20.438366187578332,20.73527302107339,18.540903081943977,3226.506734680981,3219.7447218722155,299.7702115342529,[0.21089435 0.6034535  0.76900419],[-0.61262216  0.69462582 -0.37707965],[-0.7617202  -0.39158504  0.51618165]
24,-233.83461124942065,267.7513702495938,306.15087932790203,5.602681246752093,4.98582383419577,12.320174378862845,8.304872436257712,2299.351164716605,2298.767061845142,57.73620959752539,[ 0.74786403  0.66378713 -0.00927566],[ 0.4385771  -0.48354289  0.7575199 ],[-0.49834678  0.57058998  0.65274617]
2,-440.2272148517657,7.011980388795189,152.3799162813184,2.555421438622659,0.1866515062823546,0.5269880807100691,2.589740743884022,658.901586255441,658.9013798992075,0.5214756526727649,[0.14404329 0.91618125 0.37398321],[ 0.29401466 -0.4004814   0.86785369],[ 0.9448846  -0.01505195 -0.32705738]
19,-237.99692931735856,229.37803236403406,97.55167879251078,6.384404387725043,10.190646776160474,9.366906927637274,9.719994801229948,1503.3738229770838,1503.1500313271524,51.14775508607574,[0.71764668 0.5807839  0.38428285],[-0.09138344 -0.46850062  0.87872421],[-0.69038563  0.6657306   0.28314388]
77,-291.5993030101656,-240.35623841284107,152.085474609338,15.56543505074313,11.151958639078794,16.769362461983896,12.794312707889363,3579.4089392791097,3578.201422988127,193.62790795723043,[-0.69543101  0.55722927 -0.45373037],[-0.05935805  0.58471194  0.80906648],[-0.71613709 -0.58958247  0.37355077]
79,-132.5989568613442,-120.07464684567184,33.33927065984198,15.327634885105649,13.809747227369758,19.657764739570958,14.386755036778487,1632.96654297201,1626.6669225336314,217.63391932327232,[-0.67992936  0.72808761 -0.08708902],[0.07387047 0.18617393 0.97973589],[-0.72954727 -0.65971789  0.18036929]
3,-263.4198526023374,170.24895060205247,94.26105834690368,1.8310673466731913,1.623601246280207,3.7595117589514118,1.7794947249773863,567.308866129315,567.2652225370705,7.126071550081671,[0.59006295 0.64179311 0.48982376],[-0.06986801 -0.5638321   0.82292881],[-0.8043284   0.51980281  0.28785562]
6,-170.66997544056514,-58.34859081130099,39.36467712515384,2.9865034165341076,4.776923774394509,1.8360742244638413,3.891858755985324,452.42579363377075,452.3302897815027,10.86458122302294,[-0.3026558   0.26819788 -0.91458699],[-0.2321993   0.90993028  0.34367188],[-0.92438247 -0.31638074  0.21312031]
17,-247.2093295837582,-180.34411761396072,149.08595159065118,4.406358985196689,10.087002128598654,8.72156969575242,6.979282017859616,1404.2913301989327,1404.0971337990518,50.27351214907995,[-0.62823169  0.2522093  -0.73601319],[-0.27961358  0.80960648  0.51609456],[-0.72604489 -0.53002624  0.4380993 ]
2,-393.8103437115783,105.97514878306339,24.702771221187124,1.9229699530291384,2.6821274332663307,2.6005711363973276,2.7063604819668967,577.8325024971754,577.8146262832652,4.545172744642846,[ 0.15942013  0.74373932 -0.64918183],[0.21340426 0.61608123 0.75822328],[ 0.9638692  -0.25941422 -0.06050139]
8,-348.14546073786346,-322.75932081155247,6.700769123730495,7.548384432736154,5.333070121000282,5.097382253854054,6.652077555950712,1343.1770136124699,1343.091913407234,23.279433142271813,[ 0.30093475 -0.34321    -0.88974444],[-0.60967163  0.64818735 -0.4562386 ],[ 0.73330674  0.67974999 -0.0141833 ]
40,-289.7436165414823,125.63516643911296,242.3299727675413,11.666616514352064,6.724231978043687,12.208691511734491,11.824681125166526,2519.9762535429018,2518.962656930035,87.9029653210649,[-0.30338938 -0.94438169  0.12687829],[ 0.61494646 -0.09234008  0.78314377],[-0.72787069  0.31562086  0.60875918]
73,-326.42883571135775,-275.0118530617013,185.32875728130014,25.97499064155733,12.769226758395886,20.10839952409142,13.950326467811262,3985.0471994563054,3979.683039863695,277.20050072362454,[-0.20902081  0.70523227  0.6774642 ],[-0.68068212  0.39247479 -0.61857529],[-0.70212688 -0.59043288  0.3980036 ]
3,-331.8498392957215,71.51639991574773,308.6213009873565,2.2158559560859183,2.3340787998688963,4.521081549103619,3.870046240772267,794.701117012624,794.6719656616461,6.892216853915209,[-0.20614731  0.88100794 -0.42582659],[0.65905904 0.44667372 0.60508162],[ 0.72328727 -0.15590892 -0.67271684]
3,-469.5069672578379,-3.3994155165246127,99.34706621649684,0.5122689688304316,0.9837198038707317,9.760547717750013,2.3950649280926166,831.4098215193382,831.2485406874077,16.483026227691532,[0.00624646 0.99795194 0.06366241],[-0.20713402  0.06357415 -0.97624476],[-0.97829264 -0.00708857  0.20710691]
8,-220.88505117480415,163.7559222437041,77.88958990186211,2.784401494798385,7.044148940025398,6.761193231802576,5.460881415144524,808.7361836527703,808.5688729123576,24.072545475011438,[-0.34890683 -0.74236214  0.57198118],[0.53030188 0.34682703 0.77362196],[-0.77268619  0.57324468  0.27266572]
10,-182.17914999210274,206.49440367222388,244.67545788121515,4.156722392141724,5.216039340865002,5.556800842297966,3.1681072419654144,1165.1499697318634,1164.9831972795455,25.53800177566216,[0.84719981 0.48152734 0.22446357],[ 0.19401282 -0.67373432  0.71305055],[-0.49458215  0.56054749  0.66421007]
54,-377.8111498504763,164.18653732128885,26.230764489331097,14.267322645631348,23.033479322863148,12.644618192065002,19.982330734725664,3039.8714674552793,3038.273310979047,162.3977225087835,[-0.05257274 -0.27243302  0.9607374 ],[0.40075026 0.87544497 0.27017649],[-0.91467772  0.39921968  0.06315307]
5,-343.5022990459963,170.6794164660168,43.52668528632178,1.3305645426811792,2.28340284189119,8.950307302753888,1.5780539155270399,863.4411001649247,863.2004640118531,20.591227744964055,[0.45615881 0.85598207 0.24333894],[-0.01101651 -0.267993    0.96335787],[-0.88983019  0.44212493  0.11281744]
11,-286.19322722159,-184.88977025499082,113.97357236288643,6.666875998312233,7.411413625324478,11.088974394788139,6.413296337591459,1192.3768314044291,1192.0221025409448,44.59999292710801,[-0.24846183  0.75733452  0.6039132 ],[-0.55128696  0.40207978 -0.73103662],[-0.79646055 -0.51456416  0.31760716]
18,-201.7030617801603,51.6023072640588,149.2044003197008,4.172069626322299,10.183232150434653,6.9091055287694925,6.7892212666064005,1087.9073179596328,1087.3164363872243,46.88738230686848,[ 0.50750948 -0.32455935  0.79818254],[-0.3504136  -0.92402591 -0.1529262 ],[-0.78717497  0.20208253  0.58268192]
358,-378.6272725644469,87.02262340729543,169.9458630402658,21.04342949665561,45.635452038829676,37.52619539454615,30.034203047315355,8102.433834492938,8053.05945102199,1030.2884863690124,[ 0.20119655 -0.61298825  0.76404539],[0.40810817 0.76153202 0.50350442],[-0.89048732  0.21050982  0.40338313]
38,-300.7146769897803,82.48221092701512,312.06737891995346,8.618195642647866,14.139010323875986,9.999787374393197,4.844900592576921,2721.084031454021,2720.623538173732,115.61465283002477,[ 0.64194623 -0.31122587  0.70074496],[-0.351231   -0.93175153 -0.09206455],[-0.68157305  0.18702286  0.70744655]
96,-366.23946232539464,-156.47420187344142,231.7475465127793,13.767288033909521,14.48113561934454,11.190404211733902,12.882837487202018,4519.313302433267,4517.499249614496,186.05060792259067,[-0.5982049   0.57673221 -0.55635497],[0.10091854 0.7429702  0.66167268],[-0.79496311 -0.33966931  0.50265139]
6,-312.3875766429268,-186.23327503474346,319.5055740934631,2.6768327505642597,5.382643627722832,5.607194186804904,5.32948135476821,1185.960941615398,1185.8777331600538,15.274347228216373,[0.21283993 0.73919743 0.63897286],[-0.73375469  0.55275784 -0.39504788],[-0.64521564 -0.38476737  0.66003852]
16,-467.3845936999039,31.873218255289107,115.85293438605348,4.1421496704249305,5.948672221212038,9.617370067832987,3.5705487921182533,1930.7860788069474,1930.5307317208392,45.98518218777411,[-0.10101578 -0.98546628 -0.13657238],[ 0.22757899 -0.1565233   0.96109742],[-0.96850587  0.066005    0.24008275]
17,-307.744998958233,14.553320055137943,353.57255960813524,3.3387353664117274,10.53687232934503,7.354993178548999,6.949837536564488,1934.314955320448,1933.8943707271485,46.59249279199705,[ 0.73665418 -0.19031088  0.64893943],[-0.16376623 -0.98122667 -0.10185702],[-0.65614117  0.03124096  0.75399122]
28,-295.079089592372,-165.7403445762761,279.10831467505864,8.8272767770508,10.771134858334587,8.0242064803588,10.470086253563858,2322.652856174988,2322.1511856630327,64.58208578270006,[0.35444046 0.59014804 0.72532562],[-0.64965052  0.71332125 -0.26292013],[-0.67255198 -0.37801863  0.63621989]
9,-311.750793843117,217.02623963808244,123.08861772500826,4.75931470492386,6.719166071870458,5.579934425711064,7.193479819864728,1198.1909133049028,1198.1697965917888,20.592622028823662,[-0.44564697 -0.83008845  0.33518943],[0.43812039 0.12428372 0.89028315],[ 0.78067234 -0.54360531 -0.30829202]
4,-253.564013578052,-187.5921027718096,111.28136349787013,2.4418789752029473,2.249669844153426,2.1537917179715853,1.3021123654257465,668.9801855539774,668.9448583025207,7.481421284636459,[ 0.50814144 -0.18828322  0.84044138],[-0.40870215  0.80623375  0.42772618],[ 0.75812587  0.5608356  -0.33272903]
34,-417.09277392088603,-92.36684638277845,221.4996191130644,7.7130925799565,7.131809515243563,9.252849706994734,6.82945130865634,2806.840675331909,2806.412855845917,71.44849043052805,[0.02231742 0.90710633 0.42030946],[-0.49822936  0.37457944 -0.78195764],[-0.866758   -0.19195923  0.46030665]
11,-349.39103153697147,-35.61498150384025,11.807314271720873,4.760115892237733,8.295613448626964,5.140842459192963,4.862318563116236,1165.906047782144,1165.6841466992453,32.24848014038222,[0.00779632 0.24471847 0.96956283],[-0.10653849  0.96427688 -0.24252761],[-0.99427801 -0.10140494  0.03358974]
11,-203.48983290063873,199.54571357134998,221.87004397613484,3.358456725447031,6.723099193299831,2.7390643782330004,3.4076568308221957,1198.1543394766632,1198.0079138233955,23.980470870122293,[0.78382465 0.12246492 0.60878671],[-0.26117595 -0.82442164  0.50211162],[-0.563388    0.55256792  0.61421711]
4,-144.34760786520974,-162.2373662699633,131.00338863267714,3.9115916964062527,3.4095135027218224,4.373377931213264,4.059275926431187,507.38094705641663,507.3131590843271,10.909136839348935,[-0.81360342  0.5287166  -0.24188477],[0.1183741 0.5579407 0.821395 ],[-0.56924253 -0.63965689  0.51652881]
21,-175.84385572671073,101.25703118401641,31.255507522543727,7.691864181075467,9.45122835019838,8.105243790314622,8.75612903883304,943.0302191503304,941.8832328140685,53.72028562056708,[-0.21632857 -0.61083613  0.7616306 ],[0.46925586 0.61903518 0.6297574 ],[-0.85615471  0.49363414  0.15272344]
63,-267.62760211408727,-258.72373280133365,244.3756258162932,29.799402174094144,12.938264073007954,9.143516086133971,18.37463954320938,3543.6882082730003,3538.2261144259646,224.21060820025193,[0.28210264 0.48800792 0.82599417],[ 0.74656532 -0.65239436  0.13046771],[ 0.60254321  0.57985332 -0.54837196]
92,-44.97834498919293,3.201356990925859,17.48012532601001,17.826443981088296,25.405961660118198,13.248811637859417,18.869088574127055,555.6260163551124,505.19268848886446,275.57971507550707,[0.35037212 0.35410999 0.86709024],[ 0.01910561 -0.92828408  0.37138071],[-0.93641569  0.11355516  0.33201035]
28,-267.62224637986225,44.635487843467594,201.81256651773305,10.093398872837113,9.841598312684715,7.058501459539496,9.436700464053164,1790.8913932945718,1790.3377904616184,66.98410849945287,[0.54839568 0.58438123 0.59813105],[ 0.26956772 -0.80063849  0.53508061],[-0.7915778   0.13219907  0.59659701]
4,-212.48598395436787,-65.78279341596227,176.47248680471384,4.242624418347058,5.394739685633284,1.942477230447915,3.643416707819885,568.040434790287,567.9348001547595,12.198388017778248,[-0.61008837  0.60817152 -0.50785784],[0.2601381  0.75918126 0.59663388],[-0.74841189 -0.23188621  0.62137624]
12,-212.16179368615477,-193.82776335236505,189.01694612942626,7.1920044205708855,9.66960065583847,8.381973248476548,4.625185669771385,1192.2973899909448,1191.9331209911122,48.12070359013783,[-0.71227867  0.69676566 -0.08471546],[0.33498182 0.44351428 0.83131358],[-0.61680327 -0.56374879  0.54930959]
13,-202.1422888621015,7.830609794182891,155.0269058345599,5.207193240538409,6.602880511621719,6.026656735101662,4.85205131903651,919.4221500624325,919.3606812118159,32.893867914028846,[-0.54375429  0.41451149 -0.72973386],[-0.27441665 -0.90953247 -0.31216371],[ 0.79311209 -0.03051076 -0.60831103]
3,-355.4392483562081,-314.55833861129076,91.47411476532683,2.649891683608344,2.267540432218908,1.3596544710428615,2.3523389531607846,837.2540034466217,837.241575840005,5.0477080585316445,[-0.21782795 -0.0374851  -0.97526707],[-0.64174782  0.75836732  0.11418732],[ 0.73533035  0.6507487  -0.18924958]
44,-224.55285997769178,153.83910862360725,309.7377972733538,9.382129178984936,11.521069259789714,10.372432515155813,12.653693433646051,2737.516119214458,2736.7633876062487,86.5261070737444,[ 0.5538671  -0.51255733  0.65613734],[0.62992321 0.77328215 0.0723289 ],[-0.544452    0.37325554  0.75116731]
81,-141.20059854597136,-120.62395890455603,184.80266543838496,13.128156969570176,17.608179965062302,19.24816277410183,22.898952844109065,2371.7071044784525,2367.736634489068,163.21725283207996,[0.39737509 0.60010166 0.69424134],[ 0.74410423 -0.65345753  0.13893217],[ 0.53703066  0.46137974 -0.70620593]
4,-248.38821542337183,-141.85890232440337,168.9135202188288,4.041883091871411,9.77982461943278,3.305730650444285,5.470566410730261,664.7395562673637,664.4962751386495,19.20281620976795,[-0.57497247  0.03335448 -0.81749259],[-0.33231001  0.90352141  0.27059033],[-0.74764746 -0.42724296  0.5084159 ]
2,-341.03193321542693,66.83342171123084,342.0133640943513,1.6487409727030808,0.5832128321660264,1.798239544894102,0.02824172674473857,689.5635128091993,689.554389076098,3.5472106862028614,[0.26136531 0.96251113 0.07252935],[ 0.66520094 -0.23406059  0.70902986],[ 0.69942539 -0.13706922 -0.70143863]
3,-239.28042097580774,-266.45939724008736,136.88586187453396,6.0865551253315315,3.700455160946161,2.4501414989171466,4.236608520643337,664.1658200774064,664.1297601414188,10.802682630445329,[-0.36429607 -0.14530345 -0.91987786],[-0.69114053  0.70422139  0.16247154],[ 0.62418999  0.69495262 -0.35697019]
2,-348.995899088614,-266.2027048569065,13.178921930212109,0.5488880124218838,0.3928162756310769,1.172108826118344,0.2332735747509389,621.0274246099328,621.0245664297161,1.8841466048929068,[ 0.54216746 -0.686825    0.48407217],[-0.27283259  0.40098505  0.87451322],[ 0.79474324  0.60620328 -0.0300128 ]
65,-203.9109980671146,-152.549684492503,76.85828289560381,10.72079851787194,12.614457615971412,14.164982966414787,14.399954391501439,2150.361111198606,2149.151068633874,131.8608089458403,[-0.30768327  0.72347127  0.61799703],[-0.56453758  0.38402325 -0.73063224],[-0.76591666 -0.57368586  0.29026919]
14,-360.1736168737308,-239.42122938417364,38.6951581071811,14.02192257722105,8.933270987242762,4.861031019010568,14.052678093797963,1625.8932287923074,1625.6300275603735,38.15802956598415,[0.10023613 0.01002513 0.99491317],[-0.54929602  0.83430874  0.046934  ],[-0.82959424 -0.55120633  0.08913464]
11,-230.48963129503053,40.185800587218885,71.25294741379663,6.671256942989037,5.740728358468112,5.406488733288206,7.083529828868548,811.8597335807465,811.5388816939098,24.84676707255337,[0.33444803 0.44691127 0.82970768],[-0.00560444 -0.87944784  0.47596227],[-0.94239753  0.16383469  0.29162491]
117,-181.69607180654572,42.08283117221569,75.032350303231,26.84833483138649,24.049334642197298,16.469882146842604,32.17541064777845,2213.663757666636,2205.6641395298616,243.24463887832744,[0.42755288 0.31942289 0.84567579],[-0.06636601 -0.92187657  0.38175795],[-0.90155093  0.21934584  0.37295217]
2,-252.475850707519,-152.77241290510867,279.7599294061128,1.8834663607828048,0.42225673477290115,2.575089422072949,2.782417985825333,575.0816294552652,575.0770827138938,2.286804364295638,[ 0.77794465 -0.1874086   0.59973339],[-0.09636843  0.90760356  0.40861827],[ 0.62089875  0.37567777 -0.68800506]
25,-194.6601894550263,-67.77644186546232,215.56192551659058,9.914443230405983,10.55190674515863,12.163685586290638,7.832757443421938,1493.7795340618181,1492.2221935421426,86.22235932910607,[0.21936315 0.85637331 0.46744472],[-0.72563073  0.46347566 -0.50857679],[-0.65218084 -0.22762925  0.72308027]
2,-245.16188519570255,-95.19603014415526,168.06479947002674,0.4834725568125293,0.09109909267619543,0.36749218036615616,0.6054405137188894,441.39050289755573,441.3904790253478,0.14516862979173892,[ 0.61405925 -0.27593328  0.7394539 ],[-0.07695453  0.91149937  0.40403824],[ 0.78549936  0.30500774 -0.5384803 ]
7,-329.7164834231636,54.777598505841,273.6522295637249,2.475987320789069,3.15703069125087,11.810888793355467,9.327316135172747,1143.3437020303627,1143.1745693472076,21.968843970066633,[-0.07978645 -0.99153945  0.10238969],[0.64141016 0.02755981 0.76670298],[-0.76303809  0.12684629  0.63378458]
8,-302.64808428938056,-332.6039028993648,174.22942956454372,5.266452551244286,4.041281430708645,6.077717968307562,3.979367962288712,1364.262649564787,1364.1097545320742,22.845374199400098,[-0.65988283  0.71741619  0.2233129 ],[0.41314325 0.09819741 0.90535624],[-0.62758848 -0.68968926  0.36119444]
2,-453.12942965497376,-134.37594892724525,9.21451687383779,0.9837839566415596,1.939614183299284,0.41383752633565685,0.38358256271482105,668.5401770818405,668.5330659475275,3.0835219177879285,[-0.03661253  0.19072823  0.98095987],[ 0.28256055 -0.93958593  0.19322994],[ 0.9585505   0.2842552  -0.01949165]
3,-389.7984486789757,151.0359939463057,153.34472260010776,2.765219726064059,1.7789099081898931,4.13542846246548,3.427436434981236,771.292197929322,771.2608163134112,6.957805906762885,[-0.47572254 -0.7308642  -0.48941352],[ 0.08573161 -0.59228538  0.80115424],[ 0.87540742 -0.33916892 -0.34442167]
44,-318.34998911351687,-300.6110255517799,63.437841165646844,8.952615095262477,10.977271884233684,9.411387556385554,13.41103986611139,2936.6201269740363,2936.297972098267,69.41030652752504,[-0.64484169  0.73033807  0.22535638],[ 0.25802039 -0.06952788  0.96363445],[-0.71944747 -0.67953821  0.14360764]
2,-332.25186656945885,-178.252327361233,6.954162413381324,0.6993803366547695,1.8648284158947774,0.17360464074682946,1.5008380601855436,533.3245771196085,533.3213065190574,1.8677720993077505,[-0.03609417  0.1060449   0.99370604],[ 0.47167006 -0.87482522  0.11049071],[ 0.88103608  0.47268946 -0.01844211]
5,-288.78735620964505,138.05917997438013,363.1512421001638,5.344779897360602,6.681999768553238,2.5705852300946166,1.4180988787840476,1082.6207542957725,1082.4576570678053,19.721796181624974,[ 0.50761866 -0.58992516  0.62794235],[0.62164419 0.75541201 0.20715017],[-0.5965583   0.28520342  0.75018478]
19,-335.666748713669,-268.95766088509356,143.454809689173,10.25622127507966,10.782447044770862,3.820396552286687,6.022073841516455,1977.4480701016519,1976.6774859386348,61.82681195312999,[0.24772118 0.1967216  0.94864895],[-0.62491686  0.78069024  0.0012929 ],[-0.74034663 -0.593147    0.31632815]
49,-243.26685583261786,-127.86549271442867,209.07145408606772,17.91539844519857,18.782177005813963,10.3482875399174,20.806128931931223,2424.420203884719,2422.2118705264206,130.53793679068167,[0.42367757 0.46356699 0.77820496],[-0.56936131  0.80447827 -0.1692407 ],[-0.70450338 -0.37137631  0.60477651]
2,-46.576942823952095,-44.56677718047821,37.53418020751187,1.3441347107002635,2.3342945526755656,2.646927530143909,1.885396912990764,105.62845989087471,105.5271750223649,4.624594113789546,[-0.12437677  0.71200632  0.69106977],[-0.77183429  0.36825509 -0.51832423],[-0.62354009 -0.59785884  0.50374851]
11,-184.2570476892332,169.51491776401284,222.9880730790702,6.386969865015495,9.73595467870501,7.261720850694064,6.30621332870021,1112.8077224296198,1112.288214627279,40.36180487701641,[ 0.22853388 -0.67470021  0.70182041],[0.80388357 0.53741049 0.2548748 ],[-0.54912974  0.50593437  0.66519692]
6,-225.45613631042227,-57.53121660155011,2.489161056236119,5.647439651834887,3.4299715872284353,1.5550702735753414,6.099135015752963,570.2122355100184,570.1893636989621,7.286203108441394,[ 0.05017949 -0.23816022 -0.96992872],[-0.24246154  0.93919478 -0.24315749],[ 0.96886244  0.24737193 -0.01061638]
13,-288.02446315551697,132.15182947920846,128.6087753182684,3.7797214166219946,6.122782601282726,7.346866533695765,3.5914733997735904,1233.44863996779,1233.3563638342812,34.76838743625162,[-0.20852053 -0.87658694  0.43372172],[-0.49732679 -0.28681715 -0.81878079],[ 0.84213138 -0.38643403 -0.3761429 ]
5,-303.51806700894963,-32.64138958896405,126.38348646053598,3.8540906044344703,5.083056066541397,6.325623015145064,3.490409407468537,739.0250594206631,738.8669334448248,18.419979905912978,[0.15452067 0.80136789 0.57786925],[-0.36364996  0.58996472 -0.72090244],[-0.91863054 -0.0987478   0.38257915]
64,-240.06657076353878,-137.7253682695052,305.7297928645246,11.58670442050101,13.221639468071317,13.182999155150984,12.342307521492518,3303.2705917019102,3301.250896942382,145.02373570320503,[0.32893287 0.73710115 0.59032624],[-0.74388341  0.58733333 -0.31886837],[-0.58175651 -0.33424761  0.74151055]
6,-394.9659822291178,16.805428851720396,20.448019417783673,5.403324480811371,2.709339086676621,1.1107157858289396,5.2647427669873865,969.7476056871365,969.7250484944497,7.759235046722006,[-0.0407084   0.22683279 -0.97308258],[0.05294839 0.97301121 0.22460109],[ 0.99776715 -0.04238001 -0.05162016]
9,-70.44950802398628,-71.7958231450724,16.47394126846505,5.674908710090285,3.884589031885082,7.277550292351164,6.455719541800199,307.07095194398977,306.5743633774537,23.00385241492272,[-0.7201583   0.65397223 -0.23171608],[-0.05563307  0.27847084  0.95883208],[-0.69157573 -0.70340195  0.1641606 ]
29,-210.77540820826073,-169.12580130014604,274.1770368112011,9.505914662322132,12.00894039993265,7.916272990818,13.360575745283704,2074.8518091338174,2074.7421936368996,58.657284409714826,[0.63258689 0.3394568  0.69613426],[-0.54780808  0.83149251  0.09233911],[ 0.54748529  0.43976048 -0.71194844]
38,-320.29088798579454,145.32785107858862,313.29341520121835,14.833730063852103,12.764190262115862,12.149904649975921,10.361295826290787,2906.458098600703,2904.8150070685456,127.18016807662018,[ 0.31252721 -0.69882504  0.64340524],[0.66322667 0.64543418 0.37887348],[-0.68004201  0.30831524  0.66519514]
14,-303.39007184668134,-82.9723220341349,78.65654011456408,10.2019187186473,4.078113477209425,7.152761519286156,9.807488161261295,1213.9664025364,1213.8039787028686,32.37445401048794,[-0.14799619  0.90979456  0.38777697],[-0.31987509  0.32698514 -0.88924723],[-0.93582961 -0.2556454   0.24262807]
28,-254.3408869774042,141.29753746155794,219.0427649740155,5.3657737613447845,11.287990719395154,15.9745992581591,13.726160743081559,1929.6956635033023,1928.859984548334,79.47873936508027,[-0.04986424 -0.86463373  0.49992206],[0.71477811 0.3187066  0.62250972],[-0.69757137  0.38837432  0.6021292 ]
16,-148.1679526396509,19.62008228005208,8.032815251122743,12.85463125198504,8.350495164782604,3.7125862306969672,13.325196341902759,601.8410667263705,601.2944308981895,33.09724096908045,[0.085338   0.25481335 0.96321731],[ 0.11542665  0.95770626 -0.26358187],[-0.98964343  0.13367449  0.05231648]
46,-207.6493390184125,127.80485608545668,247.38911503429242,8.972120509663824,9.409665161805824,10.721463768263227,11.646963704111876,2358.080952410012,2357.719688331352,82.94541140326409,[ 0.20595746 -0.78810454  0.58006272],[0.77487057 0.49336228 0.39518257],[-0.59762624  0.36808273  0.71229066]
13,-162.7538343317364,-178.936448333464,201.86032758548976,5.167123964533309,10.262634237027154,16.103649315500324,15.271685725707226,1137.9928051068566,1137.4301188061484,44.957614881588924,[-0.48735846  0.81018033  0.32571393],[-0.70474872 -0.14471287 -0.69454116],[-0.51556859 -0.56803698  0.6415006 ]
34,-234.54185572446832,120.30918770367958,10.845367905801066,18.937732375041378,17.501229881853238,7.600902466670603,18.827129425672954,1545.7303009240322,1542.6928327783246,113.50456745997207,[0.08108343 0.0673081  0.99443205],[ 0.450317    0.88760648 -0.0967953 ],[-0.88917944  0.45565815  0.0416602 ]
16,-92.89756581632747,-92.51652532046334,87.53401707414322,6.632659618326211,12.116053071715607,14.447305536301641,7.644564993095311,635.0523528757415,631.9454452352088,73.38242183220885,[-0.80798565  0.43922732 -0.39273216],[0.01406812 0.68074044 0.73238961],[-0.58903419 -0.58623529  0.55620761]
8,-300.50188036644886,86.13480979772183,231.8476339256299,5.59817818128602,8.421331536507116,4.3075087366580584,7.659322955135265,1101.232111781178,1101.0464394388869,22.36420754509108,[0.63549867 0.2769632  0.72071689],[ 0.00527262 -0.93498278  0.35465393],[-0.77208396  0.22158203  0.59564063]
15,-469.2361714292763,65.067422518721,30.48706203964114,6.3026109566853785,4.331505769931159,7.147497681405231,6.383030041751863,1838.9162493894185,1838.7542193561471,32.11768542711448,[-0.11957164 -0.96714     0.22437212],[0.09283713 0.21411167 0.97238751],[ 0.98847554 -0.13710003 -0.06418482]
5,-343.6287697277884,80.43486153133921,283.0100797119369,3.9721190846959358,6.432094639621035,7.400306090073535,3.9357086856319285,1011.8210746017904,1011.5870803273469,21.928712936689745,[0.53170238 0.72373788 0.43988186],[ 0.37459862 -0.66678213  0.64426505],[-0.75958439  0.17777812  0.62564086]
6,-457.56499043180526,-11.564070938113888,159.5376928752255,4.711897180986518,5.872285801074534,10.539760275857779,3.6748922347184894,1187.7095268725716,1187.3705676062896,30.51501183090124,[-0.15876515  0.90723861 -0.38950191],[-0.28930691 -0.41993763 -0.86020573],[-0.94397836 -0.0238851   0.32914185]
20,-372.58510163631274,224.74869843011007,11.303522086303493,7.127431773728003,13.984758322506314,8.79305111264838,12.478778985144316,1948.044991505148,1947.588279686343,57.831345592434296,[-0.31161768 -0.55505839  0.77123577],[0.41310039 0.65179618 0.63601086],[-0.85571169  0.51679002  0.02618363]
20,-383.4086289126199,-265.0419573750813,108.45675817786078,7.6117735729867935,5.998419718950552,11.824595892082723,6.090545996806336,2140.9887917797664,2140.578446293982,62.70509094454402,[-0.58887181  0.79695867 -0.13448746],[0.10617902 0.24123931 0.96463963],[-0.80122157 -0.55376934  0.22667932]
18,-386.77755331071535,237.64445229426488,128.23011388130084,6.805735155201862,10.578785867439432,9.672229372551156,8.347542559337631,2002.2268199056953,2001.8511512603488,57.217876216161265,[-0.21687645 -0.71268778  0.66711373],[0.52994761 0.48795931 0.69357858],[-0.81982933  0.50395619  0.2718603 ]
4,-204.8719489409511,233.12926991419124,347.1792775422313,1.19748529145055,3.5120003645344116,2.5648268056321726,3.2829049921660096,931.3953762314894,931.3800436449585,6.198446111429039,[-0.4223338   0.61731135 -0.66374759],[0.79253488 0.60685584 0.06012034],[ 0.43991206 -0.50065227 -0.74553651]
27,-245.3320898112114,-12.325133199044053,131.41456160459023,7.599858127475179,8.83457542426236,12.211948661381083,8.99046191019007,1449.9170097139165,1448.6130138373624,74.5811759501827,[-0.30750105  0.81075531 -0.49811538],[-0.36096631 -0.58374133 -0.72728906],[-0.880424   -0.04383928  0.47215643]
4,-232.9368567851583,83.86232186333991,35.10579734486223,2.8634442799234257,5.839931006496743,1.9905186898570435,2.8850591569496555,500.2642795917428,500.1519170341232,12.366200028669,[0.17746116 0.08265252 0.98065085],[ 0.31738962  0.93841558 -0.13652846],[-0.93154246  0.3354769   0.14029927]
2,-263.8419276970295,-203.1572828220502,275.47517308042404,0.8077922133889217,1.178428620912527,1.8041951053269543,1.2108220032997394,611.1911512783302,611.1848844797609,2.7677399430448784,[-0.0495478   0.8259029   0.56163102],[ 0.79047022 -0.31128872  0.52749992],[ 0.61049312  0.47008906 -0.63742798]
14,-116.8762251403116,58.32267961775979,28.673979009495298,6.294022652602848,6.5227994004510865,5.956234271370939,7.940822291922102,501.73610696953955,501.5205808624288,27.889297893304352,[-0.04315601 -0.51072677  0.85865926],[0.48499118 0.74068882 0.46493401],[-0.87345356  0.43650686  0.2157328 ]
11,-55.492813598157134,13.911290900909643,57.83976911943336,4.604134661692493,10.216145501751678,8.530220712471005,7.734538212501709,273.4189946946773,271.41750844387354,39.281510138424196,[-0.57959206  0.4703196  -0.66548668],[-0.45205922 -0.8650311  -0.21763193],[ 0.67802323 -0.17470165 -0.71397747]
32,-255.21872942059588,-254.2601325806962,24.2887878287599,8.923783327833096,13.36113811905063,12.192022619002916,10.188089310406145,2044.745539448038,2044.317040753108,99.01170896285497,[-0.31175933  0.39582354  0.86378808],[-0.63531264  0.58915544 -0.49927319],[-0.70652952 -0.70442856  0.067797  ]
5,-258.14191636589146,-217.48528744645296,101.17607888124635,3.4010635914058067,8.052661878493378,3.277051690282094,6.730034283436871,788.1925707937189,788.1323801822762,14.433332445796031,[0.11512896 0.30325084 0.94593036],[-0.67105469  0.72586264 -0.15102658],[-0.73241445 -0.61738348  0.28706571]
2,-215.55199119526895,210.72779210135724,140.89841808098646,0.0760343175797118,4.504323912778162,1.5119372692677473,2.2614310968531015,470.6247085721645,470.5875968917747,5.910158226263565,[0.68549055 0.2420599  0.68666565],[-0.33241998 -0.73502679  0.59095903],[-0.64776513  0.63335821  0.42338837]
2,-187.17052994526284,84.0791648073185,118.99868160122159,3.500737090736763,2.3928366493513167,3.0670066315840145,2.071486003172936,335.5299891652095,335.46115732219994,6.795995678031658,[0.47602205 0.86905832 0.13468721],[ 0.38811181 -0.34503096  0.85458929],[-0.7891592   0.35452965  0.50153414]
10,-344.98693210462403,259.0923942999626,44.028162199274036,6.089063530275003,3.7115651116465966,7.902285338147679,4.737770817995578,1371.7648105346466,1371.600330485755,30.107008161970505,[ 0.57102639  0.79511302 -0.20426487],[0.20267951 0.10457161 0.97364562],[-0.79551862  0.59737765  0.10143997]
3,-342.2453580041433,-260.8486114495195,54.80067573291847,0.8601260572825082,1.4423898809756275,2.3029062086908905,1.388289969005212,751.3666920655508,751.3589403449613,4.308398831464399,[ 0.53731945 -0.77491756 -0.3328522 ],[ 0.2980579  -0.19471785  0.93447656],[ 0.78895456  0.60132166 -0.12634461]
9,-298.79469973515893,58.90133985762773,163.8906694361586,5.92276038328179,8.230489166842293,2.644434240191301,6.038471232249251,1037.932401670979,1037.76166754676,25.767061771380348,[0.48219461 0.00929452 0.87601482],[-0.14504538 -0.98529641  0.09029295],[-0.86397349  0.17060067  0.47375649]
42,-235.8634964511624,-42.44280063192462,268.24255015339,10.15070134250255,21.80689047930614,5.722941617546243,6.784638829812873,2336.2831061368383,2331.908484658138,154.42664800486605,[0.6952029  0.29069861 0.65740949],[-0.2942511   0.94952628 -0.10870203],[ 0.65582712  0.1178735  -0.74565181]
4,-317.60115837524216,-92.97240103838108,46.15909010337836,9.228484933479416,1.6729830660689973,5.369016314814788,9.090134806313607,668.6117757458849,668.5160245922335,11.795650951426428,[-0.29369018  0.66000962 -0.69147189],[-0.1007874   0.6979594   0.70900957],[-0.95057245 -0.2779208   0.13846317]
9,-254.49402404633176,261.4219845395143,230.39474828571545,5.353349442526384,7.832779031098819,3.2273161042711274,6.150091856655851,1294.796051943112,1294.6721152105906,23.711049217567833,[ 0.58517954 -0.13494219  0.7995971 ],[-0.55653703 -0.78399476  0.27498863],[-0.58977237  0.60592311  0.53387801]
11,-200.71069822562205,-180.51327080449627,152.83518995848937,4.898221567353423,4.3771106765609495,6.176854566297235,4.224681394885108,1029.1666628573107,1029.0429176821715,26.469256132879,[-0.42420601  0.81166653  0.40155535],[-0.63360756  0.05077841 -0.77198641],[-0.64698588 -0.58190978  0.49273754]
2,-297.04517089602837,190.26218653225686,110.16121350854118,1.0382639472942685,0.3962619642416598,0.45940971855868185,0.7674790843679489,522.6327050830602,522.6310652265098,1.3092297890509221,[-0.38308254 -0.06456474 -0.92145491],[ 0.45515247  0.85485357 -0.24912164],[ 0.8037935  -0.51483664 -0.29809268]
14,-326.1331872198579,-346.42227086733254,56.21252899693195,7.265574650060945,6.4151146986453,5.971008322777484,8.393629883305044,1793.0281244143246,1792.964454404361,28.77338258634358,[ 0.72628154 -0.68709517 -0.02038005],[0.09532142 0.07130752 0.99288925],[ 0.68075616  0.72305979 -0.11728422]
7,-121.00567144482262,43.64903623589533,141.15590016671203,1.9843696955327117,5.692044409554544,3.809861391294708,3.0550756301784285,505.61539200109644,505.3627872677477,17.024836541427547,[0.77181019 0.12015136 0.62439785],[-0.05372191 -0.96615164  0.25231918],[-0.6335795   0.22828636  0.73923092]
15,-468.4714293714305,23.627054561995017,61.36472456707777,5.126623281319957,12.680919437627965,3.7276477543276734,5.660381732333019,1832.9443602913746,1832.346786900018,50.3005252616772,[ 0.12840562 -0.02926944  0.99128971],[-0.05348009 -0.99831428 -0.02254937],[-0.99027869  0.0501188   0.12975449]
7,-177.53799504827776,154.2890151000604,104.66498885339112,8.221283258929892,3.7773871115555515,4.22548252323775,4.019057242337095,681.6271818433578,681.2563945559106,24.176153994633268,[-0.06044895 -0.60713025  0.79229968],[0.7214548  0.52197225 0.45502521],[-0.68981802  0.5991142   0.40646435]
