N,MEAN_X,MEAN_Y,MEAN_Z,SIGMA_X,SIGMA_Y,SIGMA_Z,SIGMA_R,LAMBDA_1,LAMBDA_2,LAMBDA_3,EIGEN_1,EIGEN_2,EIGEN_3
4,-384.3732747083795,272.6872534032668,5.970992081755133,6.3397417810812655,2.8175912891169568,1.4602574804462387,3.8628286836847967,942.7302892790337,942.6642162323637,11.845965522594334,[-0.02750781 -0.06064143  0.99778051],[0.57797867 0.8134293  0.06537153],[-0.81558812  0.57849407  0.0126738 ]
354,-333.24127846522214,-47.2529732206772,222.83649105214974,23.12252742788118,35.59833468263414,34.827165377929624,20.433716160892146,7653.1991764747045,7615.410356799942,963.9289137469046,[ 0.45766    -0.71143564  0.53329791],[0.33078928 0.69298337 0.64058763],[ 0.82530345  0.1167621  -0.55248605]
137,-383.88737647675794,26.9925416300928,274.38351654620413,14.436119324367942,29.352182685293716,16.922436067197033,10.537732860159423,5544.541378143411,5537.7309685227065,412.9917731792841,[ 0.55605613 -0.22533185  0.80001696],[-0.17632417 -0.9726203  -0.15139203],[-0.81222618  0.05687986  0.58056293]
6,-287.4856651730622,140.14780379586128,365.326514101109,1.6131758257953606,3.2468075524934545,2.9013953284428093,2.3578888544518106,1189.374764528327,1189.3632589490305,9.796528911490467,[-0.71619542  0.23958437 -0.65548719],[-0.36947157 -0.92697459  0.06487575],[ 0.59207676 -0.28864759 -0.75241457]
24,-419.2451545042589,-111.03053980411009,121.03706427512924,12.63342947096174,5.086690727635851,8.371828965585433,12.109834384869664,2207.099097206103,2206.827445561241,51.16057963877329,[-0.13091215  0.91385114  0.38436714],[-0.34031195  0.32272329 -0.88319729],[-0.93115508 -0.24642599  0.26874606]
63,-313.6347552236233,-317.82937972451526,63.958061419833136,12.595723103698711,19.773405609392057,10.326572747915307,17.589227011721775,3585.2248931247796,3583.9654195465605,147.07736902667008,[ 0.47283741 -0.30031602  0.82839306],[-0.54167295  0.64244398  0.542085  ],[-0.69499295 -0.70503618  0.14109849]
98,-246.83565652165663,193.45514521402944,50.552037482443176,16.299588320025034,18.370097328528093,14.828086153845712,14.859584093330383,3155.124160522808,3150.570477488342,241.7077466241441,[0.43286981 0.33412883 0.83724647],[ 0.45689733  0.71931529 -0.52328801],[-0.7770898   0.60905125  0.1587073 ]
14,-180.04122095319983,-39.010002632583294,147.56490022877662,6.853262378435608,8.281462322094546,5.374724180902755,6.197371474209592,884.1214014662742,883.6337995575711,38.74922512612929,[-0.64568094  0.1470204  -0.74932044],[-0.03139365  0.97534975  0.21842003],[-0.7629617  -0.16455355  0.62514924]
85,-337.16575200604035,312.75108348488425,34.85274080463295,15.41418206362522,9.02400202942392,12.37355463400787,10.662394842443229,4256.114877495103,4253.920374904856,174.32478139254044,[-0.38880686 -0.50519562  0.77045871],[0.5603857  0.53410291 0.63301023],[-0.73129823  0.67787276  0.07544153]
39,-441.61189538049456,-140.95208186119117,100.96420639315046,8.61878242055545,12.482207869670086,10.391369059598945,7.046423665783546,2964.3874393397914,2963.763087225868,106.33135909266272,[0.12040013 0.30078603 0.94606108],[-0.34499847  0.90627151 -0.24422942],[-0.930849   -0.29698437  0.21288593]
324,-243.35134333807025,-195.41662607120756,310.5806511074842,19.75511768003048,39.914966786234494,23.228193358552023,32.035180993590764,7970.584482591437,7952.733062152296,696.5045449452106,[0.73312868 0.14378184 0.66471732],[-0.39809895  0.88317363  0.24803541],[ 0.55139782  0.44646514 -0.70471932]
91,-43.81999602700383,1.3573834401360287,20.343258921927873,19.306272503412472,20.515572490590145,15.811144954341158,20.753072628723448,536.5757831583611,516.8545017164138,244.9818508477228,[0.40190461 0.33827907 0.85090537],[ 0.0994924  -0.93988992  0.32666221],[-0.91026037  0.04662843  0.41140229]
285,-272.1633943673607,229.30646244233785,278.7543579094424,31.339673174190068,23.34012180099461,20.73686967411966,27.470936014962636,7662.543990077251,7651.042875413934,588.8047427688576,[-0.08519622 -0.80813741  0.58279974],[0.79348724 0.29872816 0.53022589],[-0.60259407  0.5076174   0.61579621]
11,-264.4636155940705,94.56128637497473,210.55521199677284,7.756640971279354,5.378508267407991,5.480027828179673,5.841191338873626,1164.6266082263003,1164.5146814737202,30.505723832468494,[ 0.27168024 -0.70327004  0.65696354],[0.59867246 0.65798104 0.45678467],[-0.75351253  0.26920662  0.59978885]
38,-346.11267279628163,163.9000340577743,182.12810846218375,9.85894752940792,6.009310037731151,11.66070560326524,11.42993102550669,2615.8100378045156,2615.2720068900067,72.61103745503222,[0.57776451 0.55270906 0.60058377],[ 0.00566129 -0.73852203  0.67420558],[-0.81618388  0.38613197  0.42982086]
18,-288.08932207075793,123.7588175930216,124.79317249076469,4.260731700925755,13.775266651859349,9.896572122482866,6.942299591643083,1433.3171993722144,1432.4290777675917,67.97694346486037,[ 0.18360696 -0.45275835  0.87252413],[0.48796648 0.81250899 0.31893236],[-0.85333299  0.36720433  0.3701132 ]
14,-358.45950283199437,-234.03156295317953,40.89926102593432,8.887020008128083,4.386951001693532,10.995650142934622,6.674473433574907,1609.8446624364553,1609.452400450543,49.268454290185524,[-0.52515512  0.8340897   0.1688386 ],[ 0.17100963 -0.09091962  0.9810654 ],[-0.83364729 -0.54408455  0.09489047]
90,-138.62312166851248,-118.9470200138845,27.384744983993127,15.64089926004572,14.824054244161562,16.90422611454817,14.776578068490123,1767.7697823293759,1761.839750981975,215.82456761488942,[-0.44874702  0.66106057  0.60135267],[ 0.48521853 -0.38484981  0.78514559],[ 0.75045925  0.64411921 -0.14805863]
201,-315.2913622123241,-255.69237189901685,171.97796868093928,25.350565973103958,18.72306336011066,22.961178275306565,27.30860930508379,6270.728790581797,6266.348829367291,395.260004346271,[-0.47658646  0.81310627  0.33425072],[-0.51093918  0.05321539 -0.85796811],[-0.71540653 -0.57967777  0.39008612]
63,-159.875787887094,26.70954717185168,64.9686587289996,14.918365728410246,14.939924317055631,13.341621664815884,15.845695141778707,1398.0966693683713,1393.966813677881,151.9689697161423,[0.38812007 0.58377308 0.71314221],[ 0.10722669 -0.79714975  0.59418407],[-0.9153498   0.15414688  0.37198587]
17,-218.81362418909544,-197.81201284016754,184.8798756144959,5.508606675009973,7.160468144356202,6.039529669390164,4.391071845461764,1435.8467565946485,1435.6607064936145,41.02108112425425,[-0.16886488  0.76611893  0.62011809],[-0.75929974  0.30003742 -0.5774439 ],[-0.62844933 -0.56836549  0.53104812]
141,-242.81687457024142,2.3332562582722103,23.798469307032505,11.004534721861576,28.966837234971685,18.5136547272505,11.350777001335771,2923.676986323971,2905.530666867017,406.7087470388969,[0.09395316 0.40475473 0.90958584],[ 0.0308127  -0.91437167  0.40370166],[-0.99509968  0.00990225  0.0983797 ]
7,-177.2965048113469,184.95656128480692,229.9205853672748,1.8170074894163328,6.035946431125201,5.166304145605189,3.534007088735871,911.0350980708599,910.8560245883958,19.408277574441545,[0.85348349 0.24902728 0.4577678 ],[-0.07961995 -0.805803    0.58680677],[-0.51500156  0.53727734  0.66791201]
51,-276.308546936827,-110.42634721232943,113.20099173266301,13.320862843139373,8.785231420631046,14.52126458599173,9.935939100434265,2278.2254015569156,2275.202147217915,137.1851535043641,[-0.39358135  0.91688262 -0.06648295],[0.30193568 0.19723897 0.93270126],[-0.8682906  -0.34702024  0.35446915]
55,-223.18663261786546,154.36994144331467,308.40056633940884,12.371704275335908,11.547212143249535,16.313924748998268,20.029173472846896,3051.165337976555,3050.509995604166,91.74483561307042,[ 0.65419507 -0.37111717  0.65901506],[-0.5262408  -0.84918704  0.04418146],[-0.54323055  0.3757039   0.75083097]
37,-343.55213685314203,-196.13561919286286,84.6057477682675,20.23577027716608,11.70358409493592,8.58901177282784,15.024170940404028,2464.9880231851844,2462.862696293925,120.56929434704857,[0.22898758 0.01874532 0.97324884],[-0.47471041  0.87501766  0.09483731],[-0.84983217 -0.48372792  0.20926678]
23,-203.9936354498056,129.40152975993342,251.46975183440642,8.730616352717506,9.651176475640087,7.708428250247093,9.718820963255684,1673.6892298553994,1673.1791703135498,56.027594382896396,[ 0.61875722 -0.37058932  0.69267818],[-0.52428964 -0.85144367  0.01280836],[-0.58502981  0.37108926  0.72113305]
384,-385.59994778278747,101.2059505447374,170.79640411315074,29.911143283366158,32.14162092906877,43.18025630759731,29.311963027843415,8574.055069379167,8528.024228171713,1064.2938880678773,[-0.01482434 -0.87293428  0.48761252],[0.45923515 0.42724415 0.77882316],[-0.88819103  0.23547435  0.3945485 ]
15,-277.6026258990735,67.5530425469277,163.30675316078288,8.715024123973016,2.9353780644032827,11.378717218970996,11.311885839953408,1275.719482103585,1275.3558806666956,36.05956506027416,[-0.368442   -0.89337092 -0.25717484],[ 0.3910324  -0.39990121  0.8289588 ],[-0.84341221  0.20485954  0.49667737]
128,-209.03058802940265,-113.28091873011236,150.13624231019173,14.706416341004028,15.650384365444268,17.52315557932321,19.966811039889393,3193.938352796924,3192.037933948858,218.04683308606445,[0.27822839 0.54090637 0.79373123],[-0.60929079  0.73821209 -0.28949551],[-0.74253195 -0.40306725  0.53496083]
20,-354.6822013353552,-111.79221812645567,259.779870217685,11.745356327506506,9.100835257526906,9.871432446008523,12.073881720322198,2030.17448024224,2029.5300659318475,58.56654523536935,[0.30137146 0.65483914 0.69308076],[-0.54575284  0.71450142 -0.43776884],[-0.78187536 -0.24631976  0.57271066]
20,-203.06423435914877,-188.46342119886143,10.172164690268724,5.847015110322186,8.517977047453792,7.099403395204989,7.6398158994346215,1240.7043073760194,1240.6657132143714,44.36107771615936,[ 0.52010409 -0.59335692 -0.61434461],[ 0.4395844  -0.43074246  0.78817923],[ 0.7322959   0.67999155 -0.03679953]
37,-442.09036460893964,129.66805799305598,68.79255123508459,15.857822640399643,8.248939929518661,12.661124010279345,17.366413051395455,2836.362727266106,2835.699491726552,81.42312927897143,[0.31504023 0.85536908 0.41120966],[ 0.01233726 -0.43692694  0.89941239],[-0.94899813  0.27827788  0.14820247]
39,-283.2818948589846,124.3595641028383,248.51041978069844,6.459524004524105,6.402978978381722,18.381414792163778,14.308603847091966,2481.2630804426294,2480.0460268690467,90.98492593142456,[-0.2504046  -0.9493945   0.18959858],[ 0.65468221 -0.02177868  0.75559043],[-0.71322419  0.31333014  0.62700517]
191,-343.7309797956297,-165.6349699446843,155.09655523184622,19.60165821462109,22.190783350426038,13.70754277638212,18.929545432641202,5707.000100497634,5701.320082971284,366.83926989788716,[0.17013772 0.46098797 0.87094389],[-0.524085    0.79079736 -0.31618735],[-0.83449869 -0.40265323  0.37614133]
13,-225.27038247428436,104.99587952233287,163.34437816638714,9.616223871852663,7.039325255743506,5.985013874886145,6.884834139962337,1073.0872013458793,1072.9217195972792,41.300165774294676,[ 0.18617847 -0.68943266  0.70001441],[0.62549723 0.63260735 0.45668496],[-0.7576878   0.35283217  0.54901609]
13,-246.8621046842345,-11.90634893042139,243.239346926411,7.38402814246828,4.023762872034736,11.58693728433398,10.59992154514247,1251.2850384044461,1250.9536480896134,34.33686022387288,[-0.14275497  0.98504759 -0.09644829],[-0.6878676  -0.16880669 -0.70593376],[-0.71165946 -0.0344319   0.70168031]
20,-243.26288964641464,-223.08520239628896,222.005570977459,4.926849172432595,7.74397001808637,7.538641276306923,5.441606196211297,1779.6230842527918,1779.2021735069334,47.29531630758803,[-0.78889762  0.37842931 -0.48418158],[-0.06032646  0.73639968  0.67385179],[-0.61155643 -0.56080903  0.55811465]
2,-374.7177552579644,129.3718868843566,284.26705219603434,0.06672412440835274,1.0190035353136295,0.1726102086963408,0.4220911570130852,689.8685538570481,689.8672573011328,1.3374993934822785,[-0.57947129  0.09908483 -0.80894698],[-0.27228281 -0.95908556  0.07756904],[ 0.76816345 -0.26521139 -0.58274165]
36,-88.71154820392904,-84.66985973267631,89.34695785716339,8.090336450048301,16.407970834013515,17.28909082175713,9.543287074667715,921.0096407500326,914.0248363914342,139.5476897688571,[-0.809581    0.34260371 -0.47665637],[-0.06304126  0.75656902  0.65086797],[-0.58361323 -0.55697936  0.59090574]
34,-370.0996504821542,-161.16016910907328,44.7596496068374,8.928815375183387,9.669104458772516,7.438929317698662,9.836985510047212,2369.4981828133978,2369.203331952545,66.93590800374035,[ 0.13957341 -0.04515986  0.9891814 ],[-0.38756993  0.91677126  0.09654014],[-0.91121283 -0.3968514   0.11045429]
2,-221.9627235411948,-49.809992608426896,164.23609732934182,1.813920220301057,2.7037952516709893,0.32748609947660157,1.1466210802385604,396.81907649185257,396.7954050266713,4.334283973934055,[0.53537207 0.26191224 0.80298115],[-0.29582893  0.9486309  -0.11218133],[ 0.7911144   0.1774863  -0.58535171]
12,-250.07880297107135,-273.9287622823763,236.51298207306866,11.465105464034808,3.0357998769294974,3.011900337455875,7.0728207499229026,1524.4273985324883,1524.0937378792985,34.747945995813154,[0.07622903 0.61084108 0.78807507],[-0.81898539  0.48917837 -0.29994576],[-0.56872847 -0.62255739  0.53755951]
40,-161.26117482329215,-180.42503221309585,227.91794765499725,5.31939201486233,5.902247817440935,30.536320909659313,22.217086226808366,2111.7282618507115,2107.2640309364942,141.72497971302948,[ 0.74028564 -0.67223992 -0.00840591],[0.46741084 0.50565579 0.7251478 ],[ 0.48322281  0.54074551 -0.68854194]
71,-210.1663335970296,57.472081710224955,85.47898090617215,12.631113085468673,12.490759558237736,11.941531074668266,12.934625280544395,1978.3823389724753,1977.1639384486894,143.47944903431974,[ 0.00424772 -0.82381691  0.56684006],[0.4402929  0.51048398 0.73861239],[-0.89784415  0.24643824  0.36488912]
8,-121.20498845005648,-8.332243870861873,24.26958803674475,4.43419756666513,4.801571241985988,7.0406981887718825,4.52161208978072,351.3176545715892,350.81157604932264,23.857417469405718,[0.03577943 0.87769089 0.47788967],[-0.20448226  0.47450826 -0.85617108],[-0.97821615 -0.06708665  0.19644985]
42,-375.3093373581556,1.2389894364651588,118.58653456705794,12.547965150763241,7.8026368737903535,12.529987152261723,12.295871446664414,2553.6016943616896,2552.396778553892,96.51245815386164,[ 0.11611912 -0.91845543  0.3780952 ],[0.2779925  0.39550937 0.87538135],[-0.95353895  0.00345912  0.30124992]
31,-238.1566611615104,119.19176994902898,15.81703938819257,19.051935257155456,10.612120874904736,9.730281407441797,16.449648215767393,1490.670429247567,1488.8330681034047,97.53275542283032,[0.19999173 0.27406365 0.94068721],[ 0.40194475  0.852629   -0.33386256],[-0.89355678  0.44487403  0.06036031]
22,-302.09815857277493,-244.80960031396523,248.39644323842202,7.985954044874141,13.548041627034982,5.891364170783488,5.670754910757325,2165.4895579378403,2164.4896632223176,73.92891034930292,[0.41234436 0.346238   0.8426692 ],[-0.63364407  0.77358548 -0.00779088],[-0.65457415 -0.53073982  0.53837527]
4,-450.0954950888768,-66.84377055096029,49.011446602041175,3.7331301368286125,4.118818090780313,5.124189434657072,3.4004383635345,915.4347582882455,915.370874869478,13.48928287030158,[ 0.05519613 -0.8049053  -0.59083063],[-0.17247142  0.57515209 -0.79965848],[ 0.98346682  0.14603945 -0.10707699]
2,-204.38602029622925,154.46239067625072,209.9739030812305,0.1676892461548789,1.8095011888346022,3.1595124117950633,2.9500115626557317,468.47540028060234,468.46562028864855,3.0270902930304144,[ 0.15242754  0.8610889  -0.48506881],[0.77207234 0.20265115 0.60235937],[ 0.61698472 -0.46632437 -0.63393331]
13,-332.7446818041198,-181.66080095368926,112.17595804864457,4.02062351545479,5.839495994198062,4.773588686873226,4.7697072959675015,1425.7065710571887,1425.6540047207905,25.53022878001409,[0.03304573 0.48058263 0.8763266 ],[ 0.53907783 -0.74689982  0.38927594],[ 0.84160743  0.45954434 -0.28375329]
10,-317.6575185057331,163.05272241852623,147.35414169724217,4.763706995727041,3.851767504543984,7.1002432144752925,4.36948327427367,1221.7559416662855,1221.6772493518824,26.279561851853664,[-0.56069756 -0.71492297 -0.41773604],[ 0.09652619 -0.55749509  0.82454952],[ 0.82237519 -0.42200044 -0.38159492]
17,-309.906657643112,10.007820452683248,350.27249216241063,5.760585795181634,8.057644330384042,7.300526546528692,6.147469324017052,1929.2766873535984,1929.1011609490063,43.97536318414433,[ 0.62441775 -0.53648756  0.56770025],[-0.41384691 -0.84363807 -0.34206073],[-0.66244487  0.0213522   0.74880631]
44,-417.5437102924679,-93.08247915116814,210.47689776474346,9.066658141974354,8.979814045628336,17.539286653455406,7.79716358825816,3165.314688309339,3163.4283220693574,134.07507524886267,[-0.10881041  0.97084054  0.21360932],[-0.47048039  0.13899785 -0.87139417],[-0.87567602 -0.19531576  0.44163702]
16,-286.81940773651064,-204.4905392626132,230.6634438414917,5.604788659882071,4.67034887619403,6.705173743377771,7.162777922153389,1684.6031923979644,1684.5462650203756,27.45859897114412,[ 0.69708781 -0.20148529  0.68809321],[-0.22373826  0.85065     0.47574758],[ 0.68118263  0.48559062 -0.54789778]
14,-429.3556872899984,-63.59044151261368,121.4062705262708,10.039882579646566,9.164466323376748,6.096056959377818,8.436236661731623,1687.2362972242222,1686.7006986961942,45.999071219183485,[0.1419202  0.57716361 0.80420198],[-0.2686986   0.80438348 -0.52987573],[-0.95271177 -0.14088788  0.26924132]
132,-121.74077273593888,100.73428510617008,148.2090289370945,16.102556236813072,14.315163601384052,24.99412730251619,25.799457552247617,2513.852512251304,2510.9978381152387,231.34567608979484,[0.71289093 0.69167619 0.11563118],[ 0.42147045 -0.55437238  0.71765864],[-0.56049013  0.46287721  0.68672812]
15,-248.57151766992118,-11.655635059506471,131.60844895293422,6.071966251381791,7.574232827208266,8.152159188102564,7.7326784587914865,1091.0996559726423,1090.9416705715155,38.75291314445065,[-0.43523346  0.44635255 -0.78188314],[0.17637254 0.89389597 0.41211979],[-0.8828729  -0.04146561  0.46777777]
2,-356.47600331455664,-174.30918093932223,281.4776521807738,0.41897545632514266,0.6497897959527137,2.372641221205896,0.8329216240217647,688.0330331744751,688.0249907771206,3.326680840088557,[ 0.5212025  -0.84210524  0.13858831],[0.43756779 0.40310199 0.80376814],[ 0.73272258  0.35828419 -0.57857589]
4,-319.9216301699545,172.3875979349354,122.8864037459677,1.6465812889701053,1.7155070602870268,1.6644877496601955,1.6215656331035335,767.2721949228891,767.2579679254823,4.8166428249734,[-0.53764181 -0.79245562 -0.28801976],[ 0.12440027 -0.41240333  0.90246776],[ 0.83394596 -0.44937466 -0.32030697]
32,-297.9106694148678,85.5899902715748,311.0093084937651,7.8472458894252,13.002926726197215,8.828822258581468,6.176773090990652,2485.2314090918967,2484.7742952715134,93.15139246501487,[ 0.65468269 -0.27704787  0.70330296],[-0.33341232 -0.94085321 -0.06026152],[-0.67840017  0.1950377   0.70833149]
51,-314.1662029079305,149.69645763920846,318.59804976584803,17.600498743659905,14.745129331216589,8.523834223147466,7.800359352611669,3373.3405567225686,3370.5689015325415,166.33389958136272,[ 0.32539925 -0.69088302  0.64559738],[0.67114061 0.64970554 0.35700558],[-0.66609729  0.31711727  0.67509335]
15,-247.59245090335153,-176.51864435816287,148.97064347660398,3.108727507839881,6.979733700837401,8.976709229726897,5.432113124860924,1312.0103732777698,1311.7757409139772,40.43805562476811,[-0.67591084  0.6414122  -0.36295305],[0.09309704 0.56284954 0.82129979],[-0.73107966 -0.52133558  0.44014968]
8,-477.2494569027616,-21.003781148995206,45.4138968927265,6.915449168038237,3.361649940351206,3.0502304723053077,7.011685162800655,1357.4507825292712,1357.423154007431,12.433904885970955,[ 0.10389705 -0.49391997  0.86327774],[0.00901219 0.86840707 0.49577006],[ 0.99454723  0.04372902 -0.09467623]
65,-366.8978637834362,-154.0296306445089,235.1852208868767,11.674057479859568,13.56557187031902,11.798672997566293,11.702962192387403,3729.7938054175684,3728.530638428934,145.25206532395327,[-0.60793826  0.457016   -0.64926685],[0.01620098 0.82470253 0.56533466],[-0.793819   -0.33316981  0.50877233]
6,-93.82881115712162,47.82796098943234,79.12128581586057,4.596936911689578,3.8052857768995634,5.497454826149915,2.727504928429936,323.15983942490084,322.83873459266556,18.743755938423597,[-0.14091912 -0.91229022  0.38453655],[0.68777795 0.18916946 0.70083979],[-0.71211185  0.36323748  0.6007955 ]
2,-391.32031366921075,-252.33093219721326,76.35112518522135,1.401300018366726,1.446154227566197,3.4109923949932366,0.1631545747533778,667.3045353114927,667.2810624825114,5.59700808448655,[ 0.40178211 -0.77208425 -0.49239927],[ 0.38826428 -0.34335571  0.85519454],[ 0.82935034  0.53478292 -0.16181856]
12,-432.90218593901346,179.64169321686663,40.19030835596161,8.292246661980222,14.326318991996466,4.783783853903418,12.755198589977812,1630.5961597502314,1630.2349577786067,39.9039457858364,[ 0.02937993 -0.15030659  0.98820279],[0.39072312 0.91169777 0.12705364],[-0.92003927  0.38238085  0.08551388]
6,-382.933501974195,207.527062333883,144.4906373703241,6.378943401000288,6.194887105613917,3.2807720773427587,7.492417426156836,1124.2785043873998,1124.219519603483,14.261918384852013,[-0.26759713  0.16693373 -0.94895991],[0.4817399  0.87612367 0.01827515],[ 0.83445698 -0.45226148 -0.31486682]
2,-152.81703085905548,-178.81974480010504,14.733114957735943,0.40179884175965697,0.5854562639685241,2.7668350945445246,0.010714161344367312,333.33097757363254,333.3064981128843,4.039669035871924,[-0.74773086  0.61925866 -0.239619  ],[-0.14309493  0.20211094  0.96885242],[-0.64839987 -0.75872912  0.06251181]
9,-407.9721230784195,237.86039788478558,11.19860072697022,6.16383543194113,5.580327695859529,4.47806248233113,6.102067016431748,1417.379695641739,1417.3109167809966,21.588526282777455,[-0.23614475 -0.36243507 -0.90159663],[ 0.4453492   0.78428743 -0.43192281],[ 0.86365488 -0.50352164 -0.02379519]
8,-258.3409160001694,-101.87078120445291,198.3417896769914,1.2494574909783878,9.881887771153504,6.315910911769121,6.392650618614164,965.778807618842,965.4163792112333,27.97453125551325,[0.41416948 0.46878107 0.78019738],[-0.50574478  0.83119524 -0.23094738],[-0.75676011 -0.29892939  0.58133928]
7,-241.3911706541631,229.430414104704,343.96752136705607,5.304114614107878,4.481083021352779,8.219352060004095,3.6232169562087795,1266.9754062875757,1266.7996648483236,26.759689369312653,[ 0.61648191  0.78230363 -0.08916888],[ 0.60481399 -0.39799063  0.68978511],[-0.50413302  0.47917063  0.7185022 ]
3,-406.80321463344075,-41.31983219901682,70.74464093626672,3.2372071913196163,2.415011812330318,2.873392918150076,3.3274953875809126,718.7896578465379,718.7866681375119,6.363308735856409,[ 0.19623866 -0.39624927  0.89692636],[-0.02170637  0.91273225  0.40798123],[ 0.98031588  0.0995307  -0.17051222]
19,-264.9012973542753,41.31560127717353,205.00302537058644,8.1437631517078,5.548609456228112,6.1763281318086065,6.303316829788828,1471.778920633403,1471.6050911244904,42.54158741822111,[ 0.07564901 -0.95409699  0.2897864 ],[0.61486378 0.27342482 0.73971711],[-0.78499666  0.1222203   0.607324  ]
146,-300.19297426256867,185.59335554794777,215.6889356843809,28.03015807340722,28.983428140816606,17.025284839392977,30.195082860570523,5021.8441568215985,5014.845584401319,384.4832027828453,[-0.60061792 -0.78340479 -0.15979691],[ 0.33430379 -0.42761765  0.83987149],[ 0.72629133 -0.45102115 -0.51873001]
12,-384.15684420262477,-211.7781734841343,104.20921905191254,4.43845851020559,5.900242589106,3.6573300455843727,6.080314838715931,1562.0923046615496,1562.0468176914624,19.27673068071543,[-0.04908029  0.51117822  0.85807223],[ 0.52124845 -0.71972733  0.45857674],[ 0.85199247  0.4697759  -0.23112643]
45,-201.4210470009723,-151.17083556666594,81.80246912241745,10.042540835731874,14.484893037695311,12.417442326006066,11.909162577005356,1781.119345139367,1779.1467211070853,120.04723458704517,[-0.08836323  0.56274103  0.82189688],[-0.64399755  0.59720527 -0.47813494],[-0.75990729 -0.57154912  0.30963286]
4,-305.2788872311947,200.07764146776083,175.1878189166365,1.0648693534477383,1.9037979960442755,3.8758836791323756,1.151391856444458,809.7813120562492,809.7375723923741,8.591009999216766,[-0.64238804 -0.69225924 -0.32880807],[ 0.13706666 -0.52590228  0.83942809],[ 0.75402277 -0.49416994 -0.432719  ]
6,-92.73975835820646,-3.7061298506902873,83.06379859256812,5.084170878187075,4.550605832680884,4.490530314694271,4.356877023591752,305.573590470866,305.4581445811008,16.990483650638136,[0.33821321 0.84495473 0.41432273],[-0.57532828  0.5340592  -0.6194983 ],[-0.74472088 -0.02884908  0.66675223]
3,-207.5303302762899,143.83014372950908,90.3697090951033,0.8138578415979665,0.7652518452271355,3.273758003163991,1.0369073507648028,464.54319167465053,464.51545876169655,5.709619022460929,[-0.54606853 -0.83445964  0.07406938],[ 0.32094546 -0.1267143   0.93858271],[ 0.77382374 -0.53630271 -0.33701073]
20,-336.92943689416245,244.05311514554938,60.926995942111525,9.317255275518594,9.935634841974133,11.98534521891415,9.210654983318047,1881.9356184098233,1881.0675342092013,69.92149191966199,[0.55759747 0.63721266 0.53201981],[-0.21661286 -0.50700628  0.83428023],[-0.80135131  0.58043488  0.14467697]
26,-398.18249474644404,-79.08650221484206,72.63188536402009,10.023925688518633,12.527076882051023,9.820501225657452,11.358623747739975,2104.701458437104,2104.0185153910566,76.58309726506411,[-0.25627461  0.57699487 -0.77549999],[-0.04745745  0.79381504  0.60630477],[-0.9654383  -0.19218377  0.17605194]
2,-296.13931851791745,79.94982837403367,278.08439268974394,0.7974118752529478,0.597852287015904,1.4795539089155056,1.6795453929409803,585.5332319514291,585.5326145852886,0.8502801902625949,[-0.19267527  0.86933411 -0.45512025],[0.67177819 0.45493855 0.58458958],[ 0.71525541 -0.1931039  -0.67165511]
7,-220.70357847634384,166.91044250367827,170.3973152860929,3.8915691923504316,6.698550605659172,7.197329762098785,6.699102765831763,860.2178021115456,859.9924625907302,21.57483329594898,[ 0.04129763 -0.68658757  0.72587328],[0.73308167 0.51444848 0.44489776],[-0.67888568  0.51375117  0.52457027]
8,-438.46025879735873,-121.39850340036296,28.744965570173676,4.141928206801961,6.083237371965084,3.7552622393282133,4.273581834828152,1289.5555455276165,1289.4645126969067,20.006759737290576,[-0.16661397  0.3871799  -0.90682496],[-0.21712443  0.88269925  0.41677213],[ 0.96181951  0.26633392 -0.06300381]
33,-466.117294054183,34.90015363341469,114.21430738728293,5.249964787195907,11.585563160181264,11.156494916510749,4.80233387933932,2765.243977554058,2764.8643474314504,93.32147127639116,[0.22623734 0.6512047  0.72439568],[ 0.10208387 -0.75543331  0.64722437],[-0.96870819  0.0724772   0.23738472]
85,-140.6227574653755,-121.62177630326518,186.52345611396746,12.136993935161628,20.153564243645622,19.159600164871716,21.594993691868837,2442.0079689602385,2438.4902359127277,194.04355043268396,[0.36227149 0.63198903 0.68509068],[ 0.76578142 -0.62083161  0.16777047],[ 0.53135505  0.46385125 -0.70887505]
7,-311.11971961900963,84.65963076653836,233.52043656096453,6.838256934150106,3.790374411192797,4.12011910162204,7.415605804867122,1053.553832195715,1053.508764057853,12.666733173151089,[-0.61309385 -0.43571022 -0.65899357],[ 0.11544719 -0.87461679  0.4708688 ],[ 0.78152919 -0.21260781 -0.5865237 ]
2,-290.43211394950436,159.26013778685558,353.7447663021236,1.5465443367648106,0.3871200533804,0.19635682924339903,1.1974038379573528,685.3503399058555,685.348667142732,1.514217538113981,[ 0.20364856  0.94443868 -0.25799774],[0.77417908 0.00596782 0.63293849],[ 0.59931128 -0.32863347 -0.72994934]
6,-221.1134829232452,-105.39658061946066,195.08091336827832,4.227454828136057,7.84841346574176,4.861243835792811,7.111863499823689,767.3871510594292,767.2748394714753,17.820790931327217,[-0.64256506 -0.06513497 -0.76345765],[-0.29777019  0.9392916   0.17048226],[-0.706005   -0.33688087  0.62295121]
7,-193.38886482673408,34.0026356540899,132.5761739159963,5.806080703070733,2.9861013389309248,4.523581051738415,6.389430660556588,627.168987280557,627.0818652541428,12.525819312715946,[ 0.36312864 -0.62617113  0.68996182],[0.4492454  0.76641431 0.45911619],[-0.81628191  0.14324394  0.55961149]
7,-169.46652257568707,37.00727626446765,181.35637531280386,4.141697427089645,2.495735860153216,4.895386883906055,4.464217754143457,664.2102732121919,664.0738183716926,13.913877245861622,[ 0.21239384 -0.89942621  0.38199654],[0.7063718  0.41143358 0.57598722],[-0.67522421  0.14749545  0.72271527]
29,-319.2872806012906,-222.94905658959377,108.96555710578984,11.08533531728631,8.78428093008617,7.51799411255554,12.302349211136418,2179.194043782318,2178.8381280977933,55.3076905510406,[-0.48301387  0.28744394 -0.82708741],[-0.37842833  0.78327972  0.4932189 ],[-0.78961358 -0.55122487  0.26955803]
24,-395.2186188713281,-268.204510657143,7.35329842929175,7.52333799832708,17.337941466565688,6.620121898268954,10.195677177893549,2342.0544726050257,2340.891705175345,84.61524588077177,[-0.08911845  0.15830281  0.98336063],[-0.55493461  0.811964   -0.18100287],[-0.82710669 -0.56183155  0.01548673]
10,-242.60833164901973,-37.30544335563898,262.966563088739,8.528005107641059,4.365805328465186,5.748024510694563,8.157674522950963,1138.057567050966,1137.881541355054,24.19400806686641,[-0.41774517  0.86993409 -0.2621138 ],[-0.60865507 -0.48214171 -0.63014155],[-0.67455761 -0.1037017   0.73090217]
9,-383.6004317379932,-40.850721935139575,164.0574011304206,5.666402298762217,5.928788566219997,6.323099505586907,4.733802720854868,1257.8876265641002,1257.8061727069878,27.657539494092983,[ 0.23347886 -0.91922862  0.31702739],[-0.32879697 -0.38146824 -0.8639297 ],[ 0.91508479  0.09747168 -0.39130436]
2,-220.56205686523975,-183.9370200619872,76.57271518308033,2.7695988559603535,5.086803955821821,0.7671571293053105,0.8949044022190265,420.4235097393751,420.3442171527688,8.164964653955053,[0.3092099  0.02498179 0.95066563],[-0.59479285  0.78508051  0.17282956],[-0.74203147 -0.61888973  0.25761366]
11,-126.57240806158488,142.32147248511274,115.23426448513213,3.805741142523638,2.667197819683581,8.63504654448628,3.5427079252848324,738.9151016653409,738.5284292409651,30.06402698588791,[ 0.73139843  0.68091955 -0.03748192],[ 0.37672428 -0.35761464  0.8545119 ],[-0.56844978  0.63910901  0.51807771]
15,-387.95238825595277,240.37218137035723,124.26631303826103,7.221271718808117,8.437358370830937,11.883845145052488,6.262147802873657,1832.7975973600687,1832.2757330257737,58.25961358738698,[-0.37122886 -0.82212693  0.43162072],[0.43534805 0.25647586 0.86295551],[-0.82015926  0.50825923  0.26270011]
4,-147.1319240668761,105.22846115279009,87.07420967967455,2.851215374846228,1.251184059806704,3.264235640122159,2.947859921560258,401.589506064771,401.57668526530233,6.843707342022434,[-0.67108518 -0.4521549  -0.58753777],[-0.1117216  -0.72176535  0.68306153],[ 0.73291402 -0.52403313 -0.43385056]
29,-176.12016265632633,139.8388211506874,184.80478817140587,14.516394079190711,9.245769516799191,15.017472663214813,11.694182781028514,1571.5522977252704,1569.5476907753443,105.41832906773574,[0.64263248 0.76539249 0.03460962],[ 0.46927566 -0.42891276  0.77189002],[-0.60564333  0.47980015  0.63481334]
8,-205.4271501308459,100.662441192188,198.60469010171846,2.3543643444705924,5.901340059335757,2.409755683083864,3.924743295688906,857.0733996480644,856.9421866255252,15.719822538071108,[ 0.68625822 -0.03309897  0.72660451],[-0.26321462 -0.94256084  0.20566265],[-0.67806173  0.33239062  0.65555226]
11,-185.895983523555,16.73361856168923,175.77003278026325,6.745280084824789,5.521475142183022,7.91973026476283,9.009418750162283,851.0861039512607,850.9929948843773,25.07002623201934,[ 0.63381668 -0.32690186  0.70100755],[-0.26959152 -0.94283359 -0.19592151],[-0.72498057  0.06480737  0.68571362]
7,-352.4373721260754,41.303897577759805,203.50372567076553,1.368926210356087,5.099887856961197,2.307264947164366,1.3240492973144047,1082.3695355791222,1082.2971359081932,14.84251670730381,[-0.48410712  0.13150604 -0.86507021],[-0.15276475 -0.98616045 -0.06442431],[ 0.86157021 -0.10096397 -0.49749678]
2,-296.17803012232173,-78.05509039624394,68.07404279506378,1.7470041715283458,0.11528846966752582,0.9455125232459238,1.8255367439688825,443.7387909013749,443.73737862209,1.119537498303203,[ 0.32871739 -0.64863398  0.68645381],[-0.03002804  0.71930023  0.69405006],[ 0.94395084  0.24875919 -0.21696929]
11,-328.71405020926306,296.6556333879836,83.60769392806475,10.965869771077381,6.458167572604761,6.171691228040787,10.672784900641897,1495.0995516237085,1495.0515472218256,30.81389812773987,[-0.62922676 -0.54003188 -0.55896266],[-0.26779346 -0.52450421  0.80819676],[ 0.72963028 -0.65822557 -0.18541508]
7,-69.72989757707568,-71.43309485731648,16.142368349493616,2.567314029951144,7.894225124659148,2.6626716178112395,6.532765094143422,268.46809344785663,268.16558521682293,15.277488404723938,[ 0.41422108 -0.20356971  0.88711908],[-0.5960831   0.67588943  0.43342636],[-0.68782689 -0.70833103  0.15862319]
10,-144.69676383378302,-142.5928418578897,87.81896520778342,8.539351081213713,5.97367606513516,7.275042070310167,10.85268244133776,700.9001292304173,700.8345088092694,21.011534133194832,[-0.28902546  0.69780924  0.65538275],[-0.69917869  0.313766   -0.64241736],[-0.65392159 -0.64390462  0.39720698]
4,-294.426444230557,102.99157243982694,348.85213292218657,2.7942296426902025,3.8407829803141253,5.203391738753607,4.738426377600413,936.0144547122288,936.0028404554869,10.428124529295085,[-0.77327388 -0.27464683 -0.57150384],[ 0.07897726 -0.93602295  0.34296301],[ 0.62913441 -0.22006853 -0.74549295]
24,-416.94041534553253,-43.2343212432008,238.99217267929032,5.234804424257986,8.342682280597927,8.173302029248052,5.359346493577251,2364.502065635336,2364.186222558426,57.03856121842254,[-0.41489718  0.68398995 -0.60001506],[0.2850352  0.72396667 0.6281936 ],[-0.86406901 -0.08961034  0.49533295]
4,-201.6839543903548,233.25717616844784,349.64415332629477,4.019012834855904,1.725136391176605,1.9254816626876836,3.1529324366900284,932.4333244126568,932.4107790653771,7.198340459362732,[ 0.37341189  0.85661097 -0.35606348],[ 0.82059494 -0.12600021  0.55744765],[ 0.4326517  -0.50034147 -0.74998061]
58,-378.4855134379957,176.04986775429214,32.62376313970475,10.88648785015959,13.863581596906306,10.89105658900709,13.201330493097595,3191.7930069575727,3191.162917026004,120.83147027403858,[0.36696049 0.66913387 0.64621968],[-0.22016064 -0.61247504  0.75921249],[-0.90380822  0.42087313  0.0774372 ]
39,-348.23229939066044,-1.4377294468866673,306.69441469015084,8.68285958210652,15.477532797871964,12.6986694101588,9.946535131628933,2900.469113498104,2899.1891813985267,121.68603635377174,[-0.57578313 -0.48830683 -0.6557669 ],[-0.32480334  0.87266669 -0.36463083],[-0.75031765 -0.003047    0.66107045]
7,-441.74160007079826,15.67089929446271,13.941854304109937,5.190059275483622,6.037287806548175,4.938096665675845,5.287950435667915,1170.2887835366719,1170.167843249071,20.456721041877277,[-0.04671466 -0.61721259 -0.7854084 ],[-0.00851145 -0.7859923   0.61817769],[ 0.99887201 -0.03556293 -0.03146399]
3,-230.54794804938834,-264.3279980431448,94.33601783190318,4.030173647092491,3.051682052264603,3.5106696286801276,2.5529101018874516,629.171425799627,629.1281283996819,9.694387904316024,[-0.12254337  0.42673642  0.89603524],[-0.76294117  0.53692163 -0.3600499 ],[-0.63474711 -0.7277439   0.2597786 ]
5,-272.8130673358655,-185.67153941456053,11.672194265052,1.630279868967057,2.4190051339384597,2.504614379378028,2.1016826747164976,738.4027970637406,738.3960418324218,7.191896607669977,[ 0.55095392 -0.81944381 -0.15799244],[ 0.11782135 -0.11104345  0.98680671],[ 0.82617668  0.56229991 -0.03536815]
15,-176.40246826573846,105.73555938608716,37.35220148459842,6.540071933885331,8.166900009089098,6.83830745695578,7.155785747972578,810.8852694825022,810.1751549651538,39.48523673362816,[-0.213114   -0.62145638  0.75390609],[0.49272646 0.59795932 0.63219086],[-0.84368422  0.50619821  0.1787745 ]
16,-203.3852896442259,57.70195026276376,153.01239512552735,4.988355142145901,5.969383131055413,8.498528733856222,7.616292706995655,1044.6859216410628,1044.5698730149602,34.71526686613366,[-0.4266812  -0.87259874 -0.23772797],[ 0.45929986 -0.43550647  0.77419491],[-0.77909357  0.22114599  0.5866069 ]
10,-306.5194469415784,20.767165177983184,198.3731250531718,8.009222027581895,7.026850751936078,4.102444336454602,8.652381170744098,1156.976094724941,1156.810352947213,23.453674437583306,[0.54418134 0.02226382 0.83867216],[-0.03569539 -0.9981282   0.04965815],[-0.83820791  0.05695977  0.54236803]
2,-343.3043624540111,173.0980055542374,257.7356087400464,2.362734528051874,0.2395120809870548,1.8643712175920513,2.700948635264723,654.6106699098876,654.6078888417463,1.9081472752553679,[-0.61556856 -0.04977383 -0.78650996],[-0.266401   -0.9261118   0.26710941],[ 0.74169121 -0.3739512  -0.55682551]
10,-398.4882772548889,170.98334751246085,127.43484495584944,2.326874221592857,4.366811475518051,6.03044520785732,2.6997916182744985,1429.396667876562,1429.2881781791668,23.119290474107935,[ 0.20479305  0.84519535 -0.49366449],[0.42511789 0.37749563 0.82266143],[ 0.8816658  -0.37834095 -0.28199918]
3,-110.95052205365448,70.25929565847441,46.68294277672053,1.4823030701116235,2.640002115650838,1.7751821166136645,0.9215149312981251,241.47689786499024,241.41755459423817,5.872432382198646,[0.47817281 0.18449291 0.85866939],[-0.37101542 -0.84373346  0.38789356],[-0.7960517   0.50405974  0.33500069]
41,-297.7060751626464,-164.92437819398222,274.89261606616805,9.854586725460008,12.587353342142904,7.465063903825689,12.785475681716704,2803.1528198801984,2802.8782160358314,78.20180193039565,[-0.72987911  0.27278284 -0.62679024],[-0.0651954   0.88496961  0.46106219],[-0.68046017 -0.3773835   0.62813665]
2,-357.785208695587,-105.77933900794957,166.80292675633956,1.3275833760234264,1.1662381710019574,1.513173791561897,0.24278500494145305,577.9760423768437,577.9667800922844,3.2721050343778106,[0.03645305 0.8067353  0.58978753],[ 0.48191724 -0.53121239  0.69682794],[ 0.87545814  0.25882728 -0.40814396]
4,-201.43846124769385,-209.8071441573158,129.83460593786663,3.51509485688122,1.7768240151956607,0.5431816747313337,2.701587229984082,637.0812910183971,637.0620893095657,5.823899004613588,[0.08236176 0.46603718 0.88092331],[ 0.77019826 -0.59072277  0.24050208],[ 0.63246437  0.65867743 -0.407594  ]
4,-442.06488914216027,161.71748685602392,74.16011805806937,2.8861958502373404,4.641038380317161,1.3656003521094302,1.8443361591924443,953.1084824938958,953.054909807006,10.654216858501437,[-0.09791248  0.1811066  -0.97857731],[0.36027314 0.92305823 0.13478414],[ 0.92769413 -0.33935807 -0.15562677]
6,-420.50620500711307,-226.19546910240226,4.693083113057867,5.358564871042503,4.594700538717818,1.2928431480894496,4.079857112973816,1169.7736771871369,1169.6923612330656,14.487653113305647,[ 0.0245178  -0.02484912  0.99939051],[ 0.47312998 -0.88035561 -0.03349658],[ 0.88065141  0.47366288 -0.00982753]
10,-255.61276392418873,-3.7426404179683486,194.89676227875458,3.659964053619599,7.695159151916543,2.3756362143051675,3.090197258432745,1016.886881632609,1016.637728064214,26.204898652572098,[-0.60060593 -0.12221957 -0.79014865],[-0.08339721  0.99243328 -0.0901171 ],[-0.79518389 -0.01177133  0.60625409]
3,-48.73978442169943,-50.87404936792223,34.20771473342012,0.17436598945762743,1.2206074546419816,1.1478133970408186,1.1467972550318506,135.67828495813743,135.6734828041142,2.1342482530940807,[ 0.78008895 -0.46772353  0.415567  ],[-0.06564569  0.59934484  0.79779471],[ 0.6222153   0.64963102 -0.43683826]
2,-288.53161909075095,-316.9805452232863,123.88997827886115,1.3033338003383506,1.0995342994039845,1.960996731638339,0.48281560361994025,631.0033932491502,630.9930603569198,3.6111041732616425,[ 0.42603391 -0.63836163 -0.64108465],[-0.63270487  0.29627086 -0.71547755],[ 0.64666812  0.71043508 -0.27767308]
