N,MEAN_X,MEAN_Y,MEAN_Z,SIGMA_X,SIGMA_Y,SIGMA_Z,SIGMA_R,LAMBDA_1,LAMBDA_2,LAMBDA_3,EIGEN_1,EIGEN_2,EIGEN_3
17,-321.7568350532964,-158.3241168235434,23.99213143706027,5.953934410113349,9.034321354162286,11.188139455207159,7.585387210464569,1483.1347001682361,1482.2923301592705,55.8916563363071,[-0.41727044  0.77638493 -0.47234714],[-0.15666951  0.45052108  0.8789115 ],[-0.89517598 -0.44074619  0.06635328]
10,-206.67102116933876,139.57958677798683,193.37832351405075,4.849759049318711,1.9929441647705244,4.103883233555627,4.43959684288439,998.1468547532032,998.076099402811,15.639498475703997,[-0.29277174 -0.89603504  0.33377524],[0.6966688  0.03920081 0.71632107],[-0.65493304  0.44224936  0.61276277]
120,-244.48981495767887,191.26429153584766,48.975322534046455,18.075318297056306,21.029280768082632,12.144550149737777,20.78532966428666,3456.2823323074012,3452.2352666181077,239.87631578319318,[0.37152733 0.24644322 0.8951163 ],[ 0.50710139  0.75374144 -0.41799763],[-0.77769893  0.60921226  0.15506384]
2,-332.47932803492813,206.2260528026398,282.6566906263455,1.220875585676282,0.2630880386939367,0.3584389476905585,0.938484673447789,682.5953140945858,682.5941311504808,1.2708040000208292,[-0.34188525  0.52087577 -0.78217831],[0.63922743 0.73901    0.21272639],[ 0.68884161 -0.42726181 -0.5856147 ]
264,-272.12018551528706,233.60030924261255,282.2029953162206,33.36161316690541,20.7480716560933,20.2237555640644,21.456233862068206,7443.5008613365635,7429.054499394938,627.7464996672121,[-0.17709568 -0.83491877  0.52110245],[0.78227417 0.20188243 0.58931368],[-0.59723048  0.51200989  0.61738288]
31,-373.43104721358776,-0.5724853345174542,123.6812440009334,15.008274502793412,7.898665283338147,15.261667522014335,16.353103667256367,2193.714548672205,2192.354942160553,88.6255226307517,[-0.12931696  0.91274669 -0.38751851],[-0.28697101 -0.40852511 -0.86646112],[-9.49170566e-01 -8.41541440e-04  3.14761067e-01]
185,-256.46450354794734,-213.45952688268903,323.28858626666835,21.212439681920287,28.102988812288245,20.168994797851543,17.512518695442946,6338.926443733753,6328.072104947785,498.90417499332494,[0.72629233 0.1452037  0.6718745 ],[-0.40947829  0.87647356  0.2532225 ],[ 0.55211139  0.45903158 -0.69603378]
288,-380.7726339109387,100.0136886137015,177.31280947486408,22.92057436698492,30.6694683564631,34.56902195698504,26.69523546302368,7374.124959904391,7347.611786338256,742.6323403344287,[ 0.07983467 -0.78413953  0.615428  ],[0.46704354 0.57486157 0.67186643],[-0.88062293  0.23379344  0.41212119]
38,-230.27735700836135,109.98564179235255,15.133198505582094,22.200492376677456,13.150125940855768,11.613250934771148,21.480795559219036,1584.9475968988977,1581.9088437685596,114.989393321596,[0.26732475 0.43902229 0.85778605],[-0.34031292 -0.78980669  0.51028669],[ 0.90151239 -0.42832794 -0.06172992]
39,-413.47562782561903,-91.44995367880043,225.021562894669,5.355417466597986,8.165162204629006,11.511314013083922,7.027226143277666,2995.7937817621278,2995.4788063422448,83.49309548184539,[-0.12687191  0.97819577  0.16442795],[-0.49052813  0.08220589 -0.86753925],[-0.86214017 -0.19072289  0.46940292]
372,-329.24806252242246,-220.8806696973982,156.90223067356786,31.150489644980002,49.77402319685908,25.662573408161062,29.969259408616175,8299.663853618005,8262.030208899838,1084.8336415423298,[0.25703673 0.27294456 0.9270563 ],[ 0.58328733 -0.80866815  0.0763657 ],[ 0.77052451  0.52111141 -0.36706252]
18,-307.4878646709323,8.080390903893138,353.0065008416482,4.773374138907084,10.881212515912509,7.567406405153305,8.238839423004833,1987.3195556835049,1986.8437020461563,48.5122255383048,[ 0.75278869 -0.04554071  0.65668503],[-0.0457327  -0.99881174 -0.01684147],[-0.65667169  0.01735391  0.75397688]
3,-333.3787286083787,180.84976180651248,39.92026419031837,2.1079108802325375,4.270319414254174,0.6511260219691348,3.197369263040916,660.6011209766729,660.572627199317,6.198678022240425,[ 0.09218626 -0.04960084  0.99450563],[-4.76844102e-01 -8.78987811e-01  3.61929788e-04],[ 0.87414038 -0.47425751 -0.10468246]
24,-229.46154647765277,107.36147920994021,165.34198108317378,8.895239465268068,13.130462119292607,8.355404493230727,9.228455574117142,1484.1982697550409,1483.1310927569352,75.63836485716563,[ 0.41764232 -0.37909064  0.82575128],[0.50050864 0.85447792 0.1391351 ],[-0.75833106  0.35518695  0.54660428]
8,-74.68078928994458,70.65803624753555,53.906108696454965,5.408084580085729,2.893899908517035,10.091899787989455,2.693612903344696,329.8889601931303,328.5715869819842,32.493579091285866,[-0.57867649 -0.78378155  0.22543292],[ 0.50185455 -0.12433017  0.85596964],[ 0.64286509 -0.60846405 -0.46529128]
24,-385.2970633760028,238.74506779106483,128.20369193867012,6.7539250744295884,10.72041233344175,8.655208532707812,7.286285337692582,2308.6821550760233,2308.1578968671042,66.1687192316935,[-0.05639453 -0.54146881  0.83882726],[0.57265963 0.67068223 0.47143005],[-0.81785121  0.50694859  0.27225452]
10,-293.1628253103142,141.5819082958411,360.7315946320813,6.081202827096988,6.161495647585242,5.7354214468654385,4.178671950095759,1536.8951198285336,1536.7344228723505,30.012528169338445,[0.64926246 0.71998814 0.24510272],[ 0.46307452 -0.62986377  0.62356525],[-0.60334091  0.29135668  0.74235506]
48,-439.22839019709585,-67.8616237958489,103.81520843067453,9.886018994625365,11.120806491446864,17.517549448137753,7.535603785488063,3165.3980759151455,3163.152042666124,150.52653861384672,[-0.20846248  0.94091471 -0.26687618],[0.17391388 0.30418446 0.93660332],[-0.96244343 -0.14883318  0.22704918]
7,-242.7390418064287,-76.75661363517504,88.98067191660094,3.776759588951368,5.0827183709239705,3.4764090039992452,4.274982375849052,713.7494116302206,713.6465230918478,15.50181591817344,[0.24048009 0.30713824 0.92077979],[-0.36344534  0.90810153 -0.2079882 ],[-0.90004267 -0.28463611  0.3300083 ]
89,-211.08538685959707,-104.37114099088905,137.1553776769638,12.294518835313665,15.837320608755425,13.385085439964355,13.335723369453559,2578.8210965203402,2576.1763271379778,187.2720091079082,[0.2872467  0.49627995 0.81926524],[-0.56415591  0.77887475 -0.27401138],[-0.77409137 -0.38348446  0.50370847]
113,-142.92676741888303,-111.63098133992268,188.44053494555263,16.507262537336732,23.040931914333466,27.530595587067893,31.559133930345098,2809.5074536599586,2802.284753902628,254.91509703021885,[0.49718427 0.52944462 0.68738359],[ 0.67670812 -0.73245253  0.07469544],[ 0.54302295  0.42802066 -0.72244335]
8,-378.2616068251733,236.01177484512652,21.212191709983195,5.8229181916292125,5.435681816463007,6.70835091750954,4.695372398724808,1262.7807921321362,1262.6015840926802,26.285373897370388,[0.40634205 0.5883961  0.69905377],[-0.34159583 -0.61176252  0.71348364],[-0.84746589  0.52871225  0.04759118]
8,-259.8292548472801,42.981616211859205,251.5814980571796,4.471316375615069,3.2279387472636496,1.977933538384991,3.559133686235283,1030.2630799818821,1030.2256071503718,13.151228693071854,[0.47113414 0.81045684 0.34812691],[ 0.51868784 -0.57378055  0.63382869],[ 0.71343924 -0.11804914 -0.69070171]
10,-410.2174091181435,215.38547604595797,47.08708648630998,4.966619686801612,5.775006676501234,6.498147230937772,3.0029481513029275,1472.945932084195,1472.8376401972218,30.213248194303986,[ 0.21782943  0.5856291  -0.78076174],[0.42028927 0.66571128 0.61659178],[ 0.88085599 -0.46245762 -0.10112212]
28,-373.074462515874,-160.7226851384834,44.85100009612886,8.987140019445636,10.010048185348303,9.032642692483872,10.37737557501765,2163.827638244851,2163.7445382496944,65.78677684538164,[-0.07490578 -0.10358623 -0.99179585],[-0.4015301   0.91353017 -0.06508619],[ 0.91277746  0.39336056 -0.11002168]
304,-331.08822176854795,-50.95123403313632,219.93406239969963,17.77969280894174,31.404683565783564,31.572127133031955,19.83669761671343,7029.102040506572,7003.673110547135,758.1115799089823,[-0.48982634  0.64413432 -0.58750416],[0.28018012 0.75444058 0.59356425],[-0.82557208 -0.12613642  0.5500185 ]
27,-180.22299200309078,-39.85156412158438,138.71775940601452,11.948631832578396,7.808469404553097,6.025244165471914,9.829259872093433,1201.7649857433205,1201.5007500286915,62.595762951084225,[0.35766057 0.66469853 0.65593809],[-0.51165153  0.72707261 -0.45779705],[-0.78121165 -0.17187577  0.60013922]
9,-392.26209817191284,146.7100713456565,156.61069559076736,4.817446059442304,4.823818178479141,3.432699926593441,5.1820908509892645,1341.5436856906003,1341.4893725705758,16.764444239775518,[-0.24879665  0.31318509 -0.9165235 ],[0.41043401 0.8912065  0.19311886],[ 0.87729365 -0.32812509 -0.350271  ]
2,-304.7691027941104,164.97860928715573,262.9827373387012,3.20518761935935,0.9058863295626196,6.233453993296109,5.66970922622167,615.3243331525438,615.2954076354569,5.966264521412765,[-0.69006473 -0.5757836  -0.4385019 ],[ 0.18185859 -0.72438374  0.66497793],[ 0.70052704 -0.37913248 -0.60458286]
67,-315.89863692473944,-311.6905975970501,62.0423069425486,10.161500255830854,18.9074168924854,9.793598066590937,15.74617146884843,3672.361146385631,3670.645436714065,144.4868858131485,[ 0.45621687 -0.29531275  0.83943823],[-0.54350559  0.65446345  0.52562274],[-0.70460474 -0.69603733  0.13807314]
165,-136.76632408186106,110.61524874784295,162.2089926851261,23.463834506607554,22.207197740118794,22.292490516742028,33.99136753967483,3110.3032871933797,3108.626830459424,253.38408937944064,[-0.51969479 -0.84293211  0.13922208],[ 0.63445549 -0.27164032  0.72365583],[-0.57217441  0.46441038  0.67597296]
49,-394.3385403060733,67.35815778616144,260.43184397811694,11.178157856614053,16.531542173374625,12.146670326375956,9.135527852636038,3344.4068093090423,3343.1104406610234,150.9575720395321,[ 0.42213613 -0.4864333   0.76497303],[-0.37332086 -0.86225044 -0.34228018],[-0.8260948   0.14109155  0.54558276]
29,-242.6407152177835,-8.786988899061576,131.58334219841805,5.082292099348817,8.457623449320346,9.486474873411249,6.92347226242391,1488.5669875770352,1488.091555262938,63.56741308475297,[-0.37152098  0.67294206 -0.63962578],[0.30058086 0.73901402 0.60291742],[-0.87842092 -0.0317372   0.47683272]
14,-283.2640357176661,-203.15728420091514,228.80557896049223,6.852176416117468,6.012647940632598,5.368344785962837,3.9837742855411826,1560.5705355365808,1560.3145124598275,36.70113147095597,[0.21824388 0.57984517 0.78495171],[-0.70061386  0.65301766 -0.28759024],[-0.67934515 -0.48718324  0.54876467]
69,-157.21061169241742,30.446716749973593,62.739244593170014,14.075124814789252,19.535899615199323,12.609601402096525,14.899362899036378,1442.7595465553852,1437.3707196779746,190.20411910958464,[0.4053592  0.44852428 0.79656129],[ 0.01720594 -0.87495013  0.48390726],[-0.91399556  0.18245067  0.36238636]
6,-283.231298536885,-238.04646659150248,59.730074055933216,5.37307097742887,3.225075189450402,3.9023492372331248,4.160726145389371,918.1679937456651,918.0645271432712,14.97654597586547,[-0.2909631   0.54378151  0.78717352],[-0.58663642  0.54854939 -0.59577788],[-0.75577654 -0.63513404  0.1593944 ]
18,-219.29614555911974,-122.35627459200214,184.07827923783367,4.889721997186399,15.697276324503198,7.367374690517785,5.263092251964631,1323.048785431508,1321.3569438547893,72.96014626371584,[-0.70209756  0.26261276 -0.66188636],[-0.10515166  0.88108412  0.46112244],[-0.7042742  -0.39335139  0.59099284]
67,-136.53577362655216,-124.78393808332237,29.124969360014518,15.01667094633115,13.098666205195576,14.796630697826332,13.230751794310317,1542.9450631548518,1539.7675365208443,170.8755489938372,[-0.45437269  0.64093728  0.61866377],[ 0.51105082 -0.38128946  0.77035408],[ 0.72963862  0.66619648 -0.154304  ]
34,-289.9658948946091,125.4441493849147,237.65468995817236,10.18201307888044,11.358230850229385,15.661643766533642,13.950898377871214,2308.149972891053,2307.248139954721,98.45666961750196,[-0.32926005 -0.93946337  0.09484937],[ 0.59510628 -0.12847727  0.79331085],[-0.7331005   0.31765102  0.60138298]
55,-428.11720800530355,102.15654641412063,113.70620531778368,13.746282714252093,18.5573776178296,8.512538197831285,16.41049727696788,3375.8902166699645,3373.8174089159475,137.0906964315451,[ 0.24378166 -0.05666449  0.96817335],[-0.23226223 -0.97265196  0.00155597],[-0.94160754  0.22524942  0.25027573]
45,-412.2129780566195,-27.310615241052563,243.77181816566417,11.65726020851604,23.262414335678514,12.475876803188255,6.663942039050462,3222.990837017464,3218.711632986049,187.82001750086752,[-0.46064106  0.51759616 -0.72104371],[0.22161345 0.85370537 0.47124794],[-0.85947501 -0.05728317  0.50795802]
58,-48.4734467071366,7.681067101968472,12.36303953997067,18.233412012312847,24.93263305149546,7.718482627432878,18.003735164147837,450.5251781783609,416.00654664091036,196.6909125889984,[0.23768454 0.16944745 0.95644844],[-0.16879855 -0.96247923  0.21246358],[-0.95656318  0.21194642  0.20016395]
3,-161.9681653310105,-50.718905828101974,187.63459320800044,1.9637395964763331,2.096301837374405,4.629753586333956,4.013045408809405,438.3106655069832,438.2898258284361,6.395987793449241,[ 0.70546358 -0.53559705  0.46417339],[0.30428286 0.82037309 0.48414867],[ 0.64010396  0.20030924 -0.74171634]
4,-156.75135458298445,-177.9279950301591,20.272189365646764,1.2885163637526442,2.980482550083015,5.596871581690213,2.9194996064318204,476.15650035094774,476.0249083057045,11.523191794940816,[-0.75247111  0.65359098 -0.08127763],[-0.0051328   0.11758189  0.99304993],[-0.65860525 -0.74765856  0.08512223]
28,-349.34289328704153,255.24710575555693,53.555451262246876,8.071880481413558,7.564916703769265,10.339498299704854,8.031397611444158,2308.12087192839,2307.4103092785836,67.9753712642199,[0.55507502 0.65122081 0.51749704],[-0.22299202 -0.48286651  0.84682613],[-0.80135279  0.58544974  0.12281009]
18,-161.92842519079372,-183.02551937528196,203.7431485910198,4.608364047060503,7.485374465267471,11.939306393609197,10.636550624200371,1351.2488625930227,1350.706611277067,43.89580434602587,[-0.79605996  0.59762141 -0.09558864],[0.32791201 0.55864797 0.76183079],[-0.50868679 -0.57511833  0.64068452]
53,-316.51096183170705,148.33525013309054,319.36310694583386,13.943214796359861,12.34335366737823,8.687457292632297,9.033773345246898,3449.3225553500943,3448.389051374495,134.64619485666745,[ 0.32284735 -0.69470065  0.64277569],[0.66984976 0.64750674 0.36336803],[-0.6686336   0.31325074  0.6743909 ]
78,-365.83468506784527,-156.73394176498832,230.46727694294475,13.35413795363202,12.520261069561483,12.237454709980197,14.007962012625397,4065.73785679185,4064.3882183230157,150.3691118597054,[-0.60333769  0.52152891 -0.60331685],[0.05579188 0.78227347 0.62043169],[-0.79553183 -0.34066965  0.50107215]
58,-207.90317722989886,67.22342685498458,85.31510610895647,11.757886233140153,14.87273101561551,10.457508689755727,10.176537243215305,1792.180885699373,1789.9038682935914,145.58231217911668,[0.46240223 0.5470739  0.69777814],[-0.00225538 -0.78623637  0.61792175],[-0.88666741  0.28730215  0.36232359]
42,-372.42282436685286,-292.3021163551749,14.24063271097088,15.50255623453398,23.66310219403141,13.05127906324923,11.91448270662603,3075.055698273935,3071.722367909562,186.601577224665,[-0.0109116   0.06227132  0.99799961],[-0.61812155  0.78410784 -0.05568352],[-0.7860068  -0.61749266  0.02993537]
171,-310.04416928331943,181.0633236497452,203.3054878311947,32.51768701681257,26.494549494438502,19.80565639840933,28.10401413736311,5423.471579532361,5414.325864994373,480.0876808541727,[-0.26162127 -0.88236404  0.39113681],[-0.60464534 -0.16603813 -0.77899637],[ 0.75230201 -0.44030108 -0.4900782 ]
13,-277.6988012715034,52.553816671503895,286.222543521812,7.460955290548851,7.47220307343909,11.500589716439993,8.151017910812664,1451.265457849438,1450.7684952145778,47.81075140171188,[-0.39505793 -0.89209566 -0.21930476],[ 0.60624315 -0.43253112  0.66737252],[-0.69021626  0.1306988   0.71170172]
27,-53.28389993906058,7.536285223678107,51.496313775498294,5.66051202981741,17.26416341098258,11.928202095569405,11.18099348954636,402.4711679669554,392.1409407253375,96.61280043616387,[ 0.6140915  -0.38971258  0.68630586],[-0.35422507 -0.9131747  -0.20158513],[-0.70527741  0.11931503  0.69881879]
4,-361.46778011758124,256.2339215006609,86.04547001404904,3.7742367544304996,2.823947629758413,1.783340076506131,1.8346066415736781,902.7540844838958,902.7173851037737,9.40193306979789,[-0.1961444   0.05212307 -0.97918872],[ 0.5657994   0.82159998 -0.06960259],[ 0.80087353 -0.56767655 -0.19064344]
48,-168.32343947967183,108.41029545680482,35.61809025670032,14.20923138550552,11.772560431780825,11.333145263079754,14.466286142364703,1415.1730151185998,1414.3131048570965,109.66674097779456,[-0.13078163 -0.48842991  0.862747  ],[0.54555812 0.69115951 0.47398826],[-0.82780583  0.53266759  0.17607594]
60,-205.3483332464099,-166.3058500264056,267.6571027224476,9.90882899987063,12.812940744812494,11.876817259260676,13.405841243026634,2916.7896598012403,2916.048711550331,115.39328833130618,[-0.83180801  0.3879091  -0.39701632],[0.10041055 0.80862146 0.57969738],[-0.54590581 -0.4423323   0.71156798]
42,-246.63080395800782,-137.16372150609448,305.0065469990963,8.93334003673633,9.357612813105805,17.093563962014244,17.523855422758874,2696.2425114429143,2695.671017897026,80.53757876985256,[0.16916223 0.84063831 0.5145011 ],[-0.78720169  0.4293499  -0.44268744],[-0.59304101 -0.33013013  0.73438168]
106,-250.24318918467083,11.629432832418065,18.272610061830118,17.785533974830255,27.176210713544503,11.251962004239962,17.966782337793646,2608.0300086549705,2594.864107980824,300.9646266813957,[-0.08038276 -0.19013481 -0.97846173],[-0.03358025 -0.98056446  0.1933021 ],[ 0.99619826 -0.04839515 -0.07243571]
28,-240.28111540263293,-41.13578224523639,261.8736479077165,7.649223750491902,7.026195436056889,7.069646620408864,7.446635747263347,1894.1286530170144,1893.8183407644078,53.36059803436963,[-0.55073728  0.73828879 -0.3893817 ],[0.49558106 0.66460919 0.55919052],[-0.67163075 -0.11499687  0.731907  ]
15,-369.1944046994712,-1.414964155919741,193.99422013428045,5.288651642453758,7.122375279826691,2.7012753766965756,5.079831122151742,1615.6287936654019,1615.4346487482376,30.039744530016065,[-0.46391278 -0.0657664  -0.88343631],[-0.03352542  0.99782951 -0.0566773 ],[-0.88524628 -0.00332425  0.46511071]
9,-292.23340454426705,127.5740240917058,126.74731019176755,6.974175003395312,11.98583763832411,6.9976133868672115,4.634048388884155,1030.4357237346194,1029.5082599783527,44.54772783794204,[ 0.13065192 -0.53194231  0.83664058],[0.5077317  0.76071419 0.40437907],[-0.8515507   0.37195605  0.36947274]
21,-247.0697917197424,-148.62936619880304,44.800819838207,8.99817931784382,8.197248859448866,10.613213111238133,9.001353982639316,1338.8183611589657,1338.1538986770872,61.621148017129364,[-0.47040317  0.85144691  0.23185991],[ 0.24839021 -0.12436607  0.96064321],[-0.8467722  -0.50948134  0.15298888]
66,-431.1517109223366,-126.26929367059391,113.45219859236984,13.403253785463075,14.117971388107001,11.658743430248935,13.542672632321445,3768.3108390600255,3766.596821487241,147.94937792395538,[-0.36464101  0.75317009 -0.54751416],[0.03450172 0.59852371 0.80036179],[-0.93050877 -0.27295455  0.24423195]
16,-199.24691262542532,48.899244101678406,146.56768153058468,6.6993828910014255,8.743257550285712,7.726256893683894,5.435338203327049,1009.5134439479807,1009.2484574094102,49.13810458209724,[ 0.41223732 -0.53390055  0.73824833],[0.45346719 0.82304211 0.34200759],[-0.7902075   0.19378311  0.58139506]
4,-258.39119820501116,-200.91000098706502,227.39291061092774,2.4738016447763407,0.9858250528373224,4.574662562737864,3.146574352639226,797.1594043807135,797.116756605299,8.539193888367889,[ 0.41256238 -0.86245735 -0.29318867],[-0.63991127 -0.04532996 -0.76711066],[ 0.64831     0.50409574 -0.57059761]
13,-236.16532819373577,228.3493091225021,101.48700815346571,5.885894603970219,8.594580196654737,8.03669635304679,9.321691895231238,1240.4892731593334,1240.2495386450057,33.34896560992895,[0.72239025 0.57862435 0.37861087],[-0.08066248 -0.47328077  0.87721085],[-0.6867648   0.66422826  0.29522014]
28,-364.777154793107,-243.43561619857206,45.676459496409095,13.22686993052206,9.049482856724923,9.181789471261542,13.132642800879822,2334.9556166197835,2334.386501729682,68.29678981395288,[-0.38960994  0.69665946  0.60238666],[-0.40449167  0.4581743  -0.79149403],[-0.82739989 -0.55203433  0.10328369]
2,-326.77164775696735,-215.2800925611223,226.45444019642724,2.1967704363646305,0.015980802943062145,0.3187384518616483,1.7549981578632412,639.3931015667014,639.3902119829809,1.9222776711979264,[-0.10576826 -0.64001035 -0.76105179],[-0.68294466  0.60304371 -0.41221945],[ 0.72277221  0.47615652 -0.50087454]
11,-152.93182238757865,-148.01146074647448,96.41803140818632,4.079183088982211,4.360204783354663,8.717807061677181,3.682714586911165,775.52600080217,775.2169209918673,32.83063621290677,[-0.73517551  0.66064443 -0.15187461],[0.17666903 0.40303338 0.89797113],[-0.65445016 -0.63333485  0.41301568]
6,-412.03881935246886,-236.8162401369216,112.05750253831404,5.648430933971639,3.2421413128362486,11.725763987927918,1.9882659990888674,1196.4620806161608,1196.0602096065456,32.48125024634912,[-0.39921446  0.85330808  0.33539996],[ 0.35846695 -0.19143272  0.91370398],[-0.84387752 -0.48499364  0.22946004]
12,-264.533628907326,-77.52574960928794,314.3666179053694,5.8063125691775195,13.057178964527223,5.804463996458024,4.753533062485938,1449.2775410119445,1448.5396579068856,50.87851655716577,[-0.74462367 -0.12113827 -0.65640011],[-0.21261581  0.97521639  0.06121684],[-0.63271645 -0.18514455  0.75192513]
9,-303.3836121955876,206.3300312963998,160.385833047429,7.1059606900666745,5.604164518737255,2.524013098050391,6.939566122642514,1201.5535328996123,1201.4850061217714,19.063697885046594,[ 0.07934033 -0.5363215   0.84027636],[-0.64775689 -0.66845232 -0.3654894 ],[ 0.75770451 -0.51529675 -0.40044118]
7,-438.9842218787904,176.44830028993596,42.67888251056629,3.7824383703483786,6.1664240569669735,4.542028453047009,5.793019826822488,1257.0086152092126,1256.9616462197396,16.587306640677912,[ 0.16174485  0.59315906 -0.78867036],[0.34634886 0.71423272 0.60820563],[ 0.92405685 -0.37152921 -0.0899165 ]
23,-331.00366445882213,295.45674333849576,81.00596959516547,12.80574059083361,7.657208310040165,6.178206321113184,11.336589930527193,2164.2373767817976,2163.8765619903475,55.08931503238916,[0.27725931 0.04761131 0.95961474],[ 0.61988431  0.75422894 -0.21652286],[-0.73407815  0.65488309  0.17960349]
52,-280.4254625052343,-111.97453382095566,105.445315866572,16.01925154565438,8.158898338146592,14.916095473686308,12.28816069510937,2311.9814548704567,2308.5993262005254,143.4847927402016,[-0.35472911  0.9337367   0.0479899 ],[0.32320481 0.07429943 0.94340778],[-0.87732885 -0.35016477  0.32814437]
33,-255.54725900346256,-247.26874438145808,14.90457529812657,10.468503210698117,9.239129027847602,8.86531038551126,8.365435532732564,2046.122444272486,2045.6865846205683,81.9534628915533,[ 0.20757066 -0.15631322  0.96565035],[-0.66426971  0.70212715  0.2564434 ],[-0.71809482 -0.69468241  0.04190686]
7,-300.1295022939729,83.44432428410552,73.23329985988252,3.143416689148089,5.747705674389841,6.382434978705679,3.577733269960568,846.9844970499789,846.7259260834851,22.28586368629754,[-0.04506481 -0.74558866  0.66488098],[0.34413135 0.61323422 0.71099747],[-0.93783942  0.26084735  0.22894515]
2,-289.635755367294,59.07386858173305,325.6106759531292,0.5905570229996044,3.111670398392551,0.7489466440142394,0.2523952524484514,621.9509581991007,621.9340298477778,4.588782200450157,[-0.74104134 -0.28677288 -0.60714006],[ 0.13076947 -0.94853374  0.28841479],[ 0.65860237 -0.1343319  -0.74040385]
21,-255.33123565531773,-148.0840030099161,218.53228842668418,9.253734455593671,7.011013523144577,7.1974119639279115,5.766319631533964,1683.9252810515827,1683.428001783917,56.85065700730027,[0.18030911 0.70362558 0.68731337],[-0.69573559  0.58518135 -0.41655104],[-0.69529893 -0.40308043  0.59505089]
59,-365.1555640625455,14.626314572175287,292.1502373739779,14.285171755565694,17.05951408665109,14.02766956748202,9.18921504796861,3598.8263500048797,3595.173439049976,188.47266325713497,[0.45045494 0.72050928 0.52721601],[ 0.43337258 -0.69274379  0.57644969],[-0.78056297  0.03118365  0.62429883]
3,-413.06639758419266,73.3034061511416,237.09082317326553,6.150492539231088,4.3829079454124065,2.6493914102973735,4.564985357883373,834.7504428558327,834.6869228675946,11.382655015215084,[-0.39153326 -0.8131014  -0.43077583],[ 0.33442727 -0.56188053  0.75660338],[ 0.85723982 -0.15217221 -0.4919182 ]
48,-339.36445088842487,-205.23324810839276,79.7155232094715,18.339101248766212,9.379416801605284,11.735652104568612,14.760983310546116,2806.790357833468,2805.165293670035,129.24334711577185,[ 0.34391592 -0.21339387  0.91443146],[-0.42090518  0.83548624  0.35327266],[-0.83938112 -0.50638504  0.19751843]
14,-213.04381629236136,-185.9358095914624,9.671010993890102,10.097783915150064,10.320261758296581,5.082428984502382,6.816832007963063,1060.0349627101536,1059.1178269078107,51.466701737907535,[ 0.05969695 -0.01642402  0.99808142],[-0.65528234  0.75361995  0.05159481],[-0.75302147 -0.65710518  0.03422644]
17,-383.2490700902436,-39.892226835638304,165.48756585159575,5.085056293226776,12.06784121645485,6.617400803141576,4.833517376034439,1729.94605052839,1729.3029864147154,57.16727342315097,[-0.40259604  0.33660202 -0.85124351],[0.05184719 0.93682913 0.34592347],[-0.91390825 -0.09513284  0.39461557]
5,-234.08510951985,150.87341017049067,12.26595298051991,1.908408843912405,5.212244221627993,6.491749812701931,3.2065960371118303,623.5921955304827,623.4088025324057,17.735328455988427,[ 0.43841676  0.72348178 -0.53325871],[0.32060462 0.42839862 0.84480015],[-0.83964482  0.54133976  0.04413447]
3,-159.49256799584973,-134.16868391093985,128.6265366143427,3.273207077197366,6.032230681841237,2.2924625939894048,4.6139599095151675,424.3922224917541,424.2838936094723,9.589944119293275,[0.5221907  0.17870599 0.8338951 ],[-0.55078874  0.81719416  0.16978067],[-0.65111338 -0.54795792  0.52516044]
4,-248.90562263960265,228.8908044414926,336.687323907979,5.134258349759755,1.212462053649634,1.9721217579748798,1.5977741632809492,954.430918727974,954.3720446242386,10.783722562612123,[-0.01847075 -0.83314689  0.55274324],[0.85296862 0.2752981  0.44345857],[-0.52163529  0.47966365  0.70556319]
2,-427.06021020649536,62.03591575146518,96.52096935239996,1.067831548106824,3.6411189764253784,3.77895190641987,1.3452032007101877,625.4180266007571,625.3750643869162,7.330541606557089,[-0.25559856 -0.65910144 -0.70728684],[ 0.04467421 -0.73885861  0.672378  ],[ 0.96575028 -0.14026136 -0.21829603]
86,-332.83489592598744,314.0282086064536,37.641347870173014,14.759049311163576,12.864115066500178,13.28829008178579,12.004585284502596,4262.742396240947,4260.154182015895,188.880767367838,[-0.36828571 -0.48557143  0.79283417],[0.58205759 0.54454782 0.60388462],[-0.72496524  0.68387722  0.08208135]
39,-205.39859731389808,-144.56151861790354,72.04971105976232,8.327886558773967,16.944640142611625,10.727894040324294,12.990769879264183,1636.8325368470364,1634.4241606432722,109.02015274953504,[ 0.53503043 -0.38437379  0.75232921],[-0.31130758  0.73814772  0.59851945],[ 0.78538528  0.5544319  -0.27527301]
2,-135.147926843915,148.45532054531236,169.34493515315097,0.6072114116251441,0.3365062883826653,1.495772409738123,1.4670810041263564,371.4414372891821,371.4399110286771,1.0648147548426137,[-0.83470848 -0.5022436  -0.22586082],[ 0.19617587 -0.65442548  0.73023442],[ 0.51456465 -0.56522443 -0.64478258]
46,-221.79528878430415,154.644536628719,307.96573289006534,10.257845838051868,8.943143994954841,14.026125879478963,16.585458271514057,2782.4541780286527,2782.030210298225,69.88890669390499,[ 0.61967272 -0.42532014  0.65962755],[-0.56848256 -0.82268748  0.00358926],[-0.54114074  0.37721092  0.75158407]
11,-439.9502368780372,58.82141250113082,195.92262441452505,4.137892476170225,5.5601005040199185,7.777792935841542,2.8811018753506428,1609.47755009825,1609.256651002936,33.21597671887207,[-0.28195083 -0.88647    -0.36698047],[ 0.31346889 -0.44662225  0.83801302],[-0.90677505  0.1212415   0.40380628]
14,-90.07170256694734,-89.53189588265643,94.95664569220443,5.9275063371295715,5.8867404496848845,5.54310356141254,6.335145661478,594.2587342355614,594.0557748504775,29.095318688032783,[-0.81689805  0.29974559 -0.492778  ],[-0.09872424  0.76908494  0.63147596],[-0.56827027 -0.56450061  0.59867183]
5,-315.93170028396474,89.59946484255258,262.83710733513243,4.512362778300722,3.148246765938642,4.532667618676369,5.766269167351604,940.6662857070856,940.6435432503883,9.344857147851283,[-0.62916274  0.05585602 -0.77526405],[-0.20000658 -0.97546244  0.09203475],[ 0.75110027 -0.21296274 -0.62489619]
14,-466.1840223693192,33.17306147865221,116.70879418590759,4.400303481885928,6.745918381023407,11.022918996494335,4.161646661539954,1803.004007157791,1802.6079901279888,48.67982541162238,[-0.15276151 -0.92518191 -0.34742244],[ 0.20029295 -0.37323698  0.90585699],[-0.96775341  0.06879382  0.24232366]
37,-326.47433899504773,-169.53737156815018,109.37889198271958,11.530996114046454,9.131993686182268,20.403195397457132,8.76036732512167,2339.2449814005754,2335.305315508223,143.93572514580413,[ 0.47039937 -0.88167174  0.03713995],[0.23407123 0.16524265 0.95807386],[ 0.85084375  0.44198394 -0.28410403]
22,-266.58547524492076,43.470945131137924,203.87052626140655,12.525024006890641,10.055162796535756,6.661796979861632,8.753367816793359,1588.8701229985982,1588.2946874709369,70.90681118100763,[ 0.35597873 -0.70315721  0.61550718],[0.50216134 0.6994112  0.50858428],[-0.78810731  0.12803872  0.60207387]
14,-471.3643234079086,-102.25729591750826,38.02166554447881,5.9985950853066035,4.5680166680423016,10.31113539074601,5.855576641006034,1810.8854382578963,1810.498181764624,42.210940094445704,[-0.21770054  0.97248351 -0.08295964],[0.0587201  0.09789444 0.99346295],[-0.97424762 -0.21140603  0.078416  ]
2,-402.51458308174415,-17.0069455467377,142.46084404749763,0.7654668857223612,1.1767160333954036,0.8183324095482476,0.9470132553362873,604.3260016665415,604.3231167649584,1.8673065509542697,[ 0.32177278 -0.39051867  0.86252968],[0.09587051 0.91973458 0.38065358],[ 0.9419507   0.0397928  -0.33338478]
13,-362.34241755900945,200.6184093248644,201.4858595530921,4.6448655644523615,4.843629586287583,11.88030085286067,6.617406710219767,1661.3281984337173,1660.8828299076854,42.91741676758299,[0.55596363 0.80792239 0.19536082],[ 0.26849993 -0.39699184  0.87767037],[-0.78664619  0.43549843  0.43764013]
17,-314.8382534077351,169.20453964887182,91.7307741710373,5.312322992678099,5.020249167450236,5.38876988946222,4.9019810898915495,1521.797618096406,1521.7248134361414,31.55605414885821,[-0.16181848  0.22056816 -0.9618547 ],[0.49583879 0.86089951 0.11399969],[ 0.85320495 -0.45847761 -0.24867569]
2,-284.91158629953816,157.01067508364736,152.36684276256346,0.9405860950306817,2.3245954647264426,2.1585090511559315,2.6775453812493026,508.0424519249829,508.03501560514803,2.7487955591281596,[ 0.02188683 -0.67551074  0.73702524],[-0.608693   -0.59382145 -0.52618335],[ 0.7931039  -0.43710562 -0.42417553]
10,-468.7706320029473,11.78412396851953,63.90221483325903,6.009485711425904,6.049612865954795,1.7856199715893954,6.070398699688848,1496.801649440499,1496.6895576280895,19.709772059866047,[-0.13683503 -0.09782279 -0.98575193],[-0.01140071 -0.99489068  0.10031226],[ 0.99052824 -0.0249645  -0.13502065]
4,-350.78052181159694,164.45542622178937,280.8836703345995,2.700304835256733,4.3213723611920924,2.6408375059490603,4.05756683172483,957.1213703418437,957.0903306974178,8.116920558966509,[-0.6790226  -0.31923938 -0.66107074],[-0.03982607 -0.88315219  0.46739288],[ 0.73303628 -0.34369817 -0.58696625]
9,-234.59296475719597,180.11702714573818,253.37624808355042,8.348661990935808,1.9321577412894493,7.936049711439969,9.775988979347085,1168.8168558942916,1168.8100096141445,19.111198316597374,[-0.78550166 -0.19896955 -0.58600193],[-0.14141874 -0.86414067  0.48297168],[ 0.60248476 -0.46224671 -0.6506459 ]
12,-468.62762984848405,43.687187675587126,59.21949365660263,6.321572956594717,5.017547412792536,6.431634591144609,6.678493813229855,1643.594633333506,1643.4927197960992,27.229379350195074,[-0.1466699  -0.81698494 -0.55769486],[ 0.05071945 -0.56926157  0.82059052],[ 0.98788434 -0.09206995 -0.12493056]
2,-86.57094731893082,-92.33698304481676,64.82524381055029,1.5586718311746566,2.642262630051448,1.075609146651427,2.1738873396412117,201.16424899734537,201.13521874286116,3.417434114562752,[-0.78736417  0.56493246 -0.24679743],[0.09711769 0.50899277 0.85527452],[-0.60879045 -0.64944412  0.45562761]
2,-235.80837131485947,-3.9375167997086487,186.75364143562857,0.7732158889845806,1.8798743853957345,2.013117596201454,0.6190103811110816,425.4555183404109,425.43718184968554,3.9499855829272916,[ 0.42726132 -0.73683028  0.52395505],[-0.45057896 -0.67595129 -0.58315388],[ 0.78385354  0.01307598 -0.62080806]
2,-96.86284391892305,32.97563145795784,86.49210405709009,0.19234384363740276,1.6613388391448343,0.7893983473112769,1.057487129125903,189.4946282034327,189.48248168201889,2.1455194197535996,[-0.57884716  0.29432473 -0.76046625],[-0.377237   -0.92344771 -0.07026076],[ 0.7229303  -0.24620576 -0.64556526]
9,-351.91007616424633,39.00673090662841,202.00637636284557,3.999821988719317,4.37593420643148,2.9177071544943884,4.436523108268453,1223.0540672987388,1223.0073666550682,14.699250655753717,[-0.4594208   0.25744373 -0.85009132],[-0.20896396 -0.96153857 -0.17826283],[ 0.86328825 -0.0957408  -0.49554728]
7,-329.0714224289227,209.77638386196165,7.591867071538021,8.585837195733292,7.04510322155292,5.2342407830591196,4.223916330839987,1033.132469555332,1032.8295826950844,30.58723077022124,[-0.11545084 -0.21626999  0.96948357],[0.52506631 0.81521875 0.24438443],[-0.84319421  0.53725755  0.0194384 ]
9,-201.21624305965702,0.040036886006109405,162.53604402691315,5.180926965245238,3.968625688215404,7.378973288847252,5.422778266701057,776.5149259220545,776.1896464168766,24.65626138767545,[-0.26556117  0.90621685 -0.32901109],[-0.5696499  -0.42281315 -0.70478935],[-7.77802201e-01  2.56449738e-04  6.28509086e-01]
16,-336.53836786146337,-209.62290300692376,273.32698407805356,5.903617082519187,4.3918644880115165,4.609686246660536,4.505190936222055,1926.4898214317973,1926.4489057792869,29.71977155440432,[ 0.54140339 -0.84047271  0.02209047],[0.46739467 0.3227118  0.82304272],[ 0.6988738   0.43527315 -0.56754973]
5,-326.03894691543957,54.16277344230777,340.9109277788464,5.633985233207079,4.044326947936575,2.650930465627908,3.988812589850099,1061.8608088837414,1061.7722810468615,13.968532442599068,[0.49206238 0.79992341 0.34350713],[ 0.53508905 -0.58915193  0.60545826],[ 0.68669813 -0.11411633 -0.71792976]
6,-302.16539951266986,79.7549027335907,227.57120532923594,7.027348554697538,2.6545851563992264,6.8995057756679765,8.846909920445174,947.2529456731003,947.2306446270596,12.46941720885082,[-0.53054708 -0.71607635 -0.45360164],[ 0.32805394 -0.66688111  0.66906666],[ 0.78160118 -0.20616556 -0.58872349]
10,-304.98549655590443,-31.807113414383046,125.2408642761826,7.527892865475011,4.40151587279324,5.696369842330154,5.057360411386881,1047.8889996079415,1047.6330415413104,28.73796749384856,[0.06741367 0.91552253 0.39657774],[-0.38395147  0.39067657 -0.83663199],[-0.92088906 -0.09586618  0.37785316]
2,-458.1913428523953,-157.46555045038633,45.70180629404942,1.6321827228700272,1.4986386403066945,3.7105122790230425,1.673152983830363,688.2471055974753,688.2240349746322,5.635250352759012,[ 0.33662474 -0.91520076  0.22156567],[0.01422899 0.24021493 0.97061543],[ 0.94153137  0.32358052 -0.09388467]
11,-410.2131219488521,-49.17823578608358,70.73314414926766,4.724148677941546,5.571112603513142,9.043374734882441,4.646252249337068,1390.6758679156071,1390.3500746425425,35.255196219359355,[-0.03936085  0.91271069  0.40670618],[-0.20176382  0.39137812 -0.89783881],[-0.97864298 -0.1173983   0.16874702]
9,-71.76189271930264,-66.32058726791563,13.702103959938263,6.569008702173911,6.753340047648814,4.72847159671293,8.731712626751019,297.5554150508061,297.3284255111773,17.423387830110922,[-0.68556317  0.72183907 -0.09461239],[0.03583796 0.16326423 0.98593125],[-0.72713051 -0.67252744  0.13779718]
3,-381.39916196390067,-50.39858018869945,67.23431800917422,3.532571764094675,2.0932539053501253,1.9179489565635075,3.9093504869749163,676.4869332041814,676.481841764264,3.9660669790814564,[-0.13489351 -0.2562702  -0.95714645],[-0.16765672  0.95795032 -0.23285707],[ 0.97657307  0.12906113 -0.1721867 ]
39,-208.78017610457957,131.91453338166417,254.80624002019576,9.803702947246961,11.041153229099926,8.43215609803803,10.774471524457242,2218.242569602995,2217.350235450726,82.59355484368405,[ 0.46296145 -0.57308929  0.67619181],[0.66301433 0.73021166 0.16493308],[-0.58828453  0.3719672   0.71802626]
2,-349.09114555159874,-311.53278501705006,90.99631639056612,2.216258257239474,2.1425189680144285,1.7965588813345619,3.3664278350914856,674.1073556217355,674.1052834912167,1.6714282978550103,[ 0.64741213 -0.75527544 -0.10206149],[0.21090604 0.04885909 0.9762845 ],[ 0.73237707  0.65358381 -0.19092412]
12,-284.1825593193864,55.48392040252589,157.61759627166123,6.122619259374029,9.38313869103087,4.674667296505984,5.405588946648804,1142.6942741214511,1142.2487812022928,37.55889576455652,[ 0.45703412 -0.14992742  0.87672207],[-0.21901761 -0.97431057 -0.05244233],[-0.86206212  0.16804963  0.47812992]
27,-435.6893979063717,130.69600166550694,67.16367455503365,15.352818483702821,6.905873340875819,12.63088316759609,16.988881354259686,2391.5071679924104,2391.0223334716793,64.63579548321373,[0.29925261 0.94959658 0.09334999],[ 0.11273911 -0.13233618  0.98477258],[-0.94749025  0.28417157  0.14665862]
7,-220.0061592307834,-253.84458658609228,218.6363883296784,4.00631133331001,2.728110553176699,8.005623645259337,4.959494898350428,1060.680044988871,1060.5317093148083,20.968143757630067,[-0.70894164  0.69849016  0.09753582],[0.44286953 0.33326912 0.83234504],[-0.54887915 -0.6332797   0.54560837]
35,-291.22027794898077,-252.82827635554776,245.57016473620462,16.83329114932845,15.97012301492884,6.435931330304731,8.461913274841558,2708.496903575612,2705.4582022033337,132.87129205325041,[0.46978132 0.27395512 0.83919849],[-0.61095727  0.78707945  0.08507149],[-0.63721011 -0.55267941  0.53713009]
19,-386.3008812079814,-110.54633896484091,183.56612136887097,14.154362489291055,8.516918514566596,7.535756884527467,8.915456445569838,1927.047369229797,1926.0700669530474,69.24358116788842,[0.09086154 0.75694536 0.64713051],[-0.47600404  0.60379185 -0.63941813],[-0.87473672 -0.24993822  0.41517051]
3,-198.91721536511946,154.25754726128767,217.25154525518056,2.0906835553802505,2.295417489714936,5.700720611821688,5.096896700220328,576.0168985316994,576.0026130876295,6.960692412897836,[ 0.34389411  0.88511862 -0.3135313 ],[ 0.72384817 -0.03719024  0.68895625],[ 0.5981477  -0.46387705 -0.653481  ]
15,-210.5438385430166,66.86216103962893,255.0791997466741,7.542848326541741,18.049275938247526,5.277049711047646,6.664151516825155,1309.145851303746,1307.2421626343732,74.23108283984038,[-0.7197252   0.23105584 -0.65468224],[-0.3044635  -0.95252288 -0.00146013],[ 0.62393719 -0.19827596 -0.75590279]
6,-206.779612922845,-211.8568321301407,328.7253524161243,2.9694458628393656,5.147951515816031,4.094419279570545,5.395194424678555,1083.7348371131197,1083.7084936438355,11.725978300024652,[ 0.86609714 -0.07958562  0.49349962],[-0.17721931  0.87423259  0.4520074 ],[ 0.46740674  0.47893998 -0.74306624]
4,-202.23139180057248,-178.16168581320395,149.982459088069,2.466144880976269,6.408510236179128,2.5956748252813844,4.788485518789974,617.0163404431003,616.9838988024933,11.12172213585234,[-0.52084749 -0.12019824 -0.84514512],[-0.5467698   0.80727395  0.2221521 ],[ 0.65556135  0.57780719 -0.48618738]
