N,MEAN_X,MEAN_Y,MEAN_Z,SIGMA_X,SIGMA_Y,SIGMA_Z,SIGMA_R,LAMBDA_1,LAMBDA_2,LAMBDA_3,EIGEN_1,EIGEN_2,EIGEN_3
6,-417.36023804442783,173.5624330334332,83.01987357454017,5.089241255162334,4.676619405580046,2.4688741331830872,6.191453447245016,1125.8452904230694,1125.830853237116,9.648843695086846,[-0.37977996 -0.56157283 -0.73512117],[-0.17624037 -0.73618233  0.65343317],[ 0.90813353 -0.37771885 -0.18061549]
6,-211.8980540389796,-177.25791845607662,6.447111259244214,3.8065739363635993,5.075610831568895,1.970691649021126,4.812295272507967,677.0703545199494,677.0019332793474,11.242121340686811,[ 0.19069312 -0.19294544  0.96250101],[-0.61296135  0.74244866  0.27027462],[-0.76675583 -0.64151543  0.02331176]
2,-223.76944403444008,-210.6999418081976,69.05114035585251,0.7641113762271772,0.07645787100572932,1.8384852375912573,0.19092264928852387,445.5092800063184,445.50045117878756,2.8047408516508376,[ 0.62848188 -0.74294459 -0.23031253],[ 0.31689517 -0.02584095  0.94810848],[ 0.71034357  0.66885393 -0.21919499]
15,-322.9332378223696,-224.5750800192964,113.51184806582435,11.497698191266435,8.520466833015563,5.660684439427988,12.935070731446965,1586.6223758320423,1586.4565416747052,32.15136267312305,[-0.50072091  0.31211989 -0.80737832],[-0.35632151  0.77571637  0.5208638 ],[-0.78886853 -0.54849365  0.27720237]
89,-136.11071248209169,-127.28510874650733,29.413705858778464,17.407834071791687,12.928984561005187,16.26854234689011,17.423328634152394,1795.6772643655813,1789.9618580025526,194.6818605899532,[ 0.55958388 -0.70118173 -0.44182582],[ 0.40590823 -0.23291731  0.88373527],[ 0.72256792  0.67386475 -0.15427866]
60,-387.60196738369666,72.96529587095705,264.7005465051794,9.78183717678904,17.850744661375824,13.166175508395188,10.643077766294024,3682.89880559691,3681.4527560166594,169.57489802827035,[0.5758107  0.30282445 0.7594336 ],[ 0.05198588 -0.94055778  0.33563153],[-0.81592861  0.1537804   0.55732583]
9,-326.06122870720816,163.04296122745043,93.6371496057921,2.850630364960151,4.14415805145046,3.0896586649858735,2.8491146737640283,1129.274130588875,1129.2167969054167,15.487264387700675,[ 0.08999117 -0.35459536  0.93067917],[-0.49138434 -0.82862062 -0.26819637],[ 0.86628114 -0.43318587 -0.24881115]
63,-204.8878356199219,-146.3957949636333,77.6391769145632,8.328480314126603,12.694187988646693,13.208722282323187,13.232599176166836,2096.189084138794,2095.682053028085,119.99225151676198,[-0.32858614  0.75848324  0.56279154],[-0.53732021  0.33992699 -0.77183977],[-0.77673557 -0.55601512  0.29585308]
158,-136.02191937140154,108.69934349480495,164.80750235188918,20.083695510848663,21.22083360553372,22.35724053572945,30.333681624936762,3044.869352427044,3041.813206797291,259.2837071617022,[0.82231776 0.35686483 0.44321665],[ 0.04360966 -0.81613346  0.57621556],[-0.567355    0.45450376  0.68668379]
21,-403.20576728890563,0.6164865146684084,258.60214500709344,11.563117007305209,5.626179833019313,7.656243378907288,7.723245740183402,2196.0781956677233,2195.477095516164,58.670538761020175,[ 0.16995262 -0.94853223  0.26721287],[0.51219747 0.3166784  0.79835364],[-0.8418847   0.00118347  0.53965614]
179,-245.9606140055623,-219.16741815888952,318.2648348923286,19.211406688416748,27.97275035826382,21.1436525074016,19.97902844680593,6146.897830997422,6138.97116900217,466.67901303318274,[-0.67080211 -0.2579161  -0.69534439],[-0.51214209  0.83922672  0.18278125],[-0.53640937 -0.47872518  0.69504474]
100,-363.2026136150302,-157.391351643884,230.75015458751363,13.335522552761832,13.13367416252098,11.464590007682794,13.554839455139303,4586.385642561967,4584.563672324417,173.0836182713227,[-0.58393686  0.66486915 -0.46579689],[0.17460649 0.66321862 0.72777307],[-0.79279904 -0.34364236  0.50336827]
28,-347.1349154712217,166.14813866588787,181.5522359517238,6.664621407426766,8.42131002747157,8.44363623188942,7.3663131791747825,2252.5988169635702,2252.2010707790605,60.893550709192134,[0.57681158 0.49508317 0.64975461],[-0.04242181 -0.77618486  0.62907666],[-0.81577496  0.39042247  0.42671009]
40,-230.4832412645945,110.24998366278719,17.696234840190574,18.19124624368742,12.615801126360328,10.311873992598635,17.81505203800793,1626.3260209069163,1624.4518361942266,105.79359990979266,[0.23918422 0.35251699 0.90472243],[ 0.36364888  0.83143057 -0.42009843],[-0.90030573  0.42948221  0.07067266]
73,-374.9720783729369,168.05104095227298,32.34145728845726,12.229959921475867,17.821072690715578,16.521321418650118,15.118808645266132,3527.4015777759832,3526.0333328005927,191.56359528221208,[ 0.32274653  0.81161776 -0.48694074],[0.26218258 0.41767663 0.86994628],[-0.90944762  0.40843952  0.07798835]
3,-268.8086988705658,-66.69996704334348,324.394235455589,3.6107392253928055,1.7114039902616975,3.7063572749238576,5.083669770997795,738.8537981702443,738.8459802185589,3.411177409905484,[0.66051154 0.40689605 0.63099929],[-0.40811302  0.89999307 -0.15315432],[ 0.63021288  0.15635883 -0.76051538]
33,-374.20975705951344,26.303064101318625,290.5156934927408,9.9791232474177,8.743315052008485,11.710440848051771,12.220126064036533,2727.059376814782,2727.0105896452837,73.64656733982218,[-0.40233814  0.70683124 -0.58181923],[0.46497996 0.7052253  0.53521109],[ 0.78861756 -0.05519845 -0.6124014 ]
332,-391.6004703039395,91.73754289365664,158.17875055994128,25.481493108552364,27.998158118550673,32.34198410321084,29.687176062877317,7916.576450355848,7903.623726799283,730.3824341093502,[-0.05599979 -0.91556672  0.39824818],[0.4210545  0.34001423 0.84089442],[-0.90530499  0.2147741   0.36646276]
80,-42.55347654769692,3.547142050982541,14.503769740819155,17.245964700777233,21.481586058899605,10.47197687327409,16.45998264139349,472.7824057107661,439.80377362087114,217.74959643244603,[0.30200013 0.29900432 0.90520293],[-0.01818926 -0.94755874  0.31906361],[-0.95313434  0.11282222  0.28072419]
97,-305.0350383570866,193.2395248360859,213.57066510997714,16.48503049869716,16.922814317252477,13.359511102998448,18.816367282738216,4138.711389808072,4137.7452599353055,192.60582068038863,[0.58894101 0.7996676  0.11696245],[ 0.35278418 -0.38458482  0.85301691],[-0.72711196  0.46111414  0.50860785]
34,-230.36571547509095,109.38364868676449,161.6237382825547,9.835337065469462,9.01328926507974,7.4648457359225375,7.859652774475764,1762.0893996954494,1761.708894267506,76.68015884022813,[0.62588148 0.62011628 0.47299913],[ 0.16044162 -0.69587406  0.70001269],[-0.76323709  0.36223623  0.53502715]
22,-382.46648310879357,-37.560373974043834,169.30475418686422,6.349154132737319,10.889973975633493,7.337151209271676,7.1849545224196545,1970.7834471939843,1970.1480551830127,59.42501619808299,[-0.40190525  0.41694718 -0.81524672],[0.09514817 0.9045135  0.41569478],[-0.91072444 -0.08950068  0.40320048]
136,-238.15476162712562,192.34629954878469,46.311023523793104,27.553053910613034,17.35063637301904,13.880615489460542,21.42273375541382,3631.1245742375013,3623.0196523452755,321.29774232605087,[0.20812816 0.02219357 0.97784974],[ 0.60205916  0.78499702 -0.14596042],[-0.77084852  0.61910187  0.15001814]
2,-250.51023361225597,-137.19856925669274,122.65341210477943,0.44541255019754544,0.3960452186798875,1.4850572122184218,0.4018191263992321,439.60264942462317,439.5971917975003,2.190512474274166,[ 0.32228576 -0.88614454 -0.33298611],[-0.49663667  0.14118463 -0.85639881],[ 0.80590565  0.44137825 -0.39459008]
231,-286.6709709966544,226.5715418422033,278.56911186519255,27.38385481116247,17.80078421844166,16.49440432010094,18.388889075430246,6999.541103276493,6995.183983506671,477.2731162670062,[-0.40211525 -0.86792703  0.29155788],[ 0.66913343 -0.06122205  0.74061617],[-0.62495102  0.49290418  0.60537731]
22,-254.89182227937744,149.40648873803943,221.60830761052983,5.50837894799657,7.990855822664288,12.33080661680836,8.89792211355674,1733.5218379274354,1733.131380484887,60.804871997944836,[-0.17027743 -0.89669064  0.40859699],[0.70368586 0.1796173  0.68743279],[-0.68980563  0.40457821  0.60040375]
32,-242.59609388370393,-9.5640982147419,135.11912623488172,4.988334417387602,9.665721123787575,11.562394705173372,6.661932060221333,1573.741492048009,1572.8055965766187,81.51775333006712,[-0.33480056  0.76748954 -0.54668857],[-0.35499934 -0.6401578  -0.68130276],[-0.8728597  -0.03402647  0.48678347]
44,-131.31679657638668,-133.93907626860528,194.86238409233871,6.799227520082483,11.232102878905991,9.233382956724045,8.754132300042965,1796.5910094872947,1795.7283473320451,89.13074616021879,[-0.85725035  0.43183704 -0.28042575],[0.17211143 0.75361644 0.63438152],[-0.4852829  -0.49555931  0.72036205]
198,-338.42285436562423,-165.78624561800598,151.9215238856545,23.727425362669454,20.15225772182692,18.690534453033294,23.09820300062053,5734.836156920169,5732.185994152793,391.8189775552214,[0.17673991 0.44420447 0.87831964],[-0.52416284  0.79777892 -0.29799683],[-0.83307642 -0.40771458  0.37383485]
7,-325.69608238865294,-160.5689178188777,29.22143712112212,4.206553934061404,3.3363187434626562,4.198046912642037,4.3046920642323645,963.977957628375,963.9501168951109,13.99554004639762,[ 0.42495328 -0.77759945  0.46341537],[-0.14182067  0.44842572  0.88249718],[ 0.89403669  0.44074195 -0.08028031]
6,-268.54218026574534,50.354303717473705,115.06328470256447,4.806022974500393,1.579998892913725,3.7741794159290696,3.5297421875413977,726.3411204458273,726.2376127724806,12.875806876807749,[-0.20179285 -0.97849499 -0.04274569],[ 0.37237076 -0.11701314  0.92067798],[-0.9058806   0.16986898  0.38797534]
12,-60.04887065330541,-4.253874548179762,45.18887592007079,5.3237182294112735,9.849148857105329,3.392115622105566,2.7175767554635613,263.21296295894615,261.62510124531053,39.238578490863496,[-0.59830673  0.1738582  -0.78217797],[0.05921248 0.98310067 0.17322514],[-0.7990763  -0.05732707  0.59849033]
2,-112.99583553664944,-118.55925177429351,113.35508955798352,0.8211838163779248,0.7473730364850582,2.5215110860289016,2.345646749605649,281.71376354760235,281.70635064409953,2.0436680107387124,[ 0.74422312 -0.66642396  0.04484481],[0.35261822 0.44902947 0.82099508],[ 0.56726743  0.59519042 -0.56917135]
43,-165.44621138704957,101.61610726614661,40.9676170940355,13.749137185946319,9.372512909187115,15.438687702708814,13.107951359588538,1307.541252119215,1306.2180530108237,121.78071751891673,[ 0.46363726  0.85381644 -0.23672342],[0.29884613 0.10082369 0.94896026],[-0.8341052   0.51071721  0.20841412]
206,-306.16463807632834,-253.13462590729466,165.59744807719096,23.25775556736469,23.29800513092736,22.553571599416184,29.098684554170326,6198.690025623661,6196.179433174672,396.33004835208607,[-0.31737378  0.75720334  0.57089139],[-0.62746887  0.28370333 -0.72511739],[-0.7110251  -0.58834983  0.38508153]
68,-209.1907511830686,56.725663428956416,82.4480617050049,9.484014478742452,14.949248864952331,16.688788160459776,12.098585732907711,1919.9449623208134,1917.801597046647,172.98289745081107,[-0.03130532 -0.85792692  0.5128171 ],[0.43227609 0.45098165 0.78086678],[-0.90119773  0.24612386  0.35674317]
19,-263.7452284089557,41.37378899173467,205.2245865380883,9.153005216888982,7.647861624566529,5.816356510528891,5.686110357487368,1468.5364993838784,1468.3937997161975,52.436973639938294,[ 0.01067744 -0.97749482  0.21068902],[0.62139516 0.17156411 0.76448271],[-0.78342456  0.12275842  0.60924242]
48,-343.02847759576935,-196.41709836156573,84.18591749970625,19.027647380281874,15.577914642715456,10.05785329423457,18.925070011884856,2805.597381685454,2803.567497082233,128.855149204021,[0.22274646 0.02954473 0.97442861],[-0.47934547  0.87368468  0.08308431],[-0.84888865 -0.48559468  0.2087723 ]
23,-233.03468970046922,-53.51799696950194,263.7304275634088,9.268994562490256,13.189008501081263,5.329384223888365,4.757445105713896,1708.9119282382119,1707.6401733721457,78.14760349274191,[-0.5884263  -0.51377205 -0.62433386],[-0.47447617  0.84464596 -0.24788217],[-0.65469601 -0.15037115  0.74078449]
177,-251.6010806780571,6.586713342389934,24.19851395864054,16.029223966575564,30.893582118424046,18.972016026565544,15.644748786549789,3400.275219005694,3375.4060961507053,482.6445062185088,[0.09752896 0.44075095 0.89231536],[ 0.01708961 -0.89719916  0.44129538],[-0.99508595  0.02778976  0.09503516]
75,-333.6877969640331,311.3116342373203,34.12685269972658,14.813123960394513,11.793594106017618,9.427912953433149,11.217059112750524,3966.945089724712,3964.911477791972,154.92680434026985,[-0.2472786  -0.3634433   0.89819945],[0.63795569 0.63664353 0.43324076],[-0.72929132  0.68014262  0.0744324 ]
320,-332.9303618977109,-48.64844515039874,216.24665719171406,15.472996444234413,29.096873733393437,35.30589820257877,20.546972968987834,7199.189513294775,7172.387800816723,776.7748984964386,[ 0.44893328 -0.7209161   0.52795727],[0.32782959 0.68252419 0.65321397],[ 0.83125608  0.12016947 -0.54274545]
10,-361.0661176130634,249.03933344281404,198.63097291819307,8.341379872423444,6.712520054533808,4.259014069564105,4.352001407616734,1523.0404839042558,1522.7386235786955,33.79599658554071,[ 0.2444693  -0.36283772  0.89921274],[0.61468464 0.77520247 0.1456843 ],[-0.7499317   0.51711692  0.41254398]
21,-377.3170233780141,87.38041807202237,77.2216626692167,6.016900055972199,10.482280325287018,6.415971631609205,8.23536168081607,1810.7409109631371,1810.2886309035694,50.36294284232004,[ 0.11009672 -0.34774394  0.93110303],[0.27436066 0.91103299 0.30780696],[-0.95530359  0.2215695   0.195709  ]
6,-143.71117861574714,-88.153919038924,160.21827824652397,7.326624070521401,7.129989370934228,5.010362993088392,4.79592584269835,570.1975661749481,570.0187203036817,25.214851332909447,[-0.72023455 -0.07804717 -0.68932636],[-0.31482237  0.92221263  0.22452335],[-0.61818206 -0.37872483  0.6887804 ]
2,-257.38881259028216,187.02233881405408,211.15768565452674,1.8410606384574635,0.15829151121724294,0.640123918264365,1.6724562979609061,540.0328667631219,540.0309647095572,1.4332966407948873,[-0.22297226  0.57877586 -0.7844118 ],[0.70422511 0.65203472 0.28092297],[ 0.67405517 -0.48976446 -0.55297415]
18,-199.70300617348033,49.54938996161101,149.75945912478028,6.573199300016895,10.5839557511061,5.947354653934905,5.534373998586791,1080.9561887738892,1080.3041082387933,53.42380140122806,[ 0.57897508 -0.10866322  0.80807188],[-0.22120478 -0.97484234  0.02740171],[-0.78476512  0.19461427  0.58844625]
71,-241.92389418145063,-139.519874013097,308.8648932088893,11.965459392824418,9.369582132632381,16.6500750569779,16.562217467498748,3513.1741704932424,3512.0780121420885,128.55755207761405,[0.22724424 0.80859444 0.54271086],[-0.78175725  0.48378287 -0.39345869],[-0.58070273 -0.33485693  0.74206144]
9,-287.1192542764173,-83.00797360659577,270.2084720740675,7.445898873135445,5.255309385850856,7.4221690982009925,10.737550927016972,1209.2376128358962,1209.1948954830084,14.356803301045312,[ 0.63842999 -0.58691332  0.49793563],[0.29093503 0.78295987 0.54984602],[ 0.71257557  0.20617127 -0.67061871]
5,-320.45837373000745,29.349545762393852,213.04919548830125,1.9398320491054923,6.490802923650251,3.540409183543495,0.9270342351671681,863.1202190987342,863.0000382057458,16.969072012083046,[ 0.47466996 -0.42245858  0.77215101],[-0.29194886 -0.90318523 -0.31467809],[-0.83033385  0.07606037  0.5520512 ]
66,-217.16103452669802,145.12199636623836,284.1466066440059,14.39019486617853,17.44560025690245,29.79391709099057,33.604433928863834,3149.741526147595,3147.869791971126,131.38269806893499,[ 0.07062096 -0.86541258  0.4960582 ],[0.82488832 0.33028407 0.45877194],[-0.56086713  0.37679371  0.73719371]
72,-94.86992511806153,-66.69085759717706,84.10943078228355,12.969382896141296,20.52096817445889,20.057918401125793,16.051671983724816,1236.1442215661898,1231.7438098872458,229.72008830091534,[0.15376911 0.68330722 0.71375507],[-0.73967895  0.55854734 -0.37536638],[-0.65515656 -0.47022985  0.5913153 ]
211,-230.59447929842065,-109.4142738343809,131.5031977125425,33.222077110069385,15.080655815944809,25.630471071131986,24.840021078385067,4216.6561728076285,4188.434133988052,552.0767013019603,[-0.21576683  0.90221665  0.37342976],[-0.55150137  0.20299503 -0.80909781],[-0.8057859  -0.38052349  0.45377412]
3,-185.28601636635474,-206.38392466763435,104.62050066345591,7.243385785813319,2.4685828037523496,2.5938252764270175,4.949949244444453,513.6219464012289,513.5030075099328,11.089479251408774,[-0.19101211  0.57484375  0.79565636],[-0.75669913  0.43007797 -0.49238132],[-0.6252366  -0.69612327  0.35283367]
6,-298.3175027400275,83.80759528668011,72.24289091587012,5.425738672252318,6.5899741384296435,5.827726664160752,3.812666165456667,779.694677224645,779.508969597395,23.598543875039486,[ 0.00366647 -0.64527093  0.76394501],[0.34761231 0.71713071 0.60406062],[-0.93763119  0.26334191  0.22693346]
3,-138.259160603308,-66.78461938657632,147.1346103073786,6.393823095809861,2.173148047713559,1.4121705969485452,2.882938945857747,368.5318034008402,368.37268203142537,10.849433766190636,[0.16899625 0.828006   0.53464599],[-0.74054438  0.46463368 -0.48549929],[-0.65041086 -0.31388152  0.69169654]
34,-437.7678279957484,-67.82716153004179,104.4434567405707,15.352920481474225,12.442838137450408,15.8115635084347,12.964611163756036,2657.5176975190543,2655.407474558018,127.05342148388468,[-0.22908896  0.89701554 -0.37799652],[0.14849412 0.41598388 0.89716604],[-0.96201234 -0.14940057  0.22849885]
34,-286.50666530158963,126.1582826802266,243.11401284330222,10.033254769374118,7.724393771634077,7.55493190361326,8.840052972375283,2312.5803810448506,2311.9731088582103,69.0774493447519,[0.51039537 0.84427463 0.1633919 ],[ 0.46564667 -0.43107605  0.77288202],[-0.72295902  0.31839251  0.61315289]
8,-317.68552226647694,168.23905540743573,149.3712455533162,6.543490565182752,8.001708808565342,3.6910121341318787,5.441605039973245,1101.4387963849676,1101.2146300375741,27.023035816173195,[ 0.27383407 -0.29545274  0.91527186],[0.50893022 0.8520083  0.12276762],[-0.81609125  0.43219156  0.38367373]
8,-168.31155959548443,55.18084863269112,49.32672514701625,5.276164723867938,2.935094897337462,4.258559472517523,6.124815668360561,520.4310993606266,520.3828743553443,11.656358982635984,[0.39589638 0.54799037 0.73686675],[-0.07376336 -0.78085898  0.62033718],[-0.91532782  0.29994301  0.26871763]
48,-349.8216226222923,148.63505920344681,244.6011347249148,13.004545458815107,7.6700676803848795,9.831646384358539,9.560428846600562,3133.597627475611,3132.586215818408,105.68499143756976,[-0.10979329 -0.91131578  0.39679842],[0.62348358 0.24776041 0.74154097],[-0.77408892  0.32881353  0.54098799]
30,-414.2184627753681,-92.4042466861123,222.08347316551055,6.517314153862108,7.587852839366291,9.837022104055071,7.164302050693689,2624.3736039591013,2624.1735641662826,66.16866061805574,[-0.12283855  0.97647713  0.17720922],[-0.48700088  0.09627379 -0.8680792 ],[-0.86472009 -0.19293464  0.46371909]
5,-246.0679189890772,-219.62672115139836,65.9885505445628,1.8499696288672356,3.0152731387778866,1.3878771244116779,2.5791643969196585,752.1710203277013,752.1584557581514,6.235403766299235,[0.00904203 0.27841242 0.96041906],[ 0.68174027 -0.70435724  0.19776522],[ 0.73153841  0.65296815 -0.19617378]
2,-426.59247970437843,-220.9443451128647,80.1286322804991,0.11600429655575795,1.151601062049238,0.023267494480407436,0.6278406745260838,688.7953038054278,688.7939303970135,1.375497235688951,[-0.18393974 -0.00133091 -0.98293662],[-0.44611811  0.89118414  0.08227669],[ 0.87586803  0.45363978 -0.16451792]
46,-200.72293186898668,-159.1521554035909,273.0937572116976,11.218761395750688,14.343869199750497,15.969793720637222,15.333804573112662,2544.070620982014,2542.403999557001,127.25400140279959,[0.07714714 0.83552402 0.54401097],[-0.84119706  0.34744303 -0.4143318 ],[-0.53519699 -0.42565592  0.72964458]
22,-165.52615946880948,33.59079096862643,70.60318007301966,4.588472810109903,11.28406279076807,8.888541720048881,5.247341745308377,860.8254490055883,859.7118928271551,66.41393578698344,[ 0.29593502 -0.38403714  0.8746073 ],[0.3089078  0.90489567 0.2928136 ],[-0.90387966  0.18351922  0.38642239]
10,-349.8887744471678,-114.55036220299812,265.22124476933107,2.6759640621819143,8.6435742614926,5.445075734894618,2.8392101017717803,1435.1911513496611,1434.97317151911,32.15196939794054,[-0.48197019 -0.36852322 -0.79491847],[-0.41614378  0.89466928 -0.16245377],[-0.77105712 -0.2525025   0.58456257]
3,-225.42297230716397,-256.5783276754042,273.5662860967111,0.3875245413350266,3.446179663197849,3.0487870365943466,2.8870450307433555,757.9666496093348,757.9540684275187,6.238767289542324,[ 0.85616366 -0.38639765  0.34304614],[0.04041526 0.71195588 0.70106022],[ 0.51512173  0.58635798 -0.62516711]
33,-375.9606687587843,-298.00202897910003,16.60358651358391,12.95221835716991,26.85011099573662,10.495428376562295,11.046070171408882,2763.1124261439354,2758.7451562542815,169.29598330681603,[-0.11410927  0.19823743  0.97348908],[-0.61195661  0.75789394 -0.22606609],[-0.78261624 -0.62152931  0.03482999]
7,-202.84731238320543,2.6050484171548702,153.79865452945415,2.4937598045656504,2.749129800621043,5.8849127419839995,3.040738648578714,673.755151962435,673.621497862786,16.601779346045614,[ 0.09211146 -0.98611535  0.13817376],[0.59731055 0.16574493 0.78469658],[-0.79670295  0.01025309  0.60428411]
13,-417.582527758382,-44.43186046800508,238.77619627190538,3.0889744659490406,5.653971040687066,6.217848022441997,4.36912968279076,1741.9833449092698,1741.9046243569055,28.21198767918663,[ 0.4575949  -0.55127197  0.69764326],[0.20839045 0.82924701 0.51857768],[ 0.86439593  0.09191631 -0.49433902]
10,-222.6615014953264,-256.59549988820874,225.32628147220117,5.993518116174073,4.437754929556635,8.08285424396326,6.724228834743373,1289.5845116752391,1289.3666342218244,27.404336962023336,[-0.76196467  0.64742507 -0.0158307 ],[0.34790395 0.42982666 0.83319379],[-0.546235   -0.62935667  0.55275447]
7,-125.79402705120074,146.74133981728113,109.43134987440224,5.012329079734387,4.58509483355258,7.2019383922902,7.4273103473141475,588.2163322794387,587.985861439633,17.311065302082884,[ 0.68028218  0.71225425 -0.1729452 ],[ 0.46529357 -0.23734992  0.85274082],[-0.56631975  0.66057467  0.49287224]
3,-140.14942084113454,137.08819861246877,152.0684729009854,1.4742607763659306,3.3368382578301072,5.502868977002171,4.767569264711216,429.88371315806273,429.83487084804045,7.9147230435661164,[-0.20008838 -0.81231897  0.54781615],[0.80072561 0.18663722 0.56921441],[-0.56462655  0.55254361  0.61310066]
9,-302.89211871326097,-334.35277294866023,168.54258919480122,6.498300131219008,5.938657330439698,4.885342913357101,5.10309776307159,1445.0869073654699,1444.9326055650722,25.969501792951206,[-0.21535773  0.58804483  0.77963089],[-0.74705474  0.41495747 -0.51934527],[-0.62891196 -0.69427197  0.34993738]
4,-258.2025937572482,217.96411397418058,347.3927008961824,4.756244738554843,3.8058447890364944,2.2887435499358286,1.9306527585216509,969.3206268922344,969.2632081239163,12.413593322053464,[-0.3205368   0.67669802 -0.66282422],[0.78319    0.58291931 0.21637581],[ 0.53279412 -0.4497609  -0.71683022]
27,-239.73926254166548,192.43539266714404,256.9909285514198,4.1773740705709175,13.19201830561646,6.248493040474545,7.451080857406545,2083.3325892952093,2082.580876675577,69.02603969474156,[ 0.69420925 -0.08914199  0.71423191],[-0.4004196  -0.87240463  0.28031107],[-0.59811174  0.480587    0.64132557]
5,-449.1671241692842,-11.526396924896925,152.84588777830643,8.411105982602548,4.764137244244331,4.409679878735194,9.012403206276556,1061.4984312713016,1061.438709812256,12.494889973641582,[0.28020471 0.43443389 0.85600965],[-0.16064639  0.9003783  -0.40436574],[ 0.94640269  0.02420968 -0.32208048]
29,-317.451574919254,-303.9878034640613,62.60259875319948,9.552438253205244,11.561032358448323,7.02679281388299,9.715664603413163,2392.1373872732515,2391.7262439087417,72.22654242674531,[-0.00471555  0.20617502  0.97850377],[-0.69913073  0.6989448  -0.15063993],[-0.71497831 -0.6848124   0.14084738]
10,-247.21448107664816,-175.92500097945236,144.35523494179807,2.915603114057182,6.270566934461524,8.561047959565578,4.1463255626493964,1062.9522054354966,1062.8165198677868,32.19766292129846,[-0.66685358  0.67121179 -0.32369898],[0.11901726 0.524742   0.84290019],[-0.735623   -0.52356525  0.42981187]
3,-458.0544295703967,99.39728522247496,93.07744547581449,2.439459750248605,0.36574267125110904,3.3078730357445068,2.7992838463887613,827.7204294513008,827.7052252812374,5.259366353343815,[-0.21034302 -0.97758811  0.00879172],[ 0.19226402 -0.0325479   0.98080333],[ 0.95853553 -0.20799546 -0.19480124]
26,-386.4262050524986,242.29022840740484,127.26507100662644,9.219659787276955,12.740100641738943,8.26752703324711,8.719661793653264,2415.9581467071685,2415.175181914958,79.0581997507717,[ 0.01355349 -0.44785874  0.8940016 ],[0.5779188  0.73313163 0.35850785],[-0.81598172  0.5118013   0.26876247]
14,-332.30520616428794,-205.21166710210304,270.8377110201763,6.9526304176437455,4.29145342016177,6.193484309085331,7.150813471516423,1778.6714867635237,1778.618084954936,27.471820284620804,[ 0.67759892 -0.14601104  0.72079156],[-0.22794073  0.89013304  0.39459624],[ 0.69921579  0.43167574 -0.56987133]
2,-395.9784657882484,4.389250745423192,48.89181453837435,1.7685013461427843,3.8980138703495353,0.766622137997981,1.7039243494084815,564.318226247608,564.289862324331,5.657893003067532,[-0.12149364 -0.24432744 -0.96205166],[ 0.01931274 -0.96962992  0.24381313],[ 0.99240431 -0.01104189 -0.1225225 ]
4,-452.4195799391456,129.8776261894694,84.02074703856034,5.986424924702037,2.084915902793361,4.204699481994439,5.474898499195241,956.3862748123396,956.3293979608225,10.562453724540264,[-0.28367444 -0.95776952 -0.04697187],[ 0.1554281  -0.09426097  0.98333971],[ 0.94624041 -0.2716476  -0.17560372]
24,-384.21716088924967,-262.11731285681464,110.4351940898914,5.884468196329604,6.483932877390251,17.6200265344728,4.8936358952927765,2343.654957911701,2342.292344698951,93.24250041990283,[-0.5457309   0.8340397   0.08096647],[0.23717796 0.0610699  0.96954478],[-0.80369422 -0.548314    0.23114357]
11,-298.84658118410545,80.68993674238484,231.61981308883068,7.405404872334728,6.471048148945469,5.560450254979839,6.021813255511602,1282.736725561221,1282.4546742418463,31.58877768739018,[0.4869384  0.80052046 0.34936797],[ 0.40652571 -0.56174367  0.72054208],[-0.77306393  0.20883255  0.59896672]
14,-163.94377549429905,-182.62642289706793,203.28199595286665,5.2215139957662915,6.311074693244424,17.561613136544043,15.706463692496579,1194.4783079327046,1193.9043499372176,42.7464553592067,[-0.7221648   0.69066998  0.0381179 ],[0.46314938 0.44186831 0.76827407],[-0.51378075 -0.57247477  0.63898512]
17,-207.43796838020762,-62.368325597120474,203.6563670254371,6.592726191008673,2.822680502826742,11.984971250452189,5.521702814871919,1227.1384425596073,1226.1524863483733,52.77988805965133,[-0.15956483  0.9776716   0.13673811],[-0.69876782 -0.01401507 -0.71521124],[-0.69732532 -0.20967075  0.68540176]
3,-179.44952281001113,69.74465736392787,15.90878376755058,0.8349048163462706,2.2845712780414105,1.4346285837601582,1.680858381508199,334.6350229161576,334.61784299918753,3.9210639455715413,[ 0.12886725  0.52365577 -0.84212699],[0.34724524 0.77161426 0.5329467 ],[ 0.9288778  -0.36110396 -0.08240116]
5,-345.9111750652613,197.63127350573055,189.08309040948188,4.569342712076948,3.9317740061913122,2.946660420909576,3.1531280188352317,986.1480169610094,986.1226118886754,13.238287348467859,[-0.61540671 -0.47666723 -0.62774432],[-0.07696042 -0.75627444  0.64971229],[ 0.78444355 -0.44814876 -0.42873185]
5,-356.64816501497467,-117.29448889447153,124.74795724318923,3.605009666462617,6.635769238975163,3.6764767334848942,4.6941187630975385,884.8005513380679,884.7436686267064,15.547378188396706,[ 0.42085596 -0.43020193  0.79862792],[-0.10128062  0.85260349  0.51264951],[ 0.90145577  0.29663714 -0.31525214]
16,-159.21779668809933,-107.611866027268,188.79669647537753,7.855046680989096,5.559760793629525,8.361608212886612,10.3522498329118,1078.6552498862734,1078.5234506792633,29.748466616228363,[-0.61586     0.78452245 -0.07239463],[0.52088213 0.47438687 0.70967521],[-0.59109919 -0.39935151  0.70079962]
6,-282.79248865214424,-44.85264163747909,185.55214376005426,2.3929986435990935,3.4162225573698874,5.559967346536021,3.087413726876621,835.8907661879161,835.8166463380302,15.2405257199141,[-0.3254653   0.90391318 -0.27751271],[-0.45516599 -0.40702153 -0.7919327 ],[-0.82879205 -0.13143226  0.54390192]
19,-380.3585522570521,-111.45423992323451,187.71207517055964,11.891630090610532,6.021592396616534,4.838228757507582,10.158029803678321,1912.4994742643362,1912.249675887294,42.975569297817344,[0.09151027 0.76370771 0.63904335],[-0.48906162  0.59347794 -0.63922035],[-0.86743564 -0.25403635  0.42780946]
2,-464.1861950341973,-137.1366695053036,9.137946709449025,2.5552910496930963,1.7438615673114697,4.429291504328719,3.0276213821989586,684.6721566445397,684.6429140961034,6.327895564908823,[ 0.27305417 -0.93836666 -0.21191847],[ 0.07779982 -0.19802793  0.97710395],[ 0.95884754  0.28328953 -0.0189324 ]
6,-159.16502360095075,-182.8384431156937,263.695474536795,3.7483514344315636,4.84126305362387,5.918516115982484,7.193077111461626,877.6170275760793,877.5633284742105,11.207619716421359,[ 0.6457077  -0.75211917 -0.13182687],[0.6209974  0.41678792 0.66381477],[ 0.44432397  0.51049445 -0.73618722]
2,-363.04793786316145,39.21640557848556,234.90370038456734,0.5614734101589249,3.4654555894791663,0.5204597034455105,0.4380350563105253,614.0587522716193,614.0385525478242,4.980685329382108,[-0.54569529 -0.03731421 -0.8371525 ],[-0.05541781 -0.99521419  0.08048339],[ 0.83614922 -0.09031257 -0.54101582]
9,-242.0224352744154,-30.632251324848337,174.32644211899955,9.973361617915508,9.293369013836553,9.248087760620706,5.883514699082057,900.8244520438116,899.747463152963,45.89732758118753,[-0.39936271  0.81993598 -0.4101395 ],[-0.43431196 -0.56318201 -0.70299299],[-0.80739244 -0.1026207   0.5810219 ]
7,-392.0662033397766,145.0760910518763,157.11630788947807,6.267600208219083,3.6265676684130352,5.054249724937144,5.511267689279557,1181.7863292665172,1181.7021039933916,18.224478866890333,[-0.08827269 -0.83191495  0.54783707],[-0.47060256 -0.44990319 -0.75902593],[ 0.87791866 -0.32481479 -0.35178713]
3,-240.6720069945508,-50.05469324758325,150.27988457001405,2.9186077251121816,3.0112985504583114,1.5533123805204034,2.383288264417991,499.09671432244426,499.05371085637637,6.560723194668354,[-0.47807459  0.69800062 -0.53314147],[0.27136697 0.69468663 0.66616098],[-0.83534702 -0.17379766  0.52152634]
7,-314.7451986422184,-126.72615011861036,8.05174229305409,5.192344194583632,3.133758399135785,3.795102091154053,5.601225218407705,898.1400911034741,898.0901216954134,11.81143639070531,[ 0.34213629 -0.82049249  0.45796816],[-0.15142893  0.43286612  0.88864852],[ 0.92736834  0.37338853 -0.02385291]
8,-298.70703305193933,105.45765827463043,114.04068206025082,5.024547870260404,3.3265854539528226,1.8075690717365358,4.651345733164875,952.4186833467617,952.3800148020441,12.000629893691796,[-0.15249743  0.49372582 -0.85614213],[0.43536314 0.81125312 0.39029132],[ 0.88724488 -0.3132143  -0.33866404]
5,-79.58546130343746,71.57732148081644,38.365600338804654,1.8674840441490816,5.362517213588526,5.626197461820816,5.815025267962356,254.77664893087916,254.69055737775216,12.302028378566632,[-0.47598884 -0.76305175  0.43724896],[0.53400589 0.14426697 0.83308148],[-0.69876486  0.63003101  0.33880466]
20,-199.44554095033595,147.63254281132683,201.2214820519327,7.838186227727528,8.203003861507128,10.256190177945337,8.808055798181634,1430.198236238901,1429.4452059839507,55.99193422670028,[-0.07511531 -0.8379631   0.54053264],[0.77787797 0.28991682 0.55754291],[-0.62390989  0.46234844  0.63005584]
14,-246.39275342421072,-284.05084066446744,154.61130323317064,9.977197648250597,13.013519535976824,9.016868645997393,15.277053207235246,1522.7962999561516,1522.3659963561183,40.84947238609491,[-0.77575966  0.62483958 -0.08816151],[0.17579593 0.3481763  0.92079805],[-0.60604682 -0.69881955  0.37994538]
9,-291.2961541115424,130.22629294630343,124.19519075600776,5.349790913562638,4.711770441613314,4.003599030771661,4.085482089968712,1027.3888412098577,1027.3684495676505,21.251219650843694,[-0.03418512 -0.7286673   0.68401414],[-0.52438185 -0.56956045 -0.6329491 ],[ 0.85079672 -0.38032204 -0.36262942]
18,-311.61026134675114,10.314037475402191,354.5254292396581,5.623629394368764,6.875809849838897,7.161130195080359,7.0876102249032416,2003.5273814185189,2003.3395403629631,37.91370089408196,[ 0.60991108 -0.56805659  0.55255785],[-0.43865133 -0.82269966 -0.36159409],[-0.65999506  0.02183999  0.75095242]
5,-171.40647214022388,154.2531164450424,14.6347825130491,4.629882797293283,5.376036242965082,6.909516222631106,5.866509918464435,517.0700523893589,516.8934217529777,18.00933803863587,[ 0.66608071  0.7444143  -0.04673166],[ 0.07804139 -0.00724591  0.99692379],[-0.74178571  0.6676787   0.06292149]
6,-360.0301776335991,246.98932650588708,88.017007633721,5.958265070441193,8.779495690684055,4.437373606250717,8.926360093867597,1091.304800226591,1091.235566090321,17.76005329581468,[-0.07953792 -0.43536688  0.89673262],[-0.58343664 -0.70907065 -0.39600568],[ 0.80825454 -0.55468414 -0.19761098]
2,-320.0685342185473,250.8556668144264,39.14382797289909,0.018907119764946856,2.804804346561397,2.42343982687019,1.9395631604186292,577.7861399922778,577.7688703853383,4.467211750770391,[ 0.38600525  0.60162894 -0.69931578],[0.4870742  0.51086848 0.70835875],[ 0.78342752 -0.61404887 -0.09584002]
22,-383.32183558860856,-247.19304658910113,40.22531009153457,21.575313159588585,11.127993800443457,7.700439245376192,21.253252775886427,2150.8043233154976,2150.1855849176673,65.10653919619726,[-0.26654554  0.54256198  0.79660528],[-0.4770811   0.64387996 -0.59817407],[-0.83746469 -0.53948595  0.08722273]
34,-293.32838797691574,-162.98464634400978,275.2283792769934,9.700367398476434,10.693472912933741,10.189456947458986,13.99853933735809,2532.511742809688,2532.174135011798,62.72542598281618,[0.51057995 0.38196374 0.77033228],[-0.53165084  0.84436531 -0.06629175],[-0.6757629  -0.37570057  0.63418734]
14,-285.5879394861104,-207.84585497578018,232.9367862072176,7.763461444885176,6.154908942003922,10.057399464417157,5.334049611096612,1583.9137601350365,1583.3363808032302,49.00342540160642,[-0.26557541  0.85785148  0.43995515],[-0.68848921  0.15068689 -0.70941953],[-0.67487207 -0.49130875  0.55060275]
6,-466.3893903889886,65.73133664359453,25.098310273448927,6.1052514198754455,2.6304260870377174,4.0911002996259835,5.633304409940165,1155.486634928091,1155.4400275688663,13.240483568315128,[ 0.09291961  0.8544896  -0.51109047],[0.11658502 0.50044291 0.85788392],[ 0.98882449 -0.13929973 -0.05311973]
21,-465.29332443113924,34.131729661186924,114.86102376934525,5.003317544285385,9.146600486133988,6.2391243180438565,5.0801499510813235,2202.3686971928164,2202.0807773635306,50.60171682626674,[0.24939363 0.28070232 0.9268274 ],[ 0.0013412  -0.95716786  0.28953045],[-0.96840127  0.07096399  0.23908805]
3,-316.8821499393304,-1.878378718887787,8.234624540576606,0.7592845121758393,8.589218241398234,3.798098053170959,0.7989633427548625,549.2810308548558,549.0646833738324,16.27233216262416,[0.02217003 0.35484502 0.93466224],[-0.01476454  0.93490627 -0.35458746],[-0.99964519 -0.00593865  0.02596602]
13,-315.64538786778695,219.76476950410577,124.96345320678827,11.808402695470596,4.958874348997772,7.775017234226394,7.962576006027129,1459.0122525548452,1458.4825997760825,45.86273652555283,[-0.31301018 -0.76757501  0.55933285],[0.54080025 0.34008298 0.76933651],[-0.78074305  0.5432975   0.30865532]
27,-231.72105326415183,256.5399832720074,310.5582837502017,10.370990913928672,10.561007390143,11.805717691802755,11.500554720740716,2416.3829907431,2415.7427857097055,78.3935939509857,[0.83609041 0.50961448 0.20309089],[ 0.22845211 -0.66001553  0.7156739 ],[-0.49876093  0.55197154  0.66825515]
4,-278.95531915914836,98.53029417576063,342.9625300204117,2.3940905945964284,5.167362932375461,3.1486424470217718,2.453293705989384,905.9426129527141,905.8932420883976,12.036680980354642,[-0.78387761 -0.2654449  -0.56131533],[ 0.07888868 -0.93926328  0.33400758],[ 0.61588349 -0.21753964 -0.75720805]
15,-132.03519705732901,7.106657990987448,7.882165823408451,10.268095259530869,11.635601923932617,5.1404643881050855,9.72132847199193,516.605630887598,514.6810171590116,51.15883053757809,[ 0.04552318 -0.23718524  0.97039724],[-0.06024064 -0.97028826 -0.2343326 ],[ 0.99714528 -0.04778979 -0.0584588 ]
12,-262.58893274345104,-295.04092843344876,14.84248807185316,6.174363787179799,6.010067342844914,6.38901147187581,4.4237931118124125,1369.5827252032177,1369.3768695793642,33.89954909085175,[-0.41138877  0.40722198  0.81543211],[-0.62401704  0.52625783 -0.57762915],[-0.66435082 -0.74647368  0.03761689]
2,-351.24685767576943,36.25251213356488,202.74354264439188,0.7992888553547743,1.556124211238096,3.074563469694013,2.3588945688533727,575.8577204012448,575.8456539683672,3.727861513221249,[-0.19009276  0.85516533 -0.48224163],[0.4687756  0.51064846 0.72075487],[ 0.86262053 -0.08905283 -0.49795122]
5,-264.6746826054084,201.3912647142459,168.36640384290428,2.3959196970605703,4.268586921685645,1.5890354949248564,3.4382797173395483,833.6143157971409,833.5840636857314,8.567079140892028,[-0.7019785  -0.49228808 -0.51466361],[-0.05575836 -0.68243452  0.72881694],[ 0.71001211 -0.54031062 -0.45160518]
2,-263.2476738269795,211.31613892546434,114.76742073161864,0.45553156924390237,0.3768448742272028,1.1933156123301316,0.2711256048067696,504.23641822123636,504.2330467514599,1.8439154865869791,[ 0.44939905  0.7881959  -0.42046131],[0.50290832 0.16578063 0.84829241],[ 0.73832494 -0.59267529 -0.32188862]
7,-335.4535125521748,-317.61746504077,100.42440056460114,5.593396838361793,7.854016600663199,3.3157292153805855,5.784533742997192,1251.0671644519555,1250.8884195490389,22.231954001043054,[0.01947649 0.28269238 0.95901287],[-0.70442039  0.68457285 -0.1874885 ],[-0.70951574 -0.6718966   0.21246735]
19,-456.0520960846391,-118.22139082147696,28.090753126532736,15.299886676686457,9.607661987831559,6.071962728144148,13.424535303699923,2058.759300374872,2058.222052460703,59.11323375035803,[ 0.09534631 -0.13377132  0.98641488],[-0.23861492  0.95896777  0.1531135 ],[-0.96642227 -0.24997211  0.05951421]
4,-423.6360063683271,69.97282513355924,3.36142706589746,4.381687494983169,3.4729816099281967,1.996573995182341,4.531886297978162,858.8596097465971,858.826326169724,7.692834613273642,[ 0.0767908   0.50610843 -0.85904449],[0.14396385 0.84693156 0.51184113],[ 0.986599   -0.16297604 -0.00782477]
5,-278.78293596983855,-189.11258713875364,111.6871391342869,3.9163088606239227,6.100990322327466,6.367208524259332,3.3719963952145835,793.803615801312,793.7086976376038,20.210451798980472,[-0.23089598  0.7241009   0.64989609],[-0.57423478  0.43779776 -0.69180022],[-0.78545621 -0.53292683  0.31471818]
4,-354.3808596693765,-178.05270700699103,281.29563425875506,3.076751138215867,4.486018609862142,1.796907551819878,1.7531576030115195,972.5177304949116,972.4602349865823,10.920830811524276,[0.54504696 0.20108777 0.81393336],[-0.41437347  0.9085614   0.05301713],[ 0.72884733  0.36616922 -0.57853407]
43,-442.5092675597027,-138.3052658953021,97.18137529025331,7.283164270819921,10.222644664314442,12.272650813430236,6.548321009732133,3107.752104588691,3107.1269902816257,106.88529198655692,[-0.15794299  0.85380954  0.49604765],[-0.32001547  0.43098114 -0.84370928],[-0.93415422 -0.2920009   0.20516181]
3,-259.76960647017427,36.98099894639359,244.97359365461838,1.548419778298418,5.141537143131127,3.5885120141784914,3.1857718098704977,621.8530421077271,621.7832033012329,9.702091192399568,[ 0.59316801 -0.41268961  0.69125899],[-0.35289679 -0.90502115 -0.23748804],[-0.72361286  0.10307277  0.68246644]
