N,MEAN_X,MEAN_Y,MEAN_Z,SIGMA_X,SIGMA_Y,SIGMA_Z,SIGMA_R,LAMBDA_1,LAMBDA_2,LAMBDA_3,EIGEN_1,EIGEN_2,EIGEN_3
17,-192.21059152637088,9.750859740548227,167.65013837274117,8.299267572501499,7.673613008560218,8.041402109936664,5.56845337190684,1053.7590913202635,1052.7809296715698,52.627132040031604,[ 0.35083948 -0.82135749  0.44975941],[0.5565263  0.56914983 0.60526601],[-0.75312026  0.03795173  0.65678728]
309,-331.02712572535285,-47.177350219077226,213.5421578552572,17.617162175900713,32.90108521416014,30.16631295004492,21.235184873285206,7017.056018382497,6992.628565453448,750.6462722723886,[ 0.50393578 -0.5628105   0.6552046 ],[0.22602386 0.81805944 0.52885913],[ 0.83364377  0.11841917 -0.53945802]
56,-343.32758550044576,-201.86515211200395,80.99911001252387,16.108078080822132,11.298265037332811,10.985117930274255,13.153394214296554,3045.31391871751,3043.8183796491608,136.89073060571994,[ 0.26075575 -0.05621682  0.96376662],[-0.46685923  0.86646698  0.17685428],[-0.84501414 -0.49605912  0.19969091]
13,-79.47347882037795,64.46767587659133,39.10356814660186,4.447907530336086,7.124134268460779,5.5452160408233215,3.9656154565097084,396.3503355547752,395.5276098417162,33.60177985234083,[ 0.06168033 -0.4616626   0.88490857],[0.68672526 0.66301254 0.29803153],[-0.72429549  0.58930638  0.3579302 ]
11,-316.87161498105075,173.22598525998833,90.68817646667777,6.863989510750678,7.0194466546948995,3.489822252291346,4.117661170242092,1235.3715397845785,1235.03318581436,31.64184864007826,[ 0.14445317 -0.23863185  0.96030626],[0.50478005 0.85248248 0.13590706],[-0.85107602  0.46511124  0.24360039]
350,-208.19765288255243,-180.21580410634397,267.1529386383199,49.16721241671997,45.37337432904609,59.08222910844558,84.97285682829165,7364.470140758436,7355.764777658415,519.9955658756666,[-0.72068213 -0.16416278 -0.6735487 ],[-0.43077516  0.86727275  0.24954106],[-0.54318508 -0.46998783  0.69574522]
57,-352.5760478637771,43.982610510577075,143.10703612090347,12.907022801406125,12.681476645870406,10.393565852270573,12.051591571991677,2895.273095435923,2894.293285062932,128.96416519089522,[0.37611324 0.51799206 0.76825976],[ 0.10537693 -0.84767362  0.51994724],[-0.92056207  0.11460219  0.37340568]
165,-200.48528221957227,-110.54277619548513,130.0375307550628,24.285392925977416,26.79395866575173,18.893003956799383,20.067285745227455,3418.3561199642554,3397.8874600883923,442.0322287413747,[0.46919321 0.17178773 0.86622555],[-0.44611777  0.8926387   0.06461487],[ 0.76212641  0.41675547 -0.49545758]
124,-293.1195059450087,178.57329566952342,213.6584511441539,22.801707703268804,20.742527397030592,13.673567571222375,24.529846084191746,4515.193935772227,4512.948820263802,256.44082100664576,[-0.48331742 -0.8727938   0.06808269],[ 0.49021727 -0.20538725  0.84705555],[-0.72532151  0.44277201  0.52712583]
3,-380.70732359603227,-261.00897859426783,86.84582062344437,3.495486701673749,1.116986379140875,3.095274474770362,2.955777442826437,813.5623932821802,813.5400566323649,6.54122225277572,[ 0.52348291 -0.8290178  -0.1967108 ],[ 0.26256822 -0.06267429  0.96287583],[ 0.81056991  0.55569904 -0.18486481]
2,-168.92494035041176,-146.59587962591846,45.793990787611364,1.0670540632895325,0.663428911913428,0.7772272383354704,1.371409768139543,322.8784904957835,322.8775550405844,0.7772231663211201,[ 0.66593303 -0.65693633  0.35350793],[-0.09520881  0.3951479   0.9136703 ],[ 0.73991113  0.64210031 -0.20059591]
117,-244.08772143849066,194.50656575913322,47.69796725128344,23.043021493226338,18.06048339832763,13.708494883656035,20.748690855622662,3429.719226418007,3426.1750027606777,263.80341246569304,[ 0.17672875 -0.01866128  0.98408267],[ 0.60830454  0.788082   -0.09429927],[-0.77377809  0.61528735  0.15062848]
18,-369.4231612428331,-242.0669315604126,39.646875929191395,16.375111918630875,9.741871201450383,4.696015592282251,18.345921689094958,1883.131864761206,1883.0567160801565,29.635779069503954,[-0.27270567  0.26474918 -0.92495378],[-0.48112218  0.79502118  0.36940868],[ 0.83315849  0.54575562 -0.08943008]
7,-453.30705235881595,51.31152687209245,48.20395366587221,6.537009574350454,6.604634578856558,5.325826083216052,5.912117449202363,1213.964203069229,1213.8999445013098,23.59616970995498,[-0.1430441  -0.42521845 -0.89371565],[-0.05526899 -0.89816078  0.43617949],[ 0.98817191 -0.11178766 -0.1049752 ]
41,-39.81387584673769,-1.0976615326931085,35.52532544375335,15.071909714518918,17.639883782077273,20.158675644624033,23.416324700803745,391.8012452125925,376.1256621263305,126.70969294049242,[ 0.63325912 -0.35929822  0.68548354],[-0.28288403 -0.93187755 -0.2271142 ],[-0.72038845  0.05009021  0.69175968]
51,-319.13015720990035,-317.3053045584338,60.744473039349,10.394381987531698,22.044485714096922,8.013235291278491,17.947926725288177,3247.8247338703372,3245.8727011312453,131.0589390632171,[ 0.36637049 -0.19434513  0.9099465 ],[-0.61049619  0.68780662  0.39270403],[-0.70218734 -0.69939404  0.13334509]
78,-374.9116226892426,-289.93218302203445,15.869572896605169,26.05304508315637,34.49719429609027,11.994415385510086,12.836816799322074,4205.464378157167,4190.865657683168,380.27136719155294,[-0.00653224  0.0628402   0.99800222],[-0.61251475  0.78863528 -0.0536663 ],[-0.79043216 -0.61164165  0.033339  ]
8,-303.01469330151315,-31.067625170177926,126.8624582362436,5.506041088916114,3.752711254231967,4.222751950053612,4.101557740818226,933.4919093095277,933.4119153247477,19.123467591174396,[-0.0921092   0.99546354  0.02383778],[-0.38482976 -0.01350803 -0.92288872],[-0.91838007 -0.09418003  0.38432821]
55,-246.71079165786335,-141.44858970339033,305.0706465796652,9.127813674989557,8.606773808623993,25.254290982841702,22.05173309676722,3099.426963937699,3098.0398218989358,129.58665707898345,[-0.41405789  0.90625517  0.0851917 ],[-0.69270977 -0.25300256 -0.6753835 ],[-0.59051607 -0.33866099  0.73252952]
19,-296.2067114194964,-16.194505085976065,293.55846641977877,8.773344875401065,5.636718816969208,6.069121922353003,6.162964038306624,1819.7947085128603,1819.498397223654,45.16993271253234,[0.23982972 0.92555868 0.29295535],[-0.66229501  0.37662271 -0.64770414],[-0.70982182 -0.03868416  0.70331822]
119,-244.47725887884857,1.682296568822913,22.728404969859287,13.973758154044807,31.637867605159403,16.093335045645933,13.660057956336846,2707.865903196195,2685.77723366749,386.1048842476207,[0.08921512 0.35326133 0.93126102],[ 0.02788072 -0.93550876  0.35220167],[-0.99562208  0.00545749  0.09331071]
14,-444.6931902376494,-127.73010411149362,24.80008518510464,9.0649963867273,7.096359489694725,5.371644099429687,9.345328450968736,1734.2055153465437,1734.1008913805897,32.27641152859966,[ 0.20224688 -0.54684651  0.81243775],[-0.19483588  0.79053078  0.58060319],[ 0.95975788  0.2757172  -0.05333706]
39,-419.4850063356057,-90.26659321919878,210.8565660346615,11.226686645118882,8.66699340654497,20.499796073169822,7.846036078529432,2989.3833873286076,2986.4879562738506,147.95525065814564,[-0.10243435  0.97180185  0.2123873 ],[-0.46883007  0.14114435 -0.87193844],[-0.87732866 -0.18889     0.4411519 ]
2,-198.9937403312917,-181.69569200056685,150.55389852568402,1.133476557789308,1.0804882475397477,3.4781135612414147,1.601629008331571,436.5612420767318,436.53379114277874,4.895638272136391,[ 0.43917833 -0.80741892 -0.39395062],[-0.62574796  0.03972867 -0.77901292],[ 0.6446409   0.58863938 -0.48779276]
13,-436.6099868498782,178.71509474376106,46.06183368012993,5.512383493844472,5.924096493470875,6.551528137094437,6.398733797174224,1709.3896006713385,1709.33872288529,29.70415137245791,[ 0.27222166  0.80216482 -0.53143858],[0.27843652 0.46300098 0.84148868],[ 0.9210692  -0.37704336 -0.09731309]
80,-134.1105063278157,-114.28918064584809,28.782109897291214,14.837616313670566,16.663567371073015,16.897951672953045,11.734674784641022,1613.8318422382847,1603.3956168209656,224.00274367692873,[-0.30799063  0.55686432  0.77139089],[ 0.58539773 -0.52822348  0.61505241],[ 0.74996752  0.64100085 -0.16329923]
294,-392.302954199974,110.642456727768,167.15287144567458,26.670447214405062,26.7083511468573,44.960155303122015,20.925730823339403,7613.384682657184,7569.5433584470775,941.136361329268,[-0.08493805 -0.91033983  0.40505174],[0.44795624 0.3282317  0.83162441],[-0.89001165  0.25208201  0.37991305]
65,-230.6717449617597,116.63386018896716,12.577400745137632,18.743961323560058,15.595893417503337,8.53043161951363,18.946696586375815,2096.101538908879,2092.491242489812,144.3459244179873,[0.18243342 0.25709135 0.94901111],[-0.41449478 -0.85513785  0.31134118],[ 0.89157845 -0.45015919 -0.04944271]
58,-304.87512709115555,90.85749022085253,289.2120409337537,8.87168918669683,8.548960947040804,25.88924714509655,16.24762549313783,3281.0417063289906,3277.257596461803,178.93792920688514,[-0.21933921 -0.97279445  0.07457392],[ 0.6712426  -0.09499296  0.73512564],[-0.70804215  0.21129907  0.67381676]
62,-382.1901737107162,177.8161481031252,28.027145577974192,16.791041471718223,19.582872943553145,13.366268115116183,22.698074549890226,3333.5315488066994,3332.0356110840653,143.10226397434872,[-0.26016502 -0.66778163  0.69741082],[0.33888132 0.61318787 0.71355454],[-0.90414248  0.42198143  0.06676869]
11,-370.29866502612623,-8.195471774106752,196.18239092082592,6.913179269679981,3.2978321784976052,8.03754824888531,9.48850999379485,1390.5724865380507,1390.509931136095,19.229569741002845,[-0.13675474 -0.94486294 -0.29754355],[-0.44823945  0.32687956 -0.8320043 ],[ 0.88339093  0.01959023 -0.46822718]
3,-221.5604875904974,-98.60568920668037,40.758642854191,4.07669726952303,1.4918136024896864,4.525825446070952,2.5195326866322345,426.06764947535225,425.96288688273626,9.916495906739792,[-0.29429709  0.8454565   0.44563722],[-0.31860761  0.35282199 -0.87977602],[-0.90104296 -0.40089893  0.16553439]
141,-142.73226452609725,114.92946662093601,164.3404896674579,22.809550882796852,20.12536464412703,19.50802807731066,31.294529417411145,2951.74109473587,2948.698591665401,216.27817764623668,[ 0.61075497  0.79145838 -0.02391665],[ 0.53787097 -0.39252076  0.74607122],[-0.58109654  0.46853078  0.66543649]
34,-397.96781399667583,-72.84836281180462,78.34642601618252,10.028278255126125,11.245340801769766,13.479795328543057,11.620512906822972,2405.112600781,2404.5497015270057,96.75092815743018,[-0.24113341  0.88345223 -0.40170492],[0.09711935 0.43380762 0.89575598],[-0.96562027 -0.17698337  0.19040581]
44,-170.75933417992428,41.48584044334854,56.74769716841602,10.320981720504937,18.695715730092616,8.650775910566212,13.486200625907866,1233.1570910226299,1229.490875714296,123.30882690751945,[-0.33865991 -0.11479302 -0.93388009],[-0.17951581 -0.96641504  0.1838914 ],[ 0.92362521 -0.22992289 -0.30667887]
128,-340.7371428869976,-165.95190029090503,159.04280724524375,22.147762410930248,17.217131981490542,11.485625973889906,18.460006586122283,4660.254652909635,4657.445800403994,270.53158502949344,[0.12284826 0.54254574 0.83099484],[-0.54485361  0.73672992 -0.40045419],[-0.82948348 -0.40357544  0.386114  ]
40,-372.21423632116813,-0.7604817512544007,117.48344189608758,11.51097681628461,7.017195715919161,12.528119387182333,12.337149382708636,2471.1176202003967,2470.0081006823893,86.27569390602831,[-0.12980127  0.90454058 -0.40615018],[-0.27180164 -0.42638457 -0.86273986],[-0.95355938 -0.00159244  0.30120087]
38,-179.15898889717604,104.4177592750394,38.61443553763568,8.73430177960805,9.96412310817251,13.519660973102788,10.798263700157657,1304.7438415436493,1302.752459704293,95.46167192261531,[ 0.44058904  0.85539658 -0.27235634],[0.2919622  0.15035759 0.94453728],[-0.8489048   0.49567053  0.18349756]
6,-383.7990483638052,-255.7072086384603,5.461729259823646,9.45139051588877,7.487672152125842,2.791867157169499,8.91147343504724,1130.1331152806401,1129.9601137619497,20.97961526939437,[ 0.13445112 -0.18088687  0.97427041],[-0.53794274  0.81238076  0.2250669 ],[-0.83219019 -0.55436219  0.01191873]
9,-412.18767814675743,-2.3003836759485217,253.40979695394103,6.531269038846488,7.5017048249168985,8.206165019584223,4.650602615447108,1451.988133644594,1451.7556032528912,36.02839444501214,[-0.28437115  0.84395282 -0.45483698],[-0.4398098  -0.53639598 -0.72031013],[-0.8518805  -0.00479365  0.52371427]
42,-278.5025794911645,117.23820072332776,234.50956955216566,13.531672110461868,13.37885916097401,17.579551378659513,21.796148336303848,2483.879710526126,2483.5371866014966,90.72474879165597,[-0.32464    -0.9418599   0.08665329],[ 0.60437625 -0.13609544  0.78498878],[-0.72755634  0.30720994  0.61341978]
21,-382.0097593042812,236.10840081646188,129.12672613264482,7.655053042856836,9.723907807523757,9.133292997499183,5.907701104187834,2142.1897083017607,2141.8479225106857,65.15515478419921,[-0.00733559 -0.48900989  0.87224739],[0.57589886 0.71102422 0.4034663 ],[-0.81748804  0.50528594  0.27640446]
200,-280.18641664120173,228.86481375616583,280.3662808057027,29.48736561676474,15.722432756098662,16.67157239448925,19.255560457434772,6489.707696061577,6483.496041806796,448.7119996086768,[-0.35157609 -0.86621174  0.35506546],[0.70714796 0.00281256 0.70706001],[-0.61346232  0.49966921  0.61155103]
22,-337.51293808189195,-208.17598004435413,269.97886234047405,8.856728692956334,4.018359912753696,5.726771424624436,7.095651033898944,2250.6021512339403,2250.533222025132,41.11765991196669,[-0.13050148 -0.69960532 -0.70251104],[-0.69846722  0.56775566 -0.43565703],[ 0.7036426   0.43382705 -0.56274433]
2,-474.35512764697353,37.76217880767546,62.96761249693543,2.011976964665763,0.08415186603497204,0.4225939761365396,2.0503565373686,678.8341818372953,678.8341380040632,0.24394874618544354,[-0.12873406 -0.89094089 -0.43549039],[ 0.08261618 -0.44725315  0.89058362],[ 0.98823181 -0.07866989 -0.13118284]
2,-359.0965937291812,205.0763173621038,186.16050272701418,2.077049866146467,0.6433594887071337,2.9574679959444268,0.1397087406630817,641.3670821156988,641.3461029231624,5.187512590608264,[ 0.29259984  0.8708658  -0.39494062],[0.53608115 0.19261693 0.82189763],[ 0.79183479 -0.45220734 -0.41049506]
2,-450.3065963399549,-73.90725807580625,47.90672659631696,2.7810259263955004,1.0500103930726965,2.1941565640206058,2.669309846636395,648.9175893852615,648.9075336494384,3.6125595610195536,[ 0.18126875 -0.95662899  0.22804083],[0.0631169  0.24272098 0.96804069],[ 0.98140608  0.1610823  -0.10437719]
53,-436.5282062068076,-135.05803206834037,108.26175285351289,12.301344077443828,12.984321301998952,10.145874695382435,12.423904942925798,3421.2259103909323,3420.6450639361024,118.94329798448155,[-0.35519557  0.53250494 -0.7682933 ],[-0.09844264  0.79600868  0.59722627],[-0.92959408 -0.28776495  0.23031756]
63,-367.28147037755866,-156.77961890821183,233.8785381422761,13.904643966468278,12.409381281186063,13.31457885970444,14.405945336800876,3676.9676401298893,3675.856603544145,141.7744515957069,[-0.57425948  0.69123852 -0.43865174],[0.20068996 0.63832051 0.74314901],[-0.79369363 -0.33872737  0.50528624]
2,-238.26948041636643,232.6407716167035,344.0112050166606,6.746488264855017,1.3561157029326552,0.46790656281461906,3.679864195554785,677.1784937275761,677.1282426760422,8.249565903947534,[-0.2060049  -0.87087336  0.44625282],[0.84251197 0.07410844 0.53355555],[-0.49773041  0.4858884   0.71845452]
9,-196.26949941635067,158.74950502434731,209.40034363027067,5.8756217628862135,4.554282546101059,5.708680635851526,6.324855471613055,984.3099953181269,984.1604006683559,20.80295485438362,[ 0.24505314 -0.64820598  0.72095628],[0.76281078 0.5878835  0.26928183],[-0.59838839  0.48396487  0.63852121]
52,-309.824372887884,145.18738636234778,331.1182034831642,15.158116981645382,8.599048606822196,19.085274990374714,10.27112635490057,3437.809809190792,3435.019154265183,171.44233640238076,[-0.2435348  -0.95130005  0.18899475],[ 0.71941026 -0.04648667  0.69302804],[-0.65049187  0.30474121  0.69569614]
218,-310.6382768709736,-256.3381911212688,172.2306035779264,26.11325339220137,20.175839857342456,24.34925463550419,29.503480498385315,6491.299712782022,6486.364893355372,422.1112446874565,[-0.34680332  0.77556482  0.52747196],[-0.61381345  0.23755666 -0.75286113],[-0.70919708 -0.58486412  0.39366668]
34,-184.6407265873956,-33.357074736570205,141.68178218999108,8.935368254717275,9.816095588146942,9.804330274957225,10.073819095579982,1373.4806906069484,1373.0581473615314,75.67111114294553,[-0.54943231 -0.28964431 -0.78372847],[-0.28569378  0.94658093 -0.14954464],[-0.78517718 -0.1417417   0.60283173]
49,-234.77668588233732,-46.782658973514444,267.51044459144435,9.354819639048925,23.02695601109753,5.765887699987199,7.329850753979005,2518.9473872670437,2513.665369805794,171.76145054318198,[-0.71006829 -0.23386523 -0.66416118],[-0.26074522  0.96350982 -0.06050419],[-0.65407565 -0.13021475  0.74513701]
2,-252.47179106813536,-36.03814247299439,159.84671474060653,5.974762407311303,0.2308707962408505,0.668958045381288,4.683752760072139,425.74152675874996,425.70804469170514,5.339315652464447,[-0.05368431  0.98895232  0.13817131],[-0.54159226  0.08741355 -0.83608415],[-0.8389254  -0.11971711  0.53091618]
9,-315.6557598541931,-170.00586636444655,318.3571892509057,3.313927837379699,10.200723492718103,7.057562907855051,7.104446945808186,1438.8268259554977,1438.667381522463,32.157712883384406,[-0.75253731  0.28671249 -0.59286048],[-0.0199479   0.88991452  0.45569094],[-0.65824743 -0.35475075  0.66397457]
59,-205.55779466537925,-147.1301963720691,74.96062531711682,10.070696788294036,12.326057733236551,12.251809287896988,13.29690722026857,2029.649990379635,2029.3243020915813,115.6659754743683,[-0.14656547  0.60452787  0.78298443],[-0.6095137   0.56823237 -0.55281555],[-0.7791095  -0.55826341  0.28518477]
2,-377.0513888295278,46.10273689677216,186.68736288113593,0.49764290655707555,0.6053044741259903,4.91431863774595,1.6582291251157812,598.6153158695554,598.5785395867158,6.635385432822444,[-0.17098862 -0.97983516 -0.10337289],[-0.42095936  0.16751177 -0.891478  ],[ 0.89081766 -0.1089168  -0.44111339]
11,-355.0251943406046,255.09508787952436,199.99764623200662,3.411613447757725,3.1826661476374345,5.105108883773576,2.725204602511879,1594.5738951800847,1594.5159914485685,21.09598610233952,[ 0.41122446  0.84340974 -0.34576646],[0.53435743 0.08425975 0.84104841],[ 0.73848262 -0.53062256 -0.41603259]
7,-297.27759392807513,112.97479918123041,158.2696471630351,4.606674975781034,6.470448670381646,4.845852929118835,3.647926865760266,940.1005853333932,939.9579874640759,22.66314141672851,[0.4857196  0.05596813 0.87232106],[-0.25238609 -0.94646545  0.20125706],[-0.83688573  0.31791621  0.44559124]
9,-456.3854557614863,131.1489328410061,81.47070644037817,3.297539183089313,9.522868836227474,6.050814558953552,5.464223756686758,1445.6985996248986,1445.587149927467,31.21029604147773,[-0.22240383 -0.17842238 -0.95848943],[ 0.23091596  0.9454991  -0.22958499],[ 0.947214   -0.27239109 -0.16908205]
13,-247.69418814396724,-153.98884267916876,44.24880567875765,7.231643065981959,5.749927558706518,7.8403813167558765,7.621358040370966,1064.397098825022,1064.1058125207485,33.93269119881348,[-0.40013769  0.78142353  0.47881844],[ 0.36727342 -0.34194784  0.86497509],[-0.83964282 -0.52196642  0.15016988]
5,-386.27889081672987,-30.372280484825346,100.31098962493839,5.812634917426931,3.911095801456887,4.033502425748472,4.578824611320623,895.1458028745437,895.0465934285558,14.853554342013267,[0.09920408 0.77984378 0.61806329],[-0.24219138  0.62137176 -0.7451446 ],[-0.96514345 -0.07576822  0.25051406]
67,-331.60446948027953,171.01099172237465,164.9916325453257,14.58375137498703,16.485243945776084,18.741772784221165,19.964884358989146,3346.921134955386,3343.935224993563,172.11139072017255,[0.56708288 0.40718371 0.71597377],[-0.13478397 -0.81166533  0.56835963],[-0.81255787  0.4188088   0.40539967]
33,-444.0410579031181,-72.36846783766109,102.92283635109742,8.984402019498088,13.513060755924458,13.917372524577745,8.00028171139994,2653.6039756588757,2652.1225242062987,113.91958164402213,[-0.26285911  0.74989835 -0.60708941],[0.07180333 0.64267568 0.76276618],[-0.9621587  -0.156909    0.22277836]
11,-366.40185442706166,128.36516831822598,20.69410563789805,8.836969426720378,6.180134402718254,7.850260010925641,10.20127407776778,1290.2054948365765,1289.9275752596327,28.402476536722236,[ 0.27079929  0.84689287 -0.45764638],[0.19654222 0.41675369 0.88751761],[-0.94235816  0.33028598  0.0535936 ]
17,-283.59505829561044,57.665276405971774,163.0410791088491,7.014523315480312,6.585996614743197,5.6632839521266565,6.548370882457503,1370.2304997652438,1369.9187768176432,37.141057002417206,[ 0.32232812 -0.56426753  0.76007022],[0.40880983 0.80716479 0.42586327],[-0.85380273  0.17345646  0.49085002]
17,-464.0539569047476,33.2284846325823,119.82021283954627,4.532304867578617,8.354104339007081,8.481048377994808,5.433381718495384,1981.3262692924334,1981.1739643580222,47.475151699666995,[-0.24018934 -0.59901055 -0.76386873],[ 0.09665574 -0.79775184  0.59518877],[ 0.96590204 -0.0691257  -0.24950929]
2,-164.7653140303539,-12.696541567675139,26.96750643957932,5.204063495511946e-05,0.18920390950235166,4.109286977197762,0.6472450272373038,236.8669639964706,236.7972833394434,5.74501836068698,[-0.08420449  0.99539401 -0.04582986],[-0.15693338 -0.05866678 -0.98586517],[-0.98401297 -0.07582203  0.16115055]
2,-271.8597648201477,-171.33683760669462,183.02587285205783,2.462304047729077,1.4712480621793702,1.1466055418461991,3.0592071093347784,523.0144472167839,523.0140964747171,0.6057113283760817,[ 0.45973304 -0.87721831 -0.13832414],[-0.49822609 -0.12583788 -0.85786688],[ 0.73513012  0.46330644 -0.49490488]
7,-335.9978573712365,71.09723944596071,299.06840803699043,5.193360963217435,4.8327702065596,4.2283341440334725,2.7307901874241534,1205.0397681156828,1204.9428073815636,20.61380767806734,[0.43950498 0.84951303 0.29182696],[ 0.51229084 -0.50393221  0.69542104],[ 0.73783024 -0.15614073 -0.65667847]
28,-322.18526578410746,-166.9523942288491,112.55262323390001,11.32231460980705,8.027907099150191,16.172410048659295,9.37702260251094,2013.3101166404488,2011.1951939297498,102.00544562508857,[-0.47484036  0.87824529 -0.05667319],[0.2347252  0.1884459  0.95362059],[-0.84819262 -0.43951492  0.29562801]
3,-402.29917915694574,193.77149312799838,194.97912631642183,3.0476617006457034,2.706813538320169,1.3329398795430503,1.9347527889360383,843.9590720383935,843.9507142546987,6.6266344986429795,[-0.29367934  0.30262384 -0.9067366 ],[0.48168739 0.8661801  0.13307626],[ 0.82566925 -0.39768184 -0.40014929]
35,-294.1239435629953,-254.465444665689,250.66781383872407,12.803948858068232,15.383498166777592,6.5728206128309905,6.970893766141651,2740.0330035623033,2737.928811865281,117.23604012084725,[0.45308914 0.30242611 0.83859923],[-0.62503118  0.77852029  0.05694017],[-0.63564632 -0.54994964  0.54176484]
7,-162.83991495058314,20.127181389327223,122.1602220794878,5.351580949801904,8.801359499960814,3.4323582798424286,3.8380682707321574,541.8837644661387,541.4060087888055,26.884161779790258,[ 0.56536134 -0.23142802  0.79171184],[-0.21546021 -0.96794346 -0.12908278],[-0.79620566  0.09760398  0.59710134]
24,-321.64893115239585,-220.43016273652893,112.16455200966358,15.115011696970685,9.374040047545726,8.667643310402486,17.428816013875217,1989.9226480856858,1989.7431615342055,45.63383784970923,[-0.60411314  0.64056951 -0.47404431],[-0.08034082  0.54287374  0.83596259],[-0.79283836 -0.5431011   0.27649328]
7,-248.6278575234554,252.55792986277584,222.88675285711176,9.729481947046352,7.26113683656907,6.464039475990631,13.247247203789097,1108.2638434480236,1108.2520042140277,9.730146163937926,[ 0.3218951   0.78460984 -0.52987823],[0.73726347 0.14339674 0.66021205],[ 0.59399169 -0.60317888 -0.53230547]
106,-386.14189749711795,43.62692092707745,275.4697750239755,13.570130745694108,24.659005726649685,19.56141221867054,9.349788759009236,4913.778052195032,4908.137408131918,339.4808594982254,[0.50403986 0.61202382 0.60940189],[ 0.29808268 -0.78550401  0.5423377 ],[-0.81061121  0.09170767  0.57835903]
68,-205.78670705730633,59.20621459406807,86.14450361938374,12.36186774554545,14.491521393759283,13.02829182404833,14.121853671552374,1910.4361166260971,1909.3396747258387,149.68184810113476,[ 0.21683511 -0.48168683  0.84909383],[0.39866805 0.83764484 0.37338307],[-0.89109277  0.25754402  0.37366396]
8,-289.2689118109528,98.5018852238749,349.5176093196198,4.097705733561843,4.489194789786762,2.8674248576435035,2.7555151167245073,1313.2451091083988,1313.19264719845,17.37691184580575,[-0.69030436  0.30342309 -0.65682138],[-0.36775038 -0.92894663 -0.04263589],[ 0.62308872 -0.21211457 -0.75283986]
2,-273.81793745591597,-42.797141514754045,186.5691478996356,1.0092945312408688,1.379629737199334,0.7237012477593083,1.0546132227448481,472.4814301950935,472.4764912627898,2.1603433069163316,[ 0.5650347  -0.01931822  0.82484095],[-0.09486285  0.99157484  0.08820641],[ 0.81959552  0.12808645 -0.55844162]
3,-359.7300622003677,316.0996836205591,71.09248485858053,2.4913359957930137,3.0328936679338483,4.549178612917267,1.6876438007639296,838.5968044964789,838.5376125640242,9.994367848781655,[ 0.43825581  0.64056633 -0.63056056],[0.50579278 0.40416565 0.76211796],[ 0.74303803 -0.6529356  -0.14686589]
6,-308.91950637572,53.157048324207686,307.4336979971436,3.2963589308019623,8.80407397653,4.66740958586847,2.989943184819244,1075.7493354833223,1075.5212940349643,24.661806154174446,[ 0.59870623 -0.42980531  0.67588331],[-0.38282979 -0.89476118 -0.22987773],[-0.70355682  0.12111904  0.70024137]
8,-386.40699704735727,22.570199590623208,17.934807652292513,6.917878839691073,3.01328926544421,4.062052901215845,6.899788569319649,1096.2162139027746,1096.1492356507931,14.31359257766431,[-0.07434728 -0.79987284 -0.59554674],[ 0.00243129 -0.59734316  0.80198207],[ 0.99722945 -0.05817724 -0.04635557]
2,-359.1740982284913,-121.37253498298605,128.36266818783128,3.3405320835286147,0.23230526614612756,3.7117288231545515,4.117351580102138,566.1082753713104,566.0940804417666,4.008931612059782,[ 0.42329637 -0.79698978  0.43084506],[0.12500917 0.52238198 0.84349853],[ 0.89732541  0.30319028 -0.32075343]
9,-89.29999331736933,-90.11941464134621,96.51496321184374,5.535060252134505,7.886804733108537,5.6137250979904785,8.13445849946698,479.3512704310112,478.8870788658711,22.985102094391518,[-0.82765688  0.40903171 -0.38428786],[0.02997013 0.71595322 0.69750468],[-0.56043366 -0.56577739  0.60482234]
3,-365.26066901373974,174.1706588771409,236.5090631233911,2.699304908405896,4.571988183919407,2.928502421362505,5.26316633801778,811.8937906663526,811.8777911764391,5.233321844751145,[-0.4107535   0.30522745 -0.85913781],[0.47332594 0.87675831 0.08519054],[ 0.7792587  -0.37165989 -0.50460361]
51,-54.73077888808442,15.81827226191963,10.601129943235364,11.501963491941007,18.801209997025445,6.380025860152881,9.896241373816654,442.9283620872001,421.5904150066203,149.33051523574989,[ 0.17328356 -0.06319489  0.98284242],[0.26693249 0.96360011 0.01489515],[-0.94800836  0.25977149  0.18384483]
19,-416.99902150111143,-42.880099944587016,240.94513956726894,5.474841881393385,8.210728582934559,8.493421216646732,4.550484372201624,2108.0480095276957,2107.9471799061243,53.191535286811096,[ 0.26225582 -0.92038947  0.2900088 ],[-0.43294334 -0.38080556 -0.81703561],[ 0.86242794  0.08871497 -0.49834497]
2,-247.02385763449925,245.23509809042758,177.44122586502243,1.633857840680406,0.5130152787205304,0.38558401338468684,0.8861235747464207,552.5387037370034,552.5345481526842,2.142947754126593,[-0.31348064  0.32881187 -0.89084939],[0.70849809 0.70562492 0.01113254],[ 0.63226604 -0.62767526 -0.45416233]
24,-246.42847070035475,-145.16541987848248,215.56050755038302,14.26156188310193,7.361794680449013,10.26892800439478,15.88593751119256,1756.8335377839303,1756.450909352225,51.23951923607156,[0.05617443 0.79727049 0.60100266],[-0.72324889  0.44747313 -0.5260027 ],[-0.68829897 -0.4051266   0.60176155]
13,-419.976413502625,68.088850200008,6.405317752018005,4.947003868837707,4.2140604470233,3.7188080275409203,4.704624497620644,1534.3724861049402,1534.3430207733315,20.979554962861474,[ 0.02645798  0.25412375 -0.96680975],[0.15849107 0.95384897 0.25505435],[ 0.98700585 -0.15997894 -0.01503943]
8,-198.30193586271264,-175.28826952274102,119.6378062272006,10.628131212132436,5.284252409324592,2.3854961658778104,10.251840137769523,822.2052644481415,822.0693784229397,18.193835174173522,[-0.28371768  0.73843998  0.61172761],[-0.6729148   0.30116073 -0.67563887],[-0.68314709 -0.60333126  0.41146257]
13,-218.7475994412691,-196.68319025436182,184.99873407058732,5.0609305201723975,6.882917673932984,4.996111492382927,7.4064830225587,1253.373159624656,1253.3101122288494,23.632662722651393,[ 0.48023678 -0.82191889 -0.30630374],[-0.61090799 -0.06283378 -0.78920425],[ 0.62941566  0.56612831 -0.53229191]
12,-195.75831295435046,-65.37800384169215,216.0322542474997,10.133886864047657,6.266871995571715,6.000369117063077,4.90073906960235,1035.7846642662087,1035.3501999795988,42.945451210077216,[-0.00524974  0.95842303  0.28530287],[-0.75523087  0.18320342 -0.62933523],[-0.65543785 -0.21877338  0.72286889]
46,-211.04059138839196,131.69783724519166,248.94787050101237,10.325837370510422,10.55479270361215,13.55784848740003,13.802204924002355,2390.158444907051,2389.3958028405696,98.94028800267441,[ 0.22204065 -0.77155649  0.59615311],[0.76910176 0.51440588 0.37930077],[-0.59931664  0.37428221  0.70762447]
4,-271.78029857602354,-65.82132499032537,247.80937378382146,1.4424695780999233,2.640889378051937,1.9238831023277987,2.5564852119909394,747.3099987649133,747.2995985448586,4.983223174913632,[0.66509222 0.05706704 0.74457753],[-0.16904411  0.98269858  0.07568079],[ 0.7273764   0.17620115 -0.66323203]
6,-290.38101635560633,40.58017976732393,238.16038731214158,3.9990112311627413,10.2545455979045,8.735780261509522,4.639986897715853,925.8914972015509,925.3614161921098,32.5544694485984,[ 0.42240188 -0.65496282  0.62657829],[0.48050769 0.74795325 0.45790642],[-0.76856295  0.10765515  0.63065154]
38,-220.4063064606728,157.63368676607996,306.9729487950328,10.642876918136306,8.416386069538627,10.256836236883002,13.58340728847989,2525.9175684216093,2525.835139379734,63.42529403214287,[-0.54412446  0.52044972 -0.65807344],[0.6434679  0.76219654 0.07074948],[ 0.53840285 -0.38495262 -0.74962247]
73,-333.48950436530583,316.21270515084007,39.20207190627294,14.89780773338619,11.505945819980946,10.726526997810648,11.932705197907266,3944.6124157340037,3942.736269008432,154.2836416856598,[-0.2953231  -0.41813304  0.85903959],[0.62436674 0.59610761 0.50479886],[-0.72315313  0.68543451  0.08502402]
2,-266.7526920838533,-215.07851871011266,11.585579703390678,1.3170651967282367,0.9264908700737351,3.599859045893813,0.3218517756159258,484.90317720715746,484.8713173974704,5.558491777231717,[ 0.56658628 -0.7239151  -0.39360758],[ 0.27136972 -0.28710032  0.91865765],[ 0.778035    0.627312   -0.03378153]
9,-200.30402510483214,-192.99167498774634,8.182012420222804,6.8099943099579585,8.66418227446484,4.522179113618692,8.236720963282949,835.5124266488989,835.2459763376999,25.633155363236252,[-0.27638506  0.3249855   0.90443116],[-0.6369206   0.64279713 -0.42561016],[-0.71968288 -0.69368312  0.02933043]
2,-317.5620979715186,276.42969380297376,93.51229130232576,5.746024919171106,1.5785787580433635,3.07155404993032,5.90854452008287,609.9976286285676,609.981188189321,4.478502832421857,[-0.51354535 -0.32072977 -0.79586656],[-0.44049441 -0.69742793  0.56529546],[ 0.73636665 -0.64087963 -0.2168812 ]
2,-166.33139925094332,-157.35396127482386,30.170876344464155,1.860479529675942,0.6953732986209076,3.2972767808920036,1.382806619921169,326.65425834457744,326.6147527735954,5.080134377076895,[-0.65068026  0.72873179  0.21345999],[ 0.24057324 -0.06879561  0.9681899 ],[-0.72023587 -0.68133482  0.13054942]
3,-343.4806424511667,-259.52011321255605,50.50852851369271,3.00611344000152,1.982554037295072,5.954608542688172,1.7207940033686886,750.8480487130696,750.7768124640932,11.681067477675455,[-0.58435669  0.69043443 -0.42641243],[-0.1748102   0.40602626  0.8969861 ],[-0.79244473 -0.59870107  0.11656918]
5,-285.2094358262113,-61.64227397592638,327.27398898654053,4.331995856879687,2.2894642496767528,2.2833425655739608,4.326427270837225,980.5053827625458,980.4966241565733,7.234652335265759,[0.10957589 0.95505846 0.27542053],[ 0.75156165 -0.26094573  0.60585676],[ 0.65049844  0.14060822 -0.74637866]
3,-216.90272196477733,-129.31124693901208,227.91381690123947,3.5531146608761235,0.16587269091155415,2.363554177512704,0.9191466077693206,589.2311799503825,589.186986515639,7.219871267439612,[-0.22751879  0.92389379  0.3076613 ],[-0.73595404  0.04374715 -0.67561664],[-0.63765732 -0.38014005  0.66999006]
23,-255.18325417243423,-249.79513946485477,10.638533173280893,10.409016009021721,7.0058914709252305,6.792957452706838,8.604580699147599,1714.4467423942863,1714.0627411208052,54.522849750937716,[ 0.29772563 -0.2650407   0.91712206],[-0.63317436  0.66415225  0.39748211],[-0.71445762 -0.69903878  0.02991817]
6,-286.1507751361991,-183.36888250773418,111.85344162260789,3.8480000218716364,2.779717991998215,2.5422644849556773,3.8290177464897344,876.5062404945996,876.4758662976843,9.27888698847638,[ 0.41652795 -0.84872004 -0.32585082],[-0.43227933  0.13041628 -0.89225903],[ 0.79977437  0.51250939 -0.31256211]
2,-485.34224083529693,-18.51845364067003,10.137186345909235,1.6881627517670665,1.1805707569712602,0.4233137604943522,1.632725933383682,687.0330548767056,687.030497496214,1.874567502880998,[0.00641136 0.34562909 0.93834931],[ 0.04297238 -0.93759698  0.34505837],[ 0.99905569  0.03811081 -0.02086378]
2,-175.88012544838523,-158.30382170441752,96.69163362361164,2.0520002313812853,0.5457187973287319,1.7159182628325027,2.3988532354553627,361.5263293211341,361.521632278716,1.842874641938522,[ 0.65703137 -0.31035306  0.68701584],[-0.30803265  0.72125489  0.62040896],[ 0.68805935  0.61925145 -0.37828821]
25,-292.5512316700422,-164.52567230100388,276.0563064610893,8.303544156444973,10.738850940530076,11.488869072396126,12.060880547571804,2174.340293598852,2174.1434016315698,65.25540124227716,[-0.63624977 -0.14162493 -0.75837234],[-0.37712863  0.91464616  0.14558983],[-0.6730232  -0.37863542  0.63535422]
4,-69.18413074187043,-72.19664910985901,17.677533626315487,1.8095829925344875,7.3856227674129284,6.282733702457763,7.0636151677551515,204.02464115818827,203.6277759778276,13.35645841673837,[-0.4920105   0.62070473  0.61045172],[ 0.54501643 -0.32718412  0.77195055],[ 0.67888347  0.71251399 -0.17731625]
20,-364.6087883523784,-170.88372291389948,42.5166824896527,11.387945921756314,6.228930895902391,7.709995760240181,9.923101687271451,1811.7918537040418,1811.591435383492,51.02206193275089,[ 0.26873253 -0.35013717  0.89732201],[-0.3416044   0.83639182  0.42866672],[-0.90060494 -0.42172584  0.10515729]
34,-244.32762376051392,-6.907996946668329,135.46683343057234,5.767883894700305,7.63140848251536,10.618235738606225,6.748902576723038,1631.3449678404045,1630.2268035856544,73.63056172823619,[-0.28641644  0.83262925 -0.47401915],[-0.39225712 -0.55328699 -0.73485227],[-0.87412812 -0.02453638  0.48507525]
6,-291.69509092918327,-66.92097096028665,233.26559517871542,4.085697228304662,4.2703894420269,6.322978020892768,5.64865195014268,929.6580259081561,929.5723584821682,16.04554278935949,[ 0.47716427 -0.79823869  0.36759931],[0.42593183 0.57593962 0.69776474],[ 0.76869782  0.17637616 -0.61481307]
2,-83.5601480336754,-86.24095900749899,62.79351779517499,1.2674570431398493,1.8106361755456604,2.529894944003498,1.5427140181420782,191.69826523043926,191.6518171204185,4.219702217161131,[-0.25839643  0.71962802  0.64448957],[-0.74378788  0.27751845 -0.6080815 ],[-0.61645023 -0.63648961  0.46354082]
7,-283.94089870667716,-202.62874000044636,233.92291902141883,7.09392194179643,6.551628691592147,6.614400091503771,8.149424916329632,1111.600479752861,1111.477874910682,22.1379502209884,[-0.5953882  -0.08774547 -0.79863235],[-0.4341075   0.87156447  0.22787288],[-0.67606477 -0.48236511  0.55701016]
2,-375.50697423979074,236.41600486927234,24.870728550736658,3.0747150967683297,3.2363599723861256,0.9070851201923542,4.268702024452239,628.5496303426285,628.545607706003,2.248741280459434,[-0.41733757 -0.59017467 -0.69103054],[-0.33459951 -0.60720282  0.72065797],[ 0.84490977 -0.53197613 -0.0559364 ]
9,-423.6759842329968,12.242685164096525,221.76851728860154,4.185530828325512,3.7115195616136325,5.61438915427926,4.994216453528846,1435.2637909483162,1435.1975476493392,18.479580894115426,[-0.19403663  0.88665831 -0.41974615],[0.42185356 0.46171239 0.78029561],[ 0.88565759 -0.02566548 -0.46362908]
5,-294.38885777032317,336.7813996351309,98.4618413644673,1.7422298372534881,5.098937035374603,1.7274316402287693,3.647254025509365,1024.2374308843991,1024.1958275558736,9.65539611277148,[ 0.00364275 -0.2776789   0.96066704],[-0.76611269 -0.61819994 -0.17578445],[ 0.64269594 -0.73533887 -0.21498528]
20,-230.87945813785214,104.52200110101042,163.00973029243715,8.847173403103787,5.8100388944621955,6.650229396162203,7.178977132777118,1348.4723414494,1348.2885066477907,45.655595095620086,[-0.16102159 -0.91864162  0.36079028],[0.62192025 0.1894062  0.75982925],[-0.76634669  0.3467317   0.54082334]
8,-256.14392306490936,36.32898166995945,263.5151983343437,5.268950839452763,2.8104486934305806,5.8112074985010915,6.03485567593215,1044.7245693033303,1044.6602828451253,16.20435328631141,[0.28604461 0.94677885 0.14760854],[ 0.6611143  -0.30650644  0.68482237],[ 0.69361831 -0.09830364 -0.71360356]
13,-268.4633642551316,-211.1833859368773,110.49828261390061,10.970638283174194,8.606048487746946,8.286344519594149,8.994032240344943,1295.5900118887498,1294.9175996118772,48.7618631002211,[-0.52817285  0.24649618 -0.81257189],[-0.40184647  0.77043982  0.49491605],[-0.74803266 -0.58793037  0.30787177]
5,-299.4380834909215,84.60027208656207,74.03114142757993,1.3000262918767875,7.114417460793556,5.27374679916795,2.227111809735868,715.451524412482,715.2376046226472,19.37206941085691,[0.33927071 0.50754422 0.7920191 ],[-0.09203961 -0.82000645  0.56490541],[-0.93617525  0.26455299  0.23149   ]
2,-264.94737134881086,112.94617093861422,4.9070913912312815,0.8928197081177984,0.3734703639631718,1.1606765642041201,0.6945157565217812,407.38264675239134,407.37822483127644,1.898106504313329,[-0.34381403 -0.78406242 -0.51675724],[-0.18925045 -0.4811578   0.85596229],[ 0.91976963 -0.39208838 -0.01704463]
8,-474.0510778955341,14.55183198041116,64.72863235056012,6.769393628675776,5.332381657136645,2.8692971485742986,6.69771398606947,1354.1086225109939,1354.04036119666,17.32126206920762,[-0.13630344 -0.03673732 -0.98998573],[-0.02499603 -0.99886649  0.04050838],[ 0.99035174 -0.03026715 -0.13523065]
4,-327.0459494342559,55.91611869134291,266.3121724483019,2.5387130788600993,5.72834411244212,3.8562243761600636,4.38678277440065,851.0229847801612,850.9498934979952,11.828030521083678,[0.634849   0.03735826 0.77173253],[-0.07804283 -0.99062136  0.11215453],[-0.76868463  0.13142938  0.62597944]
4,-418.18424936188586,61.825959385708714,82.83664188449417,3.197168108567497,2.8992265157951356,1.8857805763070339,3.2279742360510033,861.5884299420421,861.5653930280806,6.878860086107832,[-0.2375225  -0.68865232 -0.6850847 ],[ 0.0340465  -0.71073667  0.70263377],[ 0.9707852  -0.14356659 -0.19226215]
11,-292.29288331181465,129.02252393770843,124.15647384411638,5.133649465535564,5.924688742634111,6.687819236933491,3.3808737733933887,1137.3343063562916,1136.9644044393197,32.36693366090679,[-0.05632829 -0.75557392  0.65263709],[0.51936543 0.53609626 0.66547754],[-0.85269377  0.37644236  0.36222159]
5,-363.97809200817915,205.23516763321442,143.70245390872833,3.6295918580050657,5.475705965955489,3.9697193062401532,5.1368203586351875,988.1910899876341,988.1419689463984,12.735229314247269,[ 0.08122902 -0.47100462  0.87838289],[-0.56121307 -0.74992237 -0.35022326],[ 0.82367575 -0.46451166 -0.32524941]
