N,MEAN_X,MEAN_Y,MEAN_Z,SIGMA_X,SIGMA_Y,SIGMA_Z,SIGMA_R,LAMBDA_1,LAMBDA_2,LAMBDA_3,EIGEN_1,EIGEN_2,EIGEN_3
13,-252.2225337641034,111.347755488089,22.688261799709565,7.515166815708726,6.8742458696486946,6.502539519545367,6.235544221021717,998.1318789471215,997.9408712935227,37.47842880584314,[0.13149865 0.09647268 0.98661093],[ 0.388923    0.91043781 -0.14086122],[-0.91183716  0.40223874  0.0822009 ]
55,-318.7035697414628,-158.86205483694334,143.7048129182122,11.564026974246042,11.829146458293138,29.043843588609132,12.248324539928268,2857.488431858557,2850.38662297163,231.44980347996284,[ 0.48586484 -0.86564925  0.12077556],[0.27480082 0.28246742 0.91907381],[ 0.82971071  0.41335642 -0.37512211]
269,-331.40432190399383,-48.16852827577621,222.0142504241431,17.1531474679561,31.658414696836328,27.447684656182968,18.590450656739492,6625.8975257198435,6602.529790473086,679.1780283013488,[ 0.50307589 -0.60308721  0.61903188],[0.2592921  0.78859929 0.55756504],[ 0.82442844  0.11998744 -0.55310104]
13,-236.21742978304636,111.01506431575307,160.1505860453033,4.635347813582851,8.83154582832361,8.958213438195562,5.863729386132634,1104.909469488352,1104.540086418886,43.48850444086671,[ 0.03745682 -0.79442484  0.60620637],[0.63559669 0.4870496  0.59899877],[-0.77111207  0.36286618  0.52317713]
38,-220.2804799287993,122.61136590195751,7.772932380567703,10.260219442286163,14.782442330465752,4.694240349733696,14.962952101304673,1558.827027472949,1557.8210516174781,66.79409073095356,[0.16256663 0.23135377 0.95919108],[ 0.46070925  0.84184962 -0.2811338 ],[-0.87253601  0.48761117  0.03026983]
135,-212.63806935110594,-109.89515491616831,144.0245806469496,16.00675752903556,14.331458526909506,21.470181948714185,21.831205417059465,3261.1067213913716,3259.2122435087163,247.50105574976013,[-0.24661992  0.91122954  0.32990807],[-0.60112506  0.12318233 -0.78960419],[-0.76014951 -0.39304813  0.5173837 ]
28,-412.8630570893875,-91.4477380114761,223.55708955690056,5.430508662705345,8.432025580548618,12.468232807020753,6.231051720431357,2532.1869679749275,2531.5762210900657,78.01300309036277,[-0.03180144  0.9442575   0.32766819],[-0.50413948  0.2679219  -0.82101233],[-0.86303653 -0.19129984  0.46751718]
32,-226.24793321182577,160.1738938356159,312.6690012595033,7.9796794897896595,10.70616701056723,11.033936964839928,13.673357961882411,2365.5491390324214,2365.26964049607,60.37373581457492,[ 0.80258904 -0.02955598  0.59579969],[-0.2505918  -0.92307679  0.29177558],[-0.54134516  0.3834784   0.7482578 ]
107,-45.995314651388156,4.041366999946456,14.449929051198163,18.071447847440258,20.274266703120112,9.566327402019406,17.17494592593505,573.3146245917028,542.7227003402304,234.75120848792437,[0.28572461 0.16372368 0.94422243],[-0.04189614 -0.98222157  0.18299045],[-0.95739551  0.09184415  0.27378549]
369,-384.4872902413184,97.31801398119705,169.86098489803015,27.31233359418902,33.455027569387994,40.29163197359034,31.65083820205784,8355.7891052984,8319.604972769457,959.8088969274385,[ 0.02608131 -0.83867087  0.54401373],[0.45574987 0.49432816 0.74022411],[-0.8897257   0.22862817  0.39511686]
136,-257.4283341673584,-218.73800703257947,322.46372176055763,20.302182971970662,25.66338063033721,19.373339636643074,14.464656139633052,5460.41339387394,5452.713142486025,409.8097071128689,[0.69905769 0.1929095  0.6885523 ],[-0.45546088  0.86244471  0.22078157],[ 0.55124743  0.46794769 -0.69076134]
279,-326.2403525684024,-218.95470836275996,160.86379286063186,30.004506054571166,47.05337830768424,20.261479521358726,26.10403140177863,7155.890356475571,7110.267601217423,885.5990702590917,[0.25711805 0.29403016 0.92056318],[-0.58802771  0.80354398 -0.09241476],[-0.76688573 -0.51755516  0.37950354]
181,-135.7717980029439,113.25009484088844,164.6667684241263,23.312039554364414,21.556477940704195,21.023654461447546,32.410166911075514,3286.8766851713517,3283.009175027535,273.64813834662783,[-0.54575733 -0.82897103  0.1222946 ],[ 0.62064871 -0.30184889  0.72365906],[-0.5629779   0.47084422  0.67923604]
12,-221.54962175522147,-199.11940735027005,180.27867780868678,5.095898023325618,8.462797435532474,7.472127302396484,5.687907807605195,1206.743738514615,1206.4835859074701,38.0155325705479,[-0.77145978  0.47709002 -0.42099278],[0.006194   0.66724875 0.7448092 ],[-0.63624794 -0.57198271  0.51771067]
58,-330.97604052808265,171.66472295883008,162.60325135959351,14.41763913441952,12.866367647279155,15.479449321047117,16.83762492972224,3103.069035832859,3100.871578151057,138.93182848147873,[0.55631235 0.36470463 0.74666398],[-0.16861953 -0.83030369  0.53119039],[-0.81368546  0.42140991  0.40041188]
49,-97.97787209813339,-71.05058849368044,86.2739083002092,10.550456364469186,19.12625961804437,15.369868783598427,10.552152381715501,1052.0996876696142,1048.1412652945278,171.2217983620346,[0.55518298 0.21617921 0.80314284],[-0.51182538  0.84994254  0.12502986],[ 0.6555964   0.48048333 -0.58251963]
31,-261.5409499886894,-214.90005531930154,225.28341402139722,18.438170930743254,9.847379672337533,9.184813185700031,11.9696494447595,2267.111539336962,2265.339342570519,108.34745110042157,[0.42311541 0.35774318 0.83246211],[-0.6374982   0.7704195  -0.00705979],[-0.64387064 -0.52770599  0.554037  ]
74,-364.9927552464521,-154.88581206284056,231.96728923469124,14.829652604941916,12.486845736352468,13.063815902411546,14.313499623370532,3955.8168617277784,3954.4372270847957,159.71150055348414,[-0.5568391   0.73593087 -0.38514409],[0.24163248 0.58715042 0.77257241],[-0.7946974  -0.33713521  0.50477311]
4,-203.8013947637407,-210.68592831782018,332.63145017873285,4.118913182545536,1.8388630304197597,3.502539575451445,2.4704855796504304,886.7852118698006,886.7383585523905,10.295291517135878,[-0.05004117  0.85732043  0.51234516],[-0.88668424  0.19796016 -0.41785503],[-0.45965958 -0.47519834  0.75026636]
124,-304.7764881205943,192.12699885418718,216.1724014000109,19.030528613044822,18.982679494917083,13.790924610705195,23.071820810787543,4688.874675561698,4687.5844080024835,217.46293785818926,[0.53572882 0.84438271 0.00353277],[ 0.43223218 -0.27782425  0.85789803],[-0.72537575  0.45807372  0.51380783]
47,-440.9329345595029,-67.9743843556218,101.98723938329074,10.279602273602189,12.278143186034145,15.185372017585092,8.8013502803729,3140.563730525857,3138.6456684734176,138.7682812592973,[-0.23905831  0.85185457 -0.46604175],[0.12023342 0.50223316 0.85633275],[-0.96353259 -0.14867967  0.22248439]
101,-130.15988515772412,-115.98305238624712,27.231339113295128,16.79239599287797,16.518698263328886,16.829632941409407,13.639390244803822,1793.1267733023426,1782.9548940341197,253.721328914333,[-0.33748556  0.55644839  0.75925535],[-0.58516164  0.50778462 -0.63225045],[-0.73735294 -0.6576625   0.15424228]
62,-277.77160704902707,-111.42727079627278,110.97646008836651,14.66704419312614,9.85777701696797,13.867056441964097,10.362643543610917,2518.4121398228986,2515.8773350706474,157.32717890211052,[-0.33069989  0.93695438  0.11293395],[-0.36406147 -0.01625186 -0.93123312],[-0.87068756 -0.34907359  0.34648347]
19,-162.40210390565113,-182.6604375903266,213.17877662669255,8.500174003043112,5.628808528572029,11.019337350229845,7.161736843745477,1414.9011367162134,1414.3328395593214,57.367262661673514,[-0.65908565  0.74039087  0.13201313],[0.56113073 0.36724702 0.74179642],[-0.50073787 -0.562984    0.65750331]
209,-289.8752872440338,229.64587922429172,276.61590645095225,24.664019098917155,15.841094296733761,15.031205185860507,17.521945391334107,6688.852574032757,6686.139424549111,399.9654311042781,[-0.4294196  -0.86308421  0.26586547],[ 0.64849415 -0.08980275  0.75590396],[-0.62853332  0.49701218  0.59826812]
161,-390.0618913763282,25.729600985653125,270.02806326449087,18.661591099693695,40.53916166163943,21.142946407371895,9.066657214099566,6052.10046573848,6038.24146693096,616.908410367633,[ 0.54236191 -0.2357175   0.80639991],[-0.17771705 -0.97030292 -0.16410025],[-0.82113349  0.05430929  0.56814636]
40,-305.9131759770875,83.63823228420145,297.2979174800519,9.468783848945538,15.251960023961097,19.50779607611875,11.766306013135559,2752.583941195738,2752.121861727007,149.91929691231113,[-0.36320434 -0.92476132 -0.11357424],[ 0.61116942 -0.32848089  0.7201196 ],[-0.70324572  0.19213746  0.68449153]
56,-280.228117698386,-255.65810414082742,246.81191454833808,28.40340069755076,13.853457275656956,8.367695971738973,15.219057975054683,3394.7754263458696,3389.2625151020093,215.0605048543054,[0.27528898 0.49416625 0.82463064],[ 0.73437179 -0.66165876  0.15134651],[ 0.62041442  0.56392145 -0.54504912]
45,-234.97922942973494,265.36596097318613,299.74291377877296,10.569500686876365,11.286278163909916,18.86577131906174,11.435421380865728,3118.135386397216,3115.028713833867,143.4991615609024,[ 0.73598943  0.67663277 -0.02208278],[ 0.44963593 -0.46417383  0.76313182],[-0.50610975  0.57158617  0.64586544]
8,-160.89444002817146,19.23771093521329,120.64583264241114,5.907380654686087,7.070613114325715,2.8806007110278897,6.096821253396045,572.0323102505693,571.6773717488123,21.341801494713057,[ 0.55898994 -0.26022414  0.78728244],[-0.23030725 -0.96084415 -0.15406848],[-0.79654806  0.09519412  0.59703372]
7,-236.267964788701,43.49523071299682,179.83737657882725,3.6510988845927184,2.211222697184925,2.3507341019051804,2.16293122728898,794.0547603860888,794.0140661886761,11.5455639741334,[-0.0613396  -0.98556666  0.15778404],[-0.61344544 -0.08747522 -0.78487756],[ 0.78735135 -0.14493597 -0.59922568]
93,-388.2253768049954,171.42976050412437,31.425546319897904,28.029916952380734,20.060649788009762,13.73523384919641,29.9564391926999,4117.574408969319,4116.075532233724,207.82163450090496,[-0.10096572 -0.39558171  0.91286419],[0.39706801 0.82528582 0.40154739],[-0.91221868  0.40301169  0.07374726]
38,-208.40658174391473,128.56195193444563,248.9109820977568,8.763350147443097,12.277387138723633,14.212603820135847,14.188990153192794,2155.7729268453218,2154.5834219904277,94.00736273216093,[ 0.22276999 -0.77746878  0.58814609],[0.77135251 0.50950079 0.38134533],[-0.59614499  0.36871567  0.71320398]
4,-412.38796740068227,67.11083940581815,213.33875658606286,6.636882316608397,2.356189015855805,1.5721425767151322,5.986544083206066,938.3646400674487,938.3347272888844,8.081920315997687,[-0.29721804  0.58137715 -0.75740481],[0.37264507 0.8009745  0.46858884],[ 0.87908878 -0.14297011 -0.4547114 ]
63,-138.2071577899105,-118.56844106862339,184.3429493051794,8.617781139569315,20.254133959998768,18.74848639276185,18.808235256794383,2068.047322029541,2063.689742054411,172.0327016510802,[0.36255423 0.6367193  0.68054608],[ 0.7667968  -0.61883683  0.17048064],[ 0.52969529  0.46003208 -0.71259623]
4,-291.0681246156973,-70.14779824838214,222.2804911407364,2.8827308643847838,3.036131087808461,7.421248495287919,4.177730291815091,745.9687413129942,745.8483297171642,14.88621425677899,[-0.35890694  0.91565635 -0.18099516],[-0.51187769 -0.35524721 -0.78216408],[-0.78049154 -0.18807674  0.59620475]
5,-430.09697761253784,-16.71677698336872,11.311875255620254,8.204918444977038,3.9190829591993066,4.220824685081848,8.116626954031199,963.0248015879608,962.9754396056699,13.216652063108928,[-0.00943201  0.71691985  0.69709179],[ 0.04581092 -0.69608105  0.7165002 ],[ 0.9989056   0.03869246 -0.02627731]
36,-271.534583195667,48.91731420701791,270.93819437395575,8.633158252071441,9.039348357855927,13.208088752257831,13.121459245422303,2322.4463588178037,2321.779531939518,75.20856932853548,[0.60793286 0.61889648 0.49737792],[ 0.37095895 -0.77525238  0.51124672],[-0.70200221  0.12629689  0.70088658]
97,-244.9706730753095,9.488853803747961,18.29594132731855,10.969164127444806,28.282944355599415,10.998730374404998,11.322250712837102,2439.851804982172,2426.088168683757,296.1175412849638,[0.07827915 0.07143228 0.99436905],[-0.03451006 -0.99663774  0.07431197],[-0.99633399  0.04013282  0.07555083]
58,-211.0237798424292,-170.6039380570476,286.55813918218433,16.471223039585563,12.110229340495867,16.119426461570843,21.086032243096824,3011.404373065122,3010.6154804195617,116.31798178873261,[-0.26089624  0.90171521  0.34473588],[-0.80360756 -0.00498221 -0.59513869],[-0.53492806 -0.43230181  0.72592501]
69,-332.05994290696606,313.0435992935223,36.868097891820014,14.186140777378355,12.161007855432592,9.718044042002669,11.375642259639015,3806.760036601234,3804.690425381863,146.94811025142516,[-0.2762503  -0.39621817  0.87561232],[0.63052601 0.61287612 0.47625603],[-0.72534317  0.68366222  0.08051865]
5,-287.23068471522373,143.91655097153154,363.05251765714985,8.580728336663649,6.671946866426601,2.519339401065502,1.6026724029463137,1084.3006478554064,1084.0353244293026,24.7008810545045,[ 0.3900468  -0.70767742  0.58911473],[0.70481726 0.64116349 0.30354903],[-0.59253365  0.2968199   0.74886703]
7,-361.94868350918836,-205.04045206922095,203.11635433656403,4.061588033756886,3.036963877260628,4.582400876579109,4.107165117428094,1224.9119941300373,1224.8677124937938,14.47081344086018,[ 0.56323266 -0.80355483  0.19253209],[0.26729572 0.39766035 0.87773529],[ 0.78187081  0.44290618 -0.43876207]
5,-426.42493732848254,10.539910513628666,226.30807292390628,2.507839083450123,1.640344250940142,8.336536074248258,3.291831719164245,1079.9105627420163,1079.7616459437504,18.421460941362188,[ 0.03303626 -0.99354455  0.1085257 ],[0.46809057 0.11132063 0.87664071],[-0.88306275  0.02183893  0.46874646]
7,-240.73439391163515,-74.23543289240298,155.30074039288905,3.235332213353708,5.659286395730406,4.814679384924328,2.5949658999032255,783.2236258642066,783.0822061428619,20.352519487384107,[0.23443346 0.68426304 0.6905252 ],[-0.5323793   0.68470227 -0.49775003],[-0.81339611 -0.25093206  0.5248046 ]
95,-249.96148353417433,187.06775387787278,53.29846955097963,16.475260717155766,19.13013190527385,12.65408596931862,16.852031779156153,3097.303967382817,3093.4711515919034,220.63168699672653,[0.37857031 0.25289905 0.89035195],[ 0.48371959  0.76606644 -0.42327009],[-0.78911335  0.59091816  0.16767778]
63,-204.12740868420616,-145.35642667326417,74.9671783351578,8.500155166676837,14.262319826015847,13.031138234842409,12.210963722198063,2080.940888934084,2080.2792355636907,136.8975229840065,[-0.08610164  0.54979967  0.83084706],[-0.62031015  0.62299598 -0.47654101],[-0.77961646 -0.55641382  0.28740534]
9,-330.5809542086841,298.52381604640397,81.35816070972278,6.5914209042676495,5.345790972460058,7.063042135502707,6.235458760545344,1358.7477078700888,1358.5288872814326,27.33639998713091,[0.59904939 0.49104704 0.63246552],[-0.32869743 -0.5694474   0.7534505 ],[-0.73013548  0.65924385  0.17972121]
135,-184.379209101368,46.584574999041635,77.68384917045756,24.740615147880867,22.62101380460567,15.565421744639508,29.17282706149836,2422.004225595351,2415.0493066974177,253.8458598859314,[0.43943675 0.34246246 0.83043049],[-0.06541795 -0.90981833  0.40981837],[-0.89588829  0.23441431  0.37740442]
17,-327.0953335985186,220.14828502738268,8.820811430535596,5.115492165996851,8.069103739823156,4.299299995671374,6.228281160225755,1626.5448594704833,1626.3582900062934,34.830022117625816,[-0.02669348 -0.07967502  0.99646342],[0.55812303 0.82579714 0.08098005],[-0.82932873  0.55831083  0.02242507]
3,-371.1979176236391,18.877542276711086,70.29926289228676,2.3186830029378713,0.47241306188484083,3.367604387554804,2.885828126520362,655.2165990391571,655.1979421037802,5.094942062124468,[0.05224812 0.99860413 0.00774095],[ 0.18525498 -0.01730916  0.98253803],[ 0.98130053 -0.04990171 -0.18590075]
15,-245.45875429146565,-38.23956544217723,63.0578367146594,8.085909310459432,8.855400164199303,7.771795871719902,8.161670127802592,994.1437763542597,993.1777908636587,45.37299953163405,[-0.27986847  0.68186295 -0.67582288],[0.06648842 0.71603017 0.69489573],[-0.95773322 -0.14954501  0.24573026]
3,-188.16297424272042,74.38317015462755,113.74533259647689,1.3121169170902205,2.888419462918008,5.474303735895728,1.1323765901091127,402.1764703412405,402.0387036515136,10.776482674250413,[0.4973381  0.818574   0.28738722],[ 0.30911046 -0.47671696  0.82291656],[-0.81062046  0.32043337  0.49011929]
27,-385.630397079,237.1970890932096,122.99808557968687,8.530992918691547,9.690762737042515,9.39059397441526,7.657040680091167,2438.740608848579,2438.5394358782887,73.00327692034543,[-0.4325665  -0.85357293  0.29034373],[0.37044266 0.12533191 0.92036088],[ 0.82198446 -0.50567299 -0.26198543]
2,-186.1980134572746,31.050701265428692,129.50820108007457,0.4793619146746977,0.5060106201637335,5.94094592507026,2.9016593907075503,323.85799692020856,323.7735283608013,7.396249182329078,[-0.20879613 -0.97571211 -0.06625742],[ 0.54323402 -0.17205186  0.82176332],[-0.81320414  0.13558772  0.56596378]
8,-470.04123270315415,113.72166756959106,7.697086245178076,4.535232394170355,3.953852253134627,2.9997201859920706,4.096934043185763,1368.114590314391,1368.0818502861287,15.089213200689416,[-0.02445116 -0.16781681  0.98551492],[-0.23435811 -0.95737631 -0.16883982],[ 0.97184279 -0.23509174 -0.01592027]
43,-440.1902399383672,-141.40577890299969,100.94837838752366,6.9905516514063555,8.607596486802908,11.172089252037436,8.320854512171527,3104.5667850008094,3104.0798544509453,87.59536438154962,[-0.2251162   0.92309492  0.31179875],[-0.29020496  0.24196341 -0.92586975],[-0.93010955 -0.29891382  0.21341684]
21,-414.33356372784414,-111.23278849896037,120.73557498865743,10.168386116339525,8.090039551197798,11.365437413653382,10.222661834480421,2043.7381993753618,2042.9680445457054,63.7283204724193,[-0.06230313  0.83144737  0.55209927],[-0.36311322  0.49638131 -0.78851404],[-0.92965968 -0.24960143  0.27098342]
7,-117.84303681119069,-10.792377513206532,25.07843421251051,5.785996878939811,3.6643268063774466,4.0125358366927895,5.931191501725356,320.63243326483416,320.52278234399796,13.980345489170801,[0.12117723 0.5721708  0.81113295],[-0.19053004  0.81536739 -0.54669399],[-0.97417369 -0.08829832  0.20781969]
15,-372.1629653487779,-239.78119384374233,34.4326775766498,12.263804670080983,7.150194418583156,4.57554592944772,13.849372993774661,1720.742582034042,1720.707858681205,21.456353910329998,[-0.38498947  0.48457935 -0.78547181],[-0.38641573  0.68825089  0.61399804],[ 0.83813244  0.53990144 -0.07772026]
47,-290.1905543412403,126.77078568024349,241.83764245512987,12.81360197231775,8.106937808722288,17.13356806044004,14.19461402497873,2735.877846982388,2733.7059249282543,122.93499907933096,[-0.26662676 -0.94741526  0.17695901],[ 0.63157184 -0.03305766  0.77461229],[-0.72802966  0.31829469  0.60717486]
2,-143.69672734234058,76.43238802938437,7.6279224519983835,1.1465578075463299,3.3702763212819917,1.9394540349866252,2.5008429077528405,230.50066997277347,230.45651911909036,4.511280683995148,[0.33462152 0.55295135 0.76306831],[-0.33232521 -0.68848146  0.64463419],[-0.88180972  0.46929531  0.04662104]
15,-369.181623515607,-166.53914238716595,43.55912114294821,9.771925777859613,11.492882053225873,7.9143301812843445,6.810925611322925,1578.8304425820947,1578.0364773475262,60.28547291557479,[ 0.23562378 -0.27874697  0.93101104],[-0.35056424  0.86910813  0.34893521],[-0.9064139  -0.40859661  0.10706382]
3,-351.54831374558967,-233.03444289605966,113.99197822247976,6.404744893958637,2.044538247806557,4.072999647248043,5.86599196274848,756.8492905719282,756.8228059198747,9.042707217905507,[ 0.57031409 -0.57221862  0.58932817],[-0.16499164  0.62302355  0.76460409],[ 0.80468603  0.5332987  -0.26090782]
3,-183.78761568892844,214.17448396190085,244.60984880949857,2.485251029177176,2.8533577963764754,0.601496578132906,2.5398846234273615,646.9072004254075,646.8924843853208,4.971879538424955,[-0.73638052 -0.67549     0.03817054],[ 0.46428433 -0.4634879   0.75473109],[ 0.49212172 -0.57349126 -0.65492288]
19,-377.6228292288761,-1.4162244054965067,114.10285601007196,10.074044532493726,7.850995982355952,8.763963208292365,9.807092519238688,1720.6053516979562,1720.3106602030346,52.37997819961413,[-0.16236461  0.8338906  -0.52750753],[-0.23930467 -0.55191888 -0.7988234 ],[-0.95727269 -0.00346564  0.28916601]
21,-162.92119306780123,101.77702088766938,28.968755093555366,15.916119568715537,12.70346748540426,6.460012476324098,13.548477659736248,895.3369894872426,892.7869500886188,74.82030963844876,[-0.00882915 -0.28745628  0.95775306],[0.54345781 0.80261167 0.24590267],[-0.83939005  0.52266949  0.14913398]
8,-457.7275117394614,-69.56168163162133,48.686300425059116,4.034405389351186,4.320852836309772,3.1467600295324245,4.060004696905291,1316.8529121717502,1316.802074518316,15.06025977148515,[ 0.15495092 -0.38173252  0.9111918 ],[-0.09620139  0.91211792  0.39847985],[ 0.98322709  0.14940274 -0.10461031]
4,-445.9524100323613,-123.60132917068302,24.911198872016417,11.54617925141401,3.8608232231654993,5.080545921021204,11.118851656287474,927.2006072921079,927.1792837556501,14.182179023616225,[ 0.26830176 -0.96294118  0.02754001],[0.04422992 0.04087164 0.99818496],[ 0.96231901  0.26659669 -0.05355674]
62,-246.01879493668605,-139.0224446382032,314.38663150042515,12.858944759365205,8.931702984341838,20.709153009939392,20.833514909743148,3334.16514044584,3333.1534332956885,121.43052624449167,[0.0642156  0.89341183 0.44462531],[-0.81098835  0.30635233 -0.49844372],[-0.58152752 -0.32857808  0.74421918]
47,-364.22126627821484,-307.5939956322639,19.664740221497425,14.342073339354366,16.22852636811254,12.943169696294772,10.356726528237044,3274.6364879151865,3272.8609875376465,157.53854826696045,[ 0.26857169 -0.25921719  0.92772609],[-0.58751338  0.71914697  0.37101977],[-0.7633461  -0.6446969   0.04084895]
2,-187.78337210146148,-125.4251458609561,163.5932868461094,2.0542205312488306,3.7510203832089957,1.097661494078153,0.9476891416016713,394.4016237030809,394.35447023598914,6.098572334483523,[0.39581501 0.45087687 0.80002533],[-0.62440076  0.77094576 -0.12556404],[-0.67339006 -0.44983629  0.58667976]
7,-274.13013909136816,276.5511952282488,240.57672468268342,7.295862011043891,5.113183155326242,5.375261280484923,9.368760567942259,1211.3167384456622,1211.2622468976886,11.919592716234705,[ 0.18844735  0.74425106 -0.64076357],[0.77830011 0.28473632 0.55961967],[ 0.59894619 -0.6041652  -0.52559287]
45,-315.6841167491325,-321.3239401642494,58.36276933040225,8.702662024129102,17.802164357902445,10.16384365852615,13.893093546375656,3050.391484124393,3048.64498245685,116.48651257007114,[-0.51237931  0.36193078 -0.77876412],[-0.50486693  0.60662262  0.61409965],[-0.6946775  -0.70782421  0.12809399]
2,-182.98068790914778,20.52525142291843,176.3343278174588,2.6610909770593025,1.8699153519179177,0.46299606808661053,2.079520098818918,360.57677577593535,360.55883992779746,3.5964119466512225,[-0.52321838  0.59307006 -0.61197257],[-0.45941108 -0.80112219 -0.38359443],[ 0.71776318 -0.08044332 -0.69162482]
11,-336.92289091190474,-203.5703786884449,276.18211805427194,8.194993425950114,3.851717276884668,4.2188414904649925,6.4934508203962675,1595.1407759386582,1595.068682640945,25.221831509118694,[-0.20705991 -0.64968318 -0.73146289],[-0.68270803  0.63147906 -0.36761928],[ 0.70073956  0.42325638 -0.57429792]
27,-253.34697022411055,-145.05546053175777,219.78265153399937,7.360974313814475,7.791572546224499,10.511500586895504,7.601691102407228,1900.1039138739868,1899.4360056694975,67.44529592134195,[0.08366499 0.78478771 0.61409154],[-0.71598142  0.47596185 -0.51071609],[-0.69308785 -0.39694908  0.60171476]
16,-280.2413636629068,65.79668683137132,161.879815283912,9.06795380023781,5.266621634290893,6.714127736704415,9.028618867336736,1321.7837743567109,1321.6997893346056,34.39133626585085,[-0.45122465  0.21152494 -0.86697954],[-0.27607476 -0.95693313 -0.089787  ],[ 0.84863363 -0.19883706 -0.49018851]
5,-287.9870957228653,24.779624289069357,232.49315852242535,3.045996359462295,2.408504281591637,2.389515870767474,1.924955189234235,829.5178372441703,829.4933266972535,9.247962571590893,[0.29565643 0.91677838 0.26852313],[ 0.55663869 -0.39376982  0.73150441],[ 0.77636374 -0.06680362 -0.62673489]
49,-312.0757392929441,151.98877152226507,322.49286210985093,11.594051616265839,13.067765815469807,7.791809201327105,7.368990172462417,3318.6702784862337,3317.730306021721,123.75162282648937,[ 0.52786337 -0.44756963  0.72183218],[0.53612917 0.8347512  0.1255227 ],[-0.65873042  0.32073645  0.68058972]
12,-200.5408832168546,-178.0852365950559,152.3620361604468,7.681901366315652,4.346459500581581,4.254026230014717,2.8698291639012643,1068.9736760617716,1068.6566367068608,32.50802423460116,[0.09839562 0.58069351 0.80815429],[-0.75331193  0.57411215 -0.32080582],[-0.65026105 -0.57722638  0.49393347]
5,-256.06499126060703,243.51964974307958,129.07220565900403,5.79095360209359,3.0797398192102072,1.8908511673394688,3.960212038598485,841.3400416919541,841.2883031951636,12.418376849725258,[-0.00450451 -0.47195872  0.88160914],[0.73252939 0.59858425 0.32418759],[-0.6807205   0.64726491  0.34302731]
4,-266.59736405087676,-289.3949528178307,16.677495018288287,7.564341654943906,5.208109559934523,3.41735394173863,3.7808929342245157,787.8760244050146,787.7224321080523,18.076851143901862,[-0.01250115  0.06910072  0.99753136],[-0.73588261  0.67479224 -0.05596617],[-0.67699373 -0.73476562  0.04241434]
5,-286.3039322535074,-257.99677393737386,66.06656351853385,3.5067690681905126,6.68447680669277,5.91711640270943,5.5545755500282,874.5704751040939,874.4771059934637,17.51777497611317,[-0.55101024  0.42778105 -0.71651315],[-0.40047537  0.61773136  0.67677725],[-0.73212512 -0.65985706  0.16906053]
3,-444.7584171124167,-4.263851758563225,148.82315015591143,2.0136776103900496,2.00177126060745,0.7098491308409632,2.074760994987064,812.376376570384,812.3685151427411,3.574059738654497,[0.30638924 0.23522701 0.92238489],[-0.08302136  0.97189798 -0.22027659],[ 0.94827901  0.00908727 -0.31730795]
7,-472.71736159137237,-109.91550362821309,34.334632461710015,2.4665534431231255,5.043384449023836,8.454284314948202,1.8007021663959677,1287.484580102151,1287.336113682044,26.43774097359579,[-0.19433425  0.93167599  0.30694307],[ 0.135081   -0.28451031  0.94910853],[-0.9715901  -0.22590647  0.07056162]
24,-462.21474365789527,41.437384020318554,112.77229236270914,5.820474191266438,5.134025258608998,8.866483330656916,5.46535068670099,2340.1921596980055,2339.9241625887644,51.205151467812456,[-0.11221626 -0.98895214 -0.09685645],[ 0.22514111 -0.1202413   0.96687823],[-0.96784244  0.08669309  0.23614681]
22,-181.70828087189446,-36.96540117024598,147.20003651971467,6.177718564191677,9.363227744261678,7.287277390212662,6.790231385372023,1112.0477318193077,1111.1185708817666,54.17625941835434,[-0.6231698   0.40856995 -0.6668808 ],[0.15027749 0.89935925 0.4105723 ],[-0.76751292 -0.15563908  0.62185239]
16,-327.8403952131753,-83.23450129015313,146.81825848787517,7.648902358731138,7.721681549942187,7.837320119583754,7.318902594293851,1475.725610794579,1475.3880085714495,44.9768581880835,[-0.45250831  0.56308917 -0.69149607],[0.06827592 0.79502857 0.60271716],[-0.88914264 -0.22552199  0.39820247]
5,-134.40889150646052,141.13929675230398,108.27057806133057,2.437441497474624,8.437739384437199,3.335150028625697,5.514071016484605,498.9117490467835,498.76246463905846,17.069306716128093,[0.63952399 0.01941202 0.76852602],[-0.47748755 -0.77344765  0.41687453],[-0.60250702  0.63356287  0.48536933]
4,-190.78219323591605,219.29574098293457,286.71372821579115,3.5180681494360337,1.469840178477234,3.7722737989178245,4.974007541901364,816.6319829896098,816.6222890351363,4.02658764881966,[-0.59640996  0.39484122 -0.69885304],[ 0.65261884  0.74541657 -0.13580422],[ 0.46731553 -0.53707965 -0.70225469]
11,-312.1296344360372,-26.77075692005902,118.20173059972716,5.361173051304913,2.9714559898363717,4.017299229519582,5.236989417622917,1110.7311566656583,1110.7036304669964,16.925109106320022,[ 0.07996257 -0.99669472 -0.01433922],[-0.35298089 -0.01485985 -0.93551252],[ 0.93220731  0.07986746 -0.35300243]
30,-243.93055164737245,-13.959591969988042,133.41613446004334,7.040501187722367,13.019072540940954,12.147924893134967,9.55701782297507,1527.3314846438539,1526.635507467647,91.93330554491254,[-0.47022626  0.31100628 -0.82593121],[0.10777365 0.94908207 0.29602039],[-0.8759407  -0.05018294  0.47980159]
4,-51.910711975924926,50.6024440455933,68.02805550866422,0.7869500258798878,5.8908938839506195,1.1754867807848537,2.708860610490489,199.19321646438252,198.90912681334868,10.771113557041692,[-0.80246044 -0.0215054  -0.59631766],[-0.28950819 -0.85981567  0.42059723],[ 0.52176838 -0.51015148 -0.68374207]
14,-204.78932604128823,53.64893024395661,148.6094939312025,4.730345159392507,10.709183510700829,6.117665476740121,6.9412630758292835,968.9361524823167,968.272854954076,41.74327200820248,[ 0.54223329 -0.19483455  0.81732647],[-0.28186327 -0.95855637 -0.04150637],[-0.79154037  0.20786818  0.57467788]
3,-300.2241438956887,-82.01297267582463,265.47065598940486,4.126298819994517,4.05313534418811,1.255941158707057,3.0131115755539333,708.5979337554909,708.5428015410408,8.846310995326963,[0.52324065 0.44233512 0.72839471],[-0.43304658  0.87416655 -0.21978055],[ 0.73395496  0.20043072 -0.64895119]
2,-261.508274613072,205.40006742949265,168.06471439297292,3.537761937371698,2.175223470525495,1.59325425505169,2.0024563830007196,526.9559743108167,526.9260372351188,5.616951624880987,[-0.46817489  0.12023022 -0.87541817],[ 0.53679303  0.82564355 -0.17368353],[ 0.70190135 -0.55123264 -0.45108433]
8,-291.40198589406646,-290.3856077125385,164.58600440910192,8.034381120073567,4.246424765392453,6.373803557969534,6.074838521814357,1253.5434031507718,1253.4544411610075,26.301769959696255,[-0.27208357  0.66651834  0.69406328],[-0.70239565  0.35544201 -0.61668576],[-0.65773161 -0.65529709  0.37144965]
7,-196.28585592107487,157.14713260894547,210.64766064040924,1.5956370234828063,3.4836396611705958,5.202436374893487,4.869909733787898,867.988527751279,867.9831806630569,11.256562926773256,[ 0.28256262  0.87622301 -0.39037366],[0.74979208 0.05208181 0.65962059],[ 0.59830611 -0.4790832  -0.6422687 ]
16,-236.51744606966207,190.55253825651616,255.47980868904864,9.888770132820994,7.4078650222540565,6.650494112188602,10.618550616901663,1588.4616602415238,1588.2088176716152,36.680298417815166,[ 0.53943327 -0.35435286  0.76383624],[ 0.59472377  0.80251331 -0.04770774],[-0.59608337  0.48000671  0.64364445]
8,-424.9458070679971,-88.0561638254371,176.604046661606,4.370766785906392,3.4007451132226874,5.299841837286036,4.993432275976584,1325.378944519975,1325.2880581096395,16.47385863442461,[ 0.38750265 -0.72298188  0.57196057],[0.16508081 0.66482764 0.72852765],[ 0.90696749  0.18788668 -0.3769729 ]
27,-382.7938035323887,-270.45138418454,108.5624306224259,5.201911945101964,8.321669519344741,14.241811295721272,5.612887009865551,2501.32918973356,2500.237096561219,84.88868334779691,[-0.60375347  0.76631646 -0.21963796],[0.04935184 0.31092413 0.94915256],[-0.79564197 -0.56221461  0.22554065]
41,-255.1754120454458,-253.44950871958872,16.918332899094388,9.03916484243072,11.057070093910806,12.659446034324642,8.941143761069906,2308.036911473634,2306.783084687561,108.85181465039136,[-0.50639908  0.55429222  0.66054531],[ 0.49141241 -0.44395563  0.74927781],[-0.70857167 -0.70403376  0.04756736]
6,-251.16453813211078,-293.6237550783654,54.62239263600566,1.8936882633346654,3.8829241104973584,5.608063002428541,4.047432098085204,956.0113977184612,955.9429364404241,14.225275849119505,[-0.71136932  0.65560395  0.25325315],[ 0.28240775 -0.06332813  0.95720187],[-0.64358337 -0.75244469  0.14009794]
7,-430.78412097600403,126.66550431019118,65.22280233954213,6.49088787518194,4.263480552807715,7.288346167544956,7.545802546799926,1200.7582123163677,1200.6653679151707,19.852293546207484,[-0.26518901 -0.95801031  0.10904598],[0.16830328 0.06536641 0.98356557],[ 0.94939391 -0.27918358 -0.14390182]
17,-470.10384818059293,29.01326307890507,64.09546831276667,7.077444078836437,12.681010890852829,5.78012871791339,7.55560857293778,1960.8367875156396,1960.2243847301406,56.26041473844966,[0.14528343 0.22334267 0.96385205],[-0.02886238 -0.97281679  0.22977046],[-0.988969    0.0612009   0.13488796]
8,-316.7783292642505,220.2872048252337,122.91173416235705,6.538932465993692,6.544042562684482,3.0929066763120874,7.362729661219616,1145.6407702579702,1145.608921409813,18.05287471328868,[-0.62047529 -0.63743793 -0.45681867],[-0.05516276 -0.54559083  0.83623425],[ 0.7822835  -0.54406207 -0.3033628 ]
2,-168.08356182865373,-142.0961911652039,24.535947469515065,1.3762246337711872,1.041115744762294,2.7508358831536164,0.07173277477556894,313.2282523438281,313.1946013797009,4.591267034189334,[-0.50813448  0.6900571   0.51538389],[ 0.407133   -0.3348686   0.84976805],[-0.75897436 -0.64162624  0.11078674]
14,-348.17665870231997,-105.20462095898553,256.7122153639488,8.554133445010919,7.05062850893985,7.513301543291421,9.107700064067329,1666.434703291803,1666.1829935757328,36.652907070588306,[-0.60068191  0.0394345  -0.79851497],[-0.16571494  0.9709504   0.17260905],[-0.78212518 -0.236009    0.57669746]
18,-379.46564079517725,84.7603765785807,77.76140888619331,9.614568424207867,7.2484580318052165,6.859870312608814,9.56699916135699,1683.1336103643066,1682.941652880893,42.35459475052326,[ 0.0102232  -0.65075505  0.75921891],[0.28988964 0.72858138 0.62059099],[-0.95700548  0.21374527  0.19609558]
10,-342.685333637578,240.23383032924124,66.03781726424593,5.172487131285603,4.993414753101054,3.4968603185611467,5.215513186419774,1340.0035441055452,1339.9387896757946,19.06219579550306,[-0.23307721 -0.06571868 -0.97023506],[ 0.53988199  0.82108911 -0.18531084],[ 0.80882783 -0.56700416 -0.15589683]
8,-349.6225852124676,257.5067009186293,39.73681919867679,7.311158017926138,4.485875351717442,5.452351783047936,5.877511180820372,1233.5462397999554,1233.4757261549753,23.42779946635218,[ 0.37883672  0.62027127 -0.68683789],[0.46201957 0.51629692 0.7210932 ],[ 0.80188569 -0.59050913 -0.09098523]
27,-232.08161171760082,-53.721764305775395,266.11418454764214,10.71606029743134,15.918296302804505,6.568892989845044,5.832855246213106,1858.5086682165272,1856.4616244390102,101.00409136525506,[-0.61883312 -0.46452238 -0.63345444],[-0.44121656  0.87273404 -0.20895752],[-0.6499027  -0.15018076  0.74503169]
33,-401.03159246518607,-70.52718030551095,81.33504090983405,5.492041710342841,9.039449558176226,10.661222992654533,6.79137322323565,2386.371883504787,2386.134438311675,76.94488129324763,[-0.09252458  0.931519    0.35172654],[-0.24242929  0.32153686 -0.91533714],[-0.96574699 -0.16996     0.19607742]
5,-206.21828199361676,107.98495345179109,203.50076064986803,1.2264492918788632,2.4551674974722166,3.9647256886757436,3.4469943197595163,691.4508649747892,691.4218604553748,7.544455948728139,[-0.66649261 -0.67458349 -0.31737158],[ 0.33318228 -0.65035748  0.68266003],[ 0.66691617 -0.34924528 -0.65821772]
64,-337.7472406604655,-214.63226147087596,94.47517174690573,28.562075360879053,10.683796094458438,15.703448852412242,24.09835500253226,3299.3739181986357,3296.504880643432,195.45203539218366,[-0.10655094  0.5376859   0.83638554],[-0.55879173  0.66339025 -0.49765969],[-0.82243461 -0.52039143  0.22976959]
20,-382.0198167914511,-46.204704716186214,165.50054192178203,7.1872345658050225,14.37891731688204,6.600071341232566,6.301324195061528,1874.8023557592571,1873.6361267541836,72.52857790810573,[-0.40381719  0.40985013 -0.81789641],[0.07154752 0.90544278 0.41839494],[-0.91203762 -0.11043661  0.39495712]
3,-414.4552335714641,-54.550512106474365,185.21291214825058,3.289675218286151,2.04668967220124,2.4129746409408015,3.207939666346397,791.9674770007891,791.9577995964821,5.629397364989074,[-0.24153746 -0.64041227 -0.72906226],[-0.34638091  0.75871288 -0.55170195],[ 0.90646562  0.11927656 -0.40508416]
14,-166.4784189387436,-181.0346583701809,256.58085818630553,6.7054804967025285,4.461914188571349,8.094599269940234,5.950873181629183,1330.4912765698268,1330.0899648641432,36.47535676842787,[-0.32516579  0.85910187  0.39523561],[-0.82160736 -0.0497165  -0.56788169],[-0.4682185  -0.50938418  0.72201052]
5,-376.8962631721229,-10.568576522113343,217.02514688365494,3.2533414714779703,2.6387820602193384,1.4513887647055357,2.85846933174492,972.8260252731666,972.8170010121956,7.561099661131311,[ 0.46033328 -0.42627889  0.77870378],[0.19371734 0.90426516 0.3804972 ],[ 0.86635262  0.02430709 -0.49884096]
11,-263.7278099555438,-69.73271087546813,299.8844922494278,2.9101862389655753,4.988497783291664,7.528992647120231,5.151315374372895,1344.8305649072797,1344.7365731097923,26.47572482694908,[ 0.56641057 -0.75876184  0.32165127],[0.50605829 0.62826852 0.59091765],[ 0.65044913  0.17192771 -0.73983565]
2,-408.66054434749356,-53.12133853281097,31.710718599191736,0.1895899872804705,2.577260266793214,4.655848869248912,0.8758328499129959,584.5669199185389,584.5197244216179,7.428029693223028,[ 0.07628035 -0.87366376 -0.48051321],[-0.12881403  0.46924391 -0.87362297],[ 0.98873063  0.12853711 -0.07674606]
6,-255.17147460374812,-103.36919877865586,188.13884389903743,3.2656153322320987,4.809815007245987,7.19402006863959,5.187543962191159,817.0849317563727,816.9299946421636,18.734874153454687,[-0.63572495  0.50212744 -0.58627794],[0.10177729 0.8074044  0.58115361],[-0.76517656 -0.30978407  0.56439229]
2,-192.65329022813117,-144.58428298397638,33.885574948618384,2.193580418369578,1.6087003867416882,1.242875397924518,0.6079525627409055,344.02639945956025,344.0014739060752,4.141192528329783,[-0.17575543  0.44051661  0.88037216],[-0.58463413  0.67280052 -0.45336784],[-0.79203091 -0.59437748  0.13929271]
3,-125.50955447578725,-20.5726504592902,118.30345305437102,4.122401341797221,1.0981469445574954,4.318164248902782,0.46385924547029084,301.04036286973303,300.85814306876955,10.473439830042636,[0.039409   0.97655532 0.21162853],[-0.69019112  0.1797541  -0.70094556],[-0.72255322 -0.11844057  0.68109374]
3,-355.9444307581748,275.03323379818835,50.748329252624956,1.5944882998619478,1.228683520931042,1.578498788385958,1.4288053416807063,784.0659823961801,784.0643800068365,3.6753176805701337,[ 0.25610786  0.48568164 -0.83577635],[0.56224531 0.62846833 0.53750142],[ 0.78631354 -0.60756967 -0.11211654]
4,-461.60814923797676,95.03528168721074,96.95551890827583,8.216432548502096,2.668326113621478,4.489014517037822,7.424514089888735,962.5011647902843,962.4477424654897,12.545336826470361,[-0.2288174  -0.96240901 -0.14632664],[ 0.16490024 -0.18646228  0.96852451],[ 0.95940112 -0.19748597 -0.20136729]
4,-162.34842922780018,-123.1478797648627,148.55019175054645,3.260379611975062,4.722641063112447,3.0999103133147066,3.25135066220849,504.4916632236216,504.3984516291092,11.282041204567822,[0.4105594  0.42925567 0.80447533],[-0.64579389  0.75973905 -0.07580784],[-0.64373227 -0.48840163  0.58912869]
5,-270.438516765278,-70.00962288575681,251.93160076163468,9.009388706565362,3.472243178860092,2.8191634203742906,8.261922893708233,841.4215471573232,841.3894891728463,12.803943908952807,[ 0.20595602 -0.97726156 -0.05041792],[-0.66369351 -0.10163974 -0.74106699],[ 0.71909182  0.18608925 -0.66953547]
2,-309.2681262221334,-141.51007390357708,347.6402772970838,0.16305810319602188,2.250188824852927,0.10636183618419182,0.8344486621254248,687.7946474971602,687.78824305573,2.9681374723042944,[ 0.75162749 -0.02330818  0.65917588],[-0.1751442   0.95644605  0.23352828],[ 0.63590929  0.2909771  -0.71480886]
16,-182.73232765166227,205.70951601781547,23.543041461047707,6.331239152710341,8.843578062302196,12.233090542919333,9.688928439854255,1106.4488903417205,1105.3903525069848,53.237503574354605,[0.74976307 0.6557219  0.08879262],[-0.0107829  -0.12206218  0.99246388],[-0.66161853  0.7450702   0.08444713]
10,-233.5863184059483,-105.12041845834419,86.5797321862916,6.624507704330492,9.068722085137983,5.101661974361287,5.037286227628453,855.8790208639323,855.230413581504,35.686241815465,[-0.42396475  0.21833901 -0.87896642],[-0.27152956  0.89521926  0.35334711],[-0.86401712 -0.38847209  0.32025591]
