N,MEAN_X,MEAN_Y,MEAN_Z,SIGMA_X,SIGMA_Y,SIGMA_Z,SIGMA_R,LAMBDA_1,LAMBDA_2,LAMBDA_3,EIGEN_1,EIGEN_2,EIGEN_3
104,-143.61960656994017,-128.4021003989105,190.9947694638569,15.338163197332701,22.46531918691644,16.014285027065963,18.935816611014953,2780.8826523025737,2777.4729633029524,258.5892258296422,[-0.72457013 -0.17942557 -0.66543564],[-0.44227008  0.86154648  0.24926862],[-0.52857857 -0.47491487  0.70360541]
292,-329.1601476475806,-46.54911813875578,223.47971229130118,18.075084127952614,30.130447887510655,33.353157861691415,20.582353031511396,6886.904973361459,6861.923934790568,749.4797995471978,[ 0.46054921 -0.71284944  0.52890462],[0.33762755 0.69175489 0.6383438 ],[ 0.82091538  0.11541596 -0.55926478]
455,-381.28217883902914,89.95994386189282,204.47138139304545,23.036687484530773,41.23239726529482,53.71166477476917,30.606784567206613,9512.625180560977,9484.430425347447,1383.2336043816688,[-0.35121536 -0.90121069 -0.25390365],[-0.3684467   0.38232982 -0.84739066],[ 0.86075246 -0.20406665 -0.46632821]
5,-311.21027019397206,-178.2984021356976,324.6240091143467,1.9523987447192914,4.574700586411701,6.010700409261627,4.907065548294584,1081.8255820800011,1081.8075649140912,13.545583314918675,[ 0.24066681 -0.9294052  -0.2797954 ],[-0.72684491  0.01847094 -0.68655321],[ 0.6432542   0.36859843 -0.67108809]
83,-135.53853515949504,-123.75600471863572,30.285660873239976,19.248024028987768,17.861996137439853,15.322752928155147,20.770399804624237,1713.7736591529072,1709.2050155910686,198.01757873875647,[-0.46718764  0.65447503  0.594473  ],[ 0.50036296 -0.35862584  0.78805102],[ 0.7289531   0.66561996 -0.1599295 ]
2,-233.15412181555052,-257.4537068494833,86.93755150296494,1.2085131489003942,1.39197101559526,0.6727177739880545,0.3772655219366925,506.3699125895884,506.36258923613053,2.7233431787289706,[-0.07567682  0.37985825  0.92194399],[ 0.75515009 -0.58196658  0.30176688],[ 0.65116923  0.71904284 -0.24280861]
199,-131.94265715038748,109.32772986938792,159.23771676682907,23.310465709968167,19.319908982430523,27.24641745926104,34.51899256046379,3345.3441657376593,3340.229862414257,299.3516550887585,[-0.69469027 -0.71405863 -0.08675076],[ 0.44577649 -0.52202822  0.72716564],[ 0.56452524 -0.46648345 -0.68095847]
6,-331.96070204340805,136.18551912920137,218.13531158132875,5.479350141681002,3.140336730996918,7.372449052181886,2.1049315463592344,1028.8182354366643,1028.617367052419,23.221032890066112,[-0.23767815 -0.94425229  0.22780849],[0.56439279 0.05662739 0.82356185],[-0.79055036  0.32431613  0.51947009]
103,-48.73934901456093,4.447082175469803,23.2157164960986,18.441773010109028,19.397331482664786,20.365240488148647,20.92932101245302,619.3628692749944,616.6081575237912,271.3852597543977,[-0.3539883   0.47641121 -0.80481342],[-0.2941994 -0.8735709 -0.387712 ],[ 0.88777193 -0.09953011 -0.44939377]
251,-327.1939494025061,-191.5847356115063,150.44706052852538,28.63586086616535,38.14520702017984,17.285816915240837,21.255577100488463,6506.887418527835,6477.0634502155135,728.2800839272085,[0.34782857 0.13429456 0.92789022],[ 0.48505398 -0.87272015 -0.05551741],[ 0.8023328   0.46938738 -0.36869711]
119,-328.1741317824342,-275.0351655000453,184.18357048614584,23.042993713732216,13.417382026746065,23.35976984205135,13.981785434627488,5095.841805914653,5090.670129509235,354.8495782351121,[-0.2403378   0.72229119  0.6484853 ],[-0.66796162  0.36167768 -0.65039721],[-0.70431883 -0.58947832  0.39553798]
2,-370.56611583981913,-65.47353247770688,301.5914095764125,4.439285268918411,0.3117819503728043,1.956226050000197,2.1453926724191206,682.0367134928282,682.0088143960741,6.168925202955874,[-0.01618643  0.98104739  0.1930907 ],[ 0.63971795 -0.1382562   0.75607286],[ 0.76843929  0.1357617  -0.62535575]
3,-299.7202551580331,47.81977711958774,8.306434438691609,2.0189213052421464,3.1707593611345066,3.4562982336331998,2.5662450691320853,525.9658390087037,525.9143559437765,7.631295765252897,[ 0.10480521  0.76685881 -0.63320094],[0.12082494 0.62217216 0.77350057],[ 0.98712573 -0.15757335 -0.02744879]
93,-382.7898509870046,172.1960663899809,26.401988787380237,21.179599890987713,22.341559667924116,14.066019560309584,24.40234912075568,4066.836004192483,4064.831282348507,223.8741544747822,[0.13464805 0.14785694 0.9798001 ],[ 0.3925341   0.89995088 -0.18975088],[-0.90982794  0.41015454  0.06313774]
9,-462.9814045623801,63.27742106011851,31.80407316395771,4.260616039463456,4.762222899221761,7.173106459629417,4.3125093405196155,1405.3887309101349,1405.1669425510358,25.712388226164325,[0.15059825 0.83932738 0.52235019],[-0.01360788 -0.52656627  0.85002517],[-0.98850139  0.13512038  0.06787849]
48,-330.3458235377104,164.99677506006256,162.79368391688385,15.982296234149166,7.971624019869908,18.028746841574694,20.41101233560788,2801.0332319433132,2799.8307509440433,104.77632101082138,[0.57291443 0.63304615 0.52059738],[ 0.04360116 -0.65781337  0.75191789],[-0.81845464  0.40808596  0.40447232]
3,-376.54922274860354,-12.464466343362062,220.6768374124856,4.339427063345075,4.870389720435682,2.0807749760892102,4.147586029450035,756.3516075099767,756.2953991854654,9.406409498478466,[ 0.46526686 -0.4380288   0.76919277],[0.19939836 0.89850683 0.39105726],[ 0.8624193   0.0285702  -0.50538767]
8,-472.1197791340119,-105.05803188155289,32.57816606039377,2.8645931823285378,7.060144866003311,7.178910750345616,1.656050343606258,1371.3548333684746,1371.2093625262726,29.2236712953593,[-0.10231114  0.68381343  0.72244835],[-0.20250418  0.69673407 -0.68815238],[-0.97392222 -0.21670447  0.06719142]
2,-165.8900201802751,156.77592863590002,100.58598265888767,1.6982220225407758,0.7441076597244063,2.3349439470225093,0.6555024442783264,352.77363881105913,352.74965713048954,4.113348309788821,[-0.60773978 -0.76935641  0.1968326 ],[ 0.43394799 -0.11415083  0.89367709],[ 0.66508759 -0.62853823 -0.40323466]
103,-211.18412032930743,-123.4811432298145,155.8949222640217,16.08988977564873,17.44195771012087,19.56178537867139,23.140155992572783,2958.682833337847,2955.1097616830375,207.74633211293403,[0.07809142 0.72755789 0.6815873 ],[-0.68254845  0.5373362  -0.49537603],[-0.72665627 -0.42653174  0.53855486]
3,-451.82391198735576,128.64391492302244,87.35686651250808,2.2308921738928738,3.4291054744475353,3.8849643762119577,1.0994721571875194,827.6708575508225,827.6545498587451,9.582677960318435,[ 0.07115063  0.71924678 -0.69110177],[0.31754239 0.64047793 0.69925307],[ 0.94557095 -0.26920641 -0.18282094]
17,-411.1204746015667,235.60592624112962,11.072962399628953,9.101839900834443,5.900195353716087,4.404845277848618,9.049340283662122,1954.7701871096485,1954.6828640513509,30.72235239839874,[-0.09764499 -0.2161717   0.97146037],[-0.4879031  -0.84037726 -0.23604368],[ 0.86741917 -0.49702701 -0.02341222]
186,-289.3473951339021,227.29924734617472,278.3388343484002,20.831637282406966,16.79033106110859,16.627626987248373,15.165431597917541,6302.840916731372,6299.74788684322,374.4499357621126,[ 0.56670514  0.82001009 -0.08017938],[ 0.53383808 -0.29131429  0.7938217 ],[-0.6275844   0.49266564  0.60284192]
94,-241.70717107337185,189.21125349574865,51.72117370968062,24.05305903836192,18.764384345377334,14.89101829191266,19.95774438992937,3033.7529620084442,3026.9706176951245,259.4781253981504,[0.36892747 0.22568419 0.90164248],[-0.5093706  -0.76233378  0.39923528],[ 0.77745361 -0.60655903 -0.16628898]
59,-204.76913037063417,-148.26654708678095,77.51109345771349,11.056226656775923,13.1314744213388,12.622316205309858,13.889266779978804,2036.161424873634,2035.4255874260664,124.01104680634364,[-0.02217204  0.48803946  0.8725399 ],[-0.63295301  0.66871443 -0.39011728],[-0.77387266 -0.56092646  0.29407928]
27,-246.02574650472744,-6.2789472549852245,138.11735807834967,7.470443188256925,5.857060623148475,12.049996658219142,6.52603725691695,1468.445788113923,1466.9519152593234,72.31139748362061,[-0.18432429  0.94050247 -0.28544643],[-0.45409609 -0.33905775 -0.8239154 ],[-0.87167729 -0.02224751  0.48957507]
146,-188.96433505007175,47.261672298348955,73.59517516320584,27.267255407862407,21.973759428246918,15.698950836542123,30.592192931870215,2553.725137711964,2548.5425296772833,271.7526333235404,[0.4115795  0.30113321 0.86018667],[-0.09446225 -0.92465625  0.36890067],[-0.90646522  0.23308712  0.35212384]
13,-278.27133402317025,-253.34984366777638,73.58937095926314,6.328813158912684,9.598865696404449,5.665879789054185,10.023271949777362,1383.244549277536,1383.120080984794,28.867591003342937,[-0.59579924  0.46381849 -0.6556643 ],[-0.34431661  0.59003899  0.73027397],[-0.72558207 -0.66085278  0.19184437]
15,-281.76138357607516,61.022115042893375,159.1388663926285,10.855809173302463,11.769250916659207,8.05358103309753,11.142805342071485,1277.1488461861534,1276.2335607769003,53.90808590999447,[0.4963708  0.02877666 0.86763352],[-0.14612129 -0.98242095  0.11617939],[-0.8557246   0.18444779  0.48344019]
6,-109.97324920427532,66.8096962486713,109.15416312895825,5.658306138261886,6.50389982293752,4.011294176382401,3.568610638338391,413.79043639452436,413.5950225599508,21.654378542292235,[0.73447766 0.1181189  0.66827427],[-0.1881049  -0.91071689  0.36771089],[-0.65204227  0.39578109  0.64668246]
13,-221.93031180803592,-84.07645573685267,272.06280997460647,5.960937834405537,14.186858371120218,4.855001381164394,4.206676137533357,1302.9502149398668,1301.836429078166,56.165225662025335,[-0.72339219 -0.21445577 -0.65628687],[-0.31435174  0.94860395  0.03651757],[-0.61472491 -0.23272145  0.75362724]
3,-325.25813604311776,258.06972894627955,42.70086891233293,1.754535458952114,2.3694319690962367,2.2958868073862853,2.4889060229673556,722.970846190473,722.9597434771016,4.834528089966321,[-0.62638372 -0.76321532 -0.15857428],[-0.01999164 -0.18763148  0.98203603],[ 0.77925847 -0.61830154 -0.10227138]
4,-254.81247691493007,119.69723777703967,199.74011548468434,3.2246685074868204,1.9945671200665762,2.785022086347547,2.2250833609061926,690.4293518177628,690.390619972896,8.28817956083414,[ 0.27985172  0.93788614 -0.20506733],[ 0.61379403 -0.01054716  0.78939574],[ 0.73820045 -0.34678286 -0.57862056]
68,-362.7666671945588,-156.57717543846485,228.9188318305647,14.072410531320617,13.280065239751064,12.247132529260284,13.510701883890864,3769.4950502586757,3767.9553463409566,153.10818036908537,[-0.58520328  0.65246998 -0.48147694],[0.161844   0.67580107 0.71909627],[-0.79457136 -0.34289334  0.50107935]
54,-319.7652404209359,-318.2741061040689,59.606331516243976,9.61553604848094,19.287062446634245,9.11939434942867,16.558619844488916,3348.2286116800465,3346.7302077860727,121.76340295043875,[ 0.45900568 -0.30479513  0.83451406],[-0.54421744  0.64599373  0.53527515],[-0.7022401  -0.69985144  0.13063997]
4,-238.18539703324296,44.33341192996801,178.46727281002194,1.0210396153413177,3.522577198653291,6.409752284497566,3.8102405796620245,601.9720892781879,601.9072613324855,12.6474644123831,[-0.32458479 -0.92367397 -0.20364458],[ 0.51796933 -0.35372917  0.77883467],[-0.79142434  0.14731624  0.5932499 ]
12,-244.75400873006353,-182.3672877981447,149.76201880829885,3.907926614299654,4.471236547367845,6.9156866505481815,5.2008589764548665,1178.0660551749431,1177.9923930014036,25.938749776650933,[ 0.64930774 -0.74472414  0.15422523],[0.24543271 0.3971251  0.88433842],[ 0.71983488  0.53635586 -0.44063607]
11,-359.6183009672948,256.05988078317927,91.77690005225026,2.89850592380355,8.732190886797463,2.4153903927811564,4.678344520923848,1495.799738310633,1495.5770373760304,27.43772047568436,[0.30084905 0.08196198 0.95014319],[ 0.52299373  0.8189426  -0.23624263],[-0.79747565  0.5679923   0.2035125 ]
77,-247.18703485681723,-140.5176379130142,319.1234187423839,14.038332412285603,8.608626555839669,21.39601952816059,22.80922125810501,3757.414247705851,3756.589596237559,125.85366918962602,[0.20554214 0.82741594 0.52262346],[-0.78972956  0.45563214 -0.4107634 ],[-0.57799623 -0.32830201  0.74708644]
69,-249.84139287614386,27.961596886475423,16.641583106398414,14.432120356469639,12.763363871751157,9.26785916144267,14.327660549994485,2099.1815053917203,2097.5404652282073,130.42801192579776,[0.10157714 0.35545725 0.92915673],[-0.07981749 -0.92806465  0.36376527],[-0.99162052  0.11111319  0.06589845]
9,-255.3099539143142,40.59710631617964,252.65152034470853,4.4554229708363735,6.073845012543482,8.7262430577517,7.516821250813013,1084.9261451517614,1084.7064001568501,26.32280116442796,[0.56515422 0.68410909 0.46108075],[ 0.42652234 -0.72069804  0.54650987],[-0.70617236  0.11220112  0.69909334]
18,-301.66289363167,84.03263529642263,234.95967462580282,11.28149153651161,5.639355892093437,9.74431373959851,9.269421545457742,1662.225796517762,1661.5626204398304,54.856331230315774,[ 0.01886401 -0.93351297  0.35804704],[0.63702382 0.28723587 0.71532943],[-0.77061326  0.21459051  0.60008842]
4,-300.8962572113846,95.97140014227995,76.28132512680831,2.8377058082347935,2.848949945173009,1.2347618179162534,2.7585483104629294,649.8749677154617,649.8514156216511,6.362095819973726,[-0.3393197  -0.37999446 -0.86050354],[-0.16497785 -0.8765573   0.45213893],[ 0.92609095 -0.29538367 -0.2347425 ]
13,-384.8377097068378,-262.8234298746313,101.4960462299863,6.374586447192637,4.142659838654764,9.289759807096654,4.947677180968552,1720.1198005434,1719.8252427809666,39.43122234029983,[-0.52533418  0.83414171  0.16802265],[ 0.27003556 -0.02382357  0.96255558],[-0.80691065 -0.55103544  0.21273258]
29,-285.66799267455013,125.02169118459479,242.4374544124873,8.632957110450716,7.809629939558394,12.135835600274318,9.621650227551411,2128.8037471484768,2127.8566537604024,74.50145832472994,[0.49079275 0.86087957 0.13419702],[ 0.48597022 -0.39832098  0.77792888],[-0.72315657  0.3165861   0.61385488]
6,-314.1390062724701,-23.99821011701266,159.9329565011196,3.9480408139637055,8.57286762604175,1.918987590929652,4.436567644194386,865.7819306782121,865.5325721018006,21.01279229513027,[-0.45707205  0.18466049 -0.87004922],[0.02431077 0.98043856 0.19531825],[-0.88909736 -0.06812295  0.45262031]
3,-291.89051079299094,-302.72272427180263,87.9082797934117,2.7268701926353462,6.638202319178798,5.666733149924539,7.4805489538882375,744.2734784012414,744.2374241134812,9.122982960577081,[ 0.60672623 -0.69630968 -0.38345289],[ 0.41279193 -0.13625653  0.90057592],[ 0.67932769  0.70468929 -0.2047606 ]
2,-165.37050887955567,21.950108597657124,2.9592788807161723,0.17158079271050042,3.989283769123098,2.385026156317943,0.6523348584222504,236.04915581611954,235.9593015569491,6.512447332564372,[0.08350118 0.51399467 0.85371953],[ 0.10330442  0.84763071 -0.52043288],[-0.99113861  0.13164976  0.01768024]
78,-335.1284292824621,-201.31863665512589,91.04685973942023,21.568914089620886,16.138226813279694,14.1244043505621,15.45289581757726,3553.660846754521,3549.503611084591,230.41377038136542,[-0.03541696  0.46038703  0.88701151],[-0.54853004  0.73296739 -0.40233519],[-0.83538041 -0.50080195  0.22657664]
42,-319.88609352415324,147.54781024182608,319.62558338345366,17.798021470668026,12.150618841896458,8.912287123218176,9.878682069366716,3085.7714800721174,3083.9220890345964,137.0827811090517,[ 0.28246061 -0.73163677  0.62042215],[0.68375743 0.60718253 0.40472849],[-0.67282374  0.3098984   0.67176723]
15,-452.1326735002855,-82.57005226002035,88.69355996375914,4.484253937837437,10.28516937349725,4.479219885058529,5.157107194553645,1813.4561456621316,1813.069728249588,42.227177678414776,[-0.2404701   0.34033188 -0.90903704],[-0.09604282  0.92357948  0.37118286],[-0.96589332 -0.17656486  0.18940682]
34,-204.53445011660256,134.0214509045907,255.02339568800483,7.504399587991995,13.891668303528881,15.409897297935755,15.94906791592251,2063.759110291749,2062.6766794860464,89.48993872334673,[ 0.38840361 -0.65027079  0.65290929],[0.71767772 0.65788964 0.22829786],[-0.57799769  0.37990674  0.72221157]
3,-234.64836261845116,-270.5740060735764,144.18558018025408,5.093659450995614,1.881539526227583,1.2798466147771912,4.362178930892019,668.78004554921,668.7613025673448,6.006870912555857,[ 0.24051568 -0.61064973 -0.75449262],[-0.75675884  0.36879841 -0.53972565],[ 0.60783901  0.70078145 -0.37341278]
64,-434.96185782196267,-132.24077932612397,106.37986137683143,11.685719460834402,13.310934301590667,14.614516959437484,11.402746398782853,3738.5989564807023,3737.448547383255,159.23629715390945,[-0.33936713  0.90254515 -0.26503248],[0.13018272 0.32410635 0.93702056],[-0.93160207 -0.28349133  0.22748682]
6,-259.79794471677855,-195.14725851614423,221.9437240453506,1.2200888156471914,4.917912984931644,5.042112424577697,5.304911216997657,964.0055369294855,963.9532300965525,11.745564646361867,[0.11754352 0.67352143 0.72976188],[ 0.74189798 -0.548044    0.38630968],[ 0.66012947  0.49600067 -0.5641032 ]
12,-421.833967516083,-226.98631034175074,8.277541929896563,6.582799940951323,8.045678874377167,4.881359494066187,7.8533798554312675,1660.068458535144,1659.92020117243,29.11814030995439,[ 0.23385349 -0.40221239  0.88517667],[-0.41247997  0.78338821  0.46493353],[-0.880439   -0.47384397  0.01729351]
45,-399.80641942713186,-72.34426382565432,70.0721622253879,10.043786370853697,17.14544577141541,9.764686555434535,9.809388589234628,2769.1305368044455,2767.168416711647,133.49160580804235,[-0.21285048  0.26601655 -0.94017544],[-0.11976257  0.94786661  0.2953063 ],[-0.96971728 -0.17545392  0.16989504]
3,-458.3438834981577,-158.8933308652323,31.80379361097128,1.4371426353911336,2.9204034821630827,1.3492901062699785,1.0545053088545382,842.04775979186,842.0345848845768,5.825884761445799,[-0.09077023  0.06292127 -0.99388212],[-0.32072802  0.94298155  0.08899059],[ 0.94281191  0.32684354 -0.06541404]
11,-307.6060586088102,6.883172770416587,352.2083472804975,5.38233612042843,8.15426396121146,7.025605629805571,7.183226896796071,1551.523930187735,1551.3760922727479,31.978826041891395,[ 0.74801295 -0.10525604  0.65528452],[-0.08887756 -0.9943371  -0.05826237],[-0.65770618  0.01465908  0.75313193]
22,-236.95995146488076,207.2174314417741,257.9928167762406,5.3923737179371845,16.6569738177854,6.532403354629923,12.098362884989738,1910.9002064605131,1909.9605549158932,66.6980752862814,[0.78731618 0.15827651 0.59588739],[-0.2034892  -0.8456236   0.49347024],[-0.58200119  0.50977375  0.63356558]
10,-275.3229602513801,-304.02940910372195,146.35162647990555,6.586078312893712,10.364775437219276,2.786207959710703,5.575254372109414,1377.7238182406425,1377.272403689865,35.74098526785111,[0.38143414 0.09711782 0.91928022],[-0.67450818  0.70925124  0.20494241],[-0.63209708 -0.69823406  0.3360394 ]
140,-210.6530460972543,111.20617927884535,21.706425279667908,34.51784957627744,16.84903564881716,13.112042578004294,34.34071036476075,2865.7988252060154,2864.2900506748547,252.65759120674124,[-0.14866688 -0.44862919  0.88126614],[0.44571739 0.76511372 0.46469023],[-0.88274241  0.46187969  0.08621476]
43,-227.09175533355432,157.67345755152513,310.02675582646765,9.077192775042125,11.705897901417275,9.2259216770213,11.156194899996528,2725.8236282061594,2725.3380070742433,88.0442176579802,[ 0.59714012 -0.4480326   0.66534988],[-0.5870678  -0.80933527 -0.01810603],[-0.54660322  0.37979365  0.74631207]
9,-468.5752845170439,107.20258900129306,12.009231584789363,5.300875680070629,5.664097759329164,5.499448332807603,5.258567965153861,1442.692038583285,1442.6685665965201,23.75277984901498,[-0.14299561 -0.53137312 -0.83498195],[ 0.17286741  0.81727425 -0.5497087 ],[ 0.97450968 -0.2229471  -0.02500954]
61,-413.3585165824989,-76.94561511838542,230.75759179461735,5.3346026774097055,24.276484144622657,12.598460162004761,7.375809876757882,3751.557773583476,3747.0856852871198,210.1527564734448,[-0.50680077  0.2296038  -0.83092423],[-0.02275946  0.95997887  0.27914617],[-0.86176272 -0.16038288  0.48129237]
68,-337.59525055174737,313.24381205800796,37.57872345314785,13.318164136523448,10.823122029096739,12.092723868495504,8.578300738770043,3813.5935755969417,3811.5847962562716,157.68752943993888,[-0.35661263 -0.48045878  0.80124078],[0.58213941 0.55650686 0.59280167],[-0.73071276  0.6778344   0.08123662]
34,-284.11203037237914,-112.17669556691222,106.17478699290547,16.62608439111919,9.687352346345424,17.279287766028872,11.380253888871746,1890.9683936015686,1887.4925698448478,135.21494848965537,[ 0.34530976 -0.93621869 -0.06523597],[0.32829338 0.05538086 0.94295091],[ 0.87919544  0.34702669 -0.32647795]
15,-245.1151703225454,-220.75370642140635,223.63628519528194,4.52659375822713,6.553004466746568,5.6262459948743935,5.250702504075007,1543.848221687528,1543.7533327125432,31.873552019659726,[ 0.69285449 -0.03986471  0.71997462],[-0.3764543   0.83159938  0.40831928],[ 0.61500798  0.55394339 -0.56117013]
266,-238.61156043478337,-203.07966880862955,309.92285714536524,26.975017946840552,32.845087396846004,29.995258325907564,40.998218934634785,7232.588468433901,7223.648916171696,527.3256822047447,[-0.63934039 -0.31730836 -0.70039937],[-0.54647018  0.82831161  0.12357273],[-0.54093826 -0.46175241  0.70297262]
11,-224.08241416756917,109.8535911131119,162.6584232245036,7.20588723974676,7.941778269040705,7.2001112347855285,6.847666592440543,988.662422661868,988.5036914457215,36.39453064106437,[0.65125175 0.54172334 0.53141979],[ 0.09978594 -0.75533701  0.64769496],[-0.75227251  0.36878425  0.54597092]
2,-262.9657453936079,-137.98500984837887,194.119313777375,0.8947547129095312,1.5454222897034384,2.4390617377167274,2.598735661795274,501.76148140901006,501.75672961620273,2.183691969359146,[-0.06673038  0.85371569  0.5164461 ],[ 0.6679882  -0.34626382  0.65870565],[ 0.74117395  0.38893558 -0.54716569]
3,-252.7752867547778,184.23562062944313,320.49359174588153,5.85926452626868,3.698145645181535,2.9077059707136135,1.5794811806412699,775.749300487384,775.7032822174593,12.717073703911199,[-0.23981647 -0.9112911   0.33471868],[0.78984321 0.01732334 0.61306412],[-0.56447832  0.41139815  0.71562266]
4,-325.0324706904172,23.532266054971984,208.9325774705897,4.667725686264016,2.5144071478939267,1.2915899824849484,4.533992143341677,774.2929552205545,774.2695605786071,6.071553690557753,[-0.44354536 -0.65026575 -0.61678356],[ 0.31340907 -0.7572665   0.57299407],[ 0.83966795 -0.0608433  -0.53968123]
8,-419.5170727891308,169.92483808050662,77.5799963114437,7.091255923250548,4.534643599648046,5.891851655060579,7.380011410386336,1299.1830066934917,1299.0783680899294,20.268358583760644,[0.39788218 0.89919411 0.18204322],[ 0.0844516  -0.23348095  0.96868704],[-0.9135413   0.37004947  0.16883629]
11,-322.45855661338425,228.41342778965347,80.49942019279715,8.99033088203426,5.528439735105007,5.930146761965493,9.28944800616142,1338.0697985829217,1337.922630717874,25.85842347983869,[-0.37784237 -0.73287607  0.56579838],[0.46668819 0.37703573 0.80002887],[-0.79964822  0.56633622  0.19956454]
3,-119.34778625945277,46.9902531323909,134.92017065438824,5.194149734167009,2.1299131194897916,3.698739565567875,5.8676535290196865,322.6472206847346,322.5981916410174,5.739220511074839,[ 0.27591727 -0.80535611  0.52466294],[0.71599028 0.5363875  0.44681804],[-0.64127028  0.25236875  0.72462572]
45,-92.216108297056,-65.63876896599945,102.13597186478302,7.936860916035695,20.70081629179902,10.22120557285238,7.047427073744672,1033.7741635430564,1025.7540034041353,157.2903065297542,[-0.76097603  0.06266794 -0.64574625],[-0.23763464  0.89923038  0.3673071 ],[-0.60369302 -0.43296357  0.66940069]
31,-298.37755629431416,82.6935731482731,303.49566477727274,10.100757943690873,10.153185133852187,11.717290832887121,9.48426324467078,2415.61579218086,2415.1191008529645,88.34056342513058,[-0.18519514 -0.97901854  0.08500269],[ 0.70158243 -0.07115335  0.70902701],[-0.68810236  0.19094475  0.70003946]
33,-314.34811535151033,-231.50923034028415,258.6125883592673,18.88485753437294,23.090795929622793,15.002842301059607,9.85904487584309,2696.5569615099116,2691.0811459892343,183.0329801091714,[0.61594471 0.04249739 0.78664228],[-0.41161236  0.86876455  0.27536052],[ 0.67170483  0.49339855 -0.55260338]
3,-369.30541225439265,-19.540160372617454,176.5614277903212,1.2063232862394113,2.040586920184361,1.8838145360377936,0.8095326312172447,709.8265990722451,709.8091955357471,5.056878241493865,[ 0.33269983 -0.71320658  0.61696612],[0.27785913 0.69933033 0.65858286],[ 0.90116876  0.04768074 -0.43083804]
10,-303.55726166436585,-332.6247495744495,165.77636763748504,7.310223920657578,3.950734182723553,6.066620178614251,4.536368403298312,1517.7227258857058,1517.6113394585536,29.17815768693333,[-0.19682444  0.5753511   0.79387105],[-0.74902635  0.43422572 -0.50040739],[-0.63262917 -0.69312274  0.3454869 ]
13,-156.40735955693737,-176.8390989852498,219.4701311879739,6.748698250525479,7.842608092593955,7.612117740542661,6.632907928781793,1163.0666703444294,1162.5229520263138,39.62767006644522,[-0.72146974  0.69111836  0.0428583 ],[0.49397749 0.47032176 0.73128905],[-0.4852501  -0.54877396  0.68071983]
23,-237.55514652549127,-40.88043930558249,263.38273159188566,6.151497640818803,6.481251349483351,8.335381260450728,7.672148487829481,1713.1294117295217,1712.8265916075559,45.73035468879737,[-0.57857486  0.70353292 -0.4126652 ],[0.47184608 0.701398   0.53423041],[-0.66529122 -0.11437782  0.7377705 ]
2,-50.61239153583442,-40.18743994756095,35.88682835026894,1.9256878998780813,2.887023514869611,2.099835807723455,1.8663603778967897,104.6992019514918,104.57541603549434,5.089720059348483,[-0.70639645  0.65901882 -0.25826006],[0.17868568 0.5190841  0.83583678],[-0.68489086 -0.54428476  0.48443639]
5,-261.9011434954732,257.3043678963901,128.6884165006399,4.222282574396,2.8365374920368915,2.9985011793619,3.7986696396386708,870.0240010443645,869.9940469049617,10.089333135667614,[-0.62710517 -0.74764168  0.21856584],[ 0.39181121 -0.06025343  0.91807053],[ 0.67321845 -0.66136332 -0.33071963]
125,-293.48413938569814,181.74267438781553,213.29843682266934,24.480023600388662,21.43170943546883,15.432587740765712,24.59554324996336,4552.658538793339,4547.219512174356,291.84634389677564,[0.52789718 0.8493075  0.00115956],[ 0.44433469 -0.27734454  0.85184898],[-0.72380333  0.44917344  0.52378618]
10,-380.85167232429933,96.04067076090612,79.9898807553246,4.268370831411383,15.68239069489147,7.300775887527723,8.050415063543127,1268.7541361115266,1267.8671161712257,50.287446399795584,[ 0.10171923 -0.36678382  0.92472852],[0.2954058  0.89875844 0.32398871],[-0.94994137  0.24021428  0.19977108]
4,-358.06436782941864,-121.57966633041534,122.07599239353806,5.312674406227156,4.549798771062563,2.599040307277827,5.637900629932961,794.8554874250553,794.8014897915835,9.737812323416593,[ 0.42527207 -0.7618915   0.48853353],[0.08445072 0.57082639 0.81671618],[ 0.90111694  0.30606957 -0.30709881]
46,-371.69160264058837,0.14221548123342115,123.3591105709561,12.083753353762301,8.240645688845024,12.329714738478609,13.05467668739678,2659.0370402721273,2657.9046602585677,94.70301530580133,[ 0.16425252 -0.85232989  0.49654292],[0.26902602 0.52300403 0.80875941],[-9.49023766e-01  7.42190998e-04  3.15203651e-01]
63,-426.1220566880827,96.45887438430013,111.89043913509299,10.380409244275736,21.583874627699302,7.3441215559016655,12.330523705565012,3584.995408474257,3581.2630900539575,174.10350389449337,[ 0.2257917  -0.12400749  0.96625062],[0.23781646 0.96887245 0.06877145],[-0.94470177  0.21426228  0.24825437]
18,-261.92768510573734,-106.07160340820911,201.20668816604345,6.17224727904681,12.585288061328395,5.4247498494356945,9.313637856311237,1473.0302920566323,1472.4563099310606,49.784634116085385,[-0.63050266  0.09573847 -0.77026005],[-0.18048738  0.94707855  0.26545531],[-0.75491105 -0.3063925   0.57985596]
8,-238.02267537523545,220.13777984360115,99.99896261983353,3.6596043301871446,6.771500258211567,9.11446713694802,4.618155378515601,960.123808695142,959.849548176152,31.175083836052963,[0.68943435 0.72263776 0.04974878],[ 0.18065772 -0.23805428  0.95430234],[-0.70145781  0.64894131  0.29467289]
12,-429.9944328009983,-59.220636964850776,119.30697738791054,5.401141152083493,5.701963572865636,6.795363820953013,4.972883390943535,1559.7177109660925,1559.5330329940418,31.636750300932807,[0.04810803 0.81476591 0.57779074],[-0.29194463  0.56467005 -0.771956  ],[-0.95522455 -0.13154562  0.2650317 ]
8,-362.4510642902781,-237.35220286111914,47.93976558203897,8.085314722538314,3.7005242955234143,5.571218423868928,7.43318519816652,1233.2269696176681,1233.1087387870318,20.898989300043045,[-0.42755192  0.75372534  0.49909665],[ 0.3545271  -0.36806861  0.85955572],[-0.83157074 -0.54444798  0.10984762]
78,-370.5085042751046,-293.60154390434775,15.436042288988647,18.4003779575745,25.32469103295026,10.651011081487695,12.605208789810519,4186.469447920368,4179.827077627222,269.97517598426276,[-0.02240442  0.08042037  0.99650921],[-0.62146946  0.77965588 -0.07689229],[-0.78311797 -0.62102277  0.03251106]
19,-384.5397522510106,-44.975742618558854,163.34805098041633,8.828123637999168,12.822873856807535,8.707637547750316,9.965507743773264,1833.1988660346633,1832.2580443737231,64.80679412273908,[-0.39969333  0.36780585 -0.8396214 ],[0.05340702 0.92375646 0.37923831],[-0.91509176 -0.10673735  0.38886271]
8,-362.1108944739922,31.753978625409182,273.960249522661,3.347950407175225,6.2463216234555405,7.921939110390321,4.8227386029170525,1287.66175257505,1287.6364344787335,26.770811337086027,[0.23648135 0.95030044 0.20249849],[ 0.55794161 -0.30343664  0.77241657],[ 0.79547327 -0.06967977 -0.60196927]
2,-245.06102631890883,-48.188048629331824,152.86755007865145,2.2098342414240335,3.9642269664032526,1.5557412454344188,1.6893877589968724,414.1702580144239,414.1215712610606,6.3503417234663315,[-0.51788448  0.54685512 -0.65783367],[0.1771546  0.82088025 0.54292897],[-0.83690615 -0.16463622  0.52199904]
16,-344.45618966342715,177.0551043932512,53.51469587172341,7.625905025970124,6.188854842459322,9.558959694668618,8.185468260484352,1564.7637746684093,1564.3464249391482,44.06734259829179,[0.45902118 0.74803325 0.47931808],[-0.11447264 -0.48521876  0.86686722],[-0.88101962  0.45277921  0.13709635]
4,-220.04502117815613,-179.33645680324526,67.82178983474421,4.807197381248219,2.4388027254167794,4.0429180929596065,3.1016526515316913,583.8186741019156,583.8029974519725,11.933262596453444,[ 0.53068129 -0.77823758 -0.33574341],[ 0.38707216 -0.12987514  0.91285683],[ 0.75402422  0.61439296 -0.23231179]
23,-384.05188832108064,248.86746376282068,132.8229633764307,7.410755380870765,9.450182363519291,8.310699378131739,8.255708864131316,2286.089157657927,2285.9593061762416,57.85338502549193,[ 0.08092745 -0.36928305  0.92578657],[-0.58649901 -0.76865012 -0.25533487],[ 0.8058968  -0.52230931 -0.27878904]
3,-203.4084266191322,-232.74110542165621,362.6371604200161,0.5982506680806968,3.4253896843363356,4.572192898535633,4.630016001937777,825.3722360549434,825.3597499326265,5.88674431922824,[ 0.90338243 -0.26862943  0.33427296],[0.04117106 0.83021805 0.5559163 ],[ 0.42685492  0.48844265 -0.76106416]
5,-462.7905669696126,13.29579357159032,61.59754739336955,7.533679770214707,5.551899900291645,3.0112941016971715,7.60596353515188,1044.590588642599,1044.540400358616,13.920516146732693,[-0.13485234 -0.24221979 -0.96080405],[ 0.00441831 -0.96979857  0.2438672 ],[ 0.99085585 -0.02864094 -0.13184981]
12,-131.10877534547618,143.39922023299832,112.12415371495972,3.8323603876886496,9.645789667543388,8.23936228158394,7.112736074230583,778.3074404408636,777.6675099894208,38.44081792962877,[0.75608297 0.20441424 0.62173415],[-0.29535895 -0.74116163  0.60286195],[-0.58403907  0.6394484   0.50000411]
41,-244.9712711832992,-26.070709109806497,22.659583404190386,9.033120346385951,7.554090691514727,11.835672671437148,9.156932716338842,1586.9584030088995,1585.931972773654,89.2915365383314,[-0.12290314  0.96843683 -0.21685232],[0.06656065 0.22606071 0.97183653],[-0.99018407 -0.10500793  0.09224336]
17,-297.589789556024,-32.25234002494492,126.43142047010451,6.363122200306693,5.569262660179462,3.808633396003643,6.002956608039703,1340.1973340493494,1340.0852918660885,29.156930274791854,[-0.40132682  0.25148398 -0.88073412],[0.01048618 0.96276695 0.27012929],[-0.91587489 -0.09917459  0.38902131]
2,-204.6282977070793,-204.14227910297188,11.58108662355746,3.1990609335266527,2.7482837400123685,0.23050616992718798,0.3142264189028481,409.14244975240956,409.09908503284095,5.9567453105935835,[-0.0124978   0.06911791  0.99753021],[-0.70671232  0.70514319 -0.05771292],[-0.70739063 -0.70568817  0.04003374]
14,-277.0838146399027,-188.2268498337915,116.40109055031901,9.292126745145294,5.2758631005554415,5.8831761839305035,7.858888227872245,1327.5267667564979,1327.3051862919672,34.81067610193072,[-0.1275036   0.65070067  0.74855292],[-0.61076279  0.54313635 -0.57616987],[-0.78148042 -0.530652    0.32817191]
2,-299.0229950434017,31.64115402896833,165.74032782239166,0.1492048896104734,1.126611460896635,0.30297305861634527,0.1723715945824722,485.565966204062,485.5631785305264,1.6453543741252343,[-0.49143972 -0.16488849 -0.8551601 ],[ 7.89085401e-04 -9.81997680e-01  1.88891327e-01],[ 0.87091124 -0.09215391 -0.48272278]
2,-273.40243336776786,-73.68328390442474,328.47763055087773,1.9918638901187364,3.0966923152611017,1.756742878390611,3.1124106668119396,613.3389174694015,613.3275772169201,3.729706122525714,[ 0.77616551 -0.15211589  0.61190511],[0.01122392 0.97364217 0.22780464],[ 0.63042932  0.16994613 -0.7574148 ]
25,-369.28876455111026,-162.4794486787143,45.25551047675276,10.129419382552987,11.251243643733588,7.850107548371431,10.15429547063969,2031.3493389429286,2030.905846011337,68.36302380567574,[0.11840776 0.00768181 0.99293534],[-0.39825157  0.91638603  0.040402  ],[-0.90960172 -0.40022197  0.11156651]
8,-256.65496625934594,-144.46162614044135,221.7487275463667,5.485075568544562,6.614074209910334,10.260564254475051,9.659559460467921,1043.3299883348898,1043.1969527870733,26.1406450361667,[-0.06801066  0.87016123  0.48805121],[-0.7148804   0.29872513 -0.63222568],[-0.69593144 -0.39189633  0.60174471]
9,-335.33300544910554,-323.55589315394684,99.8050599305717,6.243876437246748,7.573726042665634,5.440363578446025,7.461747544056147,1429.9537418340117,1429.9034600428508,25.17594862131593,[ 0.46031351 -0.66005185 -0.59366912],[-0.54128407  0.32137128 -0.77700197],[ 0.70364979  0.67900814 -0.20934402]
2,-473.39190968579567,40.19834283500886,29.488335891845885,2.659445711290317,2.655852049608729,0.9567635105230945,2.80978745232278,673.201916922897,673.1913016072998,3.7805275997685674,[-0.09176906 -0.41755828 -0.90400416],[-0.05050749 -0.90471457  0.42301364],[ 0.99449858 -0.08447855 -0.06193498]
3,-258.56847770574586,284.70514769177476,176.64581203358156,1.6088757367191369,2.8170080283738024,3.5896770369141433,2.5136012612655967,733.087188349182,733.0641406235864,7.150451403363488,[ 0.28188171  0.67751717 -0.67934762],[0.73981519 0.29736093 0.60353124],[ 0.61091422 -0.67271611 -0.41741688]
9,-325.4794883292519,218.06443087323754,8.812129656128828,3.5947991545882894,8.659761136050854,5.110443922316017,5.533565209983381,1176.0356814529473,1175.7717560278195,27.441780012930014,[0.31185395 0.43124884 0.84662362],[ 0.4615915   0.71007439 -0.5317214 ],[-0.83046999  0.55661369  0.0223787 ]
4,-409.4186509859577,47.78709792650166,174.5774945517604,1.054243296075407,3.1564099549972218,3.9926927144701208,2.422047789741502,895.3458915125921,895.300886234126,9.192720033027436,[-0.174617    0.76565818 -0.61909325],[0.3647354  0.63432241 0.68161805],[ 0.91459116 -0.10678312 -0.39002612]
3,-90.90872810565736,6.91680137464414,78.50792020444014,2.397072907803299,1.5770132163340547,1.0363587808627641,1.3154355371727007,208.45408182303018,208.40912041222626,4.771922457740773,[-0.36828153 -0.86108756 -0.35056657],[ 0.541546   -0.50518134  0.67195219],[-0.75570937  0.05761966  0.65236748]
3,-221.55585968741116,-89.21318101402461,163.4998494159347,3.32231014490716,1.5062664680534772,2.8627983596884667,4.337366246952298,501.39703326948563,501.3892190285391,2.8332988623197775,[ 0.32380607 -0.94308047 -0.07582116],[-0.55609635 -0.12487417 -0.82168321],[ 0.76544528  0.30822988 -0.56487862]
2,-383.67204917941774,-216.74295465594122,105.3126564190049,3.228178535945375,0.3301187095825213,0.42372357235482383,2.990112192639515,640.7545785606786,640.7518181660627,1.880814546475496,[-0.09471703 -0.29440206 -0.9509764 ],[-0.52335008  0.82733814 -0.20400074],[ 0.84683728  0.47837122 -0.23243835]
2,-449.23441691500295,-13.913593904627348,152.0429926542124,3.017550142865872,5.800832353461067,2.314799792489069,2.285169501660789,671.0742650623569,671.0103502054029,9.261703202180191,[-0.29420029  0.48230338 -0.82512401],[0.13029375 0.87551134 0.46529929],[-0.94682085 -0.02938269  0.32041681]
32,-230.51284238411094,260.3287191789387,308.4295291429237,8.583458859257478,10.542383919180194,12.910178971417494,8.5034869312545,2631.275592686082,2629.8787709606836,94.47197614507351,[0.77775378 0.62636461 0.05259689],[ 0.3861675  -0.5421683   0.74627622],[-0.49595738  0.56010794  0.6635551 ]
31,-238.77320116808215,-262.6656967533928,235.4612332919414,10.933395906392567,5.901472432350062,13.855986891959837,13.55387133795852,2373.6349391653384,2373.207796390572,70.610711214479,[-0.81231649  0.53887571 -0.22305802],[0.16057611 0.57432915 0.80272121],[-0.56067569 -0.61624589  0.5530676 ]
4,-338.7439327746589,-152.83791843451218,5.64441762238091,4.0364233271504055,5.172064551243644,1.3616606670056743,5.682941507962575,743.4575995759601,743.430977354604,7.090997613588225,[ 0.07285143 -0.19754849 -0.97758236],[-0.40511028  0.8898225  -0.21000374],[ 0.9113607   0.41132774 -0.01520408]
6,-249.25758593461703,-287.6745508587782,160.5244294629205,2.19061215066599,2.2066901818802656,7.301681459190241,2.311854558995824,1012.0705743872296,1011.9150152067486,18.59983838195408,[-0.68702304  0.70133028  0.19009257],[0.40494036 0.15231351 0.90156747],[-0.6033429  -0.69637377  0.38863983]
3,-219.86068950973404,157.93542102884146,66.88378402907131,3.1377953799007456,4.665283701178843,1.4082174077039524,0.21320105930353891,483.07515834482126,482.98429491474343,10.034338263856387,[ 0.21349406 -0.11370609  0.9703047 ],[ 0.57684985  0.81625146 -0.03126982],[-0.78845706  0.56639604  0.23985618]
17,-279.2046788231044,108.83955567901697,348.5950615668862,10.353027170783651,18.734832258815782,6.968276082586165,9.59567593812053,1897.6142442429789,1895.8098274070924,84.07217717146611,[ 0.72029146 -0.23842767  0.65140806],[-0.33491513 -0.94190109  0.02557724],[-0.60746364  0.23658948  0.75829634]
7,-260.93636737493273,-294.0841121201873,9.665156184149962,5.870981898793469,4.053972011359164,4.4363781147821975,4.075120503243319,1040.7321440811472,1040.5869444729121,19.41525500063641,[-0.42303955  0.40203365  0.81203847],[-0.61706171  0.52843456 -0.58308812],[-0.66353024 -0.74774719  0.02453085]
11,-76.83783559617004,70.81345027280464,47.48697551779801,3.464155249687939,6.607599995254641,7.455172556467898,4.8821371715408075,381.83883536101536,381.4426089404561,31.10240997475881,[-0.30118138 -0.73426302  0.60839756],[0.68061199 0.28133903 0.67647296],[-0.66787506  0.61782374  0.41501414]
12,-383.3405764417442,-108.21805199685507,181.55212066223828,11.043970999291608,5.7155829367301765,6.75307307883281,7.5315694028343945,1517.1322878007163,1516.6832089364725,41.50972845017247,[0.05172113 0.80603974 0.5895972 ],[-0.47978827  0.53784453 -0.69320017],[-0.87585852 -0.24702872  0.41454634]
5,-213.54909259534566,43.3827834744334,247.76207872792534,2.0693492092125516,4.714492108421464,4.234829579104173,3.4850666235853214,737.9479339499337,737.8535804814668,12.753424791907173,[ 0.54065534 -0.61524993  0.57372409],[-0.53750545 -0.77727335 -0.32700768],[-0.6471319   0.13158138  0.75093718]
2,-323.0229831770717,-217.66745544797544,55.53817554266476,0.8692614311689226,0.04469243834125791,0.8430281983419654,0.5699299932551583,556.4331515533772,556.4310965239358,1.5122727248513732,[ 0.43023867 -0.76198214 -0.48402263],[ 0.37532502 -0.33664931  0.86359619],[ 0.82099075  0.55321828 -0.14115141]
