N,MEAN_X,MEAN_Y,MEAN_Z,SIGMA_X,SIGMA_Y,SIGMA_Z,SIGMA_R,LAMBDA_1,LAMBDA_2,LAMBDA_3,EIGEN_1,EIGEN_2,EIGEN_3
4,-280.23483318164574,283.35654466126493,98.36731912794579,1.5952599604286979,5.357789962345637,2.6430878373044973,4.336508154452631,821.0567467715558,821.025842285946,8.789718547643773,[ 0.03302882 -0.29848246  0.95384345],[-0.73002086 -0.65903447 -0.18095056],[ 0.68262628 -0.69034903 -0.23966555]
69,-436.22442863979103,-131.88191896182005,104.70962698635223,12.409117330360525,14.92634979741979,18.922699033102568,11.349702972706773,3889.3806521045653,3886.664486055448,203.68387927206774,[-0.34895958  0.86159603 -0.36861836],[0.08857209 0.42190688 0.90230237],[-0.93294276 -0.28221776  0.2235418 ]
52,-276.73941965680336,-114.97806454512936,111.63081687462038,12.539324299741383,10.8303576593813,13.955460680540982,9.674990087249736,2310.4814886317754,2307.9206204319667,140.20687224095687,[-0.43725244  0.88198317 -0.17582942],[0.24368276 0.3043864  0.92085158],[-0.86569569 -0.359798    0.34801779]
272,-283.10960720372594,230.3248779806324,282.46962464694246,31.827302310653764,19.945347947264477,18.993500805756785,16.639088875452394,7634.699513381322,7624.784981548353,635.7115880578884,[-0.14093409 -0.83168819  0.53705896],[0.77621233 0.24389422 0.5813863 ],[-0.6145177   0.49880894  0.61119362]
35,-284.6911416468895,44.15040110736667,262.00729792943883,7.602708630620207,8.116092225594768,24.832016688719317,15.166952906270847,2308.9921112406096,2306.04013694718,133.35807142193224,[-0.01196688 -0.98811976  0.15321922],[0.68352898 0.10375559 0.72251153],[-0.72982527  0.11337598  0.67416686]
3,-415.6188556759307,-6.485605849169882,58.7999499947569,2.016166667727465,2.2595065033147153,1.6629001445356784,1.8459240865221895,727.14611958595,727.1421700387417,5.057756986417024,[0.13879835 0.06425122 0.98823418],[-0.02424634  0.99781447 -0.06146867],[ 0.9900238   0.01542931 -0.14005286]
47,-160.067854532067,30.85836442039475,65.46889929840137,15.055072260080017,24.15181185096967,9.318857451219529,15.38481887081222,1220.3975380132838,1210.230736370755,176.41926097149948,[0.41120132 0.41306793 0.81258129],[ 0.00251315 -0.89194378  0.45213933],[-0.91154109  0.18387815  0.36780656]
70,-327.81181643135164,313.83880277529425,38.254581644237724,14.210787422900516,11.265411753646095,9.370380069107014,9.962717553764175,3813.7917525296066,3811.7989096024126,148.81236741137855,[-0.23621943 -0.35697936  0.90375114],[0.65265103 0.63076621 0.41973874],[-0.71989375  0.68898456  0.08398371]
328,-382.86292433666307,94.53887079770668,166.96408644954371,25.53589295043154,32.65438285472532,41.39455942805656,27.99734170665762,7820.756389223574,7779.46569328884,936.2191182146428,[ 0.02673374 -0.84068076  0.54087075],[0.44980532 0.49331135 0.74452608],[-0.89272643  0.22338258  0.39133074]
89,-247.65391743133793,-140.2907838030542,317.69090871902944,13.352843161943598,10.0395678175661,21.56853354755852,23.292461818952923,4031.5234115168123,4030.791816701094,132.67991888243913,[0.20705329 0.82541429 0.52518586],[-0.78773465  0.45900535 -0.41083842],[-0.58017502 -0.32864165  0.74524601]
133,-212.92842561998145,-110.82517385508626,143.78098823498962,12.996608172987495,19.69370275346144,25.010812864299858,21.78853349233139,3246.98284742933,3240.6695769792104,309.48225169681956,[-0.01687988  0.80441739  0.59382466],[-0.65165828  0.44158929 -0.61671743],[-0.75832484 -0.39738087  0.51675128]
333,-329.56473097631374,-42.04279035716188,227.78541896774243,16.2985825949332,30.144045355010896,38.9513665803597,24.016347518619096,7403.9591390871365,7371.687683005766,837.7262389922047,[ 0.44787796 -0.73296251  0.51202665],[0.36425886 0.67257879 0.64416865],[ 0.81652974  0.1019987  -0.56822131]
77,-381.9627241247364,47.80357940599538,276.558097100534,13.760321897904205,26.536811577697698,14.569125652778247,11.182682288921848,4168.399896781823,4161.431105049951,275.04755403337015,[0.55530735 0.47051203 0.68574936],[ 0.20512394 -0.87658432  0.43534365],[-0.80595156  0.10108592  0.58328699]
34,-244.65479653910953,-10.837933644786991,127.90031711603703,6.236871155185785,7.5413481838332626,7.12489054096051,6.5085770926343995,1612.0625014841812,1611.906714221816,59.550321304403035,[-0.4457713   0.35263023 -0.82276356],[0.13110407 0.93494578 0.32967881],[-0.88549403 -0.0390937   0.46300325]
148,-341.34976359785304,-168.02876080820567,155.5952248017893,22.417426194097803,18.359983198352996,13.139883039977466,20.5056319187564,5013.441538063282,5009.12215102886,294.6915212233776,[0.17932718 0.44683093 0.876461  ],[-0.5270109   0.79592084 -0.29794215],[-0.83072334 -0.40847538  0.37821501]
128,-125.19217670495834,104.40560490825163,157.2850732439671,17.67005587541805,14.096083109375003,20.648338579492243,25.70953189032644,2583.6744049091435,2581.6369607950064,188.8031239875194,[-0.34949607 -0.88470297  0.30846905],[ 0.75662967 -0.07232516  0.64983122],[-0.55259753  0.46051029  0.69466988]
3,-239.44326860579545,-171.19190166228103,7.721990485616822,2.8679195629029763,1.881113639102752,1.2056860532593896,3.1021071765280497,510.0325400227377,510.03096095937985,3.2835400753403845,[ 0.26414472 -0.40880102 -0.87356127],[-0.51858248  0.70346776 -0.48600959],[ 0.81320341  0.58139044 -0.02617975]
38,-174.81934326526928,94.80993362830638,29.371578446068927,8.518396404956782,12.677376198940259,9.542664319476208,11.51846812861285,1243.582645255034,1241.8760702280933,85.53119629373457,[-0.17743369 -0.57435274  0.79914718],[0.46237481 0.66817479 0.58288248],[-0.86875015  0.47292851  0.14700952]
46,-223.69658782738628,154.49203616288722,305.85157125347587,9.35740047767506,11.405591096726166,10.831501721902622,14.290668420682369,2777.7992357467356,2777.453742770606,78.02486565372166,[ 0.61417526 -0.42582808  0.66442396],[-5.69268801e-01 -8.22151169e-01 -6.98714259e-04],[-0.54655446  0.3778067   0.74735555]
122,-251.34784079457592,187.4850490740208,50.87839128291974,14.132120348946657,18.443790231919927,14.537968862268142,15.219905894951827,3518.379042901266,3516.379152606091,250.29522705891338,[0.37961781 0.2687589  0.88524515],[ 0.47995589  0.76081954 -0.43680197],[-0.79090623  0.59069643  0.15982823]
30,-254.4061949911568,-249.95404073379547,19.45529751770313,7.20262679850987,7.66420913605685,8.674876322204298,5.490677715758043,1957.3990420472971,1956.971945350704,68.44463423595563,[-0.43302555  0.49919512  0.75052855],[-0.55245871  0.51093703 -0.65858388],[-0.71223468 -0.69981969  0.0545359 ]
146,-293.68085950167875,-245.28629346357118,167.037967629064,18.304562476616518,15.163737756971448,21.932001049955243,19.380807956251243,5056.73755984558,5053.364552566261,313.80119554391547,[-0.45318733  0.80454291  0.38383845],[-0.5477325   0.08839428 -0.83197089],[-0.7032854  -0.58727946  0.40061514]
6,-270.2999374922008,-205.03936354321033,12.101331846837567,2.861050909211504,4.754717936750517,2.8575477580972053,4.723982443343043,831.6947504071452,831.6534381731392,9.978569303526038,[ 0.40024319 -0.56989722 -0.71765072],[-0.45380604  0.55709383 -0.69549015],[ 0.79615669  0.60403942 -0.03564979]
142,-250.06506093803316,13.8523316048119,20.443935778015593,18.986480003325134,27.572968690014225,14.42159590797732,18.869950699867015,3021.941519718403,3006.848817710595,369.49417553408284,[-0.09378431 -0.29855908 -0.94977207],[-0.03079112 -0.95265053  0.30250435],[ 0.99511628 -0.0576147  -0.0801507 ]
2,-357.3440415113127,-177.21247260429635,80.22007418545171,5.211293059896491,0.7022719156475858,1.9519724061187134,4.497937143838982,575.4402587757663,575.420748558494,4.738517521669708,[ 0.29505176 -0.81827854 -0.49332007],[-0.376131    0.37514724 -0.84722489],[ 0.87833361  0.43552817 -0.19709207]
84,-139.22179295994482,-113.99142319172772,183.43916994708303,13.58666629174646,19.720841605110813,19.24766536569161,23.092102091952576,2370.838380269026,2365.5435342131277,185.47383547880662,[0.32499191 0.67249464 0.66492949],[-0.77698423  0.59069559 -0.2176562 ],[-0.53914355 -0.44590322  0.71448902]
61,-359.4834288915435,-155.11545824090734,230.81820282156647,12.504091898052263,12.439873763304126,12.687957901980598,11.06848992527129,3552.9977469542305,3551.536552677548,146.5065428817325,[-0.55666807  0.74575531 -0.36601869],[0.25365913 0.5721416  0.77994297],[-0.79106113 -0.34132536  0.5076606 ]
57,-327.23726546090677,-215.57355871548137,99.38362122443796,18.305685839380686,10.27923668358482,13.774156528358546,14.918623387855103,3057.3768340262304,3054.8843635022413,152.96825059641475,[-0.2393251   0.68225152  0.69083743],[-0.53568569  0.50064356 -0.67999769],[-0.80979277 -0.53281224  0.24565581]
164,-252.4060454039884,-217.35356773618156,318.4987876946791,18.796825349097713,24.92566852933617,23.587609608502206,19.84758834135524,5917.968065928648,5912.301737730868,435.160001771573,[-0.77380183 -0.02964732 -0.63273357],[-0.3186942   0.8814877   0.34844431],[-0.54741642 -0.47127536  0.69154523]
67,-313.6533514234889,148.57800509493606,324.7253379984134,11.947062551060537,9.660037768438903,11.660339652193526,8.074550418121063,3892.6984566988826,3891.875333943647,143.900940517431,[-0.16975866 -0.94788288  0.26962946],[0.73189497 0.06195257 0.67859533],[-0.65993314  0.31253788  0.68323373]
39,-229.0082380951522,-66.07373600523329,266.66028030450065,11.789099354793475,29.78578553695591,4.833657362280905,5.289761485691007,2242.3870106095887,2234.157265426028,199.31595042372123,[-0.70796593 -0.23444842 -0.6661968 ],[-0.29771672  0.95445489 -0.01950947],[-0.64042876 -0.18452589  0.74552076]
2,-309.2426997510446,-84.58464244732956,93.12605001123686,1.0773158563394816,0.5706760033737339,1.4570769266221362,1.2597435989526957,472.1476032591459,472.14331995587605,2.011140074463681,[ 0.37152717 -0.73775068  0.56364129],[0.06300185 0.62573031 0.77749106],[ 0.92628199  0.25334861 -0.27895547]
27,-413.63138060638715,-91.34783049518195,226.89292925308686,6.817912799436974,6.2408788461890925,11.12574543131258,7.5049223378316,2497.8656160045202,2497.454431768397,64.31664972399625,[-0.24186874  0.96897655 -0.05083256],[-0.44795504 -0.15797943 -0.87998795],[-0.86071819 -0.19007088  0.47226821]
26,-252.96273238544563,-144.38183361739135,218.91825490574817,10.235812231044525,7.782522216712715,7.998918088496497,10.41118606756971,1859.3095220558582,1858.8587464258499,55.97272374105155,[0.46071814 0.39677557 0.79391936],[-0.55281926  0.82809002 -0.09304727],[-0.69435558 -0.39602534  0.60086127]
61,-392.76487631005074,179.60031717580966,30.11874647422519,22.84344980481213,10.060285685902452,13.24374481056192,22.881295730787834,3387.7162586091554,3386.735103366168,130.3337862401817,[0.3830148  0.74711511 0.54324827],[-0.17273369 -0.51979512  0.83664574],[-0.90744847  0.41428498  0.07003728]
2,-234.355502633322,-197.20336392596943,53.26871276804762,1.9192001225387116,0.09594345740173083,4.603982140267416,0.5969513847658448,439.71380079321,439.6580049313533,7.004663289041715,[-0.58630568  0.76709981  0.26039113],[ 0.29658999 -0.0958503   0.95018267],[-0.75384351 -0.63432689  0.17131654]
18,-65.61581327702888,-64.1262854793522,20.74994597027154,8.271590545931097,8.545397424176974,12.708996170641331,8.451436330137442,405.15394721080673,401.50929329890863,63.88669359349392,[-0.70829115  0.70229416 -0.07146015],[0.10113494 0.20113879 0.97432793],[-0.69863823 -0.68288073  0.2134913 ]
2,-311.26646055178634,-32.24042342944195,68.70413154235257,0.2838754777467898,1.2450956953793533,1.2324644280570638,0.1137891748847153,453.09968412145093,453.0927609377643,2.504742851564836,[-0.08072749 -0.71043274 -0.69911973],[-0.22270145  0.69653327 -0.68208905],[ 0.97153854  0.10063164 -0.21444379]
12,-160.535301975886,-181.0261997343067,257.2537808512018,7.58575367720782,6.69339459444422,6.095323200004954,8.138986336605598,1223.9856799439594,1223.786634145036,29.51453015848945,[-0.46808698  0.8332186   0.29434901],[-0.75775974 -0.20709402 -0.61879903],[-0.45463694 -0.5126976   0.72831753]
25,-396.2518665201249,-76.02483822480988,74.43351027750573,12.336719626773524,15.022764266946583,10.483616834923597,13.648292736236685,2053.9675015273438,2053.007490804121,86.89200963498966,[-0.24673599  0.43911712 -0.86388512],[-0.08080088  0.87902016  0.46988804],[-0.96570833 -0.18574097  0.18140486]
15,-246.6472180833106,-219.37657068626103,227.81843425125484,5.804196427272276,3.7920274640453235,5.041588317485808,4.6185132481284805,1553.6300618309942,1553.5508849877745,27.98071362662668,[0.60388405 0.13656033 0.78528678],[-0.50703067  0.82599827  0.24626562],[ 0.6150154   0.54688036 -0.56804746]
78,-132.99161640122338,-128.650471978246,32.11198786106923,16.009701726121904,12.039150797900652,17.183992120004742,15.275935327591847,1671.6527792971724,1667.200219332732,191.38515586230463,[ 0.64677125 -0.7272352  -0.22981713],[ 0.28029168 -0.05359499  0.95841752],[ 0.70931201  0.68429273 -0.16917428]
12,-300.86272577420505,-239.36730669948784,248.35784910320965,6.266217842038816,11.428098459137559,6.861621711764815,6.9896327436206995,1586.2570318261508,1585.846236858235,44.81201053356705,[0.39041161 0.37961558 0.83873166],[-0.64475835  0.7630466  -0.04523882],[-0.6571647  -0.52311748  0.54266256]
6,-208.21511777901586,-61.54701463964222,198.4129521223407,4.166820467112498,3.87685297778419,3.499031626895153,3.5176008363217055,720.5995141283177,720.548597320025,13.889730742362804,[-0.63694147  0.60176561 -0.48185446],[0.30513038 0.77078999 0.5592658 ],[-0.70795552 -0.20919115  0.67456508]
17,-437.8518615999513,121.8283835127662,118.32582312259098,7.666371144349496,6.1308968901961585,6.0493758603652354,7.052450858273425,1936.8128771486793,1936.7017544446421,37.61087040545431,[-0.33339035 -0.34688435 -0.87665394],[-0.13990631 -0.90135333  0.40986387],[ 0.93235031 -0.25929408 -0.2519712 ]
3,-331.5618126223613,272.309682951533,6.855567757167704,2.812912582191777,1.7597046698447512,3.2750340108732057,3.2396579782453436,743.2785078097143,743.2566004358596,5.820826129344055,[-0.63223934 -0.77158346  0.0702309 ],[0.05685622 0.04419719 0.99740362],[ 0.77268415 -0.63459087 -0.01592612]
53,-332.3041968233114,165.68560441404702,163.53185894802678,15.72708325479392,9.580327865656937,14.131991990976982,19.284390807182707,2958.2150509215244,2957.5371523527656,93.93613980392969,[0.56035877 0.41675105 0.71576296],[-0.12376791 -0.81235033  0.56988459],[-0.81895027  0.40792832  0.40362723]
2,-239.26581963478807,78.53208346839163,17.766549210968797,1.552070734361621,1.365135550610816,0.7418467857030127,1.098524771505609,357.0319137151429,357.02178573269333,2.6892235563536557,[-0.17188114 -0.31230467 -0.9343033 ],[ 0.26863272  0.8976155  -0.34946084],[ 0.94778338 -0.31105016 -0.07038792]
2,-185.4665801880368,202.10089733327857,248.15873489272514,5.054622147038785,0.9600908614210937,2.879228837452615,1.1271772221237484,523.1828432036541,523.1188276552939,8.184105034166787,[-0.38313477 -0.83543144  0.39403307],[ 0.77573901 -0.05944494  0.6282478 ],[-0.50143469  0.5463704   0.67085218]
58,-347.27271180116213,-267.7474842878442,179.89692141629928,15.287270685904012,13.52265864272587,22.371194578634828,7.455742001886465,3615.599751557281,3611.520988375226,223.88639329849852,[-0.3302803   0.7828129   0.52736978],[-0.59526617  0.26085515 -0.76000841],[-0.73251151 -0.56494119  0.37982672]
17,-305.0840596387044,-334.14310008768297,170.16604809372308,4.385442817128893,7.073392931700797,5.625146070208284,3.5504099246311602,1993.4360209758934,1993.3417325391586,38.74649122496499,[ 0.59115754 -0.13476136  0.79521829],[-0.50227672  0.70991872  0.49369374],[ 0.63107119  0.69127041 -0.35198631]
11,-384.6333386781145,-6.480578483056939,264.96892777297353,5.42374002037823,8.273673873249104,5.537139064640718,5.106912173086282,1549.5732251303307,1549.4440424862514,33.57139931564349,[-0.56656034 -0.03496531 -0.82327809],[-0.03113018  0.99929433 -0.02101782],[-0.82343202 -0.01372093  0.56724901]
15,-200.4201423675993,-211.38328660002077,319.1519084620703,6.293953048341424,7.5562256524128575,10.665863754981475,10.195594106577078,1674.3227367224572,1674.1064126154795,39.96578060545869,[-0.79322418 -0.14220513 -0.59209213],[-0.39462325  0.86057942  0.32198688],[-0.46375412 -0.48906111  0.73874986]
7,-371.1990373802774,55.5427079024098,295.23733065164714,4.041823862329878,4.486764749061677,5.729942903654968,5.884140240078534,1263.6075305417548,1263.5526231619492,15.625637897928032,[-0.59843395 -0.43984388 -0.66963734],[ 0.19411084 -0.8905191   0.41145683],[ 0.77730161 -0.11624587 -0.61829532]
69,-203.24858870326167,-148.8516847486344,75.96951119650764,7.899265669913446,13.950005152803078,15.691914707718922,13.887664381470818,2192.0443998160154,2190.3270366093943,147.3917558491047,[-0.44754901  0.80684661  0.38561435],[-0.4524444   0.16764751 -0.8758929 ],[-0.77135851 -0.56647406  0.29002275]
12,-192.5921870787541,-71.62428790309069,221.97216789074423,7.077801234866122,13.66785297151506,7.465708277767759,6.822270103475754,1049.2285721603255,1048.3295076178213,54.68491981237975,[-0.56910004 -0.49766761 -0.65456253],[-0.52070289  0.83421335 -0.18153946],[-0.63639111 -0.23751849  0.73388781]
2,-397.8833319366278,165.7681668852452,124.92597522121483,5.998671507321831,5.490919313594887,0.04945962962084849,3.303516648095126,634.7643136967846,634.6773187673951,10.508805126205553,[ 0.20815247 -0.21881365  0.95330642],[0.4129372  0.90319399 0.1171473 ],[-0.88665406  0.36927119  0.27835835]
5,-245.55588508902298,80.3699297923757,275.4755726279615,1.3815485523575608,1.9071544041105375,1.2533567072794134,1.633976322655159,844.542503519454,844.5324081345717,4.715278039385689,[-0.73908969  0.04543074 -0.67207327],[-0.17614965 -0.97604034  0.1277363 ],[ 0.65016747 -0.21279405 -0.72938396]
3,-304.1991055455924,-21.571898143750698,6.127643167117061,4.167929968724137,3.0584582481564535,2.96849338200143,4.042114744503815,528.3951303431908,528.3882162577027,7.5927202053544836,[-0.03338034  0.19113887 -0.98099525],[-0.06541607  0.97901967  0.19297985],[ 0.9972996   0.07061459 -0.02017645]
2,-257.15687414780746,-11.439204828746021,261.7211491841729,0.8786345348551095,0.03556374020976438,2.066486239906766,0.8566847912546791,519.1599308260885,519.1516295161645,2.935872282634992,[-0.04323257  0.99906433  0.00118809],[0.71233198 0.02999092 0.70120161],[ 0.70050989  0.03116106 -0.71296205]
9,-249.2080231591332,-270.18184950598,140.6697527107754,4.036726513768551,6.485633214528617,6.071979858165066,8.379767240477388,1181.0260972446263,1180.9739437287726,15.07635306398333,[ 0.50136428 -0.71563223 -0.48631715],[-0.58975028  0.1286268  -0.79727646],[ 0.63311015  0.68653161 -0.35755543]
6,-243.87666664840916,-286.85849148504786,162.58953943613406,5.599379358150983,6.416240667404733,5.286520551525405,8.840719707813776,1004.8809953912871,1004.8258947333372,11.510880561321375,[ 0.7525148  -0.65780562 -0.03183149],[0.28304001 0.27939261 0.91751192],[ 0.59465101  0.69945089 -0.39643238]
21,-386.0703300588651,-267.641152330394,102.96009080482112,4.787701068968769,8.254100680758828,12.688783507267889,5.6802378349606455,2204.835595278274,2204.2136528860597,67.88944277212775,[-0.59242249  0.78536407 -0.17955187],[0.06817616 0.27094534 0.9601774 ],[-0.80273757 -0.55658953  0.21405722]
9,-353.31883607009627,-326.8839040380711,11.844993107887083,5.8733829397437525,6.700335502863083,6.00199700656801,4.559696719527831,1444.7505358544913,1444.5829692689094,29.15535519528627,[-0.34619989  0.40489898  0.84628745],[-0.58453971  0.61247284 -0.53215631],[-0.73379763 -0.67892108  0.0246415 ]
11,-344.2862933985274,-319.01710272837676,94.40901889842522,8.086178017297705,8.673637055763853,4.381767291394934,3.4417889052013466,1588.4007816613544,1587.9771511569081,40.30020333009922,[-0.03862866  0.32163103  0.9460768 ],[-0.69384031  0.67269974 -0.25702272],[-0.7190921  -0.66635466  0.19717508]
9,-466.6068477071564,117.88689524184454,6.711076550070738,5.3408030674185305,7.775406184765004,3.601935388609419,5.429123086570519,1444.2353954086793,1444.0657500744735,25.514391223793226,[0.07924243 0.25878832 0.96267816],[ 0.23219848  0.93435953 -0.27028899],[-0.96943515  0.24495076  0.01395067]
2,-155.1266515788069,-81.94351021231367,97.1403364644676,0.5189198565524862,2.5067279361553148,0.017031822238152472,1.4173805188373763,283.62586312691747,283.60984216343627,3.0145750147744312,[ 0.57289029 -0.12409924  0.81018275],[-0.27100094  0.90419795  0.33012809],[ 0.77353423  0.40868747 -0.48437522]
6,-287.8136073827753,218.95898753526743,327.61876744815794,6.869787035368995,5.0254844058747645,3.2029512389656465,2.1846566240586474,1195.4594705104346,1195.3103461118556,21.622729487958765,[ 0.34105595 -0.61521662  0.71076674],[0.73195745 0.64822627 0.20985946],[-0.5898467   0.44867719  0.67139381]
36,-207.0379440046257,127.48298010431364,255.37394679657447,9.86977731600536,8.04958337219956,8.624214418079712,8.111051883293147,2117.304672168683,2116.5584073074706,78.57257209713416,[ 0.21095152 -0.79548063  0.56807571],[0.78153021 0.48631693 0.39077663],[-0.58712008  0.3615334   0.72428144]
4,-280.552619774612,-272.35436497821536,14.693927552622837,1.907642293101847,3.8389975663773788,3.4545417690808504,2.910674372802276,782.617232129464,782.6147720800592,9.356608054563306,[ 0.69300067 -0.70589651  0.14649297],[-0.07542923  0.13108909  0.98849688],[ 0.71698013  0.69607885 -0.0375996 ]
24,-282.46587130630996,57.74914956636124,163.63437622186626,10.06462156085863,11.49314362522025,5.975444678018871,8.416466934402685,1625.9119852567921,1624.7154681737943,68.82750608592,[ 0.38414891 -0.43252453  0.81569121],[-0.35525134 -0.88470583 -0.30181465],[-0.85218901  0.17383362  0.4935137 ]
3,-411.2552546625656,209.1759343569461,40.448161700365176,3.0887818932612445,2.6710621972610897,4.904420167397249,1.237290003798355,802.297031383142,802.2314540683795,10.844222468601973,[ 0.32396344  0.74875543 -0.57828452],[0.32652472 0.48519695 0.81115075],[ 0.88793541 -0.45160738 -0.08730108]
55,-316.12264608777684,-315.0318198738377,60.750250342684566,8.71723115246796,18.11069735583347,9.651958408308701,13.573753873205808,3343.940367133964,3342.3211966430035,131.32614099588045,[ 0.46584935 -0.30758268  0.82968505],[-0.53933534  0.64464113  0.54180735],[-0.70149967 -0.69987907  0.13441544]
18,-249.37127320432768,-149.75333325510314,37.47825829135851,10.769727638484392,7.919006326189663,12.600091697512713,8.191935847546485,1246.3808933867192,1245.165026452014,69.634316535459,[-0.35748323  0.73870288  0.5714226 ],[-0.38591556  0.44033119 -0.81066493],[-0.85045571 -0.51031999  0.12766592]
2,-161.13557636514759,-42.371295688643826,55.98252899985219,1.579013501320489,2.690144283914261,3.0618670873177614,0.17609195733540162,248.64894695955627,248.57222398640076,6.176429919529466,[0.0271816  0.75786763 0.65184187],[-0.39854318  0.60623179 -0.68821969],[-0.91674669 -0.24108022  0.31852132]
142,-295.4718534558506,179.37514161223194,214.47823313636508,25.057552675106077,16.808295314831827,16.320158528538123,23.52731645365448,4863.011680271733,4857.391888324415,295.58279112945223,[-0.38742516 -0.89607291  0.21669123],[ 0.56691988 -0.04621928  0.8224753 ],[-0.72698252  0.44149419  0.52590806]
11,-363.79789280809456,133.07915852564145,18.653516279971765,9.18888913032161,10.104393774566097,8.302955477679632,10.272951574542635,1287.287959164151,1286.7855281038032,40.563981223027916,[-0.20004571 -0.6491186   0.73391195],[0.28315413 0.67878981 0.67754567],[-0.93797945  0.3433503   0.04801163]
10,-75.45575460282008,71.35277389749952,50.48093385257333,6.144749779820493,5.424467487067677,5.625973029664885,4.7837098630212385,366.0817024648087,365.8704251957646,27.60407667676371,[ 0.64098893  0.75898411 -0.11435173],[ 0.40186237 -0.20492282  0.89247592],[-0.65394176  0.61802084  0.43636041]
8,-150.10045746058796,96.90882470032906,88.86174255364226,6.732553629101126,2.7361354655718144,3.6617828812653532,4.650925880801434,564.8025251618699,564.6077479260491,19.02070594338619,[-0.2039497  -0.8142859   0.54345468],[0.62618063 0.31821049 0.71178642],[-0.75253063  0.48546942  0.44499112]
30,-367.1849997394616,-163.98649005451642,45.49356129299868,11.474471012490916,8.116876213553875,7.01767343687205,10.637740084927133,2218.051946379216,2217.7016696745504,63.37180898737497,[ 0.17407579 -0.11829625  0.97760095],[-0.38259054  0.90664163  0.17783541],[-0.90737098 -0.40497772  0.11256533]
21,-252.7110666481435,107.523487549841,23.83629278800203,8.612825557349973,8.219012031114904,8.739304813660496,8.651695120209553,1264.5967228443378,1264.3723467877273,54.74532975651026,[0.39183881 0.92002934 0.00289155],[ 0.07783271 -0.03628008  0.99630609],[-0.91673574  0.39016634  0.08582432]
11,-164.02523845936508,-184.6820292486818,219.2893039823026,8.192138843060699,5.914026650774355,6.142224256360258,7.845491882892441,1096.0765549317423,1095.9131091488412,29.260852380637992,[-0.75484927  0.65577524 -0.01270497],[0.42817705 0.50735424 0.74783426],[-0.49685712 -0.55906217  0.66376389]
84,-43.84233145403101,-1.1553316602959878,23.60718061463929,16.640383004709328,15.897507196206833,17.02384683532985,17.775936217955685,506.48399860111925,504.65381585181376,207.93467546246612,[-0.28774314 -0.81228545 -0.50734232],[-0.3866055   0.58318378 -0.71444585],[ 0.87620778 -0.00943556 -0.48184115]
6,-48.42729982089657,-42.25326754869638,61.965413537646576,1.8780826762664085,4.638436015484914,4.9040064530390435,2.573845890799408,219.26417726404188,218.86764277290786,15.884829311957759,[-0.83836874  0.24753061 -0.48566085],[-0.05746778  0.84585083  0.53031484],[-0.54206579 -0.47250923  0.69490986]
60,-207.77262848663312,56.45439168879445,84.0019305206587,10.849971460979242,14.71968019916885,11.894962419770993,12.681427636352563,1796.1277930268575,1794.8677864223262,137.93780644795072,[0.42844367 0.31323218 0.84753857],[-0.09411958 -0.91741684  0.38663658],[-0.89865317  0.24542197  0.36358016]
24,-292.028604713412,-163.81655754706415,279.5074207666601,10.801400288774836,8.871058768359143,9.207278511453495,12.254463408945671,2138.0979938265205,2137.86423632924,55.55800576347807,[-0.38595887  0.91301573  0.13205314],[-0.63459951 -0.15887224 -0.7563353 ],[-0.66956644 -0.37571517  0.64071748]
18,-153.26905853515433,25.121996745944568,7.390880478745079,10.791922476787258,9.413131483780717,4.4094708236525095,10.591685193304489,662.4736011016068,661.5438347244772,44.13898542663169,[ 0.03739293 -0.06283449  0.99732322],[0.16407475 0.98486289 0.05589774],[-0.98573893  0.16154537  0.04713647]
3,-321.083737487525,-31.32232634559864,158.77978153543293,1.6634483986302748,1.829648212413338,1.2022657404171013,1.8563689295414858,622.8027483890651,622.792937010192,3.506663974993645,[ 0.44993353 -0.19930702  0.87053807],[0.01220073 0.97605977 0.21715999],[ 0.8929787   0.08708636 -0.44159371]
7,-201.73693690587535,0.7226469199106411,161.6779863882904,5.149923179072423,4.284673041177005,4.316707296763581,5.307964417121822,684.2616180487124,684.2232493509032,15.71538772190291,[-0.48349221 -0.63692799 -0.60046484],[ 0.39660231 -0.77091814  0.49838924],[ 0.78034729 -0.00282157 -0.62534003]
5,-331.8863439517736,225.17862621207414,207.76219824013037,3.206998303386625,5.342175340737384,4.92578339578737,2.3084556262620626,1010.1393528915747,1010.0261209343773,16.955623420848795,[0.6756343  0.59796486 0.43122652],[ 0.0600283  -0.62760037  0.776218  ],[-0.73478901  0.49855371  0.45992315]
73,-301.6527310798915,91.68070093759142,292.8178844098791,11.590443503648352,11.715940957256821,27.99728390277689,16.15310564907583,3685.42554424827,3680.472062211647,237.90046870524463,[-0.27755195 -0.96059581  0.01485268],[-0.65806161  0.17882937 -0.73141983],[ 0.69994273 -0.21278098 -0.68176567]
2,-228.59814168106328,166.28847957265629,171.78795393006226,2.832596874579693,2.469427808507831,2.615736215053616,4.557356247443494,467.8483380088049,467.84792294889326,0.6231933947760548,[ 0.07373342  0.76379831 -0.6412297 ],[0.71902651 0.40483554 0.56489739],[ 0.69106024 -0.50271297 -0.51934133]
4,-315.6657899069676,-177.77555043848616,323.47591961072857,1.488326221016098,4.662264964420265,3.4311711574429533,1.0176698313560453,971.4240424503148,971.3743709810607,11.773777026296885,[ 0.75946462 -0.28039136  0.58702145],[-0.02811221  0.88736027  0.46021892],[ 0.64994092  0.36602246 -0.66603631]
31,-221.88291812991534,121.8201951315621,10.597894061492607,12.834736995358492,17.522373205188774,4.4183894685733165,18.95470629229398,1415.7615713393725,1414.6964659001383,64.43691352128238,[0.10664329 0.10806061 0.98840787],[ 0.472955    0.86890188 -0.14602428],[-0.87460893  0.48304495  0.04155475]
6,-425.150872346918,57.24156017227062,186.4472359516501,4.733177993391331,3.164503849445249,1.5712243851253322,3.8550987073068255,1145.8291044232187,1145.8112703596414,10.95504342434524,[-0.2610351   0.5783922  -0.77286683],[0.32508865 0.80653074 0.49378693],[ 0.90894337 -0.12235452 -0.39856157]
3,-398.5757675823057,-188.34505171094352,122.84495289733313,1.9517202699700644,2.016695630215316,4.979153230994419,1.0717745510590913,792.7021524065133,792.6467731358758,9.731434089355666,[ 0.45760773 -0.87837964  0.13800137],[0.17896817 0.24301953 0.95336871],[ 0.87095669  0.41157104 -0.26840961]
3,-241.4999845400887,-73.980132294927,154.42887691274038,1.8255054822317276,1.8728682033996225,3.6246836941536533,3.1456079566878974,512.8258743845934,512.7969130212916,5.504759109598511,[0.03876625 0.87621248 0.48036326],[ 0.57716912 -0.41205845  0.70504159],[ 0.81570398  0.24991903 -0.52169674]
5,-379.7576746171418,-227.1803344008972,70.48253560004919,2.2062336718848314,2.316371874082356,5.92974079783287,2.1437010863319044,1002.0844473365707,1002.0093934440818,14.273069374336373,[-0.53081505  0.81108916 -0.24570257],[0.0030428  0.29174085 0.95649256],[-0.84748223 -0.50697302  0.15732841]
3,-246.80639400132077,249.7619360398264,183.47238628152752,5.70672291640453,1.2274123405105033,1.6067359126225662,4.742984694330403,686.2788863742206,686.2489755885892,6.54114975613124,[-0.21659578  0.42985225 -0.87653483],[0.7515941  0.64642887 0.13128604],[ 0.62305103 -0.6303624  -0.46308818]
14,-248.6816750558805,-179.57054092465128,153.56837310443987,4.462767472329349,9.004769581453823,6.310726662240772,3.796150102323293,1284.1723292202971,1283.6956413657624,42.06298327973744,[-0.64206699  0.27825942 -0.71436802],[-0.24943306  0.80528722  0.5378621 ],[-0.72493664 -0.5235305   0.44764124]
34,-89.70221144980383,-88.19508728254036,90.79098498784383,8.03852324114971,9.031818914832703,15.962275567003442,11.737671696763892,911.53464698579,907.7626850122082,94.62148095291381,[-0.79136359  0.56492655 -0.23366997],[0.19957132 0.6000045  0.77470374],[-0.57785375 -0.56643851  0.58756485]
2,-266.9510824487195,131.48766725824873,337.6479353846221,2.239770204793757,4.808216143909291,1.2949889879706404,0.8952261306799869,636.5340962440152,636.4885183418176,7.617197662068897,[ 0.73996022 -0.16936186  0.65098037],[-0.3172306  -0.94126314  0.11570847],[-0.59314722  0.29213056  0.75022404]
2,-262.0966815791487,157.1348400091561,305.46247912365857,1.3901292051874918,0.8446485818339511,0.7119444460938951,0.03275339814351241,611.0589289867295,611.0537712259006,2.5106503169072134,[-0.19051319  0.79683687 -0.57337225],[0.77184835 0.48248823 0.41407153],[ 0.60659282 -0.36367034 -0.70695759]
4,-162.199175824212,30.2938625046402,185.48100652203541,2.999783370006655,3.0415414201877153,2.6878301969693332,4.017843561686309,496.6049665264962,496.5741069879382,6.116578043400744,[-0.71068185 -0.4390063  -0.54973155],[ 0.2608265  -0.89013954  0.37365912],[ 0.6533765  -0.1221682  -0.74711049]
4,-309.7978586632187,79.58048081092755,32.5571912742599,2.297321850633247,3.8122687202070162,2.9135542774418495,1.93312946424422,643.102704328062,643.030838630462,9.927043107838129,[0.21801022 0.50763157 0.83353568],[-0.15485754 -0.82526586  0.54309797],[-0.96358221  0.2474802   0.10130582]
25,-246.62896153480034,-266.66485979348107,238.05387904734462,17.038284512442427,6.616582916121434,9.147123378602625,13.872344622779387,2173.506990150627,2172.8751030868393,75.17201063204347,[-0.34281839  0.7820787   0.52041182],[-0.74786115  0.10803517 -0.65500542],[-0.56848857 -0.61374368  0.54784983]
17,-150.44188569130205,112.15930192701175,16.96985563738434,7.125976758393763,6.004755979316898,9.753416096591222,7.541842242309463,778.6374500911159,777.6616446634793,46.56272152645583,[ 0.56405164  0.79162313 -0.23490119],[0.21015378 0.13748433 0.96795323],[-0.79854939  0.59534098  0.08881433]
18,-382.51467004807944,243.15935801697913,133.86427713190236,7.548616757603848,7.085852876079235,7.309339261092558,8.152554699605693,2005.711288561111,2005.5680773687986,41.114608555015835,[-0.14375768 -0.64121043  0.75377909],[0.56947725 0.56933494 0.59291938],[-0.80933886  0.51449676  0.28330848]
12,-304.562140665947,-25.694734219436764,131.76586794643123,5.754519290384405,3.898119412379025,8.497338186062997,7.587890396610593,1153.5492562013605,1153.340385358457,27.493261084165542,[-0.22378032  0.91372584 -0.33915699],[-0.33586004 -0.39896298 -0.85324473],[-0.91494284 -0.0770301   0.39616406]
5,-159.49931366469423,-144.19614198171695,107.19470676959008,4.353172637095953,1.69617432280702,2.5729108169570165,4.475569516985763,537.3576524071867,537.3281996295162,6.501152963961824,[-0.33167493 -0.29847758 -0.89493177],[-0.67018775  0.74219112  0.00084595],[ 0.66395792  0.6000529  -0.4462022 ]
2,-412.10406745432766,225.6168798657966,57.272401672724605,0.27102695157390144,0.4738459744080359,0.032374722045808824,0.006189475938100486,669.3476912933647,669.34724459648,0.7732986859308543,[-0.07663759  0.11152945 -0.99080163],[0.48579999 0.87196836 0.06057682],[ 0.87070377 -0.47668896 -0.12100656]
38,-374.4573005345856,1.4037310663076827,122.78150433062683,12.92702896219949,7.403131688345402,12.613475476284147,12.28062586135331,2431.8409326865703,2430.8156850285222,93.28861238940009,[ 0.06061791 -0.97852242  0.19702627],[0.30549989 0.20610467 0.92961857],[-0.95026064  0.00383997  0.31143213]
12,-289.874188247722,102.03425315456705,347.20876837379814,8.768073878490966,9.068646509127774,3.2434821132937355,4.445067401579885,1606.7244071537627,1606.3995139758056,42.37613001111972,[ 0.53721871 -0.57458823  0.61744994],[0.56608759 0.78831176 0.24105892],[-0.62525267  0.22002939  0.74876309]
2,-250.82563216730466,108.44425743749102,190.4179409218081,1.3426321737924098,4.001727466064217,0.6922514380029412,0.10393282347521904,471.06462962977446,471.02581193346805,6.0472953172161885,[ 0.58774185 -0.05759438  0.80699592],[-0.29567777 -0.94375509  0.14798985],[-0.75308312  0.32559058  0.57171374]
2,-246.15509094406025,213.69829341548507,326.8605289719112,2.6911269458076674,1.7380009149948847,0.7133447615872797,1.1355104767082196,652.8519992744676,652.8374748817087,4.354807314218542,[-0.50687947  0.49527565 -0.70553188],[0.67728867 0.73512721 0.02946271],[ 0.53324785 -0.4629147  -0.70806547]
27,-325.6231120259446,-152.10593127283332,38.14124660288879,6.521598993034315,19.26043663737863,17.503553526057875,9.836226743617546,1883.0069551360841,1878.7941040298915,129.78840661535074,[ 0.3722588  -0.62428441  0.68679864],[-0.22407051  0.65764356  0.71923387],[ 0.90067519  0.42163246 -0.10492987]
7,-240.66548930285197,248.3386261035859,133.41976644364829,6.450354367096022,3.769052550911462,6.203015665461657,7.319887734051727,980.9649933139258,980.9390294038488,16.892489805887077,[-0.49268588 -0.0097927  -0.87015213],[ 0.57934974  0.74242691 -0.33638693],[ 0.64931849 -0.6698555  -0.36010986]
24,-213.86753376674469,-195.0855171471715,190.15798490464545,9.11180166919814,8.820267635442242,6.595839887338138,6.78269033797273,1697.8740430267708,1697.4223206707788,61.3223730245035,[-0.66452281  0.7470252   0.01904664],[0.42060309 0.35284053 0.83582091],[-0.61765886 -0.56343314  0.54867169]
25,-289.4838590261493,128.38318602026956,243.9739753715832,10.256108755855353,7.289330293163542,9.177404481285063,8.753889404859121,2000.1334590067333,1999.441768389831,64.40878183386288,[-0.47261129 -0.87557328 -0.10004997],[ 0.50209421 -0.36082528  0.78594308],[-0.72425132  0.32121106  0.61015038]
2,-399.1627835170077,264.57159471601653,9.24622256694612,2.8334280382955797,4.848050291761297,5.233975290094908,0.21556487906261168,677.4562355027757,677.3693166943051,10.85171980299563,[0.38897044 0.56131566 0.73049759],[ 0.39267763  0.61628197 -0.68264252],[-0.83337043  0.55237782  0.01929937]
2,-330.45804930200063,-179.5932513038901,59.63215541329272,2.127978827009315,1.8525265047333193,2.789577598047302,2.283398297843945,538.5684619677152,538.5489149306707,4.588513187067931,[ 0.49488071 -0.84878627  0.18615843],[0.04507631 0.23901797 0.96996832],[ 0.867791    0.47162727 -0.15654554]
2,-283.1927437231993,62.25905116289259,191.47922235928186,2.3239501053311926,0.7350799277183384,2.577359157150255,3.18256311405824,491.4289287604259,491.4239336140757,2.2157377751136837,[-0.55326608 -0.52329874 -0.64811656],[ 0.17227563 -0.83310671  0.52559902],[ 0.81499556 -0.17914142 -0.5510813 ]
6,-361.4223524213431,-101.95926239249324,214.00345824568913,6.142721060275996,8.093641859772488,2.5030098614058964,6.818068007025634,1059.0104214846494,1058.897665898091,19.446842210981472,[-0.54177762  0.21536206 -0.81246304],[-0.08519471  0.94756883  0.30798566],[-0.83619308 -0.2360773   0.49502388]
2,-431.38837966726055,156.03093802182286,48.881964020906814,3.0107669821187244,4.828571370728255,2.6548299092954863,4.72952816227334,652.4882559550108,652.4621156218881,5.840534001422876,[ 0.09352837  0.52383208 -0.84667136],[0.34194689 0.7817684  0.52145038],[ 0.93505335 -0.33828705 -0.10600523]
7,-278.18852970299184,93.90270256217501,209.51343566738413,4.1815842666543155,6.156506458709447,3.8273603628047286,3.8147945226865856,954.5660056318483,954.3733441554355,19.752270509263514,[ 0.36854385 -0.5613877   0.74095835],[0.519028   0.78552239 0.33699334],[-0.77122329  0.2603813   0.58087538]
4,-374.2937994951513,87.90759014593894,75.41224103995361,3.028972415792549,5.439450792581076,2.9573887354749084,2.190458140951951,783.7238931463799,783.6268194385982,13.066196817046556,[0.25478656 0.29474677 0.92098216],[-0.14982022 -0.92888169  0.33872215],[-0.95532074  0.22428361  0.19250755]
10,-123.17102483033993,143.82724028172555,113.08431839707002,4.924055344493278,5.960181478723866,12.726594921685452,7.791239087984115,699.0348856921536,697.927814304742,39.8811998307831,[-0.75728399 -0.65305953  0.00584943],[ 0.33904218 -0.38546466  0.85817678],[ 0.55818578 -0.65186674 -0.51332094]
3,-368.2880701170822,-81.79237761325358,31.78764430156147,1.7278691826454124,2.3198368588189195,2.9085684997146526,1.4076154755524344,655.7881557935768,655.7572128732237,6.6808605963920575,[ 0.21458337 -0.7025077   0.67855501],[-0.0875776   0.67810071  0.72973254],[ 0.97277137  0.21601469 -0.0839852 ]
3,-195.113943125075,-183.91324593072534,157.65761204265422,1.8406001074845222,1.2885288992093527,5.5200575533132294,2.998890478848695,538.8423374632557,538.7760851578912,8.894555514315599,[-0.774652    0.54070866 -0.32794575],[0.08025711 0.59844957 0.79713042],[-0.62727432 -0.5911787   0.50698587]
21,-307.27720088724124,10.529906182678268,352.61995163255824,7.722629227587638,8.266971465576557,8.999299623951408,10.21679522262313,2144.8058595036164,2144.520804241073,46.86707704829093,[ 0.65261343 -0.48377833  0.5831417 ],[-0.37780253 -0.87489967 -0.30301124],[-0.65678076  0.0225632   0.75374395]
54,-206.9283851990764,-165.2833199443207,273.9248324635834,16.176227062030023,13.87891270933587,10.758579153209148,10.128613593253796,2804.019292311613,2802.190729883968,159.4490840712368,[0.16268205 0.78546147 0.59714725],[-0.82374072  0.44126235 -0.35600389],[-0.54312593 -0.43397906  0.71880206]
2,-192.09653604555945,220.613226834886,274.4949401477246,0.18029334197294133,1.7403334244316682,2.198566178793982,0.6336396893328526,567.3211473958409,567.3079388102325,3.8712847245683157,[-0.87673333 -0.33953697 -0.34066599],[ 0.04499058 -0.7630673   0.64475123],[ 0.47886795 -0.54994813 -0.6842825 ]
