N,MEAN_X,MEAN_Y,MEAN_Z,SIGMA_X,SIGMA_Y,SIGMA_Z,SIGMA_R,LAMBDA_1,LAMBDA_2,LAMBDA_3,EIGEN_1,EIGEN_2,EIGEN_3
111,-244.08574703391514,12.30768098357927,17.87906729401249,14.500468212512118,29.779993054282514,9.8907616736303,14.264177136367536,2605.524843374064,2588.214796816733,329.44964765648155,[0.07796266 0.08947481 0.99293307],[-0.04347264 -0.99471207  0.09304849],[ 0.99600801 -0.05041973 -0.07366069]
8,-198.0392529741554,-12.119799972505199,46.11490220749276,3.4153162381374176,2.594296151180568,5.921989803347989,4.2774128170744685,576.4843324389332,576.3024774401424,16.88241954158357,[0.00135127 0.96574848 0.2594765 ],[-0.23442694  0.252552   -0.93875529],[-0.9721328  -0.05955977  0.22673873]
51,-255.32020801501636,-132.50205043667978,210.25489020724532,12.708091799326684,20.263510309554206,10.942211889645035,13.981137191944544,2551.2417120512255,2546.7932442738775,157.20700910282596,[0.4140932  0.45394502 0.78896182],[ 0.56194941 -0.80935884  0.17073701],[ 0.71605844  0.37265559 -0.59024412]
370,-332.5368485789749,-48.81968185981001,212.07577991254863,21.130799499939446,32.65978072127294,34.411808136222625,22.525886984114525,7700.346875318764,7665.981376107873,899.5610085962433,[ 0.45976926 -0.68709548  0.56259402],[0.29905341 0.71631719 0.63044171],[ 0.83616942  0.12161206 -0.53481886]
91,-243.37471143564213,-141.91483769014994,303.4071752789676,11.965159298603554,11.302656210872676,26.01882999896965,23.01870708921886,3958.9705262165294,3957.43566860983,193.60642371250032,[-0.69878054  0.67164331 -0.24617273],[0.40876835 0.65733215 0.63310575],[-0.58703849 -0.34177436  0.73387744]
41,-159.572015324211,24.674153068537105,65.64914124883182,10.616977970842935,20.050118911869628,12.71794844909118,9.350268564171056,1126.6511824644183,1119.7384972627638,153.70585471756797,[0.39152843 0.53543074 0.74834445],[ 0.09101402 -0.83181734  0.54753662],[-0.91565383  0.14626632  0.37441184]
190,-135.4732246728485,113.3899947795264,157.294985066756,26.542333930192367,21.51293174118562,29.00350466265153,39.53625215971524,3314.0701547425692,3310.603465135066,286.06780622948384,[-0.5323834  -0.834509    0.14199522],[ 0.62283855 -0.27256612  0.73333474],[-0.57327136  0.47885534  0.66487406]
7,-237.4568980725504,231.96376393531094,345.97564611649767,2.4184234840172656,6.4213912314537875,5.276084259035137,5.657065891932591,1268.7451501447204,1268.6701912599246,17.325305401166133,[-0.42068138  0.59317941 -0.68641487],[0.76017063 0.64343801 0.09015619],[ 0.49514421 -0.48386539 -0.72159995]
8,-287.6361342421774,138.20672099589024,365.4252426330399,3.6971016828296044,5.628597103186416,3.775412208772171,3.982108165850597,1372.344933843547,1372.3021198987426,18.70698239513132,[-0.79664297 -0.07075844 -0.60029428],[-0.11772805 -0.95594183  0.26891507],[ 0.59287443 -0.28490078 -0.75321409]
4,-403.21882024275965,-255.4366201596863,64.68829611452942,2.35344268514904,2.770581150737977,2.194033694548325,1.3564847717959827,963.3984409705317,963.3721725727082,8.03780966029365,[ 0.19331824 -0.51641382 -0.83423308],[-0.51174322  0.6723815  -0.53481024],[ 0.83710628  0.5303017  -0.13428766]
16,-299.06297816858864,86.68056448621994,238.55259763331276,8.522805724025087,6.374434664610266,6.385201999487821,9.932340848398223,1569.7104909278223,1569.5735056520593,29.70197551076644,[-0.47955251 -0.82408456 -0.30151953],[ 0.43439797 -0.52149133  0.73440125],[ 0.76244855 -0.22120449 -0.60806314]
84,-142.25875505619334,-121.60350425684811,188.32098280533108,13.416261184705501,20.960517425799754,18.840656868729873,22.29161929230721,2448.565380578602,2443.501172988734,199.48183697801826,[0.54983961 0.44920714 0.70419411],[ 0.64240256 -0.76626059 -0.01279285],[ 0.53384956  0.45941012 -0.70989224]
8,-440.9850944735456,5.165004028154296,155.35524296976757,6.142153463333578,8.522423135388344,4.108961476773772,4.644846716194289,1322.8851719566685,1322.58725099536,29.157565039277813,[ 0.27357645 -0.54203903  0.79457511],[-0.18868482 -0.84028291 -0.50825454],[-0.94316168  0.01087779  0.33215615]
66,-335.2081868598932,311.1268986522516,37.38675286296535,15.813114611418948,11.085468604835242,12.112159802847787,11.90772561945084,3731.727407938474,3729.8951977378483,157.8038237121676,[-0.30566133 -0.43169054  0.84865448],[0.61045805 0.59516034 0.52261376],[-0.73069291  0.67781077  0.08161147]
3,-474.07157061037054,44.01846596537192,67.26727442387325,6.087488069306786,5.637886542134883,4.037241960553984,6.193067899653851,832.9912667812696,832.9070572849886,11.850429228047897,[0.16715489 0.52253785 0.83607023],[-0.00337558 -0.84769277  0.53047673],[-0.98592487  0.091494    0.13993213]
43,-301.4598800859439,86.14640788507977,307.928772473805,6.426391160768214,13.76641998753128,10.321349803521121,7.011578210521696,2883.534245676508,2882.731511846872,111.2136931637414,[0.71621983 0.35252645 0.60229084],[ 0.12889052 -0.9150084   0.38229159],[-0.68586908  0.19617524  0.70078448]
79,-209.78417642213108,60.114694876199884,84.85648911429064,9.00872452926227,15.31842440981356,15.355570551680382,9.58211994421125,2087.5281677402977,2086.9820448622722,189.85837428191192,[-0.1060182  -0.9153792   0.38838262],[0.43220588 0.30933756 0.84705864],[-0.8955212   0.25766489  0.36283686]
5,-242.63552107477798,264.31200588317745,2.0838490800252387,4.859053243503948,3.0502696897523958,0.7685197806495326,2.031902019801093,802.4041576143946,802.3142210636871,12.093794554707557,[0.08891495 0.07378802 0.9933023 ],[ 0.73126109  0.67226521 -0.11539806],[-0.67627757  0.73662393  0.00581612]
19,-221.671092290993,-181.98638255490076,17.756985248551597,11.538653290178987,7.170552753702542,10.15348330482693,10.552657340426553,1254.3758145336278,1253.7470548151443,57.81514153952279,[-0.50860593  0.55490697 -0.6583299 ],[-0.38183366  0.5399417   0.75011066],[-0.77170141 -0.63288325  0.06273539]
150,-293.5475019175099,180.67638346433984,214.10661977983295,22.664441437811494,20.299971805877888,14.94925894207996,22.702839435033408,4984.1170198138,4980.588889680184,306.27845690974027,[-0.45425488 -0.8822842   0.12339811],[ 0.51943595 -0.14977467  0.84128107],[-0.72376708  0.44625345  0.52632601]
54,-317.3642569887869,146.9129004467637,316.3843903154586,13.2209177884056,9.383924885796956,11.858812216257888,11.106234109863705,3467.8495939385984,3467.2832972009164,122.54661804581693,[ 0.00693932 -0.9043753   0.42668157],[0.7395809  0.29182579 0.60651283],[-0.6730319   0.31135675  0.67088377]
224,-389.83850124200995,104.58447751775894,172.91784801544188,15.00622018349651,26.27115600208065,30.910800133008053,23.492008802252922,6597.720575145191,6587.467546628882,541.7686343948918,[ 0.0636813  -0.7840972   0.61736235],[0.45816499 0.57254209 0.67991205],[-0.88658306  0.23955613  0.39570611]
8,-337.29119400502736,76.0980370016096,297.6841971491445,3.849009193580227,5.6198055054642415,5.6711005445688265,1.658192742916211,1290.6670979509074,1290.5747787327512,24.624999041616903,[0.47288482 0.81836692 0.32658157],[ 0.47948152 -0.54996096  0.68384239],[ 0.73924111 -0.16678886 -0.65246001]
5,-327.70511215598515,-275.0962954768049,8.936009300656156,4.720070660202936,7.12638335610258,5.878570832832447,3.426161242788718,957.2146383391575,956.9844345637755,21.949805796518664,[ 0.39189439 -0.44058521  0.80765306],[-0.51000908  0.62660139  0.58928892],[-0.76570852 -0.64284941  0.02085911]
2,-271.0281096933558,136.15470543407702,339.3810066737634,3.3762674973096978,3.9756452479921904,1.5648942099311398,1.9878567753781908,643.7444548544563,643.7045289600322,7.169557322740781,[-0.67705321  0.3127622  -0.66616721],[-0.43244717 -0.90151268  0.01625816],[ 0.59547325 -0.29908976 -0.74562519]
115,-376.64828754971813,39.01596471123238,282.88837675952607,18.889520279950002,32.8987081334513,19.924734463155133,9.377338388073833,5087.763298406866,5071.753644402282,446.1536840617144,[0.52150352 0.59388273 0.61264785],[ 0.30429064 -0.80025381  0.51672143],[-0.79714571  0.08304903  0.59804814]
202,-286.72229762460273,230.09357693721685,279.1349482381149,24.964112506516177,15.833844012910683,16.874598732994784,17.15447427993784,6574.9780191258005,6568.534958523569,414.7421366316255,[-0.48144234 -0.85164791  0.20714515],[ 0.6175618  -0.16190412  0.76967817],[-0.62195715  0.49848059  0.60389271]
44,-169.19645322262656,92.45554792616063,42.8732521494355,11.050682468168572,11.59172908210988,19.269504924297397,11.809065411459196,1319.6041672517517,1313.7502545881177,145.41958241716407,[-0.45719208 -0.88291429  0.10694749],[ 0.24040486 -0.00691214  0.9706481 ],[ 0.85625984 -0.46948332 -0.21541706]
152,-337.31591156575166,-166.18965442322667,154.71296064314197,24.69688298780831,19.665792408535264,13.097847057532801,23.94704812232047,5028.581015035632,5023.995152082756,300.7901496487525,[0.1905682  0.43259571 0.88121774],[-0.52438425  0.80372514 -0.28115308],[-0.82988247 -0.40851787  0.38001083]
146,-252.23099219739325,-223.66231356690048,325.03557812478806,21.988003155125206,27.204498829096153,20.03461095238989,11.554746997289007,5673.670246138952,5665.69589288375,466.3915686849793,[-0.64925702 -0.29029521 -0.70298934],[-0.53716648  0.82936793  0.15362618],[-0.53843987 -0.47736518  0.69440981]
62,-328.06498052725095,-311.8985911974615,75.49708617309447,15.346499045653937,14.39223643262186,17.562234558709317,16.031808519027035,3618.5644086909488,3617.1133524717507,175.80213286704824,[-0.58765978  0.45567008 -0.66859611],[-0.37896962  0.57507867  0.72502866],[-0.71486923 -0.6794478   0.16526549]
78,-364.6694795732971,-156.0051194291021,232.9919729481542,13.686353357524268,13.055792204979415,10.226277497885329,12.492429289895666,4066.065493549232,4065.219515791694,154.50180810201567,[-0.60916295  0.46235043 -0.64432335],[0.0155813  0.81928837 0.57316995],[-0.792892   -0.3391145   0.50628414]
3,-244.7524127637444,-145.51126777490808,166.7927464387075,1.244098812571785,5.598955951833866,0.6737256729703522,3.205336429406617,571.656651054374,571.5963651708742,8.30215696590946,[-0.59858831  0.09511865 -0.79538951],[-0.30274509  0.89242087  0.33456002],[-0.74164509 -0.44106399  0.505396  ]
19,-260.67479167475636,46.29605835766008,203.13696919493614,6.868852581449713,8.135277504422124,5.31279210920258,4.02084720691417,1455.192925423273,1455.0126706788499,48.84153009887594,[ 0.49602219 -0.45411859  0.74009343],[-0.37899083 -0.88009157 -0.28601535],[-0.78123488  0.13861867  0.60865173]
33,-413.5405303832249,-23.917740083470854,248.749312477927,6.201970932762605,19.568975104904524,10.772225399632676,5.080268437312999,2778.231729035985,2776.440918686814,130.01240201087705,[-0.51034542  0.24235428 -0.8251133 ],[0.08412785 0.9689358  0.23256379],[-0.85584464 -0.04927286  0.5148807 ]
127,-240.36851883914443,193.53358517367965,47.18059041182884,24.188613473097174,18.54098693668704,15.063589179316425,19.267045716908395,3535.405872377178,3528.825224902623,310.2687119366019,[0.25413245 0.08077674 0.96379034],[ 0.5840353   0.78148841 -0.21949629],[-0.77092118  0.61866871  0.1514251 ]
136,-213.304394634901,-112.47420467035018,148.9866051612856,13.716916822834982,17.157770889978735,18.7032295009285,20.88436961614168,3320.0060077651833,3317.202539752198,233.02246026807714,[0.21619471 0.60610516 0.76543869],[-0.62373852  0.68888212 -0.36931245],[-0.75113921 -0.3975902   0.5269838 ]
64,-436.9181759515491,-131.90181307404114,105.6671720995782,14.315334161421163,14.165058372804022,13.86119765209131,13.454495143747991,3752.0010315945055,3750.17123197785,161.97478115788275,[-0.35911992  0.78218549 -0.50913529],[0.03249502 0.55567511 0.83076425],[-0.93272555 -0.28179963  0.22497113]
5,-449.8425346146654,22.979819295890742,15.285754265606041,3.5639339530247236,4.483399503938387,5.0487708669821245,3.56315375854465,1007.8739255249374,1007.8422590872581,15.07912960750365,[ 0.02869639  0.87816777 -0.47749125],[0.05410602 0.47562306 0.87798362],[ 0.99812277 -0.05103011 -0.0338655 ]
6,-329.42151366770054,-350.25474389553284,56.94963182169162,4.4620325182091225,4.937179565551773,6.460105599361697,3.479561891496651,1186.2030442879902,1186.0828380636071,21.076491573841516,[-0.49791403  0.57400047  0.65008082],[-0.53779705  0.38369359 -0.75070204],[-0.68033517 -0.72339663  0.11764934]
10,-354.37022549824763,254.7303353203412,198.07607031994579,4.815904917635751,6.387944697254325,5.076241062170141,4.9473206801056335,1515.8414466378586,1515.706713400573,25.53055690753536,[0.63562695 0.34872035 0.68874705],[-0.22195273 -0.77194713  0.59567996],[-0.73940203  0.53149952  0.41327097]
30,-221.70528014572892,118.861814058491,9.2738735519257,12.117682749203437,15.33051068884846,5.6941688956200265,17.350236058822635,1382.97618665575,1382.3538468803915,58.08527610334035,[0.18598422 0.2725825  0.94398552],[ 0.43745183  0.83730257 -0.32796389],[-0.87979871  0.4739443   0.03648335]
4,-323.5540829468755,79.40551643833145,239.9702122687088,2.390224726088219,3.66935877060298,4.3642944239395804,2.7284070241415757,821.2553103072732,821.1870585848767,11.081193318785358,[ 0.25480122 -0.76179762  0.59560114],[0.56046789 0.61826768 0.55101799],[-0.78800513  0.19341526  0.58449846]
39,-228.87830748557107,107.78140267175243,164.70802784443478,7.787645752241366,10.341556989962841,8.775001586786049,5.7576630066769034,1886.892379598296,1886.4391361605678,90.93354287057866,[0.63992483 0.56787881 0.5176967 ],[ 0.1249002  -0.74160714  0.65910453],[-0.75821907  0.35711693  0.545501  ]
45,-285.8059045776521,126.96038286469961,249.85839904410972,9.91405991307062,8.124292947967161,17.25345329935467,13.847758551587383,2688.7738319188,2687.1617113453894,110.54648143370757,[-0.30552378 -0.94325845  0.13007197],[ 0.63044204 -0.09801835  0.77002288],[-0.71358115  0.31726314  0.62461672]
24,-322.004900220382,177.30857297086808,149.44414231931802,4.442635848274408,20.85036189919556,5.211875273287201,9.937013472051877,1946.7521726043794,1944.7670052622234,95.86297030809875,[ 0.41954966 -0.00312602  0.907727  ],[-0.40763807 -0.89413863  0.1853303 ],[-0.81105443  0.44777934  0.37640984]
9,-241.78185131684717,-220.8149644606528,224.7382830828028,6.366612391468273,7.595208355779119,4.8097566602917805,5.874113719099955,1191.8236039019525,1191.640711183276,27.990033550349224,[0.55340991 0.21342267 0.80510139],[-0.56842063  0.803302    0.17777482],[-0.60879838 -0.55601858  0.56586913]
6,-114.75393305160918,59.381585881349054,106.96396057331377,5.304548991899135,4.672788265368645,2.055132244522624,1.8950806069445372,411.2141560985349,410.95050729733555,17.4379049896169,[ 0.33290621 -0.62626227  0.7049603 ],[0.64875232 0.69466155 0.31075033],[-0.68432002  0.35389391  0.63754625]
3,-263.5608940192185,167.83636437208074,305.76392594060445,3.1404930034146377,4.068085663133078,3.526383922470084,3.664477764350104,757.2889435423937,757.2451485163401,8.725609014861542,[-0.63650749  0.29715293 -0.71172912],[-0.48105568 -0.87426207  0.06520178],[ 0.60286288 -0.38388276 -0.69942146]
40,-249.01812290204202,-253.5610845580805,22.276075269999165,12.496469197189274,10.312447591743888,15.890996679349946,8.099546082329088,2255.8986800645534,2253.505531039751,133.39545547171159,[-0.53565278  0.57999957  0.61373984],[ 0.47318516 -0.39581513  0.78703633],[-0.69940825 -0.71199079  0.06242772]
5,-194.6869276558371,3.7607147469806192,154.37553390050215,2.119687856302189,3.1774454483723544,4.291446664005791,3.7372467527637365,555.75950741304,555.7477876043903,9.7625009511224,[-0.55006469  0.44866185 -0.70436594],[-0.2893535  -0.89357538 -0.34321654],[ 0.78339223 -0.01501945 -0.62134614]
31,-345.3418092718822,146.46479167516281,246.0080173611717,16.84676127163748,8.804415915667681,12.442932615387575,9.406797083832899,2500.4931368880107,2498.5538613552335,114.89491977430364,[-0.11500198 -0.9160697   0.38417555],[0.62745915 0.2328341  0.74302308],[-0.7701101   0.32650359  0.54801993]
22,-95.38934890070973,-53.49720520931169,106.40921030892532,6.606329077203737,8.051760712891117,14.188403823582409,13.433542335570522,719.755348023146,719.1865204856867,53.38060737240818,[-0.55823627  0.8254465  -0.08372774],[0.54809297 0.44265221 0.70968522],[-0.62286946 -0.35028145  0.69952595]
2,-363.16247762397,-13.35436596251488,186.04615498471503,0.30290531770128837,1.4116746635353437,0.3354444815099811,0.07040436236565029,577.3745632236064,577.3707664676875,2.0938687077778253,[0.42708041 0.29476306 0.8548199 ],[-0.1622849   0.95501038 -0.24823133],[ 0.8895313   0.03270962 -0.45570182]
83,-296.6799661364352,-243.4516414400778,148.12821454854497,19.991950616167806,12.79130480276188,12.225432196927736,17.428816535250487,3754.24860630231,3752.5771585329767,185.00065107793833,[0.13791566 0.38681864 0.9117843 ],[-0.67838574  0.70763543 -0.19759779],[-0.72164539 -0.59128964  0.36000626]
35,-414.07032134840244,-86.9931021316752,217.907320007566,8.673777237630611,9.335892737257788,9.41539694342471,8.512367641333695,2816.794172643127,2816.441615607452,79.33720344270678,[0.15595006 0.77894186 0.60739539],[-0.46771008  0.59984747 -0.64917663],[-0.87001544 -0.18284582  0.45786521]
8,-386.0588859111645,-46.02253154365846,161.82446942506306,1.6300119568276643,10.542744085581562,10.21820356470385,4.01270480438709,1191.6961285800421,1191.334731262894,40.25562960178396,[-0.36597225  0.61595541 -0.69761253],[0.16057968 0.7801692  0.60460746],[-0.91666705 -0.10924715  0.38443021]
18,-232.41351964377353,-49.89966202821208,269.30877788112815,7.584233828513344,12.228545716800943,5.164036907796412,6.704605930583745,1525.2434013370707,1524.422128637456,58.14141519774552,[-0.67098719 -0.36304724 -0.64650823],[-0.36209011  0.92132935 -0.14157322],[-0.64704478 -0.13910042  0.74965601]
6,-251.22004483837767,262.985195611,230.9984350244863,3.2854170281428834,2.818107661378439,2.8572997435293535,3.8021289057267618,1055.4362028924631,1055.4140716280006,8.62378110149347,[-0.51819083  0.22885216 -0.82407824],[ 0.62569264  0.75833721 -0.18284802],[ 0.58308403 -0.61036986 -0.5361545 ]
54,-272.7922847385779,-255.75006671023505,242.76045421259866,34.064069593085506,13.511004796624523,10.667487645481435,23.872393361086342,3287.617498271632,3281.3662848758518,217.29683389617963,[0.28033729 0.48624641 0.82763242],[ 0.73792466 -0.66059081  0.13815567],[ 0.61390407  0.57200018 -0.54400145]
2,-221.92081858604325,-108.16238227672238,106.26241902579349,2.901250595357126,3.4976586680544983,0.6525435681264611,3.544854683687049,380.15977967999777,380.1373996709554,4.124979727081817,[ 0.56407357 -0.57792072  0.58977   ],[-0.00897199  0.70991364  0.70423159],[ 0.82567579  0.40252984 -0.39525842]
13,-316.750271308173,-221.97218534099756,114.32119762240171,8.849384632223071,7.588287553523451,6.906277819193076,10.02387075522699,1455.018993476754,1454.6741717355394,32.876984666499844,[-0.58308627  0.50403731 -0.63714739],[-0.20777212  0.66566684  0.71674152],[-0.78539236 -0.5503036   0.28341629]
8,-349.37708511022527,-244.08377647794393,60.66182548995732,2.2543990213431395,6.773068266040436,4.201645719558548,5.1650189601870204,1217.781651340302,1217.7460685558788,18.37513234230533,[-0.16035003 -0.01583262 -0.98693323],[-0.56190529  0.82350799  0.07808354],[ 0.81151113  0.5670837  -0.14094597]
25,-331.4737465053662,291.1247196019098,82.81846282357877,9.428697148389288,8.003189506685995,8.317899682222595,9.417902882733568,2245.3732021882706,2245.095743531288,57.60612069221463,[ 0.57054003  0.74676942 -0.3417887 ],[0.35929301 0.14727154 0.92153113],[-0.73850702  0.64857268  0.18428473]
17,-164.524059820001,-181.79557888025906,269.0847409681172,6.487912712575019,6.285847559277688,9.70952598230415,10.102244419815209,1501.826835281511,1501.6849176746985,35.60844501922085,[-0.53421825  0.81511478  0.22405077],[-0.7144537  -0.29368622 -0.63506245],[-0.45184817 -0.49933585  0.73925431]
2,-239.80506882036838,70.58935484971416,274.93491687995345,0.5531227515288748,0.2333200194025693,0.9265842776530917,1.0868503739114033,525.508811555545,525.5087398211522,0.27457987186354504,[ 0.01745277  0.97199869 -0.23433727],[0.76368866 0.13831613 0.63059359],[ 0.64534877 -0.18996632 -0.73989037]
2,-293.8716150729964,-50.26878069435719,308.57221397368215,0.5835921292262753,0.789164036716901,0.4564646477164729,0.8204260949326851,606.8038553179331,606.8030336070377,0.998616043876131,[ 0.72799192 -0.15162079  0.66860968],[0.03070531 0.98147072 0.18913597],[ 0.68489777  0.11715959 -0.71915831]
76,-43.525208060686374,1.7592294185795199,18.85132648131007,19.828387815941596,20.12543747548581,11.465606867152045,19.667387556693345,481.8764294507294,457.7971005969909,204.85966241733124,[0.36696801 0.29670039 0.88164809],[ 0.05071622 -0.95274234  0.2995161 ],[-0.92885001  0.06519896  0.36467349]
11,-200.29597820212456,-66.53739813453048,210.18853918988663,6.6607170097576445,6.875819902248109,2.876450558296245,4.648910806556728,988.4249527413726,988.0818257262102,29.273677185876913,[-0.57725242 -0.43838562 -0.68891051],[-0.46305944  0.87063941 -0.166021  ],[-0.67257386 -0.22317049  0.70557731]
32,-365.36685044887525,-160.2173765058551,42.79706585104462,7.96553086813277,11.531223133255834,7.061888184344125,9.860809197558236,2271.2019539387848,2270.7411371008343,69.01680443521666,[0.03794869 0.17653727 0.98356214],[-0.41182742  0.89955959 -0.14557035],[-0.91047135 -0.39953365  0.10684   ]
2,-267.21202807668806,71.23062569130946,43.48093192429103,1.3928001976264852,3.631127139643219,3.4913060715117297,0.9476516558547985,395.96458331779314,395.89786580765355,7.268499912541408,[0.28257925 0.60631338 0.74332567],[-0.09490542 -0.75343449  0.65063772],[-0.95453755  0.25440235  0.15536253]
10,-344.7029761067732,-121.67996887142492,258.46379653384713,8.156034232816925,5.194694836098513,5.944064495118644,9.42935690290433,1416.152446162808,1416.0806483450872,19.960291660810988,[0.56213181 0.1392134  0.81524687],[-0.301896   0.9522518  0.0455557],[ 0.76997833  0.27172808 -0.57731899]
104,-217.90700782959573,141.56931366660044,282.736765927998,13.640538315776405,16.346668194156088,30.968361926452562,32.96152919656307,3933.721131069611,3931.8165284012466,182.27682609112432,[ 0.11558109 -0.85012908  0.51373297],[0.8165832  0.37579209 0.43814631],[-0.5655377   0.36886428  0.73763558]
9,-212.27882704245724,-66.53007132344811,182.7348119398916,4.536293660602692,9.087006875319837,9.049910684510056,6.97646749517195,864.5875785001328,863.9589754351026,35.27428048072174,[-0.6491523   0.50243734 -0.57110245],[0.18723668 0.83324472 0.52023615],[-0.73725417 -0.23078117  0.63497743]
11,-252.46494998626147,-179.77363808333715,151.28833857601379,4.1384765680061255,8.79886266241253,6.798806070672428,7.631858685148829,1144.406590786481,1144.255300367482,30.105341309593786,[-0.03976279  0.67531226  0.73645928],[-0.68036399  0.52149232 -0.51492776],[-0.73179489 -0.52153534  0.43872215]
6,-253.27360174151417,40.39154099141664,247.9123884859733,2.567200957551995,4.078878484816193,4.151702966929109,3.0968440406427757,873.8528413499199,873.8167727845755,13.62305442769118,[-0.45297947  0.68222702 -0.57391278],[0.5391769  0.72231345 0.43307222],[ 0.7099985  -0.11326769 -0.69503422]
36,-206.3084512077176,-147.74828918956896,76.79463729378813,10.840597515237162,10.376078700500653,12.564504918691767,15.669552609627685,1594.6537824060006,1593.9299311402704,70.26373598524287,[-0.60624315  0.78726525 -0.11261734],[0.16615787 0.26386819 0.95013954],[-0.77772797 -0.55730333  0.2907786 ]
135,-337.4247765092243,-271.34691723563554,167.7494594321503,34.39116055220391,13.705373244113664,33.6000099933016,14.872879314267712,5422.826643675336,5401.516476065009,556.8368063256662,[-0.34440263  0.76530878  0.5437732 ],[ 0.59312921 -0.27159928  0.75791264],[ 0.72772561  0.58355488 -0.36038749]
122,-125.38510431115841,-118.54842130333687,38.63182741207771,24.12596051973503,17.69433211141408,27.889153541385074,21.30486305794698,2001.448149443527,1973.7379656946762,368.85269978308,[-0.66922586  0.73819084  0.08491777],[0.20665057 0.07512471 0.97552643],[-0.71374525 -0.67039582  0.20282296]
25,-292.7895320035509,-44.94964029760525,134.5106105976232,8.213506152740717,13.370067843345714,13.431399581304593,7.120962252894331,1629.4148503702083,1627.5233512253633,97.31577504218069,[0.20131315 0.71010451 0.67470335],[-0.38692089  0.69043803 -0.61121809],[-0.89986957 -0.13801058  0.41374852]
3,-385.91023411224023,208.15206594275818,150.77076698445933,2.830309381876873,2.452949600083765,3.0363872816792283,1.7990311121965326,803.1358445649141,803.0985019312925,7.745197866744535,[-0.12962754 -0.72797447  0.67323835],[-0.53895163 -0.5181869  -0.66408845],[ 0.83230273 -0.44892706 -0.32517174]
11,-147.10996847085613,-38.432023625115185,53.658053787996685,7.202446898816821,3.284431266655126,5.256675668001534,5.247210814129462,535.6231175357389,535.1166686554745,26.279745126002105,[-0.06302186  0.88507136  0.4611691 ],[-0.40352053  0.40003498 -0.82288711],[-0.91279758 -0.23795107  0.33193351]
76,-360.9412379875955,22.270783836008167,133.4172909829775,13.279537793242062,21.8178121753796,19.25106221000235,10.533857344289322,3370.6908954909463,3362.76707572205,262.8529109251194,[ 0.21741012 -0.67895543  0.70125057],[-0.27532969 -0.73191918 -0.62328795],[ 0.93644348 -0.057566   -0.34606323]
63,-428.9289496878434,98.76355092884009,112.60288133548812,12.216782765872061,24.68725023287705,11.420698794978856,15.469772402832705,3613.122415146811,3608.8951589845747,203.41891946757136,[ 0.21413706 -0.16801006  0.9622463 ],[0.25159897 0.96134531 0.11186223],[-0.94384494  0.21814633  0.24813082]
11,-130.0461576699565,149.09915461680555,110.55734986399074,3.6756827615017515,4.741603813275717,15.348643426560216,10.912759320070771,753.634142004688,752.5729837695728,41.04715496829984,[-0.69867652 -0.70398347  0.12750842],[ 0.42856416 -0.26911339  0.86250261],[ 0.57287335 -0.65725586 -0.48972529]
3,-371.029338773308,-69.45640557793581,46.079572337795504,2.409014751820181,3.097473956419197,3.3752942958432466,2.400548536122807,658.7173751832182,658.6735497288577,7.940612691973034,[ 0.21886495 -0.78224738  0.58325566],[-0.01180523  0.59558139  0.80320822],[ 0.97568374  0.1826796  -0.12111729]
6,-437.7814499874061,-126.8776610798463,24.67333921288535,6.592082191774321,3.424136976096418,6.1405654803510785,6.371097745019647,1118.3228372661529,1118.2423415579774,17.7338347170054,[ 0.279325   -0.95998965  0.01993546],[0.04620067 0.03417487 0.99834742],[ 0.95908448  0.27794237 -0.05389806]
14,-399.8848004195164,-76.23678474645719,70.52948372788498,9.219604981012504,11.219782171874623,4.813070228965238,10.688664651795815,1546.8533609939166,1546.464978861278,41.0464276243161,[0.12954265 0.21550614 0.96787179],[-0.2157919   0.95882889 -0.18461046],[-0.96780812 -0.18494396  0.17071371]
22,-387.18273536661326,237.78794893673404,128.7276658551001,7.05227086364099,11.832405465118331,8.654271665494496,5.523903483979681,2216.11058240747,2215.4980480099453,71.69041302517311,[ 0.03410706 -0.43230282  0.90108323],[0.57166274 0.74798861 0.33721618],[-0.81977949  0.50361425  0.27264311]
15,-242.20659607119657,-10.04307778155905,133.0959741242151,5.933833983169797,10.939776917102154,13.546817216677974,9.625349895248785,1073.1835699365822,1071.959424624992,60.95314276428205,[-0.36165189  0.71022888 -0.60397256],[0.32085318 0.70306359 0.63462967],[-0.87536344 -0.0357285   0.48214347]
52,-370.05629029894436,-302.36141972569175,18.567087877399224,14.42370084285144,14.411687290083071,12.099422289625947,10.559845106547952,3451.7019875446035,3450.57009032259,153.29433697539062,[-0.00964977  0.07261755  0.99731318],[-0.63328828  0.77140467 -0.06229598],[-0.77385583 -0.63218788  0.03854397]
6,-202.3031934591088,-80.1227636228192,245.92729724416517,3.4183143798022346,4.442072888935421,3.536302698516728,4.754555764393855,804.4848066839335,804.4382828905105,11.314197398201632,[0.74142349 0.14136185 0.65597868],[-0.26596304  0.95940321  0.09385707],[ 0.61608024  0.24405392 -0.7489211 ]
33,-233.81379362250644,261.3375997413299,309.1354200021623,11.6069647007074,7.453295097038194,11.351483216196138,10.359338337114329,2686.8613127460694,2686.6122368549873,83.63905530555789,[ 0.71465975  0.69775567 -0.04897416],[ 0.48881554 -0.44812225  0.7484957 ],[-0.50032071  0.55885908  0.66132875]
8,-323.40150484529477,210.66841818443993,11.180073022396328,5.896551617638964,1.9109235878951312,5.661901680351915,5.42176763388296,1092.3581544892643,1092.2763897069594,18.137164273996618,[0.54494499 0.83062522 0.11444086],[-0.03831915 -0.11167326  0.9930059 ],[-0.83759573  0.54551887  0.02902693]
15,-336.5053416882731,-207.69903644621485,274.9846078199658,7.396856254003681,5.918057389721702,5.6342244586392844,6.722001089832275,1865.857255422357,1865.6940337515384,33.83775761367134,[-0.70351997  0.26925316 -0.65769475],[-0.12983556  0.86117939  0.4914395 ],[-0.69871481 -0.43112966  0.57089827]
66,-388.819606670688,181.69130394651134,33.01806885004282,16.686358499289355,16.663493440253067,11.20224430816334,20.439482567437206,3502.2770233346564,3501.997738027253,131.691726535209,[0.41998178 0.83182147 0.36288888],[-0.09014921 -0.35964728  0.92872329],[-0.90304398  0.42276101  0.07605726]
18,-253.9980183878499,108.32761388511018,24.12274061478331,6.078763894773923,6.571299412160325,9.57856808672977,6.359507404880463,1177.0911408055833,1176.5326021282654,48.56988436702409,[0.39478284 0.84550628 0.35953531],[-0.0669697  -0.36379853  0.92906711],[-0.91633049  0.39085772  0.08699811]
13,-384.39038715238013,-251.21887649708407,7.799899455903444,6.125238784859709,8.031882204544496,3.451739373691858,5.2333035708993485,1656.324704095551,1656.0648558718044,33.485079585142344,[-0.08050746  0.15373303  0.98482725],[-0.54132585  0.82288459 -0.17270574],[-0.83694975 -0.54701654  0.01697131]
2,-426.5287407623314,-96.16083440229666,176.78361296464504,0.28060403858634686,4.6350123291507686,0.14937573916007807,0.635255186111209,667.0048020413476,666.973046244142,6.508573578530376,[ 0.3841281  -0.00649929  0.92325693],[-0.18582261  0.97896863  0.08420439],[ 0.90438684  0.20390729 -0.37484164]
21,-306.491146706767,12.730058517535682,352.8390122336404,6.248334706586336,8.995511309018756,8.117632883727047,9.533075504861255,2143.4086833757165,2143.032328011352,44.45195024704845,[ 0.72022408 -0.27792638  0.63563684],[-0.22713047 -0.96021311 -0.16248856],[-0.65550669  0.02734432  0.75469416]
2,-210.86571498560278,-83.8051664033454,211.21167864337582,0.5681167026476004,0.7348681143550735,1.282857364149649,0.6862703023904828,438.40743008846147,438.402782506075,2.0186747386386186,[0.1078035  0.88250118 0.45778823],[ 0.72504526 -0.38484378  0.57114327],[ 0.68021157  0.27034594 -0.68134081]
16,-218.43461023976084,-194.0783638878566,188.74628395488037,8.449324721054456,8.94553911717694,8.298959511002286,6.38102180584428,1392.3760753073195,1391.9914893521334,53.53247288383706,[-0.5816766   0.79959595  0.14932734],[0.51702449 0.22171648 0.82675721],[-0.62796338 -0.55811121  0.54237797]
2,-318.9102525188355,344.33379956743954,123.40958130522728,0.10310275609953123,2.8933367845703515,2.741923104899705,2.8179661873821544,686.3167484687358,686.3051521215699,3.989661650707302,[ 0.4288126   0.6294113  -0.64804411],[0.61990578 0.31679814 0.71788283],[ 0.65714274 -0.70956349 -0.25432867]
2,-201.08466924102578,147.949125590083,81.44924119126844,0.7627698510251406,2.2881086903787775,0.7263473580900595,0.47972983587047224,371.3874303122967,371.3709655824205,3.4970439447723396,[-0.45249409 -0.12925272 -0.88235074],[ 0.45704354  0.81599845 -0.35391768],[ 0.76574166 -0.56341837 -0.31016036]
17,-159.09907562278286,-179.63746975793353,204.99483902064046,6.209305582035186,6.362062549586617,10.509074472770052,8.725619126600748,1302.4668518507538,1301.794233017323,43.87044614628648,[-0.7620083   0.64710572 -0.02444478],[0.40648607 0.50736648 0.75983441],[-0.50409565 -0.56906366  0.64965693]
4,-213.06339848503006,201.8356464162237,218.35254322625119,4.722163454831741,4.600882086302158,3.470016767885821,3.1120872884188264,731.7540621600479,731.6346766122916,13.510764002137885,[ 0.67293788 -0.08457939  0.73484756],[-0.45588613 -0.82975896  0.321975  ],[-0.5825139   0.55167598  0.59693481]
2,-271.8923831211654,-240.68205699585263,182.13118556653515,5.924815973089949,1.7673281997126509,1.6065772625932198,3.638387897846627,574.5709656756324,574.5229875383806,7.425051340077475,[0.33220005 0.30112438 0.89384967],[-0.66451118  0.74726307 -0.00477539],[-0.66937883 -0.59238671  0.44834135]
13,-346.8458118662399,260.33197854912623,47.38458488570735,9.675295151065741,9.580149317902936,7.09742404487217,11.081200730438361,1573.7731386769058,1573.6014369843078,38.313496809385235,[-0.31432984 -0.55837647  0.76773203],[0.51878405 0.57624457 0.63151034],[-0.79502193  0.59678967  0.10854595]
12,-108.79638115047293,-49.62143398145091,62.33948373736459,13.124857254586686,8.900171087541514,6.012903595982132,15.689479617310896,470.6147309088575,470.5220524799377,21.85185210625559,[-0.45762881 -0.10148644 -0.88333254],[-0.37342774  0.92353699  0.08735646],[-0.80692478 -0.3698377   0.46053498]
37,-297.6098754851848,-164.0154828749167,275.2738774810958,7.147993513343528,10.227183508306295,9.147056201437554,10.77754672439012,2661.4075365613944,2661.280950435892,67.74579303140189,[0.62111418 0.16059188 0.76709023],[-0.38893272  0.91291014  0.12379988],[ 0.6804032   0.37524035 -0.62948087]
5,-174.81904806921975,-94.03240176135617,70.25160841639085,5.028819233213114,4.502676438886581,4.783581791821079,3.8131841261431156,471.13081227483065,470.9994884434155,16.446996020477215,[0.0190084  0.57572263 0.81742409],[-0.55704135  0.68502393 -0.46951799],[-0.83026719 -0.44641424  0.33372252]
59,-224.81261691377043,-170.52592461861522,286.87321208738246,24.556206509278777,14.187581075880198,18.51137490165657,29.684468596263866,3101.023925559683,3099.84260633113,126.73404972096459,[0.18344802 0.77489712 0.60488121],[-0.80807717  0.46926598 -0.3560909 ],[-0.55978398 -0.42346653  0.71226258]
2,-195.20144904538506,95.72435361865146,254.46829361409158,0.8369303569693471,4.477244357407081,1.7012848556471027,3.0619177581993995,473.38041907035523,473.35028840858513,5.340938375844448,[ 0.77247651 -0.0942363   0.62801239],[-0.25132236 -0.95355366  0.16604966],[-0.58319561  0.28610302  0.76028149]
14,-284.18140431782746,62.350417846210995,163.5891581878354,13.349597375320045,9.328339030510506,7.363443454774172,13.793543763143568,1250.5700362920813,1250.0679755637066,42.12907813089405,[ 0.44752517 -0.22856632  0.86456849],[-0.27310646 -0.95552978 -0.11124614],[-0.85154805  0.18633379  0.49004656]
12,-313.87845938569234,361.9066775858143,54.224831508632974,4.350993357124875,4.670137666993602,5.196659931921974,5.263550377381814,1670.3107331553858,1670.2336489110714,21.969087980292358,[-0.68946989 -0.64679941  0.3260089 ],[0.31745261 0.13471892 0.93865577],[ 0.65104156 -0.75066726 -0.11244352]
4,-256.23673443347303,-48.608818912539405,51.87856842061251,3.9654615529801,2.2524986041496913,3.964804497165791,4.483322127554342,531.9663324499704,531.9112428244175,8.132346600560153,[-0.26073497  0.80431693 -0.53393965],[0.05945935 0.56539911 0.82267152],[-0.96357764 -0.18275153  0.19524348]
3,-290.8451768762816,32.28863784629437,236.90909132297534,1.3165209827653963,4.785572728384646,3.6289959800027933,3.651406648761877,652.2204735547491,652.1641394898892,8.576706783126413,[ 0.54659891 -0.41461318  0.72754762],[-0.32337229 -0.90593738 -0.27332732],[-0.7724377   0.08586832  0.6292588 ]
3,-261.5075384079972,-292.65231145457756,6.244200984029202,1.9408436172423116,1.4664740230548838,2.7060518713984028,0.690658647799383,679.8838631568445,679.8694409450527,6.185891002077009,[ 0.60098956 -0.52415081  0.60338834],[-0.44152596  0.41156501  0.79728857],[ 0.66623298  0.74557372 -0.01592008]
25,-293.117754642174,-218.50384292608751,218.54093274252375,12.203724605568405,11.137403647645568,22.912008488957444,6.211814730088117,2134.0448279140164,2130.215609733887,137.96776818479833,[ 0.58980329 -0.8073805  -0.0163954 ],[0.42264153 0.29131844 0.85820027],[ 0.68811788  0.51309872 -0.5130531 ]
6,-414.932396591076,-51.10094804043998,182.331113552841,3.9777096701223513,5.8527417288765236,3.529608172896779,5.3245141988388065,1117.3711303347704,1117.2849409566065,14.30257816595529,[0.34357163 0.33738637 0.87642967],[-0.23317074  0.93466259 -0.26839754],[ 0.9097197   0.11214398 -0.39979218]
6,-271.20134933290956,208.54504104975481,118.97888720716587,3.8034436083874916,4.769102666035444,3.6826915364028894,1.6042468370147602,887.392897837624,887.2545087739073,16.992173000643287,[-0.0604484  -0.55278303  0.8311299 ],[0.6601418  0.60241359 0.44867658],[-0.74870475  0.57578536  0.32850025]
11,-295.8420676808902,-111.06176377333135,86.49510210922458,5.823587804720076,4.6900274459045,7.313775536402794,6.982676582993666,1087.0798604976346,1086.9476905974448,25.674324862713732,[-0.41766387  0.83696057 -0.35362961],[0.10129859 0.42966884 0.89728662],[-0.90293715 -0.33894202  0.26424008]
11,-254.7999184827227,292.67963897518626,71.24517675506003,2.9856858554590278,4.664093653241286,6.282295518738064,4.658655037827321,1308.8024317323611,1308.6523139712622,23.10145669618877,[ 0.73830898  0.66702047 -0.09991768],[ 0.19455517 -0.06877544  0.9784775 ],[-0.64579264  0.74185823  0.18054981]
26,-443.58108293779185,-83.21855812018,95.48689822508018,8.180484565253051,9.87102316751767,6.029322313380886,7.570627591705429,2353.1394928378995,2352.7525244474277,60.8620156218514,[0.12550634 0.38130832 0.91588871],[-0.24414549  0.90666834 -0.34401382],[-0.96158262 -0.18043418  0.20688733]
12,-252.17623793017654,-10.55571048611257,257.90555259225613,3.9908062158943807,4.290542593763812,10.470095634030997,8.49028878423945,1250.6985669881058,1250.4491158514015,29.229252882369224,[0.25127225 0.92543636 0.28360148],[-0.66998399  0.37775872 -0.63907731],[-0.69855831 -0.02942606  0.71494783]
10,-167.63180550807738,150.89163275736496,103.08340843529008,4.279931589841512,5.512956508461176,4.854694189979362,7.137518490977586,784.5982899927455,784.5607710071159,14.60869955425372,[-0.5121298   0.01802228 -0.85871897],[ 0.53004089  0.79333494 -0.29946005],[ 0.67585481 -0.60851859 -0.41584301]
4,-304.13485582816935,60.673015541169256,356.25362788556686,1.785797137135356,5.117321314416223,2.635245859022673,2.59641225933163,944.7358556201269,944.6763985408924,10.872511719070136,[0.75801132 0.24105151 0.60606353],[ 0.10396811 -0.96197527  0.25257515],[-0.64390175  0.12844355  0.75424982]
14,-177.89685791671926,-40.14114960494595,144.91099046558952,12.491247085251194,8.84485814298006,7.998174058072719,10.846843231619536,873.4021727170931,873.058671993018,50.06110795889818,[-0.55942995 -0.30379225 -0.77119932],[-0.32058178  0.93730846 -0.13667543],[-0.76437259 -0.17077213  0.62174869]
17,-369.6319183881201,-241.89848319506189,37.35882405735467,11.232523138210972,6.9948589902760645,5.282959571504164,11.453210795097192,1828.7078423245207,1828.6111147722806,34.84118483063454,[0.0776113  0.03538353 0.99635561],[ 0.54653438 -0.83733829 -0.01283604],[ 0.83383251  0.54553882 -0.08432523]
3,-300.45936546418807,-254.341754721508,85.43089217673928,2.221755789707505,0.8871228393637492,2.736381907072409,2.674957645048593,697.7326195661025,697.7207239692051,4.268926764368616,[ 0.65737874 -0.64657034  0.38704003],[-0.10722311  0.4281321   0.89733278],[ 0.74589302  0.63138712 -0.21211766]
3,-278.6108261549892,145.86449952499336,143.3332915957665,2.740621714907248,3.411631387898764,4.500997110227963,2.824550106695329,598.6859319425387,598.6538394474366,9.718723590977348,[ 0.00864108 -0.69249903  0.72136705],[-0.59169042 -0.58509199 -0.55458977],[ 0.80611896 -0.42203371 -0.41480087]
12,-319.28401567583376,227.1485830239652,77.77566633347557,7.365313746088708,5.7297106432771505,6.445462643565812,9.51142661024187,1384.3941119242509,1384.2658539461127,21.341967107313923,[0.59605235 0.79147278 0.13524949],[ 0.07726741 -0.22419848  0.97147557],[-0.7992192   0.56859992  0.19478909]
