N,MEAN_X,MEAN_Y,MEAN_Z,SIGMA_X,SIGMA_Y,SIGMA_Z,SIGMA_R,LAMBDA_1,LAMBDA_2,LAMBDA_3,EIGEN_1,EIGEN_2,EIGEN_3
3,-303.6985134051747,-140.97576100252556,352.7986829155888,0.06443343503892071,2.179328143412576,0.6576061316595289,0.9467796771582838,842.4587110381095,842.4516188936552,3.589406876999572,[0.75135578 0.03098995 0.65916926],[-0.21353742  0.95657074  0.1984293 ],[ 0.62439271  0.2898483  -0.72534247]
124,-225.36196808910432,151.3477229025554,266.9766597919354,18.17693133218124,22.66943778259758,33.104234134246006,26.872535096690175,4263.10333350686,4255.409844556642,389.01875349605837,[-0.49426322 -0.86601098  0.07568913],[-0.63864075  0.302661   -0.70748449],[ 0.58978119 -0.39802173 -0.70266411]
6,-253.81570828826443,-205.4518735126026,291.142025051904,7.294694712663807,4.433217794992441,7.069577563497845,3.5160722145349474,1071.9190949253493,1071.7084622028742,25.755450924715767,[-0.11766247  0.85681108  0.50202621],[-0.80599284  0.21292397 -0.55230329],[-0.58011299 -0.4696149   0.66553044]
17,-357.0265445845146,-203.74116516216577,89.73796995177422,16.30597310075999,4.183887497452789,12.789536575401177,15.559902550504706,1736.90286346426,1736.0946480455932,58.35557360927836,[-0.48540567  0.55215713 -0.67786712],[-0.2095744   0.67924583  0.70335175],[-0.8487991  -0.48347452  0.21399178]
210,-293.2942681352619,231.88137968255478,276.6812184039909,21.622022184465266,16.868536541581104,17.17227649152677,16.22973487106229,6752.881721307224,6748.346114356703,402.72830991710475,[0.62586748 0.77985879 0.01049612],[ 0.45822441 -0.37856675  0.80418754],[-0.6311262   0.49850525  0.59428295]
18,-262.8921679261548,40.46691660773183,207.10947574913058,7.591308788222098,5.172348699848287,7.653833245055939,5.907629629623825,1431.0354744021324,1430.5711032359711,44.06324929465655,[ 0.17792377 -0.89853788  0.40121417],[0.60014188 0.42219957 0.67939476],[-0.77985438  0.11990495  0.61436955]
339,-395.7238590616411,101.3495423239997,160.56691077583804,23.792435110161165,26.30341625457146,41.245397257540276,22.03040955163336,8136.716380771605,8097.604736356215,919.8924666657571,[-0.04878256 -0.89386705  0.44567024],[0.43114777 0.38364451 0.8166569 ],[-0.90096163  0.23198835  0.36667363]
132,-338.24767549726494,-164.4298872879628,149.207573643399,20.67222547690225,13.231197795411969,21.82061701952651,19.181917120621794,4660.446366649159,4657.58157608291,302.9288886757695,[-0.36761234  0.91398015  0.17175988],[-0.40704486  0.00792823 -0.91337376],[-0.83616724 -0.40568144  0.36911641]
13,-433.6189326395507,173.3734243099528,40.54683523142923,6.524140861732331,6.232084753512613,9.18210418087585,7.480811891815468,1690.6366805131133,1690.424891916979,37.97185736404671,[ 0.31040269  0.8674858  -0.38873971],[0.2190446  0.33266356 0.91725374],[-0.92502412  0.36986936  0.08675841]
2,-227.56874425924627,-95.56537889552462,41.39313703159287,1.9145550547089982,1.7235090814724359,0.842713495357426,2.5384017108724493,353.9520107899892,353.94946099535235,1.3435041407710946,[-0.03866312  0.47326228  0.88007271],[ 0.41436935 -0.79384347  0.44509615],[ 0.90928719  0.38188397 -0.16541292]
9,-363.7179089925313,-91.07822204964856,26.40278565706791,3.0885543824584283,12.037352001153629,4.678564953143873,3.1204069774569816,1128.2916714850885,1127.7067398599272,38.787698956783956,[ 0.13677399 -0.26998942  0.95309947],[-0.212097    0.93184757  0.29440614],[-0.96762996 -0.24241664  0.07018857]
5,-342.1122367758252,113.23188287150633,171.9987074474298,6.933990655703076,5.156589354012977,5.966757689539385,4.445134979474787,893.1406318391295,892.9779843042215,21.232800586211518,[0.37405183 0.91670121 0.1405138 ],[ 0.35482589 -0.28144439  0.89156471],[-0.85684527  0.28363348  0.43054411]
2,-364.2881352215369,293.2900192175964,122.10309913882843,2.8837266754126745,0.5024355267189264,1.4939361847658574,1.491072915006356,683.5859094824448,683.57336272975,4.141667451937778,[ 0.26618853  0.63319881 -0.72677571],[0.60093214 0.48051188 0.63874009],[ 0.75367383 -0.60676817 -0.25260276]
91,-138.97227055539224,-117.31489352744241,184.67230687004508,13.943555938162664,25.25416804906904,22.97975009766824,27.81166040683743,2496.178278581906,2488.419368855227,226.22948049033073,[0.41098774 0.59739049 0.68863174],[ 0.74045247 -0.65939447  0.13011177],[ 0.5318075   0.45642473 -0.71334231]
53,-300.55273132619,82.70024391247851,303.1358898272191,9.760470756682924,14.761787654967447,20.624248835218335,11.077691214964736,3170.126043058009,3168.0936766110094,180.0231038347527,[-0.41894335 -0.89162297 -0.1717409 ],[ 0.58946669 -0.41092755  0.69546212],[-0.69066308  0.19012369  0.69773741]
32,-176.9533130845141,104.2549754523694,34.41880354737437,10.397623556151371,12.46915790186788,7.233826417435649,11.418122124354792,1181.8434370452194,1180.2774226741112,76.47710133021147,[ 0.05070727 -0.23586141  0.97046286],[0.52540919 0.8326752  0.17492054],[-0.84933736  0.50102036  0.16614644]
68,-156.49465211054945,27.570044526243855,57.67108800138728,10.2766393587862,14.70570558346175,18.829103276286904,14.308459501986771,1406.1619474148285,1403.4199578603289,177.57943110871878,[ 0.0105239  -0.89124118  0.45340755],[0.38342083 0.42237113 0.82133495],[-0.92351379  0.16520225  0.34616543]
2,-278.39212968086673,-223.81416101420783,104.553751284545,0.14322798710958295,1.1646400468160891,2.4616084400116094,1.2846879121561017,526.3722634471152,526.3612713855736,3.401721887768964,[ 0.47938233 -0.78218809 -0.39796278],[ 0.45905578 -0.16299004  0.87332814],[ 0.74797084  0.6013452  -0.28093341]
72,-332.7553334083343,313.644734314969,34.650295465944296,13.90948626856685,11.339640215300994,11.164282752732028,10.387932729554484,3894.5079974172654,3893.0689924611993,155.92922777855267,[-0.26071457 -0.37505507  0.88958508],[0.6366869  0.62586722 0.45046644],[-0.72571186  0.68383033  0.07561995]
198,-232.75089174804842,171.3076257114098,33.09228762028441,26.010005346235044,40.11336114856109,17.830842894581604,30.22750273934508,4150.83112046512,4122.409740643657,560.9238651797386,[-0.01580902 -0.21429395  0.97664127],[0.60425257 0.7761745  0.18008878],[-0.79663599  0.59298503  0.11721711]
17,-352.9157085714794,251.02074638625194,203.9453112528695,4.983143595073693,8.720490908775595,5.703315150345302,6.427877766045408,1974.1739321652415,1974.0475280923254,39.57204016916669,[0.66175572 0.43315004 0.6119317 ],[-0.1364423  -0.73300305  0.6664008 ],[-0.73719934  0.52448791  0.42596897]
21,-243.34935984546004,-265.2597776066619,239.80158731619863,12.370661308772869,5.511250486677351,11.648705725063481,12.271602787509417,1983.548608107302,1983.1857164718278,59.5223380555679,[-0.61073543  0.76043992  0.22075634],[0.55695883 0.21437651 0.80239615],[-0.56284909 -0.61300395  0.55446106]
2,-357.2425251259448,273.70618363830704,173.20310070353992,5.632659868822458,0.16437393300165581,2.2815710161444542,4.898889232416025,682.0169649734792,681.9979656923819,5.090707523413534,[-0.37613938  0.09246935 -0.92193741],[ 0.55644431  0.81814131 -0.14496388],[ 0.74087036 -0.56753345 -0.35918921]
19,-346.91458552452946,169.70617945975764,177.9971574754799,7.755199349807479,4.599982465374654,8.361183023763356,8.351102884000744,1854.1973942172506,1854.1307358359918,39.340806058224814,[-0.46962333 -0.87950072 -0.07702216],[ 0.33751967 -0.25946629  0.90485232],[ 0.81580292 -0.39894326 -0.41870021]
40,-235.33430187192843,258.4618954768347,313.6644258521154,13.13130670876346,8.40517576392372,10.09397821996821,11.540799109109274,2972.200709247354,2971.6573834315645,92.11533251226524,[-0.49020742 -0.81655444  0.30485329],[ 0.71301379 -0.17451837  0.6790837 ],[-0.50130631  0.55025647  0.66776478]
18,-228.18530922357888,105.49710860946621,164.0303663037685,8.013617844748943,6.002728762548967,4.956579625598639,6.027719251449502,1274.263637736617,1273.9367707416043,39.74493836758943,[-0.01241007 -0.84861034  0.52887284],[0.6494722  0.39531468 0.64954766],[-0.76028406  0.35154915  0.54624294]
252,-326.35574100077883,-249.86068816602713,156.18090321051517,32.79104570992663,20.03688568694797,34.32057471965872,35.053249090942636,7023.088708616308,7006.723046066173,598.9731312424814,[-0.46501114  0.81911873  0.33587075],[ 0.48217496 -0.08384679  0.87205334],[ 0.7424769   0.56746298 -0.35596885]
13,-355.82783053654487,-105.81910876600165,261.2735946974176,7.110092612708252,7.214755293534501,6.209239942243543,5.653600372354988,1637.2386704262176,1636.9632183002407,37.70489844142661,[0.29120569 0.680651   0.67224509],[-0.54843668  0.69454031 -0.46565111],[-0.78384721 -0.23308361  0.57554807]
18,-375.32121360028816,233.80443184291346,12.886563043751101,4.869509813190895,9.882989359326753,7.357515035229254,8.245996779569657,1877.5500897896804,1877.302655113336,44.003234447774254,[-0.33992657 -0.58621871  0.73538939],[0.40600953 0.61385257 0.67700908],[-0.84829605  0.52870847  0.02934558]
15,-323.6777803729332,-158.4903618101239,27.9184796132964,8.948960865273074,15.553721289721091,9.381702979364144,13.910561672517881,1402.0628987941238,1401.167609293601,56.81344334032884,[-0.34814732  0.58091156 -0.73575485],[-0.27877577  0.68519148  0.6729017 ],[-0.89502934 -0.43937955  0.07660351]
47,-435.3462964851252,-133.5998025392093,110.81895594116475,8.680840082873141,14.4517292302655,11.730244035702684,9.17096307752247,3215.217932190086,3214.6380971562908,125.71096307988392,[-0.36659777  0.61622361 -0.69704702],[-0.05336837  0.73404546  0.67700006],[-0.92884762 -0.28538697  0.23621258]
200,-136.47163635488945,109.98775488877365,161.41539462918234,22.83430264274162,20.418800345518,23.25967547070389,33.397452473983925,3409.837584503317,3406.2643182810702,269.8268105034523,[-0.54677078 -0.83064342  0.10522935],[ 0.61033825 -0.30937317  0.72922937],[-0.57317444  0.46294681  0.67612966]
4,-324.7796674757376,56.81581806467432,270.69290213296796,3.084994414349604,5.853802637474409,3.745955496166194,1.7496182918990326,853.3001597918485,853.2284940061813,14.786485993745105,[0.6123898  0.46914854 0.63630054],[ 0.21296036 -0.87302161  0.43872675],[-0.76133214  0.13316499  0.63453957]
279,-329.46078336736576,-45.835050342533634,219.96500958052894,17.746127633277137,30.855051101758026,37.385934867503344,20.930827522633376,6708.91891358764,6678.404685723954,784.1345214706784,[ 0.43830983 -0.74700115  0.49987376],[0.35672092 0.6550387  0.66608895],[ 0.82500587  0.11363791 -0.55358084]
16,-339.0140460448423,250.4190011114471,53.70793659004656,6.070799690087556,8.485866929001718,9.603281838564063,6.388351174394571,1700.3447906360157,1699.8468133277995,50.74396440283082,[0.55812897 0.64330654 0.52406942],[-0.22774643 -0.48856955  0.84227748],[-0.79788697  0.5894544   0.12617405]
23,-212.41361616038316,-184.0439143839016,9.480651888552345,11.479861982053263,10.937012598475294,5.251961563581952,8.726054101801113,1350.827123308139,1349.4975143104218,68.62312923545952,[-0.05518595  0.11505468  0.99182505],[-0.65288056  0.74740293 -0.12302778],[-0.75544787 -0.6543327   0.03387083]
23,-294.15778225167463,-285.81186983155675,187.94970320311745,8.452997381358296,6.365479043651494,11.986370077213884,6.933081471104817,2164.6479666697173,2164.309897083771,69.05153817316265,[-0.74632226  0.63303306 -0.20560213],[0.13359235 0.44508962 0.88546503],[-0.65204    -0.63337539  0.41674866]
55,-393.7929852689449,60.26916397086895,263.6958568545761,14.046164221966583,11.845464926648074,14.860168258375344,9.444359905960335,3546.501466405142,3544.6288590799145,160.77479045828818,[ 0.12444854 -0.91075279  0.39375363],[0.55223884 0.39327141 0.73509854],[-0.82434509  0.1259641   0.55189512]
21,-257.75068107600856,-142.9166667944047,211.8521649727348,10.153983405732285,6.198467432468313,7.014147031768791,7.963270933117555,1664.1870942460519,1664.023486315781,51.75363754813123,[-0.02966242  0.84506814  0.53383516],[-0.70326623  0.36187691 -0.61193277],[-0.7103075  -0.39357965  0.58357374]
20,-385.4043331827091,-40.936863144640334,163.1800849590972,5.0408208151094716,16.38141496552282,6.15891127699241,5.498327710460289,1882.2766744969751,1880.9231538528109,77.6723876021475,[-0.40007235  0.21413404 -0.89111656],[-0.00376541  0.97192913  0.23524369],[-0.91647583 -0.09746991  0.38803566]
24,-385.3260368754145,232.48260500329715,130.24071575945098,7.659159144573876,12.31239371898713,11.666803436215421,6.669376852938444,2296.384356392456,2295.949244215295,85.06416464657538,[0.56579959 0.66357238 0.48943082],[-0.0586079  -0.55971169  0.82661233],[-0.82245726  0.49638142  0.27779406]
16,-351.9775917844994,-245.37304810517838,51.36265233242749,8.041779833911244,10.660080286234622,8.20420174722641,5.382405454625569,1729.3962519970414,1728.888786161026,59.06650927018243,[-0.15541394  0.41073015  0.89841374],[-0.55895678  0.71330887 -0.42279755],[-0.81450219 -0.56788309  0.11872226]
42,-247.3559677388485,-257.1171560338187,20.97700098698319,9.208284934220451,10.725903676020625,14.28067872550584,10.194713491665444,2319.265750691967,2317.7435727351003,112.53666679878452,[-0.61737825  0.63222422  0.46812032],[ 0.37418968 -0.28742651  0.8816848 ],[-0.69197267 -0.71949881  0.0591209 ]
26,-70.96205717217133,57.88500108258823,43.153778658495064,10.698767318347963,10.404927035390411,6.556975480519782,10.793844416502663,521.5722355976195,520.5825472372285,60.8071095924773,[0.64442616 0.76393497 0.03344078],[ 0.30171419 -0.29421203  0.90686704],[-0.70262612  0.57431928  0.42008795]
48,-311.37564932002175,148.67590868610705,316.2119613522304,13.558944484310453,11.999497898943762,10.742637613422005,10.395701166031877,3244.899913241345,3244.3563966444603,126.73643888778837,[-0.10433335 -0.93558303  0.337341  ],[0.73918468 0.15397989 0.65566471],[-0.6653725   0.31776499  0.6755034 ]
85,-260.91362532296614,-222.0943176758013,325.07112307993293,14.651501358273526,24.319057354564453,17.39071897391066,12.676683187096486,4364.2867079148955,4356.967915763803,284.0730322712115,[-0.80167878  0.07390093 -0.59316927],[-0.22776539  0.87970263  0.41742809],[-0.55266089 -0.46974667  0.68840686]
39,-347.2862639939887,44.63502799228194,142.06933397335214,9.126779724343901,8.712598006651957,10.549165575974094,9.524050336137082,2361.5353332183477,2361.0158756779415,83.57207273726826,[0.3391623  0.72247964 0.60248827],[ 0.20079574 -0.6812877   0.7039376 ],[-0.91904842  0.11777201  0.37613794]
33,-300.5222610737803,-249.61713894837555,248.68413419437803,10.195119547329803,13.003221455396698,7.245345891649976,5.232660181197824,2662.0563341938823,2660.8002498579967,99.23650246476298,[0.31629486 0.45081278 0.83470078],[-0.69209749  0.71142349 -0.12197415],[-0.64881325 -0.53911452  0.53702598]
96,-47.86421676263873,0.847749132239659,24.655698354546264,16.41326269205329,15.713728738430657,17.820393818973283,18.097805913548754,580.7283283791869,575.5463680293269,219.8425291399053,[-0.31157006 -0.7999996  -0.51276187],[-0.35790436  0.59868274 -0.7165776 ],[ 0.88024347 -0.03974442 -0.47285496]
65,-372.4299415507533,159.41044093929642,24.914949638100452,15.207627322174263,22.988715415848034,13.776443636199302,21.5750936812808,3279.931767107662,3278.7145642506885,176.81817044439651,[-0.06882726 -0.30747749  0.94906291],[0.39314528 0.86597489 0.30907002],[-0.91689672  0.39439205  0.06128064]
137,-299.7721793306833,184.0205329799645,214.1252925928591,15.363316734446599,16.83982132941555,14.100438754236803,18.869158730271323,4828.199753064594,4827.009192691815,222.0287811851927,[-0.05507717 -0.79356752  0.6059844 ],[0.68365235 0.41236114 0.60214429],[-0.72772657  0.44744707  0.51981262]
58,-245.24917938684254,-140.7867484875159,317.2988922005848,13.787042459789388,8.810024190942764,21.433340618820104,23.248288365595975,3242.770305158173,3242.3852637802706,103.59874974152659,[0.38197181 0.69911173 0.60443389],[-0.72213239  0.63392834 -0.27687483],[-0.57673421 -0.33072291  0.74699398]
10,-415.7083021908199,-42.125138728408174,241.7635880470681,4.679065720059027,4.039747778627152,5.460275461560198,4.601979883564861,1526.7253414164525,1526.679572557667,21.698334265901025,[-0.0251421   0.99126506  0.12946605],[ 0.50774554 -0.09889665  0.85581185],[ 0.86114014  0.08725272 -0.50082395]
143,-211.58356979948542,-123.82626162639528,152.77521975581638,15.33913776207836,30.731168064942782,24.857954102075208,29.210594662901833,3487.1816253464085,3475.346142953043,373.7972113734778,[0.29106963 0.50639094 0.81169372],[ 0.62043615 -0.74573942  0.24275852],[ 0.72824271  0.4329445  -0.53124534]
8,-352.69858322517746,-39.18416680984315,13.390231159365229,4.292839840557958,5.618792081480495,3.7138547543216287,3.9399730378731617,1004.6328319185128,1004.5511461395653,19.655668876043226,[0.02116654 0.14702264 0.98890663],[ 0.11457504 -0.9829682   0.14368741],[ 0.99318907  0.11026265 -0.03765116]
113,-216.09366449578354,-172.34776499856423,285.5676617537098,43.733398811346106,12.713954876669408,28.93262986914089,41.66136942536421,4260.908701766122,4250.564766553052,363.07210120955705,[0.43132149 0.59034236 0.68224458],[ 0.71618647 -0.68392372  0.13901543],[ 0.54866995  0.42865399 -0.71778621]
2,-126.07630657827997,-125.72850847372331,147.67759131333676,0.5197211177035896,0.23749699700039884,1.968281478864185,1.6688620422047933,327.15673475079274,327.15240835860476,1.6824975379606826,[ 0.77174175 -0.62279136  0.12862967],[0.3276964  0.56280301 0.75885956],[ 0.54500435  0.54349213 -0.63842507]
28,-442.5689698640629,139.14972799825304,66.02153236359592,11.199420098731954,11.029228835344481,10.406394970881383,12.617540565130154,2481.2624351582217,2480.8686633291854,74.1593665515624,[0.31198047 0.67392215 0.66969928],[-0.10394257 -0.67643944  0.72912662],[-0.94438558  0.29708353  0.14098669]
11,-277.11729292409245,-192.96956880396456,118.628204678433,6.860644993169172,7.652218977007394,6.446921900351953,10.035712671283802,1187.7277333720135,1187.5656900640288,22.682173476586907,[-0.1157023   0.63552204  0.76336408],[-0.62239299  0.55255632 -0.55435411],[-0.7741059  -0.5392525   0.33161242]
3,-141.5033436082705,67.16263336538621,178.03076848124215,2.339745102957118,2.184881434352338,3.8846250488577017,4.285727525245708,410.80334696603126,410.7863757540611,4.584186365805,[ 0.25088439  0.95456691 -0.16080745],[ 0.76225731 -0.09241717  0.64064254],[ 0.5966748  -0.28330387 -0.75081163]
6,-431.2782161370615,-124.07301317111062,26.687269174866575,6.5557250030887,2.273618383047577,3.7321867172110994,6.033468588547018,1101.3547000204808,1101.3149330094761,12.442986325085165,[ 0.19959207 -0.81183727 -0.54871054],[-0.19953091  0.51457266 -0.8339079 ],[ 0.95934896  0.27592612 -0.05928201]
47,-237.65970896684087,-45.42599603272447,264.10781747890803,12.642815043889401,29.63074602592776,9.49137435372968,7.161050154431102,2465.821079955462,2456.705669166746,224.53327808676605,[0.6635452  0.35569729 0.65816959],[-0.34577272  0.9259545  -0.15182056],[ 0.66343725  0.12683729 -0.73740309]
6,-210.04731517497783,-157.17513767211432,232.03098300349814,2.8410094335211724,3.4643245276859185,4.722542079045614,5.315672270283436,858.027340704773,857.9978078312535,9.200804798681203,[-0.4663895  -0.47679726 -0.74508067],[-0.65027381  0.75582538 -0.07662873],[ 0.59968725  0.44876761 -0.6625578 ]
4,-285.57895725898345,-59.29974410514839,141.13172977310288,2.0134180323579423,7.69016298188285,3.6304293865638706,3.711373262446773,648.2534008829626,648.1102872023175,15.85208843769587,[-0.46154694  0.136055   -0.87662047],[-0.10132277  0.9736176   0.20445651],[-0.88131045 -0.18318789  0.43558476]
22,-240.75453152228937,234.51677547283253,109.24517837847343,8.99216292264111,12.787507999368334,10.424433383353454,16.28358088201916,1659.721426989079,1659.6150588586518,43.967070005207425,[ 0.39748407  0.6899607  -0.60494681],[0.61518751 0.28878782 0.7335843 ],[ 0.68084561 -0.6637438  -0.30966665]
2,-177.86155505154247,-23.37315378137907,113.15495883850704,1.1610982696623182,4.841179014317579,1.2839079546111947,2.191626770656427,300.03838213089165,299.96629691192027,6.576584879148899,[-0.52494582 -0.09831317 -0.84543859],[-0.14580843  0.98901008 -0.02447391],[-0.83855339 -0.11042459  0.53351159]
18,-280.29122210687257,-207.45752826814618,238.29944160127783,9.046449181529129,7.739939030252183,11.012702345758296,7.601187994892483,1793.0499787251667,1792.4038352277596,60.92811357882605,[-0.09842445  0.80505889  0.58497249],[-0.74169229  0.33256921 -0.58248629],[-0.6634796  -0.49120047  0.56437303]
2,-191.19226723811522,214.41859342010108,279.5799363233573,0.995374519626651,1.406999321139807,0.34174440314401977,0.9889732662924757,566.9177087677525,566.9139884396471,2.0538320111230646,[-0.80155743 -0.59024655 -0.0954709 ],[ 0.36058958 -0.60456573  0.71026433],[ 0.47694951 -0.53489184 -0.69743092]
2,-320.74064853861887,-108.95103941454504,214.54426246419166,7.822043277226072,0.7258004294889844,0.14166236911360386,6.529626105283171,567.1611135934984,567.1274624176958,6.178199113197765,[-0.08007363  0.93197405  0.3535712 ],[ 0.5946001  -0.24003164  0.7673562 ],[ 0.80002434  0.27167847 -0.53493165]
47,-440.11329200490155,-71.20068530651525,98.70623825358157,11.576453975467228,14.364708599882642,15.535011652408944,9.754133689948382,3133.9076935940934,3132.1952015511565,150.993570582683,[-0.24507681  0.83689121 -0.48943892],[0.10401654 0.52461791 0.84495953],[-0.96390763 -0.15617024  0.21562221]
73,-244.33079215887795,-27.47868960917845,35.63351524840307,8.16231001092121,10.933713993977376,20.868329235295306,9.182586701155182,2131.432116300625,2126.0887117652806,197.40973602301014,[-0.09209153  0.98710544  0.13092746],[ 0.15749807 -0.11539137  0.9807544 ],[ 0.9832159   0.11093999 -0.14484063]
20,-183.92338046195087,-34.61076210729347,144.9610736890218,6.937591291167857,10.708563749254724,6.353281565759871,4.8310105039623545,1059.9886597538357,1059.497900002333,59.93374459184956,[-0.62686853  0.09186412 -0.7736904 ],[-0.05693782  0.98496803  0.163083  ],[-0.77704178 -0.14628384  0.61221492]
30,-400.20723139797315,-79.77606330363984,66.46244940468546,6.504946351254047,20.372904292061232,10.536774039639491,5.304734998360882,2268.1300514780664,2265.028525009766,127.17614360859216,[-0.22126764  0.35216192 -0.90940784],[-0.11863434  0.91587628  0.38353165],[-0.96797031 -0.19275014  0.16087529]
39,-297.2116867183222,-165.62178018853794,277.361087129476,8.068402808212648,12.453690946900696,8.187624758089353,11.906257842651264,2743.1250129381046,2742.656445472518,75.35510796032814,[-0.56796477 -0.27796996 -0.77469266],[-0.4681701   0.88324636  0.02631774],[-0.67692894 -0.37763549  0.63179004]
13,-299.9921281345936,-31.459259167844817,125.80807052987036,6.857011848224345,4.777399732018761,3.443636434889786,6.25992455138772,1178.7360246830797,1178.676198537337,23.58961109498417,[0.33188834 0.34522162 0.87787935],[-0.21723805  0.93358601 -0.28499964],[ 0.91796392  0.09612074 -0.38484158]
34,-384.72977681243015,3.5824617421346496,125.70188440826921,12.043008372333512,7.98772414631314,12.984380209940626,14.104548355791945,2362.6284288926686,2361.792065506685,78.00541470402884,[ 0.15252315 -0.85715289  0.49196099],[0.27118526 0.51497657 0.81317752],[-0.95036585  0.00938417  0.31099308]
3,-337.68848479550735,-192.5106161387832,181.17803275975416,2.7509684359270095,2.723470622946424,3.511323768902077,1.7223152935781443,742.8575751040236,742.8118274535449,8.54851195575981,[-0.06542187  0.74234184  0.66681974],[ 0.61295812 -0.49741577  0.61388916],[ 0.78740227  0.44889435 -0.42248259]
29,-203.06186813015236,55.99701483259625,90.65961866405846,6.265246946599888,12.42274312989569,8.741447679201464,7.8589444360705825,1237.645965364474,1236.1151613954498,77.91401112107063,[0.46495685 0.45302607 0.76064612],[-0.00717422 -0.85720736  0.51492143],[-0.88530428  0.24487328  0.39531432]
3,-320.52522184838034,58.23030604726528,188.54094596157242,1.7359743957246123,3.8149126930779977,0.9828243447755057,2.525881011154762,651.9815773780612,651.9541277142627,6.023694732812766,[-0.5101375  -0.02427747 -0.85975016],[-0.12089903 -0.98765289  0.09962528],[ 0.85155338 -0.15476555 -0.50090365]
10,-286.34172028495317,58.87645617795768,164.6849650006116,7.6680385944897935,6.33297412663668,4.242719818083642,6.814925375395523,1061.5345302925487,1061.3051435691498,26.401998112345073,[ 0.34485499 -0.51600193  0.7841027 ],[0.3907018  0.83845218 0.37993426],[-0.85347943  0.17532811  0.4907473 ]
25,-370.6134049923387,-292.7314137933831,28.474242980507594,9.563621232844572,15.325528599807656,11.328473933884588,13.408245525932093,2367.920618371687,2366.77512194004,83.05944845100777,[-0.36608297  0.53733517  0.75977245],[-0.50277132  0.57282629 -0.64737241],[-0.7830736  -0.61898381  0.06045476]
8,-200.5809798401752,-61.12602199881986,214.6801897157867,4.705238091364932,6.882074426476343,4.3250889593119854,3.61426524676803,849.1562366701214,848.9134660975304,24.45839046945826,[-0.66661114  0.59072775 -0.45461007],[0.32990181 0.78070747 0.5307171 ],[-0.66842679 -0.20380525  0.71531045]
22,-358.08817604761265,-320.2546320261196,8.31227389798892,12.17013489115481,9.165961737612518,7.322165348527379,7.209122215135052,2254.806137612104,2254.12434426321,71.78436585736955,[-0.12256441  0.16261932  0.97904695],[-0.65526862  0.72763858 -0.20289191],[-0.74538647 -0.66640607  0.01737674]
15,-201.72062626462505,-210.95328404197693,313.2304272830659,8.521099633189763,4.289029539662676,10.883463063320962,5.513957483271645,1658.9757364275752,1658.4881660989217,51.71208602495001,[-0.45831845  0.84545675  0.27412968],[-0.75371356 -0.20626096 -0.62399702],[-0.47102024 -0.4926046   0.73176543]
61,-373.27638161121763,13.734202326030752,284.46366426904694,15.350158269758596,15.686653425216825,16.565911263717762,9.4164714450319,3671.3961830597605,3669.6853029245417,201.51865588333496,[ 0.13445526 -0.96541012  0.22339445],[0.59140041 0.2590685  0.76362888],[-0.79508951  0.02944165  0.60577707]
2,-244.7683604174539,277.72846785700017,270.6493175023214,2.0025649487989057,5.8407640988195055,2.9196197232427323,2.8828059218250814,648.6021186445173,648.5430113488005,8.756183003227408,[0.84231761 0.44256953 0.30762517],[ 0.07484864 -0.66127165  0.74640303],[-0.53375905  0.6056831   0.59012648]
13,-244.33227070390546,-276.27685090098834,152.97807036032808,5.953321696543308,8.176733578176316,11.840235488403975,11.332027207344957,1440.632487268798,1440.3329197297264,38.59445901088598,[-0.53550902  0.71901759  0.44299413],[-0.5823181   0.06554492 -0.81031444],[-0.61166635 -0.69189419  0.38359706]
85,-367.360167700986,-158.60409105560484,230.67218919768467,14.569920752250544,14.47178276580075,11.097176339018533,14.097032502630618,4262.744610556471,4261.001389727456,172.13874214537964,[-0.59554964  0.59491013 -0.53981717],[0.11148422 0.72668924 0.67785988],[-0.79554503 -0.34351811  0.4991026 ]
84,-134.89409409665683,-123.37913024402616,31.899712025654615,16.61120778252764,12.238401616033306,17.057084887225603,13.740563015231213,1715.487621563538,1708.376717329322,210.39832337865778,[-0.47434116  0.66733903  0.57415946],[ 0.49515866 -0.33700894  0.80077642],[ 0.72788623  0.66414125 -0.17058148]
2,-389.9615221328976,132.31149197607903,81.50581763676287,3.644240968547223,2.240989024362733,3.3868100113159443,3.4339097416491597,593.7159101251651,593.6856274231553,5.9964762092084944,[-0.35436162 -0.90884413 -0.22006862],[ 0.10702203 -0.27321097  0.95598224],[ 0.92896401 -0.31521122 -0.19408183]
14,-469.7897613934498,25.12642730450596,64.38078701809431,4.381592224292248,11.70163082236209,5.33339363164637,5.0278485483763795,1777.3496444817154,1776.8991734606652,47.19721777640797,[ 0.12826209 -0.12416786  0.98393657],[-0.06900234 -0.99084424 -0.1160447 ],[-0.98933691  0.05300979  0.13565563]
3,-357.12259747820127,-115.89272206983856,121.29572704128033,2.600019833333916,4.700305161872276,4.82395467012714,4.7958421443327985,683.5160485259735,683.4566448831215,9.355392874447855,[-0.00777931  0.7343213   0.67875748],[-0.42523963  0.61191551 -0.6668813 ],[-0.90504737 -0.29382245  0.30750224]
2,-223.59047665419544,-49.67270695979069,37.74572426575137,3.091203453598581,0.9480551558270953,1.136544917177197,2.9593278689870033,328.3186404980031,328.30954101347686,2.444376807530706,[ 0.22987884 -0.34252664  0.91095072],[-0.13914231  0.91483485  0.37909973],[ 0.96322123  0.21389879 -0.16264123]
71,-203.41984466446596,-150.3194993134197,76.42980528628284,10.459031905993083,12.715305456652487,12.133180937237483,13.683516104441882,2231.493426420646,2231.0501689912417,127.58075614417005,[ 0.40664212 -0.08603178  0.90952775],[-0.49262283  0.81777547  0.29760045],[-0.76939258 -0.56907101  0.29016073]
56,-278.50770358471664,-111.57975672363384,110.97047506950513,15.698487081229008,9.27185199376087,11.27918093624417,11.595061841434509,2398.2230079456904,2396.4237240237635,135.0316780438922,[-0.28982748  0.93346778  0.21127691],[-0.39626753  0.08390206 -0.91429343],[-0.87119003 -0.34870954  0.34558585]
2,-253.43522937982775,-265.44217033935263,103.64800381928987,1.3889493886484274,3.5924875302717965,3.564076204045115,2.454739086154518,539.3689048642738,539.3290229679884,6.559002887709211,[-0.74539927  0.59207687 -0.30630852],[-0.05233822  0.40609827  0.91232938],[-0.66456048 -0.6960813   0.27171711]
2,-313.36760424367947,117.60978488337287,61.44893405599768,0.963862974258376,1.4316698715506178,1.2733894709141076,1.6122771850636752,481.2730796908421,481.26892256595283,2.000351797720238,[ 0.12836401  0.70594813 -0.69653422],[0.36821464 0.61821395 0.69442745],[ 0.92083694 -0.34561359 -0.18058401]
8,-205.39835392709017,205.6332540980207,215.75787801798398,2.882400021242325,4.870311383473025,3.3352882865202877,3.662062284616823,1023.947163905793,1023.9061120972847,15.44702986353674,[-0.7883115  -0.5839432  -0.19384354],[ 0.23790911 -0.57983967  0.7792209 ],[ 0.56741892 -0.56815165 -0.59601968]
2,-197.11882370058782,-178.86014922941132,158.11122131846764,0.43618168861421225,3.735194693854325,4.970801140714954,4.973944257166551,437.91504368800844,437.88283673045873,5.311006039977843,[-0.25670988  0.78334527  0.56610089],[-0.72724253  0.22922438 -0.64697333],[-0.63656763 -0.57777709  0.51083783]
12,-254.53318999152486,41.520487966188824,246.59719473562697,5.474728776256595,9.290363296136738,5.561310106634066,6.898232468213335,1236.693396394062,1236.3800964849738,34.60220881028136,[0.69978771 0.06443825 0.71143859],[-0.03836941 -0.99109497  0.12750905],[-0.71331967  0.11652674  0.69108362]
2,-400.2933164730007,76.00168754214003,214.33628289112517,4.6880991661826386,4.056351351872237,1.8087348777279857,2.5642866237782584,651.1416768534035,651.0877293139663,8.381650925999915,[-0.26825394  0.63360602 -0.72566055],[0.41471587 0.75584954 0.5066579 ],[ 0.86951168 -0.16502997 -0.46552609]
6,-267.8331839047792,-187.844156827696,185.3836041515713,5.721510922687008,1.7918834429161958,2.5485703290050017,4.249743579639818,921.1747896072056,921.111275526139,12.07452437153672,[-0.16231005  0.80063481  0.57674895],[-0.68278734  0.33083981 -0.65141881],[-0.71236009 -0.4995287   0.49296469]
2,-218.0132477121993,191.29245997688315,180.7382056168718,1.807712899814348,5.523562820922905,1.9127101775861775,5.256409171344046,483.37628494584453,483.3560072414322,4.427540137237276,[-0.59103618  0.08436456 -0.8022212 ],[-0.49375422 -0.82427433  0.2770895 ],[ 0.63787381 -0.55987002 -0.52883131]
6,-279.4440329352635,-248.67071790563725,66.46203496799514,4.979467399388463,4.92803762186594,3.514888761927312,5.662337643086437,930.7877672627449,930.7601492218565,13.283260226902131,[ 0.39778242 -0.62615776 -0.67059347],[-0.54842832  0.42367677 -0.72091911],[ 0.73552398  0.6545414  -0.17487148]
9,-391.0748084559164,109.64731402853883,257.6662413484027,2.0047240856646944,5.144042053703468,4.684804069784793,3.431584142412145,1443.115367357409,1443.0406170972285,19.13819002265657,[-0.31704851  0.59838213 -0.73581184],[0.48833434 0.76808626 0.4142138 ],[ 0.8130251  -0.22799632 -0.53573115]
33,-285.6470829444722,124.72844884078994,250.71657078440924,9.299599900753703,7.225463834878214,16.30939910975969,13.177932606454045,2300.5862160048882,2299.3494641398675,87.63731755880336,[-0.30334861 -0.94470259  0.12456576],[ 0.63132956 -0.10134275  0.76886451],[-0.71372446  0.31187603  0.62716086]
3,-225.48605477327976,-133.61292051703913,204.96126836939894,1.16891006741467,0.4282628226866338,2.125677559973377,1.019651526379088,576.3108820100351,576.2986013134456,3.881847200111098,[ 0.49278814 -0.86979379 -0.02487199],[-0.54579579 -0.28671046 -0.78733987],[ 0.67769227  0.40156678 -0.6160173 ]
3,-246.3721170040026,-76.61944141440374,89.3396558215481,0.6288181312992793,4.506200011088153,2.0061667367639298,1.5233679777599287,472.99092163790436,472.9363949943814,8.19193044421486,[-0.36801254  0.10615714 -0.923741  ],[-0.2245254   0.95391702  0.19907449],[-0.90230544 -0.28066523  0.32721845]
3,-246.9182888324706,84.27531286412577,11.1591586487841,5.114946042428933,4.599963595390056,1.675322813972033,6.216814541899092,452.4762374193684,452.4431297640508,5.849992152591833,[-0.07777648 -0.35154672  0.93293393],[-0.31632752 -0.87871477 -0.35748741],[ 0.94545635 -0.3229168  -0.04286056]
4,-304.38050030215993,116.18660392043165,187.86470571860784,3.957661847909048,3.0623124211591106,3.3009397535431604,4.620559406430949,752.2620311157846,752.230616170268,7.625051934747383,[ 0.05867296 -0.8036801   0.59216195],[-0.58442041 -0.50856135 -0.63231175],[ 0.80932705 -0.30897193 -0.49952585]
8,-359.4252270050647,-205.7145820208907,162.78291623862447,7.791109284499592,2.6027181371288783,5.735565589525856,7.729635433295947,1258.8582440257856,1258.8137168531448,17.946521872277323,[ 0.52446776 -0.84685914  0.08810881],[0.26908541 0.26304189 0.92649987],[ 0.80779119  0.46221052 -0.36583444]
2,-288.1138178308003,-50.28273928830817,162.48909233394818,2.542307655251875,3.0386517469446943,2.873217648170609,3.1277937511749485,473.2115449462172,473.1816069826599,5.322883024564566,[ 0.506788   -0.32931118  0.79669321],[0.04028947 0.93220011 0.35969391],[ 0.86112873  0.15019021 -0.4856956 ]
29,-414.5030672093103,-95.61883336315202,224.43239701362265,7.9843212406333155,8.907877850278236,11.726237502310354,7.05549339164461,2591.3194168504624,2590.6646653930734,81.75147156366567,[-0.01596958  0.93008464  0.366998  ],[-0.50704267  0.30881659 -0.80469873],[-0.861773   -0.19893435  0.46666093]
9,-382.0710147001403,98.72331692684429,83.76600044602486,6.247567112386927,9.765349580931428,5.651313811633208,8.544376589171215,1210.8387048186758,1210.5210456155673,29.08146009923919,[ 0.08250409 -0.43968116  0.8943565 ],[0.31049879 0.86408889 0.39615766],[-0.94698658  0.24501199  0.20781134]
3,-254.65752883744122,-93.82851336766521,310.3588472693103,1.5457318727528628,2.0111153029928275,1.2418300888297191,2.326658990452892,714.1109903914187,714.1056352789864,2.767147228975806,[ 0.78378459 -0.25661616  0.56553503],[0.06445695 0.93933231 0.33689777],[ 0.61767874  0.22760261 -0.75277489]
21,-245.87846796903608,-180.3439691338773,155.3576979886853,4.13813257913086,6.0622992464810554,7.151286661020382,4.907555376536407,1568.7986604832597,1568.586242438228,41.21071584713522,[-0.59857479  0.80087727 -0.01743023],[0.35439626 0.28426356 0.89084091],[-0.71840901 -0.5270577   0.45398091]
9,-409.31015075820517,236.5834966201049,10.082465694094942,3.2754474803247042,4.4122006581305975,5.677401675431387,4.265008795806749,1418.7940170403967,1418.6952457290458,19.969358241740657,[-0.44402345 -0.78646333  0.42932344],[0.23159682 0.36212884 0.90289845],[ 0.86556692 -0.50033803 -0.02134871]
14,-372.43900245735716,-171.16318357122645,46.477478257676424,6.817729295890315,5.86616364288959,7.386838800116741,5.097825878490156,1543.882211407435,1543.8239769556942,39.07100560777352,[ 0.35962765 -0.58538151  0.72663363],[-0.23544944  0.69660551  0.67771995],[ 0.90290172  0.41481232 -0.11269086]
5,-441.942121747387,-4.870779095699832,149.5600476246141,7.837385309575532,5.358331924586705,3.8650333979904943,8.212714020816847,1043.5594928374364,1043.5013095371057,13.677102051348218,[ 0.30587565 -0.33017673  0.89298567],[0.0964131  0.94386018 0.31596279],[ 0.94717717  0.01054981 -0.32053721]
10,-390.2820652267575,143.6470858260892,157.6075483499381,6.65450833248717,6.845066432715518,4.951594367054856,8.381245516213905,1406.7947983948702,1406.6567625035404,21.273499415873655,[ 0.18123609 -0.46086463  0.86876767],[0.44402059 0.82657728 0.34585504],[-0.87749598  0.32306932  0.35443903]
3,-313.35305213591414,-176.63354081877787,319.6522220706756,1.8698928465348639,2.5028453324333317,6.566174273736192,5.754315250586758,833.5718099764132,833.5578252252352,7.691455572818871,[ 0.56867181 -0.81560745  0.10675606],[0.50264972 0.44729648 0.7397764 ],[ 0.65111875  0.36702908 -0.66432976]
2,-211.8295820602282,-181.2678371166516,73.9584407392123,1.6248692999892569,0.14477127754310004,0.5465081750816481,1.1441256150446861,407.9279627470658,407.92391604490336,1.8170056582586702,[ 0.29619915 -0.6366416  -0.7120067 ],[-0.61067486  0.44695359 -0.65368854],[ 0.73439927  0.62842657 -0.25639375]
21,-280.45258336990656,112.38499750373256,340.61360805866286,8.911489810620031,11.053067272407164,5.88858666010829,5.243470281144122,2087.414746448806,2086.8421710969897,66.20023775608233,[ 0.6434154  -0.39030388  0.65854347],[-0.45444801 -0.88701801 -0.08170716],[-0.61603054  0.24670212  0.74809387]
6,-175.46045282314216,149.62350602401747,107.27644143065514,4.723668827928855,4.043048783867857,4.665468890827926,4.580962136841228,623.2501714961068,623.082777060323,15.289692562432768,[0.66569584 0.74451418 0.05047454],[ 0.28417588 -0.31547226  0.90538463],[-0.68999501  0.58836714  0.42158155]
3,-212.68271613203274,144.83999919437744,84.46028397317961,4.843919062837191,3.670713890014594,6.246855000594713,3.368420087366699,469.3074868374997,469.13675364563693,13.912964318536332,[ 0.55512577  0.83130337 -0.0277505 ],[ 0.27381793 -0.15114229  0.94983143],[-0.78540379  0.53487449  0.31152874]
12,-235.7672005286894,-26.256648008508392,180.7177608487934,9.831867478460167,7.654086813119257,3.0040503347997705,7.819995365053538,1033.9205668026661,1033.5117832071262,35.101267402897044,[-0.46972526  0.72212572 -0.5078313 ],[0.39226326 0.68606257 0.61273786],[-0.79087781 -0.08861489  0.60552431]
13,-427.46263721315546,-92.6608400866437,179.9806552677702,6.66975851016624,6.715398295662485,4.294216242112605,7.178347154681684,1705.7267829653547,1705.5363756521992,27.16831614222858,[-0.42790121  0.43180892 -0.79400353],[0.00874396 0.88042871 0.47409791],[-0.90378321 -0.19592433  0.38051223]
32,-96.52810373627901,-72.4327603773903,105.20930199794475,6.64348033965333,19.440478628357965,12.389862984654135,9.150479560577404,914.8290642739795,908.2605799910503,124.54208026821011,[-0.77194526  0.11842293 -0.62456107],[-0.20530885  0.88339663  0.42125843],[-0.6016218  -0.45341636  0.65762057]
6,-258.163804633093,-4.786976858572212,197.7602844608051,3.556126449967015,4.901492082712179,3.700810053421947,2.6265884513437214,796.7929070802037,796.7642286203003,16.10498181114105,[ 0.55237013 -0.4359181   0.71053687],[0.25458415 0.8998657  0.35415905],[ 0.7937721   0.01473545 -0.60803678]
6,-250.98957567583798,104.74296836508692,101.68311328947078,5.439423252404629,4.130495942613569,6.331748403725256,6.461845606489612,711.5087472072831,711.4759458354002,16.549865292654474,[ 0.15252256  0.85207806 -0.50069935],[0.47916932 0.37934021 0.79151612],[ 0.86436892 -0.36064384 -0.35043173]
2,-295.82334146569315,38.8700413007927,238.45400017125684,2.6763488498655477,2.5969586417903088,7.390638691728071,2.8049055825249525,540.2798686642918,540.167591965612,11.014039857232527,[ 0.11160091 -0.94950634  0.29322848],[0.62274719 0.29676899 0.72395726],[-0.77442313  0.10181293  0.62442209]
11,-72.38134147566326,-70.8489819219643,15.132435761609122,7.016493752646244,5.5239383421274635,5.182836267627704,8.60574747899866,341.2147189206884,341.02157184696256,18.70716677071073,[-0.6771105   0.60106729 -0.4245462 ],[-0.20338961  0.40158786  0.89295009],[-0.70721569 -0.69097417  0.14966852]
