N,MEAN_X,MEAN_Y,MEAN_Z,SIGMA_X,SIGMA_Y,SIGMA_Z,SIGMA_R,LAMBDA_1,LAMBDA_2,LAMBDA_3,EIGEN_1,EIGEN_2,EIGEN_3
99,-45.92688961051042,4.2728015251448825,21.865250869866685,16.30442603054373,18.80772888601957,17.31856796500099,17.450342276316903,572.0551038781051,558.059871377875,243.50870567899204,[0.43863659 0.39770917 0.80586932],[ 0.10908372 -0.91367337  0.39153764],[-0.89201944  0.08383551  0.44415417]
97,-385.00515526335215,43.478943141390005,276.3211440018032,15.340009054946403,28.705306615069787,18.077506567551,10.437482503461055,4699.682851265642,4689.837839405279,350.7460769445898,[0.53011799 0.53966891 0.65401253],[ 0.25352729 -0.83690728  0.48508774],[-0.80913462  0.09134371  0.5804804 ]
161,-137.1164629066629,111.70670620968775,165.97841893564396,21.459247213290748,20.29915081230308,22.543652544202274,32.20126126631523,3110.6721989613625,3107.0870608019627,238.74770258166257,[ 0.617426    0.78635479 -0.02076722],[ 0.54671682 -0.40998738  0.73007607],[-0.56558451  0.46212174  0.68305026]
33,-293.6572729368113,86.8231471258138,311.11024627047055,6.3840947462575635,11.294772731300018,8.897671485026821,7.517391659804859,2508.8723609082745,2508.519274669656,79.66337556625007,[0.73330277 0.3085303  0.60586805],[ 0.09929463 -0.93015385  0.35348889],[-0.67261253  0.19905494  0.7127198 ]
319,-391.8807361980514,104.26598091223038,163.8521448068601,25.091699993286962,26.81363029383626,42.58402510487475,22.053490809607286,7868.692987932584,7828.392443020577,927.3253859881617,[-0.0524808  -0.89426579  0.44444849],[0.4421391  0.37825498 0.81328727],[-0.89540984  0.23919002  0.37553875]
155,-294.6357991282908,182.05000943982498,216.89603115524037,24.45641340314108,20.708684228158106,14.63101862824152,24.566910823252485,5104.2703185778655,5099.239475849693,312.68090721029915,[ 0.52457032  0.8513612  -0.00317462],[ 0.45182814 -0.27523182  0.84858634],[-0.72157974  0.44657759  0.52904739]
172,-317.45232816192953,-259.2165747862176,172.8334292246023,25.838473624906385,19.207518343238686,24.765699104800856,29.3895681695816,5853.012159300022,5850.784687678105,367.83174876139657,[-0.54545971  0.8107807   0.21238729],[0.4391787  0.06065886 0.89634958],[-0.71385977 -0.58219855  0.38916458]
155,-254.23462465477337,-214.1484468806125,319.2449092445888,16.537434764537295,24.607131262405424,18.05296818016474,18.688319505822186,5752.176853252324,5744.593636207597,365.21491721689716,[0.7282582  0.13688628 0.67149247],[-0.40679269  0.874894    0.26283112],[ 0.55150676  0.46456715 -0.69283307]
306,-332.408679240694,-48.57299727788441,213.92794634276612,17.747974870193243,32.5235719532534,35.069054983956335,21.295595150540603,7015.2558616923025,6986.150923216577,805.0706658664174,[ 0.47430203 -0.65547574  0.58769817],[0.2828378  0.74562963 0.60335663],[ 0.83369081  0.11995002 -0.53904696]
7,-472.4816598042489,-108.16443859314332,32.66825344913644,2.984961219940614,3.4172369576157227,5.434783913189975,2.965598828957602,1285.4350969203615,1285.359651450324,16.983258687387508,[ 0.17468437 -0.8901495  -0.42085536],[ 0.153567   -0.39756615  0.9046316 ],[ 0.97257521  0.2226545  -0.067249  ]
2,-228.76081489850964,-169.01300839898235,14.32059897469098,2.7960879435426165,3.001105732624353,1.2851219956038111,0.5295107642690482,402.791418175831,402.74624145629883,6.03254083464876,[ 0.21417663 -0.20904319  0.9541642 ],[-0.55574086  0.77724571  0.29502745],[-0.80329351 -0.59345602  0.05029403]
3,-281.31295590088297,279.18236789608756,101.55879354049773,0.3941538927103859,1.5835732176536024,1.895784334037935,0.8605129291710041,708.6608746445949,708.6498036723216,4.066490391716772,[-0.72070415 -0.59968316 -0.34780114],[-0.08847897 -0.41802898  0.90411462],[ 0.68757327 -0.68237225 -0.24821587]
43,-242.8441813217641,120.20522927028736,17.72791069914508,17.606002275471866,12.870742773589273,8.802584585335348,13.710036451911877,1786.6488307133448,1783.5050084748343,126.23219553096567,[0.16786384 0.19641958 0.96604404],[-0.41300449 -0.8757911   0.24983441],[ 0.89512514 -0.44091869 -0.06589149]
6,-232.91895579872437,-22.17137315112952,182.0085557096942,5.257090099564697,4.031655341679929,2.8787248922679898,3.3100639773469256,726.2531652717872,726.2059370726788,15.700502607184264,[ 0.31215274 -0.90488228  0.28939371],[-0.53387429 -0.41904668 -0.73442367],[ 0.78583644  0.0747525  -0.61389995]
5,-416.17856941019363,-49.76549787619679,176.0646478719242,2.1760750900863455,2.0257845935238774,4.519722091428322,2.1113214684799586,1016.6256448563646,1016.5826882283827,11.147762430213527,[-0.03037323  0.97834846  0.20472361],[ 0.40131796 -0.17564781  0.89893923],[ 0.91543507  0.10946295 -0.38729381]
18,-381.1174946405523,-266.06330877651646,125.19589123763633,8.598940498848448,4.449355948043676,10.603680130066133,6.341577334135533,2042.9770112738051,2042.6437377835744,54.648835637966485,[-0.49994665  0.83104398  0.24376064],[ 0.35086177 -0.06297522  0.9343073 ],[-0.79180134 -0.5526301   0.26009731]
8,-358.17169537455544,249.67295616259764,94.09328491544815,4.938394845533441,8.942967587782995,5.36874521016854,4.863784655167559,1263.5571591742305,1263.4523194700369,29.59834617675461,[0.29387828 0.06230246 0.95381023],[ 0.52017944  0.82674041 -0.21427469],[-0.80190331  0.55912315  0.21055259]
3,-247.65477446273692,-50.15094816959868,154.83067859899492,2.6501942098388245,2.5408319798635612,4.327914351689075,2.2271176683315446,513.3710722036872,513.3076507692409,9.051121066273241,[-0.38960355  0.85314799 -0.3469115 ],[0.38707351 0.49347592 0.778881  ],[-0.83569323 -0.16917454  0.52249096]
3,-123.16654708169371,43.282284833160844,137.17677856552518,4.533647464469007,6.4061550530468025,0.40049933515279373,1.9801080679374745,328.25520862948986,328.0389532215642,13.206844237596647,[ 0.62180884 -0.38735336  0.68066963],[-0.43604692 -0.89318207 -0.10994943],[-0.65055119  0.22843637  0.72429275]
64,-309.0181077206394,-178.44061662558107,276.2838582720311,21.256290087197613,21.87990523466778,9.426262158924832,21.716592331354736,3618.7997094756815,3615.028104286781,188.66752907505614,[-0.65265627  0.70661184 -0.27338525],[0.32312618 0.58596488 0.74312491],[-0.68529502 -0.3966672   0.61075844]
4,-272.1559287542117,-57.44777288114212,44.366257590120995,1.4231996605253108,1.679711455151617,2.150266386218399,1.5573380792183125,563.3663438062694,563.3521341518517,5.309239203926351,[ 0.24842571 -0.89976248  0.35876475],[0.06853307 0.3857739  0.92004441],[ 0.96622352  0.20397543 -0.15749964]
12,-249.39529051793212,-207.96454289730343,218.6390875076113,8.880688631204238,16.227887076789393,8.963203924937456,6.006518903900704,1357.61603267233,1356.6131488113804,68.03068859394736,[0.42740388 0.35965202 0.8294434 ],[-0.6418472   0.76683053 -0.00176524],[-0.63667739 -0.53162145  0.55858798]
39,-239.1408583528331,-36.14352930223397,266.8557649213803,12.40859095377844,18.59800375178022,5.30821884102159,7.736978882811092,2253.3019799877275,2250.035852113534,135.19831704091092,[0.66117278 0.38384411 0.64460395],[-0.34858392  0.9180031  -0.18910197],[ 0.6643341   0.09966949 -0.74076055]
13,-282.1816217798569,61.07929578778616,162.56283797655354,9.644344938451946,2.5109016391326917,6.605363050634126,9.657665046786466,1195.3565860487115,1195.2301306420738,25.370642144584725,[-0.1806344  -0.98201578  0.05492008],[ 0.49185679 -0.04183628  0.86967041],[-0.85173242  0.18410521  0.4905682 ]
77,-187.33817875337508,54.69324221437155,79.33790870132967,23.53203021352414,16.873162180663737,15.38026613171613,28.366260610895477,1868.7883698007552,1867.4066750626196,143.93482318903526,[0.44646007 0.29544121 0.84462293],[-0.11064459 -0.91844837  0.37975039],[-0.88793647  0.26299635  0.37736156]
229,-281.3708009158555,221.8769412904835,278.8290614915872,28.20833086561817,18.52514427281377,16.59070321216525,22.84107202635975,6889.047423088191,6884.772238109421,450.3532167789783,[-0.53393673 -0.83616374  0.12546619],[ 0.5738806  -0.24941029  0.78003562],[-0.62094494  0.48849228  0.61302747]
121,-247.9215322292463,1.0878732253762398,25.592069317243407,12.51682972061546,29.495254077964372,15.842214877598462,13.065142612840171,2766.483434691303,2748.472974902586,367.40318041789027,[0.0985914  0.34720302 0.93259305],[ 0.03063024 -0.93777364  0.3458936 ],[-0.99465649  0.00553659  0.10309133]
29,-176.4073825142116,100.60904957582461,32.23128159096481,9.963727356194438,10.224774822999507,8.785377626033998,9.989523162105295,1110.7332744001887,1108.852543478615,72.73762170475605,[-0.18595889 -0.58053869  0.79271314],[-0.47923272 -0.65072538 -0.58897579],[ 0.85776179 -0.48941936 -0.15720496]
75,-287.1785823718615,122.40008672577028,246.17455630496028,15.373911971299588,8.22114862330475,18.786395443579952,19.0942488841114,3449.741982815052,3447.3390499938496,148.15339646171452,[-0.33477675 -0.93919094  0.07645199],[ 0.60536126 -0.15218577  0.78126643],[-0.72212345  0.30783091  0.61949807]
65,-375.8885230958055,164.34978808567362,28.05574371235423,13.018431188245366,23.018724630755216,11.880635592228057,18.860017115414912,3322.2477851796466,3320.04091629298,176.01842226227686,[-0.04341352 -0.26278243  0.96387793],[0.40453315 0.87753395 0.2574628 ],[-0.91349231  0.40109794  0.06820737]
76,-133.70747168695706,-120.53521436566021,30.562471911122913,14.741859182958754,10.963481708396607,18.486835218227903,11.602646786159125,1603.8879490353704,1599.178948875435,202.91817027031934,[ 0.60137132 -0.74312923 -0.29344757],[ 0.31751661 -0.1147475   0.94128434],[ 0.73316829  0.65923589 -0.16695002]
60,-308.6636936594062,148.85999476897314,330.2187291024077,16.433899090028206,11.240804492252984,18.372588359212454,8.502556898974008,3691.0868936238467,3687.974162174526,200.09936365971996,[-0.29760907 -0.9433118   0.1469411 ],[ 0.70062722 -0.11125575  0.70480043],[-0.64849853  0.31270594  0.69402065]
7,-248.79097161019897,279.9354099639951,173.31020408793634,5.638568212410192,3.332167297318396,5.522642419033991,6.9820782992729855,1092.0253308244899,1092.014636909466,13.159515681883944,[ 0.26983787  0.66884378 -0.69270161],[0.7507939  0.30428728 0.58627449],[ 0.60290633 -0.6782752  -0.4200556 ]
45,-254.79437714761428,-257.13119916547606,18.25635634290133,7.781677817213894,11.696185261523759,14.182842760060653,9.786244616966542,2434.3449892906774,2432.960523460078,117.58553685963717,[-0.60509828  0.63381434  0.48180438],[ 0.37419625 -0.30774802  0.87479616],[-0.70273269 -0.70962704  0.05095316]
66,-360.48814243844924,-153.81623869074545,232.579198630865,11.826021645434821,10.86612190388729,9.549641963414095,11.34165948989548,3705.086699659694,3704.164160799156,120.58884418376616,[-0.55843664  0.05757064 -0.82754706],[-0.24968382  0.93966366  0.23385936],[-0.79107933 -0.33722075  0.51036816]
34,-440.81837014917426,-136.69470197149198,103.30563539353,8.203016584682466,11.105064897382764,11.076793456148113,6.958444037719178,2759.1992210644535,2758.48058512361,95.0575912109449,[-0.02479368  0.65255427  0.75733625],[-0.3614273   0.70047383 -0.61539152],[-0.93207059 -0.28897981  0.2184836 ]
20,-203.08302880456773,-186.0838463396346,11.957235240718758,5.442185594880486,7.3346076913896505,5.468723457803277,6.886957527484931,1233.6676181946734,1233.6086657373944,36.36339520578747,[-0.10586771  0.17838213  0.97824938],[ 0.66811957 -0.71587082  0.20284281],[ 0.73648372  0.67506206 -0.04339299]
47,-445.2220859108364,-73.14664633343938,100.4891426161169,13.587558084088595,14.873637336544192,15.757661685539178,12.398712020254802,3173.3871492614403,3170.611144474448,153.04394963272296,[-0.25254237  0.81013628 -0.52905723],[0.09149178 0.5643246  0.82046755],[-0.96325054 -0.15879844  0.21663669]
35,-100.93781049997794,-45.903759455394656,80.13671564551287,9.10658366353035,7.2435470488597105,22.096461761973888,12.269072386936807,821.8296559650628,813.4219609282188,129.6946277726137,[-0.39108797  0.91969923  0.03469189],[0.55676582 0.20640522 0.80461712],[ 0.73284515  0.33399134 -0.5927797 ]
21,-366.4100482117391,224.45677306163876,7.882000318562074,8.932621753791087,9.140149966189579,6.453201425112731,11.34941065550145,1970.3797256764183,1970.273234097763,40.080776425403286,[-0.38702199 -0.65471555  0.6492777 ],[0.35135637 0.54631158 0.76032385],[ 0.85250377 -0.52238991 -0.01860389]
73,-332.0249698155713,-200.3598592839519,89.40661021533474,19.917527552337845,18.40660867171739,13.821988106661077,15.086816589482204,3409.018974991174,3403.780867546158,226.62646291720998,[-0.02433249  0.44118999  0.89708379],[-0.55042307  0.74317552 -0.38042686],[-0.83453123 -0.50303234  0.22475784]
3,-290.67397387330533,9.348234126394695,266.01827042454835,4.721358411957811,2.2832974018010113,4.207283454851368,6.220538898538459,682.7630803218628,682.7539891279534,4.428829061304627,[-0.62165084 -0.41445592 -0.66466271],[ 0.26391421 -0.90975825  0.32045157],[ 0.73749544 -0.02379505 -0.67493279]
4,-275.10576086588185,-218.11551011488285,256.9976707646063,4.161938387560866,1.4941183859597258,1.9974734275937296,3.2038591630938447,870.2320215273659,870.2152178198794,7.274688489862627,[ 0.40229013 -0.8640402  -0.30265025],[-0.66206123 -0.04623817 -0.74802203],[ 0.63232712  0.50129488 -0.59064868]
44,-203.5061406172482,-148.31398795867307,76.238687417315,9.795727654523915,12.923182974630732,14.1310503687813,13.058265356749134,1749.6784810062327,1748.7572698027298,113.62052912144672,[-0.23185839  0.67780833  0.69772312],[-0.5908088   0.47169404 -0.65456069],[-0.77277853 -0.56398635  0.2910889 ]
18,-350.76577807750147,-36.29645905865064,11.065196946517359,4.173197627603997,5.027425164831933,6.177184142177722,4.2981245465565,1497.2457934072988,1497.0643608211171,33.4359352805533,[-0.10403102  0.84478332 -0.52489874],[-0.02748676  0.5251187   0.85058499],[-0.99419416 -0.10291499  0.03140828]
44,-386.1741126757241,233.50090105310267,130.9204482363425,8.973537325769849,12.123875872429585,9.552387611467795,9.214370021186063,3118.432474489333,3118.174832339135,101.11478259014027,[0.52305289 0.464428   0.71464838],[-0.22591473 -0.73295325  0.64167131],[-0.82181397  0.49707763  0.2784522 ]
118,-213.21801509619667,-110.31323164235572,153.24638718414704,12.623555518265471,18.287633937412167,21.633419121562866,20.988654224117713,3108.3758448966823,3105.985015953057,247.1271280719838,[0.17527511 0.66850019 0.72276285],[-0.64157236  0.6344003  -0.43118577],[-0.74676873 -0.38812853  0.54008583]
47,-243.1440075391817,-137.1616237954158,300.91437139430116,9.966828225941319,9.51554543324839,11.931467667687935,8.744993428247094,2816.2474443177625,2815.184513265718,109.56511313055952,[0.10031947 0.87227918 0.47860739],[-0.79958975  0.35694911 -0.48295297],[-0.5921083  -0.33423997  0.73327443]
2,-358.8897167931166,-106.15974304995805,168.5295867882267,2.6738738680612926,2.286429983194644,0.22088910920329852,3.0199766339719645,580.4935273417196,580.4878329544397,2.5712015654780984,[ 0.48491678 -0.49760708  0.71919601],[0.01827275 0.82793675 0.56052372],[ 0.87436938  0.25866567 -0.41057307]
13,-263.07349568608794,-144.607206440296,348.6938326012714,6.772807335577815,5.43656631418843,7.69071264029368,10.057021752138585,1659.4546244850399,1659.4078256782304,20.944548957242983,[-0.46218831 -0.63977743 -0.61405766],[-0.67784765  0.70134988 -0.22052418],[ 0.57175566  0.31431384 -0.75782734]
2,-337.49574241616904,181.53090785692297,30.860630097910885,2.222136301788197,1.712652897230143,2.676145386251184,2.5444675756154993,543.7357041251902,543.7199650766017,4.13709047708138,[-0.47892965 -0.86401363 -0.15526379],[-0.00400086 -0.17471742  0.98461049],[ 0.87784417 -0.47218034 -0.08022055]
33,-469.0338924715371,34.78486625327355,113.69092330068734,5.4233765551263655,9.595467532912236,11.60847094108747,4.349160669030191,2780.8329850138875,2780.0179823371404,88.62666558737287,[0.18860992 0.83047724 0.52415059],[ 0.15740643 -0.55239437  0.81858639],[-0.96935521  0.07188884  0.23490951]
70,-253.0770405376263,197.7339858852036,48.0738577587988,8.605680038829858,15.262838458236217,10.651031751784569,11.937836466337771,2721.187140122855,2720.0863606408325,138.66693990158342,[-0.20501505 -0.47028129  0.85837307],[0.59279853 0.63818629 0.49123127],[-0.77881881  0.6095521   0.14794426]
3,-150.4395485711284,162.80045705113605,217.15875423657727,3.27692371193908,1.512896313099724,2.492912378711947,0.46855132038439995,537.5195482411989,537.4894566966576,7.556200661741369,[ 0.34948098  0.84967309 -0.3948654 ],[ 0.80176424 -0.05313621  0.59527359],[ 0.4848063  -0.52462576 -0.69980759]
3,-285.3492159281158,-136.94434628234293,207.0007499058006,2.9517755309562683,1.780107909560794,2.7289271422673287,0.18083486194097448,655.0855278306676,655.0454087059592,7.607458457970825,[-0.02116686  0.84700239  0.5311675 ],[ 0.6559384  -0.38918967  0.64674277],[ 0.75451758  0.36210267 -0.54734347]
44,-204.53738768319215,129.4116535019384,251.8492433592334,8.174193366932561,8.144660621022025,8.21426106203969,9.241295215556969,2318.529813222212,2318.1720266490706,71.5377743831126,[ 0.44405122 -0.59754315  0.66765313],[0.67821689 0.71110216 0.18535252],[-0.58552571  0.37050762  0.72102964]
80,-135.31127283103132,-116.9865106743116,182.65513540266687,8.906632179783598,21.79483386825976,18.097885365657213,19.302384916344916,2299.5730036707973,2295.7255231766085,199.9244167620734,[0.45341525 0.55957312 0.6937525 ],[ 0.71970461 -0.68901149  0.08537233],[ 0.52577551  0.46058776 -0.71513568]
5,-147.9449600162273,81.69511308400156,67.4443125496628,5.65093880252918,4.6348363831243375,4.339788195234695,3.801138814511431,407.230995777128,407.06207824967515,17.065937852245746,[0.44188699 0.06154911 0.89495676],[-0.37852029 -0.89168907  0.24821966],[-0.81330085  0.44844433  0.37072821]
5,-146.81731280497166,2.1689488471265896,8.047717912621236,2.577850384478228,7.241524623475564,2.9137680535364545,2.4441376397696786,329.30591750122073,328.89846330097794,17.52422078607244,[ 0.04735394 -0.30786283  0.95025159],[-0.0308138  -0.95131628 -0.30667223],[-0.99840278  0.01475872  0.05453499]
56,-365.6544500811046,-299.44096343049154,16.94439584820966,14.56621604563476,21.27334845407314,11.885979179879337,11.713479068020007,3544.28641024548,3541.2243322285,193.43463759653994,[-0.00379443  0.06108101  0.9981256 ],[-0.63446488  0.77135763 -0.04961573],[-0.77294238 -0.6334639   0.03582689]
3,-304.14776370080796,18.94044440519592,198.70478522605285,1.363059330106046,1.1933372250310306,4.26158757786839,3.5077900861757865,630.1652877174726,630.1445890626829,5.227937557429444,[-0.13136998  0.94753862 -0.29139749],[0.5327794  0.31536896 0.78529519],[ 0.83599524 -0.05208637 -0.54625907]
145,-337.3898715110925,-162.01932826875125,150.82096757038306,18.8167354432227,21.000580283172624,20.30655614458046,22.15081925529884,4872.855343260309,4870.639726732237,320.5685356216129,[0.09683469 0.56313443 0.82067207],[-0.54063409  0.72205984 -0.43167623],[-0.83566609 -0.40188207  0.37437012]
16,-253.73937561438885,42.865513661638865,251.7831766912239,5.179295705234803,4.674814010845231,8.749753418784497,5.304145177020079,1440.6890383216503,1440.3353855308824,39.562301162817434,[-0.24981946 -0.96433308 -0.08747543],[ 0.6641119  -0.23638373  0.70928   ],[-0.70465993  0.11909847  0.69947833]
23,-308.9441493339084,8.375307755228517,354.2403062908633,6.165167543847206,9.171719736681265,9.286087121851004,10.253980862453782,2255.5304671995527,2255.202366788404,48.57249680077582,[0.75373386 0.00301255 0.65717288],[-0.00949203 -0.99983528  0.01547008],[-0.65711123  0.01789822  0.75358111]
32,-226.90887308254082,259.87766281020413,313.946563640351,8.886460344144222,9.367136104940338,11.246887840253036,10.204938141701529,2640.3845401641797,2639.4401243757998,77.6222658187815,[0.77838408 0.62622186 0.04432159],[ 0.3967473  -0.54540654  0.73832465],[-0.48652832  0.55711569  0.6729876 ]
38,-395.4627019815072,-86.00388960790065,70.77501895542757,8.424413548131234,18.591275095303462,14.133805840413473,9.036394086862801,2536.808063175878,2533.719078420681,142.31040933951317,[-0.26063384  0.53827823 -0.80145278],[-0.07511927  0.81632091  0.572693  ],[-0.96251083 -0.20946772  0.17232578]
15,-364.33823885810745,32.560697650860305,273.86897571925266,4.288649080030079,4.531638695381831,6.823600728970784,4.592573313619714,1770.0673856679853,1769.93170195675,31.159747009103672,[ 0.13867609 -0.94480653  0.29683257],[0.58745799 0.31977957 0.74339366],[-0.79728417  0.07128574  0.59937992]
56,-331.579246798423,316.98404494928167,38.5872404827191,16.28562141324945,11.480450344831238,11.052293483993015,11.577125449841578,3448.6155336392326,3446.43058836592,146.73890191430536,[-0.30365851 -0.42161884  0.85441738],[0.62343645 0.59021181 0.51281284],[-0.72049878  0.68839492  0.08362972]
2,-252.66034571824304,-145.33330111956013,25.98387001242212,0.5221106998876195,1.3103157695546486,6.99724605903106,0.8210308059979923,413.9689147581078,413.84744797369837,10.027571573549617,[-0.47369304  0.85857469  0.19612347],[ 0.17369717 -0.12723901  0.97654469],[-0.8633911  -0.49664851  0.08885976]
6,-236.1592044153862,-155.6494391378607,40.130218413171626,4.527867472919943,4.749789007692814,7.474055387277589,3.1042870060951646,700.1354015599077,699.8332332777434,23.047213508847197,[-0.50610038  0.61089437 -0.60882713],[-0.24573378  0.57451389  0.780736  ],[-0.82672686 -0.54474018  0.14064432]
6,-319.92133213116205,170.9808465388677,93.10220711407779,6.7476860044844855,5.632377644405893,2.916276818263355,6.253851185516973,917.6146116558931,917.4722152459768,16.817531566725936,[ 0.07365289 -0.36715351  0.92723975],[0.51457021 0.81043288 0.28002865],[-0.85427909  0.45650503  0.24861698]
12,-287.81680283865194,-292.3589472743634,172.37136505842454,4.918176789554789,4.220742287902292,5.617499224083042,4.494135049228438,1541.7460140883898,1541.6625174502226,25.3184025494869,[ 0.68114584 -0.72607271 -0.09412099],[0.34306726 0.20295251 0.91712329],[ 0.6467961   0.65698455 -0.38733203]
36,-204.2086966315351,48.00854534025761,149.290246212196,5.937306549212587,11.853161860085738,12.054198577258576,10.668524357890387,1547.5079501354048,1547.2596411584702,86.37715404828214,[ 0.53748405 -0.23517005  0.80981846],[-0.28838773 -0.95368491 -0.08554303],[-0.79242881  0.18756369  0.58041059]
4,-349.8114927465565,-114.37242291638434,266.08097801148625,3.9678968545531785,4.461295541916816,3.8505911648396927,5.557497078646416,908.4010270115746,908.3609238282612,8.806193202504918,[-0.39365105 -0.53502279 -0.74752221],[-0.50176729  0.80641177 -0.31293713],[ 0.7702392   0.25189417 -0.58590178]
34,-413.1072860240254,-94.72500500074825,219.42058395458977,8.601058518122086,10.286884418843584,9.647379402133662,8.582608058086679,2783.9959471744173,2783.86279220142,82.38580654160882,[0.04191245 0.88603094 0.46172775],[ 0.49904533 -0.41892218  0.75858946],[ 0.86556173  0.19862874 -0.45972766]
40,-205.36889043038718,-166.21192500850262,266.7897101150022,9.287763792528962,13.224656253946328,10.437970886259555,13.648041691529345,2377.283121966562,2376.809885969346,85.26967575963359,[-0.82262351  0.12655587 -0.55432316],[-0.15567021  0.8875342   0.43364712],[-0.54686135 -0.44301992  0.71040552]
8,-417.31323985765135,125.64906213063287,53.86480721820844,5.95541763128763,4.871033726921954,7.031781835304693,6.531424067584811,1242.3659207267594,1242.242744558311,23.005049541321767,[0.3100386  0.9058481  0.28864389],[ 0.02852443 -0.3123306   0.94954513],[-0.95029597  0.28616224  0.12267334]
8,-246.99917389181718,27.971746876570457,79.45754286170907,5.993766351654173,2.282922983003027,5.4663592420028175,5.640953599619391,738.4935900392409,738.3234299993325,17.72583946017683,[-0.05919694 -0.98487739  0.16282582],[0.31722204 0.13609728 0.93853487],[-0.94650193  0.10721033  0.30436827]
11,-240.21407791448303,243.21368143325262,116.98611651452794,3.4517973217203375,8.952600498077858,6.898902918407953,9.103722365556566,1198.9165564773596,1198.7298028835492,25.106450249852816,[-0.27691317 -0.6246406   0.73016657],[0.69402123 0.39553097 0.60157276],[-0.66457026  0.67333452  0.3239861 ]
2,-304.6681676727118,144.59594022489097,224.57878222561732,0.7973866789232886,1.1397103038241312,3.043549568517861,2.693258319407846,573.022697120415,573.0158143322649,2.8085477183763294,[ 0.2288266   0.92981656 -0.28823524],[0.61826372 0.08989164 0.78081334],[ 0.75192311 -0.35687625 -0.55430225]
5,-409.9789272511442,214.28060888559176,45.051780265719984,3.708972573664139,4.774837179655353,7.304091094513917,5.368826865295462,1039.5024033040622,1039.3814797701614,17.480742958470035,[ 0.42579909  0.86815903 -0.25494123],[0.20172339 0.18358509 0.96208325],[-0.88204468  0.46108178  0.09695762]
2,-325.91266896243997,215.41595761403858,6.859896042715651,0.8339177919213228,0.9941881097124821,3.497664624682924,1.1822369827327748,552.6012635624697,552.578607389477,5.003913103183191,[-0.54991507 -0.82866609 -0.1044314 ],[-0.04304902 -0.09674697  0.9943776 ],[ 0.83411042 -0.5513189  -0.01752935]
29,-216.65633897224367,155.4231259183312,302.83120806943424,13.520909143144557,8.694333729572428,14.181930832356166,18.817843214296175,2175.6910238818004,2175.4328014007283,55.59675770928442,[ 0.68521397 -0.31964317  0.65445402],[-0.4917995  -0.86583099  0.09203232],[-0.53722907  0.38492199  0.75047984]
2,-236.57415574947368,77.78993433888526,140.56684523740466,1.7603689623111762,0.9004788612584917,0.021395552979228682,1.2218572223766557,404.4293591020649,404.4233822526922,2.1987248576566496,[-0.28843806  0.54517226 -0.78714084],[0.48207956 0.79296945 0.37255703],[ 0.8272864  -0.27200488 -0.49153897]
10,-380.2085244160309,-108.90595776701477,188.05888869975917,8.432579938335264,8.078849860088548,1.5068255096677856,8.17757978757076,1385.3105520642134,1385.163691547576,26.695743196762603,[-0.49093539  0.30575932 -0.81577796],[-0.07172806  0.91902338  0.38762239],[-0.86823818 -0.24881171  0.42924957]
58,-317.5078352542617,-316.75376168557574,61.23342800315746,8.689031722382605,18.857399799857685,7.693223848432727,15.916802281351798,3451.021239390302,3449.80630255503,117.60842604985528,[ 0.3813796  -0.2081663   0.90067552],[-0.6026115   0.68285926  0.41299226],[-0.70100569 -0.70026425  0.13498518]
21,-470.547428008652,25.990866637718973,63.53095080605962,6.55668637622018,13.481249022499343,5.901446412938437,7.13816271260484,2180.2389736461732,2179.541564564187,66.14296825348232,[0.13839619 0.09501269 0.98580885],[-0.04145889 -0.99395917  0.10161857],[-0.98950879  0.05493416  0.13362105]
6,-336.0210994155712,-42.95607478951134,309.63989869963376,4.28320274304735,3.5086791019001424,7.139282305319369,5.882617252370782,1124.3668935139442,1124.3153550278294,16.757955236124292,[ 0.17986304 -0.98191907  0.05902731],[-0.65701377 -0.16457429 -0.73569573],[ 0.73210805  0.09354272 -0.67473518]
8,-270.9318735743442,10.882269880933825,290.72321222598396,8.214823161370388,3.3850466817007354,8.04259746309964,9.917763738621067,1124.9026641682913,1124.8147868375834,19.066617523384934,[ 0.12346293 -0.9806719   0.15178775],[0.72130234 0.19373349 0.66497389],[-0.68152758  0.02738524  0.73127984]
2,-313.89021242059033,52.02019285629372,299.44792484861193,0.27763202602068304,4.126063260724553,4.4741152313277155,3.7568358191575726,617.9633400114701,617.9261166702593,6.78262006490858,[-0.47852967  0.63049144 -0.6111382 ],[0.50494071 0.76699933 0.39591274],[ 0.71836219 -0.11913256 -0.68539273]
6,-170.05955077400387,150.51320708977286,103.50953914429384,0.6258106390886443,4.597189157765463,3.2993879576011156,2.343145556834018,611.4880403336892,611.3704230286102,12.725387693365874,[0.71716328 0.43679882 0.54303188],[-0.14641892 -0.66737455  0.73018676],[-0.68135038  0.60317327  0.41466091]
2,-223.86498489142858,-264.55412554409395,268.28107598995496,1.0203239495495495,0.6498006681045183,5.56550855015314,3.2777455161863998,619.8573879925282,619.822391625007,6.586675123026784,[ 0.63589819 -0.74446075 -0.20349861],[0.57859281 0.28536002 0.76406807],[ 0.51074832  0.60361233 -0.61219956]
5,-210.17199366761406,-101.83098673120551,267.2287126609823,5.636951404450918,6.777415047688001,1.711760096031835,2.7048636370167416,793.8273515801341,793.6044680642545,19.143867158881577,[-0.64394269 -0.39320949 -0.65629575],[-0.48429322  0.87357636 -0.04821216],[-0.59228194 -0.28679372  0.7529618 ]
9,-213.5372827134002,-240.95978121420774,342.7514272820081,3.5122525895883046,5.9631974750042,12.996248909905404,11.22319541642169,1411.4175655300885,1411.196739355651,28.574324243637303,[-0.75486597  0.65581526 -0.00914901],[0.47344511 0.55449919 0.68438321],[-0.45390207 -0.51228605  0.72906509]
30,-378.85390263889474,0.8620585460731586,118.28804870619982,11.946072743546797,7.032262138404582,11.585026932484134,12.722727105512934,2175.897492245589,2175.1978573616548,70.3700701971337,[ 0.12122849 -0.91030333  0.39579224],[0.27244564 0.41393408 0.86858042],[-0.95450355  0.00253518  0.29818878]
2,-264.8945750707227,212.30772866926748,116.56370577272384,2.195777496152772,7.772547546536643,1.6724024501269457,2.433260620561441,507.73779832154145,507.61546770498614,11.14489977767349,[0.44581538 0.06613105 0.89267874],[ 0.50665457  0.80349916 -0.31255437],[-0.73793617  0.59162131  0.32470668]
5,-142.47496259544496,-74.43091500553737,14.795330310100159,3.9933701626098594,2.6273407623896037,3.64933410927901,3.6637271657869666,361.19435786365284,361.06134239243187,10.714348334021144,[-0.39061995  0.61073072 -0.68878446],[-0.26127977  0.6439035   0.71911137],[-0.88269413 -0.4608647   0.09194997]
5,-173.53981813087748,-151.70771903831837,113.54902543071412,6.234570766921139,7.266563920458793,6.502254681180614,10.560629484861852,575.1351183536967,575.060722570007,10.540354891197312,[-0.73426187  0.59515229 -0.32657809],[0.07022231 0.54506972 0.83544469],[-0.67522465 -0.59050211  0.44201688]
6,-127.87387765795546,-14.332870246850463,117.65996858474091,4.818093416035556,5.740051529150989,2.145453798416223,5.091366703842618,427.48726788586436,427.2996380918948,14.531789448945572,[-0.67937713  0.11584734 -0.72458686],[0.01824007 0.98982004 0.14115096],[-0.73356255 -0.08267822  0.67457416]
2,-324.4066891998312,183.45906302947776,312.9938360129659,1.32402992328673,3.166050993833167,2.1220666233244287,3.4407137324613473,688.2998609447021,688.2934085727144,2.9803174077615338,[-0.58658652  0.26714281 -0.76455934],[-0.46002943 -0.88685846  0.04306952],[ 0.6665502  -0.3769838  -0.64311277]
3,-337.20154209117146,-218.55982014683823,127.68951214724446,4.413423928169646,2.6336110864418254,2.5118922900333693,5.344260289353834,730.3641065969861,730.3556376554068,3.5462893083811435,[ 0.42475997 -0.845062   -0.3247294 ],[ 0.42424844 -0.13106413  0.89601086],[ 0.7997451   0.51835549 -0.30284544]
4,-293.95522026579795,133.35666239719373,126.96234578341497,2.9924509609595193,2.6891140622765515,7.7254766691190335,1.1727838487265494,693.9163979862154,693.7534298130029,17.263525615710247,[ 0.40752786  0.9130619  -0.01545976],[ 0.34018163 -0.13607925  0.93046166],[-0.84746534  0.38444817  0.36606298]
2,-141.7262759365523,-140.98820338420072,80.1241804283932,1.713915490825059,0.3901028109106619,2.435470039275124,2.2892163216675954,304.60766987879737,304.5952607618999,2.749485475611896,[ 0.74536893 -0.49635565  0.44503509],[-0.10661231  0.57022436  0.81454158],[ 0.65807216  0.65458021 -0.3721099 ]
2,-372.49864572951725,-212.86045882718963,170.08336504406287,4.263411547989676,0.1638020970627423,3.6098858802129854,4.695833831516495,652.7241405867886,652.710073193317,4.285330411540394,[ 0.56935265 -0.4429924   0.69252819],[-0.15609859  0.7688155   0.62012576],[ 0.80713741  0.46117292 -0.36857665]
2,-251.7967550347014,111.91280709277538,95.27507972685837,2.9611205911440663,3.3589899598768724,1.609786206032524,3.320406056317836,412.37377587495627,412.34561029392563,4.819616239779304,[-0.50336814 -0.69183664 -0.51767034],[ 0.02725855 -0.61152163  0.79075804],[ 0.86364199 -0.38393145 -0.32667897]
11,-247.33666277137638,-182.0869369563264,143.06970194602704,4.4470531927608725,5.337006355024489,7.641169351344688,4.212221779844552,1124.0816021065755,1124.0150939067867,31.260781847986067,[ 0.62914181 -0.76976074  0.10793045],[0.26714347 0.34452861 0.89996356],[ 0.72994175  0.53737179 -0.4223939 ]
15,-95.24855739369453,-84.73056747038211,90.24687683560676,5.012602705060742,8.955582726778486,8.237175846265716,7.3472796142164505,606.8296557611849,605.8757146306463,41.826362061566364,[ 0.71652698 -0.06389518  0.69462688],[-0.33973281  0.83774813  0.42750403],[ 0.60923781  0.54230571 -0.57856184]
10,-219.33051150997835,-199.71440732848635,182.06974631198545,3.407643877685263,8.069736184921384,5.781899374079388,4.148660234225806,1101.0178452347573,1100.8425481094037,30.50992379595177,[-0.71307026  0.16086182 -0.68238865],[-0.30749074  0.80295547  0.51059961],[-0.63006368 -0.57392159  0.52310015]
17,-302.0886005391057,-240.74891771867763,246.22992891819916,8.140614717154461,7.922403843690754,6.219681439284531,8.261207446717346,1889.4585012707319,1889.112209606485,41.14953773053017,[0.25571325 0.51559979 0.81778212],[-0.70694615  0.67672199 -0.2056076 ],[-0.65942238 -0.52555133  0.53754807]
2,-152.50034555303438,108.34457827926133,8.077114524684148,0.3059731044203886,1.5226025769734477,0.5038554252248568,0.6535366822253081,264.81241898290307,264.80396515193326,2.115960157996452,[ 0.15095721  0.28308918 -0.94713908],[0.56027664 0.76486867 0.3179088 ],[ 0.81443355 -0.57865053 -0.04314581]
4,-300.05010383475286,211.66102384386147,196.1188542908476,2.967050182241338,3.276877007198405,1.3268894675801548,3.0353844291669283,832.6184524186658,832.5941672452441,6.953531326631801,[-0.23430608  0.46092137 -0.85595102],[0.65236502 0.72733384 0.21308535],[ 0.72077773 -0.50846531 -0.47110772]
10,-279.60280720185006,-272.7926407177078,247.58411504883028,7.251778737431763,4.371216178612754,5.340534416362171,6.147145990005543,1462.781275156717,1462.6958473517682,25.002296908944928,[-0.30179654 -0.45237965 -0.83920886],[-0.73712595  0.66896947 -0.09552582],[ 0.60461904  0.58977327 -0.53535345]
2,-294.78249057845346,34.265569461795515,233.44493925887434,0.9975341430929632,3.142261723842518,2.6059387487811563,2.6750103503252944,534.013193596613,533.9935250592318,4.583244491545731,[-0.52647307  0.43745265 -0.72901391],[-0.33666716 -0.89464501 -0.29370995],[ 0.78069285 -0.09080466 -0.61828245]
8,-313.5779985218777,93.6462267651454,267.93739956723624,5.49116365702881,4.827429936371658,4.7186246492219555,5.47726205984471,1196.5229062051285,1196.4283475372476,19.0613394494547,[0.58022539 0.68573973 0.43943091],[ 0.33709417 -0.69335312  0.63689007],[-0.74142162  0.22141019  0.63345995]
28,-416.13672454565506,-112.37094574608341,123.02286626504345,12.257719608748028,7.014778932006186,8.21274817029536,13.203395269856902,2373.3899038232416,2373.0848786294123,51.05462492741601,[-0.07369232  0.84773623  0.52527395],[-0.3643916   0.46739929 -0.80545432],[-0.92832548 -0.25076122  0.27446422]
9,-279.802356077062,-200.29858719425863,226.5551442679811,6.8069773060148115,5.235086848282882,3.6159822896482416,3.923647710334534,1236.1919066187347,1236.1220919519124,25.387499011433206,[-0.42443031 -0.35103594 -0.83464524],[-0.5987565   0.80028726 -0.03210847],[ 0.67922718  0.48612146 -0.54985123]
8,-315.2761632700125,-85.64684712411712,311.7690176166474,3.079410514484596,5.532446334517789,4.762431866120628,3.196264424777741,1277.4642903343392,1277.3487637931305,20.475758485749104,[-0.64929659  0.57403749 -0.49889367],[0.30169696 0.79656439 0.52389324],[-0.69813529 -0.18964739  0.69039191]
52,-275.34364842779456,-111.67228506044313,117.9568425766522,13.7103550321868,11.908173491677353,15.791190122380398,10.634229872001095,2311.037625149509,2307.266004161192,156.5818800009275,[ 0.45292548 -0.85668388  0.24688305],[0.22872186 0.37929891 0.89655934],[ 0.8617104   0.34960702 -0.36773647]
6,-422.46031094917765,177.0866100519853,80.61412779744823,8.390375777503753,1.3607939717509696,2.9013761134328555,7.072646414665149,1139.5039674359393,1139.423646011281,13.590936305648379,[ 0.17416523  0.72086697 -0.67083328],[0.38020199 0.57919084 0.72109945],[ 0.90835727 -0.3806426  -0.17320015]
3,-254.4220202422292,-2.4374556749854386,89.3102645935469,2.233484154606727,3.1655898546164134,4.781386038061743,3.492293570754408,467.1721235962719,467.0939577332708,8.811445869614262,[0.19611852 0.79051927 0.58018688],[-0.2672428   0.61236908 -0.74403319],[-0.94346108 -0.00913208  0.3313575 ]
3,-141.73146651364462,-39.79307066969199,55.614755576697895,1.9350069931407268,0.8920145639459837,3.684967671099945,0.546896528726835,272.6631019714996,272.5725965564992,7.3153721811227035,[-0.25961662  0.96527495  0.02904273],[-0.34840079 -0.06557121 -0.93504936],[-0.90067536 -0.25287286  0.35332593]
5,-258.03306593380694,263.6705362292946,229.6515868874275,7.54435911003116,3.205373731823931,3.549069178695074,5.423465383603334,971.906705872013,971.7886349572649,15.897868607309773,[-0.4825131  -0.79410699  0.36956081],[ 0.64379307 -0.03545428  0.76437784],[-0.59389527  0.60674301  0.52834773]
2,-281.7924294489612,-12.891726966656087,146.31993400807107,2.145947418013634,0.18862968774542122,0.4392648504933021,1.7083170904722351,449.41634734874907,449.41208587450876,1.95712396504753,[-0.07563634  0.99544955 -0.05795987],[0.45598005 0.08622207 0.88580356],[ 0.88677017  0.04057039 -0.46042666]
14,-161.56857473584864,-179.8890249998498,203.76949769071703,5.037351314345215,8.692445510050094,14.79836106363282,14.206944092314544,1184.9602599696827,1184.397398002982,40.634391966436986,[-0.66146031  0.73892611  0.12829053],[0.54957699 0.36116855 0.75334083],[-0.51032871 -0.56881058  0.64499545]
3,-209.9386208505572,-184.0225941183688,145.79660839553353,1.1537826094829493,3.7186282613047275,1.0644264870651396,1.1966242751645193,545.5576375711308,545.5192689493393,6.670076458943801,[0.55929143 0.01855848 0.82876334],[-0.49285362  0.8113113   0.31443487],[ 0.66654963  0.58431974 -0.46290607]
7,-194.61943567389764,220.93685396076643,284.33092229124173,3.602970459542966,5.165492912065909,2.4453533028752363,4.754152029325527,1083.0577049041847,1083.0225628849487,12.713235945110048,[-0.86245985 -0.44168637 -0.24713593],[ 0.17338448 -0.71658201  0.67560938],[ 0.47550062 -0.53983643 -0.69460477]
6,-241.2610799569142,-262.74510297352623,238.8092239834419,7.159753116759734,2.9950538770556725,5.756599642581053,4.690071130014383,1051.7257128768515,1051.5822033682746,20.71869283056016,[-0.52265418  0.78413145  0.33461989],[-0.64098989 -0.1026431  -0.76065522],[-0.56210725 -0.6120476   0.55626717]
2,-391.9448187616591,-255.31882589033614,65.90212730187531,4.41585764335511,1.9265025961584996,1.1877550922477766,2.4568222188147786,668.0960352586756,668.0682168341351,6.0967191521715645,[-0.08656743  0.37149244  0.92439139],[ 0.55140565 -0.75492322  0.35502498],[ 0.82973362  0.54044824 -0.13949127]
27,-241.25835877454324,-7.157347394398239,135.51306369846426,5.612358327178454,7.406848183656963,12.247221169088533,9.146065075905259,1440.0863182168057,1439.5549831846347,64.10245905521676,[-0.18601174  0.94165343 -0.28051461],[-0.45438466 -0.33557587 -0.82518084],[-0.8711683  -0.02603179  0.49029392]
2,-354.809653397431,-73.02456343800428,124.92630555118939,2.182931128000604,1.2199416277263282,3.5054297897340803,1.1108673482513893,541.9365282242577,541.9045915015004,5.883394713389681,[ 0.25618238 -0.95128755  0.17153012],[-0.27742309 -0.24234428 -0.92968042],[ 0.92596275  0.19058133 -0.32599347]
3,-260.14432700468916,-252.32116956875515,180.88515645478515,2.8536168450410773,2.0442549027574666,0.7206086599790874,0.4215251708810169,701.583699489181,701.5570154490476,6.165618802271128,[0.15210552 0.46746292 0.87082853],[ 0.75123714 -0.62723169  0.20548276],[ 0.64226682  0.62294367 -0.44658091]
4,-320.9577873751415,84.7852618083129,34.30941400874333,7.277735983952472,1.7239308510215863,3.9714440639506328,7.6628754354179955,667.6802101694676,667.6539883911339,7.182548039125575,[-0.25683874 -0.96633658 -0.01508243],[ 0.09569961 -0.04095867  0.99456723],[ 0.96170445 -0.25400001 -0.10299781]
