N,MEAN_X,MEAN_Y,MEAN_Z,SIGMA_X,SIGMA_Y,SIGMA_Z,SIGMA_R,LAMBDA_1,LAMBDA_2,LAMBDA_3,EIGEN_1,EIGEN_2,EIGEN_3
7,-468.4725202031944,107.88218604563392,11.402362887011586,3.183306728021297,6.009538892967215,3.0365088634638395,2.595840994939119,1272.3873460229254,1272.304236031143,18.44125505503624,[0.04415396 0.08664434 0.99526036],[-0.22121872 -0.97065273  0.09431628],[ 0.97422416 -0.22433466 -0.02369081]
411,-345.4720184420283,-19.368436921993187,239.9897129244618,25.412976757301294,47.236238385597424,37.3247510229273,34.74309043385259,8626.143277496729,8577.678508616978,1131.883007946747,[-0.54956569  0.33875189 -0.7636915 ],[0.16413096 0.94007094 0.29887731],[-0.81916945 -0.03890729  0.57223041]
15,-399.62848352737933,209.89660128030133,80.85382964886116,8.77966699835192,9.861554001304953,5.435106879529759,12.497555166868237,1776.9055622239002,1776.772644091978,26.59483172819064,[-0.09411672 -0.50879841  0.85572555],[0.48163092 0.72899239 0.48641727],[-0.87130575  0.45792388  0.17644267]
180,-135.0274758835677,112.03251662484257,158.19810623310545,24.05266761186344,19.2097645000172,33.05869585338188,39.63752264810388,3223.2002494892117,3218.355857012588,281.8549970552966,[-0.63547321 -0.77211753  0.00288538],[ 0.52048395 -0.42560585  0.74024058],[ 0.57032469 -0.47190485 -0.6723359 ]
108,-245.3222235834185,12.320965967303373,18.97198098244367,12.139213623983999,24.217939599990142,10.969829116604185,12.012200203769554,2576.167793536493,2565.530049973497,275.6565141538458,[-0.0853275  -0.18304071 -0.97939538],[-0.03474547 -0.98183582  0.18652392],[ 0.99574694 -0.04994517 -0.07741776]
47,-302.0449022742834,79.53047196340778,305.5494931171814,8.900008241602295,17.785097436027378,10.560136910782711,8.49866868575505,2998.685299686036,2996.8761582318925,143.0107717986294,[ 0.64630828 -0.27727108  0.71091937],[-0.32341666 -0.94336608 -0.07390608],[-0.69114924  0.18215705  0.69937939]
115,-132.42993522184764,-119.97584005639493,30.103463803138666,16.032535756222504,16.311354116552398,17.644272540554567,13.71737915078796,1962.2799296262926,1954.7128515893623,270.62399223730677,[-0.35447905  0.57652347  0.73618292],[ 0.58397885 -0.47838892  0.65582981],[ 0.73028304  0.66239318 -0.16709866]
9,-361.07806262377295,201.7015477218369,197.4351410144066,4.514878461050241,6.219475916051597,10.664496263369672,4.1456627191554,1375.4251200903316,1375.0153585978449,37.36516669385167,[0.56951196 0.78688114 0.237643  ],[ 0.23441238 -0.43258113  0.87058854],[-0.78784958  0.44010412  0.43081481]
20,-362.9853028100927,141.14793456728103,225.83855636101188,9.159106824559561,5.651029399951984,7.270508034547547,7.879774204959889,2014.0399165185083,2013.8561815795024,46.24675156459208,[-0.35800103 -0.93368697  0.00799363],[ 0.47080029 -0.17311132  0.86508933],[-0.80633886  0.31346627  0.50155413]
7,-252.95705142744484,42.84480455912387,243.50842053724156,3.63128793565108,4.069685026792209,3.6850082930970336,4.026473437529609,936.0049806106159,935.9388177783673,13.782892626001242,[-0.60269218  0.39210007 -0.69499617],[-0.35404662 -0.91192677 -0.20746218],[ 0.71513154 -0.12102522 -0.68843284]
72,-365.47447848553907,-155.64291966051618,233.29731895605426,12.550785547209738,13.104539068059875,12.090575756944284,12.399099022456516,3912.454121524687,3911.2695410829565,152.9208148771086,[-0.59367812  0.61311314 -0.52118957],[0.13432483 0.7140978  0.68703797],[-0.79341233 -0.33787071  0.50630056]
6,-376.76000840623163,204.4998049480928,145.2587682036321,3.0806294430516363,8.116086568122945,3.3742419847683616,4.66188614482808,1108.9244824427883,1108.7641589073476,19.750916783695263,[ 0.1830763  -0.32242126  0.92872364],[0.5231817  0.83175962 0.18562553],[-0.83232444  0.45190758  0.32096038]
22,-266.9331148038135,43.220593553648314,201.8062582385377,7.755758256569191,8.880415999128488,5.682847481952015,5.378682434073856,1583.407785530243,1583.1896185453306,56.02865678256875,[ 0.55129788 -0.27395835  0.78804662],[-0.26463812 -0.9531954  -0.14623679],[-0.7912252   0.12792715  0.59799442]
30,-341.76690732532495,246.98944517594748,61.1071993445532,9.951457682709188,11.02390537245984,16.692517435605392,11.308496792743282,2336.740653201061,2334.7398716624284,105.51979242896456,[0.59535187 0.75811447 0.26611766],[-0.04610519 -0.29843196  0.95331667],[-0.80214118  0.57982827  0.14271902]
19,-182.98604016550934,-33.41831641713184,140.10162513038244,10.80274300476109,8.824777138083379,11.05086096985352,13.198586412056263,1017.4568171309998,1017.2781133628384,51.65940812313774,[-0.57549051  0.52687317 -0.62547208],[0.22728588 0.83772608 0.49654419],[-0.78559009 -0.1435955   0.60185425]
8,-287.13594013635435,-196.05766259911096,231.6405019511983,2.9664057862415825,5.110005146126314,3.041057859194565,3.721339376989118,1181.789624868955,1181.74650830261,15.577736149216767,[-0.47902963 -0.28097411 -0.83161539],[-0.54608277  0.83713053  0.03171877],[ 0.68725848  0.46932507 -0.55444545]
89,-374.85895160123073,167.50722955002567,29.13449220536136,13.902479567470884,18.238884838985296,12.592196766265884,16.941689421237665,3889.526259833862,3888.0264234803267,186.10153254113607,[-0.16843013 -0.52058718  0.83703063],[0.37788311 0.75018412 0.54261233],[-0.91040411  0.407692    0.07036749]
211,-240.02431340581407,-205.6883187551018,308.9884387453742,25.634544766093462,29.44273349652149,23.88914758939277,35.34983477700515,6450.400199764137,6445.979446314096,426.125359069274,[-0.68254314 -0.23924578 -0.6905768 ],[-0.48906102  0.85167924  0.18831299],[-0.54309684 -0.46626594  0.69831361]
143,-299.2453859612791,190.45465249852634,214.29544610095994,31.156709046025192,33.99429748300396,13.83148405561807,35.46931907386012,4985.771080175247,4976.912829407937,392.255962634939,[0.65476854 0.69614302 0.2943859 ],[ 0.22093366 -0.54875524  0.8062605 ],[-0.72281843  0.46287425  0.51310909]
13,-414.10628928816834,183.09328984032103,96.29376397706235,5.487420295073194,16.264343738979278,8.085346597262378,11.921007175822544,1670.2689396970425,1669.7324124747608,53.16827946330576,[ 0.08629235 -0.30379259  0.94882226],[0.4391185  0.86647201 0.23748938],[-0.89427545  0.39615189  0.20817085]
96,-335.0008951141801,309.8538649680867,41.49403504730073,12.730844473747686,13.031269048950842,19.141066057575625,10.601508611233637,4495.035806956249,4492.719581905164,236.41434407130964,[ 0.62088321  0.71435169 -0.32280907],[0.28283839 0.17991505 0.94214278],[-0.7310995   0.67626344  0.09033985]
5,-414.34721526647445,-221.42968002869407,5.067795516267014,2.7290310236610424,6.124630108658925,3.4899853770506026,3.866009606796255,1050.688811191062,1050.6271141453765,14.528646310591867,[ 0.17567395 -0.34976617 -0.92021861],[-0.43752216  0.8096254  -0.39125575],[ 0.88188039  0.47134948 -0.01080036]
305,-399.2450903919672,100.75950538835085,150.46037943688626,23.766154659973466,20.938773362342555,34.66695916860744,21.91624186257615,7693.915988499739,7671.416856416569,729.6910457644348,[-0.13057904 -0.94787453  0.29065957],[0.39216048 0.21987977 0.8932318 ],[-0.91058183  0.23062255  0.34300724]
16,-202.3634153332967,-191.90289322350756,10.634743619405397,7.3627651100278815,8.66528516803601,3.3345388637203217,8.890171256920887,1117.2820680125665,1117.0021713429041,31.383177571336528,[0.01702648 0.03735795 0.99915689],[-0.68855221  0.72502377 -0.01537474],[-0.72498686 -0.68770991  0.0380675 ]
114,-181.9884268181482,42.2230647951868,72.99811068474018,23.7614476985306,23.14460367602962,17.140532498246102,28.50583266265836,2174.388271672059,2168.1220161870883,248.7332851501179,[0.41963696 0.32227508 0.84855383],[-0.06843681 -0.92095335  0.38361613],[-0.90510841  0.21905182  0.36441058]
5,-118.17358104456665,54.80005453029916,23.401399142833462,3.4078397487687306,3.0840695068958746,7.441967253241529,2.0263615714946717,296.5697560567932,295.9836087669914,19.021766927910583,[-0.31272961 -0.85275658  0.41833767],[-0.32384015 -0.31831596 -0.89095595],[ 0.89293211 -0.41410284 -0.17660999]
153,-314.43160319493546,-256.4371884801083,171.07054146662514,27.329474983529163,18.09725165372559,25.182541255364903,30.64538802095091,5467.725120002113,5462.492462695607,345.0415896911836,[-0.36917529  0.78548725  0.49670856],[-0.59463445  0.21109969 -0.77578785],[-0.71422649 -0.58176172  0.38914499]
13,-383.6547167005166,-261.9130005530832,110.4536023328998,6.064472422837983,4.207216122635422,10.64887501664838,4.878197743241772,1722.1266264186108,1721.7732988006405,43.18271729095093,[-0.56595879  0.82435663 -0.01125983],[0.18451776 0.13996751 0.97281154],[-0.80351966 -0.54849361  0.23132428]
3,-335.3896103530856,-232.14449216522112,113.30255387522107,1.829848655693114,4.637474606375169,2.2835406797412614,2.69906573921399,733.3004178797034,733.2606449449669,8.251442423386749,[ 0.53398589 -0.41081948  0.7389766 ],[-0.2953261   0.72833848  0.61830863],[ 0.79223832  0.54840716 -0.26759676]
42,-443.3951722980967,-136.3765104107976,100.19622507662301,8.700323375161943,10.226594880261008,13.30254819112575,7.381842389501099,3077.558617535743,3076.650257011605,113.0561141579351,[-0.12866304  0.82403258  0.55173918],[-0.33252631  0.48830501 -0.80683609],[-0.93427623 -0.28727777  0.21118571]
5,-254.83852548297733,-200.1997443420048,288.4376960768181,5.036194764099206,2.6327187594238906,6.762560616931155,7.289860012268668,970.2948432321566,970.2433842594656,11.185778780806194,[ 0.77008306 -0.57126407  0.28395324],[0.24882097 0.67882011 0.69086278],[ 0.58741825  0.4613682  -0.66489035]
73,-333.8362519273803,-204.88518980879726,88.5317002307634,19.04793033727808,11.176379927204943,12.722255841491396,14.30564447666195,3436.6347710044624,3434.552246041805,180.41539942603634,[-0.08930311  0.5145338   0.85280708],[-0.54787221  0.68967518 -0.47348092],[-0.83178182 -0.50951262  0.22030863]
124,-342.2883893956385,-160.8510769860763,155.0642652424651,23.114303101259324,16.200969871409978,11.43407897937767,18.445887966208346,4562.968540403418,4557.790642728216,267.49444783729,[0.08105163 0.59650531 0.79850613],[-0.53973394  0.69978009 -0.46796913],[-0.83792476 -0.3930512   0.37867248]
8,-99.48430351238142,3.8330017071634845,87.6546127330121,10.166110930366528,5.488230440665002,7.565076036301781,12.551332836061354,377.1427688190057,376.9224878042087,16.321114298832505,[0.65705997 0.14417314 0.73992317],[ 0.07145829 -0.98903314  0.12925617],[-0.75044381  0.03205541  0.66015645]
81,-49.33535347723079,4.326556919448433,17.039308611917583,18.79197123093285,18.94047110422031,12.170862572004616,18.572410648261933,532.6466776643596,509.8553286221114,200.07036188830998,[0.32557636 0.40757326 0.85316122],[ 0.03244612 -0.90660819  0.42072419],[-0.94495888  0.10929608  0.30839436]
7,-236.78499215710397,-260.4663297188858,229.72364820464344,9.049404012301473,6.870091580442463,4.505036252703264,10.670068192601109,1112.5684574070312,1112.4726024846498,15.705828229539886,[-0.01443944  0.66868389  0.74340659],[-0.82603137  0.41097438 -0.38571003],[-0.56343915 -0.6196466   0.54641963]
3,-152.28687763159974,168.9772852292468,97.9247258052086,0.7083052890972714,3.8533407476059542,5.245299324622205,5.001606243644117,429.0987534988827,429.04691391900053,7.306959534215611,[-0.55219683 -0.73048468  0.40183429],[0.56320604 0.02853405 0.82582369],[-0.61471751  0.68233272  0.39565698]
4,-332.4910480730349,-284.36335082964854,138.72912826013794,3.3242415605724243,4.2365736365826745,5.262166511604544,4.202158626295135,918.0478525458045,918.0161624000621,12.51596010006324,[ 0.22125962 -0.62429214 -0.74920191],[-0.65292295  0.4758171  -0.58931291],[ 0.7243865   0.61956228 -0.30233556]
7,-214.19208906303848,180.10138053504303,177.20282179300224,4.259221423122608,6.268526939729611,4.166208108683428,6.4956933274595405,876.6520179532438,876.5380217047027,15.093385750261046,[ 0.28695214 -0.47643286  0.8310657 ],[0.70685116 0.69084207 0.15198246],[-0.64654459  0.54382806  0.53500573]
48,-312.124335837914,148.74497880062677,330.91758392691116,19.875188451064282,11.473353404297573,18.171522724036482,6.974082620130514,3320.82916054397,3317.29116641449,197.5634153343838,[-0.12009638 -0.9430139   0.31032507],[0.74847391 0.11934853 0.65233636],[-0.6521991   0.31061345  0.69148797]
23,-341.42048987247847,154.51835314095956,254.5949457443335,7.552412805671133,13.35575963525218,8.191713772680036,13.23464720059438,2174.2638657299844,2173.85396964595,54.079178706880164,[0.60316565 0.01862436 0.79739847],[-0.26187662 -0.93968346  0.22003552],[-0.75340018  0.34153789  0.5619075 ]
6,-254.40679716700325,162.57429491799337,77.6332069779405,7.532078128227755,2.2399856779054708,7.9472045360489485,7.938689868012692,764.0515688081989,763.8818810296689,19.240095092905026,[0.57598418 0.76829563 0.27922041],[ 0.04599651 -0.37148925  0.92729718],[-0.81616576  0.52126534  0.24931085]
134,-215.13161797342715,-113.5987060273332,146.73943381095978,17.214877428104227,17.20219272773104,19.1023255173288,21.160517451714608,3304.349565664259,3301.7001145316267,263.0462279583559,[0.37569382 0.38249681 0.84412697],[-0.53518689  0.83316321 -0.13933432],[-0.75659047 -0.39941865  0.51772155]
40,-240.4917092907427,242.04909706679564,326.64451637204337,14.773937090018272,18.81911369623742,15.057182896992785,9.610793015360608,2992.044287375884,2988.798255445022,168.34829407679956,[ 0.79731209 -0.02159484  0.60318082],[-0.32373403 -0.85874483  0.39718206],[-0.50940133  0.51194822  0.69167862]
78,-202.1131101602266,-148.66004896295703,75.69690352570926,11.381730330652186,12.476084806299966,12.705267166220342,14.33061942814136,2320.5734517659866,2319.470660228073,136.6595025434813,[-0.28908429  0.71657312  0.63478597],[-0.56777695  0.4055387  -0.71635724],[-0.77075262 -0.56750447  0.28961884]
2,-158.53540932917787,-177.54180306570856,192.24629486187496,0.32514542389994006,0.5282639872869908,0.3489398574853908,0.6942621904982502,432.6978444053607,432.6977876887139,0.2215453417268845,[ 0.8262984  -0.14997948  0.54289696],[-0.22079187  0.80049284  0.55719132],[ 0.51815239  0.58027353 -0.6283317 ]
6,-201.99663635610898,201.5976175779235,219.8433610423646,2.0793761120482075,4.575079064181457,4.643993335255908,2.8097614997995533,882.5185882478809,882.4926349275953,15.286579289106772,[-0.79557608 -0.56844068 -0.20960414],[ 0.22960938 -0.60304915  0.76394453],[ 0.56065875 -0.55964892 -0.61029079]
100,-237.3040576075883,194.66838937889312,46.26598178658583,24.37490775392076,13.277791169191046,11.963454378733731,19.929740366067588,3116.837983358381,3112.5313077935407,223.80704885633364,[ 0.16525283 -0.03356849  0.9856798 ],[ 0.62140452  0.7796346  -0.07762936],[-0.76586417  0.62533435  0.14969643]
2,-322.3549900337299,-173.94730249175586,4.35736664232411,5.6134329510850876,2.5805610944323405,0.8932525694285429,6.175728974058104,518.1280886288089,518.1264910943552,1.2866438488330327,[ 0.4324178  -0.79048048  0.4337689 ],[-0.19653657  0.38687365  0.90094514],[ 0.87999331  0.47483617 -0.01193273]
27,-254.60583368498308,-132.84240020202702,211.95089641272713,7.19124049524398,18.511187176748287,9.87822235612149,11.09227205515115,1857.9972694153762,1855.7563550302134,99.39150751652701,[0.4522849  0.40289589 0.79568415],[-0.53618665  0.8357537  -0.11840452],[-0.71270067 -0.37308265  0.59402618]
2,-411.0859726957534,39.26132157599441,16.767426138769792,2.622303576490225,3.45358685847377,3.5510459241836774,2.135967352649942,584.5437341445349,584.4977992935698,7.328011231627504,[ 0.03806074  0.70216296 -0.71099829],[0.09596385 0.70565695 0.70202508],[ 0.99465689 -0.09494972 -0.04052444]
28,-317.73537689224065,-306.68258872271383,61.84236941803882,10.57389711241885,7.0257705117135965,6.569556725565126,8.685937172920893,2360.5429135657587,2360.171500267666,59.99735825009358,[ 0.32307311 -0.14618692  0.93501505],[-0.62267239  0.71118232  0.32634154],[-0.71267304 -0.68764023  0.13873732]
184,-286.0053949896095,230.25911859590056,275.3884058124393,27.609528549783857,16.258481066281657,15.862337324656043,17.489204322070325,6240.459233739834,6234.8669112307125,418.7069781101333,[-0.37977602 -0.86484733  0.32834321],[ 0.68272917 -0.02253257  0.73032401],[-0.62422036  0.50152903  0.59901383]
23,-250.0488299423981,-252.29469717064242,9.438342436438148,8.976759531885694,10.189533521364774,7.156893997180387,7.742069760316217,1705.423595922986,1704.8591670396668,63.76358507869262,[ 0.19439944 -0.15650972  0.96835612],[-0.68345991  0.68651132  0.24816275],[-0.70362732 -0.71007528  0.0264893 ]
77,-247.09852352731733,-142.7848341586676,305.5187310772901,12.068425143194862,9.584700955257038,26.89618152279288,23.508938928429163,3677.3874887938546,3675.7086611060513,176.48975488879395,[-0.5300619   0.84731485 -0.03304427],[-0.60891595 -0.40746658 -0.68058236],[-0.59013198 -0.3406296   0.73192604]
3,-213.64797193217103,-216.43166938503865,67.20043067368937,1.3144887539775008,8.478532310883589,2.876053413048831,4.421231210942887,539.68295972657,539.5103325979622,13.650724622619109,[ 0.48543736 -0.21616822  0.84712565],[-0.54227733  0.68559142  0.48569507],[-0.68577392 -0.69515157  0.21558856]
27,-402.20130606138014,-78.19027572985763,80.25149328524513,7.102924857800443,8.158340069768549,14.64450828022796,6.379525391544344,2171.168277325216,2170.103778900367,88.61500095869549,[-0.19424784  0.98079817 -0.01739885],[0.18512206 0.05407002 0.98122691],[-0.96332632 -0.1873803   0.19207037]
3,-245.426374862795,274.3109366237114,270.31998509658433,2.7782738319131566,6.105146456754402,3.4736709148210108,1.7836199893227869,791.0778915800418,791.0105120221549,12.705353504064496,[ 0.71019486 -0.05617015  0.70176077],[-0.45479518 -0.79750004  0.39642784],[-0.53738683  0.60069843  0.59192634]
2,-244.54695800614314,101.1013696155178,71.17120258855569,0.2870793753535992,3.9792316658666707,2.796330848945942,1.9379536861511895,387.5919964383379,387.5404478236649,6.3211552496207215,[ 4.03170706e-04 -5.74980633e-01  8.18166920e-01],[0.45130115 0.73021368 0.51294762],[-0.89237162  0.36903287  0.25978382]
5,-357.39416923001784,-317.32316773318377,4.321154958706232,3.8678459637971305,6.761118094529017,4.5815017175043184,6.333558999590929,1068.9105363706544,1068.8649100292307,14.397014513387218,[ 0.47453266 -0.54376536 -0.69219794],[ 0.46449586 -0.51328617  0.72165151],[ 0.74770473  0.66397029 -0.00900571]
38,-347.2579163554719,169.7909973863179,182.62029576497957,7.984461867459922,9.053036666592009,7.366610345879261,9.806124881759525,2636.668448601772,2636.200782683503,62.701658302043235,[0.51005921 0.1281205  0.85054379],[-0.28304256 -0.90877171  0.30662825],[-0.8122355   0.39713865  0.42726383]
26,-318.542875397667,178.56761385603582,146.69438711517347,6.755900684573541,17.431229865425635,6.095929105385973,11.877001741810252,2008.9522748322008,2007.7939590371648,80.56277519629609,[ 0.39193763 -0.05519727  0.91833445],[ 0.43794963  0.88903542 -0.13347709],[-0.80906428  0.45449893  0.37262006]
5,-147.25343592714722,15.983302126944011,15.851010961267516,1.2293946994394578,2.3665703696559093,7.975618924220541,1.7943962253894261,333.59171666268037,333.1486611841993,18.404093053970556,[-0.09036186 -0.98416345  0.15250256],[0.12156029 0.14108458 0.9825061 ],[-0.98846236  0.10731934  0.10688653]
22,-356.7180301887852,-202.9070433797582,169.23507037339917,11.200564862348982,4.225525181109247,8.197656947815341,10.243175672493471,2083.077305031803,2082.8776624343636,47.86783271564594,[-0.46020065  0.88338414  0.0885879 ],[0.37720248 0.10421964 0.92024809],[-0.80369997 -0.45691435  0.38117664]
13,-322.1146588842287,-162.09523011206804,32.94823922603386,4.228704031042229,14.293199073351062,5.753227520071733,8.893522484029033,1306.6842190648797,1306.141671221865,47.78476381767579,[ 0.10551448 -0.00755236  0.99438909],[-0.44508248  0.89385894  0.05401647],[-0.88925153 -0.44828468  0.09095364]
15,-283.5024269366397,61.10630987020405,161.48048097517096,9.956686351005725,7.856144448998852,4.996251623349753,9.291910234333985,1286.5427576101674,1286.2380036412314,38.47898940923407,[ 0.48030091 -0.07920182  0.87352052],[-0.19902718 -0.97977748  0.02059801],[-0.85422434  0.18374757  0.48635133]
5,-316.41885058123967,139.91216260734578,221.83869415282052,4.24424706803632,3.7848494231764502,2.838821914197791,4.804759023263578,919.0951236757986,919.058825749316,9.278440064367702,[-0.59477685 -0.07629287 -0.80026239],[-0.23124143 -0.93717478  0.26121033],[ 0.76991421 -0.34041568 -0.53976779]
33,-223.89199815678552,157.4335030544484,311.2114955577012,9.464586263716964,10.145862943260138,11.55908977725066,14.41708385500835,2382.712774326305,2382.6058544601524,62.59938389067238,[-0.57979485  0.4786755  -0.65932367],[0.60998163 0.79149296 0.03822717],[ 0.54014845 -0.38001141 -0.7508868 ]
2,-294.73976975087135,-291.886968230824,80.55458263883762,4.044846586078023,0.2565561105257643,2.8497823686557595,3.541670923541517,597.6338724409577,597.6137883272154,4.8995397711509066,[ 0.55405639 -0.35116637  0.75478719],[-0.45438129  0.63213846  0.62764529],[ 0.69753793  0.69071206 -0.19067693]
14,-384.47200313917034,234.41459369116066,126.39789039015122,8.075936892984096,10.698350866294323,7.359417309039818,7.7941604906421444,1750.7700554500516,1750.3699764199393,49.25819658119563,[ 0.06818544 -0.38462238  0.92055221],[0.56540514 0.77511666 0.28197729],[-0.82199013  0.50125821  0.27031915]
9,-479.8737013479831,-28.180868228237156,43.5241905676362,4.79275586718991,8.673189094102538,8.625469274656608,4.823727179813119,1448.5145589285594,1448.096083261884,36.621462181507724,[-0.10512571  0.7018542  -0.7045206 ],[0.02215816 0.70992342 0.70393022],[-0.99421205 -0.05839029  0.090183  ]
22,-370.77261507975277,-288.737400069373,28.201420210040848,11.240868667342989,10.373129215276835,9.802046511680402,12.166538223053404,2209.6742429007786,2209.0453975009214,63.28648939051136,[-0.41077463  0.59503953  0.69079097],[-0.45936601  0.51939709 -0.72056196],[-0.78755767 -0.61331446  0.05998579]
12,-415.39406641395504,-114.04197584031432,121.21185396501528,5.204748666887662,5.62812879473897,13.628824887607117,5.17840060578713,1550.9892906913747,1550.3818848461483,51.178735018068,[-0.21230459  0.96111078  0.1766149 ],[-0.3054753   0.10640357 -0.94623629],[-0.92823036 -0.2548418   0.27100564]
51,-231.28743530188078,122.08294577668349,12.262941093302542,16.204784859749772,16.79911145104556,7.523113441698584,16.960351671629233,1877.3734040521872,1874.1176891410187,128.22774147096376,[0.14998091 0.18603482 0.97102872],[ 0.44417651  0.86476541 -0.23428192],[-0.88329664  0.46644596  0.04706601]
13,-335.4580104155371,-209.5753526668404,268.6464130733318,8.230995499321455,4.223427333184356,11.020624198706358,9.319409611309913,1724.629180681887,1724.4529336748965,39.295557749489404,[-0.71197727  0.46317825 -0.52778241],[0.02914279 0.7704528  0.63683058],[-0.70159751 -0.43802785  0.56204319]
50,-97.46103600244045,-53.19329835972569,81.50297344568872,9.818366873519095,12.876541323796,22.604126889946077,14.70333911014261,991.1138187109798,981.7743404142203,167.98596226210998,[-0.25310788  0.91906345  0.30209068],[-0.6684754   0.05957885 -0.74134405],[-0.69934044 -0.3895802   0.59929143]
2,-465.6386784021345,90.3811561823907,103.82962190876736,0.2593908373067677,0.2541884423055265,0.4335789601839153,0.20334832025929472,686.6863075506237,686.6859019279582,0.7463718219931111,[-0.25590913 -0.89293001 -0.37038699],[ 0.12199593 -0.40991294  0.90392941],[ 0.95897211 -0.18613808 -0.21383429]
13,-90.96603286698567,-96.6286384975981,76.75046930474784,3.467032711728908,7.913008809481267,11.660341333131718,4.007243736765695,555.1259518127694,553.0412748345511,50.22299169358318,[-0.8044166   0.48590786 -0.34177111],[0.02828426 0.6059827  0.79497482],[-0.59339189 -0.6298242   0.50120608]
18,-383.70482738725855,-45.614257405753655,163.27688007941615,7.6556826350647045,14.582887673456046,7.661617325207479,7.289500334986804,1781.3521750140196,1780.0622855324325,70.28393108670502,[-0.38980637  0.49180394 -0.77857555],[0.10644813 0.86384975 0.49237425],[-0.91472389 -0.10905271  0.38908574]
26,-365.4683098852287,-164.59920364011353,39.685970176382014,7.944135058942829,9.368107089944038,6.536888936436954,7.019982836638388,2054.7983180535703,2054.341608429491,61.397164634940935,[-0.02810374  0.29290684  0.95572787],[-0.41939444  0.86442821 -0.27725831],[-0.90736899 -0.40861895  0.09854984]
23,-301.4234408762238,-250.83909365303177,249.5487220009141,8.074318088011708,13.504377448266435,7.503154231536659,5.8101349885375235,2230.503191635893,2229.5672771118825,78.76880046951517,[0.3637897  0.39989352 0.84127417],[-0.6688684   0.7407185  -0.06285834],[-0.64828398 -0.53983449  0.5369419 ]
21,-319.45788984474996,-167.4018481360635,113.87920879657425,11.020007917613972,8.184710990161783,10.40840844442013,10.017686807828628,1734.7883968181154,1733.9941777188285,64.31008962445202,[-0.46961658  0.88265001 -0.01972898],[0.25651749 0.15779513 0.95357196],[-0.84478343 -0.44275237  0.30051837]
2,-298.09949831831534,-339.1975536537204,6.073984687813583,3.3685963018681093,4.265396370880069,1.3622460786162414,0.9617249742454135,638.7277688560472,638.6800604115128,7.806608775279259,[ 0.1957424  -0.15468506  0.96837877],[-0.72526523  0.64181656  0.24912213],[-0.66005701 -0.75109522  0.01344302]
5,-196.95685663877276,57.42049528933084,206.04838340629902,2.897536684817053,3.5219524468092835,4.029978770470446,4.014734509768584,650.3052596956511,650.2452032091865,10.255753983387162,[0.67943844 0.53723206 0.49974505],[ 0.28204726 -0.81999944  0.49804644],[-0.67735718  0.19744018  0.70866397]
15,-403.3993790537024,74.7943147291699,220.972082868848,9.826371065810628,7.502102239174735,8.920149070002706,10.894466388361169,1805.7078307574689,1805.3538250086845,41.307865642922,[0.42315948 0.74078908 0.52169684],[ 0.26751486 -0.6522699   0.70921067],[-0.86566267  0.16054757  0.47418628]
39,-207.82732799805905,132.46247846763072,254.21011075411647,8.857717735259325,13.508775825276231,13.051492691487738,14.711677348173922,2214.40004480615,2213.536921625984,92.2363864853458,[ 0.55365827 -0.4617692   0.69298754],[0.59115761 0.80405438 0.06347625],[-0.58651105  0.37452071  0.71814973]
2,-160.56838313417973,-48.68457616353551,189.445139408763,4.141470236639137,2.8867791679433488,5.093182133936466,5.884382729241821,358.0315076584415,357.9846325912451,5.793384562410918,[-0.76650692  0.03203812 -0.64143643],[-0.09917671  0.98086977  0.16750664],[-0.63453221 -0.19201055  0.74866603]
89,-138.63928267422253,-115.16924248028293,181.45840434356793,12.089064310171308,22.1557043760944,18.652086395573196,22.570984493928183,2429.29673433106,2423.9586598554642,203.9269314344936,[0.52488509 0.47848945 0.7039485 ],[-0.65848682  0.7523163  -0.02037862],[-0.53934289 -0.45284437  0.70995861]
40,-413.7074236789198,-90.75771395251479,221.59696188954695,6.61600388035835,8.351465972816715,11.59319983328439,7.440392816843902,3024.50836555904,3023.9308189916023,87.78323253538161,[-0.00701047  0.9298591   0.36784903],[-0.501048    0.31508255 -0.80602351],[-0.8653911  -0.18996062  0.46369516]
2,-255.97019467817591,-272.64344200339144,143.11738167503648,2.6071708194396166,5.061170121362551,2.305105756205691,4.288597188837883,566.34882936894,566.3146977962404,6.217683453021642,[-0.76838954  0.54707444 -0.33209497],[-0.03066205  0.486847    0.87294893],[-0.63924749 -0.68094754  0.35731372]
5,-313.51720557459197,137.37349575558395,290.92586270254486,4.6951488497436795,5.490042242086115,2.8832455013538794,3.304440138951475,1004.5909374556467,1004.578168448716,15.762738852585393,[-0.69687727 -0.49848913 -0.51562647],[ 0.16510757 -0.81115128  0.56104642],[ 0.69792662 -0.30584667 -0.64757722]
24,-412.6189059520205,-40.95645566021499,246.1794024611911,7.653291100283348,7.030165838947039,10.040392796139733,6.237003989976725,2363.236475100236,2362.793787596777,63.827238210986636,[-0.23748324  0.94087555 -0.24156761],[-0.45982219 -0.32794027 -0.82523859],[-0.85566656 -0.08490219  0.51051578]
11,-273.12310378813294,49.920973102359675,279.889406176686,3.8351276864110693,6.351693153239353,12.041874781878862,10.070858323047558,1308.3621332185744,1308.0113613348963,32.820596717992956,[0.56860643 0.7015221  0.42959687],[ 0.44395007 -0.70135128  0.55768693],[-0.69252802  0.12638482  0.71023363]
18,-245.43906120251143,-8.674664095061557,136.20125017750513,6.845484463269318,8.189481964918226,9.660905630345741,8.45536339585568,1192.7181474863419,1192.3236618962337,49.37800377113814,[-0.36020363  0.71147738 -0.60336827],[0.32668308 0.70203261 0.63279411],[-0.8738029  -0.03082453  0.48530232]
2,-359.3789853408085,189.13687276562132,66.4107159361286,2.661239613621518,0.9610078625922114,1.3628922658229214,2.9857783407099703,581.9729515072299,581.9713221584792,1.377124231263464,[-0.48400457 -0.78123715 -0.39421832],[-0.05509661 -0.42240095  0.904733  ],[ 0.87332923 -0.459615   -0.16140047]
3,-174.051330376411,152.72324414574402,102.00867001319314,3.8507813561923663,1.3622663690364212,2.656362529471311,1.6000728380395841,438.3336119404207,438.2767808413906,7.980808639379395,[-0.34648716 -0.76110683  0.54832748],[0.63772569 0.23755514 0.73271652],[-0.68793356  0.60355939  0.40306758]
2,-152.6209210269589,-147.0971000299155,87.2717009285679,0.7537830950527677,0.005182539639591255,0.38556990255296597,0.6519800876632047,324.1844198454221,324.1835197478407,0.7639335142752028,[-0.45437406 -0.05602882 -0.88904724],[-0.59182536  0.76491337  0.25426421],[ 0.66579799  0.64169176 -0.38071607]
8,-235.81659696873996,236.93958979633248,100.21945719661682,6.698608527615739,7.066632462733654,4.5564265106856565,9.205836276037049,987.5394320552026,987.4540644957685,15.807432733979226,[0.73684545 0.61103376 0.28930353],[-0.02102819 -0.40700363  0.91318446],[-0.67573412  0.67895934  0.28704984]
5,-196.61021164121624,8.55470771127295,160.051169769532,4.544037403944449,2.4225878448548746,4.256080238402527,1.1563807842966818,567.3829081976569,567.2368785685463,14.718228396486762,[-0.1205313  -0.98812893 -0.09525447],[ 0.62019314 -0.14987766  0.76999815],[-0.77513397  0.03373271  0.63089574]
45,-280.1670495323606,-115.43722228482201,107.66406665310522,14.64578576621346,10.793530960327647,16.361616244095874,9.806397381035788,2162.3594672669356,2159.2510884900544,150.6604221894845,[-0.36003963  0.93090996  0.06146636],[0.33241914 0.06644815 0.94078805],[-0.87170464 -0.35915358  0.33337625]
10,-390.44331554415857,-265.31677069784894,7.625214568487374,8.794281380429286,7.112438492351418,3.370976821289217,10.012033118332868,1493.409263235122,1493.3389538507201,19.890743917521952,[ 0.16336638 -0.26770184 -0.94955103],[-0.5379415   0.782641   -0.31319643],[ 0.82700083  0.56196867 -0.0161507 ]
2,-323.9065434084648,235.28430481308374,6.222801876206974,1.320451714692723,0.6844828171023352,0.3835357021331163,1.4644787111558628,566.2424135058748,566.2420346830872,0.6549892481797988,[-0.50959183 -0.71422433  0.47979138],[0.29303984 0.38022211 0.877245  ],[ 0.80897702 -0.58763488 -0.0155381 ]
3,-222.52146220841107,208.0627817315507,346.7069005036479,4.122651752545017,3.327963279128632,3.2146178187509253,2.870362917190994,799.4623764892119,799.4182835107264,9.504294197298622,[ 0.01260809 -0.85377852  0.52048369],[0.87601996 0.26040172 0.40593099],[-0.48211001  0.45083608  0.7512102 ]
5,-206.038788200912,-212.28798949873212,129.79588871829858,3.961197352558605,1.3223573843279648,3.734363404947513,3.096457765784446,722.473728527597,722.4179511979547,10.45570556356823,[ 0.56780204 -0.75361795 -0.33115077],[0.52036697 0.01690116 0.85377548],[ 0.6378237   0.65709538 -0.4017544 ]
5,-206.2397419562053,154.75781740257443,94.16305449867222,2.4137186683082104,6.267574187248822,4.969203545190836,6.119094318515189,614.0419675313907,614.0061211959161,12.724022233161149,[-0.18453382  0.31982046 -0.92933425],[0.63386093 0.76136878 0.13615396],[ 0.7511109  -0.56394366 -0.34321999]
2,-138.20492113885263,35.948000838990744,18.191948787529967,2.780196161701909,2.0801971462617104,1.3159594340223304,2.3154723351421467,203.65458233048193,203.61322042083253,4.104311642712146,[0.20378067 0.31421832 0.92722181],[-0.19151944 -0.91600159  0.35250728],[-0.9601009   0.24941517  0.12648451]
11,-179.36261062708047,177.3449650372994,222.66129707785586,8.034108509996347,5.968818630205397,10.294280366005454,5.346922386909361,1116.8099244447726,1116.1307546440141,43.910495000782156,[-0.18262309 -0.83545774  0.51832342],[0.8263843  0.15518656 0.54130039],[-0.53267043  0.52718828  0.66206852]
25,-459.2661569818587,-115.61447322299719,31.166597004072045,13.941123017520459,6.378984443142202,7.947144977566073,13.131550537727668,2374.5096595547357,2374.1615341979764,56.07465000337704,[-0.21043065  0.63635903 -0.74213619],[-0.13869836  0.7320216   0.6670136 ],[-0.96771985 -0.24329318  0.06577783]
4,-289.31074681190285,38.969673777319706,236.63831373527913,6.550895628772265,3.1594816432161896,3.1936674167096237,6.020513077539968,751.7306359825194,751.6878158600564,10.369606980549824,[-0.42004541  0.66056579 -0.62226577],[0.48035625 0.74359384 0.46510868],[ 0.76994787 -0.10354249 -0.62965008]
33,-232.60308280249814,-54.75655529838591,267.54420792637137,12.189049320894858,24.53749089255609,5.6312321856829,7.148754957506201,2066.7088570366295,2061.347277332644,155.67720230972014,[0.67111409 0.34765438 0.65478417],[-0.35913252  0.92513187 -0.12310506],[ 0.64855972  0.15253674 -0.74572303]
2,-287.4366589857817,-72.9757885401759,334.00755602582404,0.33767513692023954,0.62303952816589,0.5568393092153201,0.30088765585571764,631.6758003866873,631.6746578078777,1.2014480692342764,[-0.4413197  -0.71902317 -0.5368823 ],[-0.62539318  0.67550883 -0.39060363],[ 0.64352179  0.16338145 -0.74778754]
41,-163.74120337699662,106.97350680925015,31.826296168639836,14.950505195930207,12.443147313002637,12.510135362241396,15.439374715518767,1275.9781395322334,1274.198818887607,109.92740127407505,[0.45697419 0.47497665 0.75204506],[-0.32851595 -0.69558382  0.63893695],[-0.82659051  0.53903649  0.16182645]
9,-468.5281163493919,68.90597299242023,31.090562409602803,7.100333891404727,4.587491944341227,2.7779675621123405,6.581217952473394,1423.99714185732,1423.9142073110095,18.005299295985285,[ 0.00492585 -0.3832754   0.92362097],[-0.15910475 -0.91216678 -0.37767372],[ 0.98724942 -0.14509212 -0.06547413]
7,-386.37816694033484,154.28797081264156,152.47567416053656,14.014031502086304,4.008422331013093,6.85154612686299,13.702039962378967,1173.1015888902316,1172.9270285697105,22.14193494073002,[0.39627676 0.08928346 0.91377962],[-0.28702134 -0.93333116  0.2156657 ],[-0.87211437  0.34773756  0.34423119]
16,-77.41031802809542,70.22720671293038,42.64848321664382,3.899506626502946,8.805501132046762,6.662773182050455,5.7278478559511665,453.4420776755995,452.63137131710414,41.02455492408704,[-0.60231531 -0.19122948 -0.77501455],[-0.41085152 -0.75815043  0.5063684 ],[ 0.68441018 -0.62340934 -0.37807869]
15,-246.95927352559892,-184.42147017031508,150.5573986220614,4.637543609819053,9.101912520336827,6.553683842238254,5.517961052709046,1329.2000936731276,1328.8867676259579,41.676051040808225,[0.16305829 0.48368189 0.85992082],[-0.67482713  0.69049769 -0.26042522],[-0.7197363  -0.53783341  0.43899303]
9,-248.50417586097117,-219.1613340397305,219.01799172530116,4.6712209487034,7.122149796306135,7.854657593525952,3.7030471337000246,1191.9002155526155,1191.761518035071,32.90644275620092,[-0.76414203  0.57583186 -0.29069679],[0.15713922 0.60325918 0.78191152],[-0.62561507 -0.5518116   0.55146146]
7,-169.79803067683517,184.3331677130743,61.29458778073173,3.559389827735886,3.070763962751357,5.791846283774469,3.1878944776701137,682.8667415438033,682.7098854331467,17.85632389920002,[ 0.61763085  0.69274294 -0.37234305],[0.43062635 0.09828222 0.89716306],[-0.65809808  0.71445631  0.23761123]
4,-438.68460552728004,-4.192631762427764,153.56212016832103,3.3276855686154487,3.342649162270455,5.278709691070096,2.5193638673600622,929.7152825056801,929.6233618240645,13.246867483964433,[0.15737027 0.86676646 0.47323409],[-0.29061738  0.49863277 -0.81664368],[-0.94380938 -0.00901462  0.33036737]
7,-247.3286782979264,-10.876101125498177,237.12169773531858,3.1934481164240567,5.164071356296429,6.2330572461967915,6.007986896760724,907.2274299572535,907.1669406895301,16.64528762936923,[-0.66970591  0.28632308 -0.68521026],[0.17630883 0.95760631 0.22782747],[-0.72139393 -0.03176879  0.69179589]
15,-231.21209968005914,110.80093467097917,161.6585144548697,5.916300542125988,9.532039500143224,6.88378047872855,7.395956522170547,1174.7513846334566,1174.5068193090228,42.084487976644866,[ 0.42722721 -0.33419714  0.8401126 ],[0.48561548 0.86859685 0.0985754 ],[-0.76266278  0.36585759  0.53337952]
12,-413.8796965032391,2.1763114485056314,253.9050655769388,5.909297355831969,8.49588440803182,7.041963489199311,2.9004282524806326,1682.4524806745562,1682.1972018466763,42.2005536825881,[-0.36148989 -0.72761693 -0.58300829],[ 0.37781841 -0.68596878  0.62185214],[-0.85239563  0.00452199  0.52287785]
10,-338.3805387626004,-41.84417088190238,311.87987225927236,2.6809517627585913,2.6334281979314618,6.78140570195257,5.710291265525099,1461.4214444841268,1461.3701911785338,16.561749352759758,[ 0.2178981  -0.9701734   0.10622618],[-0.64525885 -0.2248656  -0.73012087],[ 0.73223046  0.09054856 -0.67501075]
4,-329.4540596174953,-113.6763849139164,322.6279230043948,3.252130097804874,4.992969997700509,3.8084809372571553,4.678104377853933,949.9470426483648,949.8928640293219,10.62284068221918,[-0.5024322  -0.51497627 -0.69452237],[-0.5161138   0.82309459 -0.23694268],[ 0.69367747  0.23940495 -0.67933559]
27,-304.4655089580512,8.573718973957567,350.16120513521065,7.515449012544374,7.078417675862126,8.227914337266194,9.687975983256345,2412.327158183404,2412.205512051437,46.66188678486466,[-0.73188486 -0.25971918 -0.62999246],[ 0.18429164 -0.96550658  0.18393922],[ 0.65603441 -0.01851999 -0.75450372]
2,-420.56195491293533,-68.1715424840256,128.32592762783602,6.1190514502797555,0.13827595252720215,0.7675341655099359,5.583293939796363,629.3255307803287,629.3146052066134,3.7082833746179675,[ 0.06004977 -0.949599   -0.30766176],[-0.32093137  0.27348658 -0.90675694],[ 0.94519685  0.15318886 -0.28833331]
12,-275.6415935483615,-185.98334058694536,107.13809330807824,4.359507628377725,3.1522691280966635,10.055908536085543,4.464613504941238,1210.7707642031287,1210.3515213860471,36.39730075097628,[-0.48433751  0.84610925  0.22252263],[ 0.37810848 -0.02692745  0.9253696 ],[-0.78895574 -0.5323289   0.30687911]
6,-271.70664938331896,159.2522204305539,31.190639450935524,2.4227738770989546,1.9063912159945053,7.285431686750068,2.061996607355421,775.4344159481822,775.2450387276474,18.73832555781888,[ 0.50358843  0.8636474  -0.02262435],[ 0.09649496 -0.0302037   0.9948751 ],[-0.85853795  0.50319072  0.09854786]
4,-270.9240362236659,169.28148943533282,300.53653784515706,8.7349426660663,3.298807731034806,3.6603629747744537,2.263385463131417,877.442373122205,877.2355436289861,19.581954449377555,[ 0.08821802 -0.83179093  0.54803415],[0.78140094 0.39899834 0.47980506],[-0.61776221  0.38590695  0.68516106]
49,-282.3051162359999,118.18616807783154,242.38168341135497,13.270117555981562,11.671193571304789,22.492252319276812,22.745846218662635,2739.7545362344576,2737.8136704654007,121.58643939304866,[-0.15167803 -0.94633205  0.28539345],[0.67490076 0.11179554 0.72939065],[-0.72215147  0.30324479  0.62172329]
6,-216.45102072630343,-31.408729563320886,92.04194698835109,5.737175427224167,6.130112755940027,4.766040012463248,6.123490290557492,581.715055031345,581.4642015369042,18.350813630361614,[-0.40674004  0.40715372 -0.81779483],[0.05008576 0.90378168 0.42505305],[-0.91216992 -0.13192622  0.3879968 ]
14,-273.26760143871627,-256.14592663701325,73.90280818881781,5.491025991911027,9.336835427910437,10.03597686292093,8.202888327797458,1429.3806243470253,1428.9119111572834,46.02545336771913,[-0.54263022  0.70865482  0.45095541],[ 0.43981856 -0.21768191  0.87130604],[-0.71562007 -0.67113555  0.19355876]
