N,MEAN_X,MEAN_Y,MEAN_Z,SIGMA_X,SIGMA_Y,SIGMA_Z,SIGMA_R,LAMBDA_1,LAMBDA_2,LAMBDA_3,EIGEN_1,EIGEN_2,EIGEN_3
213,-130.30275368441627,105.10666916577165,155.3611029892419,20.865555554757528,21.661054555852605,30.481727648182737,35.91955215894402,3384.44038132076,3382.065705567189,331.53729463924407,[0.67924488 0.73028819 0.07283918],[ 0.46487351 -0.50492119  0.72728758],[-0.56790757  0.46014536  0.68245676]
9,-142.5762762356994,107.08892426898404,29.938621617610163,5.505588822423389,4.62289480193124,5.739233396580445,5.552762997928361,542.951798733065,542.8664822595988,22.019823955538346,[-0.38411943 -0.68508574  0.61895864],[0.48024783 0.42430715 0.76767536],[-0.78855202  0.59213257  0.16602632]
32,-314.30841605803425,144.50317961907234,321.96417317187945,14.702076083330418,13.23077488221978,8.391733220760978,10.969629734806635,2675.309327353391,2674.8043916530164,104.52612203366039,[ 0.38477108 -0.64133354  0.66380909],[0.63980611 0.70368187 0.30899833],[-0.66528141  0.30581549  0.68108555]
73,-202.3644397399524,-146.70337987321875,76.55683490833549,9.151559938667582,10.757127883195604,10.580248664818367,11.736413010687896,2237.460254409222,2236.8108437776023,112.72657020819557,[-0.38209659  0.7828967   0.49099384],[-0.50521492  0.26791259 -0.82035403],[-0.77379589 -0.56151189  0.29316261]
10,-332.488324727403,-179.89076766139198,107.89443001610243,6.5150064375726515,5.063467903876668,4.592839559240397,4.954891176901983,1243.508084579238,1243.3143401176899,25.461874181262246,[-0.07081667  0.60607262  0.79225058],[-0.52880492  0.65063939 -0.54500802],[-0.84578387 -0.45754165  0.27441807]
212,-244.67688658251922,-207.0245382866434,312.13393856169546,25.71768341054988,32.276726059315024,25.339454044892133,35.84830606594515,6548.4471950673,6538.150985793712,479.49520783540225,[0.73261114 0.13803423 0.66650392],[-0.40504793  0.87537215  0.26393139],[ 0.5470074   0.46332511 -0.69721786]
28,-448.384843794333,139.18452391731782,71.80919044619462,8.18119991057637,9.270601497213347,8.525299137065998,8.083691773214234,2514.258518677668,2513.7598424148964,67.13329319302031,[0.30054606 0.57609992 0.76011904],[-0.13562123 -0.76305283  0.6319472 ],[-0.94407571  0.29301752  0.15120114]
3,-215.92334628381317,110.42798044252883,199.33077987557806,2.8230952674383314,2.7581971443254436,2.14865050993303,2.143877915693581,543.7833358043715,543.7590201292487,6.849662678971103,[ 0.06293216 -0.84251639  0.53498193],[-0.72315753 -0.40792435 -0.5573517 ],[ 0.6878101  -0.35180086 -0.63494363]
134,-341.98059176894685,-165.32210999854306,157.1675076882445,21.805693932872952,17.214337885451876,10.163565907623568,17.495696492946497,4768.957161193687,4764.825835522334,275.06296701568453,[0.19002879 0.44007809 0.87762198],[-0.52056033  0.80307401 -0.28998115],[-0.83240975 -0.40175042  0.38169438]
55,-249.52061700345536,27.88755392503072,17.01655591513294,12.406025642578818,10.873858745039156,9.003980117434793,12.422055577687969,1870.49981143479,1869.5405882657174,104.70312026555915,[0.10423879 0.36511475 0.92510837],[-0.07726844 -0.92439109  0.37353807],[-0.9915462   0.11041884  0.06814556]
148,-212.97285725332273,-110.44337770787385,147.20677669135281,13.565757678020198,16.538162831967252,19.67350003524655,20.018326443968057,3438.7850478568344,3436.406335455999,257.81867667812526,[0.15049681 0.67511842 0.72219514],[-0.63784544  0.6244365  -0.45081289],[-0.75531709 -0.39280298  0.52459691]
10,-284.11968338105976,-55.41779501539664,131.10807024823163,2.8907712333447555,5.0777279365929235,10.022384329221499,4.88635770875316,1005.5145949270379,1005.0946066317628,33.25723846758252,[-0.02952253  0.9419985   0.33431607],[-0.44727871  0.28665851 -0.84721229],[-0.89390725 -0.17454431  0.41287299]
59,-155.35782388769147,22.07330503353187,63.65292883301411,10.243141044732393,17.725501642146035,13.442625309787223,10.800965518793943,1311.89779423401,1305.5817036835301,169.7259184650835,[0.38147975 0.56521996 0.73143667],[ 0.11436678 -0.81405518  0.56941585],[-0.91727501  0.13356855  0.37518795]
6,-326.85408407021254,224.75305128188947,203.93142518653045,4.291867159340555,4.287692321381344,3.95883563068426,5.1513368498232985,1092.6640180388051,1092.6047773987186,12.509833865995766,[-0.68028211 -0.52959833 -0.50669701],[-0.01319218 -0.68235235  0.73090439],[ 0.73283164 -0.50390562 -0.45720554]
179,-320.2394023604312,-263.694232681502,174.1076914579045,29.829797475955925,17.134890250608688,21.756061585828636,27.999706755621727,6039.478695835269,6034.868116085976,397.3471889958122,[-0.13287232  0.6543279   0.74444606],[-0.68893621  0.4790062  -0.54398525],[-0.71253901 -0.58515644  0.38714352]
135,-382.5190468481674,53.18156752882699,278.4634534605849,12.524346231894164,30.7968125787037,15.21554527550535,8.834355048201916,5546.073952818678,5535.186781295261,412.64993429168885,[0.57649578 0.39166867 0.71711106],[ 0.14861484 -0.91325149  0.37932223],[-0.80347137  0.11210432  0.5846934 ]
178,-299.9725743858935,228.81233125342686,278.00958780880035,15.14362301772371,17.90802263914427,14.986417032688149,13.871841014524952,6260.751559286723,6257.963798962918,322.79553382120037,[0.75801228 0.27611951 0.59091066],[-0.124717   -0.82789453  0.54684213],[-0.64020548  0.48820965  0.59311742]
69,-425.32793972425844,98.59264508167752,111.51054609883629,12.737295220504368,17.993724149547436,9.139219872629225,15.140851356738843,3747.979278914731,3745.6483466873956,153.30889177875318,[ 0.19469066 -0.23707466  0.95178314],[0.26743229 0.94641781 0.181034  ],[-0.94370309  0.21929192  0.24766013]
8,-117.01125413994754,134.71599965649398,118.921479327423,9.043740344588272,7.30554147425934,7.623659398752588,6.943489574178362,607.7604786787443,606.8560269189521,34.10406646150413,[-0.68273879 -0.71704467  0.14040899],[ 0.48518657 -0.30123074  0.82088613],[ 0.54631652 -0.62857535 -0.55356236]
18,-416.1526597040535,-39.09462585423013,241.0979110411046,4.097006067753103,8.37352150500682,8.710809618466657,5.264253600489372,2047.6622736700688,2047.6161832913288,49.334303533067455,[0.40621134 0.47839723 0.77854251],[-0.30214944  0.87439815 -0.37964931],[ 0.8623793   0.08101832 -0.4997379 ]
10,-117.57170250419449,-58.23536864416597,59.88254711093229,5.079121551152287,4.029858108710364,6.061021829115928,4.166139420521956,456.7376740752366,456.4619194990845,24.826080418863498,[-0.28015588  0.90246325  0.32721976],[-0.50681831  0.15043734 -0.84882496],[-0.8152594  -0.40364427  0.415239  ]
2,-253.26583532507564,-85.68071218870864,30.57062655564905,0.46732072334194186,0.20285174136287054,1.9911272596660101,0.2781953435212472,380.5878482488093,380.57695251707054,2.8798346268367565,[ 0.3226327  -0.94629821  0.02068441],[0.10090615 0.05611519 0.99331215],[ 0.94113022  0.3183878  -0.1135919 ]
16,-228.31398965748838,257.034082142134,309.19006075945504,12.31050337505188,13.884703250736921,8.676443122054511,13.894044824556532,1851.1769160564577,1850.4880753233465,60.15705136899294,[0.82251942 0.54801948 0.15210675],[ 0.28165407 -0.62484373  0.72817669],[-0.49409796  0.55609798  0.66829802]
2,-178.53278705910012,22.029245072723672,2.7238727605478124,2.0413570674971595,1.7351909215169101,0.19476790451731474,2.235204658538038,254.45580809691702,254.44708684318863,2.106720501120679,[-0.03364256 -0.150482   -0.98804015],[ 0.11880698  0.98098777 -0.15345325],[ 0.99234726 -0.12254863 -0.01512463]
284,-333.54311227612976,-44.06738043469679,219.0595291182306,18.92259256451112,30.720796515403226,36.19721149664922,20.588773284677888,6813.658841403718,6781.868689377012,783.7198750068144,[ 0.4341313  -0.74165816  0.5113445 ],[0.35039744 0.66194736 0.66260646],[ 0.82991063  0.1084844  -0.54724719]
34,-436.8282816161831,-70.17755138227014,110.4614708786856,11.331382067171209,11.220764158834816,13.952614475838251,10.009987762788095,2661.2890215606503,2660.1678809900573,108.98287852001364,[-0.2469896   0.87156824 -0.42351499],[0.14571157 0.46549126 0.87297538],[-0.95800014 -0.1539048   0.24196908]
3,-306.0261083398218,-33.76023525650387,69.63489237362262,3.7968441435700395,1.28030998349909,4.40408983464528,2.955057801724144,546.8287726605623,546.7681987562821,8.946609082255145,[-0.10024438  0.99410682  0.04126373],[-0.22361848  0.01790101 -0.97451235],[-0.96950804 -0.10691672  0.22050618]
27,-303.3378272455229,-245.50234715796603,247.80909979360644,8.870564768619094,15.49844479442525,6.9267876347274795,7.306415760368308,2403.8673125404675,2402.545948356678,92.26967147465706,[0.35942237 0.40465058 0.8408766 ],[-0.66374478  0.74424565 -0.07443983],[-0.65594087 -0.53137211  0.53608325]
30,-173.5457011031601,101.54563127606097,43.25493366057132,6.517360815764354,11.256861550649418,13.47309803577899,10.928058931362317,1130.364044764483,1128.957697779454,82.53225990356096,[ 0.50066672  0.86514456 -0.02928707],[ 0.19727126 -0.08108934  0.97698954],[-0.84286232  0.49492365  0.21126689]
58,-426.7789221101546,-124.58672840214933,107.160323560759,15.698644407586968,16.68445121983777,16.88471988909128,16.28823126414268,3488.778960321252,3485.9503540755745,177.17759193335206,[-0.35009529  0.83771301 -0.4191303 ],[0.08104322 0.47285804 0.87740371],[-0.93320163 -0.27320724  0.23343633]
43,-334.44060275285955,164.78012420166945,167.1466158315904,16.137847825562698,9.544224734943592,16.820107228400737,20.176128667245905,2683.9401331691447,2682.976817303354,97.91948406987211,[0.57080156 0.487435   0.66075162],[-0.06618835 -0.77479286  0.6287409 ],[-0.81841596  0.40262035  0.40999046]
101,-238.14371522236416,192.55739691491831,44.055567079329194,24.752377826668205,16.42256534184153,15.138293575484443,21.359497806823015,3124.5946555323935,3120.2203375995423,251.92087140366147,[0.25140521 0.08938233 0.96374593],[ 0.58541498  0.77890052 -0.22495173],[-0.77076892  0.62074534  0.1434939 ]
52,-236.50631339828416,216.4198431761265,284.09309767334696,6.668246087480325,16.58167389107637,18.306707923563064,15.771069652835372,3092.8073110053124,3092.5283215360027,144.84133546793512,[0.83335492 0.37114703 0.4095967 ],[ 0.03925775 -0.7789037   0.62591361],[-0.55134236  0.50552835  0.66367363]
12,-244.99007235203752,-76.7578971525382,84.39235297634251,4.324540274985016,5.754354571698877,4.222706782764381,3.832484199439769,936.5265404561464,936.3469727963453,25.67853411776736,[-0.34993472  0.09173085 -0.93227203],[-0.23600446  0.95446091  0.18250002],[-0.9065581  -0.28388345  0.31235012]
105,-47.09313371364744,0.90810616696653,20.006529120488082,16.908399861299454,21.869245077913266,14.471823515431433,17.438684914316323,600.7133306984546,565.5515410689954,271.4912246391733,[-0.34790331 -0.41486258 -0.8407451 ],[ 0.15428622 -0.90987405  0.38512982],[ 0.9247481  -0.00427256 -0.38055577]
76,-207.67653336827922,59.62870411847902,83.26737003077349,14.08777029933268,12.87598152150681,13.640815742157526,14.335281741465076,2026.408967345476,2025.0820822384512,162.42919562336283,[0.40552731 0.80321574 0.4363394 ],[ 0.17624634 -0.53710194  0.82489922],[-0.89693078  0.25761594  0.35937335]
2,-296.0441855600178,136.9674130375798,174.47199112542523,1.1080578997275836,0.1392695937443591,0.588979520792023,0.5574066646571509,523.1525624721272,523.1501093059034,1.602109351514649,[ 0.13451717  0.87738902 -0.46053626],[0.58433013 0.30511854 0.75197139],[ 0.80028959 -0.37025827 -0.47164115]
39,-281.4387711123658,115.34960242866903,235.68304964687152,14.158662632470024,13.29116475043849,21.62735292775554,23.54030996281364,2409.3364327782474,2407.9890757069206,106.07275153602224,[-0.14363159 -0.94548347  0.29228576],[0.66763988 0.12543547 0.73384122],[-0.73049775  0.30054441  0.61322597]
75,-364.38566941084,-158.23677595464795,230.2255397983914,14.249173450417047,15.351154690476847,11.040898540235656,13.550837251183115,3980.845023200426,3978.865720128509,168.90562299958765,[-0.58632401  0.65297513 -0.47942427],[0.16174725 0.67427521 0.72054893],[-0.79376444 -0.34492958  0.50096068]
16,-98.916588229375,-48.97570084894825,103.05179561658565,8.48018160718206,6.738081278000039,10.00711062539943,11.040795026058797,606.7512193842832,605.7581175423835,39.46853453835973,[-0.71801515  0.54683265 -0.43061385],[0.23436832 0.77249324 0.59019123],[-0.65538212 -0.322844    0.6828221 ]
51,-224.65533530679767,157.0313717542157,309.82702912625206,11.628101455756477,10.515730544510207,12.680296468881524,16.410495509567607,2957.4311655716992,2956.7665266541785,83.74577901778048,[ 0.71763476 -0.25319305  0.64876315],[-0.43582989 -0.88987643  0.13480445],[-0.54318749  0.37949073  0.74895536]
22,-91.34147952896964,-93.31823737193663,94.17637564545986,6.504175377353442,9.947447703078877,10.61149170440494,6.7105103761159235,758.4503551398567,756.1768381232728,68.06199980349949,[-0.79233793  0.5778377  -0.19571457],[0.22414399 0.57408325 0.78752009],[-0.56741525 -0.5801138   0.58438678]
97,-141.817038334554,-116.54725446554798,182.58355304539253,12.999161384579395,21.27789155541558,20.982118667037643,24.43289258724453,2568.5851951654486,2562.7885067350076,211.50355803893385,[0.39291896 0.60628618 0.69139841],[ 0.74097097 -0.65401272  0.15241188],[ 0.54458857  0.45242063 -0.70621446]
97,-384.553495014146,116.43929701152054,192.61214885040388,16.36458793379152,16.893512318503593,18.414033888137308,21.28082699937999,4396.136962924124,4395.569228787175,206.41027549158,[-0.30945928 -0.94999717 -0.04171728],[ 0.40003408 -0.16985921  0.90062233],[-0.86267473  0.2620176   0.43259575]
123,-371.99285868936386,64.99038798524303,137.5582537394705,20.086729441454167,18.36456432394488,12.066996857050007,19.66720588992305,4467.491519369744,4464.727412025092,246.6752344905895,[0.37676695 0.47352923 0.79612608],[ 0.03248394 -0.86568706  0.49953049],[-0.92573833  0.16234526  0.34154437]
51,-356.7911267338437,-202.1791408352242,92.23807766796301,21.89315034603438,8.907588725916948,11.815197426203492,18.961589180862163,3007.231810233549,3005.4085476522137,130.7064462314232,[ 0.35692626 -0.21520583  0.909005  ],[-0.38879116  0.85058767  0.35403678],[-0.84937923 -0.47977814  0.21992695]
14,-69.06190216626204,-71.1764264208396,13.69091744744253,3.943587523302771,4.743662440556939,8.793931308736209,5.797236912694666,376.63970292169233,375.3320719579323,33.840992774237414,[-0.68277653  0.70156292  0.20402374],[ 0.24230997 -0.04600779  0.9691074 ],[-0.6892765  -0.71112078  0.13858265]
12,-280.96059797888853,-200.16210667279984,232.6478929481718,5.52534126431526,3.550436181585448,5.361219191127681,4.262184122632498,1441.5770090210585,1441.5366241600727,25.36533055124142,[ 0.38909117 -0.87633725 -0.28397373],[-0.62659095 -0.02579811 -0.7789212 ],[ 0.67527168  0.48100673 -0.55914281]
14,-432.13492809210635,178.7509912469815,40.4239116367372,5.73973406434989,6.522118660658563,5.224263552567214,6.225988217177926,1756.6165343575524,1756.538974005684,29.8639335829354,[-0.22568664 -0.33890063 -0.91335202],[ 0.31863453  0.86029619 -0.39794786],[ 0.92061804 -0.380837   -0.08617192]
4,-212.07620010568974,200.86384335912092,214.53948046099154,1.1620857584714506,5.110774174446519,3.9097859907063004,5.503577512217238,724.9558342797432,724.9337856812906,7.098940426777006,[-0.3692348   0.46784048 -0.80298876],[0.72205324 0.68838306 0.06904988],[ 0.58506819 -0.55430502 -0.59198071]
8,-291.8803361310107,153.1798340538153,355.5369609335236,8.689935300088935,4.928960752762451,6.541446253989429,3.6214591391351543,1371.7222976598669,1371.3732752090586,32.10054288328329,[-0.48282625 -0.87550568 -0.01919947],[ 0.6358999  -0.36559303  0.67968599],[-0.60208814  0.3159613   0.73325189]
23,-312.62310387025155,80.07860808879579,253.7723137892683,11.36873336850446,13.065335837387039,15.421953281857363,16.25675827610928,1971.6654632989362,1970.796039552309,79.75333172931026,[0.64560627 0.13869599 0.75097002],[-0.06021746 -0.97106155  0.23111324],[-0.76129258  0.19442967  0.6185715 ]
5,-186.6567859213082,181.1770778746631,8.040603878287259,3.75524772848301,1.7604405683659325,3.9053389569816206,1.8158411103819065,582.0309785270904,582.0001243937794,12.071794112948224,[-0.52102921 -0.56526922  0.6395305 ],[0.46264938 0.44261714 0.76814427],[ 0.71727548 -0.69610399 -0.03090499]
63,-374.30792523119493,-285.82146800065584,15.325256934533659,13.675228240440784,23.08124171365428,10.521602436787909,12.60636186927401,3746.3891252385924,3742.094266218974,205.84433647624357,[-0.11759065  0.20601612  0.97145756],[-0.59642374  0.76751068 -0.23495975],[-0.79400955 -0.60702942  0.03262082]
109,-297.9484443470444,186.28847529291085,211.05857688680527,12.932420942529102,19.548128318175625,14.571035038032319,18.39153683497918,4286.845470551287,4286.263716611071,214.07959724680433,[ 0.18020002 -0.59658839  0.78205514],[0.66325612 0.66082646 0.35128293],[-0.72637405  0.45540167  0.51477185]
19,-384.9159761446878,-44.58861567415901,164.5419329953552,4.730718512666667,12.851896110130921,6.089106545769207,5.146907812776848,1836.0140812578584,1835.287088918553,61.35555702757646,[-0.40486888  0.26255195 -0.87586966],[0.00967895 0.95906607 0.28301696],[-0.91432352 -0.10610726  0.39083723]
9,-54.49471893792539,18.47859308838509,62.921068110052474,5.855270027582615,8.101750819250833,4.769667524146933,4.996873580146774,257.6517980303045,256.5059162947358,29.863889067771975,[-0.6169762   0.42876119 -0.65992743],[-0.45906723 -0.87718489 -0.14072651],[ 0.63921643 -0.21612615 -0.73803241]
5,-175.20485647428163,-16.9102039472792,126.08612876796712,4.011634578196563,3.3741246214434373,5.853129852443298,4.31002673419493,484.4141008375331,484.3022989271563,14.687365927132447,[0.08600432 0.96476772 0.24864937],[-0.58134897  0.25127684 -0.77388198],[-0.80909618 -0.07799486  0.58247761]
18,-239.69954805915748,-261.8511546788725,240.38573772809008,8.66564350417458,6.735004707531882,9.33170817588124,10.490701716939085,1819.8079777535668,1819.6359292300551,41.88762702680563,[-0.79079997  0.59593928 -0.13961297],[0.24890823 0.52149685 0.81614075],[-0.55917806 -0.61065327  0.56073389]
3,-277.92494110433813,-66.53243445025394,333.00889469595927,1.0729069070053496,3.2313530546560103,2.142269300403274,1.3793483964783162,760.0861883622624,760.0695723220637,6.549354051739898,[ 0.74223287 -0.39656055  0.54021301],[0.21902934 0.90539989 0.36369931],[ 0.6333376   0.15162708 -0.75887596]
12,-299.2836104170994,116.60122174463605,157.0076205452507,5.796660656151794,5.908506260596225,4.255741888286825,4.760475413334689,1238.8098305900812,1238.665096116845,27.711939621183383,[0.53645115 0.64610433 0.54292666],[ 0.10656515 -0.69004103  0.71588215],[-0.83717622  0.32617875  0.43902551]
43,-278.67366209978695,-112.51156799101189,108.55380119447791,15.226629034271303,9.128504966150924,14.992958717547156,9.52269929729235,2099.940830983792,2097.1924080159283,138.64994828543993,[-0.32852512  0.93599167  0.12645486],[-3.61166337e-01 -7.83046408e-04 -9.32501080e-01],[-0.87271423 -0.35202127  0.33830593]
34,-206.6385715180048,-185.33681735009208,12.881738164566464,5.905301478941453,8.366137913471695,5.670481732738384,7.6003651459052035,1621.4318608703632,1621.1774851110824,51.87908992800546,[-0.23058837  0.32096918  0.91859011],[-0.62775851  0.67222598 -0.39246844],[-0.74347041 -0.66715142  0.04648364]
11,-261.78569756281127,-108.10502399184598,203.26585333552768,3.0847683777794517,8.544729092881306,5.437977441491757,6.588128583586958,1156.714520797491,1156.504678213505,27.47084761046313,[-0.58441601 -0.09934455 -0.80534998],[-0.3078586   0.94542116  0.10677973],[-0.75078693 -0.3103377   0.58310334]
2,-249.5552479601438,-209.76260270962513,226.2568984836642,0.6897986925975914,2.905848888345716,0.8455088239671653,2.4518905626250955,561.2129543347723,561.2064993126197,2.6916988015047734,[0.63565813 0.0727254  0.76853741],[-0.44773457  0.84573319  0.29029145],[ 0.62886604  0.52862689 -0.57015885]
3,-192.74699360912325,-174.86607838361397,161.12173260100224,3.77893655072352,7.489757091883668,2.03768809316773,6.000359706335109,530.3704998887782,530.2623905444118,10.70858444208014,[-0.77681395  0.45894006 -0.43120077],[-0.00499057  0.68023087  0.73298094],[-0.62971039 -0.57154176  0.52612246]
14,-287.8962690166372,52.38894195598575,163.20642642871866,7.3001398678759255,6.733919278105328,4.592748347321603,6.99823828003551,1254.3166426285181,1253.9844386788786,31.478138223348367,[ 0.34854932 -0.51804839  0.7811141 ],[0.37437706 0.84095718 0.39068253],[-0.85927597  0.15625907  0.48706048]
3,-257.96544613477135,-205.2386145097477,200.23689942005407,0.8150306928018585,2.2866150428152268,0.6613108496519547,1.8501733090523154,668.0643739676732,668.0587651719464,2.9524317359512415,[ 0.71360274 -0.26373105  0.64901237],[-0.20844893  0.80453495  0.55612279],[ 0.66881998  0.53213668 -0.51914389]
3,-406.10939392446267,-70.31761250388702,26.034852036863953,2.9628224092828854,3.101604044858191,2.575727875738022,2.8705682995959063,715.3348009678851,715.3175129440514,7.1059077623878615,[ 0.05652443 -0.61690141 -0.78500805],[-0.17253694  0.7683998  -0.61627327],[ 0.98337988  0.17027738 -0.06300493]
26,-370.02666069969894,220.71615782418596,10.383051392969078,7.482008101046916,13.0141963871101,8.760524894242147,12.451761679460793,2199.2075125134206,2198.641051187228,61.783253331730506,[-0.34837908 -0.6170731   0.70558685],[0.37670998 0.59710934 0.70820197],[-0.85832489  0.51252435  0.02443719]
4,-365.503518980133,202.88629151194596,203.93896202876113,2.119470512830176,1.9862544178481307,7.2176530516006965,3.7335673426810803,930.3820059254408,930.3015413791337,13.666726267772383,[0.57362898 0.77904646 0.25305417],[ 0.23128341 -0.45041059  0.86234464],[-0.78578482  0.43613865  0.43854909]
10,-343.1670955466283,-319.02992279104785,97.4157509913006,7.815021484732269,7.71421806018279,3.2244589022576546,3.6083913478698024,1513.7819470547686,1513.4646973549902,34.35049665756661,[0.03719335 0.25498224 0.96623016],[-0.69600947  0.700423   -0.15804568],[-0.71706867 -0.66662709  0.20352113]
74,-130.94788417710402,-120.28272187514729,31.546079103548774,17.83932601690154,13.155885600008448,17.66431770703861,16.9274669694128,1567.9229392756292,1564.7736082705978,195.8090720291915,[-0.67974306  0.73223247 -0.04224906],[0.09904498 0.14871548 0.98390741],[-0.72673204 -0.66461968  0.17361227]
21,-361.287562976966,-237.04259166351844,41.084400212394996,6.411225447793539,5.244808607571138,10.55970422503822,5.642490287990735,1989.928522847642,1989.3986878592561,55.5593169538364,[-0.51124417  0.8224191   0.24951199],[ 0.21398442 -0.15936963  0.96374892],[-0.83237015 -0.54610269  0.09450808]
47,-211.65862364814956,128.18532066785374,252.89032032546353,9.32514661998149,9.387222972847342,9.181751612691146,9.983040485619256,2427.6245444997694,2427.1046223428775,86.68554605668861,[ 0.42956183 -0.60801366  0.66767958],[0.67651157 0.70643053 0.20805767],[-0.59817115  0.36231933  0.71478387]
8,-433.6628707662762,50.74293677577026,191.59042561646598,6.052237042606527,4.0412646506808505,4.764535488885465,4.362754483174329,1348.7961961882595,1348.7139084746093,21.301787004685632,[ 0.07897226 -0.9048523   0.41833683],[-0.40802824 -0.41222501 -0.81460635],[ 0.90954733 -0.10636194 -0.40175963]
20,-243.45828179371279,-40.825432765609825,59.97098632444797,6.614835442073393,9.841463461688132,7.044511154786557,6.454716354134486,1137.6005237785052,1136.624209430864,54.46727253683131,[-0.28512723  0.49729908 -0.81938763],[-0.01417019  0.85259324  0.52238297],[-0.95838493 -0.16055648  0.23605072]
29,-316.4299090565852,-304.1298640177919,60.842045826778715,11.02426720147288,8.502985134357898,7.597304301636626,7.882001765787365,2387.254608934029,2386.822825676939,74.23011563905011,[ 0.26629986 -0.08520639  0.96011679],[-0.64723522  0.72231264  0.24362067],[-0.71426253 -0.68629755  0.13720318]
4,-370.4421544016875,-116.32470732643941,155.6808352596264,4.020066640008525,5.176689066698448,2.4904892593632417,5.276170058185668,836.7611600988985,836.7211405393017,9.196991805716756,[ 0.41257079 -0.10240869  0.90515071],[-0.21365454  0.95506337  0.20544027],[ 0.88551515  0.27814821 -0.37215117]
2,-283.62100374196535,-268.91173244087753,60.953634526557906,0.5314450570995746,1.5197541056452337,4.052214052431722,0.02768939792343872,559.4439233651004,559.4099390193927,6.166321144403148,[ 0.68550339 -0.64757158  0.33277042],[-0.12643827  0.34422973  0.93033287],[ 0.7170066   0.67982126 -0.15409282]
2,-200.742954615369,-135.37857511906344,275.8918434985485,3.4729625194221825,1.462049322022196,1.973531507574279,3.9217703145833127,519.1521850507735,519.1469592318589,2.329369723141167,[ 0.22524645 -0.92945731 -0.29218685],[-0.80631702 -0.00948785 -0.59140751],[ 0.54691581  0.36880767 -0.75157435]
5,-476.0966683152045,-21.048259162656546,38.86242141430961,10.048927944756834,5.329912998349414,0.8888847065665066,9.854719924644185,1069.4635394272295,1069.3902788909272,12.942395128753486,[0.07250465 0.17306532 0.98223799],[-0.05714048  0.9839332  -0.16914614],[ 0.9957299   0.04386167 -0.08122876]
12,-463.1182106148594,42.16595813557088,114.45477334761607,5.455435050417843,6.489878899141032,5.2508718960262115,5.448166977619423,1659.2726832806297,1659.1922210614332,28.885067298216107,[-0.22764857  0.12231646 -0.96603044],[-0.11421127 -0.98858543 -0.09825802],[ 0.96702219 -0.08796327 -0.23901998]
16,-288.4055338273616,131.4556621559951,124.64728317598322,6.025861266265682,6.479832073645113,5.286992047579264,4.860187465956893,1362.8372015232371,1362.570148327526,36.42287329845701,[ 0.10244942 -0.55684729  0.82427254],[0.52192826 0.73550109 0.43200583],[-0.84681462  0.38595238  0.365986  ]
5,-161.8942083069413,-179.1229229015215,213.89210433164484,11.050579161168857,8.600824882823511,4.291524206391597,9.24640488965362,721.9693283787927,721.5958668021558,25.507752829941857,[-0.64806282  0.74920876  0.13675093],[0.57232556 0.36063392 0.73646903],[-0.50245203 -0.55554425  0.66250475]
73,-241.40032296257036,-141.03661590391866,296.8965335298697,10.929948579975333,10.708503913971697,16.251739408613755,13.150175374146537,3488.125617271294,3487.6883161750375,153.14145613032764,[-0.67361686  0.70821386 -0.21136095],[0.44283372 0.61571427 0.65176241],[-0.59172513 -0.34544039  0.72837649]
12,-410.51296199460745,69.23348620768051,222.90047588014855,3.3283296345546787,5.976482430644969,11.595983748364633,7.043589020840287,1636.3728369607065,1636.1612106958178,39.770535764889296,[-0.07537608 -0.9831702   0.16641759],[0.48870807 0.10905033 0.86560525],[-0.86918517  0.14657555  0.47226342]
74,-331.7340113506906,313.60580665156,35.20936484198354,13.93862587128285,10.929318580141018,12.120629245332793,11.716555896216688,3942.531418351148,3940.406661422907,154.62419892096497,[-0.40747382 -0.51582538  0.75358428],[0.55576966 0.5147138  0.65283213],[-0.7246276   0.68483128  0.0769477 ]
6,-95.20409991839097,50.07151369335958,82.30414456915132,3.091636322358043,3.8607843413001506,3.672192129976684,2.977035065667803,332.0051453342032,331.95196686207885,13.238338866442383,[0.55562001 0.81882795 0.14424697],[ 0.44419425 -0.43899499  0.78100888],[-0.7028356   0.36987049  0.60763307]
2,-239.58793069903268,-41.138384785074464,146.0044570776996,0.1611525061370287,1.2560736316562817,1.3318952212077164,1.0041305596867858,401.03721114605264,401.0313031760072,2.176831816424119,[-0.29462455 -0.67716973 -0.67426815],[-0.44649514  0.72138128 -0.52938751],[ 0.84488962  0.1450869  -0.51488963]
4,-295.5054869317949,42.47036913659628,4.886361130443831,2.5962384070965676,3.798981622628719,2.9013420452147853,2.3683082738382977,597.2593450843627,597.1858051831748,9.794156229981485,[-0.09500094 -0.56671237 -0.81842037],[ 0.10707018  0.81155253 -0.57438529],[ 0.98970238 -0.14219556 -0.01642026]
54,-227.45896350642155,116.19698250737741,12.098155814781876,16.079787925936976,14.551772548908142,8.447432866323823,17.519059147772744,1885.9981521417546,1884.2003057074646,113.81885740806155,[0.16118854 0.21340914 0.96357397],[ 0.42776284  0.86475859 -0.26308084],[-0.88940273  0.45458675  0.04810068]
26,-346.1910301030772,143.19374106430797,247.52369109608253,14.751727042641845,8.618162994880105,9.64203455559081,9.66366337695476,2291.4204200682157,2290.4353328379602,87.09154456459486,[-0.22035917 -0.9456621   0.23909207],[0.59719231 0.06300966 0.79961936],[-0.77123484  0.31898741  0.55085738]
10,-315.88231353092925,-161.73999967085186,118.25809555008091,6.512855176608501,4.801415251054926,9.931547415792627,7.033796171616498,1183.567122580968,1183.144675587408,33.88932341520565,[-0.49649332  0.85332903 -0.159135  ],[0.200962   0.29134228 0.93527213],[-0.84445761 -0.43237627  0.3161362 ]
27,-368.0022275143611,-160.1591052081521,41.43232739509044,9.486047107387783,8.006968909453084,9.586724947169966,9.793831016227756,2097.700808087428,2097.5475979528073,63.74302218774673,[ 0.39124438 -0.91752045 -0.0713026 ],[ 0.12265109 -0.0248012   0.99213992],[ 0.91207705  0.3969145  -0.10283155]
14,-198.4915201068948,-62.61082139274759,217.1725061131585,10.48251662264534,6.5292210077091095,7.113147088373611,6.390657232316367,1126.5226722566986,1126.00251156689,47.67808136613368,[-0.03038626  0.96744471  0.25125169],[-0.75059697  0.14390906 -0.64489872],[-0.66006125 -0.20818481  0.72178821]
3,-278.9654216919312,60.74719864966164,258.1728461039357,3.7962178297951086,3.6796634492508176,1.1163618296769442,2.962888915048643,666.7627338951958,666.7326583690904,7.815775472393727,[-0.62716891 -0.55415032 -0.5473359 ],[ 0.28526394 -0.81731552  0.50061944],[ 0.72476455 -0.15783775 -0.67067399]
12,-275.23322871342583,116.95316537832419,342.5014348543153,4.679725714701177,6.95355556235219,12.252074479380227,12.047746124995257,1575.8206812722533,1575.7245156234665,29.945561196299735,[0.79579085 0.16816847 0.58175277],[-0.02289167 -0.95162671  0.30640265],[-0.60513874  0.25714972  0.75344617]
14,-303.83379569402183,11.484344350576787,349.357285279006,5.273425226612078,6.241118285980843,4.754677696949619,5.821638036443744,1733.217975022098,1733.0916848075744,27.884543028180204,[ 0.69642853 -0.36529313  0.61769591],[-0.29084702 -0.93056291 -0.22239757],[-0.65604521  0.02477101  0.75431497]
22,-241.68591986625387,-36.78459739177572,263.88869079311866,9.612649987457374,9.268333493110491,8.236008935875745,8.426614983584782,1688.4176559302919,1688.1739017857033,62.0621444401602,[-0.62551324  0.6084553  -0.48838031],[0.39649161 0.78700248 0.47267483],[-0.67195802 -0.10202567  0.7335279 ]
2,-332.46355836387784,-112.32776005932493,222.1955110989665,0.33223238288292123,0.2239291337297047,0.01672744941991766,0.33543623068015904,587.401990590547,587.4019083897764,0.3107567952972652,[ 0.52456797 -0.7478865   0.40680983],[0.29006664 0.60624188 0.74049451],[ 0.800431    0.27043774 -0.53495199]
8,-470.2192249747164,15.78772439199188,60.44381369022648,7.06503134814098,4.62498074322081,3.4944249626750463,7.1460058099737145,1341.8928777976018,1341.8424476254595,16.1192570678175,[-0.09506151  0.48855963 -0.86733661],[-0.09116069 -0.8718937  -0.48113522],[ 0.99128857 -0.03332956 -0.12742097]
78,-376.9225941723685,167.00050239945156,27.11874422752001,12.818838000939794,24.861515533757586,11.843154305885724,19.91868979030991,3657.226315846285,3654.6957494094086,200.72177449631062,[ 0.00839399 -0.14076425  0.99000756],[0.41110986 0.90298796 0.12490569],[-0.91154716  0.40595342  0.06544924]
2,-208.4626973404711,227.36793236699867,48.544013123397846,0.9508242671389127,1.119877330474651,0.5024964836975023,1.3720439617549403,441.6147750159001,441.613579017812,1.0277837431802153,[-0.74298809 -0.66496658 -0.07607992],[ 0.0479717  -0.16628547  0.98491008],[ 0.66758327 -0.72812677 -0.1554477 ]
10,-302.1136061177159,-29.19086301410814,123.24943110608088,9.129790020846237,3.7053703462007337,5.775640650924914,7.36719626706448,1036.539936433562,1036.212992383821,27.560966148156748,[-0.20363945  0.93907716 -0.27688457],[-0.32825261 -0.33192983 -0.88434881],[-0.92237801 -0.08920022  0.37584854]
14,-375.2733009836532,85.19109649626078,76.046779334281,5.515243842720318,6.029143280457981,6.630878643940323,5.188737705895412,1468.14550596197,1467.9417355632208,34.28818029501822,[-0.05977063 -0.7981743   0.59945413],[0.2849096  0.56190636 0.77658725],[-0.95668908  0.21720734  0.19382203]
28,-413.6145991328049,-90.80935475395736,220.92479865113478,6.231210917878089,8.28033613790964,11.560030591038911,7.079206309267776,2528.5359842016046,2527.8474528004003,73.0374226794528,[0.05243834 0.88523206 0.4621844 ],[-0.49750444  0.42445529 -0.75652299],[-0.86587502 -0.19026798  0.46266462]
2,-129.281351333119,-6.931766609407765,32.61949069123387,0.18834658118073833,2.363017494915385,2.315732415156546,0.8705832470847099,188.8741925543809,188.82005798570546,4.521760204189339,[0.14295709 0.68689993 0.71255298],[-0.20496701  0.72488703 -0.6576681 ],[-0.96827258 -0.05203154  0.24441956]
10,-472.5456199267549,-112.55592354406255,28.454262689527173,2.653182798471775,6.4181166480862935,6.792192056361038,2.257530693579548,1538.9522230963914,1538.8882902174698,29.884323025533412,[ 0.21154385 -0.72140161  0.65941559],[-0.11033397  0.65274521  0.7494999 ],[ 0.9711208   0.23130803 -0.05848913]
7,-122.89189609692001,-92.21033733571578,74.56501483275481,2.6780680880391246,6.547987156856054,4.255409159775431,4.254360213130994,452.270562394517,452.06461075808744,18.83087948545209,[0.25621868 0.37809162 0.88960593],[-0.64588787  0.7516787  -0.13344659],[-0.71915287 -0.54039417  0.43679891]
23,-347.247607798264,-6.0514457245584135,304.7175601525421,7.329068566873017,10.24495551313027,11.677530617656142,6.452468052502239,2216.9996732769196,2216.3700610648834,76.30450582913059,[0.36450843 0.82508459 0.43170478],[-0.54994438  0.56485594 -0.61522268],[-0.75146177 -0.01315976  0.65964539]
15,-354.07405649781623,-32.83036573259237,10.813315412122865,6.051042431386244,5.061111665583827,6.3216395731280395,5.713950648390737,1378.2765673294282,1378.1420714609826,32.24706614955653,[ 0.06570353 -0.86989005 -0.48885003],[-0.07137004  0.48455706 -0.87184332],[ 0.99528356  0.09217243 -0.03024698]
14,-254.42958942904013,153.89189651993667,225.49042501319516,5.0360272616440795,8.255616621496092,7.307968746919472,7.990112581438471,1396.933524515456,1396.741420379974,34.20177797711044,[0.70998271 0.17347391 0.68251839],[-0.17667454 -0.89431107  0.41108857],[-0.6816969   0.4124494   0.60429697]
30,-373.5840562101651,-2.049252378690556,118.8210401021222,10.466303295614647,6.464246629192382,10.26094488206914,11.072897362517244,2148.8217138114705,2148.2966477325926,63.59982686478409,[-0.12758341  0.91358287 -0.3861202 ],[-0.2750926  -0.4066227  -0.87119575],[-0.95291476 -0.00493131  0.3031982 ]
5,-417.9127043262192,215.24936965586872,86.79338965348263,8.890855661675266,4.291150880023709,1.235818022500613,8.76561277065183,1069.1461863060465,1069.0976337838322,10.520823639489665,[-0.01339269 -0.3961414   0.91809184],[-0.48525423 -0.80022971 -0.3523645 ],[ 0.87427053 -0.45022706 -0.18151206]
4,-249.96586356989118,-8.42208978498974,247.65947033160018,8.472390976462389,2.130935951788469,5.5702340850901315,9.903605252974243,704.2564126853415,704.2424695437036,6.0720714672117815,[ 0.47721616 -0.75107542  0.45623509],[-0.51745377 -0.65978148 -0.54491283],[ 0.71028609  0.02396064 -0.70350519]
12,-255.66547783191137,43.986996739829415,203.32933762088302,6.384099445019184,5.447747550440476,7.306300713376996,7.640081937576818,1142.3514772045078,1142.2067576236075,28.08404846302848,[0.57673125 0.54665779 0.60708016],[ 0.25644422 -0.82670314  0.50079765],[-0.77564001  0.13314345  0.61697276]
5,-149.1859832756236,104.7003788452957,96.91686090223497,3.2390077560650794,2.6044550979451566,7.354085010338428,5.019870909832537,461.94683510366605,461.737583501602,15.236252599427216,[ 0.512431   0.8490689 -0.1284386],[ 0.46411384 -0.14799473  0.87332463],[-0.72250455  0.50712874  0.46990171]
5,-282.2327264188817,-108.09240460839874,73.34017787812333,6.813140457350956,5.250312507407729,7.08768736373266,4.919428418874502,695.7036050818929,695.6430365609696,22.362338779309386,[-0.4106631   0.85112741 -0.32701368],[0.08704324 0.39360888 0.91514782],[-0.90762288 -0.34735311  0.23572553]
14,-418.2908967080631,-221.92756681453244,9.174714382057688,7.409598359272319,5.782681014056268,4.980318419608188,8.432839192191457,1772.4611883460373,1772.414307937064,24.272782772224623,[ 0.4131659  -0.75771427  0.50513665],[-0.22195944  0.45417624  0.86281977],[ 0.88319191  0.46860755 -0.0194683 ]
9,-461.05751371867234,64.58326191916122,32.910459155032726,8.449048084640669,5.475651161233425,6.631385850912749,8.767222466873774,1400.5630048748988,1400.4744056848322,24.843397967797795,[ 0.10051749  0.91554512 -0.38945265],[0.11847722 0.3776354  0.91834343],[ 0.98785595 -0.13845085 -0.07051228]
25,-229.87202991606705,103.85695833620858,166.75728943452629,9.754229814849111,6.332436704612544,5.441777824114513,6.245502129692591,1513.0380177170125,1512.4818048982452,55.9303798542182,[ 0.11608378 -0.76332553  0.63549878],[0.63895406 0.54724782 0.54060848],[-0.76043558  0.34329865  0.55125654]
11,-302.8291005133833,-85.36528727680337,78.42658071539343,7.280458426958153,5.031329488290475,7.766672823409003,9.011806057362234,1076.0721750197517,1075.9379797667066,25.131236978698137,[-0.2590174   0.96456803  0.05018466],[0.24681911 0.01586714 0.96893166],[-0.93380422 -0.26335669  0.24218368]
11,-311.3347821504016,-218.9972828416956,110.08078586341244,3.421842281368427,6.787836081791641,7.1482474990898,6.080669761965595,1314.585308021374,1314.3893514649972,28.179350636916496,[ 0.61866236 -0.70243566  0.35191054],[6.08530013e-04 4.48347106e-01 8.93859330e-01],[ 0.78565674  0.55278297 -0.27780293]
23,-399.87815076510867,-69.55265521794784,84.27129430130324,6.879502160415695,9.56823152006213,11.609059373859113,6.46018671237411,1989.1371499177628,1988.7968084332986,73.00263997022024,[-0.10622826  0.95323959  0.2829308 ],[-0.241247    0.25133141 -0.93735394],[-0.96463228 -0.16782969  0.20326769]
2,-239.60546178348136,131.51561411314754,234.3855497996193,3.523420292829769,0.5233920025759318,1.8081267530941005,0.9764391989825754,509.23408719174927,509.20462229074093,5.477973690885626,[-0.08254175 -0.90275439  0.42216273],[-0.74183761 -0.22721095 -0.63091373],[ 0.66548014 -0.36525292 -0.65094277]
2,-474.58127856208364,77.73822216218807,47.75408635891441,2.052051844241845,0.07035344474706307,0.48937778925438025,2.0521923563835855,683.4552352093499,683.454878412316,0.69836199343536,[-0.17348887 -0.56256435 -0.80834582],[-0.07443555 -0.81095442  0.58035531],[ 0.98201882 -0.16085485 -0.09881677]
10,-412.37679060031115,-3.6896670967454255,255.64838121668646,3.986521540633992,7.628716208262725,5.895101755098568,3.3635013456349854,1534.6604853053286,1534.4387230406405,31.278676853082825,[-0.41699008 -0.60167208 -0.68125618],[-0.32218117  0.7987073  -0.50819873],[-0.84989327 -0.00757408  0.52690044]
3,-128.0375940208037,38.74248909050564,143.44044671112405,2.1706763590218556,3.554110116294581,2.7844742922284262,2.773281096189399,339.82983366688677,339.7531011697645,7.259584211233357,[0.75184085 0.05079285 0.65738529],[-0.09251176 -0.97903912  0.18144962],[-0.65282226  0.19723711  0.73138268]
4,-155.11603889737336,78.34609034209025,64.02812854220065,1.7209498685120959,3.4087910964262784,1.5175264913482993,2.7871692739605396,370.48376520860637,370.4460197086038,6.014533347356915,[0.5153425 0.4014567 0.7571358],[-0.1816553  -0.81223967  0.55431767],[-0.83751027  0.42320118  0.34565488]
17,-421.9966745603284,106.71229063824158,186.827840252687,5.4721130359728045,14.99847423882261,10.435954810136417,6.048052270732214,1954.5497157028876,1953.2539947748364,74.81665245763872,[0.45419757 0.43184272 0.77924093],[-0.00502983 -0.87340922  0.48696102],[-0.89088679  0.22509596  0.39452825]
12,-358.58834676309954,-206.13832001052845,167.73952234972353,10.203278920940472,5.3528818777997325,8.193517386911276,10.38518786065037,1546.8678299539972,1546.6331772052797,32.96891894979184,[-0.55329458  0.81217316 -0.18504017],[0.21972085 0.3565724  0.90806325],[-0.80348482 -0.4617693   0.37574096]
