N,MEAN_X,MEAN_Y,MEAN_Z,SIGMA_X,SIGMA_Y,SIGMA_Z,SIGMA_R,LAMBDA_1,LAMBDA_2,LAMBDA_3,EIGEN_1,EIGEN_2,EIGEN_3
149,-383.01682995535896,61.82234031861483,267.7721252891076,21.310480824556215,47.02654609036306,29.02698094327095,11.652435551708011,5796.95650456023,5758.580945558663,709.065377307925,[0.52998963 0.57193796 0.62609741],[ 0.24166857 -0.80957082  0.5349686 ],[-0.81283904  0.13221975  0.56728356]
14,-53.68842664596632,-1.612443669964531,47.199462799566355,7.843145555594637,10.77393491755537,6.691645310136617,5.583357368635105,272.58000147230683,269.0725384955524,51.825783071901945,[-0.53996746  0.59477035 -0.595553  ],[0.37705728 0.8035326  0.46061173],[-0.75250445 -0.02415775  0.65814395]
223,-249.01599803945842,-201.5047574984953,310.3117795735116,30.44499625102825,30.462184437658422,24.626528503971908,35.0844669791115,6695.897662416638,6685.30845234008,530.7198813124231,[0.6727787  0.24281566 0.69886292],[-0.48443511  0.85853228  0.16806234],[ 0.5591882   0.4516225  -0.69523066]
211,-286.33424771582133,231.92129376360774,278.1359269262482,28.571237809033857,16.459784031338177,14.453032665950639,19.963678571537976,6722.150821300774,6716.973654087654,429.685170139783,[-0.36826375 -0.86471674  0.3415359 ],[ 0.69149516 -0.00919784  0.72232254],[-0.621463    0.50217562  0.60133467]
12,-245.5619609149246,-184.28788273345313,152.68910741210965,4.452913907691713,7.568163396373969,4.346501513641286,5.307118978501652,1188.2151492852302,1188.0567218829042,28.458053139540745,[-0.62799103  0.2177988  -0.74712177],[-0.30466363  0.81460594  0.49355571],[-0.71610567 -0.53756939  0.44520985]
8,-143.55548478466125,-143.0677901987281,82.7212452591917,9.146007275109337,5.342180796464185,5.860099290896566,10.31471585241338,620.0546410696568,619.893490885531,17.85372012032473,[-0.51222512  0.75321312  0.41266865],[-0.55410055  0.07729249 -0.8288537 ],[-0.65619967 -0.65321961  0.37776465]
8,-298.5164814961702,-186.67643624613407,209.78647277089243,6.065049839263918,4.033671391443545,3.975853852207482,6.1349625334761555,1159.4009940338665,1159.3828463966058,15.852009349185266,[ 0.49250677 -0.86740881 -0.07098622],[0.47629604 0.20037167 0.85615026],[ 0.72840865  0.45547025 -0.51182779]
251,-333.13036394540586,-42.697218980004614,220.1252890554648,19.484973981949505,30.782435661002815,24.890810288782415,18.523445946839708,6393.095391779435,6375.512439142145,638.7323010771245,[ 0.49835391 -0.58408598  0.64069256],[0.25202066 0.80468441 0.53755798],[ 0.8295354   0.10642636 -0.54821935]
7,-207.04325018363247,-226.63620049737034,65.6017851210268,5.4051473261494305,4.144975767089889,3.3248728598560224,3.061017719259679,830.7180897148262,830.5764219871337,18.361542064459467,[-0.20236656  0.43829788  0.87575267],[-0.72385632  0.53537247 -0.4352107 ],[-0.6596058  -0.72199119  0.2089232 ]
28,-293.26944802513157,125.71521888246717,130.6604927391018,6.84255466950083,13.869558808243548,13.360318717789468,9.126963036430485,1826.7565729250152,1826.0556516223528,96.6676470027842,[ 0.20863467 -0.42848987  0.87912912],[0.48331568 0.82664489 0.28820857],[-0.85022204  0.36476659  0.37956266]
3,-408.966563009049,-129.82690298291882,199.87578935778558,1.4432730300006722,0.8815781235357849,2.9527807501686563,0.11691796367729843,819.8837866544995,819.8654726773116,5.889931545656522,[ 0.24699357 -0.96165083 -0.11925541],[-0.43877439 -0.00126031 -0.89859638],[ 0.86398565  0.27427375 -0.42225905]
107,-140.64740979634163,-118.96804631065729,189.66407258864098,12.999048038652028,17.60782562097379,18.06054747514993,21.170319065048677,2749.605130720009,2744.8476906939113,194.96180127277728,[0.38519177 0.62617022 0.67789244],[ 0.75539003 -0.63590275  0.15815686],[ 0.53010678  0.45115247 -0.71794724]
206,-380.4385275113285,89.37816678959717,161.8192493555465,17.730395913702644,27.944265459991442,28.151170218550526,23.849410033218163,6097.277919079875,6086.118119261877,519.5811049535697,[ 0.11343955 -0.73139853  0.672449  ],[0.42427321 0.64766485 0.63286846],[-0.89840064  0.21350979  0.38378361]
7,-469.37394944361506,110.111289294431,12.854913587741269,4.141393226324641,5.918725271955726,6.231387597260023,3.7606744501897245,1276.244626990504,1276.0712244608967,23.219573857885624,[0.17975253 0.68364022 0.70733661],[-0.14323207 -0.69319674  0.70637303],[-0.97322844  0.22828563  0.02668466]
31,-229.578435222115,260.1625294634554,305.45864924801657,9.157037579543761,14.024716559366135,11.159729034688137,11.185485475305656,2576.126581437292,2574.719231913572,92.98725546958832,[0.82424911 0.54435605 0.15585218],[ 0.27181879 -0.62185628  0.7344449 ],[-0.49671718  0.563002    0.66053069]
74,-360.98907906455446,-157.95571228134355,231.82148699794317,13.753088622827777,12.348644330897825,11.479389280736955,12.551017405910617,3936.3090354466885,3935.051342219829,153.45089113270626,[-0.56517758  0.73105399 -0.38227525],[0.23841153 0.58834826 0.77266181],[-0.78976847 -0.34555231  0.50681294]
164,-216.68252721462437,-112.03221922439866,153.51036896991297,19.11615190614236,15.922784732190626,23.807136441775043,25.73855598085438,3712.567159480212,3710.293495281049,292.88998216462517,[-0.65406703  0.32511334 -0.68300632],[-0.0905185   0.86279853  0.49737823],[-0.75100115 -0.38714341  0.5348993 ]
2,-295.1563502239446,18.02560035761279,195.25424651009547,1.3251426891685867,2.9340400385919985,0.2950031524265313,1.0904286993017251,501.15240346016907,501.1339208957594,4.304047112527327,[-0.53614012 -0.32065571 -0.78085446],[ 0.13694295 -0.94582753  0.29437545],[ 0.83294682 -0.05089398 -0.55100763]
38,-289.75790903904254,122.2458045253693,257.53083404474114,12.46210089093261,8.896159241298573,22.59302380793855,14.521555114954356,2510.8113573073456,2507.738099105504,144.39325482658938,[-0.47212052 -0.8737477  -0.11690667],[ 0.51912326 -0.382753    0.76420624],[-0.71246982  0.30010848  0.63428831]
8,-258.5493015712607,45.65144367140414,205.43977891439232,4.712647214807958,6.393853982497094,4.644580741054591,3.902226366615524,943.1630698898769,943.1003459227376,23.5910237896194,[-0.5872078 -0.5149055 -0.6245473],[ 0.23170307 -0.84622224  0.47981415],[ 0.77556476 -0.13704108 -0.61621348]
21,-311.44677939043515,-219.06198572057033,105.69671343420389,4.834330126053877,10.013659236432593,9.390368299070971,8.299703131369467,1811.7881057653053,1811.630622262042,54.72493829067721,[-0.59779737  0.58486919 -0.54823931],[-0.14748541  0.59197641  0.79234588],[-0.78796342 -0.55451958  0.26762227]
9,-468.02439366865633,24.34180805789688,60.634406357262186,5.720158562137786,9.26968485537738,1.899831020677269,5.987104185174806,1418.0671956108292,1417.814580245799,27.818100398477757,[0.13207946 0.07800627 0.98816499],[-0.04105313 -0.99561285  0.08408142],[-0.99038864  0.05167269  0.12829761]
70,-352.33765838456037,-199.5708132454091,86.47284520288619,19.114557685377864,13.611270633095549,11.198815160491357,18.875587018056258,3470.4256521336915,3468.6333717344096,148.59053390029422,[ 0.31751785 -0.15469105  0.93554962],[-0.41807638  0.86269969  0.28453716],[-0.85111372 -0.48147682  0.20924987]
118,-239.2374518969271,189.05806303106397,47.48450835782425,26.563080094175476,18.132717782369134,16.800699100151878,19.874571185533767,3372.1410385736876,3362.8762718671287,324.4670221274342,[0.34159385 0.20207827 0.91786601],[-0.52906076 -0.76583455  0.36550261],[ 0.77679364 -0.61046033 -0.15469269]
111,-244.86449160304625,6.403548893093623,18.43565886735208,11.082349382049001,25.88191824920308,10.119606279417836,11.211696325188795,2605.2115783763174,2592.673096691152,291.5464529415016,[0.07821462 0.12239551 0.98939467],[-0.01736304 -0.99211718  0.1241049 ],[-0.99678533  0.02688572  0.07547291]
49,-315.4258026489741,148.14360778925774,317.88366472784674,11.844462646067287,11.426056911534431,13.174737091129199,11.383688989967416,3303.983988247999,3303.9220399512756,123.9398956951858,[-0.06064172 -0.92650637  0.37136037],[-0.74106225 -0.20745215 -0.63858464],[ 0.66869225 -0.31392602 -0.67401864]
180,-349.9462582874401,-162.03169400800834,157.2197997442711,20.077988542917726,25.741767444350682,11.075818579518883,19.832653358510754,5604.1511805963755,5595.899360670494,379.1258294745719,[0.2618566  0.31713985 0.91151162],[-0.47487084  0.8645662  -0.16438664],[-0.8401957  -0.38980457  0.37699283]
10,-106.51359652027202,114.30810735281582,85.35621534764644,6.434610548016636,5.1821205812306985,5.0745033249186875,7.262956222014081,563.737190040576,563.566399171033,20.419125292340258,[-0.08085267 -0.64374277  0.76095866],[0.79714351 0.41655421 0.43708674],[-0.59835197  0.64193289  0.47947585]
4,-249.49484216780655,-159.3266576026889,231.38217906705054,3.971466222164574,3.5332032936596347,2.679586500258448,0.9571938678545067,751.5116449115345,751.4910249785847,11.745638051563578,[-0.30115091 -0.60217844 -0.73938437],[-0.6843522   0.67644558 -0.27218274],[ 0.66405587  0.42403124 -0.61581434]
53,-329.8286832088868,170.33590559752932,163.3739975374113,15.078899789058713,15.181379042365151,16.9612909649806,18.800378586114615,2958.865287561422,2956.252631371623,144.57367223532648,[0.55690027 0.35873677 0.74911282],[-0.16940584 -0.83389774  0.52527727],[-0.81311977  0.41943114  0.40362577]
81,-370.08553662624917,175.40609450362393,36.90162337319182,18.83732398043881,16.08527677161824,21.397479169921173,17.03245837546575,3710.9680999018506,3705.797388979578,249.62259793564405,[ 0.33145925  0.80220797 -0.49658548],[0.28263498 0.41773909 0.863488  ],[-0.90014012  0.42656351  0.08826855]
135,-284.70929889340846,179.084818550255,219.2664179161076,28.47631408831499,18.26057791394091,17.069497172958265,23.678512643124325,4683.180167638885,4675.870101063541,343.520081576172,[-0.30779967 -0.89225205  0.33037197],[-0.63323621 -0.06704729 -0.771049  ],[ 0.7101206  -0.44653212 -0.54436917]
29,-373.22901042461143,-0.9771494645288205,119.98139919771668,12.24096637011902,7.924139999561061,11.026897677182443,12.353848732790416,2113.3409351618616,2112.425937233049,72.26468668122044,[-0.16854532  0.83862961 -0.51796993],[-0.25547172 -0.54469723 -0.79877351],[-0.95201191 -0.00230287  0.30605232]
77,-213.20112479173952,51.303210998035205,84.5526378948164,14.124987308269821,15.190298866165826,10.649850672467457,13.332926572717215,2070.6667834157506,2067.278563672772,169.5635386008778,[ 0.2329329  -0.45082534  0.86168369],[-0.34993981 -0.8655601  -0.35825667],[ 0.90735021 -0.21808766 -0.35937915]
52,-251.96648102944386,-255.83615864213138,22.251227522471535,8.8745748232144,16.758451146732572,13.810213125201116,14.376478898892449,2598.993621339152,2597.166340247744,135.52479499402625,[-0.46726536  0.52241815  0.71326177],[-0.54041843  0.46972233 -0.6980751 ],[-0.69972209 -0.71164613  0.06283942]
7,-324.8140076507396,60.66897575033272,263.01564834317253,5.375199825006751,4.482709930104148,4.832013818341885,5.70997614577893,1117.5593459270763,1117.5259077422336,16.703045701198327,[-0.63767055 -0.10697991 -0.76284439],[-0.04288265 -0.98384358  0.17381854],[ 0.76911465 -0.14355175 -0.6227805 ]
27,-233.71846849548922,-48.251415357698356,267.4612648141572,9.297635853706586,14.55128022357575,7.2290602369149255,8.61273863019258,1864.830725471622,1863.3916124219916,86.35269201614848,[-0.67159171 -0.35405042 -0.6508555 ],[-0.35181059  0.92547907 -0.14042006],[-0.65206892 -0.13467291  0.74610276]
3,-452.42537591992976,-121.22113054237819,112.19008444475378,4.07282520654826,2.011050231820218,3.1464567614504895,4.7107050560613075,834.2667261932826,834.2520981324585,5.005069662807077,[ 0.10641341 -0.85964386 -0.49968852],[-0.32603586  0.44459146 -0.83428955],[ 0.93934914  0.25169597 -0.23296423]
15,-328.29910675310543,-151.97165431068592,23.334201069439665,9.855128777714324,7.777727072989251,12.092868560845762,10.841980323174676,1405.5047516308807,1404.7989921188046,53.075149422286295,[-0.41338322  0.90618942  0.08907883],[ 0.09500881 -0.05436884  0.99399062],[-0.9055869  -0.41936232  0.06362081]
71,-159.05893829983756,16.125532510904467,60.6024483857166,8.802968016373818,15.844760878027977,13.977770405803495,10.00134641495461,1450.7569127229897,1445.8125361069172,174.1663499828083,[-0.34170903 -0.582479   -0.7375318 ],[ 0.1364782  -0.807207    0.57427394],[ 0.92984334 -0.09557757 -0.35532561]
4,-243.5362170141062,-10.534252343186873,239.48331381143373,5.942293157859226,2.495466036812916,4.439540431457821,5.594182769192876,683.6133227189783,683.5408713532092,10.937113288798212,[-0.26919794  0.93457893 -0.23258268],[-0.64773388 -0.35441146 -0.67441333],[-0.71272245 -0.030899    0.70076527]
43,-412.7856854593558,-25.50978242760095,248.0278491443218,11.444042167291823,22.138712655731254,12.662399840229993,7.291085624340794,3167.131372612616,3163.1397370706577,176.7448567631397,[-0.45822506  0.53817895 -0.70738477],[0.23913603 0.84115628 0.48504647],[-0.85606294 -0.05309926  0.51413686]
4,-372.81009800668176,-3.4540754851182784,190.47514029497017,3.4765641623342085,4.530635827613499,6.2194671661577905,1.3652379133637351,837.4630225547737,837.3703740636671,16.659322085201666,[-0.17531972  0.92884119 -0.32636949],[-0.41989917 -0.37038695 -0.82855187],[-0.8904761  -0.0082192   0.45495578]
6,-183.52262362700387,206.67668002321992,244.88928445858687,1.8438164766104328,2.927536637906281,3.1223171658867077,1.8126950500898065,904.6025727349668,904.5678247826635,10.518782943719412,[-0.85423152 -0.44997848 -0.26039944],[ 0.15266915 -0.69590435  0.70171879],[ 0.49697146 -0.55967535 -0.66316127]
16,-410.2202104899791,-107.56195311018216,125.99492318612117,6.700652737449977,7.209321117872596,7.59235881392401,6.799009637663464,1770.2124948726928,1769.9580502878118,41.69008170030085,[-0.01458203  0.78332989  0.62143515],[-0.37421554  0.57205866 -0.72987096],[-0.9272271  -0.2431937   0.28479244]
72,-40.8497463755595,1.9852085653933895,14.992130264383857,18.479128067039376,21.6749046397741,8.639362875775905,18.159322488278043,440.4615839087232,406.82307340652727,203.1929831457024,[0.30623306 0.29309086 0.90571467],[-0.02147192 -0.94905568  0.314376  ],[-0.95171438  0.11571976  0.28433901]
169,-134.0944358922705,108.90179079518684,161.5082989151216,23.655310270088016,21.505783980482942,23.25830612657883,33.976724730057974,3113.1171795040095,3109.8568962465174,261.78130584852556,[-0.57372666 -0.81558738  0.0751993 ],[ 0.59030592 -0.34810449  0.7282597 ],[-0.56778221  0.4622126   0.68116289]
59,-333.77971505500176,313.6579614262356,34.08392246755161,16.874032051513822,12.101565334523675,10.282510294903792,11.270566504486535,3531.9138938691367,3529.4495733058297,155.7338306709239,[-0.22157453 -0.3355219   0.91560351],[0.64997392 0.64913523 0.3951675 ],[-0.72693784  0.68267746  0.07424865]
7,-257.5033441408921,1.51364739283669,194.61434287108014,2.8714644788832984,4.560244976152992,4.222316069698916,2.8612835905652414,854.1520105310256,854.0498806824335,16.41319820679333,[ 0.44867762 -0.66337618  0.59884926],[-0.40283802 -0.74827099 -0.52707879],[-0.79775305  0.0047508   0.60296559]
11,-337.0563872882622,199.26658482386117,285.10790403072275,4.712644410775116,6.217716671503946,7.032052785987308,4.0159872577747215,1606.7159940632205,1606.5716934917084,32.14739347696505,[0.71760536 0.36635884 0.59230376],[-0.02796128 -0.83462016  0.55011576],[-0.69588843  0.41132759  0.58868404]
201,-312.525105584288,-253.56718341481613,163.92867414445809,26.87144607180706,23.302677811809613,26.856555713690963,31.860746478927926,6187.598246756708,6183.1334095842685,441.6294491122553,[-0.38538332  0.78708824  0.4816345 ],[-0.57844218  0.20060404 -0.79067229],[-0.71894669 -0.58330962  0.37797559]
2,-295.3710281248784,347.0155359194532,174.54762061289037,0.2539447290575083,0.05671625973118921,1.2334922183306674,0.635246632720623,690.1192469339583,690.1175288730716,1.5399126009882855,[-0.78692602 -0.60225123 -0.13431643],[ 0.11990599 -0.36277705  0.92412952],[ 0.60528506 -0.71111622 -0.35769222]
106,-203.02778339777092,106.40500154587848,27.048225901280773,35.461392370840116,15.794776547090985,17.292370805859253,34.90467992918194,2413.1534975488753,2407.1803179148005,243.139495462231,[-0.41407822 -0.86464745  0.28447146],[0.22423213 0.20599589 0.95251543],[ 0.88218999 -0.45820353 -0.10858333]
24,-311.0437765366216,9.205576721756483,352.22579870424175,7.347949391083075,5.486428837917806,8.31856370819827,9.64209005726409,2303.1720578728905,2303.1121446573907,37.92484465336659,[0.50602372 0.74931209 0.42716669],[ 0.55315213 -0.6619245   0.50584452],[ 0.66178751 -0.01968116 -0.74943308]
20,-389.7620530179418,-260.19892940942117,114.52232884771963,8.394851510969096,11.376761284635734,13.448212492826897,6.196427349484817,2158.9809557045755,2157.8849575751847,83.04381039874963,[-0.55106083  0.54899096 -0.62844323],[-0.20860115  0.63856969  0.74075253],[-0.80797124 -0.53929368  0.2373706 ]
18,-314.07242617034876,-159.58348876181324,123.59702397792451,4.769174757664393,5.687721394181229,8.22839036258502,4.8822526376108595,1584.4798778134846,1584.266822235723,42.293290497748316,[-0.47459691  0.87713674 -0.07340917],[0.25904364 0.21889389 0.94073474],[-0.84122183 -0.42745362  0.33110306]
29,-198.02210813666926,-65.21988861189035,218.23148052898637,8.803603199981728,8.989986825228065,13.4071556850187,8.752343724009659,1627.9801079802435,1626.3418790258206,87.18128952054577,[0.15480426 0.89921236 0.40920993],[-0.73919805  0.3802286  -0.55588889],[-0.65545548 -0.21643322  0.72355703]
3,-240.7033569176963,45.33216692564926,185.8665678606641,2.692175897289919,4.933072268566095,1.6347790871958177,2.579152917372903,532.6464125738502,532.5853590038652,9.117141486401643,[0.60686815 0.39543449 0.68945095],[ 0.13728789 -0.90656401  0.39911618],[-0.78285573  0.14755763  0.60445319]
73,-135.8802259670386,-120.6074470909071,25.22938864471894,15.586692911703334,17.39191090429935,16.22292040698644,14.686689497301415,1581.9142572551966,1576.5209659183997,206.19935129508136,[-0.37144615  0.56875938  0.7338532 ],[-0.56058976  0.49267783 -0.66558822],[-0.74011275 -0.65862077  0.1358374 ]
6,-381.2512765483982,-14.055815043320964,269.2507149261443,2.286897637097273,6.607377789233927,7.185076579804029,3.946565165808799,1143.9922057571907,1143.9113933715878,22.523339589181067,[ 0.4563291  -0.64552156  0.61242606],[0.35388333 0.76315209 0.54070831],[ 0.81641309  0.03001356 -0.57668782]
20,-378.4749966936244,89.71006697379731,81.01132282258177,8.566713453144109,8.518305958736693,5.485736790275467,7.424919796768359,1777.7340090522255,1777.2056130659205,49.049826391589036,[ 0.05633839 -0.52753348  0.84766409],[0.29883259 0.8190006  0.48983376],[-0.9526411   0.22571321  0.20378537]
58,-372.0420005395116,-296.970132503404,17.527302438886853,15.890495671013575,20.996270014238867,11.572843684890243,9.085615587162474,3633.3444774172735,3629.528808507228,208.0488072494235,[ 0.06430367 -0.02183315  0.99769151],[-0.62130742  0.78148024  0.05714644],[-0.78092389 -0.62354787  0.03668695]
11,-412.90148486027397,234.6011636309606,8.633379714121965,6.779011097214471,2.399927091748045,6.412145178072747,6.473132484053921,1575.6008642446561,1575.4883603535266,23.62015471438894,[0.48945182 0.85528472 0.17007344],[-0.06838823 -0.15678315  0.98526245],[-0.86934456  0.49386952  0.01824639]
33,-311.38452753526013,-311.7772115346959,59.45342515246417,8.399704785561244,13.273619737776901,10.260881493889732,10.718802808437127,2556.1784896053123,2555.2927374729848,88.70568904915334,[-0.54620763  0.40571016 -0.73284139],[-0.45980182  0.58607155  0.66715997],[-0.70017106 -0.70136967  0.13357048]
51,-203.5087178215137,-149.14307621983207,71.04357712038356,7.900872174804622,13.271300009693388,13.19172164125856,12.567457582117806,1875.9326885978644,1875.60259590649,114.6807868924946,[-0.59146389  0.80632943  0.00182016],[0.22027059 0.15940198 0.96232628],[-0.77566187 -0.56958218  0.27189118]
19,-256.5017069009138,41.915065995672165,248.13187255565356,5.078196736401756,5.7968710214813575,6.616445915489369,6.087984992483815,1566.7273841753542,1566.7044589930883,35.51061271353576,[-0.29984681  0.84017721 -0.45187846],[0.63294193 0.52960984 0.56471048],[ 0.71377616 -0.11668619 -0.69058521]
2,-376.4638081794253,-66.88684908824266,296.24534350845863,3.681210588922198,1.368654908486043,2.677481156256505,4.694238285517713,684.0800339629185,684.0792190652394,1.055892892147996,[ 0.62678903 -0.22861719  0.74489576],[0.03700149 0.96364304 0.26461855],[ 0.77830997  0.13829775 -0.61246006]
28,-299.49103851369966,-253.45556749578682,250.36772189624352,7.526205162300342,15.43499472315213,5.902398944692911,7.754301041866159,2464.5298133197603,2463.2522719068306,87.10451594856771,[0.40960139 0.34872564 0.8429811 ],[-0.6469204   0.76255672 -0.00111934],[-0.64321124 -0.54488318  0.53794202]
2,-229.6373954778344,-105.49345207181801,80.00281475819426,2.087036194457795,2.4494463359365284,2.526997115720647,1.595742695866818,374.91170539997466,374.8738444461018,5.328001137125185,[-0.46316297  0.41387715 -0.78370005],[-0.18690927  0.81876245  0.54285632],[-0.86633999 -0.39791175  0.30186298]
33,-341.01061207530284,249.39823944326736,56.73252632940966,13.116665979465763,13.46166891857823,12.939451230729446,14.967527244900163,2451.8600298758947,2450.6474049946064,98.44362862374209,[0.58762531 0.71974873 0.36967318],[-0.12123188 -0.37340091  0.91971441],[-0.79999958  0.58526364  0.13216333]
18,-464.7718260803471,31.261844076941845,116.70311916249418,3.0663878389521755,7.1432163638443615,12.137923316983859,3.655576861764327,2038.2179659837816,2037.5458761473392,59.20606942788694,[-0.16677386 -0.88923722 -0.42596201],[ 0.18848055 -0.45279732  0.8714641 ],[-0.96781277  0.06505188  0.24311868]
9,-299.7383902478251,-116.99022325849677,93.97024151559988,6.42697494875959,8.494712903304308,5.423529237480851,4.031858019867897,1006.1484274548022,1005.7696548597937,33.89070705420964,[0.08443658 0.4833803  0.87132884],[-0.43954123  0.80284517 -0.40279417],[-0.89424492 -0.34897439  0.28025507]
29,-384.4108771815462,226.739945647532,132.318151706608,9.43468614015121,14.16684109969173,9.17360261904253,10.131829266301883,2508.419780301998,2507.937174672091,88.50505345718128,[0.5015346  0.40410691 0.76495794],[-0.25805833 -0.77407314  0.57811476],[-0.82575356  0.48734832  0.28394131]
7,-331.4130536331215,-349.3428718114246,56.29495382882792,3.341980830906894,3.314466974021361,4.484920035052387,3.2645012423039264,1282.784180951874,1282.751950107841,14.913433864347907,[ 0.72815797 -0.66243804  0.17595968],[-0.04988563  0.20482038  0.97752751],[ 0.68359154  0.72057231 -0.11609545]
17,-341.5245876247769,-210.03140906808275,270.31230690389447,7.212449839857493,3.656691562090753,6.80877291569528,5.459913611049255,1994.1215063444479,1993.9413406873775,37.28505736295498,[-0.30181103  0.89906356  0.31716685],[-0.64033503  0.05530424 -0.76610214],[-0.70631519 -0.43431113  0.55901046]
4,-394.2690402203299,103.38611906801785,16.12377887635332,2.7395906068947964,2.7536444575042487,4.4844575797618225,3.1133948552239654,815.9183818733151,815.8620083091628,10.094513998292939,[-0.24974478 -0.89461892 -0.37051928],[-0.05862211 -0.36797376  0.9279864 ],[ 0.96653556 -0.25348039 -0.03945508]
9,-283.0901671587344,55.12796108480356,162.92088062589175,5.918586069206745,6.516208312337066,5.610337438812935,3.6610233073044034,994.1643578211191,993.8523527053098,29.298382391091298,[ 0.24369046 -0.70792532  0.66291531],[0.45843348 0.68642068 0.56450456],[-0.85466585  0.16633819  0.49181084]
3,-384.95391905433235,-230.16676072897164,69.55681892326602,3.63317150880617,1.5591985079005266,3.6223554965579328,3.4131606287120957,786.190782427364,786.1627585480835,7.151031845907289,[ 0.51648177 -0.85589407  0.02630434],[0.11779125 0.10143966 0.98784372],[ 0.84815789  0.50710485 -0.15320856]
8,-426.411390398245,65.01415751989455,103.90690358765693,2.9461096043076487,3.1781558336821285,7.328846388931841,4.262605003620274,1255.1172900871968,1254.9941754262754,20.799755344847426,[-0.09478155 -0.97118606  0.21866433],[0.25960428 0.18793958 0.94725094],[-0.96105259  0.14654811  0.23431085]
4,-418.6096108563951,-4.438446461597996,49.39425915506432,3.6525049599409867,1.1523561869741994,5.7833219806693075,3.0301966122263293,843.185205379754,843.0993856966785,12.451950700839554,[-0.0046507   0.99872612  0.05024454],[ 0.1174705  -0.04935157  0.99184934],[ 0.99306548  0.01051505 -0.11709134]
32,-302.76260162528433,85.8772596174716,249.75984048671626,11.994695862919283,6.334497912809627,10.829567462855833,12.841709497746328,2274.6042885678667,2274.202175785935,65.92698450294455,[-0.14834368 -0.97657908  0.15584432],[0.6403656  0.02523154 0.7676557 ],[-0.75360869  0.21367421  0.62162471]
42,-354.3642608495443,144.72038539715172,241.18766292222045,12.884558008027888,9.724283896848018,11.774141060028303,8.375134714435431,2934.3591028622563,2933.1270560589196,117.27802806956743,[-0.07259038 -0.89862498  0.43267052],[0.61734617 0.30023776 0.72714579],[-0.7833354   0.31989128  0.53296832]
30,-434.587679999178,178.0841481703753,41.004817631750136,9.565560505225461,9.283576558500977,7.877391009526502,10.685109182328636,2583.294966886712,2583.197491323348,61.40640890259887,[-0.18100523 -0.22059491 -0.95842318],[ 0.34286947  0.8992258  -0.27172319],[ 0.9217796  -0.37779736 -0.08712931]
2,-197.14547019077497,-180.07254755369271,310.63470328149447,0.5248902989916786,3.9635671410095767,1.9329596768595536,0.5291583998285603,579.3204629381227,579.2869025888821,6.235644940175767,[-0.87441586  0.30126751 -0.38030882],[0.06127237 0.84614961 0.5294115 ],[-0.48129264 -0.43962338  0.75834601]
34,-416.64131488726383,-90.95496965733093,217.23208958194522,6.8927963921762725,10.66792588769379,12.138447629764984,7.900953328348242,2792.126424364388,2791.445930424312,91.77836665271093,[0.15300666 0.77223813 0.61663379],[-0.46786845  0.60622517 -0.64310975],[-0.8704528  -0.19010342  0.45406235]
3,-244.80601947179807,-250.8615492463514,62.57024013467719,2.040983258285789,2.830122521601026,3.0021463351199356,1.4198644112570924,616.7433240649104,616.7304974072026,7.584746820044021,[-0.43536668  0.20624511 -0.87630977],[-0.58116437  0.67901197  0.44854288],[ 0.6875346   0.70456064 -0.17575688]
17,-344.53824062118065,-114.19281631829693,259.29029190637704,7.378512760457908,6.901825347795206,7.7454155635922906,10.343611359081994,1839.883503691872,1839.741558796772,30.722567639786142,[-0.57236749 -0.11644981 -0.81168645],[-0.27549365  0.95963571  0.05659108],[-0.77233329 -0.25600536  0.58134547]
24,-295.10308885343676,-161.33165387621227,278.13708871277794,6.995525142486384,11.35203793232685,7.438137445617555,10.65203942403053,2139.187100484355,2138.9115393226016,53.639047715593385,[0.50618123 0.3952898  0.76650279],[-0.53550372  0.84074094 -0.0799402 ],[-0.67602982 -0.37000087  0.63724645]
21,-208.42487483081618,-187.34257658347207,11.264202597667358,6.453299707294504,11.744253754542061,5.384820464600104,9.345671562793523,1286.8123115509452,1286.1773886779652,50.535767612223815,[-0.16756199  0.24365126  0.95527851],[-0.64831886  0.70274925 -0.29296099],[-0.74270158 -0.6684142   0.04020964]
2,-367.29366362235544,213.0627537289405,47.111393697891856,1.1808545059110713,4.885984587040539,1.3646628991139593,3.3012886032808524,604.2300643751948,604.2032046004135,5.6972138315745235,[-0.30267448 -0.32354403 -0.89649731],[ 0.41148104  0.80407966 -0.42911449],[ 0.85969268 -0.49877365 -0.11024216]
27,-440.44912459589005,-144.9608697349511,97.02564556000728,7.208239123299045,5.998480789543211,11.923980867080878,7.0264392334114145,2462.6421844535275,2462.063255521952,70.07045694260408,[-0.29589867  0.95195437  0.07891044],[ 0.21914741 -0.01275299  0.97560841],[-0.92974103 -0.30597426  0.20484474]
31,-219.9301368938886,153.98764346335182,305.0987053757914,10.499577574395392,10.597521271069033,12.028306502320579,15.640433046087361,2265.053599704215,2264.685402023436,61.92358128143442,[ 0.40093266 -0.66837562  0.62651978],[0.73925208 0.63996509 0.20964503],[-0.54107242  0.37910251  0.75068097]
3,-316.4190578479916,96.99466513116143,293.9968981633553,3.6237925150862793,2.4861536063571754,0.9889750452528625,2.5003097821459535,766.7726770327631,766.7582242080598,6.496226964962463,[-0.49683104  0.50923102 -0.70273941],[-0.49214636 -0.83227834 -0.25515627],[ 0.71480828 -0.21908109 -0.66411791]
4,-193.9068613676917,207.98089655041866,7.938827126775838,2.489709914429749,5.721883118031783,1.7999482227662125,5.6543757021141,569.0655046801558,569.0451137606087,6.4133255336224115,[ 0.2441537   0.26324773 -0.93332181],[0.68984311 0.62927564 0.35795063],[ 0.68154637 -0.73124059 -0.02795966]
19,-400.43421027913064,-66.53656287644064,83.0200261711098,7.644886248137303,9.98558650349388,12.41058929038244,7.526721076259061,1807.308366505236,1806.655080540778,69.58825530250235,[-0.0100872   0.80393833  0.59462711],[-0.25667246  0.57265167 -0.77858161],[-0.96644581 -0.16047811  0.20057237]
11,-383.8435752432711,-42.286788228234975,164.89234369613553,4.286512218101136,8.464915072419565,5.667531891269076,3.6157991982091833,1393.0383278854963,1392.7756408458617,34.72144660276967,[-0.38766921  0.50042694 -0.7741353 ],[0.11851674 0.85989831 0.49651655],[-0.91414789 -0.10073619  0.39266506]
22,-244.79329293574813,-40.847019673002166,58.20213101826322,11.795562360069779,9.847472556576468,8.14041028450718,11.610137762999665,1198.261947618521,1197.0390192870793,60.648055723616245,[-0.27434193  0.68771132 -0.67215299],[0.04845366 0.7079688  0.70457961],[-0.96041072 -0.16072745  0.22754766]
31,-267.8771579680141,-112.82569216757754,120.95186401770128,5.73551852396397,11.418673853305645,8.899183145057439,5.036439375166282,1754.5078513817396,1753.646374166901,82.00156727481199,[-0.51372908  0.41425489 -0.75131572],[-0.11019207  0.83659654  0.53662271],[-0.85084672 -0.35846772  0.38413637]
8,-270.96828412542766,-185.1904147540082,186.27314821204735,9.967227071738492,5.346722555750982,2.494818945122921,5.654669637353257,1067.8853778795972,1067.5288633160826,28.657354728026533,[0.15768676 0.57600931 0.80208987],[-0.67772849  0.65388153 -0.33633767],[-0.71820538 -0.49056316  0.49348638]
7,-440.47896537748636,19.041141680876226,20.996665353448893,3.0336304398766796,3.104501917420109,6.561172396812981,2.941504926278777,1167.9907716634837,1167.837708940806,19.26437401237681,[-0.0196627  -0.91041771  0.41322266],[0.06112548 0.41143477 0.90938721],[-0.9979364   0.04313944  0.04755981]
31,-236.8426535981515,100.24830060628058,161.3187878104305,8.891259516992083,11.156238828641657,9.11948074824639,8.049791967579106,1692.4922109909505,1691.4059192906236,82.46895823497259,[ 0.28181772 -0.57293349  0.76962718],[0.55872143 0.75010033 0.35380767],[-0.78000586  0.33029792  0.53150178]
2,-329.26493909178157,-220.93241952113635,127.32454989271244,0.4833291285337111,1.3534225700330893,1.0585263432117031,1.4237480972300602,588.9673351785796,588.9653677453211,1.5223350407452176,[ 0.13727122 -0.64018539 -0.75585665],[-0.59671536  0.55563011 -0.57896974],[ 0.79062468  0.53050716 -0.30573643]
18,-256.65297771881063,-267.84501888618115,242.40109359671345,13.955441472766498,5.477203992655359,5.6145035891825,8.27087107829016,1881.136534391286,1880.5550408219601,58.17105192162231,[-0.18613717  0.75133363  0.63312774],[-0.79343425  0.26511755 -0.54788208],[-0.5794955  -0.60432645  0.54678561]
7,-292.84879035926036,261.0726021899461,6.431589882465313,4.96234471385327,3.0354842932362587,1.7380431448479634,4.0024047030674845,1038.250665158418,1038.1982413075377,12.0651259591635,[0.09150317 0.07814195 0.99273411],[-0.65920313 -0.74245676  0.11920231],[ 0.74637685 -0.66532082 -0.01642573]
2,-324.9355549399341,59.20829312954986,190.01160461741483,4.654113167445075,0.47170968828020676,2.4305050511121493,2.6833277203863304,538.9265949328002,538.8883910769543,6.416906447360079,[-0.03139144 -0.96824451  0.24802649],[0.52129573 0.19586506 0.83059475],[-0.85279853  0.15536871  0.49859325]
10,-303.64958673743416,-334.7541987075816,168.38334641584626,5.005789562500001,3.8975261722799477,5.55561905259669,3.8626227076255435,1525.3842811627649,1525.2511053234393,23.70780267876934,[-0.65650236  0.71555942  0.2387035 ],[0.41545008 0.07886569 0.90619062],[-0.62960772 -0.69408567  0.34905473]
11,-205.54611778348723,203.6333227608192,215.81638551715602,5.669134867912447,7.534623392115902,4.923389383878318,5.797613504665284,1197.6284997654761,1197.3880562517843,29.512415440044517,[ 0.47664039 -0.36603184  0.79927131],[ 0.66980385  0.74006815 -0.06051395],[-0.56936521  0.5641984   0.59791591]
12,-428.619747141141,53.04200119501575,189.010266720406,6.087768359253206,4.573108461774133,5.820921072545175,5.9301169112531635,1633.3716691056086,1633.3090741911808,26.08398875384654,[0.23057778 0.93773591 0.25977925],[ 0.34672887 -0.32862877  0.87851137],[ 0.90918259 -0.11249223 -0.4009146 ]
3,-297.01177180653895,290.04286911032733,235.54349515677555,3.1785819807527123,1.1493039490864856,4.446710998848504,0.976368755849841,826.7749899544032,826.7220020277318,9.519045316298762,[ 0.47451595  0.7941885  -0.37960406],[0.62259759 0.0020432  0.7825395 ],[ 0.62225948 -0.60766804 -0.49349032]
2,-188.83434673752808,-213.22394949838358,108.26633305023066,0.9710398269996858,2.1979988497306238,1.744034301079779,2.759552634211275,430.9368347972916,430.93404912423233,1.5494807200818979,[ 0.40106573 -0.6715429  -0.62303805],[-0.67461649  0.24358771 -0.69681964],[ 0.6197087   0.69978222 -0.35533923]
63,-244.01496390440772,-141.5590316509911,311.36464488640974,13.830023497815354,8.680239072031927,27.848253172384755,27.12543843286989,3343.8699973916887,3342.720849102849,137.3546182303885,[-0.41927999  0.904158    0.08186939],[-0.69850432 -0.26367594 -0.66525687],[-0.57991034 -0.33611502  0.74211232]
2,-279.62150054125317,104.81466898538562,344.24200130518636,0.39571120768061974,1.444413266264668,3.6993457738686573,2.219362222000285,644.5041224666545,644.4870517747411,4.6908390736354,[-0.58545766 -0.77443955 -0.23975553],[ 0.52987993 -0.58936656  0.60981498],[ 0.61356873 -0.2299792  -0.75540915]
22,-365.33728618582273,-169.6791002435232,47.397757795189996,10.78188729819121,6.10879013484995,5.735799832409469,9.582290568251642,1903.337217283236,1903.1062592959158,45.706616106496135,[0.03711248 0.19423035 0.98025366],[-0.43256477  0.88739077 -0.15945329],[-0.90083871 -0.41810549  0.11695048]
5,-482.9867354513115,-39.84368992376926,28.392412578124787,1.3687462966715491,6.388859295090956,4.92940525865121,1.5789505592006723,1085.6515925293204,1085.5442275420921,17.961162335285294,[ 0.09529552 -0.57717662  0.81104002],[-0.03284164  0.81248147  0.58206125],[ 0.99490713  0.08210372 -0.05847042]
2,-399.345662447913,117.5646165769909,226.13871455933196,0.9170469768644693,1.0417205409466135,0.40128493760913386,0.83998448506091,669.9838842775974,669.9818221295656,1.6622898798210655,[-0.50776553 -0.66019557 -0.55345819],[ 0.17778847 -0.70891296  0.68252009],[ 0.84295043 -0.2481617  -0.47733672]
16,-220.81936969638596,-197.29693704525425,185.8913514327269,3.831215076213527,8.580206393393784,5.092448309669418,4.390090027295213,1399.045054536666,1398.7790789092564,38.952016319474595,[-0.73191302  0.20765348 -0.64898642],[-0.25593449  0.79892024  0.54426463],[-0.63150683 -0.56445238  0.53159443]
3,-310.0048753017092,38.292297325702286,73.47512871299308,0.7322945586758797,2.304377318408112,3.3128808545886654,1.2519495485811674,555.8339780757115,555.797797576804,6.7698058846860105,[-0.23097699 -0.79581891 -0.55975164],[ 0.11545993 -0.59366269  0.79638785],[ 0.96608418 -0.11931838 -0.22900762]
3,-456.30328497595224,-154.178307431026,46.030703108314015,1.166153114495717,1.7825254829183912,1.6140972365518569,1.0962345015308852,838.0491332706945,838.0414390980225,4.223297753077071,[ 0.12135514 -0.59612624 -0.79366646],[-0.30962148  0.7369483  -0.60086749],[ 0.94308402  0.31865454 -0.09514103]
3,-260.6277976342297,247.73298196963663,229.66663469802992,2.3656480299171845,2.1290024258360982,1.76408457465635,3.2019139311771667,739.0367971749627,739.0308471461958,2.986485926099071,[-0.59432622  0.11292245 -0.79625678],[-0.52310556 -0.80630653  0.27609843],[ 0.61084933 -0.58061889 -0.53827948]
5,-287.5067755713889,-199.47873479700118,232.01329235662564,5.163740037921429,4.9647385801968715,4.004697085144828,4.513123920436272,939.0042438361315,938.8995347343299,15.264101107625672,[0.47239074 0.28807617 0.83298206],[-0.55490737  0.83146934  0.02713936],[-0.68478084 -0.47504827  0.55263401]
3,-283.7317157341756,-249.93125823359264,62.35868925585617,1.5165111615881481,0.9357705174552334,4.140745909211914,1.6659579197400456,663.8028856372106,663.7639668165115,7.253396417020083,[ 0.66626293 -0.74408963  0.04923754],[0.08897146 0.14487384 0.98544185],[ 0.74039029  0.65218264 -0.16272682]
14,-238.05916503577242,-155.93293261675484,41.49163071501429,7.125152608897172,14.289719662603703,11.330153380261171,4.850043967011642,1078.4809982685779,1076.2750213554366,71.34883876155934,[ 0.42292844 -0.43388205  0.79553623],[-0.36889617  0.71943798  0.58849351],[ 0.82767575  0.54236092 -0.14421336]
11,-370.1694069093738,227.64220838414914,8.332276907465364,2.6407203535754475,10.305659079428052,7.379863378675122,4.933195557854586,1442.0327647231647,1441.8048949394208,39.69509107990397,[-0.22394533 -0.39664107  0.89023837],[0.47403776 0.75377839 0.45508937],[-0.85154958  0.52392174  0.0192177 ]
11,-422.64218062688474,99.4599854944383,207.33565661312693,3.968766386932216,3.357084040047227,7.933456174477718,4.799015934356567,1596.07293691044,1595.914530816495,27.13304997789712,[-0.296578   -0.94278263 -0.15232336],[ 0.37484219 -0.26161688  0.88940988],[-0.87837055  0.20668218  0.43098452]
43,-209.71687584095199,126.52742152296403,252.90259437577163,8.904219287442709,11.023522443749101,10.110091813727628,10.808711270552548,2310.9504086413494,2310.2275668366005,90.12788136507335,[ 0.36442725 -0.67598989  0.64049235],[0.7160033  0.64317021 0.2714247 ],[-0.59542595  0.35968007  0.71839974]
2,-214.76325077012666,-113.99655263482512,56.96728558439991,0.7679022186497519,4.603602569267622,4.9294576836968815,0.3164679327719284,353.2982363508764,353.1680614681381,9.589794965338717,[-0.48670938  0.59933758 -0.63553791],[-0.15342291  0.65756829  0.73760786],[-0.85998569 -0.45650674  0.22809254]
5,-399.9557933493426,138.42082635743918,105.49488246063501,3.8897858822541402,3.4721515919352437,5.422524292321169,3.7461362616878056,975.4749079789167,975.3686894921218,14.554867001788182,[0.39459677 0.63141034 0.66754353],[-0.05901961 -0.70757845  0.70416576],[-0.91695697  0.31725969  0.24194258]
4,-391.90807271818716,4.800273731915588,51.49974970146936,2.4701873955949902,2.8385297880358706,5.119267335547303,2.5093750395847048,790.7136539440438,790.6307559184692,11.639911291778446,[0.07312848 0.8770644  0.4747739 ],[ 0.10851902 -0.48021964  0.87040951],[ 0.99140095 -0.01212973 -0.1302959 ]
3,-232.86511931700178,85.83564393163954,33.9722481356983,1.9679172321958298,3.020461729475225,1.8993534964745187,2.9675808218576294,433.9277107001393,433.9023179398123,4.8324115530874225,[-0.07669555 -0.53986431  0.83825075],[-0.36056094 -0.76881192 -0.5281326 ],[ 0.92957711 -0.3427459  -0.13568953]
5,-427.894568863107,74.70430264657116,7.691493423562456,7.151502731963914,2.8820587722003106,3.01524515651242,7.46602765617737,971.5937726511256,971.5777521432121,8.010726293314992,[-0.17290612 -0.980628   -0.09204459],[ 0.00147024 -0.09370901  0.99559854],[ 0.98493721 -0.17200976 -0.01764462]
3,-217.64489645694456,-216.92667609931377,111.73164098596146,3.1074968321189416,0.34176942429792195,1.7095723375183807,1.2870350689495103,566.365043089105,566.3359153731108,5.753688907575019,[ 0.30560192 -0.66006969 -0.68623281],[-0.6808063   0.35237972 -0.6421303 ],[ 0.66566527  0.66342787 -0.34169168]
2,-278.06671445304977,-240.99221456153703,204.25989547750555,2.442089067579957,0.6416175794813768,1.5847601855835762,2.0152465842982394,595.1963323197606,595.1882248609508,3.106604861435237,[0.55485943 0.06290031 0.82956287],[-0.50553835  0.81741669  0.27615382],[ 0.66072837  0.5726024  -0.48534988]
