N,MEAN_X,MEAN_Y,MEAN_Z,SIGMA_X,SIGMA_Y,SIGMA_Z,SIGMA_R,LAMBDA_1,LAMBDA_2,LAMBDA_3,EIGEN_1,EIGEN_2,EIGEN_3
176,-223.66260887281558,-109.46581658583128,139.21801232622838,25.285635501744572,19.897591605341702,23.033923697875373,24.471925629565593,3816.0035576542386,3802.9541324976904,419.3980919481834,[-0.09620179  0.85079847  0.51661124],[-0.61332622  0.35811142 -0.70397952],[-0.78394909 -0.3845753   0.48736605]
299,-334.3376876404267,-51.826350984287785,218.87313129190164,16.518903792127027,33.3373095964637,28.847356253370474,18.410145381193587,7008.007680754906,6982.127326041217,749.8427088903746,[-0.50866912  0.57653279 -0.63942604],[0.2315531  0.80693327 0.54336163],[-0.82923994 -0.1283302   0.54395999]
38,-367.6413884078816,-163.81518919192186,43.53776137549718,10.79051212052007,10.519530795733326,8.212986321529018,11.22853327924016,2497.411332819512,2496.9416248657435,79.57236746699252,[-0.0063572   0.27080546  0.96261311],[-0.41871238  0.8734602  -0.24848989],[-0.90809665 -0.40463773  0.10783683]
33,-295.39129990379894,89.62100484171765,306.80452942807534,11.202560832479406,12.736248924658666,11.620948675421634,9.512378318920355,2502.098197552773,2501.5948272498104,104.63952519025335,[-0.46991909 -0.85950872 -0.20104926],[ 0.56442095 -0.46769567  0.68021302],[-0.67867889  0.20616867  0.70490386]
83,-330.6290709361135,-207.84732404767144,92.08749650807033,22.257627102600438,12.323964769976964,16.60949436210643,17.781874291361095,3664.0815510039924,3660.9403349779755,225.023380109674,[-0.18001295  0.62437444  0.76009993],[-0.53635054  0.585447   -0.60793084],[-0.8245747  -0.51711543  0.22949553]
3,-190.33291010020062,3.4936300025387528,11.612622361810088,2.6898535858784665,5.356985238684688,0.257057162190364,2.754557344857712,330.4979483090535,330.36895269780035,9.24683955092847,[0.06196205 0.06601586 0.99589287],[-0.01449945 -0.99764532  0.06703415],[-0.99797318  0.01859347  0.06085895]
332,-243.2379300577404,-187.15029644474296,308.37897331868083,21.80149739123378,42.02327210934249,25.078935701698033,35.603185131762224,7982.781592552906,7957.974117448534,733.8787538277745,[-0.76593104 -0.05941789 -0.64017119],[-0.31898593  0.89964167  0.29814903],[-0.55820929 -0.4325672   0.70801695]
42,-101.90677225287861,-52.22664450219236,97.21407690338408,8.539822490252101,10.174573269127444,21.366522285601203,13.725781158957838,985.0149258668373,980.0147557795806,133.39715003491435,[-0.36109702  0.92485997  0.11934393],[0.64570693 0.15564164 0.74755484],[ 0.67280867  0.34700103 -0.65339022]
127,-235.83310863676408,192.09705130681277,44.26033539981057,30.088377207003646,15.171924158271093,15.378222710862882,22.579437075155024,3485.918560360528,3476.9541954829206,323.9344853872978,[0.26136868 0.09931267 0.96011635],[-0.58252104 -0.77690251  0.23893877],[ 0.76964645 -0.62173908 -0.14520627]
3,-165.33137279646726,98.39405150322828,79.37559294854452,3.493059930391494,3.536446286241877,4.848031432531313,2.733983625771628,360.68483025516866,360.51481152670317,11.082130385078104,[0.5652699  0.80518921 0.1792771 ],[ 0.22203206 -0.35782149  0.90700912],[-0.79446316  0.47289969  0.38104353]
71,-391.70534972416544,169.63275650857562,28.199024394626715,26.04501290309228,17.624684979972514,14.025449883974934,28.57282702786032,3614.755415782885,3614.1901443295797,161.37727491446793,[0.23457934 0.39105445 0.88997132],[ 0.32675814  0.83052571 -0.45106114],[-0.91553353  0.396615    0.06704394]
3,-324.0944426819016,94.46909732588915,328.11642075148274,2.2318981542210645,5.736750803571469,1.0448193193161868,2.4503494367237924,815.4644909134685,815.4044610228907,9.957465758654543,[0.72107055 0.29290064 0.62790642],[ 0.07811082 -0.93483837  0.34637542],[-0.68844459  0.20071483  0.69696313]
161,-313.37683409044865,-258.3574518094226,168.08342740556253,26.83191830670421,18.60040327016799,22.205207321906066,28.159752778107737,5595.430359213942,5592.964472922055,352.3133559601844,[-0.38409543  0.78413437  0.4874464 ],[-0.58616889  0.20080342 -0.7849102 ],[-0.71335596 -0.58720634  0.38250749]
3,-204.46444233420968,-165.45544209367372,235.17994079068902,1.2672960517532001,2.6442363305194503,4.32963776030862,3.4541493558500647,611.1908164127001,611.153261164434,6.814419753714408,[-0.07700445  0.84571995  0.52804174],[-0.81139214  0.25461992 -0.52612877],[-0.57940754 -0.46896318  0.66660366]
17,-260.47010160935616,46.86029756018269,203.3774446660019,9.09602283500195,6.225133875011162,5.011959259422797,7.030844403336098,1376.843343194572,1376.7101222350973,40.70074779037379,[ 0.12503006 -0.91973569  0.37209374],[0.61245153 0.36660021 0.70036234],[-0.78055788  0.14032303  0.60912957]
16,-293.8242068220093,-21.71637524042702,227.67661420649688,4.564776162810563,12.042735830716977,7.389303948702533,6.841899017344621,1490.5120496199222,1489.6891279565643,52.57428414983718,[-0.54793814 -0.38312462 -0.74362579],[-0.27790759  0.92183433 -0.27016446],[-0.78900644 -0.05862584  0.61158143]
26,-226.81605971897008,258.64824605266074,312.2656725726037,7.309161154408304,11.35050155203821,12.790989274417106,9.322101472107684,2370.7422987066466,2369.646663189834,82.24254523494616,[0.80953815 0.57661089 0.11030803],[ 0.32613738 -0.59795255  0.73217973],[-0.48814177  0.55675185  0.67211977]
37,-314.5772300554563,-304.30708568870585,62.622121694372204,10.38925933294794,8.920407303770176,6.352286378825094,7.6883718799787,2690.7011786417875,2690.076157777484,78.95259973783526,[-0.01747247  0.21880918  0.97561122],[-0.70242215  0.69171807 -0.16771775],[-0.71154609 -0.68822137  0.14161039]
9,-314.050695456244,224.92155889823147,75.45309139220045,3.9165567671297836,6.280033913539367,3.253653347813032,6.35345629836421,1181.000697173613,1180.923616695616,15.040392239480393,[-0.15826121 -0.50546322  0.84821007],[-0.58171663 -0.646397   -0.49373746],[ 0.79784657 -0.57155739 -0.19173679]
40,-167.54894809879207,48.3739043953109,60.96184251627144,9.944560518540746,13.961672416900074,11.449129837164852,11.004970624820265,1173.3329979819316,1172.831955729395,109.86246907211293,[0.41773136 0.44781884 0.79054335],[-0.06114033 -0.85426831  0.51622429],[-0.9065111   0.26397716  0.32947487]
12,-354.37016661116553,-109.27526319799198,274.1865028072263,5.911743322584636,6.656952704518433,11.803377376455058,8.880882116322159,1598.4156529974418,1597.926114079822,41.065944048422615,[0.09664266 0.87534475 0.47374229],[-0.63289832  0.42139536 -0.64951187],[-0.76817961 -0.23706014  0.59472899]
234,-284.3113909158492,224.38322090583904,276.47815528469295,30.466987966216788,19.25348383195687,15.181180733903593,25.10707520228391,6990.054299356861,6986.679647095573,455.87420462197406,[-0.12702789 -0.82989993  0.54325871],[0.76996998 0.26277361 0.58146046],[-0.62530804  0.49215459  0.60561845]
100,-373.58316387400095,33.81482055732122,283.4790972888639,17.16184855834147,26.90616808225435,16.733506529182808,11.924668211965207,4714.454570315727,4704.435014890221,339.9260690896333,[-0.51817028 -0.59792679 -0.61154159],[ 0.31600692 -0.79827103  0.51274066],[ 0.79475731 -0.07243559 -0.60258933]
272,-384.67916047682775,94.87047005584762,170.68640650413388,21.209491733167752,27.747392034004637,31.012166082425072,26.765947554558903,7150.694935956699,7134.889103351866,626.7065861762972,[ 0.08158844 -0.78089569  0.6193103 ],[0.44744013 0.58394257 0.67735398],[-0.89058445  0.22184002  0.39704703]
106,-244.88706625222167,15.296695763155206,19.417954900164073,10.257139250704704,26.10919930713168,10.468435092728242,10.166394439369856,2551.027584562118,2538.0543268636297,289.3210698649487,[-0.0896046  -0.18840129 -0.97799589],[-0.04584186 -0.98012503  0.19301151],[ 0.99492188 -0.06212787 -0.07918705]
72,-207.78632459311893,63.4463663512036,87.24206686334507,11.950816510230574,16.117232676030547,10.251489694334827,13.098189424406383,1994.5566448228126,1990.856868009191,155.67423468663165,[0.45612106 0.40238236 0.79375186],[-0.06617741 -0.87413227  0.48115832],[-0.88745373  0.27199489  0.37208152]
40,-406.8434913616752,-23.947619656839617,250.73082297787533,12.603893512598052,19.530855467267855,10.668225492194528,9.020222076868667,3029.8946581161667,3027.565698811455,150.9934502166252,[-0.47730456  0.49271828 -0.72760501],[0.22143716 0.86873166 0.44302471],[-0.85037988 -0.05033892  0.52375572]
9,-205.17584008798588,204.49053218036116,219.52452999752722,4.951947508271646,6.758826017423763,2.342528600645388,4.511690505034608,1090.6880024791346,1090.4802136679664,22.28059270219177,[ 0.49964202 -0.34950623  0.79259274],[ 0.65706425  0.74915624 -0.08385408],[-0.56446827  0.56268137  0.60395798]
65,-46.08719103848788,0.59268669199916,11.371933831168635,18.82355000937667,23.122262620204395,7.445505183637963,18.292441349782152,450.3610549124792,416.0216661678677,199.6350330168486,[0.20598355 0.05710102 0.97688804],[-0.01049049 -0.99810983  0.06055347],[-0.97849922  0.02272105  0.20499519]
64,-315.2244342572628,150.5889335421058,319.52859166185675,14.54522056553118,14.322309168824265,7.680554542112803,8.577352286251433,3790.7784773614217,3788.817642685745,161.00236285904828,[ 0.42423713 -0.58260383  0.69325005],[0.61359938 0.74795922 0.25308656],[-0.66597197  0.31800909  0.67479742]
45,-298.2236703934284,-164.58875654136943,278.80880937070134,10.295325785933434,9.886861425416688,10.108050780739926,13.306386258759614,2954.715332651757,2954.6435064302636,76.00462299577065,[ 0.69129562 -0.02956556  0.72196693],[-0.25129256  0.9269557   0.27857704],[ 0.67746765  0.37400401 -0.63337081]
23,-275.88224325227236,114.27061711084768,341.64437087828964,10.472064060614676,11.89276591642788,6.604268210630743,9.018504988947978,2177.4867423995006,2176.7188244422377,70.20080744297306,[ 0.72722278 -0.20363344  0.65550016],[-0.31822463 -0.9461706   0.05911245],[-0.6081777   0.25158422  0.75287799]
4,-255.02155731142685,-3.1060551986613563,195.6574655989167,2.6874724178915965,5.593179133686201,6.254477779477839,4.103663754460119,643.1101340644126,642.967493255172,15.589876265815928,[-0.44489127  0.69179067 -0.56876834],[0.4156823  0.72203396 0.55305984],[-0.7932717  -0.00962457  0.60879174]
50,-242.207262078482,-33.778810203329016,263.9552509269308,9.723097491021505,20.69971772628697,9.729122899836993,7.791265023254115,2549.6956073932006,2545.7701853026697,166.27622139446726,[0.67199295 0.33670144 0.65958897],[-0.30895821  0.93691638 -0.16350085],[ 0.67303068  0.09391401 -0.73362788]
5,-384.6565034733605,-246.37120817559745,42.53565115865699,5.459299388363646,3.9595866800565864,4.239198551519628,4.000644392521663,1025.9598412116054,1025.9093441705102,15.419065815688967,[ 0.25630309 -0.53867144 -0.80258445],[-0.48089136  0.64920652 -0.58929992],[ 0.8384821   0.53699532 -0.0926488 ]
64,-365.4052782767344,-152.47070267132807,232.97408306135537,11.265523634074134,12.942574870820225,10.499358760371964,11.262037457414435,3678.0079094564567,3676.952870063534,133.65813369673083,[-0.59070975  0.61166044 -0.52624472],[0.13534975 0.71806628 0.68268679],[-0.79545109 -0.33204265  0.50695684]
11,-313.16211411941936,209.4335074581056,117.91431379749716,10.227151988927503,11.499384241129077,5.128367412690655,13.566927815798925,1310.2585059634969,1310.1727991065518,29.426509526681752,[-0.00566723 -0.49653741  0.86799682],[0.60896898 0.68678075 0.39684881],[-0.79317379  0.53083218  0.29848373]
45,-276.2937612901689,-257.0397677997383,244.02056270430933,29.00734636769496,16.27831363280843,9.452840742031087,17.67296505483472,3023.2147111085796,3017.3352192771263,198.27932464511787,[0.35765325 0.41130643 0.83839798],[ 0.70183973 -0.71063186  0.04922745],[ 0.61603989  0.57081466 -0.54283099]
34,-375.4992796510943,1.7900093681046334,120.71339234620531,15.286131757340662,7.382048905719266,9.141277733528028,15.425305309654222,2302.2815884968986,2302.0258435891687,67.29755156262738,[ 0.10463275 -0.93418769  0.34109434],[0.2875277  0.35674591 0.88885329],[-0.95203981  0.00507091  0.30593215]
2,-459.0118997442072,78.25609287748222,103.84061202337855,1.2428133940730675,2.290385324985401,1.4263600478978944,1.1305072656217874,674.6964322385003,674.6852466388486,3.8850538268192136,[-0.26663964 -0.40108655 -0.87637485],[-0.05644068 -0.90123612  0.42963694],[ 0.96214227 -0.16402143 -0.21766768]
8,-392.6641912066027,105.86489273733847,262.3280365175345,2.323600110295422,5.6993660276821325,5.591927881058886,4.032518504026413,1368.973117427792,1368.9169917930087,20.541643619290358,[-0.39817187  0.47216476 -0.78646017],[0.4280157  0.85393264 0.29597568],[ 0.8113333  -0.21876811 -0.54210589]
2,-414.3643385766072,213.57318603041153,50.12464586054831,1.3113754703191773,1.3675010086565607,5.924225894007357,1.148446284610145,663.11760226212,663.0612496220847,8.644864340305315,[0.4653817  0.87944431 0.09998789],[ 0.04844553 -0.13810638  0.98923185],[-0.88378329  0.45552644  0.10687733]
164,-134.64750857833602,111.86647128338011,162.82339983576864,23.764550438495675,20.675718201792947,20.920715725862514,32.613170590293905,3096.4799930479494,3092.980122948707,247.60446664439976,[-0.57822972 -0.81189458  0.08048345],[ 0.58881269 -0.34698601  0.73000022],[-0.56475659  0.4694975   0.67869146]
146,-295.8531534481547,184.28710106852114,216.90079141956937,24.302802353316167,22.643949691400042,14.816613786188801,26.801399882547457,4977.252276948704,4973.886751308563,294.0035692523943,[0.54305313 0.83929681 0.02596466],[ 0.43042395 -0.30478251  0.84961335],[-0.72099135  0.45020938  0.52676654]
9,-162.27784169137612,121.66473616341983,12.149160578165187,3.060576656125503,5.563582316517801,3.5213900238190745,4.58249145507891,609.8577184848042,609.7905156071691,17.03551118048542,[0.21419615 0.18986298 0.95816077],[ 0.56258709  0.77791078 -0.27991174],[-0.79850847  0.5990049   0.05981103]
30,-378.72437025415246,-292.4655947324667,17.66658703598281,13.878070829333337,21.884171697991256,10.44372542973989,11.770595916263856,2626.91677271791,2623.675740324318,138.89598121012497,[-0.18734495  0.29897022  0.93569155],[-0.58289282  0.73288544 -0.35087732],[-0.79065658 -0.61114298  0.03696521]
36,-414.8069309042354,-91.87953083991948,219.76827157809979,5.961935776956928,8.69242840777613,12.068204262947438,6.472632352342165,2871.243030900265,2870.650800297295,88.05510465172458,[-0.02465814  0.93801555  0.34571492],[-0.49751827  0.28843835 -0.81809467],[-0.86710296 -0.19217218  0.45956753]
2,-189.1047909247244,18.53974582495453,184.35572014900598,0.8703279457007653,2.0139215324420743,1.1284840566105458,1.5484644039205477,374.42612757267426,374.41627547960434,2.716185753854881,[-0.68901004  0.10413497 -0.71723153],[-0.12277041 -0.99209178 -0.02610231],[ 0.71427767 -0.07007006 -0.69634589]
28,-207.35521522273493,128.95567488769484,249.51345211617382,11.548503242967145,8.644998598170355,11.34365488988535,13.34197100370257,1849.3804268368242,1849.2104455488645,67.11612155798997,[-0.0469262  -0.90281456  0.42746205],[0.80307682 0.22038552 0.55362248],[-0.59402488  0.36926426  0.71468759]
44,-338.92974943961036,169.6486778041452,167.94396939931906,13.089774859491142,8.188732647010433,15.521338421510267,16.452253402957183,2753.520737273481,2752.241482821755,95.29677326541572,[0.57586282 0.59068209 0.56522268],[ 0.00869117 -0.69574874  0.71823266],[-0.81750014  0.40869104  0.40578955]
5,-218.525916667298,-34.38224936757631,96.15326191516398,4.106166613544722,5.986293070252256,2.141967836661627,3.2019411328497416,539.5683776626172,539.4577750656666,15.354775723153766,[-0.41635899  0.13148377 -0.89964283],[-0.07591268  0.98100573  0.17850779],[-0.90602564 -0.14261762  0.39846926]
17,-203.4872706842443,-186.42532629429093,12.04533570348164,9.580295324869903,8.199995089492962,7.437207210932235,9.38421658878838,1140.241854854744,1139.9148543582278,46.40143258714496,[ 0.35649226 -0.33213799  0.87326836],[-0.57457023  0.65910085  0.48523718],[-0.73673762 -0.6747373   0.04412775]
6,-418.23692180592843,72.64043681665852,7.237966626474306,5.19970756464072,6.964889240498522,3.9328257620701756,5.739154236318074,1040.2060086507236,1040.0610918608006,18.71570673578152,[0.09657733 0.46834832 0.87824977],[ 0.14237013  0.86680078 -0.47789869],[-0.98509064  0.17119072  0.01703449]
62,-132.58422292305303,-122.44184058651139,26.92156549404007,15.770842895889501,11.889454263760616,15.583474938781013,14.48123751531992,1447.1165881030124,1444.4613942997016,162.76024281744645,[ 0.57577382 -0.71272237 -0.40063865],[ 0.37280949 -0.20724848  0.90446733],[ 0.72766586  0.6701305  -0.14638141]
140,-344.2758015008354,-172.04278504446563,158.23343781432652,21.330454132708898,21.29191798489289,10.021199917198897,21.38343950870806,4936.472095253349,4931.793616899986,276.71366924375,[0.22268749 0.37888413 0.89825225],[-0.5155915   0.82775577 -0.22132731],[-0.82739089 -0.4138444   0.37968029]
4,-277.1820831667931,-290.1666650980811,152.60823505634477,2.019951545632819,3.8429488169392423,3.2032795029801475,1.8822481080284579,858.7058199888406,858.6510963191026,10.123168547487081,[ 0.64753205 -0.23776843  0.72399477],[-0.40481354  0.69760543  0.59116213],[ 0.64562237  0.6758793  -0.35547   ]
17,-337.96318157299623,-202.80602084702304,273.06448377908544,8.521497293548776,4.869482835142411,4.956262733697941,7.310468385948836,1977.4145159001769,1977.3374189636274,33.78643920075837,[ 0.31734351 -0.90600893 -0.28007305],[-0.63433998  0.01672971 -0.77287315],[ 0.70491552  0.42292781 -0.56940862]
83,-139.97028244214587,-120.03375598861761,188.16260734638036,14.246873856406474,23.73794093817613,23.634255504247918,27.540759498278295,2421.8813291530605,2414.9771376898334,208.69762178549158,[0.41761638 0.59340918 0.68808583],[ 0.73987089 -0.66167111  0.12158295],[ 0.52743495  0.45831964 -0.71537087]
5,-419.6585376204183,191.32154037232394,103.3948798772027,3.3789062066102624,2.2836802255377138,6.864828859751054,3.330096744928064,1057.0420790753572,1056.935516601857,16.252677234367926,[-0.32907187 -0.8909583   0.31289778],[0.32158873 0.20580925 0.92424198],[ 0.88785832 -0.40476643 -0.21879611]
19,-351.4508812028827,254.47266002472574,53.48527870176825,9.230886124420097,9.84687667771778,13.924438541235196,9.969348896284968,1907.438541915652,1906.281727556045,71.96023085331484,[0.57062492 0.6969799  0.43428818],[-0.16771741 -0.41878236  0.89246412],[-0.80390178  0.58209995  0.12207199]
2,-194.60312678034313,-184.73517446910077,310.6674065597432,0.7521214626057713,0.7319279520314694,2.7019185868598754,2.0176162852097264,580.5516357855582,580.544175962685,2.9430543818356614,[ 0.3181055  -0.88900081 -0.32937281],[-0.82103221 -0.08461019 -0.56457704],[ 0.47404115  0.45002074 -0.75681327]
33,-252.01947620485032,-251.33869021043557,16.63210432996472,7.746677599362521,9.002591721544514,11.325156748818163,7.943101333153961,2048.4482997606306,2047.9883994572017,82.71821033976298,[-0.65078927  0.67549962  0.34666063],[ 0.27625125 -0.21462001  0.93681561],[-0.7072189  -0.70543498  0.04693521]
22,-356.6520156702787,-238.84936610352858,45.386929523684664,6.89456865790572,5.443943467472021,11.57626479706026,5.998655368276372,2025.529280134062,2024.9192423569427,62.04780778468139,[-0.53030048  0.82718638  0.18586041],[ 0.18972622 -0.09787843  0.97694615],[-0.82630827 -0.5533376   0.10503396]
34,-442.28358973696,-135.70827760659512,101.82889413339666,6.482121387908488,10.25337470105754,10.29476502128485,6.243923396034106,2763.1958090217927,2762.951065185021,85.47752984579601,[-0.02971002  0.66011706  0.75057497],[-0.35697357  0.69438016 -0.62482483],[-0.93364189 -0.28649899  0.21501429]
63,-238.66402412411327,118.40955458997516,15.98232073522457,21.577868719652958,15.702179739197392,9.168994633940535,20.508305066309862,2129.5817170302976,2125.3004585433646,155.3658431584106,[0.18697307 0.24732362 0.95072188],[-0.40540394 -0.86210882  0.30400004],[ 0.89481211 -0.44226622 -0.06092517]
3,-330.28801896092733,271.5120944269845,5.530162941747658,4.235840053361058,4.607567697664854,1.6214855587665327,1.455712649967352,740.6999763034576,740.6301085347023,10.901761474946118,[-0.00160246 -0.02233225  0.99974932],[0.63509366 0.77221909 0.01826768],[-0.77243347  0.63496373  0.01294562]
17,-381.62079504806195,86.22596997511233,77.2318172437444,4.877035938039495,7.581412134552829,5.603806521327146,5.206866969694525,1644.7685388394707,1644.4679418773653,38.102173763228855,[ 0.04296488 -0.55426017  0.83123383],[0.28715053 0.80374728 0.5210901 ],[-0.95692141  0.21630066  0.193689  ]
8,-421.4624364797389,-91.87081977544574,174.26749094666033,4.617813463364452,4.995393919649012,2.9410221099154286,5.653042036507688,1316.031320636616,1315.9775828006082,13.537713247188762,[ 0.41425367 -0.22974525  0.88068781],[-0.08790623  0.95299402  0.28995669],[ 0.90590639  0.19753357 -0.37458523]
2,-385.26831549644794,-232.7046044233574,71.9211201541307,2.6563490698643477,1.7901996911264035,2.135356317419806,3.496169341504526,644.624815100139,644.6207860055837,2.279142916071698,[ 0.50116848 -0.85984874 -0.09741818],[ 0.18543432 -0.00324971  0.98265129],[ 0.84524805  0.51053853 -0.15781681]
61,-422.94157467678593,95.41292649573455,108.5087490081965,9.887754108998934,21.41645429221396,9.668503300322014,13.422783391457555,3495.9830930346775,3492.6625898927564,170.57643347616832,[ 0.17898649 -0.27937395  0.94335255],[0.27005396 0.93595905 0.22594582],[-0.94606273  0.21431484  0.24297007]
19,-159.29881632819033,-179.2459663238292,202.15517995656455,4.514156392772554,6.103976985328251,15.651093360756292,11.869476633976797,1369.1477768453644,1368.2062844376367,55.48341638747112,[-0.69897834  0.7107071   0.07952806],[0.50406243 0.41072768 0.75975248],[-0.50729711 -0.57113763  0.6453305 ]
8,-471.7691747073078,27.298217893171934,66.85971283626394,5.011170572589544,8.99396995439501,4.927649366876999,5.148070014655122,1350.219009476135,1350.0625489802912,28.799146423130303,[-0.13105141  0.13854538 -0.98164693],[-0.07569596 -0.98869451 -0.12943452],[ 0.98848149 -0.05734413 -0.14005714]
12,-450.02515249198444,-77.34057609213554,92.1762019073758,5.207108706038982,5.485694883813662,6.372542663721682,4.938395167031204,1614.0012870415408,1613.841333838566,29.652934749599233,[-0.24593255  0.82538018 -0.50819754],[0.07888242 0.53960428 0.83821524],[-0.96607181 -0.16605656  0.19781424]
15,-340.46680456655224,-318.54872312271783,99.81690249990052,7.8463658393787545,7.679721632320709,4.369209642902401,5.2227787424254,1847.2304390462389,1846.8541458298685,41.09644148412903,[-0.09009409  0.38417802  0.91885271],[-0.69428836  0.63723505 -0.33450735],[-0.71403553 -0.66808587  0.20931921]
2,-251.35704283807956,71.62858332747312,160.1742233655879,0.8595779747920176,0.9803417957009515,0.6254487973292839,0.8025684393285246,433.51791172938493,433.5145739199823,1.701172884517798,[-0.54733582 -0.05296046 -0.83523571],[-0.16748633 -0.97087545  0.17131605],[ 0.81998282 -0.23365797 -0.52252476]
3,-322.1251059436304,-84.04286539927725,54.07410045859294,1.2079174814171385,4.089306934673029,2.6695928264025177,1.6561667714416346,584.2350906681107,584.1782119845072,8.233921883354633,[-0.00295255  0.54904948  0.83578463],[-0.29633719  0.79776676 -0.52512138],[-0.95507882 -0.24922452  0.16034833]
10,-281.4434267030081,51.33546094263875,279.83068003518366,5.751071739681629,3.97744614837019,6.8435336937454085,5.105980762149678,1265.8131127254717,1265.682901808957,26.407618957092442,[-0.07848251 -0.99159288  0.10287881],[0.70659508 0.01746822 0.70740247],[-0.70325236  0.12821239  0.69928371]
17,-227.54084388438744,155.48803180226267,313.85633934475163,5.240024732420284,9.466804554336237,10.725825786258909,11.220931166279959,1723.1315010040423,1722.9133579234035,42.69835393626316,[ 0.66519978 -0.3540361   0.65739462],[-0.51086256 -0.85790714  0.054907  ],[-0.54454448  0.37236243  0.75154343]
9,-292.9582979624502,-19.285092659055522,288.0024782325412,4.1078960904083575,4.8640203259555275,4.885137699758127,4.455408611262695,1233.9675263935162,1233.9510095156852,20.063256870596785,[0.6329174  0.38835074 0.66977554],[-0.30335494  0.92031869 -0.24696009],[ 0.71231408  0.04687438 -0.70029383]
4,-335.20944174161366,-42.947095158474234,315.3526201231667,1.8374900126386464,3.073101957443011,5.641055428535071,5.172820578923312,924.5436926684389,924.5329246285411,8.47047505500889,[ 0.56357796 -0.64939879  0.5105498 ],[0.39564291 0.75475073 0.52327625],[ 0.72515279  0.09291155 -0.6822909 ]
18,-188.1239476140599,-78.6429393808246,224.90918647568375,9.40872830095622,16.979288620288827,9.224774549361536,8.337821073599677,1290.84814421849,1288.7909749456542,84.25528878721974,[0.55162833 0.52756788 0.64604823],[ 0.5588773  -0.80875256  0.18323605],[ 0.61916261  0.25998349 -0.74097654]
7,-367.54010019789337,-102.73378770020115,23.431739110453076,6.631661992426306,3.4820411314265804,4.504144584612226,7.100703792496163,1011.8395246909182,1011.7881456375795,13.454954702993684,[ 0.27397887 -0.90717779  0.31931807],[-0.030143    0.32375957  0.9456591 ],[ 0.96126322  0.26871581 -0.06135822]
27,-183.73251872462157,-38.21859323201512,143.37641860783788,8.94207697829074,7.898302100797014,6.162343397108851,7.636476028969435,1228.5802917709634,1228.3520879362243,57.741066337538406,[-0.52133272 -0.37261318 -0.76770542],[-0.35008395  0.91383085 -0.20580186],[-0.77823738 -0.16147011  0.60685581]
15,-463.9214458535068,65.90153559469576,32.685170183065054,8.646726238264792,4.061675569316459,8.541750052375049,8.531969837924478,1819.8410301989823,1819.5540488395907,36.90048048283291,[0.14608177 0.98555761 0.0856523 ],[ 0.05634179 -0.09472909  0.99390744],[-0.98766681  0.14036595  0.06936628]
8,-379.7945728197865,-41.33473005434981,169.28473570598555,2.3332061014086167,9.950461775359567,5.533835495922442,3.129565941322884,1182.3304443881684,1181.9520289620564,31.657078756109787,[-0.40981245  0.39198546 -0.82365111],[0.07737305 0.91464189 0.39679166],[-0.90888237 -0.09888177  0.40516075]
12,-202.6363153570418,46.37504186677518,147.97269147590737,6.887847789011475,9.720680098336159,5.377918575361955,8.143405569645747,884.8937037365567,884.5325621067601,35.47876943756165,[ 0.57604514 -0.07840044  0.81364941],[-0.19388825 -0.98008821  0.04283053],[-0.79409026  0.18242938  0.57977597]
4,-293.34846445562613,39.01115004227614,239.04285544171404,1.4951276220618026,3.221718985840001,4.2398197760524665,2.3494952561393894,760.894040894896,760.8668394495122,10.003203478733527,[0.43907045 0.80037985 0.40817794],[ 0.46111527 -0.59066036  0.66218808],[ 0.77109653 -0.10253013 -0.62840888]
2,-392.3802136925651,120.88076935807052,111.39089699516377,1.8059924788168757,1.4878165470586282,2.8734428157517726,2.840816367228797,601.6578035926002,601.6483942868209,3.364858980997624,[ 0.17942027  0.91511817 -0.36106384],[0.34224085 0.28603253 0.89501765],[ 0.92232292 -0.2841551  -0.26187079]
10,-291.5164530435406,131.49426835017164,123.10428877856414,6.009284288747161,4.665153929179229,4.8568406254379015,4.6928899660342935,1083.9220898585236,1083.8341379066947,24.305641590310064,[-0.34948058  0.09768242 -0.93183768],[ 0.39251506  0.91833363 -0.05094379],[ 0.85076157 -0.38356419 -0.35928159]
5,-209.30787504818696,-81.43641023825455,175.87979302483774,2.5123283359616786,2.4223051691459525,1.516208987873402,1.6225030523863349,637.9244850130016,637.880783204474,7.681857698419415,[-0.32353765 -0.65114952 -0.6865331 ],[-0.59745098  0.70321322 -0.38541341],[ 0.73374091  0.28547412 -0.61654587]
4,-434.075765595895,-127.69885181475745,28.175875265024665,4.108966782860461,10.155952730778479,3.122743749258822,6.118098409367062,906.9703730227614,906.7828733235839,19.20851479593935,[ 0.14090603 -0.26869097  0.95286445],[-0.25192312  0.92105423  0.29697449],[-0.95743419 -0.28189408  0.06209263]
29,-174.07755900587688,100.72023898404076,31.836219562052264,9.43354858898586,12.534382749516979,7.9795722064718975,12.943194810396228,1100.287405590874,1099.060056831567,64.38863295678935,[-0.19396546 -0.58291438  0.7890426 ],[0.48267365 0.64352011 0.59406062],[-0.85405126  0.49607732  0.15653673]
3,-403.73368246061256,-109.49743826339234,188.47306007343158,4.89914315142867,1.0183167770984562,3.4722066557982254,5.492190558413305,794.763670492319,794.7507052921991,4.539992392665556,[ 0.47450639 -0.39924413  0.78450482],[-0.02316169  0.88525602  0.46452697],[ 0.87994729  0.23859147 -0.41081247]
4,-172.4587253584615,-174.0220336740845,91.27937915959261,4.854845157467822,1.51636879031571,1.4902216572372626,4.133621588662061,523.0055880422835,522.9790713008988,6.603395922346395,[ 0.27089431 -0.64384762 -0.71559521],[-0.70096558  0.37755837 -0.60505945],[ 0.65974505  0.66551477 -0.34903661]
16,-146.2865667488839,7.290466936882611,75.94581350725738,8.634721279983314,9.396781697923009,5.282692244317717,6.4331102038115535,661.5700854309559,661.1402744491695,48.8333820911776,[0.44815982 0.31797248 0.83549164],[ 0.10918459 -0.94707542  0.30187229],[-0.88726067  0.04406422  0.45915884]
6,-408.474077267267,213.9951734412854,84.53521901676348,3.512190928713137,5.156813155202127,2.4241795034913713,3.0277930052791,1148.4630426208375,1148.41256143764,14.608162876807805,[-0.12911949  0.141203   -0.98152426],[0.47349566 0.87846149 0.06408795],[ 0.87128068 -0.45647247 -0.1802855 ]
27,-287.65642075107985,125.31263898386429,256.3505000129209,12.054611213484584,5.087729890199437,16.838607559463416,13.502894965120156,2108.0721398586866,2106.661103884276,86.48417056873878,[-0.29297355 -0.94671394  0.13378795],[ 0.64064054 -0.09050138  0.76248882],[-0.7097508   0.30909904  0.63301784]
7,-335.4649289235655,-111.03433849761896,221.2806266840477,8.296663981816032,5.757866121017748,3.705998074943823,7.716110324036981,1103.4465432405516,1103.295038587512,19.806909036191055,[-0.53255142 -0.07153416 -0.84336934],[-0.26239105  0.96128519  0.08415293],[-0.80469865 -0.26610833  0.53070372]
2,-350.2366005323603,160.5503288093425,41.254686030136256,0.4539639654879295,1.8953653327666444,0.4988117684281086,0.42810236929594225,547.9928482360042,547.9857969578578,2.7799370981903144,[-0.00248357 -0.25395115  0.96721386],[-0.42779841 -0.8739719  -0.23056807],[ 0.90387076 -0.41434518 -0.10646933]
58,-329.0498118638996,314.4415566649685,36.00659190078797,14.930114515963924,11.701424874439176,12.485579177026981,11.798471330129402,3480.8166560810537,3478.711492125808,147.58036146387147,[-0.37270313 -0.48109957  0.7934958 ],[0.5843707  0.54256397 0.60343618],[-0.72083512  0.68859825  0.07892521]
2,-304.6888152218986,1.114529276518274,35.12592955679841,0.13271020074532203,3.40310619950806,0.6006019877314763,0.1882420009476391,433.77945246544795,433.7519629191249,4.883446019947074,[-0.11349864 -0.16838332 -0.97916552],[ 0.01573289 -0.98571492  0.16768594],[ 0.99341358 -0.00362702 -0.11452646]
42,-321.32746410350524,-157.27428084220676,116.68313708835777,11.843892068563818,21.004892198317094,16.79539949836316,11.951675534352004,2444.8811373817084,2441.1619702607672,174.21151058852453,[-0.51831831  0.63107365 -0.57714138],[-0.04687095  0.65289338  0.75599825],[-0.85390236 -0.4188989   0.30882757]
3,-325.5680391657133,-274.5705287132514,12.643604256667786,0.7483594767830788,0.9816133104231158,2.23024277879939,0.04888590448482192,738.0011697836067,737.9932775810647,4.414265054688361,[ 0.63260238 -0.73950268  0.23010871],[-0.126341    0.19459832  0.97271242],[ 0.76410221  0.64441235 -0.02967385]
11,-236.0330984770405,20.81075159211205,76.18613140651344,11.390082777787557,2.9329180128783943,5.748689691412437,12.261156862492635,826.5931164648152,826.5393605151702,15.025558980663439,[0.18188411 0.93380775 0.30809293],[ 0.26022851 -0.34785883  0.90070825],[ 0.94826119 -0.08364996 -0.30627339]
11,-198.3824994870488,5.80170801980677,159.21712119257296,5.984883887020631,3.0873958521783806,5.416835076487712,3.635302265311809,844.32019143823,844.0111734266533,26.036235557919184,[ 0.12885772 -0.97211284  0.19593959],[0.61267818 0.23340752 0.75508038],[-0.7797571   0.02274998  0.62566869]
62,-205.03143578037484,-146.22019266760105,78.06894476020514,8.607372504316173,15.199359205803233,10.988794425089203,12.133941590793098,2081.179851064542,2079.4369685387364,130.57720393290867,[0.16946449 0.26976855 0.94789594],[-0.60650361  0.78665422 -0.11544911],[-0.77681089 -0.55533779  0.29692555]
11,-246.2391133821863,-177.6845235424329,152.10337793170706,2.849133252452101,6.8243026196017125,5.4384014805871566,2.542025294224632,1126.7035552646787,1126.5151030242018,29.275830957914508,[-0.627652    0.23414134 -0.74244919],[-0.28359861  0.81939721  0.49815664],[-0.72499986 -0.52322657  0.44789414]
15,-200.19121605506206,150.965135419055,201.4673916391416,5.547698040202694,8.153830463589664,5.647651771119618,6.911513115561193,1246.4106974159006,1246.1132518801705,34.928825663342636,[ 0.25224926 -0.63716136  0.72828271],[0.74110162 0.61114001 0.27798609],[-0.62220471  0.46960971  0.62636094]
10,-257.6678043898745,-294.8807400789648,9.689616825725105,6.022626392135598,2.884571945445788,5.263123052953918,5.272940987203154,1238.9489085162504,1238.883070345711,21.093703298798026,[ 0.70261261 -0.62518375 -0.33982467],[ 0.27119382 -0.20625537  0.94016628],[ 0.65786734  0.75273103 -0.02462835]
9,-360.6259994982081,244.286704697382,95.7393092637945,3.809692978964386,3.4955672565989215,8.51893229845735,3.9478671859594145,1338.2183645458606,1338.0137280222955,27.468867235833283,[ 0.55817664  0.82959943 -0.01426983],[ 0.18593799 -0.10830612  0.97657404],[-0.80861975  0.54775412  0.21470799]
3,-252.7117290642569,-58.728003625697816,84.99551146272678,1.3762188274990919,4.0341927769126364,5.332987251982231,3.675300695126902,473.0136511742001,472.9241422289511,9.954821328275553,[0.00811535 0.81122217 0.58468173],[-0.37857399  0.54367176 -0.74906792],[-0.92553545 -0.21526634  0.3115197 ]
31,-401.7276278726917,-71.2864078033883,77.89877948150023,5.956617307244525,15.646071596372408,12.767070597196149,5.90764739876909,2314.8008887131246,2313.810279548347,112.40895993967096,[-0.24070904  0.37947765 -0.89333973],[-0.08201046  0.9091587   0.40829491],[-0.96712638 -0.17154348  0.18772158]
8,-275.2367537850929,-239.34688718395046,243.80283358906652,4.405965570365121,1.8444591480449868,3.4674992326604226,1.7007740211575095,1241.0150420860143,1240.9253132929853,15.994912693641897,[-0.29175745  0.82627747  0.48181234],[-0.72200684  0.14014435 -0.67754386],[-0.62736251 -0.54555027  0.55568982]
6,-329.9848706063303,5.781770393693061,112.92663203958057,4.488721875476988,1.788072605440778,2.2425568004611924,3.5780633325913915,854.5211749045736,854.488994702796,9.645376993191809,[-0.00967354 -0.99969008  0.02293848],[-0.32392497 -0.01856978 -0.94590051],[ 0.94603332 -0.01658055 -0.32364494]
2,-271.8031809603208,51.7807502023355,105.3315256831402,0.8233118907404275,1.9140365237918928,0.2874470219361811,0.3188144885160398,418.7060295206597,418.69570627630407,2.9401875352523033,[-0.30335907  0.26782101 -0.91446442],[-0.2552151  -0.94746244 -0.19282165],[ 0.91806238 -0.17489093 -0.35577329]
4,-289.33589586700884,42.62233231633225,11.098852460091095,4.2230838200835,5.328818644589179,1.7194475457830956,4.736597540062781,585.4956968620389,585.4259750731326,10.275292055724877,[0.05767854 0.13421982 0.98927156],[ 0.13920354  0.98015981 -0.14109971],[-0.9885826   0.14584852  0.03785031]
3,-246.98465331485622,199.26683606337306,313.5867540211121,6.82466240391972,2.2433021898680874,4.1183373213648125,7.4704495393363,772.8749540439557,772.8578735849488,6.203768572515196,[-0.17072129  0.76521843 -0.62072135],[0.81502915 0.46368131 0.34745809],[ 0.55369822 -0.44658751 -0.7028356 ]
24,-57.34044264038726,-2.1599532132333734,46.66349195503835,7.295972422709432,13.60022379202689,7.9504471106819325,7.375393610615525,371.41525213332136,364.8539042335206,77.22296499946955,[-0.57602706  0.4405452  -0.68855846],[0.25961874 0.89732917 0.35692922],[-0.77510705 -0.02683821  0.63125967]
4,-258.51636876029573,-0.7269611758316276,89.34458906406098,0.7999727889597951,0.9869816294846316,4.928323857702989,1.1691636128771952,547.1330504580523,547.050416184116,9.902668726857582,[0.00685919 0.99958515 0.02797279],[-0.32664875  0.02867864 -0.94471061],[-0.94512092 -0.00265732  0.32670995]
2,-372.32922777188213,56.149685135379116,287.83500102297745,0.554250923769473,3.32849515378771,2.446936976026791,0.6562782196569401,670.295759172838,670.270482080158,5.8211353809937325,[-0.5615205  -0.54878094 -0.61930139],[ 0.25991909 -0.82753031  0.49763003],[ 0.78558055 -0.11846121 -0.60731388]
2,-334.0764880243545,136.6379236231788,215.26620543654735,0.9471272750191702,0.6256794979991582,2.716736724919528,0.8420837927431819,594.3487703514359,594.3353773667276,3.989991054305214,[ 0.19947907  0.93740888 -0.2854342 ],[0.57297717 0.12471851 0.81002621],[ 0.79492469 -0.32513055 -0.51223516]
3,-386.19856810737065,5.390205779853957,44.9714717388641,1.120395142599384,3.493198009453092,3.3711291118545246,0.8994885179676287,673.5539572653302,673.5033672800827,8.493754796388837,[-0.09202156 -0.70207126 -0.70613595],[ 0.07139729 -0.71197166  0.69856909],[ 0.99319407 -0.01386723 -0.11564273]
13,-241.7778402034191,-16.336784755309164,127.34094048315956,6.030115814816706,5.895256713886507,4.518238357644321,6.357425379318332,987.5208026968729,987.3901900630962,25.699217551648996,[-0.46896754  0.11140812 -0.87616076],[-4.31172148e-04  9.91983549e-01  1.26366343e-01],[-0.8832153  -0.05963949  0.46516005]
5,-246.17573427634488,253.7660472370344,122.03561736160074,3.262760172626011,2.8454420011287573,1.790960366227568,2.4752174514183523,836.3913031350709,836.3693647923501,8.903837643706254,[ 0.19490848  0.57214488 -0.79665608],[0.72717985 0.46076685 0.50882549],[ 0.65819462 -0.67848665 -0.32624486]
4,-312.57412852932316,-18.00958718587676,165.26314904229037,4.493885002260907,4.422991150580468,2.4515274448076285,3.1408565675114732,708.1917505959184,708.0947821582009,11.961709348556806,[-0.36552364  0.69849711 -0.61521887],[0.2946369  0.7137951  0.63536261],[-0.88293916 -0.05097387  0.46671201]
2,-277.81829037437666,1.0398446443846838,32.265632154942566,0.206381061946729,2.785095136802536,0.6409682091683582,0.2685771701960675,395.5587565712403,395.5381825070509,4.034362304593764,[-0.11346349 -0.21483852 -0.97003631],[ 0.02118769 -0.97664254  0.21382335],[ 0.99331622 -0.00370831 -0.11536521]
2,-369.4697406696143,-245.1964701570816,204.47404115300736,0.4985315296398767,3.1661904652354735,1.1080384341009477,0.7486615587438337,690.5799487363151,690.5641060741192,4.677712978003527,[ 0.56905059 -0.1903561   0.79996624],[-0.32199306  0.84356987  0.42977941],[ 0.75663855  0.50214981 -0.41874059]
18,-258.87836735047836,-148.5415029071116,223.84623044092027,7.039669745594326,11.363542642220741,7.208154849961946,6.410465558751228,1583.9267813548051,1583.3187306338268,58.403305333867294,[0.30126835 0.59613512 0.74421791],[-0.65423207  0.6970246  -0.29349124],[-0.69369863 -0.3984716   0.60000216]
25,-384.9537576494825,-261.58414588081746,120.6814191582376,10.3296388326367,10.08105879951044,14.803990419915275,5.628070870823475,2405.4699156235965,2405.0284048967605,99.55156587803252,[-0.48070547  0.83339086  0.27273048],[ 0.3575215  -0.09772541  0.92877776],[-0.8006876  -0.54397556  0.25097801]
2,-268.84084858120286,3.814762258412202,235.7441233835057,0.4021322307946491,0.21474399534948252,0.42128411200499727,0.0268847028499124,505.6987864182087,505.6980259198144,0.8770208959843079,[0.23553922 0.93824153 0.25342475],[ 0.61585266 -0.34581645  0.70790994],[ 0.75182895 -0.01066825 -0.65927189]
19,-90.3715158238846,-91.1722989703687,89.27774278407972,8.794918171469766,10.074033424719259,14.68198088626986,6.774628631123564,686.3444566932883,682.8902243587312,81.7072214742801,[-0.74722833  0.65932879 -0.08327892],[0.32792334 0.47479978 0.81671993],[-0.57802777 -0.58296717  0.57099315]
5,-323.8255132860487,-195.83334913536217,183.53422568095885,5.982721884296435,0.9493446681406746,2.441286635616572,4.523181967141212,940.5852648445612,940.5315799955712,10.53586283502821,[ 0.26734799 -0.85628322 -0.44193224],[-0.57934943  0.22363852 -0.78379847],[ 0.76998655  0.46558013 -0.43629789]
