N,MEAN_X,MEAN_Y,MEAN_Z,SIGMA_X,SIGMA_Y,SIGMA_Z,SIGMA_R,LAMBDA_1,LAMBDA_2,LAMBDA_3,EIGEN_1,EIGEN_2,EIGEN_3
71,-314.26956889787823,-316.493139148618,58.166682887180926,9.668188549027464,19.181465072916954,9.95013615069338,14.785584191403187,3794.4126300090466,3792.9825280925497,155.74330910266693,[ 0.29965082 -0.12369334  0.94599648],[-0.65012363  0.69922631  0.2973581 ],[-0.69824684 -0.70411826  0.12910777]
104,-264.57214586353894,-196.39825861926414,325.7796688158879,18.03446316359666,20.688337711345522,18.687419909753107,20.777955208860384,4735.174706909736,4732.39668136926,264.76058978906826,[-0.69151589 -0.2134072  -0.6901182 ],[-0.44250291  0.88027582  0.17118893],[-0.57096142 -0.42375918  0.70315803]
72,-363.7545982021793,-157.0670873229017,233.95553352975497,12.729379837403506,12.028322382636889,14.826326873350038,13.168863426753687,3908.372716995532,3906.764714212233,160.30586240599442,[-0.58340365  0.67191281 -0.45626019],[0.18603594 0.65738818 0.73022696],[-0.7905889  -0.34113628  0.50852259]
124,-335.68426843853456,-161.6439721535737,151.01406855045852,23.896861824861325,14.264491354082958,19.326343608430108,22.012823711063138,4488.779242967732,4487.342980706837,283.8668528194233,[-0.45525372  0.88805574 -0.06403953],[0.30774861 0.22444059 0.92461733],[-0.8354848  -0.4012274   0.37547533]
133,-377.3855002979667,43.398826455356065,278.4685840838047,17.095024148228866,32.67282574741218,16.61531163188577,11.993742006730214,5450.177414110939,5435.458780768323,445.0366688127648,[0.55100505 0.49872551 0.6690787 ],[ 0.23249401 -0.8617686   0.45088957],[-0.80146115  0.09288564  0.59078954]
63,-438.0421088482868,-132.3696689269586,105.88980483045616,10.356386501787513,15.03291415780543,16.116799886682436,10.453393684284544,3732.054025071025,3730.1044931296497,174.16785527451012,[-0.35746372  0.8083079  -0.46782265],[0.04996228 0.51675364 0.85467505],[-0.93258965 -0.28214184  0.22510558]
301,-331.2123741296572,-46.08929445062634,222.38059124075895,18.123500778932307,32.00004603079508,34.46279611761093,19.49076434042034,7014.162386287313,6984.071770374987,802.1142326625509,[ 0.46771118 -0.68887698  0.5538003 ],[0.31988954 0.71600798 0.62048631],[ 0.82396416  0.11305346 -0.55524947]
11,-409.10878611248796,-249.142042429025,48.86011111226128,6.839165269151016,5.8025246150564,10.120786908367014,5.66070747959033,1597.4102610806433,1597.146353545727,40.82490430704246,[-0.48373203  0.84149567  0.2406    ],[ 0.2097721  -0.15541654  0.96531931],[-0.84970524 -0.51742703  0.10134236]
24,-174.56030217104254,-40.96160422778103,143.96033500790733,11.661063537392653,8.696728787015326,8.898056920870529,11.002204474850602,1129.163647096221,1128.241690907729,62.905173927218506,[0.40220129 0.62829881 0.66593899],[-0.51134556  0.75750168 -0.40585333],[-0.75944706 -0.17729021  0.62594596]
5,-261.9834745517899,-269.9243592480432,310.7894640699711,6.426179045255775,5.338779987874243,2.0621916337718753,1.126338552266179,1091.2237791577113,1091.0788435425234,19.080018678501617,[0.41353702 0.48549565 0.77024744],[-0.73531748  0.67697075 -0.03191877],[-0.5369314  -0.55317681  0.6369459 ]
14,-315.71707242643697,203.05090208080293,152.1023092238775,9.986914264597074,6.821624734711104,6.598144602968948,8.059266539403358,1516.0816773288611,1515.9999678362583,41.623499439119705,[-0.32144718  0.19423653 -0.92679225],[ 0.53743276  0.84325111 -0.00967431],[ 0.77963949 -0.5011983  -0.37544977]
157,-314.9214994195337,181.22342290741057,202.36852472605455,21.112599448717873,21.869495706975577,21.691945000556526,21.656001165076695,5229.611207796687,5220.737800955546,381.69524321765886,[-0.05881064 -0.78670249  0.61452461],[0.65115786 0.43636884 0.62094741],[-0.75666026  0.43667085  0.48660438]
3,-258.0081631462877,-134.87046673863952,26.29938785327533,2.3913012726581724,1.6593190714394013,3.5111797001995866,3.1980655482525124,506.37153637726385,506.34002175427923,5.650387839259262,[ 0.45108781 -0.88516706 -0.11401341],[ 0.13234691 -0.05999232  0.98938628],[ 0.88261208  0.46138942 -0.09008732]
70,-301.16719644797786,-245.245605863345,152.99511282946702,14.641546913652181,10.409420088198587,16.556176548685432,11.35506120302328,3496.8352490668794,3495.5089606056154,180.99869730076014,[-0.68937757  0.56206429 -0.45699266],[-0.06217073  0.58262122  0.81036245],[-0.72172942 -0.58705727  0.36670206]
3,-317.2025662335121,35.601160295531514,69.10470752905566,0.9118413854335131,3.666661480902554,9.47889189998243,2.9873556650833746,565.9176023192201,565.7192962761201,16.9092925911331,[-0.06677579 -0.97806213  0.1973207 ],[0.22871134 0.17749224 0.95717691],[-0.97120138  0.10904572  0.21184171]
6,-214.382004255186,-246.77855535339154,352.9490803345946,4.924309320341908,3.7520206974415644,3.2908546398797958,5.753941709210462,1178.5020697636553,1178.479734036752,9.823022727125462,[ 0.44513625 -0.83801989 -0.31555727],[-0.77667564 -0.18593018 -0.60183463],[ 0.44567777  0.51298405 -0.73363389]
26,-413.64400887266345,-91.98007312380028,219.443097300077,8.72228272914708,10.26881362536124,9.97742898644115,7.8352431917980665,2434.547239808575,2433.746827166097,75.85942129181717,[0.16061274 0.76503033 0.62364425],[-0.47209635  0.61442817 -0.63214164],[-0.86679212 -0.19289017  0.45985302]
2,-210.72292164943934,-61.66902408573801,170.8465325513921,5.55042473013178,1.3956085695454732,2.385578234241976,5.9784353116913564,393.53323073527827,393.5263653438217,2.324536991888776,[ 0.19965443 -0.9741825  -0.10538767],[-0.62152239 -0.04275629 -0.78222875],[ 0.75752757  0.22167624 -0.61401272]
33,-242.3183861940097,-242.285416139192,305.13933160634446,8.122221215907764,11.342636981544116,14.192781918406105,13.186081715615972,2637.8487998837154,2637.3344705323766,85.84475860484895,[-0.36196937  0.84833419  0.386403  ],[-0.76841376 -0.03686397 -0.63889071],[-0.52774848 -0.52817625  0.66521529]
99,-44.60602169583942,4.49225363717815,14.513652164605883,19.184157475309156,20.521045456086465,10.280944064961892,18.779269354813337,545.3148853296052,516.8568156634472,228.7647273302014,[0.29702493 0.15747121 0.94179563],[-0.07007766 -0.98005335  0.18596922],[-0.95229476  0.12123633  0.28006507]
69,-334.08739717962015,312.65102144150296,34.02295589210698,16.81869858188117,13.120040126177761,9.217175022692999,10.154555918782542,3815.749890577662,3812.6940323953704,173.3549394066742,[-0.18188395 -0.29637478  0.93759278],[0.66065831 0.66939836 0.33975937],[-0.72831917  0.68122524  0.07404964]
115,-340.3800227635695,-270.0340452398486,168.11153443346655,27.691200360659977,10.900959813359421,33.46949629532082,12.270244894780745,5016.506909090103,5000.050346231861,462.9665510816589,[-0.40329989  0.79322698  0.45622381],[ 0.55028311 -0.18811097  0.8135126 ],[ 0.73112085  0.5791418  -0.36063428]
13,-284.62556610644634,58.11463320299718,162.6557392147644,7.4900846295194015,8.886771454270198,4.166466642145618,7.208119364583169,1201.1982488376207,1200.7456606759235,35.91220061984497,[ 0.41217154 -0.34325259  0.8439741 ],[-0.31496579 -0.92288786 -0.22152778],[-0.85493343  0.17451552  0.48850093]
375,-386.679811001396,91.70187640595125,159.87827313621622,23.563407928286153,27.042945140951087,35.93003270868056,26.515234068044837,8345.253907450098,8318.575857675729,842.5284028070791,[-0.01782624 -0.8838494   0.46743178],[0.43172609 0.41487303 0.80093255],[-0.90182859  0.21608011  0.37418522]
7,-256.9648806176256,295.9474636807901,77.38702809816861,1.8725524535026479,5.399102398289818,4.8590876595221735,4.537925496960904,1057.1366717266555,1057.1022451857334,15.782613058977386,[-0.73698471 -0.66753593  0.10606283],[ 0.20789043 -0.07455521  0.97530666],[ 0.6431447  -0.74083555 -0.19372038]
2,-322.2283915022151,58.57059514063645,257.49714605274124,0.07646555695833968,2.449281477180058,0.19699570439883018,0.40694707559245563,589.1900792861047,589.180102766004,3.42870730854901,[-0.61297641  0.08233869 -0.78579912],[-0.16136924 -0.98663768  0.02249568],[ 0.77344675 -0.14059313 -0.61807256]
13,-56.15012996282611,16.479495689005066,56.44042916667051,4.167019725561837,12.222070948892155,10.745650559478472,9.042397841372587,298.7944118254012,295.2851076442027,52.19554137276781,[ 0.45739983 -0.62166386  0.63586118],[-0.57112709 -0.75344337 -0.32578664],[ 0.68161517 -0.21414279 -0.69967394]
5,-263.29980663021877,125.17858386309763,81.63106727724319,2.9839758313460645,5.090861271096491,5.823463637968862,2.6063726052253076,677.1758645003857,677.060720231838,17.605070013858835,[0.48296978 0.82569759 0.2914853 ],[ 0.10196444 -0.38365153  0.91783155],[-0.86968008  0.41356377  0.26948389]
6,-336.82498583192154,-234.028216758725,106.64513512977966,8.042230074948245,1.5857831981746733,7.317537141126579,4.952229107486457,1038.3792543622283,1038.153384917395,24.01003475844827,[-0.39774073  0.78725409  0.4712041 ],[-0.45817921  0.27452536 -0.84540383],[-0.7949051  -0.55214746  0.25151354]
8,-239.88386504532505,-222.901554613357,222.7497591123212,5.1604220978287145,5.07002367542571,5.822154323404594,5.249701895476934,1120.4058548333392,1120.3353146767358,21.643831991400056,[-0.75364897  0.63251631 -0.17870744],[0.25517199 0.53212839 0.80729587],[-0.60572311 -0.56281657  0.56243846]
71,-327.6973252259865,-205.35987018860928,91.77264519200938,20.834506722511865,14.14892920606192,15.075378135723248,15.355141427812255,3356.86752074117,3352.9314797229827,211.77896892016736,[-0.09541517  0.52982111  0.84272507],[-0.55712863  0.67315008 -0.48628866],[-0.82492644 -0.51590557  0.23094978]
199,-291.01746744444785,230.231537233491,276.3298054262202,23.053698168479503,17.911867603369362,15.41669709758493,17.14716476224912,6538.6264203692635,6535.924291087386,395.1137285658131,[ 0.57040749  0.81747145 -0.07984806],[ 0.52740384 -0.29000325  0.79858832],[-0.62966696  0.49763293  0.59655761]
98,-218.3776268247496,143.7082324899349,281.2261871580981,13.383938850600478,17.393033420223514,33.41359221872563,35.21385553259215,3820.496088021814,3818.2149083691697,185.3688855712007,[-0.00445634 -0.89208235  0.45185089],[0.8241523  0.25263473 0.50690105],[-0.56635071  0.37465288  0.73408589]
32,-343.5384818527555,152.65455062534932,250.60421521098664,11.438286149114813,8.450324005824617,5.865751069512491,9.810025092795092,2556.8970027696387,2556.731260868053,67.23995848902649,[-0.18355072  0.70726379 -0.68270569],[0.62284618 0.62098138 0.47586213],[ 0.76050758 -0.33787579 -0.55449813]
65,-134.27300760875278,-117.8440668467109,183.41783365911718,8.90493807225209,20.181420589317227,18.516695256373335,20.033170550443415,2076.189849401559,2071.9776205942635,163.6683013541411,[0.35907837 0.64347321 0.67602141],[-0.77448443  0.60962867 -0.16889866],[-0.5208038  -0.4629202   0.71726445]
2,-284.89825236837237,-75.24659701224799,259.9665136166259,0.9332805190086333,2.649160486107931,2.0536587218201987,1.1892446624692354,555.7405138091226,555.7212741387651,4.6243008568904065,[-0.41571915 -0.64417329 -0.64204234],[-0.54913042  0.74051677 -0.38741541],[ 0.72500577  0.19150897 -0.66158215]
139,-136.5731266302352,110.12740485746488,164.1541535275469,20.127384852166088,22.00650804164221,21.529744185287708,30.768010639861018,2862.297431129579,2859.096049723192,238.74996343019492,[0.73683407 0.65373633 0.17234955],[ 0.36627684 -0.60027877  0.71098992],[-0.56825772  0.46075395  0.68175433]
45,-367.11578188025055,-307.224722870022,15.385033624854085,17.780437043669146,21.559086540483044,11.468397656320777,9.105771563474281,3218.3886562847474,3214.491450443317,192.187930701251,[0.0235073  0.02193182 0.99948307],[-0.64189517  0.76679046 -0.00172878],[-0.766432   -0.64152271  0.0321031 ]
18,-430.13224344008484,54.60231510394337,192.645337903829,4.3750219625320375,5.2443685439633825,8.790116865808834,5.515644292914728,2013.4159711316122,2013.1569859269573,41.00905059806246,[-0.28633245 -0.87451131 -0.39146354],[ 0.31014146 -0.47116888  0.82571917],[-0.9065462   0.11502112  0.40613315]
78,-242.99284539711437,-138.05568271485689,303.54017872902125,12.584551608897286,9.897301918771587,17.058648953036908,15.585467328429646,3649.0675000522187,3647.419722400118,153.94103573248995,[0.06246118 0.88885506 0.4539111 ],[-0.80604315  0.3131224  -0.50224377],[-0.58855165 -0.3345012   0.73601352]
6,-321.13204205182774,273.8247134725266,91.59482392784632,3.6223877640674558,5.119974670659735,2.853873497349434,5.447306763344117,1057.932971187847,1057.9156070337935,10.327097020656618,[-0.66767188 -0.72116596 -0.18475367],[ 0.03576272 -0.27895702  0.95963744],[ 0.74359618 -0.63411564 -0.21204261]
125,-245.7483087653776,4.499275749105947,24.54700488284814,10.439256392705932,30.545756256809547,16.473368887532498,10.887235764301883,2788.103276106041,2767.483668871918,386.80758493151524,[0.09967012 0.36545179 0.92547872],[ 0.0201363  -0.93066051  0.36532937],[-0.99481677  0.0177767   0.10011789]
110,-382.67406247401794,165.10411188606884,30.995738463107976,26.2508593311074,20.626515135867326,15.177013569778525,30.028345265261496,4398.463944660675,4396.265562457297,217.58157608989546,[-0.2187159  -0.64441091  0.73273319],[0.33824531 0.65428811 0.67638538],[-0.91528873  0.3957798   0.07486576]
73,-212.79248598819586,-101.13833814494569,139.75341734221814,12.150614610192902,15.258588682542918,15.937221094158865,16.29847866235451,2348.600714075257,2346.4817312945834,163.27852297120094,[0.30506489 0.4897473  0.81675149],[-0.55215383  0.78972912 -0.26730893],[-0.77592626 -0.36942589  0.51133447]
12,-321.0489071841101,170.527585772336,94.76294130745508,5.7217505962692465,7.925076209839748,5.200784321065247,6.141937910029804,1301.8408329573929,1301.6578746457,31.76831306814414,[0.29381627 0.0220155  0.95560835],[ 0.42826087  0.89074624 -0.15219649],[-0.85455522  0.45396746  0.25228736]
21,-278.6958429593028,-192.01700280176846,117.54169749852294,9.058969078230971,11.427364412622145,9.59460265549113,11.429698454990021,1643.6611149328548,1642.7205728517142,60.65419702924748,[-0.12310603  0.64188477  0.75685458],[-0.61658688  0.54811608 -0.56514545],[-0.77760242 -0.53623941  0.32830133]
13,-385.7896170021055,-54.53031047459277,154.49180589199818,4.622346913644861,12.097378668797175,3.6749906318323187,4.849015254758321,1511.9352109924519,1511.3764903843844,45.30047509067637,[-0.3787459   0.06382206 -0.92329751],[-0.09670107  0.98942998  0.10806115],[-0.92043492 -0.13021157  0.36857089]
22,-367.7186697917583,-1.8593371078845309,114.39896930426316,8.483496384254492,7.0088910265387945,9.160484079234973,7.468031577900104,1807.4281187523704,1806.7913637545632,57.126267045848095,[-0.15540193  0.86023095 -0.48564694],[-0.25305727 -0.50988133 -0.82218188],[-0.95488861 -0.00487216  0.29692424]
50,-311.7713428600449,151.31072383622214,322.80682809760384,14.647856701648095,15.637221098172127,7.993046665923845,10.067110513918529,3351.9156281471705,3350.5028742671116,145.41180858780254,[ 0.53182093 -0.44315739  0.72164951],[0.53252645 0.83758824 0.12190781],[-0.65846949  0.31946433  0.68144   ]
12,-347.6840316907898,258.1223003419514,46.05947211587917,12.34578091530745,4.0379870434444936,5.345521009405318,11.669135882460015,1509.1928428617189,1509.1496637198652,26.948107180708565,[-0.02910542 -0.21363027  0.97648092],[-0.60117605 -0.77672436 -0.18784731],[ 0.79858639 -0.59250432 -0.10582252]
25,-280.96634043036624,29.25463053318888,295.91712597222136,7.258466772004129,20.191908750481108,10.384065409750534,10.497903994755752,2048.8190192816605,2046.3830033610766,106.35676638564134,[0.72535583 0.13245483 0.67551065],[ 0.04778612 -0.98863479  0.14254033],[-0.68671348  0.07111243  0.72344151]
6,-423.6986674367784,77.29224142407352,3.3163224058079526,3.8426014462831364,5.276071160683888,1.0704788351689634,3.8313525834108493,1055.125538326831,1055.048949532476,13.213103711190543,[0.01221081 0.02395522 0.99963846],[-0.17921001 -0.98347362  0.02575694],[ 0.98373506 -0.17945973 -0.007716  ]
28,-371.7680577546872,-161.975640044455,47.25292434551856,12.324474779700905,13.154195762543505,6.622832383383493,13.461517785808061,2162.517966923155,2161.7274154454417,72.16034015680562,[ 0.16530785 -0.092451    0.98189924],[-0.37895763  0.91321197  0.14978322],[-0.91052975 -0.39685855  0.1159261 ]
21,-447.56559520300385,-73.71694166147067,93.07740380167154,5.726295754017508,10.050744943278898,6.922289976623138,5.191301448452283,2122.5952030419817,2122.3337410991935,56.99822742455897,[-0.19433827 -0.05644808 -0.97930907],[-0.16724172  0.98563284 -0.02362443],[-0.96657273 -0.1591902   0.20098665]
3,-192.53862323791904,103.46939825544102,202.56317633852802,4.048982851404244,5.138036692353707,0.69079326390026,3.8697321700373517,516.2821909380286,516.2175091234042,9.223730159497228,[0.73404945 0.52661747 0.42877202],[ 0.20895453 -0.77590468  0.59523939],[-0.64614968  0.3473413   0.67959151]
48,-255.431357949877,-261.73757795467833,24.883671225327234,8.59727419720872,16.28530606354577,17.45647187787237,13.396262137949202,2544.824106214131,2542.2393679096035,149.36173520655137,[-0.55969309  0.60069739  0.57088203],[ 0.44950772 -0.35867463  0.81810471],[-0.69619426 -0.71450344  0.0692704 ]
15,-380.0045794501231,89.68736251950362,76.72020929075188,7.146984952818218,9.864347192324411,7.816242949500518,9.426258235111948,1542.0883700083289,1541.5644757490054,42.726986368242045,[ 0.01891155 -0.60248669  0.79790485],[0.29642309 0.76554621 0.57102746],[-0.95486947  0.22571841  0.19306864]
8,-436.4182066449822,68.15379125887847,114.55316396346757,4.5138178035276315,4.412743691887064,3.1413773261370874,4.454319504043008,1290.7897461233338,1290.7627932352793,15.497364511960518,[-0.23734752  0.10354113 -0.96589098],[-0.17025513 -0.983347   -0.06357573],[ 0.9563887  -0.14935836 -0.25102338]
7,-359.32521477762475,196.90806193560348,203.20338102009285,3.660245613821596,7.115140727027171,8.884176978985959,2.9883717172317033,1210.4450911398235,1210.1216518277902,30.58938890737986,[0.61856431 0.55910836 0.55206525],[ 0.01081568 -0.7086029   0.7055246 ],[-0.78565973  0.43044137  0.4443636 ]
7,-167.74626562940924,-151.69637956684647,115.24387830098898,4.819251586639591,5.052554635076855,3.1804162214770044,5.413544608165623,671.8294302497535,671.7940489572399,14.376011533643476,[-0.14015672  0.69242277  0.7077477 ],[ 0.73731166 -0.4041014   0.54136269],[ 0.66085369  0.59770625 -0.45389385]
4,-267.35047275843885,30.44487469411841,273.97718730162387,7.112318752878626,2.9051005422039577,5.720625286013651,8.322106753231147,768.263457043443,768.211887213875,9.438091436570996,[0.46396588 0.80806042 0.36300693],[ 0.54769624 -0.5837403   0.59939644],[ 0.69625031 -0.07928196 -0.71340723]
20,-338.9235563175812,-203.30813679410687,274.0902974662956,6.604331747680324,9.277903094720097,6.201195134414322,6.806767699571414,2151.616378515621,2151.2786471520544,49.27341427085384,[-0.70937357  0.40413359 -0.57746445],[-0.01385019  0.81114221  0.58468494],[-0.70469661 -0.42275803  0.56980552]
3,-295.9636116696283,107.62684546774307,317.8336951625468,6.161725595659882,3.420442380588215,2.5501454283306138,5.4219937914299505,775.0700781567626,775.0486162723251,8.975745780092568,[-0.6008795   0.39672478 -0.6939404 ],[-0.44867429 -0.88587761 -0.11795022],[ 0.66154004 -0.24047934 -0.7103059 ]
6,-251.46846344589878,9.897108165090522,287.87503318901145,1.947182832195618,5.1102337145263546,4.798036186378457,4.223598790416162,936.7732112568734,936.6734843203192,14.50405013172998,[0.67743902 0.45748891 0.57600371],[ 0.32957466 -0.88884029  0.31834489],[-0.65761456  0.02582302  0.75291185]
70,-206.10990881980962,-151.29128328932262,81.89220047201646,11.441831594777543,13.829365351975838,15.053299947056203,14.98428860907067,2252.6114739213244,2251.870515264471,149.61104567476733,[-0.60881746  0.48933761 -0.62441172],[-0.20201041  0.66552242  0.7185205 ],[-0.7671591  -0.5635855   0.30633038]
3,-226.79307046854026,158.23003585402492,27.269928750038304,2.949613719089996,0.525981344742144,0.026096069870512904,2.1893371309276173,481.32462896304094,481.3115522650727,3.5492250261501157,[ 0.02831918 -0.13021582  0.99108116],[-0.57707938 -0.81169639 -0.0901574 ],[ 0.81619692 -0.56937931 -0.09813144]
28,-292.81314047323303,-162.55181489889205,276.6637518755279,9.325505407208052,10.395802579149715,9.780334624396426,14.41976734088437,2300.2482120102813,2300.070043044734,48.17132101347562,[-0.68903207  0.00763776 -0.7246906 ],[-0.26647009  0.92723022  0.26313077],[-0.67396476 -0.37441391  0.63685613]
77,-205.5992753440256,58.23364183246007,82.32130236787414,14.883810551540277,13.894384410336707,15.107067629176868,16.901951489530774,2019.120696712567,2017.6461165100732,163.87865064746802,[0.4394476  0.44054708 0.78281803],[-0.03979281 -0.86107162  0.50692425],[-0.89738639  0.25391718  0.36086525]
12,-305.37438792792017,-28.659912823046337,122.0831217528296,6.5941450316172885,4.664480720100509,8.669186053252988,4.402596694362705,1144.219548959046,1143.757787216789,38.07795264751495,[0.02803599 0.95531177 0.29426756],[-0.37868987  0.28259121 -0.88132638],[-0.9250989  -0.08672729  0.36968961]
6,-248.4231810967352,-269.01732542905785,232.34285518626766,3.583541527709968,1.8748845952820927,1.9289460042153364,2.1974110894162244,1062.310448419714,1062.288790167022,9.548754973135162,[ 0.45925765 -0.78431035 -0.41706076],[-0.67890096 -0.00712269 -0.73419531],[ 0.57286639  0.62032777 -0.5357402 ]
13,-197.7941974513563,-64.25928296376205,218.20210501090907,8.66052927823195,5.535666727055606,8.599127104514883,3.1765730535274113,1087.7718468511641,1087.048406433054,47.016197800484804,[0.02668238 0.95211463 0.30457474],[-0.75422636  0.2191399  -0.61896712],[-0.65607213 -0.21320279  0.72395713]
51,-239.44848321493922,178.25632006574835,244.4450071109389,12.222094054866883,21.12539798389602,14.783665622246744,15.165090787985218,2762.403598088325,2758.1507751121662,170.10235808736243,[ 0.30868388 -0.59872951  0.73907864],[-0.72182158 -0.65347686 -0.22790699],[ 0.61942543 -0.4631317  -0.63389365]
21,-253.55451490494983,-148.7025126181838,216.84979479666197,8.347031456726741,8.745317488542435,6.425089009800015,8.284375451359782,1674.8810156931156,1674.5300640065761,49.93763138832786,[0.32032028 0.56377913 0.76128051],[-0.64465361  0.71857512 -0.26090518],[-0.69413013 -0.40718901  0.59361644]
5,-316.8077973530523,86.60590095205136,32.75273782833806,5.601218582785999,6.754600825018161,4.467828073723875,7.2704218679471415,738.3121936751412,738.2755811427282,14.795689970960373,[-0.01312446 -0.39514246  0.91852609],[-0.28054668 -0.88025272 -0.38268619],[ 0.95975065 -0.262712   -0.09930306]
17,-310.8260535205113,22.305091383692528,200.73701347045352,8.559813617492477,7.4017600563768084,7.72443438833109,11.268419862119895,1529.3412059244142,1529.1359006521848,32.176213235312495,[ 0.53500241 -0.09805432  0.83914109],[-0.10390286 -0.99333849 -0.04982816],[-0.83843701  0.06053097  0.54162661]
30,-411.85160885108377,-27.57236576348037,251.13278037485009,5.506452245355952,20.639333887251773,13.804316660853718,6.312895201385859,2649.4110902108596,2647.300337759554,134.95525259163762,[-0.49860241  0.38865444 -0.77481828],[0.15804623 0.91962903 0.35958842],[-0.85230102 -0.05683454  0.51995462]
2,-288.8065692371283,-297.30573646369976,85.44870772022581,0.23879134388621992,1.1434270520826715,0.6166869812343094,0.841712275658665,598.5034031137366,598.5016716894834,1.4396262075227537,[ 0.65237429 -0.46077845  0.60173998],[-0.32969747  0.54236187  0.7727504 ],[ 0.68242755  0.70251464 -0.20190545]
3,-172.59474758103826,99.86975598092233,74.17968625811797,0.3644452254272598,3.6854295923862743,4.5662990221313455,1.646704264023518,368.6264415726794,368.53751859527586,9.761515502161807,[0.5847097  0.64104744 0.4971647 ],[-0.00983001 -0.60719979  0.79448838],[-0.81118305  0.4694322   0.34873411]
2,-168.69478719796967,154.70017516765327,98.01548559666477,3.8812014497047898,1.3412458074870415,0.09033003934075623,3.4271773675628765,352.17604025812483,352.1614922955731,3.20104296244213,[ 0.25803067  0.70196335 -0.66382801],[0.68868216 0.34825462 0.63595252],[ 0.67759653 -0.62126176 -0.39356926]
4,-123.10940448432787,57.929776003521496,35.394603566193595,6.4253138396279645,3.497566728166386,1.2946298491215769,6.119626167821472,281.51222958102846,281.4931282841521,8.398330764619171,[-0.04993535 -0.59483401  0.80229606],[-0.47976237 -0.69026305 -0.54163178],[ 0.87597633 -0.41195803 -0.25091045]
26,-242.27450727925887,-12.470432439180161,130.51711315415196,6.086909770453195,6.486601194996364,8.815685260212302,7.368482977759009,1405.768092009523,1405.5007484205753,51.692765898718186,[-0.23916948  0.90277011 -0.35749699],[-0.41177558 -0.4277374  -0.80466241],[-0.87934    -0.04524216  0.47404041]
46,-266.82026952813555,-113.48885278663035,116.32186048369142,8.906550662456498,10.256270003406753,9.35132816045916,7.617022442131854,2121.1190296298614,2120.27173677778,99.24372404624636,[-0.51805971  0.65631317 -0.5485136 ],[0.04486984 0.66124781 0.74882443],[-0.85416675 -0.36332405  0.37201452]
20,-252.2089838994305,-269.15833110852213,93.69723049803733,12.871973767332806,5.719848002431007,5.93743031673102,11.72889682369501,1703.1861787302987,1702.931574833149,43.78562173753646,[-0.30775418  0.5570717   0.77133552],[-0.6823612   0.43573981 -0.58695316],[-0.66307659 -0.70696672  0.24602336]
5,-324.73379359768234,-26.505227440621162,165.35741921633374,3.280159752186716,3.6134551014866827,4.6989453164168005,3.00703237761149,817.1372276839777,817.0298085196334,13.5796837577329,[-0.31480696  0.81430203 -0.48765641],[-0.33314118 -0.57588723 -0.74657274],[-0.8887708  -0.07256786  0.45257085]
17,-307.8506949608588,84.39988552112024,245.9106764863515,8.842602723358866,6.699143051649635,11.001429918464126,10.53412137232583,1662.4428843318865,1662.1646682245869,47.80261685095641,[ 0.2084773  -0.81522854  0.54031439],[0.61072802 0.54001592 0.57913219],[-0.76390346  0.20924923  0.61046398]
3,-408.86264364124736,-53.45941109758949,85.84519721750185,4.123366577877812,3.5569072727833424,5.470935536948421,4.362311975045673,729.6265721241542,729.5588227430952,11.059203533396936,[0.0066003  0.83453999 0.55090783],[-0.24005195  0.53613256 -0.80928174],[-0.97073761 -0.12690499  0.20387159]
3,-341.86998622219954,192.02446086891572,279.1760165653177,1.7284202824627504,2.3413715410270144,2.0605523021061667,0.9924804349256457,833.7265210120198,833.7070984367556,5.935472799454323,[-0.63138904 -0.7253455  -0.2742659 ],[ 0.31127435 -0.56099557  0.7670673 ],[ 0.71025078 -0.39894595 -0.5799879 ]
4,-268.08261119234305,-70.05658343195448,254.4896396472549,1.4707402986911875,4.778381603200171,3.434658500749512,2.45715321790788,752.5351872985927,752.4570403787382,11.092398544768606,[-0.69559775  0.31337244 -0.64648395],[0.0916458  0.93120769 0.35277939],[-0.71256215 -0.18614501  0.67646523]
3,-227.81050764148847,17.79543546567879,74.32955262263785,3.8957695305882782,2.008065191665834,9.735087724727567,1.547421373157885,416.6039770884078,416.20539074631955,18.254054683112972,[-0.12659121 -0.98002232 -0.15339791],[ 0.29170544 -0.1845833   0.93852914],[-0.9480942   0.07406254  0.30924446]
8,-184.5901177228153,16.959444646204727,172.68898571114966,6.2305449224493055,4.060858886028984,2.8445303501568597,5.133276390439363,716.8819410724353,716.7432587381253,17.19683855429047,[ 0.44451658 -0.7109209   0.54497383],[0.52084974 0.70009913 0.4884432 ],[-0.72878018  0.06672838  0.68148864]
3,-242.89926852377255,101.66166830218388,70.07950125945591,1.7013146597528346,0.7292262014923284,3.4867140563915666,2.498837789754522,472.0011043708901,471.9728098428773,5.276403561017957,[-0.42112118 -0.8916651  -0.16610326],[ 0.16743964 -0.25641355  0.95195381],[ 0.89141512 -0.37307564 -0.25728126]
4,-415.3219142253063,5.2451665702238195,214.61480037568776,5.081160736537369,5.316612365511079,3.2455949516807543,5.882467040913576,935.1818130552374,935.1284360039555,11.012096957048174,[-0.45912765 -0.03856685 -0.88753276],[ 0.0076272  -0.99919152  0.03947326],[ 0.88833756 -0.01135387 -0.45905061]
15,-222.56547185883707,-89.17908950420126,269.6772724775827,4.330071791829283,9.051659456296477,4.438367648592946,3.9967822568472853,1398.1330686804795,1397.745242817092,39.591795484392534,[-0.7844806   0.11522424 -0.60935504],[-0.0644724   0.96211018  0.2649289 ],[-0.61679292 -0.24711816  0.74732798]
2,-259.20083687391303,98.40664857781361,218.15888315949894,0.5642313942601618,0.8508155333402811,1.5510994457928433,1.1363804181700914,498.93023314985203,498.9259103856301,2.076895961758242,[-0.65285823 -0.53840871 -0.53281535],[ 0.18432825 -0.79518321  0.57767357],[ 0.7347103  -0.27892602 -0.61838584]
2,-231.51379268113612,-121.29824944704924,20.013761126454312,1.098234940821314,1.718715085928011,3.466228937551657,0.08999368129110508,370.752281178495,370.7086733747244,5.686253934669447,[-0.36628071  0.78224066  0.5039226 ],[ 0.29291401 -0.41709643  0.86036733],[-0.88319863 -0.46274195  0.07635487]
18,-366.1463561606071,-238.93994210863832,43.42691226619664,11.627417535297537,5.793651020394733,13.992502475909157,11.139147520262576,1865.7247801619137,1864.7744401532236,65.57237766571058,[-0.50133119  0.81909501  0.27883758],[ 0.23243977 -0.18292323  0.95525434],[-0.83344993 -0.54371173  0.09868514]
27,-294.0049208347228,127.07004146384132,246.1305927839057,10.714606282193154,5.384605062225988,9.932867313625351,8.95144962324599,2100.328426088955,2099.589366503144,66.32850830486349,[-0.23095048 -0.94911239  0.21412042],[0.64561499 0.01514951 0.76351279],[-0.72790327  0.31457299  0.60926239]
14,-209.33945064844605,-187.99165092503952,10.026897955481237,7.586576383344742,6.126654764856675,3.751803351961303,6.643436836807984,1054.0581998840303,1053.8128208105254,29.998310029889215,[0.00223365 0.05087254 0.99870266],[-0.66857781  0.74275376 -0.03633955],[-0.74363884 -0.66762927  0.03567131]
62,-198.833279911773,-161.91969919483128,272.24790080092083,14.987661974001671,14.91163259193252,11.965425525940168,13.87281615635382,2950.008995341163,2947.9176644674444,156.4740124941347,[0.17548127 0.78417985 0.59520441],[-0.82874866  0.44400512 -0.34063928],[-0.53139626 -0.43349904  0.72780258]
129,-239.05735735895843,189.82141069442778,47.633809369449665,30.346890338009477,17.926623955603482,13.432486285338372,21.807432464886226,3532.447537443611,3520.9784621998906,342.89608937031585,[0.2320211  0.04903893 0.97147383],[-0.58640146 -0.78978607  0.17992021],[ 0.77607959 -0.61141896 -0.15449053]
17,-332.2527856284226,234.70212538206107,77.68883613833502,11.60259977874748,7.266644446950492,10.669181924588468,10.953851945377751,1708.9088869905058,1708.267783110799,55.867857515259004,[ 0.51320823  0.81525207 -0.26829344],[0.30457036 0.11926089 0.94499404],[-0.80240526  0.56669295  0.18709594]
12,-100.28579976789526,103.9054575345814,110.23146300844415,6.504918477007262,5.274965013005194,7.66613213925372,7.0350547660133955,630.384800315008,629.9794365522885,30.72771661195908,[0.79689095 0.14797681 0.58571979],[-0.24470718 -0.80737164  0.53690728],[-0.55234337  0.57118639  0.60717617]
12,-302.8382121799174,-82.88393623434897,81.88641493061722,7.609581704182694,5.452923434953831,8.7356277982544,9.290275479892367,1124.7594906268228,1124.6275036105926,30.506520585450772,[-0.17663618  0.9386428   0.29622516],[-0.31297816  0.23177469 -0.92104569],[-0.9331904 -0.255402   0.2528349]
2,-195.92903734545985,12.604180994840537,3.301789990968901,0.3436298559511215,3.465474466537821,0.2737815535106367,0.12501255398368016,277.7414532327104,277.69757114110536,4.936985532548281,[0.02172601 0.0765975  0.99682536],[ 0.06268551  0.99499452 -0.07782306],[-0.99779683  0.06417729  0.01681571]
11,-246.12976831406786,-182.35017442861187,154.43656709222893,4.900666864704392,7.773628844483516,9.145490237290035,3.2485115598182004,1138.3063174531435,1138.081496602292,41.63378307707924,[-0.6878463   0.43810087 -0.57873577],[-0.11030697  0.72496301  0.67989779],[-0.71742584 -0.53150378  0.45033754]
27,-400.4266673647653,-74.6262191194094,72.34458173660627,5.3772670022033155,9.96572388421894,9.891403052819399,6.561366175696927,2150.5162136502245,2150.427345714521,70.31153743893063,[ 0.23484553 -0.89789893  0.37232389],[0.08981514 0.40144237 0.91146984],[ 0.96787438  0.18061429 -0.17492186]
3,-468.23452810561434,131.36435944463554,13.622507668272355,1.3281754328717452,3.4562575933717956,1.616148751555208,1.5868557144049495,842.673509961867,842.6578779639431,6.436791150957268,[-0.01392371 -0.1520789   0.98827028],[-0.27111875 -0.95076621 -0.15012741],[ 0.9624452  -0.27002893 -0.02799325]
2,-200.64448507835283,-225.11078344136405,261.5451334213909,0.14374446445130218,0.03911964489020647,1.2118856939718796,0.7438549057511352,564.5182404318007,564.5165796626127,1.3693305815171324,[ 0.67936262 -0.72639141 -0.10402861],[0.53461309 0.39284298 0.74824009],[ 0.50264827  0.56394141 -0.65522119]
59,-133.28461390140978,-127.876732590352,28.82489954412891,18.27066856252488,13.281719669850972,14.717114701175383,17.272033663841643,1448.287989357123,1444.6464162514023,158.43348136733786,[-0.47477661  0.63314549  0.61132149],[ 0.51400104 -0.36435888  0.77656006],[ 0.71441592  0.68291244 -0.15244836]
2,-256.46238251464445,187.54631941993625,94.1007742259778,1.4469871716806324,2.0513568630771744,2.63595354157426,1.532312042056759,468.6465221697672,468.62325962220393,4.66939855640157,[-0.62828003 -0.7423359  -0.23281241],[ 0.07900533 -0.35858128  0.93014925],[ 0.77396535 -0.56600078 -0.28393795]
25,-388.5755700207491,234.31209797762097,124.81549859532595,8.627172380254864,12.27684342383504,8.374936108544926,8.14750642119913,2354.1626580810102,2353.832892479466,75.86434582610556,[ 0.23684262 -0.120543    0.96404095],[ 0.51205787  0.85875336 -0.01842289],[-0.82565266  0.49800808  0.26511439]
5,-354.69860431681593,82.36880125212974,275.4986704534372,4.063517692614683,2.255075918450974,8.376521839405942,3.2935462220295206,1021.2318897214515,1021.0545466061244,20.075964304413386,[-0.14721799 -0.98356353  0.10454491],[ 0.61236726 -0.00763031  0.7905366 ],[-0.77674526  0.18040109  0.60342543]
17,-433.6822081460619,129.4880828060355,69.95334371402656,13.900532525977527,6.092847631550915,12.051368136965838,15.72211716687391,1889.8690627938097,1889.491170928,46.67094939166947,[0.28799908 0.95754282 0.01297206],[ 0.14312736 -0.0564342   0.98809399],[-0.94687438  0.28271351  0.15330357]
10,-313.238463511754,-179.31974350776753,324.4660620408785,3.9285025385170975,6.977396650699487,6.686623738534841,2.7030355240023445,1535.019810775964,1534.900010386929,31.864060138274958,[-0.75515984  0.44031879 -0.48564697],[0.11496567 0.81830842 0.56316448],[-0.6453809  -0.36944647  0.6685752 ]
14,-465.1727014860881,18.54055999879008,60.56375620950291,4.326447116294145,10.092249560340614,4.796362236174343,4.833223355501383,1757.1047828329833,1756.7113791569857,41.16101316495991,[ 0.1094449  -0.32367408  0.93981748],[-0.07901467 -0.94533816 -0.31637389],[-0.99084736  0.03963386  0.12903744]
12,-353.66798930629557,-114.76747140015566,267.5152343453406,3.3186763511696937,11.227323395043102,8.751221861813356,6.9043592313379465,1587.3972551027712,1587.110744067226,44.55919274175692,[-0.62622214  0.14236389 -0.7665366 ],[-0.10898337  0.95754957  0.26687346],[-0.77198994 -0.25066181  0.58412344]
17,-323.69984909015136,219.8172532437369,118.42662483944348,9.43868051940913,7.750997067295191,3.4050317544299546,10.860208476287793,1686.2807266953516,1686.261780874524,27.040627444597504,[-0.60989472 -0.72106256 -0.32878142],[ 0.03193149 -0.4368982   0.89894401],[ 0.79183888 -0.53776273 -0.28948651]
46,-97.86163950989841,-65.16722423886058,97.79668172862884,9.556127335081124,18.18071301141215,17.19422595263518,11.06520020440406,1047.304566908096,1045.7846254481724,164.8653527168258,[0.61961801 0.2135604  0.75529165],[-0.46059721  0.87810054  0.12957488],[ 0.63554994  0.42817216 -0.64245223]
2,-209.54267901889443,-206.9573566063186,331.73751082445835,6.311784016956139,1.934817541313322,2.2125313203482904,2.229267492766411,627.4356306476966,627.366288069957,9.327979395156301,[-0.37585097  0.87404276  0.30787221],[-0.79721837 -0.13560587 -0.58826348],[-0.47241816 -0.46654078  0.74777054]
6,-265.9528751518908,50.93373703266341,113.87686785610288,4.8198167698116645,3.990395807159727,3.029065283926351,3.446804069216838,719.7367676156051,719.6236493171889,14.770208560612087,[ 0.1922545  -0.6466398   0.73817015],[0.37852132 0.74285853 0.55216194],[-0.90540589  0.17325752  0.38758484]
54,-237.68740522957492,116.83905329220134,15.082447169796875,15.865434721114562,17.099629143267425,11.118420253584992,15.31567362995509,1957.5486170360427,1953.666305360297,153.9933934887453,[0.22002609 0.32897366 0.91834898],[-0.38555152 -0.83544113  0.39164797],[ 0.89606838 -0.44024362 -0.05698255]
56,-158.99158962168016,26.730104038898965,64.06295150537373,10.480298931456389,13.616415720569679,14.092720313304408,11.602983006235426,1305.561814269004,1304.433867653064,141.8550022182313,[ 0.163773   -0.69848691  0.69663078],[0.36665489 0.6986771  0.6143407 ],[-0.91582891  0.15481067  0.37052809]
4,-141.45016628496398,105.89914985478744,25.658933068067064,3.5446743022274054,5.527884732433901,3.5266605679503167,3.770849255922922,357.3770058715017,357.2291677445961,12.757605367995849,[0.30572346 0.18137763 0.93468461],[ 0.52835691  0.78434625 -0.32502297],[-0.79206827  0.59321422  0.14396093]
3,-254.1847899208783,-277.1219509939289,144.39143669672785,3.9305961982694777,2.6865136191787045,3.504088123609795,4.351828925184062,697.7568629303663,697.7314656752945,6.932268022330889,[ 0.26557521 -0.62577853 -0.73339692],[-0.72888177  0.36758915 -0.57758946],[ 0.63103183  0.68795308 -0.358496  ]
17,-218.13478070907598,-193.22780251138465,184.81397665103535,5.374962444359729,11.105809077662562,7.10125067344795,6.1273421231112035,1423.6717965907771,1423.3108602732846,53.086741425528295,[-0.77332085  0.41122023 -0.48256894],[-0.05022596  0.71900572  0.69318693],[-0.63202232 -0.5602934   0.53536819]
4,-422.15405247750454,-56.94364750039434,180.32501177141216,3.1215266932448023,5.969659548860929,4.291957892270029,4.395314445961307,925.2781458991537,925.1930276975266,13.360038451214443,[-0.2856242  -0.49024162 -0.82345732],[-0.29255356  0.86284004 -0.41221289],[ 0.91259587  0.1231674  -0.38986993]
10,-282.66370235674293,-248.2984615824797,61.369576805486496,3.5336068594165577,4.6598286296750775,3.9045681764385614,5.697255872704095,1205.6685847248243,1205.6221775755432,13.028493200314147,[ 0.48078434 -0.68318871 -0.54963589],[ 0.46806587 -0.33008971  0.81972869],[ 0.74145853  0.65137852 -0.16107535]
8,-293.3112258305717,120.5104926503121,161.17557778513932,3.5337487869596425,6.30671739148531,9.856198517880188,3.8486909730160708,1006.6249661459811,1006.2432078516634,32.869837090227534,[-0.09402194 -0.87180432  0.4807464 ],[0.55812583 0.35371117 0.75058908],[-0.82441217  0.33888882  0.4533199 ]
12,-421.61119061642336,-226.32713344580372,8.408107296644575,7.158091605810706,6.603353425978671,5.831627205822107,7.332679220748335,1658.2585818589632,1658.1869325844925,30.048465621380178,[-0.2926966   0.51547101 -0.80536845],[-0.37184718  0.7146004   0.59251662],[ 0.88094175  0.47290159 -0.01748467]
2,-404.5033068714465,-231.9381193345215,90.55021506281342,2.1007348693403003,1.7573579927919667,3.103909648218945,0.3391427116808359,671.7658722613147,671.7405346611536,5.834486108691157,[ 0.28616918 -0.73777367 -0.61138958],[-0.43918115  0.46610846 -0.76802528],[ 0.85160268  0.48829594 -0.19063041]
3,-229.05011120199921,-105.1172746015357,81.8350399446648,2.288446864200619,0.45561501261316306,0.44552685092947236,2.136224964502564,458.9637461454646,458.96221963729016,1.7974491951586666,[-0.00198148  0.61698372  0.78697342],[ 0.50272815 -0.67968117  0.53413286],[ 0.86444229  0.39669207 -0.30882831]
2,-230.06365823785939,-95.53966148399064,292.8295045219457,1.3045076707238508,2.793226253611941,0.2150531278371659,1.6385317430680288,543.7201165633746,543.7074903153657,3.705419093234428,[ 0.79158898 -0.3301021   0.51421736],[0.12362618 0.91063939 0.39427461],[ 0.59841746  0.24853271 -0.76166137]
