N,MEAN_X,MEAN_Y,MEAN_Z,SIGMA_X,SIGMA_Y,SIGMA_Z,SIGMA_R,LAMBDA_1,LAMBDA_2,LAMBDA_3,EIGEN_1,EIGEN_2,EIGEN_3
268,-330.4633250871204,-47.87734487036779,218.14388430054896,16.245044022079455,29.42271828828272,31.532272344449,20.91650224773497,6566.512291720198,6545.075822785427,671.4622114536979,[ 0.47424268 -0.67163118  0.56921476],[0.30015707 0.73115502 0.61263208],[ 0.82764704  0.11968244 -0.54833976]
41,-353.3377203894149,-206.91703880417268,95.4783172482636,18.35558376692946,17.33110567545349,13.656561181300198,17.62237375554448,2697.869168624952,2695.1027640265497,145.93197971723225,[-0.01867463  0.44596954  0.8948533 ],[-0.54171641  0.7477426  -0.38395877],[-0.84035385 -0.491927    0.2276252 ]
7,-401.0432102293495,-74.94632396408237,32.11324493023089,4.592414529032987,3.2543311172285607,3.1480512256232127,4.654490119892909,1082.8719852002034,1082.8688983227314,11.817247170786,[-0.05704145 -0.11954473 -0.99118885],[-0.19089666  0.97579359 -0.10670213],[ 0.9799514   0.18312819 -0.07848137]
109,-380.8424845577116,42.973645686895125,279.3271779617662,12.69797567711826,22.240155549044687,19.181253111142446,10.27887487935093,4960.0427651501805,4954.979580248638,316.2659529960505,[0.50067149 0.63880803 0.58416809],[ 0.32343476 -0.76401647  0.55827304],[-0.80294335  0.09057113  0.58913399]
93,-364.6672788548071,-155.6373534097559,231.1763456213059,13.117540564069506,14.575091558329765,11.033544750242914,12.054635015647992,4430.271469884451,4428.729227268324,183.54231641169898,[-0.60307713  0.53580798 -0.59093805],[0.06930363 0.77321172 0.63034962],[-0.79466659 -0.33919528  0.50343974]
24,-366.7928338134623,-162.83764851702813,42.81194653409745,6.633455514513696,10.699594138937988,10.042237080667109,8.348847221431665,1978.3477473223252,1978.0174288262808,67.53141727249165,[-0.19412986  0.6342306   0.748375  ],[-0.36953319  0.65941063 -0.65469294],[-0.90871273 -0.40364485  0.10635796]
32,-449.1708316063638,-77.46640694447814,88.66819299107317,6.169997354934838,9.888200447884106,8.568982575993743,7.078236887913664,2627.5796654995606,2627.478435651916,71.39653272083976,[-0.07308506 -0.5372288  -0.84026412],[-0.24293941  0.82672887 -0.50744439],[ 0.96728435  0.16704667 -0.19093558]
3,-71.3923456066192,47.75895655931731,36.70010584198801,1.08769923239822,4.512442872310341,3.4023843956548823,3.2500243670778586,162.03311004679054,161.94189864499882,8.180322794703896,[0.64033059 0.52412396 0.56148982],[-0.08173026 -0.68036892  0.72829822],[-0.76373877  0.51224234  0.39282424]
2,-337.8752968411152,73.5596738905731,305.1769124684483,1.2637886379659449,2.425288534567507,0.4228208487340339,0.8187988717187693,652.2443525333148,652.2336394541093,3.7383119252208696,[-0.63262073  0.19917409 -0.74841211],[-0.25115638 -0.96689894 -0.0450213 ],[ 0.73260595 -0.15948707 -0.66170416]
59,-145.17030707683156,21.623115359940055,40.60169862853144,17.579661280959336,18.280330201270196,23.494865293807887,23.64179025444015,1196.6635719691333,1187.3161226236366,189.18027031235275,[ 0.04888602 -0.79816654  0.60045011],[0.31693242 0.58249731 0.74849898],[-0.94718742  0.15371097  0.28144082]
168,-296.79710418636165,231.2367405963596,277.11373618201804,15.685868766455298,17.762798736842562,18.41334920526607,14.163278221866603,6066.717383931366,6061.794193470213,343.69351313971083,[0.76571632 0.5029341  0.4009187 ],[ 0.09990768 -0.70878048  0.69831847],[-0.63537152  0.49465899  0.59297176]
4,-327.15127863530466,292.1944100589825,79.66748260375192,8.194835898073128,2.307929252807112,4.039384807459608,7.107149987759286,891.8075725534358,891.7715800643123,12.35361810948545,[-0.41784198 -0.22814945 -0.87940657],[ 0.53549735  0.72009488 -0.44125498],[ 0.73392824 -0.65529474 -0.17871245]
6,-374.23909596080017,229.84701515636445,13.669082514880307,3.0654680851825025,2.550570119940829,4.583372146128638,3.34900547487207,1076.3991585252709,1076.3410614855832,12.426994121660128,[-0.49623079 -0.7860126  -0.36869934],[-0.16837496 -0.32948403  0.92902645],[ 0.85170704 -0.52309127 -0.03115528]
48,-429.58389377928506,-122.68198338237403,108.8383939541096,12.907364631061213,14.188257182560651,13.701229236081865,12.509840170109984,3188.9505636700123,3187.9446761094496,138.15316941639915,[-0.33817737  0.87396735 -0.34902312],[0.11311733 0.40593493 0.90687447],[-0.93425935 -0.26720386  0.23613886]
2,-343.2444239609766,-257.65743239681336,7.285651501134055,2.2262678459680956,4.395419460996891,3.8485050042068143,4.352981719710272,607.11820058197,607.0850358216139,6.345767042583363,[ 0.53141628 -0.69421175  0.48545523],[-0.27969535  0.39714258  0.87409855],[ 0.79960443  0.60028977 -0.01688024]
3,-169.58981310446836,-19.868093995144466,85.66685333378119,4.1463862586085005,2.448071906820321,5.673350038753623,1.7515137622804309,331.1086433628724,330.92011358016555,12.51851989578017,[-0.07700882  0.99395292  0.07827669],[-0.45369948  0.03497554 -0.89046813],[-0.88782116 -0.10408799  0.4482625 ]
8,-333.60905405448796,-93.52717096006435,56.454829244020154,5.06646327295064,3.3293109782387598,6.91653902757853,5.436615866054925,993.2049901532896,993.0414163839122,20.92245826980285,[-0.30696094  0.88759038 -0.34345057],[0.05137734 0.37580074 0.92527519],[-0.95033434 -0.26637776  0.16095818]
78,-212.2258176275371,63.27861067308573,84.204557439998,16.802857915796217,13.151814029399715,14.243296096471349,15.687350998881776,2101.77976087497,2099.9818074571176,179.55070846226093,[0.40955678 0.80404687 0.43101263],[ 0.17025126 -0.53151763  0.82976112],[-0.89625764  0.26645385  0.35457664]
3,-164.92092230883773,-184.20149998005286,264.5842047527098,5.051744926991683,6.869559227103459,4.818811123154423,7.062234556786621,627.4331250466159,627.3497013144092,11.7917348949787,[-0.71187901  0.70089813  0.0443856 ],[0.53461154 0.49983404 0.68143704],[-0.45543251 -0.50882978  0.73052959]
100,-385.81015933094903,166.31827182884436,29.79538556840493,26.3201025627205,19.40558581112891,15.111457828868803,29.025291233053874,4225.342110831859,4223.913387484118,210.6613457146005,[-0.20833059 -0.61916884  0.75711843],[0.3433533  0.67853599 0.64938233],[-0.91580941  0.39524532  0.07123386]
293,-244.471324716598,-195.57346140896973,305.4101499377388,19.012875963580203,39.394963144941485,23.922910292950448,35.46598789305793,7532.148599183313,7514.008888454609,599.4451907155823,[0.76921946 0.03522742 0.63801289],[-0.31149223  0.89247899  0.32627265],[ 0.55791936  0.44971133 -0.69748528]
170,-309.6917953530691,-249.93075406471579,164.4425797264147,27.26990177416495,28.23836949715271,29.34695776548874,40.047146652382956,5648.3523864659755,5640.912475864771,366.54931498037735,[-0.22896214  0.71769332  0.65764173],[ 0.65751029 -0.38415813  0.64815334],[ 0.71781374  0.58080878 -0.38393307]
10,-243.611110355177,235.41533305609164,99.82803012608349,12.875349911078217,14.560943015923293,6.780305024967278,16.213590672303752,1118.5769660558226,1118.166299771147,40.15988336560806,[0.71680404 0.68372014 0.13681641],[ 0.10113511 -0.29608767  0.94979144],[-0.68990119  0.6669774   0.28138495]
168,-135.56523965989095,109.81927947035382,160.0688282098701,22.190906505425495,23.44150746202759,25.244799661865223,36.09915243782919,3110.282975261977,3108.2621103698107,255.56072703864493,[0.66586536 0.74441066 0.04976026],[ 0.47930238 -0.4779345   0.73610315],[-0.57174518  0.46629537  0.67503783]
124,-290.38411317842656,177.63405738837537,211.70273890469588,20.472241165661472,19.52012751370725,18.663074303190538,21.442363162625956,4477.274584261835,4473.001952980343,288.7977128734633,[-0.42463947 -0.8899784   0.16619197],[ 0.5431318  -0.10355058  0.83323773],[-0.72435431  0.44408977  0.52734724]
180,-335.71610347337776,-172.8221596878129,145.72636717892678,21.866636922086713,24.716446531657763,23.1165000088413,23.332358525914007,5451.557234328013,5444.764110259653,436.7282695578072,[-0.52088988  0.35717099 -0.77530808],[-0.20202391  0.83087108  0.51849744],[-0.8293733  -0.42671084  0.36063525]
2,-267.0827941492463,-170.491967578095,305.62089089252265,0.02368058245821203,1.919565029082591,2.9042797916256973,1.2584216986024614,622.6025682904577,622.5856450104358,4.590497665153037,[ 0.75704961 -0.54788417  0.35594777],[0.24251773 0.74151982 0.62556655],[ 0.60668034  0.38726127 -0.69423892]
84,-244.76911912693637,27.92163859841007,16.281128046539408,14.102243374883518,17.307647554631977,10.024304215645126,13.99967644510035,2272.24519061298,2268.3415285296483,181.26618290871676,[0.07633953 0.08069272 0.99381133],[ 0.10706345  0.99029386 -0.08863119],[-0.99131715  0.11316693  0.06695933]
92,-215.8878795465364,141.04780424257217,279.578049222241,13.681080657609403,16.828161747194876,32.63915810655392,34.91356475261063,3666.6168802316215,3664.4700844427507,169.34439555933136,[-0.00808586 -0.89544228  0.44510419],[0.82480691 0.24568674 0.50924609],[-0.56535668  0.37124271  0.7365804 ]
89,-240.0823963364947,193.72423178231872,46.28853604233056,28.252807206712287,15.69361824657991,12.085283173782308,20.95790379656246,2958.69974110195,2952.0780074711142,254.27689258590866,[ 0.16200045 -0.03411999  0.98620063],[ 0.61512357  0.78496096 -0.07388703],[-0.77160797  0.61860498  0.14815203]
22,-335.5855310888233,-209.5049742442685,270.8270614373636,8.496995771715483,7.042442391599112,5.483181789056444,5.075647762638382,2249.3004350522397,2249.0600067721293,52.71445112231656,[-0.52363326 -0.22379528 -0.82202426],[-0.4855292   0.87124309  0.07208929],[-0.70004972 -0.43686513  0.564871  ]
8,-355.1250123829954,250.41421742792252,198.4946567631195,2.9206962447073592,6.189196291947235,5.283160139193104,5.396965200912993,1351.3844732814248,1351.3443856114295,19.059559309753656,[-0.22949412  0.38366116 -0.89450353],[0.62835202 0.76025729 0.16487146],[ 0.7433076  -0.52422607 -0.41554884]
404,-384.5536896426551,102.12541082537082,170.79501698661855,28.190401470928265,31.974224077598763,42.00634295804086,29.179991197862957,8775.159135012607,8733.1360945174,1052.7837041535925,[-0.02111273 -0.87644404  0.48104064],[0.46113566 0.41837436 0.78250674],[-0.88707844  0.23834585  0.39532658]
39,-280.59908265062984,-253.5678425402476,245.6147515496357,23.826365993681815,13.295905678797453,8.618900884319126,13.283584369121407,2821.5171551607737,2817.84029818803,157.13185881183043,[0.37622432 0.39528715 0.83797573],[-0.68572856  0.72701183 -0.03507342],[-0.62308234 -0.56142842  0.54457922]
88,-134.86291873398147,-120.76316430145599,183.4413923779782,8.046296826146488,24.010668463686144,20.52513608133422,23.094380514931135,2434.4157922873524,2430.2941907987483,211.31748246100847,[0.4626602  0.54569943 0.69868281],[ 0.71882425 -0.69218164  0.06462411],[ 0.51888075  0.47233115 -0.71250688]
20,-271.66516072477566,52.55576934138837,276.18800898070316,4.322461828475355,16.54672198504635,15.441405261810889,9.57426309203282,1751.2961847567278,1749.0848999793593,93.03581602694177,[0.65327915 0.52900523 0.54164547],[ 0.3014348  -0.83799007  0.45487329],[-0.69452387  0.13388844  0.70690203]
8,-252.49991878120179,282.38683915423553,175.03602805156945,6.7444370604650095,4.03813221146797,5.184825366152793,5.504545847763745,1180.5488071684372,1180.439222321083,21.562246227849666,[-0.00190471 -0.5281517   0.8491479 ],[0.79613788 0.51303077 0.32087989],[-0.60511226  0.67664999  0.4195044 ]
9,-329.8262606765255,-283.7211726808187,137.71074915546708,4.680742768209827,6.323713592745015,5.490410918610563,5.160570715677969,1369.2623197963433,1369.1755091335629,24.24049025332307,[ 0.62799043 -0.40854015  0.66236166],[-0.28854747  0.66821995  0.68572768],[ 0.72275056  0.62175321 -0.30175251]
19,-203.51024074044813,51.72885456101223,150.9604602248414,5.560735202027349,8.664316060895963,6.374491599307016,5.93000661140263,1128.216679396115,1127.86626460044,45.9132639651446,[0.61705446 0.26678072 0.74031874],[ 0.00755644 -0.94274506  0.33342864],[-0.78688417  0.20014945  0.58374096]
10,-107.03364980082294,-50.48118042734021,58.41528495103057,4.22172206094445,9.249707918002896,5.2615225488837645,5.977342000492037,418.61159718988193,418.0702090287309,30.673274110890443,[-0.58203906  0.44426793 -0.68107014],[-0.06580315  0.80907907  0.58400429],[-0.81049397 -0.38472987  0.44168139]
13,-284.378925801122,58.88338590659077,164.42909519924504,10.377701651487422,7.753204884002867,4.564231493569116,7.882855146137518,1204.219666761922,1203.7001701287218,40.37282358946744,[ 0.28183626 -0.63842129  0.71623081],[0.44057151 0.74925084 0.49448956],[-0.8523292   0.17618581  0.49243628]
23,-381.9428674995818,-37.97520275009167,164.38684265295834,6.463397952872131,12.041237795316558,7.651863835605888,6.166133025335868,2003.7119722017937,2002.887120622451,68.98788413112419,[-0.38857773  0.46515251 -0.79538701],[0.11072633 0.88053995 0.46085689],[-0.91473878 -0.09100844  0.39366284]
11,-413.4378066890393,121.0118789270813,52.97828030261103,5.4343509482294445,10.013002247325808,6.6176145391699706,7.142320279619399,1440.0702745445578,1439.8126551568246,36.69664177457857,[0.24099129 0.44550047 0.86223694],[-0.18620702 -0.85069187  0.49157938],[-0.9524968   0.27902091  0.12205402]
4,-406.44441641005994,-235.22013670209088,134.10709571403532,2.2426795040524845,3.355576055159701,3.075503487711967,1.1923153017801522,976.7998737597163,976.7564361297468,9.857615697720219,[ 0.12124338 -0.64140422 -0.75756232],[-0.54100917  0.59717346 -0.59219333],[ 0.83223141  0.48164768 -0.27460223]
18,-372.3297007995707,0.9388602713987511,121.13636698623385,13.255584317161155,7.435215202245859,9.1944270361482,12.315955364314073,1662.6032240398151,1662.2699940389932,54.06600077773895,[ 0.08358444 -0.96060299  0.2650576 ],[0.29759354 0.27791267 0.91334694],[-0.95102667  0.00253783  0.30909842]
32,-255.20178985964552,-245.68543499149547,15.752793892925505,9.223550609992651,8.545514574669586,10.027068933727678,6.76193046975285,2007.219127689212,2006.988285567759,82.57385307927493,[-0.35884741  0.42600236  0.83051221],[-0.59431137  0.58182066 -0.55522853],[-0.71973782 -0.69282517  0.04439321]
4,-404.836359952782,53.40923518468313,32.99579878084,7.1937844074651105,3.075026814565539,5.599945940349805,7.278796232596692,819.5602772644634,819.4962308310139,12.54532472530056,[-0.15324136 -0.83439236 -0.52943977],[-0.00157589 -0.53556081  0.8444952 ],[ 0.98818753 -0.13024593 -0.08075515]
49,-269.01939281142376,-112.44296767273262,118.03462609780252,7.830493207997439,10.217902313128068,10.157832897079338,6.16211324211988,2203.8519562287083,2203.375614008891,106.46000436869782,[-0.51565165  0.65839948 -0.54828232],[0.0510152  0.66237787 0.74743094],[-0.85527821 -0.35744327  0.37514462]
11,-241.5731702292483,231.42719121224144,346.01169595748746,10.302153907259676,7.878376427334848,2.5793600234556497,4.7230079894218,1596.7406869058034,1596.4564705554537,40.96251903887047,[ 0.30928281 -0.67639453  0.66845687],[0.80766554 0.55790456 0.19083734],[-0.50201646  0.48086686  0.71885084]
60,-313.672609921918,-314.2820313116823,62.91332912757841,11.920529636920243,19.024929793066462,7.843346616883927,16.151502437403913,3478.2473115456905,3476.4970675255327,135.07847907560054,[ 0.35947609 -0.17555801  0.91649131],[-0.61807056  0.69102616  0.37479544],[-0.69911781 -0.7011863   0.13990015]
57,-137.24003968627215,-121.23379601433871,32.972353963189924,12.067265328398872,9.9005387232105,17.394514998441732,8.550364050839024,1413.9562071494195,1408.0726610572208,164.21248696219226,[ 0.52920523 -0.72054193 -0.44806378],[ 0.41893674 -0.23732555  0.87645228],[ 0.7378576   0.65153351 -0.17626757]
21,-355.5639960172439,-2.9274467600824443,227.1527185345189,8.05999605933735,8.497148310899858,6.386553541144657,5.493054511207432,1934.2612211396283,1934.000196306375,55.88806630727337,[-0.36505048  0.74232808 -0.56186046],[-0.39558477 -0.66999944 -0.62818264],[-0.84276381 -0.00705493  0.5382373 ]
8,-322.3548838151505,58.18718059851263,268.89119284267974,4.071198167463255,4.433551026717412,6.991088389072864,6.528985728014901,1198.905986254893,1198.8572909376617,18.482876580650775,[-0.63479826 -0.36206728 -0.68259685],[ 0.13614143 -0.92200685  0.36244845],[ 0.7605897  -0.13715194 -0.6345807 ]
9,-305.90614793664696,-30.239103700718697,120.66958099332038,4.300257161522609,5.798023473627918,5.883217042318793,5.094125288510258,990.9918255466249,990.9205870041311,23.383429503033412,[-0.21931289 -0.65755374 -0.72078078],[-0.30640905  0.74780832 -0.58897895],[ 0.92629118  0.09168308 -0.36548443]
115,-216.30338815583846,-111.84556930460754,153.38781471061108,12.359366513908293,21.81507316027423,24.30857657445903,21.48286298222831,3104.9239667515517,3098.7457996411754,295.5233537019682,[0.17035558 0.66795283 0.72444323],[-0.6404177   0.63379841 -0.43377962],[-0.74889529 -0.39004949  0.53573991]
14,-353.24928842250455,-114.90287179549532,275.6784631294907,2.925280835107611,4.990550253846829,8.992244295309002,5.6555043766703035,1731.1951993630198,1731.0791036452717,33.86775080917043,[ 0.29249018 -0.95597581 -0.02365906],[-0.57571618 -0.15628341 -0.80257484],[ 0.76354461  0.24836616 -0.5960821 ]
6,-366.02632587129375,-72.01456740440541,29.586394821606163,3.078037655925814,6.81486998943567,6.702278831182726,2.0475881238662366,916.8246236878944,916.789525382567,24.08962776811622,[-0.01334329  0.43741234  0.89916206],[ 0.20756628 -0.87844227  0.43041308],[ 0.97812995  0.19237885 -0.07907074]
19,-471.3255388434094,16.203974451660965,65.50078792957419,9.129439574418452,9.327697100493893,5.514493753786032,9.688458364745292,2076.241653437448,2075.9180539405784,45.164663435815285,[ 0.12442143 -0.25678079  0.95842732],[-0.06813114 -0.96586429 -0.24992862],[-0.9898876   0.03420227  0.13766898]
31,-413.28435772860547,-90.83397671530248,221.36314018678254,7.620352258688566,8.42968192802647,11.823085412213704,9.433494073203825,2660.2036776700756,2659.67361954284,74.98568233066295,[0.0168226  0.91352912 0.40642533],[-0.5009439   0.35948665 -0.78728937],[-0.86531625 -0.19035203  0.46367434]
32,-242.93799322108305,-11.454710597340691,130.39273205514507,6.833231444274476,7.194247548559123,11.165151355318223,10.072796406980675,1562.839195495786,1562.5709128900319,62.72855053848795,[-0.18928926  0.94434219 -0.26904906],[-0.43562932 -0.32632545 -0.83889141],[-0.87999811 -0.04158748  0.47315305]
19,-95.75996798100611,-50.36842087057225,101.10827057631992,7.051333828051286,7.796110754616687,10.067837011921675,8.369857588797629,648.1978282894522,646.9246318989204,52.0812363202387,[ 0.67306925 -0.67551602  0.30109117],[0.35934739 0.65452896 0.66517764],[ 0.64641104  0.3395143  -0.68328823]
8,-422.1159650075081,-7.24843062408035,54.592612852686855,5.466964903338573,6.131523514014929,3.2443262200536878,5.1510921265675504,1204.255794680221,1204.1756345360632,20.338677574835256,[0.12798301 0.01164595 0.99170798],[-0.01832765  0.99978808 -0.0093756 ],[ 0.991607    0.01697576 -0.12816933]
5,-338.74727052410697,-20.151720162696854,317.7388418370343,3.505905616872331,9.308045662136493,3.2812960420620345,3.2046443353457392,1039.7491763016776,1039.5473383793305,22.30983679675512,[-0.66401547  0.28915205 -0.68954662],[0.16766154 0.95629621 0.23955618],[-0.72867898 -0.04345856  0.68347516]
7,-157.43402034613186,27.878376194793784,122.98340996968861,2.58935975375053,6.566840777463358,2.757665792558848,2.6495947542539446,534.0112350020416,533.7698726649458,18.764249281105783,[ 0.5672469  -0.25331859  0.78362022],[-0.26293529 -0.95742541 -0.11917052],[-0.78044602  0.1384423   0.60970299]
2,-308.9019637962955,353.8146225684719,123.35058359390945,1.2269221484276898,4.303145454061763,1.7550587842423653,3.469810909833342,686.794990493567,686.7788837330497,4.703597075102854,[-0.71309158 -0.42935701 -0.55421382],[-0.29476652 -0.53363555  0.79268266],[ 0.63609206 -0.72861901 -0.25397094]
21,-294.3314898590976,-10.888211058392912,287.605083955341,7.693407604799087,10.297970932251694,13.478128574208048,10.12068011287274,1888.1569882187953,1887.3081501813588,71.30116708886263,[0.42682347 0.77510436 0.46587011],[-0.55407106  0.63127729 -0.54267324],[-0.71472161 -0.02649947  0.69890686]
22,-348.3918944667303,165.84100920324047,181.02841160105336,9.025046266460787,8.014313270986927,7.518334694355011,8.978543869493368,2000.0569917993678,1999.6668658702479,51.62174432345825,[0.57047373 0.44549443 0.68999597],[-0.07919659 -0.80635795  0.58610132],[-0.81748861  0.38900073  0.42472438]
8,-220.3848998659297,-185.85934067031008,72.22224008003177,1.8916315415975453,6.610832389269792,4.834722544659708,4.368454274149887,840.8877507904233,840.7703019081143,20.287772611314203,[-0.19031357  0.54328564  0.81769276],[-0.6435642   0.55993937 -0.52181704],[-0.74135408 -0.62554665  0.24307513]
9,-264.978909320603,-141.0119162615482,348.00576733969973,7.890966220892568,6.577227140793693,3.0463046531271156,5.690977031983327,1379.0423146241458,1378.869324779234,27.198459085931837,[0.56716727 0.51675023 0.64131934],[-0.58802097  0.79928416 -0.12400067],[-0.57667376 -0.3067801   0.75718779]
94,-332.0118835842058,315.2421404637163,36.736508548688406,15.13627753625518,10.237942929327874,12.049705960987453,10.353777349992413,4457.3607009264415,4455.055346186866,186.53837403889423,[-0.34859982 -0.46228949  0.8153322 ],[0.5963847  0.56167287 0.57345346],[-0.72305148  0.68615742  0.07990331]
21,-232.37398356670664,262.43972705487374,314.7366573659031,6.841163864924699,9.089589022320013,10.045858822984242,6.277626131019098,2159.8801198042906,2159.0964186699525,63.36741910620983,[0.79783334 0.59577193 0.09229177],[ 0.34658987 -0.57852066  0.73836936],[-0.49329243  0.5571083   0.66805158]
5,-356.96946315243065,247.54426372020913,86.93786428542657,5.098072997727344,4.846373040772331,2.8116448843606388,3.8486134146030433,990.7561485411167,990.655189727013,14.62542888715227,[0.35044451 0.18274715 0.91858158],[ 0.47737589  0.80896319 -0.34306096],[-0.8057921   0.55873253  0.19625762]
8,-346.68220998246454,-28.850274570059057,14.933878434930982,3.5521730196445467,6.045198436954326,3.0307612587829755,3.8949698105794957,985.0775291281168,984.9416868314256,18.66337765614206,[ 0.07101185 -0.37493004  0.92432937],[-0.060664    0.92333008  0.37918524],[ 0.99562905  0.08300016 -0.04282262]
4,-246.92878611941674,-151.2176035270475,48.916571928082575,3.367725699828856,4.297135552459556,3.874900773475429,0.8298356814016528,587.4275367202606,587.3486859145116,13.279496549199063,[-0.09513983  0.44368246  0.89111968],[-0.53278126  0.73348128 -0.42207742],[-0.84088795 -0.51492824  0.16660241]
18,-300.80238123216225,-94.93354665669557,80.53913045226999,11.873153777027746,16.60364030035644,10.811258555048054,10.978821885499665,1384.1619292438386,1382.4835860464261,85.78034703509935,[0.18672242 0.22253539 0.95687655],[-0.33380724  0.93042856 -0.15124625],[-0.92396291 -0.29117125  0.24801579]
10,-189.74287664134357,-171.7611099756621,240.5959054018953,8.368577082487054,6.3071527881930045,6.852696812846073,4.883360926926343,1111.3826100303622,1111.058185673387,36.41995419062179,[0.00858037 0.81063873 0.58548376],[-0.84156282  0.32209184 -0.43362296],[-0.5400911  -0.48900072  0.68496708]
4,-193.39516963131686,-145.25113230818928,148.86467842610622,1.2878894638872942,3.7773587685902608,1.4974462319762067,1.7270420844009409,568.0754694658849,568.0289466549656,7.80619976482021,[-0.67695016  0.16656348 -0.71693451],[-0.2793926   0.84300063  0.45966261],[-0.68093925 -0.51147487  0.52413281]
2,-79.96582651407142,45.42072193942046,103.75296255873836,0.6283264782558291,3.764043107632464,4.8607317845449955,4.506102962666901,196.26737966076973,196.1764276065223,5.9744096317225255,[ 0.28967086 -0.77451932  0.56232608],[0.76439572 0.54077955 0.35107929],[-0.57601213  0.3281422   0.74868733]
66,-42.79834360566713,1.1531167351158775,13.584640237853481,20.393128430807486,18.628137572089454,8.723737795147052,18.83720450425996,428.30503926708775,405.3962363390493,171.09867213244158,[0.26473873 0.28177738 0.92223366],[ 0.02890557 -0.95824533  0.28448261],[-0.96388686  0.04865587  0.26182959]
3,-290.00465931814784,130.78965514162024,329.0316295474308,3.8936182999491833,2.222382394456698,3.983557026831025,1.6250115881282128,792.7913785219376,792.7295484766723,10.009911100039897,[ 0.05850887 -0.90891099  0.41286502],[0.7714283  0.30366338 0.55918417],[-0.63362063  0.28577852  0.71892666]
45,-248.02222258673848,-29.54255875047287,36.77906923473598,9.00856738799235,11.600996822804825,15.337486510712376,9.98679635199225,1698.4056596480236,1696.1382159673744,125.55836848786447,[-0.02974262  0.86824098  0.49525041],[-0.18553129  0.48206441 -0.85626634],[-0.98218813 -0.11735205  0.14674801]
2,-229.48794472607665,26.050905973564618,198.21120085260716,0.5873845708912881,1.2491278114445965,0.8359373397648255,0.20842376567341603,430.4268828784613,430.4209336520304,2.2630463060007764,[-0.46365443  0.63294448 -0.62000472],[0.4652787  0.76945074 0.4375629 ],[ 0.75401611 -0.08559701 -0.65125483]
2,-356.01931496890734,-121.24548073159941,8.301611129738117,0.5672589640989827,0.4392970256202773,0.6568068258315942,0.6929207316206885,532.015191767926,532.0143158194497,0.9654196113888589,[ 0.29589355 -0.89220851 -0.34119054],[ 0.12965717 -0.31636549  0.93973501],[ 0.94638049  0.32229933 -0.02207073]
8,-197.48712672238787,-131.47000885263208,27.543056447149645,4.156386573512584,6.1939170879191705,4.824856855462723,6.5283903311426394,675.9311797519457,675.870189146083,16.900077191075823,[-0.50289963  0.8151429   0.28746134],[ 0.25236371 -0.17961193  0.95081655],[-0.82668284 -0.5507101   0.11538571]
2,-315.8986431856912,-121.13156109462085,9.16823032331256,1.333878432851776,3.6251192646855586,1.6396972667785281,2.5867229376809178,478.6783338224643,478.65552690462584,4.672668906032365,[ 0.14788809 -0.45224815 -0.87954575],[-0.3271101   0.81690601 -0.47504058],[ 0.93334243  0.35796114 -0.02712427]
3,-309.02995866630766,85.20150069324528,260.77934321205197,5.165678464539649,2.6513097399616474,2.660334952018116,2.792933695444011,715.8319816680576,715.7644015654072,9.934955862816285,[-0.37867445 -0.91323389 -0.1503646 ],[ 0.54523932 -0.35139618  0.76107477],[-0.74787683  0.20621488  0.63099578]
2,-432.39659159931057,82.40454350138208,4.768036843705145,3.6921210571021277,2.1463802372912397,0.5556439847905641,3.2187531453299414,622.5730524813554,622.5599033650549,4.04628200282882,[-0.02822773 -0.20472991  0.9784114 ],[-0.18532555 -0.96076033 -0.20638322],[ 0.98227167 -0.18715036 -0.0108216 ]
25,-308.44783190988966,7.9788879999753375,353.96529614435605,7.653111012120803,9.105955112020261,8.295525762538912,10.075027533327672,2348.8275710434636,2348.5252258434916,52.0715441432485,[0.74996937 0.11809923 0.65084447],[ 0.07787218 -0.99285396  0.09042642],[-0.6568728   0.01713437  0.7538067 ]
12,-253.92536018153362,291.7120841001171,71.8955759345854,3.7988849358164347,3.433984723930774,5.86062712031024,4.265247969107487,1362.9166731729197,1362.8045659313336,22.530245308735296,[ 0.75180891  0.65910898 -0.01893961],[ 0.13451939 -0.12519295  0.98297063],[-0.64551367  0.74155382  0.18278412]
42,-403.809412530387,-18.686126650744715,253.61514459410495,14.581190882900538,20.677606193308527,15.800775086285892,9.302740848389238,3097.846402831692,3094.1614637717084,183.670247770391,[-0.4133539   0.67760868 -0.60826395],[0.33597939 0.73436549 0.58976706],[-0.84631933 -0.03941836  0.53121539]
2,-202.21995529079575,222.93171489712282,345.4801896083195,1.9952070888835465,7.329457103576715,2.1054858739488225,2.858718262709175,648.0897408540118,648.0064779130159,10.388300293503386,[0.8917712  0.33129169 0.30820438],[ 0.09979455 -0.80836177  0.58016575],[-0.44134473  0.48661799  0.75393485]
28,-320.43523281775043,175.68646725987804,152.07845437532274,6.483741296793435,19.31796744827293,5.26317904818068,12.071310965724438,2097.2655043493046,2095.604099464549,91.51528970396434,[0.48456319 0.13576527 0.86415642],[-0.33224913 -0.88528673  0.32538888],[-0.80920272  0.44478669  0.38386947]
3,-78.31710017883712,-85.48941170024356,64.07698347872041,1.2934852956616123,2.437109483766399,1.5103726130561241,1.7328514872563099,229.5062652800661,229.4619902906845,4.542822111730856,[0.10264467 0.53468632 0.83879354],[-0.80009016  0.54541206 -0.24976274],[-0.59103283 -0.64547364  0.48378091]
3,-420.20615632489444,173.27298032421754,75.89325146610668,4.241114643337386,3.518812506356675,4.954835091194027,4.577104053515111,798.269491367958,798.2054780458288,10.12431399899385,[0.40926441 0.86382017 0.29379815],[ 0.03170524 -0.33526977  0.94158853],[-0.9118648   0.37604373  0.16460162]
16,-90.39663452387254,-84.56706039564142,95.08766981141079,8.809980090381996,5.674859182537002,6.638357364386817,7.976848447540568,626.0946792154608,625.429650713502,37.964993402140216,[-0.42568317  0.83827319  0.34072262],[-0.69473313 -0.0615113  -0.71663256],[-0.57977557 -0.54176971  0.60856049]
5,-335.85983767256783,227.98631174816575,199.64826114874785,3.886633554924879,3.2697905811899455,7.403373578797319,3.009924217868674,1011.729384581791,1011.5542476927893,18.91827468849471,[0.58595198 0.8078796  0.06317296],[ 0.32469152 -0.30549275  0.89512546],[-0.74245248  0.50398882  0.44131574]
9,-251.21765563289532,-269.97734917884713,94.68241711442296,5.99642187135574,7.058503481137071,7.357138317494057,8.173658364706583,1142.6965921485148,1142.5586198960018,25.568324631304037,[-0.70202238  0.46349635 -0.54068078],[-0.26805605  0.53140414  0.80358919],[-0.65978066 -0.70907036  0.2488146 ]
61,-237.86625919989157,114.93658522541195,16.85899589593122,21.38399482641715,14.566134692780935,9.47772399570136,19.826785757191203,2077.980375609041,2073.914113771519,150.5308203960143,[0.19950838 0.2737783  0.94087292],[-0.38916363 -0.85906846  0.33249518],[ 0.89930422 -0.4324891  -0.0648468 ]
5,-263.9701426870655,53.83194441212258,112.71745982298744,3.9700973117625376,5.542770085960968,2.613100655868371,3.0618989360963784,653.1686958226346,653.0830792558147,14.821310672443383,[ 0.31808955 -0.31334254  0.89478237],[-0.28587531 -0.93157409 -0.22459969],[-0.90393271  0.18435337  0.38590088]
8,-159.4963384306722,-171.77947147437305,183.64101500736086,4.225061881694862,4.450738707723996,4.516020165754359,3.762862935309671,842.4622805653011,842.3621619026284,18.783704870530396,[-0.38077874  0.81677819  0.43345236],[-0.75378184 -0.00268641 -0.65711926],[-0.53555624 -0.57694556  0.61669549]
3,-400.2088353827332,-260.1878274308295,4.22760861360227,3.0777007373773033,3.610203438396147,2.7777248996931845,4.4670548360765805,826.8800596384267,826.871202501448,5.554427158242186,[ 0.5438716  -0.83740019 -0.05444826],[ 0.0371241  -0.04081034  0.998477  ],[ 0.83834688  0.54506462 -0.00889214]
4,-405.3209856465212,244.17570905760937,14.24996596148538,1.3334180022940156,10.397326800918998,3.2113451740497228,4.624889054744038,947.0552557691891,946.854841834125,19.832569588789063,[-0.12323891 -0.26045634  0.95758794],[0.5019249  0.81606104 0.28655849],[-0.85608619  0.51595239  0.03015905]
16,-51.50177038979058,8.241710466969408,47.93748194217159,9.931790426871963,11.750245836888674,5.527695428658794,6.274928039492681,290.589233229826,285.20274347360805,57.942004083017586,[-0.54142464  0.51074447 -0.66783189],[-0.41493223 -0.8531778  -0.31609948],[ 0.73122541 -0.10596092 -0.67385583]
3,-472.6818260043178,-25.51500111298647,39.2717269359896,2.88497291605476,4.870509888732909,4.265457762667155,2.910338886582557,822.8068323393218,822.7353293017328,11.19301945445848,[ 0.09811696 -0.621608    0.77715929],[0.00972289 0.78148884 0.62384345],[ 0.99512739  0.05365339 -0.08272114]
25,-261.82401967674116,-209.33880366437288,227.09925207118215,19.519240445957042,11.101531068266773,7.358704895379244,10.56005843909199,2027.6242535228507,2025.5540770336681,105.93132651759039,[0.32491073 0.47855825 0.81572975],[-0.68951657  0.71021033 -0.14201477],[-0.64730203 -0.51631705  0.5607288 ]
10,-199.55893445908913,155.72051458749064,210.88861171219543,6.922389921059136,2.4457739430129313,6.934354786332906,5.746056535601562,1042.2251233864033,1042.1377849207076,26.23797841953385,[-0.10239054 -0.84422882  0.52611204],[0.78902297 0.25315365 0.55978209],[-0.60577135  0.47243087  0.64019539]
10,-287.5352674505308,43.61056579579753,9.498421355043359,3.3666588766531462,8.624700758160431,2.573472278200518,3.302825344080615,920.6279793478553,920.2436547505764,28.55208451281807,[ 0.01159819 -0.13907434  0.99021402],[0.15298912 0.97886815 0.1356889 ],[-0.98815981  0.14991822  0.03262996]
3,-289.9862487717664,-295.63533192580917,167.16352680296222,5.449609647178884,4.276367601164767,9.199298000702425,4.348467994188591,773.7606754316174,773.5394471407564,18.502126441797465,[-0.43919068  0.7282581   0.52607193],[-0.62094525  0.17711522 -0.76358182],[-0.64925999 -0.66201989  0.37442106]
28,-179.82813636266982,101.69570219096332,36.803102069736624,10.449535494080871,12.402772075961737,11.054812027281299,11.289208165914197,1114.7637389694687,1112.48910704665,84.7507683518362,[-0.1710583  -0.58946649  0.78947344],[0.48705935 0.64593611 0.58782628],[-0.85645329  0.48507299  0.17661243]
2,-223.03911142733227,-186.14221426071367,112.39892535075597,0.9678554869050373,4.471835249704057,1.8667893977503098,2.6526263772905736,440.5753205379978,440.53587033128184,5.895762768264214,[0.11946365 0.40438454 0.90675332],[-0.68785424  0.69230034 -0.21812104],[-0.71595041 -0.59765658  0.36086234]
4,-149.3104021790163,102.60087637112956,17.548610015776873,1.790235173503083,3.785721152571267,1.6033250983828187,1.8812473648724757,364.1311372342247,364.0486037775196,8.118199544439701,[0.2960133  0.27433377 0.91494104],[ 0.48941353  0.77902019 -0.39192083],[-0.82027467  0.5637983   0.09633768]
8,-258.50452967650597,-106.92446679013798,202.02526415090338,3.42125120053683,8.234896964914505,4.420234169209332,4.6632894446937,976.3195593088323,976.1704486936042,24.950703493284696,[-0.49169669 -0.3320413  -0.80497388],[-0.44402638  0.89083078 -0.09623456],[-0.74904936 -0.31011142  0.58545364]
32,-301.3539711731417,82.41864318974277,306.1905067728018,7.913275593335176,13.457915524338398,14.27299793809845,10.960198603590714,2476.7693765997715,2476.043281253607,102.36885029982408,[0.63167273 0.63010781 0.45161235],[ 0.35602832 -0.75327122  0.55301565],[-0.68864606  0.18853811  0.70015711]
21,-289.5856843299094,134.4347106069936,131.2115070903944,6.6677478662752945,7.552114654450532,10.797590050428747,6.308479689304081,1583.1761577886375,1582.151980013595,61.372634297948125,[-0.13060884 -0.82209857  0.55416177],[0.52855129 0.41515711 0.74045804],[-0.83879369  0.38961328  0.38029808]
3,-309.99214119992615,129.03289731676705,189.9720754691899,2.045100893404473,3.379341083580449,2.9091699163804527,3.9725807381646154,668.2563337197909,668.2492681623559,4.981554665852428,[-0.45686089  0.18385594 -0.87033046],[-0.38167352 -0.92428315  0.00509779],[ 0.80349452 -0.33451107 -0.49244177]
61,-204.2418846203668,-144.93921677087152,74.43269990417414,8.58504998252449,11.258391542219977,12.481669604089717,12.07288993384551,2044.6645777743543,2043.9879332237392,113.70562619496755,[-0.45620406  0.81999285  0.34567265],[ 0.42613367 -0.13970952  0.89380722],[-0.78120929 -0.55506124  0.28569051]
6,-234.9014470936645,-181.64572298616486,22.152817567769887,3.342477086723867,5.318797241058819,3.5257118061687587,2.7044623328280113,729.54935889918,729.4435949019557,16.36318495435327,[ 0.23806238 -0.19162327  0.95215903],[-0.56661643  0.76882751  0.29639512],[-0.78884227 -0.61006949  0.07445202]
6,-201.1910409543511,52.60223710942096,207.29725490327186,1.9449827088201603,4.026770834095896,5.739696250815148,3.902142176026888,719.4470445288449,719.3098643559749,15.111552014675341,[0.62975286 0.63270067 0.4506675 ],[ 0.36609773 -0.75343182  0.54618032],[-0.68511589  0.17897027  0.70610612]
8,-200.07270003975592,-210.3817694085866,316.6213174430569,8.155801811550496,5.596564488649681,6.007752894664146,8.171252638503084,1215.4444251020414,1215.285509142996,23.173567488740375,[0.61444924 0.42035075 0.66765064],[-0.63671179  0.76391739  0.10501575],[-0.46588649 -0.48962788  0.73703074]
35,-276.82140819823644,118.00959110814642,241.2057985827754,6.366540425695654,12.959160042751792,21.417536349965626,19.443770355801604,2286.500772698156,2284.7719240187794,99.97910651866515,[ 0.05571744 -0.87009     0.48973355],[0.69538855 0.38578929 0.6063014 ],[-0.71647075  0.30677355  0.62654582]
10,-242.4373411471676,-82.18737282962769,88.05220161976634,3.481675083613174,7.035973270044258,4.01151438446702,3.8977544281941925,856.4740320206946,856.1851617944374,25.09905735127281,[-0.40798593  0.26841542 -0.87264004],[-0.1776293   0.91420539  0.36424764],[-0.89554191 -0.30361436  0.3253045 ]
10,-75.18919441332906,70.21124395674774,45.40125884236911,4.184507625038008,4.898058943056818,4.909349159180749,4.102664658516659,356.2414277283582,356.0905141151568,22.131597301037658,[ 0.34206813 -0.22462924  0.91243142],[ 0.66052081  0.74812196 -0.0634492 ],[-0.66835743  0.62438389  0.40428097]
7,-440.381277555377,58.457034212093035,185.77932926636677,5.510053384291389,5.314411178058901,4.783427537233503,5.891971763717284,1274.1760540211035,1274.1367954331783,18.098306297847678,[-0.40198661 -0.37834712 -0.83382265],[ 0.04475403 -0.9176693   0.39481659],[ 0.91455117 -0.12139406 -0.38582333]
27,-401.9317285941351,-76.25374459346732,79.1336606823494,5.5437085506687085,11.716142732258882,8.581315691735545,6.291556455923396,2166.234100268592,2165.839361283609,73.59332420198204,[0.13414336 0.27946707 0.95073851],[-0.22726889  0.94251371 -0.24498316],[-0.96454881 -0.18321042  0.18994613]
5,-314.57096321392225,215.47115907973625,123.26551148487272,0.7984933233744325,3.1584099752445254,4.135270450166734,2.894676959507268,896.1090135850045,896.0693819775558,9.818893211243186,[ 0.30524089  0.76784738 -0.5632392 ],[0.53911298 0.34821603 0.7668786 ],[ 0.78497465 -0.53773227 -0.30766671]
5,-190.51738144612986,-54.43480777375989,11.097856445454832,3.5638662973897435,3.0008940423879227,2.8177925110940234,3.858205917484675,443.8817465405913,443.8728824392932,8.611470911474113,[-0.17315668  0.42404341 -0.88893416],[-0.22005064  0.8630952   0.45458155],[ 0.95999713  0.27432436 -0.05613967]
13,-249.14697507600428,-182.47588791239565,156.48847191425705,3.9732604889951886,8.63376771251915,6.325440931946891,4.8289151088676014,1248.7363283179404,1248.6115224452012,37.19759668543532,[-0.53861774  0.01280491 -0.84245294],[-0.43838203  0.84962355  0.29319108],[-0.71952215 -0.52723415  0.45200888]
2,-248.52094075881675,71.09078107429605,281.5530481801943,2.668161063347384,2.007010117550678,5.001590975277537,2.3225268547629128,540.6012193369813,540.5443043683863,7.844320463147185,[ 0.09882207 -0.94062907  0.32473244],[0.75335615 0.28392412 0.59316238],[-0.65014515  0.18602165  0.73668666]
8,-394.76745714742196,-252.23305330773056,42.42010695683427,4.431205174886343,4.524376404043872,4.167076642919721,4.576319729658914,1330.6044166484228,1330.5323621905352,17.0945320699918,[ 0.28668465 -0.57730346 -0.76454733],[-0.46205294  0.6157742  -0.63822348],[ 0.83923715  0.53623022 -0.09021174]
7,-301.79048930284955,133.35003693142068,247.60479882697786,4.004336711728745,3.420882213203909,4.817044651401303,3.9791074673739213,1091.544808194213,1091.4887838610573,15.668310075554746,[-0.68173084 -0.34532575 -0.64497534],[-0.0011395  -0.88108963  0.47294795],[ 0.73160219 -0.32315815 -0.60027247]
18,-233.78144216542944,103.32778712420686,161.5123027240991,6.970136137650398,8.933901131464651,9.00971681250387,4.643175103456005,1283.7417219874178,1283.4233356218976,58.09126193384053,[0.51942708 0.82457137 0.22422658],[ 0.36377614 -0.45081424  0.81512787],[-0.77321564  0.34183121  0.53412452]
2,-148.43669993168595,108.04762806606826,86.34746145088644,1.1210019300211087,0.4197042178455703,0.9500296220028517,0.6393185061132414,286.9354048198493,286.92869038400136,1.9629502420245273,[-0.4931898  -0.84447316  0.20887535],[ 0.47062073 -0.05706882  0.88048809],[ 0.73162829 -0.53254881 -0.42557233]
