N,MEAN_X,MEAN_Y,MEAN_Z,SIGMA_X,SIGMA_Y,SIGMA_Z,SIGMA_R,LAMBDA_1,LAMBDA_2,LAMBDA_3,EIGEN_1,EIGEN_2,EIGEN_3
22,-232.46177701949836,106.17554041139562,160.69092241545897,6.431746495809487,7.900199814055622,6.272336122832437,5.32848778062123,1416.6778489978035,1416.5738729206873,50.04743122491265,[-0.56321106  0.01705356 -0.82613708],[-0.29967733 -0.93593543  0.18498208],[ 0.77005636 -0.35175851 -0.53223976]
93,-215.00720540708284,145.676124103654,284.0403657625829,10.84746926789236,16.757601352134603,29.345346893953113,31.45017812898201,3726.6655757577087,3724.705130163845,157.2884702308263,[ 0.12462571 -0.84163324  0.52547305],[0.82136508 0.38461572 0.42122459],[-0.55662181  0.3791098   0.73922116]
53,-159.86366167371295,30.25166620157947,58.90226600882716,12.759392419978605,18.737082947561145,13.27519229313458,14.559464207545235,1271.374228132278,1267.1149683101994,157.88681616319067,[0.38454505 0.41653498 0.82378621],[-0.00653281 -0.89115639  0.45364921],[-0.92308311  0.1798302   0.33996864]
182,-133.09986486867362,110.80110714157794,160.54626173204713,23.780289570049153,19.856838032767282,22.532179434123062,32.61442473671371,3223.7731544368,3219.8939174106654,270.4265044107109,[-0.46073231 -0.86146771  0.21353954],[ 0.68467624 -0.1918883   0.70313393],[-0.56475144  0.47016197  0.67823561]
93,-363.48593666201157,-161.4349473513208,228.8806277523543,14.02693118640353,18.35969861220988,14.131361724718948,13.604754487880369,4431.813172107859,4428.3369184996345,226.38014608383182,[-0.60779644  0.52772263 -0.59337367],[0.05423494 0.77307653 0.63198991],[-0.79223863 -0.35193964  0.49849417]
10,-325.78046703404306,55.51827421665481,278.0107770886849,4.199861020826585,4.887704872380043,7.8070319375950765,6.877935693217688,1365.971863924071,1365.915854519131,23.40903954082249,[-0.59942319 -0.5347597  -0.59558702],[ 0.26782976 -0.83519043  0.48033756],[ 0.75429375 -0.12840955 -0.64385707]
25,-203.71673829705117,197.89331475409307,36.43789283431201,18.551409641994912,10.18992632102531,5.559722206396622,12.674579410715134,1435.6754094760324,1433.3229245073817,88.6915115021137,[ 0.14579742 -0.03212586  0.98879272],[ 0.68635439  0.72310367 -0.07770928],[-0.71250317  0.68999203  0.12747638]
9,-213.74821282052582,-240.4020750560347,338.9156180665468,3.2071209031557557,3.748335428724008,7.215320247685496,6.154662090550114,1402.026713085183,1401.9854622947796,18.64237967044068,[ 0.88023965 -0.14599778  0.45151169],[-0.12636014  0.84502335  0.51958507],[ 0.45739619  0.51441246 -0.72537476]
264,-327.82418935360175,-42.38845336526384,217.4400486699274,17.743525598662764,30.1704560033874,33.96541203899924,20.20753254990957,6469.203930544657,6445.746854678408,716.8176898019846,[ 0.44916037 -0.71389417  0.53722441],[0.336555   0.69219117 0.63843725],[ 0.82763863  0.10595515 -0.55116949]
6,-320.951634551307,-126.58423717768919,60.44558216547699,5.299832446732567,1.998897151972535,3.692261236700257,4.9896077758254425,858.1153279512976,858.0835203960243,11.2082986119279,[ 0.36907596 -0.92929497  0.01392068],[0.15530143 0.07643276 0.98490583],[ 0.91633204  0.36134317 -0.17253033]
2,-396.1878191161403,109.57542719322271,254.52527562956178,0.5498939596170089,0.014568238823436275,0.8685044908302757,0.0033067048404404886,683.7481043345366,683.7465586104538,1.4538808181002614,[ 0.19892592  0.97386506 -0.10961447],[ 0.53752657 -0.01489975  0.84311516],[ 0.81944717 -0.22663815 -0.52644229]
67,-343.22688985932723,-203.55261352098427,85.46947114707861,25.008245517782946,11.515066786598952,12.778537943002856,23.323402188345465,3348.796458333232,3346.7687397136615,158.0203077499311,[ 0.32916191 -0.1643786   0.92985596],[-0.42807848  0.85175095  0.30210782],[-0.84166576 -0.49749372  0.20999703]
23,-242.18877409388622,-157.2640247562035,35.70174807332937,7.767731273918829,13.926038653888412,11.657705660121854,5.295778259385883,1397.5592775328578,1396.7364018711157,91.40609817000846,[ 0.2182672  -0.11592635  0.96897911],[-0.50973835  0.833161    0.21449841],[-0.83218162 -0.54074378  0.12275961]
23,-261.84916416228776,108.19397652148862,24.278823324774116,9.333250008811929,8.068072983028703,6.346681758902203,9.93927682150173,1365.1412283052885,1364.7983927647697,46.33167879821841,[-0.09171243 -0.42504299  0.90051501],[0.37911764 0.82131695 0.42627253],[-0.9207924   0.38049562  0.08581632]
366,-391.928697156972,96.73147706434906,159.7610598724249,28.51157487147031,29.103018602069906,41.987826564622246,27.939813495879907,8371.11413978814,8332.172225224962,989.2471570342952,[-0.05381063 -0.90568993  0.42051178],[0.42807766 0.35953827 0.82914519],[-0.90213853  0.22462852  0.36835864]
51,-241.94374387667375,-140.31762963273232,297.95866176982827,10.094769391029716,9.512804211032266,14.030240815123564,10.413513104666611,2920.810307234008,2920.4189675379002,119.3785795039354,[-0.22211378  0.93925998  0.26164127],[-0.77485119 -0.00715547 -0.63210319],[-0.59183706 -0.34313188  0.72937604]
46,-211.05473067255085,53.85362786590902,80.47680355914642,14.443236608364145,10.091207151432178,14.221735251598842,13.599104970678034,1581.0191162675474,1578.9131161641888,123.67820222586957,[-0.1330195  -0.94892482  0.28609002],[0.39473668 0.21405013 0.89351301],[-0.90911427  0.23178488  0.34610259]
116,-374.92553356003486,32.43023101002582,285.24897583867437,18.548531864844918,30.407784051436696,18.463573850471,10.195356023173899,5102.263905010058,5089.158483916284,417.10281340605957,[0.51802168 0.59628803 0.61326514],[ 0.31755481 -0.79978761  0.50941017],[-0.79423704  0.06914022  0.60366145]
115,-248.2623270973607,9.514896117393548,19.172359304010577,12.530004545507015,23.796069425941585,11.834268795778149,12.504558425584186,2688.2086356629266,2678.382804753875,282.1130470129781,[0.08331097 0.15931251 0.98370667],[-0.02578194 -0.98646335  0.16194246],[-0.99619003  0.03885345  0.07807584]
109,-136.3653418610172,-115.10599080448766,178.67825808654496,9.682305101608213,22.951418897464922,21.100332420615242,24.083469403772092,2656.928204171763,2650.1980361201345,227.04999232849553,[0.38873034 0.61091757 0.68968721],[ 0.7497906  -0.64478699  0.14853886],[ 0.53544634  0.45937943 -0.70870851]
8,-202.677426152455,56.67783548644508,151.52459455015253,6.49683552193226,6.894547880557484,6.708621892314612,8.530071816483854,734.1132004912341,733.9925765543944,22.185502471045798,[0.61774416 0.4032022  0.67514453],[ 0.08786715 -0.88856315  0.45026092],[-0.78145474  0.21882302  0.58433292]
106,-133.25067909569506,-126.96936274141406,29.047947730260812,19.01962354786862,13.415595813496957,17.63578841944063,20.152722460305025,1938.7521978269908,1932.831766943537,216.7519297265001,[-0.66266223  0.73325908  0.15234793],[ 0.21683088 -0.00686543  0.97618504],[-0.71684248 -0.67991469  0.15444375]
6,-177.23421234121886,-16.426893516786915,48.92141871435751,6.839897333309763,5.854213444737162,4.331620423388807,7.574288648222336,452.783128437037,452.58576836984355,15.898332962680971,[-0.20251616 -0.4319873  -0.87884821],[-0.19333055  0.89741813 -0.39656526],[-0.96000547 -0.08959733  0.26525802]
9,-350.4034988269687,-324.38556035691585,8.662430904935349,5.580161379952117,6.018392444505794,5.965806008943884,5.034464334827765,1433.013082604267,1432.8756130624242,26.450531363962355,[-0.43124474  0.48613909  0.76006366],[-0.52508619  0.54982801 -0.64959499],[-0.73369781 -0.67923335  0.01815449]
56,-218.296459692886,-175.54595619534217,286.2931122970669,18.613791933508264,11.769305264401865,15.518628445529183,22.769906667714984,3003.5965007423524,3002.79289581979,107.16089750682234,[-0.26590812  0.89887553  0.34830396],[-7.94776827e-01  5.41631880e-05 -6.06901798e-01],[-0.54554804 -0.43820403  0.71439104]
114,-300.8235678326594,190.6802749220622,213.22376909143046,18.90237785318993,16.704124435498617,14.531122654915752,22.25135403167024,4441.515228227555,4440.163593425441,199.13906702032415,[-0.32652336 -0.88500529  0.33188572],[0.60681927 0.07292903 0.79148704],[-0.72467432  0.45983366  0.51322523]
7,-281.79142642998136,-247.00453272416235,65.37396430794853,8.141322428765646,3.1949135963025523,3.1879281824849004,5.546491084461137,1006.6875350593145,1006.5201750170086,19.75091311904855,[-0.16084081  0.41993013  0.8931903 ],[-0.65203095  0.63416292 -0.41556352],[-0.74093581 -0.64922729  0.17180817]
142,-214.1203077450491,-107.74539423172601,151.71629366175355,12.68114619218799,20.502259527431804,25.862881614216022,22.888040298545263,3401.6732773817375,3396.076863747486,324.07624601452386,[0.10124409 0.73984226 0.66511884],[-0.65138975  0.55461868 -0.51777361],[-0.75195813 -0.38083008  0.53807753]
163,-296.1960293057083,228.85283902625878,276.7014316858392,13.024815802932642,18.17663824778783,16.50922973211536,13.843545634688676,5951.773115143743,5947.05280185817,308.29549100431416,[0.75591101 0.55111181 0.3533756 ],[ 0.15369643 -0.67407789  0.72249318],[-0.6363772   0.49182799  0.59424682]
6,-483.0293331220143,-28.22495143372738,45.62976298277564,1.873096885254209,1.9416729316688015,3.585724843368638,2.129522937515033,1190.497757079259,1190.4688025279754,9.668009746192011,[-0.01831146  0.92540934  0.3785264 ],[ 0.10889184 -0.37449202  0.92081393],[ 0.99388493  0.05807989 -0.09391203]
11,-163.1701947193781,137.10882996991566,15.283443095892045,5.883511165442708,12.064550142399217,3.8341531417883914,11.997614739417385,710.1271550822553,709.8619890869454,23.55667819960022,[-0.15610664 -0.29080144  0.94396252],[0.62764585 0.70872643 0.32212969],[-0.76268696  0.64276074  0.07188341]
73,-206.60122015055873,-149.92783383806807,83.77888818135006,10.099061085348776,12.18956667749228,13.709195161509655,12.433920617191337,2301.070974328843,2299.2839315142414,144.43838695208322,[-0.27624882  0.73015477  0.62494848],[-0.57722536  0.39386246 -0.71532038],[-0.76843833 -0.55834252  0.31265981]
12,-379.5406036156739,-33.78935683536327,166.68559798804975,6.347495311361467,9.573017499962473,5.256385910413241,6.022835123355126,1441.3294740162364,1440.9597326449666,38.45781108040165,[-0.39311318  0.44417763 -0.80508898],[0.11247503 0.89223596 0.4373378 ],[-0.91258501 -0.08137084  0.40070861]
223,-315.2626827038079,-258.55821106558346,173.32153585757177,25.674592393492695,18.499076032976216,26.96574179281915,30.945635651668486,6640.997731404068,6636.078706978855,415.7855642630001,[-0.49581616  0.81211572  0.30762704],[-0.49787606  0.02441555 -0.86690444],[-0.71153761 -0.58298537  0.39222735]
76,-331.280743247725,312.2497060172391,35.171421217916354,15.552820987164155,11.920243629122732,10.983988124025775,11.052042228264451,3984.6357595767554,3982.45298735867,170.2743829114862,[-0.26015481 -0.3762232   0.88925563],[0.63693319 0.6253105  0.45089121],[-0.72569662  0.68369794  0.07695151]
2,-280.7543645309104,173.53105067156565,281.4198812161985,1.2657047139961435,3.501371522427675,3.6372398409085065,0.1398026196208093,613.4497198934782,613.4055882439777,7.358202800048116,[0.71629872 0.61032294 0.33826328],[ 0.26065862 -0.68370005  0.68162404],[-0.64728141  0.40007519  0.64881941]
36,-302.41459623317655,-171.7586582712771,293.4507147647425,10.603948816656265,12.167869940322147,23.10559969166746,23.981694015306495,2735.0314228464895,2734.583154484289,88.4129837894917,[-0.18665015  0.91959526  0.34569679],[-0.72426396  0.1089475  -0.68086134],[-0.66377967 -0.3774586   0.64569464]
32,-193.66300152453496,-71.67887320691966,224.2977508862391,6.9965731551042,11.448193469789524,14.79008291545481,13.731994606084402,1727.8431257946097,1726.9508457847628,81.80669898530185,[0.46758055 0.64159333 0.60805133],[-0.61557244  0.73000865 -0.29691404],[-0.6343808  -0.23546841  0.73628502]
39,-343.20927428745796,168.31346229778143,177.95424574614282,8.86633044193462,10.407498224556527,9.015852520055416,9.330181809244994,2634.92894003385,2634.1286686322214,83.88142581180817,[0.56813135 0.39558926 0.72162033],[-0.12103927 -0.82717792  0.54874965],[-0.81398788  0.39910628  0.42206387]
104,-433.3017241493347,-110.85197805739395,109.13569039286043,17.93773748596968,24.832439612696408,17.25754550565335,15.866290488279882,4704.9409486197255,4701.506306312138,319.26172802635654,[0.10945129 0.44383192 0.88940072],[-0.31949218  0.86300412 -0.3913421 ],[-0.9412466  -0.24132368  0.23625774]
8,-243.72510647643202,281.6699113103778,261.61735813611404,3.800362880824301,2.640729508748929,5.001657805787146,2.6446804284234955,1287.562038741391,1287.4581935738347,17.732950489480384,[ 0.65646222  0.7331202  -0.17774176],[ 0.53135819 -0.28213525  0.79878544],[-0.53545853  0.618817    0.57476055]
35,-365.83221157478545,-161.62399697035303,42.379048152690004,9.887037197568496,12.228709206782991,7.924772367569712,9.329765233225638,2381.2642639105025,2380.3579151303406,88.2552035985291,[ 0.18029918 -0.15283011  0.97166618],[-0.37429321  0.90287757  0.21146319],[-0.90961354 -0.40181469  0.10558482]
52,-94.98574924175067,-76.6386010129126,96.00670528533192,7.741777048386613,17.60742944199241,11.142661984141466,13.308296178012892,1129.6931587241418,1125.2555657915038,129.37944299735182,[ 0.72073672 -0.02231995  0.69284948],[-0.33029923  0.8676729   0.37154564],[ 0.6094596   0.49663423 -0.61799145]
30,-254.58405574052867,-252.9138467961839,21.050859634589933,6.605129552524807,9.482625770858073,7.2210783291424425,5.8893360368251315,1969.9591914389557,1969.5571286767615,67.39923402034626,[ 0.16520585 -0.08434895  0.98264555],[-0.68652759  0.70548643  0.17597944],[-0.70808679 -0.70368611  0.0586426 ]
5,-195.639772135814,-137.49527711909323,28.219171500462966,2.337283627408141,5.1628829454295095,2.514375265433194,2.7811021830027314,538.57526896655,538.4519585156048,12.349272226469482,[-0.11378549  0.35256057  0.92884547],[-0.57186274  0.74126871 -0.3514167 ],[-0.81241976 -0.57115824  0.11727063]
72,-376.10406405285926,164.1675905911591,25.387425597221263,12.086389133452752,21.380901546911097,13.94469227925692,17.825637504600284,3495.4600614128353,3493.6855780166998,184.2685827817988,[-0.15257971 -0.48135161  0.86314544],[0.37549362 0.77964236 0.50116098],[-0.9141794   0.40057261  0.06178686]
13,-251.95000316711977,-176.12537918396362,139.55857915666527,5.048949990200183,5.314010923970723,8.81869900061786,5.551017499199584,1217.8277030364773,1217.5282943750922,36.10882998661911,[-0.66383776  0.53754682 -0.51996427],[-0.04882906  0.66261786  0.74736423],[-0.74628088 -0.52151796  0.41362285]
11,-303.19261079192523,-81.89058010725407,82.5833298830323,7.678640031881766,1.671102509080881,7.799971390850211,8.470145556089246,1077.6207708621366,1077.4100531116485,23.631163375823306,[-0.31889504  0.90841282 -0.27035552],[0.16317028 0.33360897 0.92848291],[-0.9336388  -0.25197461  0.25461222]
50,-290.49787815349606,91.10824928779193,324.1848030337465,11.738181754113894,16.038895495566614,17.378608121044458,11.933250377099743,3148.789631043699,3147.321543783158,166.5753620842116,[ 0.28032242 -0.8289057   0.48408128],[0.70381775 0.52040947 0.48354376],[-0.65273266  0.20515684  0.72928098]
11,-327.0380135380319,221.05901371771859,10.307671971257912,2.685576944538377,11.267854684968281,6.132101329294396,5.625199892521189,1310.2551536843075,1309.912543582828,39.21817298868745,[-0.14878575 -0.26458369  0.95281597],[0.54059866 0.78504736 0.30241317],[-0.82801926  0.56008581  0.02622973]
26,-466.7026926782455,30.699547317819647,58.554773603325444,7.098555509504251,15.4689780350667,7.060319239896716,7.536989340471576,2405.177760778293,2403.939324656751,85.68820118457451,[0.13797446 0.28981546 0.94708503],[-0.02578597 -0.95485537  0.29594983],[-0.99010006  0.06525503  0.12427248]
6,-252.34080036092882,-287.05496159841755,48.07894010867273,5.05392323075394,4.002527060618977,5.448567579182595,5.829476562875119,943.7608316933745,943.7172354888786,14.981417349329224,[ 0.72958332 -0.5808717   0.36096573],[-0.19638142  0.32763935  0.92416816],[ 0.65508971  0.74514464 -0.12496779]
91,-45.870382593051716,8.016883320615154,16.381376801604645,15.492071707134045,20.807183757247152,11.907716374555166,14.667595542405211,535.2804112386466,503.8678668582148,226.61804493225878,[0.36078726 0.34686203 0.86574782],[-0.05451756 -0.91883767  0.39085185],[-0.93105338  0.18821283  0.31259486]
21,-258.87788663853587,-101.94688161367719,201.25893190405046,6.037230843733878,11.054484906479031,7.625548181789852,8.458323903706972,1574.711621606214,1574.4163417613436,55.47603629252007,[-0.65484552  0.26497038 -0.70779096],[-0.05517087  0.91726656  0.39443408],[-0.75374632 -0.29734283  0.58604925]
4,-367.07506612857867,-90.06209902908202,32.209275400908034,3.865712832707633,3.894417351667346,3.4338511960206706,3.405423189963657,758.7695312550734,758.6998850991326,10.967290136186149,[ 0.20140327 -0.52508054  0.82687795],[-0.15163883  0.81728491  0.55592359],[ 0.96769953  0.23735164 -0.08498126]
4,-393.3342220792427,-14.700153850127569,278.26333626486036,4.3714541055829885,1.1799695530347123,2.7264302473721913,3.611979062480621,964.1267508780462,964.1009414508941,7.718714423227801,[-0.01126348  0.99925597  0.0368868 ],[ 0.5779405  -0.02359788  0.81573765],[ 0.81600117  0.03050642 -0.5772447 ]
50,-283.2674463273775,119.70177591057207,239.6579768014387,14.487019396251027,9.938635188615445,16.84879852784346,18.202426644309355,2761.7979776869543,2760.2867296648806,114.16232590971379,[-0.24437735 -0.95150457  0.18686561],[ 0.64247104 -0.01453925  0.76617203],[-0.7262993   0.30729083  0.61486719]
15,-204.48793950178884,-185.18890569835358,7.51492324412995,7.246237978148229,8.745602833003137,3.2590715330061597,6.804771164847952,1069.7963024374244,1069.2643829386534,37.41217855718062,[-0.08426209  0.1330981   0.98751445],[-0.66636394  0.72930505 -0.15515553],[-0.74085019 -0.67111775  0.02723901]
202,-341.97589392143783,-165.33539214089004,149.14136128051373,21.63945865673877,23.87894374968171,21.83661310776587,22.601091673972157,5819.624248418796,5815.4215647787,449.12760384318426,[0.2090893  0.38119103 0.90054154],[-0.50439931  0.83098026 -0.23463406],[-0.83777264 -0.40517306  0.36602157]
4,-305.4243472658918,-27.37082847040962,11.229182202548088,3.7320474263820813,7.131704197463824,2.517134741278579,3.9201826044959778,613.9248095222632,613.7733061405646,14.898631411250534,[0.02162344 0.16414017 0.9862    ],[-0.09407068  0.98238832 -0.16144317],[-0.99533067 -0.08928154  0.03668339]
47,-318.90400594088294,-306.2390525091308,64.61095559142858,9.013039888464952,22.05683789823769,7.76164729110538,14.522774945878353,3067.8908778977625,3065.1881293814386,139.3815449433076,[ 0.35705046 -0.17840018  0.91689059],[-0.6033235   0.70532532  0.37217864],[-0.71310288 -0.6860682   0.14420371]
3,-126.34483330098006,-138.9629626409336,80.24457425285493,4.192605306505239,6.627133893555894,2.947100965567763,5.611905430207152,353.9891199403297,353.9419545253076,10.741079163583086,[-0.76207194  0.6414133  -0.08851744],[0.1914166  0.353772   0.91553539],[-0.61855157 -0.68076013  0.39237686]
53,-243.9123406638042,-24.17446983155254,263.50976874978375,13.275133672505929,19.01911443943958,9.578559518718361,9.68044761532193,2625.406565408086,2621.860637618768,168.61012401930415,[-0.6414095  -0.43313004 -0.63323946],[-0.35909133  0.89888758 -0.25110662],[-0.67797291 -0.06632863  0.73208828]
53,-269.87164410394735,-111.4661013326477,115.38034926185314,10.73304051100599,9.996964472710193,11.885164629964544,8.562364164525414,2288.7626480593767,2287.475799084316,122.50741254091666,[-0.47007883  0.83099643 -0.29744045],[0.19947686 0.42830162 0.88134369],[-0.85978769 -0.35496853  0.36710009]
128,-258.10395921167844,-216.2798032144521,320.63146924100437,16.68816569332672,24.97678952305443,21.315456638946316,16.45051707069,5275.027454660151,5265.818712807198,373.53853412799776,[0.76019028 0.05357072 0.64748816],[-0.33764221  0.88402096  0.32327183],[ 0.5550752   0.46436744 -0.69011188]
18,-383.5333621153782,-260.4584795562223,110.83760065667487,6.838495682136602,7.8581367157550845,12.037048229985926,7.43996379552969,2023.3654103056638,2022.7597427923597,59.41080544808702,[-0.59377434  0.74538533 -0.30303918],[0.00771139 0.38187282 0.92418271],[-0.80459466 -0.54641912  0.23249424]
17,-251.5956456851724,-143.955008308983,214.08654541159905,9.07935076753079,8.273980239541173,5.869684439521762,6.324817609807895,1486.7434346111315,1486.1216767419244,49.57642225537661,[0.41755853 0.44697207 0.79111367],[-0.58142307  0.80050432 -0.14539619],[-0.69827795 -0.39926032  0.59413728]
5,-256.14540860830454,66.35165185613616,45.145843150419964,5.176134062813032,1.9556780750694416,1.382442494136055,5.39353700265965,600.3464385345387,600.3364648324662,4.142064545450352,[-0.27211737 -0.48504347 -0.83107458],[-0.12385343 -0.83882749  0.53012146],[ 0.95426017 -0.2471867  -0.16818523]
8,-296.920191590166,-293.20988076236574,167.45349240506877,5.4611034207269755,5.0165732652931965,3.91090686946567,6.159421084901535,1271.9687819983083,1271.9072802665878,16.147728696064615,[ 0.28924249 -0.67850701 -0.6752533 ],[-0.6930151   0.33819439 -0.63667467],[ 0.6603551   0.6521141  -0.37239542]
75,-254.10089997249548,191.85166554197386,51.375905239172546,8.18310717886768,17.55677314592446,12.275616653478835,12.01885490525971,2798.3660433998425,2796.7073299344693,168.91307827293033,[0.46979851 0.41316468 0.78011813],[-0.39926749 -0.68870971  0.60519783],[-0.7873213   0.59579685  0.15859157]
5,-300.8760231076088,78.34313034916859,71.50958041879285,5.587548950948115,6.116999302405861,3.5445234370309575,4.525078765333662,713.6158636314941,713.4675072765347,17.464535258050862,[0.28930655 0.27445079 0.91704879],[-0.16352456 -0.92976471  0.32984437],[-0.94316565  0.24538614  0.22410758]
4,-325.80209351608545,276.37225584016943,7.465110022977746,3.597794237113077,2.2013063356283085,2.3631144750526683,2.345521068908261,854.6455183413561,854.6175291277043,8.470938138321767,[ 0.29088406  0.36679107 -0.88365761],[0.57792985 0.66869496 0.4678078 ],[ 0.76248512 -0.64676994 -0.0174668 ]
4,-286.13767320849746,145.38028544268585,360.46144898993305,4.836498886982691,3.8169365446045354,6.151696051781373,2.5873840492396583,965.4387354565871,965.2971917660464,16.64408097695026,[-0.55173498 -0.82747953 -0.10424076],[ 0.58661728 -0.47387023  0.65675503],[-0.59284793  0.30120529  0.74686458]
53,-375.5125110494358,-282.43294103171814,18.339830769572416,16.262729125302556,17.582669827162654,13.769859490811063,14.96130114228265,3428.611243172493,3425.658427582926,168.86261672177199,[-0.29954022  0.45269208  0.83984852],[-0.52211599  0.65898313 -0.54142047],[-0.79854276 -0.60067555  0.03896582]
17,-437.2835893395559,181.08630036492593,46.92395585133221,9.07909895078899,4.824197188100923,8.014659128446615,9.375555932634692,1961.6506956259427,1961.5020963255554,37.27503598184691,[-0.3898493  -0.91530593 -0.10115624],[ 0.0519239  -0.13152146  0.98995253],[ 0.91941364 -0.38067987 -0.0987998 ]
3,-262.18564644399254,54.26894327800627,115.19908487524526,4.675775993112503,2.056913257922163,3.047573707439217,3.501253510311387,504.9533900071613,504.8852801487904,8.293374057372906,[-0.28503664 -0.93569154 -0.20793139],[ 0.33093321 -0.29965811  0.89481184],[-0.89957619  0.18624275  0.39506495]
9,-318.87467935755416,90.72234632910977,268.45965290858516,6.842047336868642,2.0964592644425437,4.974068030259189,6.328704734652228,1280.0165451339933,1279.9532387869465,17.9967103979323,[ 0.18755877  0.97640245 -0.10705118],[ 0.63718704 -0.03800179  0.76977175],[ 0.74753888 -0.21258907 -0.62927856]
8,-429.79791967276225,-58.37988539895525,119.2106340666657,9.500164733038938,4.92210172822754,9.398042760402962,8.034075869093995,1272.9218190335523,1272.530555156814,33.3330522329642,[0.00138203 0.89618629 0.44367582],[-0.29491144  0.42430879 -0.85614794],[-0.95552359 -0.12966185  0.264882  ]
3,-291.23460966383726,104.93272601006414,112.09912713239821,2.0764366596883908,1.8069915410133137,2.2679894974383523,2.8086998756020445,570.279654047341,570.2727812431868,3.8117717052770836,[-0.46488276 -0.5436243  -0.69882519],[-0.03761491 -0.77646141  0.62904117],[ 0.88457286 -0.31871664 -0.34051514]
3,-261.23495566779826,-6.959873350565917,89.21422355578274,4.0560146024469175,0.8899095365613342,5.04714766536247,2.810140323214934,478.41517274727084,478.307553731185,10.24818977659959,[-0.06077957  0.99307342 -0.10055355],[-0.31818664 -0.11476072 -0.94105645],[-0.94607775 -0.02520221  0.3229578 ]
2,-416.881133551713,-192.886578011008,5.496539433903138,0.18868866363504821,1.8219670013999547,0.05349854825471079,0.5931456475861125,649.6594207169891,649.6547933567331,2.4520185469795015,[ 0.02552932 -0.02669913  0.99931747],[ 0.41928759 -0.90718052 -0.03494892],[ 0.90749445  0.41989364 -0.01196509]
21,-160.96764086799251,-181.20260840872984,210.01567132098322,6.848845279311594,7.490759381069366,15.13731010083222,12.876359071775095,1471.943071826387,1470.928562376981,58.892926209617244,[-0.69056981  0.7176458   0.08998802],[0.52115506 0.40745783 0.749917  ],[-0.50150846 -0.56476776  0.65538282]
24,-242.42868441497706,-5.9322782193436225,134.1302572198036,6.4482789802373635,6.874035828442801,9.599288910874323,7.311118324216166,1358.8818739922913,1358.4420183306509,55.28111086759347,[-0.22023428  0.90743791 -0.35784537],[-0.43179995 -0.41964508 -0.79840266],[-0.87466889 -0.02131802  0.48425188]
3,-289.4295365196675,-277.4482374184724,60.15486822815796,2.5739922753321274,1.8515709999274832,2.0363434616243157,2.894587445892274,702.233511805728,702.231702017883,4.179667875898738,[-0.40868925  0.2351048  -0.88187234],[-0.5686076   0.69022323  0.44752351],[ 0.7139037   0.68433737 -0.14840444]
50,-315.3315798030737,149.31841188557354,321.5640325720755,14.229722338980348,12.188873247182556,10.05239456897275,8.429885570878232,3357.611897495253,3356.4591502168723,138.480267848957,[ 0.29148733 -0.7259717   0.62289665],[0.68790422 0.61156821 0.39086074],[-0.66469762  0.31456228  0.67766338]
7,-322.03092284499695,-44.4514508950913,282.6913030514102,4.462405702912564,3.189360542934093,3.437587985924688,1.5618134915008384,1139.9082817511833,1139.8414946329844,16.6186558588129,[ 0.25195251 -0.95808126  0.13638269],[-0.61458797 -0.26727267 -0.74219064],[ 0.74753031  0.10317763 -0.65616524]
2,-412.13392421817923,176.1504662764036,51.40617459197725,1.5638234641790234,5.7074663363248135,3.1263935921869255,3.3006218479264646,638.0764031050696,638.0232766620144,8.233749872930138,[-0.32136403 -0.52114928 -0.79065073],[-0.24941814 -0.75887436  0.60158149],[ 0.91351834 -0.39052929 -0.11389084]
6,-269.8012627115114,-209.18496594958887,11.611487183685165,3.1405043622344646,5.141697498935239,4.201880488312234,1.2919635173225996,836.8703920506803,836.7872886198594,17.698125740909834,[ 0.24752748 -0.26752328  0.93121503],[-0.56118585  0.74390071  0.3628804 ],[-0.78981048 -0.61240757  0.03400559]
3,-163.89809899109625,12.131278690608575,120.48815518482395,1.7045235977629776,7.2990964110219885,2.1219637760210497,2.3155670480819905,353.2186830245313,352.98243396229606,12.921873129912582,[0.59419618 0.09425341 0.79877856],[ 0.00845379 -0.99378722  0.11097521],[-0.80427572  0.05918834  0.59130137]
4,-175.32909023323163,-178.3000945080695,219.6126397796039,1.9084812164999136,2.4309286379468564,4.260735448995179,3.466339788961949,665.697503238552,665.6527454654495,7.893184534261031,[-0.8491785   0.29803945 -0.43596831],[-0.03685747  0.79007201  0.61190501],[-0.52681819 -0.53568527  0.65992718]
2,-361.4024483849509,-178.9747933731681,78.67498705647748,2.9232769643934375,1.3553317748860394,0.4612176488249915,3.0732029407217567,581.1093789366894,581.1073991182393,1.5168975641572495,[ 0.42922575 -0.90001766 -0.07571959],[0.2052934  0.01557725 0.9785765 ],[ 0.87955664  0.43557497 -0.19145384]
11,-131.60504018255162,144.7358446496216,106.20393522799077,4.50166516045422,5.71750756051157,5.599429156068699,6.378350392516852,738.7772632070507,738.6705129613887,21.831479354137425,[0.80632099 0.46263971 0.36852539],[-0.01888311 -0.6026059   0.79781549],[-0.5911767   0.65025428  0.47715771]
30,-231.07132792448928,258.6108625183911,314.29178752067,10.536287315731478,14.3062026828709,8.46582555564239,10.75668624310767,2565.5533645382047,2564.4066493833616,90.3736678211852,[0.78605689 0.61386553 0.0726889 ],[ 0.37180899 -0.56346057  0.73774675],[-0.49383463  0.55288453  0.67115278]
8,-296.9489098108111,109.16241364038882,159.75584004710694,8.054216901508562,3.251142143630425,7.405486823796852,6.1080424828953115,1002.8903170463118,1002.7084975520156,27.26613899955045,[-0.20820282 -0.94362051  0.25735561],[0.50450787 0.1218078  0.85477171],[-0.83792804  0.30780381  0.45070324]
3,-333.68741484747954,-87.42126973034722,51.44634907810403,0.6779055127969429,2.653161987390764,1.9903576859144712,1.0087227272694703,604.1058390119601,604.0798653723942,5.602676689200584,[-0.03309792  0.59772494  0.80101774],[ 0.2889727  -0.76150308  0.58017914],[ 0.95676502  0.25067498 -0.14752202]
6,-438.2503866969626,54.28727840580249,193.63169684968997,4.591701776810991,3.8600600532156144,3.1057994403977935,4.692973605136485,1181.2179444749925,1181.175180990195,11.909892968501987,[-0.37546196 -0.64007379 -0.67032369],[ 0.1815347  -0.76001539  0.62403666],[ 0.90888584 -0.11261502 -0.40155247]
42,-233.10166562550316,223.26426285969524,280.701312396179,9.673922971737214,10.024255519326765,14.969164715228212,11.673807623703336,2774.6204325877366,2773.959781888926,108.54771361415271,[-0.44882391 -0.84263877  0.29751807],[ 0.7084641  -0.1326111   0.69317597],[-0.54464275  0.52189482  0.65649835]
8,-348.2707939567299,-314.46215768078116,93.57755946914997,10.296111792314864,8.583639594733944,6.767139503922393,2.7235473152365035,1353.921639908668,1353.4134498817198,41.809339271748094,[-0.13134619  0.41356271  0.90095175],[-0.67296274  0.63013768 -0.38735985],[-0.72792124 -0.6571852   0.19554611]
15,-332.5237893778198,250.84762840952817,48.2776786652775,8.251710363898757,6.070807810594601,7.182633894218651,5.941708585790199,1624.6287461986376,1624.2774748497857,42.66514617107658,[0.42306342 0.4048184  0.81064136],[ 0.43820024  0.69166241 -0.57409378],[-0.79309387  0.59810131  0.11522554]
15,-407.7661525768405,243.8953139900108,14.89165992123618,7.404862291033685,8.535937274623247,5.235489443504548,6.530053381346833,1841.6988852439204,1841.335814092352,40.968279304367904,[-0.18850493 -0.37076945  0.90939315],[0.47820477 0.77414495 0.41475269],[-0.85777974  0.51305907  0.03137357]
35,-415.8358909408223,-90.9944976207737,222.1404738766782,9.34019346596922,10.293553164907221,11.656886641778751,8.663601587472954,2841.9841388414306,2841.727311688444,94.65192749889738,[-0.25067035  0.9652495  -0.07387675],[-0.43258537 -0.17995639 -0.88345096],[-0.86604519 -0.18949696  0.46266254]
10,-237.55075688832463,223.66692904838155,94.53777579258158,4.598128422506879,7.276633952990999,7.50476407142536,5.441119430573592,1074.652125298268,1074.5312379676052,31.728025966851607,[0.69454332 0.53344461 0.48274883],[-0.16942146 -0.53085571  0.8303545 ],[-0.6992181   0.65850518  0.27832532]
21,-249.25670438770854,-41.44469408578116,58.59032752943895,12.605432054724767,7.381787659268629,10.104939974133972,12.548393740057811,1191.2133607274584,1190.2457285086045,57.54364969544102,[-0.26240314  0.78233608 -0.5648848 ],[0.0868482  0.60216957 0.79363039],[-0.96104213 -0.15919188  0.22595567]
4,-200.33496041664765,212.43835820576172,214.75282129914177,5.721589118002858,5.6006685976697765,3.566296087678346,3.1902203228859207,725.0866498521583,725.0250823208091,16.308702777669353,[0.75685973 0.65057866 0.06253614],[ 0.34871391 -0.48289283  0.80325159],[-0.55277659  0.58614156  0.59234796]
22,-363.0198940232842,-240.20237207670226,42.88302537117418,13.40419763299705,6.991462693168115,7.812577352903491,13.638870356064382,2052.970924174722,2052.7657634999146,47.60695338320933,[-0.55147172  0.83419056  0.00224858],[0.08278017 0.05204221 0.99520804],[-0.83007613 -0.54901523  0.09775424]
11,-418.61750331747766,-225.07838361382028,11.602317235024781,2.422807060416538,8.398479274847817,9.42990851625677,4.933350160514755,1577.2614096013592,1577.0593658525606,39.35169225077997,[-0.44099545  0.7989162  -0.40896932],[-0.17421557  0.37080627  0.91222346],[-0.88043849 -0.47353523  0.02434023]
3,-397.17630763332437,90.023899522198,267.4210685609819,2.8163413009551252,4.162626488200481,0.9548753532987136,2.495419232761737,843.9032561933038,843.8771234387087,7.7342947152341175,[-0.49417839  0.27224123 -0.82563456],[-0.3019992  -0.94431777 -0.1306156 ],[ 0.81522034 -0.18479357 -0.54887807]
33,-287.8636631482613,-256.05020526378746,243.7463626361337,21.03562515679143,15.252068741564324,6.2958662718380625,9.95624090203696,2623.1538857940536,2619.8198943294924,142.08336972875583,[0.36874244 0.38897447 0.84423212],[-0.68169007  0.73060754 -0.03887512],[-0.63192378 -0.56116975  0.53456604]
24,-264.99983860342655,42.24599417882779,204.56610643429815,6.960783537214597,8.502128350468798,5.115047814610173,3.60349226134231,1653.8424788764212,1653.411588921375,56.737525373715904,[ 0.42296996 -0.60645716  0.67328012],[0.45187412 0.7852045  0.42339541],[-0.78543376  0.12515432  0.60616021]
7,-167.78133082259868,-97.4423049421667,70.7723882949436,5.972644892884143,5.066789538595738,4.555265279622739,6.20947219120713,546.9038090347266,546.7214757353125,17.363973148255443,[-0.27858176  0.82997385  0.48325522],[-0.5122722   0.29720978 -0.8057565 ],[-0.812385   -0.47202728  0.34237531]
13,-384.086131054117,151.3821157706444,155.40016337979839,12.47419033403649,3.077200845907836,6.628168719912095,12.433499808161557,1591.2976693784367,1591.1594762539896,26.516851006446554,[-0.40284513 -0.08668634 -0.91115382],[-0.28181595 -0.93539233  0.21359064],[ 0.87080168 -0.34282162 -0.35238865]
24,-225.51417405543557,133.35543849206343,13.68690283769268,10.163234249671492,15.180083102903206,7.882295415157782,13.859978944701343,1288.5827951405365,1287.3527861433538,70.74862112229611,[-0.16212204 -0.36779581  0.91566516],[0.48571938 0.77799565 0.39849649],[-0.85894885  0.50936138  0.05251531]
2,-424.23219840967874,11.849827190659934,19.411457800522463,2.8253351815014867,2.0146966611300483,2.8858101478117604,2.745525340179654,600.8503152826544,600.8289610980862,5.065657021472596,[-0.04816974 -0.84051795 -0.53963808],[ 0.02329798 -0.54106372  0.84065882],[ 0.99856741 -0.02792184 -0.04564526]
2,-138.95055693303945,-156.7863887945015,54.87206112517582,1.3436623482976415,0.8732240711714496,1.6139610353470424,1.9032061206856241,306.28530782378635,306.2802458807635,1.7609008860928257,[ 0.76069137 -0.55821667  0.33127449],[-0.09836244  0.40532687  0.90886465],[ 0.64161785  0.72395047 -0.2534211 ]
17,-114.6745934069569,69.20263899443312,108.04746653009373,5.951251034902736,7.848594220679477,7.105265093025699,7.154373714978085,711.0546088348109,710.375852357422,40.5259204702121,[0.74547033 0.34527792 0.57013783],[-0.01236407 -0.84806037  0.52975535],[-0.66642412  0.40196612  0.62793481]
27,-381.21491150741747,98.10257233683227,81.51638126466588,8.082120568855105,15.196754885235132,7.554144194110547,11.116585807627954,2090.9275840554515,2089.714484102062,79.13562367452805,[ 0.10683869 -0.35610454  0.9283184 ],[0.29942124 0.90184347 0.31148879],[-0.94812046  0.24467919  0.20297704]
4,-258.04520391156245,120.40663854888683,197.56226990661722,2.728167045320704,4.210335383862993,8.241538909181132,7.493596604811457,693.4233786915172,693.3179142139711,12.104579752888661,[-0.07936344 -0.89391812  0.44114832],[0.66307998 0.283101   0.69294932],[-0.74432948  0.34751146  0.57027134]
13,-282.71916702359135,62.01905219864895,167.10987840452376,7.764414416995499,4.335804253800147,3.10345634096652,5.750361946268341,1205.4176834122304,1205.325541653335,26.878008911543393,[-0.09746665 -0.97551587  0.1971523 ],[0.52411778 0.11808929 0.84341892],[-0.84605012  0.18553625  0.49977545]
15,-199.70172115071537,-217.21365845233643,319.5980475084353,4.322127700630238,6.224003481624918,7.17809556649338,7.711513703773899,1685.0838729996767,1684.987535662431,27.23145449317291,[-0.85012959  0.48706407 -0.20012064],[0.25793903 0.71651114 0.6481352 ],[-0.45907204 -0.49937999  0.73476016]
2,-212.1655668367242,-33.37189906349188,86.80207578206779,5.255267171780076,1.0647565168352777,0.07345144674157922,4.993938129933085,327.69274844869597,327.6811093832714,2.7618724099387886,[ 0.1988299  -0.97365238  0.11165895],[-0.34858461 -0.17674365 -0.92046208],[ 0.91594511  0.14409279 -0.37454216]
2,-250.55355842229795,-46.45215679066165,30.21548234319085,0.03911077858883516,3.3128770386599307,2.833528195849915,0.8950432886372113,362.95142773592926,362.90126874224853,6.033907590903003,[-0.0287922   0.64952111  0.75979822],[-0.21407873  0.73846956 -0.63940051],[-0.97639199 -0.18106638  0.11778649]
4,-252.0918693473539,-121.72992723786771,263.79508009086493,1.330917115188285,4.864083908274009,3.6415203619109686,1.9207691152710005,769.3745083282862,769.3394078662551,11.82846043482397,[ 0.7504008  -0.16926438  0.63894304],[-0.08613244  0.93337272  0.34842011],[ 0.65534711  0.31648845 -0.68582448]
6,-285.47682656765284,-214.42907933673732,108.95350611640787,8.654667153859055,9.790967886101983,2.376041020877103,6.998042561163306,914.9374049326051,914.551673820171,27.82632595506075,[0.32832815 0.04219494 0.9436208 ],[-0.5543391   0.8174782   0.15632517],[-0.7647933  -0.57441186  0.29179141]
10,-308.179446945075,49.4557034411546,307.95607530929794,6.058065570711002,7.118857477475403,5.6661802886821935,4.839091385133281,1386.962228430768,1386.694296554941,30.855006680580857,[ 0.43456776 -0.71353003  0.5495687 ],[0.56318331 0.6914691  0.45243236],[-0.70283385  0.11289541  0.70233838]
4,-343.6392868425879,-125.08563119231619,261.6216820534481,2.598181922389801,3.1817810032462273,4.4357267126738975,3.6571301967014254,899.3629866031508,899.3265748873267,9.620942894932249,[-0.16212515 -0.79035726 -0.59080524],[-0.62424892  0.54584026 -0.55890223],[ 0.76421772  0.27819742 -0.5818741 ]
18,-178.58459328209452,-35.97946509326748,148.88567758601567,4.752324057291241,6.810584177171993,5.760879978217922,5.555076791219729,998.955400345944,998.6087965878775,35.88130386474551,[-0.64628022  0.29429781 -0.70406724],[0.07879255 0.94344457 0.32203118],[-0.75902148 -0.15264713  0.63291804]
7,-384.05931464288915,-111.81887351075258,185.90602996930696,6.040541825363453,4.876437337604181,3.6300546162394647,5.222517044788179,1167.1866395859352,1167.1789992562356,17.937052641345044,[ 0.31476126 -0.94566918  0.08145647],[-0.37784721 -0.20356398 -0.90321271],[ 0.87072202  0.25351827 -0.42139251]
2,-144.89122438468598,109.75831211522603,2.8165770708883864,1.2345919436595807,2.0788025140620547,0.28281155219074106,2.2434360087860625,257.1155876566294,257.1121170440685,1.3359210796364813,[ 0.14665018  0.21834998 -0.96478858],[0.58593298 0.76664211 0.26256889],[ 0.79697947 -0.60380722 -0.01551025]
4,-240.58203749492702,-19.830944519001093,229.783498984306,6.11362452542125,3.2425477011395976,2.4541129941011266,4.2982319684265855,666.6942682533768,666.6308603430182,11.868887654459048,[0.30388878 0.86787055 0.39300423],[-0.62162094  0.49322967 -0.60853258],[-0.72196885 -0.05937344  0.68937347]
10,-200.24530993059767,49.59211118697813,203.818684164495,3.5911609392323878,6.225207458528384,5.093754578143978,4.910589769664458,917.4200302227786,917.2489321037843,23.219763672193835,[0.72332748 0.17305407 0.66846814],[ 0.00737921 -0.96996767  0.24312193],[-0.69046572  0.17092401  0.70288127]
3,-402.7580105521301,-238.2188608920511,99.73479905185862,2.75633820093218,1.8373032811301213,1.5926720286929055,3.2707236009402565,828.7145940300829,828.7100480886339,2.9088328531589847,[ 0.47362368 -0.49606808  0.72773421],[-0.25892575  0.71134541  0.65341042],[ 0.84180643  0.49789977 -0.20846523]
2,-206.0530982263516,235.46562376260763,346.4565972187403,2.2045090658230038,4.927613228984313,3.1614157516411012,5.804607526311372,660.2624460029381,660.2542058481766,3.2986757306818846,[-0.8841277  -0.10316715 -0.45571346],[-0.15331936 -0.85726039  0.49152599],[ 0.44137443 -0.50444144 -0.74211013]
