N,MEAN_X,MEAN_Y,MEAN_Z,SIGMA_X,SIGMA_Y,SIGMA_Z,SIGMA_R,LAMBDA_1,LAMBDA_2,LAMBDA_3,EIGEN_1,EIGEN_2,EIGEN_3
4,-238.8567224628371,-85.1565754874827,192.74955493652877,2.5902183808793797,5.499944151035985,2.2013519854153487,1.7273673420491866,637.1710559465772,637.0593700887321,12.465076308407319,[-0.61024856 -0.07371878 -0.78877262],[-0.2554258   0.960798    0.10781862],[-0.7499029  -0.26726904  0.60515527]
15,-290.4916888889215,133.3989103994833,128.77394085829368,7.216729325760842,5.626643013238772,8.034112337566992,6.910872273198269,1335.3780793538704,1335.1414218995653,38.909381362664426,[-0.12376644 -0.81555479  0.56528953],[0.52360462 0.43023446 0.73534788],[-0.84292352  0.3869996   0.37377967]
194,-282.1104364960348,224.75377736797034,278.6304587050812,31.533627664438725,14.885031238123615,14.199808733778776,20.73038076055032,6365.833338747066,6359.3010587665485,432.2535423378731,[-0.04669879 -0.80009553  0.59805214],[0.78282599 0.34258088 0.51944376],[-0.62048585  0.49242815  0.61033746]
254,-250.583142603726,-180.25676750775904,311.3556449965954,24.925238915216404,37.555950668210215,25.589036599861483,34.975414704728834,7031.711030006578,7013.464843635101,618.2964693080876,[-0.76042574 -0.0592266  -0.64671857],[-0.30861158  0.90916259  0.27961093],[-0.57141192 -0.41220819  0.70962865]
62,-388.9973264839994,180.81189516104658,31.51691078933525,16.313584225487233,15.964370320573167,7.721156062578395,20.09231511708174,3391.59711002005,3391.0207241557546,103.36896488217737,[0.23060046 0.33694574 0.91284774],[ 0.35967994  0.84217109 -0.40171905],[-0.9041315   0.42096962  0.07301242]
229,-127.56597205839662,105.0206410498849,150.0439901565467,22.94225583172049,22.310043605063374,29.25478767632963,36.6656735830717,3434.2579851300534,3429.993489932343,342.89009230016745,[0.70867446 0.69634831 0.11348808],[ 0.4153609  -0.54180041  0.73070352],[-0.57031205  0.47069241  0.67319597]
34,-239.88695730765878,-40.86328786595379,263.6224649281911,7.000158743061198,11.28909356036166,9.320969297518118,6.45253773627755,2093.340454779805,2093.009640380525,87.08253713555366,[-0.74182886  0.17180245 -0.64820819],[0.05247555 0.97853293 0.19929782],[-0.66853292 -0.11382979  0.73491939]
2,-207.66203736212614,-236.2491347562663,228.63676774200056,0.26238476233720576,1.491311920952782,1.229602242882919,0.3231876474787043,549.9377269776423,549.9309983140624,2.7204129528957512,[ 0.84417723 -0.42155642  0.33114194],[0.04667607 0.67318501 0.73799951],[ 0.53402823  0.60754598 -0.58796406]
89,-208.79798488340197,-116.46078505769782,150.2399864577626,16.10953163983306,20.490862391871005,18.392370169798635,24.598845483146437,2679.1550185261103,2675.546911592262,192.29433683613348,[0.40160055 0.36572422 0.83962063],[-0.54235761  0.83371865 -0.10373731],[-0.73794662 -0.41371368  0.53317518]
6,-452.13675839019953,149.38699029505167,65.10940066043517,3.7364123841228474,3.3688930735844838,3.8342529713088713,4.12970550229276,1177.3269091023335,1177.3036965554163,11.737047486138858,[-0.33654413 -0.80714886 -0.48502449],[-0.04140664 -0.5018871   0.86394145],[ 0.9407569  -0.31083766 -0.13548583]
81,-129.70833948371381,-120.57327556867155,33.900908808697544,15.978623280579592,10.680774355266918,13.936932997154303,14.779595456565145,1634.7389544025405,1630.2510385982625,167.54687847431347,[-0.37186821  0.60235781  0.70631374],[ 0.58563785 -0.43811778  0.68196856],[ 0.7202377   0.66724649 -0.18984146]
63,-211.99854156639927,58.142655465901605,83.68858868413005,13.433126720350478,15.239235633823316,12.056479017152197,11.720691419309892,1873.1889063879432,1872.4117384904966,163.8439668813223,[0.41199511 0.24201588 0.87845793],[-0.13145969 -0.93820799  0.32013141],[-0.90165314  0.24737438  0.35472178]
17,-434.93094560129475,178.6691902440201,44.62860120973579,5.3207170603859275,13.000616576577926,9.215944660104459,7.698767987540759,1948.2764213784587,1948.0018464416103,61.656053173189335,[ 0.03995189 -0.1496707   0.9879284 ],[0.38810504 0.91341255 0.12268659],[-0.92074879  0.37851843  0.09458051]
347,-391.09107917047334,95.79736090517196,159.96510385403965,27.48735043393629,27.07781852085914,37.959485409023934,28.206954776834102,8122.793374306977,8098.074574514398,866.6308510428978,[-0.08717843 -0.9329982   0.34916225],[0.42248652 0.2827879  0.86112493],[-0.90216687  0.22258786  0.36952616]
29,-296.76348847053004,-254.62177513616066,247.50297538989713,13.423707820211149,15.105001234188364,5.9352170891536336,6.023521298505702,2494.5264358464688,2492.4886403278215,108.44988543525392,[0.42445612 0.32632087 0.8446015 ],[-0.63920438  0.7686543   0.02425555],[-0.64129148 -0.55016839  0.53484575]
3,-247.79217803798625,-171.6603133462303,8.191419473756389,2.1541614292410647,0.9361068045261507,3.4635479502789126,2.3241361632396997,522.3580949820018,522.3242367118402,6.037031443320507,[ 0.56952035 -0.8185388   0.07510529],[-0.02050199  0.07719736  0.99680501],[ 0.82172151  0.56924054 -0.02718379]
60,-161.61702141321584,37.66792273626128,61.922266233885644,9.000181085079225,13.605491597355542,15.243114535779569,11.741656924018251,1379.9621756603508,1377.8502821080087,147.80035989920015,[-0.05561966 -0.90869427  0.41374048],[0.40811945 0.35749289 0.84002223],[-0.91123266  0.21557729  0.35097217]
75,-364.1936413853666,-156.1665515499195,232.41143454081757,12.216423845468158,11.306484976018817,11.900577211947324,12.467244429794503,3981.647491709629,3980.6467449863667,140.539031156376,[-0.58955273  0.63802349 -0.49533182],[0.1544064  0.69095146 0.70621862],[-0.79283431 -0.33987071  0.50586723]
60,-314.38139074893843,-311.8132513599925,63.160887780948265,12.715151507597827,18.903251285530043,8.340630848605862,15.899381022511356,3469.0363724365834,3467.3435233656314,142.26619088263774,[ 0.34753294 -0.16386703  0.92323802],[-0.62091898  0.69758167  0.3575464 ],[-0.70262399 -0.69751517  0.14068447]
38,-296.1790241849947,-162.64395337230295,278.4398572830409,6.6229724301190895,10.469920590836367,9.48662637201394,11.045898819473999,2700.455840158778,2700.17242798579,67.83917137258217,[-0.70930417  0.09566396 -0.69838099],[-0.19870099  0.92343729  0.3283009 ],[-0.67631761 -0.37163419  0.6359894 ]
7,-445.76289571491634,-185.47120095949882,18.042702541931792,4.064538469958949,3.957116295629349,4.907881959440612,3.3858918744369686,1278.419098911527,1278.3324048194731,17.717441844761563,[ 0.26312319 -0.69728694 -0.66675116],[-0.28197964  0.60534201 -0.74434436],[ 0.92263409  0.38386452 -0.0373412 ]
99,-285.426314662472,112.7307208015192,239.46007446465444,15.482685654354677,17.21786152293843,16.190033251954166,18.197823251461664,3881.429831452476,3878.936781743178,216.52284182292976,[ 0.3387971  -0.62871954  0.69994876],[0.58989644 0.72150856 0.36255701],[-0.7329657   0.29006401  0.61532443]
76,-206.3368656099421,-149.24181426191277,79.37313634372563,10.68641746352135,10.523669873162103,11.904456436252726,14.152813629187781,2330.179644883605,2329.798035455916,112.02848030216272,[-0.26039406  0.70950374  0.65482774],[-0.57826943  0.42851634 -0.69424651],[-0.77317488 -0.55944453  0.29870121]
9,-144.95967467023786,0.5689767608029133,77.57009944630346,4.035092290262968,4.344310473943651,3.2234984268916675,3.035592219518859,493.5094216223685,493.4531484903622,18.049714927096577,[0.37413461 0.61406496 0.69494426],[ 0.28713575 -0.78924755  0.54280877],[-0.8818029   0.0035402   0.47160483]
99,-43.30476468954119,2.8562360159772298,21.23573509009292,17.6755651551108,18.58315383079507,17.961926866372085,20.285762741113338,552.8456437360475,540.2400561599464,242.55762532819443,[0.44243171 0.42230924 0.79114417],[ 0.13796912 -0.90373384  0.40525261],[-0.88612567  0.07014314  0.45810614]
17,-357.59091249379674,-288.3435457972393,30.232558612734152,5.788974301342212,10.802121243198256,11.60555151547953,9.890839385052786,1899.1127368146417,1898.790359244413,56.3850514720153,[-0.59368144  0.76290366  0.25596945],[ 0.210742   -0.15958796  0.96442703],[-0.77661455 -0.62650594  0.06603143]
85,-393.2422340680399,0.014350131226393949,270.3543002849149,17.196110515363074,23.205725605868064,20.787955453254106,9.283293520474004,4410.580488815907,4401.793141501739,317.0646544635625,[-0.37668403  0.74700675 -0.54780476],[0.42299242 0.66481641 0.61570817],[ 8.24127756e-01  2.10170160e-04 -5.66403918e-01]
60,-328.2728703185464,-207.48214405522214,90.06389611763072,23.15509871028933,11.819464895122932,12.23855323006906,16.711427316468345,3095.1100268879354,3091.4224636981476,182.45185929688387,[-0.0898403   0.51314397  0.85358772],[-0.5590661   0.68330393 -0.46961776],[-0.82424136 -0.51940255  0.22549316]
11,-360.5546854156081,239.9546967081377,99.04202926510735,1.9816579249696786,8.304233013869785,7.35881774087046,5.600175256116128,1473.850345994032,1473.7792265083071,32.47404607079303,[-0.58423134 -0.75958355 -0.28584362],[ 0.01490379 -0.36218505  0.93198705],[ 0.81145032 -0.54023589 -0.22292053]
179,-233.34881670868683,166.97633795428453,35.665246256280234,27.355176612050727,37.78924777730229,18.755398923650624,30.535963215722898,3921.837254423568,3896.9159704106514,518.4668420161393,[-0.04641316 -0.27358514  0.96072732],[0.59243606 0.76682234 0.24698791],[-0.80427939  0.580633    0.12649105]
67,-247.57419736426908,28.817437609668936,18.204026652364767,12.86495059120641,10.999165528426813,9.638186000633537,12.999371783008245,2050.519510239525,2049.7127056577583,117.60126375919585,[0.11475167 0.40936979 0.90512344],[-0.07436604 -0.90504557  0.41876271],[-0.99060676  0.11536417  0.07341228]
156,-302.38870067284535,175.82740915230664,208.89974990149435,31.066689677932022,15.787205641856152,21.806076765830348,19.46286908229459,5111.863113896967,5097.272054937007,451.47345280031794,[-0.25549781 -0.88920427  0.37952158],[0.61805744 0.15163997 0.77136912],[-0.74345536  0.43164926  0.51083564]
71,-96.74302856734782,-66.6284048217473,92.97663721992846,7.734707050680844,19.949868908355135,18.01808355675963,14.407135024948102,1277.9344265844168,1274.815995224739,199.4376400688487,[0.63799643 0.14313711 0.75661901],[-0.42912422  0.88194526  0.19499989],[ 0.63938483  0.44909277 -0.62410153]
21,-377.6203386537202,91.71657982568378,76.9827245708026,8.379473740572557,12.851706845904737,7.20589296211836,11.53916022584753,1816.9613530236775,1816.2387577346487,57.284627212403194,[ 0.09877708 -0.36928366  0.92405231],[0.28634366 0.89986673 0.3290094 ],[-0.95302172  0.23209793  0.19462824]
316,-332.19545460970295,-43.73055491105256,222.92391032377768,16.969380848588976,28.987299055837546,33.36161217180901,19.373490002217988,7194.2454898048145,7171.823962595215,764.025582738458,[ 0.4488971  -0.72160664  0.52704388],[0.34434322 0.6839495  0.64314915],[ 0.82457209  0.1072238  -0.55550331]
2,-134.40672125106164,-45.978166732849616,51.47928457185239,0.22252938003965994,0.3774835975046962,0.6621823484429221,0.08720816118665198,213.6815657573579,213.67865068500626,1.1161478177634003,[ 0.41827381 -0.8424209   0.33966756],[0.18365787 0.44466411 0.87666619],[ 0.88955989  0.30430389 -0.34070858]
2,-312.6679590616245,-193.7683787465462,218.55239563062662,2.2328598218348077,3.496748250748098,3.919568252316637,1.2130508191476963,605.1531422512986,605.1017416172307,7.887196486374112,[-0.63853038  0.71807231 -0.27685939],[0.24137779 0.52845568 0.81392343],[-0.73076379 -0.45288713  0.51076171]
56,-431.18477481635455,-127.70106451522365,111.78999819873513,11.652107151904309,15.6982969165644,13.20010317825761,12.230639320999217,3471.453295423629,3469.553401109448,150.73081328539274,[-0.36626517  0.69213421 -0.62193252],[-0.00499374  0.66690604  0.74512509],[-0.93049712 -0.27601914  0.24080812]
4,-223.01854060688427,180.13807034324276,175.90456548298926,1.4581209006294613,4.206440697480037,1.6984230755092515,2.1173113634333824,672.7588280561555,672.7107953027102,8.524339026310487,[-0.42838359  0.30146868 -0.85182401],[ 0.61391841  0.7888154  -0.02957118],[ 0.66301711 -0.53561825 -0.52299274]
4,-182.12846795553162,-18.063195807794187,136.40011151988358,3.4748246310653004,1.4283044635821864,2.320467574093579,2.9688513489693276,456.5952986569848,456.5636613952325,6.537202515500346,[0.00859995 0.98974318 0.14259901],[-0.60267259  0.11892436 -0.78907715],[-0.79794222 -0.07915449  0.59751383]
169,-335.8180499864294,-166.32506941000432,150.74770903916777,22.03352942120841,19.78568446053378,19.370522848424645,22.7368645342776,5267.014526653558,5263.829964897306,350.5205302113008,[0.09072258 0.56249554 0.82180787],[-0.54837082  0.71705419 -0.43025892],[-0.8312995  -0.41162126  0.37350915]
13,-316.15577405747956,221.11611329401447,127.42064164339497,11.086554676556549,6.10922857794039,6.0571733137152295,9.849155287108822,1465.7444550000992,1465.461751223167,35.89731951284803,[ 0.46377878  0.83451656 -0.29747496],[0.42326617 0.08626269 0.90188941],[-0.77830264  0.54418825  0.31321582]
2,-96.27844334715837,44.60294886145058,72.2719866857121,2.7711086083559593,3.041863000373681,1.8581161709098808,0.024659231763820344,181.67325796124126,181.56102208113134,6.384976045893974,[ 0.23629504 -0.65415722  0.71850051],[0.61787868 0.67184364 0.40847529],[-0.74992706  0.34742546  0.56294312]
25,-413.3664110870408,-94.48353980097433,222.8774077963436,5.181326935337178,8.530579479055966,9.585425099219433,6.04254539543521,2395.810247873836,2395.7129467977425,62.37787198999272,[ 0.25732694 -0.96389446  0.06848593],[-0.4350261  -0.17883838 -0.88247897],[ 0.8628645   0.19729245 -0.46533918]
12,-254.04889347244702,-270.69430786549543,95.03745930388492,6.050433021797422,6.038609875900257,9.81390913001884,4.542698224613539,1328.0987964284375,1327.706131914153,42.143528891452654,[-0.74378161  0.58396349 -0.32523155],[-0.08495763  0.40002879  0.91255639],[-0.6630016  -0.70637356  0.2479219 ]
2,-329.0594967961305,-243.778272256236,144.9283017072326,2.46533497404522,1.5650866090426376,0.31543243347631744,1.0943884813626994,614.3628210787969,614.3507286105429,3.8546309282104767,[-0.25651072 -0.21409676 -0.94253107],[-0.600336    0.79953999 -0.0182342 ],[ 0.75749517  0.56115807 -0.33362057]
21,-243.70698308404786,-10.71378182054462,133.48030615336063,4.180235860684586,9.967504954183074,10.133775917093198,6.185422559880006,1275.4130719371021,1275.286185610611,61.89517096857599,[-0.47971803  0.16625302 -0.86152803],[0.04654003 0.98532391 0.16422795],[-0.87618756 -0.03868757  0.48041507]
6,-364.27047906559596,157.50388462972396,149.41145443103656,4.626088861721368,3.7160847879589802,2.639463287446182,3.791487692958233,1038.8290784100427,1038.779939147998,12.936945946611829,[-0.41632205 -0.10632965 -0.90297838],[-0.29787265 -0.92237777  0.24594947],[ 0.8590389  -0.37136675 -0.35233351]
10,-442.1878122524524,19.835660287047972,15.691954199588377,4.547635040600709,5.429927190906414,4.478339798939228,4.569197181088117,1400.7973472158687,1400.739469462913,22.252778450393457,[-0.05333372 -0.51073508 -0.85808227],[-0.02040817 -0.85856832  0.51229284],[ 0.99836818 -0.04483437 -0.03536747]
5,-401.5221732383111,72.25041500176977,229.52464800080025,1.2649940821450614,2.6400069251718286,7.0773084203494845,4.406265948127953,1046.8481996202468,1046.7650712074967,13.99053826215738,[ 0.01235778 -0.94739618  0.31982458],[0.51399848 0.28037477 0.81067598],[-0.85770207  0.15437119  0.49042501]
9,-322.25333797566896,225.47297489681472,80.15458563353415,5.174959604010497,5.127564136030781,5.51027597315333,6.583903218587382,1204.4504579724817,1204.3336735130363,19.02474788613502,[ 0.40780573  0.76176458 -0.50339767],[0.43494198 0.32268672 0.84065376],[ 0.80282001 -0.5617722  -0.1997299 ]
33,-200.11676387120988,40.727653603928495,143.84042217687573,5.623071240898311,10.903475193847294,8.559810631719824,8.762510302414801,1437.1031646906606,1436.230396369052,69.64728758967968,[ 0.48831951 -0.37833085  0.78639038],[-0.34692468 -0.91102892 -0.22286673],[-0.80074174  0.16398806  0.5761255 ]
3,-326.44264996285114,-179.9525017428554,268.3308474004324,2.0392035932467927,2.3317958319919323,2.3739461995203004,2.963625453997438,795.5456456981376,795.5338180396365,4.399888343195467,[ 0.68592365 -0.20179765  0.69913265],[-0.15602175  0.89764814  0.41217113],[ 0.71075028  0.39179782 -0.58423326]
93,-352.12897414042584,-266.0137186573987,164.92472653195048,17.107063424129475,9.821441598467272,29.54290315521686,10.032444160483742,4554.983070789079,4545.609035467212,329.42381984136324,[ 0.48076407 -0.82344064 -0.30134935],[ 0.45854496 -0.05683506  0.8868519 ],[ 0.74739711  0.56454875 -0.3502603 ]
15,-209.14440706301215,-241.0669951998844,359.714965724506,6.1637712905218205,4.370642186925725,5.086632735841818,4.714140423689892,1862.7517498512034,1862.5839965887565,30.197667849192825,[-0.53343099  0.81269002  0.23449161],[-0.72545246 -0.29702197 -0.62088378],[-0.43493689 -0.50131117  0.7480087 ]
6,-337.52142309085787,150.64657920854785,254.0409145528727,5.089185484861803,1.5550160461803588,3.1061285505011087,4.76090866391737,1098.6931517471608,1098.6627479058038,9.580467679932225,[ 0.12513202  0.91741159 -0.37775382],[0.64650053 0.21341555 0.73245537],[ 0.75258159 -0.33587166 -0.56640196]
115,-290.7503969780977,-245.97987344487098,158.0013964514931,15.865288744058155,22.33684070547443,23.07824179878462,24.890628603240454,4435.7500640368,4432.4108854385395,272.87080643440925,[-0.29586904  0.73863497  0.60570611],[-0.64559545  0.31272722 -0.69671242],[-0.70403695 -0.59717674  0.38433307]
9,-184.25332756383426,-39.46834278437241,149.02366206226895,7.612500459197823,4.885171894698057,7.154942927147489,3.0625179388229666,721.3989455998967,720.9306239726395,33.29230334780075,[-0.06359454  0.98137481  0.18127109],[-0.63838198  0.09961229 -0.76324691],[-0.76708812 -0.16425853  0.6201572 ]
6,-387.93594879756944,-31.318591421849153,93.86095882139068,1.9300239962528876,1.1133159239363535,2.579807673860787,2.3286194215639506,980.7004692866096,980.6882349075347,6.084691785827623,[ 0.09862145 -0.99217811  0.07652723],[-0.22664389 -0.09727597 -0.9691078 ],[ 0.9689718   0.07823039 -0.2344646 ]
31,-225.60671215501455,252.3254276707527,314.39841031039015,5.955763317811513,10.506987836454,7.268246394432269,7.2983361604225685,2573.20675085565,2572.5452843480502,67.34131877017991,[0.87045177 0.35990589 0.33582952],[ 0.06144788 -0.75633653  0.65129042],[-0.48840339  0.54628089  0.68046992]
3,-351.79255473973075,40.19669451790205,203.69429698588172,3.292044414034674,3.6251137819414905,3.2510855389438733,3.788164133990665,707.6005736774481,707.5584690494697,7.783768959140947,[-0.35031601  0.59592815 -0.72259832],[0.36827863 0.79698507 0.47873338],[ 0.86119077 -0.09840955 -0.49866423]
95,-140.5897123112595,-114.07845298180375,182.74700807060592,12.030094409445907,24.46832881489866,21.85316120743379,25.277992775205213,2528.4820970535466,2521.410253002582,233.80120617126687,[0.42697212 0.58259602 0.69157551],[-0.72369456  0.67871317 -0.12495843],[-0.5421817  -0.44713567  0.71141317]
2,-303.4680707487146,-257.0662888094904,87.7906789581867,2.458321712517858,0.04495793423507166,3.1615156963505058,1.1217946862551003,576.0194279128558,575.993765184637,5.437260475560226,[ 0.5164857  -0.75051168 -0.41227993],[ 0.42197045 -0.19587598  0.8851969 ],[ 0.74510635  0.63116148 -0.21552661]
22,-370.4896019978071,-165.53095866140268,43.707690038517676,7.623313141723101,8.078497612830414,8.607732538419137,8.23357345460283,1915.2022741487117,1914.9601373897558,53.35215955148338,[-0.24561727  0.72101937  0.64792224],[-0.34014565  0.56179188 -0.75411592],[-0.90772964 -0.40561182  0.10726581]
44,-301.90324687224023,89.8087744992917,303.08284878678,12.86696331015046,18.31743017486152,18.296513218883646,9.618970008726535,2903.7647198356367,2902.2523397347913,181.19527096048594,[ 0.20338619 -0.86486131  0.4589651 ],[0.69441892 0.45788068 0.55509246],[-0.69022925  0.20581591  0.69370267]
39,-275.22155424602454,-112.70179675504814,114.93410046757342,11.91810054524904,9.367940123688799,11.28611348623379,9.436770765226324,1994.010175405965,1992.6271390555478,102.85442292987739,[-0.44333817  0.87208779 -0.20715733],[0.24044823 0.3383469  0.9097835 ],[-0.86350212 -0.35353114  0.35969406]
5,-189.4958289132074,-167.2698991907158,110.04460836658946,2.0132983337290966,8.643501164872202,4.108188772448491,5.10643918811313,616.7991529388999,616.5624403760905,18.520551833894157,[-0.68229172  0.35095906 -0.64133123],[-0.24935753  0.71291654  0.65541653],[-0.68724001 -0.60710604  0.39890277]
14,-128.37316897007165,-13.690527675289616,118.22504464872479,5.162395489362361,12.008008556238149,7.086289287724544,7.293634058327266,657.2207044655186,655.6791669351106,48.73135567864912,[-0.66402647  0.29717335 -0.68611722],[0.14703372 0.9516065  0.26986323],[-0.73310977 -0.07831396  0.67558641]
6,-312.9381903922255,362.0432846577975,49.05067526814253,3.422609642288673,6.303443048268829,5.63521984931934,5.9742118310902415,1178.52017135203,1178.449884485393,16.850884558545843,[0.75948368 0.64568183 0.07924344],[ 0.00611908 -0.12889972  0.99163875],[-0.65049758  0.75264855  0.10184821]
19,-466.62923778360454,36.09198604942106,111.11620188008065,5.459815422079304,10.35865786978833,7.03389627171364,5.385090630782666,2097.455454144122,2097.063956782855,54.77779170926279,[0.24034256 0.43361122 0.86845654],[ 0.03494381 -0.89796634  0.43867457],[-0.97005896  0.07508499  0.23097156]
4,-336.31265381819105,198.90122449328243,192.96949005422837,3.1443602783260207,2.4365902773813612,6.05410694352339,3.596031826143366,871.6597854543644,871.6144784674342,12.578050094684906,[ 0.33166904  0.88303129 -0.33204124],[0.54262567 0.10935122 0.83282633],[ 0.77172083 -0.45639681 -0.44288703]
10,-352.0468814990969,-36.57185842104207,11.57010680714189,2.811774475668541,5.793878786493902,6.751023422502213,2.6745201626227457,1120.1003389324605,1120.036626772846,28.31454326560757,[ 0.10771778 -0.91148184  0.39698582],[-0.01112499  0.39817909  0.91724024],[ 0.99411927  0.10321955 -0.03275074]
53,-172.47834613008368,101.55142509029274,36.44706381743613,13.322825509501396,10.566126811711696,11.417589161504283,13.898687282727431,1487.6616947014618,1485.573006898851,108.2955740066117,[-0.23616236 -0.65953278  0.71361324],[0.47500253 0.56230846 0.67689127],[-0.84770274  0.49882434  0.18048365]
35,-320.67168363020045,148.82835279022834,320.26856857808394,12.452749557466277,12.14706341839745,7.449613214712797,6.223696630615951,2823.7376591643188,2822.9538919794127,105.62531298214189,[ 0.408551   -0.59988533  0.68791254],[0.61727485 0.73678309 0.27590297],[-0.67235247  0.31191068  0.6713076 ]
4,-264.90255194996405,111.82677138477523,302.3590098806044,2.308825053318712,3.9800593533935666,4.0971345859729125,4.1572600351878926,834.589344945685,834.5526118942838,9.094240713698206,[-0.74775125 -0.44922521 -0.4889425 ],[ 0.19448751 -0.85226935  0.48560434],[ 0.63485642 -0.26801804 -0.72465417]
2,-309.48803716154043,-29.051706905564714,64.021537907685,0.01493514677625285,1.127711998058114,1.9298786501915473,0.4779547440437284,448.84429488478213,448.8336720850172,3.0880176969619897,[0.0232778  0.86324358 0.50425061],[ 0.22030461 -0.49641754  0.83966393],[ 0.97515333  0.09154321 -0.20173205]
8,-343.2161246964851,-206.34122309761295,271.79138730279453,7.389546152415022,6.755270073945648,5.322655107317992,4.866096769890951,1369.227382965504,1369.0699063249563,28.881653656987453,[-0.48888635  0.87122857  0.04416923],[-0.50797668 -0.24315563 -0.82633833],[-0.70918956 -0.42642247  0.56143926]
50,-241.59906944069394,-24.73063175514782,32.28917935108847,8.544493289880862,10.754975313260937,19.89631073265493,9.76905237600723,1739.982514484777,1734.60803790185,156.46235536384464,[-0.0446748   0.92583071  0.37528876],[-0.16147183  0.36403214 -0.91728264],[-0.98586562 -0.10157798  0.13323251]
5,-359.2898495814274,-141.93787894415132,41.035555120477724,3.6871778946327134,1.8853372857806803,5.378838479884424,3.189220035934196,868.7862573503659,868.7265362494521,13.424001591492784,[ 0.34703919 -0.92438454 -0.15835726],[ 0.1555307  -0.10978748  0.98171122],[ 0.92486432  0.36532168 -0.10566962]
8,-197.63108790122646,7.342814307165556,166.54800146405924,6.8659539935681275,4.512194076883003,6.011262267196067,3.509194983792219,731.8094894606176,731.4285232080168,26.99222795960961,[ 0.22789582 -0.92269771  0.31095408],[0.60303521 0.38448922 0.6989396 ],[-0.76446846  0.02823085  0.6440427 ]
21,-465.19600791626135,64.0858881844376,28.62781773320533,10.1960882474885,5.177085590815574,7.2830182100042515,10.111541693171302,2156.700055747367,2156.5408660651237,41.46170328966932,[-0.12854244 -0.98486246  0.1162875 ],[0.07562587 0.10718401 0.99135882],[ 0.98881625 -0.13622602 -0.06070338]
4,-248.46209750697773,189.75083000272045,366.82587347554977,4.659280137711349,2.515379855555658,3.042232285674384,4.2782066600183954,964.0249282131279,963.9910540755571,8.695847576336456,[-0.63466947  0.42131568 -0.64783312],[-0.57567436 -0.81702789  0.03262612],[ 0.51555184 -0.39364772 -0.76108329]
6,-129.71517514716075,147.0335043551909,112.52809256779217,1.7364025124431035,4.869799486729997,4.445994205692327,4.901978434944376,553.9510743804,553.9415988891562,11.587548309705168,[-0.52160938  0.17861442 -0.83427846],[ 0.6316174   0.73821393 -0.23685366],[ 0.5735705  -0.65048988 -0.49787528]
8,-202.5920139571408,-210.82612792714662,320.5261588741434,6.548714195249847,2.423061625215947,8.569726938973078,8.500336740008532,1227.4612624362223,1227.41344312708,20.035575049738714,[ 0.87723448 -0.35949779  0.31815249],[0.11107676 0.79674645 0.59401772],[ 0.46703492  0.48575348 -0.73886531]
2,-392.39359529992555,18.0954713085993,21.80697346139914,0.8434315204318636,1.5433479393003555,0.7964528782996148,0.9563669490109987,556.3801783719601,556.3751225150463,2.3719046316074976,[-0.02916422  0.44576387 -0.89467537],[0.06587031 0.89396762 0.44326403],[ 0.9974019  -0.0460051  -0.05543448]
2,-130.64533241271658,40.25461800105496,142.52974420095396,0.999400977496137,0.014307557048027775,1.628607626290659,1.8335605270722368,279.3099228579245,279.3088868178983,0.7607571532462096,[-0.63625986 -0.66193106 -0.39625833],[ 0.39696122 -0.72132426  0.56755009],[ 0.66150978 -0.20381015 -0.72171063]
14,-217.11364807446833,-199.973049719099,186.10477912101513,4.323009553881061,7.840115606417141,7.353426109650758,5.807924823312723,1306.1543033240143,1306.0127340505846,37.43467598342642,[0.07427591 0.63499927 0.76893368],[-0.77950117  0.51788496 -0.35238203],[-0.62198152 -0.57321121  0.53344906]
37,-395.0573621241291,59.37540956180781,266.9314359696897,8.692866525827,12.79965492838244,7.406131881074491,7.572901826756598,2924.1580099225366,2923.1900204934554,93.79493978596203,[ 0.48115453 -0.37056499  0.79446328],[-0.30393352 -0.92056851 -0.24531212],[-0.82226197  0.12343098  0.55556283]
6,-304.49695510611053,-30.570089892077892,125.96121235078688,6.782849317202338,3.218191616559218,8.70400975811731,4.856530015438028,811.0845368673673,810.7421038394955,25.58193022561354,[-0.1349125   0.98706688 -0.08658864],[-0.36754213 -0.1310054  -0.9207336 ],[-0.92016923 -0.0923935   0.38046293]
4,-172.08584710276554,-22.56216438606882,85.36387192399461,3.2827004823161294,1.8920359731229914,4.692072076159383,4.531315543318367,387.01142090622466,386.94568978011984,7.925293057629996,[-0.0182784   0.97507649  0.22111478],[-0.45638925  0.18863091 -0.86955577],[-0.88959246 -0.1168085   0.44156656]
3,-313.7240324905029,-97.34132075908184,43.75111486302587,1.4462848427221764,2.4668638615010074,3.723475629354194,2.1521162415834048,574.0144844395933,573.9869481905266,7.222989262499322,[ 0.21398461 -0.88014623 -0.42373719],[-0.24074085  0.3728888  -0.89610144],[ 0.94670715  0.29376277 -0.13209469]
8,-419.4570843141313,-225.74164684880446,9.854480206692562,7.453877923548478,7.182899308733282,4.089937644441939,8.697368386109316,1347.9116449796563,1347.8655320731132,19.625885182382117,[-0.13011775  0.19945435 -0.9712298 ],[-0.45610417  0.85771908  0.23724874],[ 0.88036263  0.47385224 -0.02063252]
13,-282.83882503207127,-201.17035035671086,235.38276128259727,6.683491319613524,7.376277580774459,6.362273829430442,4.304097863262249,1512.5799714194795,1512.2281564421473,39.718376259532924,[0.05360937 0.72632402 0.68525868],[-0.73645769  0.49219893 -0.46408003],[-0.67435606 -0.47978499  0.56129339]
19,-404.2398931832573,208.98304904204534,81.28138727564173,10.792661138166313,8.822016040629068,3.7481968941095527,12.606598455644576,2015.9320104149333,2015.7451274911589,30.743952099304256,[ 0.15705376 -0.07920887  0.98440849],[ 0.45901801  0.88842524 -0.00174658],[-0.874435    0.45213554  0.17588883]
7,-300.39919656560835,78.72999530836911,67.3347547316425,4.489399901494106,6.151055655641891,5.681589485095852,3.9387237591297906,840.951336173704,840.9212891242589,22.9095180775926,[ 0.0847115   0.81409765 -0.5745163 ],[0.31479051 0.52519221 0.79062006],[ 0.94537342 -0.24782689 -0.21178039]
19,-409.9702326542909,140.29239983484004,222.44791475200773,7.4640197910464,10.541321346203619,8.331697317407535,3.3569073707255197,2123.8730358901853,2123.441646402361,65.42203192297079,[ 0.22536387 -0.58124819  0.7818962 ],[0.49063803 0.76105744 0.42434172],[-0.84171578  0.28799672  0.45669732]
10,-186.36368328736614,208.03920126918212,246.75822712791518,3.0052833195651267,3.111240131108974,2.625340582098316,3.4065309384152704,1178.6516932227491,1178.6346032643037,11.824742854015609,[-0.31323827  0.59618285 -0.73922107],[0.80736588 0.57703246 0.12326348],[ 0.50004212 -0.55821103 -0.66208634]
20,-191.64327999834262,-73.78465352574662,230.8930440002689,8.972886497928505,10.449327704833461,12.31948725796969,13.498037298473749,1384.0381305554324,1383.5732091133245,56.02900850334492,[-0.61623499 -0.44142267 -0.65222731],[-0.4857625   0.86490284 -0.12640359],[-0.61991067 -0.23893325  0.74740997]
19,-445.2566266000375,127.88612974561353,74.07990297635335,10.480886543267047,6.1781112080459755,8.212902084953633,10.122287660457953,2045.7409922993127,2045.6378251983888,46.38455591080615,[-0.30209641 -0.64567673 -0.70131256],[-0.08899429 -0.71337059  0.69511324],[ 0.9491142  -0.27240403 -0.15804516]
2,-264.42370496518964,-221.72813341399694,100.56290180442491,1.2912508136022893,4.115958540458863,0.508869224988139,1.4466427819833143,508.3601587562854,508.32716125138296,5.79207603767707,[-0.35780919  0.00319615 -0.93378925],[-0.57516923  0.78702765  0.22308705],[ 0.73563098  0.61690944 -0.2797674 ]
5,-335.16638152151836,228.56040363036726,198.9934433842852,4.598876749071032,2.2604396259395414,3.3967642033786056,2.68876844213192,1010.4612052118828,1010.4160838053039,12.36859590996306,[ 0.1746199   0.77965702 -0.60136745],[0.64751599 0.36918161 0.66665432],[ 0.74177553 -0.50580615 -0.44037393]
4,-363.2953781348758,-93.76892623714126,221.10556857178855,2.8447055754452366,10.280593465465458,4.0892875753024365,3.001754151757113,871.2838496383134,871.0519493907476,22.079915347990337,[-0.53976     0.12998181 -0.83172343],[-0.11309379  0.96785433  0.22465036],[-0.83418759 -0.21532003  0.50770892]
40,-252.36064123767028,-251.50227346292178,15.967515099935957,7.303907312099162,9.726206754264295,9.320161025067875,6.731120834578761,2257.1048263215876,2256.5869111428347,87.2817717234027,[-0.37970265  0.43293158  0.81755498],[-0.59607515  0.56134479 -0.57409619],[-0.7074746  -0.70531006  0.04491565]
12,-362.4684511339438,207.75221664286775,3.464010891710489,8.191322149289231,6.627051943822913,2.7113315058294347,9.737915482163341,1447.767980836332,1447.7133591402376,16.952047529220955,[ 0.17742052  0.3250959  -0.92888891],[0.46464864 0.80436676 0.37026445],[ 0.86753882 -0.49729948 -0.00834421]
3,-163.74904345848896,159.44141316742463,95.59592279750102,3.0132465631066556,2.038208629232395,3.7422706516799895,2.1124411262385374,429.18317878366923,429.1156420917489,8.267981985915362,[0.66757112 0.2694465  0.69408025],[-0.34262755 -0.7164712   0.60768033],[-0.66102584  0.64348085  0.38597568]
9,-186.86365678259665,-175.0405983746859,242.76309907833956,5.611083317002609,6.510805575006265,4.486683412900506,4.471045133851976,1058.8104720504896,1058.670618383576,25.881877833972716,[-0.67459979 -0.24537217 -0.69620947],[-0.51420835  0.83287707  0.20470848],[-0.52962713 -0.49609302  0.68803111]
28,-280.4062070758246,62.02563294399863,163.6600564585738,9.576366078222748,8.20513544908812,5.741614671835994,8.855820997958254,1750.4316970979432,1749.8891717923548,56.18644459796075,[ 0.41174643 -0.35418774  0.83965226],[-0.33261428 -0.91622506 -0.22338169],[-0.8484295   0.18730372  0.4950603 ]
13,-358.9180003548342,-104.06336144286152,259.56842438446347,12.152846876674136,6.568276424599361,4.9261431960240065,8.712456663361488,1641.3230883692672,1640.8983483636314,42.51894126820932,[0.26363395 0.71257242 0.65018281],[-0.5549353   0.66335817 -0.50199875],[-0.78901454 -0.22846548  0.57031533]
9,-404.00893821165505,-81.21601182417211,88.17952899385429,3.9078270321143647,5.97825460414372,7.496747337472524,3.06446487268991,1264.566017387416,1264.3696550848185,29.66536089826759,[-0.27841558  0.78608728 -0.5518619 ],[0.05815694 0.58732381 0.80725988],[-0.95869836 -0.19265912  0.20923653]
38,-381.60389835423285,223.62332474688984,138.6903789856582,8.127886711153401,19.054436567499888,9.745395969965177,10.979728762549916,2860.510654726196,2858.62128672834,123.5123000534128,[0.49624515 0.3557445  0.79195114],[-0.27617114 -0.8001285   0.5324696 ],[-0.82308581  0.48294951  0.29881352]
14,-249.69266011475267,-276.3217644134606,149.31169425579142,6.8512532115820095,9.281431385824705,11.442797525440714,12.202899012771972,1502.4974288766603,1502.047500716573,39.78540184295886,[-0.47065708  0.70908598  0.52505141],[-0.62574789  0.15127261 -0.76521643],[-0.62203014 -0.68870434  0.37251153]
6,-268.7228062335874,33.47680224933052,198.99546808494594,7.787090853085343,5.434152756347556,4.135007439331889,4.947702734781437,823.4699418350758,823.331003351649,22.194351103051442,[ 0.24940441 -0.84196498  0.47842701],[0.546026   0.53028267 0.64857991],[-0.79978313  0.0994749   0.59198961]
3,-227.66923914688536,-69.05103254392876,277.5099361596784,1.2798411642218062,2.9237864898750416,0.813012240258221,1.5622598072969756,633.1433001988485,633.1255376360562,5.025272486678633,[ 0.77189171 -0.30650233  0.55699148],[0.12745723 0.9329307  0.33674169],[ 0.62284656  0.18893553 -0.75918741]
2,-344.8578624245508,238.62261986296218,217.9128447555819,2.414792844752128,2.983713950765832,0.18742189067113202,0.3419676867442263,668.3838370220402,668.3619152121204,5.41330641025187,[-0.38413682  0.25515443 -0.88731906],[ 0.56566238  0.82460036 -0.00776645],[ 0.72970198 -0.50490639 -0.46109062]
5,-258.78824200211136,163.90701014936184,82.40097115164802,5.048041329419742,1.3169584407707375,6.792813358727929,1.8506088960424574,709.5729544535435,709.3357697263875,18.71909318853585,[-0.38554238 -0.82071226  0.4216497 ],[0.43094351 0.24390789 0.86879033],[-0.81587056  0.51666269  0.25964379]
22,-346.71426713893146,3.8464672906738655,303.5003096374549,4.674447133966198,6.731850397898154,8.549662569158947,7.277771649179633,2161.8838384721657,2161.8010389631527,43.80540873182086,[-0.50939859  0.62669909 -0.58971292],[-0.41774165 -0.77921676 -0.46723993],[ 0.75233303 -0.00833628 -0.65873023]
6,-146.09185635257506,99.19700592112004,101.53524649840523,6.812800212010833,2.682336508356476,8.85054342046537,4.154860956170523,499.71431264130837,499.0934026273297,26.11646654508277,[-0.42275638 -0.87270493  0.2442604 ],[ 0.55392133 -0.0355163   0.83181113],[-0.71725045  0.48695451  0.49842462]
3,-465.3860792506777,119.97572560797467,10.055399837910443,3.715844953011286,1.911408798609916,3.6723817735278446,3.98729244220753,832.6650690099657,832.6382067439826,6.716780498833017,[-0.24714349 -0.93844668 -0.24132536],[-0.04066402 -0.23878702  0.97022018],[ 0.96812527 -0.24959686 -0.02085365]
21,-468.42829768048443,19.632921805420636,63.96767574932536,7.013001355965498,10.861618321996067,5.854350700735548,7.594766570275023,2169.2669596650394,2168.7834135260764,54.95104819217879,[ 0.12207859 -0.2328956   0.96480903],[-0.0716269  -0.97161242 -0.22547483],[-0.98993253  0.04158063  0.13529466]
10,-355.5459169600834,254.10600465158763,209.8157683068428,5.502357876793122,6.114213655987042,2.703792939753675,5.186992577108552,1533.220703715601,1533.0891367351721,21.902497751743503,[ 0.3194357  -0.29625466  0.90010777],[0.60004023 0.79841583 0.04983863],[-0.73342522  0.52418064  0.43280724]
3,-383.635726623838,-111.88222832025362,188.43233897879193,3.1035516999304886,5.363850497208049,1.0981500848726782,1.4657516619732633,765.3217788355543,765.2529728690399,10.612081951232781,[-0.33340939 -0.33861848 -0.87987255],[-0.36721683  0.90621044 -0.20960543],[ 0.86832596  0.25321959 -0.42648548]
5,-233.60897444973162,-262.9236182393105,245.80597664309585,5.24799145046908,3.3900677899652454,9.768126149956661,1.595720474477632,959.8173032556813,959.5105416810109,25.697638945796605,[-0.68449748  0.71926836  0.11881169],[0.48487046 0.32747251 0.81096387],[-0.54439309 -0.61271101  0.57290609]
35,-440.4342371550778,-69.25001187910298,100.81524209232595,9.52747587902859,11.10917521195305,15.691289053566784,8.159192851689193,2706.712262587902,2705.1947173775015,117.34606146004577,[-0.21899048  0.92029552 -0.32419025],[0.15347788 0.3606084  0.92000333],[-0.96358067 -0.15171594  0.22021481]
25,-375.59640863231056,-1.935112470375483,115.82206315499513,12.066656485671077,7.912459978552618,11.68705975548315,14.109378617563856,1967.193200081793,1966.7908686179076,60.68261369178451,[-0.17450676  0.81500394 -0.55255404],[-0.23806495 -0.5794381  -0.77947198],[-0.9554436  -0.00447938  0.29513974]
2,-205.8913964196563,-15.748752772191335,48.034041326398665,0.9463903000083462,1.0292878768989544,1.1017815959710866,1.2451621418007761,299.8323814082813,299.8269834424085,1.7991500178610664,[-0.11897354 -0.67251413 -0.73045879],[-0.20666696  0.73634415 -0.64427173],[ 0.9711509   0.07431041 -0.22659192]
5,-292.20061537451045,113.30385762445626,163.2201796380681,2.5733283389034254,2.5666659860396757,7.854289020368219,3.2075101156787467,790.3414521883807,790.1803647492884,17.952292247029742,[0.44042272 0.88004579 0.17761542],[ 0.34968896 -0.35036624  0.86888499],[-0.82688902  0.32056654  0.46205155]
28,-207.00874356707791,127.27201305490652,246.2087861945447,10.007904729476985,8.541981524609705,9.303083793856873,12.039960685119869,1832.1793854169023,1831.9085650159457,57.15045312528083,[ 0.51491817 -0.50392152  0.69348568],[0.61374952 0.78149339 0.11215886],[-0.59847374  0.36787386  0.71168673]
2,-180.07381032112966,183.08797646785237,233.21308827251414,2.4392519740537466,4.9582890135914965,0.7368992774949845,0.8552033314468019,490.64693300365565,490.5850804375708,7.7904889420346795,[ 0.67571422 -0.22824747  0.70093751],[-0.52341656 -0.81811133  0.2381784 ],[-0.5190813   0.52782283  0.67227796]
13,-276.46088198055446,47.77325988871686,286.386734289123,5.250624955225561,9.304487399601946,9.165723056034302,7.873137463507792,1446.3755942141502,1445.8201016324867,41.72227410575921,[0.65940701 0.51112556 0.55130124],[ 0.29960934 -0.85123852  0.43084479],[-0.68950463  0.11892707  0.71445064]
4,-199.19651548341923,98.21724278269166,199.8453855229459,4.356619024267474,3.7158758569791175,4.958835156456008,3.213590266672213,597.7195780114099,597.5904672490869,13.726477643190384,[ 0.17661693 -0.80226978  0.5702365 ],[0.72414274 0.49829953 0.47677549],[-0.66665115  0.328726    0.66896597]
5,-255.4175945640483,291.4605099436109,74.30274621504259,2.7609345149640157,5.202732277553932,4.304341642044309,4.848994159176446,882.4826664380654,882.4347175843416,12.175536091270667,[-0.57149687 -0.63366562  0.5214012 ],[0.50446053 0.2298573  0.83227711],[ 0.64723326 -0.73867009 -0.18829656]
14,-236.184576984745,184.65799367979045,257.88566864790795,11.317215043057603,4.958574998079429,5.246796625599819,9.066819250374468,1480.492074487612,1480.0917159757014,36.68962823941556,[ 0.38450809 -0.5468333   0.743725  ],[0.70364626 0.69511396 0.14730416],[-0.59752445  0.46667967  0.65205415]
