N,MEAN_X,MEAN_Y,MEAN_Z,SIGMA_X,SIGMA_Y,SIGMA_Z,SIGMA_R,LAMBDA_1,LAMBDA_2,LAMBDA_3,EIGEN_1,EIGEN_2,EIGEN_3
50,-278.7743373784064,-113.44730601710737,110.16119442969796,15.127792553256935,8.661983666221891,11.722313167032544,11.918737769490141,2270.3861742520803,2268.5806061403223,122.91883831652962,[-0.33442801  0.93518085  0.11659623],[-0.36161008 -0.01308533 -0.93223759],[-0.87028504 -0.35392873  0.34254693]
45,-437.82792893106773,130.11791342082049,66.15486476163449,14.132792927947312,8.79967838108655,13.614985874582953,15.898525158046567,3098.957860260948,3098.1670027327687,97.41038876476235,[0.31222516 0.90808817 0.27909016],[ 0.05195753 -0.30965952  0.94942688],[-0.94858624  0.28193413  0.14386551]
3,-318.86323231496345,290.8867891257324,74.70544675340945,6.740847284835589,2.2701607940366286,0.10998546633170536,5.3158979378159295,758.7888857515707,758.745829738597,8.158058408149822,[ 0.01303584 -0.23528646  0.97183864],[-0.68543079 -0.70974196 -0.1626376 ],[ 0.72802109 -0.66400801 -0.17052467]
168,-137.29779026383778,111.5296632606285,163.0308547060346,21.80947000124561,20.943774345453456,24.925912987170122,34.072851222422585,3156.1639351159192,3151.8655661235134,253.34826276423556,[-0.51529022 -0.84441518  0.14642061],[ 0.63985553 -0.26540393  0.72121124],[-0.57014112  0.46532114  0.67706377]
6,-283.11874119410203,282.86484493613733,247.94640064564973,4.909804679742291,3.6203213439391235,1.7887286291881004,4.892828961143144,1153.2891487512184,1153.2841538682856,9.933067218124574,[-0.48513048  0.24909282 -0.83821309],[ 0.63479343  0.75958309 -0.14167155],[ 0.60140312 -0.60082135 -0.5266194 ]
2,-272.8299972842781,14.032508044042798,227.67983903351535,3.699535658913504,1.9092852410570966,1.0659551501646405,3.5959066786558083,502.9705677215681,502.9595599640151,3.3276170093150275,[-0.50159356 -0.6590182  -0.56044528],[ 0.39975052 -0.75108859  0.5254193 ],[ 0.76720494 -0.03950865 -0.64018407]
348,-323.5085434165903,-209.93558741818285,159.32856902387502,28.44077274397915,46.999371730490594,22.76426655535428,29.937617580519838,7854.6267096381325,7813.144984907045,951.6519979153577,[0.24993136 0.31071569 0.91705511],[-0.58267099  0.80469466 -0.11384649],[-0.77332324 -0.50588761  0.38216345]
2,-339.6514901118618,-152.26660443979267,110.0146877847234,2.887919642803837,0.1350070261070755,0.9502254664560539,2.7435098878393944,548.9275841609712,548.9244248728737,1.8623723540077506,[-0.31211993  0.00984429 -0.94999171],[-0.36987017  0.91979419  0.13105227],[ 0.87508697  0.39227762 -0.28344499]
392,-382.8060424413182,98.75044105988788,168.76554191570295,27.440665014223413,32.13706405494706,44.10409269966688,29.36693736217967,8587.795769140152,8538.628204915633,1062.739325595477,[ 0.00526998 -0.85678895  0.51564031],[0.45749547 0.46058398 0.76063151],[-0.88919634  0.23189459  0.39440433]
17,-465.9145995652906,39.12674400158043,108.97155272851872,6.70530829730387,11.109394440807451,8.151933496147196,6.117248020335841,1980.236694143779,1979.8159550645432,58.03185206995755,[0.23929164 0.44030672 0.86537247],[ 0.02951747 -0.89415271  0.44678814],[-0.97049896  0.08136906  0.22696001]
4,-361.27195656808414,10.874581245076387,142.67129105966538,4.401587426754035,1.9878120898132474,1.9277288226396927,4.829406288209886,777.2199585648256,777.211052645355,3.8328855045394676,[-0.36597455  0.04004114 -0.92976305],[-0.04076319 -0.9988048  -0.02696923],[ 0.92973168 -0.02803006 -0.36716934]
176,-252.7613331754677,-220.0685876032905,318.8509340056193,15.827307722915494,29.032348650939106,19.328849454983516,19.79611916178352,6155.410718483348,6144.812405502037,437.13217720364776,[-0.79099802  0.02239794 -0.61140859],[-0.27558382  0.87916794  0.38873808],[-0.54623777 -0.47598536  0.68924759]
26,-293.7771857233848,-161.61859175107276,277.6149813022897,7.580735909325512,9.910689633737116,5.295273458293846,9.11831628133749,2220.586480547036,2220.294152121874,51.175578418463346,[-0.56972224 -0.28695217 -0.77011364],[-0.46903925  0.88299433  0.01797781],[-0.6748472  -0.37145588  0.63765334]
47,-371.3443445999306,-293.00642753508856,11.859091376380615,16.60680843018185,31.81789743816791,12.877487061221142,12.995079117769551,3253.5039539353156,3246.047625694187,245.40747905689855,[-0.09788985  0.16394576  0.98160041],[-0.612938    0.76713182 -0.18925055],[-0.78404374 -0.6201859   0.02539417]
27,-384.5137598090436,239.9750496680667,126.91161843686571,7.547668712080708,11.131147523738868,7.144054937006591,6.973469009838981,2446.9123704175868,2446.151293901702,70.27867905768966,[-0.05846834 -0.53814361  0.84082276],[0.5738897  0.67105693 0.46939664],[-0.81684274  0.50998436  0.26959948]
7,-282.62640877588217,-186.0251649200035,112.56590820707709,5.558460852015419,5.412642012055474,5.828409423933566,4.677162217591538,943.7766249740084,943.5314859145036,22.586795267309935,[-0.15520551  0.6732762   0.72291798],[-0.58971886  0.52394996 -0.61457961],[-0.79255468 -0.52170451  0.31572375]
4,-345.65581635686556,-232.90859498009956,108.37402364457162,4.376052465420677,4.285935012746396,4.903578819624108,6.179762623823055,861.4573288864526,861.4201361979759,9.665439364313205,[ 0.29116557 -0.72346307 -0.6259583 ],[-0.52066295  0.42908084 -0.7381055 ],[ 0.80257879  0.5408242  -0.25174685]
25,-254.47193697712905,148.87143739383822,223.4234464171638,5.042809037897819,10.011428566418138,13.580565445465623,11.301730667767956,1851.4650733032656,1850.6408952734812,67.41867466230563,[ 0.05777661 -0.79927908  0.59817624],[0.72406239 0.44605866 0.5260849 ],[-0.68731035  0.40272152  0.60449968]
142,-211.36133266644538,-117.44943001139895,149.6276756193812,14.152120556642974,20.5144379227301,21.752610096428388,22.17656980723383,3405.888388384444,3403.7725130904646,297.0899956347986,[-0.56122182 -0.04826265 -0.8262571 ],[-0.36726038  0.90915685  0.19635077],[-0.74172089 -0.41364783  0.52796362]
268,-335.02426698155654,-47.84216948074786,218.5985566768213,19.628481281758273,33.20088682457195,30.502918763970335,21.76838902857593,6638.118086724276,6611.325737262866,723.1168338098113,[-0.48668978  0.62816383 -0.60707764],[0.26913474 0.76895141 0.57989673],[-0.83108336 -0.11884413  0.5433015 ]
38,-339.3472761074023,161.94566437547385,176.7759928439593,12.494401166170622,10.087081253336267,9.780196466288768,15.50901734272171,2563.6293913348472,2563.2951224506223,65.39366910173554,[0.56063825 0.36107301 0.74519194],[-0.1368222  -0.84716109  0.51341774],[-0.81667891  0.38980043  0.4255481 ]
33,-376.4783737046274,1.4267602534655346,121.57776661276111,12.53948371510216,8.753346297960828,12.792316549554439,14.699718728400773,2275.4353613511653,2274.394183822591,77.61724330765976,[ 0.18977393 -0.7792578   0.59727978],[0.24236296 0.62668938 0.74062178],[-0.95144419  0.00420779  0.30779253]
22,-194.49549526880293,-66.60946889933886,219.03444759568222,8.399100974578818,9.054949763454937,11.40368300462044,6.967965155712923,1410.4941884626207,1410.10028728597,71.96423765920265,[-0.10133119  0.97335594  0.20569446],[-0.75557386  0.05920573 -0.65238242],[-0.64717859 -0.22152404  0.72944292]
60,-246.87810545843524,26.38256188692647,15.171178019091018,13.984845637773804,17.156568556227903,7.489780844094305,13.24433688746915,1934.5423743575504,1930.2214570286958,149.37796766154293,[0.07292925 0.10810993 0.99146032],[-0.09651618 -0.98867652  0.11490586],[ 0.99265601 -0.10407196 -0.06166908]
75,-204.03635608851283,-152.0415766824196,77.96460446673139,9.01176798744042,13.567219626680624,16.5959801333366,14.457165621447837,2311.7925365052524,2309.9352587202447,157.52410325891677,[-0.49673031  0.8165797   0.29403504],[ 0.40860826 -0.07886177  0.90929649],[-0.76570118 -0.57182027  0.29448818]
76,-217.442486180846,146.10317055235123,283.04540994514394,12.729761592203216,18.1991429376733,29.42402893264259,32.48437553713822,3376.9812323767446,3374.764779706975,149.42661588411943,[ 0.16125807 -0.82113243  0.54748275],[0.8114106  0.42609317 0.40007181],[-0.56179059  0.3797185   0.73498653]
5,-152.07268471768495,-14.811694687016479,147.87724516371424,2.5551433152868626,2.60064148094025,1.0701301826808023,2.0096246236350854,475.5277076040035,475.4968574780433,7.2238694448657395,[ 0.63489142 -0.48071444  0.60483594],[0.29216279 0.8741062  0.38804543],[ 0.71522988  0.06965616 -0.6954094 ]
175,-238.9719460041024,158.76925968775222,37.38047190320333,22.060430846473405,40.67116263261938,19.358254081542228,26.46963518589838,3879.1615247189065,3850.09370388488,555.6303914973872,[-0.00931774 -0.24570388  0.96930015],[0.56910251 0.79573813 0.20717906],[-0.82221379  0.55356159  0.13241621]
7,-316.48506985291357,359.29474248286857,57.020193760057396,2.0236804891710567,4.549599874475633,6.004508397675643,3.025306431675793,1275.8868242822512,1275.8120048045478,19.073816300023864,[-0.74682048 -0.61937383 -0.24214714],[-0.10721228 -0.2472202   0.96300971],[ 0.65632667 -0.74515652 -0.11822463]
8,-202.1450609231219,59.100616862763225,208.1212092183802,2.794245569385825,7.505664392568858,5.94730062630424,6.458229086535818,837.9072023626821,837.7077338729284,21.647739502219927,[ 0.60190476 -0.39180491  0.6958445 ],[-0.41457934 -0.89805347 -0.14705079],[-0.68252079  0.19997219  0.70297688]
98,-141.00201579766644,-117.9942440792585,185.3885026488498,13.017537477667066,23.58028542853445,22.391501309496864,26.71972817791949,2605.975794532148,2600.447301828078,221.2658929743571,[0.48595309 0.52221049 0.70081795],[ 0.68987502 -0.72149927  0.05925588],[ 0.53658369  0.45468121 -0.71087477]
7,-410.0075069968624,-43.632550626630426,244.77497108870097,2.45791412306851,2.9575547614598916,6.228201520810144,3.323302886146966,1268.7759868253552,1268.702660424597,17.24948015748608,[ 0.15939833 -0.98294032  0.09176333],[-0.49346024 -0.15983708 -0.85495562],[ 0.85503752  0.09099694 -0.51051972]
11,-390.7657971924921,-221.9710239453343,102.73346177111962,8.255646112571274,11.22777490326996,6.597723773187143,10.92717270048416,1529.6294340792188,1529.596676981512,36.17793004429273,[ 0.45079105 -0.43207528  0.78108794],[-0.28007928  0.76238576  0.58337256],[ 0.84755119  0.48174568 -0.22266135]
9,-318.42088363625044,-43.55189993265895,286.0288329746396,5.804297329946952,4.240539292387756,7.198496422673337,7.073068912353452,1291.035001585613,1290.9051597958392,21.805679015722326,[-0.45583458  0.80232011 -0.38535344],[-0.49445553 -0.58826201 -0.63989182],[-0.74008686 -0.10114468  0.66486178]
26,-236.4219784111195,-45.90607268531308,264.9312324357523,10.700815582354778,8.41426040765561,6.6623961169427695,7.886067814895762,1826.9126960179874,1826.4537424889234,65.93386664224236,[0.27989465 0.87216737 0.40122695],[-0.69671916  0.47206642 -0.54012563],[-0.66048572 -0.12836423  0.73978459]
70,-433.9678673920645,-131.83099288468324,109.03325019968592,15.399291840441611,15.779584220747159,13.264720011881597,15.311906431747978,3907.563161882224,3906.0734815774076,172.16273183563615,[-0.36632161  0.74500288 -0.55747573],[0.01588598 0.60404178 0.79679431],[-0.93035268 -0.28302692  0.23310866]
43,-137.60665767481825,-109.32251059094497,26.498686729447375,15.121974486469869,19.00189024311026,16.74182392906027,10.292809601264716,1179.6715840086704,1169.5223762821042,179.12331593228902,[-0.24466415  0.50901098  0.82525588],[-0.58570725  0.60070286 -0.54415355],[-0.77271371 -0.61649322  0.15116096]
4,-210.20776337637713,-61.21711367654044,181.30558641572867,4.686275373921641,3.884638021362636,5.355507363925492,6.101906107363319,568.7609881995962,568.6617360717528,10.633356369039078,[-0.67271066  0.20112743 -0.71204503],[-0.02478433  0.95568042  0.29336098],[-0.73949044 -0.21499462  0.6379116 ]
16,-147.76850564256603,-140.5820459405094,8.828170373027984,7.568427750244702,7.5243060291528625,4.6042590567015385,5.083477393147622,817.8100758488629,816.9631389432137,41.68823117879761,[-0.20688253  0.2763927   0.93851302],[-0.6582235   0.67038642 -0.34252572],[-0.72383799 -0.68861392  0.04323694]
67,-368.5842822294464,160.50867439159612,36.56695288360062,11.84094914367746,18.22363542433296,15.011076712619472,15.026356160671495,3310.3760531021367,3307.5085095612367,176.6110210552552,[-0.21374658 -0.65461921  0.72511109],[0.34820652 0.64245643 0.68264336],[-0.91272374  0.39840109  0.09061981]
10,-315.8148281854933,171.21520224887018,92.06389397549188,8.162450784392787,7.101042242920865,4.274408336038088,5.58917513870002,1173.27024202399,1172.9024369810206,32.1164607324426,[0.30364158 0.04834932 0.95155879],[ 0.4270818   0.8858523  -0.18129216],[-0.85170589  0.46144128  0.24833248]
4,-245.70153292476977,282.1198266885938,177.13617546234343,1.3026990955425926,1.9246065011734492,4.941538331072769,2.3868300874739483,827.9251797470931,827.8810021930934,9.798920172448916,[-0.61155419 -0.72766162  0.31066065],[ 0.5231669  -0.07734803  0.84871295],[ 0.59354685 -0.68156133 -0.42799099]
116,-219.47436091121565,-157.96117485695746,288.63664478939484,25.21795853338974,17.555990888623533,22.38072058909497,23.86641775217014,4277.376839707551,4269.677246585154,318.3446747371212,[0.67491918 0.29716645 0.67540818],[-0.48492736  0.86853434  0.10243806],[ 0.55617404  0.39666131 -0.73029462]
9,-251.57934887321127,-152.18232019118332,50.920913194650346,4.843433695479204,6.89444403784847,4.173669250734764,7.01020455223373,895.6266561802106,895.4840762143184,18.8354630681544,[-0.18691653  0.57523104  0.79634883],[-0.50447668  0.6393797  -0.58025587],[-0.84295046 -0.51019883  0.17068001]
221,-285.06070576047597,223.98685144252238,275.1795679030305,28.8844442829328,20.544974186027943,15.712467439654922,25.603916836258907,6785.172083422794,6782.499923952146,430.62709254511753,[ 0.55627904  0.82557578 -0.09475372],[ 0.54474205 -0.27617126  0.79182418],[-0.62754261  0.49209153  0.60335412]
35,-352.1268229699807,-195.20880512076997,82.26373998630311,12.316367691919979,14.986160865927364,8.67272945987908,10.427875765821668,2433.9266313308963,2432.360646694557,109.19902546933444,[ 0.23778078 -0.01944889  0.97112411],[-0.45732331  0.87980692  0.12959616],[-0.85692222 -0.47493317  0.20030675]
2,-247.33278173900578,-169.94791475100277,187.56963264292943,0.5365981732800122,1.2738789259823733,0.4117241242880283,1.2049992990723695,500.4802612743972,500.4790061104456,1.1208782223545382,[0.60241201 0.0042189  0.79817415],[-0.38554703  0.87712988  0.28635059],[ 0.69889431  0.4802347  -0.53002016]
3,-272.79422317079144,-318.10533389953605,245.94306483509766,1.7281487159828302,0.9342583523192168,2.0560787086649523,0.7515620281650482,841.6121429077607,841.5991057576724,4.75011820720084,[ 0.31314692 -0.73424659 -0.6023462 ],[-0.76599506  0.17966318 -0.61722987],[ 0.56141836  0.65467785 -0.50616829]
12,-201.5152946973393,149.22653681297467,195.21040663814424,3.3505935503427113,6.554180976466377,7.640211975733615,7.938124120070633,1101.3360211289564,1101.262121660838,24.492732985828727,[-0.16802657 -0.85909877  0.48344222],[0.75495853 0.20320234 0.62349533],[-0.63388066  0.46974261  0.61444055]
10,-422.37451979968665,10.008978301931903,222.4700854090298,4.89668728415055,4.098162863841159,3.094339232345362,4.511999203626135,1510.0840087501253,1510.0401360829298,17.294300712915767,[-0.37216122 -0.63385622 -0.67802825],[ 0.28105793 -0.77316526  0.56852609],[ 0.88459169 -0.02101815 -0.46589245]
25,-371.5180972005587,32.2927092045508,291.8553346818397,10.357519208090352,8.880922008398606,10.966437649617433,12.019070559895315,2368.953899914771,2368.9031240278186,63.86388381831075,[-0.29953014  0.82866106 -0.4728663 ],[0.54298825 0.55558596 0.62967293],[ 0.78450332 -0.06815482 -0.61636796]
4,-237.74684334827964,237.16077362850996,107.72087967570864,1.3693581075644496,5.7081653507065715,3.229471540806866,5.196362216539507,705.4476692014011,705.4156729484278,8.489553633639298,[ 0.00579891 -0.40873584  0.91263431],[-0.73867726 -0.61691843 -0.27160184],[ 0.67403433 -0.67256722 -0.30550133]
2,-283.7136145117261,33.13679297260005,12.371781443000533,0.027058521680885406,1.1088250452643962,0.670018032339132,0.12636876589073154,404.3419400289784,404.3378267083245,1.8238309096278502,[-0.09741865 -0.51645425 -0.85075532],[-0.0762562  -0.848435    0.52377767],[ 0.99231779 -0.11590108 -0.04327055]
80,-363.8095345971813,-157.43269344769988,232.699766811908,11.881119711468743,13.347622582939374,12.548804659152472,11.602326313955285,4115.217754815326,4113.452307206136,165.64316074141362,[-0.57707178  0.69161112 -0.43435265],[0.20118123 0.63583579 0.74514359],[-0.79152655 -0.34261774  0.50606206]
26,-289.89614832811645,131.01130764709995,123.3147801372548,7.323121899152965,8.734881272899644,5.376647528658298,5.917551599111329,1740.6957828288073,1740.2176062685212,56.69700458190587,[ 0.23951153 -0.32952184  0.91326315],[0.46974131 0.86254754 0.18802882],[-0.84969249  0.38396236  0.3613801 ]
54,-205.63046175837556,57.465060222079785,88.28073305404078,12.053048827381145,11.093901502707839,10.073581945158395,12.722017211347561,1702.9489441958497,1701.087821944837,105.84963863194932,[0.45565128 0.46528972 0.75887245],[-0.01048726 -0.84964884  0.5272446 ],[-0.89009659  0.24819817  0.38226396]
11,-384.1478567046945,-55.233502650154584,159.85670899964083,7.007819913141397,7.392645716064192,4.299067027918082,8.030562461382678,1392.5234586819822,1392.3976535021109,25.20234895522215,[-0.39595444  0.11818494 -0.91063297],[-0.07501899  0.98420487  0.16035253],[-0.91520065 -0.13180707  0.38083417]
10,-300.34822460284715,11.499734746061492,349.31258381138,4.1031258258697925,9.51748943797972,7.989390859969708,8.372270092193121,1457.8174474850964,1457.5301982879473,31.79002601117295,[0.75640858 0.09513618 0.64714385],[ 0.05603512 -0.99515391  0.08080073],[-0.6516948   0.02485558  0.75807393]
5,-195.95455520995878,-188.53386890900583,10.961433439002342,1.0977034572765423,6.363113463798371,3.493140270092248,5.03458691051994,608.7364221576128,608.6624602558217,11.93919283553631,[-0.38246863  0.44453451  0.81000421],[-0.57926187  0.56762223 -0.5850305 ],[-0.71984264 -0.69296037  0.04040419]
5,-246.2088662719124,-45.38561202797716,155.3471561693453,5.680663794423757,4.796144957519708,5.50346189249701,6.480494344216792,659.11760589826,659.0256304796847,14.791746664433214,[-0.54903079  0.26304279 -0.79333075],[0.01679442 0.95246527 0.30418393],[-0.83563338 -0.15368282  0.52735041]
20,-388.14096520442934,-261.4745549663283,105.28659476820022,4.719942790548283,5.909665033685076,15.014722730613036,4.448882593034764,2146.486313339208,2145.4509688014236,72.43725005672862,[-0.58188917  0.79527313 -0.17013419],[0.08181702 0.26538121 0.96066581],[-0.80914212 -0.54508116  0.21948933]
6,-186.49796921209904,13.043727194430181,182.65628268732993,3.2745201046530723,4.6775026859894036,2.4566867419158904,1.0361695641310225,640.4034498452115,640.235562529858,14.995836391594525,[0.55594442 0.64733886 0.52141941],[ 0.42631477 -0.76056368  0.48969236],[-0.71356956  0.04995294  0.69880125]
34,-241.99026926812954,-23.667775151043696,21.28250527254975,9.759409865500391,6.7885784617505935,12.440636878856974,10.493780616161816,1426.231727573407,1424.9887220867954,79.54971656901972,[-0.08512452  0.98762739  0.13170407],[-0.10002484  0.12304549 -0.98734737],[-0.9913369  -0.09722115  0.08831309]
12,-242.60043086750375,-275.47322119304266,145.7834452371503,6.774626870586632,11.316130404424792,11.416641270697726,14.384923130440296,1369.4558660252862,1369.141976252279,34.38754168282802,[-0.44961225  0.69375053  0.56263579],[-0.64885054  0.17923079 -0.73950612],[-0.61387442 -0.69755755  0.36955604]
5,-314.7406710559052,145.68893771905266,289.52894021316234,2.362677327299548,2.5364613408648933,3.5361890789453225,3.2451597616341963,1010.2883306052436,1010.2634111287799,8.376898354616317,[-0.16320937  0.7986268  -0.57927363],[0.69861575 0.50813695 0.50371904],[ 0.69663386 -0.32247801 -0.64086597]
3,-342.62673565135174,-66.06316967873217,304.89006882176545,3.245540789662945,1.810159478731868,3.6059970414433953,3.9328082018763983,802.6372244862567,802.6159624815183,5.851651428109848,[-0.23709259 -0.85957164 -0.45268498],[-0.63012715  0.4907234  -0.60177265],[ 0.73940982  0.14257326 -0.65798631]
4,-125.09587262471824,-16.215565840118266,112.27498758027633,0.8754776982575577,8.419214508463668,3.67345481822736,2.804793825832955,338.2399888540771,337.79831785691687,17.547526999843594,[-0.60262166 -0.34231911 -0.72087777],[-0.29745451  0.9345807  -0.1951403 ],[-0.74051871 -0.09683257  0.66502293]
18,-434.0481014898023,136.35564016071257,117.68046967004358,7.069801458035651,8.74313964136086,4.414359053050811,6.450560374606687,1994.3520571892175,1994.0261784846234,43.44374708247988,[0.29144795 0.10745639 0.95053207],[-0.24884262 -0.95094384  0.18380197],[-0.92365331  0.2901016   0.2504109 ]
105,-333.7460181260854,313.45234398180924,36.0938026816035,15.89268011906982,11.493640306117756,13.664319053963315,11.298399858977723,4711.2825457174895,4709.032844460933,215.7372154994405,[-0.3515542  -0.46784777  0.81088107],[0.5899934  0.56178529 0.57991816],[-0.72685448  0.68228715  0.07852912]
7,-464.9156503418622,15.672068592124498,59.57243129752961,3.4626569945010535,5.0461290550336715,7.400451090934399,4.201002405689794,1241.0504158301735,1240.8615989160683,22.850432447791395,[ 0.04377286 -0.82786076  0.55922312],[0.1239575  0.55993477 0.81921157],[-0.99132158  0.03346067  0.1271295 ]
28,-395.6070984209585,-69.42839135865958,85.28178818375024,9.890201266717801,7.385565622286824,12.303607796413548,10.681052862966796,2174.3495652555457,2173.8030931898356,72.77519889667678,[-0.10521302  0.95231122  0.28641502],[-0.2464997   0.25405059 -0.93525194],[-0.96341482 -0.1690019   0.208015  ]
4,-413.7191118532956,-4.275715370237533,250.3353031625291,5.865919689136985,3.931157185465012,9.481285569273618,4.477462355697472,967.4175241108233,967.2313517466006,21.93861088779016,[-0.04595742  0.99719953 -0.05900009],[-0.51573521 -0.07426778 -0.85352299],[-0.85551453 -0.0087973   0.51770406]
6,-217.47523584170403,-53.066721855957276,164.97495715336893,4.193253961000281,4.964845252111167,4.525147329838193,2.3819226812269867,681.4120148067234,681.1963950747903,18.470453397737526,[0.26831226 0.75608987 0.59693939],[-0.56251958  0.62601299 -0.54007356],[-0.78203597 -0.19088174  0.59328232]
3,-240.58315880511145,-72.84660447118428,187.9043340611129,0.26622014192949883,3.353987280474662,0.7520164914619177,0.7183184164206495,543.6176821103467,543.5867672954847,5.8389185257744805,[ 0.63862926 -0.17810045  0.74862066],[-0.06714758  0.95623947  0.28477586],[ 0.76657933  0.23213426 -0.59872349]
4,-443.78799371280934,168.6648810011264,110.27384620065904,2.9390709552464087,3.962152897082259,2.9097387275144704,1.2947996693933375,974.8573220170927,974.8017505775974,11.169090683751763,[-0.00154657 -0.55007916  0.83511109],[-0.413436   -0.76004535 -0.50139978],[ 0.91053187 -0.34604044 -0.22624706]
4,-101.11042197579654,94.50543702409954,89.91413589300412,5.974200206261647,2.9273185917206326,4.432640683735418,1.3753465926915887,330.45458186109863,330.11633582780854,15.729520431810178,[-0.18294659 -0.77324334  0.6071452 ],[0.76890351 0.27229947 0.57848111],[-0.61263198  0.57266722  0.54473326]
18,-402.6453411653702,236.12101626398874,8.900678831811515,7.60688767889796,5.935560204580118,5.276196182031337,8.744797247565266,1981.1972194626737,1981.113645156782,28.32842385096814,[-0.43200723 -0.75532346  0.49280444],[0.26372325 0.41674142 0.8699291 ],[ 0.86244988 -0.50577965 -0.01916105]
19,-308.6810598967827,-214.79277262600192,105.75786377915503,4.6038518965435,10.567613953617283,10.610797026803427,9.213674154163606,1703.8792639611622,1703.5424676543894,55.16289763165441,[-0.36726482  0.77824987  0.50935615],[-0.49108065  0.30282914 -0.8167829 ],[-0.78990907 -0.55011057  0.27096497]
2,-179.020141676659,-27.76375498212954,51.89038727445683,2.6523383955172903,2.2331182190211347,0.3473376149748937,2.0948018674929045,266.5475262218546,266.5184407111469,3.9375748740907075,[-0.20245911 -0.38079737 -0.90222152],[-0.23762523  0.91286978 -0.33196839],[ 0.95002345  0.14718057 -0.27530587]
52,-387.8534826948016,73.75477712302913,266.58629697514345,9.081886792027355,23.010034386639987,12.116997060142863,9.828344700060295,3439.945500263124,3436.937849990614,186.36656100628676,[0.58042986 0.18695743 0.79255794],[-0.01832028 -0.97004301  0.24224144],[-0.81410413  0.15512405  0.55961682]
12,-247.3718656684739,-31.251965224999907,65.67610828811014,9.283297421176794,7.53735709340743,6.8897575476276085,9.938740683265012,894.2554419789082,894.0730824862753,33.17537495838133,[-0.26645771  0.68853877 -0.67447361],[0.09318289 0.71489733 0.69299261],[-0.95933166 -0.12180382  0.25464994]
2,-367.10672806978323,10.88115821006177,52.695078523419774,2.0170109649777146,0.2018634999184039,3.7549621890963323,2.5347953252281457,524.7489485874755,524.7264944445507,4.854386840182428,[-0.02372866 -0.99887928  0.04095282],[-0.14312855 -0.037148   -0.9890067 ],[ 0.98941961 -0.02932932 -0.14208667]
8,-313.90080916940093,-176.81616542979802,320.90331332502615,3.3253244570337643,5.574641809279161,5.519629361462185,2.9080747287422537,1364.813870717105,1364.6820505455778,22.65798962783258,[-0.74708453  0.46598999 -0.47404434],[0.1362445 0.8053427 0.5769407],[-0.65061674 -0.36643754  0.66514764]
18,-26.56897590803695,-10.454775577850963,18.769046353207976,7.023823054387972,9.611024790567178,9.958196842504199,11.248738938468898,156.87751441758934,154.94317367788565,45.64068262181024,[-0.56252295 -0.13371589 -0.81589704],[-0.34068105  0.93665046  0.08137774],[-0.75332884 -0.32373751  0.57244186]
6,-163.62956674500865,-184.150253322697,190.2658746931886,2.590011289326089,4.293119364963098,10.720528932954503,8.368383195754113,762.9620748302136,762.7561146940176,20.431714564889084,[-0.62372428  0.75667229  0.19599762],[0.57878838 0.27857186 0.76642138],[-0.5253304  -0.59147677  0.61170516]
10,-426.6088277039704,-59.30478101682546,116.00336913272895,5.2794039549616025,6.855957575028588,10.340437652545226,4.9594745939194445,1411.1424764317005,1410.7146854540918,39.69404502155851,[0.02118607 0.85657873 0.51558125],[-0.29136042  0.49860221 -0.81639754],[-0.95637872 -0.13292372  0.26013656]
21,-337.6140436958732,-206.7589694164205,274.24190492070824,6.174561696218758,7.221125916323546,5.440788971500417,6.543222534749329,2207.4371379061113,2207.2976067295676,40.26053346986423,[ 0.68633064 -0.18935381  0.70220751],[-0.1936537   0.88307765  0.42740157],[ 0.70103387  0.42932388 -0.56941418]
56,-161.88403718514292,29.50432853888977,60.28502767811371,12.078772964187364,19.583669884468826,12.091807176363679,12.71643776138981,1323.4914857724157,1317.2906143597827,168.65367015518868,[0.38259043 0.48066983 0.78903808],[ 0.0271391  -0.85949122  0.51042953],[-0.92351937  0.17387167  0.34187806]
129,-302.8516539995321,189.8186889813001,212.52442634224755,19.354701084221997,18.06863702920094,14.576225021862442,21.855893481778082,4733.289586235355,4731.617863551898,236.67466032458367,[-0.2330633  -0.86583521  0.44273117],[0.64442211 0.20344533 0.73710931],[-0.72828679  0.45709889  0.51054771]
17,-181.9997484545036,-35.1564117491086,146.85607701598897,7.3894919170025855,9.287404964229424,7.423250562694619,6.632718522209784,976.46561279344,975.7498571441375,50.9309975910154,[-0.5725585   0.59089832 -0.56834491],[0.28241607 0.79293983 0.53989591],[-0.7696869  -0.14861226  0.62088362]
5,-406.7311056997346,71.78263927056341,233.44336884174953,2.59817226411808,5.345192152269359,2.2865624811049114,1.957009165987121,1060.931683764465,1060.8643630165968,13.554561375841828,[-0.4346328   0.29949411 -0.84935129],[-0.27586803 -0.94202655 -0.19100472],[ 0.85731625 -0.15129195 -0.49205649]
4,-390.60387029553885,273.8509389310841,92.41246238823842,1.0953998768308952,2.269746384424416,3.8107170198072997,0.5789241651702173,971.8456026623405,971.826749201573,9.063521154456552,[-0.58252537 -0.81058736 -0.06010262],[ 0.12029072 -0.15910355  0.97990622],[ 0.80386214 -0.56359044 -0.19018799]
49,-253.17476849802864,-255.38112720900548,20.25889815321958,8.20838663477952,14.96154550474143,12.627477743100288,12.589132381736832,2524.796537515362,2523.5787176604904,120.02184739289117,[-0.47845518  0.5299953   0.70013257],[-0.52693582  0.46451683 -0.71173222],[-0.7024381  -0.7094569   0.05702302]
3,-375.2511893273993,-1.9584311649391797,299.6763385410016,4.249363233431423,1.5994893045790306,2.3547656897565297,4.575468917972905,831.8320215036783,831.8268572129783,3.964899258970218,[ 0.42452778 -0.73641047  0.5267597 ],[-0.45736182 -0.67652253 -0.57718058],[ 0.78140663  0.00410942 -0.62400865]
7,-142.36249688825825,100.57864297436858,100.9954062556797,2.9626574584508583,3.808777382077872,4.586895306217512,3.245743408446457,533.2569799677643,533.0915870449174,15.359354947751614,[0.69390362 0.6274177  0.35333384],[ 0.1381336  -0.59756842  0.78982979],[-0.70669433  0.49925847  0.50132235]
3,-422.6173186720873,180.41222030227073,73.65333542549403,3.099852640837152,4.380133338727995,2.344222142012887,1.211983221245885,806.1148289781236,806.0761355801174,9.928389242047396,[-0.15271432  0.04528561 -0.98723227],[ 0.38986124  0.92069623 -0.01807386],[ 0.90812254 -0.38764373 -0.1582586 ]
9,-419.781096171005,-223.094815762917,10.548291159532349,4.485509310232902,5.126725524463105,4.035156178052468,4.785968196444633,1426.6684512959125,1426.5917074861986,18.94060035682639,[-0.29038822  0.50801035 -0.8109255 ],[-0.36920122  0.72234589  0.58472804],[ 0.88281659  0.46919282 -0.0222027 ]
4,-277.1050712653773,-251.71793400280865,69.84011863661196,5.7371371772408315,4.318233303254406,3.3342219970206495,6.744072650688041,761.812008219823,761.767167773194,8.302138686517845,[ 0.44541418 -0.65862597 -0.60648004],[-0.52163994  0.35963542 -0.77366281],[ 0.72766612  0.6609646  -0.1833789 ]
19,-447.63044941103993,-79.4760675524342,91.97641763283059,5.550741490067218,9.221563436186852,6.227495677203751,5.146869751342854,2022.3663400119854,2022.1617484084306,49.385864504371575,[-0.24682072  0.34067767 -0.90720354],[-0.08799748  0.92442031  0.37108426],[-0.9650575  -0.17142291  0.19818731]
45,-313.9633369538545,-307.78238523966496,61.24303060609706,10.63699033970973,16.703879113403858,7.890823530882112,11.864390921590857,2980.7718350509,2979.3660168251286,118.77518104699206,[ 0.2107653  -0.02063878  0.9773188 ],[-0.67506987  0.72001925  0.1607885 ],[-0.70700683 -0.69364711  0.13782245]
2,-297.95973530351444,-159.03458149115247,351.9648963901668,1.406414205060372,2.220164305874391,1.437008567230123,0.9015884868510966,689.8699332297804,689.8581059619353,4.0396055591514415,[-0.3967955  -0.66254783 -0.63528238],[-0.6851721   0.67434039 -0.27532569],[ 0.610813    0.32602977 -0.72153452]
3,-108.56310776088493,10.779915575489667,100.67660675499475,1.5399401988897026,6.944228723520959,6.312207449642408,3.6278823870831576,257.65220682518833,257.20538246159975,15.197442672941296,[-0.4845251   0.64449724 -0.59148857],[-0.4811023  -0.76104379 -0.43514701],[ 0.73059976 -0.07372686 -0.67881393]
2,-384.9864501835543,269.6730801206103,3.61255250380711,2.496434188374451,0.3648455592426103,1.2000884448909375,1.844533225541113,664.7691223432067,664.7624988530712,2.9675140399976807,[-0.32944784 -0.45927015 -0.82494548],[ 0.46973219  0.67819314 -0.56515992],[ 0.81903345 -0.57369416 -0.00769529]
2,-394.4767781932534,2.6242011722758884,254.31441455738528,5.068614254921727,3.1998391600614693,0.5082939797020742,4.0022859965826285,663.8235075697042,663.7931268756394,6.350898740079224,[-0.38669848 -0.70666218 -0.59253089],[ 0.37951457 -0.70752856  0.59613089],[ 0.84049568 -0.0056488  -0.54178881]
6,-213.2720221662028,-200.91960203746967,194.2620240246313,4.004092757655863,3.699143482759708,3.6047086597125766,3.3453763800444234,861.2560629359401,861.1962365929234,13.713901092585923,[ 0.63963963 -0.76366477 -0.08761996],[0.47202279 0.30026035 0.82887768],[ 0.60667588  0.57154163 -0.5525256 ]
18,-328.4197598162537,139.63573835179523,315.667847965216,10.895579146725415,6.136600442419075,5.463864615660337,6.576888157812844,2022.032920225271,2021.7952650691755,50.696610213481165,[-0.19650805 -0.95588858  0.21831538],[0.69715576 0.02035258 0.71663074],[-0.68946242  0.29302353  0.66240379]
3,-163.64270558533883,157.649886177059,98.49876600917553,0.9343763032559039,6.418892274663106,3.1837797539665442,3.3792424031545116,429.13087631695964,429.0043517436256,11.036257056552653,[0.71129768 0.36178999 0.60263058],[-0.23994366 -0.68087831  0.69197671],[-0.66066834  0.63679881  0.39749795]
27,-304.0993829246136,-239.70916325916636,248.22594036861352,8.319615022950268,11.442141657792664,6.105901967901517,6.683331576409854,2391.0798334631863,2390.442777106708,72.14686558720484,[0.36074379 0.4098382  0.83779268],[-0.65790194  0.74852849 -0.08288629],[-0.66108166 -0.52128471  0.53966035]
13,-205.18927945241856,53.92926402285393,152.60257397795152,4.380285734344822,6.021986989394334,7.019681603713382,6.818569994161692,942.8825743659637,942.7170060770103,27.245966762792424,[0.6095998  0.42528115 0.66897237],[ 0.11038166 -0.88122444  0.4596296 ],[-0.78498661  0.20634784  0.58413748]
24,-373.86892508251645,-289.89379855431997,20.524324844603278,13.272594910677304,7.5649079806443265,5.81445155439977,11.361530379587057,2321.0838429834785,2320.6685643377714,57.43857458785373,[-0.16065722  0.27422038  0.94815212],[-0.59210679  0.74180021 -0.31486822],[-0.78968272 -0.61199316  0.04319218]
2,-348.8681433930117,236.1690845253582,219.66225659586692,0.6818686448833944,2.0204045218696365,1.2573452246296881,0.9236519872148108,671.9262650456758,671.9184148476445,3.2479912038925516,[-0.67884691 -0.53925267 -0.49837078],[ 0.00157942 -0.67979129  0.73340392],[ 0.73427814 -0.49708185 -0.46232592]
9,-288.49398176358204,-201.32357175498166,231.65759695366128,5.119530605818964,6.072391759797308,3.7133840217864216,4.889005230929306,1263.864608941941,1263.8077620899155,21.760180949619272,[ 0.6873111  -0.17333243  0.70537885],[-0.24184244  0.86109508  0.44724434],[ 0.6849202   0.47798654 -0.54992107]
22,-241.93504792284003,-10.346358674987737,134.56951427527326,6.737919399265261,6.159086152295558,8.760650330635029,8.983048317499147,1300.4449712563508,1300.413859171141,41.80122957213892,[0.0446224  0.98675982 0.15592917],[ 0.48548275 -0.15783366  0.85988083],[ 0.87310672  0.03733098 -0.48609779]
5,-206.72782964727156,-236.69606479315644,232.9951792277571,4.770618934723795,4.672505061953012,2.9731082002959983,3.7716286305391704,874.9292474178135,874.825956606984,13.943611266268762,[-0.73160456  0.68042844  0.04209394],[0.43063665 0.41339319 0.80228308],[-0.52849488 -0.60508116  0.59545777]
6,-344.7219099681736,12.28470286823278,216.70176289629225,4.489127085111467,5.726733485229878,2.9535185204411443,4.213634536743517,997.9859579818268,997.910379908112,16.251511057219044,[ 0.50716002 -0.26037344  0.82158042],[-0.16327405 -0.96503711 -0.20504866],[-0.84624482  0.03015028  0.53194047]
6,-210.10773797001093,188.65425719643076,246.88128617891527,5.246687198091519,6.839350343929766,7.482669730555763,5.385387147678815,919.0637986569334,918.9717667735966,24.675507002876905,[-0.42620023 -0.8562808   0.2917817 ],[ 0.71043384 -0.11714173  0.69394638],[-0.56003315  0.5030517   0.65825669]
4,-319.1213663356326,213.4045626989935,6.785138532209716,4.6058735140892795,3.512063959167493,3.776854352890621,1.9967046299097855,768.0448511247677,767.9337224672353,13.241842847178273,[0.32428078 0.45862438 0.82734857],[ 0.45166386  0.69341132 -0.56140938],[-0.8311689   0.55573772  0.01771591]
6,-335.7715813373684,-122.81432429876617,69.04407262778874,2.402756999366516,5.517829013040039,4.8503057881743254,2.7109337809687672,892.0643501570936,892.042146267555,17.745726700088397,[ 0.27950214 -0.24168418  0.92922942],[-0.2676203   0.90983685  0.31713763],[ 0.92209432  0.33732131 -0.18962175]
5,-182.4564682244786,167.0276568795029,4.915717239197078,6.99443360296676,9.126207035151547,1.9301666311956993,10.535935553953495,553.82700063229,553.7456566899323,11.331655593751695,[0.1198421  0.10212389 0.9875265 ],[ 0.66492825  0.73038632 -0.15622497],[-0.73723015  0.6753566   0.01962597]
39,-89.10037865809085,-81.15576780584335,86.64911848206233,6.583776078798863,16.3197919568557,11.986817299605812,10.028082962821491,934.7891599087646,930.9594247002868,115.91523858350784,[ 0.74613017 -0.11468009  0.65584926],[-0.29298451  0.82799953  0.47809712],[ 0.59787109  0.54887636 -0.58419594]
6,-361.93736245621136,154.74495008758757,144.5861662530226,4.009328289058498,4.936819632962459,4.153273520326934,4.513808043497803,1027.3254231365554,1027.2619918284834,15.013154348517725,[-0.40108801 -0.08583667 -0.91200903],[-0.30691885 -0.92546245  0.22208122],[ 0.86309283 -0.36898688 -0.344847  ]
28,-54.32091238406558,21.550528101412315,11.526545298310326,14.668144176075435,21.209862709007847,6.0278868177923695,14.351855237359688,343.3581155811669,324.89087166086364,120.48780860350578,[ 0.19659386 -0.01016702  0.98043229],[ 0.36040128  0.9306934  -0.06261554],[-0.91184526  0.36565889  0.18663282]
24,-371.4854792849289,-162.73122376203546,44.99885421882152,10.590485142180864,9.431720673437486,6.354885871015894,10.353674360141534,2000.2861451698545,1999.908429361438,56.46659942129596,[0.03615921 0.18903545 0.98130429],[-0.41214215  0.8973716  -0.15768025],[-0.91040176 -0.39873527  0.11035772]
27,-292.2570197480641,-286.3302703541686,181.00081711603545,6.946848003315426,8.70069333342026,13.684295235345374,6.4207372366204885,2326.343603067617,2325.1420865390437,85.50924791015224,[-0.73872937  0.42150811 -0.5259371 ],[-0.16587769  0.64261973  0.74801369],[-0.65327139 -0.63982091  0.40480328]
2,-325.5498077249807,97.33832058083846,152.52555120071486,0.8830433305238046,1.246573518201295,1.084844372439946,1.5418794268447584,526.735190263047,526.7330389549527,1.505435062837948,[-0.21321915  0.55105818 -0.80676668],[0.4365208  0.79248309 0.42593442],[ 0.8740636  -0.26135306 -0.40952093]
28,-254.4068591011858,-147.16171594000213,220.84678237636027,7.705289654351062,9.210485508244746,9.240053041810413,7.693888709520645,1946.7704330706663,1945.9530063239115,68.99896942340979,[0.18877712 0.70293395 0.68574562],[-0.69696861  0.58783907 -0.41070669],[-0.69180774 -0.40041115  0.60089347]
10,-433.645214877031,58.28369823061472,186.89736965521985,12.802767092328658,7.486499034453867,4.845504636230259,13.632843633187209,1505.3478120924133,1505.2350304353017,24.082967577752893,[0.40941446 0.36491948 0.83618992],[ 0.04068381 -0.92291528  0.3828475 ],[-0.91144096  0.12272391  0.39270117]
44,-176.28405371218875,101.55495300417505,34.175218705912975,11.398997850592288,12.49487716035394,11.049041094837813,14.239799367990539,1374.332873643359,1372.263534070066,95.24393426902391,[-0.23336712 -0.6493909   0.72376187],[-0.46543919 -0.57891087 -0.66949874],[ 0.85376001 -0.49310613 -0.16715321]
5,-205.5381161414579,13.297701562461702,179.05713735525438,1.8245077639746252,3.423534357625953,4.863673409821509,4.053993916062026,610.3809629937822,610.3709269675181,10.559535765261314,[-0.39552455  0.76338186 -0.51069411],[0.52585908 0.64409925 0.55552532],[ 0.75301565 -0.04882923 -0.65618834]
13,-250.76744256421384,-264.59865964070883,241.3873608812388,13.398697212386553,5.596465773655767,8.404872563066895,8.42357368067379,1577.4937987395497,1576.827873881856,52.210492851478975,[-0.40201098  0.7951865   0.45394449],[-0.71353539  0.03861939 -0.69955399],[-0.57380695 -0.60513384  0.55186829]
8,-115.94507648264937,-54.88218751334104,64.14648104886027,3.5709018843366147,4.62477566816589,6.661530135351864,5.025597516827001,406.3003466783999,406.0466693607464,20.585561402069118,[-0.57687754  0.66730105 -0.47108557],[0.11881122 0.63913887 0.7598588 ],[-0.80814367 -0.38237523  0.44798771]
4,-163.81679609345207,-184.2055095468004,226.85918981975033,6.015790878041412,3.929237950219437,6.491257962135457,1.1522780494902891,670.2655650199763,670.0642569272522,19.228106137619456,[-0.62966758  0.75974728  0.16218143],[0.60364971 0.34708352 0.71773258],[-0.48900488 -0.54983371  0.67716846]
