N,MEAN_X,MEAN_Y,MEAN_Z,SIGMA_X,SIGMA_Y,SIGMA_Z,SIGMA_R,LAMBDA_1,LAMBDA_2,LAMBDA_3,EIGEN_1,EIGEN_2,EIGEN_3
92,-368.23019827963793,166.62574403936117,32.51746346379878,17.311192251968745,19.819701481237395,14.562321855685305,19.057147680033705,3898.2044499130675,3895.4119661620894,220.3794586490755,[-0.15978166 -0.51630579  0.84136684],[0.38756245 0.75107153 0.53449688],[-0.9078905   0.41148499  0.08009328]
101,-241.93355313702494,192.42313054551306,48.36695215156653,25.663156724662297,17.633357692048023,14.155342494094283,19.634829475508376,3160.410167693909,3153.9672609620525,275.6600022334333,[0.23298235 0.04908997 0.97124116],[ 0.58804831  0.78833488 -0.18090688],[-0.774544    0.61328483  0.15480084]
83,-44.07717373193293,7.475639287142836,11.836188381845298,18.07758412014428,24.704961263871976,7.918845605556306,17.79373360809615,503.29494088900833,459.42874529022197,237.97134259697143,[0.23368389 0.08457509 0.96862732],[-0.17552955 -0.97617237  0.12758085],[-0.9563374   0.19983631  0.21327033]
184,-135.58618250774893,110.82491730798134,163.5284936679128,22.4369255500887,18.70191816581703,22.867517322860706,30.989698654216074,3284.6121131200707,3281.4353739226035,275.3408764498678,[0.71236289 0.69077356 0.12397988],[ 0.4135707  -0.55591136  0.72105605],[-0.56700828  0.46237912  0.68169433]
120,-116.65046345734888,-115.33055248223828,44.73201593057434,21.379367125309525,17.33400847776782,31.2612228283492,17.142356648089734,1914.4487099580633,1877.4468894048082,405.8255569712827,[-0.68701913  0.72322694  0.0703385 ],[0.22671104 0.12137523 0.96636958],[-0.69036716 -0.6798609   0.24735064]
35,-251.3234282438927,-250.54942184432684,13.58289748229918,6.355817307152399,10.536729861913722,8.865466895817912,8.586329594767472,2102.386114089783,2102.196404593166,73.83859798042536,[ 0.50154358 -0.46304633  0.73078187],[-0.49792362  0.53627322  0.68152997],[ 0.7074787   0.70569053 -0.03840269]
21,-109.21222306009506,-46.96319583112692,62.85579820497105,11.947506362934128,7.878566077687827,7.008837351410484,11.752837136612346,619.9517516053519,619.1929126505213,49.40544087991015,[-0.136635    0.89150641  0.43191111],[-0.5660145   0.2875627  -0.77261587],[-0.81299352 -0.35003431  0.46531442]
204,-281.1928097145915,230.35974115500804,276.7198502640452,29.973158708805677,16.55107296315327,13.772004710278138,23.83385925188519,6542.964073239994,6537.553833270817,398.6595471862647,[-0.18111999 -0.83837787  0.51411876],[0.76597661 0.20762195 0.60841841],[-0.61682687  0.50399968  0.60457335]
70,-204.72955329747768,-151.69839416667114,82.59781931323126,9.157819794119996,12.031277809531844,14.74488278805151,12.870702994908093,2246.81817754585,2244.877203888551,140.13356188992307,[-0.31286566  0.74421206  0.59013854],[-0.56490714  0.3536832  -0.74551198],[-0.76354109 -0.56661857  0.30975537]
148,-247.63994544947653,16.908226262661184,17.938338811753116,17.106915927911466,26.344082205330988,10.873840706909181,17.093243825280876,3052.538429468418,3036.774929395844,345.38155704016015,[-0.08647246 -0.23682136 -0.96769735],[-0.0492476  -0.96913212  0.24157321],[ 0.99503627 -0.0685462  -0.07214035]
40,-273.32842304314283,-256.081050534102,243.9070270434408,26.68754134362438,16.15931072242938,6.9284558964299645,11.511210001497055,2833.5421705072663,2828.3030534034697,188.61142913205117,[0.29340518 0.4761631  0.82896447],[-0.73407603  0.66770309 -0.12371321],[-0.61240981 -0.57222486  0.54544747]
318,-328.78475725793857,-45.50834124475081,224.435253497743,20.447155562144793,32.09079623231833,31.087539452016337,19.261533089613522,7190.020735507347,7162.25418722251,803.5549057402965,[ 0.47462634 -0.68187484  0.55657573],[0.31934359 0.72265411 0.61301771],[ 0.82021309  0.11321546 -0.56074304]
2,-264.79012923252264,236.43065236239048,132.38400226538795,1.3094841842779203,1.0046117399715797,0.3974842887786991,0.4271612821016504,535.8015900659881,535.7965517711141,2.3235807334752274,[-0.36462344  0.10940831 -0.92470513],[ 0.61528821  0.77369024 -0.15107558],[ 0.69890641 -0.62404586 -0.34942324]
2,-308.0091509973,18.07663362802041,194.13126588394258,3.6904584506800404,2.885051489507134,2.4718535415583744,4.577562230964958,515.580067963659,515.5663031845536,3.7674264457270925,[-0.53069092  0.0462532  -0.84630242],[-0.06667666 -0.9976936  -0.01271628],[ 0.84493868 -0.04968021 -0.53255094]
5,-120.36053134418646,-116.13416086866971,120.79199913514405,3.320507443750119,2.225304443976625,7.5235937803760145,6.514742190682132,461.7191975497902,461.55983946708346,12.198284561324405,[-0.80114585  0.5172975  -0.30094622],[0.13385677 0.64500538 0.75236323],[-0.58330755 -0.56246899  0.58598715]
249,-338.8038177839879,-175.39851217883853,128.3784637849588,21.505944850417002,26.117049532402856,32.568587367014835,21.448490294147827,6386.415656088665,6369.587270188518,658.0896221721407,[-0.53981476  0.69205786 -0.47922431],[0.01234957 0.57574576 0.81753551],[-0.84169324 -0.43539952  0.31934268]
52,-277.56206251413005,-111.41989991921982,111.83228296176837,15.736536825140947,7.67861304554081,16.62620747939514,10.533147481003176,2308.5864250972477,2304.4148993618355,157.2809021136065,[ 0.3514378  -0.93439784 -0.05824209],[0.34617096 0.07189354 0.93541274],[ 0.86986041  0.34890112 -0.3487275 ]
71,-160.04317090432025,30.167295752852034,64.27088307031394,13.660808783988145,19.615026132909133,13.56021328992768,15.33774044776772,1490.747210737356,1483.3482675692799,193.7857702872599,[0.40379845 0.49580359 0.76884694],[ 0.04552783 -0.85025883  0.52439216],[-0.91371441  0.17674481  0.36590606]
21,-291.2755251135817,130.9789733088026,124.68059711864886,8.084211012835988,5.1336424294625695,7.814471182634523,7.342588937702912,1571.8384040649769,1571.7640277106752,45.494288095597234,[ 0.28760461  0.91365337 -0.28726487],[0.44202582 0.13945704 0.88609532],[ 0.84964508 -0.38182359 -0.36374989]
15,-408.4947384499864,237.24944884837845,14.44660098495654,5.356043512893985,4.3187254438820535,5.174050287030775,5.59167094809486,1830.6617335014726,1830.6222474872288,25.33345895334764,[-0.50044381 -0.86451594  0.04656374],[0.04983681 0.02492825 0.99844623],[ 0.86433343 -0.50198682 -0.03060953]
233,-315.54960852934374,-261.04911419584613,163.1753774349518,33.09702487043678,19.277113450520588,27.338557679733867,29.688281223389183,6762.645303297531,6748.496290805097,566.4226740638127,[-0.40402071  0.78381743  0.47159039],[ 0.56838247 -0.18883471  0.80080136],[ 0.7167347   0.59158405 -0.36921496]
64,-336.1653865096932,314.0024861651227,35.47153704690392,15.895426751160528,11.447670863306454,11.379339847587733,13.097073806556123,3694.97370609119,3692.8940463241515,147.8226756990296,[-0.35120051 -0.46773453  0.81109963],[0.58780055 0.56415583 0.5798437 ],[-0.7287995   0.68040621  0.0768028 ]
70,-364.58764122933536,-152.38101978889816,233.1018978421033,11.7448632052139,12.694963821494278,11.517060402226933,12.731269733156136,3841.495185918681,3840.785029353339,137.89907024556584,[-0.59036938  0.22810226 -0.77423081],[-0.14120595  0.91525316  0.37732286],[-0.79468539 -0.33208586  0.50812804]
19,-287.50904570859245,-196.49816569999726,235.01181238624758,6.3730277120970085,9.078656711535919,6.451281978625778,7.17901815244057,1832.0327365748276,1831.6418216366508,46.21115134693358,[-0.72473088  0.52063695 -0.45133394],[0.08002965 0.7141967  0.69535483],[-0.68436862 -0.46782502  0.55926679]
319,-244.63540531924718,-187.54913679803835,310.9399339020378,21.332266593156785,38.82354492258948,25.755993741218624,36.207112322293185,7869.281677819708,7850.774762256383,650.0808401479043,[0.72457815 0.16463912 0.66923872],[-0.40504892  0.88737226  0.22024041],[ 0.55760369  0.43065581 -0.70965745]
3,-128.9424947917691,-12.028647752825563,113.92839571536838,1.806319664513,6.335031755061578,3.3978993346842628,2.92295358971452,299.0215816673704,298.79848955173736,11.76483095805801,[-0.59711494 -0.36513967 -0.7142316 ],[-0.29119731  0.92831997 -0.23114098],[-0.7474342  -0.06996459  0.66064141]
26,-463.45261113435504,61.87391282181711,34.05513254722734,13.096235508230423,5.872131346797751,10.546271782548331,12.83865609137669,2392.0933726491744,2391.4079717731856,62.6754224342047,[0.14753622 0.94549594 0.29029381],[ 0.02982709 -0.29762556  0.95421663],[-0.9886068   0.13212289  0.07211194]
51,-439.55723937534304,-135.52173362160335,104.68012352735751,7.201157026015767,13.31330481208041,10.222058911911947,8.19710377405233,3370.989133883232,3369.790101469369,116.21545116212388,[-0.34726332  0.5268971  -0.77574973],[-0.10609433  0.7998448   0.5907557 ],[-0.93174684 -0.28745043  0.22185597]
150,-296.386618882554,187.58069505169888,217.46971285546127,23.517950700241688,22.83751694959198,13.485514309536308,25.727771646840456,5070.669701558965,5067.075109164172,295.6290001868274,[0.54575647 0.83772144 0.01930455],[ 0.43120984 -0.30052772  0.85072978],[-0.71847613  0.45596697  0.52524868]
91,-138.87522435608244,-110.74808769535268,179.8152740142509,12.589811010256408,20.384874284694522,21.901854907960008,24.49082663720138,2429.6376275193707,2423.752581631944,202.8167038226433,[0.32582182 0.67214388 0.664878  ],[-0.77198481  0.59512144 -0.22331575],[-0.54578347 -0.44051457  0.71278841]
248,-375.12200154138674,99.8240525094383,179.20318497845327,21.822103971446346,33.28485431593447,37.781185210388976,28.146253672154785,6783.031530392025,6752.93407080626,740.580500397406,[ 0.08371031 -0.78454613  0.61439397],[0.47574699 0.57321833 0.66714732],[-0.87558974  0.23644897  0.42122974]
30,-292.4403742756547,-163.3727830742201,278.8515154231367,8.930491306993078,9.208931742110344,7.514694612227145,9.973978901307817,2388.4172522622384,2388.156865069909,60.36493628122011,[-0.72671993  0.50368351 -0.46709857],[0.14707722 0.77829566 0.61042949],[-0.67100405 -0.37491171  0.63968333]
13,-380.8567280986289,203.93429453365005,148.26504154997764,7.214173092672155,7.3278225174133915,7.479558375357284,8.83856385933643,1647.4251838061402,1647.2123723493328,33.13912481440669,[0.5097026  0.84858567 0.14179426],[ 0.21204896 -0.28363314  0.93519382],[-0.83380963  0.4466034   0.32451026]
12,-193.36339049727894,-63.953339130343956,219.47044239318043,8.443907513187662,8.335223298419153,6.289516473827666,5.784316324598354,1038.0349561280523,1037.5691134325734,42.22203876839212,[0.35620888 0.76476272 0.53689217],[-0.67529521  0.60782334 -0.41776449],[-0.6458263  -0.21374929  0.73295268]
7,-249.64844833887759,24.94135812550402,79.8742013871404,8.6150603064793,5.052379684110909,4.962343099078424,8.342092379599936,697.2220472269312,697.003870834645,19.403869662676584,[0.2512566 0.8082697 0.5325131],[ 0.19428377 -0.58107959  0.7903166 ],[-0.94822146  0.09511361  0.30303376]
8,-198.93006587068328,100.4212832903404,201.0270126315239,7.8671712662356725,6.51889333493645,3.5008700475482217,5.467611629223595,849.3452864053526,849.058000941456,26.283977271846755,[ 0.33280463 -0.66957381  0.66401204],[0.67061343 0.66309629 0.33253712],[-0.66296206  0.3346255   0.66970671]
27,-336.3751782746512,244.23633226458648,60.539104283292396,13.380870826259876,10.435505649014194,17.905735988103068,13.587192260851664,2186.3349028561097,2184.149238466469,106.69674477978778,[0.5982015  0.78749115 0.14836664],[ 0.02636303 -0.20438629  0.97853525],[-0.80091196  0.58144986  0.14302484]
70,-238.38601091643883,113.32518517126825,17.988858190534966,20.140732230276715,15.89707684001893,10.064124126390938,19.254636947770837,2224.686714475136,2220.072711476826,166.04130779955315,[0.21621387 0.30656247 0.92696872],[-0.37487475 -0.85058747  0.36874094],[ 0.90151011 -0.42722407 -0.06898628]
29,-414.74606518812413,-90.08174066597479,219.8424417637311,7.026932608110318,8.737814627791394,10.446958760797466,8.827866949712387,2575.158362087936,2574.5465402501936,67.49362852648211,[0.14584394 0.78803557 0.59810491],[-0.475366    0.58602403 -0.65620348],[-0.86761553 -0.18861544  0.46007337]
8,-158.79655377448145,99.19877977505503,88.51001666749976,6.513424487499163,3.268074666804319,4.532005657550397,4.05145993680202,586.1690233634382,585.9843487791481,21.41932792386492,[-0.06679031 -0.72182895  0.68884107],[0.6381658  0.49980147 0.58561326],[-0.76699639  0.47870811  0.42726466]
39,-341.1521630345349,165.91686212370155,170.74425657131098,13.037398895142783,9.703883772834983,12.36463564769334,16.41394062798693,2600.843942228503,2600.3082684657134,75.804217156191,[0.54288006 0.31388523 0.77894628],[-0.18151424 -0.86174718  0.47375562],[-0.81995965  0.39858232  0.41085072]
60,-426.45430462136795,101.2537436451395,111.0461908365526,11.433540922741921,24.3640482697781,8.300521044945521,14.612330868355732,3508.795150636821,3504.5951436818623,187.02768839137116,[ 0.22110498 -0.12909186  0.96666844],[0.24904461 0.96581096 0.07201366],[-0.94291536  0.22482099  0.24569525]
10,-329.2413864602248,-92.52215664570149,51.23271086914366,4.302785486418397,5.556305074297881,3.594751269029786,3.828683635069495,1093.8138520336904,1093.6355837120873,21.891904543982157,[-0.24122055  0.35910669 -0.90158473],[-0.18792234  0.89415011  0.40642438],[-0.9521018  -0.26746583  0.14820321]
3,-248.6395622691391,-201.1491617473155,106.74413748277165,0.8890209333779221,2.477805134218973,5.17149986645006,2.5451526889427836,584.0648976545851,583.9947039851461,9.055124137062313,[-0.44040166  0.78015616  0.44430028],[-0.512149    0.18815183 -0.83803478],[-0.73739391 -0.59661985  0.31669382]
8,-416.52656232074827,-2.310800684255072,53.94368558696617,5.23767748211997,7.217482698004113,4.2859671972714635,5.556766927589706,1188.2809476405691,1188.0958277801851,23.178028501487017,[-0.12012046  0.39531383 -0.91065803],[0.04597498 0.91853083 0.39266705],[-0.9916942  -0.00529986  0.12850889]
3,-74.72635145337308,-77.84256025256279,25.87036167083698,1.0074515258878523,0.3611804586052813,3.0814913043144667,0.34906347453358577,192.27616947983398,192.19447564865672,5.622150725168592,[-0.65765592  0.71255862  0.24443589],[ 0.33762892 -0.01125847  0.94121196],[-0.67342067 -0.70152225  0.2331762 ]
160,-216.04279878890674,-109.33501088589614,146.97537326281363,15.294793340886045,19.2288378602656,17.856456968081925,20.494869027985715,3599.8286163382604,3595.859096877199,282.78647786563135,[0.39100451 0.36551172 0.84469915],[-0.51665802  0.84668808 -0.12721548],[-0.76169545 -0.38667877  0.51990342]
16,-309.4117462285169,89.11792449624588,258.9633404854376,12.197010398835575,3.6386738675991412,12.336647580434278,12.256762698723131,1654.20177662653,1653.7039713830516,51.01656466895385,[-0.18859158 -0.97587511  0.11000447],[ 0.63534918 -0.03582917  0.77139335],[-0.7488422   0.21536954  0.62677853]
14,-264.37360367412214,-239.71079558598754,294.72772556335343,12.5507302653437,11.178794455922933,5.041095820962255,4.578905475309303,1732.9383827553677,1731.9521722999743,63.42086281176502,[0.4624132  0.43795316 0.77095464],[-0.67807912  0.73491    -0.01077031],[-0.57129917 -0.51778791  0.63679898]
11,-240.08987235248335,-154.7120983279246,51.12805861187258,5.399893241801506,8.382397805818112,6.931708019467029,7.735896730872356,963.0310389632585,962.8639907227838,30.916433738980608,[-0.488089    0.52696206 -0.69575866],[-0.27820094  0.66165034  0.69629237],[-0.82726861 -0.53341336  0.17634292]
76,-209.32881279632113,63.348955817118714,87.87691252579431,8.917383239717045,16.169353416469292,10.44753545135005,11.391191357127353,2061.3232608697385,2058.9310778277913,156.1228246369932,[0.41539834 0.12021735 0.90166069],[-0.19886925 -0.9552476   0.21898182],[-0.88763463  0.27027727  0.37290074]
14,-215.3716188134434,-181.09410087904948,12.562750959647603,12.361352335709888,9.750106449811991,2.611818093042697,6.307019279018028,1055.5679182303036,1054.2172212450487,54.70800461936947,[-0.03231272  0.10733562  0.99369762],[-0.64324882  0.7587151  -0.1028706 ],[-0.76497506 -0.64251885  0.04452736]
3,-294.32601764901074,-161.69083101648448,9.76011010146362,3.009636145620575,0.8784621527055562,2.1065826901371807,3.0918347396939554,581.9306819465194,581.9192945475576,3.7623548383436547,[ 0.46217733 -0.82108163  0.33498816],[-0.13731957  0.30693257  0.94177266],[ 0.876091    0.4812664  -0.02910669]
3,-376.9215780429483,-221.4810327869378,68.05569812855039,0.8812432125526762,4.470611141581462,4.464168904711515,3.3287234367116745,766.3979305247037,766.3690266323655,9.417494924879456,[ 0.35343251 -0.76629131 -0.53654738],[-0.38651263  0.40269436 -0.82972601],[ 0.85187643  0.50063448 -0.15385599]
17,-266.0066862573937,44.47663328899845,246.31477896330463,12.736563588227021,6.071913855425449,3.546868263511984,9.408211241005656,1506.9647654202795,1506.6666991618001,45.88165279604732,[ 0.02604808 -0.97843532  0.2049044 ],[0.68437457 0.16686214 0.70978059],[-0.72866519  0.12174294  0.67396269]
62,-312.2559819388916,-316.0964524263394,67.40482557032611,13.628730036473366,17.51083470426743,13.244889352543845,17.135843646788764,3543.1485661933934,3542.5212116608764,151.67915831404815,[-0.63325874  0.69669611  0.33704288],[ 0.34120348 -0.13956597  0.92957061],[-0.69466795 -0.70365892  0.14933376]
12,-325.41578084402425,56.823805389587186,270.07477191945446,3.0804748580373618,3.815988216528989,12.164222932760431,9.534081285588368,1478.7590695647293,1478.5058361951842,31.22110483794391,[-0.07207461 -0.98996715  0.12153307],[0.64309432 0.04701379 0.76434246],[-0.76238766  0.13324691  0.63325376]
10,-275.754301709404,51.18533091376973,272.37979119177504,5.137331413632156,9.607149775452699,7.348593035868734,5.70081574141223,1236.8748265000438,1236.6147614920542,37.428530203087455,[0.67614082 0.41975451 0.60550784],[ 0.21314388 -0.89813617  0.38460514],[-0.70526823  0.13098695  0.69673463]
13,-269.6446646403356,-68.93954707013675,319.3246874063476,5.350188489331041,5.489314132350004,10.366234737976916,11.06270760738089,1527.9096466979406,1527.8730988220552,23.994562460475265,[0.72701077 0.19999381 0.65685449],[-0.25770844  0.96618135 -0.00894183],[ 0.63642887  0.16277614 -0.75396434]
2,-404.4490541257244,208.69299924115512,82.98611268191965,0.8598524102482372,6.670710038878738,0.7646908720792993,2.1201153048711205,654.3154020565895,654.252240101132,9.091297549153891,[0.23979883 0.08000088 0.96752074],[ 0.42216299  0.88884687 -0.17812819],[-0.87422819  0.45116638  0.17937103]
5,-307.76253269523284,212.15041866665038,124.4425930634997,4.104332980678813,4.278988320115225,5.9424113870690265,4.1624006961641715,881.1197040186771,881.0123610316075,16.28860739763931,[0.62428017 0.67227227 0.39789981],[-0.00192187 -0.5080208   0.86134266],[-0.78119816  0.53848386  0.31585529]
16,-242.52326611186817,-10.86387504980016,133.9999624318531,7.445911255091177,9.190527555256585,9.559518920497055,6.451536442474714,1110.5116597934752,1109.7936978818525,55.25111016360131,[-0.33036859  0.77758356 -0.5349957 ],[-0.35482312 -0.62756143 -0.69301313],[-0.87461829 -0.03912093  0.48323122]
13,-196.7167785352825,43.82266512736597,139.25545269705117,5.761563841330106,12.579139704798632,6.715693589087842,8.561802853057896,884.8296106535983,883.9604460502258,45.82840588287488,[ 0.55428335 -0.1265882   0.82264536],[-0.21998815 -0.97550072 -0.00188552],[-0.80272983  0.17992712  0.56855171]
3,-358.4953320589723,251.68107746473356,93.70836839401785,1.902236396181506,4.426496158664267,7.489110678963671,5.278485188295547,775.9882613999804,775.9021295483333,12.452126218909216,[ 0.5127845   0.82226806 -0.24683454],[0.31083194 0.09018857 0.94617627],[-0.80027218  0.56190858  0.20933987]
14,-96.14578827829449,-60.77716275391773,108.855170854382,7.208579276902948,6.886898675052128,9.291482564208122,9.333682612172694,591.0602462801136,590.3354589587772,37.379171366294216,[0.15931884 0.79565036 0.58442964],[-0.77643669  0.46660728 -0.42358436],[-0.60972417 -0.38628765  0.69211147]
33,-388.23205969954745,240.010832900443,128.75998893934886,8.014044473895657,14.425358851265544,10.205914376741832,9.74197496661295,2726.3437881577656,2725.1766139466317,96.27168302667299,[-0.02680407 -0.50592032  0.86216366],[0.57399493 0.69832995 0.4276273 ],[-0.81842004  0.50633972  0.27167761]
26,-379.0421241052119,-1.487218731317432,114.96616278527804,12.117509115365738,6.893065979667743,9.519423792004554,12.807730412545801,2021.2277412513454,2021.0702679776798,55.98708195566904,[-0.01107883  0.99961887 -0.02528575],[0.29016862 0.02741309 0.95658282],[ 0.9569114   0.00326069 -0.29036174]
11,-257.54965744232015,260.54723682745487,230.52456944467286,3.700691857331674,5.841060489212885,4.555233572968591,4.159879238905916,1435.8278486406787,1435.6969417711696,23.725923748155914,[0.72112437 0.10721873 0.68445875],[-0.35490044 -0.79131051  0.49786881],[-0.59500027  0.60194005  0.53258132]
5,-318.0896164483885,-181.05199286126836,317.35201296339653,4.559809818618257,6.3480462467878995,1.5235485600061722,3.5111357345589007,1083.3532546028214,1083.2611602024392,16.011731330983377,[-0.61358784 -0.24032881 -0.75216489],[-0.43855782  0.89585266  0.07151962],[-0.65664069 -0.37375137  0.65508238]
3,-252.96146275310878,-80.71638818130286,25.81113309115319,2.5114510703559767,1.9637277210922184,2.602312339998557,2.700055245293103,462.1287272588754,462.0984393136579,5.366095915075864,[ 0.30306953 -0.77038467  0.56094235],[-0.09516969  0.56121612  0.82217954],[ 0.9482044   0.30256228 -0.09677024]
4,-129.74192765208147,140.93801669304173,107.14522712562356,4.154079894805636,7.345063940996089,5.076221577295652,4.025028716751482,439.3580621759146,439.122029121082,18.024094611422978,[0.79965436 0.54586742 0.25016329],[ 0.10544173 -0.53779888  0.83645347],[-0.59113023  0.64249601  0.48761043]
78,-213.61463971390376,141.98195361888196,279.38491112211824,12.58680359259478,16.593631015253248,29.06382893680417,31.273711665294915,3363.739212760554,3361.8367891606354,150.77788775211684,[ 0.15971019 -0.82571489  0.54100608],[0.81202591 0.42152832 0.40364315],[-0.56134354  0.37484504  0.73782425]
16,-408.2181446594525,60.27443324796178,233.11148934536104,6.010105304272889,10.318374832668372,5.190659965895175,6.681101577114225,1896.3532595757413,1896.0440447130886,44.712791765718706,[ 0.47429258 -0.14551502  0.86825798],[-0.18214295 -0.98112564 -0.06493401],[-0.86131904  0.12734935  0.49184515]
2,-431.98987530354185,99.29330391685369,161.22084657917344,1.453105635414147,0.19159721137192776,0.4996026208082611,1.1197702348878522,667.036688297514,667.034973352183,1.5125673430903182,[-0.03710393 -0.89221615  0.45008181],[-0.39971628 -0.39954192 -0.8249807 ],[ 0.91588765 -0.21051505 -0.34180875]
32,-411.29940516810365,-36.74721540303449,247.84981761224464,8.615578174894221,13.744847622881595,10.919711750661289,7.290794872255468,2725.930832468231,2725.408574206697,102.64455293481485,[-0.50241348  0.37746383 -0.77788287],[0.13505431 0.92289095 0.36060037],[-0.85401466 -0.07611405  0.51465097]
7,-299.24943307423416,-16.321818233153436,294.70843972891146,4.928478536685484,2.657420024744095,9.419014381489541,8.58064364123755,1112.420154715451,1112.3188486484903,18.022331179958268,[-0.1449609  0.9850852 -0.0927011],[-0.68723115 -0.16764594 -0.70682967],[-0.71182841 -0.03875558  0.70128334]
42,-286.70410529113195,126.7000203826411,248.4282441722237,10.546325545871497,6.34967764803965,14.9308234223153,12.194335556129966,2594.80297395093,2593.51046324695,97.6226630939097,[-0.24181915 -0.94850727  0.20459093],[ 0.65420612 -0.00365407  0.75630748],[-0.71661556  0.31673427  0.62140289]
27,-439.43600493215115,127.23274277322342,73.57625174457269,18.4172344520444,7.346199582374633,12.817531554486028,19.886162607954667,2410.591510592373,2410.1757568088838,65.63659433250943,[0.31616227 0.86029581 0.39991567],[ 0.02754796 -0.42968569  0.90255821],[-0.94830508  0.27433799  0.1595498 ]
2,-146.9987487260234,-163.20239647259936,254.59433846424992,0.7102259948007656,2.8188189890573483,1.3084045457499798,2.669291124183985,475.546198814326,475.5398133013342,2.4643806699874475,[0.8603393  0.01965049 0.50934286],[-0.26211377  0.87407088  0.40901891],[ 0.43716434  0.48540082 -0.75714819]
44,-314.78214814079723,150.8381704750625,321.0109144584416,12.13858174423204,11.430676221363559,7.229538604594361,6.5170630648517465,3147.4041337643316,3146.4842535298408,112.64369335540617,[ 0.34869836 -0.66900333  0.65638709],[0.66157221 0.67177282 0.33323189],[-0.66387624  0.31805005  0.67684009]
28,-170.81427188740486,109.1662620755203,31.12529571043174,9.6339881056391,10.733624823544488,11.88331331786277,9.44289064142393,1088.4864371871956,1087.7043160137575,84.93496782084704,[0.46222384 0.51616472 0.72105694],[-0.30471515 -0.67116632  0.67578433],[-0.83276515  0.5320806   0.15294586]
11,-321.613000484196,-152.5041639503863,29.42082974459397,3.773573433472418,11.728162675186786,8.097441006922526,6.9870592181077384,1185.4693990738365,1184.8508533643605,43.00280058045132,[-0.33301458  0.55516162 -0.7621659 ],[-0.28022358  0.7135141   0.64216226],[-0.90031996 -0.42742626  0.08204122]
4,-385.643868427679,-6.739979303288608,254.86920185401505,4.313602979087129,5.417274032090774,3.506352688004555,4.846262375897859,924.7259313565421,924.6708251966335,12.13467155485901,[0.53608014 0.21340773 0.81674673],[-0.12947632  0.97685596 -0.17025955],[ 0.83417862  0.0144766  -0.55130432]
106,-376.479513912954,38.73704768750431,280.52230761960516,16.766067416842915,33.84833014068546,16.151498491801394,12.004994429398343,4866.6608019753085,4853.7414814478125,404.705037440317,[0.56314558 0.44878216 0.69387436],[ 0.20948296 -0.8897797   0.40547377],[-0.79936472  0.0829859   0.59508772]
20,-247.7489613082111,-216.67748738882725,223.59121091849892,8.2712762992455,9.11336643355322,6.0569559987956865,5.796836395862268,1780.3760504775798,1779.7665442090474,55.558733166467476,[-0.61107764 -0.1101335  -0.78387163],[-0.48866997  0.83153017  0.26411973],[-0.62272448 -0.54445219  0.56194843]
17,-409.17132697155876,-106.85465354458678,128.40578605510584,10.536384607520615,9.274931776881392,7.782731599231264,13.42766560344166,1823.310428059264,1823.2114945566225,36.33694268733484,[-0.19754494 -0.34598555 -0.91720772],[-0.32264042  0.9064643  -0.27244381],[ 0.92567768  0.24210838 -0.29069636]
9,-263.84840819639004,-292.6398157030376,8.645862785194218,8.82142485491291,2.5344693767448856,4.411379561612708,4.768348422847251,1182.7101445275994,1182.4772095372152,27.0055631472404,[ 0.29980579 -0.24308617  0.92251049],[-0.67949499  0.62433672  0.38534429],[-0.66962904 -0.7423697   0.02200393]
8,-351.0633485759829,-38.50483722466239,11.223863372513947,5.332579248634023,7.017661442041481,5.073099427307345,5.309205738347509,999.7517335885371,999.6082364911123,24.48931809822067,[-0.01554605  0.40804913  0.9128276 ],[-0.11244999  0.90643261 -0.40710555],[-0.99353577 -0.10897634  0.03179367]
2,-236.6448931840158,-189.0900989652315,50.883548089536816,3.760677081330968,0.3657077187932459,0.3711747334543567,3.0609329575419792,434.41781885153813,434.4062080022965,3.1761273263857213,[ 0.12871215 -0.40470717 -0.90534263],[-0.62433037  0.67623273 -0.391051  ],[ 0.77048346  0.61556592 -0.16563161]
3,-449.5284735378157,-114.18741279281026,78.17150134643127,1.9442278325292708,1.6646226954508296,0.6854418801106436,1.3698294666525284,814.6757574563167,814.6670996937457,3.9288830904741148,[-0.06673342 -0.37129466 -0.92611388],[-0.28653167  0.89621841 -0.33866232],[ 0.95574382  0.24276086 -0.1661954 ]
2,-410.29483024108174,-50.71480205997851,33.59781697870238,0.032336153766095777,0.7392013238861708,0.7840214555623639,0.05886084068546893,586.5898300007291,586.5878547002495,1.5222938097738243,[ 0.14468086 -0.72291416  0.67562013],[-0.0240507   0.68003333  0.73278662],[ 0.98918603  0.12226934 -0.08100122]
24,-368.596352526338,-169.45750221583546,46.06916501307677,9.514719722366003,10.75810178812422,6.628655462204192,7.865110964516559,2001.500847907738,2000.792494082592,67.11828072460042,[ 0.1776862  -0.1207396   0.97665222],[-0.39157123  0.9018216   0.18272869],[-0.90282866 -0.41489728  0.1129631 ]
10,-233.539047703517,50.61732373628637,68.01003437940045,6.733596931298216,7.679237143364116,3.8703267008549367,6.979897420402361,786.3089215586398,786.1027401543922,26.56861691456831,[0.33972168 0.48520724 0.80570659],[-0.03203521 -0.85018875  0.52550246],[-0.93998028  0.20433556  0.27328384]
18,-247.2631223415487,-181.8801195997558,146.44091311712634,4.065309189353338,6.05448557303159,6.707573568495757,5.076299110480415,1443.3093955571094,1443.2635828452546,36.05362521319023,[ 0.59189558 -0.17004224  0.78787389],[-0.34811648  0.82769164  0.44016073],[ 0.72696254  0.53480107 -0.43071252]
2,-173.79591554490088,-87.64917895161113,72.85595125386162,3.4029589949957852,3.2030004387205935,2.5181453801603197,5.078997585461721,294.01894109725185,294.0108417275657,2.18235437028052,[0.0394126  0.59135589 0.805447  ],[ 0.54712675 -0.68727084  0.47781912],[ 0.83612138  0.4218495  -0.35063376]
4,-218.96948549867733,31.696539601390366,243.97162750940544,1.0496872412468092,3.8598600776961933,2.7397637449437022,2.451624952095702,658.7732465672608,658.7350121546441,8.35084257041249,[-0.66761893  0.36826443 -0.64704426],[-0.33512282 -0.92471836 -0.18052326],[ 0.664814   -0.09631855 -0.7407733 ]
5,-198.78104260254767,200.51171336225724,238.77287400646296,3.176451862753275,2.939165084821461,6.9156748427631465,5.4561129929297,827.0310124107638,826.9323418185378,13.472641844379563,[-0.54057632 -0.80934767  0.22963795],[ 0.6472152  -0.22569101  0.72813189],[-0.53748463  0.54223603  0.64582533]
13,-462.7598949374754,34.786585848304725,114.52923552760315,6.147387492633526,7.331224450325405,6.01441283802943,5.483073603059544,1723.7457820569673,1723.6781508193155,35.67452442632529,[-0.24491071 -0.07646252 -0.96652585],[-0.05190831 -0.99442151  0.09182256],[ 0.96815509 -0.07265905 -0.23957544]
10,-302.65573099070934,-83.71550661483697,79.28098436324488,5.7996230348354,2.6803626834143266,7.170986684416974,6.53055384117444,1024.5921231976265,1024.4220470960456,22.368539353199836,[-0.30570579  0.93497139 -0.17992349],[0.18256452 0.24302506 0.95268516],[-0.93445929 -0.25839373  0.24498677]
4,-179.6066777962579,208.1626697777522,247.03104841805265,4.554676423871277,3.8688133804401588,4.901113538177668,3.4375611951674028,739.3754157951095,739.2753765056212,13.803598090541454,[ 0.74076753  0.67121983 -0.02697035],[ 0.46378048 -0.48196465  0.74338264],[-0.48597441  0.56318205  0.66832242]
4,-331.50488651747656,61.113476721071486,335.98138303634806,2.418836131478401,2.926261690447198,4.699237658483143,3.1491015736871,951.9436105397863,951.8927777870533,10.303755768660182,[-0.25640005  0.87434778 -0.41203759],[0.6701828  0.4679946  0.57605214],[ 0.69650128 -0.12844071 -0.70596668]
13,-254.1366373219024,-141.1970012114072,17.812175373275192,6.042899336411667,4.657285166680814,6.100168485492796,3.8623153799510397,1050.6742599525342,1050.398212764818,32.400839232012466,[-0.28123023  0.60079158  0.7483041 ],[-0.39934642  0.63578102 -0.66053382],[-0.87260071 -0.48459464  0.06112312]
39,-242.98567471388452,-141.96507748201756,214.87005885883679,13.050387918364557,9.16142664308465,7.980219976246911,14.510686256235608,2213.6121990299944,2213.385728524757,64.29315771220442,[-0.47381953  0.87945666  0.04528836],[-0.55154767 -0.25627663 -0.79379938],[-0.68650581 -0.40109634  0.60649114]
18,-265.685938435992,39.0206253219147,203.89184697890806,7.026053545301825,7.06996653264746,5.215583646023987,5.859534954145323,1431.1547537740926,1430.8406000483199,40.66411886851392,[ 0.44812864 -0.56576747  0.69216175],[-0.42208812 -0.81642692 -0.39406687],[-0.7880497   0.1155606   0.60466802]
15,-427.931175647938,55.563931223645575,187.90350114293238,10.380875129978573,3.9871412944212206,7.20378252531881,11.508585849621356,1823.53434121449,1823.44391421169,25.42532453400987,[-0.39613838 -0.5400024  -0.74261147],[ 0.12813088 -0.83337432  0.53765205],[ 0.90920672 -0.11783315 -0.39932254]
16,-308.7349103469975,-29.886242452940515,121.06013993110204,5.6615158795755045,4.965813031385246,7.003443778015178,4.994340216367438,1332.3969818112241,1332.1103729253016,36.00334810778979,[0.06616688 0.91626693 0.39506562],[-0.36858157  0.3903746  -0.84365591],[-0.9272376  -0.08979183  0.36354898]
4,-217.36630034583675,171.78610170967943,57.36819174405673,1.7198497534898938,2.880745738705903,6.475572016232967,3.0003196439110384,566.0445461522005,565.8965594788667,13.327946703699476,[0.62932662 0.77437936 0.06545692],[ 0.11728029 -0.17789899  0.97703495],[-0.76824042  0.60719729  0.202776  ]
2,-167.7507666783436,182.85225030180135,60.394398738341394,1.1091087381556264,1.8929970764309871,2.627493822678865,1.2480880410048343,361.2048334241476,361.17670680617493,4.507565818985141,[-0.44976719 -0.62375847  0.63924553],[0.60523427 0.31348194 0.73172437],[-0.6568112   0.71599891  0.23652611]
5,-144.33145154582937,-141.73646864215902,83.6049764441364,5.466378576924854,5.2572913665898815,7.001417146801267,8.14610398210786,489.9294437546086,489.8403821068279,14.028828888077772,[-0.3219317   0.7027078   0.63447752],[-0.67958969  0.29507702 -0.67163041],[-0.65917966 -0.6474035   0.38255833]
2,-254.41683099363277,299.92968523440675,75.23159321998601,0.055046510171194996,0.9197828572185927,1.9336667202388185,1.017236538618505,566.3040185159878,566.2977439688572,2.6658137855163853,[-0.67667239 -0.65723904  0.33189052],[0.37207846 0.08372915 0.92441714],[ 0.63535195 -0.74901687 -0.18788728]
23,-303.5745680093763,9.798963110516352,348.2138875818997,5.963580667630272,9.119833662075376,6.012772404344703,7.283466070037089,2216.714167126742,2216.36073243813,48.42500765911393,[ 0.74135423 -0.16337596  0.65092411],[-0.13692064 -0.98633601 -0.09161882],[-0.65699821  0.02120294  0.75359392]
10,-259.1123260754159,-94.22636860771942,204.8995385031877,5.420388532018422,6.60366055259183,4.340209444556709,4.936227996163809,1086.591206958705,1086.513865048675,26.00454092465194,[-0.35063675 -0.59963688 -0.71936742],[-0.55505844  0.75174443 -0.35607646],[ 0.75429702  0.27443747 -0.59642273]
2,-188.48706524955196,186.58788030065136,78.66109242069675,1.0961320040339046,1.5331960033551297,0.9027984534745386,0.03055855299015775,391.2399405548954,391.228780220035,2.9550994808477307,[-0.50004174 -0.14521484 -0.85373936],[ 0.53453781  0.72387263 -0.43620838],[ 0.68134249 -0.67447837 -0.28434371]
12,-349.35466502690906,-111.83978582712176,259.6623863222601,7.404545051234721,8.884517313450404,5.302022967007213,8.289437639338743,1557.4467255632048,1557.1330018762005,33.68177045049307,[-0.46001774 -0.40156482 -0.791915  ],[-0.42911961  0.88135802 -0.19764715],[-0.77732879 -0.24890506  0.57775966]
6,-360.5569238513842,-312.90437021904023,89.0734748249605,5.233429609022511,5.505000852862996,2.9355372127094186,3.523550572553644,1189.7049257781136,1189.6254293589998,17.987541957283536,[0.15780559 0.09783057 0.98261212],[-0.6510546   0.75847505  0.02904301],[-0.74244548 -0.64431729  0.18338465]
3,-244.72737721983518,253.10382047384664,125.55054659902997,2.86885658243213,7.3220309374195445,2.9196789217903425,4.2965613042004325,647.5652279128549,647.4726399137144,12.509806802734284,[0.6274261  0.23911869 0.74105246],[-0.42159601 -0.69580726  0.58147147],[-0.65467037  0.67725513  0.33575615]
9,-210.69513005286902,183.78374966054136,247.1724824308011,3.6599624997242377,5.014506638407641,3.6547977707383312,2.809131887017715,1119.689111007285,1119.6295170410415,19.91822368165251,[-0.39705746  0.54146106 -0.74105687],[0.7236213  0.68135522 0.11012392],[ 0.56455079 -0.49251901 -0.66234993]
13,-57.64306865625174,10.434388980802522,52.49427800931298,4.801266967777307,15.769936025399774,11.937147396736398,10.365873153835258,292.70520142976227,286.1963557316174,63.67093933998897,[-0.50616785  0.54689443 -0.66685875],[-0.47218278 -0.82277554 -0.31636029],[ 0.72169075 -0.15474781 -0.67469666]
3,-329.26709526667486,-90.23401283214021,127.6396938280731,3.1663143876230015,3.0455481223036904,6.101328272787062,4.400928561818062,631.4378448298778,631.3631485875724,10.550670564046184,[-0.41124862  0.73172422 -0.54355703],[0.1218476  0.63509542 0.76276273],[-0.90334253 -0.247454    0.35034095]
17,-180.59288826104125,-43.55450839395642,139.8904665536154,12.253815260232681,8.753145434967514,7.9689141373870775,8.686918469493309,960.6369518662356,960.2647894643483,60.51440886056808,[-0.4131231   0.87154759 -0.26407217],[-0.47448331 -0.45350381 -0.75445337],[-0.77729975 -0.18638427  0.60088768]
4,-338.68282036081416,76.06778447308376,304.25663138757614,2.9209852718351215,2.18911348602455,1.0590589228163814,1.4870889658108035,923.2053928943542,923.1869376619244,6.993966986963271,[-0.34532557  0.74503926 -0.5706722 ],[0.58512423 0.64634505 0.48976291],[ 0.73374375 -0.16478647 -0.65914   ]
18,-248.49536121901252,-42.515372714346405,57.62757741704641,10.75731231827046,8.401545132153204,7.87856496627365,10.213351010639771,1099.0725382786056,1098.1702735266838,51.254323133040984,[-0.26928397  0.73852759 -0.61811257],[0.0622987  0.65383485 0.7540682 ],[-0.96104371 -0.16455087  0.22207656]
3,-301.40395833740746,-268.15318853906996,121.80348595118284,1.040386253299412,0.6660122207123157,2.0720184054471247,0.6641947972382874,729.9157408978036,729.9049128342893,4.018919823125033,[ 0.65228109 -0.75626859 -0.05086452],[0.25095203 0.15215024 0.95596725],[ 0.71522896  0.63632391 -0.28903186]
3,-159.06665614798462,-104.6025499475587,34.49120921584764,1.4385904027108525,1.5837412812159026,0.7959568917042757,0.8258717263868199,335.1334643849413,335.1186232250012,3.6831745746844935,[-0.28353345  0.11736661 -0.95175305],[-0.49362884  0.83303049  0.24978145],[ 0.82215531  0.54063415 -0.17825646]
3,-315.14584741802554,187.694255613355,143.52123882909203,3.265235351898661,1.1114660751302545,0.9292556965604165,3.2361862131562615,682.2542881874037,682.2500462826034,2.6139600805852288,[ 0.33356468  0.85828167 -0.38998356],[0.49855263 0.19049425 0.84566969],[ 0.80011242 -0.47651287 -0.36435643]
3,-198.82947402174105,51.54927671512896,199.8346031805004,1.7424782475907723,1.8184031490107015,2.2173886711558066,2.0492153961064483,496.39149515415653,496.3747834169962,4.610153114392011,[-0.51120897 -0.80504821 -0.30093649],[ 0.50724102 -0.56527168  0.65051862],[ 0.69380972 -0.17990362 -0.69732543]
6,-149.07467343958652,-166.20077955735016,53.48926495435844,10.31210638754295,6.568088444967567,1.9082789462071654,11.489219401424398,563.1575670956282,563.0716739530109,11.225019738355405,[-0.3244954   0.5408702   0.77599109],[-0.68722488  0.42889608 -0.58631913],[-0.64994208 -0.72353824  0.23252465]
2,-412.0687285573716,127.37346992359302,222.88620114013224,0.4292371262032191,1.934346982663115,0.3971911677830775,1.0541562734765648,686.5959222971373,686.5915930557579,2.438208402312898,[-0.45464217  0.08123878 -0.88696153],[-0.27000534 -0.96154248  0.05033057],[ 0.8487624  -0.26236675 -0.45909267]
3,-216.9028954718614,-181.23445631094765,68.46678001300545,3.0837728949266463,1.2278404099689912,0.3158459471188608,2.8509586911765354,503.7603771216372,503.7521099268465,2.9935472332021815,[0.09285285 0.25269433 0.96308043],[ 0.65961841 -0.74016521  0.13061017],[ 0.74584308  0.62313805 -0.23540828]
6,-312.51223765240724,360.7165245204169,52.42273754303351,3.5578216421221227,4.774910158085675,7.147434496938107,4.478936928645431,1176.2762690812713,1176.160932742553,19.98902550490093,[ 0.73599724  0.65969392 -0.15202632],[0.18620173 0.01864011 0.9823347 ],[-0.65087401  0.75130319  0.10911708]
8,-141.35585638383546,106.87579446269145,21.73895466615182,7.236168800085015,6.4389257092990295,6.187476766931532,3.663329638804795,505.745241808233,505.3865638408598,30.72151436157341,[ 0.1326202  -0.0265426   0.99081147],[ 0.59593335  0.80091407 -0.05831024],[-0.79200715  0.59819072  0.122035  ]
7,-346.43083864112015,199.08157880270127,81.56508949364586,2.3774309532749203,0.7278525532057796,4.98971054460814,2.28141089460009,1079.029018623839,1078.9623474956638,13.455301352164007,[-0.51419799 -0.85097009 -0.10700622],[ 0.11800207 -0.1937699   0.9739244 ],[ 0.84951512 -0.48816301 -0.20005233]
