N,MEAN_X,MEAN_Y,MEAN_Z,SIGMA_X,SIGMA_Y,SIGMA_Z,SIGMA_R,LAMBDA_1,LAMBDA_2,LAMBDA_3,EIGEN_1,EIGEN_2,EIGEN_3
305,-330.4412039540218,-46.65471002405563,215.88124299088162,17.626379819274497,31.585670704717987,28.671823812287997,21.158705068174452,6979.155624046705,6960.550441551514,710.6784888699383,[-0.51947324  0.51420296 -0.68245357],[0.20013857 0.84967249 0.48785367],[-0.83071783 -0.11684165  0.54429397]
7,-241.73573282843788,-149.8660080409501,49.26956118014848,7.289718742764812,5.687967578580917,6.759554122755274,5.331322308744143,764.2867218678703,763.8757272783201,26.924104768402042,[-0.43819301  0.45139162 -0.77732393],[-0.32619649  0.72596489  0.60545093],[-0.83760536 -0.5188647   0.17087038]
69,-424.02263926833166,99.83706465058596,108.97809296595503,9.714813914239842,24.835299898683335,11.073026036573351,14.77832922331086,3737.26130695794,3732.4780326808805,206.66542114961578,[ 0.17339707 -0.29079654  0.94094146],[0.28102536 0.93030128 0.23572074],[-0.94390582  0.22355513  0.24303272]
258,-252.73163440416576,-188.58726358510827,313.4626054059929,16.21083574544428,44.58035469620363,21.877016299741232,29.63294812692566,7187.908049509478,7160.808039312928,690.394320491435,[-0.7839755   0.01837318 -0.62051982],[-0.25193126  0.90413531  0.34506517],[-0.56737382 -0.42685098  0.70419116]
3,-258.5385021088072,72.5001175750712,151.63909278422184,1.8350155166276148,2.5002067019305056,1.8021567860812178,1.1261611253566566,534.1411688346188,534.1278972839676,5.901618032065347,[-0.47275234  0.13536793 -0.87073575],[-0.27125409 -0.96250488 -0.00236156],[ 0.83840709 -0.2350742  -0.49174554]
85,-50.357073713871955,0.33321925433362487,18.72598530113797,16.523496657463333,15.055344651847262,13.897438314840215,15.658776752228526,541.1228936623296,529.0662657130129,189.1536869460815,[-0.26564815 -0.62672571 -0.73256122],[ 0.21780276 -0.77923235  0.58767245],[ 0.93914483  0.00343976 -0.34350422]
337,-381.3976493508776,103.14192108091584,172.2145241203099,22.943890749417626,31.931133933717163,36.131760081275836,27.43882707032355,7963.733286806934,7937.252121426196,838.6456056058263,[ 0.0662108  -0.78408253  0.61711484],[0.46353018 0.57185608 0.67684592],[-0.88360393  0.24123685  0.40130896]
68,-361.26307878407255,-155.16133877470517,235.4976494714752,14.07067908280374,10.70439487276985,11.581989456803207,15.170424685699015,3782.617528106066,3782.0561758929766,121.47023190893633,[-0.50847734  0.82864683 -0.23408381],[0.34643259 0.44574733 0.82540522],[-0.78831165 -0.33860559  0.51372268]
3,-210.25619993179103,-165.4741150616609,229.21774712019212,1.4904923156627408,1.5480414817214174,0.7300932531399691,0.38543531253264285,610.2492583555821,610.2397074795554,3.8750571134034506,[-0.54554204 -0.35709344 -0.7582006 ],[-0.58842197  0.80740363  0.04311575],[ 0.59677756  0.46966335 -0.65059425]
178,-133.74898252994066,107.47106616024301,153.4053527883231,22.676602065254617,24.17701799733598,29.127868612403034,38.300221162835875,3121.892057697472,3118.1293042271477,286.87810260070114,[0.74293008 0.64014788 0.19561592],[ 0.3352689  -0.60880828  0.71899043],[-0.57935279  0.46857569  0.66692366]
101,-233.5239942320524,192.20902091973554,44.181612558264,26.963225625353328,17.894317351348302,13.620691438087906,22.28235754775144,3089.93989508319,3082.7384744703327,266.1292207400983,[0.29493872 0.1417981  0.94493621],[ 0.57183783  0.76608838 -0.2934452 ],[-0.76551463  0.62689862  0.14486361]
62,-431.781794270593,-129.17545675804732,113.63257636378248,15.945068296555933,15.893603799794718,14.484646382213478,15.350020710163102,3664.530454202392,3663.132956334528,172.5604960876929,[-0.35107255  0.87125944 -0.34300882],[0.11676902 0.40420421 0.90718463],[-0.92903878 -0.27843482  0.24364112]
3,-305.72152739641314,67.93702143770666,358.3234266228669,1.1455464727611153,3.4474512143869487,4.355456550937608,3.7934944096188525,824.3277076770152,824.3083395132737,7.294554686120416,[-0.71131876 -0.47674722 -0.51646656],[ 0.28524537 -0.86737091  0.40780237],[ 0.64238672 -0.14275778 -0.75296715]
40,-371.2796126151326,-1.270443884711194,116.03737099143059,11.057594267623019,7.4079637597321195,11.257511757138332,12.285325282142741,2462.3184674975896,2461.769833036293,78.57699362270289,[-0.12723048  0.90861271 -0.39778807],[-0.27010681 -0.41762944 -0.86754133],[-0.95438709 -0.00293244  0.29855768]
247,-287.8988784646295,175.5711664918892,204.09714822207553,42.63140851198839,20.361070957055325,30.75790153901294,22.53271640802045,6252.496884461448,6211.753142457401,800.9301217966487,[-0.12370831 -0.83187985  0.54099183],[0.66952118 0.33241925 0.66425811],[-0.73241903  0.44437974  0.51583816]
83,-137.22606428807322,-120.43186486473402,186.37047389690437,11.15128736442536,18.197824024998276,16.491453227159646,17.657050016899547,2387.9769217563403,2384.007861254909,185.0728524700592,[0.37442371 0.62868514 0.68158777],[ 0.76521131 -0.62464269  0.15579845],[ 0.52369699  0.46322403 -0.71495801]
20,-469.4747474281238,33.174682928320706,114.68446739896619,4.294823720121246,6.369018727393617,7.800794256094731,4.266070008738076,2166.790001812885,2166.6026647523277,45.09410264694042,[-0.18191078 -0.84682785 -0.49979101],[ 0.16629721 -0.52744452  0.83315515],[ 0.96915102 -0.06844605 -0.23677295]
4,-250.96246321756468,137.5646666478937,330.9472357301375,4.039106885864778,4.029347165383227,2.2049211429097726,2.5975985682600338,875.122482992508,875.0974230275189,11.071581027757787,[-0.8183851  -0.18088492 -0.54545988],[-0.03466808 -0.93190149  0.36105087],[ 0.57362353 -0.3143887  -0.75638336]
10,-200.44639987207498,-211.02184911657992,313.8306951108974,4.078145331252358,5.476938166217375,7.665443897145755,8.305357205880131,1353.847409258765,1353.8160401104628,18.993930795363042,[ 0.22248058 -0.86890031 -0.44217038],[-0.85514285  0.04389666 -0.51653054],[ 0.46822335  0.49303685 -0.73326773]
3,-223.672519998059,-86.09808805386928,272.6628259380041,2.9405946595587924,5.30254962011476,1.0387398033660538,1.7982667502620677,628.8671925888873,628.786990730415,10.187970173809248,[-0.65452413 -0.37627942 -0.65575298],[-0.4381448   0.89563449 -0.07660275],[-0.61613903 -0.23717641  0.75107926]
243,-276.7529157628315,232.75919189572156,281.95606394993166,33.253834941419356,19.119965133396004,18.251618177647643,18.70439505170615,7173.022178020722,7159.759802982424,594.0958272316014,[-0.09920306 -0.81278998  0.57404808],[0.79030822 0.28617674 0.54177097],[-0.60462523  0.50742025  0.613965  ]
13,-315.21736297419403,217.57610012656457,122.41847030539246,6.609604435991343,4.522710488358609,4.814096617741506,5.387686860641394,1450.1699504715612,1449.9649844691019,27.51752448624865,[-0.21077318 -0.69315364  0.68928419],[0.58394844 0.47620674 0.65744305],[-0.78395082  0.54107779  0.30439438]
43,-203.63111597229374,-167.0329436269231,265.53031805789254,11.814772247519391,10.917191791098283,14.013260837933585,16.233191586842317,2456.0173391275735,2455.209113880086,89.77912135987965,[-0.81596074  0.08621725 -0.57164207],[-0.19387533  0.89074322  0.41108257],[-0.5446287  -0.44625453  0.7100961 ]
7,-154.37213639932207,22.75068379537438,13.2467346413801,5.885338980783709,7.500304244899163,9.549044095649691,5.988914859794694,415.6294688780463,414.8681946797473,31.924210016487287,[0.16820883 0.87436561 0.4551819 ],[ 0.00565713 -0.46261002  0.88654383],[-0.98573515  0.14654948  0.08276149]
73,-349.7466699346118,-191.36777883732302,94.08594310152661,22.659357600589,17.23588907066607,15.236001690220453,22.770482398628904,3508.6961438239637,3507.471945657924,192.90566452829768,[-0.50218163  0.62546548 -0.59716543],[-0.13566425  0.625022    0.76872798],[-0.85405434 -0.46705507  0.22902126]
6,-331.8519365983275,-277.8067133410163,141.94864961789847,4.640188510839907,4.920963368288014,3.4530254232703776,4.743467295034578,1115.7994996923771,1115.7476185853648,14.530610372115959,[0.09016423 0.36565469 0.92637307],[ 0.67899567 -0.70304224  0.21141544],[ 0.72858444  0.6099412  -0.31166721]
63,-375.211366312497,165.68683655408685,31.66491428900197,12.175787355621447,18.888061504936562,13.122205975076676,15.946277700581218,3270.395177122217,3269.2094312751256,161.69807057069792,[-0.15071125 -0.50218829  0.85152395],[0.38220946 0.76478024 0.51867824],[-0.91170283  0.40363116  0.07668013]
51,-209.5641810163674,56.99063884360307,82.79462539373051,11.919062027155507,13.394469271646505,13.88091565678578,11.232729427402212,1665.3387083762102,1664.102139326824,141.05984355493908,[-0.07106828 -0.89584249  0.43865194],[0.42663138 0.37020925 0.8251853 ],[-0.90162906  0.24578719  0.35588439]
25,-299.5295140026649,-246.71493085340973,246.4168691267821,12.064256561260363,16.61383256602062,5.788822485046698,5.9101136510078875,2300.6639820290666,2298.820030001906,102.46235130914751,[0.39966516 0.35769033 0.84399371],[-0.64485835  0.76407925 -0.01845552],[-0.65147945 -0.53688036  0.53603545]
2,-397.0004297505635,188.20603201013103,137.36462154712387,0.7849308563036743,0.0031682414128795244,0.322926648608572,0.5818817897506676,651.0001710722087,650.9995845583197,0.8738655158467759,[ 0.21519931  0.82977508 -0.51493939],[0.45814452 0.37988461 0.8036114 ],[ 0.86243426 -0.40885328 -0.29840599]
8,-353.73585352513606,252.41597729955186,206.15468242184483,3.9352318691791117,4.431124037626906,5.341685554296792,3.6686502469935798,1360.5609504368497,1360.5049536112056,20.019180189941775,[-0.67399947 -0.50164388 -0.54228971],[-0.06956099 -0.68772329  0.72263265],[ 0.73544951 -0.52477623 -0.42863029]
50,-312.90633312755125,-316.5036914958275,62.21801277292755,11.973852420297135,17.785758515374486,10.101193909007216,15.389337372803872,3181.284408557449,3180.389965471777,127.77848618725267,[ 0.43173142 -0.2573533   0.86450984],[-0.57368018  0.6612647   0.48334257],[-0.69605965 -0.70462634  0.13785026]
11,-193.61909969302405,-14.60804814752696,13.189408272697792,5.429097881015335,5.397893828203623,8.778363870547457,5.541461256288927,646.4294375699267,645.9322085192107,33.92636413068567,[-0.09224823  0.94930049 -0.30053092],[0.04194105 0.30525436 0.95134679],[-0.99485236 -0.07515548  0.06797383]
232,-232.12634124903613,-112.47709711104741,136.56884665171742,33.65027804390841,16.97693025068887,26.212235258513186,25.51034955790614,4495.340176975061,4466.437127117506,588.6772568128122,[-0.17128625  0.88299284  0.43701793],[-0.57845086  0.26893817 -0.77010835],[-0.79753096 -0.38470237  0.46470255]
25,-255.05145385917248,-40.6784371720744,58.399756955215054,10.689607389304626,9.853273906939853,8.572255125974266,10.497047591651407,1326.447581340172,1325.2343230494391,66.01716027127306,[-0.26152021  0.72469291 -0.63751656],[0.06091723 0.6715793  0.73842422],[-0.96327373 -0.15427712  0.21977784]
351,-322.2912210543464,-218.71717938088264,162.66072664181644,28.41663829743423,47.87420354551348,18.92669612307024,26.531085153991437,7978.861547970402,7929.794520393607,978.2054258553366,[0.29990426 0.24423231 0.9221757 ],[-0.57411978  0.81822193 -0.02998915],[-0.7618687  -0.52044544  0.38560684]
29,-429.4287803429354,181.8546902111348,36.40973597939864,7.42206387153837,10.878840052819871,7.9874107065513575,6.134518659887216,2520.088393303054,2519.4961396773706,76.11862550751887,[0.19178771 0.26326149 0.94546859],[ 0.34699237  0.88294353 -0.31623885],[-0.91804889  0.38872112  0.07798799]
90,-381.7748699678754,38.931626883946706,282.13697498574913,9.974649999809573,20.756884296788062,14.005846149134356,9.016059538979055,4524.460135401763,4520.864005032658,241.3282898672085,[0.56791178 0.41407279 0.71135078],[ 0.18733196 -0.90658751  0.3781611 ],[-0.80148796  0.08150341  0.5924308 ]
8,-427.40166622747154,175.9561471613602,73.41097364078698,4.326373232609135,6.554777373175016,3.9173394296289206,3.379447374494119,1323.890267517974,1323.7719345604235,22.92624045162578,[-0.23468918 -0.17083774 -0.95694068],[ 0.33297517  0.91075114 -0.24425374],[ 0.91326257 -0.37596119 -0.15685871]
140,-242.8621429872488,12.624630130495374,15.241047084507013,11.178630739027605,27.575811534315484,10.235034336362716,11.257587368397612,2904.644642923592,2888.714775861539,346.7565027460975,[0.06574728 0.05423207 0.99636147],[-0.04902683 -0.99714042  0.05750962],[ 0.99663116 -0.05262955 -0.06290044]
61,-158.68482245011623,31.07977822157949,65.81079078153428,10.307938550338731,18.764488938551825,12.064425324883311,10.758828521177989,1374.5936122313583,1368.5437733881433,171.92851363403443,[0.41727849 0.40519633 0.81344613],[ 0.00564509 -0.89623661  0.44354038],[-0.90876113  0.18048788  0.37626763]
6,-239.09942399512343,-278.0813122523487,168.7467429383638,2.5233478086929124,3.751229363886223,5.199308573677883,5.831111619378224,988.9972662368024,988.9650211376143,8.990244831104828,[ 0.59512132 -0.7237199  -0.34937105],[0.54323547 0.04191072 0.83853367],[ 0.59222111  0.68882001 -0.41809228]
4,-199.08350345621903,-80.80093995738781,250.90052460135257,1.8660018357046038,5.892953293491826,1.7099033833912358,2.2623763394931196,660.7719900251925,660.6646541804159,12.021018904112868,[-0.78848692  0.03626481 -0.61398146],[-0.12265122  0.968939    0.21474145],[-0.60269814 -0.24462641  0.75954781]
16,-100.93503526280168,-58.91279911962406,122.03197858216733,4.587134114984464,8.846330723744767,10.817100434171364,11.463830830463369,678.1793258807253,677.7054962600973,36.37098413606445,[0.50880961 0.53231551 0.67657444],[-0.62146764  0.77097108 -0.13921772],[-0.59572708 -0.34963381  0.72309436]
4,-225.84427964223002,-258.92005816549283,217.16553349458223,4.731594595740898,2.3365513264631312,6.661028067444119,6.981248115143705,813.0793350344983,813.0401895493911,9.706286470108196,[ 0.81680575 -0.29826987  0.49382533],[-0.15512148  0.71090805  0.68596434],[ 0.55566689  0.63690253 -0.53440572]
2,-212.12986899056773,92.15932617162173,196.02381802093353,0.10395796418126224,3.463586178733607,4.084884998059749,3.620928126576956,428.82736263393934,428.7910342248813,5.581748107600238,[ 0.25276568 -0.74112396  0.62196848],[0.66835384 0.59856257 0.44161747],[-0.69958034  0.30406928  0.64662912]
78,-215.85551511611257,144.05448590535823,285.4715615309032,14.236332347737015,18.85414277438505,30.004411371092594,34.11798021614706,3423.218273878523,3421.387263555521,148.7659365049028,[ 0.2729849  -0.76026123  0.58947613],[0.78388386 0.53099549 0.32182275],[-0.55767853  0.37422807  0.74091026]
12,-127.03729818859887,145.11029064614772,111.46600190395412,5.194595646669803,5.034616675062005,10.245845075128182,7.506930358520715,772.8195347157227,772.1472369100512,34.60352483870879,[ 0.72695487  0.68390412 -0.06173948],[ 0.38272014 -0.32887312  0.86334684],[-0.57014201  0.65124313  0.5008198 ]
14,-384.51290686774956,-55.968217080188126,159.46412080187102,6.419044107433077,9.83923907041163,4.275635561646828,6.6897249742560785,1572.1550820262516,1571.8343857495506,39.51177054475011,[-0.38953748  0.05741296 -0.9192194 ],[-0.10081348  0.98940013  0.10451806],[-0.91547648 -0.13338341  0.37962043]
23,-305.0316143489932,9.331118671909547,350.6807902306535,5.068371454773205,8.353923514278886,7.868365886471252,7.558672948345479,2230.1233606269698,2229.903369884518,48.0177775369836,[0.7481578  0.14827887 0.64674051],[ 0.09893483 -0.98874356  0.11224116],[-0.6561035   0.01998894  0.75440615]
5,-66.38693373617045,52.141590387741815,4.83972072713401,5.013645290173001,1.96914252410413,2.2243065802685424,4.101289232348878,189.46842198108124,189.34076474577398,9.238075913176536,[-0.20251351 -0.34332671  0.91712325],[0.58407538 0.70936972 0.39452574],[-0.78603068  0.6155659   0.05687172]
18,-243.96063288609628,-7.375182181349154,137.32796458715075,6.736048114398939,7.722742124199892,10.732350408223878,6.911443673744931,1189.6291798159966,1188.7340964081625,55.734501800634334,[-0.27994587  0.84699552 -0.45191691],[-0.40372133 -0.53095774 -0.74504561],[-0.87099908 -0.02612394  0.49058958]
13,-258.5982170440202,295.35640899801695,73.08649593128563,5.656316440134202,6.059446350643066,7.292487598895322,7.190550473984175,1440.237905518936,1440.0280072970756,30.09017363547193,[ 0.69055149  0.67124456 -0.26938705],[0.32210223 0.04807901 0.94548324],[-0.64760234  0.73967503  0.18300834]
5,-162.24710269274547,-148.60775186004176,26.42933467221326,2.258379449980233,2.5498479241494674,3.9585411586691266,2.7005387002767924,495.6416271153508,495.56165706771765,9.985077895377442,[-0.62494839  0.73097561  0.27406965],[ 0.27092644 -0.12617158  0.95429534],[-0.73214642 -0.67063805  0.11918989]
24,-349.37798450422025,253.20311336600733,54.35785873566035,8.612613534022236,9.161523459168558,12.8425778734245,9.61120447685925,2132.0848052494957,2131.3127359952164,74.44310812235295,[0.5954654  0.78756156 0.15864343],[ 0.00582438 -0.20169658  0.97943074],[-0.80335984  0.58229312  0.12469039]
40,-223.54093443298015,120.71462030863759,8.82733398540263,13.028818588260064,18.763949989350465,6.149584268276974,19.01731611271643,1614.2393187131468,1612.7281977863631,88.03810230365617,[0.11918274 0.14913587 0.98160785],[ 0.4634372   0.8659922  -0.18783898],[-0.87807827  0.47730075  0.03409621]
39,-315.6200542385657,150.7205834596127,323.13087577046014,16.071038349359167,11.349502038748415,8.414788590518679,6.829105924557475,2976.3040953780205,2974.462856594429,126.9260141315997,[ 0.21967575 -0.78415222  0.58038596],[0.71565363 0.53384154 0.45039215],[-0.66301014  0.31641509  0.67845342]
8,-197.30306094109,-192.75053329631987,9.77009913882519,4.443168525931432,1.9446296652433241,3.382087353531691,3.8343282042671407,780.794977733363,780.7581125124668,12.763013213997246,[ 0.59890858 -0.58551622  0.54633256],[-0.36079504  0.41177267  0.83682149],[ 0.71493737  0.69829365 -0.03536284]
51,-286.54814254139086,123.92430984390724,243.12074126707566,12.78131519124869,11.02471518439095,17.125318881495225,15.982238994103314,2830.3781966605343,2828.7755203299057,128.79926585309275,[-0.31577639 -0.9425721   0.10882603],[ 0.61345484 -0.11531483  0.78126542],[-0.72384973  0.31346503  0.61463912]
9,-129.2657857607841,-16.375809763253685,116.85751526918729,1.5520079963717524,7.13282813193638,3.7518883609839664,2.1493321572587636,525.596373629654,525.1656592969713,23.765914640251314,[-0.66471549  0.26689547 -0.69779662],[0.11313895 0.95920037 0.25910274],[-0.73848012 -0.09328163  0.66779162]
29,-300.3152326503075,90.76150852267656,307.1717247498655,8.492530264567092,9.95621085246746,8.444302164296044,7.376425134713339,2365.454031711063,2365.2734038059784,74.13487517023127,[-0.42579913  0.66553607 -0.61299008],[0.5923618  0.71715043 0.36715495],[ 0.68396097 -0.20677765 -0.69960017]
59,-131.4754432792787,-127.13240784706667,32.19680602427717,15.421211248142692,12.633054387327714,14.765451710356755,14.041180639395172,1436.5333857546946,1432.886805042788,158.32394956368134,[-0.49197737  0.65370819  0.57499901],[ 0.50565261 -0.32308686  0.79995645],[ 0.70871271  0.68431022 -0.17159783]
2,-90.15432646604452,-7.722693972137549,83.75752396675544,0.7466488047059769,0.7368889484102126,0.11712414103656954,0.579329634437272,174.37820742053356,174.37374263906904,1.2478386283286635,[0.57561858 0.47776219 0.66363133],[-0.36608559  0.87625568 -0.31330071],[ 0.73119395  0.06260416 -0.6792909 ]
60,-171.66060069012693,100.75305175138233,45.9923650375908,9.919174572726826,9.332114245781735,19.612010292385403,9.730061524013779,1591.7316776297612,1585.6394768316522,169.14864563348962,[-0.46454816 -0.8690011   0.17038808],[0.28015438 0.03830765 0.95919031],[ 0.8400646  -0.49332506 -0.22565872]
10,-73.71639341846242,72.47718689140996,49.09616311326493,3.9136147432641937,2.8648921475766453,4.92890686614897,3.684499723309103,362.48783908115206,362.180140170279,18.279086552132203,[0.70103245 0.26405128 0.66244278],[-0.30553361 -0.72813626  0.6135689 ],[-0.64436226  0.63253024  0.4297706 ]
59,-255.53641259626264,-258.8594758859184,26.837580496819832,7.975711859836042,18.4849900378086,18.846664547704325,15.243638643411908,2808.590162767155,2804.799132398696,178.5746974636863,[-0.54610291  0.59966001  0.58496109],[ 0.46060331 -0.36831898  0.80758016],[-0.6997258  -0.71045689  0.07506532]
21,-230.37104142792955,108.01625477189559,158.9127690923935,12.174663844566458,8.534119849182392,8.03207578045095,8.746430302808673,1376.113410775412,1376.068876488457,66.23608903219761,[-0.61824975 -0.63088741 -0.46877321],[ 0.16539708 -0.68749098  0.70710675],[ 0.7683821  -0.35963485 -0.52938806]
20,-289.2546379328804,126.96908206135495,132.34453809366238,6.828696501425914,9.315088504714094,12.633001742388977,7.930478737789408,1533.3192327345641,1532.3768000617258,68.20605843002608,[0.5347666  0.62242062 0.57150438],[ 0.02908651 -0.68949486  0.7237063 ],[-0.84449905  0.37039089  0.38682287]
17,-259.7096170910361,111.17921913377893,25.204930916732053,8.608103677036668,6.85741334049514,9.013937530215282,8.58344448439646,1170.533621924802,1170.3332319595756,46.78086584509893,[ 0.33444492  0.86622168 -0.3712231 ],[0.22285408 0.3100418  0.9242349 ],[-0.91568699  0.39183425  0.08934913]
2,-419.7852355470254,-24.41790531603327,156.27614132650274,1.9780839688393996,0.5377934966978408,0.07485531970168324,1.8542365150213413,634.4167684929948,634.4155556897089,1.2405015164184463,[ 0.21822825 -0.86544681  0.45097478],[-0.27693853 -0.4980347  -0.821746  ],[ 0.93577854  0.0544359  -0.3483608 ]
11,-306.0372708176162,-333.07699728746024,164.22036083870168,6.347739107554965,4.801845121795437,4.244035118618491,5.16060513439527,1596.2350104301404,1596.1524419231598,24.58655719925965,[ 0.35152242 -0.65346912 -0.67038056],[-0.68697664  0.30642059 -0.65891541],[ 0.63599928  0.69215932 -0.34120431]
10,-310.96633476149754,-175.06255998396347,318.26845747531627,4.299206254554791,10.006759153197883,8.170599692771678,7.606594058394024,1512.631254460915,1512.3556321421702,35.638711300307264,[-0.706872   -0.02953218 -0.70672471],[-0.27840581  0.93009852  0.23959745],[-0.65024778 -0.366121    0.66568254]
6,-392.3361597667052,18.53956566644422,33.46175549990879,2.6340962126700176,7.035991000877513,9.092018219380225,2.624324558265067,966.0007084743052,965.6145036598405,28.16673072693136,[0.08900608 0.79061683 0.60580768],[ 0.03867978 -0.61050649  0.79106618],[-0.99527976  0.04697719  0.08491968]
9,-315.7458805976973,-30.332812492869834,160.16486776024178,5.401952883593519,6.7479897312761254,5.07327466513132,5.877014626177386,1066.3986613673608,1066.2274804912636,24.308354964684753,[-0.45458837  0.29562276 -0.84021223],[0.06168975 0.95149952 0.30140178],[-0.88856276 -0.08518126  0.45077751]
16,-203.14215070669343,44.81172786039195,153.26310555822437,4.293058905567347,9.581931399170568,10.824435942987666,9.209477268444397,1035.0126758486958,1034.5139532820028,47.62095036690439,[ 0.31689813 -0.71075319  0.6280171 ],[0.53149881 0.68148805 0.50307361],[-0.78554732  0.17436725  0.59372676]
7,-385.9999757115612,274.54943561910676,88.46819690475759,2.432795072835424,4.75729616802892,4.205749458392099,4.414428041179131,1275.036740748206,1274.9672454195957,13.678977800218027,[ 0.31137036  0.65852608 -0.68512182],[0.51130774 0.49160849 0.70490105],[ 0.80100742 -0.56979338 -0.18363717]
2,-325.32627361182773,110.08862024815785,268.93424935361816,0.3057848943696513,1.8589310744423955,0.1145215527180028,0.3116932201508291,616.9049867362431,616.8993698195792,2.6325227920377827,[-0.60015051  0.1471586  -0.78623388],[-0.28915278 -0.9563737   0.04171352],[ 0.7457949  -0.2523761  -0.61651948]
2,-378.54267442510684,112.04415944612148,35.388020455287275,1.4396908314575398,3.8564422861453593,2.6473307354026545,0.048459367232908335,560.5795487448028,560.5368219263931,6.921107973840259,[-0.08255941 -0.54288735  0.83573756],[-0.284718   -0.79079971 -0.54182237],[ 0.95504953 -0.28268206 -0.08928184]
4,-406.43485136730953,165.73041729778913,95.05638991468304,1.8849404951257482,5.714222195869058,1.9789562602427984,2.8033936161226363,898.2876036881637,898.2226529211879,11.35934718459766,[-0.29938176 -0.19895109 -0.93316077],[ 0.30229158  0.90785827 -0.29053942],[ 0.90498086 -0.36906885 -0.21165497]
14,-301.42858745828886,-8.645080931119393,290.96654526277047,6.877155196014776,8.980316059742082,8.209812113918517,7.159488189641333,1568.6214143539703,1568.2942006233827,44.97398050795442,[-0.53041069 -0.62913102 -0.56820654],[-0.44865591  0.77702254 -0.44152447],[-0.71928602 -0.02073992  0.6944044 ]
15,-436.3823294311796,-56.12435831480073,121.11898554960007,8.10857991554728,6.074385407119538,6.084630935743406,7.202191118170479,1767.9367651041248,1767.6972413179387,36.26082357469422,[0.09002341 0.73956608 0.66703658],[-0.27821789  0.66176679 -0.69617493],[-0.95629002 -0.12290947  0.26533501]
4,-128.5039031404277,16.99401576843166,5.378964130890389,2.8276198930787757,2.8582330542966363,2.6331026813055054,2.420540832598624,259.5949675388227,259.56600686154513,8.281895133350407,[-0.07261114 -0.24381059 -0.96710083],[ 0.11613635  0.9609972  -0.2509915 ],[ 0.99057557 -0.13054034 -0.04146383]
8,-342.9902688411233,31.52006601974472,158.9734161663088,6.102934119088119,5.456173438901081,5.177953889444836,7.322091696482524,1073.3113001283575,1073.181805691595,17.862599341137678,[ 0.31878938 -0.52188474  0.79120772],[-0.28454007 -0.84895229 -0.44532792],[-0.90410745  0.08316449  0.41913409]
5,-266.18758332428257,105.55151431113923,294.64702739648993,2.2169762299329774,3.7828967000422073,6.18678162553226,4.589234556867613,918.8831850806511,918.7947917569804,13.530071153610015,[ 0.20083794 -0.8505145   0.48609588],[0.73489475 0.45891602 0.49932533],[-0.64776062  0.25694584  0.7172064 ]
2,-265.21735187073443,285.11323118399696,108.4747646165174,3.430606407897187,4.134269365300128,3.6726192888904947,4.181044549724305,571.7323189466641,571.6888302966645,7.051655278141714,[0.74197244 0.66785356 0.05872406],[ 0.13771692 -0.23755066  0.96156317],[-0.65613333  0.70536608  0.26823078]
3,-123.98804537030803,-99.85320798301012,74.48318910213312,1.8379992559143201,3.763082156486522,4.258935373371114,1.4274534485403234,304.55354262390364,304.4810996790877,10.056289397685497,[-0.68072064  0.70973253 -0.18138124],[0.19765592 0.41637501 0.88744802],[-0.70537334 -0.56825311  0.42371789]
6,-334.1574056520747,230.60674141814127,23.026117384875462,8.442014036088311,2.1782901716721925,5.664178336683621,7.411719020272965,996.3704647641129,996.3306281220968,17.844838253948055,[-0.54664672 -0.81258807  0.20218306],[0.16060975 0.13522211 0.97771135],[ 0.82181621 -0.56693527 -0.05659085]
66,-203.18360198427908,-144.76568802491536,76.13638143639432,10.133252379506315,11.803111800315873,13.014414708778338,13.400085206601283,2123.856332534043,2123.527172543576,122.9157207528462,[-0.4778948   0.82675338  0.2968087 ],[ 0.40694975 -0.09106726  0.9088997 ],[-0.77846545 -0.55514466  0.29292651]
8,-374.40245891670156,91.54912652510991,79.84449132970158,7.563257970090519,8.395164067540053,6.2297141653744745,9.373452429035895,1113.8718890051312,1113.6698425976224,25.102551679876086,[ 0.03092107 -0.58197726  0.81261698],[0.30736197 0.77914806 0.54631211],[-0.95109017  0.232875    0.20296977]
2,-308.9857190838538,-190.04418797856601,212.94493762286083,1.5710765180244834,0.9833702361929682,1.7196082984829815,2.4688932897795723,594.8796631127169,594.8791640256636,0.7705797995826945,[ 0.51220493 -0.85855504 -0.02300775],[0.44504003 0.24240403 0.86207869],[ 0.73456482  0.45180033 -0.5062519 ]
14,-164.96406859420884,-185.58319679841082,212.1999819235738,9.2291162076511,7.03161215967844,6.7730866428806245,10.189468667256325,1223.0682747539586,1222.7867880005447,32.81919736725681,[-0.61768693  0.76372994  0.18756184],[0.60257171 0.30636921 0.73691603],[-0.50534166 -0.56820286  0.64944231]
38,-416.2975407659199,-21.268723706573148,247.99494102579146,7.610784748414351,22.763716887645923,10.163206031070246,5.140108338818922,2993.715353997854,2990.667862464351,157.41034577249275,[-0.49885624  0.30455567 -0.8114113 ],[0.12021868 0.95148969 0.28322225],[-0.85830642 -0.04374039  0.51126985]
4,-315.7897850676254,162.8657921516391,280.7206566042927,3.332885987717479,2.771474959669668,1.9434598534551941,2.5242939082294056,905.703787650471,905.6692304885896,8.047179366108645,[-0.59963864  0.18096737 -0.77954109],[-0.39252639 -0.91538193  0.08943688],[ 0.69739267 -0.35962026 -0.61993284]
8,-161.96477984460648,119.15028195465679,10.53156519480674,4.533599833568157,7.604990993445135,3.9857004920703107,7.071317665257344,570.0499345211324,569.9504048195665,18.78050125695343,[0.14736404 0.11314653 0.98258929],[ 0.57597671  0.79779568 -0.17824952],[-0.8040738   0.59221611  0.05239663]
6,-336.4143710819459,200.81136355374704,284.1580731252462,2.233781283954492,6.992365330705898,4.0936308546867695,5.26019929804003,1185.68888238129,1185.6133597602752,16.069985672477408,[-0.55635291  0.20683176 -0.80479318],[-0.45541516 -0.88600582  0.08712475],[ 0.69503128 -0.41498712 -0.58712623]
25,-234.45829447346435,-44.45930025821748,262.573881192653,8.486948722973164,5.878409824871981,6.862747329223315,7.115569760967376,1774.9061932513832,1774.6636362047523,50.78645628410857,[-0.07802906  0.9920924   0.09830631],[-0.74643981  0.00722752 -0.66541368],[-0.66086237 -0.12530135  0.73997331]
10,-285.1569678745856,-200.6949642495519,227.964524260116,6.477676922442425,5.0661902849934615,5.815745382106651,6.748354054768887,1317.7287072184042,1317.6786582318825,23.638608672708994,[0.56542782 0.12302769 0.8155707 ],[-0.46015953  0.86767369  0.1881371 ],[ 0.68450317  0.48167058 -0.54721921]
7,-213.36558215469145,-209.01656064256946,121.77173204153722,6.458514592086742,2.5361225457708874,5.436436362074487,4.502915735230268,853.7081136116077,853.4915550559374,19.962377087743327,[-0.39876185  0.73027248  0.55469909],[-0.63507895  0.21644702 -0.74150213],[-0.66156157 -0.64796048  0.37746987]
16,-267.29793995931163,42.22976221685993,204.490670351223,7.788191434494554,10.33561107198364,5.366510391095164,5.081006568609981,1357.6379243482263,1357.1706424462054,52.18530109708269,[ 0.48052048 -0.48741555  0.7290584 ],[-0.38462417 -0.864236   -0.32428442],[-0.78813978  0.12458817  0.6027549 ]
11,-375.33746700656684,-267.73357553629353,9.731765814428325,16.78608055402659,8.629752459132783,7.396270934617991,12.456264182373644,1530.8982072284637,1530.021584896403,53.0818521159442,[-0.25009691  0.38295005  0.88926981],[-0.52388741  0.71887195 -0.4569082 ],[-0.81424414 -0.58014859  0.02083505]
22,-326.06921181700903,295.65529682340207,79.89961324369195,5.346764455017995,11.048440584936401,5.4681521392452535,7.336637541107685,2099.059411314506,2098.631006468866,52.87586778207843,[0.40467182 0.20551809 0.89106848],[ 0.55237943  0.72162396 -0.41729585],[-0.72877821  0.66107577  0.17849692]
5,-262.84186669459825,-293.0458258261106,6.956566378478735,5.0113091303504635,4.177093928573052,4.747319465133667,4.875031147423068,880.5231620223641,880.4682081084014,14.375213956703323,[ 0.58743376 -0.54108365 -0.60178905],[ 0.45739175 -0.39147148  0.79846281],[ 0.66761843  0.74429736 -0.01752364]
19,-244.86136075749417,-270.8150632069826,242.90175725075144,6.094280243511569,4.504928979553605,9.583113608835177,4.285627248557296,1912.1543621362684,1911.6038327426493,49.763415958878625,[-0.72012187  0.69232921  0.04587758],[0.41183011 0.37327589 0.83130083],[-0.55840885 -0.61753168  0.55392615]
2,-327.8989161814036,-110.2830306231076,331.9829116623773,7.190660391389571,1.228169762789726,2.317640150833654,6.804549080807533,678.1611684045106,678.1430624103259,4.9555258566625975,[-0.09054158  0.96842602  0.23227844],[ 0.72388748 -0.09618309  0.6831806 ],[ 0.68395113  0.2299997  -0.6923229 ]
2,-278.1219230747481,-216.5346639172625,119.05449024622118,0.8573286005465945,0.9509574631988613,2.942430314089698,0.854136024375606,526.1622062613865,526.1440222402205,4.374375239053992,[ 0.45527761 -0.7998285  -0.39114789],[-0.48362012  0.14670457 -0.86289591],[ 0.74755192  0.58202417 -0.32002185]
25,-386.51597277191337,-266.80319239548805,101.67229896110369,5.156629046465231,6.854640771567565,12.546874352617248,4.860968374387578,2403.678838276843,2403.011602462111,72.13308969535134,[-0.57531174  0.81677131 -0.04360079],[0.14856968 0.15677037 0.97639649],[-0.80432795 -0.5552546   0.21153928]
2,-339.7158322745588,182.89402054670404,254.28234487874676,0.6382616390187934,2.3638253478045073,1.8421697374144372,1.4800982647733745,653.4921101349343,653.4810956796649,3.794153122044659,[-0.21308094  0.63572684 -0.74192176],[0.64351286 0.66270528 0.38303123],[ 0.7351787  -0.39581954 -0.55030825]
14,-287.5963260965137,60.72847484014005,165.41494684164286,10.149009883110693,4.1500397800490445,4.9250697191416135,9.355894797231054,1262.7607593771336,1262.5446170438404,28.096476440824674,[ 0.16373214 -0.79935413  0.57812175],[0.49587712 0.57330192 0.65225056],[-0.85281749  0.17988297  0.49024937]
13,-166.88232492354967,-185.25779777837226,273.8790862473455,3.883304424702097,6.586137205223323,6.9746036751160005,5.077715465382727,1335.8065176063328,1335.6735394533875,32.55177301524915,[-0.85692897  0.00979425 -0.51534146],[-0.25050876  0.86587891  0.43301163],[-0.45046432 -0.50015776  0.73954318]
10,-102.35996170002305,46.62582677545714,125.56839202954204,20.13508745206989,6.041582453173121,14.040226312688361,20.979305218443532,538.9241089019324,537.3550891910251,44.388427996617736,[-0.57787445  0.48971792 -0.65286866],[-0.53943074 -0.82949673 -0.14473994],[ 0.61243416 -0.26853591 -0.74351386]
3,-344.96303247593704,-84.65254307944593,87.91687529800794,2.6210003157394888,1.2655527840605918,2.2814868194584332,2.417577660687403,633.8183605779215,633.7999395332262,4.850139743205772,[ 0.07771962 -0.85289582 -0.51626386],[-0.32434609  0.46802996 -0.82203867],[ 0.9427403   0.2313367  -0.24025832]
9,-202.0633751502545,7.536514741025051,155.91788557035477,5.403748231250222,7.976310607525503,5.653555353229426,4.491331423651307,766.5135616110496,766.3563673147657,30.713011824569044,[ 0.57964181 -0.28121061  0.76481106],[-0.19428525 -0.95919216 -0.20543525],[-0.79137135  0.02951265  0.61062295]
2,-478.1632277690311,42.184104858877944,76.52580533880166,0.9400185261121123,0.13251543385780096,3.9708685719890084,1.5613071507675897,687.4480910852554,687.42738954697,5.334982418021501,[ 0.08581891  0.99622684 -0.01293019],[ 1.57986556e-01 -7.93431285e-04  9.87440944e-01],[ 0.98370492 -0.0867839  -0.15745854]
2,-213.71822679243212,-34.620653668956336,94.30016801103892,2.5037080975578903,0.4303819268638165,0.32657794210226854,2.333177764971836,333.9854854530971,333.9821424781954,1.4943222595605008,[-0.20794962 -0.66644807 -0.71596363],[-0.37105241  0.73100169 -0.57267498],[ 0.90502876  0.14657249 -0.39929869]
17,-372.9240326838236,-157.75523974925724,40.299131305270166,9.687315783643113,9.497684654358842,9.24838544051022,12.21877293030349,1679.0063671662817,1678.6490070093123,45.4457547913546,[-0.28364424  0.8038208   0.52289393],[ 0.28265565 -0.45097866  0.84659555],[-0.91632512 -0.38793088  0.09928699]
59,-332.72318627945907,310.65029698115734,35.710250326928396,13.531599086453427,12.011398196445422,10.878093365578476,12.016967217839138,3510.6360813354154,3508.7493451141763,133.28479082127416,[-0.35683279 -0.47477875  0.80452191],[0.58447811 0.55835919 0.58874473],[-0.72873569  0.68030887  0.07825692]
13,-322.94960798487404,-152.20693838816283,31.98801845446645,5.582565927808417,8.280022292162952,7.727331044361075,7.849499658453999,1293.1273657362926,1292.802623012765,35.78852322751034,[-0.39898988  0.72939349 -0.55569075],[-0.17105229  0.53617491  0.82659396],[-0.90085969 -0.42485481  0.08916394]
18,-88.85192850381898,-93.45118934242247,88.83752767796753,7.258858620011761,11.475066464872132,11.882114684649569,7.247105533900109,668.2468366081188,665.5163801909251,70.50022779578606,[-0.7836376   0.60329216 -0.14815761],[0.25296417 0.52772062 0.81087612],[-0.56738103 -0.59795445  0.56615302]
6,-189.4732554628243,-182.61467595703627,149.25566866516638,4.168486556149734,3.358147324038779,6.753315524257705,4.068827836076017,741.3290791782377,741.135855906571,18.596676471005477,[-0.77447074  0.40965958 -0.48205197],[-0.08872271  0.68413569  0.72393828],[-0.62635721 -0.60343798  0.49349697]
6,-394.4190078627649,-110.44813226221116,53.44153730407717,4.798322611007684,3.904331347584826,5.777619481221738,5.147516006223177,1012.0015512534118,1011.8764337806077,16.5053087628813,[-0.2968113   0.87658296 -0.37882102],[0.01201672 0.40009489 0.91639494],[-0.95486054 -0.26744419  0.12928633]
30,-385.28092060292397,236.8572666153338,133.01221869310783,8.702783923495932,12.528108517884455,8.26056375031772,8.715451404699328,2583.44078151108,2582.891391835977,81.61917252658513,[0.35369046 0.05080445 0.93398178],[ 0.4550108   0.86307132 -0.21925571],[-0.81723205  0.50252045  0.28214352]
4,-149.42744414468115,-154.27182278056077,93.75343119974087,2.2584538372060394,3.322705857825447,7.146302674334387,3.8610279365589713,468.9511940272373,468.78336077767045,14.461021828707581,[-0.62832452  0.74488336  0.22440385],[0.44593579 0.10849681 0.88846481],[-0.63745555 -0.65831393  0.40034135]
4,-363.0245751092218,194.7433882017368,210.82096338988305,3.840527598108871,7.665471161070569,2.6363762891441707,5.732745520388429,925.7128265178794,925.6170330423993,13.82069078185437,[0.61720557 0.45770635 0.63997045],[-0.06092787 -0.78313583  0.61885868],[-0.78443934  0.42095507  0.45546872]
2,-486.1856372641238,-21.608383252271338,15.868150383596022,0.6206526481242918,4.863713864886469,1.45875420815503,0.3563144825146196,688.6528344404088,688.6150176886922,7.21691044776184,[-0.01837418 -0.28938482 -0.95703648],[-0.05189367  0.95618394 -0.28813073],[ 0.99848357  0.04436997 -0.03258633]
13,-402.40441521686967,206.21201808657392,85.03624051685887,9.646690637973904,7.132722418639625,3.9687025850698707,9.638562491568411,1659.4791337275994,1659.2742277298164,29.50462470717763,[0.30438836 0.21099235 0.92888641],[ 0.37726425  0.86871307 -0.32095061],[-0.87465388  0.44812926  0.18482628]
16,-107.137648018395,-53.83266962444269,60.107590460771476,8.473194095337801,11.429444636800282,7.933933122338934,8.877695930531747,539.9608336216633,538.2423964859315,53.74704898924844,[-0.59560838  0.6339727  -0.49328417],[0.08303334 0.65939266 0.7471993 ],[-0.79897192 -0.40407913  0.44538067]
18,-410.35512172945727,70.22936226254946,223.75526359815947,6.992650023710306,7.713023166457346,10.052218251821762,10.301003037443307,2006.0150646093603,2005.895437900255,43.1667982083707,[-0.42749211 -0.70884162 -0.5610651 ],[ 0.25226738 -0.6895172   0.67891619],[ 0.86810809 -0.1486929  -0.47358078]
13,-470.7886462016934,26.01798912912509,64.61790309836107,6.193221513338233,13.009948845915954,4.731738614419691,6.27925627198115,1716.7322666123828,1716.1554912458641,49.74016376726507,[0.13758064 0.02983704 0.99004107],[-0.05001155 -0.99806199  0.0370286 ],[-0.98922718  0.05460791  0.13582181]
3,-246.8721010182521,280.89918309129894,185.27119771636634,5.812772972205705,1.0540591898233542,1.4414397696066565,3.3825717332932537,722.935628736248,722.884951669526,8.769163143296563,[ 0.0552698  -0.51545295  0.85513362],[0.80433621 0.53043061 0.26774357],[-0.59159826  0.67301681  0.44391427]
7,-315.52728035840903,220.49506284065365,76.38720623899557,2.6045372713681183,3.9512656639244605,7.163944442503439,3.8742841094306137,1038.5426231814095,1038.3634093293283,20.25592037423429,[ 0.44247063  0.78401019 -0.43537083],[0.39732486 0.26384384 0.87893082],[-0.80396063  0.56188473  0.19476359]
2,-408.6553895001969,1.0953299324674701,51.36508580749959,0.14558474507947494,0.05489923563273491,0.5278868409406101,0.21042689287790495,582.475925731856,582.4754817755725,0.7191574913390292,[-0.01070298  0.99427072 -0.10635403],[0.12428015 0.10685813 0.98647645],[ 0.99218944 -0.00265946 -0.12471181]
7,-63.79405329964026,-65.34496300792935,11.023683253181506,8.298294892393452,7.811215293561266,5.7331832902493005,11.25421917871298,245.57832514097984,245.25705446434517,16.58457570600513,[-0.66849997  0.57135356 -0.47609127],[-0.26779533  0.41228809  0.87080663],[-0.69382523 -0.70962923  0.12260876]
