N,MEAN_X,MEAN_Y,MEAN_Z,SIGMA_X,SIGMA_Y,SIGMA_Z,SIGMA_R,LAMBDA_1,LAMBDA_2,LAMBDA_3,EIGEN_1,EIGEN_2,EIGEN_3
171,-317.0828134775632,-253.80779853218624,168.52282900336473,28.165309474893196,15.337840406617559,22.730324038814267,30.87255701354038,5769.691346956589,5767.838160966714,316.59663254706646,[-0.64158601  0.76481798 -0.05848801],[0.25979264 0.28841014 0.92158959],[-0.72171683 -0.57608423  0.383734  ]
123,-286.4682386604615,175.50184575461898,217.61163375218405,22.061422533367107,17.930028752886475,17.53926046008044,21.393061752847373,4452.947213659259,4447.46002812787,282.69370009463523,[-0.41448697 -0.8928626   0.17605948],[ 0.56180395 -0.09884502  0.82134401],[-0.71594474  0.4393473   0.54258371]
29,-320.0887786691175,-303.73674509529894,64.76000275622292,7.940466153723092,7.1904507084982985,9.527049765424563,8.059761682663849,2402.742568107813,2402.351030229623,63.60832947067787,[-0.66391441  0.60639391 -0.43761179],[-0.20994526  0.41051242  0.88735706],[-0.71773299 -0.68100366  0.14523558]
306,-334.3463824412302,-49.42772077420017,217.12284630920942,16.746925874248117,31.279843228900063,31.820590592913504,19.74116467176923,7066.775568861707,7045.442498063085,756.8212734036521,[-0.48891304  0.62344574 -0.61014707],[0.26359658 0.772332   0.57794474],[-0.83155329 -0.12173204  0.54194135]
9,-386.1336337929338,-67.71632088771725,153.52018343114833,4.085016021149855,6.282039296567751,4.5692480940421625,4.610755202625662,1263.271800774399,1263.164772890799,22.40497251778125,[-0.39854171  0.36054596 -0.84330962],[-0.0041768   0.91876606  0.39478029],[-0.9171407  -0.16085875  0.36466067]
163,-136.48739803166208,109.11208996174108,160.6452137220635,21.044495673623178,21.167144040410882,24.4827717200375,32.92906731826074,3065.603161034144,3064.409155129093,254.03193063202536,[ 0.57924158  0.81277472 -0.06226106],[ 0.57856323 -0.35611514  0.7337892 ],[-0.57423321  0.46106318  0.67651827]
218,-342.106658893842,-172.96664725096062,135.84557049085547,22.176785194931917,25.08605559454796,35.389060363236425,22.72683987322005,6040.920944184524,6021.755153496825,631.4031744257904,[-0.53974257  0.69764958 -0.47112952],[0.0340291  0.57727286 0.81584193],[-0.84114207 -0.42431251  0.33531912]
41,-203.41921868819358,-168.55340638585864,267.2341052758018,11.879645762009845,10.683144800639676,14.494220483729073,16.193795692579776,2409.704830155588,2408.7489783167243,90.06557537092388,[-0.84040945  0.26759186 -0.47128181],[-0.02085664  0.85298716  0.52151502],[-0.54155051 -0.44811551  0.7112774 ]
392,-385.14204820603794,98.55039796285938,167.30703604205152,27.710910158323145,31.027099003916188,42.077094691753494,26.289178658254027,8609.63717346192,8565.685490531132,1049.7500778529254,[-0.01983476 -0.87919629  0.4760467 ],[0.45132219 0.4169942  0.7889386 ],[-0.89214061  0.23049884  0.38852981]
13,-77.53078932565853,63.771471508460095,45.32719509796344,5.318756321675095,13.336718355627916,4.27449176348068,10.563051019837845,400.68828729193103,399.1356622552217,37.63776488701049,[ 0.39556127 -0.16161057  0.90410912],[-0.5945384  -0.79536959  0.11794619],[ 0.70003956 -0.58418253 -0.41070109]
17,-255.47878340500088,44.60626402588905,199.49040849828717,9.922942979129541,5.5879462992552345,9.911901467079899,11.057733033931402,1350.3199534727448,1349.9857261070244,42.580503945106585,[ 0.22740788 -0.84725857  0.48004018],[0.58193144 0.51349063 0.63062126],[-0.7807954   0.13594223  0.60981822]
73,-208.2271809900646,-149.48527258249075,75.05920534135986,10.657203712590631,15.406924644191376,12.809714144232816,14.932630456249143,2287.993704492642,2287.8314767931797,146.62139461346914,[-0.6211586   0.62789257 -0.46894872],[-0.08626921  0.53996785  0.83725286],[-0.77892208 -0.56052265  0.28123788]
42,-334.05203409402225,165.63203190732162,165.58926017349535,17.05989790100269,8.99641159772822,14.951021536307126,19.1569091388416,2648.563243369776,2647.0721082980294,97.39416527719989,[0.56659344 0.45820804 0.68484836],[-0.09122214 -0.79113981  0.60479445],[-0.81893248  0.4051459   0.40645591]
130,-245.55054388811243,12.21522298962739,16.829924450670934,12.743628448089394,25.88869939433081,10.39833869352525,12.474108999581656,2829.2255697869314,2815.8258139806985,316.79633120436773,[-0.07406814 -0.11010423 -0.99115638],[-0.04180604 -0.99266988  0.11339648],[ 0.99637652 -0.04983538 -0.06892219]
86,-383.81936831497984,47.52633985155896,282.2412404991937,11.68245494782976,26.200548770386504,13.726786307533535,7.493877591152667,4448.332453530945,4442.11412759778,287.29656360821946,[0.57033951 0.42216664 0.70461917],[ 0.17875827 -0.9010498   0.39516419],[-0.8017221   0.09942125  0.58937008]
45,-250.34534878995214,-254.08758787355526,16.249625567530277,6.864363721102476,11.168925749108476,10.081484911461203,8.37367955501801,2396.9372830620828,2396.839680865072,96.05955581541359,[ 0.25401451 -0.30901653 -0.91650718],[-0.66650868  0.63074876 -0.39739424],[ 0.70088715  0.7118039  -0.04574287]
32,-295.30837987811486,-165.51605351602916,277.68241473486535,10.10718442963707,10.072736525167116,8.786697529942357,12.910042031649914,2478.4428691931594,2478.1293654615097,60.136993092609224,[-0.62866588  0.74455365 -0.22454194],[0.38714858 0.55005053 0.73997323],[-0.67445918 -0.37826483  0.63405089]
8,-312.8245248868491,-141.4000742471845,42.37232170194461,3.9428247481417604,5.167543886827415,4.952973889722645,2.9295415935006957,978.5692837565688,978.4595885896559,21.55782565817243,[-0.18725037  0.63793894  0.7469747 ],[-0.3834516   0.65262646 -0.65348571],[-0.90437944 -0.40879409  0.12241416]
105,-49.983549221446054,-4.933652118059214,21.245818878292685,16.219593668305205,17.688378182417104,16.446903162547652,16.502659525270804,619.7004384789013,599.2959241779405,243.16294332883808,[0.2518972  0.62513359 0.73875286],[ 0.32382763 -0.77381105  0.54438233],[ 0.91196681  0.1021002  -0.39735636]
185,-244.39292135354182,-220.56320982151013,319.03745397567087,20.853223031008596,27.065757694620423,19.544826670194503,20.97211618716813,6252.155734999073,6247.964310178824,454.2202817111835,[-0.74507885 -0.12254164 -0.65562265],[-0.40100912  0.86777404  0.29353006],[-0.53296266 -0.4816137   0.6957004 ]
11,-279.0011797498841,51.18815671272998,287.9952281041321,5.376235252154884,6.273286281713317,5.432821619560102,4.900814706748795,1341.0031307742065,1340.865149671994,28.483127427062527,[0.63784297 0.57135533 0.51643919],[ 0.34170133 -0.81088556  0.475084  ],[-0.69021485  0.12656103  0.71245053]
88,-244.57063851894824,-138.84127342680702,303.74408077784335,11.692264376496878,11.8115888204952,22.530690059676594,20.596016202803934,3890.538207055483,3889.5330096911516,176.59145827475845,[-0.22211286  0.94203951  0.25145066],[-0.77619776 -0.01476581 -0.6303166 ],[-0.59007026 -0.33517687  0.73448863]
44,-315.502965401205,149.19536206068162,321.03864634004935,11.453602838781086,12.778500756033905,7.972065750677378,7.343885075681297,3147.286486661332,3146.5817728772013,115.88854745054928,[ 0.54253546 -0.41907684  0.7280315 ],[-0.51271459 -0.85171473 -0.10819322],[-0.66541643  0.31457372  0.67695226]
62,-138.71774090612624,-124.80956707720483,24.064539263870152,13.028603341585798,14.025560351208576,14.033565574377326,12.145253050333846,1490.1134467382133,1487.8222903049473,159.06648581901294,[-0.45786903  0.62780564  0.62945693],[-0.49703644  0.4062673  -0.76674745],[-0.73709614 -0.66393295  0.12602507]
21,-234.52510433410438,-47.317073585407535,50.871530628867255,11.423331173782671,6.013127377750898,7.025931105018894,11.969057300846522,1122.7934372065988,1122.3558206654238,39.195461471003334,[-0.28027647  0.52203709 -0.80555719],[-0.04642886  0.83083805  0.55457415],[-0.95879584 -0.19283519  0.20862677]
40,-216.75793386568276,153.37951752684606,302.9396729060144,9.222508798222506,8.323770273620738,10.220909692575246,12.741084611258925,2549.6009242883324,2549.2986142837917,62.0817537903998,[ 0.68795543 -0.31710443  0.65281093],[-0.48697509 -0.86863614  0.09124969],[-0.53811949  0.38067838  0.75200491]
8,-303.241859142746,-337.1533353188653,168.5735081278778,5.244112949565133,5.08441542616884,6.568469620718426,2.9009348681299616,1368.5828863016993,1368.4079637455757,26.549303425318627,[-0.39478098  0.66958402  0.62913052],[-0.67178825  0.25676095 -0.69481966],[-0.6267763  -0.69694408  0.34845434]
17,-247.3536016565334,-146.5914519397039,46.233387279835654,5.247963638621566,7.137147258478348,16.83956045536655,5.664588656151367,1203.0396527791168,1201.2308160847806,74.85257324363965,[-0.52465207  0.83824051 -0.14863736],[0.05834628 0.20959198 0.97604657],[-0.84931497 -0.50341241  0.15887108]
11,-295.39820721829614,-19.80656965370049,294.37380393507084,4.463396474954762,5.420412997157876,8.497767172903313,7.17442856887598,1385.135756299676,1384.9497719808296,27.745565584724563,[-0.47077706  0.77578876 -0.42014374],[-0.52716481 -0.62921055 -0.57113163],[-0.70743638 -0.04739068  0.70518643]
15,-369.71806152138413,-241.50793620460783,40.99244421331596,15.021130750823865,10.162980976138927,6.222538296652168,17.525575055947222,1719.195952717183,1719.1361954850674,30.04157096170808,[ 0.4119551  -0.50126015  0.76094104],[-0.36789512  0.67250651  0.64217457],[ 0.83363432  0.54449358 -0.09263132]
2,-145.23688474345232,-128.11606157089554,51.71017324750145,1.7093126341170404,0.34755503089957074,0.17421314873180194,1.5055306369087873,283.49424274263066,283.49139899886023,1.2697881266904174,[0.02415381 0.35050684 0.93624866],[ 0.68878165 -0.68460497  0.23852854],[ 0.72456637  0.63910952 -0.2579585 ]
9,-193.6693680445794,200.38174020082786,39.63331273977357,8.334460325392662,3.7218013198510604,8.73196305512336,8.142444075231777,845.2757343688655,844.823614177884,28.644212439110103,[0.64712203 0.51401896 0.56304314],[-0.32788069 -0.47909623  0.81422421],[-0.68827853  0.7115134   0.14149683]
67,-268.75511610722657,-258.01055480062007,244.99924112413592,32.84576611572563,10.274178415655625,12.523577023210903,24.22775863053865,3661.2019760083635,3656.232881654097,222.7591357380981,[0.23212105 0.53163047 0.81454826],[-0.76184948  0.62000665 -0.18755565],[-0.60473564 -0.57702755  0.54893899]
6,-117.49709532499264,-9.406669087811398,24.517264647572542,7.173093206196033,3.4173432011328835,7.438015385318989,8.263382712029198,296.0938765058558,295.59341060124666,17.78223762520631,[-0.17203935  0.84951671 -0.49872218],[0.13715824 0.52199642 0.84184759],[-0.97549479 -0.07642705  0.20632214]
12,-355.7029146066798,248.94936219269394,202.16027957387175,5.698245873031527,9.278972553782966,8.589175032573138,5.066534166113012,1659.5802594875627,1659.298139761426,44.70271659482723,[0.66706064 0.6294678  0.39849766],[ 0.05846743 -0.57747595  0.81431142],[-0.74270564  0.51989596  0.42201485]
51,-441.6923978047521,-72.82752575956792,102.36188013513312,8.727361802186607,12.375038290367723,15.63799626517089,7.988572515108492,3282.5732499684646,3280.4293513171788,144.82768529076216,[-0.25173665  0.83205339 -0.49428314],[0.10686889 0.53150653 0.84028558],[-0.96187718 -0.15870718  0.22272029]
46,-362.28395790008267,-299.12300178746557,15.703263714041512,14.888124781163558,17.610040001321213,7.727179394065287,16.388625725957798,3192.1432128196893,3190.4516553514163,122.3612337954044,[ 0.18615977 -0.17473168  0.96685748],[-0.60956215  0.75123828  0.25313046],[-0.77057026 -0.63648243  0.03334053]
32,-401.2365646111401,-81.31982793479055,71.44330895440527,5.863070717502358,17.759426470957802,13.921136757341577,5.195941963160977,2353.8573718169496,2351.8005347460503,128.37490307825504,[-0.24847326  0.49336817 -0.83357596],[-0.07817854  0.84754243  0.52493804],[-0.96547872 -0.19560082  0.17202083]
3,-243.24771302391574,193.25608768758389,360.51502714346407,1.2860416688867735,1.7950493652687343,2.490755818019092,2.7147787006711868,824.3157674877402,824.3115673818776,3.3370446146653925,[ 0.27810715  0.91207511 -0.30128958],[ 0.81327704 -0.05668236  0.57910929],[ 0.51111336 -0.40608633 -0.75753351]
18,-161.12330788041723,-183.23073348586732,201.0912274361502,4.353448184010603,5.236271659771568,14.157434458702134,9.708408071870853,1343.024662639193,1342.1746577290967,52.20559494834832,[-0.70952668  0.70114698  0.07046131],[0.48717729 0.41582508 0.76795038],[-0.50914651 -0.57920844  0.63662188]
5,-408.3749182180344,-9.50510528670809,157.39371756758524,1.9813496282335923,2.6477914511704763,3.731345322131381,3.044870355357806,978.9158910957832,978.890213196173,8.846206285000196,[-0.21363955 -0.77032891 -0.6007924 ],[-0.29005018  0.63727643 -0.71396753],[ 0.93286067  0.02172824 -0.35958149]
6,-349.89410469242193,260.5681494160583,30.55972929481997,6.49366215876505,4.154974101052849,2.6600199864871796,3.6178234509687015,1071.4042537326573,1071.2780395536972,17.913055126640113,[0.1949025  0.1480205  0.96958906],[ 0.56727692  0.78942046 -0.23454689],[-0.80013119  0.59573927  0.06989141]
31,-247.10774123740717,-11.116920712926342,134.48868668677406,7.4822550614578045,6.890090927985956,10.245028457371959,8.016143886659686,1569.4561993674297,1568.4973679005232,66.88002480364088,[-0.26392858  0.87190657 -0.41245683],[-0.40030687 -0.48806909 -0.77559202],[-0.87755121 -0.0395916   0.47784557]
2,-340.8206490407823,-87.64168089570956,44.73182007000311,0.8404163268055811,1.2347519428788871,1.7235537145722013,0.2850415829715587,501.68897998451286,501.6787737684279,3.200091890469413,[ 0.11937381 -0.77863333 -0.61601951],[-0.25037164  0.57679599 -0.77757342],[ 0.96076216  0.24705572 -0.12609337]
23,-462.61781664346137,32.76062630294288,115.60695185368907,6.522521510614897,10.196028343520737,6.78585755478356,6.364410490011126,2293.0602766615552,2292.6171731857685,59.143908668134486,[0.2506644  0.33465108 0.90839199],[ 0.01886442 -0.93986007  0.3410384 ],[-0.96789023  0.0683499   0.24190246]
41,-274.25715742112243,-110.05486302978083,115.27601807480245,14.811118486650257,8.73623564153651,13.001153463775392,10.68920819437458,2035.1205214631302,2032.819603965387,121.16525203688319,[-0.34322716  0.93608322  0.07709298],[-0.36567882 -0.0575747  -0.92895864],[-0.86514399 -0.3470351   0.36206701]
11,-372.42285324662714,149.84828298102886,149.01584455115147,5.336313066815398,4.158270979650789,4.013844803631454,5.948710214218024,1420.3992254755374,1420.3635819906451,17.114679342526973,[-0.24898861  0.29775785 -0.92159912],[0.42612512 0.88819413 0.17183879],[ 0.86972528 -0.34993063 -0.34803232]
4,-301.51839771224763,1.184993446791142,352.19483085549274,4.20676835861816,1.3577811953422674,4.15128902559155,5.84294451886028,927.3455698737616,927.3410663820227,3.241604233582769,[-0.65809144  0.49758176 -0.56509118],[-0.37942485 -0.86741331 -0.3219176 ],[ 0.65034794 -0.00255842 -0.75963216]
3,-322.68437934432274,73.39096593716157,257.9615471483001,4.701350960968626,2.0825802270960945,1.2679459382870237,3.598962936350416,726.8072489720046,726.7790902189993,6.7287590355345115,[-0.3456668   0.69525346 -0.63018814],[0.53760847 0.6971714  0.47426698],[ 0.76908491 -0.17485613 -0.61476316]
169,-219.74349501493745,-119.71847905391937,164.4895299899404,17.90761423641494,19.61167266160195,36.382898838987,37.496599375996745,3933.858906726588,3926.218391796161,325.6308013098783,[-0.23850689  0.90886292  0.34217343],[-0.64165903  0.11699487 -0.75801444],[-0.72896375 -0.40035034  0.55527602]
6,-286.2423198305345,44.38134306626326,9.915766990083869,6.253742481254672,2.4870746962739347,4.12439409368344,6.334428431890595,710.1846123573976,710.1310514179754,11.474852558961237,[-0.15690956 -0.96158422 -0.22524469],[-0.00154128 -0.22783109  0.97369945],[ 0.98761177 -0.15312992 -0.0342668 ]
61,-157.27717161926458,28.925731629692837,62.26177979635342,12.398862755407055,15.083201951548826,11.663403261671483,11.956789407994307,1348.7694525545853,1346.9889639872524,149.5579583733986,[0.39977444 0.41154742 0.81902937],[ 0.00913049 -0.89528199  0.44540632],[-0.91656807  0.17058392  0.36166849]
56,-228.35161702948585,111.08219491684281,13.065397133782808,22.04803885252775,14.665785159139968,7.5936359888393135,22.896292803990594,1913.2701281842365,1911.0731402506917,116.12364361546273,[0.15369014 0.20198335 0.96725491],[ 0.4115159   0.8768718  -0.24849648],[-0.89835071  0.43623224  0.05164719]
76,-378.0024643862413,172.03676589959812,29.7357179130191,13.312135259367114,18.059766333178864,13.233816587499506,16.816384472962973,3635.2787300974205,3634.580578545832,171.60142969952986,[-0.18312715 -0.54237005  0.81993852],[0.37796868 0.73109256 0.56801702],[-0.90752638  0.41393042  0.07111599]
2,-165.14273931305755,-116.70081796304137,137.1931086301812,1.887881800441761,0.6816566408269153,1.6191254626332778,2.5104109482885804,345.60036064046074,345.599353452195,0.8343669704179805,[ 0.661921   -0.05813939  0.74731547],[-0.32423889  0.87667869  0.35539221],[ 0.67581783  0.4775503  -0.56144098]
16,-190.1997950246601,-38.868833937181385,143.7785969690741,8.753822784649529,5.263339617789188,7.505434552865639,4.548926165641058,967.4030427341485,966.7075872979401,47.30851241788091,[-0.21693628  0.9759046  -0.0234279 ],[-0.576733   -0.14749271 -0.8035079 ],[-0.7876025  -0.16079837  0.59483291]
14,-421.07941269912635,-224.12904817811582,8.59367971041989,6.587479006646188,6.122466461077701,5.115808914660778,7.513353758273494,1785.4443107038062,1785.417207027603,26.588189821972048,[ 0.41161774 -0.75371193  0.51233697],[-0.22719346  0.459558    0.85859744],[ 0.88258369  0.46981355 -0.0179238 ]
220,-288.1445173261974,227.5525804207063,279.76455079750804,25.659636264169624,17.56418027317889,16.759358713118196,16.463783787280633,6860.339683991591,6857.468643185723,461.7093663967215,[-0.42687406 -0.86513557  0.26328497],[ 0.65347299 -0.09385228  0.75110905],[-0.62510126  0.49267859  0.60540583]
10,-444.4139892039463,-9.309686041033162,155.06618514136522,8.353773933857633,8.080881005245198,5.96711845152844,8.654919548729328,1489.220134405377,1489.093228146163,30.956733212976783,[-0.31905609  0.31001502 -0.89559695],[0.08418371 0.95052096 0.2990368 ],[-0.94398957 -0.02001484  0.32936772]
84,-252.74705109929454,192.93587821717907,50.45479421911368,12.329679603408216,17.601335649829252,12.71484490680927,15.234798587918013,2957.8294971577193,2955.793998984746,180.67538070290522,[0.48855424 0.44359722 0.75135628],[-0.38156283 -0.66579866  0.64118792],[-0.78468119  0.59994471  0.15601855]
40,-99.10268935082857,-60.84903012653681,91.10960370681214,7.303114852356807,17.27245717032577,18.024798610485732,12.921395951243836,944.0178645264164,942.6800983641543,142.4865789482081,[0.12196802 0.75937423 0.63912017],[-0.73712266  0.50051573 -0.45402002],[-0.6646608  -0.41573403  0.62079887]
28,-385.9587524684231,229.02974234364765,139.04332127401196,9.954899564942005,15.583893446352468,12.195413642992929,8.278091988388992,2488.406785356747,2487.0775826412046,108.89201678739842,[0.46689016 0.27681339 0.83987376],[-0.32744316 -0.82812176  0.4549674 ],[-0.8214588   0.48743072  0.29600125]
15,-293.99071505899593,79.88277252683022,73.19905176131364,5.349469500335282,5.080865265433738,5.792980001149565,5.865108360737379,1213.9509550044502,1213.7766196398204,28.391679037987515,[-0.11542249 -0.86757088  0.48373384],[0.32606973 0.42691012 0.84346089],[-0.93827298  0.25508532  0.23361357]
26,-303.6111150618272,78.86489409478334,301.1856089401474,8.625426721715796,13.900975119893268,9.089781445975262,8.028399586687353,2218.9349226653644,2218.3129108830326,86.37712971575462,[0.71543012 0.13998533 0.68451724],[-0.02721851 -0.97339544  0.22750927],[-0.69815392  0.18139852  0.69258622]
21,-353.67584834967937,-110.99151218513327,261.5888685912323,4.347501145463227,10.045832394243387,6.836153145060486,6.477861971122931,2079.7630117495837,2079.423925894256,51.22868365045271,[-0.49591218 -0.32129333 -0.80674761],[-0.38275325  0.91479388 -0.12904305],[-0.77946845 -0.24479125  0.57663349]
44,-377.55001672374624,1.6940423874119288,121.05350215658613,12.178432753690517,8.860748148603449,12.738464492222782,13.98015351203648,2632.9826549865415,2631.8751382338532,92.46356171221147,[ 0.17782121 -0.80454381  0.56664705],[0.2487292  0.59387324 0.76514597],[-0.95210997  0.00488249  0.30571679]
25,-385.0527167397195,-263.1311739742103,115.88524009899241,8.213159930768493,5.576017260966885,12.962039543997088,4.999287621166032,2403.9369061544426,2403.127788536276,77.73170396822489,[-0.44866884  0.81658895  0.36315115],[ 0.3957486  -0.18279651  0.89998249],[-0.80129852 -0.54751065  0.24114884]
9,-337.8035402262316,253.1415500204986,50.60435202764241,5.9038070786863805,4.14581899731971,7.643532638439568,4.495073924614054,1275.7378835205818,1275.6232959487445,28.541759359460823,[0.60409117 0.79489654 0.05668649],[ 0.06082042 -0.11691226  0.99127816],[-0.79459092  0.59537469  0.1189716 ]
5,-274.2076912902812,209.70749136073042,341.04893199930274,5.627373233640227,2.578145726527799,3.161407857314666,4.428449448820065,1085.1862937393676,1085.138225569048,11.977690456599287,[-0.0511837  -0.86856563  0.49292391],[-0.8234325  -0.24258045 -0.51294604],[ 0.56510101 -0.43214405 -0.702789  ]
49,-431.8640007123638,-133.4541450138973,108.23904687580779,13.039648328372149,13.439803909599503,13.65569520954217,13.031747279986138,3257.0709002090844,3255.373162479096,133.53431446000653,[-0.36596246  0.80376946 -0.46906943],[0.05192246 0.52088416 0.8520468 ],[-0.92918003 -0.28746191  0.23235773]
2,-420.0183472706011,229.99724739706937,88.10751519042944,1.9503770535276033,0.6744822679791724,1.9540923273683575,1.0102318067972362,688.6002577126914,688.5900096810134,3.7567924465973217,[ 0.30152727  0.76740612 -0.56583492],[0.40613614 0.43354775 0.80441891],[ 0.86263245 -0.47236025 -0.18094489]
37,-283.63940160103516,120.23407653626155,245.16312421459165,8.227699660956162,11.544269362522268,21.411077391818047,18.394577821156606,2399.5441775108834,2397.9204482044975,109.02238130301305,[-0.13960336 -0.94316601  0.30157715],[0.68044501 0.12988588 0.7211964 ],[-0.71937854  0.30588811  0.6236401 ]
3,-224.1957670417038,47.61092362090077,69.37012674840169,5.057381961817076,2.020763694000719,0.5096080093864396,4.436389512560967,414.8709647548784,414.8342618119481,5.538824493967383,[-0.19758787  0.38384172 -0.9020114 ],[0.29031014 0.90178808 0.32015352],[ 0.93631141 -0.19860461 -0.28961553]
6,-206.01937300807444,-15.538647213683214,19.14089012051311,3.674660988080977,3.670700578977673,6.25152695615679,3.448781789400219,508.58520554473114,508.36261511865746,17.96966536370594,[-0.10153124  0.93839272 -0.33031879],[0.06150153 0.33732019 0.93937886],[-0.99292949 -0.07506118  0.09196113]
8,-440.357129326998,135.67920460743358,66.17693806458095,5.15514094021041,2.6354401478475835,10.25305419183541,4.0121292533300315,1317.0621451103011,1316.7469128056036,31.390643871954744,[ 0.29120504  0.95638707 -0.02287772],[ 0.14252834 -0.01972561  0.98959415],[-0.94598377  0.29143553  0.14205646]
24,-227.46084017907205,262.23894691244703,310.27446750691837,8.695001480815518,10.129096823134173,9.240779232298083,8.816417180250577,2282.265682446786,2281.3947088630525,67.04743024677647,[0.77553689 0.6302818  0.03588006],[ 0.39970958 -0.53423006  0.74486945],[-0.48864586  0.56333214  0.66624479]
5,-472.5358820890177,38.64745237792862,67.56244841405599,6.056349451034026,2.482335193813192,6.10050711479777,6.4398579547361114,1071.0334957024427,1070.9714731849306,13.879080354295981,[-0.12064235 -0.94521255 -0.30334579],[ 0.10899159 -0.31634248  0.94236313],[ 0.98669461 -0.08062676 -0.14118451]
4,-441.3900241846739,21.043495469173607,17.927959754498332,4.444939458449081,2.1302317913200546,4.044146056914942,4.4796918275854765,884.6008817187711,884.5557853464528,9.093829966424117,[-0.06057672 -0.89649749 -0.43888803],[ 0.01544612 -0.44048479  0.89762719],[ 0.99804403 -0.04759619 -0.04053053]
2,-321.2150974965742,205.50977040008007,16.721576116399255,1.7143818219639684,1.81342432808421,1.2258873374479045,0.4126462273708569,539.8161652081811,539.8021600401859,3.8884747672570885,[ 0.21115556  0.40251478 -0.89072733],[0.49720348 0.74033961 0.45242231],[ 0.8415474  -0.53840422 -0.04380492]
35,-236.65040506357343,-38.08017407609959,266.10891473782846,11.033130143754697,17.82664706828544,6.0919496835801805,6.880295921701667,2122.139479220017,2119.781514608744,123.03385100572073,[-0.68664943 -0.31392304 -0.65571708],[-0.30269742  0.9435159  -0.1347294 ],[-0.66097416 -0.105972    0.74288835]
3,-186.4872752940787,212.205281550574,282.14209963217667,2.1424979797324553,1.82807960112902,0.9841533751669747,1.7275886667871,691.5623089099937,691.5589120717478,4.212707996897949,[-0.81069615  0.06162214 -0.58221513],[-0.35298557 -0.84482116  0.40209253],[ 0.46708986 -0.53148841 -0.70664499]
5,-463.1816091958096,127.49982324038452,7.185901229037536,4.455810396081333,5.274707467537865,3.290557339205002,4.1760213008723355,1074.4718223464852,1074.4019220499647,14.363509548660744,[ 0.09490413  0.39637276 -0.91317131],[0.24825483 0.87890618 0.40730022],[ 0.96403462 -0.26535366 -0.01498963]
83,-206.18911504288116,63.44912638571198,83.80367729019396,12.274981307683072,12.856642883542774,14.125947512482567,14.05866360239593,2116.562168298725,2114.525306629575,161.08000412922854,[0.43160796 0.76203518 0.48271829],[ 0.14362244 -0.5863535   0.79722153],[-0.89055441  0.27475798  0.36252019]
3,-329.3867364628926,-351.2765544043864,57.77539509693499,2.777575764096624,3.3319651115100872,3.996483217512107,2.5763094381272755,840.1113092309266,840.0656696754014,9.187392368991457,[ 0.46574064 -0.55066484 -0.69271487],[-0.56733541  0.41494815 -0.71130062],[ 0.67912899  0.72428328 -0.11915345]
14,-352.7176112211611,-39.794982109639044,8.810874045122194,5.8764403866424635,6.9869556918401985,7.579213410223285,6.146188232793076,1329.0729989557515,1328.9325794820656,37.85500114157214,[ 0.11059698 -0.87545011  0.47048424],[-0.03125224  0.47009084  0.88206457],[ 0.99337385  0.11225736 -0.02463085]
10,-232.17500075845865,107.31390441856627,161.62192553636265,6.8183300953981085,8.531676422716084,8.004374994792716,4.828142872730506,957.3608158595554,957.2807994598842,40.04696789184743,[ 0.05304351 -0.79508296  0.6041767 ],[0.63903828 0.49194617 0.59128593],[-0.76734377  0.35472815  0.534183  ]
2,-392.42424859225343,117.43094804571248,116.51829855386814,0.41711595970875237,1.650235829678742,6.143372660452108,1.7513428466552057,602.3354059519671,602.2730291367938,8.668312275854843,[-0.20270858 -0.94217803  0.26685162],[0.33141945 0.19041788 0.92406827],[-0.92145015  0.27575639  0.27365679]
19,-330.7245400017709,292.20452453492845,81.66473438782833,10.11637906587913,7.186593155054123,6.395016235344703,5.614494468615658,1957.1292839501975,1956.6158115647124,55.64034289050529,[-0.12037787 -0.39126437  0.91237128],[0.66511418 0.65049453 0.36671514],[-0.7369751   0.65097547  0.18193034]
7,-279.27464147966145,203.41842173697003,116.37662556801111,7.8809908639405055,7.681728429066414,2.686482681572984,3.430617950530272,965.0324300950243,964.6385721466695,28.60282083612281,[ 0.13904368 -0.341004    0.92972207],[0.62753057 0.7566195  0.18366361],[-0.76607587  0.55789175  0.31919359]
11,-305.3952434594552,-76.53074611316,300.9508309479445,8.42863130713545,7.216417438432511,13.358283904743756,15.6215661444568,1445.5951340235129,1445.5222560069915,25.218246874568127,[-0.29402118 -0.81158435 -0.50485877],[-0.64979808  0.5570911  -0.51711891],[ 0.70093794  0.17601234 -0.69116254]
41,-369.13675561516544,-164.89491607755204,46.743393286117,9.560192790095456,8.234457596379677,9.339150597610896,8.458960071354838,2607.3717820366387,2607.0894627580115,84.59243958377378,[-0.32247204  0.49272813 -0.80822693],[-0.27065516  0.77019692  0.57753137],[-0.90705985 -0.40498851  0.11500756]
3,-286.6233401803495,-13.059535416132249,219.84597239528424,2.511906823858986,2.1232467904286545,0.9918486012480868,2.045765240564819,626.0967913273978,626.0871996349722,4.7842575947201,[0.51281334 0.49947095 0.6982487 ],[-0.32898129  0.86557829 -0.37755204],[ 0.79296519  0.03609704 -0.60819669]
8,-242.41284516422394,-224.93702989650293,230.14001271241438,4.611082578437214,4.523034707582515,6.894303132667738,4.750514152179132,1139.8179577737178,1139.7000507785933,22.980965594915507,[-0.10064973  0.76249216  0.63912075],[-0.79244553  0.32697939 -0.51489276],[-0.60158101 -0.5582922   0.57132312]
3,-319.3313676524421,-130.15433627927197,120.05472055134254,2.271475082798942,2.2558117156678628,0.26615424599388654,2.714445657920029,632.4618253090503,632.45550586572,2.9739944677067065,[ 0.45091644 -0.34829175  0.82180729],[-0.17844258  0.86695984  0.46533739],[ 0.87454709  0.3564737  -0.32877637]
2,-276.55631896919704,280.5238293889744,105.02081188900036,1.5843640958440233,1.7151760172339436,0.19675542825400072,0.15611155436747026,576.5620141801371,576.552533112278,3.3064720281062705,[-0.13107171  0.23165169 -0.96392827],[0.72294615 0.68765263 0.06695323],[ 0.67835763 -0.68809255 -0.2576035 ]
6,-279.9868465277454,-260.2192643241736,67.52131006710611,3.2151617271515107,4.386930717226147,5.47214305563714,3.067112737588031,950.9127107627921,950.8781062984634,17.32309400138524,[ 0.67055084 -0.73883194 -0.06699958],[0.17344212 0.06831944 0.98247152],[ 0.72130396  0.67041765 -0.17395623]
20,-169.79318670894855,99.60289046929596,35.88836277443324,7.997764177105385,8.757736489591688,7.8572835252878495,7.4076976319304535,896.9658606924157,895.619358555748,54.328976876377304,[-0.18937189 -0.60230418  0.77547918],[-0.4942727  -0.6239385  -0.60530591],[ 0.8484296  -0.49792611 -0.1795461 ]
7,-318.3607241996839,88.9956204837126,31.28535802457738,5.383979911918635,8.010141716102646,4.691121763512743,6.923624544083929,878.9258273955692,878.7325681905471,21.593472978560285,[0.22389055 0.50813421 0.83166859],[-0.17535566 -0.81840284  0.54723595],[-0.95870924  0.26835875  0.09412845]
8,-413.2879679091806,236.73656268146496,14.170131452642334,6.9897993033862935,4.101658019729946,4.648274784987808,4.5154166780834215,1347.9601477854937,1347.847791081634,23.18111612974569,[0.23104058 0.34903562 0.90818191],[ 0.44072522  0.79463296 -0.41751616],[-0.86739929  0.49672185  0.02976366]
4,-382.25710417579614,-9.647823518952992,260.03961664462463,5.770222478642329,5.911590478234614,1.8704778554756345,3.7586395891976183,924.9634015265981,924.9102214845254,15.20288834895195,[0.4826325  0.48744624 0.72764142],[-0.28922901  0.87290473 -0.39291717],[ 0.82668764  0.02082041 -0.56227579]
3,-413.0787685813273,202.93909896427238,50.48821922216351,2.502467794370845,2.1774395751987643,2.522575305471198,2.965949305517026,801.9689409326751,801.9531484713718,5.060692653348544,[-0.45002167 -0.84196181 -0.29762527],[-0.03866921 -0.31459518  0.94843796],[ 0.89218002 -0.43832657 -0.10901665]
5,-319.5961229756716,226.26138658509504,85.8596591105761,2.2367997392863512,3.8693599612847303,4.68592878133964,4.4952235613762985,896.5198673210101,896.4598958422014,10.435207584460942,[ 0.39309143  0.75462003 -0.52538342],[0.45823807 0.33459869 0.82344495],[ 0.79718066 -0.56443984 -0.21426775]
2,-288.65580964757606,72.1014397770948,192.20052090535722,2.241277674755338,0.9121129455060526,4.473558314175875,0.4152463020225241,500.9744550316901,500.9231613683957,7.168751564326362,[-0.27728179 -0.95911799 -0.05663466],[ 0.50892538 -0.19661681  0.83805536],[-0.8149293   0.20355467  0.54263775]
33,-207.81618976031248,128.8658689996885,253.05755351224843,8.269104994092396,12.403723102187511,12.034359134662951,14.180476287531626,2024.2301711934672,2023.3837062413184,74.53401809536135,[ 0.55852463 -0.45791966  0.69163562],[0.58288296 0.80990986 0.06552462],[-0.59016752  0.3665455   0.71926817]
21,-232.13586165094057,25.64919550249619,78.94932878888652,7.774513411299669,6.092379404834541,5.14814276033827,8.317200462512787,1130.7559262801255,1130.5431635509942,33.869909834863606,[0.32912978 0.08212748 0.94070647],[-0.07142436 -0.99119161  0.11152465],[-0.9415796   0.10389544  0.32036477]
5,-351.7200898788641,-315.5861878704926,95.78312884258818,5.349199405772821,4.06875823081873,4.715774063254643,3.987895268228618,1078.2652733872067,1078.2025369855637,16.064733814080917,[ 0.43978513 -0.67120117 -0.59672274],[-0.52386141  0.34796986 -0.77748711],[ 0.72949178  0.65452729 -0.19858442]
4,-357.07684532905705,319.1897674264594,72.5236208029664,1.1588011313915796,2.951910453076251,2.160282209745947,2.2983474226728196,968.8313628107841,968.8194447394729,6.141224636280368,[ 0.35025052  0.56205724 -0.74927714],[0.57788742 0.49987928 0.64510994],[ 0.73713683 -0.65894792 -0.14972283]
4,-243.8342762325343,140.99164616679266,329.24340588633675,4.606453494764619,3.2588705127558555,1.8427751368200207,3.124363741334398,866.6447443972006,866.5946961208309,10.12691594461089,[-0.58920288  0.4868391  -0.644847  ],[-0.57973437 -0.81063872 -0.08229776],[ 0.56280371 -0.32534989 -0.75986803]
75,-362.5374600953169,-159.6868736387972,228.609364597872,10.326989976599423,15.962797691260226,13.818721830744181,9.569108074986845,3965.658305781287,3962.4480922811144,186.4239752505495,[-0.59873334  0.60009008 -0.53048118],[0.11457461 0.71967437 0.68479301],[-0.7927112  -0.34922873  0.49964813]
88,-139.38498818292499,-119.28655106811789,183.90377145374478,12.20145480824366,23.483078331575793,18.96404446009504,23.02674128989659,2454.1654866956837,2448.3334690586144,213.13445798924892,[0.48349534 0.52051414 0.70377361],[ 0.69407052 -0.71787054  0.05411101],[ 0.53338388  0.46230609 -0.70836058]
3,-278.2337859303049,9.191123913051337,285.4282197533277,2.6845478301198114,3.0388947264662014,3.105810704536556,3.7307030218813626,690.6339379985328,690.6166386932986,6.054635857394489,[-0.70434107 -0.20357794 -0.68004388],[ 0.13011186 -0.97878902  0.15824967],[ 0.69783562 -0.02297997 -0.71588921]
53,-335.85396655128653,312.3393822176201,35.863857684014256,12.03553658736488,12.632786226149232,9.125179139491426,9.52543990778315,3351.908538062634,3350.218457968539,125.22767086676059,[-0.2494858  -0.37096762  0.89450537],[0.63626451 0.63355102 0.44020515],[-0.73001665  0.67896696  0.07797155]
2,-155.61799217706647,-35.20123044875082,63.65040905476933,0.38075074125464425,0.4548738454499386,2.657689799120387,1.4227981274843131,242.9603913545483,242.93820523515296,3.2833221404491955,[-0.16197956  0.9762481   0.14388281],[-0.39132554  0.07030465 -0.91756285],[-0.90588462 -0.20493145  0.3706429 ]
7,-253.17220101100904,185.41179439432085,322.91206905091803,1.5476929873604153,8.651566665637663,3.5321974935318985,5.176274959313791,1191.5581407349243,1191.404602649011,21.04723711675113,[0.79171224 0.01749376 0.61064367],[-0.23898549 -0.91105639  0.33594967],[-0.56220784  0.41191044  0.71711375]
4,-282.8531366296967,93.69615689957331,246.0887245637286,2.4179444118123894,3.023453909765416,4.0082880688576745,1.87150883049323,772.9683088983022,772.9256981635624,10.512277787242626,[0.45392994 0.87048075 0.19029152],[ 0.50818595 -0.42834035  0.74717574],[ 0.73191164 -0.24246196 -0.6368026 ]
14,-197.4389275123221,-68.94766793029221,221.1461163906697,12.453770398972015,10.43043386518291,9.985118898458046,5.664031742095905,1140.9633219022076,1139.1479159096523,68.46728278073402,[0.28595669 0.81219448 0.5084967 ],[ 0.70541556 -0.53757871  0.46195023],[ 0.64855043  0.22660373 -0.72665886]
18,-206.14801914841436,53.44583073823122,151.00183823324184,7.1043199074003365,8.340348314074497,7.145881391490943,8.739724902047762,1108.7454886970336,1108.483176664705,41.09255716513735,[ 0.53175172 -0.24208454  0.81156342],[-0.30640882 -0.94835094 -0.08212259],[-0.78952755  0.20500137  0.57846408]
3,-202.29464233992437,138.85824905071883,196.90262712865055,2.520769366671779,0.570476300192469,2.0338166694399544,3.090893566340569,544.938821017693,544.9358631004391,1.9402471368674101,[-0.60895611  0.20092833 -0.76733321],[-0.46441725 -0.8745514   0.13955811],[ 0.64303116 -0.44134754 -0.625878  ]
9,-258.9277631298726,-108.75576089765082,200.22165684465025,4.8117404161183535,4.187194203738959,5.636875420794867,4.897114116681657,1034.9818360946927,1034.8739359318158,20.85336182237626,[-0.52016916  0.82383356 -0.22521616],[0.40723595 0.47104095 0.78248278],[-0.75072161 -0.3153073   0.58051561]
3,-380.4079545348047,55.66900625216011,244.98242284872913,3.7731463393546942,4.36723436665822,4.055195014042907,3.361118878486383,789.6830092027934,789.6438517384394,10.755559275378381,[-0.37184728  0.59500376 -0.71253079],[0.40672134 0.79440101 0.45111505],[ 0.83445033 -0.12205558 -0.53739658]
14,-282.3877893464766,-201.0420417467573,123.43317458040144,5.387863292988759,9.999827718910085,6.238283703026485,6.681827594103132,1377.5117763866444,1377.1466129059686,41.63285923817282,[0.21713179 0.27096012 0.93778164],[-0.60344463  0.79239643 -0.08923274],[-0.76727333 -0.54652403  0.33556388]
13,-240.64032392976017,192.58204427211516,256.3775402530475,5.400262079429733,11.42953155861805,5.386620403000759,4.804467274660744,1446.2193737507423,1445.6989045798784,46.52626708794948,[0.74855119 0.05578855 0.66072593],[-0.28179244 -0.87522954  0.39314917],[-0.60022008  0.48047985  0.63943332]
2,-295.3852760068577,256.6406537150325,10.70678199864414,1.3020825427607576,0.44706937506774125,1.1880710380037387,0.6569378743498646,553.5970166185125,553.5918228898616,2.39800717212003,[ 0.45215333  0.54971765 -0.7024015 ],[0.47553787 0.5176673  0.71125543],[ 0.75459996 -0.65561503 -0.02734657]
29,-412.85936117424774,-92.8706814331037,219.0249674800977,6.52107120701661,9.751621134195842,9.682230829620636,8.147742400406846,2567.048913371876,2566.665321794397,69.23678501672032,[0.17650771 0.74150931 0.64730903],[-0.46718928  0.64194911 -0.60797658],[-0.86635975 -0.19510328  0.45973416]
12,-302.8471020137281,-31.97309924237089,119.86052673940708,8.359467002461997,6.734506994122198,6.43632470756848,6.302771978023283,1134.414704295232,1134.0120418088661,37.47575651101894,[0.15153108 0.7902076  0.59380997],[-0.3471244   0.60502624 -0.7165528 ],[-0.92549607 -0.09754591  0.36598062]
15,-413.5281919136488,-41.79848475562199,246.42656239560318,6.306031343646186,6.125467937937699,16.221692105527588,4.817478908124824,1872.695565255274,1871.5837632641274,68.99523277612921,[-0.21109435  0.95848841 -0.1916746 ],[-0.47244552 -0.27171577 -0.83843054],[-0.85570696 -0.08643215  0.51019122]
10,-462.8709482637281,13.86902200031004,56.43914980930542,4.385977148075877,6.578432383526154,4.196227698791199,4.6258557858406855,1475.4435126976673,1475.3388401549892,24.26949628585071,[-0.12453392 -0.27234981 -0.95410528],[ 0.00453944 -0.96173725  0.27393585],[ 0.99220497 -0.0297832  -0.12100522]
3,-457.14041159773996,28.49742383931107,4.48784560295874,1.780322336421906,1.3242670358621986,1.9029937476848484,1.6784465411345675,793.3806026586333,793.3718761548187,4.141519522909864,[-0.04568556 -0.82222068  0.56733234],[0.04333427 0.56575952 0.82343081],[ 0.99801552 -0.06220383 -0.00978329]
9,-349.1796880098507,-231.5244530956685,110.79273094934898,7.502310875736009,3.1744671396307527,3.542200303741372,6.341533941205768,1300.3523986383548,1300.249266091687,18.624162243142738,[-0.22693088  0.67719775  0.69993256],[-0.54697323  0.50601067 -0.6669134 ],[-0.8058056  -0.53418762  0.25557959]
15,-236.79231135486214,231.92328476458732,104.58531463634107,4.580630526345375,8.537817352928347,7.637872731776993,7.334441774477891,1346.7925416739647,1346.536030256561,38.339014777428865,[0.72343198 0.67675215 0.13657492],[ 0.11237905 -0.31061238  0.94387017],[-0.68118802  0.6674777   0.30075969]
13,-142.03179569320093,31.17834473476495,133.56322812272668,9.633021216792836,5.603624912498585,6.738861008123345,5.632912017081734,713.2715738091683,712.3752825805032,42.0188482322104,[ 0.19504311 -0.88886601  0.41457858],[0.66626723 0.43027189 0.60906   ],[-0.71975424  0.15742716  0.67614386]
10,-325.89567994681795,-159.46736354148618,27.573670448873486,5.034503974224445,6.7045694615942235,9.029164226544061,7.08559413008977,1151.2305774115011,1150.934045414844,31.910459208953213,[-0.44450795  0.87440001 -0.19451815],[-0.01905115  0.20787347  0.97797018],[-0.8955723  -0.43842131  0.07574308]
