N,MEAN_X,MEAN_Y,MEAN_Z,SIGMA_X,SIGMA_Y,SIGMA_Z,SIGMA_R,LAMBDA_1,LAMBDA_2,LAMBDA_3,EIGEN_1,EIGEN_2,EIGEN_3
214,-310.51456665948086,-257.73998069142084,172.85845482396553,25.69470137336824,20.184672778937454,23.664994656088243,29.464265849123166,6444.1615483999685,6441.55007964885,404.9344569532828,[-0.29401415  0.75151027  0.59058276],[-0.64281358  0.3018065  -0.70406217],[-0.70735167 -0.58663886  0.39434562]
14,-290.3055638348012,128.14272469471672,121.83064204521813,8.33216691814436,9.822681636440215,6.82376870107798,6.038362024161124,1272.811749878664,1272.2320467504753,49.61329785457763,[ 0.15214816 -0.4778639   0.86515723],[0.49736516 0.793456   0.35079264],[-0.85409533  0.3769266   0.35839572]
11,-254.6700195789249,-267.8954888584887,90.08771394531475,4.489643972650831,3.530522078923315,6.550666970197077,4.768960654333166,1262.066635357595,1261.9681596768164,24.067996674409876,[-0.73767986  0.66773499 -0.09979178],[0.08791184 0.24154709 0.96639873],[-0.66940266 -0.70412001  0.23688624]
169,-135.2722600178064,111.55537944185043,161.30623815093585,24.089071272899588,21.385519837715176,23.996568772470347,34.94162761416452,3137.8014395931414,3133.4706127974036,258.39867083171737,[ 0.63460698  0.77282981 -0.00283922],[ 0.52325646 -0.42696111  0.73750044],[-0.56875009  0.46950856  0.67534069]
160,-248.97774802205157,-225.54121515978167,318.817344805908,20.157361654776903,21.448745871506876,19.244754567100536,14.410758064373153,5870.1157858369315,5866.3071337353795,406.17359107332175,[-0.75100419 -0.0947163  -0.65346884],[-0.38317038  0.86849508  0.31447854],[-0.53774823 -0.48656461  0.68853593]
12,-238.3960788187364,-156.12591943452955,43.85635303429913,11.36177271777302,6.922662734525369,10.12842278552624,9.174516414744888,1000.3609247705054,999.396044498155,48.465122729657935,[-0.45297846  0.48078292 -0.7507718 ],[-0.33253423  0.69023349  0.64264976],[-0.82718287 -0.54076383  0.15278413]
12,-282.92191500513894,-206.5149340621206,239.2221662267289,8.540802339928064,10.865562877760807,8.635319953932454,5.493776380383476,1470.385339582631,1469.5589149842965,53.18537298391362,[0.14649356 0.65649798 0.73996624],[-0.73073267  0.57601828 -0.36637781],[-0.66676038 -0.48704552  0.56410749]
8,-255.03233714583044,254.77053450305195,229.7783855650576,6.710521069792248,7.054946669994064,2.227987806035892,7.610676169749304,1209.4152299040875,1209.3526656572951,18.417488691064456,[-0.2905168   0.46381829 -0.8369424 ],[0.74810146 0.65545341 0.10356176],[ 0.59661059 -0.5960314  -0.53740337]
37,-200.02757551631478,197.68702754481734,36.72102795746881,18.816567646234915,7.002885875774312,6.863132495063003,13.005776788052582,1729.5833126642744,1727.4299293598817,101.8575821259028,[ 0.13501265 -0.04737776  0.98971053],[ 0.69460259  0.71685029 -0.06043926],[-0.7066108   0.69561556  0.12969257]
253,-281.29016081800904,236.0521881386777,280.5181906548176,31.711399705969217,18.193411719712156,19.303412447982794,15.230869429062878,7374.043882931258,7359.602289942277,611.0956861988344,[-0.08704611 -0.80343373  0.58899678],[0.78800746 0.30619252 0.53412581],[-0.6094811   0.51062744  0.60645891]
7,-93.87031501255206,-41.87814654319954,106.167274049395,5.722712058670618,5.337220399477824,5.140516337105703,4.273636657716181,391.5116926989641,391.37301822436854,22.128548413727064,[0.17726523 0.85195614 0.49269439],[-0.75168412  0.44034414 -0.49098679],[-0.6352543  -0.28331566  0.71845961]
9,-418.4040673137431,-88.2118468359563,169.31507270325812,5.2607478098171185,5.5212195814746075,4.0064469577207324,6.168896753066796,1379.9254346460004,1379.8590272581748,18.072864294649175,[ 0.37971165 -0.0259251   0.92474156],[-0.16784596  0.98108615  0.09642458],[ 0.90975096  0.19182767 -0.36817841]
4,-319.79436833994697,274.2899314627371,98.2622192005793,1.6670245928703304,1.4784856750465942,4.1976573241516295,1.955300266309053,865.2887878228289,865.2468607159333,8.649358386448903,[-0.63862696 -0.76697194  0.06252718],[ 0.21384898 -0.09883337  0.97185419],[ 0.73920513 -0.63402366 -0.22713383]
2,-242.42009117507018,133.1950266450301,130.14491311545444,3.902340480711132,0.7306331689598693,3.3755289112383267,4.213202722736469,432.3731499980414,432.35140519773586,4.336272912535037,[-0.58106858 -0.33115779 -0.74343381],[-0.18283145 -0.83700868  0.51574135],[ 0.79305231 -0.43560418 -0.42581338]
123,-341.33060756780355,-165.36263599563082,156.5074902777638,24.82227726937676,20.701098296175278,10.187245327089915,23.17186720014473,4563.892968382599,4559.663960142712,275.64087763475084,[0.29626226 0.25699202 0.91988248],[-0.46837257  0.87845508 -0.09457168],[-0.8323796 -0.4028297  0.3806211]
69,-337.78514000562546,312.7534989110204,33.81604166139472,12.277416516679715,11.242238702418982,9.660280233338344,8.81768235007394,3837.01098770114,3835.3858475981133,141.98557835754087,[-0.25987992 -0.37686874  0.88906264],[0.62998268 0.63160437 0.45188244],[-0.73183621  0.67752924  0.07327949]
76,-159.613292467239,24.314490694781327,64.64494508518067,11.57539977535151,19.55849333979752,11.1272213603462,12.282656886840208,1529.2324159599173,1522.6976844461433,194.0353286723722,[0.39621898 0.2567237  0.88153472],[-0.0306863  -0.95587524  0.29216583],[-0.91764311  0.14281269  0.37085801]
75,-211.79091839120167,55.597863568124374,79.9760856897507,13.030092603138726,21.258668398159564,13.735845875945625,12.67524951198728,2030.3135698191184,2025.1540771766959,222.57450387661254,[-0.34164676  0.04892613 -0.93855406],[-0.24067093 -0.96989948  0.03704743],[ 0.9084905  -0.23853981 -0.34313811]
307,-328.49182946314534,-45.8230001687673,224.28102401413574,16.94229992368732,28.55832655259375,33.472913473937325,19.120165625153593,7056.849146741723,7030.709754326509,751.2930817237175,[ 0.45278536 -0.72848     0.51410339],[0.35108812 0.67568164 0.64822176],[ 0.81958681  0.11300973 -0.56169943]
78,-374.61291214399483,160.7760789439635,27.554079176978302,14.771479319371748,20.772268177550792,11.937124421778623,20.26732664073506,3615.744509092043,3614.3449785377093,172.0211133159866,[-0.08503648 -0.35628091  0.93050132],[0.39135869 0.84688618 0.3600308 ],[-0.91630081  0.39477553  0.06741741]
6,-422.3931991636244,-226.3755222227834,11.217401268520481,5.7590903596174865,6.614251838799299,6.014498623845295,6.857700597577263,1174.4290212511971,1174.3637071126175,19.902145722662816,[ 0.40569151 -0.72981549  0.5502579 ],[-0.24293403  0.49427344  0.83467168],[ 0.88113419  0.47229558 -0.02322552]
78,-366.5551075485018,-155.56271095817908,232.82653352079447,13.486760179894022,14.479105050963746,11.672888925043287,13.017557453833149,4078.0785865408225,4076.2462584726486,167.4534450893728,[-0.59816569  0.57581787 -0.55734333],[0.10250235 0.74474908 0.65942557],[-0.79478996 -0.33731675  0.50450603]
3,-401.49607284783207,-79.05280085727263,94.29025267551167,7.240792833917859,0.6326835747009399,2.938716926479986,6.288143639379725,727.462182555838,727.4173349740951,8.133129833039341,[ 0.11077336 -0.94165928 -0.31781609],[-0.27111386  0.27902421 -0.92121809],[ 0.95615194  0.18821077 -0.22438844]
60,-219.89013442732184,145.84866857902034,284.92814810306754,13.113694163780986,15.167731230892215,25.63189350972452,27.749982041009023,3017.8757338315772,3016.5463017449347,129.86075984011228,[ 0.22652026 -0.78540879  0.57603958],[0.79338977 0.49185079 0.35863001],[-0.56499668  0.37578695  0.73454947]
15,-468.9520875251892,23.158390522013804,60.92857656910385,5.847940741237028,13.656146413459947,4.029444768469272,5.982559552435296,1834.601956586195,1833.9195766825756,54.97534842396065,[ 0.12857671 -0.00494746  0.99168722],[-0.04926338 -0.99878484  0.00140435],[-0.99047521  0.04903443  0.1286642 ]
63,-207.37163685686477,-147.37532781394538,79.7736285503403,9.839946997078481,13.770701737633518,13.360584223497748,16.07269642915872,2121.9409054862094,2121.2967741069283,113.69991205816754,[-0.34023363  0.7703959   0.53919498],[-0.52987385  0.31663154 -0.78675166],[-0.77683639 -0.5533847   0.30048394]
20,-253.91383689616242,-144.48425426553126,216.47943622381655,12.0583138505375,7.255756846115152,8.094184605067687,9.005556959313356,1627.514526429944,1626.809998139948,60.65963264426493,[0.27590058 0.61828901 0.73593313],[-0.66025722  0.67833528 -0.32236882],[-0.69852651 -0.39696342  0.59538287]
37,-371.2320846815176,25.557790405773236,289.1277401561377,7.7161440024697185,15.938998093149364,9.671019264245919,10.43321771263996,2868.764919127945,2867.366315190143,105.17661200862054,[ 0.61275565 -0.03383263  0.78954789],[-0.06347958 -0.99796196  0.0065022 ],[-0.78771877  0.05410443  0.6136545 ]
7,-183.02968859688045,162.29757674992007,214.39233217975433,7.0789819347844745,5.015223604479959,2.632629687057437,2.270417872331878,860.8616513917767,860.6916986967483,23.236686217685893,[ 0.20034067 -0.69118619  0.69435241],[0.80196802 0.522795   0.28902021],[-0.56277074  0.49894592  0.65904632]
3,-395.70629434730176,-109.34457942920851,49.43364181320427,3.4833233996040165,6.065759868816537,7.825890243498112,2.7633454965120605,716.4343861763341,716.2227499798149,17.553696177881676,[-0.27547142  0.69811575 -0.66087056],[-0.09114856  0.66540374  0.74089797],[-0.95697828 -0.26433361  0.11966746]
8,-263.34122105322245,42.75661483546924,208.83745992738056,6.131096832561881,4.196480970302952,5.595556832889615,4.109014412160618,958.5884490650508,958.4230140502448,23.551479003963617,[ 0.08397711 -0.95010556  0.30041182],[0.62350681 0.28526809 0.72791577],[-0.77729473  0.12618055  0.61635328]
17,-292.0240118665861,126.4688742212528,244.58695408350954,11.074695387766512,5.378823931405106,8.310713690662213,10.47196981141286,1655.8519644921953,1655.5919747525709,43.67585900345157,[ 0.14919378 -0.79447547  0.58868492],[0.66947957 0.51929522 0.53115871],[-0.72769383  0.31486695  0.60936072]
55,-170.41592087166572,102.48368075126031,31.116064334354913,14.986433792499373,15.40382156442554,11.614149338128467,13.68903036448508,1502.1312190084313,1497.9403454859596,147.70610861843448,[-0.05357562 -0.37354384  0.92606407],[0.52956983 0.77560869 0.34349231],[-0.84657277  0.5088184   0.15626383]
8,-300.7782262229779,88.91385953329628,258.00012045684593,7.0263157630057895,3.1902101429582332,4.950165728514979,6.2327191888940865,1148.9410961927051,1148.8741223293482,19.07529081687598,[-0.05192827 -0.96127402  0.27065792],[-0.66986867 -0.16747948 -0.72334404],[ 0.74066148 -0.21886726 -0.63523043]
58,-315.07756856539703,151.8090633848437,322.2737190920776,14.148861980697658,13.001473203769587,8.191587784503794,7.838101590277677,3624.647629674788,3623.2102652983526,147.63586138136267,[ 0.36420457 -0.65317584  0.66386471],[0.65441261 0.68666805 0.316593  ],[-0.66264558  0.31913682  0.67753415]
10,-275.3398093355669,115.8717478035931,347.7978943763106,3.20132532505553,5.769888527604329,5.538421962529486,5.707241935506939,1450.0700972717343,1449.965353078258,20.357546730001673,[ 0.72745516 -0.22117954  0.64952953],[-0.33194271 -0.94191868  0.051022  ],[-0.60051897  0.25272281  0.75862253]
6,-293.73189917241746,33.60728540128973,4.50694946115454,7.220898996967958,7.48651838481382,3.2868876234432314,6.7102909809789235,724.7470476556038,724.4778554051055,20.970440777289916,[-0.02345477 -0.33084873  0.94339228],[0.1119385  0.93684876 0.33133695],[-0.9934383   0.11337335  0.01506114]
28,-381.9941410677282,-262.5579718867442,111.77800916799177,6.09282750938895,5.3435310813611245,10.966513404126069,5.368787343114914,2523.9139627763466,2523.391870831199,66.29051631232709,[-0.48148627  0.82569704  0.29393087],[ 0.3554788  -0.1225657   0.92661344],[-0.80112783 -0.55063785  0.23450409]
38,-342.9234607139445,-202.1542288801057,81.22091822039782,11.016965882105707,12.711343700439484,12.259625913537455,11.2554178984849,2507.3096797249354,2505.87254412525,107.06483157941535,[-0.43331973  0.41244642 -0.80132513],[-0.3159597   0.76318123  0.56367   ],[-0.84403997 -0.49743578  0.20038504]
122,-303.198632719235,189.89756833554944,215.25188819444705,18.233124645641876,19.003300505134003,15.892128610804425,22.079069780164293,4621.805668793908,4620.509479270863,235.97810493044378,[0.55872309 0.82747134 0.05585427],[ 0.40078712 -0.32835182  0.85530975],[-0.72608415  0.45549563  0.5150976 ]
3,-433.74179323622076,-2.671837285705053,150.01722324860197,2.6302544242299306,2.53354715387558,2.512874977571883,3.2633022001234604,794.9741521507112,794.96697924399,5.196564039051656,[0.32466181 0.10095325 0.94042711],[-0.03849612  0.994874   -0.09350809],[ 0.94504643  0.00584429 -0.32688391]
38,-369.71401412224685,-298.5786115845946,22.56226989642866,11.935063378456563,13.676871938741824,14.366041035476535,11.233556912392512,2935.014108989265,2934.8205617701324,124.88645121870618,[ 0.57107811 -0.73446825 -0.36664177],[ 0.26462736 -0.25808011  0.92917545],[ 0.77707281  0.6276552  -0.04697649]
19,-318.0401565609723,161.34393845110336,150.6781157601743,10.168135339679445,5.648210119366026,9.893230699354136,9.710186984448322,1688.6251665534978,1688.3124755958236,51.45822099119871,[0.55646839 0.73418324 0.38899602],[ 0.12379742 -0.536218    0.83495177],[-0.82159426  0.41646756  0.38927836]
358,-391.64246894299527,96.7209651798052,159.2289617205421,24.595322099669033,29.40549528882447,35.20239026847553,29.53586471245554,8252.929681179618,8236.20685611042,817.244169233319,[-0.06192482 -0.91142676  0.40677582],[0.42710292 0.34415843 0.83614477],[-0.90208005  0.22551326  0.36796109]
97,-38.79167952731344,4.3551754067847455,24.985388972753604,15.572085676542377,25.46660043807511,18.59878988069933,21.161151937617483,566.599900164424,507.28915980671945,279.83780029509427,[0.56569045 0.36009227 0.74184087],[ 0.12669825 -0.92689005  0.35330213],[-0.81482628  0.1058697   0.56995591]
2,-197.89466257326012,149.57654841245028,201.89344699649263,1.44666985836065,0.6772233642398646,1.3981974384789027,0.32921598595626733,452.3293306681168,452.31960745158386,2.9658215576294893,[ 0.51563876  0.84796019 -0.1228014 ],[ 0.59268888 -0.24950541  0.7658113 ],[ 0.61873788 -0.46766502 -0.63123123]
24,-319.4734637912318,-152.4363862725323,29.157685680176613,6.9065591100982,11.168355422901417,8.811892770691431,10.117439253419283,1741.595344418128,1740.8337363152755,59.6883419543757,[-0.38503803  0.68931488 -0.61366987],[-0.20742389  0.58328887  0.78533395],[-0.89928919 -0.42967323  0.08160802]
22,-433.6565910438883,-65.97846191587259,108.8101925713658,10.80321878042364,8.227963470283676,10.081964198239358,9.160030702535266,2121.030741951091,2120.4677972041727,66.85000255789402,[-0.21659623  0.92901111 -0.3000407 ],[0.179452   0.3399865  0.92315013],[-0.95962652 -0.14610794  0.2403527 ]
69,-240.8205083710518,-141.11087098252582,297.3487117047233,9.52485728540431,10.713345169322714,16.67502754987728,10.611197206689667,3391.207755581988,3390.222411728365,159.4167057469785,[-0.58789052  0.80334902 -0.09494775],[0.55326729 0.484931   0.67730143],[-0.59015255 -0.34564761  0.72955308]
8,-361.2745578631688,246.13467676867484,99.03168691134977,4.521520744987039,5.030117031383658,6.629530454629604,3.5922223126927153,1268.002116139858,1267.8849212088078,24.806751746226418,[ 0.54507308  0.83409376 -0.08475217],[ 0.23072723 -0.05205154  0.97162523],[-0.80601506  0.54916139  0.22082004]
11,-315.77689438696734,-161.0537630470264,114.79701946240638,5.077906804988344,4.266140244564016,8.047693971463547,5.684623686361251,1236.2038256374062,1235.9806823062293,29.019739825263834,[-0.34085079  0.88811796  0.30832974],[-0.40699408  0.15624374 -0.89996873],[-0.84745298 -0.43224343  0.30820295]
10,-239.02223942161413,227.49709983678446,101.82820949182306,5.264906722914319,8.029754906493446,7.408461558429715,6.185590581037202,1092.644128710133,1092.2856039178023,33.06826374752111,[0.64155416 0.37427621 0.66957119],[-0.3307537  -0.65259781  0.68170235],[-0.69210566  0.65881213  0.2948836 ]
22,-344.68010654706035,3.506035623310073,298.2827009674696,4.224907356000786,12.71235151246136,12.418606942143832,8.9739125502207,2139.641780298673,2138.6384816517925,74.61021601020522,[0.54520403 0.56055164 0.6233253 ],[ 0.36237721 -0.8280871   0.42773182],[-0.75593341  0.00732223  0.65460757]
17,-382.0008566171006,-255.288914637364,7.9617196742854714,13.45026465112122,8.067384665811918,5.6618082590917815,8.553869762708022,1895.8841546506465,1895.0138962070762,58.78218420467512,[-0.19961994  0.32752666  0.92351403],[-0.5183949   0.76448682 -0.38317963],[-0.83151585 -0.55523526  0.01718134]
98,-245.73781541313235,6.617972971977047,23.915257065662807,11.161895259944442,29.403425524544243,17.89367474543742,11.186923051633679,2468.076518795359,2450.745397570366,340.0375080641127,[0.09941189 0.43090258 0.89690593],[ 0.01730893 -0.90198347  0.43142349],[-0.99489581  0.02736414  0.09712634]
58,-312.78953270179636,-314.87281929684053,60.15765091315237,10.559972244576798,18.813601860693357,10.384622049142088,15.654661912197918,3415.33426430761,3413.602800803944,137.9923953128766,[ 0.4754186  -0.31537933  0.82128742],[-0.53548691  0.63695039  0.55457007],[-0.69801928 -0.70344159  0.13393656]
6,-458.1580542464612,-68.47594674048248,49.58229216923596,5.772386883556491,4.181849763121188,5.941146527349476,5.950296337952107,1141.3853950620269,1141.333886943718,17.422535034360962,[ 0.10722826 -0.94384035 -0.31251798],[-0.1464231  0.2959115 -0.9439262],[ 0.9833933   0.14697541 -0.10646996]
9,-444.91002510078755,21.022700071057674,21.186889839166756,4.942773389731887,1.9998816488358842,3.8349200520244016,4.800003190164282,1337.8661779707397,1337.816662752651,13.452551215216166,[ 0.02918775  0.94522671 -0.32510697],[0.06017564 0.32299403 0.94448597],[ 0.99776098 -0.04713094 -0.04745215]
90,-204.9147489113765,-173.3779774799097,280.6817455653259,34.018036725152776,14.354452028140223,20.68193824068934,33.76956588868934,3705.3224496941607,3699.433144141065,238.66931796726624,[0.22937225 0.74410747 0.62744916],[-0.81607628  0.49835369 -0.2926826 ],[-0.53047892 -0.44491311  0.72155696]
34,-341.6242317051466,253.52083177861047,50.09695418241353,12.97894309747599,9.316693606370789,10.513573458889592,13.341280354701475,2499.9524937428405,2499.201703089427,79.98153944344897,[0.55801229 0.65058304 0.51513493],[-0.22888155 -0.47602658  0.84912421],[-0.79764373  0.59172663  0.11672223]
2,-388.5061128138391,5.999905707575148,45.858511916432974,0.40941463567335745,3.5276249482684237,3.726333775595556,0.08431094343686141,553.3579293710999,553.310055553312,7.278765105544507,[-0.06923251  0.72824826 -0.6818074 ],[0.09581682 0.68514177 0.72208026],[ 0.99298842 -0.01533719 -0.11721252]
68,-130.73212013718936,-124.10228952018973,28.120786730634208,16.334368312460413,11.49935984744575,13.146793939635232,15.301458396896797,1515.0393311919609,1511.8838829125202,152.09642009728356,[ 0.50621525 -0.65928414 -0.55595912],[ 0.47773827 -0.32233296  0.81723168],[ 0.71799183  0.67929808 -0.15179541]
7,-416.6719476936757,-1.1594265412300173,50.00365165860474,4.198870578962104,4.9386870305309625,3.6771533525597357,4.195727199914638,1110.4592518435377,1110.4205118502334,16.285990285009348,[ 0.11627151 -0.24225177  0.96322117],[0.0261823  0.97020942 0.24084883],[ 0.99287231  0.00278451 -0.11915042]
2,-232.92780993574627,-263.21262853833963,91.50093832303862,3.4816762086022948,2.712986436883284,1.416377318743784,0.09006320934082623,513.6733644386459,513.6315455490355,6.5544451044207985,[-0.07400268  0.38525285  0.91983903],[-0.76368622  0.57127841 -0.30070638],[-0.64133218 -0.72472147  0.25193616]
16,-352.6209536669278,-41.02437866443498,11.992604256765791,5.543914055695116,7.268326788506832,5.832639901092288,5.156205636796885,1421.286421297849,1421.1394640852639,38.17969937841734,[0.00168866 0.26716407 0.96364958],[ 0.12019287 -0.95671923  0.26503206],[ 0.99274912  0.11537626 -0.03372679]
3,-476.5508243806656,-71.57117562556893,5.116829654649856,5.325323227288521,0.2886436713286803,2.150167744144384,5.270750098132189,834.7728318077473,834.765001446963,3.990654451957547,[ 0.14333271 -0.96889495 -0.2017382 ],[ 0.04023748 -0.19796926  0.97938201],[ 0.98885625  0.14849491 -0.01061042]
4,-123.597972237631,43.39468098641385,139.78417203911286,6.035266377618467,5.297468049221119,2.449489970248599,3.639530082201475,383.5030223434126,383.2137121410051,15.164372982792495,[ 0.4593512  -0.64808799  0.60743595],[0.61030223 0.72715126 0.31429641],[-0.64538954  0.22634708  0.72954735]
124,-211.75944299416494,-107.77971822689443,146.35907819177908,11.89871931722361,15.836834294698003,23.006627099112503,20.870481046298,3122.355053224142,3119.87067876451,244.95547883593414,[-0.22383923  0.91079091  0.34692349],[-0.61408474  0.14461497 -0.77587785],[-0.75683283 -0.38671233  0.5269323 ]
6,-72.06808798339193,-71.45423555195933,13.827105146420474,6.913739407075601,5.6735665974740055,4.854770345620115,9.291737225028776,252.10347075199115,251.93082345599893,10.289150728295406,[-0.70486094  0.70920928 -0.01390202],[0.08758969 0.10646761 0.99045075],[-0.70391698 -0.69691237  0.13716428]
5,-334.6955075202708,-91.87988118557715,53.56352710318648,3.2344090418583824,3.478251129306436,5.601073914683904,4.4531141220203,785.4371691839578,785.3519978965684,13.05667830782584,[-0.1767081   0.88945437  0.42147974],[-0.24609519  0.37469102 -0.8938925 ],[-0.95300126 -0.26168218  0.15267951]
6,-266.05452213017816,-306.23881812204326,144.36393257215215,2.526638652081782,3.65861922915847,4.273983445888822,2.503662004717723,1054.8099130134342,1054.7701909138973,13.79629418759024,[ 0.39615911 -0.64991441 -0.64859018],[-0.67920655  0.2679001  -0.68330666],[ 0.61784822  0.71122486 -0.33529506]
15,-435.4993961569783,48.82075653840348,193.23142619708986,6.886609916624267,6.992272882348286,6.742160994031939,6.273803588668193,1855.4531350223476,1855.116088711564,39.22261131758451,[0.34810756 0.71744845 0.60339775],[ 0.22792798 -0.68911502  0.68787305],[-0.9093239   0.10192258  0.40341273]
2,-208.87493968035938,-238.52457557714476,349.9889951689515,0.13415829525750667,2.111544230360039,1.3731324995484897,2.0248176398145006,667.8643162056937,667.8609290709467,2.1270358226511554,[-0.5793352  -0.46990754 -0.66600123],[-0.68465144  0.72392276  0.0847835 ],[ 0.44229304  0.50509676 -0.74111681]
17,-378.2531103762129,92.2203097843837,77.24937913487761,5.9806723954774474,11.341446944636717,8.646120932327076,8.078049860941462,1637.6338654569524,1637.048145289679,54.532274905817275,[ 0.04048305 -0.53890101  0.84139576],[0.30074156 0.80960858 0.50407188],[-0.95284607  0.23263631  0.19484535]
60,-237.55104381098954,115.78299394831676,15.475292874230119,19.96076381535263,14.036948197080195,9.3688338328645,19.67983847196252,2059.624630716893,2056.908450669684,134.70466863637262,[0.20470607 0.29469289 0.93340855],[ 0.38996884  0.85009915 -0.35391487],[-0.89778601  0.43644878  0.05909942]
14,-348.4343250517376,168.27101236130846,185.4843646739851,6.1009069036015795,8.233665352957605,6.528660010159509,7.573394892952564,1606.1119081960783,1605.8666091777177,35.50442501085181,[0.49428123 0.06794884 0.86664238],[-0.31045898 -0.91739656  0.24899552],[-0.8119737   0.39213072  0.43235658]
41,-383.34091692050697,230.80687339881865,137.23740011937284,8.911463931142546,17.97223084202613,11.33749680451173,11.781735867449926,2999.800453038073,2998.56238535387,126.35458540400492,[0.51900032 0.41888574 0.74509959],[-0.24511643 -0.76214803  0.5992064 ],[-0.81887521  0.49362447  0.2928793 ]
2,-399.27419971112613,-96.15763581716512,138.69779781238358,0.3096189742510944,1.4480641553311813,0.5211096063000014,0.7731426107907851,613.0346171430135,613.0315723684776,1.9321219198791382,[-0.25452222 -0.27881617 -0.92600215],[-0.29462991  0.93437224 -0.200354  ],[ 0.92109264  0.22183339 -0.31996608]
2,-348.3682197736192,14.371915602858973,214.3513756938533,1.4524279163638596,3.0406268613778877,1.3646258497526702,2.057656751503515,578.8379702999034,578.8224514885547,4.238574488154124,[-0.51532965  0.13374383 -0.84649155],[-0.09980037 -0.99039234 -0.09572307],[ 0.85116111 -0.03515123 -0.52372622]
2,-237.8192389279917,-270.7481071311666,145.7759397236967,0.42951319934327614,0.0877170070153852,1.1523955832939663,0.23047665817338725,549.7538953262047,549.7512267239558,1.7129336944252853,[ 0.63550153 -0.71504521 -0.29128706],[0.47102346 0.06011242 0.88007011],[ 0.61177994  0.69648894 -0.3750046 ]
5,-353.97601181383936,-314.4767285210307,96.7278110864574,2.714357391609375,2.356232065964821,3.972517557615296,2.026373191298855,1080.6847021446974,1080.6449584596417,11.092542747647697,[ 0.54337591 -0.7358791  -0.4040106 ],[ 0.4101764  -0.18717326  0.89259257],[ 0.7324602   0.65072891 -0.2001348 ]
46,-414.3227092907477,-90.97347345531844,220.70714272061915,5.768858786849427,11.044509621569995,10.010216011220141,7.617223707522323,3244.462954597523,3244.034326002148,95.43359098580024,[0.28948337 0.56180487 0.77496752],[-0.40693499  0.80505683 -0.43161026],[-0.86637364 -0.19041741  0.46166863]
6,-362.28930582439057,-99.01886860209329,219.9361790938756,3.529106628852572,6.8282085071303955,6.197958049773751,5.042257974611057,1066.3503118909057,1066.2076344577135,20.751409656257888,[-0.55402216  0.31708802 -0.76974972],[-0.01479431  0.92072615  0.38992883],[-0.83237045 -0.22741713  0.50541159]
10,-236.34232486739225,106.13650835968822,158.4269657772871,4.669387204747951,7.323735957946925,6.0638851362692785,5.197604467008072,960.7547891678762,960.6127816117333,29.200461935119776,[0.56834805 0.03851806 0.82188616],[-0.26716513 -0.9361383   0.2286217 ],[-0.77820517  0.34951602  0.52176169]
17,-292.63248365795056,-110.79052080141784,78.90867420087577,13.864797925616667,10.170677431764654,9.332022661395717,16.755854792923728,1332.739512564585,1332.5561891287566,41.225256530764476,[-0.3667233   0.35376157 -0.86044568],[-0.20889669  0.8699534   0.44670265],[-0.90657388 -0.34356052  0.24513256]
31,-389.8769025466352,61.080994739546334,264.8190200533497,10.105806546941897,14.586628944914015,9.664070755886444,7.5264428690008485,2648.085588069483,2646.817529554562,104.31573919448246,[ 0.44273602 -0.47429827  0.76093756],[-0.36185233 -0.87097943 -0.33235181],[-0.82039485  0.12820291  0.5572399 ]
7,-127.37040989038597,12.628374855166259,9.014874685357217,4.679772219691674,4.020722927793941,2.2334219780279265,4.256838862969419,339.8879332610551,339.70623147713894,13.196444290918262,[ 0.03532556 -0.32073901  0.94650863],[0.11467242 0.94214515 0.31498057],[-0.99277507  0.09741157  0.07006172]
6,-262.9081190587634,-196.21717708230992,187.79605797916307,4.072867757202381,7.266143568614543,3.091006183624178,4.016341804553534,926.1626198125759,925.9946866596302,19.353123790820067,[-0.51816256 -0.11666705 -0.84728765],[-0.4978155   0.84669347  0.18785606],[-0.69547631 -0.5191329   0.49680352]
2,-382.0194294795356,-226.0914251625701,75.9033555679184,0.13930278352259506,3.8289644736267547,2.848806610904809,2.28414132998185,636.9305966770538,636.9029983042144,5.929227141002968,[ 0.18719673 -0.58197741 -0.7913657 ],[-0.49541861  0.63971545 -0.58764321],[ 0.84824394  0.50206219 -0.1685698 ]
5,-361.2913578937451,208.68289493962266,202.88957954652463,3.6228272854057884,6.414735102717634,7.118216278705592,4.487133448852336,1037.6607595172425,1037.4624930081104,20.565140546870726,[-0.05506141 -0.74338865  0.6665895 ],[0.62504543 0.4949521  0.60360635],[-0.77864398  0.44988414  0.43739892]
2,-87.40723734594252,-8.6815039306226,84.1944691581962,1.0003277268678517,0.34452385362651494,2.1110889549720824,0.7175039868008142,172.10275033595752,172.07334164167074,3.181472845996641,[-0.17292801  0.98181808 -0.07828901],[-0.67388919 -0.17591176 -0.71758512],[-0.71831    -0.07133245  0.69205666]
9,-243.80184306728285,223.2523338376858,343.2262047422724,4.003608859068627,7.592215102675743,4.533391342050978,3.220507981566699,1429.8752063965132,1429.6610864834927,27.47995788341673,[ 0.79830171 -0.05082979  0.60010892],[-0.31774619 -0.88201396  0.34797807],[-0.51161679  0.46847381  0.72026422]
2,-379.7754793702911,165.97335845485333,98.40418384672179,0.14728466248274685,0.006156566657395501,0.04405185430385217,0.14388386269931175,602.4283816645727,602.4283767367266,0.07705419349977165,[-0.28891234 -0.09635523 -0.95249427],[-0.34885791 -0.9159188   0.19847145],[-0.89153117  0.38962601  0.23100596]
26,-298.3711032834505,80.25118982086747,309.12421921124405,7.844332586284001,15.800119859902649,11.76191143252126,8.076712272486906,2230.855065906469,2229.3221798073682,99.98806921771796,[ 0.51693056 -0.56291609  0.6449095 ],[0.51682946 0.80580202 0.28908549],[-0.68240025  0.1838711   0.70747531]
38,-267.736095468046,-111.38891897105903,117.91083846219904,8.27226079817046,9.977026779915692,10.450282854719276,7.078685314888747,1931.7945114577235,1930.8227552331641,92.91250488876433,[-0.50989455  0.70659902 -0.49063772],[0.09143213 0.61163708 0.78583729],[-0.85536408 -0.35583409  0.37647627]
3,-167.7170487661147,-146.5822484391729,31.58080978823725,1.3368999252462328,3.0598594761187665,1.986375250219025,3.203407296435086,389.72223349936684,389.70368940220527,3.80248050645742,[ 0.39634911 -0.60270916 -0.692567  ],[-0.53595018  0.46058464 -0.70754448],[ 0.74542926  0.65161604 -0.14046977]
5,-304.0257650767309,-3.392043048491145,218.268806063416,3.9230615580178525,2.793491738042809,6.922683480636227,3.729505580998314,837.1020312491889,836.977240711484,16.87892842641701,[0.01623744 0.99913704 0.03822996],[-0.58308209  0.04052259 -0.81140199],[-0.81225096 -0.00911611  0.5832369 ]
35,-348.9169013751109,139.76134077295785,242.9109098734751,13.15520600370409,14.471690578980557,10.757610345906695,7.4174704118545165,2650.568100620658,2648.324924688082,124.39927362108664,[ 0.2101402  -0.68591787  0.69667623],[0.58989789 0.65721614 0.46913476],[-0.77965478  0.31238376  0.54272904]
7,-262.9081812935255,100.74565000449398,212.6461835853782,5.8623590712605225,4.337041232548008,4.37620662315131,5.661749525918589,933.7219584080171,933.6685790437737,16.7942404649172,[-0.0902476  -0.9385344   0.33317946],[-0.66074373 -0.19388801 -0.72513803],[ 0.74516649 -0.28558821 -0.60263279]
20,-278.58714504592166,64.27470781337651,161.7027676065547,12.842917734667603,9.336445456624013,4.4292802646905205,11.370425903108911,1470.6189345242258,1469.9986840027761,53.34575354882178,[ 0.42812296 -0.2934805   0.85473969],[-0.31119355 -0.93583316 -0.16545351],[-0.84845112  0.19515503  0.4919809 ]
2,-115.09863659526384,126.00196011172388,162.20463532002162,2.3498278486465267,1.791199313492811,5.978180004940313,2.010484557488752,333.1035951155635,332.9822270479087,8.991192864592527,[ 0.69728491  0.71427281 -0.06006753],[ 0.52434048 -0.45113745  0.72217869],[-0.48873389  0.53506014  0.68909349]
31,-300.4631319333875,-207.45742353872268,112.61693714982218,16.967942727249746,13.737499479640901,9.441135686246762,19.236030037222157,2131.3531276217127,2130.3327047634243,77.76497162082123,[-0.58661387  0.80587355 -0.08032421],[0.19298689 0.23542255 0.95253991],[-0.78653685 -0.54327161  0.29362516]
44,-307.06067181411186,-239.189901574982,257.6635489624408,17.818985668645006,21.39475353879946,12.523881943946025,9.485012155565641,3102.4646331088143,3097.319220624258,193.76717492922558,[0.57871107 0.12535434 0.80584104],[-0.48166877  0.84989842  0.21370044],[ 0.65809475  0.51181927 -0.5522249 ]
24,-191.3517283892238,-66.28982243264323,218.96092891467995,8.23598969346598,6.494137326781393,6.5732902732151794,5.0735184274507885,1462.1038499270776,1461.6122033678184,55.44876992517898,[0.15904235 0.89774806 0.41079673],[-0.75035981  0.38032858 -0.54065731],[-0.64161179 -0.22225795  0.73412241]
9,-316.6131891187083,296.1942826723732,81.75697221706439,4.424978744331078,5.433390351671841,8.018959660673957,5.110224197605726,1323.8889232607128,1323.7963095149162,28.06712975387994,[ 0.64237774  0.74083135 -0.19626447],[0.26913288 0.02171867 0.96285814],[-0.7175781   0.67133986  0.18543049]
2,-327.931314493921,277.816430337529,10.4865535698367,5.036408308279647,1.2266749093039095,0.8093339642429402,4.614504108385717,608.043434235446,608.0331880429509,3.5298944970980193,[ 0.22150738  0.29653036 -0.92898021],[0.60749753 0.70323881 0.36932632],[ 0.7628114  -0.64616169 -0.02436888]
50,-254.6985767085675,-265.4070174997332,16.511864519534402,10.0273349299057,18.56875419289704,10.683179818771029,16.492680504509124,2608.064832108728,2607.3345803085494,119.33573351988181,[ 0.37621968 -0.30690507  0.87422424],[-0.6171263   0.62078382  0.48351068],[-0.69109614 -0.72141301  0.0441519 ]
9,-307.75497970075,-83.48947894005671,82.87690660846857,6.419984875970175,2.39482314363388,5.782278095698514,7.129874776909784,988.7502583272768,988.6829859353637,16.293284654455146,[ 0.30606366 -0.93101622  0.19883119],[0.18399825 0.2627653  0.94715312],[ 0.93406086  0.25330456 -0.25172826]
54,-435.6934578335366,-130.83001098581101,110.3516485445778,10.029481052546009,15.476909184193723,12.577619426711488,10.807780079425104,3442.8179424443424,3441.7364128936606,143.29233903207455,[-0.36539423  0.6835165  -0.63189577],[-0.01601458  0.67411883  0.73844928],[-0.9307151  -0.27994465  0.2353729 ]
14,-394.155713934309,171.8224730139928,119.85419579715601,8.348559585420745,9.375013338697263,6.338172094159354,8.291149115108054,1670.884717746165,1670.5591122843834,42.68402487855527,[0.35340429 0.16880659 0.92011398],[-0.30879765 -0.90739948  0.28507927],[-0.88303421  0.38487728  0.26855179]
22,-254.03618944637356,146.03928972860368,221.14311371942176,4.863018100715312,12.770785994928548,11.360260904934535,9.971844867405803,1723.510628559858,1722.894873801302,68.91631202370671,[ 0.29910848 -0.60155533  0.74071945],[0.65756506 0.69245878 0.29683166],[-0.69147835  0.39828636  0.60268206]
31,-371.9782719861512,-155.0821907198214,49.29200942821396,7.302562025251997,11.553909402262018,8.68896601974738,10.49316631606491,2261.961858752566,2261.783927228903,68.57969540138201,[-0.10771929  0.5261689   0.84352999],[-0.38646457  0.75957633 -0.52315287],[-0.91599219 -0.38234811  0.12152462]
71,-253.84462177663335,188.9567091630854,49.16710143401378,9.544660179851565,17.89248908857677,14.628951495026895,10.641739573756588,2703.9838817710533,2702.676891874176,190.23929969413948,[0.32935934 0.2020093  0.92234195],[ 0.51385801  0.78116632 -0.35458302],[-0.79213154  0.59073803  0.15348033]
3,-260.2696664823124,-299.0799371631008,52.32575812800453,3.5180930336398224,4.47012580561776,1.8640975047293649,2.005761700660491,692.7308134393559,692.6805090605269,9.761867855196034,[0.04609577 0.1330682  0.99003436],[-0.75785058  0.65034254 -0.05212567],[-0.65079773 -0.74789534  0.13082385]
3,-156.10777149228974,-37.087006703080085,55.62849449875634,3.6216940032664473,1.3554095082336526,5.189709166340193,2.3825238639720676,294.3518076760807,294.17179928432915,10.438287476852587,[-0.14900709  0.96310691  0.22410257],[-0.36423162  0.15724033 -0.91793834],[-0.91931073 -0.21840456  0.32736407]
9,-364.77188309172135,222.0043249485535,6.480083572024656,4.573557635173866,8.276433547022458,2.5531151708371547,7.595932542640604,1281.5174250067814,1281.424991077424,18.595896928345464,[-0.04740017 -0.10686591  0.99314294],[0.51804871 0.84746046 0.11591507],[-0.85403674  0.51999081  0.01519197]
21,-60.437772275214165,11.91255112542289,15.613962269985908,9.862132865962037,9.501564105489098,4.427041391459856,8.898098869039178,297.960261523162,295.01940412160013,49.97134715278276,[ 0.17112531 -0.32754065  0.92921109],[0.25234757 0.92623447 0.2800186 ],[-0.95238481  0.18656589  0.24115625]
3,-290.84699404849806,-314.8404152903838,96.56535441903758,1.0336062185131842,0.683974467598098,1.0584319174785166,1.0975341712187094,761.0063568200571,761.0051771565853,2.087149841698471,[ 0.6075703  -0.34129089  0.7172021 ],[-0.43892006  0.60830511  0.66129726],[ 0.66197244  0.71657897 -0.2197887 ]
5,-268.6024231696397,214.2403266304499,117.44909158305168,4.313274031231881,2.1433136314921297,6.7543328826329105,3.4428089655829948,812.0894585826265,811.9847455536069,16.862966705486013,[0.67262221 0.66071438 0.33322047],[ 0.01719419 -0.4641395   0.88559521],[-0.73978627  0.58994155  0.32355098]
6,-144.05910120622494,83.45557539076934,67.33969505971272,6.770832845570944,6.267188565960397,3.815701875704843,5.179856117497993,440.4909367685111,440.1772821238238,20.92316119710854,[0.48045169 0.13047581 0.86726134],[-0.35376628 -0.87602086  0.32777564],[-0.80250582  0.46428818  0.37472776]
5,-407.664656878766,69.59407627628772,234.48853989932618,1.9994215480649753,2.708826485024049,4.23072995385684,3.5866470039315272,1063.1104439025487,1063.1057148864893,9.033311932028678,[-0.40594704 -0.78150357 -0.47377122],[ 0.31614128 -0.60648681  0.72953988],[ 0.85747402 -0.14637591 -0.49326707]
2,-153.05432080935805,98.29579974125542,92.13694687269188,2.7972436450837534,0.32750957808457315,0.20571866487981083,2.3504337243293776,288.3916798345989,288.383187907474,2.2131267799911236,[-0.031194   -0.70897285  0.70454555],[-0.6599322  -0.51479242 -0.54724606],[ 0.75067731 -0.48202309 -0.45181558]
7,-370.1367571837937,-106.52395479594135,198.22539075150559,5.580913624980988,5.6724048813247885,7.456284272664176,4.4062082077968885,1146.3840906457417,1146.1929399545747,26.389608485634138,[-0.01236858  0.89020895  0.45538449],[-0.51937699  0.38344588 -0.76368632],[-0.85445571 -0.24596194  0.45761137]
25,-132.43602429069387,-138.73292240938503,196.6911868703078,4.774711680487614,11.979554246981369,10.699313948948932,7.167161720967879,1375.818613065315,1374.4508354132586,75.66078663579212,[-0.8675745   0.38996116 -0.30861754],[0.12333459 0.76990843 0.62612267],[-0.48177076 -0.50514484  0.71604862]
6,-101.86877262552169,-40.13230680032443,55.88458383110398,5.144865877982126,3.9008132665083965,1.6599066884633138,4.889291588125071,301.49726369604406,301.3977159682563,11.105822250320802,[-0.55712818  0.55236681 -0.62007991],[0.04812526 0.76692158 0.63993379],[-0.82903085 -0.32668364  0.45385642]
6,-285.2904440667696,105.84942905399282,218.8572657858339,3.624997598959472,4.442091600235371,5.5224328077579985,4.608043557847714,918.3256859780349,918.2066957589902,15.929270533073483,[0.62462444 0.56158781 0.54264486],[ 0.17473905 -0.77776497  0.60377803],[-0.76112454  0.28231327  0.58394233]
10,-207.34421972394617,201.04703557718358,221.7153403658806,5.563021414258982,7.614829423064372,6.000698125611906,3.6770633521923637,1151.8046839805852,1151.5692221719494,33.431768900265645,[ 0.67209398 -0.11384313  0.7316621 ],[-0.47331922 -0.82593337  0.30627274],[-0.56943709  0.5521538   0.60898899]
6,-330.23150583228636,160.80872615119586,90.96004432751431,4.337091877516818,1.4148547837350822,3.662131122573182,3.09480869826405,926.9842486461464,926.9278036868508,12.166030699920194,[ 0.31086154  0.86330072 -0.39758894],[0.37641901 0.27228531 0.88553342],[ 0.87273927 -0.42493831 -0.24031977]
15,-379.909874270935,-34.895216261983116,165.8804330961066,6.563730745355711,9.712581750442231,7.4829797716786945,6.150368960107311,1612.000865708922,1611.4869614613217,48.275655032762764,[-0.36261396  0.61377856 -0.70127527],[0.18579199 0.78499589 0.59098459],[-0.91323187 -0.08400793  0.39868561]
28,-292.5669180013239,-159.45001264410763,275.2847210684444,6.8126419104714335,12.580174449141545,6.6840623465342155,11.436657485166691,2288.3918697500058,2287.958878064072,57.86188284615768,[-0.70834672  0.0911823  -0.6999505 ],[-0.200461    0.92480633  0.32333981],[-0.67680152 -0.36934947  0.63680504]
16,-241.40630383182483,-9.12019307541448,134.05537679960645,4.8790905110288865,9.677082776802193,9.180239679214532,5.38765045724062,1106.2274110844387,1105.686790811896,52.590453395126154,[-0.40167474  0.61134583 -0.68184579],[0.27455944 0.79069232 0.54719537],[-0.87365583 -0.03258736  0.4854519 ]
9,-332.9895258728808,-195.76486455695726,182.37073979254643,11.163921320297078,3.783971356258657,4.6670362871679165,8.013790358026856,1281.9823377996497,1281.766151610863,29.323838410898595,[0.08384525 0.59920304 0.79619451],[-0.62046857  0.6566103  -0.42881425],[-0.77973632 -0.45805963  0.42684031]
