N,MEAN_X,MEAN_Y,MEAN_Z,SIGMA_X,SIGMA_Y,SIGMA_Z,SIGMA_R,LAMBDA_1,LAMBDA_2,LAMBDA_3,EIGEN_1,EIGEN_2,EIGEN_3
79,-268.72517797612994,-204.90562769924685,329.5127901262039,9.636827527016752,19.16326932081217,14.771442729063534,8.644279373354488,4200.34279069283,4197.128919115733,217.61905967377498,[-0.79448491  0.07166104 -0.60304097],[-0.211667    0.89806599  0.38558339],[-0.5692019  -0.43398406  0.69833161]
18,-351.9226481181412,55.41546135778569,151.8841797918382,6.114991381895023,15.844552983474365,4.445690420351712,7.398653010506392,1644.7019007134645,1643.4985746838554,67.64426547884119,[0.41287409 0.16891889 0.89498681],[-0.06233496 -0.97510608  0.2127968 ],[-0.90865249  0.14364725  0.39206648]
30,-242.55077614116314,-251.58885990409362,314.6589510374897,12.594113129011046,12.337075919896657,13.680631069169726,11.807247130292698,2578.2858210892277,2576.7991762380316,103.49904305840961,[-0.6460454   0.75582819  0.10653207],[0.56265007 0.37724474 0.73560268],[-0.51580059 -0.535173    0.66898401]
62,-342.0675742395394,-204.28554349878027,81.76874778961157,17.019238147712606,10.958233206906069,10.832677421828508,13.968653177274227,3206.920591287247,3205.218309535869,144.16140838017782,[ 0.26325419 -0.05473635  0.96317245],[-0.47204967  0.86339691  0.17808675],[-0.84134793 -0.50154732  0.20145458]
74,-367.8047413977825,-157.83866967470274,231.07716167349926,12.772626953144158,13.140020698774906,8.823504329932963,11.727240103536046,3978.7588081404465,3977.6342890107367,142.99934743897313,[-0.58405021  0.65051234 -0.48550907],[0.15909778 0.67826442 0.71738781],[-0.79597315 -0.34174708  0.49963554]
93,-44.749788874677435,6.977542028860903,19.346491567948433,16.42725117454288,23.226953698157715,14.020169913866205,17.88251251864702,554.8943177976253,513.4155619930219,258.345277358602,[0.41253402 0.3596415  0.83694305],[ 0.00497736 -0.91964257  0.39272481],[-0.9109286   0.15784658  0.38117391]
9,-271.51895389385595,-238.23959021309733,243.88885379282132,10.282214831670675,4.3760025896062755,8.42919602460604,3.3326741510636206,1308.1553357453597,1307.6359622195089,40.84079251983992,[-0.18371675  0.79759524  0.57453459],[-0.76035379  0.25512137 -0.59730662],[-0.62298497 -0.54658478  0.55958449]
14,-282.10452360718165,-203.48181599359467,237.8051703667466,6.513183975488088,11.133580473544441,7.024324255559947,7.672157642731668,1577.3277162542652,1577.020265961964,46.68615968746655,[0.50809163 0.25653435 0.82221228],[-0.54198566  0.83714723  0.07372957],[-0.66939857 -0.48308864  0.56438544]
18,-263.596237254284,42.819998985220394,247.76052048892456,9.915356347427249,6.392673508249286,5.839142388332894,7.969141244960929,1546.3183863532583,1546.0941770661623,44.66691626127872,[-0.33977571 -0.91834353 -0.20297201],[ 0.60057486 -0.37793759  0.70460841],[-0.72378332  0.11750894  0.67994805]
171,-137.07085700722513,112.49491795337512,163.90425702515807,22.704901395174385,19.534292783832633,20.74545042416364,29.569091112030616,3189.47203560367,3184.9874066695115,280.1800419050907,[-0.51626178 -0.84349412  0.14829513],[ 0.64038412 -0.26522225  0.72080881],[-0.56866683  0.46709188  0.67708435]
4,-431.10239388409224,-124.12799915967756,28.283760909499428,4.321181709911722,6.315047790039004,3.2429942281036026,4.5460584816222465,899.1495611790153,899.0795994831471,13.947709142603964,[-0.12517122  0.21394439 -0.96879304],[-0.25408638  0.93699496  0.23975102],[ 0.95904759  0.27616705 -0.06292445]
60,-166.12095829879414,38.25271106575828,60.982733840775495,9.388381317342812,17.08335157725616,11.499328021084695,11.987831285655401,1411.3124558543727,1407.2371683531082,150.82156322965275,[0.39276219 0.33297305 0.85724373],[-0.07103004 -0.91838319  0.38926475],[-0.9168929   0.21377853  0.33705511]
12,-299.36487534375345,-333.59226334020303,171.2894582769229,3.538562608257565,4.48099644037005,6.468511450340079,5.110434023702446,1662.4345032788665,1662.33547780924,23.996362306621453,[-0.76923634  0.62693954 -0.12337859],[0.13804948 0.35159837 0.92591626],[-0.62387323 -0.69521608  0.35701092]
174,-299.18176883196816,231.92613004796496,280.4692580621322,13.062391993494616,16.209628809207466,17.054094333656973,13.403533460586441,6222.49070069494,6219.40689941021,307.496161036326,[0.76160115 0.52789695 0.37588363],[ 0.12926314 -0.69211877  0.71011453],[-0.63502341  0.49223614  0.59535607]
26,-202.806784638489,46.254761078977786,147.86450889380134,6.330254079300745,11.752565401978769,11.071807563004164,9.388871701164696,1303.4784224109549,1303.0886789726078,74.24859854837298,[ 0.45782306 -0.44812365  0.76784324],[-0.39968972 -0.87521728 -0.27247539],[-0.79413234  0.18215353  0.57980507]
13,-433.2088717529913,186.45967581359005,50.65151210810526,9.522398235975283,8.409168218901554,4.55287820342871,10.92198848705128,1710.8889640408834,1710.802034823198,28.652711424732903,[-0.21905996 -0.25302529 -0.94233271],[ 0.34350991  0.88395798 -0.31720536],[ 0.91324349 -0.39318761 -0.1067231 ]
57,-431.23381492987824,-128.5054187147721,107.81059923139178,15.034056430568752,17.206675096979847,16.304889169761616,15.565689898642574,3498.54368843872,3496.6208523741457,176.0351063556901,[-0.35742568  0.81283234 -0.45994615],[0.06082708 0.51169311 0.85701238],[-0.93195866 -0.27834105  0.23233447]
202,-306.100602677872,-254.90580458564773,167.88777627782025,23.82198769544363,22.449071102357,26.912565557214037,31.50143152222495,6168.118937488925,6165.21476295138,402.11580253228755,[-0.48628351  0.8063071   0.33674503],[-0.51265051  0.04882391 -0.85720807],[-0.70761417 -0.58947866  0.38961148]
5,-356.49061886483986,-280.52768527825947,94.84875246442382,1.6203263788246969,2.5003560990456095,0.9889711549900125,2.4561568166743912,1036.3078626541403,1036.3019381765762,4.376489096793247,[ 0.49227048 -0.35718848  0.79377967],[-0.40739382  0.71133643  0.5727397 ],[ 0.76922042  0.60532378 -0.20465355]
19,-383.4859527814553,-46.80366445240062,161.06678679669116,5.817190329695935,15.813150034730903,8.467845520215246,5.3780682840057175,1826.2401040189827,1824.7038480570784,78.79947306992455,[-0.38993587  0.47025359 -0.79171433],[0.09222596 0.875393   0.47453289],[-0.91621198 -0.11202078  0.38471672]
60,-132.012419359456,-117.22009929267001,29.574878015452512,15.260952976768998,12.710806983328196,14.909475368449062,11.820033405906415,1397.7409573615673,1391.8250125911504,168.09008143311559,[-0.32064845  0.55699215  0.76612291],[ 0.59408404 -0.51170171  0.62066538],[ 0.73773215  0.65415678 -0.16682378]
152,-294.72774080965576,178.19071705398983,215.9732690965155,19.897257625662913,16.94779565522259,16.294393536093853,21.761296279444544,5024.417081428193,5021.190513212775,265.62225409734856,[-0.37932329 -0.89767074  0.22427902],[ 0.57482646 -0.03868712  0.8173603 ],[-0.72504371  0.43896531  0.53067982]
22,-194.43399027545013,-66.01067163029501,218.07768153537683,7.898114589326193,10.796634500423714,8.633007994010628,6.474803028746329,1406.7050751650847,1405.4451062826986,68.78740924246527,[0.43555998 0.67705522 0.59319789],[-0.62392556  0.70208422 -0.34321224],[-0.64884851 -0.22062181  0.72823185]
8,-455.33220945005456,151.5048895376953,68.25554044484826,3.8611781362523048,4.391041920290851,3.2593630066970984,3.116511420115614,1371.0697807385418,1371.0008429112295,16.760085208591395,[-0.25019543 -0.34425693 -0.90492509],[-0.23433707 -0.88533022  0.4015925 ],[ 0.93940853 -0.3125341  -0.14083341]
43,-329.80822626820964,167.2020024475303,162.734267001449,17.47219102782972,9.098468997955159,17.169634451080274,19.92449298200113,2654.394611954031,2652.7297982303403,110.48696147796967,[0.5657142  0.43178365 0.70251714],[-0.11562885 -0.80199256  0.58603575],[-0.81645417  0.41275999  0.40377193]
29,-365.80356271798024,-158.6440079786735,42.778347794078385,8.317114048889696,13.09060491031641,7.794194569716225,9.109286795306815,2161.128287026806,2160.4783644996296,79.5074471390784,[0.08788873 0.06534889 0.99398445],[-0.40040365  0.91600272 -0.02481808],[-0.91211429 -0.39581378  0.10667225]
40,-95.72277098924076,-73.3903388385342,96.84761305530932,8.88707874167762,22.67803744445902,14.04882058935587,13.221552073071656,992.0458934131764,983.964686936145,158.70079744178082,[-0.75494116  0.1327865  -0.64220837],[-0.22408872  0.86810528  0.44291926],[-0.61631818 -0.47828963  0.62561245]
15,-275.96004033971815,108.93322982579654,217.1874232136362,8.736583915858393,10.038887571358805,4.750760659255672,10.911487155502106,1424.993511100059,1424.7460516169335,34.72124995358111,[0.64669828 0.14601094 0.7486402 ],[-0.13589295 -0.94374768  0.30145219],[-0.75054277  0.29668353  0.59047814]
16,-442.82332082566273,-73.98951700093806,96.31663185942864,7.69080800512709,11.552449233750933,8.60251323603364,7.562046472661701,1837.6914892939942,1837.1357455052676,57.935577253817506,[-0.26400604  0.63472268 -0.72624234],[0.01575065 0.75569315 0.65473642],[-0.96439241 -0.16141558  0.20950485]
65,-376.0763275020602,165.54992554957755,32.90417623558827,13.488744316907706,20.633517375993044,13.142554212296055,18.648436926377993,3329.8519040805495,3328.051950568379,166.08172862921066,[-0.15853518 -0.52442104  0.83656988],[0.3787794  0.75015311 0.54202996],[-0.91180742  0.40280625  0.07971423]
19,-308.6786919121401,-221.13585671673493,105.49732988262359,3.4268878851196023,10.927020660596673,6.726176835473289,5.342753726893784,1718.605769018111,1718.1953601087173,52.97644228959357,[-0.46281366  0.23864201 -0.85372917],[-0.41536613  0.79243118  0.44668087],[-0.78311844 -0.56134019  0.26762417]
69,-379.7866339662011,48.157549304797655,276.62110472940634,14.323982433887368,16.73391940032758,16.50652654503748,11.273798489953425,3928.6590621604764,3925.693205770649,208.93618704342197,[0.42499923 0.78755068 0.44625058],[ 0.41560535 -0.60772665  0.67671302],[-0.80414417  0.10213839  0.58559363]
103,-211.838671669864,-110.74166634950299,147.0634383915645,14.427925618137646,13.13942832150874,20.705418072780073,21.022895410130765,2860.198377123824,2858.9738912502335,195.69443408298608,[-0.36148539  0.91689519  0.16920852],[-0.54882538 -0.06253831 -0.83359442],[-0.7537367  -0.39419814  0.52582203]
55,-302.598731961557,-245.7298969738107,252.28880557669154,24.743213763915083,23.26345536383361,13.020891828993312,11.327543946711975,3453.4902502645928,3445.1163883682,256.85287319381666,[0.5241718  0.20362252 0.826911  ],[ 0.54735802 -0.8244247  -0.14395528],[ 0.65241331  0.52807366 -0.54359459]
54,-242.78939708248768,113.13052118213812,17.615059057957485,21.32674881566438,10.235200567363703,9.732676459535337,19.426282314981165,1980.447767625183,1978.7648944689415,122.37532526602206,[0.15510233 0.18040059 0.97128723],[ 0.3953557   0.88968399 -0.22837746],[-0.90533813  0.41942582  0.06666966]
23,-375.47494476332923,-1.9349669525355053,117.92831071142032,10.39756413116055,6.679386971762068,11.166460472550153,11.077208750542718,1888.8913354842007,1888.465073799492,59.95315111282103,[-0.05423671  0.9860345  -0.15746219],[-0.29486646 -0.16647757 -0.94092454],[-0.95399798 -0.00460233  0.2997777 ]
4,-277.3584385870788,-54.23402346425796,292.32286547044646,3.6904785263312103,3.9165935214317056,4.750828005256431,3.4638667205747318,813.2969353146832,813.2499315634424,12.58590138616037,[ 0.53604675 -0.75991793  0.36766645],[0.49733842 0.63619914 0.58983486],[ 0.68213516  0.13332441 -0.71896886]
310,-392.9175705483506,101.25309309193051,167.13754286359534,26.351317638920964,26.745698086673414,42.914593422180715,23.462144907656196,7784.299322349157,7744.3731866291855,916.2279257498138,[-0.05327646 -0.90402709  0.42414223],[0.44331005 0.35918374 0.82125711],[-0.89478367  0.23178019  0.38162826]
68,-331.4881770252883,320.538943467511,39.116598044809066,14.429584527441627,15.965997071761116,11.748294802975051,10.806341048800034,3820.950991154476,3817.6858047337737,181.90280461260014,[-0.25415423 -0.37190517  0.89280019],[0.64997845 0.61789367 0.44241996],[-0.71619386  0.69274379  0.08469006]
4,-296.16489750325746,262.8635264738101,9.184098789780172,5.459138688957777,1.894267076556552,3.0017169639216155,4.857954676877739,792.2995664884562,792.2672201146285,8.664682758138321,[ 0.46389552  0.5470137  -0.69683353],[0.4750403  0.51034076 0.71686053],[ 0.74775508 -0.66357239 -0.02310876]
2,-273.62183702780527,-0.890902979023185,304.43224250834623,1.704315404527165,1.9094524759767115,1.273906920992232,2.0908648152425826,578.8900883999464,578.8835212705925,2.757398965915347,[ 0.72692559 -0.21335477  0.6527319 ],[0.15724316 0.97697231 0.14422096],[ 0.66847122  0.00220028 -0.74373475]
108,-145.63121490979125,-136.04484244264063,191.83360901811034,14.378072451693134,30.584625990736406,22.30466371231371,31.677027686293656,2901.7018142580932,2897.2351567252545,260.66043837484415,[0.73452755 0.14910626 0.66199442],[-0.43202113  0.85505757  0.28676524],[ 0.52328484  0.49663254 -0.69248039]
114,-339.0536856275032,-166.82533489760087,155.95537485240672,23.485940947321872,16.910748562750427,11.449119543381144,19.9818702234151,4375.838187493868,4371.469055462381,253.51333120658057,[0.08344006 0.5840878  0.80739037],[-0.55164767  0.70181923 -0.45070457],[-0.82989313 -0.4077882   0.38077051]
3,-475.84408788998803,-10.79302532654807,89.00565776141768,3.109031276679738,0.6190076856295529,3.4342372216743686,3.67800419875189,838.7270364188878,838.7130904964135,4.99244752185987,[ 0.05014919 -0.98766418  0.14833923],[-0.1782833 -0.1549933 -0.9716955],[ 0.98270042  0.02228334 -0.18385682]
5,-262.59369992076245,-77.96739653003462,303.41267269457484,3.801760038619706,8.829502319410054,2.5338159140865955,4.482888662814943,914.305276154549,914.0975533931164,19.90032983790665,[-0.7589815   0.29247752 -0.58172501],[0.10603927 0.93702872 0.33276546],[-0.64241946 -0.19087713  0.74220156]
21,-288.3211601781665,128.7698798258255,250.77815193991324,10.559261529157748,4.725228791863526,8.436180437046124,8.604363118522933,1848.858140662718,1848.456091426232,52.55991327361219,[-0.21577097 -0.94699591  0.23799505],[0.66484908 0.03602445 0.74610853],[-0.71513536  0.31921935  0.62183633]
6,-454.14194746731124,100.49775303820836,92.1230902413107,3.36769485438249,1.7288901689788483,7.3649114973801755,2.7784226644458316,1161.6329582823914,1161.482669708854,19.136176773857574,[-0.17237723 -0.96410226  0.20197256],[0.2301067  0.15995635 0.95992962],[-0.95777711  0.21194525  0.19427356]
24,-384.6111503015114,238.7154859193635,129.11837270328078,10.217021969646748,8.935780748746323,7.732944443048341,7.409889164192076,2307.1290477759626,2306.569907428792,67.5161132933612,[-0.05075127 -0.5371625   0.84195057],[0.57423862 0.67405053 0.46465674],[-0.8171134   0.50706245  0.27425053]
2,-310.89132503882126,-130.42020539318614,210.80722119505458,2.634618687567894,0.8250590708921663,1.3814944135684328,1.056874378798426,562.3380850201943,562.3231234255175,4.1020391452706715,[-0.00541592  0.85395019  0.52032656],[ 0.62339233 -0.40396708  0.66947189],[ 0.78189045  0.32799339 -0.53015815]
14,-466.2974837615276,28.95088997062647,120.19492713827243,3.796338404523142,4.798275214267898,6.9259300728001,3.975546442388338,1805.2765481847857,1805.132737294761,31.250638993924824,[0.16190807 0.89660543 0.41217046],[ 0.19869001 -0.43874714  0.87636934],[ 0.96659612 -0.05999712 -0.24918324]
23,-431.2424196507836,53.30085393996821,193.71515154501816,8.671353907913613,4.9446247927656986,8.632929715525044,8.949385572539674,2282.3757434004087,2282.123715920572,46.54143070295681,[-0.25641032 -0.91202011 -0.32011415],[ 0.33556164 -0.39458136  0.85539695],[-0.90645029  0.11191458  0.40721369]
2,-467.14918884474514,95.00373653526421,105.76828547156455,1.0556182184833744,0.4170224623932697,1.9635863035343064,0.5034255653885396,690.5738899122792,690.5668081413353,3.1274465727156833,[ 0.13190681  0.95284858 -0.27327676],[0.25955396 0.23286693 0.93723249],[ 0.95667776 -0.19455742 -0.21659889]
288,-332.0111786111388,-45.5738796501201,216.13402903924805,17.164646930501565,29.619904210681174,32.2305873627943,20.05314386696981,6807.388075520381,6783.316270403119,718.5751864831224,[ 0.45992296 -0.68879441  0.56038659],[0.31077418 0.71604437 0.62505989],[ 0.83179943  0.11332571 -0.54338476]
77,-254.31271494653146,188.6142997446236,49.34648200921333,8.42438293566087,19.25929903851144,14.07361436954085,10.275073172311954,2818.6221703244437,2815.376077051245,202.80421328769094,[0.41239884 0.33382771 0.84763568],[ 0.44838498  0.73556021 -0.50784062],[-0.79301835  0.58949999  0.15366085]
17,-361.5889274420049,-240.65453531518654,41.28505888448173,7.144830073567928,7.168261995413218,4.485640041566681,8.25091642736136,1799.4204036939482,1799.3766406571053,30.45667451897298,[-0.28909008  0.2773498  -0.91624452],[-0.47920181  0.7866387   0.38931373],[ 0.82872948  0.55161277 -0.09450292]
100,-213.0042297153293,139.6075208593306,277.8566273452762,15.088318522468068,15.854472660663605,30.70222602108802,33.40959804985769,3786.763876754659,3785.168157421963,174.13917845122103,[ 0.18485858 -0.81470716  0.54961764],[0.80520066 0.44619924 0.39058692],[-0.56345293  0.37034914  0.7384865 ]
54,-233.03739332922643,264.82158735678956,305.30455642739787,8.57089771380466,9.554005047036894,15.797090423764507,9.771742189470412,3431.2713801279638,3429.2920720251545,130.5182426275173,[0.78706131 0.61298841 0.06913544],[ 0.3620177  -0.54972797  0.75282291],[-0.4994774   0.56748953  0.65458227]
36,-313.9294301945359,145.3020941647406,319.7603435770413,12.850961857694722,10.424182248619303,9.449552020517809,10.005051388742663,2828.084683868102,2827.7490871812524,97.53054444243374,[-0.26572829 -0.94888374  0.17031769],[ 0.69650404 -0.0668152   0.71443533],[-0.66653626  0.30847264  0.67865605]
2,-360.84308497140046,197.3483543848692,216.9740738259894,1.5131983658051809,3.189377848863515,0.26542454022325046,0.30317259719780054,657.6387853727649,657.619868293134,4.988071038640339,[-0.38998876  0.25857836 -0.88376807],[0.49572711 0.86776704 0.03514245],[ 0.77599188 -0.42440263 -0.46660369]
47,-305.77990486568336,87.14251436906393,295.83609283720017,8.140740520190436,14.689448726714062,18.173788330865907,9.775425528911212,2980.763628612324,2979.5995776960403,155.9664923315695,[0.52274134 0.79584361 0.30557232],[ 0.48123501 -0.57135345  0.66480682],[-0.70367206  0.20046991  0.68165787]
3,-47.76063631036379,43.743793868383534,66.89129663764764,2.246954482623123,2.0626254819304135,1.6991080168538273,0.7375256849131373,161.3630706363513,161.28992905823594,5.909322235780475,[ 0.63859886  0.76813744 -0.04643675],[ 0.5735464  -0.43485528  0.69422288],[-0.51306532  0.46996357  0.71826055]
8,-320.1996924124553,165.35239160601492,96.73115036405164,6.7762501027169835,7.7896030369348965,4.244336683610642,4.459279800591972,1055.7848164256673,1055.5084531716361,28.85887716157223,[0.34998273 0.13568953 0.92687671],[ 0.37547565  0.8861724  -0.27150786],[-0.85821333  0.4430427   0.25919692]
119,-230.26140833199042,-149.2666227099701,294.0159717021531,20.930632463306424,14.852556437685735,24.421428252616742,23.3938130736026,4400.917632433611,4398.093592942909,288.11959399578217,[-0.67889973 -0.2866294  -0.67597245],[-0.45935361  0.88403259  0.08649067],[-0.57279091 -0.36922888  0.73183374]
2,-196.11583928461516,73.73772948919239,228.07465564174856,0.1559751319864091,1.8874210313675022,3.0340236817329043,1.8836384868703249,438.0171587979751,437.99605590121786,4.2995832853658325,[-0.69476926 -0.59414398 -0.4053253 ],[ 0.34107742 -0.76832776  0.54160746],[ 0.6332155  -0.23804491 -0.73645961]
14,-105.07034368596392,88.77620748874843,98.43230094208856,6.047065943069607,14.072452725525409,13.861086513541567,4.744583772371427,637.253444286682,633.4676232885813,75.18481517765791,[0.77624181 0.30972152 0.54910949],[-0.10672408 -0.79387137  0.59864699],[-0.62133616  0.52329802  0.5831814 ]
107,-251.9838262105406,0.6121619814937863,23.04475110026579,11.988608115244892,29.67407713699752,15.41643659237626,13.078098922031398,2639.987464861485,2623.8207079717713,343.40338272038076,[0.08910675 0.2926724  0.95205192],[ 0.02486969 -0.95620999  0.29162298],[-0.99571155  0.00230834  0.09248344]
3,-168.6183287950394,-189.47110945691952,267.65098665182273,1.3095742849294045,3.9988464729150937,3.99657200783683,3.7869929867880656,638.745911854056,638.7162375820915,7.632476275377898,[ 0.83203168 -0.53542118  0.14507734],[0.31409104 0.67027437 0.67236827],[ 0.45724183  0.51386421 -0.72586051]
17,-247.32175784764004,-180.93256345284018,148.5610907733143,5.12680655695107,6.712409621250422,9.684183289192896,5.65900317102217,1404.80898083849,1404.643401635666,47.47935645218265,[-0.64286019  0.74972489 -0.15698203],[0.24383648 0.39457938 0.8859181 ],[-0.72613673 -0.53124354  0.43646965]
2,-287.430577721796,-64.55658594833487,332.24727889293456,1.1093881686166753,1.10700521658595,0.15563365487992087,0.7626014236567471,627.9723314845047,627.9693076937477,1.9487700530576841,[ 0.61751364 -0.67549592  0.40296671],[0.44684191 0.72288832 0.52703395],[ 0.64730921  0.14538824 -0.74823328]
16,-178.11474293058532,-40.106301605505095,140.50852362375173,10.103941920020262,9.765717884019056,6.887255689775817,8.947975379583673,923.2273164739829,922.6292840969746,51.728340477878255,[-0.55832302  0.64257305 -0.52476212],[0.29998521 0.74609828 0.59442934],[-0.77348838 -0.17446271  0.60932625]
18,-247.92856896659364,-147.53846915836118,33.64383844801225,8.197723577235866,5.285425477988851,13.24721589700543,6.598865813623927,1234.1057290587764,1232.833438522168,64.01819160360903,[-0.44553059  0.82707665  0.34270499],[ 0.26969749 -0.24102153  0.93229388],[-0.85367778 -0.50779212  0.11567803]
5,-319.28190850030416,-143.51648444289518,33.118968019262695,2.0985939667282314,5.746965263284155,4.259751208923607,3.91649667076594,786.4040822873667,786.302286754025,14.175666671235813,[-0.35466072  0.62939456 -0.69143204],[-0.22308885  0.66118189  0.71628896],[-0.90799072 -0.40829034  0.09408433]
6,-280.82094443291516,-184.00782964332026,115.63507504444215,5.130751590265427,3.1604561716880317,5.385311098758483,3.3817100783304768,869.9508506451625,869.9053539654743,17.97292535831764,[ 0.19410401 -0.71708861 -0.66940836],[-0.58038062  0.46619944 -0.66769485],[ 0.79087418  0.51811389 -0.32569315]
2,-227.85241420603674,-175.89047500580986,74.81806126606281,1.8266080038185635,0.15542365319618057,0.8506000372247513,1.7053014526958634,420.6091019524804,420.60630589490535,1.5336514315368648,[-0.42781511  0.17718567 -0.88632921],[-0.47959398  0.78667584  0.38875537],[ 0.76613566  0.59139357 -0.25157463]
11,-370.4215735544302,219.34225079710222,5.384172485781916,7.185488491604031,10.845078865521451,2.691723818816538,10.637546557072522,1428.5449348510795,1428.3567600434365,26.202384896604922,[-0.02355894 -0.06433617  0.99765016],[0.50933453 0.85792881 0.06735351],[-0.86024607  0.50972445  0.01255674]
6,-206.04644216983715,185.2796140001697,288.19801593441565,2.934291153916549,4.019516985272437,4.799637247243025,5.687182856986129,979.4447611535766,979.4227871365918,9.685973183914486,[ 0.43852272  0.86529104 -0.24283584],[ 0.73629743 -0.19097186  0.6491501 ],[ 0.51532895 -0.46346647 -0.72085706]
52,-213.54449657225766,64.89456196393506,87.3629430375955,14.124587869565367,13.049750166550771,9.02793153058632,13.482647907022036,1734.3564537910763,1731.785257429936,118.8546964133292,[0.44505921 0.3699523  0.81551064],[-0.08549    -0.888963    0.44992916],[-0.89141111  0.26996312  0.36401395]
3,-390.6792066180492,143.83225011314394,155.79429481961418,2.5737207817776704,3.4772077593723885,5.054074916707951,4.419629028073487,769.9906633348188,769.9639037677921,8.62804231513647,[-0.07379497 -0.81817236  0.57021776],[-0.471337   -0.47527213 -0.74293865],[ 0.87886048 -0.32358986 -0.35056221]
8,-324.6492845023751,214.36616413456144,5.301541337774044,6.2502235447855945,6.657066429697774,3.7675557212044075,6.09350563810799,1100.768934739144,1100.650445642772,22.07793445905781,[-0.01312506 -0.04456573  0.99892023],[0.55098192 0.83333426 0.04441778],[-0.83441396  0.55096997  0.01361735]
18,-195.3159510000379,200.85418078889253,35.1050823656411,19.119043900816187,9.705898400858393,12.809164837164287,13.870011255004451,1202.1132377202985,1199.8522366794327,88.13062336423002,[0.42553435 0.26206626 0.86616499],[-0.58196945 -0.65371617  0.48370108],[ 0.6929878  -0.70991298 -0.12566413]
26,-268.1493039209549,-109.78937640600923,117.41927939265567,7.991973107406863,12.28871267290919,9.830674933243598,4.681068748775173,1595.8623933027422,1595.183541745658,86.9155879886023,[-0.47665346  0.26994676 -0.83661833],[-0.19232504  0.89660866  0.39887842],[-0.85779517 -0.35102943  0.37545409]
18,-345.1089764643994,261.7318915964336,45.28745391422447,15.786992070590928,10.429462187760878,6.960433717989083,17.883289054431856,1849.4583205001702,1849.3627334058233,39.551686074150915,[ 0.20256102  0.42054343 -0.88437111],[0.57517747 0.67980702 0.45500911],[ 0.79255278 -0.60083745 -0.10418471]
4,-212.7129915596214,10.549669028108797,107.45217227861093,3.73748444853541,3.3193631838671185,0.8873852480753953,3.6348934876783465,477.1931191001439,477.15337950503067,7.087157719113668,[0.44952013 0.20171367 0.87019724],[ 0.05229737 -0.97844216  0.19978969],[-0.89173799  0.04430046  0.45037855]
21,-280.0357421194928,53.2947858973156,286.44491870212926,5.590268720122154,9.297312085834783,8.427263991532358,7.450815623159941,1852.8300905143822,1852.352233311741,52.928827568410846,[0.68251806 0.43688079 0.58592173],[ 0.2325044  -0.88981798  0.39263936],[-0.69290028  0.13175407  0.70889355]
5,-358.4695505653429,-4.292833169325957,188.2892042178118,4.338753970748989,5.694277462509914,1.6012654738210714,3.8173184326482543,905.5958766588476,905.5132198110394,14.027419458203198,[-0.45048548  0.26789847 -0.8516415 ],[0.11554772 0.96338905 0.2419303 ],[-0.88527485 -0.01058085  0.46494784]
2,-189.50899069043834,-20.0614533171183,7.575235744003873,1.4161359148824886,0.7498709185387167,4.625222009097646,1.3019240485668604,269.8053523718094,269.72282343480475,6.6728319949917525,[-0.10942138  0.98593319 -0.12634358],[0.02570285 0.12987077 0.99119773],[-0.99366308 -0.10521083  0.03955193]
2,-454.58300885029723,-158.7919019428279,43.44730653220522,3.230317468822676,1.3912931692687778,1.648991840984138,2.728462773525081,683.7592241785662,683.7480435057968,3.9101983670660663,[ 0.24109488 -0.45575797  0.85683017],[-0.24042923  0.82730304  0.50770412],[ 0.94024839  0.32841188 -0.08988099]
51,-202.6819597211393,-147.94599840603715,79.0622975246979,11.331417138616018,13.086364115791994,13.607626825824765,12.34240017083778,1884.2776241229126,1882.108195146398,130.1547617695782,[-0.24255811  0.69428961  0.67758948],[-0.59029694  0.44864926 -0.67101667],[-0.76987991 -0.56273953  0.30101352]
24,-241.42263695673537,-10.19633897501958,136.82549104031526,7.731360938154866,8.935684385941272,13.004606610552633,10.437732582855457,1362.8220480873824,1361.6190129979095,69.37302078075703,[-0.32179578  0.79916751 -0.50771917],[-0.37578939 -0.60000096 -0.70624442],[-0.86903959 -0.036471    0.49339645]
3,-332.4044691767569,-221.47849526373804,141.7353500929373,3.8044078391465366,3.139085565687951,1.5158393666919234,2.061626352438507,734.1526107349632,734.110999443557,8.180603751377566,[-0.38425213 -0.01403715 -0.92312147],[-0.48704776  0.85250875  0.18977172],[ 0.78430528  0.52252444 -0.33441507]
29,-400.5494780958914,-247.79657734839697,5.856046709052858,20.48662117631645,19.34829865856184,3.7977137004104797,12.407665418876105,2541.1532888064808,2537.5979951151166,137.52423561886425,[0.01322674 0.00211157 0.99991029],[-0.52548531  0.85078706  0.00515442],[-0.85069986 -0.52550634  0.01236274]
12,-289.91066231570585,116.28947258667102,161.3212653108253,7.246460683133974,8.112083436047492,8.111120420551595,5.497093026900464,1218.5336213504283,1218.2162557591787,42.978662147000804,[ 0.07998314 -0.73488896  0.67345446],[0.55999962 0.59204964 0.57954953],[-0.82462302  0.33078005  0.45889153]
12,-294.28140322489213,122.26251062515787,127.1874911590337,4.887281813021054,9.21870338496465,9.351732660098342,6.547012302394209,1189.4323950889654,1188.9258490302477,43.00546223906626,[-0.01430577 -0.73709503  0.67563767],[0.51431947 0.57403947 0.63714532],[-0.85747934  0.35660847  0.37089025]
4,-251.34250544072097,293.09440542924375,84.74826298435829,2.968328347272542,5.50122850542024,8.908406721107989,6.3467934312955805,790.8856763095769,790.7014138737776,17.77142669690505,[ 0.69864128  0.67092056 -0.24852758],[0.32821542 0.00811774 0.94456802],[-0.63574759  0.7414848   0.21453509]
35,-309.36759003028953,9.626583880714586,352.39855914854286,7.637353840648632,9.134119341630006,8.719489196594273,9.947753321641045,2775.9785009055,2775.617007891629,64.33847926559632,[ 0.71557332 -0.28873662  0.63607074],[-0.23002722 -0.95718759 -0.17572536],[-0.65957736  0.02056921  0.75135518]
6,-322.3076211652937,-167.95851898019916,21.98725999089255,4.356807352110533,3.600485596530932,12.330549675882706,3.9485645828073843,892.4899317038512,891.9505446269019,31.658754660698385,[-0.4570395   0.83802148 -0.29805184],[-0.08670321  0.29152591  0.95262542],[-0.8852104  -0.46122949  0.06057971]
5,-299.6502855676579,-28.189891807363153,128.79208900432457,3.140521609962644,4.857801404206985,1.6856930902242035,2.5486876648150836,732.140223990361,732.0571963542236,12.232690129809248,[-0.3604194  -0.26070431 -0.89561773],[-0.17959743  0.96157912 -0.20763035],[-0.91533744 -0.08601664  0.39339359]
3,-235.42498388994946,85.19231638483977,39.058575800332534,4.613015209983978,2.279771725345117,1.9803098036717088,5.281640398644635,438.99170685226505,438.98811007864333,2.7332803731317448,[ 0.18523142  0.78375778 -0.59280103],[0.32020359 0.52218009 0.7904414 ],[ 0.9290635 -0.3362316 -0.1542379]
2,-252.58504271567062,-46.59008329560403,156.18350765329745,2.6219770006786263,0.9269468611300127,2.833043026967914,3.5313528240652943,425.15617802102844,425.14844252027257,2.564669966097224,[ 0.50765645 -0.56141678  0.65352592],[0.1904632  0.81290085 0.55037803],[ 0.84024324  0.15493031 -0.5196036 ]
23,-225.8620095371823,105.86435818488886,164.45821197949417,12.304403887475862,7.245106896523103,7.311559234579921,4.917532335149635,1434.778230873758,1433.2456490853049,73.19419125594287,[ 0.06177893 -0.79844003  0.59889638],[0.65129272 0.48693449 0.5819902 ],[-0.75630758  0.35410212  0.55010047]
14,-251.95778903525107,-7.177217550343401,261.0372406957598,6.849533694421549,4.7146522510722635,6.329116498996399,4.218580550008918,1358.2032559668055,1357.9229682891294,35.74693795753526,[0.17773545 0.96394298 0.19805062],[-0.69733412  0.26537352 -0.6658093 ],[-0.69435959 -0.01976953  0.71935661]
7,-465.81298726853703,11.92610669494825,59.378474893962945,4.710412080641112,7.08992838146314,4.7615475238045795,5.051208353109082,1243.0171862168534,1242.9203720710286,22.041978431436018,[-0.12853225 -0.27798044 -0.9519487 ],[ 0.01089306 -0.96024868  0.27893335],[ 0.9916455  -0.0254823  -0.12645098]
8,-360.5251571890475,251.65488599125598,88.71068330113411,6.615527966279126,4.654831782290189,4.126749641716628,6.6382128877908855,1268.873307695978,1268.7879581524044,17.53696188992347,[-0.46457003 -0.38436776 -0.79776946],[-0.37153884 -0.73315604  0.56959732],[ 0.80382435 -0.56102018 -0.19779477]
4,-463.25728570218985,-19.018991893519054,147.31458194438795,2.6033430514863727,0.17426298566386286,1.830496253979387,2.113694511030601,972.9969527255039,972.9852996566424,4.771935702221414,[-0.00831449  0.99472145  0.10227469],[ 0.30519709 -0.09487377  0.94755142],[ 0.95225291  0.03909234 -0.30279727]
3,-233.86954591379916,229.1333935843749,343.3355560890789,3.3861662205508836,2.842490373032325,3.544504578722651,3.028719873198222,821.7804884816773,821.741595530752,8.277624012959528,[-0.70853702 -0.70557554 -0.01176641],[ 0.50493052 -0.51855704  0.69003172],[ 0.49297105 -0.4829718  -0.72368348]
16,-378.9076473408826,89.37969809471169,78.07301166261364,7.291683606170636,13.230076048378727,5.2701046576304265,9.975085777977068,1589.4388295857732,1588.8103620378386,50.2126279988084,[ 0.16864322 -0.13787442  0.97598673],[0.24735235 0.96440398 0.09349753],[-0.9541364   0.22564489  0.19674376]
7,-240.97705710062434,-12.75454123002312,232.60304260917778,5.69650020601038,2.7153015581157534,5.238472172036247,3.9751658346118925,887.0091137459915,886.8550399973303,18.968799105534806,[-0.16891952  0.9781186  -0.12145038],[-0.67417186 -0.20454806 -0.70968472],[-0.71899826 -0.03800118  0.6939722 ]
36,-254.65285659566584,-258.83092868235315,23.592806190842353,9.520835477064939,14.303710920173645,15.522365613887713,13.016410405797071,2186.845809081724,2185.3021042695977,115.89717213122105,[-0.57559445  0.61549792  0.53838029],[ 0.42358607 -0.33874674  0.84013421],[-0.69947543 -0.71162698  0.0657356 ]
45,-295.01914774563375,-162.4591328602832,278.4656074790576,8.709191566927373,10.254412238333577,8.509667308259715,11.00460241774621,2932.9981880196274,2932.9041756529246,76.90817888411465,[ 0.62879945 -0.74180296  0.2331086 ],[0.38591601 0.55798915 0.7346543 ],[ 0.6750408   0.37198988 -0.63713691]
7,-265.9323317912121,217.64862335268245,117.12908695802288,5.865760913476245,6.938978499890329,2.278438110871583,3.7006791487009605,960.8511304070186,960.6343132998462,22.746651919611338,[ 0.2453271  -0.20956777  0.94651781],[0.63504962 0.7724446  0.00642842],[-0.73247976  0.59950871  0.32258752]
10,-388.86518515883904,-108.71941164306608,181.7284490223737,9.364835844627518,5.911265008774827,5.553549479300396,8.041157285815324,1400.6694488554947,1400.5509161609743,29.620368365387755,[-0.03225543  0.88654329  0.46151986],[-0.47704457  0.39211336 -0.78655934],[-0.87828701 -0.24553635  0.41027288]
8,-211.53452431378923,82.64943737308451,256.0746621309265,5.168896173705683,5.827593075606521,4.81813176940853,6.713673061155299,968.3828452525216,968.3488957552383,17.59652332184601,[-0.56343505  0.52747501 -0.63585459],[-0.54827569 -0.81447133 -0.18981625],[ 0.61800867 -0.24167449 -0.74810342]
21,-233.32422256327408,227.91253027626212,99.88555158825011,4.099406920805976,5.762344160401894,9.594939042371747,4.930596424240795,1563.9484791664797,1563.5684209880612,49.662666414757375,[ 0.69683419  0.71717691 -0.00891053],[ 0.2160655  -0.19805804  0.95607987],[-0.6839136  0.6681544  0.2929708]
5,-424.11650101197836,75.14662406789796,5.949361042396849,7.441875407069905,4.0796855214706556,1.4758832107422686,7.586401993898703,963.4073325964516,963.3677994343849,9.110138458027768,[-0.0691992  -0.31571047 -0.94632889],[ 0.16074722  0.93267834 -0.32291088],[ 0.98456681 -0.17446492 -0.01379101]
3,-421.7888922666105,182.02917459697974,70.15491668722753,3.2994764597135378,1.367930074611705,3.047100491937975,2.762301132781481,804.9488050181577,804.9345308947744,6.579676522761366,[-0.41168467 -0.90082783 -0.137931  ],[ 0.08194463 -0.18733024  0.97887306],[ 0.90763473 -0.39168432 -0.15093899]
7,-369.32368286297435,-302.86112214898213,27.497141311987257,4.013386797366043,6.275781444956466,4.179289840324056,5.128398388691657,1265.9250489456597,1265.8841103328514,18.047310639775162,[-0.01770284  0.11187252  0.99356487],[ 0.63544961 -0.7659534   0.09756625],[ 0.77193938  0.63308761 -0.0575298 ]
6,-163.9514623633307,-51.01978027595041,37.95225617188739,1.9502245283247621,8.918137330047943,4.953391646160686,3.8371202603910963,431.39430494430275,430.9426106525899,23.73976640884768,[-0.29766774  0.27518141 -0.91414939],[-0.20632095  0.91638289  0.34303652],[-0.93210814 -0.29071908  0.21600194]
16,-378.2620570640268,208.9667594516062,146.17593190709908,6.180717204543573,3.5787816929747778,8.953440808656307,7.041285290574099,1825.3254432078197,1825.0519768359336,36.1114350202568,[0.51437612 0.84960105 0.11659871],[ 0.21889963 -0.2615398   0.94004249],[-0.8291563   0.45801199  0.32050718]
8,-198.7646189934842,223.7708021166688,15.124256083094709,5.598921232038021,3.775845015672638,4.966786635866998,5.565677353224004,847.9106194879563,847.8256420771726,17.761321756778006,[ 0.60052584  0.57145976 -0.55928746],[0.44651487 0.34057517 0.82742554],[-0.66331982  0.74662058  0.05064109]
29,-272.6010855709637,65.0548015474836,155.69902123912325,13.517271508700214,9.466056075318768,9.255283433161626,14.10885281234271,1729.2554697423898,1728.4294510347795,67.36988855371959,[ 0.46847001 -0.12955554  0.87392861],[-0.2394472  -0.97078472 -0.01555814],[-0.85041219  0.20197124  0.48580524]
4,-266.9250137375694,214.25771418916463,341.94945120249315,1.1873945094015916,3.3371514341729642,2.9913019853107863,3.5383968092038325,967.690072806199,967.672492195156,5.990962647207357,[-0.33097185  0.66157399 -0.67288742],[0.76558303 0.60513374 0.21839361],[ 0.55167042 -0.44286906 -0.70677206]
8,-166.7499705300278,153.08899802689186,18.351275509301296,4.742240958003584,5.840692764107099,3.5563950130694,4.663394981601583,642.7065575069784,642.5804185645503,19.58844624858129,[ 0.09434788 -0.01633064  0.99540534],[ 0.67238015  0.73840416 -0.05161619],[-0.73416852  0.67416067  0.08064726]
11,-295.7113000827078,80.75461943784866,233.5695517327619,4.450022838839257,8.531663699316486,7.223853105409616,5.611493953378548,1278.737307351109,1278.3728824415684,35.29193029013902,[0.61087151 0.5265282  0.59127324],[ 0.19523491 -0.8239284   0.53200123],[-0.76728047  0.20954722  0.60611108]
68,-318.26273703524976,-316.04475120881983,62.549760120234666,8.311384637476646,19.087833549778868,9.336765411309852,14.402016233814521,3738.742284607592,3736.7187265752896,146.6251130374334,[ 0.447467   -0.28265194  0.84845811],[-0.55361083  0.65755002  0.51102154],[-0.70234488 -0.69838087  0.13775276]
4,-208.81308689716042,-212.58254462927368,126.73649038375754,4.155871439379685,3.405755444494097,8.320971946357444,3.9410153437149384,647.9303581147037,647.6819239322369,18.174180073813822,[-0.53957667  0.75367986  0.37526482],[-0.54143345  0.03071076 -0.84018252],[-0.64475331 -0.65652382  0.39149667]
7,-128.25272356638783,145.18817191574433,109.54504528878223,4.431643439404558,4.208931707999703,10.539420360348279,4.297809004749522,589.6671466650588,588.9374811999982,30.36677611205041,[ 0.69738543  0.70655258 -0.12015415],[ 0.42634799 -0.27422909  0.86198944],[-0.5760911   0.65236636  0.49248064]
29,-240.66577374837868,-193.76347082318586,303.0745994251764,8.122568375112278,14.341906317239504,10.516132459115319,6.960785443570519,2332.6968818620303,2331.401022612505,98.68601702924043,[-0.83090016  0.31867194 -0.45612841],[0.01893802 0.83547482 0.54920231],[-0.55609917 -0.44769412  0.70023117]
3,-293.41977519487085,8.84033644139602,261.7778300789036,2.699308171076689,3.9916664767641534,4.804885458855144,1.8743857265129993,681.322455018866,681.2890679994089,11.333477848074656,[0.28102309 0.91669577 0.28406847],[ 0.60377184 -0.39895568  0.69014051],[ 0.74597962 -0.02243288 -0.66559085]
9,-319.37517630974594,227.05834228609532,80.97435064182409,4.444345624760455,4.203335276346264,5.985223035625235,5.114017292561069,1200.6733953079631,1200.5455477669316,20.573599529558713,[ 0.53393736  0.82183697 -0.19873322],[0.27905051 0.05059189 0.95894279],[-0.79814892  0.56747199  0.20232113]
6,-355.8726981229468,250.7544379329947,200.66434987503965,3.020979121119047,3.846999259944234,5.719860711238331,3.871292451007356,1174.3244831900286,1174.2505255664687,15.79817590534148,[-0.6463287  -0.72371808 -0.24184985],[ 0.17645112 -0.45010984  0.87536629],[ 0.7423774  -0.52309968 -0.41861977]
12,-347.73443439177987,3.008845495055908,298.18410304197965,5.564111802465464,7.651099117179221,8.949975129413072,9.149614478271662,1587.402301892847,1587.2622310014542,32.12697875673033,[0.63072673 0.25520717 0.73283907],[ 0.16149456 -0.96686552  0.19771336],[-0.75901469  0.00635358  0.65104249]
27,-398.1332864483289,-71.21607539029344,76.92605628110849,8.719932931886724,14.604318157017502,12.455968216405784,9.08150494701418,2141.2735059697116,2140.5779877889345,99.22793715362123,[-0.23794659  0.35105795 -0.90561566],[-0.09089143  0.9202561   0.38061458],[-0.96701611 -0.17287865  0.18706364]
