N,MEAN_X,MEAN_Y,MEAN_Z,SIGMA_X,SIGMA_Y,SIGMA_Z,SIGMA_R,LAMBDA_1,LAMBDA_2,LAMBDA_3,EIGEN_1,EIGEN_2,EIGEN_3
138,-300.1089860600138,226.64079185622242,275.4776800598629,15.900818474834796,17.376157721877064,17.357188378839975,13.824345778824613,5484.786054110206,5481.00372508484,303.5496840839385,[0.75153157 0.54638987 0.36967338],[ 0.14311213 -0.68205574  0.71716029],[-0.64398697  0.48606385  0.59078144]
35,-382.2345256542753,221.05875262473742,135.61599613380676,10.152693870233694,14.821546820067612,10.872657050488899,10.869022322752304,2735.1268607203765,2733.8515464160223,106.47959631724402,[0.53925794 0.53235377 0.65253379],[-0.15633645 -0.69809934  0.69872471],[-0.82750214  0.47880766  0.29322931]
13,-280.42084799731293,-249.9767518992335,65.04496189347417,4.91530025327519,12.941968948752246,3.998890519137072,10.177937541085337,1375.5086351104778,1375.2261910944358,36.87376798623192,[0.22146777 0.00510215 0.97515434],[-0.64063812  0.75468354  0.14154702],[-0.73521074 -0.65606915  0.17040671]
386,-387.0213032177894,96.82346540315511,159.55591236931923,26.90455716119531,32.2110466828296,41.1433358895293,28.396617807407385,8509.358579483007,8469.878449953896,1021.7526519719011,[-0.01785474 -0.87126853  0.49048176],[0.4359003  0.43470183 0.78805155],[-0.89981783  0.2278716   0.37202473]
59,-314.82267589861254,-317.57426839785495,60.804559874012426,11.801393740946066,18.28988315265959,9.82543620042275,15.530000361363504,3470.5601353483503,3469.2155060024156,139.27941611788032,[ 0.43701922 -0.26929804  0.85819157],[-0.56808591  0.65709605  0.49548278],[-0.69734683 -0.70406203  0.13417918]
111,-377.0545638400368,40.240664614238455,282.49036467399026,15.014800490098947,32.411506437787494,17.117185613077513,9.996622439239907,4996.716711945934,4985.499080842335,403.6898484335221,[0.56405323 0.45748163 0.68742601],[ 0.2141306  -0.88505768  0.41330495],[-0.79749109  0.08592705  0.59718046]
53,-338.87350645486976,167.82579606406466,175.06935456116022,12.304262816738031,7.718607789399976,13.274687694897032,15.175351785501244,3036.6425399596433,3036.192261106135,91.0158041306765,[0.56220119 0.73020654 0.38823734],[ 0.15080849 -0.55210236  0.82002426],[-0.81313382  0.40246913  0.42051395]
69,-45.97518331081855,3.7211750661566456,19.36858581225417,17.598171857313105,18.236291338529018,12.587686901410677,17.036305146850562,466.3637772956768,452.23901343818557,183.9997650549665,[0.38228404 0.11888409 0.91636537],[-0.01256524 -0.99092877  0.13379942],[-0.92395943  0.06266373  0.37732245]
14,-315.66451460249476,-175.53600128364016,318.965371199242,3.0266716885854,9.217638226766875,4.4752326226174155,4.476589074756887,1803.3552594820787,1803.130466891717,36.21192281307101,[-0.7067569  -0.01436543 -0.70731062],[-0.26723925  0.93113925  0.24811868],[-0.65504035 -0.36438075  0.6619281 ]
137,-301.91521805165723,190.07844493955443,214.35885062229468,17.00285991818495,17.505248421606744,13.983257528564751,18.30349836123421,4879.870779635074,4879.191385713929,250.52423619588726,[-0.45338335 -0.8798472   0.14252175],[ 0.51791228 -0.12991936  0.8455104 ],[-0.72540362  0.4571541   0.51458694]
162,-341.24462363405314,-168.1357884184007,158.6820477601925,21.602827200815288,21.64162463457186,12.033352821340129,19.536559980644352,5260.266375831074,5254.908816039907,334.96217241895374,[0.16531705 0.47706953 0.86317723],[-0.53571632  0.77828083 -0.3275469 ],[-0.82805694 -0.40826905  0.38423703]
16,-212.29923838435923,-232.2511879804195,341.726739075694,3.8399061142779347,10.947397541458336,11.869125920062872,13.693361604592287,1859.1480953846067,1859.0920616118265,37.414430134283485,[ 0.77595081 -0.62843569  0.05448785],[0.43508108 0.59574522 0.67512375],[ 0.45673274  0.50015619 -0.73568947]
65,-337.06220752028634,311.6474060809256,35.01705010195218,14.2134081712809,12.348859694694566,9.527265428223858,10.111388693264448,3715.34853735477,3713.061849047354,149.00988654188956,[-0.25739659 -0.3782494   0.88919873],[0.63058353 0.63151404 0.45117007],[-0.73219629  0.67684371  0.07596828]
4,-373.58891341524907,1.3483290129036472,218.90516099392653,2.7199640712451294,4.3966569659934125,4.316052393449811,1.4505134566746931,866.0851195578342,866.0289877556528,13.150084077428694,[-0.3205945   0.76987013 -0.55183254],[0.39091526 0.63819312 0.66324566],[ 0.86278875 -0.00308685 -0.50555518]
134,-241.87050832658647,-2.5542715071365674,24.624305796792264,11.469101269838424,30.016750616242845,17.555254402528856,11.913696234717278,2841.3863591692875,2822.628215397116,401.5242822277624,[-0.09253506 -0.34708542 -0.93325718],[-0.0441062   0.93778747 -0.34439702],[-0.99473208 -0.00929363  0.10208684]
4,-156.93846772525728,-73.48988049107359,4.417401502860602,4.140431012133476,2.963696163620205,0.37090937569052707,4.7481705124274995,346.8484243997316,346.82858933541536,3.7792847381756784,[ 0.05209467 -0.05122369  0.99732757],[ 0.42157485 -0.90420555 -0.0684615 ],[ 0.90529597  0.4240147  -0.02550967]
39,-301.14996474419934,-165.00007900635597,276.2474531464854,10.840457178959989,10.32337030517286,9.902209381109667,14.4555144320649,2754.178629365046,2754.0958002634798,66.66384464117081,[ 0.24070853 -0.92593426 -0.29104151],[-0.68934312  0.04800181 -0.72284292],[ 0.68327554  0.37462192 -0.62673197]
40,-231.46977148504874,-55.56967448453081,265.57201887485024,10.577046208958347,25.199884456555335,7.708723802303796,6.399575765246092,2262.1082833359674,2256.6024865924282,175.20620954922555,[-0.69211549 -0.28539392 -0.66296791],[-0.31593408  0.94563103 -0.07725031],[-0.6489698  -0.15598802  0.74465156]
126,-209.4694536671729,-103.6152915134605,143.39353011338358,13.871692203123692,20.53705276027532,17.936114426828116,17.80839650944554,3092.3114090704025,3088.740649791381,278.0461181017261,[0.42746419 0.31240484 0.84833813],[-0.48508623  0.87112521 -0.07636901],[-0.76286678 -0.37887213  0.52391811]
17,-213.33026250231674,-194.7726803736645,192.77085815665293,8.090388954844313,9.770721312442374,9.775996697249438,6.709401892391707,1433.1907314024684,1432.3866315785294,59.87347490555253,[-0.66346835  0.74788624  0.02181564],[0.42716394 0.35468716 0.83170186],[-0.61428065 -0.56112672  0.55479374]
270,-329.03616525963406,-47.10437348921568,219.46688033780077,17.54165128324098,30.44434383224596,33.85723516788512,20.064205303756516,6585.923927993486,6561.281135721971,729.0474136599713,[-0.46266037  0.7010143  -0.54270096],[0.32392336 0.70350491 0.63257766],[-0.82523878 -0.11687509  0.55255875]
197,-134.63013685234708,109.33872404102478,155.92405892653068,24.07066075920766,21.228177264248657,31.64967768795958,38.438538263871266,3329.422089977826,3323.0165640304417,321.98527667977214,[-0.64506698 -0.76383596 -0.02105302],[ 0.50209098 -0.44446802  0.74185768],[ 0.57601496 -0.46797736 -0.67022679]
11,-412.15437953839995,22.312204884649027,20.530829903556292,4.463552412806111,9.502033272801903,4.714011390694893,4.796068147109119,1371.1018266244146,1370.8328159512214,34.69180029557083,[ 0.04586744 -0.07026944  0.99647297],[0.05743229 0.99605835 0.0675966 ],[-0.9972952   0.05412924  0.04972238]
13,-200.66968052693585,198.90366642828855,44.073117725463355,6.397765482995185,4.402166785798338,4.457535320618898,5.943913256812518,1031.424622117316,1031.3945482225267,24.13232055119049,[-0.28223514 -0.07287665 -0.95657322],[ 0.65403925  0.71484902 -0.24743392],[ 0.70183758 -0.69547098 -0.15409133]
30,-101.83207700776546,-46.95248276035031,59.65562461386935,12.68789628784645,9.962937975242234,6.426049433628213,14.948361889397878,701.7921428354686,700.890825917997,48.14687305751759,[-0.5677774   0.23107953 -0.79008295],[-0.1852227   0.89931653  0.39613424],[-0.80207317 -0.37125736  0.46781043]
101,-141.6746694547765,-114.72000560759182,183.99265063900063,11.784998230930418,21.732723461002756,19.95263597052347,22.80961010335766,2621.07988180679,2614.800028142683,218.97375560406795,[0.44236243 0.56810937 0.69395045],[-0.71320232  0.6919756  -0.111858  ],[-0.54374436 -0.44544529  0.71128093]
95,-214.37951148778416,143.52867323789295,281.7192303522918,12.764677954531788,17.29282801679713,30.25364410242565,33.056143514891694,3739.965350772958,3738.1337973263367,162.48937405614635,[ 0.12769489 -0.84130451  0.52526253],[0.81912409 0.38806512 0.422423  ],[-0.55922245  0.37631393  0.73868672]
99,-390.53260563136934,166.4598100630284,31.957190526438012,28.379625381444338,21.26250230966707,14.262732011760681,31.93762833008873,4251.0627949602385,4249.864800890892,207.4959592670033,[-0.00951332 -0.21222574  0.97717436],[0.39871909 0.89536814 0.19834056],[-0.91702376  0.39150495  0.07610053]
62,-129.8665483667886,-120.482903665227,32.366296062517264,17.219824283350334,12.405261074872174,15.661913160049574,16.43632223679622,1431.3077403358113,1425.6029337921063,162.73194559323164,[ 0.50370393 -0.6845665  -0.52692604],[ 0.4737322  -0.29117532  0.83114062],[ 0.72239889  0.66827063 -0.17763505]
7,-297.23802109418557,118.44889867400151,161.64431013703415,3.8119983357671057,4.583864534119425,10.110072695057317,4.840595576663207,948.9033684672688,948.5973644991586,28.39986480785713,[0.41140243 0.9068044  0.09194467],[ 0.37866328 -0.26180447  0.8877345 ],[-0.82907307  0.33040006  0.45108052]
12,-168.35430799939363,-186.2687420148596,214.13343242486687,11.268844602290692,7.212710317413617,4.43269488819706,8.351740277272203,1144.1292828297103,1143.5055766704154,39.335124519896205,[-0.55620865  0.7920259   0.25164839],[-0.65562946 -0.23213046 -0.71851616],[-0.51066815 -0.564633    0.64838848]
46,-235.69306970318902,125.12930629896609,13.939096553218837,16.878746685374633,16.27070850794202,8.73546225524273,13.563922872594864,1819.4636230821573,1815.2662451201584,144.94926796781027,[0.13471827 0.1446604  0.98026749],[ 0.45038382  0.87224988 -0.19061628],[-0.88261283  0.46717612  0.05235529]
198,-242.50620642412204,-199.5195499802504,304.75189181584864,26.26971415283948,31.00179742530452,26.006195479206674,38.01507347338559,6191.877500615749,6183.410165377333,422.18567096514664,[-0.77960793 -0.0073955  -0.62622423],[-0.29101947  0.88969054  0.35179313],[-0.55454409 -0.45650416  0.69576204]
5,-177.20813526104044,154.33238445773344,15.547316930497885,2.7047882562879386,2.2982571386590642,4.960637115673901,1.5172226969190332,526.7700463420233,526.630800318441,13.215441006814231,[0.59195423 0.62897932 0.50395952],[-0.2887117  -0.41830607  0.86120008],[-0.75248637  0.65529004  0.06602436]
54,-284.87200707275434,121.20231360019541,243.60845533634838,10.229349007660483,9.193732402593056,21.454169336449908,18.93100320317457,2900.5045527654033,2898.545094908816,125.94048646425637,[-0.25828698 -0.95076013  0.17129803],[ 0.64153376 -0.0362285   0.76623882],[-0.72230345  0.30780298  0.61930207]
14,-249.24648602840904,-183.39884720954564,148.13273992248983,4.011032530885382,10.440656470808712,11.942218642289463,9.599372294930312,1284.8269498014,1284.5037964421315,49.28320494421838,[-0.68097416  0.64605805 -0.34479441],[0.09480863 0.54464943 0.83328766],[-0.72614428 -0.53475788  0.43214407]
26,-380.69532404833757,-42.58018337434596,163.28797543020343,6.202559783149237,16.03125967593684,6.817849461698636,5.3674433517389115,2125.2578142904404,2123.668720730083,90.27883862819058,[-0.40024085  0.3790412  -0.83434707],[0.06301633 0.91968028 0.38757853],[-0.91424078 -0.10254727  0.3919794 ]
4,-238.66732758295836,-267.4144805885901,138.95157247205702,3.6610254801820052,3.438517325695141,4.209014563522847,2.8600157869330554,768.9412631692862,768.8790443029574,11.789187418875668,[-0.64966489  0.71458711  0.25942396],[0.43871204 0.07371521 0.89559914],[-0.62086011 -0.69565173  0.36138815]
9,-288.13468350845596,-203.44594229971798,226.75198243771982,6.213678779051711,5.975075347361102,7.979450141211831,4.714389728462618,1258.3365097174205,1258.1507684921585,32.23544559460412,[-0.60003521  0.79865477 -0.04591628],[0.40959653 0.35602205 0.83992796],[-0.68715968 -0.4851792   0.54075199]
10,-166.5788573715501,-152.8055478968143,110.2142810575444,6.7735540896724835,6.522865795941894,6.085423138994588,9.269407913174382,795.9743792358416,795.8939289628621,19.7899976125352,[-0.60699237  0.092189   -0.78934242],[-0.43914087  0.78892279  0.42983267],[-0.66235607 -0.60753767  0.43838616]
39,-418.9510650974372,92.84278651540556,206.85964031620597,8.45123073171821,9.931027329329185,18.911602325125468,5.849342425603918,2978.141467069186,2975.439022559419,138.52847108488362,[0.34241633 0.89270956 0.29295171],[ 0.33067246 -0.40635639  0.85178061],[-0.87943549  0.19479253  0.43433752]
84,-251.05533394190445,189.99377712031796,52.46465091639202,11.664866796111438,19.390094234848593,12.699022553949488,14.743071178610192,2933.074001397035,2930.3954389946684,196.57087471557583,[0.38757196 0.26846264 0.88188196],[ 0.48168498  0.75668829 -0.44204344],[-0.7859819   0.59611294  0.16395674]
5,-139.2504312135531,30.319805564054832,32.98872386690279,0.9989274632011238,4.0190713952811015,4.571538541846966,0.7622272124734046,327.28411597947144,327.2003042039346,13.7060921508993,[-0.04813431 -0.82840077  0.55806385],[0.3026225  0.52035648 0.79852912],[-0.95189428  0.20731932  0.22564571]
12,-465.5624428277554,36.02287601761987,117.30781956131449,5.219408990730898,8.78716413394983,8.165913566406926,5.439555900586867,1668.249171571845,1668.148345171593,41.29133433299092,[-0.25430693 -0.34833091 -0.90221592],[ 0.01749833 -0.9343904   0.35582072],[ 0.96696525 -0.0747004  -0.24371716]
7,-196.09716186895184,152.3829304482068,198.6607068577295,3.0621624184469853,8.695283546821905,10.05596211641888,9.52105154281323,842.1727945638677,841.814797714098,25.856575328851598,[ 0.07732218 -0.75279188  0.65370151],[0.78397494 0.45098237 0.42661246],[-0.61595825  0.479499    0.62504091]
5,-175.56565507264568,194.94397338391528,24.41300087857014,9.48589086208917,6.713550333864628,4.35256539043744,10.243001381196182,589.8030033897112,589.6203680823711,15.642632192920482,[-0.50754473 -0.54086866  0.67071562],[0.54588181 0.40042432 0.73598465],[-0.66664188  0.73967659  0.09201711]
3,-357.71156531231514,-173.84204884112918,283.10018795694924,3.2194017602661296,2.071032357926686,1.5759196728453464,1.1008600849581738,845.5893408311379,845.5647197272497,6.915551093707789,[-0.12280781 -0.76897029 -0.62737782],[-0.66932831  0.53092475 -0.51972927],[ 0.73274678  0.35609492 -0.5798953 ]
27,-415.19077462833775,-92.1683950108612,221.17752456328108,7.044330977122593,8.642920894626931,12.014874434451466,5.370892795285043,2491.9995782627852,2491.389546625944,80.69070093253198,[-0.03344368  0.9432688   0.33034147],[-0.49879366  0.27066819 -0.82337332],[-0.86607529 -0.19230886  0.46144435]
5,-236.91076190198592,-151.60725267105167,46.8735098036138,6.266837357370809,7.214294277253784,5.51711227436254,3.118705376563935,638.0648242885886,637.663762380896,23.70074348301888,[ 0.37862781 -0.32359783  0.86713634],[-0.40764401  0.78281989  0.47012697],[-0.83094364 -0.53148608  0.16448466]
15,-360.2406228973354,-236.9118912832164,42.6122005038033,5.973071930729979,2.3243580159694712,3.9981973073845447,5.353122662141942,1678.2269149830786,1678.1927478282723,20.639881960184763,[ 0.44725479 -0.76386392 -0.46526881],[ 0.32950502 -0.34288777  0.87968996],[ 0.83149841  0.54675395 -0.0983388 ]
20,-204.55658951447597,52.22469615004769,149.98901008858059,6.284574307206557,12.784957854041442,7.16913132435454,8.86996067684428,1160.1787573680997,1159.0615399481187,58.620049038507524,[ 0.56330006 -0.13535477  0.81509026],[-0.24332036 -0.96992006  0.0070901 ],[-0.78961272  0.20232191  0.5792906 ]
4,-225.1046688802484,204.74598349457466,344.95987118024277,7.341835341868338,4.055625289216886,2.08747377050314,3.9777214717004417,920.1367983185843,920.0183831856876,15.324880555525418,[ 0.2500891  -0.75216943  0.60966925],[0.83541842 0.48592612 0.25681094],[-0.48941955  0.44510331  0.74990102]
10,-445.97332923159445,130.73847439357516,78.09462286161444,10.474532611657136,4.417274323032961,5.180400869351321,10.224372672276143,1490.7057878621897,1490.662072577582,22.687380747007005,[-0.17433256 -0.00627592 -0.98466683],[ 0.27198423  0.96076975 -0.05427767],[ 0.94637875 -0.27727621 -0.1657865 ]
7,-325.47807689381926,163.4053687761547,93.65421533202412,7.06912458595657,4.848349830762237,4.564911949765729,4.670284282137645,995.1812894758009,995.0605819508492,22.511226953075063,[ 0.06827118 -0.39031564  0.91814636],[0.49603044 0.81176461 0.30820776],[-0.86561703  0.43438684  0.24902857]
60,-243.8204864723684,-139.91477372774543,310.3685114697138,13.43160848997296,10.825610600460715,21.66735884048758,21.898682164829793,3250.240711128221,3248.590900834708,130.47612330832632,[0.10084946 0.87513501 0.47325269],[-0.80720135  0.3500437  -0.47528453],[-0.58159725 -0.33407802  0.74171188]
48,-206.81071883553486,-149.16849158886444,80.88521987388083,9.559626673301057,11.77454432865371,13.909043704688553,14.230434098432834,1858.001928293282,1856.9231729147652,102.44893389791707,[-0.47103981  0.82372182  0.3156008 ],[ 0.42601798 -0.10085627  0.89907547],[-0.7724184  -0.55795195  0.30341298]
126,-185.94908635947365,45.44298479544646,72.55169795566673,27.916174144732132,23.026441374973956,14.418850431803563,30.638037218508018,2335.495951369402,2327.619790065602,265.1768572068542,[-0.37359694 -0.05292759 -0.92607991],[-0.19077068 -0.97264448  0.13254912],[ 0.90776201 -0.22618884 -0.35327997]
2,-397.24795501055206,243.32359674034964,144.05756425589783,0.1914730872548489,1.2838294162515353,0.24085756313046147,0.7254752730013365,689.5892040952307,689.5874398940655,1.5598541733669167,[-0.45284311 -0.22918728 -0.86163003],[-0.36225586 -0.83573807  0.41268943],[ 0.81468019 -0.49901409 -0.29543379]
80,-350.56713485943504,-268.64975086958236,166.1950574892697,20.309537892782025,11.455482890665595,37.90499682915671,10.359015575544843,4238.122641095932,4223.1271842393035,388.48504255483925,[ 0.47896501 -0.81961213 -0.31436997],[ 0.46793249 -0.06461836  0.88139869],[ 0.74271913  0.56926305 -0.35257321]
40,-369.3654445265627,-304.8305523360201,13.593929399779707,17.42527772783381,22.165257724417295,10.272053576338033,6.610973118760772,3035.3562058930856,3031.082950607348,184.8473589573965,[ 0.05256254 -0.01903633  0.99843618],[-0.63480766  0.77117019  0.04812261],[-0.77088029 -0.63634437  0.02845025]
64,-330.23269973338984,-210.01109052562282,93.43816281227086,22.31246066190243,11.61861556391443,15.592693418703025,18.22067383695237,3226.243977430001,3223.331748902682,188.13937338259242,[-0.16326281  0.6048179   0.77944888],[-0.54661307  0.60225153 -0.58181376],[-0.82131566 -0.52104549  0.23227609]
3,-265.6352437785208,-208.8952244554633,102.25067012880515,3.327257530386569,0.26193091757724424,1.1370306136348538,2.675680815410909,611.5551233958473,611.544027450407,3.975996575923909,[-0.26372868 -0.13233067 -0.95547673],[-0.60360927  0.79527841  0.05646328],[ 0.75239819  0.5916256  -0.28961374]
55,-307.62422492855677,149.85896310092917,329.6280685481976,15.45795077663151,11.167962128912437,16.212681075424683,8.48173078556144,3527.3984401055513,3525.286709844168,175.1722779102677,[-0.18427217 -0.94814938  0.25895273],[0.73955163 0.03978022 0.6719233 ],[-0.64738486  0.31532568  0.69387503]
3,-231.91393754076887,-161.90021592312027,27.025142714768993,1.6583650020894911,1.1979587410855717,1.5236928416158375,0.9664042169195544,492.12820117510546,492.1268492470791,4.088454173082071,[0.00583066 0.15648921 0.98766246],[ 0.57766629 -0.80673616  0.12441227],[ 0.8162522   0.56981391 -0.09510234]
28,-271.187241031089,-108.75994877880423,116.98737522060405,8.412009597150684,8.713892163450097,7.949975875985465,7.538826780570814,1666.785680532532,1666.2745493638267,65.70504126486146,[-0.49845665  0.71325968 -0.49274902],[0.09458833 0.60974709 0.78693172],[-0.86173895 -0.34564304  0.37139853]
13,-415.0823443082026,240.1560766743081,12.821680275498109,7.826994632712751,4.141846855917742,5.861106622025713,7.710808967290451,1730.0142133045433,1729.9533367917277,26.34759401616793,[-0.49471391 -0.84413747 -0.20661577],[-0.08084707 -0.19201344  0.97805654],[ 0.86528718 -0.50056245 -0.02674568]
8,-257.85608853507347,-273.75389661154543,146.12127808023524,3.3166483402225038,6.980537330059518,7.790493291458828,6.29319793625163,1141.5232728149977,1141.3692830773862,25.410119272131325,[-0.35848051  0.67939185  0.64024873],[-0.68063034  0.2791865  -0.67734573],[-0.63893198 -0.67858795  0.36233179]
20,-438.5664359505944,-59.218781339253574,110.74215613149754,6.730493939768952,5.802981873384142,10.23806856877128,5.393883807775079,2040.9255328786114,2040.422217159106,55.67899779017216,[-0.19215841  0.94781994 -0.25438653],[-0.19696214 -0.29119125 -0.93616963],[-0.96139537 -0.12978835  0.24263949]
25,-303.8196956932921,-95.73657448322956,81.30102501357291,8.522667501799011,15.985731639146756,9.55459165545494,10.849545784518199,1646.573160590505,1645.0757681947362,87.08513843435097,[0.188076   0.21809838 0.95763277],[-0.33332346  0.93133795 -0.14664615],[-0.92386302 -0.29162085  0.24785962]
27,-377.8624914610155,1.912842359250206,119.9797341358165,11.28590854606384,6.298029889646365,11.900093666698304,12.425943271130507,2061.8712479891815,2061.268688139997,64.68182785080069,[ 0.08248899 -0.95762468  0.27595387],[0.29146035 0.28797242 0.91220762],[-0.95301964  0.00518253  0.30286418]
3,-254.16065818867273,-3.731910300082339,196.20224737872638,3.0711266935410824,5.321432725323411,3.3784764110828784,4.354459406903394,556.2980786467753,556.2172755156517,9.544984684193995,[-0.59534535  0.24058403 -0.76660501],[0.13813589 0.9705593  0.1973148 ],[-0.7915064  -0.01157478  0.61105125]
4,-264.1119361225753,-302.3798802405488,56.602312375387214,3.433708630847201,7.387727862846357,1.5507039499339788,7.1328141797084585,811.0729354415788,811.0360929066062,8.459682378526917,[0.18036763 0.02652294 0.9832416 ],[ 0.73706253 -0.66557515 -0.11725421],[ 0.65131125  0.7458594  -0.13959727]
10,-413.97963721765973,-42.425356559652094,237.1061938069103,3.334292686140293,4.115802508019665,4.4302523114121914,2.6347341798378303,1514.7004132644327,1514.6607069990787,20.180466646699468,[ 0.33074367 -0.84164169  0.42690501],[-0.37884741 -0.53272542 -0.75675509],[ 0.86433978  0.0885601  -0.49504934]
29,-308.2032103765931,10.042572446161975,353.2162084816727,7.0716055845909045,8.136326130355247,10.659943192514618,11.420510867985543,2526.1572753697415,2525.9454750370764,53.49674974247656,[ 0.73124344 -0.22401825  0.64428166],[-0.18258798 -0.97434904 -0.13155071],[-0.65722497  0.02144249  0.75338938]
110,-292.47836253578237,-249.28278323824105,159.56287933826053,14.528305663128572,12.853341608619376,19.58241797464364,17.184470902008144,4372.086405285814,4369.500728525381,227.04080777371036,[-0.64411176  0.76480403  0.01395875],[0.30194214 0.23744201 0.9232834 ],[-0.70281647 -0.59891242  0.38386576]
67,-364.9728562524764,-157.69408375068693,232.82955373488377,14.62613920928295,14.548048967332694,12.9526732659695,13.71954720993816,3775.6337485717672,3773.923228607456,165.58163589908068,[-0.59836528  0.59757717 -0.53372325],[0.11919481 0.72511407 0.67823461],[-0.79230776 -0.342215    0.50511119]
11,-263.5912264137403,42.949110247066756,205.1684101405291,8.365167039074011,9.380436411220272,4.887444241919406,6.999698569087377,1117.6603028956958,1117.4020776036677,38.31043225666036,[ 0.53234041 -0.36949904  0.76163255],[-0.32225159 -0.92042424 -0.22129875],[-0.78279474  0.12763104  0.60905067]
2,-345.4300536124484,27.90998901655284,177.56024251051605,0.5770646189624813,0.532981947104691,0.6918586187191664,0.8655917806106856,550.6897945080788,550.6891653166082,0.8324531503479939,[-0.32863381  0.59562913 -0.73295686],[-0.32413874 -0.80005513 -0.50482261],[ 0.88709295 -0.07167794 -0.45599164]
3,-365.56351929456605,295.76841829232455,109.67749318113346,3.69931942339924,2.3352251532953163,2.914477937564967,3.1505665539283454,836.3709213915253,836.3403265198532,7.287871674393523,[ 0.30077558  0.63546931 -0.71113487],[0.57994237 0.47008019 0.66535063],[ 0.75710032 -0.61253847 -0.22714694]
17,-96.0830071842568,-53.619083166374395,112.5493957718835,4.681815809294503,10.202755302303098,7.819371830971895,7.320358394714727,650.8181872420716,650.285214507962,47.4866078109624,[-0.59359797 -0.40136341 -0.69753054],[-0.5258828   0.84955316 -0.04131229],[-0.60917052 -0.34229642  0.71536315]
4,-243.85777602747746,192.53213153338493,300.9923485976187,3.674574228258088,0.7206526923396261,2.1170350407130547,2.1509309781921693,865.2158449664997,865.1862572018304,7.440126660818982,[ 0.18712793  0.88931905 -0.41724664],[0.80447838 0.10501562 0.58462488],[ 0.56373546 -0.44506555 -0.69578659]
6,-243.38248430800422,86.25188765295918,42.12992516370229,4.278245423215087,5.853719411448033,3.36669871804235,4.968779389722053,641.1481173294069,640.9763141161354,15.412135463426429,[0.31250894 0.4819794  0.81855606],[-0.19239533 -0.81173977  0.55141869],[-0.93022696  0.32980963  0.16094536]
17,-253.80838175496604,152.56823998396678,222.72779068623487,5.630736001588026,10.672492471003707,14.331115879814032,12.660396398347336,1529.3193587295225,1529.114695783104,56.928078469388865,[-0.38801316 -0.90433889  0.17781158],[ 0.61724513 -0.11170533  0.77880059],[-0.68443717  0.41193821  0.60154192]
2,-454.7447876782379,-158.95873503958512,48.60489218878047,5.444273455343904,2.272468494486205,1.8407941923152649,5.674581337776857,684.7792778120069,684.7705300754161,3.4612802498468214,[ 0.34011167 -0.92964132  0.14174298],[0.0467331  0.16725141 0.98480606],[ 0.93922312  0.32831995 -0.10032918]
15,-230.07368810204065,104.72684153067772,165.44731728814136,9.251738371695462,8.412515420224521,9.649709042158197,5.4575766465210425,1171.3438734548508,1170.6271693217227,57.47053342932408,[0.53567963 0.8121247  0.2313024 ],[ 0.36436963 -0.46941115  0.80429344],[-0.7617625   0.34656405  0.54736757]
2,-339.09616576799453,182.0862234339476,67.68433058051653,0.9111561642958748,0.20878796504092634,1.1652566979150336,1.0897076338744682,552.6753163119693,552.6734270581316,1.4450897394584061,[-0.49594283 -0.83505361 -0.2381726 ],[ 0.03366082 -0.29256142  0.9556541 ],[ 0.86770252 -0.46593271 -0.17320232]
7,-129.10663076560039,-18.559152772374706,118.12857878393366,4.796030762572674,6.32616183566271,4.139104534707436,3.437170002901722,466.0860132658536,465.777623860912,21.903210480710378,[-0.60892936  0.53980099 -0.58122278],[0.30121048 0.83520508 0.46011381],[-0.73381011 -0.10510641  0.67117461]
21,-454.72267621733215,58.64015751768846,43.45120902465939,11.112005561243315,6.252640612019842,12.721137117890288,10.855240221549318,2111.993873471711,2111.1476910227666,65.85117037599383,[0.14673268 0.95964224 0.23990895],[ 0.05956813 -0.25066633  0.96623912],[-0.98738096  0.12748792  0.09394504]
3,-266.030374719641,64.3923190897387,147.3392016964931,0.9039973113958439,2.724280820418624,1.1221841668065875,1.219869859985421,538.4292824567342,538.4153919712192,4.898070530182491,[-0.45483112  0.13508746 -0.8802727 ],[-0.24640485 -0.96893119 -0.0213773 ],[ 0.85581149 -0.2071804  -0.47398626]
23,-416.8399419113949,-112.15629206419484,126.47192164121383,9.645909869670875,5.014202432278867,5.685992160217236,9.832264711118805,2157.950060061434,2157.8009146818067,35.17852320783077,[ 0.10551546 -0.89065637 -0.44226431],[-0.36065211  0.38019148 -0.85169507],[ 0.92671276  0.24937055 -0.28110102]
8,-352.5389572919314,-114.9641640393443,261.36919354371946,4.54462417876636,6.687081708135321,6.623364868137079,7.637619083497253,1283.4661256865702,1283.387735959729,20.192811005815628,[-0.39735563 -0.51237652 -0.76130073],[-0.48823129  0.82048479 -0.2973801 ],[ 0.77700625  0.25352518 -0.5761825 ]
8,-301.53887211704,-38.211407427213956,121.02810224882072,7.476675422042033,6.274063557108478,5.979766868962412,5.093328183017316,925.7450408247472,925.628829577196,29.007192921625883,[0.0480136  0.91195227 0.4074773 ],[-0.38466052  0.39336567 -0.83504475],[-0.92180854 -0.11664693  0.36967893]
6,-272.7805470981552,-66.67959236096135,254.86719210954394,1.2107643919844973,2.770791129470665,5.016234888626745,3.2040921507286413,929.0058364394434,928.9603976133346,12.02380973419967,[ 0.47928308 -0.82592969  0.29686339],[-0.50294338 -0.5356626  -0.6783167 ],[ 0.71926051  0.17580024 -0.67212989]
5,-366.20175163941724,164.39189025384093,62.211270922090726,4.20662556193893,5.17099610364209,3.34094693540603,5.042586954571795,908.4182943456414,908.3871132721981,12.313015233238625,[-0.08654207 -0.51529868  0.8526299 ],[-0.42402169 -0.75540073 -0.49957516],[ 0.90150767 -0.40476784 -0.15312387]
27,-233.14227206796392,265.03941219561915,303.08220131073216,5.952046506816201,6.408353825514225,18.047042230568284,10.869582501972399,2419.701268104127,2418.245527629442,87.71652021311019,[ 0.74281302  0.66935367 -0.0139455 ],[ 0.44426388 -0.47722355  0.75821322],[-0.50085768  0.56940613  0.65185753]
5,-238.595852756409,91.47910620677001,270.12119839682657,3.557532861168252,2.033535124753339,1.485532185879854,3.5372736528500397,831.5061517900093,831.4888103907022,5.705727267312237,[0.48214968 0.86599699 0.13259298],[ 0.59645074 -0.43532663  0.67434208],[ 0.64169947 -0.24604863 -0.72641714]
17,-335.7552372499572,231.9343563050644,73.078657303222,15.426112796173486,6.243741162647087,6.296082892256881,14.160263633179882,1710.809916915476,1710.3591210209559,44.67747711452158,[-0.34397238 -0.69634567  0.62990928],[0.47463256 0.44988972 0.75652044],[-0.81018944  0.55919759  0.17575869]
7,-368.43955637590744,218.45735949057885,2.979351196358511,9.131667839147275,10.996106307969967,1.935052583872596,10.841628095954801,1133.9277440973292,1133.6696877594277,25.226420752548183,[0.01405049 0.01000928 0.99985119],[ 0.50999479  0.8600328  -0.01577633],[-0.86006273  0.51014057  0.0069792 ]
22,-87.10877226645822,-90.55089659883306,87.1638984860525,4.584451201068771,8.178839409296492,13.574739381644598,7.635400418687185,720.8862866664311,718.7865796388976,67.69521264545929,[-0.81326137  0.50827561 -0.28330522],[0.1233943  0.62642764 0.76965073],[-0.56866492 -0.59096896  0.57216772]
27,-297.45366154519536,-253.09953037723773,251.634190976131,6.743362498769008,12.189792409984177,7.515283147959731,7.381858163796727,2415.2688678934824,2414.755348097266,72.69445219175391,[0.32177942 0.45000177 0.83304047],[-0.69771573  0.70746101 -0.11265736],[-0.64003966 -0.54497462  0.5416197 ]
17,-253.3679478115065,-8.728573563370064,248.33319260964126,5.95210304720943,5.765077627339322,11.135695219119375,11.219066406111862,1464.1458012959845,1464.131954534228,33.69401063760957,[ 0.44220931 -0.79087443  0.42304676],[-0.54321633 -0.61148342 -0.57532951],[ 0.71369948  0.02461016 -0.70001957]
12,-76.06306723294114,75.40344289435022,48.124692830683166,5.157816697009583,7.273768285179533,5.252439541405768,6.801878566458994,408.0231527588949,407.7461347672893,26.920270278327273,[0.72520983 0.35465609 0.59016079],[-0.23426137 -0.6789028   0.69585386],[-0.64745062  0.64289194  0.40926477]
3,-423.8491090426339,10.047135144317567,218.51086273237308,3.306914542268008,0.8348435812505729,1.0534504879791393,3.2644945979974644,826.1511458313919,826.1480257230807,2.496803119973679,[0.2396004  0.8730997  0.42460401],[ 0.39103227 -0.48708596  0.78092319],[ 0.88864246 -0.02107564 -0.45811614]
2,-291.26120891997493,-45.61177170983454,170.57563262780917,0.708592960149673,1.0794758762892194,2.7979659471588576,2.151697187795804,481.7033692471017,481.6932679114551,3.119550094592811,[0.07521576 0.92378496 0.37545165],[ 0.51295133 -0.3587257   0.77986974],[ 0.85511609  0.13392993 -0.50083855]
10,-330.83095824430296,-269.52043442846985,13.579320317042235,9.643791764627622,6.597276403564874,4.183824957461977,10.849716649890777,1350.6166316194674,1350.5711488729835,19.199440453546853,[ 0.34109103 -0.46017897 -0.81969032],[-0.53208693  0.62433433 -0.57191795],[ 0.77494542  0.63122259 -0.03190037]
14,-198.05916765632514,205.93154607899606,227.05429931900719,10.81280876814834,9.19259616779664,10.648161188307217,3.6415951260353157,1366.661457443536,1366.0560701687416,65.04396210756272,[-0.05250471 -0.76211789  0.64530581],[0.83843886 0.31737798 0.44304796],[-0.54246063  0.56431157  0.62232541]
23,-255.12283346780484,-251.33442046162648,11.74435209205492,11.107013422240037,9.433559315016876,7.680764975315707,7.0093304148831495,1719.8666870067286,1719.1766477937329,71.57612655721331,[-0.04869491  0.09559331  0.99422871],[-0.70039205  0.70640039 -0.10222263],[-0.71209535 -0.7013276   0.03255469]
4,-286.6283030625404,37.067296562814164,8.311893609823994,4.792735798158306,8.058232398336251,2.133748366099938,4.6543782120013395,578.5789886072133,578.3526186379052,16.885444949078334,[ 0.0052928  -0.17906056  0.98382382],[0.13123314 0.97545305 0.17683103],[-0.9913374   0.12817436  0.02866155]
14,-309.9318829294809,89.66411030514097,251.35857718185062,6.291586248519456,4.79914737214135,13.55347520678566,10.459643785995938,1531.3456014550552,1530.9392731974874,43.61187935617941,[-0.1418078  -0.97471251  0.17270226],[0.63723623 0.04362082 0.76943305],[-0.75750943  0.21916375  0.61493635]
16,-170.89159310679736,-45.70813609344863,142.10309970025006,10.48855809998327,6.052358101955252,4.001561128742378,7.841615963207337,908.9247401791763,908.3048483776257,40.12215236941325,[0.33601851 0.70055965 0.62952977],[-0.5647889   0.68476104 -0.46056032],[-0.75372744 -0.20079464  0.6257607 ]
2,-481.04260670267354,-25.165148851723444,50.18836955875888,0.939734516667329,5.732797969553339,2.6095709392364945,0.9607723273509521,684.9740207526231,684.916155473763,8.903318317066807,[ 0.11590308 -0.42718035  0.89670699],[-0.00235117  0.9026708   0.43032533],[ 0.99325775  0.05198434 -0.10361795]
5,-426.4824979887777,-92.7344046681379,173.56038997050118,2.1271216631741643,2.1373387210299097,6.360848330248834,3.7057000958845117,1050.3762441011875,1050.2987809326082,13.40700615682566,[ 0.11053744 -0.96364066 -0.24326562],[-0.4041825   0.18002581 -0.89678716],[ 0.90797466  0.19745226 -0.3695871 ]
4,-335.4605523160357,-118.02127972870254,75.57254299438168,1.6771055454362978,0.9647388802082602,5.785685101593318,2.69346795280744,727.2170779697383,727.134622043606,10.973351962887069,[-0.30743553  0.94505078  0.11118644],[ 0.23262422 -0.03865805  0.97179809],[-0.92269679 -0.32462992  0.20795684]
4,-177.2386758893658,184.9825814111633,228.84103778380492,1.534043805110069,6.113657820328487,4.972370202077061,5.27692267067431,687.1874174098211,687.1289611435786,12.061280930157242,[ 0.36325291 -0.56679365  0.73945404],[0.77590465 0.62339829 0.0966775 ],[-0.51577058  0.53862745  0.66622907]
4,-351.32288554040673,-229.79625739357942,121.13981978494051,4.302297997816664,3.5620539736422057,4.000568729272733,3.9315571704920087,873.9589293294233,873.9097704197353,11.255639325876414,[ 0.59339942 -0.73846587  0.32022695],[0.03626915 0.42197015 0.90588396],[ 0.80409059  0.52593665 -0.27718037]
3,-272.15702961148367,-216.6028566267356,133.58007929470588,2.2907792307140387,1.215111534016748,2.25315378411446,2.3810454319582735,645.3862648291632,645.3745198387949,4.290293559635645,[ 0.67532115 -0.53635412  0.50622683],[-0.1019844   0.61188161  0.78434691],[ 0.73043858  0.5813133  -0.35851684]
3,-405.8079539608918,106.49047227949389,52.151620405884366,0.9889506658746325,0.3203895568004049,0.5763418696356309,1.0180962830655176,732.2735471794251,732.2727954786683,1.0622294080155985,[-0.27360996 -0.74430111 -0.60922364],[-0.06163793 -0.61852336  0.78334515],[ 0.95986372 -0.25188232 -0.12335698]
4,-384.09776342501635,121.21025646435177,84.98309742234218,4.081507361378458,3.3050843568429626,4.043710039595489,2.555407073047603,823.3578809100659,823.3132725340112,12.234627957758763,[ 0.13054207  0.81224037 -0.56852823],[0.33502486 0.50356449 0.79635491],[ 0.93312224 -0.29442891 -0.20638436]
8,-316.8254133724121,85.93891355288844,33.46082734127646,4.48198652271765,4.134111665192773,4.051627465977445,4.7213713501244285,933.514288641422,933.4304879321312,15.861134387796172,[0.27379621 0.80388054 0.52802624],[-0.05617531 -0.53470159  0.84317172],[-0.96014581  0.26051925  0.10124103]
3,-403.6892974914393,198.1938357542897,163.02426566285862,1.4252572779556953,1.0219857255292748,1.481331451263824,1.1040192437340035,828.5430684055877,828.5362930917587,3.4864843450158576,[-0.4697532  -0.87751877 -0.09639885],[ 0.25911222 -0.24144139  0.93518282],[ 0.84391515 -0.414327   -0.3407937 ]
2,-148.4478591348176,99.71387641747228,90.54852527567799,3.2689311186645114,2.3277718852009386,5.421068963096715,1.1293938524121216,283.6341019088517,283.47817482990524,9.403624872703727,[0.56369869 0.82584966 0.01470143],[ 0.36561311 -0.26543693  0.89211563],[-0.74065569  0.49750937  0.45156791]
2,-288.90929487172366,23.130036575023787,301.22098140438214,0.23890975740548015,2.3340531070316555,1.8234458429645883,1.277970694299512,591.1793107509407,591.167137512034,3.79380887567091,[-0.58934968  0.53395909 -0.60626286],[-0.4183287  -0.84369671 -0.33641784],[ 0.69113534 -0.05534941 -0.72060279]
3,-407.90606410678566,-50.351180193286844,81.79405271323186,2.5546506479604627,3.790482309154588,2.777417277008461,2.677735381126981,725.8840644601512,725.8628454938031,8.01847856233719,[0.18540034 0.08816738 0.97869976],[-0.13477468  0.98883631 -0.06354945],[ 0.97337685  0.12012186 -0.19521332]
11,-255.5210136328174,-271.0347244069234,88.80533331646858,6.971474227864824,4.7020510112761436,6.073674404311259,4.47988789186936,1270.3767925289644,1270.2610540459664,31.067821463696927,[ 0.49259584 -0.18589246  0.85017253],[-0.55856528  0.68160582  0.47267149],[-0.66734861 -0.70771287  0.23192311]
3,-282.4354673391849,267.12256292540775,247.8500286021274,4.57968105104157,4.556838968607649,3.8819262544773894,2.4475171846241985,798.6434994601326,798.5486450909378,12.362400242960014,[ 0.65677348 -0.00523761  0.75406974],[-0.43967577 -0.81507183  0.37728388],[-0.61264494  0.57933623  0.53762041]
43,-442.16679512153075,-138.29820298478933,101.53272622451087,6.525185461128394,10.781217960414054,11.55917333697092,5.986954995193128,3111.439584444637,3111.0256877598044,105.03887937059594,[-0.11959327  0.80689867  0.57845656],[-0.34145187  0.5136685  -0.78711835],[-0.93225966 -0.29164913  0.21408576]
20,-246.24987924327542,-10.984783691174588,129.70685366717896,5.956853551178667,6.8817984776075845,10.663033421593033,8.090510009211508,1247.0369364709586,1246.374390885488,51.50683260464915,[-0.27814477  0.84526654 -0.45624552],[-0.37609358 -0.53290188 -0.75800343],[-0.88384903 -0.03924368  0.46612319]
3,-476.0913254697086,44.80852551638417,70.85892310258491,1.4231251078416427,0.5080904359691052,1.9430519802039143,1.5970431376077758,837.3126771231848,837.3074346352786,3.246654177636318,[0.11943333 0.9753183  0.18571453],[ 0.12575772 -0.20040776  0.97160781],[ 0.98484551 -0.09268732 -0.14658917]
2,-324.65859918052075,-125.81086441279975,151.4750472541087,0.8919121584694949,1.5471527888715002,1.9257828427512607,2.043468679073868,536.9975184214474,536.9924496465607,2.333198101064254,[-0.01265752  0.78237003  0.62268525],[ 0.51844837 -0.52735576  0.67313238],[ 0.85501525  0.33135034 -0.39894345]
4,-263.081939876692,269.8407960027339,233.93891593666905,1.7300894469971062,4.297478991072255,0.496897194920886,3.362415444542883,887.1839515524825,887.1671375337519,6.434520512512419,[-0.75378015 -0.1893808  -0.6292459 ],[-0.28294499 -0.77072184  0.57090278],[ 0.59309158 -0.60837716 -0.52737047]
60,-252.19043464997225,-130.1796831650092,208.29710421271952,12.77806449506744,23.04323656337331,10.990021228310173,13.99462764114356,2735.038113962521,2730.086913095691,190.08381174929715,[0.45080934 0.40149542 0.79722792],[ 0.53337738 -0.83731183  0.12007276],[ 0.71573704  0.37109342 -0.59161657]
7,-260.1346729216428,47.890052443694636,256.8728567386902,5.085261877284018,6.691318612773339,4.7118493291254735,3.3043986914025347,975.780702618441,975.6235051353133,23.892775920022267,[0.58089178 0.66913919 0.46348407],[ 0.40592043 -0.73168544  0.54759932],[-0.70554472  0.12995829  0.69664733]
