N,MEAN_X,MEAN_Y,MEAN_Z,SIGMA_X,SIGMA_Y,SIGMA_Z,SIGMA_R,LAMBDA_1,LAMBDA_2,LAMBDA_3,EIGEN_1,EIGEN_2,EIGEN_3
6,-441.54905641533895,25.533284291097413,18.998562766035967,5.975342096069979,7.422753589065992,3.0438212073997386,6.066365541499179,1084.635054400756,1084.495184617103,19.477008694865855,[-0.05700449 -0.2713853  -0.9607812 ],[-0.04386767 -0.96073577  0.27397519],[ 0.9974097  -0.05776505 -0.04286121]
128,-299.5781549651566,190.36650251195,213.47565997284693,20.014418785531912,22.04996984756688,14.742279636870013,25.24293367310067,4698.343502288069,4697.6142944694275,244.0790687042873,[-0.19086364 -0.84928942  0.49221799],[0.66390078 0.25766942 0.70202722],[-0.72305382  0.46077538  0.51466419]
267,-242.94581052602132,-205.82359131642355,310.13293540994886,27.895985052765482,33.27748879931439,25.221743898066975,37.34190415359864,7303.9407817790425,7293.230865319534,556.2218585320156,[0.62294557 0.33101039 0.70878131],[-0.55969715  0.82160095  0.10821731],[ 0.54651434  0.46411637 -0.69707824]
15,-430.51035095812784,53.72408502293774,189.4853421079656,7.733776398676065,4.888881757712316,5.887466659495415,7.317053745163017,1833.9896915129248,1833.838638891867,31.19188565592559,[0.29317055 0.85735724 0.42307161],[ 0.29509351 -0.50205612  0.81293264],[ 0.90937938 -0.11348222 -0.40018862]
235,-322.65948390951047,-18.00816332191177,240.77859807988042,26.1164636120807,28.088075272933374,33.28496574353397,17.659704630769674,6220.025132631787,6191.04348125672,725.2600247899178,[-0.34779652  0.84700043 -0.40202967],[0.48803021 0.52967767 0.69373488],[ 0.80053988  0.04507595 -0.59758184]
203,-137.08561043832555,110.69233466972268,161.71991082504195,20.67821813744267,23.35542375957911,23.418381213941935,32.652635963296404,3447.4467978003936,3444.221646550092,304.62623107256945,[0.64991325 0.75953471 0.02682908],[ 0.50020481 -0.45405578  0.73731167],[-0.5721957   0.46576859  0.67501978]
5,-278.2255337394778,-114.12310626765179,71.6951676191339,3.2774227484940037,3.8933433475191195,5.734811844981761,2.956737174563996,691.4658454091632,691.3376339949614,15.887669245708535,[-0.43422014  0.71201992 -0.55179753],[-0.03849035  0.59733451  0.80106802],[-0.89998409 -0.36907875  0.23196878]
37,-301.58327424455405,-247.33133985392217,250.21171158166302,12.607011964573543,13.757838948314994,9.326769995405638,6.886831938855351,2821.13488503884,2819.429882846954,119.68401080526283,[0.28027968 0.49215159 0.82415418],[-0.70569621  0.68765726 -0.17064684],[-0.65071972 -0.53377364  0.54004587]
409,-383.9087234394494,96.37257975288779,164.4979963188622,28.347974940758984,32.04358919785611,44.016895282817245,25.988288833198517,8746.492239186131,8694.685406558478,1130.1263777924987,[-0.01765857 -0.87845348  0.47750148],[0.44591354 0.42053097 0.79013595],[-0.89490183  0.22687704  0.38428832]
130,-344.7396124638826,-162.80208718157598,155.72947711499054,21.482634102760926,21.8177755335969,10.16871216344373,20.26647823300319,4707.897556370751,4703.269431132221,286.374375763324,[0.22639575 0.37734155 0.89797457],[-0.49773097  0.83727563 -0.22634795],[-0.83726271 -0.39570554  0.37737022]
147,-220.975436437551,-117.12235128508466,159.17854852654472,16.390808202313597,20.557094411197653,33.90066586487032,34.29502260823058,3627.8697220447034,3622.1910032274286,312.6804007553662,[-0.1799072   0.89517065  0.40780254],[-0.6470168   0.20458119 -0.73451739],[-0.74094714 -0.39600006  0.54238482]
51,-315.51214159267306,148.35745360266623,319.9778702107354,14.872901709202528,14.028522140310583,11.110064433535603,6.459372733233157,3382.8787808030656,3380.5365511576397,159.9560302720248,[ 0.25753519 -0.75442087  0.60375888],[0.69939984 0.57667182 0.42224338],[-0.66671995  0.31352634  0.67615512]
26,-303.7878611512599,92.44060677309554,302.3534987316127,10.969087769418092,7.125145020374971,15.03365429510246,8.486240792533511,2237.856620420208,2236.3348228244054,91.93387499106773,[-0.31117397 -0.95009747 -0.02203536],[ 0.65065353 -0.22988626  0.72374187],[-0.69269094  0.21087225  0.68971889]
110,-143.99147463716167,-113.23418734808766,180.5255278058495,13.635148066137731,23.18672267401735,21.92171591927387,26.512282603438166,2719.9258568358787,2713.7650194555204,232.98859149290186,[0.46129679 0.53870144 0.70498655],[ 0.69097756 -0.71655226  0.09540892],[ 0.55655663  0.44311806 -0.70277387]
17,-401.90386185649885,2.12598749796888,50.936037013037996,18.05504660690953,7.844228409856048,6.127319428323835,18.27424050907824,1672.41552243545,1672.1853144725187,39.35642996656455,[0.11954628 0.34737201 0.930076  ],[ 0.03953489 -0.93771665  0.34514413],[-0.99204117  0.00449025  0.12583385]
150,-322.1904030051441,-262.9067449223186,179.07950695679605,20.264580462967103,19.363109080602232,22.331006967253323,20.64525159770935,5559.01358016181,5554.572513427594,358.04185863045126,[-0.43570047  0.80616846  0.40032177],[-0.55132575  0.11253166 -0.82666592],[-0.71148087 -0.58088643  0.39543133]
33,-414.8140169509221,-91.01281997884763,220.24754839722877,6.605195312683307,8.206474840678995,9.089396094499127,6.759017893989816,2749.042525168745,2748.7443299993297,70.02755219532166,[0.08069257 0.85830693 0.50675232],[-0.4916318   0.47653566 -0.72884288],[-0.86705645 -0.19032335  0.46042387]
16,-459.8570672058647,61.992555584364915,35.84573393023878,7.494147598728288,8.38741995311862,10.771863153888129,7.2178996142053276,1862.3921880158593,1862.0656641860298,55.28759838348046,[0.15315038 0.89802534 0.41242629],[ 0.01412398 -0.41929634  0.90773955],[-0.98810195  0.13319556  0.07689909]
58,-241.11017603264673,-140.9876407043215,309.6300056636466,12.523954341358099,9.358609579369224,19.171363749191517,18.843800559855147,3180.820446754808,3179.4516402130475,121.70759067191959,[0.18176867 0.83418234 0.52067262],[-0.795714    0.43587447 -0.42053856],[-0.57775374 -0.33786575  0.74299889]
66,-99.23451514324383,-62.41377690171735,88.41392106748589,10.710112073320122,19.735397249554428,20.598768031126358,13.14545498898663,1208.4169683191,1207.6946528804535,222.89672804803018,[-0.71472148  0.592309   -0.37194525],[0.20023481 0.68282491 0.70260669],[-0.67013374 -0.42769171  0.60663051]
12,-288.5384952524175,130.9844557817468,126.31309296179909,5.450657029384128,5.3844727914551385,7.559565419518221,6.274932261399644,1182.1541154073736,1182.0191946444486,30.265047589924844,[-0.18567748 -0.8627432   0.47031697],[0.50017834 0.32900336 0.80098591],[-0.845781    0.3839674   0.37043694]
95,-45.54019338043682,-2.275901690786376,29.654986797410935,16.261494574627424,18.448308586189448,18.163456763283847,18.555941469795787,589.1261419348906,579.1328061395504,239.2541817179046,[0.51660189 0.3762958  0.76910595],[ 0.21718117 -0.92646304  0.30740621],[-0.8282239  -0.0082287   0.56033692]
19,-380.5533114693758,-30.76664720446528,168.89895217257492,5.009974416858552,7.398519387267604,3.774530903121967,5.335297939318227,1820.2301466979875,1819.966840185958,35.21694371650592,[-0.37433728 -0.2585467  -0.89051963],[-0.17024139  0.96318238 -0.20808067],[-0.91153139 -0.07371094  0.40457043]
9,-127.23708523109661,136.94290963980188,109.90565251491797,4.896671314935482,4.040571103003231,7.946493848460479,2.307823119510146,651.1337651789846,650.6926257877298,29.665331257301617,[ 0.6238722   0.75156216 -0.21433107],[ 0.51635399 -0.19052478  0.83491249],[-0.58665325  0.63154939  0.50693523]
14,-193.21240647953945,-74.55625500177352,223.81490854807217,6.563040541217882,10.96582650639989,12.995682466469686,10.602624948758764,1142.806577803116,1141.7987985325547,55.75334663581797,[0.36047822 0.74631519 0.55952578],[-0.68527339  0.61885263 -0.38395547],[-0.6328158  -0.24502054  0.73451283]
13,-76.08291545322624,71.81153644575589,47.14019476008128,3.5980456967245895,6.818760512318904,5.2384166215615675,5.05091811536664,414.7650569692706,414.4899859805995,28.05825999921013,[ 0.21920112 -0.36283977  0.90570314],[0.71682589 0.68963381 0.10279035],[-0.66189993  0.62669969  0.41126144]
2,-309.07382998699904,96.734317355559,250.22937162763878,1.0076110987033644,1.7984698312385987,1.5514120676949545,2.1345597633552984,578.8014437015602,578.7978151684562,2.04948462599049,[-0.50572547  0.3833415  -0.77284607],[-0.4170628  -0.89284674 -0.16995095],[ 0.75518234 -0.23637682 -0.61141281]
27,-353.9862215010995,-0.6571240252478141,299.22974996940746,11.333611605613259,7.795786372015167,7.7408137096891245,10.085787218677982,2409.5470294921374,2409.385548328094,63.519443849583,[-0.07932708  0.99263274 -0.09158305],[-0.64055615 -0.12115289 -0.758294  ],[-0.763803   -0.00148916  0.64544772]
6,-238.327453378333,101.27111442149483,160.4942981648393,3.76043122317719,5.055277429467696,7.439270254917128,6.300510472142771,746.5516528702602,746.4844882761688,18.24313728784483,[0.62024169 0.49575914 0.60788413],[ 0.05929223 -0.80237006  0.59387434],[-0.78216665  0.33230282  0.52705802]
17,-279.1394739833962,61.78744554683456,159.18250912316194,10.18073932138975,8.915935033751582,3.55654544299088,8.65934661994614,1350.3175119059927,1349.753199840005,45.126250847532226,[ 0.45223824 -0.19712963  0.86983935],[-0.25966283 -0.96212224 -0.08304216],[-0.85326185  0.18831011  0.4862957 ]
2,-343.66534940528516,158.02221565893734,280.3257803457907,0.6767388206717158,3.2709732940848397,0.8072415236451604,0.12324069863754517,665.839687959035,665.8219752155665,4.856684200862515,[-0.64601194 -0.0542499  -0.76139708],[-0.22325627 -0.94042589  0.25642892],[ 0.72994877 -0.33564282 -0.59541472]
136,-242.0499920522899,1.1292850226974882,23.197045977197995,10.53154097636609,30.948909107801843,16.56296786786062,10.708573334469817,2863.4288654592733,2842.8370261895698,408.74381955601655,[0.09229367 0.3198808  0.94295183],[ 0.02621648 -0.94744611  0.3188394 ],[-0.99538665  0.00470598  0.09582942]
73,-335.7556292609711,312.6291472224709,34.36075712878279,14.774128649453749,11.410507123814996,10.003101506275312,10.919839325893246,3934.3862633766303,3932.305928109534,154.55223845568963,[-0.27838222 -0.39520295  0.87539589],[0.62423499 0.61823373 0.47761672],[-0.72995481  0.67941274  0.07459423]
9,-126.90818230188898,-17.631264008328323,118.0486171410742,5.16808684476151,5.449685459327383,2.9550228501074463,5.49011388659842,523.1467051358518,522.9788066403096,17.878896299503484,[-0.68337977  0.04122261 -0.72889833],[-0.04610328  0.99397512  0.09943814],[-0.72860591 -0.10155862  0.677362  ]
9,-291.68047677056734,286.8944553191108,244.03476684552047,7.912029347724405,3.3573148852742496,3.444043826050379,6.375097880521564,1429.4088778500234,1429.2750554799322,20.159603197143458,[-0.22830433 -0.75498828  0.61471117],[0.7568934  0.25948869 0.59981497],[-0.61236387  0.60221119  0.51220326]
10,-322.95754713543096,-158.79145581043173,21.32976982491191,7.55352875346974,8.491166978829845,7.077556089664546,9.356613509361283,1140.670526133909,1140.5936660917127,30.44741974329926,[ 0.41487518 -0.87612191 -0.24553814],[ 0.15980372 -0.19550146  0.96759596],[ 0.89573509  0.44066946 -0.05889884]
3,-230.83224366827372,-155.57376663533572,41.09798386413171,1.4811423966516462,2.350170094506685,0.5998438261127502,0.5096968255133,487.3912295069312,487.369856923329,4.844428756160813,[0.09778555 0.11601549 0.98842217],[ 0.56343979 -0.82513377  0.04110796],[ 0.82034967  0.55289662 -0.1460539 ]
50,-282.0737455626071,-239.87165505845988,144.49815085200404,15.423443578935562,10.7393193268505,9.227479480570516,13.109844049736404,2813.3936211957107,2813.1209626572886,115.6521601989233,[-0.24047575  0.69237413  0.68028632],[-0.66184288  0.39570714 -0.63669448],[-0.71002494 -0.60335225  0.36308491]
5,-221.5765335028255,138.65230775680942,175.576665776118,2.87132672525003,3.0165171704602836,5.561538610662395,3.504912059797233,704.228560497449,704.1609987416525,13.41829284297301,[-0.29013354 -0.89447727  0.34019544],[0.64864706 0.07756136 0.75712696],[-0.70361887  0.4403347   0.5576969 ]
2,-202.10821599473502,-143.92152760059733,233.217491426055,2.007517792498035,0.16972304310399977,4.5442885227647025,1.992378386885207,481.6144617394762,481.57139943817236,6.440263951558393,[-0.39622704  0.89418026  0.20843655],[-0.70056151 -0.14769208 -0.69814083],[-0.59347933 -0.4226449   0.68494787]
5,-262.9780717009882,-73.14436034873022,296.763121068377,3.7947895432083487,5.938727956749416,6.733882770654862,3.612853899064536,901.7742598168335,901.722067446219,20.242902079867203,[0.08268321 0.94811678 0.30698218],[ 0.75359189 -0.26105101  0.60328404],[ 0.65212173  0.18145782 -0.73607765]
149,-390.0979220140912,36.93235292223303,269.1363499191734,16.250422508077047,40.70500939013303,16.45132474812761,9.55640500113794,5826.1130099827205,5808.212923223089,560.9383127434031,[ 0.53204792 -0.25694531  0.80678629],[-0.20822178 -0.96328745 -0.16947266],[-0.82071231  0.0778229   0.5660167 ]
8,-407.64511065441934,233.2058214252591,7.170639415509248,8.697966449027442,3.029048696033852,3.61255687690587,8.73150229772561,1328.7621440160729,1328.7434045138862,13.1440509233027,[-0.4554235  -0.78319185 -0.42332016],[-0.19816547 -0.37438559  0.90585091],[ 0.86794002 -0.49643323 -0.01530242]
48,-283.3604401919397,122.21138119711014,233.47765839217973,13.440621668057378,12.302641106306524,14.707462160196686,19.85548666129475,2685.322663940288,2685.0439196980883,85.5278669049524,[-0.09791241 -0.92529115  0.36640067],[0.67430768 0.20909381 0.70822944],[-0.73193054  0.31641124  0.60345805]
6,-224.5100697876014,10.201804899890671,73.26063776152519,3.4897156284439292,5.126641256556244,4.158012242463846,3.2108920021904694,579.2857124870385,579.0802373170739,16.57616630801919,[ 0.21189817 -0.64009359  0.73849804],[0.23022111 0.76708537 0.59881405],[-0.94978809  0.04313024  0.30990704]
177,-187.64341876557978,67.98796931695009,65.3620418589744,22.94178712044932,29.87494893132294,25.55144802757758,22.995391243762054,2853.8879301294605,2818.5917786767236,507.2317956399098,[0.43039134 0.4020828  0.80814152],[-0.12981935 -0.8584253   0.4962388 ],[-0.89325821  0.31848928  0.31726068]
38,-379.36885887707564,184.43236650104583,30.159867886053455,16.355163690959976,10.930901049455347,12.773378648578266,17.711456839898553,2610.653737148276,2609.5521140597943,93.83090430515415,[0.44173903 0.88943544 0.1173509 ],[ 0.01129082 -0.13630633  0.99060239],[-0.89707254  0.43626275  0.07025428]
50,-220.72806409151613,157.72233114625317,310.89018700851227,11.077195590252634,9.294790054880531,11.977887043289307,14.55688327492097,2920.4013907381573,2919.6722556793407,83.77584629525717,[ 0.65021848 -0.38323675  0.65600726],[-0.53938907 -0.84093977  0.04335579],[-0.53504706  0.38203388  0.7535083 ]
16,-356.5122942585192,-104.08455694954894,263.3983263841702,6.5809769508343985,9.911076978935235,6.28289866452196,3.939793744339299,1821.8101093441535,1821.5867865285811,51.45089615537916,[-0.62196446  0.29404543 -0.72573927],[0.00419297 0.9280536  0.37242306],[-0.78303425 -0.22859091  0.57844928]
85,-329.71971660473605,-195.3469309150782,96.1410494052331,17.8110966832475,21.41908792787405,19.66160203764291,15.67391025254789,3652.9931964658545,3649.2182400520737,276.86134024947245,[-0.53501001  0.62388882 -0.56967274],[-0.13088379  0.60494442  0.78543726],[-0.83464587 -0.49477772  0.24199439]
63,-227.53237782384318,118.15266180916025,13.109374939886063,17.052254141019148,18.244451591039255,8.552966659754263,18.76172491268738,2047.6333762150066,2043.6207439251991,149.57219873100067,[0.18246228 0.24485018 0.95223732],[-0.42623143 -0.85306107  0.30102088],[ 0.8860216  -0.46079843 -0.05128863]
2,-146.87764587387773,77.2130303371788,65.81000374127734,2.2983888438221527,1.748041031542762,3.88909654967053,4.080537383417408,252.54431220848068,252.51736338846933,3.689283967153379,[-0.39770009 -0.90159005  0.17020584],[ 0.40627854 -0.00671674  0.9137246 ],[-0.82266177  0.43253933  0.36896793]
22,-363.0751409344885,-159.8105498387862,41.92358957623565,10.466315756008488,9.808107700248415,7.317452869352143,10.19558785310891,1872.262375502317,1871.8787048514007,58.45419356910804,[0.03796029 0.17248523 0.98428038],[-0.41240686  0.89989742 -0.14179287],[-0.91020855 -0.40054148  0.10529446]
58,-432.0069773642855,-128.15337041243967,105.974545009959,17.22805416066924,17.348162296263585,14.802726826418475,16.46439268655623,3530.7844271844906,3528.978201900035,177.6724015551539,[-0.35808255  0.76429551 -0.53631079],[0.02551167 0.58219378 0.81264971],[-0.93334133 -0.2773135   0.22797189]
33,-383.72305997611176,-265.7582713422765,111.17362330257083,7.083304090430147,7.746376533463039,14.919284535206728,5.470537300110208,2757.9530218500004,2756.973659895809,99.8075921646285,[-0.5063561   0.82957988  0.23537358],[ 0.32265412 -0.07085761  0.94386096],[-0.79968607 -0.55387401  0.23178818]
15,-162.73377894507232,-184.75293773620336,266.5524815840438,7.338279176118985,6.070837243400651,8.773676736305628,10.392779920425323,1406.1986003824247,1405.961264767043,29.89297676429782,[-0.64490857  0.7534008   0.12837511],[0.61878287 0.41614564 0.66628115],[-0.44855401 -0.50912674  0.7345674 ]
112,-325.8616751845205,-85.20158523774077,194.33539840103586,14.027411532180219,9.238797380343915,29.541731474620477,18.663522014903865,4130.09772654454,4121.199216415876,296.7228248587012,[-0.27117897  0.96197292 -0.03271172],[0.4751241  0.16333834 0.86462574],[ 0.83708963  0.2189262  -0.50135044]
23,-378.0582099790899,203.53190658171854,152.86824348712614,8.771530761504717,8.32436320992808,10.517255076038081,11.338717823672662,2186.9711877825393,2186.6042863247526,54.251842359441746,[0.49302426 0.86768108 0.06369159],[ 0.26263413 -0.21822347  0.93989459],[-0.82942775  0.44666325  0.33547213]
27,-366.9384243254838,-308.06876797044794,22.915107667990267,16.433305018778643,21.41280964011304,14.953255376834598,9.374245220316153,2496.506974082719,2493.873667381022,153.39053591244462,[ 0.21071667 -0.17975905  0.96087729],[-0.60872364  0.74498482  0.27286104],[-0.76488823 -0.6424051   0.04755714]
7,-409.87314809181197,120.4956469819318,60.23347189599955,4.010559884408573,7.40779606562097,5.114381974786765,5.258894592336024,1141.7101868570553,1141.6541115663879,22.11674354731147,[-0.08532101  0.1978302  -0.97651602],[0.30046505 0.93957128 0.16409316],[ 0.94996899 -0.27940834 -0.13960623]
55,-253.7441803948166,194.9269418405882,52.6790995082652,12.6865217629637,16.876641731042398,12.699521174808122,12.137947304199182,2410.235890997368,2408.265032696169,158.57376546017173,[0.42914992 0.33250981 0.8398021 ],[ 0.45138676  0.72639192 -0.51827094],[-0.78235564  0.60149148  0.16164051]
12,-357.9601674455592,-235.66626788968048,36.80092125061919,7.11738126537071,5.784130345015359,6.802911875763883,8.82838000735382,1490.5876744949671,1490.414298833583,24.982600352437743,[-0.52064609  0.82505476  0.21957297],[ 0.1909061  -0.13816585  0.97183592],[-0.83215534 -0.5479004   0.08557248]
103,-231.9148148326455,230.60758956034869,288.629454463307,8.793450688015579,27.94896658960925,22.10787013136067,26.010969581359383,4440.861727778601,4436.709954222796,260.32538615482446,[ 0.38228237 -0.54756329  0.74433503],[0.7572602  0.64726165 0.08723155],[-0.52954431  0.53030821  0.6620846 ]
89,-363.5848527371279,-160.12851883502236,228.39099162903491,14.296342050959131,15.409613155930522,12.488605381798214,14.606738162991556,4328.605962401963,4326.047192255562,185.6247768702896,[-0.59670217  0.60755764 -0.524233  ],[0.11933728 0.71320071 0.6907267 ],[-0.79353963 -0.34959758  0.49807268]
48,-251.82019015206427,-249.36732404684582,15.041423373879168,11.580800010644362,12.066808762998026,12.995470199221051,12.544974292950371,2460.684934982301,2460.273960075895,119.26611410035682,[-0.62370884  0.65584048  0.42527703],[ 0.32723393 -0.27501746  0.90403725],[-0.70986283 -0.7030211   0.04308244]
2,-123.83594096872827,-129.47716066028784,84.4427823020839,2.011488964329999,3.2029264860012034,3.9380034301683224,5.030028537397783,280.2144592561984,280.19837934753735,3.001897276259517,[ 0.569278   -0.75567834 -0.32384069],[0.53403961 0.04040836 0.84449325],[ 0.62507939  0.65369519 -0.42656576]
4,-206.7512969591453,-172.61715908922235,154.62185856393813,5.857596711986155,6.432028218773501,3.51470768850932,1.4456190208673443,621.3860746764569,621.1645350816286,18.543563378856035,[0.51073412 0.14705019 0.84706959],[-0.54394288  0.8182673   0.18591604],[-0.66579035 -0.55571114  0.49790394]
22,-313.3751030025112,-301.18072837842516,68.79401029892435,14.444704972579748,7.862888139591378,7.304650971156087,11.237131523798086,2065.5436609852613,2064.9268083709803,65.55138338707444,[-0.26733532  0.47013755  0.84113168],[-0.64885574  0.55751855 -0.51784099],[-0.71240301 -0.68421031  0.15600705]
18,-220.32973195991005,-254.18670637234987,225.83133075210654,9.451396913050996,10.210415929427015,11.484190463225392,12.003606754141442,1720.60453510857,1719.7728473388943,56.82681971642333,[-0.74845208  0.66299612  0.01598851],[0.37946754 0.40835751 0.83020993],[-0.54389693 -0.62743947  0.55722154]
23,-337.987061982047,247.696041528448,58.90292785526038,15.255080662481769,17.756982900739544,15.906499974163145,20.148826938205175,2033.79144116467,2031.8162831932088,94.53764549961694,[0.59798293 0.74659243 0.29157529],[-0.06823662 -0.31504098  0.94662186],[-0.79859888  0.58595983  0.13744418]
28,-436.1214665954054,176.91799183287867,43.18618609241327,7.591341565468068,7.1864915558879305,9.199096131128693,9.223347511696076,2501.7566373328186,2501.5159782200153,55.130221536167014,[ 0.33823783  0.90052095 -0.27323469],[0.18484759 0.22111509 0.95756957],[-0.92272777  0.37439302  0.09166964]
75,-137.89402342343953,-125.57453445158511,28.618433188239752,18.58264882840092,15.378057380327032,15.074876782874743,19.95339302488818,1649.9425293715726,1645.9701563784135,173.89830661670095,[ 0.57259119 -0.71804801 -0.39565943],[ 0.36962767 -0.20467102  0.90635819],[ 0.73178871  0.66521938 -0.14821759]
2,-202.68864618860775,-144.9259899665526,111.7783852280307,2.23616599342526,0.5322143056463062,0.5824487840616968,1.7036717149821925,386.22858569180323,386.22154257575977,2.332478486770391,[ 0.31947932 -0.81702697 -0.47999988],[-0.58911016  0.22550836 -0.77594794],[ 0.74221438  0.53067213 -0.40927363]
6,-416.92678985317406,-48.11886720626935,181.2611584058907,3.1939592163079946,3.151426402676677,4.967764074943065,4.538110807803411,1119.9321028512463,1119.8802961136826,12.071379628054554,[-0.12203736 -0.85313249 -0.50721972],[-0.39171318  0.51095572 -0.76516994],[ 0.91195815  0.10530533 -0.39653892]
7,-113.45578431933833,44.5051830257432,15.082396533708586,2.143183861905124,5.135018254579955,6.02200793262212,4.073034128536058,325.5736804777092,325.1402563535049,18.773104216152504,[-0.23528489 -0.79076515  0.56509424],[0.30333728 0.4926298  0.8156607 ],[-0.92337832  0.36332678  0.1239602 ]
17,-247.6403436428196,-221.94322714832046,220.74634998234188,4.764942164444448,7.054970546017795,8.308273750524464,5.543288238771903,1646.3236770545664,1645.9680354529196,43.327717912335316,[-0.77626923  0.53586396 -0.33204803],[0.11174405 0.63534886 0.76409757],[-0.62041869 -0.55604104  0.55308138]
3,-294.3657632617024,260.3267279490703,7.628697529471382,3.0218388026446075,3.0404283221354955,1.6529426646634924,4.158024657341371,680.8066160026474,680.8039142439964,3.3851006544582734,[-0.65487071 -0.73537077 -0.17428188],[-0.10113257 -0.14326432  0.9845037 ],[ 0.74894362 -0.66234822 -0.01944967]
6,-65.51473746927977,-66.00766337589356,14.868832171512077,8.52575503545606,5.871176878988159,4.70649328716635,9.382067270222096,232.19080044413397,232.04171158160938,15.462705729113475,[-0.57646248  0.67718714  0.45728393],[ 0.4261124  -0.22837792  0.87536949],[-0.69722251 -0.69947202  0.15690654]
24,-447.154826458154,138.5650132113473,77.28536298787837,8.777845997473184,12.01142794423768,8.858109170591623,9.659965610125644,2325.793270108099,2325.058690536683,70.51748847643903,[0.28400822 0.44128588 0.85123798],[-0.17669041 -0.84850412  0.49881987],[-0.9424011   0.29207454  0.16301116]
17,-479.3760031581246,-28.31109133301473,42.24154179702734,4.703995951230558,7.094641148375187,7.995935188188613,4.848678623105496,1988.078669442612,1987.8207191746644,43.759459473205304,[-0.10160351  0.75681247 -0.64568693],[0.02848615 0.6509929  0.75854913],[-0.99441705 -0.05867811  0.08770184]
171,-297.05824905106954,230.03204968753673,277.6269570216148,13.13790369449833,16.587436136830306,18.572685019942128,14.339127219659307,6118.033676464442,6113.634201431886,317.23332372077954,[0.73330172 0.62564185 0.26615945],[ 0.24075313 -0.60504112  0.75892237],[-0.63585101  0.49244036  0.59430294]
15,-247.13596142427534,-179.47857961824528,151.89214462664071,4.072003099181998,6.36685453888536,7.988310406603019,5.334929744116446,1321.6308522555296,1321.4894448135856,37.20885903739914,[-0.6414241   0.75121084 -0.15574789],[0.25263218 0.39850971 0.88168418],[-0.72439776 -0.52618655  0.44539377]
16,-304.8570670355661,7.932310225326582,349.0837555553894,7.369525847730478,8.223566574369588,7.731957403415943,9.94405377473113,1854.8413949233325,1854.6123189732766,36.31349969905856,[0.75277206 0.05176013 0.65624318],[ 0.02775007 -0.99851292  0.04692419],[-0.6576961   0.01711243  0.75308898]
4,-350.1326067751456,-203.47108077213156,238.21585068019328,4.253447713902793,2.3604751998263613,3.329590097397493,5.208623085078953,939.7335040416625,939.7177087116178,5.521266729519291,[ 0.56349021 -0.81556974  0.13162364],[0.35650766 0.38379172 0.85182522],[ 0.74523893  0.43307034 -0.50701974]
33,-388.12872333518743,239.73965096507698,126.11721235217718,9.697385232515172,10.660072015236638,11.16326536007914,8.902550820031726,2720.512820373124,2719.919084530673,91.66470691114425,[-0.25914601 -0.74359514  0.61636808],[0.51033459 0.43638756 0.74102936],[-0.82000119  0.50658875  0.26639423]
16,-266.018332796617,41.294943815370225,201.5390129502064,8.727388412656087,11.61288563598385,6.062264934520813,9.134778182491372,1346.5381791196025,1345.7251698512184,51.33773452072951,[ 0.56936486 -0.21058026  0.79465691],[-0.2235255  -0.96987367 -0.09685775],[-0.79111314  0.12247868  0.59928204]
2,-358.4600943072563,301.5296391062588,74.36086351956018,1.9386733076066491,2.7336359992654593,3.2031098043563375,2.7008893196201313,670.7679056515473,670.7467423962605,5.328303385419104,[-0.65424007 -0.72320615 -0.22123019],[-0.02729483 -0.26975184  0.96254295],[ 0.75579423 -0.63577261 -0.15674267]
68,-209.80154131494882,-155.11513460822465,76.4962406327712,10.897063049511031,15.98501661524054,13.303013439594153,16.875291865747315,2248.87576117103,2248.000795510944,135.5415238503201,[-0.63479587  0.72623876 -0.26383986],[0.0536756  0.3820827  0.92256802],[-0.77081329 -0.5714806   0.28152582]
5,-267.1356914506622,216.11810373823695,119.649976957115,2.543573102169413,3.6195512062250788,3.895300779536599,4.563177035831371,813.6809794970858,813.6627499659301,8.3623989087433,[ 0.27570576  0.7034906  -0.65504757],[0.62048908 0.39021882 0.68023714],[ 0.73415232 -0.59399516 -0.32892266]
11,-349.88682373500507,-41.15402829985939,10.593880693790508,4.236749182122448,6.564035455362176,4.654703754208809,3.7700349397507003,1169.2664337505914,1169.1318892697484,27.439363583589216,[-0.0545814   0.21270312 -0.97559123],[-0.10738463  0.97013061  0.21752042],[ 0.99271819  0.11663607 -0.03011004]
7,-352.407677754183,194.03844703722515,79.55692119876804,4.378078466120118,3.29870066961294,9.037488413832506,3.472414998836458,1085.324687011268,1085.0509974408308,26.42584233726457,[ 0.40369237  0.86054789 -0.31062808],[0.31393086 0.18861785 0.93052175],[-0.85934852  0.47316027  0.19400895]
15,-466.4971949032003,30.968587174074575,112.50940210870255,6.521979627118234,8.760998211191056,6.9212711170863335,6.860021336196271,1863.033552519565,1862.6419818494,42.40569420790959,[0.2327967  0.51887905 0.82253889],[ 0.0686192  -0.85243199  0.51831565],[-0.97010159  0.06422021  0.23404842]
10,-244.93480481801825,-287.25688639982997,168.25169451762605,5.5560525657561035,6.542728591726252,5.1784343840161196,7.276608982009818,1307.3520436718504,1307.1828726859455,21.85491560441487,[-0.75967468  0.65028879  0.00434377],[0.26765161 0.30657204 0.91344195],[-0.59266939 -0.69508134  0.40694586]
3,-224.9012760990786,156.97888614565977,73.00025612491766,1.4141211135545304,0.3017227714483228,6.5000077663994,2.426647529621524,491.71784999647923,491.606138405435,10.72186637767942,[0.5848293  0.80872831 0.06271527],[ 0.17346391 -0.20021736  0.96427345],[-0.79239192  0.55305653  0.25737815]
4,-239.87345702176816,251.09503926049564,176.9506968540657,1.6067384656511394,3.5216643812560244,3.2510470289602464,4.180686650632293,779.5510508443919,779.5308679756995,5.705718041579212,[ 0.190257    0.68045455 -0.70766085],[0.76489303 0.34912156 0.54134351],[ 0.61541931 -0.64427924 -0.45405212]
4,-354.9507921780918,244.7142368989223,107.86491082700196,2.312556139831758,3.603248012328326,3.1295105092824924,2.9426560528663734,888.8955781802032,888.8709468027164,8.819579343876466,[-0.58226636 -0.60533937 -0.5427063 ],[-0.15193322 -0.57475642  0.80409661],[ 0.79867527 -0.55065352 -0.24269017]
10,-355.59952902147677,163.94889003554357,186.29504318100345,6.141431375187176,6.622914989334293,4.971660572412903,6.31969894148428,1371.5622194111409,1371.4947668049942,25.831544537317193,[-0.48023814 -0.04637162 -0.87591153],[-0.31125731 -0.9246044   0.21960327],[ 0.82005501 -0.37809573 -0.42959679]
3,-328.27286231426893,-108.6978143926937,325.67064183634284,4.328943829978761,0.6806487339028626,5.616965925680353,6.9125107592255,822.8433726908379,822.8379661012121,2.9848386593730885,[ 0.66641662 -0.56896308  0.48184013],[0.27985489 0.7898956  0.54566123],[ 0.69106449  0.2287924  -0.68562666]
26,-245.7069078343334,-5.691262982920017,129.84087410781652,10.079963950442503,8.08094348694947,9.944381117913432,10.622414861647833,1419.1661141403763,1418.9561112364772,63.44154047013567,[0.08829397 0.9740251  0.20851684],[-0.45921505  0.22556473 -0.85921016],[-0.88392631 -0.01989099  0.46720299]
4,-210.71935309093624,187.30348826963166,250.40843867427685,4.3108360238398475,5.373276604916201,3.0021092730931276,3.6194294289279245,754.2835210317779,754.2223359315835,13.18376223536949,[ 0.23840837 -0.67069143  0.70237771],[0.79431312 0.55078552 0.25632396],[-0.55877376  0.49679806  0.66405089]
40,-244.00881453693628,-34.35137160505131,262.4246438792794,9.470809786761977,18.127942504581213,6.54963365434268,7.100474961092645,2280.131557097041,2277.799777044502,128.3998385782122,[-0.72563008 -0.07190125 -0.68431805],[-0.11753524  0.99286098  0.02031096],[-0.67797231 -0.09516973  0.72890073]
2,-219.04372028672603,95.01108293171134,92.9524855120965,0.190127573443732,4.283584751210228,1.425923255794018,2.2680329115171958,362.4026499454134,362.36050614599344,5.526687351155722,[ 0.26234331 -0.29427631  0.91900894],[0.44766388 0.88079753 0.15424902],[-0.85485264  0.37094091  0.36280821]
21,-268.400766699116,-112.51207231362791,111.91735639333199,7.931245464018774,9.585378141850098,9.28831780897574,8.249304984792152,1430.4887434928885,1429.5264444324575,60.53646362046885,[-0.50828657  0.64376723 -0.57202142],[0.02450738 0.67476744 0.73762341],[-0.86083921 -0.36090533  0.35875228]
3,-364.8939729332407,195.02737634724272,211.85500813877624,5.387436266318648,3.1656871603816623,3.29724167193962,3.3883412847143024,805.1827810043775,805.1457349346554,10.749077310312105,[ 0.41018135  0.90338009 -0.12512262],[ 0.4641654  -0.08869113  0.88129698],[ 0.78504888 -0.41956918 -0.45569723]
2,-416.1329523521522,58.673386547652825,70.81838918931803,2.123431546007481,0.9829904106578837,1.4261909381185163,1.7010525599361017,602.7137858418845,602.7061278874513,3.0382644342596654,[-0.01536239 -0.81244095  0.58284106],[-0.21522806 -0.5665585  -0.79541709],[ 0.97644297 -0.13766326 -0.1661564 ]
43,-292.3183654513041,-160.43155384989436,275.91075646074887,9.849493806308466,9.050403921088009,9.960334277711384,12.530386873844035,2839.843457966427,2839.563500369908,71.98812596431031,[-0.54343392  0.83458254 -0.09028599],[0.49853021 0.40739308 0.76517874],[-0.6753867  -0.37081379  0.63745583]
8,-172.43620731466052,-158.85277776040118,106.09510051387467,6.614139638648716,5.238519944803746,12.048161224820229,6.009062221512667,728.8913573694714,728.2419483109474,37.90175480959025,[-0.72141705  0.6721572  -0.16661975],[0.17454164 0.40932618 0.89553743],[-0.67014376 -0.61697389  0.41261431]
16,-158.81413635337452,98.25151266906354,89.74387120218962,14.113608164428957,5.445215108437199,9.942308958008834,7.375065671414933,831.6585107559118,829.6018516875259,65.78113104938846,[-0.32365852 -0.86762414  0.37745664],[-0.55286582 -0.15032242 -0.81959902],[ 0.76784409 -0.47395309 -0.4310266 ]
11,-427.1003889067038,-90.49479977297607,177.70457565751764,5.905841468709472,4.9063818439771945,6.5479206045158955,7.458342881304697,1563.6304237609922,1563.5912886265623,22.531050735452126,[ 0.3201066  -0.89383416  0.31399406],[0.27674371 0.40520011 0.87133563],[ 0.90605998  0.19202441 -0.37707021]
6,-161.86438147246005,-167.60175379308265,185.12220846164004,6.569183484071736,5.424772870857323,5.677121940690709,6.141696442517867,729.3408622541102,729.138623347343,20.11005461026691,[-0.44210708  0.82235148  0.35816111],[-0.7132255  -0.08016242 -0.69633568],[-0.54392161 -0.56330457  0.62196241]
3,-362.71991847273443,208.4119782208862,189.66378136611107,1.1372147201096832,0.4765110854868734,2.0985880889027966,1.5752232499839705,795.5732977937663,795.5691114622525,3.2116018952144887,[-0.58556721 -0.75824343 -0.28666695],[ 0.18303411 -0.46817884  0.86446925],[ 0.78968953 -0.45373502 -0.41293459]
2,-52.221828577439524,-28.262501540960734,59.080068122198625,2.8701174486600607,0.43638974995983837,0.13032564151134096,1.733362236245469,118.53090582294328,118.48503726913475,3.2972076882096317,[0.15084487 0.83324025 0.53193657],[-0.76682021  0.43822027 -0.46898802],[-0.62388509 -0.33715527  0.70504874]
7,-356.4563120979106,251.39994280261797,203.3417203558252,4.473574315364278,6.135808174322064,4.907786686841963,5.442941216842049,1273.4890966827772,1273.4036862637904,19.117545078638415,[-0.50890935 -0.02553424 -0.86044133],[-0.43868436 -0.85233275  0.28475415],[ 0.7406533  -0.5223762  -0.42255863]
4,-244.86997992413347,-266.57406291021636,97.50705108555813,7.835531170294735,4.247455931285492,1.81727902745846,8.498025095322788,749.96819363553,749.9418673394628,6.490021810219894,[0.02066644 0.32665323 0.94491829],[ 0.75678211 -0.62272815  0.19872212],[ 0.65334044  0.71099038 -0.2600749 ]
3,-400.94165097274646,167.96496242870919,59.25567882766393,2.9299851297307136,3.084729744823637,0.22570614104549572,3.753426813006631,759.9259318464048,759.9179324915866,3.500176845753229,[-0.18077092 -0.08586527 -0.97976989],[ 0.36353465  0.91980013 -0.14768302],[ 0.91387331 -0.3828771  -0.13505811]
2,-217.46659725463292,34.184428385193655,243.75823388354394,0.9839555802710009,0.17817256724164213,0.4524371050186744,0.2971576670758225,464.49882080568807,464.4964175449847,1.4941946828097719,[ 0.08058441 -0.97467955  0.20858077],[-0.74506596 -0.19790797 -0.63695302],[ 0.66210488 -0.10407795 -0.74214885]
4,-245.41937471135546,-6.17987425126813,242.36304016818974,1.9673233268235994,4.442052194462259,6.575461761120823,3.8890968108624575,690.1260466833794,690.0183637333083,14.319114548459877,[-0.42810285  0.80384481 -0.41299088],[-0.55748085 -0.5945725  -0.57939506],[-0.71129674 -0.01780617  0.70266627]
7,-198.63902601231368,4.835112985186206,169.95729253660406,4.641766016435573,4.953575687957493,5.98012115242948,6.9188880229544925,692.1749987304801,692.044819931246,15.559257875817908,[ 0.56278896 -0.48219536  0.6713838 ],[-0.32599389 -0.87586557 -0.35579136],[-0.7596029   0.01863157  0.65012022]
12,-421.1480241207698,208.61227590896695,86.63460665902694,5.993909048771448,9.47707164636143,5.845666820439931,6.403492436392841,1656.0336570670916,1655.6958686564174,37.79846153176405,[0.37296346 0.40664029 0.83399157],[-0.2904079  -0.80252489  0.52116892],[-0.88122727  0.43657471  0.18122091]
24,-373.67932646951976,-2.0234711716034393,120.59265366063964,9.810865559557957,6.799460627503153,13.525932873287783,12.440309947504588,1925.5898931277386,1924.6675064242352,64.49609580851333,[-0.15195507  0.87663586 -0.45652955],[-0.26758541 -0.48113152 -0.83481166],[-0.95147659 -0.00469321  0.30768534]
9,-292.4837157465919,79.83990545862447,235.84751899682422,5.193618158469445,4.299893167705907,5.110087064408322,3.4354150501186473,1152.5770444449677,1152.4447128637166,23.217758246561985,[-0.42615585 -0.87423639 -0.2325982 ],[ 0.48841164 -0.43876448  0.75428098],[-0.76147571  0.20783758  0.61396928]
10,-186.2335222034616,-48.628749787067065,139.73614635596738,5.269165712418535,7.9129432044395225,5.239228442139153,3.9582726252701583,752.8630467396501,752.3332590607214,32.02936057916087,[-0.5806521   0.57865696 -0.5727122 ],[0.22273314 0.78951457 0.5718887 ],[-0.783092   -0.20450639  0.58731938]
3,-322.71055720429905,77.75501237491113,236.88057083438227,3.154192202832258,6.287294850179631,1.9338233400244838,3.027515344951682,706.4422786323645,706.3484935869762,11.512069771540125,[0.59626747 0.45057424 0.6644155 ],[ 0.1349636  -0.87212052  0.47030908],[-0.79135955  0.1907581   0.58082821]
8,-261.13856880762273,-186.7846591917006,185.2080675630466,5.715080129443776,6.432376552721219,2.5446883419675794,6.506148617038342,1048.644142372813,1048.5561322106118,17.49108727111509,[0.3900861  0.31307536 0.86591954],[-0.59284386  0.80496072 -0.02396668],[-0.7045346  -0.50400601  0.49960879]
24,-368.8780788271192,140.32940538003677,21.454043855823983,5.724641499716605,10.258775976798207,11.255472348705336,8.134358296258243,1937.667685656212,1937.031023307163,69.25157743094556,[ 0.27101857  0.7951778  -0.54244004],[0.23616966 0.49137461 0.8383167 ],[-0.93315209  0.35530727  0.05462523]
5,-333.63913239112657,73.46442053482197,309.3661970377208,4.025302426119955,3.6905374464963567,4.449888870829434,4.756465160324963,1030.678045882829,1030.6597173222906,11.615307339927055,[-0.44607502  0.63408873 -0.63162374],[0.5263024  0.75665556 0.38791514],[ 0.72389423 -0.15938584 -0.67124757]
4,-415.8533075998953,-217.60032821598992,13.443924037378636,1.6561223794918267,1.8169755130645953,5.435915157810819,1.9541921672649192,939.1461816103022,939.0840433595247,11.281781506767233,[ 0.46333129 -0.87807659  0.11960609],[-0.03032455  0.11917858  0.99240964],[ 0.88566615  0.46344144 -0.02859189]
2,-159.09235397413858,-182.47117990328007,178.73316978251637,1.5799922937651871,3.233570312936692,3.4069613024182104,4.819666242034799,425.62005194014733,425.6169273748562,1.630872625303952,[ 0.12598841 -0.74806041 -0.65156162],[-0.83944521  0.26960488 -0.47185268],[ 0.5286385   0.60639825 -0.59398864]
2,-341.65632794055114,-82.18896837990351,83.24730951023602,0.14097448454006667,2.6685141055285797,4.156762300626433,1.698771909605739,510.76140613798896,510.7192462890081,6.562428669580872,[-0.07130616  0.84047368  0.53714005],[-0.31604994  0.49172528 -0.8113684 ],[-0.94605912 -0.22761865  0.23056862]
4,-314.1733259358321,-194.462914693642,172.06760055094384,6.787275158340531,2.444010224411939,1.9894662035051793,4.275738713599127,815.3080254610456,815.2260986064255,12.28505340163174,[0.10223385 0.56145218 0.82116971],[-0.62870609  0.67618918 -0.38405318],[-0.77089357 -0.47701116  0.42211783]
5,-234.72199415511736,237.02059943408875,346.4075580231568,5.437720918227952,5.740721135976339,3.711027233026888,5.162656402875997,1075.4629612144608,1075.457278560407,15.74098713961434,[-0.36497145  0.63438497 -0.68143345],[0.79281503 0.5954909  0.12974947],[ 0.48809853 -0.49289583 -0.72028712]
6,-55.263128524745866,47.79716075918372,4.536942324228421,9.82838038507258,7.46500666986075,2.2679392769861595,12.030615657711907,181.87466169666217,181.78215924432354,8.743385070137172,[ 0.6129969   0.73592818 -0.28747959],[0.22832436 0.18332883 0.95616867],[-0.75637477  0.65176703  0.05565033]
