N,MEAN_X,MEAN_Y,MEAN_Z,SIGMA_X,SIGMA_Y,SIGMA_Z,SIGMA_R,LAMBDA_1,LAMBDA_2,LAMBDA_3,EIGEN_1,EIGEN_2,EIGEN_3
85,-375.37732377893104,165.3972722759611,28.143191806741704,13.005077774779098,18.530744285560882,12.863166966228865,17.492467642432537,3796.8439211356845,3795.7493304093196,176.39045459335844,[-0.17889815 -0.54396879  0.81981303],[0.36775654 0.73588521 0.56853152],[-0.91255169  0.40320084  0.06839958]
44,-310.6744403074844,-314.48143438279044,63.46156236696611,13.414229949067844,16.823013545100643,9.352874371884504,14.180213921470694,2965.8066096948032,2964.4745452312045,124.25874286369202,[ 0.35842756 -0.16929766  0.91807842],[-0.6226919   0.68934014  0.37022285],[-0.69554617 -0.70437807  0.14165822]
127,-236.77250807914524,193.17114523644292,49.231244043234284,28.792097315160877,17.99126147406083,13.96868957355416,22.506877491814592,3510.03632317056,3500.450287372594,319.43634102496543,[0.2803391  0.10086178 0.95458729],[-0.57735521 -0.77675275  0.25162697],[ 0.76685784 -0.62167682 -0.15952109]
57,-334.6859813732974,-274.0418141284516,178.5143563769376,12.14417473886308,13.638766173888891,28.32801161681692,12.61857235208893,3540.151704749347,3536.2683768150687,235.51332182052448,[-0.50355461  0.81039556  0.29948588],[ 0.48546828 -0.02133409  0.87399394],[-0.71467006 -0.58549457  0.38267846]
209,-332.3591962227776,-26.05252358403531,233.28311687920151,18.789860847290747,19.057702944850647,28.51609748539545,17.737087378533573,5904.740928440928,5892.648247133245,505.0797425539353,[-0.27020749  0.9205215  -0.2821845 ],[0.51040977 0.38546759 0.768698  ],[ 0.81637601  0.06367823 -0.57399939]
298,-242.87910154565205,-192.4156588949141,305.45318780440715,22.720884348128063,40.28018178050384,25.046131218124188,36.792522143751604,7562.072234816778,7541.270423003338,651.9335817889029,[-0.80151921  0.06933107 -0.59393615],[-0.21536025  0.89313206  0.39488617],[-0.5578413  -0.44441909  0.70093135]
43,-414.3918787640243,-28.057215366559454,248.08091136856353,6.184739826507606,19.973713827374347,10.401102923602464,4.96253802718442,3175.591339039956,3173.105449242431,149.6471484110882,[-0.50096646  0.33197552 -0.7992652 ],[0.12398373 0.94151057 0.31334627],[-0.85653993 -0.05788009  0.51282478]
7,-190.46586838234478,-21.22514912539982,13.10902243618392,3.0982480204216167,6.325345067292015,5.066162297746623,2.69985685724689,508.7197686757067,508.3083911735095,21.795285432907548,[-0.01361149  0.61094776  0.79155389],[-0.12902341  0.78393607 -0.60728675],[-0.99154813 -0.11039506  0.06815603]
53,-243.23336347240974,-24.606167673512886,258.63102815644453,11.238567497324649,17.937786537166605,10.479901138134437,10.707407225742893,2595.966572454026,2592.761364453365,153.052344955268,[-0.64562966 -0.40744872 -0.64586987],[-0.3406545   0.91061913 -0.23393868],[-0.68345947 -0.06898073  0.72672196]
126,-215.49564208578545,-106.07926089883601,144.7355023203092,12.091489977698652,21.05332132416273,20.78586808238656,20.70576878152352,3164.5604580891713,3159.9205336908876,273.93951926166704,[0.27959388 0.52895554 0.80126981],[ 0.57841984 -0.7589048   0.29915547],[ 0.76632744  0.37982831 -0.51814351]
11,-253.312494884841,158.48743778647932,240.56676643454833,4.184992175844012,5.82440527619451,7.241431027159958,6.682040145079675,1272.6601554411911,1272.574248599603,25.47632247640941,[-0.67456161  0.04098943 -0.73707971],[-0.33019207 -0.90976599  0.25159301],[ 0.66025739 -0.41309286 -0.6272276 ]
38,-237.01914387649677,265.55019044927667,308.8954006293376,9.91538835760939,8.139558916401288,13.3423184338961,8.947976462478202,2906.9479810677904,2906.2425387631342,99.53159762836957,[0.80379408 0.58364341 0.11521909],[ 0.31771707 -0.5848894   0.7462977 ],[-0.50296216  0.56326261  0.65556411]
58,-138.11360874935443,-126.94152418324579,191.65884774715693,12.924553782756245,13.749562593705823,13.321492175432157,11.924825472807804,2048.077170853998,2046.3908944307927,150.2739606667423,[0.433607   0.57576726 0.69316451],[-0.73977024  0.66667694 -0.09100465],[-0.51451429 -0.47332222  0.71501127]
32,-57.33821413879352,12.716704191024132,9.930685169434806,10.335056863782254,21.097649556010765,6.868835220053587,9.48751269433395,362.2647181660577,343.3153780366921,127.72548860296372,[ 0.16809101 -0.01056975  0.98571481],[ 0.21104527  0.97714333 -0.02551108],[-0.962915    0.21231863  0.16647971]
182,-297.6666141366491,233.2862720826609,274.961141382627,15.588237220495552,16.918465038275738,15.358837827113788,13.303167248064913,6316.8500569406615,6312.77515410307,326.58127979037897,[0.70282351 0.68919841 0.17619498],[ 0.31706369 -0.52521866  0.7896936 ],[-0.63679646  0.49915019  0.58765581]
6,-157.62604360637832,-173.66224503149715,183.35982286207127,4.1338998968913385,3.128442074323253,3.3143130525768294,3.2760528366125445,729.3196712402815,729.3067826057138,12.775003957436025,[ 0.82198379 -0.17343108  0.54246134],[-0.20960567  0.79351824  0.57130926],[ 0.52953575  0.58330992 -0.61590699]
241,-386.36870668484096,94.21050665558734,168.17928930091358,19.67881238232776,28.887153344732422,29.90578406857925,28.765881671550776,6735.9399419008305,6723.239361354243,556.3442355462284,[ 0.12956271 -0.70750823  0.694727  ],[0.43014491 0.671379   0.60351106],[-0.89341416  0.22064076  0.39131675]
97,-250.16019725463633,10.218147255786256,21.284652320094633,14.066146810613882,23.968997878967585,11.591865088941528,14.245064292410245,2490.3833591711727,2480.82863766772,260.91475482456013,[0.09219485 0.23295573 0.9681073 ],[-0.0207471  -0.97158764  0.23576899],[-0.99552482  0.0418221   0.08474222]
3,-470.72165817863066,104.33627228818493,21.31765615712728,4.753706003522072,0.8190952905125408,0.986103124515466,4.5342444928114345,835.9604216871104,835.9550894950886,3.3144966710465757,[-0.12327174 -0.36786208 -0.92167324],[ 0.18297577  0.90440762 -0.38544355],[ 0.97535837 -0.21615817 -0.04417805]
55,-442.74764027167896,148.4013327947159,67.7935638372419,13.089598074092303,21.049156025284496,12.766465287157857,12.887074680309114,3504.6262674633344,3501.4963196459644,183.0693348229478,[0.24313234 0.30435705 0.92100676],[ 0.24597664  0.89911623 -0.36205732],[-0.93828682  0.31457399  0.14373951]
11,-138.62196139972238,-93.24538180185746,159.35331373767175,4.644617995298526,11.460925804337048,10.321180338230409,10.570888575669846,767.2763273920277,766.846878563197,40.42108089474076,[0.3740878  0.62098646 0.68879179],[-0.70781281  0.67107328 -0.22059393],[-0.59921561 -0.40501415  0.6905825 ]
24,-298.32407861097244,83.46617837441664,247.88547972827163,12.87189352958994,6.247027160585866,11.515330364443134,11.436655352431115,1945.6169315940908,1944.6212068969764,70.32449508440934,[-0.25629325 -0.96644721  0.01713355],[ 0.60728193 -0.14720471  0.78073006],[-0.75201226  0.21050074  0.6246335 ]
20,-177.67468896314458,100.52931445330026,33.619264236017244,6.700344656229786,13.368728583949444,10.320190418014842,6.895889811163389,928.5792835364721,926.04226062978,74.69219128235162,[-0.15021626 -0.54250379  0.82651359],[0.49115251 0.68459035 0.5386142 ],[-0.85802347  0.48685284  0.16361549]
91,-335.3501319229331,313.731862837402,38.25402673128811,16.121630201702445,10.58143005283174,13.66704407000622,10.449687667633656,4400.696910739474,4397.995904739865,202.51931966752187,[-0.36219985 -0.48447818  0.79629904],[0.58214191 0.54962313 0.59918712],[-0.72795746  0.68058453  0.08296164]
28,-366.83092953061504,-314.2359096619222,20.13081522070905,12.325711642738556,10.247728638265354,11.445868612139313,5.660562930678554,2559.5418250736934,2559.008857532878,99.74991695853905,[ 0.13417383 -0.09348936  0.98653795],[-0.6372318   0.75427166  0.15814517],[-0.75890251 -0.64987229  0.04162912]
18,-464.7404990739617,31.499295623994854,117.34098924714652,3.7730877205433218,6.763055357845371,4.7448412141524265,3.9307046280484177,2038.2884946126787,2038.1252280024632,34.77892037300351,[-0.24919777 -0.41255358 -0.87618492],[ 0.04332294 -0.9085698   0.4154805 ],[ 0.96748312 -0.0655779  -0.2442866 ]
73,-278.80080632519054,-112.99023129979244,105.51942480685771,16.753887981758105,10.047262506810648,19.853047803360823,10.109970273012463,2733.0536786373445,2726.3061716615725,221.511174321008,[-0.23218049  0.90512995  0.35613479],[ 0.42470631 -0.23505435  0.87428485],[ 0.87505244  0.35424458 -0.32983937]
7,-315.93629712169655,227.91895784043666,74.09819941487953,5.079955828672176,5.3795062281842085,7.941279505844178,7.643311616491404,1049.5572281770114,1049.386289800253,20.349489476863234,[0.58861035 0.80806591 0.02381915],[ 0.13740804 -0.12903891  0.98207331],[-0.79665356  0.57478557  0.18698839]
2,-315.02751781667536,-77.11886219535208,337.60317536248016,3.890468600715792,1.4860050106401204,1.3765043223466478,1.3804682018205767,662.0948551738569,662.0686760401483,5.887737607584941,[-0.20293318 -0.89637376 -0.39412207],[-0.71131848  0.41155977 -0.5697759 ],[ 0.67293695  0.16471987 -0.72112636]
7,-262.95425884024274,156.97871154284556,303.3771198911126,3.6217355281173615,5.683062572776301,5.113742639859689,7.182045782067665,1140.723171433664,1140.6845335662615,11.85050186439957,[-0.76431212 -0.03592545 -0.64384496],[-0.20923161 -0.93061166  0.30030662],[ 0.60995828 -0.36424071 -0.70376104]
38,-210.66777918808162,-147.40079375804436,81.20902301270783,13.362234312785532,12.367202010131296,10.237527902543164,16.614137680478553,1666.3167417071145,1666.0947963438327,78.03528490989271,[0.00534506 0.47694336 0.87891778],[-0.62439662  0.68812459 -0.36961251],[-0.78108917 -0.54681769  0.30147989]
222,-310.35483542360396,-228.7980280064177,136.37544247246646,23.215887963880558,33.490289102713646,39.19985420270516,21.48102679273977,6144.808725199808,6109.236422398794,777.5789513995097,[-0.22754651  0.70726855  0.66932337],[-0.61331997  0.42978869 -0.66266153],[-0.75634728 -0.56129571  0.33598501]
42,-281.3749953009193,118.30684343044327,235.48619219137032,12.707904914747475,14.506564718660556,16.40687080895384,20.004816261444144,2502.997586722773,2502.611640074183,100.25940327654762,[ 0.0811104  -0.8479621   0.52381427],[0.67934814 0.43159203 0.59347655],[-0.72931969  0.30771513  0.61106808]
8,-442.65467898738916,-125.6982152690941,24.490106162704258,4.786457243889886,5.058395545570765,4.8665272118341605,5.429111153053117,1303.5379702681835,1303.4916482337874,18.45850158070494,[ 0.26741533 -0.85512583  0.44412708],[-0.07581413  0.4408121   0.89439192],[ 0.96059422  0.27284522 -0.05304929]
26,-90.25567975811327,-95.74433670228898,91.49261671630406,9.799121767344507,13.645567731706747,14.220812669292597,9.26652325852651,824.5192422434977,818.9440825769299,101.27424805625074,[-0.77927     0.61376321 -0.12662144],[0.27300025 0.51433676 0.81297513],[-0.56410029 -0.59895944  0.56836472]
6,-306.1808257120712,178.73890348598934,85.7091297306806,7.15134332661752,5.657431101531933,6.110543077872736,5.537461292552738,893.7718881045804,893.6229932573958,23.23326322648814,[0.33887013 0.13369022 0.93128619],[ 0.42474281  0.8615013  -0.27822484],[-0.8395002   0.4898392   0.23515309]
63,-424.5001988345799,100.03834166825477,111.54228921480673,14.673302193607263,22.928270452942172,10.779777580172324,16.686544915335908,3580.022810076886,3576.1156905003118,191.60759134741875,[ 0.19468284 -0.23588343  0.95208067],[0.27058735 0.94590342 0.17902289],[-0.9428049   0.2227683   0.24797824]
16,-246.85191373953563,-181.0793994198346,151.79073452673748,3.6429273849008235,6.47336184067452,9.50437750977067,4.715809939917011,1367.5245878784422,1367.1453615326077,44.26872908179515,[-0.6915203   0.54719879 -0.47156457],[-0.00664157  0.64796979  0.76163708],[-0.72232649 -0.52981943  0.44445001]
56,-163.86937059913166,33.74545828442827,61.35933700203374,10.628057112116696,24.01545055906799,12.44401698878674,11.652204421085823,1348.7220957476734,1338.895602910085,199.17129933031543,[0.39223602 0.37646528 0.83930018],[-0.03504054 -0.90563986  0.42259746],[-0.91919697  0.19516747  0.34203303]
3,-401.8936613873214,-144.71890567110066,98.24158357145775,1.9453869330227926,4.73615563042215,3.513915687994164,3.3303556801228793,759.2455194987768,759.1945980265745,9.06068757751064,[-0.0258774   0.60964769  0.79224999],[ 0.3982917 -0.7206081  0.5675277],[ 0.91689371  0.33023274 -0.22417015]
31,-346.7527520556616,165.37295028395326,178.93137711476152,8.737633531901839,6.786204248066358,9.000723337999952,9.946719575572422,2360.6541927761377,2360.509492499284,57.006857756651904,[-0.54529109 -0.29360866 -0.7851443 ],[-0.18224842 -0.87271922  0.45293121],[ 0.81819505 -0.39007066 -0.4223763 ]
13,-422.76513918974683,-224.7611205958409,11.10576250298888,7.8223643572513915,6.110663221173002,3.45364890983137,8.04076707526519,1727.1963982389102,1727.055280732128,24.441068928678625,[-0.23201953  0.39247855 -0.89001546],[-0.40857317  0.79103271  0.45534077],[ 0.88274283  0.46928439 -0.02317883]
4,-123.76882426122108,73.71797875563759,46.93140702534383,3.456207096913467,2.988660004619554,6.520263387292272,2.2151013759556406,303.3922988538429,303.09921327903317,15.364373123884107,[0.54142695 0.83191211 0.12156935],[ 0.19830878 -0.26688206  0.94310529],[-0.81702539  0.48651435  0.30947261]
4,-101.65621408413541,-46.826624501711194,106.35978820275315,2.8337448042137083,5.491091551922711,5.130218156638696,5.841774687358444,309.1293633866682,309.10285411549194,11.111179518418862,[-0.74805367  0.36927025 -0.55141199],[0.08672278 0.87816101 0.47043852],[-0.65794746 -0.30409328  0.68893571]
181,-137.82812281222363,111.2673112204688,164.62432285058725,21.16732117206507,20.200703640253927,21.850496517082334,31.459110098342922,3286.65581981696,3284.316870715894,251.01142467019636,[0.64764411 0.76149112 0.02623691],[ 0.50538569 -0.45508757  0.73313069],[-0.5702126   0.46154802  0.6795815 ]
4,-119.87061910630368,-6.289789600569318,15.38784707632137,9.227692000242335,0.6393601797841633,4.128999070334656,9.664254524292362,242.88191236634574,242.8037815663835,6.169517321290827,[-0.04798992  0.99825098  0.03452465],[-0.13037223  0.02800876 -0.99106942],[-0.99030301 -0.05206239  0.12880007]
12,-286.85284955385686,-198.906037788364,235.85278577494032,4.224310005499216,5.779804659100411,5.111616942865615,6.0030386205545865,1459.6048329559403,1459.5565187841798,22.328166204285527,[-0.36652637 -0.44214699 -0.81863573],[-0.63409943  0.76258849 -0.1279715 ],[ 0.6808644   0.47219152 -0.55987394]
52,-229.88360275509018,219.8887337523587,292.0901426344827,10.070651917436233,9.525537788210388,11.25846409832136,10.136847975843448,3116.119043254439,3115.966871757351,105.7985748212198,[-0.84637136 -0.33663412 -0.41271418],[ 0.01761307 -0.79218203  0.61003066],[ 0.5323019  -0.50904332 -0.67640934]
13,-245.59533023488214,-225.1166702412567,219.37503562685984,6.809087433013514,5.6648820507767494,6.082932222787805,4.85200919840207,1438.6096229634961,1438.516967437309,34.53751315054289,[-0.75991217  0.60978778 -0.22514965],[0.20827056 0.55651681 0.80430866],[-0.61575715 -0.56431189  0.54990474]
4,-148.58757162099116,73.13124303070006,64.81117208392584,4.043671971081431,5.573061753743357,3.312252406246747,4.792649717770405,355.9914453506677,355.8222391784415,11.96414929762408,[ 0.28844575 -0.23673315  0.92776962],[0.46790154 0.88023087 0.0791313 ],[-0.83538446  0.41127974  0.36466666]
60,-120.69141015599948,-118.76932708709313,31.44265904263417,15.95978515841265,11.212109402310885,16.647076413984102,18.15630275544896,1346.7797947549263,1343.5002977968356,139.43647787512066,[ 0.65260555 -0.72530049 -0.21919213],[ 0.28614838 -0.03194252  0.95765274],[ 0.70158756  0.68769097 -0.18669769]
7,-307.414996311497,65.04510650601794,353.6730235637028,3.617081728141485,2.813194244119679,4.453967449431401,5.332839204513829,1251.7980967878984,1251.782340828545,9.302499744402459,[-0.63548913 -0.63788405 -0.43503736],[ 0.41704771 -0.75775798  0.50187055],[ 0.64978825 -0.13750194 -0.74757504]
3,-291.0498496307429,12.975642351622009,258.80977413314696,0.6298905268750001,2.9191234583725807,3.568866181765211,1.9087710984324924,675.0130100633894,674.9804249582951,7.353908788088201,[-0.48015491 -0.71796622 -0.5039601 ],[ 0.46008048 -0.6952823   0.55218519],[ 0.74684484 -0.03327223 -0.66416544]
56,-308.84229242285284,149.43155829737034,323.9967770336602,12.989636471241536,13.47200494187852,8.976360599772462,7.580323563587488,3533.7810703036916,3532.787491238833,145.00722964151268,[ 0.40087699 -0.62452325  0.67027483],[0.64099063 0.7139318  0.28183753],[-0.65454461  0.31665771  0.68651238]
67,-363.69205160946467,-154.56655359007073,232.50213375649733,12.804987145083942,12.443958871910576,10.691611955620427,12.567327370373889,3756.070591673169,3755.1139529958673,136.26581794840547,[-0.5762873   0.68443974 -0.44658167],[0.1963218  0.64638574 0.73732165],[-0.79331626 -0.33723539  0.50687434]
3,-220.85621530239814,191.88714035671458,190.330744484534,2.8654770932954503,2.090320075438597,2.4275389111096675,2.5980515365325254,604.5855376078952,604.5624471336196,5.9180986975251955,[-0.18705186  0.57486889 -0.79657854],[0.75141358 0.60605    0.26092341],[ 0.63276317 -0.54975372 -0.54532707]
20,-345.40187362105775,-9.766180713995999,310.1486618468784,6.0331171607801455,10.8840688812227,10.759366162228838,7.218044756547037,2077.6673828036264,2076.86288279999,66.06686383533714,[-0.4856151  -0.66975321 -0.56179055],[-0.45932949  0.74228328 -0.48788517],[-0.74377039 -0.02112256  0.66810137]
6,-285.8954820858235,102.4113003923925,348.0523307548094,8.764936158153478,6.067086817064487,2.7124354528979513,6.287168085184632,1131.7507591912347,1131.5819788071394,22.15961618943987,[ 0.5343431  -0.58422366  0.61086837],[0.57552639 0.78075988 0.24327637],[-0.61906932  0.22157782  0.75342979]
4,-265.5259386090364,264.81693919372424,231.7048169198825,4.798406386583,5.384446485643093,0.3301673547247225,3.24123443656093,881.7411931304396,881.6668042564216,12.898944594221057,[ 0.43748866 -0.30228227  0.84689379],[ 0.66765904  0.74007555 -0.08074394],[-0.60235793  0.60076086  0.52559616]
146,-336.12098997235455,-163.79946260025662,156.23465428019102,21.730320772048014,20.189307293932956,11.17819615039948,17.703722105649867,4908.876669110486,4903.768778308018,317.32333232645925,[0.21012745 0.41256858 0.88635976],[-0.51691663  0.81640125 -0.25746107],[-0.82984556 -0.40407446  0.38481187]
115,-385.4570816778223,45.574645371253276,276.3964906406101,13.291846308631593,18.70643934085793,15.05507602070178,9.396014618250193,5116.125003870768,5113.054347279636,276.6094287908386,[0.48767919 0.66012192 0.57132132],[ 0.32816046 -0.74503482  0.58071838],[-0.80899921  0.0957192   0.57996389]
16,-103.32944002384541,-47.88086391752776,65.54371793783633,11.783132450174195,9.23984749031826,10.283565209521903,10.467531657602764,529.9144556827372,527.912481914407,59.62395651175014,[-0.39478811  0.91732603  0.0515297 ],[0.47358236 0.15511313 0.86698308],[ 0.78731322  0.36667817 -0.49566624]
44,-384.1515469654725,226.60556851724294,134.35410364420753,7.695464104555048,15.924044983503297,12.463342891392626,10.414354740170877,3092.5190258374378,3091.191083697602,125.41520848704444,[0.54780976 0.55980268 0.62171169],[-0.1413552  -0.67051848  0.72830191],[-0.82457454  0.48685308  0.28818555]
25,-298.9808394345556,-251.12876082885535,244.1476149749164,13.158098863196471,13.286712531414192,5.509719133397517,5.30427907803984,2304.420137026697,2302.8387365743297,93.51892077408861,[0.29579238 0.4611238  0.83658335],[-0.70070097  0.69996716 -0.13807293],[-0.64924959 -0.54535385  0.53015484]
2,-50.215264311072644,-39.152759036060885,36.02665554869709,1.2641946278129375,0.6609114703863561,1.7638008910023686,0.35268339045329355,103.5140300210844,103.46550960753595,3.169027115511874,[-0.56646751  0.81805773  0.09947917],[0.45597595 0.21058915 0.86471853],[-0.68644045 -0.53519506  0.49230657]
17,-294.3135668171876,74.30873672652628,310.57776496547774,6.493792833469248,9.853461420055284,9.017921351533776,5.289649344833964,1791.335261521423,1791.023655617118,57.26845729384845,[ 0.45537121 -0.66608053  0.59074003],[0.57749455 0.72598869 0.37341729],[-0.67759657  0.17110567  0.71525222]
29,-242.20039548280752,-46.509940887746716,54.366875523662635,14.644295204618787,6.1495068477081265,8.175873397995527,14.827507476192853,1363.2275626971775,1362.5424043285775,53.248958732122226,[-0.28283913  0.64914498 -0.70612522],[0.01059769 0.73825565 0.67443776],[-0.95910881 -0.1832741   0.21568702]
3,-163.98517446383335,36.218987846657036,138.73162453421162,1.0828241224262956,1.558827306493493,1.947104401911423,0.8956159438611008,377.31039997803225,377.30350147600024,4.448467423500353,[-0.16346512  0.89005018 -0.42554651],[0.63762708 0.42446404 0.64285456],[ 0.75280201 -0.16625568 -0.63690516]
6,-319.13314032888303,-32.252901237028645,161.0873107902955,6.08737414856397,6.811123278721755,5.021374000141048,7.039039581659097,879.5728682141155,879.3905155805802,18.7569285110586,[-0.45770737  0.18212791 -0.87024904],[0.00385161 0.97919149 0.20290191],[-0.88909456 -0.08951784  0.44888464]
18,-319.44542164043867,179.81062105776047,151.5378311662254,5.9449739150993075,19.021932352479222,5.7877011737274815,11.452585183071884,1685.086613429024,1683.7194202645828,73.14730067217872,[0.51192119 0.20668118 0.83379829],[-0.29981989 -0.86659948  0.39889019],[-0.80501225  0.45418965  0.38166351]
32,-250.545220122918,-251.9518866392502,15.109962311377483,9.897136763564628,11.253328367595238,9.300902231081544,4.773386917677847,2013.5856398182568,2012.6968801314256,96.00288367130142,[ 0.07352256 -0.01354778  0.99720153],[-0.70597373  0.7055509   0.06163613],[-0.70441147 -0.70852973  0.04230953]
4,-161.27421503828407,-36.35079409686374,48.72271766701655,2.817112656177528,3.0028754994747726,3.1755201160083,2.2678059414389375,344.8486145534474,344.74027313588834,9.33395409558263,[-0.32661732  0.82061995 -0.46893925],[0.1327679  0.53106544 0.83686449],[-0.93578513 -0.21107436  0.28240716]
6,-232.0263529304797,23.166791928881153,77.77688018376388,7.133081625841969,4.551373193288906,2.973082644979063,7.434938339016418,602.5016051238659,602.3888915074957,12.276872443364438,[0.31809174 0.51656615 0.79496985],[ 0.0882905  -0.85101935  0.51765902],[-0.94393985  0.09447477  0.3163101 ]
17,-281.76962040217836,57.79302242463928,161.01837302417903,11.172130233571727,13.54200990308554,5.446102570723353,8.984058557700607,1361.1439838639767,1359.7385057671297,66.04483217646829,[ 0.43304905 -0.27806056  0.85740938],[-0.2853349  -0.94459917 -0.16222329],[-0.85501609  0.17439817  0.48839816]
7,-326.79514490052014,216.57116400090231,12.598126627639916,4.387473833359518,6.345783449647459,6.666920549153256,6.572126303758906,1038.0781149668596,1037.9875656241954,20.66531865465105,[ 0.54026472  0.82478514 -0.16686376],[0.11874106 0.12158889 0.98545254],[-0.83307539  0.55221881  0.03224568]
9,-164.9356512821102,-187.10341994440535,215.79305363870196,3.904600233622116,3.465850575533204,7.543981029074718,7.622751889328025,989.8143852468073,989.7244342555384,15.293653052716579,[-0.68305247  0.72283938  0.10460665],[0.53237285 0.39469725 0.74886129],[-0.50001847 -0.56720129  0.65441899]
13,-382.728103138022,154.21472191072374,156.06705805314448,9.862232519074123,5.07799781299547,6.90228177936561,11.96987849813203,1591.2809238266684,1591.233249412035,18.903601029449305,[ 0.3477154   0.93489771 -0.07113562],[ 0.35568944 -0.06133115  0.93258968],[ 0.86751312 -0.34957798 -0.35385903]
2,-290.76771031016705,-79.87541204028739,76.55876538574101,3.428603901618203,1.8405075266488566,2.699517564662699,2.067408350566211,440.02185753156306,439.98059763150775,6.025679492679629,[-0.05636587  0.79015488  0.61030988],[-0.35105535  0.55656322 -0.75299237],[-0.93465664 -0.25669562  0.24601693]
34,-441.07455579099167,-70.39387821993768,100.66186639074722,9.75335740379961,11.143793658946162,15.933791771184723,8.069082963843229,2672.378556958607,2670.5566880931037,117.7652526401465,[-0.22712712  0.90371092 -0.36293229],[0.14237411 0.39948082 0.9056184 ],[-0.96340172 -0.15401834  0.21939797]
12,-244.7878237789818,-154.28755122071286,48.47142427410777,7.0011804877577966,9.452274162523478,4.927511569378856,10.155018021180739,1017.1799316442979,1017.02764536091,26.610504669796107,[-0.05560836  0.37835373  0.92398927],[-0.5487959   0.76151221 -0.34485101],[-0.83410477 -0.52625812  0.16529253]
56,-203.92687831123612,64.58284803479853,83.68788275026544,10.740069792560025,14.975121515247762,9.292744341560443,11.29092058057353,1724.5467077192034,1722.2340019675892,129.47255632698878,[0.45940918 0.49700302 0.73615977],[-0.02762679 -0.82040253  0.5711186 ],[-0.887795    0.28271486  0.36316985]
27,-419.4796045074682,-89.32141925230918,221.0053500297047,9.265244178788773,7.961389142199004,14.135548989423349,6.966618179900858,2508.6657409186423,2507.523785966402,90.27282839136909,[-0.01392777  0.93597589  0.35178851],[-0.49391824  0.29946315 -0.8163128 ],[-0.8693968  -0.18512418  0.45812471]
6,-216.50083345476082,136.6331513660578,174.7344383706362,6.227229982349097,1.4717134923287125,2.914244327064254,5.533338207506416,759.4200372045202,759.3688052129964,10.66326902304776,[-0.37308625  0.44791634 -0.81251314],[0.61052483 0.77794634 0.14852247],[ 0.69861726 -0.44064775 -0.56370513]
2,-212.39200499099346,-211.0980138781594,290.93722615535785,4.922148841161004,1.2127609984280099,1.78353629368209,4.359820034284553,590.5016243001137,590.484910888974,4.442782181559601,[0.01804047 0.80294972 0.59577369],[ 0.86071048 -0.31568541  0.39939979],[ 0.50877501  0.50558329 -0.69680235]
3,-306.0616067743837,357.64168457223917,117.01902675091254,0.4769161902989037,0.6686885727477742,1.7158243353476077,0.028929583351585048,840.1392627313415,840.134086499791,3.2944860541671654,[-0.77578356 -0.60118371 -0.19167164],[ 0.00371119 -0.30810085  0.95134646],[ 0.63098819 -0.73732761 -0.24125068]
38,-222.89637268926688,155.28904396730235,311.1851217045862,11.517396450063849,9.560619092316903,13.499331302902084,17.017605168248338,2549.244443876965,2548.7074309440745,66.92710863601947,[ 0.69853594 -0.2995988   0.64983698],[-0.46987703 -0.87696022  0.10077875],[-0.53968798  0.37574105  0.75336282]
9,-150.1339836499568,102.17018192837241,94.58894528892243,6.9781272390673585,3.7539166855639046,8.854546952439346,4.7342489251209035,615.083541522335,614.6526888522833,32.927378276877654,[-0.47590322 -0.86195092  0.17480484],[ 0.48546093 -0.09171176  0.86943467],[-0.73337836  0.49862767  0.46208942]
22,-360.15349968471634,129.0019425888177,219.78460110759698,6.51143627273831,12.2117208727953,10.996163870762055,11.817353855286465,2070.792482063543,2070.4325805098906,61.6172704770076,[ 0.39566952 -0.34564749  0.85086629],[0.42131312 0.89154632 0.16625407],[-0.81605201  0.29269946  0.49838352]
10,-475.51467154151044,12.403429380643876,62.44502186827956,9.196293453997578,4.517981626978923,5.4373426043474895,8.891993794621872,1517.5164930451729,1517.440959864544,23.583327455746158,[ 0.02867129 -0.91573074  0.40076823],[-0.12946135 -0.40095803 -0.90690265],[ 0.99116987 -0.02588193 -0.13004772]
33,-294.7261148338672,-162.10719382501588,275.4653951398104,10.015178396885197,10.373822658532186,9.819349882580171,13.002347302673337,2499.2404696281187,2498.991366102204,66.86280589810754,[-0.64958827  0.70745702 -0.2784594 ],[0.34429654 0.60027519 0.72189305],[-0.67786058 -0.37306065  0.63350673]
102,-330.5872068625802,-84.66575696117309,189.84868818877712,13.683233516298301,8.557469837763922,28.776391841601196,19.577712130142007,3957.3073278444635,3949.815394840735,265.4763666295019,[-0.25361752  0.96725299 -0.00999061],[0.46969114 0.13217072 0.87288094],[ 0.84561716  0.2166854  -0.48783097]
8,-406.372301485014,218.12910385869856,45.510232251962286,6.285439391821816,8.915841031085009,5.84344572240155,3.0736635586553893,1311.2253960915618,1310.9648851205325,33.886598104563106,[-0.05098279 -0.29405328  0.95442832],[0.47805477 0.83188508 0.28183479],[-0.87684913  0.47063773  0.09816175]
121,-300.24064855983124,188.35434221226558,215.41660071909058,18.734782105329533,17.242956776344332,15.953743358515146,22.196436784117566,4572.69806693109,4570.567835757027,221.69373972936887,[-0.28614922 -0.88221554  0.37391759],[0.6279195  0.12211182 0.76863893],[-0.72376497  0.45473557  0.51901814]
19,-378.9217453958034,92.45366886887167,78.96877246425255,7.851205629271866,8.21672433170191,6.311972201162336,7.9668205420422655,1735.488844577844,1735.0419020243498,44.90614214045942,[ 0.01057702 -0.62377543  0.78153205],[0.30539512 0.74624739 0.59148005],[-0.95216697  0.23241998  0.19839105]
2,-328.1965875255747,73.60655825495027,303.69583153813414,3.7997698193060216,1.8627984429653353,0.5894107865611602,2.659386300691949,640.9061386022208,640.8886903058815,4.7291792121933005,[0.4019355  0.88912658 0.21886475],[ 0.56027658 -0.42786165  0.70924224],[ 0.72424996 -0.16244484 -0.67012959]
10,-218.99798355738943,-97.86115266216046,272.7173512370096,6.855423067614346,7.103612764345753,3.4180050842781675,5.745523615010329,1148.9667167923474,1148.7116055731776,27.449267036849026,[-0.64424678 -0.39054532 -0.65758683],[-0.47036598  0.88029167 -0.06198729],[-0.60307705 -0.26937136  0.75082431]
9,-174.82605911709572,152.2670279289363,104.71067244121838,7.242165853419503,4.9711462569963025,3.1365846743487733,5.852470886195275,763.6377361542858,763.4149750209814,21.63329446859206,[ 0.36457908 -0.20580369  0.90814478],[ 0.62810642  0.7743405  -0.07667536],[-0.68743321  0.5983658   0.41157497]
4,-220.07257871890738,-184.9839039875694,74.30231603354095,2.468497443979859,5.729147691308051,5.666501238821916,3.0508451379147696,594.0579073414256,593.9634302420178,15.665360038568107,[-0.23531304  0.59015735  0.77223188],[-0.62891927  0.51331176 -0.58392773],[-0.74100494 -0.62307732  0.25037237]
2,-332.5478367462291,-147.1290525844523,104.42000829203084,1.586261219605717,1.2375624389850657,1.0443488666906688,1.5872975631573638,535.0583116272576,535.0534171023556,2.2885996818490066,[ 0.46202533 -0.83776839  0.29099264],[0.11804395 0.38328576 0.91605548],[ 0.87897567  0.38889092 -0.27598122]
21,-253.1114786526212,-148.8335158764079,218.29624443861047,6.921216152297265,8.025734477586475,8.781544229804481,5.719967119418742,1677.7292472469478,1677.0286163720762,57.439803157133895,[0.14707829 0.72964241 0.66782478],[-0.70715461  0.5496405  -0.44477824],[-0.69159261 -0.40683814  0.59681017]
26,-187.2028089983539,-65.89337500888459,220.0937739665396,7.58789630229873,10.354053322111433,6.6386404028535795,8.009100860979826,1512.533273796638,1512.0869915739036,61.298709524077715,[-0.61055457 -0.4472782  -0.65357886],[-0.47780199  0.86617878 -0.14642258],[-0.63160777 -0.2228823   0.74255983]
21,-236.909462908607,-260.4398534169825,238.31109734677432,11.436835264116715,7.0798772541411745,14.596428256927513,10.149218766648993,1950.0140737146946,1949.1826809396111,77.85367220904847,[-0.69306209  0.71498736  0.09196744],[0.45720263 0.3373338  0.8229044 ],[-0.55734252 -0.6123716   0.56068738]
3,-244.3763705333641,-70.70883915457644,89.20504260705697,2.4298744897140505,5.373799702461643,0.8007684203864474,1.1872795714145503,467.05178724739454,466.9431217728904,10.091022500060397,[-0.33405243 -0.03383711 -0.94194693],[-0.2581884   0.96441635  0.05691977],[-0.90650302 -0.26221396  0.33090198]
45,-36.81382223848489,-6.34637457347402,29.883048222816978,16.5455351087846,12.005042927107343,19.430069037719463,23.071566875343773,370.5463943937276,360.3634720293443,101.91952902746247,[-0.62619092  0.38734487 -0.67664531],[0.21097398 0.91966522 0.33121875],[-0.75058305 -0.06465162  0.6576057 ]
5,-470.6628308769635,-113.4944903005935,27.15053712237643,5.857672164294946,5.354172481975647,4.894457411347997,4.404580150977808,1084.4624283001447,1084.3846962129173,18.3558671007638,[ 0.07034769 -0.49848243 -0.86404078],[-0.23002174  0.83473693 -0.50030416],[ 0.97063958  0.23394341 -0.05593998]
3,-321.25867952065124,191.57423267504484,302.49634099649967,2.964097772020879,2.408245876126777,4.1632077446381315,1.1343089043860348,833.2628891243073,833.2128673166009,9.589313497562877,[0.52468362 0.85110262 0.0182054 ],[ 0.52793891 -0.34208879  0.7773389 ],[ 0.66782303 -0.39824565 -0.62881857]
39,-441.0786489311115,-139.48240991422574,99.16701934288632,5.126297734365131,9.754693838991642,10.943709700088394,5.195247199861465,2955.590916855929,2955.4091856494983,91.42137961988419,[ 0.29197327 -0.95534943 -0.04537708],[0.21365593 0.01890496 0.97672603],[ 0.93225681  0.29487297 -0.20963581]
3,-169.87548147360593,-19.674419990366943,84.71511449666063,1.1004626701841829,3.3983636360459046,2.5123141391391726,2.2442653263294723,330.62494697790095,330.587257704666,6.489604478968227,[-0.39362525 -0.31704634 -0.86286776],[-0.22986191  0.9427718  -0.24154674],[-0.89006891 -0.10326154  0.44397567]
2,-321.16010711265807,71.1814246049932,84.69738391328235,1.0204964260155975,0.9687580343674256,0.5425419322272589,1.3031315684427796,480.3884484622776,480.38724924795054,1.0733946067548583,[-0.16845836  0.34058096 -0.92500075],[0.27876596 0.91656367 0.28670644],[ 0.94546884 -0.20956062 -0.24934519]
13,-366.89032418649947,213.84992085125455,8.837295763569175,6.103555286039806,10.60879578441421,3.5666742609322,8.932822726046146,1532.117780329243,1531.8704824807405,33.042212310928456,[0.04383992 0.03400896 0.99845954],[ 0.50220017  0.86321932 -0.05145287],[-0.86363942  0.50368224  0.02076416]
3,-280.34826056505096,-76.09514214754368,257.5579303238937,0.3681105584248416,4.907085041660141,1.8881419021462313,2.0619495005894004,672.4901927297864,672.4456067949122,8.411836640233002,[-0.65604536 -0.11017804 -0.74663598],[-0.21948002  0.97438247  0.04906446],[-0.72210318 -0.19606019  0.66342098]
4,-445.8477223839414,-186.8974349238377,17.216264877749758,2.0791604571836184,2.9265664018658684,7.175882740304002,1.7383705393289028,967.6118812195878,967.4991881494312,15.670235792260192,[-0.35188649  0.87100917  0.34281033],[ 0.16344727 -0.30343139  0.9387302 ],[-0.92166202 -0.38635789  0.03559066]
2,-279.0772000288284,8.936528928472047,128.21993574398314,3.7828675051457594,0.5783124199184737,1.7962659559801182,4.168741942326278,434.5622352451083,434.56110189052947,0.9924842133068108,[-0.41829169 -0.07539083 -0.90517859],[ 0.0051622  -0.99673069  0.08063055],[ 0.90829809 -0.02905438 -0.41731335]
11,-71.61226884934693,73.92728148433417,48.192470705340384,4.888003479011067,4.16280519317476,8.117689252121476,4.559822051938879,378.3139209517505,377.4010852912904,30.939230479425955,[-0.5775294  -0.75753483  0.30430374],[ 0.51966986 -0.053662    0.85268026],[ 0.62960545 -0.6505854  -0.42465941]
2,-448.103615644211,-90.58017779970879,50.08515324874617,6.085117006553246,0.14441193135537134,0.9345651013220291,6.059207701079373,650.458399062246,650.4565411419505,1.554669183412928,[-0.15311858  0.2254805  -0.96213993],[-0.16491213  0.95413783  0.24984992],[ 0.97435039  0.19692521 -0.10891176]
5,-270.0759495819775,-208.86072005584452,8.639294712360678,5.3315369598159155,4.72214400457282,4.482311313075586,5.748259219740655,763.852140781487,763.8287639332663,13.72006713273784,[ 0.5738754  -0.72659323  0.3777953 ],[-0.21282144  0.31315357  0.9255495 ],[ 0.79080595  0.61155303 -0.02507651]
4,-213.7951358247894,-185.9514980422989,190.4189812222304,5.2979792756780055,5.245461747197209,3.4289165376651436,1.8087075138361508,682.9411574567021,682.8175332711385,15.999505454541877,[0.51518556 0.24786231 0.82045604],[-0.58510041  0.80121459  0.12535026],[-0.62629175 -0.54462781  0.55779853]
3,-223.28500084533258,175.50779519417983,178.005776437657,4.507192393067313,2.6503894571408,4.072259897645836,1.8412764851810022,580.654478521424,580.5636314998713,11.008522678671046,[-0.23485969 -0.82312214  0.51702116],[0.70786098 0.21969644 0.67131684],[-0.66616346  0.52364437  0.53105821]
2,-137.96703845203766,-101.84334066592655,30.922242984094762,0.1616396193169578,0.0674924049352228,1.1100871003613157,0.36441719520369986,246.4322130905415,246.42762693402713,1.5034401770706929,[ 0.59903481 -0.79979212  0.03859865],[0.11938066 0.13687291 0.98336873],[ 0.79177368  0.58446417 -0.17747135]
3,-178.39027834540215,169.7430153122149,227.09555460143386,1.195067353815376,0.3901806830928664,5.466908211306016,4.208620103794365,580.2728907340355,580.241580800207,6.397399053989025,[-0.74876056 -0.65552537 -0.09820444],[ 0.39472021 -0.55998743  0.72842984],[ 0.5324975  -0.50665625 -0.67804562]
12,-253.58802225708214,137.36571367945533,216.23182956263318,4.590027640034566,8.56942602475939,6.884064360614785,5.004343825024838,1249.2052683601476,1248.9458304809891,37.47322849326035,[0.7061429  0.47054652 0.52910129],[ 0.08058765 -0.79579825  0.60017563],[-0.70346843  0.38117073  0.59986752]
2,-312.13343482278555,-111.48376302086602,323.1955165228135,0.2502645746277494,3.205757506336653,0.2858685385160413,0.8028228744319108,654.7085972955892,654.693664297107,4.421911575880869,[0.69376002 0.11752239 0.71055297],[-0.25316906  0.96342602  0.08783925],[ 0.67424214  0.24082939 -0.69813948]
9,-287.44728866976334,144.0138072821646,364.63336552824717,5.832427271356144,5.309643577023356,3.746087252101199,2.570873514006136,1458.5751502765982,1458.4671928134953,25.015149218509297,[ 0.3390639  -0.75256216  0.56452269],[0.73170873 0.58812437 0.34454618],[-0.59130197  0.29624301  0.75006804]
4,-92.1436101718373,-83.92848421400225,145.51081922017374,4.338969606610525,4.184248149769941,5.515065684942098,7.469652449525607,383.53229680601055,383.47681987132677,6.721695280688677,[-0.6507049  -0.40216165 -0.64408784],[-0.58756174  0.80397768  0.0916029 ],[-0.48099307 -0.43804782  0.75944701]
13,-354.15627217304916,255.12215212181093,201.22848917408612,3.677080294401403,7.60965927708978,6.050990957194765,4.915198923071949,1733.2524634450908,1733.127877067667,33.04095309785102,[ 0.25416856 -0.35642104  0.89908975],[0.62653542 0.76886395 0.12767767],[-0.73678471  0.53085993  0.41873145]
16,-381.98154935086745,-43.608538855997,165.65960238186676,5.021952055871247,11.723414930042587,3.565175292827109,4.2771083981617295,1675.2810742899212,1674.721330660809,50.04392886894306,[-0.40866822  0.18537369 -0.89365927],[-0.01989638  0.97711407  0.21178346],[-0.91246612 -0.10432975  0.3956272 ]
20,-359.9531884955532,-236.74762825125725,39.2114598714126,9.042539126798543,5.9377509052043616,5.169993682218616,9.290841763194086,1935.3880113606917,1935.2005608850418,33.95884337984061,[-0.38979872  0.46056105 -0.79745876],[-0.39457046  0.69891589  0.59651549],[ 0.8320884   0.54717465 -0.09071274]
5,-319.43801828350814,268.8044652387263,93.14652339604694,5.391112048092622,3.419515011624542,5.1501818456417725,6.40876416510371,956.6520050773635,956.6005132754714,11.525771675804986,[-0.62995046 -0.77335899  0.07126218],[ 0.21321044 -0.08397923  0.97339036],[ 0.74679564 -0.62838155 -0.21779096]
16,-299.1720091720667,-34.39004901872945,122.8330041228093,10.279490914545434,7.448333164765515,5.900095696948222,7.82984842250261,1301.9159914301972,1301.5128241523928,46.19702832405732,[0.19791915 0.70632479 0.67965675],[-0.33804363  0.70001931 -0.62904648],[-0.92008397 -0.10525329  0.37731582]
2,-240.5737762581012,259.3635074935811,5.004247209180759,0.19566040012237806,2.6133627514569753,0.04990611683509005,2.048152736571467,500.35404219626287,500.3486952946905,2.3131491608943273,[0.04496658 0.022439   0.99873645],[-0.73186633 -0.6797398   0.04822314],[ 0.679963   -0.73311001 -0.01414323]
28,-366.6355605140183,-160.62438464975662,44.83966492219721,8.203267152586738,12.011425905472459,8.908676208818532,9.354626973985164,2132.7776249833883,2132.347298839163,75.24951696574777,[ 0.21803899 -0.23263222  0.94780866],[-0.35220041  0.88697224  0.29872247],[-0.91017244 -0.39895174  0.11146137]
26,-388.84271513189776,-266.30534619118373,97.93239606347589,3.9434367399050276,8.848514180342018,14.802617386590693,6.855980481130489,2455.8451309865795,2455.003292951324,82.89152730235226,[-0.49889941  0.82544261  0.26409066],[ 0.314287   -0.11166221  0.94273816],[-0.80766519 -0.55333177  0.20371767]
