N,MEAN_X,MEAN_Y,MEAN_Z,SIGMA_X,SIGMA_Y,SIGMA_Z,SIGMA_R,LAMBDA_1,LAMBDA_2,LAMBDA_3,EIGEN_1,EIGEN_2,EIGEN_3
5,-361.9817401046277,258.9667440720485,52.868288770213454,4.383785666977942,3.4184698159327884,4.021027653489704,3.3367650694986537,1002.3199899603561,1002.268346498929,13.402526331570817,[ 0.27441858  0.54532954 -0.79202913],[0.52194212 0.60729345 0.59897503],[ 0.80763288 -0.57776324 -0.11797785]
4,-255.8920432637967,252.8052715260195,232.87566068301558,2.839127958628529,4.73043023873587,2.1759947099949506,3.3250774249712096,857.1007721214964,857.0539177298892,9.836703909804996,[-0.23279454  0.52087115 -0.82127946],[0.76762635 0.61691733 0.1736744 ],[ 0.59712351 -0.5900053  -0.5434494 ]
39,-443.2235911952698,-71.20942037518823,100.8792283954367,9.890564931438613,11.237480935928637,16.49442838583586,8.310119887356409,2876.3887512944584,2874.1261743220693,129.08462054817693,[-0.23248774  0.88949571 -0.39337875],[0.13363765 0.42983998 0.89296056],[-0.9633745  -0.15503217  0.21880264]
124,-314.8715884778506,178.93811946138123,203.12405665030067,21.888963863495338,16.055007143698557,21.065477336496336,15.419714788745019,4638.405281341869,4628.2543744920495,343.5120643895719,[-0.0833693  -0.80822161  0.58294716],[0.64661003 0.40124009 0.64876949],[-0.7582513   0.43102694  0.48915309]
34,-367.28330787673633,-159.7987708585887,47.68716628192915,10.508218001078673,13.113569096425989,6.218170343625834,10.171514136755777,2354.102704935532,2353.034506697836,85.55197299594441,[ 0.16869418 -0.09490765  0.98108859],[-0.37747421  0.91325108  0.1532504 ],[-0.91052485 -0.39618809  0.11823495]
80,-246.34769963935946,-140.3402833343108,310.7677077805748,13.012701109285167,9.779088805162765,24.01477477445143,23.568654829119474,3770.4817754856276,3769.4880625390624,150.1951333709656,[-0.40330676  0.91051378  0.09114994],[-0.70365941 -0.24491011 -0.66699511],[-0.5849847  -0.33314215  0.73946549]
274,-330.9676456856313,-49.61994625218925,218.57570025370325,19.213052724129206,32.37578490663722,30.299208926493925,20.065335152401463,6658.010812803035,6631.460626339778,729.5446341128899,[-0.48420935  0.65116232 -0.58440478],[0.28395953 0.7487261  0.5989793 ],[-0.82759186 -0.12408407  0.54744393]
25,-383.3503120225252,240.18718699914788,129.83269765540422,7.4827163945670785,10.936404940506115,8.131730830054124,8.916280899251372,2354.331929060565,2353.797969249603,63.530585553476584,[-0.12224394 -0.61566585  0.77846771],[0.56725934 0.60027398 0.56381556],[-0.8144159   0.51051611  0.27586234]
147,-210.168362859681,-109.94522846808016,146.59370285593042,17.889112807056154,20.357448967096992,21.642172969559525,24.037909224490114,3403.485694605914,3396.576177304612,302.0251853791164,[0.21472904 0.60996129 0.7627835 ],[-0.62315662  0.68693781 -0.37388806],[-0.75204207 -0.39504896  0.52760691]
170,-248.27310330842764,-208.382108776428,313.0107578426674,22.44875488852261,27.7013342448995,25.521609942203177,33.76748177281606,5900.572995377357,5893.448140391093,370.48500689061535,[-7.83300324e-01 -2.50329600e-04 -6.21643418e-01],[-0.28771399  0.88659403  0.36217632],[-0.55105468 -0.46254834  0.69454141]
53,-318.3100178932933,-313.8842695387571,60.5892851719691,10.945597003347224,21.42371583085613,8.50820183716448,18.302807418657324,3289.0222351045245,3287.4012513497487,130.42331488034026,[ 0.40181693 -0.23700221  0.88451858],[-0.58428733  0.67739194  0.4469323 ],[-0.70508969 -0.69639796  0.13371016]
12,-194.78213800887605,149.1140394839657,204.21430621877252,4.665604120762613,10.426095062360023,7.373333569683203,6.9958449261876625,1106.6212296495964,1106.020345917918,40.373351198319,[ 0.32449476 -0.58939282  0.73981028],[0.72312463 0.65876569 0.20765002],[-0.60974906  0.46759369  0.63997048]
226,-307.98587231552943,-258.2585645924362,171.03967942828024,23.92424484192851,22.856308131638894,24.495584839891425,31.318243947692835,6590.839338092114,6588.668188438186,401.5831274276704,[-0.31880496  0.75789812  0.56916942],[-0.63390231  0.27594685 -0.72251035],[-0.70464974 -0.59113769  0.39246015]
86,-172.04581150244383,61.01076221490006,45.82490040779371,11.964542127083135,32.604821529690334,16.93331196050472,17.527754453955527,1776.0718947584999,1758.9700435863751,317.75102225852345,[-0.35392444 -0.34148801 -0.87070284],[-0.21107416 -0.87777866  0.43006083],[ 0.91114499 -0.33599191 -0.23858802]
219,-287.370861934578,228.25306463730243,278.05316818468725,25.723417787992297,17.81611329755112,15.70768220689511,18.019411796839066,6827.914407484874,6824.712064306999,440.03914077258185,[-0.53760564 -0.83347675  0.12765847],[ 0.56588599 -0.24440003  0.78742725],[-0.62510257  0.49556547  0.60304365]
10,-155.44487594134586,167.81998438067006,213.34939912781743,4.395956900285239,2.878653960289544,5.636325519774543,3.2325222036503303,989.407567095498,989.2726345197946,22.189191705983074,[ 0.64109458  0.75670337 -0.12805367],[ 0.58485213 -0.37366532  0.71994598],[-0.49693633  0.53644593  0.68211439]
27,-413.19507734380426,-32.357424717408115,248.91517941535383,7.166513086002277,15.72709324186562,16.307202899289376,4.646277331080708,2514.7111793677204,2512.7299253674787,121.02316307022859,[-0.38845691  0.74039647 -0.54855656],[0.34467082 0.66884343 0.65867328],[-0.85457782 -0.06679475  0.51500991]
191,-379.2321535774712,124.59894568911483,201.42471376527573,25.622506263863894,19.91226865137708,30.855578051502597,19.590383296896412,6206.817034160343,6188.679687457017,555.6008185743572,[-0.06526529 -0.89870391  0.43367237],[0.52573412 0.33842057 0.78043267],[-0.84814154  0.27893152  0.4503922 ]
23,-298.22074781906247,-163.96966462854786,276.6468843022856,5.2753768729181,11.974073432987504,7.53642023279738,10.488867771845873,2104.5154655676347,2104.0768626358995,51.971273544465284,[-0.54295454 -0.32143297 -0.77581003],[-0.49307572  0.8698516  -0.01531468],[-0.67976224 -0.37421791  0.63078067]
11,-317.467773254002,-25.923101449718242,164.35872181894476,7.587243834086283,3.467972364033461,6.473693178457108,9.349475380349741,1189.2441761202326,1189.2288037110507,16.15619652016892,[0.01493876 0.98281755 0.18397416],[ 0.46409985 -0.16978982  0.86935766],[ 0.88565691  0.07239525 -0.45866192]
117,-245.5733594339931,10.133104441339079,16.818428677939316,11.63277670824437,25.837628843494702,9.275717856835543,12.075920515735305,2682.4046224835347,2669.8071117472227,294.5042139946784,[0.0693964  0.01656994 0.99745154],[-0.04182164 -0.9989347   0.01950427],[ 0.99671214 -0.04306859 -0.06862949]
119,-339.22865607950064,-170.7408699592403,156.47188511516086,22.799647461421586,19.191330742232385,11.738192072455933,24.222264998903075,4492.400686233743,4490.425567086258,228.10699804342855,[0.30184188 0.24352754 0.9217298 ],[-0.4760006   0.876188   -0.07561759],[-0.82602355 -0.41591938  0.38038948]
60,-309.55142386370414,147.53404417777128,332.39870361592693,17.075801997099685,12.454784269695887,16.58489257852333,7.363394371034731,3703.6738321700614,3701.1329695259087,200.74772920045973,[-0.10486381 -0.94157674  0.32005755],[0.75427114 0.1344441  0.64265063],[-0.64813473  0.30880097  0.69610584]
7,-318.1551135794569,-178.53687013901813,321.124207807563,3.3438762356249936,4.010194824524262,3.5157846618757542,2.6445781791058094,1285.9964290715072,1285.925118097866,15.111907169518682,[ 0.65679713 -0.70911093  0.25647459],[0.37429122 0.60183832 0.70547623],[ 0.65461714  0.36735858 -0.66069968]
24,-317.2360693591678,187.3835112131774,150.04927143176417,8.985684939817396,17.68297241086033,8.950657460634448,13.318665758071063,1951.6090749395069,1950.2852991885422,84.33038360472698,[ 0.16600934 -0.42936816  0.88774089],[0.58078488 0.77010668 0.2638648 ],[-0.79695033  0.47178246  0.37721543]
7,-334.44710161560573,-15.133552431666322,315.63565580824394,4.968575293385169,4.678396491002842,2.130872593420997,3.5778031057771766,1217.4811408665912,1217.4251814213249,16.36403027779608,[ 0.54869796 -0.62851311  0.55127291],[0.41296735 0.77710103 0.47494416],[ 0.72690338  0.03294318 -0.68594914]
3,-293.511921292482,274.56916111387335,116.27553849154428,2.192141056728377,4.277604971879413,3.067421740364029,5.1066848236407845,724.7551002017125,724.7419018189009,4.374176385201861,[ 0.33606763  0.64849826 -0.68301432],[0.62848958 0.38570297 0.67545101],[ 0.70146946 -0.6562646  -0.27795211]
2,-271.77350357641217,-223.03605554844057,252.11301388061045,4.439145825442296,4.6196291028761465,0.5056677144421258,0.11235426341184507,611.8957325840983,611.8282499489894,9.087360397143394,[0.37838298 0.45201988 0.80777741],[-0.67985107  0.72794343 -0.0888869 ],[-0.62819491 -0.51553505  0.5827476 ]
27,-27.81055540402506,-15.97680766839295,10.231783820876247,9.141817923981668,5.906871711020645,6.599392899523741,7.960623592048145,183.7491834049084,182.8650443631696,52.418628227689496,[ 0.40891839 -0.88370075 -0.22772514],[ 0.3565828  -0.07497546  0.93125044],[ 0.84002051  0.4620083  -0.28445365]
50,-94.26728632794168,-81.69352287496356,92.20865091094863,5.913028442365953,20.354855806647116,12.45240472165981,11.776096308580103,1109.2543488016563,1101.6145076281148,150.6444025757223,[-0.7816241   0.25650658 -0.56856674],[-0.14981859  0.80764164  0.57032392],[-0.60549001 -0.53096079  0.59284272]
30,-251.25296162781981,146.80396069273263,217.7510095693503,5.683030630914004,16.229800108164664,13.842278060772001,12.221012722284582,1993.8822707313168,1992.3007084510632,100.53575693909197,[ 0.27929682 -0.61544601  0.73703425],[0.66734704 0.6763111  0.31185127],[-0.69039207  0.40475856  0.59960762]
8,-146.26078688117533,3.9748816660113,79.71676724065628,6.903863006862076,4.251528620658565,6.110783379308808,5.84245512280652,472.071510193023,471.6462764331538,23.495833034890577,[ 0.18569807 -0.90387541  0.38539001],[0.44117923 0.42715174 0.78924158],[-0.87799608  0.02346543  0.47809231]
18,-464.98299954216054,-117.4598508481666,26.967575433434224,7.001222839678733,9.731466636498682,8.764262945448476,5.951180780220774,2038.7795937140456,2038.2293565659284,57.751236781264225,[-0.18670974  0.552335   -0.81244417],[-0.16745451  0.79699179  0.58031291],[-0.96803846 -0.24439751  0.05631514]
90,-385.1411261879144,41.37169906572036,278.52946438475016,10.597189460567122,21.821427049596647,13.966669032134812,10.038334514586882,4532.773574044082,4528.322515608815,248.21508548380058,[0.55726441 0.43794177 0.70545261],[ 0.19452682 -0.89481318  0.40183166],[-0.80722716  0.08669703  0.58383896]
61,-376.00455965743856,165.28853311201615,25.65770116752589,9.005847331791884,21.216048211902535,11.64715499188448,15.061016181747533,3219.1944258148933,3217.6523424797338,162.91671275171637,[ 0.03287529 -0.07949994  0.99629262],[0.40629745 0.91181124 0.05935183],[-0.91314927  0.40283994  0.06227668]
2,-263.2006633067064,-132.2478708587789,192.70434411538395,1.3181029792489767,2.2993467660426745,0.6758670033608638,0.4917124173263687,497.8082641739318,497.7937214591367,3.8050960206610576,[0.56223136 0.08036894 0.82306545],[-0.35322661  0.92324914  0.15113565],[ 0.74774786  0.37570182 -0.54746807]
29,-293.9935593391081,-255.50469905791888,248.15886703954527,12.296065232527381,17.953689630428084,6.676389782434586,7.118242543743044,2489.9401401213595,2487.5920882827377,115.75625863198108,[0.44656792 0.30368754 0.84163589],[-0.62895608  0.77557213  0.0538713 ],[-0.6363893  -0.55340921  0.53735176]
62,-208.83988719324455,60.60184973414611,84.42387938466945,11.9463775729763,14.02699359841204,11.369961061747098,13.268904974236637,1842.9322988122465,1841.4606483471543,134.51105228740062,[0.4170945  0.20105033 0.88634696],[-0.15781414 -0.94439076  0.28848013],[-0.89505691  0.26020156  0.36217161]
27,-433.345272703722,133.04617015816316,67.3978900719747,11.860031597252588,12.00603369207018,9.134548329100426,14.90513433340502,2383.050803297111,2383.0092007068038,62.79341090672078,[-0.17988579 -0.08880786 -0.97967049],[ 0.27177421  0.95266535 -0.13626265],[ 0.94539932 -0.29076089 -0.14723527]
45,-239.2142750834059,116.99148320762265,15.954588980352916,14.636219567763344,10.207607896904971,8.426779694534874,12.542795814298927,1793.7773414498395,1792.117942293555,102.84285644324044,[0.19988528 0.28053543 0.93880016],[ 0.39384727  0.8543205  -0.33914719],[-0.89717903  0.43753441  0.06027798]
28,-427.5018617532126,185.32437438834617,37.54370614685604,9.956488526061818,13.71585340191086,8.764234779938908,8.043944950496005,2475.2086902128053,2474.2840262304944,91.36769054929474,[0.12307742 0.0831087  0.98891096],[ 0.38527857  0.91432357 -0.12479115],[-0.91455583  0.39636517  0.08051259]
67,-253.30821469248085,197.0328187543974,48.37297142130515,9.207452884395247,17.610157553507737,13.021393144001268,12.13202865406879,2662.2100841499337,2659.788134866724,166.16063117577716,[-0.24488945 -0.51542046  0.82120089],[0.57612501 0.60387963 0.55082607],[-0.77981352  0.60800587  0.14906287]
89,-214.56774920679814,143.27024642645443,283.2094450605366,14.346047395777095,17.668302432517034,29.101270789683287,32.83099860708691,3630.161849103558,3628.4489249152775,157.70618768911368,[ 0.28343662 -0.75244746  0.59454731],[0.77961364 0.54182196 0.31405659],[-0.55844987  0.37450206  0.74019048]
49,-385.9413420229478,-279.93772439901744,11.587209644313642,18.756880367171483,24.640767527583773,9.45792361354294,9.383923758424057,3345.464786197552,3339.6892081688916,217.25452180680793,[0.02335352 0.00945643 0.99968254],[-0.58703311  0.80954028  0.00605585],[-0.80922602 -0.58698817  0.02445685]
29,-198.28898342049473,-69.3452069547477,220.85338622722114,13.192764814813152,10.09826542978812,12.568093896736197,11.263290837776692,1644.92330548373,1642.825399547828,94.4761470615168,[0.23976517 0.84374549 0.48021475],[-0.72079269  0.48607335 -0.49415645],[-0.65036187 -0.22765378  0.72470904]
16,-330.2809863714511,286.61645394997487,83.16802403409292,6.165281033419999,6.784702424919436,6.414951317868684,6.521123586157655,1781.0054949811201,1780.887434321645,36.2178929442094,[0.64831674 0.61815403 0.44448959],[-0.1707768  -0.45086155  0.87610453],[-0.74197081  0.64390175  0.18673472]
2,-348.9272152758865,-231.5926122044195,138.6382581868817,0.8692288418145893,0.07316595227200651,0.7783242985846073,0.8937217891730711,623.8706162686202,623.86970589097,1.0657930860135947,[ 0.57269716 -0.45440372  0.68230141],[-0.21538894  0.71966025  0.66007328],[ 0.79096496  0.52498227 -0.31427385]
57,-133.1928536146602,-127.89121540259978,34.05680029674597,14.977257558750148,11.399984042212354,15.851611150011353,14.401014826236054,1427.5763496534348,1423.861209862818,151.33896726689127,[-0.63205143  0.72892858  0.26300972],[ 0.30968729 -0.07352261  0.94799167],[-0.71035539 -0.68063026  0.17926985]
59,-428.61401370304003,105.36670637485268,114.28931128239492,11.866972888015976,18.52026292564557,9.290321888699259,15.543916097250317,3506.528072097166,3504.449056882359,139.73114019713844,[ 0.20060643 -0.22000236  0.95464969],[0.27650456 0.94755514 0.16026379],[-0.93984163  0.23181505  0.2509173 ]
5,-215.60637013338933,183.23101248867687,248.60462415139983,4.196362961565824,4.181437717400539,0.9771800427797336,4.2072963815713225,842.3031901642496,842.2789920156173,9.571958177197626,[-0.71372719 -0.69188205 -0.1090538 ],[ 0.40356278 -0.53346859  0.74333595],[ 0.57247758 -0.48652903 -0.65996888]
147,-134.7672977039759,111.31135390718433,161.65691393952483,22.82011395639491,21.250404337481317,24.17094381673007,33.98057461806108,2923.559569133,2918.1897520266725,245.1686951010722,[-0.73430856 -0.66018909 -0.15792815],[ 0.37336603 -0.58710489  0.71826573],[ 0.56691159 -0.46846367 -0.67760832]
25,-55.72497045765776,10.598015060491798,56.639941734115766,6.0292740643522755,17.400178386587232,13.093050737361217,13.382056476936736,416.05496248817326,407.03815297635964,89.60574502331897,[ 0.60954338 -0.41451907  0.67574463],[-0.40221382 -0.89625055 -0.18697326],[-0.68314048  0.15782551  0.71302888]
7,-292.2008271241203,335.4652748799771,96.19420370084167,7.003883670509052,4.829776112250013,4.251936121129449,6.9879446473288604,1204.4877180879841,1204.4029752762576,17.077329296565903,[-0.56042173 -0.63916202  0.52668719],[0.52317831 0.21977574 0.82339728],[ 0.64203734 -0.73700104 -0.21122861]
29,-388.31380243226096,-268.2408532472518,100.22840008845208,5.897094328018417,8.413975269555989,13.11519499507225,6.359770047523226,2599.5117466454494,2598.7292099054484,82.83456586576574,[-0.59332767  0.74430854 -0.30654049],[-0.0157882   0.36998037  0.92890541],[-0.80480619 -0.55598501  0.20776829]
2,-334.126202777899,325.01046213882245,83.67285778060896,0.9493225951242152,2.7132809190109697,5.511734327156702,2.165984453915115,669.7938628170177,669.7431745391544,8.240074366012493,[-0.56692114 -0.69619139  0.44036118],[0.42526132 0.21048833 0.88025421],[ 0.70551629 -0.6863033  -0.17673299]
57,-205.5186283041629,-145.14712404649543,74.70616716272424,9.971172003875507,17.47359910492498,13.259321820859444,14.512376449064769,1988.0710001481064,1986.3941601096556,145.15123714776072,[ 0.35119222 -0.01311245  0.93621156],[-0.51488304  0.83243709  0.20480223],[-0.78202268 -0.5539644   0.28559405]
14,-469.59923559035116,19.08160421809628,64.06308346833215,7.125585220189526,10.426464427963177,5.097670410632511,7.769772269954568,1775.444055348388,1775.1025736181152,42.04820555682247,[ 0.13329429 -0.04551453  0.99003084],[-0.04611603 -0.99814774 -0.03967878],[-0.990003    0.04036734  0.13514634]
17,-364.10533528074353,-239.04319274209317,46.44886632274435,12.771664806348964,5.151957924877871,12.544633350302659,11.080399199802796,1807.5143417618997,1806.8012537384784,61.66512173296962,[-0.4673724   0.78954395  0.39772276],[ 0.30057054 -0.28116928  0.91137324],[-0.83139665 -0.54549444  0.10590288]
65,-329.8380142543149,315.7931574604479,40.591072074586535,13.225172677931855,11.54359520034089,13.182926412734611,10.36711332325824,3699.346627016547,3697.9526423162943,155.63798253759973,[-0.41656811 -0.52999058  0.73863455],[0.55563794 0.49463897 0.66828046],[-0.71953978  0.6887977   0.08843205]
19,-209.1152198469771,-186.62395219388455,8.76678653676261,8.140280724958435,6.629390765529839,4.2249668019888285,5.3600625337450465,1223.1761552839384,1222.6765246754355,43.36823097077138,[0.00197374 0.04485848 0.9989914 ],[-0.6661181   0.74515329 -0.03214412],[-0.74584367 -0.66538281  0.03135178]
44,-55.65585082015456,15.208261256626047,11.344614357641559,12.218514954651585,14.083334565441726,6.292543126399235,9.603010994412326,409.30446463428785,398.33599950113313,110.18228268481461,[ 0.18942556 -0.03637418  0.98122111],[-0.2421623  -0.97017581  0.01078491],[ 0.9515647  -0.2396577  -0.19258455]
2,-147.9900906430242,-156.44200909884813,229.3464467512864,1.572711429441128,2.343645704867484,0.34062341937543295,0.6739021206044242,444.9338015876054,444.9166573436647,3.9058690887682532,[-0.55728259 -0.47313607 -0.68233304],[-0.68422903  0.72722278  0.05456807],[ 0.47039     0.49728191 -0.72900202]
24,-199.1243830273264,48.4895889583785,144.77289071295414,6.148035409503556,13.271319599936986,10.416201884169567,9.828791344772306,1231.8987319984535,1230.7241771627125,73.112549595683,[0.60829    0.29946968 0.73505183],[ 0.0303015  -0.93417733  0.35552008],[-0.79313624  0.19398614  0.57732511]
4,-394.82897539976506,174.05526894939027,120.21934118030583,7.784634480972968,3.477827157474088,2.0275843845117585,6.33406140275441,896.02092790171,895.9451659575826,12.082356459019323,[-0.2790568   0.02987952 -0.95980962],[ 0.38083551  0.92099485 -0.08205362],[ 0.881528   -0.38842721 -0.26838906]
67,-283.3812380823313,-109.21675714115693,102.09092357056923,18.172501512777124,10.854605194776308,21.139393797664873,11.429201713486991,2632.8351536294454,2625.472458329073,225.543292607471,[-0.21749286  0.90516473  0.3652036 ],[ 0.41156578 -0.25422478  0.87520476],[ 0.88504828  0.34065609 -0.31724276]
13,-381.13003138314593,-43.391371003424105,162.3282203498667,4.906845555239024,17.92213797965969,5.923328306978749,4.067680882910561,1503.3842292789757,1501.9391431625681,68.78679718844967,[-0.40332754  0.24542013 -0.88153041],[0.00390502 0.96381545 0.26654181],[-0.91504735 -0.10406126  0.38969169]
5,-390.7873777203535,276.2087569779236,87.1754254284115,4.545804567085177,4.8819312183556125,2.2410601584937915,1.526260079177298,1087.7723383620635,1087.6887100113813,15.358306707383962,[ 0.12094795 -0.13908103  0.98286726],[0.58301869 0.81131677 0.04306162],[-0.80340575  0.56782177  0.17921394]
27,-242.6711123353036,-143.71807939869225,216.9135848594586,13.959128753941458,7.329486454546699,6.87087870414999,11.478032894496744,1850.6102310680762,1850.1286951110549,66.3601507128597,[-0.12363794  0.88530216  0.44827865],[-0.72039018  0.23060566 -0.65410933],[-0.68246    -0.40380826  0.60925137]
9,-250.83436993572448,-9.746401441751502,258.5411948272275,3.7683538054778003,3.2283336953017936,8.10712940504825,7.701719880689197,1081.4156403181062,1081.3428474897166,16.725385301135027,[ 0.37760379 -0.86370972  0.3337977 ],[-0.61080724 -0.5032698  -0.61125611],[ 0.69593814  0.02692658 -0.71759673]
56,-385.94193818021904,72.58276800016517,133.0117707942393,11.801801922193537,14.822643558802664,10.094146422360627,10.507241603836128,3106.1388061755442,3104.5246248103545,139.79782174846167,[ 0.32545908 -0.00274702  0.94555214],[-0.16578335 -0.98467153  0.05420197],[-0.93090938  0.17439732  0.3209257 ]
5,-263.16821678476475,101.28670970097426,212.1093588749869,2.8145368807238826,3.0524161190264967,3.3479197353489183,1.7802907171760716,789.0830249492209,789.0341710083455,11.243269305405995,[ 0.03670245 -0.88329619  0.46737648],[-0.66514763 -0.37063652 -0.64823391],[ 0.74580933 -0.28708258 -0.60112563]
22,-278.0447463679977,39.17393469385169,280.8685852060514,4.9710478632260555,16.053827739415414,6.976454848279362,6.925205573209579,1864.5836608408354,1863.2891841083135,78.72799173216718,[0.71378013 0.06645634 0.69720978],[-0.02199722 -0.99286965  0.11715795],[-0.70002432  0.09896169  0.70722878]
7,-223.80877341125614,-79.66415801544292,271.9489399850615,4.366988118577556,9.377033552378858,4.063172825727873,3.9941761310569466,955.8002960231736,955.4734060849863,27.332794276169196,[-0.70912249 -0.25367313 -0.65787174],[-3.36181215e-01  9.41796994e-01 -7.82721139e-04],[-0.61978019 -0.22060908  0.75312957]
2,-310.1709742259918,240.10541132100514,79.36534799727129,0.2968650736155496,0.3564550873601178,1.2269550203115642,0.25954718117606035,565.9632865626197,565.9603654440617,1.8183737751500841,[-0.62749995 -0.69380138 -0.35338854],[-0.07442901 -0.39833928  0.9142134 ],[ 0.77505106 -0.59997122 -0.19831893]
5,-286.54488627404265,-22.178291280875136,273.75882193314976,2.5158085635347183,2.131193410585068,2.0822239216353626,2.0653286889357534,887.5661253496753,887.559139248741,7.391022588713484,[0.08768625 0.98130865 0.17130222],[ 0.68638884 -0.1841458   0.70353442],[ 0.721929    0.05588963 -0.68970637]
43,-249.40831685025418,-255.43779349801105,16.169698041588447,11.809378954364995,11.502272463972819,12.88702218440571,12.637832835581815,2346.3891729553225,2345.96233054802,109.60873193579395,[-0.66295482  0.66895597  0.33613809],[ 0.27099472 -0.20411602  0.94069044],[-0.69789166 -0.71472691  0.04596383]
38,-286.8287478183556,123.43119481332779,251.789863737961,12.487709004669295,7.633712575405758,13.931978787196133,10.420814493118657,2475.5878887791496,2473.8146389984367,107.01101881694191,[-0.34050516 -0.9374936   0.07184704],[ 0.61054576 -0.16234869  0.77516242],[-0.71504553  0.30781271  0.62766331]
8,-249.09292614192134,-180.12825141771324,148.9754198212364,4.498528548954493,4.64386628917801,9.44169203407472,4.622544033404295,966.5917025594068,966.3901927511336,29.665082222293155,[-0.52374139  0.84026438  0.14018104],[0.44054564 0.12631645 0.88879902],[-0.72911898 -0.52725698  0.43633196]
15,-335.91508964508836,-204.71178191955866,275.6389831554182,8.037742517328837,7.860971820314168,9.018871814903655,7.224304852028144,1860.9314068653232,1860.7814123297344,48.377119632171656,[-0.69482861  0.59362394 -0.40598499],[0.16766493 0.68266839 0.71123297],[-0.69935804 -0.42611557  0.57386745]
14,-234.7933105219881,105.9686319198203,164.15308690964716,8.0333853959688,10.968723493825182,5.8831420824730705,6.361935277973737,1143.9103765534182,1143.5054104188737,50.06884692129075,[ 0.40082461 -0.3930629   0.82755132],[0.4984802  0.85144435 0.16297244],[-0.76867231  0.34719458  0.53721392]
7,-243.43731404572,-48.14038240183249,150.59691902251896,6.925663177074284,2.916978728288004,3.6380514720394515,5.1095446064438965,768.2660655398789,768.1557170223662,17.353188554984012,[-0.06759446  0.97685558  0.20293883],[-0.54025044  0.1351669  -0.83057774],[-0.83878511 -0.16578024  0.51861012]
15,-258.9659330089666,47.74051737288122,203.49279131597845,7.724423129653088,7.4345284600859705,5.5930129496769885,6.021603876773099,1289.457772252243,1289.4142617351336,40.63205736077631,[-0.57044407 -0.56848164 -0.59280873],[ 0.26251026 -0.81009582  0.52424529],[ 0.7782557  -0.14343424 -0.61134662]
23,-328.46823701193796,-171.810189634578,105.86620893725896,9.921927600010994,8.86429899416591,8.967416051120985,11.226190035528608,1850.2214583864354,1849.844122703133,54.92797815924209,[-0.45625825  0.88939268  0.02844406],[0.25672766 0.1009608  0.96119604],[-0.85200899 -0.445856    0.2743959 ]
3,-393.0755682494096,201.55683723328264,75.58341462875295,1.0228561269616208,6.475764232474485,2.190186788994451,1.9926583477835818,776.3193134283573,776.248597899739,11.471322952345915,[0.26084223 0.15114467 0.95347607],[ 0.40338394  0.88024785 -0.24989021],[-0.87706484  0.44979885  0.16863648]
22,-200.84006617219578,202.5695533777307,39.96159276619142,15.732091593665656,6.665602627992645,8.638392829208138,13.097435137088228,1353.7361571599665,1352.737721183081,64.98500502649075,[0.35795099 0.17342916 0.917493  ],[ 0.62010059  0.69047863 -0.37244399],[-0.69810196  0.70225465  0.13961398]
17,-243.385100453537,-13.791588006524853,128.35328528638146,4.8185912077617,9.001797721268211,7.608472361996984,5.872589493862043,1136.856513646682,1136.4495699330926,46.78838560360886,[-0.45112824  0.35998651 -0.81663518],[0.12727436 0.93163732 0.34037207],[-0.88333717 -0.04961473  0.46610495]
7,-299.34134859644297,258.0951726209027,10.787880666243169,3.596764925445709,5.7799942442252235,2.4943881758413986,5.425462985488255,1046.2658077494132,1046.2258717526706,12.711248908178897,[-0.13052619 -0.19201529  0.97267314],[-0.64021251 -0.73277922 -0.23057007],[ 0.75702765 -0.65281294 -0.02728371]
8,-286.8031860828065,107.25245050172879,345.9906136243907,12.442366024067177,3.1329172517060173,3.8129016447125665,9.595216139860975,1307.3469791845803,1307.1018788796214,26.33959883884387,[ 0.24383527 -0.85062158  0.46581894],[0.74489798 0.47183887 0.47169384],[-0.62102444  0.23197199  0.74867726]
47,-331.46958696592463,-206.73789075900825,83.02395868499686,18.581130702426197,7.6219932876345,9.395418891541926,16.148399321245567,2741.7273121437356,2740.7682658105186,104.2204960905351,[ 0.31285192 -0.12356     0.94173064],[-0.46100064  0.84712797  0.26429646],[-0.83042284 -0.51682408  0.20806437]
22,-230.0320481268316,261.45186520870544,308.02595254388046,9.005921167881574,9.346739720112,11.059721994997034,10.056625834771625,2182.0424146954274,2181.2858705318104,64.47471694069417,[0.77624596 0.62873987 0.04613441],[ 0.39057982 -0.53707268  0.74766325],[-0.49486323  0.56235141  0.66247361]
54,-433.08450283342404,-126.57164464671243,109.17856277535438,14.68915860706703,15.777792028978794,15.366723577308608,13.973819938159773,3415.578667711672,3414.161870108196,165.182746347113,[-0.34763987  0.85241303 -0.39056183],[0.09323332 0.44590401 0.89021186],[-0.93298128 -0.27305976  0.23448731]
13,-311.5954894287806,57.24384181090042,305.79347901494344,9.113128646190644,9.598316341857757,4.1024396447409766,6.245935729917963,1588.119923299373,1587.9877955505042,44.68514457468358,[0.67995088 0.39205938 0.61964203],[ 0.19160569 -0.91069295  0.36595848],[-0.70778108  0.13010685  0.69434728]
3,-222.74029075311668,-257.83464336275955,256.51875455308203,1.7444287570388723,1.2124650698952824,1.63927204157257,0.8368792450183759,738.716851834906,738.7042768053993,4.413323282073262,[ 0.13415466 -0.75475673 -0.64214079],[-0.84217116  0.25467136 -0.47527912],[ 0.52225498  0.60455336 -0.601469  ]
3,-331.0625822432157,54.19444910686536,268.340579316474,3.8702255777965346,0.9817802754692605,5.963289254108632,0.8927896996758246,744.1722836390737,744.0708205961114,12.331887327566827,[-0.02926278 -0.98618064  0.16306882],[0.63661091 0.10738608 0.7636719 ],[-0.77062976  0.12615855  0.62467094]
64,-366.01674973931495,-157.16733296637608,228.87547648124993,13.665682331379708,12.733830118462453,12.648567883327729,12.77316811787128,3678.676803910005,3677.6416293881794,149.38204572192112,[-0.57662787  0.67668889 -0.45781267],[0.1804319  0.65199202 0.73644465],[-0.79683413 -0.3420505   0.49805304]
9,-291.244520520828,-7.689753082728828,294.21899692016297,9.65652064752156,6.94328745211581,6.572310859023209,3.031552178879381,1242.6925919989274,1242.382150644595,39.71457041970806,[0.12678599 0.98033903 0.15119755],[-0.69931114  0.19644241 -0.68729492],[-0.70348365 -0.01859476  0.71046815]
90,-143.92654940774463,-125.77117406240987,191.19054718906895,14.419136876451207,17.641821725768366,19.248340528706095,21.86196605912484,2578.5827557359494,2574.86328263719,191.82726548571884,[0.52368118 0.47654047 0.70616372],[ 0.66603077 -0.74586487  0.00941286],[ 0.53118832  0.46539743 -0.70798601]
7,-320.15929710138477,84.52505738445934,257.02432382977435,4.722288861690871,3.71342503388959,10.11061155704351,8.35783809811565,1109.4504148811668,1109.2759548428903,21.783557757773174,[-0.06202221 -0.96847603  0.24126215],[0.64268159 0.14619069 0.75205629],[-0.76361877  0.20169893  0.61335464]
3,-197.78661819990555,223.09696880086426,286.4445724049239,2.4734809566849445,1.950616517303189,2.0486392444252197,3.493581176898446,716.1482827527491,716.1455101781695,2.397144025061531,[-0.3978265   0.57016512 -0.71878078],[0.78286283 0.61947589 0.05809833],[ 0.47839301 -0.5395937  -0.692805  ]
14,-408.39181832529624,234.08757558338752,13.726260090920603,5.439075157584165,5.103620917453107,5.238666384101632,4.773476977635151,1762.3117424153593,1762.1808577269894,29.015120918027606,[ 0.30376605  0.57453974 -0.76001991],[0.39452323 0.65025461 0.64924599],[ 0.86722408 -0.4970644  -0.029144  ]
5,-322.284103877763,93.16793470160266,328.5257584801618,5.6381080440276685,6.293969743028918,1.9210036444588636,3.872228325013051,1050.1207884934283,1049.9817858346555,17.329779342380377,[ 0.56291662 -0.46416465  0.68386845],[-0.46040022 -0.8632524  -0.20694669],[-0.68640842  0.19835945  0.69964063]
5,-219.95904593901452,48.462209436825226,259.2759357789356,3.2811392452983483,3.394226923352731,4.521575946442988,5.7469813293809295,768.0998095962091,768.0805832512575,6.928074194307539,[-0.75265376  0.08027309 -0.65350481],[-0.15287891 -0.98672049  0.05486996],[ 0.64042201 -0.14120519 -0.75493095]
15,-467.12324480631554,117.9267801293092,8.675950243498674,7.269865391934353,10.588839040952815,5.008747957943564,7.638193964895289,1866.9289266152452,1866.521013841429,44.286012132625174,[0.09513774 0.30707997 0.94691642],[ 0.22628819  0.91965676 -0.32097523],[-0.96940315  0.24481287  0.0180055 ]
29,-416.9877388933382,-91.20950202805578,222.52709509520676,7.760959101072318,9.519564015962212,12.654069646832058,5.424143056573457,2593.524169167622,2592.881193404763,90.4387919098782,[-0.03470292  0.94587756  0.3226629 ],[-0.49844511  0.26345508 -0.82592003],[-0.8662264  -0.18949158  0.46232538]
4,-287.62072889977054,46.300712908612454,11.846371313347401,1.5552272563992315,2.755950900297988,2.8634228111132383,1.943027344064981,583.18241294778,583.150607157693,7.586690638859919,[ 0.09315044  0.74708401 -0.65817055],[0.1349433  0.64547214 0.75176859],[ 0.98646505 -0.15884328 -0.04068797]
27,-164.45430621512608,137.46969339336587,14.294743270885887,17.020220503538564,28.36113601686337,7.53724019968536,30.304188018265137,1129.8773628845597,1127.549568758975,78.22260296769625,[0.42564815 0.426552   0.79804576],[-0.48912978 -0.63352381  0.5994995 ],[ 0.7612987  -0.6455238  -0.06101895]
21,-167.60737299235336,-182.4931753115291,204.9368029722836,8.757739813593142,6.994283635245011,13.321220352501413,15.030392306056017,1475.479823963592,1475.3586576753223,39.983742246288415,[-0.73084618  0.68247367  0.00967241],[0.44074987 0.46107425 0.77016238],[-0.52115585 -0.56713335  0.63777453]
3,-289.41511401789813,-295.55398479984393,79.51194108610179,1.8971145812422634,2.81472219142487,4.965649126020292,2.76706666992818,729.6675659843776,729.6092379160442,9.228701099841672,[-0.72640099  0.66926145 -0.15630328],[0.01663677 0.2444825  0.96951097],[-0.68706974 -0.70165335  0.18872668]
11,-384.8040799653083,204.91634709024285,151.11049264344592,11.290710371253455,8.04560843638797,6.759396131247949,14.476345890031013,1531.1630161021587,1531.0936736568342,17.59990691079434,[-0.39584325 -0.89493247  0.20592231],[0.38457941 0.04207523 0.9221325 ],[ 0.83391055 -0.44421341 -0.3275174 ]
7,-335.0781390895025,-121.3007851136207,62.6722873098679,6.0876514258011385,4.214201980025586,6.678406982135324,6.815116434821883,957.6260572033984,957.5177594785754,19.2543907156545,[-0.37039787  0.8953862  -0.24716184],[0.07232943 0.29308221 0.9533474 ],[-0.92605284 -0.33524078  0.1733198 ]
6,-267.38885899838743,168.14813239371202,302.37648090822603,3.787756125862879,3.945877224136426,6.785217486355741,4.044760309921039,1071.2521265973164,1071.1668732371454,18.907040575388898,[-0.60499019 -0.79049606 -0.09540887],[ 0.50999991 -0.47673313  0.71597878],[ 0.61146298 -0.38450162 -0.69157178]
55,-353.27927614240576,45.46046595606901,147.5202827100918,8.539730394605636,11.411880906254918,9.477950548774471,9.6366483105904,2861.3845842394294,2860.6865231704946,105.09305254764415,[ 0.32696148 -0.3317502   0.88489434],[-0.23138618 -0.93596116 -0.26539997],[-0.91627323  0.11797676  0.38278565]
3,-299.2490299652989,80.90440527604422,76.23590841813746,6.276015251184076,1.8234001786487783,4.874645442924908,5.354445534764279,553.0986093136788,553.0034431495601,10.605797778904334,[0.27453019 0.95975211 0.05923727],[ 0.21395138 -0.12102694  0.96931795],[-0.93747426  0.25343315  0.23856584]
4,-334.2274332199804,240.93027376281862,58.89434053597777,6.225619953660708,1.8372170183097543,1.6837029668727876,4.1562825269070665,832.5062652732469,832.4498217580938,10.56878885583587,[ 0.12372668 -0.07032731  0.98982108],[ 0.58284291  0.81244398 -0.01513023],[-0.80311011  0.57878222  0.14151077]
7,-242.25694698744883,255.93882982557466,128.2247035985138,10.467855313689883,4.772541244608347,4.229758380715287,7.668114415875697,992.701440307306,992.4138128739628,25.450278714813802,[-0.24986228 -0.61226675  0.75013217],[0.72109234 0.3993656  0.5661563 ],[-0.64621566  0.68237566  0.34171446]
3,-96.17635341828411,2.3638281162089236,78.5871263579513,2.8498859136632806,2.9814431358422135,4.031420879473665,0.6928146244752234,215.37533950514617,215.18111371398626,9.930815347638354,[-0.31580318 -0.87788315 -0.35998544],[ 0.54858563 -0.47849612  0.68563494],[-0.774159    0.01904285  0.63270468]
8,-235.37727018665868,-265.9257727451268,90.03998972728458,6.468943200823248,4.5158900924070595,5.760596648810769,5.672095520606623,1036.5933255587054,1036.3929353754784,22.573684095295658,[-0.53531223  0.65453817  0.53387321],[-0.54828293  0.21152896 -0.80909909],[-0.64251588 -0.7258342   0.24563806]
2,-389.31606306918894,23.57956020328433,18.52991150283779,1.8284114838725145,0.8559857414118142,3.2015943498027832,1.6193245092916584,552.2330599482443,552.211866692205,4.838055819394596,[ 0.04464002  0.95844973 -0.28174701],[0.06246152 0.27879859 0.95831618],[ 0.99704856 -0.0603776  -0.04742065]
8,-288.7003537105681,-251.37450796406623,64.1373296299041,3.847767028300378,8.362252738281425,4.194270383101176,5.936609805100735,1098.1444061934153,1097.9938670812285,23.144662358490084,[0.12448085 0.10880139 0.9862387 ],[-6.56840611e-01  7.54029398e-01 -2.79207895e-04],[-0.74368335 -0.64776688  0.16532739]
4,-206.64969482144505,-201.32619241653376,333.0961598662485,1.480409640127745,1.080150354262723,4.44532873886219,3.7309463275597383,881.3906483882637,881.3704177982561,6.061069835811012,[ 0.85928428 -0.43390957  0.27083761],[0.20427418 0.77655289 0.59601817],[ 0.46893772  0.45682392 -0.75591622]
11,-316.9720088885301,-140.52221350832485,37.11902021390816,3.402588618257971,3.823364520248555,7.008904166254286,3.232152272295976,1156.8649079429174,1156.5945475442795,26.687002179837094,[-0.40342051  0.78643913 -0.46772363],[-0.10471543  0.46812626  0.87743517],[-0.90900306 -0.40295323  0.10649942]
4,-277.80167382945353,107.93222728834151,32.25447149709817,2.7248376283100737,4.477737126586293,1.0835708011570484,2.529442113804665,599.6376211831245,599.5688273755949,9.435532690530698,[ 0.09618203 -0.0495687   0.99412874],[0.36327688 0.93161264 0.01130449],[-0.92670326  0.3600567   0.10761156]
7,-263.4049258219473,-38.89743875827342,60.60380984375471,1.8375904516367234,7.937970898903198,6.211518337744512,2.376318916927732,722.9329774424798,722.5641855523176,26.27408244840981,[-0.26344234  0.56411859 -0.78253968],[0.01370447 0.81330171 0.58168076],[-0.96457779 -0.14251505  0.22198906]
8,-335.5663108338473,198.58874997928396,283.6400530097991,3.4249846055739623,3.641148375100343,5.699291712208323,2.162961699025203,1363.935782308135,1363.8475629081872,20.524558553715455,[-0.62221205 -0.75479944 -0.20767757],[ 0.3584958  -0.51055879  0.78154365],[ 0.69594032 -0.41183434 -0.58826826]
3,-205.77811301015254,63.50369957221341,250.30596161604004,2.871476805326986,14.578532801420087,7.155967729719716,8.242431753835522,572.6276776003923,572.0945121373214,24.89758427625865,[ 0.67553416 -0.35595842  0.64571449],[-0.39463349 -0.91430491 -0.09116433],[-0.62283064  0.19323595  0.75811732]
2,-71.00150167687762,56.46179152111654,1.9786289999404287,0.5680956312440344,3.144839818985094,0.9945761413959874,1.5332441479978485,128.4076636863971,128.33875495024597,4.206194386804978,[-0.18499977 -0.26579508  0.94611208],[0.59496051 0.73595749 0.3230922 ],[-0.78217458  0.62267131  0.02198561]
11,-66.5203724973559,-69.11121854035173,14.256564834384552,5.5539698022116015,5.232923893952366,4.190319425134854,7.382040286768431,322.82773503262655,322.6954715826793,14.757492621698198,[-0.69707671  0.58491757 -0.41467517],[-0.20849198  0.38799883  0.89776834],[-0.68601396 -0.71226985  0.14851433]
3,-264.7153386037462,205.213279962379,208.94000597227713,2.7650489218392096,0.5931601535200106,1.4005719829281746,2.1546489652574508,683.7812686699457,683.7709333658325,4.000260330861537,[-0.04269768 -0.73930722  0.6720132 ],[-0.7406157  -0.42803403 -0.51795295],[ 0.67057087 -0.51981892 -0.52926647]
4,-239.99016476027876,-31.396532957858575,179.41210854225986,4.589099299395228,2.156716753088868,4.483194069181178,4.482562858797667,602.7016261300689,602.6381573688823,10.11398497727172,[-0.02890035  0.9904559   0.13476601],[-0.60385697  0.09014055 -0.79197945],[-0.7965686  -0.10426788  0.5954886 ]
27,-374.7154803540624,-0.14942286900725701,118.51441527558856,9.382514543994075,8.880379235907858,12.285690257755103,10.022865065401941,2044.0250308136228,2043.024789953427,76.63405853564255,[-0.16604088  0.83504128 -0.52453454],[-0.25192905 -0.55018729 -0.79613171],[-9.53395080e-01 -4.49204359e-05  3.01724742e-01]
7,-298.93743623218205,110.83170201824832,156.87746297322232,6.5873681028898385,3.389877835921016,5.109976806626999,4.649073436571227,940.3505322705787,940.248597985862,20.409237632147953,[-0.36665461 -0.92939388 -0.04232504],[ 0.3970212  -0.1974474   0.89631953],[-0.84139085  0.31183575  0.44138407]
7,-473.70126263767537,65.77541483303227,24.64156371450788,7.409292464744695,4.111681228339022,5.134120110542281,7.033496521810932,1267.2328289758193,1267.1728097136659,18.419522998987436,[ 0.09116897  0.85047037 -0.51806213],[0.1147905  0.50778583 0.85380132],[ 0.98919733 -0.13730879 -0.05133161]
