N,MEAN_X,MEAN_Y,MEAN_Z,SIGMA_X,SIGMA_Y,SIGMA_Z,SIGMA_R,LAMBDA_1,LAMBDA_2,LAMBDA_3,EIGEN_1,EIGEN_2,EIGEN_3
16,-203.3276585974355,51.20229442384072,158.7093069405791,6.478093845284686,6.83140738175271,7.397787179547577,6.101652145528929,1052.7186725694983,1052.3979847105625,41.32818511307707,[ 0.18143083 -0.84393968  0.50482539],[0.60775415 0.49980097 0.6171174 ],[-0.77312208  0.1948456   0.60358715]
9,-413.0844492534652,-225.44458054664534,8.38296298309878,4.934483774433663,7.887879974873487,5.671842986209116,7.665209644093271,1412.317709923183,1412.2943833758331,23.191608133912904,[ 0.44329046 -0.7967058   0.4107961 ],[-0.18264197  0.36839098  0.91155362],[ 0.87757363  0.47911163 -0.0177923 ]
86,-356.2711511518487,-162.46187467502813,152.33475688858854,10.921585626624218,21.074557895856568,9.093898240967683,12.177940821946475,3902.8956031596967,3898.5455248316066,206.99472195709842,[0.27700666 0.26000185 0.92502235],[-0.4524447   0.8845855  -0.11314718],[-0.84767984 -0.38717894  0.36267253]
65,-380.50590930685723,167.6817549167086,27.824354625298263,12.513968358180708,18.896983858786953,13.833820178069413,16.864691849150187,3365.293660499525,3364.158646579101,163.67321985276777,[-0.19961981 -0.58219781  0.78816093],[0.35670001 0.70598663 0.61183984],[-0.91264288  0.40327236  0.06674104]
161,-135.49644685388327,111.90681677934555,160.3927553012888,22.79103113017644,19.33007488710453,24.395923959916285,33.59181293608558,3055.2227568587996,3052.088639899409,239.67209150366583,[0.66631332 0.7443623  0.04417382],[ 0.48055174 -0.47395224  0.7378613 ],[-0.57017241  0.470419    0.67350529]
25,-180.86592192618903,-35.66224281748506,149.1787219191119,7.793490274852782,7.781821590055131,7.172798249674955,6.7143575338462975,1187.015734202343,1186.7521128902802,56.379965053224716,[-0.60272944  0.51711791 -0.60770576],[0.23417844 0.84268604 0.48480995],[-0.76280907 -0.14989765  0.62900956]
89,-426.8829752018644,101.33751395959897,110.74729577150121,10.55576976290494,23.100530692436504,10.882256019023242,13.745033667708196,4276.181693886437,4271.6356065522705,226.2120972115827,[ 0.18627891 -0.25316138  0.94932054],[0.2753619  0.94096037 0.19689947],[-0.94312035  0.22472849  0.24499207]
57,-161.50403197059345,30.245541095540624,57.001851686706146,12.791254657782233,19.223875354102926,11.467742143094151,14.24283057667671,1325.8122111071903,1319.1890711699305,161.1130290918775,[0.37206903 0.47387462 0.79812749],[ 0.01097229 -0.8620465   0.50671041],[-0.92814021  0.17977396  0.3259403 ]
5,-292.88362277011873,-231.93848350690206,38.34195859131351,1.8134880116868914,2.8942851391510978,3.260117401412989,2.318999355492891,839.835942917385,839.8081282107157,9.201127802087743,[ 0.44721162 -0.66382452 -0.59944872],[ 0.43800719 -0.42180317  0.79387139],[ 0.77984067  0.61759136 -0.10212463]
2,-402.43070629826775,208.21674017024446,83.45405314325458,1.5000056365723538,0.0439088931145335,2.157198324187412,0.8996064237860821,651.5768085105449,651.5674525067776,3.4917363324283768,[-0.39163121 -0.87319558  0.2900939 ],[0.2892601  0.18245443 0.93970154],[ 0.87347214 -0.45192904 -0.18112579]
2,-355.4472738737784,259.30250114217745,24.278258740168777,0.661053255843143,0.606876895738452,0.8938465378061018,0.225362859845319,623.1718698769247,623.1693770389807,1.7626476536780515,[-0.44884243 -0.54926874 -0.70487185],[-0.38452353 -0.59331421  0.70719156],[ 0.8066487  -0.58845739 -0.05509784]
5,-298.96830338267836,116.40221811311866,157.42231027290327,5.338826651142947,2.9001106531575997,2.959184508095289,5.977352235999714,799.2422318547038,799.2195988432682,7.0468645975263335,[-0.48405783 -0.81601868 -0.31591381],[ 0.25652056 -0.47750057  0.84035136],[ 0.83659143 -0.32574027 -0.44046346]
46,-300.76806424301384,79.94263499015292,312.46305409565247,7.645763832826565,17.281461708311216,9.01181777923558,6.3098690896648755,2993.877592813497,2991.877882487249,135.4515889829081,[ 0.62457073 -0.35980889  0.69314426],[-0.38073301 -0.91521247 -0.13201708],[-0.68187519  0.1814489   0.70860605]
34,-361.96755028233036,-305.0536782995529,22.350993451219686,14.785106364979065,16.14484285400017,13.387553943403482,7.8303045951450745,2766.5217827690412,2764.436008247048,142.54606659510017,[ 0.28584182 -0.2720134   0.91885971],[-0.57863334  0.71533405  0.39176607],[-0.76385726 -0.64366599  0.04707637]
5,-168.49518469037312,150.08530677268604,103.73461032161507,1.4826925459150437,2.19527742409457,3.4120246388122033,1.9304614268957243,555.4045519159478,555.3453913465679,8.650714351486103,[0.70907534 0.6873881  0.15719337],[ 0.19211773 -0.40282387  0.89488754],[-0.67845629  0.60434305  0.41769191]
8,-168.50334055704718,-124.48473364751857,228.28819616029728,3.2680587682640354,5.006948767627653,3.7422651804439675,4.106883607711408,876.590088961702,876.4740825468648,16.256395130366293,[-0.83821813  0.30206991 -0.45403098],[0.04013793 0.864488   0.50104835],[-0.54385596 -0.40176395  0.73675398]
9,-431.87114843867136,13.672008756260032,227.08887604516573,3.879114914964916,2.573995590713385,6.044370539992117,2.6987957196357355,1464.5484650042592,1464.4203924368521,21.445430723065943,[ 0.07510897 -0.97657622  0.20163714],[0.45997611 0.21334085 0.86192091],[-0.8847489   0.02801028  0.46522554]
14,-392.83515622454024,-2.415662053480814,262.2842956123812,9.730919383852939,7.195457545095293,7.556073900320248,9.273926855474777,1768.1191652156792,1767.8023270098565,40.53319285495767,[0.35372744 0.76587625 0.5369455 ],[-0.42797522  0.64296758 -0.63516133],[-0.83169352 -0.00512538  0.55521133]
7,-349.1320570281975,-102.53519665838571,261.2629841490044,2.8645295285175707,6.297554374786044,10.0810543762673,7.166595240807357,1185.5930792038278,1185.3621614288575,26.24087796054437,[-0.56978676  0.64619942 -0.50770992],[0.26087725 0.72808179 0.63390849],[-0.77928564 -0.22874269  0.58343009]
3,-343.6868066436482,190.8530154711137,283.3087703502463,1.6981617849565638,3.4416934959570025,5.231217537058469,1.6968895586806985,839.3738467825182,839.3109007419315,10.8373749763776,[0.61532738 0.75058882 0.24080831],[ 0.34400452 -0.53055811  0.77470574],[-0.70924827  0.3938585   0.58467288]
222,-290.75978732103766,228.1766702481969,279.52948475215743,24.91974528262911,17.52408594808982,17.685064014113742,17.23308134382853,6918.9028861577335,6915.132978529776,454.26968789622157,[-0.54801074 -0.82968786  0.10631223],[ 0.55225966 -0.26341878  0.79096132],[-0.62824637  0.49216725  0.60255946]
18,-382.5500133370898,-267.613215269437,112.71237920150497,8.5964840211545,8.589815410396822,9.724350692585803,5.705615518404308,2038.3563771804907,2038.1336015142233,61.570697827985555,[-0.51110875  0.41334776 -0.75359902],[-0.32286103  0.72023602  0.61402022],[-0.79657304 -0.55713886  0.23466505]
19,-381.0681666373387,89.46825911562355,78.44569826168578,5.709644114354992,9.407427558934309,5.059550614305443,6.666913806505521,1740.8289400689878,1740.4738737676857,44.126457419278616,[ 0.16778429 -0.14115621  0.9756656 ],[0.24651647 0.9642607  0.09711298],[-0.95450409  0.2242236   0.19658513]
18,-275.99886784024073,34.82448640903618,200.97059910643546,10.145703559334798,7.92555881402687,6.111060938788305,5.143706825332564,1456.9848194216268,1456.4774056352032,56.24122420538824,[ 0.2303661  -0.85506163  0.46454394],[0.54752392 0.50854237 0.66453158],[-0.80445573  0.10126337  0.58531762]
40,-273.1851855945632,-111.82757001487987,116.62817287706562,13.839641571664371,9.254713180003556,14.579502684133072,10.258897186349747,2011.6208534078867,2008.9796202256448,124.80685604927747,[-0.39702055  0.91635689 -0.05162104],[0.31749029 0.18989205 0.92905378],[-0.86114725 -0.35246427  0.36632547]
11,-305.81684988023267,-333.90568902562666,165.76254447799732,3.1302719881569905,6.840761250190959,4.012275282137834,4.690407181913272,1599.3949053784538,1599.3279572494932,23.603788857003764,[0.00192617 0.44319448 0.89642342],[ 0.77318744 -0.56915116  0.2797287 ],[ 0.63417464  0.69256452 -0.34376869]
101,-377.5702740752588,64.292460960293,138.50605525259397,22.40022064068129,16.216935301797534,10.837101326757049,20.944027696931116,4102.370810956977,4100.231536477216,209.6789836862494,[0.36693521 0.56119089 0.74190521],[ 0.07305828 -0.81245769  0.57842457],[-0.92737319  0.15804202  0.33911898]
14,-434.05138393101294,-63.458623627858394,123.17012667092386,8.354585065531593,8.83053049954765,7.342717122558599,7.288538516822914,1705.58403296798,1705.0859654374406,45.49530042472477,[0.12045891 0.64344439 0.75595567],[-0.27913488  0.75273135 -0.59622079],[-0.95266645 -0.13919349  0.27028097]
219,-312.2616445974482,-255.1792104401326,169.94539497070772,25.570615475102187,18.513605403495067,22.00420697085605,27.07643935706777,6496.060511626629,6493.382510331337,406.2608325111483,[-0.53365941  0.81182147  0.23696736],[0.45331856 0.03804991 0.89053607],[-0.71393971 -0.58266465  0.38831944]
12,-243.6441487811412,-78.76574579391684,86.57065244281364,5.1224798851049345,7.503822997051461,3.6620085250058674,4.758851284686118,936.8580208449563,936.5800174095891,29.693474015006863,[-0.31330174 -0.07148024 -0.94695966],[-0.2988626   0.9539177   0.02687327],[-0.90140067 -0.29143027  0.32022685]
60,-431.5878131351138,-121.99802411934668,111.49375895649834,12.323226998226982,15.03858127757787,10.89224703082018,12.85252197465561,3583.047253359131,3582.085487228221,141.15723336822245,[-0.35570569  0.6165725  -0.7023616 ],[-0.03724282  0.74156384  0.66984778],[-0.93385568 -0.26442659  0.24081558]
4,-131.11587199553077,64.27290407406463,168.4283048965248,3.049394903614097,4.053460471155708,4.106724452159638,3.748955845155615,445.99871984210085,445.90932123354764,10.702861824740735,[0.78967946 0.00309765 0.61351182],[-0.17440383 -0.95759932  0.22931822],[-0.58820885  0.2880867   0.75565627]
4,-264.29386722307254,-69.42375182232912,318.06734353279285,0.6634924366012845,1.8600235608777127,1.9514188327539883,1.5250907735824293,838.6769547736754,838.6673973818023,4.642239711988469,[-0.50327461 -0.65679791 -0.56154357],[-0.59116784  0.73566545 -0.3306311 ],[ 0.63026602  0.16556826 -0.75851954]
97,-135.43102846835285,-125.43944516028424,27.808211446609505,15.794057043406548,13.156327418487638,16.303466106809203,14.749537296730015,1853.0195789730133,1848.103717478158,212.72817406781414,[ 0.51826256 -0.6759939  -0.52386656],[ 0.45198636 -0.30351252  0.83880181],[ 0.72602497  0.67150011 -0.14824085]
5,-352.29523463951926,258.9354216593657,194.45843008432195,4.173967687683131,7.786328766119228,4.285176566037069,6.674325584869841,1070.1923552803082,1070.1063354918128,16.140933860127276,[-0.43733941  0.07787356 -0.8959185 ],[ 0.51651248  0.83728494 -0.17935661],[ 0.73617193 -0.54119279 -0.40640036]
71,-216.26209396298458,147.06605097873228,288.40067346591206,11.921234440262037,16.456639283405803,29.134201502396657,31.67724461500503,3293.3700767089267,3292.184879455815,133.10735477328078,[ 0.23025855 -0.78668123  0.57281205],[0.80019673 0.48803134 0.34858372],[-0.5537745   0.37809794  0.74187313]
48,-217.63468208510417,53.04818368787033,77.15468100633892,16.1517963342579,17.946976925835123,13.679212710595086,15.096783504529991,1650.297106794899,1646.9493394025392,163.27949695402842,[ 0.2276996  -0.37462309  0.89878275],[-0.32217397 -0.90002724 -0.29352154],[ 0.91888891 -0.22272968 -0.32562965]
9,-323.56064102315304,235.04765710992524,82.34261603239567,2.907322121129755,7.0789781915693,3.2511550216022114,6.537804730540596,1225.180792274772,1225.106603014461,15.355288271151297,[-0.02053086 -0.35562877  0.93440177],[-0.609746   -0.73621377 -0.29359684],[ 0.79233093 -0.57577554 -0.20172812]
4,-330.89532879658225,-85.41287112122895,55.07727421382249,2.9343871214689385,3.0636097291001216,4.262732082569553,3.350117642698116,692.3940638711248,692.3471405120775,9.99507564775138,[ 0.29359606 -0.81161096  0.50506336],[0.00455459 0.52952955 0.84827926],[ 0.95591873  0.24675109 -0.15916435]
94,-46.68879556091455,1.2990819964320075,22.13625453017109,19.861081298771207,17.115427382905832,18.719339998504193,22.293950827008377,570.6620468941288,564.2767750260617,230.85939667294434,[ 0.31628492 -0.64426496  0.69633793],[-0.31408499 -0.76373795 -0.56396361],[ 0.8951617  -0.04033611 -0.44391275]
20,-465.82794825854563,36.39612932300433,114.92028547189022,6.1041447814539165,8.391691483541662,9.90719276742376,7.040824487546682,2152.6592187559286,2152.268087164224,55.810529971220625,[0.21281607 0.75157002 0.62438116],[ 0.13240211 -0.65530748  0.74366779],[-0.96808006  0.07559508  0.23896942]
6,-316.6340107286138,33.22855213547089,212.80920207444294,1.9510429116787165,2.8300080901005304,6.380580466400537,4.62653540654759,938.1698439542977,938.1202927024447,13.633310182424845,[0.15908484 0.98376398 0.08306892],[ 0.53959286 -0.15710127  0.82713888],[ 0.82675967 -0.08676186 -0.55582445]
337,-243.61515940039487,-193.54910538306802,310.89683598499,23.013275902259988,37.98758479036154,23.89577457720514,33.225487037706195,8122.044394924756,8102.826692210646,698.1514663993963,[0.76379923 0.06894001 0.64176165],[-0.33212856  0.89452433  0.29919366],[ 0.55344499  0.44167126 -0.70613394]
31,-288.1630875438473,128.4288352471405,241.19841970937446,10.421372435661914,9.395033398401383,11.46541108547584,12.577818247034447,2213.1059893613365,2212.4906700322667,73.05429298720605,[-0.40274797 -0.91528656  0.00667718],[ 0.55803131 -0.23975161  0.79443076],[-0.72553093  0.32368145  0.60731803]
3,-257.8656614821379,-70.32428961963335,252.93869693480704,1.210313933709226,1.5934422074813133,3.541889210743154,2.38614440993944,637.4187869111237,637.3956662732405,5.699563709521838,[ 0.46349363 -0.85437986  0.23496533],[-0.54237861 -0.48323711 -0.6872462 ],[ 0.70071328  0.19109407 -0.68737468]
42,-200.1571058402852,-145.8938895885497,74.89421200789836,8.596854753670913,13.017815102717023,14.299814210508769,13.453395984268068,1681.258368712337,1680.5164895018593,106.04471578380782,[-0.54636313  0.82434242  0.14814487],[0.32306692 0.04423443 0.94534178],[-0.77273223 -0.5643606   0.29048583]
97,-234.38380765267823,195.8960035244075,44.79075930786273,31.05820592232974,15.582822622848008,15.398176845187589,21.494568618957395,3061.558993021227,3050.6715499440843,303.38461597142003,[0.3105926  0.15798073 0.93732296],[-0.5683198  -0.75956669  0.31634008],[ 0.76193493 -0.63095208 -0.14613222]
25,-196.00585629462373,-62.38003449334596,217.20684784402064,11.4070404711278,8.238704395085652,7.548243596058483,6.852079078913985,1497.6128664495552,1496.3594762001096,72.3299260119591,[0.30472642 0.8065794  0.50652885],[-0.69107624  0.55320826 -0.46516047],[-0.65540479 -0.20830337  0.72598503]
4,-204.76454960739832,-22.093035993837237,225.2492223286397,3.1070972422319163,4.376215799025161,2.8945619215555642,2.0068499758715297,610.5305870504407,610.4486643683902,11.531795193891147,[-0.59607703  0.64468883 -0.47861099],[0.44111715 0.76100634 0.47569424],[-0.67090076 -0.07242689  0.7380017 ]
2,-245.92547639055925,148.03701211261495,79.67112420004933,0.28272799376156854,0.4137008283538677,0.06704312966456882,0.4210589105087763,421.28859586447106,421.2884100361002,0.39569522650904076,[-0.51451    -0.46805575 -0.71847288],[-0.23186102 -0.73073313  0.64208221],[ 0.8255422  -0.49694357 -0.26744561]
47,-170.53115063370802,98.98221021181918,23.486653871423098,15.065189118391642,17.49209452900761,10.863033001948539,12.021737635756617,1370.7336219560286,1365.7337207935273,153.1879898996418,[ 0.02927858 -0.18435771  0.98242302],[0.51118851 0.84735733 0.14377715],[-0.85896978  0.49799377  0.11905096]
40,-228.8879925806225,118.70009877628786,12.075761634267286,15.799927867621383,13.630172965035829,7.5050452489263995,16.969858555928642,1638.1921237894035,1636.2098151915984,92.21528455326508,[0.22545082 0.34066962 0.91275196],[ 0.40356258  0.82006117 -0.40575475],[-0.88674076  0.45983028  0.04740195]
175,-383.33845253204026,118.86986616085885,201.48720367506255,23.305134253755952,18.53523976609993,25.627348730887093,20.202539402107874,5961.094687269697,5949.326529280797,444.40690521943253,[-0.00794597 -0.86764286  0.49712445],[0.52096374 0.42075142 0.74267424],[-0.85354182  0.26488508  0.44866719]
3,-258.6104966610723,-191.26681749517743,220.26763819710982,1.6454327793436183,2.907841759586185,2.3407574927921093,2.7436919723916096,675.270705345901,675.2506327402683,5.216482095751027,[-0.19596917 -0.61480884 -0.76394121],[-0.72220358  0.61747896 -0.31167567],[ 0.66333858  0.49064225 -0.56502399]
16,-448.9332778050426,-76.68157038601065,91.44448786498141,4.738503902128707,6.769658964106116,7.459302781985044,4.834962676941427,1858.4699395781888,1858.362584771955,40.092101314955485,[ 0.21976759 -0.9282008   0.30024237],[0.13309939 0.33341727 0.93333674],[ 0.9664299   0.16515509 -0.19681727]
29,-242.32814453548775,-144.02035157518768,213.83033319560977,15.466942410013825,7.330339802359199,8.469309124999631,14.85496415926058,1907.9622535188619,1907.223176235976,65.17312303065076,[0.30302365 0.59516554 0.7442813 ],[-0.66215721  0.69317298 -0.28470872],[-0.6853645  -0.40655775  0.60414096]
42,-314.46425154415755,151.05821400012366,317.49047316255013,10.44181114537249,13.792058806172166,11.07882278336708,9.883807231394922,3059.1309040581796,3058.4513129553707,116.58157529713012,[0.73908747 0.16704443 0.65256867],[-0.09651148 -0.93250953  0.3480108 ],[-0.66665976  0.32019079  0.67308441]
4,-208.0109542721916,-160.951854395776,228.15563992745754,2.3119176414252474,5.845587240212772,4.1483459567734915,3.061236732724411,696.5185248124409,696.389636814463,13.770833011984537,[-0.80164563  0.32293297 -0.50306917],[-0.02094633  0.82584443  0.56350885],[-0.59743246 -0.46227186  0.65527032]
34,-362.18470379272134,-241.923883136784,39.84596189905127,9.946526274921162,8.058609125643407,7.610791127085642,10.300384584118806,2551.486134089702,2551.27113794966,62.569475746450536,[ 0.42415293 -0.72436489 -0.54349774],[ 0.36647816 -0.41152073  0.83447256],[ 0.82812321  0.55312403 -0.09091619]
85,-366.18906684439986,-160.59771441842727,229.74951396669837,13.194027453848,16.54305681618919,11.902466412020017,12.997226374349433,4256.707973457253,4254.284950389969,189.08053159709115,[-0.60632775  0.50952511 -0.61053322],[0.04098371 0.78676087 0.61589582],[-0.79415804 -0.34841281  0.49791718]
8,-299.79445151468764,83.91383184169393,70.04650521519807,3.5619434442876297,4.665668800974041,4.384110125032112,2.409349131100644,902.7120856078056,902.653703600493,19.547857736439397,[-0.31216878 -0.39374507 -0.86458977],[-0.14085124 -0.88082922  0.45199647],[ 0.93952732 -0.26287773 -0.2195079 ]
29,-413.4519368049207,-32.6429128590326,248.34589535624886,4.846678570950632,14.331799602919892,10.122894384538586,5.225898236026605,2604.547681190319,2603.922588747137,93.78157760253414,[-0.51525387  0.00418981 -0.85702736],[-0.05567708  0.99771201  0.03835123],[-0.85522717 -0.0674774   0.51384169]
20,-90.85775427968397,-95.04821691603189,90.90547062632365,8.050403860791619,7.0617094893245,12.000464680496114,6.3719681387486995,717.9564227225219,716.0024926351126,65.95837400476356,[-0.76156266  0.64157425 -0.09167768],[0.31064981 0.48551774 0.81717147],[-0.56878731 -0.59384763  0.5690571 ]
103,-385.13239335835624,56.196819238684476,271.5198047345687,13.997646103195526,20.47949489686808,14.42601681162158,10.993065101876038,4823.160919267365,4819.441851077024,269.421982820495,[0.52852042 0.56611858 0.63259459],[ 0.24877153 -0.81574577  0.52217962],[-0.81165195  0.11861107  0.57197249]
4,-268.5121708110015,128.9868947957669,70.25189479732082,1.9185169453515096,3.6418191254479733,2.5734089150405106,0.4358224306215299,612.1892948199406,612.1218451141641,9.670105603347144,[-0.03851168 -0.53858893  0.84168808],[0.47836869 0.7295847  0.48874284],[-0.87731422  0.42145953  0.22954655]
18,-285.0093347361816,115.51715407019995,352.20588504105217,9.419716095169536,16.753331709870896,7.497799926571219,10.49550966389349,1985.5165139270262,1984.3782732605007,75.73725763972338,[ 0.65892572 -0.37020439  0.65480196],[-0.44086246 -0.89538999 -0.06258639],[-0.60947288  0.24743782  0.75320471]
4,-50.08244304431502,-48.415603677132374,35.22550847340988,5.889178841387027,2.9104661979030455,1.2718451823746766,5.11445324323169,156.63036191863802,156.51102581247477,8.640659487241315,[-0.35024964  0.76033942  0.54700015],[-0.68037931  0.19484041 -0.70648511],[-0.64374621 -0.61961374  0.44907643]
2,-413.60258703297234,-245.1134058181428,33.23726853911322,0.5270774458199128,0.28519230976255017,2.035965873780368,0.45698551499140194,681.5524954607752,681.5461929694333,2.9310267282460964,[ 0.50912483 -0.86061915 -0.0112508 ],[0.06507365 0.02545529 0.99755574],[ 0.85822918  0.50861252 -0.06896355]
59,-333.4331012439777,311.39077388341093,39.2444385208324,14.385503721993745,11.760742184494275,10.296789181071798,8.564910243979817,3520.589755755125,3518.3677411821695,149.19872487104246,[-0.2438985  -0.37399141  0.89478709],[0.64041989 0.63075041 0.43819663],[-0.7282691   0.67991495  0.08567246]
10,-147.58413393962678,103.91629944626213,86.89302263425209,9.031737628160133,3.643972570090074,3.1211341262750074,6.822676051095629,634.2313117337782,633.9173865749515,24.34463943581707,[-0.17060288 -0.76321846  0.62321123],[0.65364248 0.38562307 0.65118841],[-0.73732365  0.51845196  0.4330836 ]
92,-346.59192201519073,-192.3257011390911,77.19458131559767,20.85973413439509,21.15147965306328,24.067105043445316,11.322574849215657,3888.8031542462354,3876.8076826829797,349.53371479791934,[-0.19467461  0.64722608  0.73702116],[-0.4744004   0.59553901 -0.64828816],[-0.85851386 -0.47584838  0.19110799]
9,-315.31637874084754,-24.97782898950646,161.84755592028907,6.411495022501532,6.104271163110091,6.675963163913591,8.325141896129047,1066.3682484139492,1066.283531967507,22.00059234241714,[0.35713545 0.51974217 0.77609429],[-0.2916123   0.85139988 -0.43598224],[ 0.88736494  0.07061393 -0.45562828]
22,-227.1170411766986,257.23412881308116,311.4022543347928,9.148962226641602,9.93704185416426,14.478682160361348,11.315844387527747,2175.3351120736593,2174.205170307845,76.21465959370924,[0.81787677 0.55942485 0.13461584],[ 0.30128195 -0.61568311  0.72812327],[-0.49021095  0.55495778  0.67209753]
7,-456.29208717531714,155.94524658715935,61.78857295334852,2.021673540779326,3.8542951739180404,4.391975586040204,2.365638731149028,1286.2910887565715,1286.2781105396664,15.104277275017424,[-0.34471389 -0.85531647 -0.38678943],[-0.01534478 -0.40685514  0.9133638 ],[ 0.93858237 -0.32078439 -0.12712397]
2,-257.07217405983727,256.5626137536172,190.67513865978339,0.813073661989705,0.999509037204291,0.7854006901213495,1.4997691381091158,580.1202684206197,580.1202207526875,0.23517284008721465,[ 0.16012678  0.68712509 -0.70867378],[0.76263785 0.3696884  0.53076737],[ 0.62669205 -0.62545151 -0.46483059]
127,-249.08717849802764,2.9024049839848254,21.46852871837072,16.78321905468725,30.747250658959558,15.254445479499747,17.36843845304237,2847.646223734642,2827.0510406533567,384.66281669985796,[0.08594842 0.32393859 0.94216594],[ 0.01765893 -0.94601205  0.32365005],[-0.99614308  0.01117957  0.08702865]
58,-312.49378332095415,-171.19454918405762,154.68302632437536,8.404263542263019,19.412885771097724,17.279415915435816,16.16218136410688,2963.6790810253992,2962.7448233268296,167.80839750514912,[0.11988347 0.53638849 0.83541328],[-0.58288778  0.719207   -0.3781311 ],[-0.80366025 -0.44162052  0.39887532]
4,-237.63472831807846,-29.930476895332784,59.004524806499404,2.116815681193001,8.435672291317045,3.0978894064869342,1.9213961329152223,493.67453126928996,493.37909440087725,18.041217268558572,[-0.25833966  0.17938855 -0.94925253],[-0.07209028  0.97628847  0.20411718],[-0.96336058 -0.12116344  0.23928186]
330,-331.0993703559691,-47.05696745276955,221.40663253786758,18.96480258964243,32.0558265289785,34.60198178926929,23.968201901130055,7334.772139185662,7308.003199642495,817.8954957380522,[ 0.48449051 -0.64979536  0.58569184],[0.29216216 0.75126579 0.59181161],[ 0.82456669  0.11561012 -0.55382676]
10,-222.679153377388,-84.37906078053413,274.99088976540304,3.4998190582004884,8.59929990968306,7.800408143287218,6.965252321618515,1150.8395988607085,1150.6724238373051,31.280440005651243,[-0.68957886 -0.31150221 -0.65379459],[-0.38727896  0.92145615 -0.03055431],[-0.61196079 -0.23213129  0.75605493]
16,-338.0297380617026,-205.72019765010577,275.10409922747715,8.84458229808555,7.6419947754349415,6.05361386685718,7.762729827553818,1928.3422660218525,1928.1555662425174,42.50127644243646,[-0.7046034   0.29507755 -0.64533967],[-0.10700681  0.85485605  0.50771122],[-0.7014867  -0.42679079  0.57075917]
5,-149.32506789363055,163.96124018618008,227.5445210021564,2.4871257479775233,3.5128560154231003,0.8521360335152088,2.1954180053218644,710.5410107010406,710.5136556471512,8.489426191374726,[-0.84779942 -0.48971982 -0.20349606],[ 0.24566512 -0.70274084  0.66768553],[ 0.46998383 -0.51607152 -0.71609035]
5,-262.99879140756246,-196.58580539831678,188.25579204343305,3.627484843723998,4.060988804449372,3.9187978369003575,5.484435153926989,846.4551450528712,846.4246900870816,8.65262916264274,[-0.45632424 -0.21618899 -0.8631515 ],[-0.55585336  0.82673667  0.08679589],[ 0.69483468  0.51939273 -0.49742936]
4,-315.51633446006014,-131.2887216826985,60.386797822113095,0.7270769811345222,3.0803642205884567,1.7658732554124776,1.5341516535166124,694.102260385507,694.0856597765827,6.560685299518769,[-0.1101432  -0.18453279 -0.9766351 ],[-0.40161204  0.90708703 -0.12609875],[ 0.90916239  0.3783395  -0.17402006]
114,-209.55985817186647,-110.51008438856528,143.1371295299708,11.726708950996287,15.977871553707795,18.235518118972227,17.647314339566627,2965.9059284057885,2964.794654752129,217.32987443506735,[0.243182   0.56396485 0.78918069],[-0.60784543  0.72264136 -0.32911   ],[-0.75590108 -0.39966625  0.51853683]
9,-324.8842335319513,53.10819032520507,271.79985663761744,2.00246569808921,3.393574500189298,7.739169908183675,4.825659429243198,1280.9325153199356,1280.8276525674455,21.61762361719658,[-0.16263124 -0.98668566 -0.00157852],[ 0.62811704 -0.10476341  0.77103412],[-0.76093368  0.12440274  0.63679188]
103,-303.16647377775536,191.11581643654327,212.01707765994496,18.054323514544535,19.854996132893554,14.150922966403911,22.291800172286816,4235.226665623161,4233.952625799051,209.06542203947953,[0.54370354 0.83905276 0.01941484],[ 0.417701   -0.29058842  0.8608625 ],[-0.72795078  0.45994439  0.50846713]
7,-257.9056570225733,-286.3520734732686,54.10035232210317,6.20614580635307,8.376039490615309,7.698959011844883,5.189122599855988,1030.024110245069,1029.8398826612627,31.417007042738657,[-0.20122518  0.35396507  0.91335489],[-0.72142868  0.57718211 -0.38262445],[-0.66260779 -0.73591409  0.13921698]
2,-398.862815532559,224.9104831545252,49.87887687509938,0.8377751213552642,5.032058697557815,1.8276474054882392,1.9294137335692483,651.4499784060353,651.4106184933305,7.16103898609076,[-0.06862649 -0.33046291  0.9413207 ],[-0.49545816 -0.80767281 -0.31966519],[ 0.86591663 -0.48832253 -0.1083028 ]
9,-209.31365736804807,-240.49232798154875,359.5433765139808,5.283599636608243,5.143871138062737,3.873632894633047,4.8698841552016185,1441.8088799884943,1441.730987201141,20.285168703687674,[ 0.66234589 -0.74106352 -0.11010348],[0.60954432 0.44758245 0.65431312],[ 0.43560721  0.50049456 -0.74816546]
5,-320.627741992353,167.80768293400743,97.5186715582017,7.375267415439744,1.7582521228387369,1.9534518757076427,5.902481199745569,838.239623401819,838.1815513459683,11.559739496771602,[-0.17582885  0.22144655 -0.95919009],[0.48690901 0.86640048 0.11076923],[ 0.85557222 -0.44756188 -0.26016253]
2,-371.14119374846746,-1.1631927098022214,292.3394077706779,2.9552950462588403,0.13993523973561073,2.4405261667390334,0.8117685641003902,668.1679093890707,668.1468807099176,5.3010315004629565,[-0.02470301  0.99931966 -0.02738564],[0.61827347 0.03679874 0.78510112],[ 0.78557475  0.00246254 -0.61876187]
2,-299.8089282589842,206.68402312680323,46.6463174412814,0.6562247937985717,0.6502309954574059,0.1356985940597326,0.8847284127230637,519.1925069874382,519.1923353746928,0.4221375053286392,[-0.53271401 -0.65058118 -0.54125771],[-0.22205804 -0.50969963  0.83120185],[ 0.81664314 -0.5629835  -0.12705735]
27,-301.4971585425151,-165.32115280721806,278.8096487877997,9.545705207494642,9.452232407814977,7.777275432403378,10.330284938047967,2301.426068692723,2301.085047032547,60.37221802143902,[-0.60191102  0.77538881 -0.19098511],[0.41687887 0.50908662 0.75302246],[-0.68111316 -0.37363486  0.62966806]
4,-236.71513805780938,229.6649705790236,347.2736151259991,1.0778821550817583,4.723156626269005,3.7456525939106,2.2923961949098586,957.9368123582257,957.8938844458502,11.336743821089112,[-0.86678346 -0.20803693 -0.45321857],[-0.06648803 -0.8525034   0.51847593],[ 0.49423251 -0.47953997 -0.72510388]
4,-214.18728118967599,105.9489477147743,169.91320187846364,2.619331933090004,4.021276062259647,3.427232699738663,4.9140659165936365,586.5260124991642,586.5132288093255,6.528852575369803,[-0.37275789  0.49999306 -0.7817023 ],[0.57230745 0.78698753 0.2304665 ],[ 0.73042162 -0.36146585 -0.57950557]
2,-353.4271622689481,80.51570575169745,274.67502564084697,0.877475429542784,0.5569961429000116,1.745888091960751,0.2739247812751273,643.1858766267144,643.1795746923275,2.8472075216403026,[0.32061359 0.93712764 0.13783583],[ 0.54157963 -0.30074917  0.78501047],[ 0.77710902 -0.17703595 -0.60395351]
8,-74.12980067010565,-70.89468838598734,17.31044447668742,5.9385400865267295,3.436933414890599,3.7957825486680066,6.27530406925375,294.9274778900918,294.8883381862521,13.319510938186015,[-0.07556141  0.31213956  0.94702659],[-0.69686     0.66278246 -0.27405392],[-0.71321569 -0.68065285  0.16743679]
5,-147.33563065323307,100.26511617440448,113.00780656426173,2.6423756859987044,1.8069957641854009,3.7902639378852485,3.764950081700595,471.9914070261689,471.9481386441695,7.187504414623543,[0.70973806 0.36108583 0.60488753],[-0.09389727 -0.80249693  0.5892215 ],[-0.69817992  0.47499021  0.53565764]
21,-103.62170590863505,-55.180904738898604,111.67313154359397,6.75753796180535,10.331644469596942,10.348122058612047,11.588132751430665,745.7455462204344,744.8481207589853,51.00165376190498,[0.4195903  0.59667973 0.68404479],[-0.64575793  0.72582338 -0.23701713],[-0.63791902 -0.34227726  0.68985912]
3,-329.72965157885625,104.26716118407676,180.4081281871817,1.4807963176354055,3.9563861803112035,3.1173028611042484,1.9959582209882458,675.6489273239692,675.5999042429551,8.422400959121113,[0.53339992 0.37432212 0.75852981],[-0.02959915 -0.88794322  0.45899971],[-0.84534515  0.26728225  0.46254922]
113,-137.6775779098441,-114.74532379874395,181.38330338667578,11.164701035490864,23.131158858766344,21.180882792950005,24.489504353885295,2730.954871269449,2725.7121936380663,240.25404456178975,[0.45362839 0.55684367 0.69580631],[ 0.71190576 -0.69609641  0.09295147],[ 0.53610771  0.45318309 -0.71218931]
5,-156.68224514137458,-169.99002835205948,132.19349572331757,4.210462124763048,4.131628072702931,2.7947355076319957,1.1313269317256252,595.6446286266744,595.515334552115,14.339160284611173,[0.12467017 0.53494084 0.83564086],[-0.79899277  0.55347516 -0.23510806],[-0.58827537 -0.63836004  0.49641571]
59,-319.4603208740281,-318.2618606140544,59.71766910614572,9.021885563261709,21.735591743835844,8.293989885557354,16.968694029728574,3498.8005895934634,3496.797683659816,140.89441547078292,[ 0.36659468 -0.19739687  0.909199  ],[-0.61091449  0.68597088  0.39525616],[-0.70170637 -0.70034165  0.13088067]
3,-307.2061278842102,-57.97277114249734,115.2205344712445,1.1560530250185528,3.229478200820996,1.6056413961752358,0.9985858399351988,577.1296412555656,577.0968072985686,6.326865605708253,[ 0.38316874 -0.28286406  0.87930065],[-0.05514592  0.94325186  0.32746733],[ 0.92203072  0.17396509 -0.34582583]
5,-289.2083841245135,-106.90020990471442,77.50757871852231,3.8637186200288096,7.112449816942624,1.809975181081797,5.084633744403033,711.1350264742371,711.0032688313762,14.6604712679628,[0.218529   0.11159924 0.96942802],[-0.35334601  0.93507379 -0.02799298],[-0.90961073 -0.33642624  0.24377388]
3,-266.8717035399311,3.214507972013783,230.15810607628262,0.7395402481922215,1.102559498848383,1.5118251593753333,0.5872885220157036,610.4282981911025,610.4195627598026,3.3312504340740556,[0.37714015 0.82246591 0.42581114],[ 0.53324803 -0.56874131  0.62624265],[ 0.75723962 -0.00911829 -0.65307351]
12,-106.53101783733977,-53.94790557503243,71.69329985421122,11.171012156259389,7.793205648646676,10.35873649552535,10.052203278828989,485.840044891688,484.12184811931985,46.832757703526845,[-0.30751651  0.92087697  0.23962302],[ 0.56574218 -0.0255398   0.82418657],[ 0.76509436  0.38901583 -0.51312503]
6,-272.94451486340233,-220.8073973258353,249.8000389501201,5.37540917291111,3.063879153279773,3.426132371499521,3.682450473014424,1055.5329852967454,1055.504061813126,14.75242357956255,[-0.45306777 -0.36171606 -0.81479512],[-0.6272094   0.77884488  0.00300402],[ 0.63351241  0.51240818 -0.57974122]
15,-291.65712278788357,-0.06733833487549283,290.7478489380016,12.446289450212467,5.9821635770798975,5.197300411760931,7.751776188855604,1595.8647109379895,1595.410347052098,48.56648017146269,[-0.16821474 -0.97114686 -0.16904901],[ 0.68539392 -0.23848218  0.68801266],[-7.08476513e-01 -1.31288680e-04  7.05734378e-01]
2,-244.21031395073874,128.5070302311638,132.59681538844924,0.4131607379133726,1.5249890389585232,2.2294814506067553,0.6550175061450147,432.99449555580503,432.97824153709155,3.751737873841249,[-0.60170703 -0.60289618 -0.52389392],[ 0.04122858 -0.67848948  0.73345227],[ 0.79765209 -0.41972399 -0.43310844]
2,-143.72934739764355,124.08603220581763,109.63987008918524,1.74720668002972,0.9612734163539471,4.128801715074573,3.7536041139989607,310.15284485709697,310.13049966981805,3.722948764019665,[0.70488956 0.69611376 0.13622163],[ 0.2711269  -0.44188232  0.85512   ],[-0.65545473  0.56583182  0.5002134 ]
16,-375.00865122869584,-2.9211819955972187,114.90411787345562,6.900029530146056,5.986899498856418,11.61055023279856,7.789743383770896,1569.9325184896607,1569.315705638004,50.19628251102764,[-0.11927612  0.92295331 -0.36596503],[-0.26789538 -0.38484251 -0.88324872],[-0.95603623 -0.00731014  0.29315744]
2,-358.78949673324075,39.854742251763696,207.7368402443411,1.4829395928498457,4.255128120669415,1.8586666380489874,1.7972243916924526,589.0613857783928,589.0265342424904,6.407665209819021,[-0.50765832 -0.19013344 -0.84031679],[ 0.01446325 -0.97708831  0.21234227],[ 0.86143708 -0.09564361 -0.49877696]
6,-341.56489751711075,-275.1733912135514,20.34164565363603,8.81221759828148,5.874169223620916,5.385718439230209,10.6494678385564,1075.9382032028602,1075.8698088682384,12.815041060062605,[ 0.61743475 -0.74851914  0.24185415],[-0.11669894  0.21689458  0.96919456],[ 0.77791753  0.62663852 -0.04656686]
50,-335.889765637026,165.27066437953047,171.88544027625107,17.369032175482996,8.707594543009042,17.19910328867132,21.827176478323572,2918.2828826139266,2917.0800249947756,98.45700923318395,[0.57882865 0.58165749 0.57151725],[ 0.01429552 -0.70799224  0.70607551],[-0.81532388  0.4005266   0.41812129]
12,-247.11159122271167,-150.68717574398514,44.14787031734244,6.8420656136634666,4.514408087921289,9.561933903438252,3.6169924588304116,1015.0451929776843,1014.4076288390454,41.74388808365779,[-0.3772661   0.76970148  0.51500478],[-0.38093534  0.3779017  -0.84384748],[-0.84413184 -0.51453857  0.15063699]
6,-386.03943138894493,-257.70793453027017,4.957521261237893,7.305368848242607,9.783957323899333,2.3610213759804846,8.174999800831163,1137.4008465709876,1137.2011309847219,22.841087478149973,[-0.01380766  0.03982648  0.99911121],[-0.55519644  0.83071858 -0.04078681],[-0.83160463 -0.55526615  0.01064124]
12,-303.32888104734224,89.42805701364848,260.91585522517335,5.986662283552269,5.8044053061931065,10.982150259263475,7.3232260784571634,1420.947026706069,1420.503194465728,40.403686698854465,[0.49646255 0.81538183 0.29778752],[ 0.45415791 -0.53633467  0.71139701],[-0.73977397  0.21793941  0.63658219]
15,-288.3544272062008,-197.96603576913014,232.85326137607544,7.334370416545896,6.129465387840504,6.555427307117049,9.187625549010843,1627.9324039983753,1627.8514166316008,27.386355899062185,[ 0.63676331 -0.75737137  0.14464123],[0.35153559 0.45211241 0.81976649],[ 0.68626176  0.47115068 -0.55413159]
11,-197.03975368370084,6.5235384693610845,163.18782771643944,6.410396241620482,5.290747538751961,5.70570100834372,4.966194383920511,849.3398296539264,849.0900419285065,29.133821815511276,[ 0.2944788  -0.87232214  0.39030286],[0.56605594 0.48827454 0.66420527],[-0.76997591  0.02533888  0.63756963]
18,-281.22876443790614,-196.20967203521758,119.1377888937683,6.3353801169826855,12.011829841419381,4.406973803434775,7.5066526605281965,1541.290675907122,1540.5259775416314,51.77909496844633,[0.14946356 0.3476825  0.92562278],[-0.61469686  0.76592333 -0.18843892],[-0.77447299 -0.54081266  0.32819697]
5,-201.11329686309813,100.76435297564025,203.35371363961426,4.397110721421523,6.734467530389891,5.360250318616974,4.160431377496819,678.2910981254755,678.2368372887751,19.432871811553607,[ 0.24708354 -0.74848325  0.61540438],[0.70656052 0.57378354 0.41417953],[-0.66311534  0.33248349  0.67062118]
15,-218.4650390066587,-199.42842609462113,183.58606101026032,6.614388935981492,9.331181267410631,4.6265756163478065,4.71367950709843,1348.9747542902128,1348.6895960722297,44.10941325955343,[0.49206359 0.23295998 0.83881051],[-0.6034543   0.78575332  0.13577418],[-0.62746819 -0.57299333  0.52722131]
6,-330.1225310773561,-112.16687172800273,323.82389043792534,7.007873948333147,2.7074307740530306,4.953561244321505,5.050719923808942,1165.7584562865877,1165.648435123792,18.252181789588033,[-0.33388063  0.94251192 -0.01396415],[-0.63807489 -0.23688971 -0.73262794],[-0.69381853 -0.23570011  0.68048608]
11,-386.1678253373224,148.71499306128078,157.92445314206577,4.736444071431233,7.810286805214727,3.9288382789434895,3.887385930083401,1469.3342433074552,1469.1196635838808,30.341581892235556,[0.40252686 0.07657402 0.91219984],[-0.27895509 -0.9388389   0.20190486],[-0.87186936  0.33573492  0.35654716]
2,-205.10942023674568,-18.685277400897288,46.41474582507026,4.032987316563876,2.5172630137000986,2.530472060242694,4.696829493386289,298.67154996762474,298.6483201710013,3.724999208384858,[-0.12504765 -0.59657364 -0.79275657],[-0.20158588  0.79763885 -0.56845   ],[ 0.97145572  0.08872519 -0.22000368]
4,-145.19865259409957,12.659995910441022,10.729990018563793,4.321810278826749,7.366420283910504,5.727613475409996,5.038245040019155,292.9436542248622,292.5237749254131,18.00815692919127,[ 0.01081587 -0.57322629  0.81932572],[0.11439864 0.81470312 0.568482  ],[-0.99337605  0.08758112  0.07438803]
2,-90.99076321681808,-2.4600871764907786,85.18522622649331,0.644273992602379,1.7403157063945414,1.4118076397483676,1.4004275476898016,176.3367844523709,176.31707723054208,2.636252620854223,[-0.6528271   0.31659311 -0.68817554],[0.20287121 0.94835946 0.24383931],[-0.72983563 -0.01957391  0.68334238]
42,-388.33653520575007,239.41462863999675,124.33469006432854,8.492875999032838,11.217507934450536,10.826955004236238,7.913857210968939,3066.0331496201966,3065.336226282243,103.26926329041923,[-0.22859686 -0.71410719  0.66166034],[0.52282854 0.48327145 0.7022101 ],[-0.82121483  0.50645793  0.26288129]
47,-252.8062254794405,-250.8853974526075,15.476513407830481,8.558388632944206,12.307678090423678,7.823983055679319,6.42568056037689,2446.2640334238445,2445.005965725862,107.01287203378958,[ 0.17828111 -0.11942146  0.97670587],[-0.68238045  0.70013482  0.21016221],[-0.70892367 -0.70395294  0.04332994]
5,-113.32976114343475,70.46258380984573,101.48317675457767,3.149975993620779,5.238545863902233,1.637866018819497,2.248218347453215,375.1318001363779,374.93774839951084,13.143323007192043,[ 0.58305389 -0.19722687  0.78813053],[-0.45066578 -0.88566874  0.11176418],[-0.67597967  0.420348    0.605276  ]
