N,MEAN_X,MEAN_Y,MEAN_Z,SIGMA_X,SIGMA_Y,SIGMA_Z,SIGMA_R,LAMBDA_1,LAMBDA_2,LAMBDA_3,EIGEN_1,EIGEN_2,EIGEN_3
7,-302.0126483055841,-20.486827228218782,5.463507264374534,8.589563180764408,3.8712832408673408,2.670020168949002,8.559552285622003,801.4126278956546,801.3595489308096,12.649887011285857,[-0.03939749  0.32782217 -0.94391762],[-0.05780253  0.94232144  0.32968039],[ 0.99755035  0.06754941 -0.01817615]
169,-212.17555428321052,-111.541574140748,148.2628927019955,14.164950063341445,17.701018219891903,20.95739926233112,20.20479441563325,3682.189638900459,3677.384309564621,303.073982160413,[0.13110402 0.69426824 0.70767461],[-0.64693952  0.60080769 -0.46957361],[-0.75118639 -0.39625968  0.52791786]
74,-134.32108067857433,-122.01528748687923,30.33261835627493,12.449096727729332,14.847110687091142,18.008472288368534,10.962810086293036,1594.9402294680892,1589.7849874170463,205.18504965257338,[ 0.54393972 -0.7078436  -0.45065177],[ 0.41488591 -0.23995088  0.87766352],[ 0.7293828   0.66436512 -0.16315552]
312,-241.37371978624708,-183.27701882292408,300.6723657160541,24.93671833918624,38.79624229517845,31.642631442837498,41.26225502488594,7600.202666678414,7580.302477643894,674.876872826985,[-0.77388551 -0.02028675 -0.63300052],[-0.2868722   0.90230103  0.32180303],[-0.56462869 -0.43062896  0.7040974 ]
51,-315.1877573206464,151.72050378545674,319.56959204516016,13.264774476797387,15.371102464344338,5.756675031414416,8.118856427852409,3386.22075050377,3384.8516206216577,139.3046765021726,[ 0.54866882 -0.40269136  0.73266786],[-0.50618794 -0.85747801 -0.09222385],[-0.66538432  0.32026729  0.67430895]
39,-376.7067344051567,1.2039749611757309,120.4303698959069,11.901387998320528,6.971871350681395,9.539115678388718,11.8550628898562,2471.71488172463,2471.2985623466116,73.8326422831981,[ 0.08979568 -0.9524668   0.29110776],[0.29093118 0.30462504 0.90695239],[-0.95252075  0.00325192  0.3044563 ]
123,-291.26045122705017,-242.16210847188552,155.57616227757939,15.405200520923737,25.484240964007427,24.87876036389167,27.871593669610196,4557.846543037304,4555.950445065662,298.0117032216939,[-0.17603522  0.67354311  0.71787971],[-0.68211312  0.44234028 -0.58228582],[-0.70974171 -0.59217798  0.38156512]
14,-317.3398372981442,169.0805076903477,94.9406024082365,6.433685309577851,4.876969093517043,5.088361920188885,4.97117384702377,1391.8861199437988,1391.7092349663064,30.50556362975174,[0.42756496 0.33004298 0.84158175],[-0.29823776 -0.82734415  0.47597888],[-0.85337122  0.45450334  0.25531209]
220,-289.8707396296442,228.17285102687646,278.2528996409399,28.474013276125696,16.977625758126965,15.284514361428684,18.61284228243492,6869.147525218546,6865.290000221599,463.1331765731151,[-0.02422068 -0.78523952  0.61871823],[0.77747211 0.3742668  0.50543198],[-0.62845086  0.49327808  0.60143683]
184,-135.4002844819726,109.08904924564449,154.51218063831166,28.730947959463382,23.684463452452526,30.823432042217352,43.09788273447408,3218.31978521755,3213.9565795339804,290.444369015957,[-0.68947826 -0.71752171 -0.0989056 ],[ 0.42979008 -0.51520515  0.74151476],[ 0.58300961 -0.46874967 -0.66360647]
267,-384.13793375064375,92.93927063651662,172.22853040196594,21.736061408689576,31.77745299435295,34.96973629182213,30.953773894478275,7090.480675261111,7068.078794063068,679.9824323284512,[ 0.10724354 -0.754202    0.64782572],[0.44467594 0.61916576 0.64722258],[-0.88924807  0.21866207  0.40177701]
91,-46.970938295116284,2.6465375432131277,22.22902414356375,17.591131062185312,18.516892955864144,18.91566557986937,20.169626023736555,562.7724610399132,551.9461654620792,235.01647931382993,[0.42631861 0.43009255 0.79578442],[ 0.1627797  -0.90184965  0.40021241],[-0.88980628  0.04108044  0.45448563]
6,-259.6454209714191,-300.44678522363694,3.7301934733740834,6.174116282036125,4.340779909576399,3.7111800943640905,4.325115914011425,972.9075311325657,972.8116861087459,17.67300837629264,[-0.24146584  0.22041532  0.94504568],[-0.71703789  0.61567525 -0.32680369],[-0.65387378 -0.75654548  0.00938159]
2,-330.1208721708251,199.02538580539616,142.89409809237293,0.2302810817577381,2.460894197202066,0.37964847872261487,0.8744773684965992,581.4049722354284,581.3955322631606,3.3131260940982896,[-0.4435664  -0.09596337 -0.89108915],[-0.39804832 -0.86971773  0.29180234],[ 0.80299837 -0.48413025 -0.34757951]
14,-414.7509419011387,-43.07299222299805,240.08240440311485,5.234456679728855,4.261544186831781,10.439717454554414,5.572733260649875,1800.8706633264735,1800.5088539555766,41.58498616474192,[-0.1909448   0.96911824 -0.15604461],[-0.46969076 -0.22979384 -0.85239978],[-0.86193426 -0.0894686   0.49906383]
98,-213.38347324798315,137.56620216990467,269.5323594050871,11.70427027567809,15.947560834044204,28.32959028377712,29.33849606130252,3680.4722214266753,3677.9813464279396,181.90994741083523,[ 0.04159473 -0.87636489  0.47984836],[0.81762451 0.30588506 0.48777505],[-0.57424737  0.37204691  0.72926062]
12,-234.12007397296654,105.06937648572763,159.2627429856212,7.761199772850252,7.563214928978595,5.550780919943225,6.359890585836941,1046.9811144957707,1046.5632773796915,35.88236559742134,[ 0.42549489 -0.32968321  0.84277107],[0.46680829 0.87777642 0.10769664],[-0.77527035  0.34758816  0.52738824]
32,-301.8252764812124,93.04410021477823,292.0627730024431,9.132737755253965,11.36153604344059,23.155103485701552,12.902406909669963,2437.7799300216916,2435.176184045606,136.6271209923227,[-0.05711412 -0.96677443  0.24916899],[0.71119068 0.13575995 0.68976594],[-0.70067524  0.21660204  0.67980715]
19,-181.57907361501054,-40.38419193702996,145.31978149944024,7.138185065313378,6.3015308234544625,6.209933330128382,6.4987984068217335,1029.7895108940513,1029.623559006747,40.83377179099007,[-0.61348257  0.4659473  -0.63759882],[0.17804994 0.86820729 0.46315691],[-0.76937466 -0.17061426  0.61559192]
20,-54.5426940855269,-53.48526946064287,38.054874727208905,6.551881740218332,10.445185776370383,20.59007448584346,6.738006721007242,396.08837283116645,382.8752648621355,104.45028618045977,[-0.73728414  0.6645499  -0.12159573],[0.22017079 0.40651522 0.88671878],[-0.63869939 -0.62699187  0.4460317 ]
8,-247.82906192814414,27.462629717220914,81.32198552086192,3.847428946073869,5.314393064030723,2.6501818760459135,3.613971912890424,742.0614307337852,741.9153608168644,17.17027357567678,[ 0.30764847 -0.0392138   0.95069169],[-0.11147722 -0.99375483 -0.00491548],[-0.94494722  0.10446822  0.3100986 ]
11,-380.8236595758279,91.74642860048108,77.90279462591835,4.257829696310116,7.59073293038703,3.6203315319968974,4.57769362805112,1324.9473701558143,1324.7652684958457,27.392199777460792,[ 0.15024726 -0.1986237   0.96849078],[0.26128724 0.95275742 0.1548621 ],[-0.95349606  0.22978667  0.19504703]
11,-292.14711819852477,165.33456376514275,195.0772302790736,8.998825810932619,6.155731992469904,10.74300329531534,7.760325651657553,1288.5144507013256,1288.120525023837,43.852994009289105,[ 0.4719519   0.88074005 -0.03947625],[ 0.45933796 -0.20742746  0.86370278],[-0.75250917  0.42575911  0.50245312]
8,-332.37604021822995,-178.58435916460934,104.17877165265298,6.3087625891134405,5.024009067789217,7.124490818566781,5.168417891616735,1107.5175621823444,1107.2738648342665,26.701697751142163,[-0.20415117  0.74827798  0.63119122],[-0.48712947  0.48162359 -0.72852151],[-0.84913319 -0.45620036  0.26618424]
8,-293.36602784947024,260.684406089996,8.395826866247628,3.362562188506261,7.925013993408988,3.4691207170171077,6.844297879380192,1110.5777086686708,1110.4614461915774,17.84661263181482,[-0.30309501 -0.36943679  0.87843604],[0.5914266  0.64986745 0.47737499],[-0.74722687  0.66422042  0.02152316]
88,-379.77562010725904,51.72961613211458,277.467559599549,12.323028092002176,16.842682711249573,15.112197156828726,11.529223916712102,4443.923969920461,4441.514951005436,215.93537215613404,[0.50743645 0.64197117 0.57478801],[ 0.31362854 -0.75889353  0.57071688],[-0.80258669  0.10933262  0.58643072]
291,-329.3089914413816,-52.242632245210075,217.96244991157022,16.945247338445803,29.971421251620967,35.19910613951272,20.812984356713873,6839.033391893092,6812.672370145394,760.695283049192,[ 0.45568886 -0.727533    0.51287756],[0.33259114 0.67360718 0.66002765],[ 0.82566991  0.13018872 -0.54892632]
38,-283.5356173724206,125.08533741336767,252.93167848617304,9.114430848714946,4.170338650000864,14.288437279224894,10.998016127352136,2468.0592221880133,2466.929081023429,84.26670283831609,[-0.38472986 -0.92269511  0.02483267],[ 0.5914434  -0.2257768   0.77409272],[-0.70864493  0.3125037   0.63258501]
10,-260.28647396704565,-111.5478023636571,201.39114037423565,6.350941744276096,8.171898522401927,5.928968921610148,6.70161877486247,1099.4195407627496,1099.1572103849228,31.344611964450717,[-0.59436856  0.71220589 -0.37348198],[0.2926501  0.62412939 0.72444353],[-0.74905403 -0.32128691  0.57939001]
2,-233.27244063539322,156.88992457245536,24.97313388302883,3.8826168356625317,0.6627105038030834,3.9595472647759173,2.4899576800156638,399.21254820340965,399.14994974060545,7.069389304026346,[ 0.42857368  0.72339199 -0.54132119],[0.36479645 0.40958349 0.83616082],[-0.82658826  0.55582857  0.08835413]
4,-197.02050765015395,-208.26214819599272,322.50843536487037,5.5042679989790635,2.504819370726881,8.251896993155592,7.330639577447402,863.2412607208307,863.1704853506673,14.27261819749971,[-0.83347926 -0.06185926 -0.54907719],[-0.31112905  0.87374948  0.37384564],[-0.45663009 -0.48242645  0.74749828]
8,-457.27331987542374,124.79232654883899,82.13732085114485,6.421792266381887,3.313121991427645,3.407828797992119,5.544985744462183,1360.8091080969414,1360.7540686276575,16.28069012389231,[ 0.06863426  0.71164603 -0.69917756],[0.30280123 0.65290945 0.69427708],[ 0.95057917 -0.25936302 -0.17067534]
22,-192.26401186032942,-72.6916539953987,219.0604898423755,7.688817001541234,9.843772080846817,12.334837572942954,9.719909624306577,1411.2086927880923,1409.8636122657006,69.0146668767731,[0.33822225 0.76373358 0.54983336],[-0.69048751  0.59837532 -0.40641601],[-0.63940027 -0.24219413  0.72973235]
4,-479.548541378044,-22.326236971291195,44.42229077335213,3.781476103203521,2.470554857959894,0.7489133043750109,3.8364919431479643,964.2808201435936,964.2686798075397,4.996012250358852,[ 0.10254664 -0.34974579  0.93121537],[-0.01093435  0.93569768  0.35263336],[ 0.9946681   0.0463436  -0.09212841]
33,-343.3007222985103,-202.11453279847328,87.26038345193909,19.471217588334156,8.098969862669692,8.988076824999892,15.842822650730994,2346.0426085874287,2344.9664421968882,94.98891396770422,[0.22997551 0.029454   0.9727506 ],[-0.48746777  0.86859878  0.08894566],[-0.84231018 -0.49463989  0.21411432]
4,-332.6594995523243,254.72787768766494,51.21829816029276,5.898849344310216,1.9960805600785365,1.9023534966068683,3.958147065293894,844.3064881048742,844.2477244401607,10.349813648457959,[-0.23983902 -0.1195012  -0.96342966],[ 0.56681978  0.78844223 -0.23890202],[ 0.78815771 -0.60338902 -0.12136356]
14,-364.52426810736824,139.7094635532401,13.954815396318294,6.345211629947298,9.475948324033402,7.093733417836862,8.253019310858058,1462.2287068918424,1462.1678324030886,39.5290279320507,[ 0.00615472 -0.08361644  0.99647901],[-0.35963112 -0.93000922 -0.07581758],[ 0.93307426 -0.35789822 -0.03579502]
36,-417.3411050644763,-90.00826781412064,211.8826541858936,7.907803891582064,8.543753333127487,19.062720369473592,8.32223085637693,2862.5279646164972,2860.5420214475885,123.88641580098533,[-0.09173608  0.96864741  0.23088241],[-0.47456441  0.16130853 -0.86531392],[-0.87542739 -0.18894908  0.44488777]
145,-282.3229344006911,182.85933175953872,228.7279446903977,34.123786194872835,22.974856003753008,16.984130841641353,27.587776186520266,4923.561966352491,4913.190662796366,420.69065881307444,[-0.35304712 -0.89268878  0.2801151 ],[-0.62553149  0.002574   -0.78019468],[ 0.69575002 -0.4506663  -0.55931368]
29,-238.72679197965516,-34.540559794525706,268.12786699402045,10.44350163100907,13.390651601836922,8.277785039889286,9.23415289692087,1944.4707346590878,1943.2398159972827,89.25002475928548,[-0.6343886  -0.4567161  -0.62366779],[-0.39911982  0.88446357 -0.24171794],[-0.66200791 -0.09557507  0.74337805]
17,-297.43703752593706,117.25076650853492,157.27040197722496,8.70946553536838,6.288836329256345,5.775405574818738,7.483387885477479,1469.8266559429853,1469.4900946614923,39.796056287035036,[ 0.16387137 -0.61693817  0.76976196],[0.52549598 0.71497423 0.46115704],[-0.83486535  0.32893638  0.44136234]
62,-311.84911893497747,-308.6589090556983,63.752172095892575,11.720881822082001,14.399807201814756,11.517839982657849,12.162605768034696,3494.0763430773577,3493.8110181436105,142.8084027214448,[-0.05165569  0.25130828  0.96652772],[-0.7090626   0.67230076 -0.21270147],[-0.70325097 -0.6963159   0.14346514]
2,-296.29655405963075,329.43444694957884,173.01309523557455,1.5333183055662403,1.7480555383676801,0.04277416893047814,2.150243513928558,672.6925635093661,672.6913965360856,1.253007236098936,[-0.75105611 -0.65953781 -0.03040731],[ 0.21883071 -0.29211918  0.93100994],[ 0.62291881 -0.69258665 -0.36372502]
16,-464.06172171807,119.37439907916227,6.841201418059714,6.457153454655818,9.41353117401858,4.194924496345253,5.160103218586836,1917.43970337164,1917.0371703912517,44.01218921562474,[0.0714917  0.22224825 0.97236549],[ 0.23895612  0.94265512 -0.2330264 ],[-0.96839502  0.24901214  0.01428444]
2,-368.76991068444306,98.64537390504711,250.94992620360654,0.9207931791646331,1.2546589713342584,0.8475870667876393,1.4798073916509509,646.0668118913449,646.0653405508447,1.3788278961919567,[-0.5191798   0.18296014 -0.83485204],[-0.28078132 -0.95911208 -0.03557911],[ 0.80722623 -0.2159389  -0.5493234 ]
70,-395.471761771407,179.16022596789756,33.51882279896185,24.238556153544568,11.849511018165142,15.076271586879532,23.767255826709622,3651.5790414174867,3649.4994693298377,166.21555957269166,[0.35984562 0.67458834 0.64454768],[-0.21257648 -0.61337691  0.76064447],[-0.90847255  0.41073025  0.07731938]
11,-292.33885790149213,42.354164761546365,10.539801997011013,6.632936310939579,7.847892792310682,4.505996609500141,6.657394386211425,981.0019186921344,980.602057225719,29.96258800263987,[-0.03436722 -0.45826002  0.88815351],[0.14364301 0.87718661 0.45815972],[-0.98903265  0.14332272  0.03567938]
28,-389.2544034531169,232.66437940465127,126.52576511179606,9.10721246955866,11.58355774647438,8.573247068276782,7.51744612041611,2492.541689426058,2491.9720623102858,81.07052594732937,[-0.02177437 -0.50530482  0.86266617],[0.5621391  0.70736478 0.4285262 ],[-0.82675602  0.49426927  0.26864917]
159,-342.85568998410326,-166.90015438699405,153.33629103877573,21.546866729576564,21.93761343059528,14.469426576971548,21.926315071188707,5197.953553086412,5192.1028496205445,326.2390344789564,[0.21966651 0.37578226 0.90029679],[-0.50589985  0.83293815 -0.22423064],[-0.83415344 -0.40620405  0.3730768 ]
14,-249.7093630689084,-282.40864385111456,158.39850181853276,8.085288934491604,6.627540944903219,8.282285736285699,7.648426650116779,1530.7251781273394,1530.2931098941524,40.623068207269526,[-0.51828102  0.7184159   0.46396485],[-0.59869671  0.08261175 -0.79670418],[-0.61069389 -0.69069088  0.38729714]
2,-396.2793992841555,141.0869502285812,101.76237128586156,2.6719983235456084,0.9520500384429198,1.2077903413533733,1.8522472669660033,612.0587794703385,612.0488560139501,3.4853089871026484,[ 0.06893052  0.70367389 -0.70717158],[0.39597618 0.63132879 0.66680343],[ 0.91566994 -0.32598621 -0.23512028]
2,-209.88467357353682,-185.4072243189098,122.99389709239628,0.8975757681769068,0.489301182788509,1.5659421094965822,1.542190353768575,432.57001973156895,432.56743326483206,1.4958774164468875,[ 0.7113811  -0.67464611  0.19695064],[0.15191201 0.42121407 0.89414845],[ 0.68619215  0.60616114 -0.40213058]
12,-350.5221429981636,-108.7691404860252,261.9808897245089,4.38260848571558,6.069664957767014,10.392236758216809,9.094188411984877,1562.5565829709997,1562.467584011761,31.316764795176535,[-0.02639329  0.93527875  0.35292642],[ 0.62872027 -0.25894897  0.73325047],[ 0.77718352  0.24124488 -0.58119419]
29,-256.4626099508691,-251.50431460140587,11.370006393686799,7.998580558082158,9.015117978131448,6.4274335608521636,5.802093886902886,1936.458052255994,1935.8735965298483,66.60871710885546,[ 0.19437244 -0.15454421  0.96867716],[-0.67306954  0.69735704  0.24631391],[-0.71358023 -0.69986373  0.03152798]
20,-400.826309470268,-73.72708671429977,70.22170659663567,6.83814700151748,22.319642532828148,6.653634412114304,5.859465778835695,1852.514115085881,1849.788903880701,105.73758396327266,[-0.19614443  0.14222938 -0.97020522],[-0.14869052  0.97366939  0.17279768],[-0.96923604 -0.17815362  0.16983167]
50,-234.81760712311217,257.4916817592022,315.2378704379533,12.709865254558439,11.43981349526153,13.338040028699966,10.829782074828657,3325.6224681919794,3324.3154406179433,133.4629428429416,[0.80622659 0.5772834  0.12939308],[ 0.31635108 -0.60549593  0.73027164],[-0.49992067  0.54783077  0.67079115]
62,-281.2191025791183,-113.1250135021251,108.35805223424354,16.907499863939258,10.348219665550074,14.156054998724873,12.139858406897831,2540.686843492808,2537.665086491782,167.28082219489724,[-0.29249374  0.93195229  0.21427165],[-0.387472    0.08935001 -0.91754129],[-0.87424989 -0.35139935  0.3349711 ]
9,-384.2501491161185,-256.1647438772909,4.037691248548813,4.648776341048751,4.404460755300409,2.9430714110025105,3.6313735667167366,1385.6179614094065,1385.5534075764024,18.05895586650232,[-0.09105914  0.15204106  0.98417059],[ 0.54720388 -0.81806811  0.17700982],[ 0.83203134  0.55466033 -0.00870488]
47,-439.1643762563037,-141.51311069025704,102.88369187103791,6.3922269488844625,12.915142684716786,11.37291284319345,5.740323537033161,3242.4759101908126,3241.9881446655313,119.6640503213469,[ 0.24581304 -0.05896755  0.96752198],[-0.27674957  0.95233131  0.12835399],[-0.9289702  -0.29931237  0.21777621]
5,-267.7687224207665,125.05750424125888,73.81941536069435,2.973845181228972,3.851163251901891,3.3108100855250258,2.966842047439441,681.2227871146965,681.2052700039088,11.357939308052224,[-0.35569108 -0.90320558  0.24021559],[0.31744184 0.12499086 0.94000424],[ 0.87904183 -0.4106056  -0.24225711]
24,-297.29849649072986,-254.10407556918037,247.25963408009315,15.750424551725878,17.542143427515445,7.038365953059424,7.084332849385585,2269.8195284599587,2267.212286652951,114.75679726700334,[0.41769918 0.33373198 0.84507417],[-0.64238817  0.7662342   0.01491958],[-0.64254559 -0.54909755  0.53444087]
93,-348.6242513710288,-270.3333152268093,165.49524924035643,18.89198221037272,14.694486662429151,35.117782200493885,11.269977947349714,4560.4228442610765,4546.989085103748,395.9666344151698,[-0.43517155  0.80639567  0.40043944],[ 0.51361639 -0.14294714  0.84602855],[ 0.73947544  0.57383982 -0.35197151]
29,-89.64845917121235,-87.16585787785378,96.48951329215701,8.32779667561137,7.119384335300945,9.546200992562607,6.035044531395154,853.149268915758,852.1377556531456,71.08399714665612,[-0.69580902  0.7182251   0.00158539],[0.43975381 0.42428161 0.79158177],[-0.56786125 -0.55148692  0.61106119]
26,-245.66591574497846,-39.328254303450656,57.798160262479314,8.864108146921222,8.091062668729206,6.189155623342191,8.605685401154505,1303.9761766567108,1303.359514121502,53.048827144447515,[-0.27283928  0.48316774 -0.83193008],[-0.01861494  0.86192538  0.50669333],[-0.96187952 -0.15373217  0.22617296]
6,-287.2069757989216,133.09367617502417,119.86675934445778,6.808389316299938,3.2152337731175966,4.157376109168989,7.177418214111968,829.3583668396801,829.3099297407099,11.628017563274511,[-0.19064874  0.39731689 -0.89765937],[0.49359144 0.82922857 0.26219738],[ 0.84854025 -0.39308938 -0.3542036 ]
17,-350.33200539755654,-38.557584657775415,10.246100905856965,4.98066879028029,9.115242858171579,5.841000354312508,4.628535691874507,1454.4362680886916,1454.1045569089779,45.22986889233815,[ 0.0516644  -0.21051195  0.97622513],[-0.10056752  0.97146478  0.21480773],[-0.99358792 -0.10927445  0.02901948]
61,-206.31258377683508,-148.21742674389782,76.3445212366851,9.702838502435073,10.58246643595248,13.754750505413728,14.80748033958522,2076.921926869649,2075.5804924563085,103.57219037093608,[-0.60146908  0.79482732 -0.08052629],[0.18471629 0.23642568 0.95393018],[-0.77724825 -0.55888499  0.28902029]
6,-223.1554707174744,-87.00157209013543,275.1423987898042,2.709729368077872,4.773376857521358,5.1844272351657175,4.182540468412522,893.7242482272098,893.6196133622184,15.386829492027788,[-0.7748919   0.37243459 -0.5107201 ],[0.15917931 0.89691977 0.41254923],[-0.61172256 -0.23838498  0.75429975]
97,-138.47740249358725,-119.8245822455525,184.1740238963617,11.127536160683345,19.651945040846012,20.608042071597403,21.290064916084837,2573.7073607700477,2568.6169558864776,213.64953463994254,[0.27068214 0.70141773 0.65935146],[-0.803865    0.54152733 -0.24606751],[-0.52965294 -0.46342348  0.71042694]
13,-237.9699152660912,231.00900764946212,96.78025451098361,5.0442500044443825,10.24394315629375,6.104954979166324,9.426371458214513,1246.4192754251721,1246.2595120792928,32.06182198568332,[0.69446684 0.49727472 0.52003236],[-0.20864572 -0.55251402  0.80696668],[-0.6886093   0.66891412  0.27994842]
6,-377.3050513444227,-186.88027216649223,201.62284522432398,6.040077606878084,4.173296824879517,1.7729886381714506,5.784636392944531,1143.6412887445251,1143.612526059406,11.866652714360455,[ 0.58176386 -0.65620533  0.48056777],[0.09097567 0.63963536 0.76327586],[ 0.80825382  0.40032633 -0.43181546]
6,-92.36228969839318,-67.64641235502033,78.9088673653248,1.8893380228705632,3.0376382259202255,3.795562489050926,2.4467312653340345,340.8181441766144,340.6518982579902,11.268656484958244,[-0.7456714   0.3780989  -0.54864869],[-0.05212979  0.78778087  0.6137457 ],[-0.66427152 -0.48625356  0.56771545]
10,-329.8504420755941,-266.00067829142176,11.514759425365288,4.582301641092179,4.856162783068566,4.197258016570689,3.352992712815462,1340.6896144306963,1340.5564505047528,22.56080323791952,[-0.3120544   0.42379168  0.8503074 ],[-0.54509205  0.65317384 -0.52558405],[-0.77813669 -0.62750661  0.0271797 ]
49,-175.06155592253975,99.01667038147838,46.52711414348635,13.065107199666613,12.245149748058111,24.51266560612291,9.049184272899977,1459.2419830718677,1447.9536766807319,201.69789425407396,[-0.36764214 -0.83802736  0.40317416],[-0.38217705 -0.25908645 -0.88702588],[ 0.84780892 -0.48019201 -0.22502372]
21,-272.4162099763131,-222.62774261023682,244.69117202639313,9.76556551971934,14.847556638632803,13.179483941256102,9.109576177867593,1966.191813561373,1964.5194144108802,92.23185413741196,[0.09987011 0.67812937 0.72812535],[-0.76599551  0.51944724 -0.37871552],[-0.63504081 -0.51991839  0.5713213 ]
69,-363.9580827585651,-157.71543279095556,230.94813090115903,14.439235212071855,13.38926833442534,12.457285414483858,13.694791649739065,3816.646744589778,3815.350527374677,156.89819446420952,[-0.58068023  0.67583988 -0.45392832],[0.18391748 0.65204443 0.73553547],[-0.79308564 -0.34362555  0.50292808]
15,-197.20642640689718,-175.55407694608994,152.2274285227677,9.583229940215224,8.602306623808888,6.903648011105546,5.819338607832929,1181.450356522305,1180.8323539460814,51.95106524637372,[-0.09179378  0.70898355  0.69922545],[-0.75689598  0.40660561 -0.51164476],[-0.64705671 -0.57620674  0.49930293]
2,-321.0840398206415,55.77731446223155,256.1559227591742,2.365962126370391,4.07994319091614,1.7605949841694581,1.293604261541276,586.2546709557012,586.2142954139982,6.880339355525527,[-0.56692424 -0.5808339  -0.584148  ],[ 0.28030428 -0.80281846  0.52622432],[ 0.77461372 -0.13459013 -0.61794747]
9,-415.4980158402898,13.051740531710728,217.06121050191106,4.552887885432937,4.483186565995654,5.478252445751843,4.169348271556463,1407.0510823802401,1406.9977618479143,21.93124189716223,[-0.09998567  0.96322511 -0.2493998 ],[0.45278469 0.26724602 0.85062658],[ 0.88599599 -0.02787394 -0.46285436]
2,-222.58833396376895,-201.06150761495502,55.19596613318289,3.412353263552106,0.9741731917490171,3.8047517960864283,3.820957811817266,431.38140952751553,431.3525114599511,4.993129593640143,[-0.66043183  0.61151967 -0.43574475],[-0.17648475  0.43763651  0.88166174],[-0.72985131 -0.65917978  0.18110518]
8,-434.5911272876709,51.06758779568603,196.52259476040524,5.461596055341432,7.448675432070546,7.1037751704146705,3.794663508246096,1357.1342638037195,1356.8211388553918,31.161208822633853,[0.34728168 0.74025423 0.57569011],[ 0.24192976 -0.6638414   0.70766135],[-0.90601624  0.10648126  0.40962949]
4,-240.73450053797143,48.24182359851961,61.930945727378344,2.322308166807609,3.235057334534517,1.0577429531477294,1.6967398854707867,506.48456710930026,506.4378775073482,7.510154003008227,[-0.2416894   0.03861951 -0.96958484],[-0.19408716 -0.98094012  0.0093085 ],[ 0.95074519 -0.19043374 -0.24457838]
12,-359.5749180822261,-0.16149379721104204,298.3303954680084,12.729895647761412,6.414325517392845,5.921841601466564,8.617300943395493,1619.250405312673,1618.9060380587393,44.427436163893354,[-0.15356517  0.97073748 -0.18462526],[-0.61952845 -0.24014287 -0.74733921],[-7.69806624e-01 -3.84669211e-04  6.38277067e-01]
2,-219.65629414571384,-86.43753170415269,211.95987104335342,2.528503075628308,0.1244559657710056,1.503736400690002,0.7120670925818331,448.6780391726419,448.659845538794,4.040524336312646,[-0.11429655  0.95568877  0.27128448],[ 0.71241185 -0.11147313  0.69285142],[ 0.69239126  0.2724568  -0.66810301]
12,-265.41999410194256,45.16475714973952,204.0316973639236,5.997086512886543,6.684753148174277,3.2183996931467678,4.635034770672789,1170.5696558402149,1170.434184267982,28.848029956244627,[0.59022392 0.45405675 0.66743404],[ 0.18489428 -0.88087087  0.43575293],[-0.78577976  0.13378706  0.60386355]
14,-461.8371035197789,64.8795694372482,30.039359732046773,8.914046337132339,3.278260804417573,5.17361113690834,8.805327372775533,1749.057954582466,1748.9616895582274,23.47400492756671,[-0.15214362 -0.93497502 -0.32042789],[ 0.01552928 -0.3264235   0.94509605],[ 0.98823639 -0.13881432 -0.06418275]
20,-367.8851286684057,-164.32487132594082,46.74189362554741,11.1110247727133,9.683667430187953,7.6815918546598585,11.815997112301279,1815.25700371791,1815.0098785538296,52.03835943052844,[ 0.18653634 -0.14035057  0.97237128],[-0.37768774  0.90343882  0.20285528],[-0.90694882 -0.40509259  0.11551548]
2,-317.4164862140552,-135.79528075603628,45.48460653848744,1.3821770620194513,2.86565791345177,2.0785785582620235,0.4138610191800467,492.49746461394045,492.468485792368,5.342579202200632,[ 0.31364222 -0.45374044  0.8341152 ],[-0.26599448  0.80128512  0.53590027],[ 0.91152372  0.38995099 -0.13062439]
18,-246.3526426831104,-148.0421649108289,38.92422599007891,10.905246479243514,7.078330672905137,10.782891948764933,6.875867387782881,1232.2423876452197,1231.2247477777612,65.56168441328269,[-0.29683613  0.67259889  0.67786359],[-0.43577287  0.53622576 -0.72288584],[-0.84970013 -0.5099732   0.13392917]
13,-439.7101291174288,144.7559415728041,71.95629413868329,10.535158999022352,9.554526102772062,4.164683187862242,11.310817666980853,1689.9055635612838,1689.7132223816345,34.64557196023188,[ 0.09020696 -0.20952759  0.97363283],[0.33312085 0.92765685 0.16876986],[-0.93855911  0.30911318  0.15347911]
10,-198.9210829781628,4.991260865214586,160.26871369011934,2.5648974482029354,6.686311361598277,2.8935323784152933,3.357774862032429,808.3105472509715,808.0550148995425,22.039110331838295,[0.62695544 0.06938155 0.77595946],[ 0.0283699  -0.99739905  0.06625916],[-0.77853839  0.01952765  0.62729311]
12,-379.8193647718062,-35.593104898973756,170.11275958654883,7.959546086151563,8.48513443080971,6.905955590567343,8.5320181640197,1447.5481800198722,1447.3815171747797,36.26771894678889,[-0.40589702  0.39742073 -0.82298504],[0.09163223 0.91366059 0.39601498],[-0.90931356 -0.08532935  0.40726866]
15,-343.4510785585957,113.85047020750952,165.56650463517744,8.73687628340443,6.097490449321357,6.902314426811104,7.317401370716432,1541.7765027475461,1541.4732956087298,40.06415283711817,[-0.33414212 -0.94141806 -0.04561894],[ 0.37843072 -0.17833182  0.90828847],[-0.86321448  0.28623383  0.41584969]
51,-229.21843995570381,116.87331926829482,13.707310100181205,16.53383439153038,12.939150603398554,10.261691334055088,17.189030712871364,1846.9065438770779,1844.6992610812817,115.47529253241002,[0.28729388 0.46394868 0.83798201],[ 0.35465572  0.76115944 -0.54300609],[-0.88976488  0.45319744  0.05413439]
2,-287.58575006052604,-324.24091011004936,130.7839250905684,1.2171877446108113,0.45378406736733723,0.20058123088286095,0.506162454983837,640.2247951895949,640.2224967822885,1.7155143285177255,[-0.22650109 -0.18483708 -0.95631193],[-0.73833517  0.67294396  0.04480622],[ 0.63526249  0.71622739 -0.28889426]
14,-303.85052771277753,14.957353345978971,351.32774596156406,6.976739481366489,6.937439833107476,8.466766028677867,10.327346576437515,1739.5220382250918,1739.35565674031,29.395439738273403,[ 0.7339968  -0.21585905  0.643936  ],[-0.18384075 -0.9758976  -0.11758592],[-0.65379758  0.03207399  0.7559894 ]
19,-278.9286345100544,50.227243583813014,281.4885861811548,4.342708584504646,6.44820509348917,7.770288940594479,5.718870807920313,1741.6723322286625,1741.4818553355951,41.00247033507138,[0.53532086 0.74534669 0.39735361],[ 0.4753406  -0.65471298  0.58770931],[-0.69819975  0.12573475  0.70477506]
13,-166.8018495622926,-184.62386794197167,269.1363579424676,6.419402721021556,6.248740801693684,9.292006710430176,10.27089296654885,1322.2241279654359,1322.186521462502,28.30380810673589,[ 0.87100044 -0.42320593  0.24950947],[0.18512622 0.75316893 0.63124073],[ 0.45506759  0.50362021 -0.73435698]
25,-359.8848197967054,-319.5798225714975,8.602487363158785,15.704228875748907,12.202152684767869,6.764003482049061,6.377930917856116,2408.9342483547807,2407.313939475362,100.2806212136462,[ 0.03600935 -0.01360544  0.99925883],[-0.66293189  0.74790398  0.03407256],[-0.74781323 -0.66366748  0.01791206]
15,-386.63157583851256,-112.19343597501168,181.50565876416078,8.668194079102973,6.5392260880579745,7.692807913989853,7.637437613727133,1710.9753415230823,1710.7232918694672,42.082661464034864,[-0.00977876  0.85973448  0.51064762],[-0.48304567  0.44307403 -0.75521671],[-0.87554055 -0.25405121  0.4109583 ]
5,-296.5361996029686,201.31007900203275,164.77072745352174,3.6570310168655182,5.93204511575551,3.864576854901657,4.767334429321462,882.2356534687594,882.1444480333031,14.317350654773412,[ 0.48116019 -0.00882063  0.87658831],[-0.45104376 -0.85992685  0.23892539],[-0.75169435  0.51034108  0.41774105]
3,-325.0788991576923,297.0933829882004,76.29232869756203,5.502397826561532,2.87281002760366,1.4974488732503741,4.595280224556452,774.2107629859916,774.1776073083828,7.686827677759193,[ 0.20037146  0.44354461 -0.87356709],[0.65634032 0.60121401 0.45580598],[ 0.72737106 -0.66468782 -0.17065009]
15,-234.0295159653024,-263.84528386277555,229.06945001315367,8.507236726044146,4.789967920842709,6.992532618710381,9.484962334289264,1629.3400277338355,1629.253723165644,28.610901717785723,[-0.47567138 -0.29697127 -0.82797633],[-0.68111628  0.71998244  0.13306349],[ 0.55661239  0.62724266 -0.54474701]
61,-244.14118361888507,25.335201195566942,16.452352065233846,14.545016906732556,16.285216242608094,10.256050225706584,14.47182632297422,1929.1582267082413,1926.1731642320374,149.44894070517913,[0.08331906 0.15107815 0.98500423],[ 0.09055964  0.98320329 -0.15846214],[-0.99239956  0.10240454  0.06823799]
16,-448.7973446770184,-120.19476583553335,25.9971635323138,16.41004661059652,8.830799095033333,7.023531360353403,14.727341088464534,1862.9216650314731,1862.4214212103848,54.172971333967595,[ 0.14132926 -0.32621254  0.93467182],[-0.22264981  0.90948553  0.35108849],[-0.96459997 -0.25772359  0.05590576]
11,-271.9909296315886,102.33107055009373,214.23879576720716,4.901542578078347,6.956488283518099,3.7272461989438295,6.468923698814022,1197.7897277819377,1197.6596056635308,22.0798724830302,[0.65489514 0.40580557 0.63752191],[ 0.05993288 -0.86882765  0.49147386],[-0.7533395   0.28365532  0.59331211]
11,-97.76322207731486,-41.453995283381055,98.9671108380484,5.820110209043212,6.322474989416685,7.302772049891876,8.531822660445965,482.8271399514741,482.3323208413098,24.164964505047188,[-0.62382499 -0.27663464 -0.73096899],[-0.39708547  0.91774285 -0.0084376 ],[-0.67317569 -0.28499358  0.68235852]
17,-218.14508647687785,-193.15373370296263,187.84806954934922,5.131213141002374,6.715307243286256,3.8588800710779547,4.216121081373662,1429.7451812067418,1429.6179552631222,34.09309791787953,[-0.57352295 -0.13754697 -0.80755944],[-0.52451898  0.81888661  0.23303337],[-0.62924659 -0.55723024  0.54179626]
5,-200.49809057025067,215.55747650723714,342.826423405157,1.4485309315675527,2.99112164552064,2.6006929932751506,3.7702493676053312,1010.4732826911451,1010.4694741256144,4.235472380292934,[-0.65906125  0.39995296 -0.63692692],[-0.6072725  -0.78260165  0.13694809],[ 0.44368726 -0.47704537 -0.75866285]
6,-128.87354753775617,148.21484677833163,106.86955083518298,1.4583720416966557,1.5428914581983566,14.090071582456183,6.761940514237851,548.8075263318871,547.9720536920947,30.642660647304922,[-0.74376098 -0.66780449  0.02927053],[ 0.33952345 -0.33969625  0.87711475],[ 0.57579808 -0.66230176 -0.4793881 ]
2,-366.18920961012225,10.107501580210135,54.12124103048903,2.854322956007934,2.870223817484074,1.75696365596502,2.6440350394379095,523.727562420288,523.7037325582927,4.996012731042686,[-0.13231659 -0.60988482 -0.781366  ],[ 0.06774177 -0.79201801  0.60672772],[ 0.98888997 -0.02734903 -0.14611181]
5,-309.32667439601136,214.6043415316126,127.69082091079088,3.8799260477980173,4.557525835113744,5.834450979589755,4.247063268632908,889.129930900301,888.997786896631,16.098576056265244,[-0.30462352 -0.77142111  0.55867161],[0.54940894 0.33681986 0.76465822],[-0.77804519  0.53987206  0.32122241]
5,-336.24608916369345,-236.99267337051452,99.37797919230195,5.968423517099673,2.462601285791095,5.285167723546575,4.861926678052274,946.4935907157512,946.3848408492679,15.206417801951282,[-0.37915302  0.75958482  0.5284637 ],[-0.47425556  0.33087656 -0.81584457],[-0.79455941 -0.55995678  0.23478448]
49,-425.2839652732083,98.95722838149624,112.67656120092708,10.792183003447393,18.462786854990494,9.283248673825382,13.336986286103496,3160.383421563,3158.447004428824,135.06931499630429,[ 0.22250149 -0.14249068  0.96446332],[0.24772014 0.96505778 0.08542952],[-0.94293574  0.21990879  0.25002461]
87,-253.64820094955627,190.7481525420682,51.33446793264656,13.324575243657259,19.652508703203942,14.500230725935435,14.417364156925434,3008.1079589867927,3003.4577825628066,222.2877740625904,[0.43258526 0.35150562 0.83024924],[ 0.43699243  0.72372761 -0.53409359],[-0.78861119  0.59385365  0.1594686 ]
21,-199.64173936580266,43.982289297241515,144.92698466662992,5.596465825173707,11.496462900011844,10.113829725976146,9.875572810140131,1150.3762400642354,1149.6364507651163,59.39110975900755,[ 0.47969983 -0.39906995  0.78142897],[-0.36890821 -0.89977588 -0.23304525],[-0.7961123   0.1764838   0.57884253]
27,-106.70827500850719,-51.098367447779715,61.059411198731304,8.77758682659805,10.251782154157242,6.4086772714461215,11.259750692296159,695.588344590872,694.90621780077,50.17192811898544,[-0.59878352  0.51013013 -0.61743465],[-0.00557246  0.76824329  0.64013373],[-0.80089153 -0.38674216  0.45716874]
2,-252.25603428067382,-127.18175942255802,63.505825312397825,1.4165045669743819,0.8218670975623041,0.15995975411214403,0.9081245410993972,409.49726286576316,409.4926649811007,1.9405208651531394,[-0.18256899 -0.12485191 -0.9752336 ],[-0.45572561  0.88966129 -0.02858243],[ 0.87119615  0.43922066 -0.21932277]
16,-212.64528951881982,-188.79347121327453,10.926259602225244,8.15104015549962,3.748801642775818,5.303508418094126,7.021181005340914,1138.8575718508828,1138.8152531393198,30.840917020233057,[-0.13422959  0.09387746 -0.98649351],[-0.65061191  0.74253821  0.15918905],[ 0.74745338  0.66319231 -0.03859281]
13,-296.6743113838621,82.56492900408898,233.84928124978646,9.84139818695336,4.281481323137954,4.747067948153159,7.931342966185303,1394.755401314287,1394.5403338254323,31.079589410868817,[-0.18423106 -0.97658193  0.11111547],[ 0.61412855 -0.02610796  0.78877405],[-0.76740148  0.21355586  0.60455675]
3,-283.2263199470235,-26.949684955809044,16.482195560660944,1.0639500418893992,1.5272553297094544,0.8082083403791759,1.1511667435857575,493.6168136785757,493.60847484260296,2.89838154952588,[ 0.09836549 -0.51181296  0.85344697],[-0.05112853  0.85387421  0.51796208],[ 0.99383605  0.09458508 -0.05782351]
7,-331.43674991496306,-87.63978955542201,52.88735178034328,6.105131337969079,4.226199488270767,3.8276819714648744,6.050125111728722,917.9931190557733,917.9480019823513,15.192662221284534,[-0.10655635 -0.18676622 -0.97660848],[-0.2751496   0.94938336 -0.15153852],[ 0.95547812  0.25256604 -0.15255148]
31,-443.143457081688,-71.4095501893291,101.70578199561872,10.233260629837263,12.131982440420028,14.419006213600067,8.508849209449455,2564.8891259611,2563.3255209072377,109.65513681721404,[-0.24751212  0.83378154 -0.4935039 ],[0.10725087 0.52980014 0.84131389],[-0.96293043 -0.15530666  0.22055575]
2,-255.90471102453694,2.5542442421573943,198.5127573273566,2.244481243060818,1.3219738530789586,1.755013456210719,0.7081144389599103,458.06315174451754,458.04270898136934,4.327555329435682,[0.26930755 0.90270612 0.33555193],[ 0.55061729 -0.43018522  0.71537492],[ 0.7901228  -0.00789517 -0.61289773]
4,-260.3728054821834,299.91978412764183,64.16081516404988,1.4005748981317971,2.8702978290191883,3.126809010270371,3.1650956453694765,804.6879477986149,804.6722156418305,6.295145954766478,[-0.75154072 -0.65897512  0.03063225],[ 0.12794742 -0.10005264  0.9867213 ],[ 0.64715995 -0.74548056 -0.1595078 ]
119,-182.58565609102274,53.66017253511511,72.17236447957649,23.862745751220945,24.8133831400034,14.84421105445342,28.47832381462704,2254.241196039545,2246.4463850771617,256.3549261192207,[-0.39479155 -0.11198656 -0.9119203 ],[-0.2075211  -0.95602568  0.20724355],[ 0.89502772 -0.27106071 -0.35419129]
13,-241.8955758814776,-266.1542882522746,92.29070133107795,6.081186764021506,6.587496439262193,8.859034174734695,7.17048897045717,1339.4405631660395,1339.1130294946208,37.462620231768476,[-0.74095119  0.67153728 -0.00538642],[0.16298529 0.18760177 0.9686286 ],[-0.65148072 -0.71682861  0.24845445]
50,-331.60199397484973,316.89117347936013,38.88654380743136,13.939260633959679,11.53861180151499,11.021715117388705,8.403729133659992,3257.8630439321555,3255.9971846255858,137.5098130605534,[-0.27489356 -0.39526889  0.87646793],[0.63668303 0.60824658 0.47399454],[-0.72046392  0.6883303   0.08445792]
16,-158.4346645869163,-177.32751808982397,198.18297648875586,3.6630387104100035,4.62030528384643,9.884019861141907,7.159884682596342,1238.994269182725,1238.6172590324666,36.02572934361184,[-0.7056039   0.70541438  0.06718397],[0.49030626 0.4175789  0.76500172],[-0.51158861 -0.57272891  0.64051439]
8,-100.79105565361839,-62.25361126036218,112.76530127196386,5.900129756250647,4.792054025255867,5.435447849585854,3.2124316803721,463.16961706799935,462.8854711532493,24.776034614382255,[-0.17761744  0.92001259  0.34932632],[-0.76731269  0.09279    -0.63452443],[-0.61618446 -0.38074512  0.68945621]
30,-294.18911004655814,-163.7359828527815,274.4060476324405,7.567172026374545,14.180611135365764,8.8841955880086,12.64303981213127,2380.9747420664635,2380.1679064791897,72.93745020418558,[-0.67459717 -0.02458074 -0.73777669],[-0.29389608  0.92576246  0.23788436],[-0.67715859 -0.37730579  0.63174092]
10,-218.97354146386937,172.49686393254754,177.86998013459936,5.034134672609645,9.798095217323725,4.219265155996049,6.473508376587627,1046.2481662276025,1045.9554920847265,31.161291141615582,[ 0.38303273 -0.38120042  0.84141082],[0.64422166 0.76303985 0.05242758],[-0.6620154   0.52197359  0.53784681]
