N,MEAN_X,MEAN_Y,MEAN_Z,SIGMA_X,SIGMA_Y,SIGMA_Z,SIGMA_R,LAMBDA_1,LAMBDA_2,LAMBDA_3,EIGEN_1,EIGEN_2,EIGEN_3
332,-325.9189310171074,-217.6799841334172,160.6761510497996,26.978558199295385,51.26882346751568,23.344789425637078,31.826047006790553,7794.131676058139,7748.053309967297,973.4246021274433,[0.29645052 0.23968942 0.92448152],[-0.56935796  0.82152663 -0.03042221],[-0.76677806 -0.51734223  0.38001107]
322,-238.76204805686874,-185.47884313173142,305.85460500813286,26.256410102563933,39.41094874619764,29.218325105741624,39.389208937993175,7775.256023386244,7755.186741945286,713.2050930014218,[-0.73920579 -0.13600848 -0.65960328],[-0.38217656  0.89114413  0.24454695],[-0.55454114 -0.43285544  0.71071816]
84,-364.82673906907627,-158.98997223870114,231.25731585721965,14.554466258118417,14.2829653297423,13.47806334804434,13.564629797291136,4223.498811285424,4221.294956230101,186.98985502496345,[-0.57384306  0.70076204 -0.42383572],[0.20544489 0.62415381 0.75380662],[-0.79277774 -0.34549181  0.50213431]
315,-281.1171053959062,229.27940841327816,278.71642686241245,32.754090314822314,22.44926213099576,19.028726323574332,24.33824341954395,8149.6178167302605,8137.702203729464,654.6971905854548,[ 0.04239356 -0.74980342  0.66030116],[0.78704284 0.43217003 0.44021884],[-0.61543997  0.50102286  0.60844864]
4,-338.4669111542642,140.52159121670877,207.6440375142437,6.861901753690183,1.4861940834401124,4.267827401702562,5.729543373196164,842.5703991673054,842.5282842371581,11.789577530151842,[ 0.16785803  0.92161176 -0.34993636],[0.5709961  0.19847107 0.79660071],[ 0.80360882 -0.33352812 -0.49292176]
31,-344.49199416204084,252.62145397991125,48.759589188907064,9.361995086128424,11.464065569610728,12.794359924028983,11.739111451834614,2396.2832363109146,2394.989470685577,86.6784974645869,[0.5768084  0.70807696 0.40733166],[-0.15949077 -0.3914286   0.9062816 ],[-0.80115839  0.58771648  0.11284757]
4,-292.9578666283475,28.861973051426546,302.6252391085339,7.103256350581176,5.725907626410163,2.399057889864082,5.635812287009253,844.5554084107179,844.4668727285176,15.12377587215019,[0.58429032 0.63514442 0.50516967],[ 0.42066859 -0.76935968  0.48075317],[-0.69400487  0.06839041  0.71671472]
33,-308.8492312154369,12.989264756080503,353.6544019466152,6.138860280899967,6.911028719285812,8.674001380286855,9.573608583286902,2699.1420495957977,2698.964120945807,47.73328789321663,[0.73951664 0.21510861 0.63784279],[ 0.14432969 -0.97619852  0.1618808 ],[-0.65748314  0.0276539   0.75296161]
64,-375.2891024867787,175.60910046254457,28.421866989763096,11.237999844754704,18.20530637425472,15.013337211748704,14.102660632528526,3327.8218337444987,3325.789470779548,175.1137651342398,[0.34120845 0.61370316 0.71200086],[-0.25981694 -0.66637359  0.69888583],[-0.90336701  0.42345563  0.06792182]
179,-137.61945950345665,110.1836792369976,160.7165126535219,22.648181308774763,17.70533994205165,24.13091221553798,32.04649159886412,3227.551705833714,3223.5885058000135,263.17002816188983,[0.655472   0.75381716 0.04600162],[ 0.48637886 -0.46795306  0.73787231],[-0.5777474   0.46128042  0.67337086]
14,-374.7189145843917,231.54107618209602,17.00927628744247,6.360594653145208,6.4969706865187815,10.945556301385432,7.071349626122067,1650.0886267394321,1649.7199919192055,46.00572638182708,[ 0.52553415  0.85076216 -0.00419654],[ 0.03508166 -0.01674174  0.99924421],[-0.8500489   0.52528418  0.03864451]
6,-369.93204434657645,-238.62960275952818,207.4883737140583,2.863437636221602,2.0396878775492917,2.906098388382253,1.734399938561402,1192.127300451744,1192.1066076510604,10.332246444533958,[-0.13856265  0.76338917  0.63090203],[ 0.63481757 -0.42049558  0.64822073],[ 0.7601362   0.49032687 -0.42634788]
32,-442.2547011531491,-71.25876523420354,101.37357436110233,9.894158820969402,12.12761954300668,15.763659614761194,8.850247065600367,2600.812722113101,2598.9326559241886,115.31114250779444,[-0.24134789  0.86128212 -0.44715132],[0.12024491 0.48376267 0.86689956],[-0.96296021 -0.15545671  0.22031989]
10,-307.3467035348002,-28.910359006435282,121.627686640539,4.886449145919249,3.5045035148683175,7.681250001369576,2.5347395299117452,1049.639512625688,1049.3294262596635,29.830238640379953,[-0.04568435  0.9916889   0.12027494],[-0.37390832  0.09467326 -0.92262102],[-0.92633985 -0.08712114  0.36647564]
53,-283.00391632576054,119.74168555677535,248.0986900353104,11.681524223743443,11.228867556738273,20.802163300747978,18.73338502158149,2880.991481342148,2879.135715556521,135.2149944613775,[-0.31849663 -0.94338424  0.09266105],[ 0.6213658  -0.13395387  0.77198504],[-0.71586622  0.30345104  0.62885056]
6,-415.37978459828787,4.301263587608246,257.356827121816,3.0324362676772685,10.255867697211588,5.30384548445065,0.9997890940080177,1197.303891086397,1197.0056919554897,29.115468274281938,[0.47156521 0.45820583 0.75344122],[ 0.23468059 -0.88880245  0.39364353],[-0.85003016  0.00881056  0.52666033]
119,-244.14859912885444,8.374577433140104,20.54158718297094,14.954800287993873,29.52633828431247,14.538253696225528,15.909291589031055,2700.454962183082,2682.4730802631166,356.1628419739389,[0.09162428 0.2838977  0.95446691],[-0.00796232 -0.95825918  0.28579002],[-0.99576181  0.03378508  0.08553933]
468,-344.7425323040622,-23.64590390915196,233.0611390379951,27.60930524987444,50.886806265792686,40.789356487123094,37.67366759181567,9127.578229873587,9070.565063889566,1308.5806041759306,[-0.54912157  0.29832795 -0.78068299],[0.12969291 0.95322114 0.27303699],[-0.8256181  -0.04868146  0.56212531]
292,-383.00877220793467,97.76087964415602,171.5908941870886,19.81756491621155,30.59292684741907,31.22123335493862,29.332873032381,7401.416190107222,7389.033539202846,642.7199555613945,[ 0.13763455 -0.69617506  0.70455448],[0.44027144 0.68018885 0.5860923 ],[-0.88725294  0.22952867  0.40012349]
8,-432.94170618776434,-123.2200713392315,28.23915641852608,3.6593304936112894,5.56524906405654,3.1941349069534515,4.318499915939079,1275.8170506534427,1275.7678202826,16.93739627757134,[-0.05840622 -0.02351937 -0.99801581],[-0.27418506  0.96165419 -0.00661651],[ 0.9599017   0.27325457 -0.06261525]
24,-93.2943215871848,-94.97426844533351,93.01044770356827,6.964150169850254,8.530760336048637,11.54125868360778,7.192436835476529,798.9248919230287,796.9617396225012,69.13938006141656,[-0.79773178  0.55641751 -0.2324297 ],[0.18305814 0.59071477 0.78584081],[-0.57455524 -0.58434203  0.5730887 ]
93,-248.63044985875396,194.22472669130875,53.50907726609097,12.77111261764826,16.232299839761357,15.449306767123758,11.707445887046845,3093.2870225596307,3090.908955957793,220.59189709150056,[0.48768182 0.41213681 0.76961659],[-0.39837304 -0.67936848  0.61624458],[-0.77683033  0.60712578  0.16713147]
71,-128.8251617560094,-117.50191717066092,35.937504156837115,15.834435282219939,14.178204767091017,19.3355280852268,14.720708194950406,1514.9001427060675,1509.94261976603,207.25346045388997,[-0.64406329  0.75101413  0.14546566],[0.24627851 0.02353529 0.9689133 ],[-0.724244   -0.65986656  0.20011685]
3,-278.3039858288189,61.65462623589846,256.8752956216317,4.6956469628047675,4.6399601448665795,2.81855834830538,3.3407967221560178,664.7250148455394,664.6541472139653,10.980374825161725,[0.52576438 0.75704789 0.38787925],[ 0.44439095 -0.63327068  0.63362838],[-0.72531958  0.1607692   0.6693764 ]
3,-314.1300326342953,356.13279617078797,58.42201902405363,3.769081790250818,5.69668819714213,3.754047408702488,3.546511753413419,828.8152192519061,828.7423996563133,12.005969027924422,[-0.30686447 -0.41142531  0.85823273],[0.68908225 0.52596477 0.49852454],[-0.65650579  0.7443724   0.12210598]
28,-385.80917059989736,-265.6364462314672,109.51974746551669,7.45543793613306,7.164674682326412,11.134345410087494,4.72011028061388,2546.2863189431473,2546.0271922335955,76.40720121662714,[-0.59356789  0.7791866  -0.20135889],[0.06624428 0.29665779 0.9526835 ],[-0.8020529  -0.55214346  0.22770319]
3,-360.87624260225994,48.07763669414987,290.5551353951903,2.3755859796830734,2.2680805629739367,2.0439387192845193,1.3852354977591907,806.8085943594306,806.7855905264516,6.256569724579417,[-0.44983061 -0.7832801  -0.42909755],[ 0.44429945 -0.61304002  0.65328396],[ 0.7747583  -0.10321932 -0.62377508]
50,-431.65338957638215,93.05919663100458,113.31346272628893,9.133394918905116,21.907473708783453,9.666581779377557,12.253259959148933,3228.2730336664204,3225.053132891048,159.45465094237076,[ 0.20072816 -0.22938696  0.95241264],[0.25208912 0.95155515 0.17605074],[-0.9466569   0.20475452  0.24882988]
3,-108.17208511286906,67.11507641822266,105.99074476357191,3.6487681691360025,2.6368881773497415,1.577113688117122,1.6446964898486618,286.9925987542949,286.96615438052066,7.760611525678893,[ 0.32922992 -0.60891997  0.72168146],[0.68188933 0.6820087  0.2643692 ],[-0.65317272  0.40506863  0.6397537 ]
6,-154.07031723700916,94.71323581422591,86.79972605083854,3.762628760127234,6.863209021583891,3.7175383233727426,5.10733045274376,491.7891214032103,491.59044118841445,17.10839174108237,[ 0.14484417 -0.52972568  0.8357098 ],[0.62416771 0.70427997 0.33823719],[-0.7677466   0.47263139  0.43264851]
2,-316.2404925170176,110.31746077720358,181.8306664377848,1.804530757997668,0.35780607535738795,1.3128555481239346,2.020203902586047,538.9721522733417,538.9702474134409,1.4329442600514735,[-0.54353778 -0.2254498  -0.80854132],[-0.12646957 -0.93026246  0.34440847],[ 0.82980246 -0.28945489 -0.47712026]
12,-381.90719595350197,-114.42312492272556,187.78029038784598,8.246461779359628,5.220361705890401,5.9581756282683385,7.227373207107717,1526.9951703182523,1526.9108201458296,30.658314014256725,[ 0.17418588 -0.95765767 -0.22924019],[-0.46749807  0.12446685 -0.87518773],[ 0.86666305  0.25961468 -0.42602275]
8,-311.2731645291028,-194.751818054083,168.6927926384992,3.9680351982299316,6.530730928120968,6.976439894016776,4.985960318635971,1143.23623831586,1143.016256288524,25.729258595178433,[-0.62298326  0.7085641  -0.33140425],[0.13601154 0.51532959 0.84613018],[-0.77031988 -0.48205014  0.4174146 ]
10,-375.7234306329577,82.26076509567864,73.66623335264975,7.880032246939262,3.5023531417778955,4.4470215572817455,8.089894918431396,1238.7411588172765,1238.6883896566976,16.942173799321452,[-0.27367165 -0.85425565 -0.44198541],[ 0.06785702 -0.47553205  0.87707736],[ 0.95942652 -0.2100394  -0.18810689]
3,-395.29531623400277,193.7049495323815,168.61417731791076,3.6518599928438626,2.419535879157738,5.819758616044459,3.738824455989024,816.5724068155288,816.5013400593018,10.855269572488588,[-0.2963987  -0.89500398  0.33334021],[0.45713137 0.17350043 0.87231216],[-0.83855752  0.41093246  0.35770909]
117,-300.0963192918134,187.54987433354006,217.1540744714685,18.330148699315743,15.441453094676998,12.643188302785779,18.77525760831739,4498.747645311887,4497.504866663043,210.91591854525194,[-0.33162748 -0.89047566  0.31157073],[0.60608083 0.051996   0.79370173],[-0.7229725   0.45205035  0.52245692]
3,-317.62865932804647,62.469352874320954,200.85786809274555,3.8923788197755513,1.5077627002393945,5.398287452048239,0.6694986905105161,659.9549186587539,659.8531156623083,11.763273343820844,[-0.02552281 -0.96531001  0.25985606],[0.55154891 0.20319913 0.80901416],[-0.83375199  0.16397164  0.52722947]
23,-250.10424009898455,-246.28981057261623,11.145312236396737,8.406821137897735,13.58086631909884,7.470993206558099,7.545628341000487,1686.0860450201744,1684.9377857623927,76.2378321589792,[ 0.21763036 -0.17730382  0.95979184],[-0.66776341  0.69014756  0.27890567],[-0.71184904 -0.70161221  0.03180006]
192,-235.64901573613986,-111.02653725941046,133.67584890174652,33.331031290814494,16.27436168606692,27.31336826815051,25.37687693381914,4102.196132376234,4075.5469226206765,543.7792039416162,[-0.22256458  0.90573542  0.36070535],[-0.5467595   0.19036078 -0.815363  ],[-0.80716731 -0.37869001  0.45285188]
62,-157.4506001456614,30.27981786490407,62.297787434411106,14.243318046800061,18.30738695753739,15.015268709682799,15.421555312089998,1368.631164668135,1363.1878234691499,179.50941075321572,[0.38833077 0.64045458 0.66258369],[ 0.11073132 -0.74623228  0.65641143],[-0.91484304  0.18153599  0.36070333]
2,-149.3031640450227,163.39662613787306,49.66663032327296,0.2886329601597737,2.8483522930013123,0.7715397295728366,2.410542306985448,320.8284840474378,320.8191945074075,2.441436420486121,[ 0.03932558 -0.25753374  0.96546873],[-0.75188139 -0.6440094  -0.14116042],[ 0.65812451 -0.72036676 -0.21896087]
44,-206.80263268820545,59.465684217700456,85.47792255946686,9.290580776500951,15.670517922189632,12.709310864187577,9.609165738180609,1540.6879236185591,1539.4388025305245,132.31095549252387,[0.43989764 0.3250448  0.83715945],[-0.09567197 -0.90993194  0.40357248],[-0.89293726  0.25762327  0.36917923]
36,-169.91933709618166,98.05588235452333,31.869383923276125,12.721980376656825,11.995804708776364,8.69542417541026,11.969268894542791,1197.4417901884945,1195.546948325412,92.13301997685821,[-0.01744211 -0.33745638  0.94117956],[0.51829595 0.80192389 0.29713194],[-0.85502344  0.49299216  0.16091503]
60,-234.24989206365896,120.16651319305312,16.230681939145235,16.324937952119825,15.323362547689973,9.540765928241616,16.57429816536173,2051.0062081546907,2047.9649509950693,139.5201323752772,[0.22163424 0.30647716 0.92571595],[ 0.40258401  0.83588577 -0.37312342],[-0.88814659  0.45537537  0.06187811]
24,-355.1491560401257,-240.97670348268105,45.874046397682356,5.859312451446345,10.038449600634275,12.819332228165573,6.347849529187322,2115.799483969652,2115.233065117867,78.74330317453672,[-0.51219271  0.80927242  0.28764   ],[ 0.24653802 -0.18227669  0.95183728],[-0.82272573 -0.55843832  0.10615562]
4,-289.6042678453548,-83.31574043320758,88.18319629922638,4.896297061325983,1.3754715194705898,4.449636824890085,4.503952745590494,628.1003238014508,628.0617028314724,10.058098043085892,[ 0.30323669 -0.94754378  0.10103616],[0.23933727 0.1783623  0.9544132 ],[ 0.92236933  0.26523138 -0.28086854]
50,-430.0605559064851,-125.39251551692199,113.1253861848593,16.792285861964004,16.404183369668242,14.354899242222693,17.895957220015653,3272.1741013371693,3270.155231926407,148.1462179424273,[-0.35898179  0.8066372  -0.46954073],[0.06903854 0.52464386 0.84851783],[-0.93078771 -0.27218604  0.24402665]
10,-410.74337721665614,235.97946441768485,12.19118172305301,6.523012411015335,6.528741126654234,2.5424753342120363,6.931981104759834,1498.7682212162556,1498.6621051448878,20.965916241404543,[-0.02688354 -0.09819336  0.99480417],[0.49794298 0.8615975  0.09850142],[-0.86679298  0.49800382  0.0257319 ]
34,-300.58458170662044,76.07974058863165,311.1080927834893,6.033220431683062,17.902024815993638,7.196512383863179,5.659382808419647,2563.4973647111165,2561.730519257113,113.46891927598317,[ 0.68725533 -0.17149617  0.70588185],[-0.24389507 -0.96979987  0.0018434 ],[-0.68424799  0.17342799  0.7083272 ]
10,-291.0011961150689,119.71555861036525,125.37999588979551,4.552175177067902,11.08490253368815,6.808917471852972,4.273744286916084,1071.9685541561535,1071.2803808548583,41.40082802844923,[ 0.15027792 -0.5171687   0.84258714],[0.48950856 0.77938699 0.39107198],[-0.85895164  0.35368413  0.37028316]
2,-238.44429481741105,220.55956585631213,116.51396997483909,1.2789359215302767,1.34938412289479,2.093056401038858,1.0394628036023335,488.02775826933356,488.0139129708133,3.6760832833874466,[-0.6899361  -0.72251791 -0.04422725],[ 0.21567189 -0.26350086  0.94024089],[ 0.6909948  -0.63916756 -0.33762556]
11,-175.91744114569408,-29.475667898187854,147.06213323908923,4.883696674850778,6.02074450615399,10.777200661073817,9.470136657044554,767.8453389281015,767.5213820533418,30.799748337699437,[-0.52791601  0.69196003 -0.49243883],[0.37822085 0.71069562 0.5931785 ],[-0.76042993 -0.1268978   0.63690131]
34,-319.68419766802026,-202.885440692339,76.97922482758285,12.192430160193128,11.200235117191184,8.331887510049652,9.089677037380635,2254.971689164823,2254.1258466603663,94.05556563368002,[0.01606743 0.33219253 0.94307474],[-0.56119876  0.7836157  -0.26646272],[-0.8275251  -0.524971    0.19901673]
47,-295.82472209054487,-162.7890295969091,284.08399482722416,10.08937666822915,11.667497615361183,14.925770285150481,17.699000847404292,3028.284354654344,3028.0691886197233,83.21440427970582,[-0.74130916  0.28910712 -0.60570438],[-0.03735267  0.88329876  0.46732011],[-0.6701235  -0.36905335  0.64399854]
7,-362.4238105447608,-305.4216938086044,90.71736635815576,6.610948804928019,5.190904389802254,2.123751741956557,4.389537894547863,1276.930323520087,1276.7903857429478,19.760741680835476,[0.00967538 0.27415192 0.96163772],[-0.66014835  0.7240789  -0.19978463],[-0.75107293 -0.63289056  0.18798668]
13,-207.1599042343591,53.44464620728618,158.0155957124031,3.231922893144052,5.270912253270835,9.204723656712176,7.432743793167258,959.6920093417825,959.4593217357474,29.639188434885032,[ 0.08115373 -0.90707094  0.41308156],[0.62238594 0.36983158 0.68982632],[-0.77849202  0.20111417  0.59456141]
40,-211.33487415505698,125.1813956038624,251.03656618335873,9.964641724727231,9.67920327896028,12.973186203076834,14.341648603608526,2224.0829982006708,2223.5688518059515,79.1998745388006,[ 0.75109894 -0.05231652  0.65811349],[-0.27178093 -0.93296948  0.23601499],[-0.60165232  0.3561333   0.71497102]
3,-395.1874402396382,178.82226462460366,125.27874700385138,0.7337726955624715,4.408066864759972,3.8766808875438215,0.5983397727153622,782.07456608029,782.008329436843,10.198664715166341,[0.46892669 0.55488418 0.68717633],[-0.11820852 -0.73159311  0.67141512],[-0.8752911   0.39607457  0.2774715 ]
2,-385.99839179076747,-16.06957824367082,279.2783226868914,0.9204885837310712,0.801023020257742,2.5074092367536878,2.1872840859641087,674.1767533384462,674.1723157627216,2.4460991593120083,[ 0.3201778  -0.86202987  0.3929258 ],[-0.49178768 -0.50573584 -0.70878498],[ 0.80971048  0.03370114 -0.58586106]
4,-305.42215691159186,-62.87558898952454,192.85220771268646,3.27937938590753,1.967020747181337,2.2101985098895445,1.8114797231206188,733.3353857458058,733.3037175932442,8.06217951559665,[-0.13740904 -0.85682994 -0.49695193],[-0.53587555  0.48625401 -0.69021333],[ 0.83304031  0.17146283 -0.52596991]
45,-224.56776033754315,157.67199714704037,310.8904920313508,11.46806252936907,11.592741023314066,10.688878402579798,14.612866291490821,2784.376608160215,2783.6829936317795,86.79590037885252,[ 0.63818023 -0.39440416  0.66118934],[-0.5471235  -0.83654669  0.02907777],[-0.54164736  0.38030908  0.74965534]
5,-417.97540265350216,-210.50081852683124,90.654511038531,4.674856841838764,3.4528378596687865,2.1963306849095767,4.683104774962767,1065.9971872318974,1065.9623170458328,9.1137176327705,[ 0.38770644 -0.41552849  0.82281212],[-0.28431697  0.79520162  0.53555415],[ 0.87683954  0.44157724 -0.19016298]
17,-241.31818110183886,-8.534483916827256,138.98224776195062,4.10288681983143,7.128446902152727,15.355533031663294,8.934233650998374,1150.8192074919828,1149.4675492083018,62.05623205108128,[-0.23207722  0.90862355 -0.34719361],[-0.44382655 -0.41653423 -0.79342122],[-0.86553923 -0.03004125  0.49993936]
12,-398.93071472666776,-102.6769438492563,57.551670945145766,5.91990507183383,7.239685460530942,7.558908983698355,5.348493374219694,1441.384889313007,1441.0017026516898,37.485180456245146,[-0.2655318   0.61612957 -0.74153706],[-0.0976342   0.74800888  0.65646803],[-0.95914567 -0.24671252  0.13846483]
48,-317.2990192990173,-318.38166457102176,59.24522698709753,11.140558620058028,18.248778805234736,7.840610326281678,16.281648257087642,3144.7010572993586,3143.511747314597,110.94117073517876,[ 0.35089859 -0.17875099  0.91919435],[-0.62251195  0.6887706   0.371583  ],[-0.69953488 -0.70259743  0.13041401]
85,-140.55313216055043,-114.8584207212967,183.40660055046453,13.930786254335395,19.983717180232397,19.78060057183138,22.479530873955767,2394.5797475376407,2390.097934273359,200.92833425862904,[0.45249964 0.55832497 0.69535409],[ 0.70779375 -0.69918913  0.10080955],[ 0.54246851  0.44655099 -0.71156175]
2,-233.2191607768898,-23.574660010933503,179.76082511918491,0.23986821778423462,4.421992370633287,3.588501296954405,2.019873513602846,417.8358162974645,417.767826290919,7.5374197925280235,[-0.55860845  0.50417003 -0.65861156],[0.25434115 0.8599189  0.44254951],[-0.78947272 -0.07969987  0.60858915]
15,-383.4616423669547,-44.984746844343,164.7345790859595,6.318889575757714,12.879131631874714,7.801568961711289,5.936847045694059,1626.9055043672656,1625.9858000797249,58.87961378590019,[-0.39176518  0.49147414 -0.77780024],[0.10948323 0.86427073 0.49096796],[-0.91352803 -0.10718807  0.39239935]
13,-328.43004883616436,219.36443310001135,115.66275466590179,12.397759193142004,3.701651269977982,9.233218276524957,9.039767291834716,1484.9035365746563,1484.2135293494593,47.21071524154863,[-0.38033172 -0.80733304  0.45117752],[0.46698683 0.25344233 0.84716603],[-0.79829261  0.53289807  0.28062174]
95,-46.33011748885603,8.992982840645052,21.412922392363757,17.47116688406639,23.128170750200105,16.383492005708895,19.44386459871603,584.2894388060995,553.3036469793885,270.9325340248444,[0.4494138  0.36763157 0.81417091],[-0.01080198 -0.90909216  0.41645499],[-0.89325839  0.19595528  0.40458741]
18,-163.12087532500078,-148.20969549548406,104.08128185245306,10.879431623117036,7.735766642189192,7.8879911811458445,10.229581133251296,1035.9931919364185,1035.21730336895,48.647890471339714,[0.51936698 0.02832281 0.85408182],[-0.5308581   0.79390482  0.29648747],[-0.66966232 -0.60738206  0.42736334]
3,-249.99931759049127,13.183776352117285,279.3288201035641,1.8275287116851326,2.608871942701511,1.317785205010383,1.0024181500869525,649.7150963722803,649.6901270084068,5.717619718920704,[-0.60010448 -0.61797    -0.50792489],[ 0.4423324  -0.78541522  0.43297226],[ 0.6664958  -0.03515696 -0.74467935]
24,-213.13791490952534,-185.98107127165164,9.983345363200625,13.075828573168076,8.615837193211387,7.136347273254236,8.998584403748582,1388.8092178722136,1387.7414545075824,72.00176759178817,[ 0.10853327 -0.07055991  0.99158551],[-0.64848282  0.75099267  0.12441885],[-0.75345243 -0.65652975  0.0357508 ]
3,-412.77802926375335,-11.503971581841304,145.55091593063304,4.602807591017214,2.519009229557716,2.3492964342938585,3.634850210378473,758.417395199834,758.3933217317309,7.720002872969581,[-0.14096433 -0.87204862 -0.46867927],[-0.30213875  0.48871569 -0.81845534],[ 0.94278377  0.02623316 -0.33237117]
5,-266.40480338499884,128.6614273536783,75.78536895686138,3.6999518202961332,2.600641686464734,3.0550193671800936,2.734753492861663,682.9718111075973,682.9514701600594,10.568770535525564,[-0.39527134 -0.30900119 -0.86503111],[-0.28768895 -0.85269725  0.43605329],[ 0.87235064 -0.42121926 -0.24815056]
52,-316.09471727546764,149.50817417352735,320.0404360639728,10.828892133716552,10.91515527316515,7.792641961184913,6.21903890111834,3419.813071199895,3419.151134757608,115.79280344230355,[ 0.49394064 -0.49133439  0.71736543],[0.55788503 0.8119082  0.17195746],[-0.66692349  0.31527065  0.67514256]
3,-147.49214925276786,-80.08522109382537,5.9902668085892214,3.4512401774150216,2.0054693327793793,1.4591638988511928,3.957311497093512,290.9699077342808,290.96128072246825,2.6793314283997383,[ 0.42957209 -0.8196124  -0.37908223],[ 0.21013827 -0.31753559  0.92466916],[ 0.87824241  0.47687174 -0.0358275 ]
11,-197.50676789825656,-212.0780499723696,319.1213062168586,6.358905022073204,3.6529621165697708,8.849338308945,7.6762733120762,1430.0970530964937,1430.057519149835,28.308650818176645,[ 0.8650117  -0.43835449  0.24413133],[0.2044893  0.75230895 0.626271  ],[ 0.45819089  0.4918095  -0.74039485]
5,-230.62584587089714,232.32611359912235,351.3033344832502,5.022421645574835,3.919613433007796,3.60415466399327,2.632266607391832,1073.8418687857843,1073.7523801844043,15.25167904851716,[ 0.25591369 -0.72052031  0.64448326],[0.83896526 0.49674725 0.22221491],[-0.48025564  0.48383122  0.73161593]
30,-194.54773263883118,-73.58215888020298,225.7010542699118,11.517537641633176,13.526571247322671,13.690644024631661,12.632312643649694,1685.3497255384589,1682.7971525496323,101.09695813841662,[0.39238223 0.71967666 0.57280162],[ 0.66713608 -0.65139059  0.36141354],[ 0.63321848  0.24032438 -0.73571635]
7,-418.9085566962769,-8.995965430483945,52.588606992733794,5.322511599793585,5.248601078916449,4.958475946298617,5.090536560012062,1117.5047171668155,1117.3899507094818,19.533127681508418,[-0.07351579 -0.70394234 -0.70644222],[-0.10268697  0.70993703 -0.69673869],[ 0.99199335  0.02132112 -0.12447729]
17,-310.1331569272901,-81.34745802787967,307.38082826145006,8.59296814918708,7.049102993626471,9.140094194899904,12.433143219612502,1832.2231923260003,1832.1376602130385,29.844817921830206,[ 0.71574309 -0.15834652  0.68017514],[-0.01509075  0.97022124  0.24174989],[ 0.69820062  0.18329516 -0.69203958]
7,-458.24807872258054,-65.73379590410241,48.655730549078484,6.499901533377048,3.827732780052814,5.224700946965938,6.465888829655466,1231.769184827743,1231.7233224394513,17.195713771197155,[ 0.17485259 -0.84487702  0.50557828],[0.01698276 0.51600034 0.85642001],[ 0.98444815  0.14116114 -0.10457234]
58,-334.53982769872505,312.21237665431,36.00315966488911,13.22052821628646,11.973666093665871,9.738169687200548,11.888332398250645,3498.7514656884305,3497.2724988687046,125.43342702299145,[-0.28493908 -0.40569886  0.86845734],[0.62255596 0.61058871 0.48949516],[-0.72885787  0.68013959  0.07858966]
29,-99.47742230875427,-47.879813912564984,86.32737138174042,7.712988149970258,7.118169092367838,18.537277617491917,11.918041079309399,762.7324970928067,758.264231922437,93.55168215455606,[-0.42463017  0.90525795  0.01404519],[0.56689682 0.2537551  0.78373231],[ 0.70591587  0.34075856 -0.62093993]
7,-354.92711947862205,-101.47086625251207,255.12192983703645,7.228743103212588,2.2544927767041,6.960286623877933,8.58635923471744,1187.5079261932196,1187.4657505233665,15.037361767814957,[ 0.21206809 -0.97293376 -0.09179884],[-0.57394595 -0.04796962 -0.81748698],[ 0.79095712  0.22605048 -0.56858422]
31,-415.1701795861544,-94.88637492956843,224.07486447611146,6.277331914611644,10.924652217079407,11.831319812235536,6.05804016488272,2680.504650648747,2680.1487499644877,90.17905770483803,[-0.01400251  0.92970519  0.36803829],[-0.50559037  0.31097101 -0.80478283],[-0.86266002 -0.19734559  0.46569562]
15,-286.3965721251751,-18.462427970802093,291.7905134248713,5.876181588965258,5.48810144539851,7.068386574057562,4.310280565229486,1585.5739799195308,1585.2816047157621,37.98102858459967,[-0.3606209   0.88381111 -0.29804443],[-0.61670069 -0.46566703 -0.63469243],[-0.69973769 -0.04507915  0.71297619]
13,-278.0905667333601,48.1150615564358,286.75885508744454,3.9577848826888418,8.023379824329876,7.298011297658454,6.384794033403325,1451.1952335676087,1450.92235368079,34.700975920421335,[0.69968931 0.35772539 0.6184395 ],[ 0.18109477 -0.92615156  0.33082921],[-0.69111472  0.1194815   0.71280055]
48,-337.658862764543,164.99254140468852,170.67590267500034,14.999278107072199,8.827577893061353,15.578558051843395,18.85355521732731,2863.8476661694876,2863.0241955340803,94.93144338208319,[0.57340272 0.50760783 0.64307357],[-0.04643901 -0.7635315   0.64409865],[-0.81795644  0.39919162  0.41423823]
2,-250.90531813465645,-116.81081656497327,262.05846755411824,3.294571822365384,0.13967899557596297,1.2622241161789702,1.2580850440388645,539.0461072581377,539.0259158274399,4.665599269280747,[-0.08814529  0.93846998  0.3339229 ],[ 0.74756666 -0.1592225   0.64481958],[ 0.65831186  0.30646743 -0.68753415]
15,-258.73975273922736,-98.01473459352661,198.24512685849018,3.899898716178384,9.744423789480352,8.688322235899193,6.901897285425058,1319.0072824088415,1318.8435726049665,45.489157420921906,[0.44928847 0.41478069 0.79126282],[-0.46973546  0.86305648 -0.1856936 ],[-0.75992662 -0.28825421  0.58259852]
26,-369.96074566091,-166.76120559696852,47.982230969725215,12.807244160689837,8.24857346212413,7.667707212031711,12.365339410295359,2085.208660530028,2084.843231204935,59.58725009376573,[ 0.22910615 -0.23599919  0.94435944],[-0.35735175  0.88203068  0.30711824],[-0.90543365 -0.40783118  0.11774393]
11,-161.19881516889075,145.01858753997496,14.978083891645154,4.150933712328951,8.269234651400005,4.834708955000911,7.062333064955523,721.5608717691176,721.3655771844656,25.587077893853166,[0.41874424 0.38017047 0.82469611],[ 0.52450704  0.64009914 -0.56139599],[-0.74131345  0.66764025  0.06863574]
44,-284.13849257936346,-252.71344122942654,250.0350824687882,24.022420084609397,13.79182500509113,8.363813039983386,12.134360245030695,3024.205001491484,3020.6437096356926,172.65102691871468,[0.23432437 0.53767964 0.80993376],[-0.74457376  0.63493115 -0.20608818],[-0.6250616  -0.55476394  0.549122  ]
20,-464.1522307200843,28.055884370237617,121.50342542994933,5.244804363998584,9.975349124864753,10.701043880508962,5.737201534729799,2150.2633653629396,2149.7351200624116,64.55867199911,[0.21588357 0.72133936 0.65807584],[ 0.14406112 -0.69012337  0.7092081 ],[-0.96573323  0.05830323  0.25290325]
9,-283.1148011403444,-190.18605526935477,117.64467120779666,3.9660387034023405,4.742084677405193,7.858875733927591,4.790575684828175,1082.7482371312103,1082.4659733855226,26.328642656882096,[-0.30575002  0.78682505  0.5361187 ],[-0.53933502  0.32090163 -0.77854985],[-0.7846239  -0.52718922  0.32624663]
23,-237.3373110910034,-40.00547529066402,260.4783740010752,9.121922942397072,7.148554978070546,7.3795203255139095,9.231537372217684,1701.9344525820309,1701.6268265273925,48.743899796474864,[-0.57674288  0.70196175 -0.41787241],[0.46837333 0.70323079 0.53487651],[-0.66932359 -0.11276593  0.73436352]
7,-287.67089497046425,37.7303359323721,238.5396228784053,2.9079697973956975,6.334914286005975,6.968782056161799,4.728341355358799,994.0779167091033,993.861155341857,22.78268559077232,[ 0.3945532  -0.70649537  0.58753048],[0.50785093 0.70053491 0.50133648],[-0.76577752  0.10057399  0.63519262]
2,-403.9424987698707,163.85879218367415,122.980231913544,0.1685479076966203,0.128097578900082,0.639922813411026,0.022908100041433954,640.5370213320111,640.5363128732547,0.9526739323081123,[-0.39530007 -0.91514225 -0.07907283],[ 0.21987533 -0.17785395  0.9591782 ],[ 0.89184791 -0.36177705 -0.27152288]
56,-206.9775852929851,-155.94672344930186,82.14946941577854,10.321200552511753,11.649363804873895,12.863831455353548,12.935966550201663,2038.6804694715286,2038.0868833961003,115.33848784425022,[-0.16164329  0.62018328  0.7676224 ],[-0.62841777  0.53506324 -0.56462239],[-0.76089589 -0.57365497  0.30324481]
7,-333.69700171447903,195.58405149253684,145.24078551832554,2.879303138975676,5.593374486549692,3.363912889096033,3.2862788333974042,1093.2415310839738,1093.1968780655634,16.72642813310075,[-0.51705539 -0.28206473 -0.80814183],[-0.28346223 -0.83444185  0.47260551],[ 0.8076527  -0.47344091 -0.35149796]
20,-258.4229518934272,-143.72171757271894,219.92459170783678,7.38016283077741,11.593303056741977,6.635708974953227,6.651194131844391,1649.3449888259495,1648.457208668496,61.42728826446236,[0.4006592  0.47683464 0.78236879],[-0.58985913  0.78764813 -0.17797927],[-0.701098   -0.39017835  0.59684374]
38,-368.07834649293625,1.9478922543283714,119.40210542292353,11.457456414136429,5.5606539137444795,12.472666135479118,11.060206175628757,2387.7880743968058,2386.5598419821267,85.83067780059069,[ 0.07789523 -0.9635147   0.25606984],[0.29856887 0.26760694 0.91610215],[-0.95120395  0.0050945   0.3085208 ]
2,-317.9804543578764,-85.33528932498571,90.99959575854373,2.5400322567480487,2.0130764317983534,0.4351360191452258,1.7456621009705202,483.0844666721953,483.06863926700663,3.9104599067298245,[-0.15463747 -0.39121508 -0.90721443],[-0.33083252  0.88575122 -0.32556815],[ 0.93093345  0.249791   -0.266397  ]
7,-282.67099512401177,-215.18196907000817,109.44070932274147,3.801772062557599,4.828051698742206,6.655855107609593,2.2785521398637507,983.7099674189961,983.6121875774377,23.212541163594633,[-0.49913867  0.81093094  0.30537125],[ 0.41551093 -0.08526191  0.90558328],[-0.76040203 -0.57889673  0.29439315]
3,-441.19798198295194,21.964010546935953,26.437258492933342,3.81969589865417,3.3234112396688102,6.639442737134445,3.5833073341814035,766.6183011440476,766.5287146086062,13.055584067779847,[-0.02320239 -0.92459367  0.38024755],[-0.07407007 -0.37771471 -0.92295462],[ 0.99698309 -0.04957972 -0.05972083]
3,-331.3521228407433,-196.64587411163123,191.69353263564048,1.2779748175192054,0.9925707841908017,0.8953120796083388,1.4866079046430487,745.4132906511796,745.4108681847601,1.9029283939255044,[ 0.55535385 -0.13602932  0.82041339],[-0.31428073  0.87903961  0.35849266],[ 0.76994138  0.4569304  -0.44542664]
2,-208.3395345118167,25.899589802027307,240.09350725585003,0.07582812970221653,0.28457553306428096,0.02106462680472987,0.010566733386752958,451.0457400215336,451.04554699184143,0.41728935223305785,[-0.7202256   0.24008985 -0.65087014],[-0.23359219 -0.96734817 -0.09834742],[ 0.65323026 -0.08120585 -0.75279203]
13,-321.9086889525316,-157.61866545438443,30.732900220674455,7.361960213089987,16.480592969735742,10.474933632616825,12.621898868836546,1299.112094845481,1297.9896123452384,60.01592030490251,[-0.35664835  0.58654967 -0.72715984],[-0.26981353  0.68050922  0.68125463],[-0.89442865 -0.43916591  0.08444345]
3,-96.10502325064523,94.1725084152021,83.2426550401481,3.814684194634457,5.437383994783533,2.293646767403521,1.0550642280467963,274.3158349236885,274.05388443647263,12.058876802581644,[ 0.60631574 -0.08052416  0.79113658],[-0.51320453 -0.79957558  0.31192949],[-0.60745563  0.59514264  0.52612062]
4,-329.4258732625454,-121.54100676904243,249.9056867759764,3.6074321748314735,3.927785911179049,3.0537698088640606,1.9773196070037793,862.0376555489128,861.9916823567114,11.63397051691094,[-0.20791437 -0.74343657 -0.6356679 ],[-0.61034791  0.60643693 -0.50961719],[ 0.76436054  0.28202184 -0.57984191]
12,-246.5397131451987,-273.5533638296959,145.71643570216676,6.755743960655204,7.317236182808925,6.273210544574186,9.415299836877207,1372.4581240089403,1372.3732113739422,24.34286050524148,[-0.44563745 -0.07377887 -0.89216811],[-0.64336779  0.71937529  0.26187227],[ 0.62248305  0.69069231 -0.36804752]
12,-461.5282062686497,13.148316749360797,60.210496898530494,6.790782677530291,6.883317597545088,3.973111108774511,6.516618741277895,1613.3103854244641,1613.197236169158,28.323551957266528,[-0.11963671  0.22540511 -0.96689172],[-0.05645632 -0.97385512 -0.22004291],[ 0.99121125 -0.02826194 -0.12923436]
2,-91.34330994324819,48.85763436897702,112.0132383203901,1.1936576713541243,2.6795389681573702,1.1688482937690736,0.7144253707908774,215.81290610430855,215.76906675976662,4.349743763315015,[0.76129082 0.51243824 0.39729503],[ 0.24893701 -0.79675035  0.55065347],[-0.59872085  0.320306    0.73412357]
3,-270.25500675051734,-168.30704528522423,297.2856225216968,1.0473504010968369,1.6914521562181941,2.845899062865617,0.8991204203099474,754.4981046651216,754.4758390478161,5.812922252258499,[ 0.66967435 -0.71391366  0.20460585],[0.40818332 0.58398709 0.70167332],[ 0.62042134  0.38637593 -0.68248882]
18,-253.56946318158705,138.0997575757366,213.4486995644935,3.534441671884894,14.824934395589464,15.65318702300395,13.323826433685053,1525.840151971472,1524.8236139724906,73.24208188222264,[ 0.14585037 -0.74250571  0.65376826],[0.69390751 0.54779649 0.46734503],[-0.70513831  0.38549226  0.59512661]
7,-462.96899140653886,61.71280396515981,28.809393327500413,8.376645338392343,4.900862083762839,5.973880675711647,8.527326589295784,1238.4273511003507,1238.3139166331077,19.92262100682893,[-0.14512853 -0.86147517 -0.48661919],[-0.01128596 -0.49035287  0.87145091],[ 0.98934844 -0.13196435 -0.06144161]
5,-92.7464991501087,-92.99477662105821,144.4658423369496,4.238511701762585,1.5444316405426894,1.5661576618749038,1.965426944800225,436.6979112333889,436.61363294522863,9.732045500589413,[-0.143051    0.87145867  0.4691441 ],[-0.86819946  0.11707655 -0.48220615],[-0.4751485  -0.47629073  0.73985204]
3,-225.60038767407698,-31.87615422294695,91.43629517050981,2.815831115430436,6.871327786489721,0.44769155352976525,1.9687663453714421,425.42041070126606,425.23835068214913,12.458223960876975,[-0.36401623 -0.08438853 -0.92756173],[-0.15166839  0.98796499 -0.03036257],[-0.91896076 -0.12962933  0.37243436]
40,-363.10249985232724,-308.5635798739751,20.929146640149234,12.334528462085318,14.56429572839332,13.442625310560107,8.496500235162623,3019.364403735154,3017.879614104619,137.380139258435,[ 0.36751491 -0.37500894  0.8510588 ],[-0.5342386   0.66392487  0.52325223],[-0.76126336 -0.64697146  0.04365803]
3,-185.3380163968399,-171.95149684656963,170.4100853959932,2.4086524713462656,1.1496126319082869,1.5452853605674348,1.6510256355849364,528.1085265897202,528.0915329914807,4.511366618741324,[-0.54275055 -0.21866375 -0.81093033],[-0.57954063  0.79633545  0.17315458],[ 0.60790994  0.56394682 -0.55893603]
13,-366.1519231505841,-82.21172787187123,27.932690318743475,4.474835155348731,9.413729061530512,6.9948844808983575,3.8298992590563694,1357.4765588769476,1356.9318510443584,43.03807035017701,[-0.06225319  0.55819155  0.8273734 ],[-0.22218972  0.80042702 -0.55673003],[-0.97301401 -0.21849208  0.07419529]
2,-158.3343956949651,121.87955003982378,7.590298718663952,1.7826305259832793,5.326538063696965,3.007200174440919,1.7201714251110758,282.92264400313945,282.78961359160957,8.675075471449617,[0.33176479 0.37714701 0.864692  ],[ 0.51295258  0.69713904 -0.50087604],[-0.79171445  0.60971903  0.03782766]
2,-268.7448878842992,39.87562571681322,143.58460819452108,0.2670424966800624,2.1936771995799695,5.572944559281197,3.121741442819939,434.66391900648455,434.6036600814132,7.237480909474726,[ 0.05897665 -0.92792052  0.36808322],[0.48148514 0.34944193 0.80378007],[-0.87446773  0.12982234  0.46738886]
6,-245.9265339449021,191.8888422454231,362.99596615723743,2.977619926467802,3.7328216169475277,2.8659512280538175,3.575120856944775,1172.4230800473122,1172.3882825077935,10.445790268035472,[-0.85266846 -0.14138922 -0.50295684],[-0.09441306 -0.90513518  0.41450752],[ 0.51385082 -0.40092318 -0.75843123]
3,-426.2166172011505,-211.92791932226064,112.76179369931599,1.234999507145278,3.0747507220556782,1.4161109574501387,0.058263322580381485,847.2935706128496,847.2710248142421,6.240443427986059,[ 0.36458887 -0.25703626  0.89499012],[-0.32849215  0.86385057  0.38190981],[ 0.87130239  0.4332373  -0.23051591]
6,-222.55613840301535,-183.22625185668775,64.70619235723504,4.6198393449243795,6.180808400019865,8.557099869222718,5.017641300266011,724.2177068652297,723.8310974949967,25.501212381668587,[-0.65665179  0.72784693 -0.19760383],[0.03644214 0.29232118 0.9556256 ],[-0.75331294 -0.62031216  0.21847753]
7,-242.97921121634982,-269.8539271800457,319.997100394548,3.609997158047059,4.448191854501754,4.076960356365911,3.7774176939402797,1280.665768485485,1280.6079303276483,15.660350497315973,[-0.25580081 -0.63454618 -0.72932646],[-0.82618685  0.53523229 -0.17590248],[ 0.50197732  0.55756393 -0.66116657]
4,-237.3773429829865,221.0684448169923,96.42690349491873,4.549501316592586,6.073378185246725,0.9281445469351522,4.865724223558914,676.9654986069692,676.8942854375103,11.775674902971922,[ 0.26262893 -0.13461491  0.95546055],[ 0.66258268  0.74500355 -0.07716153],[-0.70143441  0.65333647  0.28485299]
2,-332.9378185342602,-267.97510353763545,12.648768518985452,1.152692667260908,2.63542887797297,2.6981664530409413,0.8339365637444871,604.7045439871766,604.6799716125116,5.451371334927062,[ 0.41846869 -0.55388896 -0.71978537],[-0.4675147   0.54808471 -0.69356554],[ 0.77866165  0.6267457  -0.02959494]
3,-372.98926182721567,58.01138960870316,236.63446213155314,2.5688381517920047,1.8121847979155359,4.125136247051551,0.5887700390715741,771.701761249636,771.6548095292363,8.928681554429676,[ 0.05585202 -0.94580505  0.31989586],[-0.54402386 -0.29748575 -0.78456374],[ 0.83720881 -0.13021152 -0.53115569]
