N,MEAN_X,MEAN_Y,MEAN_Z,SIGMA_X,SIGMA_Y,SIGMA_Z,SIGMA_R,LAMBDA_1,LAMBDA_2,LAMBDA_3,EIGEN_1,EIGEN_2,EIGEN_3
166,-300.7900616682929,228.27451211318734,277.7518336472927,13.740748522761985,20.16660257071091,14.857378051431057,12.864074537350549,6048.498042745567,6043.866718133994,329.69253282499943,[0.75104539 0.2428075  0.61398318],[-0.15518425 -0.83895667  0.52160287],[-0.64175437  0.48702795  0.59241464]
16,-471.29021616700436,9.539596812105898,58.22182542085652,8.97792563598217,5.546758891576649,5.104007670548335,8.9041861598662,1900.3486166138596,1900.3127577065768,30.53037274592137,[-0.08390245  0.61861503 -0.78120153],[0.09154202 0.78543574 0.61213622],[ 0.99226027 -0.02015303 -0.12252925]
5,-466.5169121664738,43.07222449987388,60.89180635314396,7.0813652333056085,3.552178052507879,3.7037003798065387,7.441370796655028,1056.5792982096573,1056.5552809517721,10.320624698279426,[-0.15777595 -0.53374239 -0.8307983 ],[-0.00689931 -0.84071971  0.5414266 ],[ 0.98745083 -0.09115603 -0.1289629 ]
141,-341.8805805236806,-167.18704699578976,153.3054977703908,22.184964949708217,21.707076840349945,14.820466839352099,21.43211008877408,4886.289392047283,4881.330406375153,318.2282162202083,[0.27186558 0.28633928 0.91874856],[-0.48120451  0.86722912 -0.12789007],[-0.83338546 -0.40733704  0.3735575 ]
27,-233.71716340878842,102.25944634288165,159.58934181549446,6.882713238071985,6.5260325157636,8.16978296087373,5.736704437017783,1564.5447456458562,1564.2845291515457,57.85229201039191,[-0.09847582 -0.89721037  0.43048351],[0.62216133 0.28210965 0.73029407],[-0.77667097  0.3397465   0.53042862]
13,-360.65273515211595,-110.80923563567396,266.71456669508405,6.8554283582504105,8.255890739487617,6.485906494407993,6.7273877904870805,1666.4424639952192,1666.201632132343,38.1935259797636,[-0.57904213 -0.07055284 -0.81223919],[-0.2353955   0.96828841  0.08370492],[-0.78057618 -0.23966612  0.57728761]
7,-459.6677007331132,131.56931379645977,5.729500652014616,7.754899427187558,4.62392866414976,4.195092008454991,6.649842209799846,1265.3208736976849,1265.264536374433,19.603157537074114,[ 0.00382496 -0.03038491  0.99953095],[-0.27526089 -0.96095708 -0.02815894],[ 0.96136196 -0.27502407 -0.0120394 ]
122,-210.95391532949375,-114.70225638033418,145.16678624817587,14.316230782940602,10.954976893037175,21.80571065023675,20.09743608714364,3113.0746834565593,3108.9024997535516,222.04142718213748,[-0.36152345  0.9118581   0.19446231],[-0.55286509 -0.04171384 -0.83222602],[-0.75076027 -0.40838065  0.51921504]
73,-207.05532952009952,55.10472656463117,85.07790612507401,13.998871913846035,12.304856013699139,13.28533182885027,11.10139384753882,1977.3483637120673,1973.9448177501997,171.86708383070928,[ 0.00123756 -0.83742546  0.54655015],[0.43876888 0.49158495 0.75221414],[-0.8985991   0.23887829  0.36804459]
87,-37.82340856364145,-2.6675058052340432,23.383309353757312,15.900786662024574,17.163010697975878,15.082385848893129,17.9932354926096,477.77469211747416,462.3140296723986,195.27025064031852,[-0.53329118 -0.12274747 -0.83697884],[-0.08932977  0.99205597 -0.08857283],[-0.84120194 -0.02753202  0.54001971]
17,-432.45388263229466,178.1226296921984,38.92766352920211,8.265693827165657,9.829592613116983,7.008004328482743,8.812291638258603,1935.7909100673103,1935.5911568318018,47.93442853414313,[0.10692241 0.04221315 0.99337085],[ 0.37356101  0.92419412 -0.07948209],[-0.92142269  0.37958303  0.08304787]
151,-249.76237366554187,5.605665796810155,26.45532540922551,12.846577934294801,31.01782551257105,17.054190997027543,13.449602945717468,3117.806149442935,3095.1515447201336,433.06322904486336,[0.10691296 0.36514667 0.92479053],[ 0.01820108 -0.93068454  0.36536969],[-0.99410178  0.02223057  0.1061483 ]
69,-433.17358457293216,-89.00173984207876,110.13397662064781,16.31756459161412,19.786219322224785,16.07575454881223,10.881303779425648,3792.473657158453,3788.1066915798006,234.66304606833012,[0.06241223 0.64115165 0.76487207],[-0.30358722  0.74224725 -0.59741428],[-0.95075734 -0.19491943  0.24097075]
193,-235.51160308496006,-203.3368652362155,307.25242935461546,24.935005707888223,33.31645479508529,27.805149352002648,40.750826321654166,6110.299429315917,6105.275489430176,407.3967901666288,[-0.78759483 -0.01798305 -0.61593099],[-0.30003687  0.88426655  0.35784151],[-0.53821209 -0.46663613  0.70183934]
49,-232.9493855120728,116.2785729640441,16.389258621202792,17.271617075573385,13.222223681860646,9.605061929558113,17.354674166294703,1833.0011585197951,1830.7933319511967,114.34444482496296,[0.24731907 0.36770543 0.89645189],[ 0.37558504  0.81647756 -0.43852055],[-0.89317924  0.44514842  0.06382581]
45,-368.33036650973605,-305.96267961337014,16.88210833228357,13.768074547441785,13.322271471035412,11.045694299803332,7.612225260090573,3216.9041858965534,3215.1306461718154,139.15898135271837,[ 0.26400663 -0.26692466  0.92685043],[-0.58239481  0.72187375  0.37378414],[-0.7688412  -0.63847437  0.03512392]
57,-359.7374528885124,-154.59941838223446,230.99881322360972,13.959690496919293,10.778528150477065,10.807883452133227,11.362908058318366,3434.8868209846823,3434.2191959701786,130.87514234049866,[-0.49742101  0.84118625 -0.21208027],[0.35510362 0.42048518 0.83492133],[-0.79150095 -0.33999694  0.50786644]
77,-216.33700897453764,145.68211019194453,282.56774272535887,11.820247742170322,15.568420386441739,28.8308847376025,30.40013345888232,3387.3413158479248,3385.6942931281383,147.47040369840067,[ 0.07273231 -0.86299109  0.49995639],[0.8247566  0.33390518 0.4563813 ],[-0.56079102  0.37914866  0.73604329]
128,-378.2649339937638,6.217330685912169,278.61639965568986,22.181457755185217,25.78905188250267,20.55987397893432,12.040269438880847,5332.103359864566,5319.80047123765,429.94740903103127,[ 0.38779402 -0.74447389  0.5434836 ],[-0.44819436 -0.66752482 -0.59458593],[ 0.8054425  -0.01300941 -0.59253113]
16,-268.11737942792456,100.2079075728211,214.3574618388704,6.759920718313397,7.680721685626623,6.579632736156979,6.736197274118188,1430.9762018913807,1430.907634661046,40.3914850967648,[0.36065595 0.93258081 0.01484285],[ 0.55479856 -0.22729467  0.80033473],[ 0.74975052 -0.2804107  -0.59936967]
25,-440.83470967637646,-136.82858248052815,101.23336510423076,6.972446258353073,8.931299710296726,10.509242894799922,6.185389088303961,2363.6744790357807,2363.3084491837985,70.9388399972133,[-0.3585679   0.69094649 -0.62771173],[-0.03361671  0.66243204  0.74836736],[-0.93289816 -0.28944211  0.21429952]
75,-335.0619585029746,-208.39721697156398,91.09440459275294,19.593837963805335,13.367176169930309,15.409791189387763,14.981652540136453,3513.7814161457286,3511.2570479631413,208.6607986834294,[-0.08482603  0.51124423  0.85523908],[-0.55459711  0.68885889 -0.46679275],[-0.82778414 -0.5139093   0.22510141]
4,-374.75499140482424,192.0802188922631,211.95347008844018,4.486857966048591,2.2528594529741017,1.785084623956939,3.4895169025528263,942.9484195974995,942.917452197722,8.075093678628864,[-0.33775337  0.31842397 -0.88573632],[0.50399128 0.85594717 0.11553025],[ 0.7949311  -0.40738265 -0.44958195]
2,-391.0792091496261,-219.6941124465239,104.85369843142803,0.5955550647382211,0.5453637701479579,1.3627969413059091,0.06468647687091789,651.467970464384,651.4641250781976,2.2383648232811937,[ 0.33220775 -0.81662574 -0.47197501],[-0.4109728   0.32507277 -0.85172123],[ 0.84896371  0.47691728 -0.22761927]
162,-135.17982940149935,110.08439053700624,159.42423179015702,21.708362927847848,22.396100059872687,25.65952399375424,34.87362181944264,3046.622577642025,3043.27063856088,258.8260118397316,[ 0.62130117  0.78338197 -0.01724951],[ 0.5362942  -0.40907939  0.73826999],[-0.57129098  0.46793883  0.67428471]
25,-197.41165471430585,-61.776465534300335,211.14919923817175,9.298783333844534,7.57344800411773,9.360061133849317,5.535218214742612,1479.5099032283322,1478.5726514882977,70.9154041324573,[0.09629848 0.92742652 0.36139541],[-0.73812471  0.3101217  -0.59916312],[-0.66775633 -0.20905638  0.71442068]
70,-229.0686167432891,245.3680352716438,298.30561419721255,12.119192256536417,17.646228551090335,13.831573632106558,17.128986423671503,3762.00520293102,3761.179700706064,157.36871546123558,[ 0.3305651  -0.58829834  0.73799172],[0.79432131 0.59571226 0.11908213],[-0.50968653  0.54683815  0.66421959]
276,-390.33112032879285,92.35181103041333,156.7096740236715,24.846123371625982,28.074722671746645,34.29335634728311,27.26613546966422,7194.094257009593,7178.113238393733,714.4548495678661,[-0.06884231 -0.92313073  0.3782729 ],[0.41816993 0.31755318 0.85105457],[-0.90575639  0.21677091  0.36416442]
15,-325.55114684387047,199.34547699725135,154.11112059656068,10.50893753637821,5.259677291667632,5.729849841628814,7.364252933344469,1595.14534005291,1594.6993286641,41.779982133997414,[-0.03467329 -0.64614211  0.7624291 ],[0.61090644 0.59006081 0.52784616],[-0.79094316  0.48407501  0.37427302]
51,-337.5414561846578,168.11887514096338,171.14947752045921,10.864711644229779,8.20098288460984,14.530083556383842,13.946401744306462,2960.115405763567,2959.704773640698,101.55558930268893,[0.57538644 0.65146725 0.49449051],[ 0.06906425 -0.64114086  0.76430918],[-0.81496047  0.40562152  0.41389686]
69,-318.988974696345,148.7962019897766,319.47763596837547,13.099205903644238,12.612766324328545,10.674081740179975,7.739643229302778,3951.2644130385597,3950.2847830268056,163.18076156345109,[ 0.28025704 -0.73217099  0.62079114],[0.68633982 0.60497267 0.40366535],[-0.67111373  0.31294362  0.67206596]
89,-147.691527653919,-137.59592357998412,191.34956586242228,14.923411086439485,20.703100806880176,13.393771106766168,14.514258064492386,2634.8657260699024,2630.518364786546,236.25921622510518,[-0.84570019  0.26326254 -0.46420256],[-0.04914252  0.82773569  0.5589621 ],[-0.53139082 -0.49552644  0.68707885]
142,-285.55932191506236,179.91598404341437,217.32876314584232,24.67306246913351,24.331987262390445,13.507179002455766,26.27246982603574,4801.126777038737,4796.860128524536,312.29834212500117,[0.62541482 0.75537272 0.19562299],[ 0.31942736 -0.47658398  0.81904449],[-0.71191464  0.44975523  0.5393494 ]
63,-332.33792703820177,312.8381241878182,34.36587616237635,15.42493386610384,12.689634588295409,11.77145200834599,10.965641941833917,3637.0447717830334,3634.5454758958213,162.35744883112812,[-0.31306543 -0.42573782  0.84896251],[0.61205316 0.59307562 0.52311781],[-0.72621001  0.68338028  0.07490271]
40,-392.31242838641356,75.48190240542662,265.07892792766967,10.163045884064703,22.74812930482864,8.011391018366574,7.320848513956945,3036.089057760623,3033.383020196515,159.43097306382475,[ 0.55781746 -0.01414376  0.82984314],[-0.13853553 -0.98741439  0.07629368],[-0.81831998  0.1575207   0.5527564 ]
30,-240.07028283984602,-32.59271583102894,263.53510716350297,8.734570003067935,13.275637573001033,7.860103525599751,6.430375235027387,1962.4741343946257,1961.6760295035383,90.48828023160198,[-0.69258575 -0.27862274 -0.6653528 ],[-0.26560552  0.95608785 -0.12389399],[-0.67065542 -0.09091417  0.73617656]
32,-92.75705100378656,-93.58203410699073,90.26000508406656,5.687380186840254,12.452307647271205,11.553254824302991,7.03673627464779,908.4779027238056,904.9910863975605,93.42975822088862,[-0.81418785  0.40771854 -0.41335668],[-0.01213693  0.69983805  0.71419843],[-0.58047467 -0.58650856  0.56485119]
212,-317.48250990965,-255.83437801208265,157.45760567661068,38.616486062868624,19.696288304321232,29.41375454966642,31.912705478120085,6403.881687608948,6385.562508197661,615.7468076231428,[-0.41961912  0.79317819  0.44134811],[ 0.54193299 -0.17113616  0.82281289],[ 0.72816786  0.58444912 -0.35803742]
13,-198.37714838349837,6.332697933610342,159.46848784130074,4.995303877827098,5.087302556023723,5.667353410337904,5.033532581534059,918.3911660030901,918.3596111727715,27.36274990318795,[-0.09063646 -0.99315541 -0.07367059],[-0.62027495  0.11417163 -0.77603082],[ 0.7791303  -0.02464067 -0.62637754]
33,-340.69230698603855,-95.02786087666233,201.97021425711063,16.96192454641815,9.322142191934937,10.65442056008011,19.430009595235763,2342.9196398680538,2342.705599435543,60.38206207676757,[0.32165044 0.52336163 0.78907135],[-0.44366073  0.81951802 -0.36270563],[-0.8364844  -0.23341555  0.49579334]
13,-421.43915748880147,-90.68544481494949,172.48257608494401,5.347197919963288,5.395232019207508,4.483293413621155,6.429840323968439,1674.360321666962,1674.299272023092,21.76348200215321,[ 0.39219817 -0.07936991  0.91645022],[-0.14953423  0.97751826  0.14865247],[ 0.90764537  0.19534191 -0.37151235]
11,-241.34551645698514,242.49195289242024,99.20415744835337,5.869224708064526,10.540190742418002,5.070111692798796,9.999431086341954,1182.1979715726477,1181.945944776053,28.134962006884543,[0.72881051 0.57018746 0.37910619],[-0.09964821 -0.45945048  0.88259588],[-0.67742562  0.68102241  0.27803418]
2,-311.9069231745577,220.701910161004,62.02625042870419,1.2500391513949012,0.4532381709604749,0.3346440553457306,1.3192702316895009,547.4383940217256,547.4381391396936,0.5282654213484986,[-0.31635603 -0.18563789 -0.93029965],[ 0.50066127  0.80029457 -0.32994983],[ 0.80576495 -0.57014662 -0.16023631]
3,-223.07196485173986,-80.63031444880453,275.7597224832177,1.8413823597572312,4.8090471475933505,3.4166749717598375,3.2450261074983895,630.1038394799037,630.0399110425064,9.091294951052944,[0.55151781 0.56691221 0.61191393],[-0.56550197  0.79336745 -0.22533445],[-0.61321745 -0.22176257  0.75814624]
103,-249.41432018134114,187.65935933657457,50.44337974881811,13.31435572906511,17.530856480561788,14.086468068586626,14.980250792044636,3217.417153360941,3214.841815608598,217.1323743773276,[0.43216078 0.35045662 0.83091349],[ 0.43756263  0.7241774  -0.53301598],[-0.78852775  0.59392529  0.15961435]
2,-252.8351156546924,158.01018614515377,122.2077480995151,0.3996241018580946,1.6985268320542843,3.173515527354006,2.3500012645069717,455.7206693204221,455.7040084156256,3.896814055708102,[ 0.33097834  0.8486785  -0.41255077],[0.52422755 0.19815278 0.82820345],[ 0.78462654 -0.49038788 -0.37931637]
10,-335.1352357586778,-169.5783119087444,84.67732651263886,4.5068367795544715,5.20656174790742,5.2430757581723935,3.6311209352654568,1217.8062665529758,1217.6545953487919,24.838931975385155,[-0.45802895  0.56098742 -0.68956696],[-0.18033663  0.70095123  0.69003338],[-0.87045286 -0.44040945  0.21988937]
8,-316.5213336539416,-177.4921210020614,323.1016816790416,4.7723820435011435,6.887442545364922,7.550565833865004,3.9689272176960992,1374.5814844593037,1374.4133206575052,29.863243120709694,[-0.59027145  0.79468808 -0.14159968],[0.47672581 0.48476089 0.73330716],[-0.65139244 -0.36534606  0.66498883]
2,-324.1892956792186,-156.10229446983794,307.06351597607164,2.4637558131649087,0.1151920153947259,0.6445347371679304,2.068908513154696,668.9710418280567,668.9677258024235,2.1063331286591085,[-0.19301344 -0.77722    -0.59889472],[-0.70215911  0.53575112 -0.46898116],[ 0.68536005  0.32999971 -0.64913927]
8,-417.9155140230781,195.79685542795798,101.84794091015503,6.547255361659318,4.606746327693495,3.6156201711523237,4.838399426683786,1336.9445592398754,1336.8572669307234,20.762748892160655,[ 0.08632836 -0.30850965  0.94729573],[-0.45885687 -0.85630213 -0.23705914],[ 0.88430639 -0.41420823 -0.21548494]
12,-330.0326094661901,-276.6163812834197,138.74606283731285,5.648212114763459,6.300249394791671,4.987301743774526,5.976222740276039,1567.5529676079032,1567.4467891210584,27.023688218333625,[ 0.2912994  -0.68326849 -0.66954375],[-0.61890092  0.39908383 -0.67653067],[ 0.72945617  0.61145422 -0.30662261]
178,-332.301421177613,-26.49261921096237,232.18048109474682,18.70495134470833,14.542945631653472,25.170520471532733,18.762520950966024,5436.7173571289895,5428.51335918466,388.3281290590684,[-0.22391828  0.95121119 -0.21226841],[-0.53033027 -0.30165042 -0.79231107],[-0.81768601 -0.06484057  0.57200113]
60,-294.9003198728243,91.11558344181995,320.20085886842327,12.976039778687971,22.91122938074789,23.68193654508492,15.025126520806074,3454.598262274816,3448.1883931211164,248.72590962406153,[ 0.36791463 -0.74857463  0.55161114],[0.65315759 0.6302771  0.41968553],[-0.66183381  0.20588056  0.72082536]
4,-276.0671651704208,-230.14145363817232,294.7853439643075,3.0605360062510956,7.353897580363723,3.2461732582676475,4.005672674340715,929.8347647867225,929.7197654122576,15.26046254711543,[-0.59021339 -0.26758496 -0.76160781],[-0.54680741  0.82657208  0.13334264],[-0.59384326 -0.4951534   0.63417134]
39,-398.27583118657964,-72.30452331490328,77.76358372278507,7.715173849060955,9.451038076284956,11.1003748416525,9.091832325291358,2575.594413826898,2575.3204682550045,85.8017904256656,[ 0.1817762  -0.98321623  0.0155966 ],[-0.1829357  -0.04939645 -0.98188315],[ 0.96617387  0.17562982 -0.18884445]
11,-93.79123940041299,50.64053842683843,77.57576395138801,4.202061809951308,6.577644259454766,4.483127723223824,4.426954764833281,438.09127255809386,437.6373669911998,25.995281976279337,[ 0.24810816 -0.64557315  0.72227256],[0.65809581 0.65945295 0.36336169],[-0.71088132  0.38517155  0.58846464]
73,-209.8292575739721,-153.43874832103728,72.01561057040124,13.31222406651658,17.925916411597676,16.596272852494188,19.295604961918777,2315.0302925902856,2312.059559157898,175.1801251382388,[-0.59916441  0.79983602 -0.03555767],[0.19260191 0.18710333 0.96327403],[-0.77711422 -0.57031104  0.2661556 ]
63,-155.5435363900068,24.35161411751158,61.571716981937406,12.797174108576803,17.319479292617405,14.042089586835049,12.365794976736149,1354.4056538592615,1348.1608118773268,179.26018647543782,[0.36750611 0.64256824 0.67234316],[ 0.13380494 -0.75194368  0.64550518],[-0.92034531  0.14726426  0.36232271]
3,-157.43223022131588,-31.873185445843472,53.576407412604254,3.4989512313211786,4.053441263489165,2.4735408294750587,4.245201035655451,293.45835679435766,293.37490306854454,7.038376392723577,[0.22058258 0.40340462 0.88803606],[-0.2950685   0.89540004 -0.33345667],[-0.92966548 -0.18847673  0.31654165]
4,-362.7958896041704,249.41450164836974,91.97370603996956,3.6023317101271806,11.708976378354974,2.1245512650131997,8.798159742801689,899.8589949057208,899.7131144932175,17.54240589925128,[ 0.19353156 -0.07903407  0.97790549],[ 0.55873083  0.82820009 -0.04364024],[-0.80645235  0.55483171  0.20444163]
26,-182.83983268264305,-39.846015088292766,140.01600758761498,11.620154654413827,14.195763689205895,9.783568158906464,11.890324933030174,1196.0912453661517,1193.583315590371,87.04710114448962,[-0.57976506  0.55060301 -0.60059037],[0.22668784 0.81701531 0.53018733],[-0.78261427 -0.17123756  0.59849194]
14,-467.09837424125783,65.60140118896095,27.068403062887718,5.407143313153539,6.60999028065237,8.125582681028845,5.669519242979829,1768.2391575674526,1767.9970388864083,38.56435614302843,[0.14828322 0.84050443 0.5211184 ],[-0.02426768 -0.52369258  0.8515616 ],[-0.98864714  0.13891863  0.05725773]
4,-349.40271227784285,42.84043956834423,204.99741138488784,4.2532569265760385,4.921022176679665,3.300247425339719,1.799359416728666,814.846566821714,814.7287333908929,14.132518985511815,[ 0.30036179 -0.69190111  0.65654829],[0.41718772 0.71429724 0.56190201],[-0.85775125  0.10512999  0.50320024]
3,-139.99763698294245,-8.711542370890742,2.6244774099163735,3.4873015934264564,1.7054896417208993,1.1891601858029324,3.4929044577285295,243.09400811880178,243.07221028324702,3.5793153176813974,[ 0.05074973 -0.57014825  0.81997283],[-0.0403816   0.81918793  0.57210179],[ 0.99789468  0.06214583 -0.01855006]
15,-383.02125960113824,238.78390901744976,133.63742262170072,7.7592084683117175,9.701065669790022,8.742734939726747,5.850012952559678,1823.9429330564942,1823.369222170975,54.2165645095982,[-0.08324819 -0.58508256  0.80668961],[0.57538876 0.63270805 0.51827434],[-0.8136323   0.50730554  0.28397813]
16,-374.3619466323604,201.71143956670903,145.2245399431764,8.466462789323495,8.01018784442215,7.597894612402311,8.66310934300921,1798.1262120058489,1797.9546000711296,43.36974975299472,[0.54539376 0.76393589 0.34488781],[ 0.09196597 -0.46352855  0.88129651],[-0.83311938  0.44893568  0.32306169]
20,-246.15457383696943,-8.836407320996965,132.60852038177666,5.370681901470065,6.618697293572285,10.80337580132547,6.748390723547454,1252.2879160309387,1251.6685160562126,53.68904231414312,[-0.20910018  0.92167226 -0.32679864],[-0.42701803 -0.38669934 -0.8173856 ],[-0.87973446 -0.03136657  0.47442958]
39,-374.00694227839,-1.6549460622094772,119.23054029695155,13.465661028207412,8.129876149323714,10.737028214221597,15.172397712290044,2454.047453484924,2453.686109692412,71.79798441678228,[-0.22097696  0.69516219 -0.68404584],[0.2089453  0.71884398 0.66302729],[-0.95263374 -0.00358559  0.30409884]
3,-323.8748874074253,-90.04032647019157,47.31274397810523,1.2616243644125404,3.1509678338810043,3.2784159821511762,0.6230476407548688,588.0204549056918,588.0001178194085,8.099929107833093,[ 0.11034747 -0.74346557 -0.65960775],[-0.27856552  0.61392548 -0.73857752],[ 0.95405696  0.26524414 -0.13935874]
4,-264.1202602186201,-295.22751052541196,9.15099584548627,2.5821890049834857,2.9513722190923413,3.2454804799335286,2.303842207198692,792.5120508229666,792.5086183177604,9.072770065611993,[ 0.60044735 -0.51828747  0.60896722],[-0.44175828  0.41979105  0.79285881],[ 0.66656778  0.74508629 -0.02310464]
20,-288.73702552844264,125.48329586462735,250.51409155799388,7.836004089632907,4.966233159812009,7.273855331218296,7.4956055243480995,1799.9457366764805,1799.7203076282706,40.72684997544672,[-0.34908434 -0.93477453  0.06585371],[ 0.60254804 -0.17008463  0.77974809],[-0.71768795  0.31187786  0.62262044]
3,-358.34153527843705,-114.75023414739788,122.92099956484735,3.62730873221996,3.1053384678203644,1.0775705860549267,3.1495551654615634,685.6498242639428,685.6392004441987,6.483894259643296,[ 0.32508421 -0.00230071  0.94568227],[-0.27343465  0.95705555  0.09632325],[ 0.90529208  0.28989547 -0.31049456]
19,-355.4530112754264,-237.1891773976882,44.2009955291088,4.935032888477278,6.545949602089112,9.774743221698028,5.03569389793621,1873.2398497198267,1872.9100526470188,51.16068141220186,[-0.56023764  0.79844814 -0.22048663],[-0.03962881  0.24004094  0.96995356],[-0.82738343 -0.55214211  0.10283842]
23,-274.3524539902748,48.405549527911305,275.62457927110495,7.479211436266935,10.605281842769422,14.680337597514871,13.150947490531705,1881.6556416182148,1880.6775305661342,69.44907206007163,[0.6078581  0.62016996 0.49588078],[ 0.37527993 -0.77472729  0.50888369],[-0.69976675  0.12323497  0.7036616 ]
23,-309.7930560530882,-240.9706270579506,250.51970036540254,7.124550625283274,13.07241249400367,8.569894884071461,5.977923348449796,2234.22237704651,2233.509421086024,77.4624618741586,[-0.63341267  0.00978833 -0.77375227],[-0.39522715  0.85556699  0.334366  ],[-0.66526979 -0.51759957  0.53805836]
62,-281.7726743340994,-106.60240647538097,101.9923259943156,15.925545283407203,15.112315292763931,20.551949479707197,8.939868743872628,2513.21299831528,2507.8088419173328,225.67768509008985,[-0.14525526  0.85693333  0.49453633],[-0.43982463  0.39180734 -0.80810971],[-0.8862591  -0.33489145  0.31998831]
12,-289.11310192404136,36.21081161236117,234.23291305036545,8.416386223755495,3.8275413650452035,8.300700609314353,4.702401285586629,1295.7293687319927,1295.1867467581,39.82430902337139,[ 0.08472962 -0.96360259  0.25355657],[0.62825324 0.24917898 0.73702626],[-0.77338138  0.09684978  0.6264993 ]
36,-339.9786850283405,247.34163778792714,57.85536286688367,13.50619342117566,12.711581950824893,16.969497308942845,15.178233748467939,2550.554523837491,2548.302260000446,119.55938913229892,[0.59841594 0.7776386  0.19281228],[-0.00728694 -0.23536598  0.9718795 ],[-0.80115246  0.58299319  0.13518015]
24,-276.26391379216346,-209.45859053343028,113.8844843052501,8.86204394072047,12.628596060176275,7.9146560314277625,8.082820260982428,1789.5907964699823,1788.3226953121075,74.73986570761409,[-0.5068254   0.21454364 -0.83492457],[-0.41231335  0.79023644  0.45334763],[-0.75705067 -0.57401864  0.31205269]
18,-242.26545285395403,-221.50068679853402,226.27369809663128,5.403660428118312,5.472563460968062,8.223421193866063,5.745321946805493,1692.0225810613385,1691.8371105005326,41.06900030639471,[-0.79401405  0.40899581 -0.44973782],[-0.01764422  0.72400557  0.68956843],[-0.60764329 -0.5554623   0.56765419]
32,-198.18520369729634,202.52070754321278,41.337214350867804,9.887930522622689,6.78533550162442,5.700444107309901,9.247810521365244,1621.274583550887,1621.0837985917885,53.75346171015467,[0.27963041 0.07876099 0.95687175],[ 0.66517597  0.70279346 -0.25223457],[-0.69234945  0.70702055  0.14413251]
6,-447.02127425093914,161.63961072831407,72.1397885948163,5.149394829148325,5.096236869767449,5.0835747973690015,3.051074196837631,1177.8522035449903,1177.7542260870625,20.335362132466074,[-0.08774601 -0.59818644  0.79653852],[0.35748001 0.72745055 0.58568229],[-0.92978959  0.33613788  0.15000881]
3,-403.6564733902778,-255.98100979913798,62.307348238140456,3.9872919914769613,1.4033290464913275,1.3071361731500093,2.776003342986796,834.9249718638283,834.9037040832685,5.978634283078634,[ 0.14761377 -0.4474669  -0.88203376],[-0.52621924  0.7195705  -0.45311325],[ 0.83743865  0.53102889 -0.12924717]
6,-96.23324195476305,-95.67338611624972,143.71759507405395,6.770855163741049,7.309111519379999,3.5502644823799443,4.005575511572109,484.70498011960495,484.4159259748203,23.927518832388373,[-0.78718699  0.60382534 -0.12542571],[0.37798337 0.63308339 0.67552498],[-0.48730403 -0.48435564  0.72659094]
3,-308.0973714174987,213.90121912874417,123.90494354212332,2.8422485440360723,1.0052146859440694,1.2314453421048623,2.3837004881435178,684.194623035201,684.1838053475809,3.848529015493457,[ 0.44024513  0.83103559 -0.33994717],[0.44473734 0.12707508 0.8866006 ],[ 0.77999547 -0.54150879 -0.31364838]
6,-278.14613717047774,-247.57771722537072,67.91973210189953,2.7449387061185755,7.299348771303793,6.063590375286986,5.595371765063005,927.4193040013996,927.3311938734809,19.958845747507873,[-0.43617516  0.65817289  0.61364459],[-0.51956296  0.37258135 -0.76891968],[-0.73471461 -0.65421066  0.17945153]
2,-338.56478595502824,170.5534986214252,211.30814638768976,0.7608780132778463,1.3496262071069225,2.3475105654637645,0.019027064712076935,613.7974489075185,613.784560367306,3.977655099526755,[-0.56160942 -0.78279268 -0.26801211],[ 0.27579969 -0.48250401  0.83133893],[ 0.78008294 -0.39297011 -0.48687277]
38,-174.01421851592747,99.84058087212391,41.017981108985886,8.821083391223063,11.836377305799559,16.21170908362587,11.256211391908733,1268.3236556659947,1265.4183230952167,115.78439889176691,[-0.41548347 -0.85252656  0.3171308 ],[0.32647733 0.18564711 0.92679432],[ 0.84899119 -0.48860373 -0.20119729]
4,-365.6732341423359,34.607085256771256,111.40436162433096,3.170020409341595,3.8126095849954873,0.9473485572606658,2.976328620062898,767.7194536470556,767.6901665787161,8.153466167550993,[-0.28138153  0.09902387 -0.954473  ],[-0.11482322 -0.99098933 -0.0689621 ],[ 0.95270145 -0.090191   -0.29021634]
30,-135.21023318698735,-87.57213332704978,154.7730507314497,7.5647447672718755,14.53445181043768,8.037232918169822,12.941279763410826,1227.2953709556818,1225.9915382327877,70.69768143048606,[-0.71225423 -0.12168596 -0.69129331],[-0.3564971   0.91109262  0.20693009],[-0.60465175 -0.3938309   0.69231026]
2,-262.0294803780897,-40.71996983712094,114.33068014883358,0.5414039685806813,0.19031568769402085,0.666677387064837,0.20047749378184676,408.3866862450323,408.38488989181616,1.2112845445379308,[-0.02178486  0.95654908  0.29075638],[ 0.41971557 -0.25520562  0.871039  ],[ 0.90739422  0.14101044 -0.39591892]
4,-244.601175916623,275.8476016784473,269.73540216587355,1.6353764541370808,5.688666455034263,1.7194597060591008,3.410697073644621,913.7087968591484,913.6548233612737,10.276576611561698,[0.84341404 0.3457773  0.41120655],[-0.04417932 -0.71814373  0.69449102],[-0.53544463  0.6039103   0.59041629]
12,-247.26807873587077,24.00695443100281,77.6657135876393,9.525996571661068,6.48683304500566,4.6121132618473375,9.037639751197549,902.5539162460602,902.3426655971956,29.455381944553135,[0.26822098 0.73052226 0.62800855],[ 0.15933808 -0.67655815  0.71894398],[-0.95008888  0.09277018  0.29786711]
4,-441.5179396892206,24.887733630136488,20.468384986763372,2.8742693160106545,3.895591377707394,2.5970795797315533,2.5467876214292744,885.44864563169,885.4032870816663,9.733000359585924,[ 0.00995647 -0.52388939  0.85172811],[-0.07204611 -0.84993245 -0.5219427 ],[ 0.99735161 -0.05616699 -0.04620652]
24,-249.24877019121888,-279.0527252965443,154.04384296166623,9.175791703758165,14.304576149806918,11.554561445241191,17.568843232491442,1984.6742661823005,1984.2883732811217,52.282173352716015,[-0.29101067  0.64833474  0.70354449],[-0.73237234  0.32219836 -0.59984913],[-0.61558391 -0.68981902  0.38105927]
8,-360.5730580541911,-7.160937579980253,184.9188108039544,3.0568398334429308,7.049960140089107,6.203002797596215,3.4544138181203676,1146.628871512662,1146.4146256236916,26.132840727623563,[-0.36803145  0.61927907 -0.693575  ],[0.27034452 0.78497258 0.55743331],[-0.88964414 -0.01764879  0.4563133 ]
9,-330.11240793017896,-290.0847266070133,195.9048675568381,4.539880065290282,4.982816879882386,12.411402184768685,4.104501432698635,1444.0063527167902,1443.5469037131695,40.569458301927206,[-0.68655306  0.7217049  -0.08824358],[0.24070809 0.34013421 0.90904804],[-0.68607909 -0.60286876  0.40724039]
14,-203.0505565468142,48.609061523905105,148.96829610329164,4.579382195430421,10.534392116744312,6.842602538420379,5.2842481786344475,960.7132437380775,960.1513566890374,45.7678841941172,[ 0.47143787 -0.41508288  0.77810831],[-0.38903299 -0.88970561 -0.23890849],[-0.79145415  0.19007929  0.58092185]
5,-207.884290741129,-215.15211842756662,128.55277472333438,7.493850727389638,6.36570233672889,5.776179169529485,8.76609137367689,728.5485730664823,728.4063569861775,16.213598963469337,[-0.33053057  0.6985483   0.63464937],[-0.69510015  0.27469303 -0.664364  ],[-0.6384241  -0.66073748  0.39476658]
18,-255.6833024559285,-144.11620628334114,221.70363409007464,6.322899256097794,6.891071020021844,7.867889025511911,6.318975921568916,1561.2105054271824,1560.986198629902,44.43820984544784,[0.1989437  0.70095246 0.6848993 ],[-0.69090358  0.59596292 -0.40924374],[-0.69503499 -0.39178292  0.60285363]
12,-117.33966425347529,65.79705927375146,38.776498434093874,2.99874388580599,6.520098594278014,7.473932178978429,4.043941574875692,485.830623613616,485.68435800304525,33.03393081830086,[0.49789508 0.86656966 0.03402221],[ 0.22457798 -0.16672699  0.96008689],[-0.83765459  0.4703819   0.27762502]
28,-254.67510007029287,-245.2771858276952,13.75058695553714,9.454404908821136,9.111700597507538,6.405752759438074,5.375175058728654,1873.7792135521315,1872.8205871076316,71.92179053735137,[ 0.24723355 -0.20364751  0.94731371],[-0.64870075  0.69144729  0.31794337],[-0.71976587 -0.69312938  0.03884267]
2,-161.4054793514398,-185.9247695357197,28.891664772903248,0.8198861253380585,1.1986328958113148,2.4384743562451874,0.08095410699085903,350.6067086528491,350.583751877387,4.012115646195307,[ 0.69388502 -0.52594886  0.4918347 ],[-0.30758079  0.40109544  0.8628537 ],[ 0.65108958  0.75000016 -0.11654235]
19,-303.872873065211,1.8141783046491038,346.51331409420027,5.850102956522469,8.60706250005527,6.152447689699166,7.60616326050448,2009.565963662739,2009.2841022266884,41.09370968462799,[ 0.74908687 -0.08215114  0.65735839],[-0.06444325 -0.99661155 -0.05111243],[-0.65932991  0.00407466  0.75184271]
5,-398.68341279993535,168.4571654380292,123.02524539062992,5.6094052727468,1.9856780515329173,5.753052434384693,4.237332464567097,1006.2759216584825,1006.2084941903167,15.912498470560616,[ 0.29415667  0.90991504 -0.29244908],[0.35823932 0.17871114 0.91636615],[ 0.88607925 -0.37432198 -0.27339827]
48,-375.54759048648793,164.030167883313,28.956661566419395,12.281418018015083,20.667779866137312,12.821572336469247,17.56940553249417,2851.312088006998,2850.2268758997293,142.8674006337139,[-0.09579924 -0.38010325  0.91996958],[0.39514962 0.83375437 0.38562991],[-0.91360784  0.40046868  0.07032462]
12,-281.9596930883308,-164.87528144314967,327.62909295023,4.634678322546991,8.125171211353646,4.794729314347461,5.472532254914566,1602.9425643067596,1602.7725795310666,31.13993998226494,[-0.77548642  0.08229304 -0.62597817],[-0.16484383  0.93068846  0.32656623],[-0.60946478 -0.35643632  0.70817076]
4,-350.31926110538825,197.8466087009581,71.68161134887163,2.8279970472690357,5.279707874672512,6.089770122043175,3.988086794109965,817.4672146177456,817.4004546536718,15.115047808280718,[ 0.26392776  0.70566487 -0.65755549],[0.44223336 0.51732078 0.73267241],[ 0.8571883  -0.48416557 -0.17553323]
2,-151.22380315240946,94.37442975274698,80.55182927581131,2.541373858923336,5.739975189886245,1.4025864702837225,1.3814758765293078,276.7856281521577,276.6430235770443,8.883774971006734,[ 0.26854866 -0.33920162  0.90156746],[0.57482666 0.80746424 0.13257383],[-0.77295274  0.48264248  0.41182557]
31,-354.6342850197857,147.52729896706745,239.5838299696948,13.671004856643377,7.488364441375141,12.708840228540092,7.469414332062676,2522.6687730427657,2521.123379174716,104.06353250657526,[-0.12538483 -0.91687315  0.3789753 ],[0.60858805 0.23059444 0.75924093],[-0.78351721  0.32583713  0.529085  ]
6,-131.0275013642335,109.10733087823529,20.59413443467343,6.195951059365421,7.796833692015443,5.979297105462274,2.9796859136789093,421.61801373023036,420.78396931432104,27.551775867636863,[0.41211523 0.335124   0.84726203],[-0.49803565 -0.69583007  0.51747561],[ 0.76296889 -0.63522627 -0.11985847]
2,-211.38152007727896,51.406554032960955,252.61266965202333,1.0040586098477888,3.7575387672461567,0.463131643944493,1.5669034045338037,471.4939732778057,471.4666424088588,5.076606446169503,[-0.77327178 -0.13013885 -0.62057605],[ 0.00288669 -0.97942362  0.20179455],[ 0.63406816 -0.15425062 -0.75773631]
16,-254.4325780471621,-277.37262980457274,43.375387071325434,4.686517967488725,8.86576083396879,5.334508528223893,7.513749001430138,1516.1169921930798,1515.932380626142,34.07297666934724,[-0.15138143  0.28693321  0.94591384],[-0.72550186  0.61769543 -0.30347884],[-0.67136481 -0.73220331  0.11466296]
7,-454.864429873372,-67.52051247553732,45.91802356765856,3.8958699860844646,4.230546249896238,4.7519808645660735,3.5624129494966352,1222.8122020138394,1222.7741576566432,17.342082609188264,[ 0.17611777 -0.76742688  0.61647264],[-0.0138038   0.62427468  0.78108295],[ 0.98427231  0.14607225 -0.09935246]
42,-318.77545956108906,-316.11550219431547,58.12954566961598,9.58709767621056,17.272837286359685,7.729620364290005,12.018672616802112,2936.7137328527465,2935.0346829338587,113.38430663707634,[ 0.3339425  -0.16606883  0.92784888],[-0.62693219  0.69592884  0.35019862],[-0.70387387 -0.69864454  0.12828633]
4,-330.7704799519435,328.12751667962027,79.55323466287126,2.7362224282798917,7.7008473325381575,2.013961452717008,4.132042584695805,945.4555114477901,945.3626716088424,14.629459059647981,[ 0.1189317  -0.11907658  0.98573628],[0.70443943 0.70976372 0.0007467 ],[-0.69972876  0.6943027   0.16829564]
13,-195.41658930487708,-174.6350471985123,157.05609228331048,9.346957486963227,7.661267702612533,4.827558208897868,6.525249899757287,1102.3523936154725,1102.137983585367,40.71510405526964,[0.03460145 0.64636065 0.76224711],[-0.76778601  0.50544055 -0.39374419],[-0.63977135 -0.57161855  0.51375564]
2,-279.9590188729983,-194.26003905307755,314.22594472854746,0.19306964799059756,1.934425985802065,1.0832240293022153,1.6616420590904397,655.5256089823864,655.5222657888044,2.093582298573516,[0.57916444 0.35353052 0.7345643 ],[-0.54752215  0.83628132  0.02920696],[ 0.60397685  0.41910586 -0.6779102 ]
7,-294.7519183972849,112.05860200350082,156.0624226658355,4.97001884245513,3.5919143107346465,8.909084449725828,3.786727073401887,931.2797956680604,930.9755962790149,26.800666339129076,[-0.29104713 -0.94771765  0.13085422],[ 0.46208588 -0.01948963  0.886621  ],[-0.83771607  0.31851438  0.44359935]
15,-248.9339572484685,-186.61773079589494,152.82743847643218,5.790808148929987,9.843380261777634,6.181488514862353,5.004591824154045,1343.3198941001024,1342.7288557607988,46.319844036966565,[-0.58807812  0.13077901 -0.798161  ],[-0.3720723   0.83247703  0.41054135],[-0.71814089 -0.53840398  0.44090228]
2,-95.52365290153222,110.86957323223345,99.77916201889197,1.4157622754553216,2.177748545849063,1.5743784478049747,3.0135694290971458,250.52719351235598,250.52661890351442,0.5365724095954103,[-0.63593892  0.13578964 -0.75969919],[-0.5520443  -0.76793143  0.32485137],[ 0.53928544 -0.62597323 -0.56331939]
6,-320.34383261532975,169.9713934342763,98.25141841918015,4.284398695685208,7.032503254793873,3.7525624754795786,5.208544488799267,920.5744975395561,920.4153405951583,18.065572053301924,[0.48701968 0.50679256 0.71131789],[-0.18942812 -0.733754    0.6524738 ],[-0.85260121  0.45251119  0.26135188]
5,-215.84457930739944,206.75238810883806,345.5433278528482,6.954918815945717,3.378069711650412,2.492954204829591,1.9349912804274942,1021.7585437550551,1021.6234890238744,17.63898917758483,[ 0.21342486 -0.77384555  0.59633287],[0.85512158 0.44315847 0.26903095],[-0.47245837  0.45251921  0.75631306]
61,-141.14303416027104,-119.9759080735824,28.60911980073772,11.689954138492693,15.124603755919258,17.964969373364717,10.861143909765158,1474.782258258748,1470.1321324980784,184.49344277951965,[ 0.51951379 -0.7183116  -0.46274601],[ 0.40547927 -0.26945287  0.87348824],[ 0.75212498  0.6414231  -0.15127598]
11,-383.26929232927523,-50.96599418092956,158.9016137583466,4.255147043953839,12.46612034260848,5.2171427816387945,4.5266023918667075,1387.1683155610087,1386.5539632172658,44.559382561653536,[-0.39893565  0.31528182 -0.86107359],[0.01474647 0.94111752 0.33775784],[-0.91686034 -0.12204585  0.38009462]
13,-350.4851928139079,247.98450909743926,201.79179979764805,4.565112809914051,7.193393796891034,6.025627768591232,7.699494068422963,1710.8365986005765,1710.7541259767063,25.470341096156922,[-0.67255241 -0.53063093 -0.51585276],[-0.04397152 -0.66716728  0.74360899],[ 0.73874201 -0.52279885 -0.42537231]
2,-360.962737407037,-99.67177578956807,24.2820614416257,2.204131867418056,3.6210747813571302,2.01674380888168,1.2887850264285987,530.7357474840643,530.6973537542485,6.383758744377881,[-0.17057433  0.39815796 -0.90131828],[-0.21359463  0.87803266  0.42829427],[ 0.96191566  0.26557275 -0.06472543]
9,-418.1864767971472,-53.15371752384317,187.01724880385962,3.367067339065312,2.7560634705521734,5.254969285472656,4.553499235817048,1383.6477381357338,1383.610463097506,15.213603722030227,[ 0.23107591 -0.94042309  0.24941598],[-0.35267357 -0.31988163 -0.87937313],[ 0.90676639  0.11523952 -0.40557931]
6,-390.8852861276868,-256.5295763175948,3.543677189040352,10.026519290026469,6.283269368928914,1.4756934968978452,10.79902212744464,1145.6492699040582,1145.5905955764345,12.314768575135085,[ 0.10489162 -0.14625263  0.98367063],[ 0.5385403  -0.82318877 -0.1798182 ],[ 0.83604551  0.5486077  -0.00758267]
3,-138.0650345352469,-49.193952287798446,91.3365467466955,1.9399016088132766,6.335885603981925,1.0019983682946834,3.8748702814179734,299.3455744828177,299.19571925314267,9.475940982560001,[-0.56263977  0.04660233 -0.82538761],[-0.21103485  0.9572351   0.19790215],[-0.79931269 -0.28553317  0.52874382]
3,-191.0899420882835,215.26509429616658,14.48177119504602,3.9202955741098724,4.3165777433207575,2.137247315856864,5.635877726478801,499.30487853509953,499.29000069145445,4.521141608785325,[-0.74473006 -0.6649232   0.05704617],[7.59103885e-02 5.24601774e-04 9.97114506e-01],[ 0.6630345  -0.74691155 -0.05008389]
9,-88.15587195677386,-47.70587516094644,96.91954098228626,3.898578428021771,5.819807584025806,11.048972339603312,8.922235991504795,419.9934379817358,419.2766662215031,28.739720516611765,[-0.7547432   0.47629317 -0.45111807],[0.17874945 0.81094774 0.55714666],[-0.63119833 -0.33986555  0.69719443]
