N,MEAN_X,MEAN_Y,MEAN_Z,SIGMA_X,SIGMA_Y,SIGMA_Z,SIGMA_R,LAMBDA_1,LAMBDA_2,LAMBDA_3,EIGEN_1,EIGEN_2,EIGEN_3
173,-231.62464529955477,169.79716741902263,31.52042533114245,23.08590724125496,40.57949263175685,17.96595926872983,31.175861423288872,3852.367876193417,3828.555160584708,499.47633324847556,[-0.03609866 -0.23379455  0.97161566],[0.60258997 0.77052356 0.20779502],[-0.7972341   0.59298698  0.11306738]
34,-369.90379504103277,-164.0376930590112,41.581744849414676,7.87980709071421,10.646373073283977,9.746060664165427,6.551056979251734,2373.446705182081,2372.580342426505,87.77923877500987,[-0.14338622  0.53484959  0.83269221],[-0.39054038  0.74252465 -0.5441832 ],[-0.90935065 -0.4032283   0.10241256]
2,-468.6821520440728,19.849786554807956,66.23715120981075,2.574615159718803,1.035606107839918,0.4137059173654407,2.532584791282659,670.0032927488396,670.0011163280207,1.707751004362234,[-0.13425608 -0.63700982 -0.7590743 ],[ 0.05724443 -0.76971559  0.63581521],[ 0.98929186 -0.04190928 -0.13980426]
307,-397.6494514874701,104.71189112446986,158.63556135756477,21.81789966478604,23.309557180171492,34.29862471234998,23.071636486106595,7758.813221042099,7739.842604639599,718.5811360611008,[-0.1056539  -0.93020632  0.35150172],[0.41921839 0.27886718 0.86399597],[-0.9017168   0.23864053  0.36049619]
5,-171.96649622290977,151.8012530160659,16.933249393198714,4.619469848404773,4.22829251490647,4.430265590088372,5.882286689403068,514.5699065129502,514.5014363953126,11.083642792889414,[ 0.62798219  0.73874733 -0.24472588],[0.21600271 0.13665152 0.96678291],[-0.74765045  0.6599839   0.0737567 ]
12,-261.0795558062389,43.37158920104761,202.79588066387257,8.939178873111633,5.061053398827998,5.249524044722252,7.8188385196618,1155.5761046525342,1155.4407532950845,29.489499030227087,[ 0.274864   -0.80492526  0.52587556],[0.55774552 0.57899653 0.5947125 ],[-0.78317923  0.12983968  0.60808877]
118,-141.29012726004137,-116.23337723162463,183.76774496207494,14.203282705016736,20.340211184102944,19.873047317562584,23.83823938011579,2836.313830320893,2830.3689107746272,228.6875422449408,[0.41743568 0.5883739  0.69250531],[ 0.72899913 -0.67179532  0.13134425],[ 0.54250135  0.450008   -0.7093554 ]
202,-313.562423131767,-258.0492107699529,170.2299146384537,26.60641869092227,24.07925526971132,22.697223143890355,29.587548746081286,6280.4805817909255,6279.226548878955,431.74117777967035,[-0.15127294  0.66585959  0.73058025],[-0.68551357  0.4618167  -0.56284677],[-0.71217108 -0.58596616  0.38659542]
4,-246.22487456297404,11.613508501755568,280.9146516491652,2.153618454896176,1.6344069747600969,2.024118803668875,1.663215092889888,747.4862259603249,747.4742638055103,5.8864104405515585,[0.25038956 0.95124207 0.18012105],[ 0.70939999 -0.30687424  0.6344918 ],[ 0.65882981 -0.03109225 -0.75164922]
17,-248.43634642520897,-147.23166357176103,36.374302955057686,11.17117962408786,6.480106702101442,10.384113587179861,7.497092291164262,1201.6385975645014,1200.9162194553485,60.922066752032976,[-0.33507838  0.71667884  0.61163218],[-0.3982381   0.48059226 -0.78130499],[-0.85389045 -0.50537365  0.12437274]
3,-311.6533770719728,-81.59772437832159,310.0947288563455,3.904036222784676,4.817922901314918,2.6738337067304503,5.39563947833976,774.5773226519044,774.546878983997,7.018878872968365,[ 0.71706376 -0.1687314   0.67627603],[-0.00646689  0.96860405  0.2485244 ],[ 0.69697758  0.18258124 -0.6934597 ]
44,-132.87987783344778,-118.5653703749775,31.843770750868092,14.715528309960002,7.354819291246606,16.40011138971526,10.915824742604524,1207.9976070725938,1204.1617488302506,135.49484584827363,[ 0.50806022 -0.70567019 -0.49386678],[ 0.44780041 -0.27339247  0.85131155],[ 0.73576464  0.65367128 -0.17709956]
8,-345.01266483579434,-84.80784332848621,83.46371275654624,3.163433863285022,3.5323623326208895,6.793230541802226,4.474162768476719,1032.474840716233,1032.3671574109346,19.715227449389058,[-0.28173801  0.93530596 -0.21407114],[0.16431264 0.26684455 0.94962905],[-0.94531743 -0.23237201  0.22886285]
3,-228.36777089523522,-263.8140255406935,204.51000225261745,1.5050363522664165,4.344167552468091,1.718972694436287,2.245505384324002,700.5622521814636,700.5313560476388,7.551161114010177,[-0.51073727 -0.20512355 -0.83490824],[-0.64835404  0.72965399  0.21735245],[ 0.56461002  0.65232613 -0.50565418]
50,-353.35944231205906,41.721009593257094,145.82322915693575,9.458109908297555,13.03925611565609,11.716755506721189,8.961607347695924,2721.445321922197,2721.077311773108,126.27308043754958,[ 0.27568976 -0.51079122  0.81430184],[0.28210187 0.85282231 0.43944584],[-0.91891985  0.10856535  0.37920954]
69,-216.6282698178395,147.95502826872396,283.7891627417058,13.71953554204287,17.93637344795076,27.840588278669003,32.26821695100051,3223.35830015755,3222.089712766714,128.04246565958147,[ 0.2384023  -0.77475057  0.58559875],[0.79414519 0.50260481 0.34164575],[-0.55901499  0.3836013   0.73508659]
305,-331.0758392757949,-52.55604002159796,213.4754158275165,16.710900662520004,30.47280947234508,31.30043253879311,19.425008185023735,6981.467011645668,6956.618010631813,738.5865038717462,[ 0.48562977 -0.64065978  0.59474261],[0.26704049 0.75655674 0.59691815],[ 0.83237798  0.13106086 -0.53848858]
123,-243.9326885150649,11.141249807312006,17.881868097375644,12.655099844443406,26.250777319850304,10.87497952018685,12.84400312943806,2734.9986812032307,2721.608846246956,312.4268656356091,[-0.07916552 -0.12006208 -0.98960493],[-0.03703547 -0.99168101  0.12327669],[ 0.99617328 -0.04640975 -0.07406038]
17,-372.32800486578594,-16.122989895386354,182.63384021853952,4.972835950885913,7.500626104501649,12.740170815390222,7.422973719268918,1712.2258818430785,1711.6026899229635,56.92309665783491,[-0.23020191  0.89132102 -0.39058151],[-0.37737364 -0.45171762 -0.80841841],[-0.89699287 -0.0387043   0.44034732]
56,-385.70084970091233,227.31236679908972,129.7844913991785,10.398673215613323,15.937349957825056,12.303682882501464,11.58806755092662,3491.6000259147922,3490.025158137402,146.06523314932954,[0.54598361 0.5830124  0.60166306],[-0.13153498 -0.64959213  0.74881815],[-0.82740585  0.48798218  0.27798013]
14,-148.69883983607585,4.224660749654932,71.94257430669974,9.005487196050005,7.351423351131919,4.61079994740821,6.991936079083405,619.7456781002394,619.1726424538607,38.180220544027684,[ 0.31625295 -0.64910792  0.69184028],[-0.29853595 -0.76031456 -0.57688652],[-0.90047785  0.02409714  0.43423377]
52,-292.8837423556734,125.32133073282058,244.2146527229144,17.842503029688967,9.036954400657848,12.571683794351076,17.666651897054788,2898.928349129714,2898.0336511104724,113.46766823665418,[-0.1380874  -0.93868933  0.31590222],[0.66939847 0.14662272 0.72829078],[-0.72995723  0.31203224  0.60811046]
27,-308.42248552728694,12.020085535502187,352.82080057788545,7.216098644186531,6.819278327155767,7.305402302430726,8.78118803200745,2436.5616614907794,2436.3747562761955,45.02724793636451,[ 0.64515727 -0.49629741  0.58091392],[-0.38844588 -0.86777281 -0.30996799],[-0.65793761  0.02567552  0.75263462]
14,-243.92525901727598,102.29807192073831,84.30470338553344,5.632956774856914,3.942411671260987,11.137380433084822,5.8484638030388565,1039.7528772344485,1039.13562403694,43.7698204685048,[-0.33353368 -0.92881764  0.16140967],[0.34189543 0.04038365 0.93886989],[-0.87855723  0.36832996  0.30408919]
14,-282.93022083394084,-200.01294420921246,234.81320600909348,5.103813596259536,5.56035948482058,3.8494797652892947,5.533420599458674,1566.3837890003053,1566.2850473803428,24.020409240334445,[-0.46572238 -0.31295513 -0.82774498],[-0.57112156  0.82079166  0.01100959],[ 0.67596067  0.47787042 -0.56099647]
97,-233.3670717272599,239.21056659341096,296.16671802592117,8.85708833402156,20.698128068856807,21.214768112121696,21.87452102241023,4406.193116412702,4405.459275087408,214.42246942890156,[-0.04007647 -0.79229869  0.60881578],[0.85236176 0.290848   0.43461117],[-0.52141472  0.53634897  0.66366895]
10,-189.58220276113974,-11.599616458194763,9.98518923751155,2.5263412557816918,7.507977553290198,4.052230638521341,2.130263664731901,602.0116679462406,601.6136642748194,27.19813993703055,[-0.06646102  0.25666755 -0.96421196],[-0.04505317  0.96459099  0.25987386],[-0.99677136 -0.06071229  0.05254401]
4,-341.1971258849977,236.85805091021757,65.5563427734595,6.302645422290597,3.4158003859873136,2.239922703108856,3.4262684443719156,841.113026348399,841.0229825766976,13.389493468425885,[0.20451685 0.02377275 0.97857433],[ 0.54741114  0.8259893  -0.13447199],[-0.8114887   0.56318427  0.15591526]
155,-301.2611199951879,230.14107435361169,274.51483708903385,12.002838864358695,18.71225157063489,15.72163421014821,13.709587451950275,5835.724601107415,5831.2281641499685,293.62159378119003,[0.75981058 0.31866274 0.56669387],[-0.0917472  -0.81036573  0.57869667],[-0.64363835  0.49169243  0.58648804]
124,-232.5563139599744,-110.90863522948435,127.5010145299329,38.31250795386511,11.067204725901405,18.091004466838854,28.299420567078442,3236.1688427384156,3217.883910050544,377.67979335594293,[-0.22756981  0.90118801  0.36887958],[-0.53465945  0.20097073 -0.82082278],[-0.81384965 -0.38401944  0.43609382]
31,-414.72990933675607,-83.85922252266185,221.75629456385022,7.998154947454296,6.446197898037643,13.217404259069445,9.18774846377575,2661.1925951599746,2660.5063868626908,78.09682969744237,[-0.12595006  0.98266528  0.13603506],[-0.48020304  0.05959993 -0.87513021],[-0.86806775 -0.17554715  0.46437224]
312,-244.0330916370065,-188.1793426855497,299.7045877915517,21.22591323663994,40.50726842074998,30.051461289359604,37.48505845896029,7646.4194915000135,7629.591952756754,704.9054714541111,[-0.75749426 -0.05587062 -0.65044671],[-0.3252764   0.89615404  0.30183306],[-0.56603684 -0.44021178  0.69700494]
175,-135.13005392814054,111.66088846787278,161.13012147079638,24.147504309104665,19.878229715973816,21.61775359598765,32.762315258964506,3186.4015656323377,3182.6066149692792,256.3813011217259,[-0.51324371 -0.84410097  0.15515941],[ 0.64244156 -0.25798503  0.72160416],[-0.56907797  0.47003965  0.67469474]
9,-238.71946958384993,-223.28822531823732,223.8805170469731,7.274765515875584,5.594330809115107,2.450121172841219,4.14988787624111,1188.8582094432209,1188.69249993634,25.654221960103676,[0.38398626 0.41591471 0.82436006],[-0.69957307  0.71374011 -0.034243  ],[-0.60262101 -0.56355125  0.56502913]
13,-293.196988189168,-265.2906930316566,249.67125845118716,6.1266264632618395,4.913125945056698,3.944612302399926,4.190132546755094,1686.3390885486097,1686.1654066246538,27.896775603251502,[0.12889053 0.60036414 0.7892719 ],[-0.76829785  0.56367483 -0.30329705],[-0.62698137 -0.56730379  0.53391083]
3,-263.60604981919636,48.99283870552383,117.32400787508851,1.247473082043362,2.810426642045895,2.342789429059054,2.2407480760634937,506.9464020000443,506.9373073356133,5.458520299950913,[-0.36909393  0.19189082 -0.90936659],[-0.22920904 -0.96702452 -0.11102614],[ 0.90068468 -0.16745596 -0.40090599]
2,-213.26468890439955,-233.67778565749674,239.02216134433354,2.830729544622585,3.760829222909223,2.649856039038795,5.336299861579789,560.7992640156087,560.7980117790139,1.185118202286029,[ 0.84172139 -0.33549313  0.42302419],[-0.0470788   0.73491434  0.67652383],[ 0.53785565  0.58936005 -0.60279851]
38,-346.15089770197346,153.7687988949891,245.31423847801628,13.086075150363838,14.858107463710683,15.503405346928071,10.761443109740755,2785.5455082916164,2783.203553074614,139.80516841459442,[ 0.07464277 -0.7940006   0.60331709],[0.63749941 0.5032256  0.58340252],[-0.76682655  0.34106751  0.54373706]
54,-312.71442873720514,152.5728847884255,318.11281905624395,13.180936518913583,12.17153903826818,9.122873776762878,10.321219331207125,3466.662007507054,3466.193582079704,126.81278033411063,[ 0.32820675 -0.68437442  0.65108523],[0.67242862 0.65335795 0.34779756],[-0.66341547  0.32365884  0.67462943]
19,-89.83390199402207,-91.6084884539819,92.55594049839365,4.705183966660572,7.2092280565146,10.804528114882249,6.484193185991378,691.695991205519,690.745339246911,52.687851152904564,[-0.81950223  0.46725125 -0.33180169],[0.08206481 0.66869921 0.73899035],[-0.56716969 -0.578375    0.58634538]
9,-204.94512902727354,-187.8636941543383,8.242125057651556,9.374135315106901,4.027806030582705,3.7107849567200466,6.397515903748409,834.9951078337199,834.7134384581826,26.38127663718651,[-0.10101658  0.1532945   0.98300379],[-0.66812716  0.72164679 -0.18119605],[-0.73715788 -0.67507534  0.02952193]
27,-102.60831898452267,-56.37985297492446,92.95672901473846,8.272008613229174,5.025345429867941,18.989224175774712,11.988223269140358,784.4137847952662,779.52905365506,91.42182176502011,[-0.37510011  0.91607897  0.14177172],[0.6272494  0.13821914 0.76645525],[ 0.68253798  0.37642368 -0.626456  ]
10,-351.0865521007955,255.15193246999146,49.058228567409046,12.332132389812505,2.6276876301353753,8.393646088668339,10.859543839440692,1381.9803693546378,1381.6736535812504,33.416675922045954,[0.4752423  0.51709176 0.71187138],[-0.357357   -0.62590006  0.6932136 ],[-0.80401538  0.58383665  0.11266782]
88,-385.34541064754654,51.72942377686757,278.0214881497356,14.383823129757998,19.376525376618954,14.609735218387842,8.90403977148305,4489.559284083797,4486.67698949226,251.25272082839658,[0.49241039 0.66756618 0.5584688 ],[ 0.32765067 -0.73662557  0.59163148],[-0.80633556  0.10834282  0.58145059]
2,-400.71745079882896,-258.01772871187586,55.24817300266636,1.1970280752213682,0.9485247188788719,2.9399379564810424,1.1712758270607253,678.5439707712724,678.5298170692528,4.382649656533008,[ 0.54541105 -0.83679833  0.0479097 ],[0.07058003 0.10280953 0.99219386],[ 0.83519174  0.53777203 -0.11513471]
53,-171.03668179754217,102.83452932903805,33.93802919989838,11.899205646405557,11.640119595898993,10.399564623023519,11.587824474266558,1479.9611855467913,1476.9285961239977,114.63419035115697,[-0.19241023 -0.58157758  0.79040864],[0.49937372 0.63533914 0.58904165],[-0.84475096  0.50804694  0.16817881]
12,-248.50917264717768,-182.9230490895144,148.7878237063091,5.450509685865597,8.234621896605404,7.349716595412545,4.044923774586281,1187.2288817732856,1187.0272906171986,40.272288076278585,[-0.53251219  0.03538729 -0.84568228],[-0.43620053  0.84475949  0.31001695],[-0.72536878 -0.53397486  0.43440877]
4,-153.95124305934374,-172.2483620482871,129.1684333742217,2.7402648546334056,6.37013254152407,3.8773077656714143,5.49632090427013,529.5721328260249,529.4960720842864,11.488089986212703,[-0.81332353  0.47770165 -0.33212343],[0.01685432 0.58994885 0.80726469],[-0.58156751 -0.65096965  0.48787062]
5,-282.84460128893164,256.13321461173695,97.23812648976475,3.4283900323545393,1.4357777387905915,3.8850542248277424,3.490086209144461,880.5872341185521,880.5549015727463,9.150493702664429,[-0.6901292  -0.62116827 -0.37131074],[-0.08809593 -0.43715681  0.89506035],[ 0.71830411 -0.65041825 -0.24697228]
34,-317.71293766980455,-304.85326070922,66.17073236902581,9.765942332391226,10.919978180453377,6.682350667649727,7.695584107927069,2597.6949024482697,2596.965761953446,82.22250277170349,[ 0.2622837  -0.06447046  0.96283478],[-0.64967564  0.72596977  0.22558692],[-0.71353264 -0.68469807  0.14852515]
156,-340.1024011461947,-157.1129841537845,150.1826988692022,22.093552389050206,19.189324244726258,18.314382472131012,21.241885589641136,5055.722250085525,5052.20352336249,338.1500262425542,[0.2173945  0.38718537 0.8960062 ],[-0.49244877  0.83607622 -0.24180728],[-0.84275372 -0.38866958  0.37242734]
26,-178.37477990139902,-37.58416847343709,145.8408975397174,7.628801740208022,7.440300779200907,6.677597866840215,8.209527276036901,1191.8341244868107,1191.3722822310717,48.69813684830769,[-0.5804048  -0.2515347  -0.77450666],[-0.2814533   0.95444844 -0.09905667],[-0.76414286 -0.16049449  0.62476173]
5,-195.478042602223,7.373629410636343,164.28568985239767,3.84717261320997,3.554081543735431,6.170079170855558,6.426889099269373,571.4843399872019,571.4001362512115,10.990402367078762,[ 0.44946916 -0.69141188  0.56562098],[0.46112114 0.72188274 0.51599671],[-0.76507827  0.02889518  0.64328866]
4,-199.70597259609463,-136.03430652249645,24.509304159734384,2.582454870008103,4.859475130408883,2.2708308360267844,0.8632504376792226,485.87629195692125,485.77481254825415,11.776867962298518,[0.03299628 0.13008899 0.99095313],[-0.56821091  0.81811236 -0.08847903],[-0.82222115 -0.5601509   0.10091265]
82,-333.27836293803034,312.27666715034667,36.45237858796982,16.774039169068534,12.914214937616087,10.795584916292496,12.914091450533796,4153.865886359274,4151.1716490351855,180.70619630105628,[-0.27554464 -0.39615512  0.87586316],[0.62823597 0.6154224  0.47599877],[-0.72759516  0.68140765  0.07930255]
7,-142.49261630778608,-143.99339273102788,8.024095543994887,5.733807778812966,5.522580575164968,6.340820784929382,4.457283277872532,537.0300350803395,536.5609196135555,24.250088956436137,[-0.46772636  0.50341961  0.72649897],[-0.53596449  0.49205328 -0.68602161],[-0.70283292 -0.71024804  0.03966874]
58,-364.1557507305955,-158.23933127952867,230.72399564976487,14.68967742932304,12.144990416904482,11.068527986211556,14.351613908230672,3500.647343253891,3499.695191133018,127.83955051511157,[-0.54736895  0.76493808 -0.33949515],[0.26707278 0.5441118  0.79537066],[-0.79313262 -0.34469129  0.50212405]
19,-409.6534684815313,-1.4871145562843788,258.65883380831343,5.447959245934855,7.688298368277518,5.370617267818255,4.108018777704736,2112.182944262528,2112.0353325235947,43.790771587945635,[ 0.46775178 -0.48629227  0.73805698],[0.25734955 0.87379083 0.4126267 ],[ 0.84556459  0.00306824 -0.53386431]
28,-254.96538065423945,150.01848004270545,218.10054569861313,6.3570143096692036,12.213482805408146,9.869503918654795,8.97375419959346,1946.3806556883278,1945.8687233930023,76.09132194520902,[ 0.26464083 -0.62172148  0.73717544],[0.6702244  0.66820846 0.32295   ],[-0.69337182  0.40860721  0.59352815]
92,-45.741464497151476,-4.1674895969680446,25.063607008904256,17.565301905770102,16.28053095272497,18.675188018256954,18.832332126772364,558.2539253903398,556.5615998582589,228.18213779461038,[-0.2026419   0.94505209 -0.25654005],[-0.45408921 -0.32279193 -0.83042661],[-0.86760547 -0.05178716  0.49454913]
9,-450.1954497002296,-6.472485750047268,155.23659048077585,4.680081625132896,5.588573369169208,4.93912790762898,5.723564145982036,1428.960191526489,1428.9015239548055,20.02452912986012,[ 0.32629386 -0.03408626  0.94465361],[-0.00167369  0.99932723  0.03663717],[ 0.9452669   0.01353554 -0.32601729]
22,-192.50173716826765,-66.81987856107355,217.53683409635326,10.641464470929947,12.381155654935561,9.513007971712257,7.598489301155153,1400.3943548960497,1398.9395874889324,81.93273710249436,[0.39732854 0.7174755  0.57215289],[-0.65213369  0.65941256 -0.3740277 ],[-0.64564052 -0.22450829  0.72989338]
2,-298.34030164145213,56.54918753730436,322.5646125107873,3.3920559220362634,2.676854754733437,0.1741259466331826,2.06938517232291,626.5323253487848,626.5093110611967,5.370089438747564,[-0.51914305  0.6195488  -0.58876971],[0.52624117 0.77451458 0.35099485],[ 0.67346917 -0.12761833 -0.72811595]
23,-411.76987020384416,-108.36256403647658,122.99384667600604,12.005441512618377,6.89910640968122,7.552637054811809,11.490021763100094,2126.7367459277148,2126.323971705912,51.97191199346249,[-0.05906317  0.83860398  0.54153015],[-0.36498818  0.48677559 -0.79362028],[-0.92913679 -0.24452583  0.27733003]
89,-302.2389190756839,187.59696746888025,214.28744602892368,15.254746201263123,15.7466459705966,16.539925741329885,17.256088717584177,3924.9343148897187,3922.554481695139,201.5131823988002,[-0.3436477  -0.89103254  0.29659277],[0.59376634 0.03852778 0.80371459],[-0.72756291  0.45230147  0.51582515]
7,-256.3261218402408,162.3740816711266,72.4862537078086,7.814788293421871,5.115475940686825,5.449831704448778,8.083297790096061,825.8521464235436,825.6847180498543,19.17434918161487,[ 0.45892081  0.84577816 -0.27212313],[0.33789588 0.11712235 0.93386762],[-0.82171653  0.52052057  0.23203507]
9,-297.26826851221074,81.43628852911607,74.16704600337536,6.271703622679235,4.054637612396911,5.111305055241077,6.088190250649425,951.3880119909107,951.2907406426082,19.993810503053975,[-0.24577419 -0.9663271   0.07620352],[0.24551904 0.01399228 0.96929078],[ 0.93771821 -0.25693607 -0.23381277]
2,-256.9018563687198,-212.55921367989345,104.96721916987227,3.2965604632989596,0.11789627448726492,4.149162619920041,1.2483363385555037,494.4212717653461,494.36759450187503,7.285292066352446,[-0.49662091  0.78407016  0.37229245],[ 0.46177603 -0.12451036  0.87821414],[-0.73493576 -0.60805523  0.30023035]
35,-297.3758153127274,-167.14097726072083,275.6873788166483,11.186023227970455,9.354842076032622,6.33365484860202,9.34027440350271,2596.1580610976184,2595.749475845342,76.03776640017526,[0.43027227 0.48739755 0.7598088 ],[-0.5958093   0.78566052 -0.16657979],[-0.67814236 -0.38102648  0.62844393]
84,-375.2256185572779,163.52024223097357,27.96530524929333,12.521939301802774,21.293729902337947,15.84562313105648,17.84449857045974,3768.2197878270554,3765.308284947644,211.2460236161213,[-0.21106118 -0.61289488  0.76145456],[0.34639047 0.68155142 0.6445939 ],[-0.91403874  0.39980935  0.0684519 ]
36,-219.75164090072914,-134.36853452575346,181.58553521759885,8.009257931807044,11.267245538908252,11.166720542529495,8.586868182155982,1893.2849813823025,1892.198763736909,93.59784223353583,[-0.70775818  0.28171099 -0.6478559 ],[-0.11365282  0.85970235  0.49799086],[-0.69725275 -0.42608776  0.57644413]
15,-437.7086725845427,182.07452744912717,51.07423649454936,5.2380037244122315,9.496304055792594,6.505005227805937,5.771020962826628,1847.1670886396585,1846.9770855735753,43.64786439845816,[0.16515582 0.12243566 0.97863837],[ 0.3606517   0.91604643 -0.17546878],[-0.91796182  0.38192729  0.10713377]
44,-437.2202489996784,-142.96485916294307,98.50142706883581,5.985679537260618,8.96648966257158,13.208815860903508,6.368486889531709,3122.01338880239,3121.260999909599,104.92938744015018,[-0.36137849  0.86466248 -0.34894753],[0.07515698 0.40003312 0.91341389],[-0.92938529 -0.30386229  0.20954878]
33,-244.27882142197748,-11.44444561797571,129.88546144919033,5.086043145957172,7.722658923375822,10.089814869247471,6.7177342593926745,1592.1829420550482,1591.5541634263293,68.64809697820944,[-0.29161499  0.83035392 -0.47484004],[-0.3701862  -0.55570349 -0.74441642],[-0.88199936 -0.04130376  0.46943703]
116,-191.7508440396776,51.91594705040524,77.68342315080287,23.400900339701177,17.258609503317473,16.661082634631384,28.899260341117213,2323.0273971650436,2320.992885602127,180.84533821762363,[0.40292147 0.11680582 0.90775034],[-0.18127356 -0.9619892   0.20424663],[-0.89710322  0.24684649  0.3664323 ]
14,-308.9705435481418,-235.4723099794598,249.42696627717993,7.538791105681675,5.451674256826163,5.389342335979213,5.7275415049466245,1727.7486789545053,1727.5475890503778,34.16845333942616,[0.09218754 0.66454958 0.74153578],[-0.73725913  0.54611122 -0.39775812],[-0.669291   -0.51003567  0.5402899 ]
8,-143.6937281530184,102.10723903179816,99.0857664406777,3.2831721829947353,3.7465778556748424,7.000329810101851,4.536327574218424,572.4441131627557,572.1298792194428,20.60358419775547,[0.67267436 0.69175    0.26266166],[ 0.20653779 -0.51640297  0.83106565],[-0.71052893  0.50478699  0.49024355]
4,-388.23132915860447,-3.7509329309076946,293.1985460012155,3.354480558760204,4.674014193369906,3.5374634298702583,3.6190715390954513,973.129704351927,973.0767075564175,11.374313601810108,[ 0.51688188 -0.52294896  0.67775918],[0.3099588  0.85232954 0.42125989],[ 0.79797159  0.00766419 -0.60264633]
3,-304.67786392303253,-79.92941093065879,77.1711347719666,3.5085790186253303,2.126241505914725,5.317723038712052,3.826796208308636,561.8304114727139,561.7495885598232,9.529794105847937,[-0.31855241  0.88404744 -0.34202994],[0.12611967 0.39714752 0.90904768],[-0.93947761 -0.24644263  0.23800807]
5,-238.02058253959166,222.38544460288873,118.18202422259606,3.7489103568400917,2.4331613334453768,2.3980142943604807,3.402845614636282,774.9193095159517,774.8854857514315,8.39903545913133,[-0.14042868 -0.57765313  0.80411233],[-0.71305321 -0.50445239 -0.4869116 ],[ 0.6869024  -0.64175123 -0.34105784]
13,-437.07812923700453,-123.82417367476327,26.503383499638332,8.293173565504558,6.311738907633812,4.165012963181656,7.821748115258148,1641.147255572969,1641.021220723042,28.91123282837756,[-0.14155394  0.29802545 -0.94400387],[-0.23949124  0.91496878  0.32477081],[ 0.96052404  0.27205325 -0.05814295]
40,-377.8619936199274,3.300831325888736,121.68016481103936,13.616746930869947,7.698159895976082,11.317655072700004,14.513295539081275,2513.359394896204,2512.79276886934,80.31147239562381,[ 0.12271078 -0.90519655  0.40689221],[0.28118003 0.42490161 0.8604629 ],[-0.95177721  0.00882189  0.30666321]
40,-404.69353924653785,-75.02616587902038,75.81647662235328,8.75115115094195,15.006790844895747,12.083208286162051,9.52110900342404,2649.2466157543267,2648.6405944823,119.71862659510452,[-0.22683668  0.28055211 -0.93264979],[-0.11661058  0.94289966  0.31199712],[-0.96692662 -0.17952923  0.18116889]
7,-326.30165621371174,-161.56507098607386,26.634575067149083,2.2294543270751332,3.0020403449414634,6.133195107510908,3.3344862314695245,966.0962213213742,965.9674424236911,16.83997774747051,[-0.4091838   0.8711448   0.27143206],[ 0.18378745 -0.21269129  0.95967942],[-0.89375097 -0.44257108  0.07307566]
7,-155.6876116878914,-178.5965786146834,265.5758545705494,4.0313919921588885,4.172018803537947,4.03442233751361,3.923005283953869,941.7758999239901,941.7215231542425,15.507324348533693,[ 0.67524372 -0.73132276 -0.09598401],[0.59387378 0.46187184 0.65877791],[ 0.43744697  0.50183804 -0.74618948]
7,-319.1832878417807,230.50838709011845,83.09067508579405,4.292167738098717,6.546433660641903,5.607215802896691,7.1397956668186975,1064.8957690080308,1064.8134751160835,17.12915902840211,[0.5951694  0.65727837 0.46234027],[-0.12913893 -0.48962977  0.86231423],[-0.79315605  0.57292917  0.20653243]
15,-292.91193829933246,-35.945861965587476,127.80738950280453,6.9530102409041765,11.394165941998915,4.8110308468108025,5.176539123538097,1246.6718816602695,1245.7744559651617,51.20417963033734,[-0.33306455 -0.37011989 -0.86722504],[-0.24362351  0.92228787 -0.30005445],[-0.91088726 -0.11133891  0.3973513 ]
11,-345.0224590866,-8.872285105796879,314.40267217894683,8.690689215879829,7.761960418583422,7.49850651451366,4.408038401394392,1548.993164250447,1548.6268961554665,43.595928552997954,[0.32356059 0.86674815 0.37954734],[-0.59085619  0.49838474 -0.63443015],[-0.73905176 -0.0189813   0.67338117]
2,-275.7810110880208,8.681458476796124,287.0768495337189,0.7196496379161488,1.7539449353880885,2.0324565167422577,1.0051445444015883,563.1187733225578,563.1068490745939,3.6646137019784186,[-0.47090481  0.7434766  -0.47485914],[0.54639719 0.66840608 0.50466169],[ 0.6926029  -0.02181408 -0.72098916]
2,-271.621591682091,-199.31174756256576,122.00040974309657,0.8414437367847825,1.6957655598337595,2.9570393522492537,2.5879113806585963,506.75416030254115,506.74305053857216,3.3555498499730647,[ 0.4498803  -0.82396919 -0.34450323],[-0.47221713  0.10794891 -0.87484742],[ 0.75803608  0.55625695 -0.34052828]
13,-323.1963997096122,-345.18376441904013,53.737052784095404,8.09303374146152,5.350628439332595,5.478389803558692,8.539814090228083,1716.3523867691738,1716.2681653233685,25.8161511162657,[ 0.56091342 -0.61205963 -0.55745776],[ 0.47340105 -0.31527555  0.82249181],[ 0.67916683  0.72524778 -0.11290738]
12,-415.2381891663411,1.0834897052763786,52.42644706722319,10.03332754076108,7.140318835042046,4.376391284109115,10.123950199771036,1450.504468048979,1450.334067935629,28.394213884752897,[0.12127301 0.27024464 0.95512339],[ 0.0316062  -0.96278879  0.26840043],[-0.99211587  0.00236191  0.1253017 ]
3,-234.08402737537565,-74.21889641517396,148.97858163753895,2.1123202028285077,3.0627454444853752,1.4447089613939497,1.520165704062508,497.53444933303103,497.49841219577553,6.383102365571092,[0.52153823 0.0630869  0.85089242],[-0.25254005  0.96399262  0.08331722],[ 0.81499779  0.25833753 -0.51869098]
5,-266.6299403424226,131.68579699633122,80.51804494280687,3.8996015086940927,3.7385994347282727,4.785773107064362,4.961707240132592,689.0734645301661,688.9998862222069,11.665825082256445,[-0.34720493 -0.88770624  0.30236794],[0.36128432 0.1709213  0.91665672],[-0.86540301  0.42750853  0.26136963]
2,-274.0252663269204,212.7121925900724,343.24203564931776,3.3440785185129016,3.544853174312223,0.233010828658621,0.16873772881541527,690.1814567748324,690.147008943471,6.89560165687582,[-0.49051631  0.50921814 -0.70717087],[0.66639943 0.74209754 0.07213212],[ 0.56152074 -0.43587629 -0.70335362]
2,-200.86651947988773,81.87885100391644,112.65121047999097,1.5785632947152806,2.835432532600535,0.8387172153857279,0.7339170768671863,345.6965001228177,345.6655578430654,4.62518304584802,[ 0.48548442 -0.0117051   0.87416696],[-0.29819942 -0.94216223  0.15299488],[-0.82181627  0.33495271  0.46089554]
34,-343.2747999925309,166.5906364904357,178.7761594201821,6.98865659822376,9.396169413879832,9.637091015735793,9.394092989824447,2458.157990074564,2457.9925679781054,69.54274516533475,[-0.55343651 -0.31056804 -0.77282309],[-0.17376377 -0.86440868  0.47180905],[ 0.8145638  -0.39540501 -0.42442985]
11,-428.8286907959053,-92.95716343747975,176.04324294231265,8.82655231121192,6.325858487721217,6.17008718262756,10.334460784241683,1568.5342690833943,1568.4934358928494,23.219554758518452,[0.35873257 0.1024119  0.92780534],[-0.22063125  0.97510173 -0.02232624],[ 0.90699106  0.19669371 -0.37239602]
22,-340.1389063040065,-198.28031470279504,78.43641205957728,7.537887029313954,10.85074599463256,6.335753149891763,9.426877028259849,1884.0691839145368,1883.639282475653,52.47543406292222,[ 0.25388873 -0.05311178  0.96577412],[-0.46674798  0.86781406  0.17042618],[-0.847164   -0.49404241  0.19553839]
3,-333.4255441009894,-219.55021751607364,125.92783104323185,5.556324132756084,1.685813786015238,3.2445611736694353,4.730787641081015,725.1336700766881,725.1048034629091,8.117661314446234,[-0.36015358  0.01187722 -0.93281742],[-0.4855849   0.85139653  0.19832108],[ 0.79655302  0.5243881  -0.30086611]
2,-301.52779586353785,116.63535174616712,154.27633986671628,2.973145956759538,3.0161015978476655,2.5794334829882786,2.631270727744834,506.65293039864656,506.6180642063357,5.943812022684801,[-0.5088705 -0.211929  -0.8343482],[-0.1803145  -0.92148056  0.34403525],[ 0.84174669 -0.32551447 -0.4307004 ]
49,-375.04888281465486,-297.4736736275393,10.35003231424201,19.067087754753707,24.009022354692316,8.555172099035456,9.083023051026606,3358.5533640578883,3352.83415677663,212.91436472811017,[ 0.03656665 -0.01108707  0.99926971],[-0.620645    0.78346255  0.03140414],[-0.78323858 -0.62134009  0.02176747]
22,-369.0040168916905,226.40012705177503,13.415362351589458,4.79905506024016,13.454530952780162,10.722754128591705,9.44892708520315,2032.7524519814885,2032.5906143238237,70.51439849300671,[ 0.3567427   0.62230051 -0.6967616 ],[0.3838249  0.58234257 0.71662792],[ 0.85171186 -0.52308623 -0.03110797]
4,-319.2086756159437,298.7174669372852,12.760021913174286,3.465100416233339,3.0417875246268253,3.575622337033006,0.7641155526245831,874.7898668044145,874.7537763431085,11.56934992035629,[-0.3545202  -0.3416519  -0.87039612],[ 0.5844938   0.64560692 -0.49148622],[ 0.72985096 -0.68298293 -0.02918728]
10,-301.64619055763416,90.2816946881823,252.15797494256077,4.884618746308149,3.6782886374329298,6.333275434735089,5.216358396202887,1275.884017684747,1275.7987214632526,22.464404124318108,[-0.50848137 -0.79838243 -0.32254022],[ 0.42695302 -0.55905892  0.71074907],[ 0.74776856 -0.22369314 -0.62514284]
6,-234.87481320372248,222.64759613194124,92.22295513654076,4.739228380125084,6.25977386816217,4.671868545683546,4.437691224509793,824.5142342673998,824.4479074089892,19.545411770999085,[-0.54980773 -0.24994846 -0.79701771],[-0.45889791 -0.70689591  0.53824797],[ 0.69794281 -0.66168266 -0.27395601]
29,-214.77455052942452,-196.14676599294114,188.4074129319691,5.9428507925192955,9.270559302956789,8.7404790210489,5.54386708417876,1867.5732982601921,1866.703191197369,69.25394434339903,[-0.7574107   0.61283688 -0.22529979],[0.20550029 0.55125971 0.80862993],[-0.61975694 -0.56616579  0.54346816]
7,-364.04808477560425,246.49308163239877,91.95002407206951,4.532147119162622,7.23567091102497,6.322266302081545,5.9942826024753435,1188.6632883336995,1188.5076502913164,23.117967772096584,[0.53727978 0.5573145  0.63303317],[-0.23336079 -0.62303364  0.74657339],[-0.81047713  0.54884391  0.20468802]
21,-385.2520002214177,-272.072783709082,103.6858577967528,5.688632165134112,5.963120573649547,12.165792914805209,5.167583290548932,2213.723773851286,2213.2895531560034,63.01294001872021,[-0.56067248  0.82421798  0.07944238],[0.22183962 0.05708357 0.97341083],[-0.79776785 -0.56338814  0.21484939]
5,-338.91933231879034,-170.1421677259023,90.97479371990529,4.609715749466692,4.256252137342082,3.5578965259282302,4.297410858611373,872.188440636102,872.096730973803,12.872266333786353,[-0.425742    0.41937971 -0.80178826],[-0.25192306  0.79613183  0.55018986],[-0.86906762 -0.43622788  0.23329533]
7,-320.62696270717305,211.56269442169165,6.4981319457322,3.1083661422856768,4.595916330202385,2.1494316972687177,3.4539825417703547,1016.5828559842366,1016.5274362382655,12.806676712241078,[-0.15818362 -0.21013674 -0.96479039],[ 0.52776061  0.80782067 -0.26247762],[ 0.83453381 -0.55069802 -0.01688211]
24,-350.37474413438986,-108.76395600698463,262.14078537002393,6.383587583600491,7.798056442653127,8.156876398401659,8.612979567344592,2209.671240474188,2209.530110119595,47.655814206611645,[-0.40636486 -0.51318364 -0.7559829 ],[-0.48079332  0.82366566 -0.300687  ],[ 0.7769848   0.24128289 -0.58144405]
13,-308.04861348250535,216.25576811776352,126.43111775915617,6.419142734587869,5.534430081123381,8.052609243492185,5.369518320652372,1432.1152887861208,1431.773301682784,37.461273169714026,[-0.35838962 -0.79580491  0.48811005],[0.51925852 0.26458219 0.81262959],[-0.77583985  0.54469332  0.31840497]
8,-182.42293596448985,-174.66637454161983,244.6139421154996,5.239953603000988,5.633162986637413,5.164449076774936,6.084546722148301,994.7810329561717,994.660994501238,19.829056455115392,[-0.02001319  0.82059668  0.57115722],[-0.8546924   0.28236384 -0.43562777],[-0.51874885 -0.49688204  0.69570674]
33,-239.86179040892384,-38.590585723702944,265.8637644455076,10.934924228547466,12.913602631645004,5.709381643048455,7.164532914074775,2071.077971225517,2069.6563136518143,93.98994927030029,[-0.60714503 -0.4970088  -0.61996546],[-0.4330235   0.86115026 -0.26629095],[-0.66623236 -0.10678239  0.73805959]
27,-253.02426520047314,-256.6979681842873,18.201337316558124,6.719209204594869,9.620901048960175,10.436072825282032,8.269236762581349,1876.6569330385419,1876.1572342188256,69.4024694881704,[-0.58979297  0.61817782  0.51961567],[ 0.40101597 -0.33430524  0.85289284],[-0.70094967 -0.71140438  0.05072829]
2,-228.88618384312753,-52.81943772657506,163.86536210742892,0.7368008445032928,0.8282211645047894,0.711584731270591,1.1486787199083608,405.04905933289587,405.0480330301465,0.9118140562239366,[0.53140366 0.22817507 0.8158102 ],[-0.28100527  0.95599298 -0.08434135],[ 0.79915342  0.18442766 -0.57213656]
12,-254.25581005744448,292.8856113208892,70.03269131678265,3.833567159132585,4.196005802180507,5.47394201939454,4.035518266817602,1365.5041852432253,1365.4025215479508,23.46279915588016,[0.76337561 0.63683481 0.10816241],[ 0.03273793 -0.20537334  0.97813599],[-0.64512472  0.74314415  0.17762565]
23,-227.81875542090154,106.88673281777083,163.47444160828033,9.008760150769103,7.36850585773147,7.561553769821326,6.685499387041889,1440.227608250026,1439.9612012738028,58.476803287027565,[-0.16851143 -0.91599908  0.3640736 ],[0.62852209 0.18467536 0.75554947],[-0.75931804  0.35614702  0.54460575]
27,-465.31132743320234,33.824113441603785,117.24842919400288,5.9842572462176795,5.808945479888087,10.248571370191412,6.058342063757284,2500.356444197558,2499.966538184505,61.082977488120854,[-0.12140439 -0.97188692 -0.20173443],[ 0.2227764  -0.2247318   0.94861283],[-0.96728054  0.0702241   0.2437969 ]
2,-396.8063376516785,36.37696074855221,21.786634017902387,2.442054568196909,0.20813728333180848,0.5566935172985215,2.4396468314118067,564.3749235304217,564.374276875926,0.854348140317362,[-0.10280739 -0.69558302 -0.71105197],[-0.02683225 -0.71264028  0.70101631],[ 0.99433931 -0.09114879 -0.05460063]
8,-308.0218264566589,47.98600199530769,304.92411493811517,2.5210640040390144,8.658541592363566,3.511786788675074,4.461537528432639,1233.6854523438044,1233.4791622995344,24.26903793965869,[ 0.6994111 -0.0437159  0.7133814],[-0.10919019 -0.99294646  0.04620429],[-0.70632968  0.11021005  0.69925112]
4,-367.8749832902962,-189.11517999754668,95.21084229707864,5.30505900362276,3.68759366988015,3.1850378644381063,3.6441948239520308,849.0114372362459,848.9604682026197,12.412397179439681,[-0.1195933   0.62210347  0.77374719],[ 0.48421788 -0.64381689  0.59248026],[ 0.86673553  0.4455189  -0.22423744]
2,-101.68904883014352,-43.90686317410121,58.40215675832329,2.930722843961796,3.33798424064328,2.0917782022759646,0.23379578034800375,177.2196039439133,177.0838334135303,6.93570224321573,[0.16789122 0.62509565 0.76227814],[-0.55877992  0.6973797  -0.4488057 ],[-0.8121438  -0.35059518  0.46637482]
2,-71.23256921755367,58.6593137735949,55.00977761520086,0.31139279838107115,4.592042211027625,1.9773069518750965,3.3113688737186564,152.09315042381868,152.00040566310747,5.31065759516594,[ 0.33849358 -0.39141223  0.8556977 ],[0.66837357 0.7401204  0.07415237],[-0.66234347  0.54682563  0.51213559]
27,-299.47384875534794,91.04133084499914,312.93016668331103,8.968258375190283,10.551041669647631,10.620954190308016,5.528635080423459,2301.013160113448,2300.635621952685,85.87145045181491,[-0.45135119 -0.87451204 -0.17751281],[ 0.58183625 -0.43923861  0.68449692],[-0.67657127  0.20566511  0.70707367]
2,-467.16749271842866,6.221532747651999,92.9800250128772,0.8711758534709872,2.5508386837746246,0.07608036004874208,0.8358673948928583,673.7013140665941,673.6915577454187,3.625685811940154,[-0.19458853  0.03722246 -0.98017845],[-0.02005736 -0.99922178 -0.03396378],[ 0.98067987 -0.01305083 -0.19518368]
18,-445.27334439123445,-71.82610311384647,94.08332374010595,6.57471237214682,8.678364327180082,6.54410612343078,5.964860899156987,1955.266593295303,1955.1272512839876,47.57729552703193,[0.19107728 0.09484372 0.97698216],[-0.1716471   0.98321329 -0.06187804],[ 0.96645059  0.15587267 -0.20414937]
69,-204.77295691084169,-150.39878051736562,77.61330619688006,10.07110680263554,14.78543581819518,16.216920397800532,14.56068672608107,2214.660788580681,2211.169826196925,160.9142044934981,[-0.25894457  0.6978047   0.66784452],[ 0.58363467 -0.437891    0.68382896],[ 0.76962217  0.56685101 -0.29387352]
7,-303.29262780888,-180.44225088494684,208.65350784423046,4.1362909422627405,3.224903962729176,5.483984048916143,4.963830001964529,1084.874132214444,1084.7920857381803,15.16424577284359,[-0.59118036  0.78635724 -0.17929882],[0.3213089  0.4335249  0.84191256],[-0.73977454 -0.44011186  0.50895499]
14,-279.9242002719546,62.404207443219285,163.9150356106863,11.026392477277351,7.026087647808407,5.251066013665842,9.757222053505261,1237.0387486081427,1236.6141230765024,37.93052172652644,[ 0.39481321 -0.40091136  0.82667564],[-0.35450632 -0.89656899 -0.26549823],[-0.847613    0.18823953  0.4961029 ]
22,-226.33770417789995,191.72775983798726,254.87848932093738,14.488672917887243,8.25966739128846,8.753688653986687,14.329160935959225,1836.152443715362,1835.960661694204,57.10768647231928,[ 0.09732058 -0.75187746  0.6520805 ],[0.80936011 0.44108172 0.38779263],[-0.57919333  0.49002775  0.65146596]
