N,MEAN_X,MEAN_Y,MEAN_Z,SIGMA_X,SIGMA_Y,SIGMA_Z,SIGMA_R,LAMBDA_1,LAMBDA_2,LAMBDA_3,EIGEN_1,EIGEN_2,EIGEN_3
189,-314.45513274978043,-258.6618485987556,174.06496974479563,25.15820896235494,21.134148871752167,24.004342192316592,26.90578868537647,6106.473368614128,6105.836970569104,419.954968098486,[-0.57896288  0.80232778  0.14516235],[0.4003957  0.12467828 0.9078208 ],[-0.71027126 -0.58371693  0.39343269]
439,-383.1189385715742,86.56818413398065,162.32980808099765,25.37526244689889,40.456872754275736,39.76871365531392,30.68660083942344,8982.402078933572,8945.522049741712,1128.7083618240488,[ 0.10877963 -0.74430176  0.6589248 ],[0.42250128 0.634625   0.64710415],[-0.8998109   0.20800482  0.38350272]
202,-132.29985322785862,110.25864889122623,157.76270042367702,24.847532076874028,21.923624730290502,28.109513394887724,37.67012390560534,3371.6621822096786,3367.822373186529,300.6803368511678,[0.67731486 0.73359589 0.05551262],[ 0.46908762 -0.48876179  0.73557373],[-0.56674632  0.47217473  0.67516638]
5,-394.09471428187965,153.39798931764022,160.37876690326857,3.5136205542833503,1.9654330607369626,6.401451377102707,5.298675114923304,1011.4798457995955,1011.416848050388,12.071024553781356,[-0.35521449 -0.93454856  0.0210158 ],[ 0.33860189 -0.1076796   0.93474802],[ 0.87130444 -0.33915203 -0.35468926]
323,-331.19651007775394,-46.525587147738705,219.9213938248,20.118834469138132,30.647589751996833,30.229466857857613,19.674011961210752,7234.523590433263,7212.874094064569,773.0305075908473,[ 0.47653545 -0.66307544  0.5772737 ],[0.29818155 0.73960344 0.60338587],[ 0.82704397  0.11540239 -0.55016413]
35,-460.0725348828064,39.94048081937771,115.32254517043008,11.00033473422254,15.744109447931267,10.245684101556622,10.197060357526295,2818.328859787152,2817.2108883888563,113.15542724534724,[ 0.23725578 -0.06687015  0.96914296],[-0.09693924 -0.99427824 -0.04487278],[-0.96659841  0.08330166  0.2423806 ]
219,-251.0721269137523,-218.78010106712762,320.09115671309297,18.09402127715184,29.881990405382595,19.70469747567232,19.881071825119673,6856.959540447248,6846.188077628205,517.8718011873619,[0.74681358 0.10435429 0.656795  ],[-0.38365487  0.87430374  0.29732461],[ 0.54321122  0.47402865 -0.69297793]
2,-117.74391297569554,-90.2832818537585,73.18445879517019,3.0384317454695875,2.7792605978885163,0.13098581385740715,3.6209275197252424,234.04118675345,234.02469890781,2.7780205312605997,[-0.66210151  0.73151659 -0.16280375],[0.23456479 0.40861275 0.88205158],[-0.71175905 -0.54581966  0.44213115]
15,-85.55942082825587,-87.6092884570401,101.49212828230657,7.61969004305064,9.703728397846717,8.612438930467789,6.2361471521792495,618.2509849006411,616.9187106128719,53.50260293517066,[-0.73480875  0.67744028 -0.033627  ],[0.41311305 0.48631655 0.76995702],[-0.53795327 -0.55187941  0.63720907]
241,-337.57118594985775,-174.81419205601668,133.50719767949806,22.775757081348804,24.277285536488442,34.58258114899276,20.67964941820767,6290.951520796435,6271.613204506024,669.7078939863408,[-0.54260549  0.72422536 -0.42553132],[0.05610027 0.536706   0.84190227],[-0.83811219 -0.43294837  0.33184886]
3,-188.05378124979651,175.7600623123188,5.637843117498355,5.088174249340825,4.077922740867429,4.095601837341643,4.2224072790414615,446.0862829592116,446.0542533273052,11.137563715269517,[-0.06819352 -0.10515746  0.99211469],[0.6795477  0.72318516 0.12336182],[-0.73045504  0.68260173  0.02214297]
5,-124.87254070440436,35.86728555759795,143.1741364040979,1.7862046252725188,2.6744446574445924,2.2789489484025793,1.603381541035617,432.39097225859405,432.3340862816048,8.069829386598727,[0.67150411 0.59952044 0.43549681],[ 0.36320089 -0.77856899  0.51177675],[-0.64588493  0.18548736  0.74055863]
100,-47.94112361590461,-0.6190596147166539,24.59428933131946,16.883621823179293,17.078885759160595,19.212642492216823,19.9769175066355,603.2010736948984,593.6717636965121,231.5149242122316,[0.40315349 0.54231204 0.7371329 ],[-0.27489044  0.84005918 -0.46769201],[ 0.87287027  0.01407912 -0.48774918]
73,-206.35110044273557,-147.30905765055869,75.65736412577827,9.15694328531975,12.592165720252998,14.511523312562554,13.60204641249985,2266.3101434304526,2265.1792390998003,140.1268649914484,[-0.52981073  0.83021862  0.1733137 ],[0.3348338  0.01700225 0.9421238 ],[-0.779222   -0.55717858  0.28699323]
252,-280.1356077801323,227.473754581037,275.29057011910123,31.255643467031998,20.843655193306244,17.342466104675392,26.57508840969141,7229.028784166632,7223.598600770492,500.28526518127194,[-0.42020375 -0.86178642  0.28417068],[ 0.66390378 -0.07848887  0.74368761],[-0.61859565  0.50116231  0.60512458]
18,-295.0379931948919,88.3097728613963,311.85980339161136,6.237788648558783,10.730451799061422,8.68074248423098,9.30461379753732,1860.5392865297874,1860.042818401237,50.847762236709514,[ 0.53440758 -0.5324696   0.65641806],[-0.51134764 -0.82204758 -0.25052219],[-0.67300233  0.20177687  0.71158553]
47,-168.61509329491514,102.50711691525098,31.19928123428047,10.679832791238812,16.11890914644529,12.507852079516654,10.541090740934695,1376.4646308154015,1373.9119789985111,138.93866376400177,[ 0.01692025 -0.26782138  0.96332   ],[0.5372825  0.8149709  0.21714038],[-0.8432326   0.51390091  0.15768525]
4,-265.5566509624407,133.8387393854615,70.89333018957034,1.8411536346456618,0.7488576454680168,2.6579042753373128,2.0271412114699294,611.456967220343,611.435156034373,5.254168650673115,[-0.49397141 -0.72959212 -0.47295622],[-0.03782327 -0.52540805  0.85000929],[ 0.86865508 -0.43776903 -0.23194099]
3,-380.4620043738123,170.94747990094493,116.5039304482492,3.495523953248039,3.9369260134170525,3.1631590615030656,1.026724104682592,750.1584053132071,750.1092225200296,10.493994652643524,[ 0.01714172 -0.53676124  0.84356004],[-0.47735837 -0.74571379 -0.46480095],[ 0.87854149 -0.39471296 -0.26901029]
117,-247.04463077803365,13.874714959833689,16.131210839961916,16.370867609172063,27.655145837449485,10.443259183669175,16.388161980572793,2704.786815735073,2690.2770099940167,317.7095642486487,[0.07219657 0.13527045 0.98817486],[-0.0483235  -0.98912239  0.1389307 ],[ 0.9962191  -0.05778239 -0.06487451]
39,-360.5973951594778,-307.3437361289965,17.599250618489815,10.401759419444158,16.507255756178242,13.094637087232957,11.304514179492152,2963.8349380378195,2962.543830430143,128.51011145098096,[ 0.38487349 -0.40400275  0.8298519 ],[-0.52320916  0.64519053  0.55675969],[-0.76034504 -0.64846816  0.03693879]
13,-265.0839537167857,43.729398293888316,201.0838358151633,7.418103237750011,7.778558965258884,4.904832327927506,4.996296468971097,1210.5333593669768,1210.2771147622898,38.67739193689293,[ 0.43682442 -0.56617252  0.69902296],[-0.43017519 -0.81394686 -0.39043542],[-0.79002135  0.13015061  0.59910524]
4,-404.23466407108543,-47.34489182776032,71.92520055019679,1.0778892312324115,1.5720365552524662,1.289766445620282,1.174821289719507,826.6208130774265,826.6124831346219,3.9626241763368384,[ 0.20825574 -0.56200029  0.80049061],[0.00610844 0.81916667 0.57352301],[ 0.97805533  0.11454971 -0.17402911]
2,-152.98702947109246,-73.76485338704916,84.27349287187349,1.0759164543881354,1.3178770716557366,0.8277596806363334,0.7233140495949897,268.1487869251291,268.1373888685139,2.472371370512363,[ 0.51927149 -0.10850308  0.84769346],[-0.28154303  0.91481629  0.28955946],[ 0.80690188  0.38902216 -0.44448973]
13,-210.9361296487195,-186.27656579757084,11.574480483566779,7.94185235889491,7.043701417990517,4.412625340303815,6.391936594174395,1016.2294064737566,1015.8958988755608,34.21785469700142,[-0.03479094  0.10118169  0.99425945],[-0.66165741  0.74326954 -0.09879207],[-0.74899871 -0.6612962   0.04108857]
10,-484.91211976479616,-17.175578717751012,28.603387984764332,3.3676581072476433,12.952996562941516,7.761970011381264,3.010134654601692,1537.6325850495539,1537.2799975399312,47.97911018389576,[-0.0591356   0.00767135 -0.99822048],[-0.03474306  0.99934883  0.00973824],[-0.99764518 -0.03525711  0.05883057]
111,-296.8942953927961,183.01773511778143,217.31482631480557,22.333364632056863,21.544790860653645,13.579098371903214,25.288408714057464,4342.275417797551,4339.616884761184,235.91182350896307,[0.58161069 0.80528275 0.115103  ],[ 0.37333017 -0.38995252  0.84176102],[-0.72274034  0.44660578  0.5274369 ]
108,-234.74960970861102,195.369149060874,45.582093099621176,30.890493876777235,15.7703439188113,14.075246862010333,22.97048875358998,3230.42077086177,3220.753781956906,300.4341487131507,[0.28002063 0.11480688 0.95310431],[-0.58286496 -0.7685486   0.26382094],[ 0.76279544 -0.62940642 -0.14829256]
4,-257.1014488585483,294.9826029993552,71.00421466098993,1.2586488583582314,4.688019880547635,3.531624722532333,2.2902355473335483,795.4589627181684,795.4058934040136,11.076677762235093,[-0.60764221 -0.35907677 -0.70840301],[-0.46138483 -0.56641169  0.68286297],[ 0.64644797 -0.74178276 -0.17850308]
5,-301.43070843944105,104.77800803150296,347.03903517300625,3.913075315119592,4.301504851505786,4.155967446436802,5.760161102678028,1054.3378642173964,1054.2979033946842,9.403167815358108,[-0.68953621  0.25788388 -0.67678336],[-0.34024577 -0.94026469 -0.01162458],[ 0.63935329 -0.22225711 -0.73609045]
33,-382.390860626338,241.3866305939854,130.10054568431204,5.973716968899483,7.928487491604473,8.237487910393165,7.248183964409134,2703.969679975203,2703.5630576065414,61.331488051220056,[-0.25970853 -0.74347099  0.61628108],[0.52179284 0.42895857 0.73737831],[-0.81257843  0.51307449  0.27653364]
106,-433.1593378002666,-106.87106187244783,108.64021035292156,15.519018469736592,30.917064966932635,14.745488514656273,14.870509855647578,4740.477007834934,4733.00487927766,356.06011948150075,[0.22420563 0.0768335  0.97150834],[-0.24491362  0.96933569 -0.02014027],[-0.94326516 -0.23342006  0.23614809]
23,-369.6999696185436,-165.8730562218934,44.307754756743854,10.725094429316087,7.930211704681766,10.39389080059558,9.834985316118162,1956.0511983270721,1955.972286291624,65.76536777802305,[ 0.26513465 -0.75281261 -0.60247555],[-0.32711572  0.51755277 -0.79065443],[ 0.90702752  0.40670911 -0.10903567]
13,-377.2752232093909,209.13632838266858,144.46544393456597,7.4507818216966015,8.436985254352333,6.8815796251915184,10.684452255200364,1640.8102060317028,1640.7482457794058,27.908100248669992,[-0.49341971 -0.86928794 -0.02958826],[ 0.26246338 -0.18123734  0.94776896],[ 0.82924663 -0.45988205 -0.31758233]
7,-261.13587434410505,0.8058452077611141,194.22458206594638,4.235505016307043,3.036096944130232,3.042310377476647,4.696268897206287,861.1902590101495,861.1512930564502,10.026280265760805,[-0.50214286  0.53755225 -0.67741429],[-0.3224948  -0.84322673 -0.43007649],[ 0.80240242 -0.00250275 -0.59677809]
9,-184.717672464366,207.99884371258187,251.48290846670878,5.6445879138570705,5.4077692835871645,9.948707088631135,7.960411205813999,1125.5766747925704,1125.3359632154509,29.62820854560452,[-0.54658633 -0.79680168  0.25758584],[ 0.67734107 -0.23980592  0.69548702],[-0.49239462  0.55461717  0.67078114]
62,-235.94568033295013,117.84547615434859,15.4382914326143,17.011298987516717,13.232008370745048,9.13637743544233,14.475418302903968,2087.4341536878273,2084.2221615563726,146.00699247696258,[0.15970121 0.19198546 0.96831664],[ 0.41928646  0.87483855 -0.24260333],[-0.89369703  0.4447461   0.05921587]
79,-144.38101627276822,-127.03520289462165,194.5533367761694,14.102615480865449,16.79671591992746,11.279618893446331,12.09609860511744,2439.8037299229277,2435.3492148720347,190.8826506198442,[0.58041629 0.41424497 0.70108347],[ 0.62028974 -0.78270951 -0.05105354],[ 0.52759602  0.46450719 -0.71124926]
3,-329.17545834402307,317.38530590163947,82.60571700572108,1.2385034024650894,5.9092611735326654,1.3077878855876006,2.9496524296977835,804.8941571816207,804.8401422169254,9.404157465942832,[-0.34751956 -0.11833218 -0.93017614],[ 0.61436422  0.7206801  -0.32121145],[ 0.70836908 -0.6830942  -0.17775137]
23,-137.8740637310454,-106.10017848966064,157.7793343429977,6.370982002125697,10.829761818926475,7.447267368437271,5.7920897462209675,1128.2460837294175,1127.025889189361,63.9117824347769,[-0.72567015 -0.07461225 -0.68398526],[-0.35902495  0.88909573  0.28391878],[-0.58694456 -0.45159916  0.67197789]
27,-250.9640384931845,-257.9680282040826,19.517080149608745,6.160079397084909,9.68549681373685,13.32827464563522,7.396821920660427,1874.4856078346843,1873.8512579470273,83.10585995064038,[-0.71618343  0.69771051  0.01677278],[0.05008799 0.02741363 0.99836851],[-0.69611241 -0.7158551   0.0545801 ]
6,-318.63345462745093,-45.04713421502807,283.4839612536535,2.8840213674612256,6.067708717317476,3.7723972628106455,3.09552387749289,1050.6444935842496,1050.5216047813885,17.29282349211441,[-0.63341126  0.42943181 -0.64372237],[0.21627092 0.89697377 0.38557092],[-0.74297851 -0.10500654  0.6610269 ]
62,-207.9394106019053,61.007451545614074,85.60628683927433,10.155588050876892,14.291521640003047,12.471608475537867,12.224414116475465,1840.051180790966,1839.6407002815838,138.52886363600877,[0.43559955 0.28234    0.85471466],[-0.12120617 -0.92248943  0.3665001 ],[-0.89194288  0.26324397  0.36761463]
81,-385.8541385924822,168.2564320476552,26.952208788363905,24.356359712053923,21.535036080650745,13.621466980562664,28.29055283868326,3808.1546124473784,3806.280824864017,185.81117501821558,[-0.16391508 -0.51052229  0.84409647],[0.37024966 0.76127545 0.53232966],[-0.91435608  0.39978329  0.06423618]
48,-316.25936076765737,149.27327837599339,317.9475090815817,12.394623285377122,14.00040901536789,8.957620714491398,8.32449805854828,3277.125071406108,3275.6853592513944,131.6958096593595,[ 0.43419988 -0.56843852  0.69881909],[0.60308625 0.75968736 0.2432326 ],[-0.66914681  0.31583661  0.67267361]
52,-335.39088183518237,165.8274002470302,168.34710521525372,13.475052233884835,8.353585834659398,12.50041586957014,17.209519394771128,2961.8163329717077,2961.4556749400936,75.99106543406367,[0.56810324 0.44666666 0.69119289],[-0.09571515 -0.79832693  0.59456936],[-0.81737221  0.40393441  0.41077934]
85,-363.1973343233461,-159.88741041111751,230.60089497250485,11.906123178384531,16.56456498925982,12.555124049873475,11.816795640125536,4236.30900903044,4233.808802163692,192.64078636175824,[-0.60708057  0.54460417 -0.57867045],[0.07179149 0.76282771 0.64260397],[-0.79139065 -0.34856877  0.50219583]
2,-322.04505015433875,-264.5848826045882,76.09328696567371,1.4864753897971354,3.446726505874352,0.6482851775750262,3.3987149076804997,599.2042599304463,599.1993230917426,2.432349726308176,[-0.12452643 -0.13127782 -0.98349342],[-0.63777996  0.76990395 -0.02201423],[ 0.76008545  0.62451104 -0.17959975]
3,-452.9278846617328,80.2695883551755,61.151596170220536,2.3407990265499756,2.1205021313867447,0.5885482172913405,2.6582842858862783,803.7468781569969,803.7421922883324,3.1204385661151712,[-0.1360635  -0.01308292 -0.99061373],[ 0.16965471  0.98483447 -0.03630913],[ 0.97606557 -0.17300263 -0.13178045]
140,-228.7864083814135,-113.87798096553917,138.06604941207536,29.122010897214366,16.16995374565762,24.98069271346859,24.627294199619257,3468.498973107701,3451.671748548538,406.82317182312244,[-0.22432506  0.90065597  0.37215197],[-0.57212848  0.18742585 -0.79846137],[-0.7888899  -0.39203363  0.47324661]
43,-418.05298440833917,-93.19554256969822,221.08056461064092,6.400969196061251,10.342792578923621,12.489301502089873,5.049255764800061,3162.095586024771,3161.6015477117894,109.42019081584995,[-0.24616296  0.9675226  -0.05747884],[-0.43270972 -0.16277097 -0.88671749],[-0.8672751  -0.19340535  0.45872462]
10,-303.9172506754729,-85.00203055707695,80.83423227752711,7.5992818487667,1.9596908579872356,6.715463867272048,8.669191165350691,1030.6736212619935,1030.5491947670519,17.839659567178284,[-0.26201537  0.96462857  0.02897715],[0.24716358 0.0380501  0.9682264 ],[-0.93287626 -0.2608523   0.24839076]
2,-413.23857471844406,66.83908628092465,251.68433806300413,0.9464024090627277,4.1202142107526,0.9128942152663342,1.8348300616177369,690.7927248240576,690.7705207240363,5.538625144385434,[-0.51019187  0.0726876  -0.85698353],[-0.1547498  -0.98791854  0.00833465],[ 0.84602409 -0.1368703  -0.51527639]
12,-315.14650007377685,207.283439681667,156.6326323936791,9.646385642925203,7.922871148683942,6.2463725842807225,7.087019809401754,1415.5603636085616,1415.1905368975097,41.489065045799194,[-0.11116502 -0.70101334  0.70443072],[0.62623975 0.50097333 0.59736881],[-0.77166451  0.50754903  0.3833117 ]
2,-90.93453724687262,-8.650325416940227,85.519326861862,1.9929798645115469,0.7475591237735362,1.2898619152471156,2.3815303428876433,176.99529947528052,176.99234744181118,1.022244286562818,[ 0.58335487 -0.58746998  0.56087086],[0.36264995 0.80628016 0.46732999],[ 0.72676139  0.06921944 -0.68339341]
7,-328.70439880482144,56.52265577473151,272.8326986987998,2.1436148621981608,5.051140688318336,7.462888538359383,5.625547928404912,1140.2886815564136,1140.2064460957215,19.47487638382626,[-0.52088829 -0.70493005 -0.48140317],[ 0.38327817 -0.69704781  0.60598862],[ 0.76274061 -0.13114105 -0.63326834]
6,-319.8462722871156,-30.729370306625963,166.44190772904741,3.16972487656815,6.749825437003106,1.3039197341622495,2.5547092138526315,886.5811377943714,886.4200530233894,17.52582958627526,[-0.43256089 -0.22561844 -0.8729189 ],[-0.17785305  0.97051201 -0.16271057],[-0.88388878 -0.08486906  0.45993246]
77,-216.13622157611414,147.34510037771506,289.6572839789758,10.985017733261735,16.107407222593295,29.9857211837362,31.854959135395344,3438.3563238489573,3437.0955891945396,139.32463897039747,[ 0.09339536 -0.85783003  0.50537605],[0.82866739 0.34834344 0.43814061],[-0.55189461  0.37786836  0.74338943]
6,-462.89892008027,92.87592201716076,102.31652973437355,2.645714776665574,3.707988236443286,4.282638220211913,3.2714928378992614,1183.38114216331,1183.3627715033283,13.074225860498691,[-0.28116717 -0.76946876 -0.57346565],[ 0.05274204 -0.60905948  0.79136896],[ 0.95820838 -0.19226122 -0.21183088]
2,-203.0920854829518,160.4070689215826,93.95784858831013,0.8428035723818397,4.743609352160277,1.9544895527401138,2.7180003957499252,389.44045099124224,389.39001428608833,6.26750688408677,[0.62217729 0.39018928 0.67871035],[-0.26238219 -0.71287492  0.65035754],[-0.73759813  0.5827192   0.34115587]
12,-200.39110495437126,55.70101050442926,148.50982884810503,5.008706438272164,4.260902456186105,6.571277407861571,4.9284314720494855,885.828057369277,885.5447346129079,27.169050599143024,[0.44804788 0.84665767 0.28709561],[ 0.42948738 -0.48549236  0.76147078],[-0.7840878   0.21787143  0.58115261]
66,-161.76158980222206,34.64957907789059,66.11964725178545,12.698554584698613,21.523353407109436,14.736338879016383,14.444671433787324,1462.0841319812853,1456.3789813133947,204.80847263012586,[0.42050194 0.41313151 0.80777501],[-0.00893541 -0.88838572  0.45901085],[-0.90724764  0.20023276  0.36987642]
23,-469.6897942171064,56.36426106890293,40.6616250025786,12.41424411627175,11.317105489100987,19.337262003318724,12.477087547218618,2280.274457236743,2277.960040171167,107.76269342684364,[0.14557093 0.85528951 0.49728156],[ 0.0145163  -0.50442811  0.86333166],[-0.98924132  0.1184573   0.0858457 ]
115,-227.8615376654911,-149.38633504505475,293.47733695111134,24.047747496291002,14.710313490316802,26.027344782226944,26.634940900318274,4311.183076538613,4306.903788593971,295.07569418982456,[-0.61408615 -0.40146294 -0.67950402],[-0.54634239  0.83756121 -0.00110152],[-0.56956843 -0.37056542  0.73367096]
73,-128.43812721746028,-113.43328575673252,29.11214039537512,17.136328947655663,13.866412792957009,16.811428632078382,15.230002154371265,1502.2038646853857,1492.554930945055,196.6606655359209,[-0.37824796  0.60975066  0.69651461],[ 0.55728165 -0.45080756  0.69728739],[ 0.7391655   0.65190235 -0.16928582]
56,-337.08451501496853,316.39969618748626,34.818562643409955,18.18029482080781,11.495179392891469,10.6670810119094,10.761292043187211,3473.5963482130473,3470.8727715118525,160.6386136858809,[-0.23703289 -0.35215506  0.90542931],[0.64399209 0.64084627 0.41783998],[-0.72738545  0.68213113  0.07488343]
2,-217.23244359733422,-251.72305647811322,227.33797549987145,1.1531215106721078,1.3923138581012324,4.710870229160989,1.1667517711351536,569.6708652261343,569.6285606121089,6.942450753853101,[-0.75980051  0.65012706 -0.00616417],[0.36310692 0.43218788 0.82544957],[-0.53931118 -0.62493875  0.56444221]
7,-334.7385977114025,-225.28461039643875,127.46753300658543,3.1817054058571546,7.1206813307232775,10.33600830057088,2.0109061422854917,1119.9940042059347,1119.609425113024,33.91462685226516,[-0.61168516  0.68335771 -0.39857685],[-0.00638867  0.49954188  0.86626618],[-0.7910755  -0.53242854  0.30119661]
4,-395.924255564787,-109.05307858406455,50.716784980499824,2.831501099849976,3.1228804980487785,1.8059767577995602,2.7032985398113083,827.6244435704838,827.5974663883895,7.397545055015116,[ 0.23165108 -0.4368484   0.86919575],[-0.17553657  0.86006223  0.47904058],[ 0.95683054  0.26354591 -0.12255148]
10,-257.0191390041767,-145.40325484292754,223.55986318455834,8.565326243302524,7.299042460438306,8.28746514882527,5.064686159890208,1171.963360888419,1171.4589357706882,41.12707148753343,[0.03149085 0.82091545 0.57018081],[-0.71941566  0.41463787 -0.55724012],[-0.69386557 -0.39264904  0.60363673]
27,-449.47979374851275,139.69596323852838,75.24061755943518,8.225071982331468,12.358068433951606,8.45887101568538,7.530799723111771,2478.2284005531346,2477.303946260743,79.7235173323405,[0.2780946  0.4332211  0.85731142],[-0.18285024 -0.85232222  0.49001287],[-0.94298949  0.29302953  0.15781163]
14,-407.50536590064036,238.0186700516642,10.048134832599326,6.6326708308641615,4.826372102186103,4.883343372718242,5.964956497308232,1766.4685963825543,1766.3990959391235,27.928079395057438,[ 0.23189656  0.43391861 -0.87059671],[0.4482144  0.74665783 0.49153426],[ 0.86332372 -0.50419908 -0.02134119]
27,-228.4692957296003,104.86531615231918,159.9467525374234,6.966037980724291,8.38709752171739,9.114412961146826,5.333956996038729,1549.436265668181,1549.026930330591,68.37548879049082,[-0.04289518 -0.86248661  0.50425871],[0.64058571 0.36357847 0.67635837],[-0.76668765  0.35203344  0.53690084]
3,-284.4394476161083,-48.21754120910759,31.137990134061038,2.071710788516786,2.3234163307747466,2.198218988057913,2.1382924301963366,502.62791942564854,502.6174495413092,5.46250354327163,[ 0.16947643 -0.42547084  0.88896136],[-0.10201922  0.8895899   0.44522117],[ 0.98023967  0.16614564 -0.10735831]
3,-199.490331786806,16.726150971900378,185.11446657531442,3.1585968083120326,3.6771586912780183,2.333774909716076,0.8726678094294102,472.31076249654717,472.3058276267141,9.195175910655601,[0.40227982 0.84286579 0.35741882],[ 0.55029781 -0.53461828  0.64137011],[ 0.73167156 -0.06132346 -0.67889334]
42,-367.77319503308183,27.259783667118747,291.1820147270914,12.092768753861133,16.362886244965658,11.249791323170733,11.459355300442947,3048.194771819519,3046.7915772351785,130.7605268671431,[0.58484688 0.40882437 0.70058316],[ 0.21276557 -0.91077473  0.35386467],[-0.78274194  0.05789667  0.61964751]
12,-415.1233057871479,-44.69115764570001,241.39896912825552,5.1335586464342455,3.900092106347059,9.381079069532696,5.590557015861928,1671.0977447514051,1670.8409620691866,34.458074051977285,[-0.19387039  0.96884962 -0.15409311],[-0.47074584 -0.22968223 -0.85184766],[-0.86070473 -0.09260935  0.50061051]
25,-229.33006232379762,263.76260954013105,300.23557081829847,8.430710551043477,9.316733339199077,10.502407343797579,7.541737018713478,2305.229913206198,2304.1866410606435,72.57686625595244,[ 0.74822579  0.66334882 -0.0112477 ],[ 0.43860707 -0.48186554  0.75857065],[-0.49777707  0.57251545  0.65149371]
9,-363.0985798467439,203.9081238914184,204.5216120194701,4.115726883369828,6.984840172181707,7.494314558266449,4.659080838033224,1392.16432986945,1391.991137855354,30.010867037370218,[0.62141291 0.59362937 0.51132198],[ 0.03696821 -0.67411561  0.73770014],[-0.7826106   0.43951373  0.44084956]
10,-235.7945355309855,-177.09079787689637,29.847437059970105,3.190308576774112,5.59864670118701,8.105301194293753,5.068864108411322,937.7876722937555,937.5034659018054,28.417830651163193,[-0.60473986  0.77194708 -0.19592704],[-0.03929702  0.21678711  0.97542765],[-0.79545298 -0.59757933  0.10076458]
5,-456.5914316773363,-67.87785888150412,53.16459836061589,2.6648621411965134,4.041027678370207,3.522944326795369,2.649138682866977,1039.079135142973,1039.0498963509492,12.017752852575319,[ 0.17908433 -0.58525191  0.79082805],[-0.04856959  0.79758353  0.60124996],[ 0.98263411  0.14608463 -0.11440926]
4,-335.12659030064384,-87.8434048863935,50.53880345964319,4.76176195283893,6.4750975667475705,5.123798105441131,4.771247455822754,700.4734735026577,700.3101159536949,16.52932851101317,[-0.25238476  0.47879401 -0.84086754],[-0.14172349  0.84133727  0.52159951],[-0.95719193 -0.25081445  0.14448434]
3,-186.366869583876,-171.55265122705137,162.6699132693631,1.9152165940372503,2.833860138141712,2.2416209553605624,3.0644726659834003,521.4612190604331,521.4432736953969,4.6892276232306305,[-0.425384   -0.3350877  -0.84069298],[-0.6601686   0.75030245  0.03498072],[ 0.61905239  0.56987935 -0.54038104]
2,-107.92806538849541,5.830680704873762,97.2032326166509,0.6992277684139339,1.38549750813497,2.6821910212117714,2.368040487244599,205.62361361771514,205.6041940383184,2.825928353817375,[ 0.40974589 -0.76250542  0.5006933 ],[0.53012512 0.64572826 0.54954742],[-0.74234471  0.04025529  0.66880778]
2,-216.07823939262107,-53.708574397293376,117.18190993761601,0.9641142500213533,0.9947353641717633,5.798728903092247,2.084516275247182,355.9257248108245,355.838069948237,7.898706072783525,[-0.13866953  0.97198218  0.18979303],[-0.49335699  0.09837052 -0.86424657],[-0.8587023  -0.21348038  0.46589321]
10,-267.72841319243037,-72.98406813577988,315.02047961517684,5.066564986303999,4.013911080877041,10.958133023309259,10.027601315773651,1328.1220258840758,1327.9965899387926,24.815045866937954,[-0.59165381  0.73431534 -0.33275628],[0.49337868 0.65623352 0.57090722],[-0.63759176 -0.17360458  0.75055859]
2,-363.0969919225771,-235.22273451755382,123.8792610639698,2.6960348537596985,2.723340690515087,0.47628265532243574,0.8828960878594785,636.4434676112434,636.4212619220066,5.316468623504254,[-0.2656398  -0.09519454 -0.95936098],[-0.52764725  0.84719526  0.06203687],[ 0.80686051  0.52268364 -0.27527791]
19,-384.4082571163486,-265.5840498900597,108.11437872323552,6.186739812092539,6.173379417873719,16.601380737200497,6.054875463693489,2091.8386165764164,2090.7734258101814,77.45541970550099,[-0.54919558  0.83098229  0.08861512],[0.23652389 0.05285872 0.97018679],[-0.80152396 -0.55378189  0.22557694]
2,-292.3173260434621,332.7231424939439,95.24023395624492,1.035327128614,1.1176116366332849,0.6285016056318398,0.020644891614466587,640.6676623532471,640.6634237202998,2.330470372696428,[-0.42270417 -0.11401798 -0.89906679],[ 0.63635799  0.66900555 -0.38403136],[ 0.64526715 -0.73445999 -0.21023518]
2,-163.1260264285856,-177.59913470830418,78.47645945028924,0.7966635082698161,0.20162959115965862,1.7720611314525385,0.9196063948333517,358.64724553037325,358.6389649477641,2.4371187333131097,[ 0.75634417 -0.51839383  0.39901295],[-0.11900351  0.49074032  0.86314083],[ 0.64325863  0.70031548 -0.30947789]
21,-250.09899251356106,-250.3166192412429,248.82149913146554,15.137672966158688,17.7771124216976,8.107083489449847,6.267494854322229,1985.3131746269476,1982.7393604128004,109.43626650419378,[-0.58887888 -0.19193047 -0.7851015 ],[-0.56459961  0.79276251  0.22968432],[-0.57831561 -0.57852425  0.57520496]
2,-193.43039759138688,-210.5209653853047,310.2510627643063,0.20340792095805682,1.2841752941107387,0.8240107742870748,1.1535015939790298,596.6447636579554,596.6430224296004,1.4414529228930097,[-0.52310842 -0.5174134  -0.67723036],[-0.71843708  0.69518443  0.02380689],[ 0.45848199  0.49900099 -0.7353858 ]
2,-342.3857465007923,-200.95087294977907,178.07603136303965,0.36194201576938667,3.0416762912210658,2.525463218808298,0.08636373859275182,615.3634478149417,615.3378472873745,5.613074240768703,[ 0.60750597 -0.46337232  0.64515315],[-0.10831572  0.75629948  0.64519672],[ 0.78689529  0.46184108 -0.40926594]
2,-385.78226847059244,212.4139045625875,80.50782515825264,3.2075760253619023,1.4998004807016656,1.1174112143425177,3.6765444323943086,633.1554658736105,633.1550401676882,0.7342178710597989,[-0.50167602 -0.74361035 -0.44200094],[-0.07598289 -0.47109723  0.87880259],[ 0.86171212 -0.47445869 -0.17983652]
2,-57.790807950114285,-45.396811259638355,36.99946150002747,3.1907125013594246,2.3479023668539547,1.3738410775363974,1.5617165009676839,116.5091313027367,116.37919055277239,5.501062006543689,[0.46621992 0.12077072 0.87638657],[-0.53722459  0.82571429  0.1720048 ],[-0.70287177 -0.55100848  0.44984545]
58,-317.22952425037823,-309.81585731660806,59.01414748734439,10.325709254934917,18.221420476744687,8.418030656177558,14.589581153517617,3410.5560631170383,3409.0737109390266,131.85790936731559,[ 0.33161317 -0.16266276  0.92928657],[-0.62258053  0.70235001  0.3451057 ],[-0.70882028 -0.69299732  0.13163784]
7,-203.43946656641137,96.34690349717643,203.00382983381564,6.932445243273235,1.4707324210964023,3.3107957433623376,5.732014544701052,802.2241446217292,802.1403057525928,14.0170934699884,[ 0.21974258 -0.77756009  0.5891634 ],[0.70783845 0.54266754 0.45219097],[-0.6713255   0.3176669   0.66963409]
17,-339.8834442433376,242.9286153342534,57.63175580345817,7.5768298728129855,8.008631609183125,8.96586597802667,7.330622181735481,1739.721584134161,1739.2071575450702,50.1354740273503,[0.53234307 0.60437633 0.5927395 ],[-0.25894117 -0.55038187  0.79374383],[-0.80595306  0.57602868  0.13649406]
11,-246.13718356775087,-8.497415232546443,238.54182808107956,7.115942085220295,4.951693799959959,3.979750007576244,4.912590644804,1137.4882035586802,1137.3914606232768,27.15569444224833,[-0.1882984   0.96901117 -0.1598783 ],[-0.67010525 -0.24577406 -0.70039565],[-0.71798515 -0.02474809  0.69561833]
17,-369.3512086297359,220.70485223997747,9.753159877626457,11.231884213501532,13.903571568367918,5.793544083676955,15.610752156742482,1776.1216503307119,1775.731748177825,43.10537290270061,[-0.21529467 -0.39984416  0.89093931],[0.46641627 0.75944534 0.45354012],[-0.85796507  0.51319336  0.02298929]
10,-348.1400979182823,-40.423280124270114,12.826117143945051,5.247458581233012,8.5735960198455,5.532485574442702,4.940810292731619,1109.564111012945,1109.2472506664915,32.75070212849909,[-0.01468132  0.41538439  0.9095275 ],[-0.11995316  0.90232453 -0.41403102],[-0.99267099 -0.11517922  0.03657935]
14,-301.6207376179688,86.19363012801178,226.60487850051072,6.300358714960604,6.272825288166668,16.276514688848504,14.7082040361999,1449.505011064348,1449.116245933657,41.779519018353646,[-0.20581178 -0.97379996  0.09672205],[ 0.59246555 -0.04532857  0.80431952],[-0.77886205  0.22284292  0.58627208]
2,-329.23187191216607,-193.00471015327687,16.1221239124725,0.24733691096744792,0.42261308506454043,0.21212571211927056,0.4177703382825939,540.1937639000904,540.1935598207511,0.4695580170267829,[ 0.37653668 -0.58210523  0.72067581],[-0.33957616  0.63705813  0.69198625],[ 0.8619212   0.50528253 -0.04220669]
13,-349.594237207202,-114.36361602279375,262.63008335416043,5.424839241339588,9.753597576794109,5.396835035356602,8.278962018462233,1630.1570747349929,1629.8741595871047,33.27065391971934,[-0.56720597 -0.1327558  -0.81280581],[-0.28296327  0.95825617  0.04094999],[-0.77343983 -0.25322127  0.58109364]
6,-379.405945436609,2.648293660841065,269.65100322070157,4.3920671536204114,7.253635331520732,3.7579830434505404,3.8847100946119397,1140.3703309060925,1140.25115892721,20.632961602727946,[ 0.5424604  -0.34356778  0.76661457],[-0.20333647 -0.93911105 -0.27699228],[-0.81510183  0.00562336  0.57929041]
2,-262.32874725645115,-148.61404954080828,29.90805554274376,1.511275152573262,0.21562681919016313,2.1187366575577595,0.9935596132177409,428.4946175553219,428.48100641814926,3.4153203028913786,[ 0.42151849 -0.82138155 -0.38425838],[ 0.26953993 -0.29110518  0.91793573],[ 0.86583508  0.49049986 -0.09868891]
7,-414.23422951425624,125.169643955123,52.82536817544459,3.16489180895407,8.414279376703725,4.536505023517229,3.250183066841864,1153.6598783389325,1153.483542737567,25.209911708957605,[0.20614654 0.28756878 0.93531161],[ 0.23377122  0.91369088 -0.33244546],[-0.95018662  0.28718142  0.12112891]
24,-286.1403383071353,124.29161442798868,245.578939145872,12.579775400138542,6.29338042169191,10.29944085578141,10.05748307430575,1946.723359929855,1945.8658185495487,69.86822316543302,[-0.26127097 -0.94909811  0.17592685],[ 0.64196423 -0.03474455  0.76594696],[-0.72084631  0.31305845  0.61836478]
2,-251.39627562524987,-195.0052665373503,184.92238787444086,0.203281094486357,4.7399816104251045,2.262687918239962,1.2357411622055565,520.4825826446468,520.4324328050853,7.225075848861619,[-0.70090818  0.28256221 -0.65489413],[-0.20507502  0.7995736   0.56446992],[-0.68313393 -0.52994402  0.50248122]
2,-414.2082727978701,-247.28406580748435,29.900231301117543,0.5024892229543241,0.24891460185634173,0.722732390177212,0.6026831794612519,683.5389719457722,683.5382791282765,0.9732086298209094,[ 0.5149461  -0.85485976  0.06360278],[0.02034469 0.08636311 0.99605598],[ 0.8569811   0.51162116 -0.06186421]
5,-404.94279361694146,223.6169284481628,51.45032317410276,3.4525127224946695,4.817923552066205,3.3580689489289264,5.221186668900588,1040.8486344358353,1040.8198021621247,9.781291400815935,[ 0.24195973  0.61149522 -0.75334526],[0.42960265 0.62865031 0.64825948],[ 0.86999831 -0.48049181 -0.11059191]
4,-307.7566140692564,-28.399750771205444,119.6460416258368,3.4654113834934126,1.0732731153279247,10.21704375169449,1.4269816112951237,663.1833822945833,662.8367101706258,21.5064149582425,[-0.11367385  0.9918831  -0.05697528],[-0.35325716 -0.09395109 -0.93079674],[-0.92859444 -0.08568032  0.36106959]
34,-388.84927946267715,61.70446911293896,265.86957087070596,11.272471228704415,12.201861200873077,9.321831048861153,9.158576208378596,2772.0923196368212,2770.933009774676,97.77967760326351,[ 0.3697565  -0.62652665  0.68610822],[0.4396019  0.76852883 0.46488021],[-0.81855379  0.129722    0.55959083]
20,-395.6210376567507,-75.51397835753178,77.77288027128333,7.550900054520009,8.808581856124064,14.11911538680771,7.874119871369624,1836.0107842662328,1835.1199469079004,73.73558378517907,[-0.21343063  0.96591839 -0.14645488],[0.15599142 0.18167926 0.97090644],[-0.9644242  -0.18437547  0.1894509 ]
10,-145.8759110143848,102.0625681646412,106.48618652013067,6.902998390494852,6.342266328073524,9.432431202231388,6.180818085643844,657.2032617827167,656.470572477356,37.20662582109615,[-0.22714442 -0.83947101  0.49365357],[0.67419382 0.23024193 0.70174878],[-0.7027575  0.4922165  0.513668 ]
17,-192.44991103294876,-64.81871969126455,219.6059113526686,8.657877076455243,6.613898645237071,6.533724156479432,7.890715967427247,1234.103322428607,1233.9313476101943,41.30667874334698,[0.21300114 0.87049485 0.44369948],[-0.73518091  0.44190031 -0.51403613],[-0.64353674 -0.21670911  0.73409647]
9,-242.79323656258708,-270.2068017773579,144.77107260160312,6.281301009532322,5.625128684338416,6.579496879894583,7.367158551423388,1173.4884030969201,1173.4490013378968,23.285105201369138,[ 0.33491472 -0.6608885  -0.6716089 ],[-0.70877065  0.29296062 -0.64173066],[ 0.62086737  0.69094173 -0.37030155]
9,-141.51645656276867,-66.48301303017422,144.74568560364742,12.753568442631465,9.069020074377153,6.406191458908666,6.069251379465712,641.0555256317989,639.6411520795015,47.13538194647485,[0.21042598 0.79356993 0.57093579],[-0.71689502  0.52232293 -0.46177948],[-0.66466716 -0.31213063  0.67881665]
5,-336.41094760974636,197.2377614319957,294.9578287435755,2.3153573422790594,2.399814398464886,3.6856167140147784,1.7530901005339645,1093.377741226911,1093.3508205528053,10.389668644052499,[-0.61412202 -0.76652544 -0.18786403],[ 0.38662719 -0.49972443  0.77510961],[ 0.68802148 -0.40337854 -0.60325136]
8,-322.17650993954015,214.6720968594512,7.782086950612982,5.066779938749547,3.9862272648938433,5.546449201631517,4.946535001295325,1095.4369353194943,1095.3861808307638,19.550424482854964,[-0.552204   -0.83114963  0.06527656],[0.05288903 0.04321556 0.99766486],[ 0.83202974 -0.55436694 -0.02009489]
15,-319.37428753924246,162.52189184520117,95.57489933682292,3.132176955572112,11.421011245797574,5.045480734299961,6.657879307653709,1437.131977859806,1436.7509417130293,42.49099301022278,[0.29531768 0.0184943  0.9552201 ],[ 0.41416965  0.89850443 -0.14544169],[-0.86095933  0.43857467  0.25768447]
13,-360.6236450444515,-237.98710912086125,41.962108091675525,5.3149929123607365,8.560495372852516,8.239625717887924,7.245491819164542,1565.8175848694304,1565.4892655585552,38.911890994577654,[-0.50346038  0.66574683 -0.55073479],[-0.23773674  0.50606793  0.82908172],[-0.83066774 -0.54833969  0.09651267]
5,-328.4781443049834,-128.09733381646362,116.33726497560092,0.9052350272796312,1.8425317540821304,1.5645434168041779,0.8624791732358085,830.202487093325,830.1883239927608,5.438126306518391,[0.01522154 0.65055838 0.75930369],[ 0.46583828 -0.67655526  0.57032243],[ 0.88473894  0.34503154 -0.31335321]
21,-306.6612514478126,8.849639761883399,349.9203016644362,6.5861394158773185,7.396721361156805,6.329740300754968,7.440789427065249,2133.123973665208,2132.96234430717,41.59107409861995,[ 0.70955798 -0.31590402  0.62986675],[-0.24954112 -0.94859962 -0.19464838],[-0.65898156  0.01906334  0.75191747]
5,-124.50896760501146,-21.138487071581284,115.1491276345391,3.784319285465347,1.563843909262865,4.815387926694615,1.2317238961950767,382.39847936701466,382.1847714458057,13.861901427738212,[-0.11627409  0.99162455  0.05622362],[-0.6751474  -0.03739346 -0.73673449],[-0.72846161 -0.12362236  0.67384063]
2,-193.67133830073078,32.13613451974023,143.99933271505842,3.3404463153896415,4.015414504002111,1.6574486382208846,4.167068367269309,344.40428427841107,344.36753076217764,5.031380137232236,[0.60595602 0.18471394 0.77375582],[ 0.00691964 -0.97385538  0.22706345],[-0.79546805  0.13223636  0.59139169]
11,-230.15981389270084,27.050169697518584,71.69640237329094,5.97591436584091,15.327414044654951,4.200801217970804,6.9615888877617556,806.4542484505018,804.9338207563394,51.56732699059053,[0.31295336 0.20313171 0.92779184],[-0.04446164 -0.97265674  0.22795183],[-0.94872723  0.11258944  0.29536463]
6,-191.87126479767122,-170.81624879784906,240.67821783049203,12.604391465498876,6.05014113944368,7.51421097567614,3.4536612875338073,863.1049517328328,862.3540874833044,37.998170433325164,[-0.04804719  0.83217425  0.55242872],[-0.83704305  0.26823773 -0.47687257],[-0.5450233  -0.48531901  0.6836776 ]
8,-285.9264055405657,-56.13404282472597,135.52961634017498,4.504816208095631,6.898401946681518,7.246676349256057,6.389275066401735,909.4134723116496,909.1911486406403,25.226864040595675,[0.19706583 0.6864182  0.69999651],[-0.41202735  0.70586808 -0.57618028],[-0.88960582 -0.17487227  0.42192555]
23,-248.72597566465913,-45.47418100235765,57.17132604016588,12.863421161999062,7.602589814632736,6.433793513009318,13.345757795635002,1245.5527737673672,1245.0095462442307,44.421273224348354,[-0.27970864  0.68944478 -0.6681534 ],[0.03432819 0.70266842 0.71068887],[-0.95947103 -0.17584932  0.22020982]
5,-352.3119668321824,-249.08869972899328,65.47816922950213,1.0368289643582567,2.507609469858491,3.188944596189621,1.34110094447989,975.8800341472651,975.8676384238158,8.874999530437927,[ 0.57287306 -0.81897272 -0.03316827],[0.14180891 0.05917676 0.98812365],[ 0.80728352  0.57077298 -0.1500384 ]
4,-312.09156230488765,-85.23253706193645,314.52054495965336,4.771706156361089,6.180908981560498,5.4246746860592765,6.7374679901646575,902.5985304003411,902.5353986959059,13.422406956644728,[-0.66107491  0.55436146 -0.50563163],[0.29083855 0.81052587 0.50839035],[-0.69165953 -0.18902694  0.697048  ]
