N,MEAN_X,MEAN_Y,MEAN_Z,SIGMA_X,SIGMA_Y,SIGMA_Z,SIGMA_R,LAMBDA_1,LAMBDA_2,LAMBDA_3,EIGEN_1,EIGEN_2,EIGEN_3
66,-278.83105361131146,-112.59897132138467,110.5589892444404,16.483173609072416,8.904944108074092,17.61619292782299,10.863252103328508,2610.2137624631596,2605.2577473367173,190.58527326293415,[-0.28517544  0.93075558  0.2288428 ],[ 0.40029882 -0.10128104  0.91077056],[ 0.87088221  0.3513349  -0.34369749]
5,-260.8347933652233,-71.29976309011634,307.93284291485014,3.3078303814536913,7.702837644114363,1.9547522576201797,2.2838265011704646,916.5413352527046,916.3840905560453,18.546113634899793,[-0.7613783  -0.01383906 -0.64816014],[-0.12314473  0.98465762  0.12363148],[-0.63650488 -0.17394783  0.75140115]
9,-302.05688252708677,-82.29138208252922,86.08300972491192,10.734230348240356,4.658740483567823,5.257473599674957,11.396496740222496,974.7767347899446,974.6965635060766,17.562928473434418,[-0.17947781 -0.31644816 -0.9314764 ],[-0.3198772   0.91417172 -0.24893502],[ 0.93030441  0.25327975 -0.26529809]
297,-245.05117478292607,-184.9936920902596,311.979532257063,27.02106259401963,37.521879364498524,26.719363315470847,36.69440828840514,7594.876609605524,7574.41237104646,673.0132919443884,[0.69243977 0.23337359 0.68268875],[-0.45548782  0.8752295   0.16280104],[ 0.55951587  0.42368632 -0.71234254]
57,-161.57603933063103,25.003282139573713,64.50091324051952,12.568230294419767,20.01684951149926,12.861973240336454,11.071210960417007,1341.1088915928303,1331.0123117497565,184.6734945923575,[0.37543985 0.59773129 0.70835177],[ 0.11310729 -0.78809519  0.60507249],[-0.91991938  0.14704857  0.3634901 ]
56,-309.38789058938573,-302.66577913912926,65.52828767429662,15.804467273005269,14.664572452595317,10.383232712038136,17.31185355053442,3280.068847802316,3278.972054256336,123.38174263283872,[-0.32250863  0.50305132  0.80182764],[-0.62959564  0.51853912 -0.57855553],[-0.70682212 -0.69141634  0.14948557]
14,-226.49733360619123,-252.70584079112595,234.09035071348492,11.291650656289638,10.565362301632307,10.27635932922443,16.002159205775524,1544.0584385146324,1543.7591167493845,34.8131856753764,[-0.81817625  0.53224267 -0.21749799],[0.16884002 0.58400682 0.79399564],[-0.54961867 -0.61290601  0.56768437]
182,-316.8327734436468,-257.10618744811535,163.03574351461143,32.21520494924858,18.291730462353005,26.73724306339734,30.790575224139584,5955.7702733192145,5945.630151012008,463.17881514714037,[-0.39555751  0.78793625  0.47190119],[ 0.56782032 -0.19404348  0.79995451],[ 0.7218825   0.5843831  -0.37065086]
68,-129.6054509374653,-116.39150522872306,29.00872113210103,15.723079039626043,13.94035646794326,17.76856369857302,12.349908428181593,1468.7577455996209,1464.994806586017,202.0743465702716,[-0.45900933  0.65995008  0.59479099],[ 0.50000778 -0.36149786  0.78696348],[ 0.73437228  0.6586237  -0.16404929]
264,-276.7570718940894,231.80578774038122,282.98430780486746,30.515872970927845,18.822255246660557,16.464267709941875,17.376746319757356,7474.981238327577,7464.066920643143,574.3919683431996,[-0.06188013 -0.80068023  0.59588759],[0.79439039 0.32193717 0.51507317],[-0.60424726  0.50524018  0.61613116]
47,-404.2225694352844,-15.706320320066112,253.70576434970937,13.060369841184011,17.139927734514487,11.893064364812975,9.376829824627421,3277.1545264760716,3275.0235877784166,155.84363804710355,[-0.43439907  0.61930149 -0.65403602],[0.30735818 0.78446077 0.53865782],[-0.84665719 -0.03296914  0.53111641]
135,-297.64233441803015,184.06190980164348,213.7676617254938,20.257574158536666,21.137546558316462,15.92064942835891,22.669631465951113,4777.35266572798,4775.0938133159925,283.1399712042123,[-0.43717985 -0.88572262  0.15610644],[ 0.53115499 -0.11420306  0.83954275],[-0.72577417  0.44994789  0.52038327]
107,-246.23707985821633,192.6386589504718,47.59553954826549,15.846084736289868,14.849206242792958,13.331102339094565,15.116319343678727,3279.0402384677973,3277.825354183477,210.60577898596995,[ 0.14091657 -0.06429131  0.98793175],[ 0.61132841  0.79056906 -0.03575103],[-0.7787298   0.60898866  0.15070738]
26,-326.4220020814804,-167.50601251216318,99.50626557303964,9.865683757607895,8.695032014101947,18.736004196223863,6.823635376805173,1941.6087447567932,1938.964734995967,111.32941946892899,[-0.48262668  0.86699639 -0.12405137],[0.17167236 0.23253851 0.95731627],[-0.85883648 -0.44073018  0.2610686 ]
193,-330.4370303745208,-32.02069763352393,224.52600407396378,16.902325839433136,16.033999382227766,26.480588273572334,18.734370377328805,5586.805537859506,5576.3019587034105,417.41439189193557,[-0.29372069  0.90693285 -0.30199496],[0.484567   0.41359728 0.77079966],[ 0.82396783  0.08006302 -0.56095181]
33,-269.8287698298617,40.870804647087,274.3820960908718,12.399005051859966,7.548443213579691,18.892375302519834,19.423993668913806,2226.9762141218475,2226.2187107991826,79.8977836764574,[-0.32491105 -0.9282336  -0.18114966],[ 0.6394568  -0.35674082  0.68105139],[-0.69679826  0.10544374  0.70947432]
5,-380.48389824854917,201.19165142900886,146.06864703696667,5.9640477265194205,4.678776119648622,6.705390500449512,5.461007455616948,1016.5404703580356,1016.428052117461,19.104672380421555,[-0.1132494  -0.71513594  0.68975007],[0.53517135 0.54099774 0.64877814],[-0.83711779  0.44260821  0.3214526 ]
22,-365.34929290268315,134.13762419060674,13.675151359881413,7.40430703935866,8.39369058988027,8.259772912316434,7.599069090264108,1827.5179649604866,1827.2248318270617,54.6109713609949,[-0.22251508 -0.67745263  0.70110268],[0.26531401 0.64991309 0.71219482],[-0.93813406  0.34448645  0.03512221]
8,-182.6402002797533,209.3219507932986,249.17524345560574,3.9419084530839323,3.3385528055568483,6.12609560679525,2.7279425533092554,1055.7097115647127,1055.571974064096,21.33099066473136,[ 0.62187708  0.76126281 -0.18370582],[ 0.61138568 -0.32536847  0.72134798],[-0.48936331  0.56090489  0.66776437]
98,-244.69857018150424,6.6312621693734926,18.879303463729933,13.549313023529164,28.21023120515389,13.782460578726688,13.929680093461092,2451.830514738186,2436.508080536648,309.1872414849026,[-0.08248307 -0.29091785 -0.95318589],[-1.24752454e-05 -9.56444710e-01  2.91913542e-01],[ 0.99659247 -0.02408982 -0.07888687]
16,-258.72342139900843,-103.86406222743776,195.2530263522131,4.441234313249153,7.106011927143419,8.351306933670235,8.002222598648356,1362.0878756855573,1362.0404943609383,34.90925605989144,[-0.28305345 -0.63930179 -0.71496431],[-0.58512887  0.70575571 -0.39941593],[ 0.75993746  0.3052902  -0.57384052]
65,-285.95195681370774,121.1688225196012,242.5713763258115,15.090110707556535,13.091125986846,20.69890466257467,21.174859611799537,3184.708819525504,3182.5090900527175,157.19769172888314,[-0.3296618  -0.94051127  0.08222931],[ 0.60463271 -0.14343155  0.78348368],[-0.72508095  0.30800317  0.61594777]
5,-217.76544783608742,-96.16922827172363,265.68598618361904,10.863232078042033,10.678255709757709,6.525730963448839,8.506097705265452,798.4833492023345,797.9748391787177,31.626542842482433,[-0.69120422 -0.27772296 -0.66716316],[-0.38622821  0.92226042  0.01623242],[-0.61079006 -0.26889715  0.74473474]
40,-414.3428235553989,-92.22270560752794,223.48252634514174,7.404222596973456,9.596095032902314,12.055053786658341,7.296119882926151,3035.3742070316853,3034.9063738735626,97.88089939934807,[-0.1652833   0.98129263  0.09872283],[-0.47619558  0.00825428 -0.87930065],[-0.86366614 -0.19234509  0.46592292]
9,-124.505205786683,-18.594671341099055,115.70877647591406,5.649058042798693,4.382709239819728,3.321076383602789,4.463532095557213,513.4034894402688,513.2239142459944,19.536763357951592,[-0.49523676  0.76581076 -0.41021266],[0.47340897 0.63380613 0.61169743],[-0.72843977 -0.1087367   0.67642578]
32,-351.820089855304,41.91736254376946,140.22437618720215,10.7651410749127,10.898470997627955,11.310468321063075,8.773392304168024,2157.3914419216394,2156.927749575379,95.70253380867763,[ 0.07546277 -0.88753889  0.45451083],[0.37636844 0.44744727 0.81125689],[-0.92339167  0.10984384  0.36780723]
134,-210.47051833359896,-110.15162458011561,147.25466790971387,15.74525333086824,20.68260153749434,23.448524435969556,23.094368299209368,3255.5268350536235,3251.2614351066763,306.8297157200383,[0.26632308 0.55260989 0.78974321],[-0.6041035   0.73414445 -0.30998529],[-0.75108653 -0.3945304   0.52935318]
67,-389.78965504908,72.4099826425396,269.04004693589343,10.8853134989828,19.36137522250055,11.23082176577769,8.785916209076653,3925.6299798265977,3923.925140970398,191.11028713664953,[ 0.56345248 -0.03348262  0.8254697 ],[-0.14366451 -0.98792589  0.05799096],[-0.81356119  0.15126586  0.56145955]
24,-177.3607547390051,106.22748707398746,39.69017273754529,10.68822369224481,7.359840872206941,9.6743276866665,10.868627841700734,1033.5894754373433,1033.4430438095185,58.759087272067056,[-0.18950994 -0.60743515  0.77143277],[0.50406273 0.61405178 0.60733942],[-0.84261898  0.50394737  0.18981651]
48,-226.00899429365018,155.6068265482935,309.37972862144665,10.871626255093414,13.470737028105068,12.214235516867955,15.109217204154097,2868.4462010376023,2867.274626643893,103.63628982767985,[ 0.56061192 -0.4992561   0.6606494 ],[0.62225986 0.78037554 0.06169831],[-0.54635788  0.3765068   0.74815486]
68,-328.4035987128934,316.3780044624895,40.16898591578321,13.324003074006317,10.980771605896937,10.072563071766444,8.97239373016037,3778.0687383812547,3776.0633532934494,147.3243264389888,[-0.29118884 -0.41189603  0.86345279],[0.63280799 0.59396563 0.49674831],[-0.71746993  0.69104739  0.08769494]
5,-356.1591344553323,315.94782390872285,70.35288681015037,2.689122669660947,3.8418211830831877,5.392943294049607,4.460383258540632,1076.2726139179247,1076.20214152736,12.482423434103135,[-0.55969464 -0.72164169  0.40740052],[0.37298776 0.21963574 0.90146562],[ 0.74001489 -0.65650089 -0.14623457]
9,-441.20128932655865,21.765398096465645,19.606501760633765,8.641581661174536,5.434025664013665,6.818841136986259,8.468489183053247,1326.9344662051033,1326.8561056559254,26.673755945119154,[-0.05565088 -0.98592269 -0.15766874],[ 0.03571814 -0.15977823  0.98650653],[ 0.9978112  -0.04926833 -0.04410713]
2,-250.90125133142726,-82.59975639864074,200.13320185500226,2.9025870171471553,1.973282791447886,1.9237660391298306,3.8510840335455327,468.70774666878776,468.7052108325824,1.5417930202056644,[ 0.65320132 -0.27185834  0.70669731],[-0.01199369  0.92949081  0.36865022],[ 0.75708929  0.24927872 -0.60388403]
2,-324.2052684613664,310.76899037852655,77.69569474515662,0.9307279002096038,4.938481149404424,1.0591184052994294,4.209881467583386,644.5919935016439,644.578570912001,4.159808585217574,[ 0.04069451 -0.20218241  0.97850203],[-0.70171056 -0.70294509 -0.11606247],[ 0.71129899 -0.6819021  -0.17047953]
8,-321.8294717895386,60.46240425488444,190.198007232424,4.432593199875207,3.2895952139210576,4.97856671537243,5.510253770920176,1071.2802243106264,1071.2271923818969,14.076987119093062,[ 0.05435931 -0.92133094  0.38496022],[-0.52426174 -0.35445097 -0.77428298],[ 0.84982039 -0.15973042 -0.50228627]
43,-213.07260779282026,68.34365575141148,85.60731969756087,13.538098832231064,13.217321834670928,10.44173210439168,12.999018754163107,1576.8262171227882,1573.9542876907062,113.13012728542847,[0.45555322 0.60438226 0.65360029],[ 0.02876728 -0.74382146  0.667759  ],[-0.88974362  0.28539746  0.3562367 ]
91,-332.4901097677676,-87.93019269775762,192.13840370793736,13.41545136858947,10.96227734694163,27.509591181283007,20.346945926707782,3769.832534250389,3764.236583794546,239.54799721744195,[-0.22538607  0.9726654   0.05588506],[0.48841634 0.06317105 0.87032114],[ 0.84300095  0.22345344 -0.48930355]
178,-135.63781795950902,108.9152575687029,157.50408511099485,20.85398498309915,24.78971670830994,27.750764686879208,36.98432260790007,3177.640324107261,3174.1539884900626,281.41734707823355,[0.69183223 0.71576234 0.09514429],[ 0.43591976 -0.51907516  0.73521082],[-0.57562325  0.46716726  0.67112787]
170,-344.58523445802547,-166.88850189702956,157.74021595401987,21.597242341359312,21.536714842738228,11.680115791000476,20.20291643094388,5413.4844906959615,5407.898268010157,335.00358104023627,[0.19393527 0.43086874 0.88132925],[-0.51930499  0.80728004 -0.28039484],[-0.83229288 -0.40330023  0.38031236]
8,-329.70191600296783,-3.3855593998258584,62.26685789766207,4.271669537523354,4.017447803577893,4.207194709761822,4.63130295764092,949.2692890360086,949.1830067871746,15.635517625767996,[-0.13024974 -0.67522999 -0.72601616],[-0.13266347  0.73753849 -0.66214604],[ 0.98256573  0.01007148 -0.18564255]
26,-337.43095975341083,251.94718402589262,58.242332690538724,13.478870534182107,12.606920032377138,14.111434688930979,15.295129057409898,2170.682308642982,2169.411405185444,88.19294913242136,[0.60347419 0.73964725 0.29789401],[-0.07580768 -0.31867912  0.94482634],[-0.79377081  0.59276097  0.13624368]
2,-390.1590778756448,-75.39787765672764,23.974484170145857,4.0041811553133755,0.8610252890811196,0.2711161854764139,3.7448743210064777,563.0285432025556,563.0235278895773,2.37644767803914,[3.00527337e-04 3.01610207e-01 9.53431273e-01],[ 0.19869913 -0.93443842  0.29553934],[ 0.98006049  0.18935715 -0.06021051]
3,-374.2839326521066,-186.5516769293546,87.08341838709934,4.481260187779425,1.978811312667988,2.1858521593528644,4.501898740672748,739.9343235205448,739.9225708814492,5.050840012102058,[ 0.47798796 -0.73348036  0.48325362],[-0.06152361  0.52086459  0.85141936],[ 0.87620908  0.43669971 -0.20384064]
21,-373.1095201845272,28.012601295317637,286.3652009355256,13.100144913022726,6.2446783217442015,10.17746982721415,13.902473374438891,2160.53588310611,2160.267900096815,50.41954841489349,[ 0.14460985 -0.94867061  0.28126866],[0.59323631 0.31062627 0.74268567],[-0.79193351  0.05945912  0.60770547]
6,-238.19659230284392,252.98178783154665,128.31740759209586,3.738113556798427,1.9127248335292124,3.0593746347684614,3.531806600376226,907.3946782360867,907.3613392477976,9.343614912781286,[-0.58149765 -0.72984974  0.35941597],[0.49828984 0.02970488 0.8665015 ],[ 0.64309231 -0.68296191 -0.34640339]
4,-329.3000681923512,-264.33933586240755,230.27843376315246,5.353215266908816,3.567582184993353,4.1478412997415415,4.320352414754735,962.0804856366588,962.000591729707,12.669863288253653,[-0.59202245  0.03613836 -0.80511082],[-0.42510935  0.83470842  0.3500627 ],[-0.68468347 -0.54950512  0.47880337]
11,-463.88461709325054,37.960883091026524,113.41780366444291,5.794972181253193,4.577230996470797,8.464597063379696,6.298703880457119,1589.2323819590067,1589.033817028543,30.763575204870815,[-0.15203811 -0.93937869 -0.30733059],[ 0.19810878 -0.33359885  0.9216641 ],[-0.96831675  0.07924318  0.23681891]
78,-50.26278621376683,-0.3475353179373154,19.496895780814476,15.182840302921944,20.086963918632126,13.20916870386898,14.6840496197086,527.5205674535714,505.08614315475,214.8562073501568,[-0.32411585 -0.37230883 -0.86967525],[ 0.14167374 -0.92803698  0.34449372],[ 0.93534885  0.01155427 -0.35353788]
53,-240.65080981267326,113.03659976508959,19.6778226249012,17.585820847941278,12.044535987616985,10.31649575828029,14.348299627313313,1947.6525563907503,1944.6229834203323,136.84203746225785,[0.2338635  0.34042561 0.91072403],[ 0.35934103  0.84011276 -0.40630601],[-0.90342785  0.42228066  0.07414282]
6,-391.93020747927875,157.49135318505162,97.22952922800131,5.124816171165375,7.776802378172029,2.328605956558455,3.6432635081000426,1061.9442288237958,1061.7457534300408,21.751555397752973,[0.25193237 0.02981338 0.9672855 ],[ 0.34473914  0.93119023 -0.11848919],[-0.90425937  0.36331243  0.22431912]
12,-218.7599723630407,44.943364725523615,65.36457875989092,11.900885815108683,3.891481440994633,7.254165337449301,11.482198821462095,807.554448266094,807.1649087667523,30.44337203567115,[-0.12325597 -0.96091026  0.24791013],[0.31730367 0.19854037 0.92730799],[-0.94027993  0.19295904  0.28042907]
17,-310.25472203444025,27.948218465885468,203.46643347005798,12.013955933378009,6.306276764849833,10.321429106030697,15.274079648179164,1535.6170435488095,1535.4692356759467,31.264063925068605,[-0.40707931  0.58535489 -0.70117479],[-0.37303999 -0.8072645  -0.45734582],[ 0.83374313 -0.07539022 -0.54698146]
2,-349.9653778047863,97.26871092563894,134.2665060823811,0.04675175709832047,0.6557211836519556,0.6485770484916316,0.43182283795513854,547.6592284458243,547.6580117470627,1.1544137601573905,[-0.07894399  0.69817766 -0.71155871],[0.4207981  0.67041594 0.61112308],[ 0.90371279 -0.25117806 -0.34671714]
71,-143.5093917830273,-119.82918846324043,191.38115856718855,13.781826051121971,18.0296439255427,20.797540940228128,22.928122334611373,2267.676503480867,2264.2644459476624,172.52379449164624,[0.47403938 0.54271886 0.69335626],[ 0.69965732 -0.71025234  0.07759678],[ 0.53457114  0.44832785 -0.7164048 ]
14,-227.87223113794494,105.63076096690851,163.6902632969506,9.27121206913268,8.941986562736751,7.221567927928576,9.294316262155839,1122.8735684931478,1122.4844638736652,43.319693370674564,[ 0.52691971 -0.15754454  0.83518581],[-0.38009577 -0.92260598  0.0657679 ],[-0.76018605  0.35210499  0.54602129]
12,-355.13376647458716,-108.54133276227998,269.2222283886574,3.674258363741584,12.088941228458715,8.333563982463708,5.616977978859893,1589.5995923497514,1589.1697434679343,48.72941583232668,[-0.46138024 -0.42388254 -0.77939198],[-0.43342044  0.87420829 -0.21887575],[-0.77412854 -0.23681947  0.58706179]
3,-201.2115988802716,-178.6332717634259,155.6995619490336,0.8403526969677657,2.9681215209736878,3.6192427385266233,3.3377481992880096,538.49809982911,538.4709488907847,5.862098012058697,[ 0.25100927 -0.78107309 -0.57176847],[-0.71982504  0.24430518 -0.64974371],[ 0.64718332  0.57466496 -0.5009131 ]
8,-362.7691756243686,-290.7898856331451,29.888144370517452,3.906473431852129,4.982995096328279,7.5379660313158805,5.8032784393141625,1318.0165652167057,1317.8523673576915,22.463207013387066,[-0.59964805  0.77031864  0.21686724],[ 0.18480865 -0.13037176  0.97408879],[-0.77863212 -0.62418939  0.06418437]
282,-385.3829127027539,108.46479896495576,179.1404830457488,21.908943945782326,28.474846647246952,36.599849338230335,22.07565172280505,7409.385769433321,7381.484146282784,773.4581924617552,[ 0.02738324 -0.82784699  0.56028521],[0.47843185 0.50298379 0.71979877],[-0.87769763  0.24834786  0.40984169]
34,-198.65496128785267,-65.92066665571399,216.7345258012424,9.438608827055113,8.617442479640973,14.193413700908689,11.74520710746347,1760.196686429564,1758.3956121034064,88.40451203869343,[0.15576109 0.89615208 0.41551166],[-0.73617009  0.38578653 -0.55607765],[-0.65862894 -0.219272    0.71981089]
2,-257.04430938555663,196.55233728208918,171.82490638727046,0.09216167396780861,0.9159018973972906,0.6938708084417584,0.7521223648664375,518.1307278289964,518.1292549702789,1.23542079839474,[ 0.06559156 -0.60674548  0.79218538],[-0.70955525 -0.58655159 -0.39049786],[ 0.70159041 -0.53648593 -0.46899227]
20,-281.14542031641156,-199.6122110889783,228.3806335994022,16.42758787671448,4.899037685907751,6.590455732534923,13.883205294949333,1851.349947904093,1850.6677885912495,53.32878063545794,[0.24693016 0.55839936 0.79196947],[-0.69009918  0.67508313 -0.26081774],[-0.68028569 -0.48213371  0.55204933]
59,-422.3581241197401,99.48045808499407,111.99155698105068,11.949746853995121,15.92383714401343,8.430492913714255,14.339795812964608,3445.8301780694733,3444.280511758328,125.20698564377925,[ 0.21910856 -0.15483001  0.96333748],[0.25295301 0.96258592 0.09717572],[-0.94234082  0.22238708  0.25007553]
3,-251.57765609451477,135.1131170001698,224.377618150679,0.9797231798614847,4.01083734849901,2.2897770271481335,3.2911251576560123,629.0778858465708,629.0575153168091,5.875051372385164,[-0.53578382  0.30797382 -0.78618562],[-0.48282189 -0.87560728 -0.01396103],[ 0.69268948 -0.37210753 -0.61783271]
2,-218.57174593090977,-184.63122736627918,245.5751939593985,0.3908113988846935,0.743642109158813,2.7173931410506214,2.3605030506969342,533.2495927591133,533.2448711394823,2.24401007062326,[ 0.53333402 -0.83230641 -0.15106577],[-0.61606885 -0.25980323 -0.74361378],[ 0.57966714  0.48966144 -0.65131995]
22,-383.783396197706,240.9216720971381,128.06853756275245,8.401719440820582,10.399989554292153,10.043895533663319,7.193938033999978,2209.7437373041917,2209.217047827381,70.81101407343508,[-0.16050177 -0.65029502  0.74253321],[0.55682548 0.56149284 0.61210389],[-0.8149752   0.51170517  0.27198024]
76,-366.5922822665808,-155.94463642626786,235.70730637974424,12.747132084297983,12.424028858951157,10.69397698733384,11.567999488750795,4038.6247428825054,4037.434879177359,150.63591372293143,[-0.54496776  0.76607455 -0.34079308],[0.27500097 0.54727959 0.79048056],[-0.79207614 -0.33706799  0.50892098]
12,-216.48760809010233,-193.8109704589685,186.63088419322162,6.671211766945602,5.600817933390056,4.423899642490747,5.431335051712287,1196.7046886859623,1196.5148473625827,28.226207320541143,[0.54271683 0.18307898 0.81971979],[-0.55890449  0.80723083  0.18974761],[-0.62696429 -0.56112429  0.54042142]
3,-160.8342462105986,-180.55804560630995,181.0967496185614,3.7317566227632004,6.578701897723856,2.656523494310359,7.39031554891105,523.4377147200067,523.4113342933346,5.336708684663201,[ 0.83624024 -0.26145232  0.48202173],[-0.13148287  0.75777747  0.63912875],[ 0.5323669   0.59784278 -0.59930751]
40,-380.2962309440075,0.35438629956923756,117.32800221253244,10.428662168690492,9.377655306808592,11.776750368454705,11.750380054139189,2519.2995707719674,2518.592782542099,89.15114420438339,[ 0.17876926 -0.7932592   0.5820493 ],[0.23476625 0.60888294 0.75772447],[-0.9554718   0.00118769  0.29508004]
61,-204.12105372383328,-149.9622713244344,78.58140404249983,11.60348972101366,13.24622320463315,14.131321787750723,14.194784748338254,2077.4555742013904,2075.5327175849284,136.714203114531,[-0.28158952  0.71739404  0.63722299],[-0.57375204  0.40640997 -0.71108335],[-0.76910073 -0.56584161  0.29716551]
21,-387.0977496331469,-51.759343980306724,159.72602088927337,4.564220595959637,15.918302879367257,9.83039240823724,5.351634937920591,1935.4729044850037,1933.8614889926587,84.95122140640015,[-0.3909988   0.45516582 -0.799965  ],[0.07421749 0.8819194  0.46552114],[-0.91739397 -0.12264681  0.3786107 ]
6,-432.8663327824534,61.82177645058716,193.3490782156671,9.393904045455242,6.657523148601258,5.444807681062633,9.24299025901629,1171.4803453664767,1171.3538956272876,21.42757853570177,[0.42237258 0.36926981 0.82779297],[ 0.04246299 -0.92031142  0.38887503],[-0.90542713  0.12909958  0.40439461]
7,-467.4617340357541,38.84787953644036,64.29392809931747,6.125944391056225,2.4975377816927393,7.685058162790671,6.6783291179694295,1252.9267141792984,1252.7946542236982,20.16208029698394,[0.11006907 0.97062948 0.21392336],[ 0.11440446 -0.22617302  0.96734554],[ 0.98731779 -0.08200104 -0.135939  ]
3,-268.44396529668023,256.8769552635087,128.50987910125957,5.154418677533725,2.764076270831601,1.9858696844024142,1.200831664852459,681.0289387900125,680.9514247954281,10.4872601240612,[-0.06015361 -0.49616929  0.86613947],[0.72808303 0.57177691 0.37810881],[-0.68284453  0.65336605  0.32685799]
9,-293.0830747590794,33.51812784350152,232.7598764314806,4.800109657626638,6.4393203640478545,7.873339596653615,6.441430764395289,1127.6854831407209,1127.5672634642503,27.64200602492645,[0.44888776 0.76955824 0.45418045],[ 0.43621617 -0.63230547  0.64023843],[-0.77988155  0.08927434  0.61952794]
3,-159.23006341231618,-185.83723133280148,13.7449984633145,3.046439873600821,3.998969171721156,3.1837110329411424,4.937016255919858,424.66700430784573,424.6285755272178,5.713795108373751,[-0.70038995  0.62553222  0.34374898],[ 0.29575376 -0.18397279  0.93738131],[-0.64960267 -0.75819751  0.05615081]
60,-433.41179142176804,-130.84640182318992,104.97885456712122,12.846324508810087,16.83160219061631,13.251127458896708,13.645522296967577,3603.767418721252,3602.788011705169,161.56835271292366,[-0.35969124  0.67085902 -0.64851398],[-0.03172724  0.68583602  0.72706419],[-0.93253182 -0.28209419  0.2254047 ]
43,-370.6197188570974,-297.7451429399738,12.91241196689867,19.526526056667546,30.42654597618175,9.443239710587356,8.811612528893471,3127.867203697838,3119.493356538898,237.86870376977572,[-0.08876975  0.15327285  0.98418868],[-0.62089016  0.76411386 -0.17500117],[-0.77885515 -0.62660788  0.02733541]
25,-163.64998745866868,-184.35970460597215,241.08042911452648,5.6545976412974115,6.462262620520319,24.70871958117865,20.27068069706459,1728.8424121544808,1727.0595411627853,84.03380866061012,[-0.7306763   0.68223808  0.02575527],[0.49189197 0.49990539 0.71283721],[-0.4734495  -0.53352207  0.70085646]
39,-295.31306618073177,-169.2056764676139,275.45351080913963,7.852267881888873,14.501720964961601,8.45531897957418,11.656759293918546,2736.5806468960914,2735.6262302045693,89.63808696036376,[-0.61634952 -0.17444323 -0.76790808],[-0.40674651  0.90552381  0.12076383],[-0.67429262 -0.38677666  0.62907334]
26,-302.6135328371277,85.87941671612985,248.352196061267,10.858063887282302,6.565565171934171,16.58929001739159,14.855810514213356,2046.1180689897967,2045.2613839302269,75.49527931943507,[-0.27883025 -0.96030874 -0.00779823],[ 0.59379809 -0.17878269  0.78450021],[-0.7547566   0.21411181  0.62007952]
11,-158.36369941899048,104.55091358154881,83.13174450066298,5.862055088523307,6.770714835149727,10.908183776100733,4.776333068263262,688.1954694678113,687.8093477943877,44.11462484469305,[-0.4513023  -0.86337974  0.22561398],[ 0.4608486  -0.00899337  0.8874332 ],[-0.76416281  0.50447453  0.40194607]
27,-321.06657110300245,-219.03715062755734,107.61208659929362,17.82073844983186,11.594430054762439,9.206929394604028,20.199885909989995,2098.720202306,2098.4667770088627,58.57517951821005,[-0.59715078  0.77602388 -0.20297262],[0.09667669 0.32082712 0.94219084],[-0.79628171 -0.54300727  0.26660559]
2,-163.79815621576444,170.9866489697879,210.70507597108138,3.8829141822445195,1.470160628687779,1.1473656849932894,2.0368259350356936,448.28886666616324,448.25673223145486,5.367493456987937,[-0.42057469 -0.83630907  0.3517159 ],[ 0.74565104 -0.09778445  0.65912269],[-0.51683793  0.53946765  0.66472039]
8,-336.00169085161235,-53.33475419618031,312.8629539840076,4.805396678696392,10.600913277236657,5.82307895758651,6.092899285843448,1307.7779032393614,1307.428036061044,32.53185000148506,[-0.6840867   0.03598474 -0.72851252],[-0.05956372  0.99269052  0.10496519],[-0.72696462 -0.1151982   0.67694299]
4,-244.18768273094383,103.89207329758955,96.85572859760117,2.745765778563519,2.0374671356326415,3.649998139450578,2.870028182929264,565.0593642610189,565.029712567022,8.197457839929372,[-0.50062141 -0.56601945 -0.65498105],[-0.04670806 -0.73785686  0.67333915],[ 0.86440532 -0.36768089 -0.34294928]
5,-207.42337733870175,98.75192485620576,10.968182303932203,2.5758237433960938,7.212183795246989,3.2149946802481915,1.392593323045411,514.5655194178668,514.3396419776622,18.273942637012127,[ 0.01030954 -0.08891247  0.99598609],[0.43201208 0.89868063 0.07575414],[-0.90180889  0.42949703  0.04767625]
22,-347.6435008191938,165.96801003598097,178.72204745722874,6.715492036912222,9.99117208389475,7.199549692734918,7.494840236681457,1992.7718249041352,1992.3657146295666,55.55641181771284,[ 0.33677476 -0.26710652  0.90290468],[0.46534549 0.88084208 0.08701035],[-0.81855747  0.39085973  0.4209422 ]
30,-250.9548547532892,-148.82343973603142,223.63158267952215,8.513961890552057,7.54674833525714,7.547462732648454,7.903690686429623,2014.6456931221583,2014.18618399289,60.92177870438578,[0.35065644 0.54902686 0.75868937],[-0.64109255  0.73127633 -0.23288467],[-0.68267152 -0.40472759  0.60840379]
7,-56.923653852333146,29.415287420626534,65.65729561765822,3.7652403374808783,8.190224762429288,5.837745831884974,5.841770098037482,244.29599216552077,243.33114512598422,23.543893055363174,[ 0.45704929 -0.59324782  0.66269372],[-0.64013682 -0.73668449 -0.2179927 ],[ 0.61751988 -0.32458124 -0.71646089]
13,-442.44078157055145,-2.4708856312736165,153.5613426126822,7.356116986558319,6.910224837046531,2.2928502313271903,7.2404632926118575,1689.0054178954879,1688.845721079526,26.70050672938514,[-0.32557243  0.13394533 -0.93598143],[0.03884306 0.99097392 0.12830393],[-0.94471891 -0.00541584  0.32783663]
34,-210.44819748304985,123.16043362047843,247.56539624806229,7.7273186586205735,6.649068879716656,10.86940830024781,10.045344482718514,2027.5709167293896,2027.4706521654396,64.16841858059321,[-0.79476541 -0.22333648 -0.56433036],[-0.0406809  -0.90813705  0.41669193],[ 0.60555181 -0.35412981 -0.71267039]
3,-164.13202254485248,32.122611970699715,189.3470491671679,2.3885315512509937,4.565400862370305,4.667002325575898,2.787380597727378,437.6776163620591,437.66138015844183,11.032771297196865,[-0.24502216  0.89824222 -0.36486306],[0.719747   0.42066401 0.55227352],[ 0.64956015 -0.12728985 -0.74957915]
4,-482.36012740581657,-24.52668445030702,44.46443828884223,1.4618733460185946,5.021697930839067,0.8396403063051642,1.4245686124444692,970.1078778002587,970.0569376616819,10.208601704418431,[ 0.09289748 -0.02238749  0.99542396],[-0.04828022  0.99846987  0.02696172],[ 0.99450444  0.05056396 -0.09167446]
4,-89.9417143630603,-2.0099670581068825,82.32803460374672,2.2130521792481512,5.488532331343958,8.368815342691247,6.4389727159724135,244.75480475031165,244.22372846345993,16.185892642036922,[-0.47331047  0.72580478 -0.49918395],[0.48389881 0.68774623 0.54115346],[ 0.73608365  0.01457908 -0.67673356]
5,-247.98652754733658,-155.45497518371852,55.39667811373404,6.080164981135971,6.320800564245744,1.762430951085369,7.691319633533313,666.3514470702255,666.3290131071855,10.259491762913042,[-0.29283269  0.12985916 -0.94730439],[-0.47039204  0.84298709  0.26096761],[ 0.83245441  0.5220243  -0.18576946]
30,-351.3193765563411,-207.38368188997427,82.43473266574107,23.93355998681664,6.984590829581461,15.28318368633667,21.499378659901133,2284.9709682883986,2283.0153091239486,108.56409734927875,[-0.43495569  0.42061188 -0.79617786],[-0.31170208  0.75920168  0.57136208],[-0.84478125 -0.49668749  0.19911349]
5,-278.53524245789765,-239.66448523974742,61.25835590258971,7.0323343173672255,4.02062649514978,2.3338105099725976,4.223518326197939,833.1814037799405,833.059768724376,16.314347023438664,[0.14403752 0.0845617  0.98595259],[-0.64811857  0.76097104  0.02941762],[-0.74779376 -0.64325143  0.16441439]
2,-308.696864357508,-4.187512832527037,152.07140453324197,1.3377316776805515,1.6228615810493874,2.658399395611667,0.005495326607245943,486.7206420477613,486.69703396424694,4.793800766576139,[-0.20201095 -0.87785156 -0.43424443],[-0.39318827  0.47877823 -0.78496777],[ 0.89699195  0.01216774 -0.44187938]
4,-264.15709978986996,-227.59002407188794,254.535294150478,1.7287341371593705,8.905211640590778,1.9971616850412526,3.7985931956114407,863.5887618940691,863.4423949069596,16.94662008437181,[-0.66822357 -0.05424973 -0.74197993],[-0.42325322  0.84792592  0.31918387],[-0.61182838 -0.52733158  0.58956546]
8,-298.51626086575504,-19.676903419531165,302.9270815458657,5.833353529779746,3.586276158836386,8.222582167043669,8.963248767505423,1204.539394689396,1204.5201073819665,16.475610118360827,[ 0.347834   -0.89322697  0.28488084],[-0.62247875 -0.44723974 -0.64225915],[ 0.70109323  0.0460673  -0.71157999]
4,-360.9938675726054,-79.27827709890789,32.617561224148076,2.6082652124722547,6.444976649839101,3.996687813874128,2.6699262499768732,742.2228107879921,742.1017934071976,15.130274525280612,[-0.02267849  0.46694276  0.88399669],[-0.22997231  0.85807547 -0.45915054],[-0.9729329  -0.21370761  0.08792405]
58,-96.21926117247648,-64.64416745903983,88.9064636412979,8.130194154610292,20.387557600764126,17.67064104337016,16.494114350103235,1127.5762160582165,1125.627102376268,170.99517975000094,[0.32452092 0.56268067 0.76031351],[ 0.68628512 -0.69322773  0.22010916],[ 0.65092158  0.45036182 -0.61112628]
6,-434.1509871169294,-129.37793173940042,25.543433345392163,8.287363612709873,3.5199054564461183,5.714481640771073,7.793096695857895,1111.6952710909372,1111.6285656133261,17.84968869518841,[ 0.25480515 -0.91617019 -0.3093647 ],[ 0.13961141 -0.28171819  0.94928579],[ 0.95686101  0.28507375 -0.05612457]
13,-233.34399336684405,-40.22194340948147,54.89180307783818,6.428770765411705,7.269972172101483,10.616798169972109,7.800535738740648,877.7449721029994,877.0026715783796,43.56730699370526,[-0.27038309  0.75921029 -0.59202426],[0.07460753 0.62960264 0.77332673],[-0.95985765 -0.164925    0.22687671]
4,-152.11445925727676,-75.10071974518755,100.97809912572983,0.3246516852842189,2.605601492214917,2.8296324803571857,2.379383759739065,394.9197560518099,394.87269256458006,6.097586800511402,[0.08457284 0.7343067  0.67352884],[-0.63194117  0.56214443 -0.53352038],[-0.77038808 -0.38050927  0.51158079]
12,-327.74185693656204,-158.70403646093118,22.50591606537806,3.6139734105718726,5.179103816992678,7.306180601585995,4.48328585987884,1264.2129080092775,1264.0107091140046,29.63249559363281,[-0.43391299  0.85620125 -0.28042635],[-0.06923843  0.27864433  0.95789529],[-0.89829035 -0.43505949  0.06162536]
34,-314.300382300687,149.57811350958573,322.0353426932958,11.460490461535361,12.621447556862377,7.6677525791083925,7.986329185221231,2766.4644911599526,2766.142422574277,98.5860425081239,[ 0.66428779 -0.17052711  0.72776524],[-0.34536074 -0.93349495  0.09650464],[-0.66290851  0.31544839  0.67900266]
4,-350.5195987170281,-284.4943355170865,96.66352230997015,1.3963340832020317,2.6234909288476786,4.160549165352367,2.402101272679905,923.4039294021235,923.3697229017199,9.027709985537658,[ 0.59145321 -0.78752691 -0.17316024],[ 0.27159776 -0.00762982  0.96238061],[ 0.75922181  0.61623303 -0.20937786]
15,-151.26927678898605,-150.53292605791557,89.27460155824684,6.579770812895359,7.8394262461059645,7.464324247029343,9.707559088688145,897.0743260988196,896.9085959065725,31.653121613481456,[-0.68536022  0.72551374  0.0625395 ],[0.32078276 0.22369389 0.92035833],[-0.65374291 -0.65083858  0.3860432 ]
3,-401.05724777698697,219.34798358626986,47.68167163820675,3.2725991392049054,2.0783117919719447,2.252157167889579,3.689622008980076,796.0881653845446,796.0834103091883,4.4068123362728135,[ 0.34150973  0.74813097 -0.56892105],[0.34915614 0.46101021 0.81581835],[ 0.87261738 -0.47725218 -0.10377505]
43,-249.71574919143583,-248.07510879346827,20.745955040293815,12.462111772290474,19.656505755400225,11.929854906875347,10.444465985533782,2317.5000882969625,2314.3066735745783,156.04078096593054,[-0.17109303  0.2515249   0.95260821],[-0.68567177  0.66391459 -0.29844873],[-0.70751777 -0.70423906  0.05887237]
7,-291.6035987747031,41.908178858940786,4.827144286643715,6.992753032312247,6.477192225744901,2.1243729850876885,6.654008391942934,779.9490802625471,779.7594854175728,19.0071955527336,[ 0.01138721 -0.0353539   0.99930998],[0.14251715 0.98922954 0.03337328],[-0.98972683  0.14203879  0.0163031 ]
3,-331.9238935652836,190.0805608549141,291.6641681073417,1.7569842725633404,3.8759453430081767,1.3426615335258985,1.8881059333885273,833.1690241401241,833.1460377002296,6.9999533715320466,[-0.72171105 -0.43867028 -0.53544519],[ 0.05437779 -0.8070875   0.58792246],[ 0.69005523 -0.39519381 -0.60633788]
9,-190.70045883189732,160.66019593100424,211.41479913080767,7.681939900304242,4.793352418278665,3.400310193288729,4.414429644866634,981.0767015681564,980.9410366489489,25.875725589516158,[ 0.09563374 -0.74905605  0.65556786],[0.80647821 0.4443457  0.39006383],[-0.58347843  0.49139793  0.64659182]
21,-288.6719502994195,-265.82371447408786,250.64405620552614,13.640592710323457,10.154156363470014,8.833998103442875,6.6301651250319384,2135.226257089327,2134.4189489140203,82.2633716656923,[0.50949757 0.2287791  0.82950127],[-0.59647789  0.78870804  0.14884138],[-0.62018252 -0.57061348  0.5383065 ]
8,-255.92797620563735,-147.92383833650533,26.776794997081833,4.356930907441507,4.502049058566017,4.215700772808643,5.2356526388463696,839.7610023806408,839.6669114853713,15.320401418944563,[-0.36149903  0.73024919  0.57970215],[ 0.35481683 -0.46722203  0.8098201 ],[-0.86222008 -0.49843726  0.0902044 ]
39,-380.06683348936286,179.67055596630135,33.31166047689568,13.339212120836176,12.222586378661788,12.00920185753596,14.67789614962088,2636.503240011209,2635.7830050552934,99.76577981552327,[0.42965908 0.85518699 0.28991084],[-0.05677326 -0.29483731  0.9538594 ],[-0.90120468  0.42629354  0.07812777]
2,-324.18255308721587,-137.9407920851237,111.4465784372475,2.544434010460492,1.5364129473614554,0.9208397074746415,2.5280598526152573,522.593555925696,522.5872579528366,2.5656422975180515,[ 0.44489194 -0.86828878  0.2194214 ],[0.17993727 0.32666928 0.92785223],[ 0.87732191  0.37331189 -0.30157005]
7,-434.269733395371,171.88593756788129,39.359854084718485,5.76022512794218,6.480099915501131,4.830281340132297,3.6446291885826207,1240.3203352323449,1240.1463611276583,24.494243097190573,[0.2178459  0.34098795 0.9144782 ],[ 0.30661978  0.86562929 -0.39581591],[-0.92656758  0.36662398  0.08402015]
22,-298.71480325408004,127.81267906797171,122.40374132057447,10.864720085488552,5.311068700520004,6.5875310666038,8.17243510752091,1629.5897473460266,1629.1934439741922,51.76047308247768,[-0.05760155 -0.75755307  0.65022719],[0.50607588 0.5392677  0.67311036],[-0.86056334  0.3678365   0.35231668]
2,-345.52950031602114,83.26645562805817,279.70451290598186,2.2997015931333635,3.007742422899085,0.8642045918630856,1.776136000422781,639.6462065125498,639.6275600510982,4.884048420553741,[-0.5846649  -0.60297922 -0.54275502],[ 0.2729547  -0.77621744  0.56831525],[ 0.7639782  -0.18412644 -0.6184131 ]
3,-251.64242697362496,52.616315112640926,31.760411624522636,4.188056628407074,2.3635802832457213,1.5866841061587313,4.454528007626992,448.751569292715,448.73746474284644,4.153151487883291,[-0.18714702 -0.33801224 -0.92234686],[-0.14590251 -0.91895727  0.36637412],[ 0.97143628 -0.20313855 -0.12266328]
4,-260.5766841516051,-65.79766437690297,249.52118464137953,3.497753680142722,4.137841239285286,1.7894944022431865,2.0526695752321027,733.5416799038114,733.4759767376236,10.628366184117187,[0.47258052 0.59471622 0.65036933],[-0.52132406  0.78365849 -0.33778779],[-0.71055533 -0.17942125  0.68038161]
12,-327.1038161599992,207.05115123245255,149.03526164084187,5.798250006793498,10.341822702877314,4.550213456813221,7.61467573578833,1437.5106861512447,1437.3844842447413,35.29603269315992,[-0.42998369 -0.03001049 -0.90233774],[ 0.43982975  0.86586485 -0.23838595],[ 0.78845661 -0.49937705 -0.35910826]
10,-244.67090252959756,-273.1022555291518,147.32891727325983,8.292474134466254,6.784805603614854,7.3751694504232725,10.628781357899877,1250.251885513276,1250.112124160695,23.74414171444106,[-0.47463338  0.70769341  0.52334806],[-0.62556112  0.14705791 -0.76619009],[-0.61919015 -0.69104559  0.37290689]
7,-304.54913547247514,-331.52729715664236,167.6770526457322,3.689587219318265,3.019540817336379,5.681808188861424,3.003759495311194,1271.140857024141,1271.0290923642667,17.939341398359577,[-0.57928892  0.72275269  0.37689905],[ 0.51237566 -0.03674344  0.857975  ],[-0.63395231 -0.69012931  0.34903582]
3,-324.8544615667395,214.53758852677723,4.628037666018975,3.8522360102151043,2.349585590137058,1.7652331746572696,2.5273712563492468,674.3857084550198,674.3610511956153,7.158752636328076,[0.07910404 0.09841959 0.99199604],[-0.54542716 -0.82867742  0.12570976],[ 0.83441702 -0.55100573 -0.01187102]
37,-198.43192508018856,32.9325273674997,153.42558407512905,6.779883142299538,19.373665777270883,13.738857864821998,9.844126262619561,1545.2975136342318,1540.7492761418484,138.67917833766623,[0.59839084 0.41906402 0.68287169],[ 0.16557994 -0.8985894   0.40635007],[-0.78390796  0.13008631  0.60709626]
2,-307.50457888038176,270.82567102391454,58.08009793782682,0.21319021321545506,0.6203639034089008,0.03415059675558396,0.5691578134283191,585.2851260063338,585.2849422895576,0.4637384600255794,[-0.19734745 -0.01385786 -0.98023566],[ 0.63951426  0.7560279  -0.13943936],[ 0.74301783 -0.65439268 -0.14033789]
