N,MEAN_X,MEAN_Y,MEAN_Z,SIGMA_X,SIGMA_Y,SIGMA_Z,SIGMA_R,LAMBDA_1,LAMBDA_2,LAMBDA_3,EIGEN_1,EIGEN_2,EIGEN_3
141,-340.44849018847646,-166.79460276067877,153.1737782487404,22.688559354369588,20.437029000905454,14.16550573334453,22.783267363253675,4869.3222799615205,4865.149031105386,294.15339633450816,[0.23844569 0.34616394 0.90736662],[-0.49968456  0.84488378 -0.19101504],[-0.83274185 -0.40785037  0.37443167]
234,-279.92394449956134,224.13160199240488,278.2542419117498,30.5546031128484,21.52479009306675,18.657577295143717,27.814813583563453,6966.23880673347,6962.604511152507,476.08226587920484,[-0.4107492  -0.86630862  0.28424368],[ 0.67041044 -0.07568255  0.73812058],[-0.61792793  0.49374238  0.61186889]
4,-221.99544617018495,-191.14737848428365,57.2012834834375,2.3259836718893783,1.339054038343914,4.1740233495851875,1.8680184287821036,597.0432270983262,596.977954395949,9.164871282887733,[-0.63431782  0.58567494 -0.50460456],[-0.21083995  0.49691992  0.84179398],[-0.7437657  -0.64035573  0.19172148]
83,-334.9245244002483,312.59016359867934,36.542153365851874,15.875939960116693,10.780690752119067,10.789823985750402,10.122682912914842,4191.349302654852,4188.595665948692,177.8489155108904,[-0.28907229 -0.41087954  0.86464745],[0.62052641 0.60734325 0.49606566],[-0.72896103  0.67993542  0.0793955 ]
267,-244.75450998943387,-188.1586501216003,307.6355292768244,23.108886502722164,35.63402836526303,24.976144953416043,35.12641052522656,7163.813870984563,7147.4540834238005,567.700251314727,[-0.80574143  0.09245013 -0.58500746],[-0.18809541  0.89666288  0.40076901],[-0.56160562 -0.43295341  0.70508898]
25,-333.0499093453257,240.34576953544183,64.12223102365229,9.04693782506126,10.48040784954895,11.626908629290021,10.468133428233154,2080.289446107508,2079.266389239315,73.41820510261468,[0.57583231 0.67504301 0.46123106],[-0.16284596 -0.4581444   0.87383346],[-0.80118559  0.57829115  0.15388632]
6,-74.2581878844062,75.57010508580474,44.032627128902895,2.1571328178256493,3.9733072291396083,6.175917011756873,2.9451310641094888,281.5446899401007,281.2429347710042,17.489578504615885,[ 0.69282228  0.71813808 -0.06538338],[ 0.31892635 -0.22383327  0.92096941],[-0.64674823  0.6589206   0.38410983]
177,-313.5796722985501,-251.00113713491075,164.95838863436518,21.2319189290416,24.27233760570331,32.28531655184607,30.52246518831975,5804.917028579269,5795.383991881507,445.5771056558919,[-0.31033261  0.7623089   0.56796022],[ 0.61993876 -0.29064619  0.72883519],[ 0.72067302  0.57828188 -0.38238784]
2,-256.48000216662194,158.78726769533625,246.4311873581563,2.1866220542385406,0.17377001044074802,0.22147817940795278,1.6507403365768027,550.8694556079508,550.8655789149673,2.0666611908683516,[-0.01344709 -0.84684629  0.53166769],[-0.7524886  -0.34157886 -0.56310282],[ 0.65846798 -0.40764597 -0.63264894]
3,-262.85440293068825,-130.30919637751597,342.4956788986254,1.3005660289137557,0.7150608253014553,2.2072714005152703,1.5097389034417599,781.1207482339987,781.1118631688416,3.790259931307036,[ 0.37449314 -0.92498229 -0.06451863],[-0.7211347  -0.24680956 -0.64734055],[ 0.58285473  0.28895122 -0.75946531]
13,-283.2773747241248,-253.5189279097802,64.91533260535084,6.249034408075841,14.07657272559205,8.39118397219955,9.15175386046699,1391.6834550069264,1391.1690487376138,53.79250021351063,[-0.15406466  0.4027184   0.90226491],[-0.661266    0.63648665 -0.3970038 ],[-0.7341603  -0.65780137  0.16824389]
10,-455.36978534833014,132.2426303884873,80.85361241012671,4.483795797780623,7.18835956179596,4.323793936628766,5.147679549628931,1521.3637285240288,1521.3021771012875,25.352729985938634,[-0.19511096 -0.07408179 -0.97797935],[ 0.2565034   0.95858386 -0.12378608],[ 0.94664551 -0.27500705 -0.16802798]
158,-135.88095346817312,109.76058470965368,163.5479003736553,23.299589830645758,21.36154133919513,22.93791117114367,33.61349924421282,3044.1820315101504,3040.5649552974405,252.48684665650677,[0.67211218 0.73779243 0.06267018],[ 0.47410046 -0.49381431  0.72895554],[-0.56876531  0.46022794  0.68168634]
161,-309.52792715908953,180.56555261918658,199.38806579156363,22.597504421078693,17.191193474047243,26.27430084279866,15.295500280727875,5223.527018020015,5209.9710466377,450.1556423865267,[-0.17473206 -0.84936458  0.4980447 ],[0.63253296 0.29081177 0.71786529],[-0.75456661  0.44046377  0.48643695]
19,-433.09268127867176,173.4492993706674,40.69300433891882,7.46419231525685,9.21054333786454,7.317649474648363,7.3070876582149555,2042.0345202198534,2041.7103571061325,51.61218989533281,[0.23292758 0.37031787 0.89922712],[ 0.30080273  0.85188149 -0.42873728],[-0.92480401  0.37035471  0.08703407]
28,-388.0465489730995,237.6086226811305,130.77252489092618,11.321693612447813,9.618683053903524,7.827790114989558,9.830390841369793,2506.5382114493905,2505.917945999005,72.39028250610862,[ 0.00897412 -0.47094762  0.88211553],[0.57274386 0.72553614 0.38152559],[-0.81968527  0.5018024   0.27624341]
12,-245.15307659709674,-10.467058417625513,129.89620607548028,3.481190293867096,6.275757697176928,9.192919269725943,5.861697077463858,962.5696709653099,962.0238316700508,34.88342007469132,[-0.31739141  0.78242754 -0.53578899],[-0.34630635 -0.62161414 -0.70261496],[-0.8827993  -0.03745682  0.46825461]
57,-274.1011443311016,-113.55106753900981,115.30189511387621,16.20924627075162,11.384144719119355,16.456818834215206,10.652455982741872,2409.568324206126,2405.9189483400373,177.7459065446232,[-0.36309252  0.93025684  0.05278287],[0.35430996 0.08545498 0.93121528],[-0.86175883 -0.3568188   0.36062733]
340,-393.94187065220655,102.82148667505811,160.66767683042278,25.62905501032351,24.95791380002515,42.861237110902486,21.6669680433731,8129.563750121674,8086.459311613733,954.397144338742,[-0.07305118 -0.91118541  0.40546846],[0.43048148 0.3379241  0.8369546 ],[-0.89963838  0.23568718  0.36756269]
361,-337.2795568907911,-47.65817292874989,210.95471128876727,20.914329659183142,31.120971622729733,34.47515521185598,20.956815323332673,7660.981784073019,7636.651170115162,875.9431634357051,[ 0.44002408 -0.71568509  0.54237778],[0.31419461 0.68851988 0.65362231],[ 0.84122563  0.11719738 -0.52782972]
94,-138.65139236861617,-115.48799707841731,183.271997993566,12.068107968033392,24.679153391536367,18.623764618638177,22.297412394071003,2512.49732055377,2505.0219918955695,235.7348507612443,[0.46302517 0.54862336 0.69614661],[ 0.70643428 -0.7027785   0.08398209],[ 0.53531141  0.45289601 -0.71297048]
2,-425.2826219775318,230.45592055302785,17.546898141538726,5.495504812546159,0.19784608997474606,4.161332041506288,4.77161798201908,684.5884747919687,684.5522721671174,7.040347209518755,[-0.39940992 -0.77442756  0.49064618],[0.26159227 0.41666648 0.87060814],[ 0.87865875 -0.47607877 -0.03616354]
42,-166.5314558787087,-180.48038653302103,224.248305336486,9.03525628411255,6.954775151784396,28.05903585879824,23.327025294301098,2163.6465043625326,2160.917762397327,126.29834138081745,[-0.8078477   0.57278153 -0.13893669],[0.3125341  0.61616055 0.72295824],[-0.49970444 -0.5406177   0.67677764]
78,-244.94807708154795,190.99991519062684,51.36824727503353,20.269407821891953,18.707209590962844,15.079353991701762,16.032115946751585,2791.845810817962,2786.7732079901984,237.17006115082276,[0.3556688  0.21217075 0.91021057],[-0.51706009 -0.76660671  0.3807401 ],[ 0.77855544 -0.60605093 -0.16295306]
13,-306.6523528433177,-334.83365432160707,166.01722506910437,7.536111267206033,5.307029134534164,6.049190838212503,4.441148289884152,1743.4295743492744,1743.209612513007,36.31594337630025,[-0.24595713  0.60193516  0.75972308],[-0.73288999  0.39745636 -0.55217814],[-0.63433221 -0.69260559  0.34339502]
5,-191.94015594043245,83.57012488755822,111.32854006630608,3.63326755251851,1.1286292492461678,0.7175046613396302,3.40438211435047,530.2508167666172,530.2425947593538,4.133426671093463,[ 0.15322819  0.89886596 -0.41056194],[0.56667806 0.2604424  0.78169414],[ 0.809566   -0.35243402 -0.4694605 ]
3,-352.7555944134583,250.1061272739473,89.12452402958387,1.5633352483362701,3.8532184227876183,3.7316038711151753,1.2689426105054,764.7755756098832,764.7308585608508,9.429762283359794,[-0.51228604 -0.46529024 -0.7218504 ],[-0.31498816 -0.68014836  0.66195216],[ 0.79896525 -0.56648318 -0.2018696 ]
24,-232.05139190497997,104.12217807008646,164.13008794162747,9.084938620302749,5.999332347297648,8.596799361294261,8.228338339137421,1484.0875289427684,1483.8624368509993,54.913096869570154,[0.61983493 0.61593138 0.48624397],[ 0.16697792 -0.70896058  0.68519579],[-0.76676139  0.34351628  0.54228547]
10,-194.5724429184084,214.29416954350182,10.966838595430893,7.31472248235445,8.488561849682087,4.253835172421224,9.38740981083775,916.6668820995924,916.5442508904888,23.570033673596313,[-0.05427503 -0.10036231  0.99346949],[0.73886101 0.66521708 0.10756689],[-0.67166854  0.73987407  0.03804913]
38,-317.76646372311853,-301.39162017528236,61.464749338455384,10.756185116109945,8.608624214126245,7.278229450224474,9.074762763464307,2727.6344923194556,2727.132126292494,77.96171458003312,[-0.162751    0.35902897  0.91902683],[-0.67613323  0.63777888 -0.36889288],[-0.71857913 -0.68142226  0.13895226]
11,-425.51964882737303,-87.3443789818525,180.94620440410299,6.9298257951634445,4.682750413959334,11.1785216747952,9.185061222512832,1561.3789778932212,1561.0217117055329,34.94029015961759,[-0.35847091  0.81924876 -0.44758247],[0.23223169 0.54263141 0.80722958],[-0.90419414 -0.18542549  0.3847731 ]
70,-133.29294109111632,-113.78351928729028,24.94282479374381,16.046539095275143,17.49215412364408,17.271809639928705,13.29657600609386,1496.9983987301569,1489.8551483991037,216.78288311138968,[-0.29504493  0.52186953  0.80037534],[-0.5891508   0.56011024 -0.58238978],[-0.75222991 -0.64337292  0.14220216]
9,-326.15662686890613,-270.35348245277197,9.75183345287542,4.329601406131379,3.6225452571640453,5.359487682883115,3.9547394556514153,1271.4495626731111,1271.3222325786796,20.073246169052563,[-0.53266219  0.62190227 -0.57402836],[-0.35189449  0.45410313  0.81851122],[-0.76970206 -0.6379874   0.02303959]
53,-436.76950906992374,-135.05602165974094,102.9155287293489,11.593864655344033,15.178352411385315,16.054428375072735,11.131384926234434,3415.820617508003,3413.1344914299484,161.87075035033175,[-0.36202399  0.71949745 -0.59267364],[-0.01306082  0.63182323  0.77500246],[-0.93207727 -0.28831029  0.21933794]
7,-349.46460586431806,-37.947087158627504,11.96902125389649,5.163435319616652,3.6459402520429056,6.165600544412594,5.082839019545188,930.8306413054188,930.7004023463277,19.10846310160672,[-0.11299867  0.93518805 -0.3356406 ],[-0.00455552  0.33731301  0.94138153],[-0.9935847  -0.10790388  0.03385566]
7,-326.9393268083091,60.42635060179777,266.84452497384444,3.353503722728863,7.050402201636295,5.3326881475634025,5.517392645760854,1128.184593197941,1128.046864046271,20.362442302946874,[ 0.51270987 -0.45130007  0.73038129],[-0.38612812 -0.88102065 -0.27332708],[-0.76683353  0.14188326  0.62596763]
79,-377.9751834651759,165.81714657416296,24.494209799096776,12.466142598638282,22.897192254864486,12.883508929141595,19.49734945408698,3682.7789326878687,3680.527241451298,190.3643275803194,[-0.11198998 -0.38939947  0.91423536],[0.39125966 0.82842745 0.40077904],[-0.91344081  0.40258666  0.05958074]
4,-253.85992317974768,-22.90408817088023,266.2433907807137,2.741460570463796,1.190335698744127,2.239403570365158,3.2180022456693567,737.2050614217476,737.2014270779998,3.786909773968665,[0.53508014 0.62872612 0.56426298],[-0.48919504  0.77514259 -0.39980266],[ 0.68875065  0.06210819 -0.72233311]
122,-380.93345721586786,51.35287649184933,276.2663989506074,17.984583843513363,29.989883110585073,18.148754210856637,11.767971584317197,5244.1671967739985,5232.481158361262,414.4920955621547,[-0.53001409 -0.57411092 -0.62408471],[ 0.26661643 -0.81145708  0.52005104],[ 0.80498494 -0.10924314 -0.58315108]
71,-157.0715686004609,28.41705118566266,61.058141690516784,12.07616444688815,20.19664850571045,12.103201764803957,13.034711743712675,1454.2924063676987,1447.1696956441701,193.84061443331,[0.39450415 0.36091144 0.84504995],[-0.01567267 -0.91686138  0.39889795],[-0.91876049  0.17061108  0.35604917]
77,-46.8262938237958,3.3344749605794277,19.772254982860844,16.56433353652462,17.37042075867225,16.332857202508038,17.76365651740717,498.8613951369987,490.9647624320209,198.71201525812282,[0.40980878 0.1785531  0.89452532],[ 0.0202819  -0.982196    0.18676099],[-0.91194595  0.05839362  0.40613394]
9,-297.13643262726873,114.73036842946016,180.60802131470865,7.4399724477180165,7.168764550671452,3.048601673309601,8.370070358722687,1098.9014642898885,1098.816775177393,20.216225669538883,[0.58143356 0.34937999 0.73475753],[-0.05810092 -0.88296476  0.46582992],[-0.81151666  0.31353923  0.49308605]
66,-204.72944794060328,-148.24827533140763,80.17617309813578,9.799002931550458,13.602784392397947,15.714770070792257,14.640759142041844,2160.9096625260568,2159.1197001053874,143.5197031314811,[-0.39443671  0.79428438  0.46209524],[-0.4998086   0.23653984 -0.83321082],[-0.77111027 -0.5596081   0.30369017]
5,-246.5933999163555,58.24675079452179,227.60139564857235,3.8752766366404967,3.4801848217646545,2.6115651514244407,3.629097847473094,761.6879974659764,761.6432340749265,10.213588969980753,[-0.5847659   0.36168017 -0.72611039],[-0.3658071  -0.91649818 -0.16191435],[ 0.72404006 -0.17093434 -0.66824206]
9,-339.7240286665241,-13.240134701214744,318.5937891700479,4.563509038739855,2.503127504907118,5.053081199366541,5.97627610347877,1397.9422308827914,1397.9152838918062,12.35208285611248,[ 0.36764785 -0.85898281  0.35634757],[-0.57724687 -0.51121632 -0.63674479],[ 0.72912352  0.02839733 -0.68379272]
43,-351.4584464204468,-207.59519477887315,87.75922590699811,20.948698047596725,11.251132067156837,10.666159800485357,20.289313791932813,2742.7386110146967,2741.4990962327624,107.42847596049893,[ 0.28923391 -0.0860404   0.95338386],[-0.45517033  0.86379702  0.21604324],[-0.84211858 -0.49643908  0.21067635]
4,-115.8236705840308,-10.180690502348224,19.83883743970915,2.282183980543638,2.5389671621579923,5.137322100044749,2.11060570643995,236.1737642957177,235.99038800731563,11.560838125842047,[-0.12402104  0.96516695 -0.2303726 ],[-0.14266127 -0.2470965  -0.95843157],[-0.98197074 -0.08600044  0.16833711]
80,-217.6261652525754,148.33164591611668,286.2064347342763,13.897613978687987,16.57377433039319,31.29963138261952,33.31832885189207,3494.597975171107,3492.513125534643,161.69377721520343,[ 0.03321937 -0.87706897  0.47921446],[0.82946132 0.29168703 0.47635344],[-0.55757546  0.3816657   0.73718444]
13,-290.6768023682491,86.880947153967,236.35167401541497,8.560379985545355,4.92412064714519,7.988626692844125,5.595151841030753,1387.2977115011324,1386.8660482309851,41.126896449357055,[-0.31311594 -0.94902198 -0.03627237],[ 0.57495484 -0.21981987  0.78810288],[-0.75590035  0.2259126   0.61447389]
4,-253.12158767919033,261.3984052537844,231.1102680583433,3.1702381408510267,6.040481394909655,2.675094237334192,1.9835990435882986,862.2240388648397,862.1447718487789,14.093054222031688,[0.71713929 0.08263273 0.69201378],[-0.37537098 -0.79081697  0.4834306 ],[-0.58720343  0.60644897  0.53610799]
23,-230.93347053551852,-46.63950076022992,265.20293231561374,7.6289950625952425,17.303537330635407,9.004488312043453,8.382988539686146,1703.7643819494238,1702.1898248233858,92.03028844815454,[-0.72184297 -0.19766131 -0.66322902],[-0.23522037  0.97136504 -0.03348634],[-0.65085644 -0.13183309  0.74766699]
70,-365.2611342293102,-156.43076436922235,232.29025951611263,13.048076385688363,13.050508588131944,11.418630594744707,12.855571133474966,3854.2268372036,3853.269864691254,146.5829756092705,[-0.59426593  0.61062625 -0.52343442],[0.13014166 0.71525144 0.68664294],[-0.79366942 -0.33992788  0.50451748]
10,-371.98672574054194,-195.82906974832252,207.88180676207594,5.468458535585887,2.738284550578013,5.392262371870777,5.161363614413108,1483.2178155648853,1483.1567001919161,20.014352943763726,[ 0.13068837 -0.82770568 -0.54573241],[-0.59477491  0.37494002 -0.7110997 ],[ 0.79319818  0.41752041 -0.44329827]
9,-422.2197917015928,-222.37441135345833,9.825294582926691,8.34422941991406,5.089730059217589,2.900689262970348,8.904351292427709,1432.207172210904,1432.1755887004929,14.937792326058096,[ 0.16584303 -0.35543279 -0.91987152],[-0.43584844  0.81032165 -0.39168221],[ 0.88460851  0.46588234 -0.02052863]
5,-241.18514410194553,-154.64868614288264,50.022976427078795,2.988827603994561,3.886354504919378,5.83475088559342,4.3275094858412775,650.5300094985962,650.4486741123914,13.997178365743029,[-0.46436985  0.82686661  0.31725739],[ 0.31109984 -0.18310093  0.93257222],[-0.82920295 -0.53175714  0.17221152]
35,-298.3311496872235,-162.5620209357929,274.91502201421514,10.271935229759372,10.82889897634499,8.19579323050861,11.860157121854316,2587.0666229115313,2587.0018473901187,72.35317047901982,[ 0.53498929 -0.84076389  0.08308147],[0.49781858 0.39315861 0.77304784],[ 0.68261491  0.37221282 -0.62888354]
4,-317.16430410268975,-22.358137746472142,164.47131158577386,4.6797747168227115,3.640205732751605,5.384218380437794,6.42534705527387,716.1123596703127,716.0696504615025,9.57231585080769,[-0.3198207  -0.63531304 -0.70291682],[-0.3358785   0.76972366 -0.54287302],[ 0.88594602  0.06247262 -0.45956156]
11,-403.02172984939534,-252.3388948981771,45.460851686910125,10.98213303224929,11.696222218505845,5.245488773870056,9.379201335979891,1585.1810032573876,1584.6132527552702,46.57285237927567,[ 0.16793091 -0.09115285  0.98157545],[-0.50978412  0.84421134  0.16561211],[-0.84375314 -0.52820297  0.0953009 ]
4,-163.94714308014804,-36.1410055934292,58.507831581882805,2.4476371715619365,0.8451743717831564,1.2235957886262463,2.4691035197131304,355.6172921109336,355.6087767774077,2.8972107653994223,[ 0.37798151 -0.65400199  0.65529488],[0.0820432  0.72868167 0.67992054],[ 0.92217075  0.2032349  -0.32908461]
141,-212.81257476638814,-111.31252534250174,150.92782792229656,14.817583640275512,17.47239146291386,22.00837801702487,21.025267361243195,3384.076456831397,3382.56660459648,283.3232397468468,[0.38728448 0.39512395 0.83299928],[-0.53766028  0.83075873 -0.14408799],[-0.74895404 -0.39206758  0.53418241]
3,-207.26271281679746,66.96009168202043,251.70499717188872,1.9317671794887643,0.5755964151877501,2.857914384964983,2.638839530183495,576.5651431085842,576.5514451117508,3.975018841985712,[ 0.2615145   0.96432004 -0.04119497],[ 0.73750238 -0.17210607  0.6530465 ],[ 0.62265593 -0.20116251 -0.75619656]
16,-218.00873880770288,-194.57859604947828,183.7405276027675,5.704119448933133,8.435890961394568,5.149539183547087,6.232069348759649,1381.3175124867503,1381.1002513883745,38.29005120694179,[-0.75640096  0.59881601 -0.2632052 ],[0.1701945  0.56870207 0.80474331],[-0.63157851 -0.56391254  0.53208198]
19,-256.3968310207415,-40.69112584738307,56.09731904982221,8.341581888960633,5.95167300966042,6.970456212716022,7.943909701983778,1158.8884278430166,1158.3172256148637,41.37331689673625,[-0.24248821  0.82511734 -0.51027527],[0.09567371 0.54374783 0.83377745],[-0.9654253  -0.15336127  0.21079447]
107,-242.04215243046295,17.89429034367353,16.200670702387225,12.575958790235504,29.10227850324735,10.231170701412939,12.113306424172363,2537.8795549194515,2521.222042150016,319.1420284407246,[0.07725319 0.14467414 0.98645899],[-0.06256803 -0.98676215  0.14961853],[ 0.99504632 -0.0732793  -0.06717854]
53,-234.17537057737258,116.89095775690872,14.828139178231101,18.26351652435444,15.981967414398722,11.067142752976755,19.536568874875094,1917.8719612635132,1914.0885864526615,133.87725538389506,[0.28715607 0.46744743 0.83608271],[-0.34585663 -0.76336611  0.54557803],[ 0.89326625 -0.44583079 -0.05753542]
7,-175.99540343631412,196.72311922162766,30.70604751200371,4.775442115947343,6.0000781675042685,7.097807130982048,7.133430494024908,703.5865271956716,703.3688403095473,20.20060995273773,[ 0.74411779  0.66789151 -0.01447955],[ 0.0878683  -0.0763646   0.99320069],[-0.66224458  0.74033059  0.11551075]
83,-361.62470317621967,29.21782837009021,134.1891891084676,16.273154718635634,25.86660940077762,18.459905169827746,11.715809063930745,3537.546690824889,3527.272038040265,307.8347218678718,[ 0.23443496 -0.60244462  0.76295526],[-0.26573843 -0.79464913 -0.54581668],[ 0.93510606 -0.07478802 -0.34638622]
10,-261.8829322673281,-144.34502898944731,220.0470697002791,5.820999260880064,6.042806554781158,6.92124892808008,5.442866154320238,1174.4591065199354,1174.263753469417,29.898475135547503,[-0.05370896  0.86302384  0.50229991],[-0.70686822  0.32243904 -0.62957953],[-0.70530324 -0.38887391  0.59272626]
61,-310.3888364112241,148.08635604414292,326.42387988496114,16.431195163801664,11.059013010724701,20.199934004752354,11.319436359733418,3708.579769942505,3705.5727708337467,203.11184775054537,[-0.15032418 -0.94636918  0.28598606],[0.74108459 0.08360072 0.66618657],[-0.65436708  0.31208381  0.6887724 ]
4,-96.08834344528411,-42.11379254512863,119.2565277363389,2.8188048362776903,2.4301566790426996,2.1561529377132533,2.1706904167490144,317.7848810559301,317.70324112777115,7.396478972548316,[0.35573196 0.75358954 0.55277263],[-0.71239604  0.6014826  -0.36153915],[-0.60493524 -0.265182    0.75082079]
11,-468.43495563649793,32.69481435746882,110.25123298665402,5.954425010630218,4.548421776320159,8.173381291327537,5.221093991336378,1600.108917472861,1599.9152796243857,32.41047836555208,[-0.11607282 -0.97179796 -0.20527013],[ 0.20818714 -0.22588031  0.9516492 ],[-0.97117723  0.067726    0.2285344 ]
9,-473.64184660664614,65.8431258034663,26.078350429779064,5.016482414070137,5.03147719349241,8.885152796963165,4.701699506392612,1437.0994028641155,1436.8180200648299,31.062866716507862,[-0.09862586 -0.88761031  0.44991207],[0.11014186 0.43960182 0.89141405],[-0.98901047  0.13747063  0.05440694]
2,-196.2424195829622,-220.41981344610832,30.297439361191273,1.083606645593889,0.09340028673892675,4.067863906428203,0.37071323521931276,419.5989672984785,419.5570371677541,5.93177216060597,[-0.72283645  0.66790884  0.17721525],[ 0.19986494 -0.04341824  0.978861  ],[-0.66148429 -0.74297553  0.10210727]
44,-175.66736132082644,105.74440872259402,36.47708203913792,8.838392957498858,12.665987613250326,8.317161349284298,10.155845463598792,1385.861013355685,1383.564875651898,94.37686293667315,[-0.12494056 -0.50208304  0.85574673],[0.52336847 0.69939276 0.4867599 ],[-0.84289697  0.50868692  0.17539191]
15,-284.6014436054013,62.02161821952065,160.98503311722214,8.13303606466248,8.445979375095616,5.930971755953664,8.5251333345236,1289.896355666909,1289.4528266624304,38.520501341340506,[0.51212102 0.15959264 0.84395631],[-0.07979003 -0.96949756  0.23174994],[-0.85519916  0.18602332  0.48376618]
6,-64.5801744735229,-66.64747068869474,11.7274177441357,3.500689021947952,4.224737068323353,5.449951542455591,5.023820496751783,229.89805041466016,229.45143307130098,14.723722221737203,[-0.71246978  0.64001025 -0.28770417],[-0.12552454  0.28714974  0.94962551],[-0.69038424 -0.71269342  0.12424852]
6,-349.8734773365161,-321.74676873392673,7.188463347732195,5.873158961932219,4.232553133179565,2.004090277992047,5.461690613299455,1164.5759064988351,1164.512875593596,12.613770836255853,[ 0.22912908 -0.27005544 -0.93518443],[-0.63701119  0.68484669 -0.35383861],[ 0.736014    0.67679766 -0.01511004]
6,-194.04647616268312,-57.98898461368038,216.24727131378916,8.423120162342743,2.2459433291812094,5.156599262314569,3.1341939612554093,726.1325710416554,725.784040422991,23.573202746007592,[-0.18845259  0.97766429  0.09304925],[-0.73164637 -0.07656183 -0.6773713 ],[-0.65511771 -0.19573152  0.7297328 ]
10,-117.72953576618315,62.54656950237903,108.81471061641601,5.478133199114062,4.049375650916707,7.949917039615388,6.853321742974575,545.028310495599,544.7704953838293,24.911510631046163,[0.69522309 0.58663482 0.41536062],[ 0.22069795 -0.72415864  0.65336565],[-0.68407402  0.36256565  0.63292091]
80,-208.4175612435357,56.646609688439774,84.23970804895801,15.005021396316257,17.130055782889915,12.30560299019665,14.823162105619282,2083.48960364285,2080.6078072111595,190.34826178476848,[ 0.34878055 -0.10132655  0.93171083],[-0.26440969 -0.9643924  -0.00590054],[-0.89913272  0.24429538  0.36315303]
4,-225.22657480448163,-263.4663460623088,206.17143083984917,2.9402024753444382,3.9162598199742478,2.533345701182569,3.4000026722224925,806.6666386899568,806.623920339457,8.686664379598026,[ 0.80823886 -0.56723669  0.15809009],[0.18666615 0.50142891 0.84482234],[ 0.55848517  0.65330818 -0.51115823]
4,-378.990585505367,-222.113038425515,71.75945247729112,2.158846840796197,3.629057530731129,5.095528512711199,2.9024574269045957,890.2792865508593,890.2537422843903,11.887181369667651,[ 0.52438531 -0.80593497  0.27475239],[-0.00712535  0.31851113  0.94789234],[ 0.85145128  0.49901852 -0.16127999]
11,-463.5876686533673,123.68145198028155,5.393895492322728,4.887267394469078,7.311744028167026,3.9060593442248974,4.451170680614305,1591.693681563312,1591.545943395524,28.3534258394872,[ 0.0094239  -0.00835273  0.99992071],[0.25781693 0.96617732 0.00564102],[-0.96614782  0.25774333  0.01125863]
5,-102.63956171996946,-108.37417823345186,77.52045947554531,2.989807758692196,2.8021131690369603,1.95334027825774,4.146511304187501,376.2273976755532,376.21058688990604,4.152176604057038,[ 0.69050575 -0.71780656 -0.0891939 ],[0.38824849 0.26376102 0.8830024 ],[ 0.61029904  0.64434763 -0.46081581]
16,-441.36526151719426,143.85066002513895,67.81830222500398,6.5102908422905434,9.557080587641568,5.652744750301443,8.009248392995705,1877.138382812638,1876.9882930888366,40.35046884774253,[ 0.06330346 -0.25972729  0.9636049 ],[-0.33317781 -0.91564561 -0.22491256],[ 0.94073653 -0.30681403 -0.14449891]
6,-410.0083335040681,32.501444046871384,21.05508477750443,2.8171280148324347,5.365767583187004,3.114749076832002,2.705626222265486,1008.9007317021569,1008.8211442001084,15.306620342691852,[-0.07425472 -0.32590641 -0.94248143],[-0.05766645 -0.94210582  0.33031986],[ 0.9955706  -0.07887737 -0.05116194]
5,-212.80389437135847,-165.27814892697444,229.4593057852748,2.3879548599237954,3.2457185112382967,2.6513078531077148,2.9586271877566896,791.4273110376917,791.4179493644426,8.513231434559323,[ 0.70048247 -0.6984727   0.14649302],[0.3844314  0.54223439 0.74712407],[ 0.60127932  0.46703079 -0.64834051]
7,-319.65080700147246,36.351679007580664,214.35846641134282,2.003339477427361,5.965178772094872,3.91171799449574,2.492959577518245,1022.9842611294347,1022.838458211824,18.443347464823642,[ 0.43788753 -0.51107537  0.73963266],[-0.35299165 -0.85437112 -0.38137499],[-0.82683215  0.0940848   0.5545238 ]
5,-369.3298426122243,-232.1145276172681,202.59119580270516,2.3114914039735135,4.7452266252647135,4.00441255215818,4.025100328759966,1075.5496619210057,1075.5193475755864,11.781533461863603,[-0.13505145 -0.52083548 -0.84290658],[-0.62621705  0.70412697 -0.33474978],[ 0.76786282  0.48263403 -0.42124943]
10,-392.96516898418474,-109.79847497941432,183.27393187683964,5.438303930923639,6.091207502485103,4.291315282493213,5.623302647867216,1414.6981193159702,1414.6129226036683,23.122332856272692,[-0.32759497 -0.31461174 -0.89089898],[-0.34761499  0.91692712 -0.19598082],[ 0.8785473   0.24548751 -0.40974447]
18,-287.1694428476405,127.12915734035339,247.5083928772307,9.094892228312494,6.377190525583996,9.471121897346917,7.399623972615584,1697.4445643609886,1696.8952217000005,53.72426645255335,[-0.41300521 -0.91065693 -0.01142996],[ 0.55999547 -0.26382904  0.78536572],[-0.71821429  0.31795941  0.61892653]
15,-278.0375122216821,117.95914023571703,344.3340184410219,11.628257101502259,9.47740210926504,7.269116156753664,10.148637257792712,1775.0072479801916,1774.4328069144624,51.26213975876641,[ 0.65065271 -0.38202586  0.65628294],[-0.45594448 -0.88765514 -0.06467593],[-0.6072608   0.25714702  0.75173781]
7,-292.1969486401839,-13.845397518932751,291.5765337961055,4.959178180014426,5.683425051470487,5.368844395112503,2.6087865614431234,1092.9926669526121,1092.8143844642354,23.464806505348577,[0.41161879 0.79243807 0.45012428],[-0.57453302  0.60902972 -0.54680399],[-0.70744737 -0.03353647  0.70596992]
7,-250.37331131224846,291.7346637640756,72.40122039701309,6.4002701215210385,6.00033606088899,6.399101410304736,7.348334708427104,1035.3946196954332,1035.2253883798476,21.143354649495176,[ 0.75470843  0.6553474  -0.0305772 ],[ 0.14390736 -0.11989376  0.98230146],[-0.6400827   0.74575148  0.18479414]
23,-199.00485542164827,40.062366458749295,148.57541320183256,4.341227993379115,10.183434160155064,11.647786323112014,8.583571097874964,1208.580979283475,1207.4609266580526,65.16796254240133,[ 0.33035783 -0.70174062  0.63120821],[0.51592123 0.69426269 0.50182128],[-0.79037269  0.15987313  0.591398  ]
47,-252.323288791299,-258.68168168211383,11.837594218781653,9.980908625412189,19.00279009058666,8.847277463973938,17.2885873080958,2483.131808975216,2482.217808918443,106.37236000490874,[ 0.19233173 -0.1427699   0.9708889 ],[-0.69061913  0.68318831  0.237274  ],[-0.69717553 -0.71614977  0.03279917]
13,-322.1605874054722,-343.1069717616473,52.53823406555802,7.077373536452739,7.088353878078916,4.5808609912492235,8.753168105661004,1707.8901857134745,1707.8380746734417,24.025153256182094,[-0.36562468  0.20419024 -0.90808862],[-0.63524532  0.6583372   0.40380134],[ 0.68028081  0.72449878 -0.11099343]
7,-362.00269925320123,-83.97119387148106,29.83413142902057,4.240011270816058,10.543764938012593,4.41953771098688,3.4751598870221185,986.862006102684,986.4337583390043,30.88737710322857,[0.00581934 0.31252442 0.9498919 ],[-0.23897723  0.92281826 -0.30215286],[-0.97100773 -0.2252442   0.08005642]
44,-290.71761113739416,-247.798620087719,250.14883904590008,14.671985963376594,14.249516616493828,6.365643733048875,12.333175562948503,3031.8347008830356,3030.25754036519,116.12090531035606,[0.45075531 0.31423919 0.83550786],[-0.62550248  0.77895273  0.04448921],[-0.63684088 -0.54266598  0.54767448]
12,-361.31718893004614,-237.97176829763308,36.659657214753,6.137088640585395,5.449138670804471,9.101107499589029,5.98858051589867,1504.5601785977738,1504.3702724558736,36.92883884703352,[-0.55323125  0.83094399 -0.05888343],[0.03795644 0.09575725 0.99468078],[-0.83216254 -0.54805349  0.08451558]
31,-415.46442510810164,-87.50475848977136,218.3927757769619,7.230994395585983,7.0042706368923175,9.713293983459032,8.703576494851921,2659.2776894792246,2659.0121165509804,61.21057305940115,[-0.27273812  0.95227565 -0.13705838],[-0.41051207 -0.24402725 -0.87859578],[-0.87011135 -0.18336244  0.45747619]
13,-432.64406918633927,-62.515544156990714,119.37136278515302,13.907597824088779,7.081421185589323,13.545626369505742,11.497169572174327,1635.3030204660572,1634.589105807942,61.72189384939069,[-0.06816588  0.96401643  0.25695475],[-0.28901919  0.22742883 -0.92991615],[-0.95489336 -0.1376534   0.26311636]
6,-329.6240661706499,-176.8358487917749,79.18539595002075,3.533198447005519,6.953649985110993,4.576627784013406,1.9269469074238876,936.7623194524466,936.6474066547478,21.647442772039163,[0.19928832 0.06634709 0.9776923 ],[-0.46593962  0.8841249   0.03497748],[-0.86208145 -0.46251618  0.20710951]
20,-414.1095940902139,-38.092127684686545,243.85226759643214,4.82035081023873,4.939359221418126,10.713487336011797,4.4527639088992395,2156.5721699440937,2156.131234233904,53.468045773625775,[-0.08600963  0.99624815  0.00959003],[-0.5047831  -0.03527692 -0.86252511],[-0.85895073 -0.07902635  0.50592339]
9,-94.5718923282967,104.3686129521344,86.56203761867116,7.170300777964751,6.211098117101353,5.351868148941689,6.655259046591512,496.8992208370416,496.46905466651197,26.0480694112523,[ 0.64410677  0.74099781 -0.189865  ],[ 0.50724371 -0.22796465  0.83110525],[-0.57256467  0.63162834  0.52270005]
2,-410.91517515935766,46.28467722941826,40.52627229177274,0.34521849191673937,3.0607429683180314,0.047166718240873706,0.004143077698017805,587.6145349059508,587.5983854394271,4.35649649548664,[-0.09520592  0.02607315 -0.99511609],[0.11339565 0.99343394 0.01518015],[ 0.98897789 -0.1113966  -0.09753738]
2,-312.87121277142626,58.56527151713077,353.0012116696064,0.6303235906684392,2.127037794180353,3.2590748310600475,2.5731620253610004,672.2256844475817,672.2124127608892,4.224092944489551,[-0.66329959 -0.56148558 -0.49473992],[ 0.35605806 -0.81826613  0.45129059],[ 0.65822208 -0.12318473 -0.74267706]
20,-156.28467148871354,91.39986051888563,76.6654959814425,9.89824398496991,9.990897821826346,13.397453401966,12.5921498064258,883.3186693124163,881.308188704066,66.27713765694904,[-0.23945636 -0.83041174  0.50306758],[0.55900495 0.30572616 0.77074314],[-0.79383507  0.46577662  0.39099619]
3,-395.6716038031184,-108.74489407906724,58.64903332296015,4.169524893785104,6.059891472446804,3.7931453476012837,3.3330230106219987,718.0991962808363,717.9826103493241,13.13626683060089,[-0.24509952  0.42080319 -0.87341336],[-0.16951792  0.86841278  0.46596451],[-0.95456268 -0.26226689  0.14151387]
2,-243.74263689803797,105.15342240299762,96.01246610173968,2.37948228186535,0.9212272337878815,3.861732397758267,3.711026704985585,399.26816177768933,399.2490032445129,3.911319163416274,[-0.40679695 -0.91292689 -0.03287463],[ 0.29837291 -0.16679487  0.93976224],[ 0.86341754 -0.37248351 -0.3402443 ]
4,-334.84522415666436,77.02044843716162,303.6847881185081,3.0764296423334963,4.948581264884585,1.0421797577364542,2.6984465361793113,917.1945410940473,917.14064057927,10.532071112195922,[-0.66242775 -0.41135089 -0.626083  ],[ 0.16722509 -0.89586008  0.41166794],[ 0.73022274 -0.16800348 -0.66223077]
20,-472.86040713928725,29.91396613470704,66.57016998535666,4.836444708758672,11.174317569627732,5.354552491997144,5.482626778685952,2140.448412317712,2139.9906999417753,54.160983709656676,[ 0.13167361 -0.11123518  0.98503238],[-0.07720957 -0.99181641 -0.10168033],[-0.98828171  0.06266531  0.13918447]
4,-85.92238262663876,-80.42921941244333,68.5328868043228,0.7634016011324749,5.410790436549551,2.8433990242226024,2.346771152217261,272.66172273193445,272.42546093949846,11.38779944531566,[-0.74853541  0.29257197 -0.59505998],[-0.20453396  0.75176733  0.62690649],[-0.63076191 -0.59097168  0.50288356]
11,-322.21664707148335,293.18568598667815,77.80388633878532,5.174634285406673,7.0107506746771895,4.730852862687681,6.0326892830084775,1467.977633422387,1467.954180423234,26.112681307573627,[ 0.04360951 -0.21106885  0.9764979 ],[-0.68409272 -0.71864208 -0.12478267],[ 0.72809022 -0.66257339 -0.17573029]
14,-464.97126466000526,-117.25518049954647,29.11907512021181,6.206150753619622,7.314615248916191,6.257662007193981,4.751782965994607,1797.9569976715466,1797.7114544091776,38.941592597866546,[ 0.16969828 -0.45601334  0.87364428],[-0.1854435   0.85588953  0.48276684],[-0.96789111 -0.24393636  0.06067827]
10,-240.87503976629938,-227.94785963989392,221.4305835787624,4.638220729778065,5.31129436986951,4.895630116036903,3.9459710709548106,1261.2408042305985,1261.1153251815028,24.163398484583904,[-0.64314719 -0.0618492  -0.76324071],[-0.47061356  0.81819949  0.33026121],[-0.60405676 -0.571598    0.55532977]
3,-444.00365240654304,2.239321702237856,150.8126400390026,3.7251630747084885,2.6061017700112687,2.0375344374736457,2.882544910491748,812.2415881239123,812.2162058769715,7.044160411253803,[-0.19918139  0.77640109 -0.59793655],[0.25250955 0.63022126 0.73420712],[ 0.94687153 -0.00474429 -0.32157704]
2,-305.60551814502105,-78.3178956288489,71.30861638208569,1.1151674388304116,2.1710261633967605,2.365955741556043,1.0495527397501974,457.43829959096195,457.41544802915934,4.572290121369797,[ 0.32524019 -0.61539348  0.71799003],[-0.03814835  0.75011373  0.66020761],[ 0.94486164  0.24211618 -0.22049089]
8,-321.95443910116455,63.74015932056406,195.29257109228297,3.5301381300509496,4.528701449930703,2.9002604163766916,2.3293808614612908,1080.3187639687503,1080.2741911802993,16.960952302205968,[-0.32495337  0.59948475 -0.7314529 ],[0.4286304  0.78278602 0.45113415],[ 0.84301915 -0.16692539 -0.51132634]
7,-280.1364892182115,-69.18521680116382,330.8244652312459,4.795748542958848,7.345727880192073,3.3621671494712686,5.4607076976318325,1161.6820587671264,1161.5631467583835,20.29197489528999,[-0.73385551 -0.17139993 -0.65732652],[-0.23282975  0.97249674  0.00635533],[-0.63815859 -0.15770906  0.7535791 ]
2,-405.2765796590568,34.116071905053204,257.7466409829814,0.9252916800978426,1.2556065783489139,1.1194734690887742,1.2890862313096818,680.9552544092824,680.9522818710763,2.012044280125849,[-0.52816407 -0.31414436 -0.78889546],[ 0.11227075 -0.94672817  0.30182952],[ 0.84168759 -0.07084562 -0.53529702]
10,-203.67375445893418,2.6420050711601144,161.80110789134682,4.575471311475381,5.48399682268686,7.097451955363088,7.448407056910248,823.1525698164901,823.0313348055015,21.411856917465112,[0.58504869 0.35245444 0.73040667],[ 0.21207547 -0.93577663  0.28168438],[-0.7827784   0.00989774  0.62222184]
9,-291.86528312808565,-294.0353107992063,168.10682671093252,4.142601341981241,4.093760899942573,4.795966509637676,5.629287742812744,1341.4806446060982,1341.4409531315052,15.055277235741787,[ 0.48206909 -0.7435063  -0.46347361],[-0.58437581  0.12127376 -0.80236999],[ 0.65277432  0.65764053 -0.37602476]
2,-294.87279875771225,25.378271913349568,3.5052974774055077,1.3693568411496244,3.4921229048860027,0.31209839154685093,1.0610203804162666,418.6179133980449,418.58675885027975,5.107125703435347,[ 0.00404197 -0.09058888  0.99588017],[-0.08641815 -0.99219423 -0.08990285],[ 0.99625075 -0.08569874 -0.01183894]
9,-396.08101693503363,149.24389809637808,161.3745413224176,3.615009135108727,3.7321097046758775,3.4765016058349514,3.491585864109434,1359.0610325191597,1359.0204877408867,15.547347738366904,[ 0.01984722 -0.70925175  0.70467585],[-0.48484113 -0.62322281 -0.61361422],[ 0.87437702 -0.32947729 -0.35624366]
2,-429.7686578714537,100.49726746564819,166.02206982445358,1.4108669654702624,0.3426186746110602,3.286309375449946,0.20183436178353986,666.8988461347793,666.8795520441643,5.0728730788908845,[0.22887846 0.97344966 0.00322702],[ 0.34203522 -0.08352243  0.9359679 ],[ 0.91138716 -0.21311913 -0.35207055]
11,-254.07217122203485,147.67321425638937,222.55537161124292,2.2634351529984222,6.219269488728117,7.575801427573449,5.214354575697533,1222.974005429336,1222.8436558632877,28.547267197560863,[0.72356171 0.42592261 0.54318357],[ 0.03962407 -0.81125824  0.5833438 ],[-0.68912146  0.40056209  0.60387219]
12,-402.54535258442735,164.35918708552683,93.07472803968624,9.274718542744,9.093368963776106,5.11095303184961,10.829140111484936,1541.0410189204038,1540.8438305957322,30.650034431208898,[0.40945396 0.62813525 0.6616597 ],[-0.11337097 -0.68458847  0.72005948],[-0.90525934  0.36984421  0.20909516]
15,-375.71328209483585,84.48796510671615,72.35105935612685,6.376236500272103,9.423387875605828,7.06625803190605,7.801782667651917,1518.303217638525,1518.0135927985032,42.10227787856789,[ 0.06866644 -0.45510926  0.88778403],[0.27571537 0.86388233 0.42153096],[-0.95878358  0.21583067  0.18480034]
7,-258.4342586765368,253.3526706734481,87.34514454269397,4.4386389895382825,2.2465216500607568,2.6339179310090186,3.536795355423692,985.1038573512615,985.0637465624347,11.559974621564269,[ 0.29690033  0.56760813 -0.76790052],[0.65569891 0.46342445 0.59606771],[ 0.69419675 -0.68048423 -0.23458916]
3,-203.32116757928557,215.009623208664,324.63280635353834,2.0300367860868893,1.2458711418148085,4.6217137527448475,2.334393636101751,760.8822124561905,760.8458410563611,8.03934843575599,[ 0.57212331  0.80177764 -0.17270646],[ 0.67710092 -0.34290489  0.65111488],[ 0.46282746 -0.48945771 -0.73906826]
14,-351.33140701504675,-112.57698152716873,265.59793524644596,4.458899066184456,4.920424719308434,9.21995470453757,7.573781016866559,1701.3388723446353,1701.2478622539957,31.70617331178713,[ 0.38726628 -0.91344374  0.12508141],[-0.50285209 -0.3229792  -0.80176319],[ 0.77276426  0.2475984  -0.58440605]
