N,MEAN_X,MEAN_Y,MEAN_Z,SIGMA_X,SIGMA_Y,SIGMA_Z,SIGMA_R,LAMBDA_1,LAMBDA_2,LAMBDA_3,EIGEN_1,EIGEN_2,EIGEN_3
34,156.10510882949268,45.1530224350392,192.14252990159068,6.898226617345886,2.9449598823672636,3.535659754233059,4.781682300637384,1468.0591390161248,1467.6897484775054,39.45560466752569,[ 0.23942078 -0.97033872  0.03347324],[-0.746727   -0.16199322  0.6451023 ],[-0.6205453  -0.17944627 -0.76336267]
3,10.15322626855608,31.37316959214805,169.7970346926968,0.981869191642654,0.7309435715575139,0.5997436468156142,0.42653966005982547,299.59864211122067,299.59498632344213,2.2420145879808353,[-0.52809072  0.84013766 -0.12364835],[-0.84715737 -0.51114972  0.14508739],[0.05869056 0.18136891 0.98166223]
220,55.11414123221412,162.54345061006435,94.38989470828955,6.198750524490911,10.57542910047916,9.256575741672505,11.288190880914279,2912.8036168394506,2911.6423382582643,152.92055233034844,[-0.94689964  0.32152576 -0.00150339],[-0.1562122  -0.45595111  0.87618852],[-0.28103171 -0.82989745 -0.48196619]
6,157.87564976406014,41.52845420428198,58.77955872632294,1.176673148858337,0.9812291623519799,2.1365739633741443,0.9765045240171486,425.0420381093842,425.0162462614059,5.986813067626549,[-0.21648901  0.9706974  -0.10430276],[-0.35382275  0.02156285  0.9350639 ],[0.90991316 0.23933575 0.3387867 ]
52,131.4245711429575,80.38424936152181,33.33437628492539,5.243215412067497,4.791915812193413,3.717303914097489,3.896995707645189,1137.9260789219538,1137.168572034244,50.593385088434275,[ 0.06815685 -0.47524736  0.87720841],[-0.54769275  0.71709372  0.43105596],[-0.83389885 -0.50982011 -0.21141469]
38,185.06283247847125,162.50254010017775,129.04450527758414,6.841004045089867,3.244667057177371,5.606333578173829,4.751576192131791,1714.6906210750587,1714.482630903604,50.24643356805833,[-0.00669882 -0.61735811  0.78665373],[-0.74617225  0.5268      0.40707336],[-0.66571923 -0.58425227 -0.46418443]
188,15.838724147432853,117.22757684639836,109.92287164548137,6.598259478551098,6.942784191485753,13.085202663913032,8.225127503262186,2223.8119137218173,2218.4656033665083,191.30776778125585,[-0.96209852  0.24440405 -0.12096731],[-0.25438747 -0.64453265  0.72101642],[-0.09825195 -0.7244614  -0.68227724]
107,142.84851181260495,188.003278778747,47.64134716238757,4.176924346630102,3.5125026804569286,6.969927169412152,3.5035741900156703,2493.1481604405276,2492.053839369299,84.0492713046167,[-0.66488257  0.61324577 -0.4264514 ],[-0.45417317  0.12135177  0.88261004],[-0.59300751 -0.78051481 -0.1978351 ]
13,25.78889441396411,136.48329641788627,53.604333963837654,2.66647198759811,1.7617368568399707,3.944697247212117,2.55083708632912,537.0568833554473,536.9452547347861,15.829144866145029,[-0.84637754  0.32557379 -0.42148164],[-0.50364162 -0.23195128  0.83219212],[-0.17317673 -0.91662441 -0.36029087]
46,95.06576434064142,45.199480035387026,41.29983500844727,5.364554098398066,3.2195193799432875,2.540703155564961,4.29689117701418,768.1150652514824,767.6555783380087,35.02571069398044,[-0.07636867 -0.58010437  0.81095422],[-0.53536866  0.70999996  0.4574718 ],[-0.84115886 -0.39922296 -0.36479146]
805,179.6078404944501,98.07519325497768,77.35856795418798,9.907352944911674,12.79846608641895,20.949727765090106,14.125174436106409,6247.254720551752,6224.437530989382,643.8009640914671,[ 0.34452813 -0.88210235  0.32124105],[ 0.45821836 -0.14064729 -0.87764132],[0.81935115 0.44957067 0.35573854]
2515,92.05807707598375,127.21815864870803,143.96912694200347,19.927710368015315,32.27612074197268,16.170167792838022,28.160983216170944,10854.2946700091,10807.171843557004,1494.9569490517338,[-0.89885686  0.23546823  0.36960932],[ 0.06556831 -0.76163878  0.64467601],[-0.43330952 -0.60370612 -0.66916499]
70,182.46167955569516,23.640706104591086,190.04775151032956,3.9644789730265884,5.581545503766143,4.155980146120841,4.162009307071673,2213.919407385443,2213.585915501578,57.267868221870415,[-0.70793254  0.29113298  0.64348513],[-0.15170832 -0.95250558  0.26404111],[-0.68979425 -0.08930125 -0.71847699]
128,132.07396720194836,93.58204686924299,15.586804795245229,6.0433576115317384,4.074934600833516,7.077611854447443,6.368937023425331,1842.8594304114524,1841.7168411298258,89.76169570332512,[-0.58318238  0.80352183  0.11937745],[-0.00877726 -0.15317903  0.98815947],[-0.81229383 -0.57522939 -0.09638403]
16,27.412883245750876,161.312472418381,53.0616337200245,2.1706328384570255,4.038362289998388,3.2050377425692114,4.398840520967098,688.3751018989888,688.3255960990878,13.707176178778173,[-0.9195184   0.25475134 -0.29931199],[-0.3592885  -0.23602477  0.90288653],[-0.1593665  -0.93776013 -0.30855835]
30,58.73684395524585,74.36988548625148,67.20882322555384,3.1974207204856784,3.3436423345123063,4.720098141626673,5.039618765525974,637.202589443647,637.1301843606983,23.11518625911176,[-0.85486379  0.28010056  0.43675116],[ 0.1172754  -0.71566842  0.68852393],[-0.50542495 -0.63981434 -0.57895011]
3,158.6623957245878,19.239638093962704,192.33201744422672,0.679086266566097,0.26384281302204965,0.7299718339123359,0.46366284279451564,433.13933716936145,433.1365792868166,1.5958107369113106,[-0.09675952 -0.97930079  0.17778515],[ 0.766869   -0.18721774 -0.61389043],[0.63446792 0.07693818 0.76911051]
169,168.148195756462,127.2179246150476,86.06113864284481,8.77871800657875,5.087357414207587,5.781231842992318,8.479476186813896,2963.908953507069,2963.234038089327,104.2179271833725,[ 0.30095551 -0.77446683  0.55644129],[-0.60323871  0.29731311  0.74007296],[-0.73859925 -0.55839595 -0.37771035]
5,14.21567435263359,198.92979523475452,182.3590142212681,1.100461261071228,0.48812489609019777,2.2345725413726787,1.5763017104666566,604.2985435349585,604.2908910140876,4.450195985456304,[ 0.94410812 -0.25686099  0.20659692],[-0.32541252 -0.62624258  0.70846802],[0.052598   0.73609963 0.67482648]
450,156.6793211923491,171.56776209816815,180.55668090712544,13.866989735735512,17.44064756776413,11.708740989956054,14.754678309228865,6259.715678997067,6255.0534073026,432.0113510379959,[-0.79800155  0.58764573  0.13366385],[-0.28190176 -0.56001217  0.77904927],[-0.53265836 -0.58400245 -0.61254894]
523,114.37795896183786,119.32923646973592,42.66875823925956,14.067800639168693,8.957470617807788,19.045649825128812,14.091238139705599,3940.387478330759,3922.737188203626,488.66519548576804,[-0.73583948  0.66722139  0.11556763],[-0.08695605 -0.2623587   0.96104451],[-0.67154963 -0.69712519 -0.25107283]
457,113.14039344503595,42.88719809669298,172.06733302926568,13.258960673077775,14.015500683862923,12.017658514942276,13.340812522154986,4516.96109617971,4511.53842562738,396.57937589988006,[-0.37431807 -0.81050991  0.45051045],[-0.75566242  0.54819989  0.35840088],[-0.53745724 -0.20627789 -0.81767301]
61,79.10531340129948,111.48332991511319,87.47095549470681,3.9299973471002683,4.6583179155650845,3.1351961039407747,3.2468661168817707,1268.322383999499,1268.0824470055168,47.042342905511454,[-0.35522817 -0.4077724   0.84115077],[-0.79771468  0.60132557 -0.04537445],[-0.48730302 -0.68711661 -0.53889381]
96,13.132262370883756,81.81195750209096,51.67559588753458,5.092955258370179,6.1981307249007624,4.337630209456286,6.479995930715384,960.1956897481613,959.6779389719076,62.66550030759869,[ 0.56986549 -0.50240718  0.65026176],[-0.81044175 -0.2128646   0.54577727],[-0.13578471 -0.83801891 -0.52847594]
213,117.5373007142755,126.21984222314468,100.72340810118742,8.034467986674516,8.645734697933483,6.91938764035022,7.092587215336115,2919.8543335647905,2918.7084525965374,170.82651008802196,[-0.79777529  0.55479768  0.23612311],[-0.13014272 -0.54081927  0.83100986],[-0.58874227 -0.63222943 -0.50365513]
4,168.11571958293112,136.02295695048025,62.17346467394588,0.9842724913366002,1.8862912589178833,1.6442065321960961,1.805442528984621,450.0504633215385,450.046655538802,3.983503958529422,[ 0.45455109 -0.16133215 -0.87598815],[-0.48497517  0.78007664 -0.39532205],[0.74711605 0.60452657 0.2763426 ]
10,176.7236617320622,188.6741515516889,149.91759981176423,1.5271175103928931,2.2414417735319065,2.0100614567736796,1.2929869895014696,945.0604417142858,945.0296164814652,9.859597575711739,[ 0.75267482 -0.208877   -0.6243805 ],[ 0.28942038 -0.74683198  0.59873019],[0.59136829 0.63135758 0.50166836]
82,172.5059776141094,30.687172771169262,128.0185044695132,7.0550186459657995,5.222364964379011,7.962758749642216,9.893470189420414,1967.733894238573,1967.270706216878,58.81149795390436,[-0.60567373  0.2471333   0.75636265],[-0.03920507 -0.95866077  0.28183771],[-0.79474669 -0.14104845 -0.59032452]
30,77.00630458673344,33.329900562027454,109.16162852841873,5.401159861535002,2.986010534779389,4.063903228045921,5.871184211656483,755.0983672345558,754.929986014093,24.703834165136584,[-0.49391914 -0.67064648  0.55342315],[-0.66533782  0.70127271  0.25601205],[-0.55979413 -0.2417641  -0.79257848]
216,189.5103768760539,33.16087621623442,64.13586216859309,4.926022135673451,7.04921963729319,6.904981179251645,4.2475763736208645,2983.0735253813436,2983.0025799297196,149.9346762947877,[ 0.30247913 -0.83290869 -0.46343229],[-0.18762321 -0.52872517  0.82779661],[0.93450731 0.16344054 0.31620133]
29,57.42593397261638,71.54357772018493,167.34536115621623,2.112039781886429,5.188907106804309,3.2824520080510755,2.762317090779872,1028.2122967500636,1027.9189370846643,31.741219912055097,[-0.95332036  0.09261751  0.28740615],[ 0.02655211 -0.92240119  0.38531938],[-0.3007911  -0.37496404 -0.87688464]
2,62.05572868185252,104.03730279265076,171.42408289858412,1.2337625605555402,1.1468656598023799,0.01326750107494945,0.21451284583147867,296.8626877165606,296.8532838080738,2.3628903197907163,[ 0.55663314  0.60539016 -0.56891326],[-0.77637843  0.62277053 -0.09691955],[0.29562827 0.49564062 0.81666658]
113,61.42251277001722,188.15583345559872,76.04985636782972,7.332857443620407,4.072418454375682,7.698834410115022,4.948180254576527,2255.987029768212,2255.7973725893185,109.14771513616292,[-0.6639212  -0.08382262  0.74308977],[-0.68936189  0.45370838 -0.56473789],[-0.28980825 -0.88719923 -0.35901073]
241,96.96701190946663,81.4761033798773,80.28015132624324,11.352201160778057,9.158738651205464,8.991792114010867,7.551702327647175,2339.6934685168058,2334.408582017126,236.7995924474007,[ 0.18817916 -0.79312406  0.57926059],[-0.73892308  0.27419499  0.61547526],[-0.64697858 -0.54384864 -0.53445989]
20,55.8872521413863,21.404579749934726,170.99180448948084,2.3406290967201477,3.8600611466426558,2.447998060083755,2.6762739579512473,810.4771411557855,810.2989808749032,19.6658397302481,[-0.90343648  0.34689183  0.25192973],[-0.29764851 -0.93043523  0.2137654 ],[-0.30855777 -0.11813695 -0.94384096]
23,160.11651853606003,55.13026111384177,172.01426289311195,2.3360187322438257,4.4597050040781205,4.358700490113852,3.5784489495549776,1157.9790149484509,1157.8493887232694,26.918631224359714,[-0.59502833 -0.4166861   0.68725103],[ 0.45395107 -0.87988788 -0.14044839],[-0.66322674 -0.22840757 -0.71271332]
79,11.361608161939788,176.8091672423767,6.1621742148742396,6.065040631891599,3.547495859848564,4.032867624689637,3.8313700476989587,1577.0148495085416,1576.415225886002,63.39267840328929,[-0.3230379  -0.01220512  0.94630732],[-0.94418027  0.07238557 -0.3213782 ],[-0.06457653 -0.99730204 -0.03490711]
5,54.3485341807709,23.703267901019146,92.9541792265426,1.044854823514509,1.0495480349402928,2.051504075670614,1.868189689722421,246.5937420983451,246.58034949463016,3.8147270184933864,[-0.32810379  0.94338122 -0.04878299],[-0.8058918  -0.25259574  0.53547531],[0.49283497 0.21500529 0.84314081]
36,32.70764727337733,93.33465654207403,150.01715711159426,2.818495002244142,4.290580540847717,2.325200681391557,3.121462009859452,1078.5300382421817,1078.3700776178357,28.123170509024902,[-0.89515929  0.43887194 -0.0779825 ],[-0.40688322 -0.73306663  0.54503153],[-0.18203268 -0.5196198  -0.83478103]
319,14.97743147000364,188.31412202116672,104.61051195274041,6.725216865976966,5.831016541907009,9.024495245916585,6.996862823449486,3861.6454369233747,3860.6106328610113,189.09953556417992,[-0.98157855 -0.02694688  0.18914919],[ 0.17797132 -0.48906557  0.85389758],[-0.06949649 -0.87183068 -0.48485205]
99,19.930203318495764,52.487247596316415,127.86495695622867,6.883940199801784,3.884289726603032,16.154557103679675,15.921765016509353,1400.2213970718637,1399.1295686483672,84.67550856869536,[-0.78961706 -0.51503128  0.33353813],[ 0.5963069  -0.77223467  0.21925257],[-0.14464777 -0.37201666 -0.91688638]
437,105.45408345340546,109.13711504594403,187.31679394536025,13.962575425943221,14.22427148221254,6.749323152124432,11.953235948517047,5054.953756228761,5049.760109472067,361.19063592503454,[ 0.62062707 -0.77712851  0.10437109],[-0.65016708 -0.43562935  0.62250289],[-0.43829763 -0.45420079 -0.77562673]
238,110.88632701325974,151.70352960418066,84.14182774479258,7.810165615336629,8.55864806495705,10.700412207145627,7.786544485463264,3183.9875691570605,3180.1141304798425,212.00011401777846,[ 0.44092728 -0.65960486  0.60869086],[-0.71865404  0.14682572  0.67969007],[-0.53769834 -0.73713204 -0.40928823]
10,179.15648881064152,118.18931707013208,46.587241610768345,3.282210657635921,3.76757572001769,3.5922815826955676,1.5784683516519225,694.7820165324712,694.552406849586,18.841675118950032,[ 0.17668522 -0.58103046  0.79447211],[-0.55080833  0.61057872  0.56903762],[-0.81571595 -0.5381424  -0.21215618]
198,126.44389203668274,49.747368535992,29.77041314203925,7.161997543462737,13.348856153483132,10.002581256061264,7.145944702210278,1972.2097431918546,1961.6834161963957,234.3965273580847,[ 0.02935177 -0.56640953  0.82360107],[-0.41786335  0.74155095  0.52487371],[-0.90803562 -0.35955867 -0.21491595]
2,178.55902266447234,152.06316142721866,79.4155491258894,0.06938578024011122,0.2866033689808489,1.5781342732712034,0.632101283335146,350.1883394539587,350.18212022179733,2.087047313264076,[ 0.59442106 -0.7862126   0.16891817],[-0.35590061 -0.06884358  0.93198461],[0.72110911 0.61410936 0.32073562]
8,65.95269184892457,93.01354438869876,159.2807217744305,2.557364949316578,1.3379585473499311,2.273245228407912,2.0534717213403133,554.1294373824815,554.1014821229588,8.60730548802789,[ 0.68180818  0.47266198 -0.5583263 ],[ 0.64940419 -0.74243674  0.16450499],[0.3367667  0.47474028 0.81314811]
157,11.990475793143172,38.20715605829802,76.02777227226262,6.381906484037487,7.101213236093905,13.212639923161552,11.531276856927631,1093.8535086192055,1088.1227783983998,146.354161459076,[ 0.89645152 -0.43657614  0.07599971],[-0.42119534 -0.78612787  0.4523245 ],[0.1377286  0.43749771 0.88860936]
3,164.57004249700583,174.84671394959642,153.94166157171443,0.6362721562353968,0.8655369265020457,0.9363642573474367,0.3222025486112997,494.02782898811444,494.0234334713828,2.4042912739915283,[ 0.79674414 -0.56782331 -0.20682229],[-0.17967938 -0.54935157  0.81604423],[0.57698708 0.61301676 0.53971878]
3,5.7851056049423795,179.59349587340213,148.27865740888117,0.2500426709687463,0.8196611608234132,1.7894632171144544,0.9263564021707797,403.52596383419075,403.51493053974207,3.0373193089251393,[-0.99965981  0.01407614  0.02195757],[ 0.00796734 -0.63682199  0.7709697 ],[-0.02483534 -0.77088236 -0.63649319]
9,180.54299599282774,119.33405813800775,149.86995226691428,1.7590703819841507,2.501420939372736,1.1457611501838605,1.5485502418517307,789.7806648835389,789.7577996664509,8.611421793365833,[ 0.5197622   0.24242552 -0.81919297],[ 0.50938695 -0.85773746  0.06936416],[0.68583685 0.45333907 0.56930791]
18,169.40903187615544,188.51532364431228,37.90008603355336,4.448586034718652,2.2574389390674985,4.558787738773099,4.040930145489819,1087.6128273873383,1087.4173632821462,22.912445579543594,[-0.63772346  0.44693827  0.62733959],[ 0.39521908 -0.50920353  0.76453492],[-0.66114345 -0.73549844 -0.1480925 ]
64,97.60620353382654,36.28361869566913,58.786567943326524,8.07768757430269,3.7543632834066005,3.518184848429397,6.188862695975535,959.3962884756864,958.2013160440853,58.85547166799482,[-0.15339904 -0.70677835  0.69060343],[-0.55533252  0.6397328   0.53136403],[-0.81735826 -0.30200382 -0.4906314 ]
31,44.34416320636475,110.34277074790845,163.51297365050425,2.0875971364466945,4.372801586390735,3.6212919142269926,5.046054943501477,1126.1672663435472,1126.1137426486855,18.606984213170765,[-0.95139755 -0.06403068  0.30123541],[ 0.21622088 -0.83540366  0.50532093],[-0.21929712 -0.54589449 -0.80864577]
5,174.80225573397587,70.24792600466775,84.51646057979296,1.1388502264527318,1.3344690870960927,1.593970198841214,0.8110635749930505,461.7217610958131,461.7149480245108,4.9825347838206335,[-0.13413351  0.88059247 -0.45449433],[-0.51507452  0.32986396  0.79113084],[0.84658516 0.34021561 0.40932493]
6,124.71375238856353,103.90781297709715,36.34442534367221,0.921404201351001,0.678390923040742,2.4132911011452167,1.0170554274849364,407.51424709010655,407.47544705715336,6.061945542227505,[-0.65291025  0.75201321  0.09046734],[-0.1078198  -0.21049824  0.97163027],[-0.74972202 -0.62463319 -0.21851837]
105,74.32275752783512,134.98107601225905,74.93117505211885,7.539491122452035,4.678515659660407,5.074722634698559,5.469484661698593,1758.289592738038,1757.206597835661,88.64454972980626,[-0.41576396 -0.25556897  0.87282578],[-0.79910174  0.56089387 -0.21641276],[-0.43425424 -0.78745322 -0.43742506]
41,89.5478695137698,35.46590972984257,21.994844975503327,4.340846622655743,2.6720256312873123,3.2445925437641625,4.317584494490053,633.565061896647,633.4105457843024,27.11195763267879,[-0.4081604   0.87941968  0.24500228],[-0.10770372 -0.31288827  0.94366352],[-0.90653461 -0.35877842 -0.22242537]
6,2.6400535953449302,20.05741049124022,116.09251809731926,1.2707867656716982,1.8022335601897297,1.0457150941877735,1.1840873550037319,288.6974403836993,288.6847473560018,5.224023318607485,[-0.99915383  0.03784804  0.01609807],[-0.03454427 -0.9846665   0.17099293],[-0.02232298 -0.17029215 -0.98514074]
28,192.3353791537666,125.80554633638917,53.20454090539425,4.982421161127876,2.5192212771847355,4.713734505103294,4.36227957010527,1248.811816134452,1248.571311773592,31.070254813502665,[-0.51095987  0.84591815 -0.15278251],[-0.27209078  0.00943795  0.9622253 ],[-0.8154058  -0.53322923 -0.22534411]
94,27.63376338392695,155.0057597040664,35.946629684088414,6.524008829093795,7.6335010422126786,4.073945779838477,7.590942576320222,1568.9911257457125,1567.8600193021891,75.37859812809354,[ 0.53046795 -0.27972844  0.80022231],[-0.83016787  0.01959619  0.557169  ],[-0.17153732 -0.95987915 -0.22182641]
4,110.60489290406015,194.9697429488228,114.72168073367448,0.8899354976420396,1.9791305505539916,1.3078040864168436,0.7903154244716707,503.64153401898034,503.62197646341457,4.808391767618672,[ 0.76353609 -0.05452635 -0.64345903],[ 0.47338346 -0.63047625  0.6151486 ],[0.43922744 0.77429102 0.45557949]
11,114.91284529646765,18.419836662402005,194.72474945045988,2.187009432173551,1.3166751253618734,1.014153544856382,1.5935527509909364,752.4269398489017,752.4149759322396,7.4139937465087185,[ 0.06260044 -0.99639152  0.05731597],[ 0.85991411  0.0246981  -0.50984088],[0.50658554 0.08120307 0.85835724]
21,167.52807096329582,31.633442007230634,35.240201882844715,2.8159902087218147,4.270129019162261,4.528276042461587,3.1483074095674244,798.2715895450065,798.0571024207197,27.782657004500678,[-0.26776615  0.7655438   0.58501623],[-0.04858158 -0.61714373  0.78534925],[-0.96225834 -0.18186893 -0.20244153]
7,3.7353941358320215,127.09332337811067,51.38854280612235,0.8048913231402994,1.6697509041594223,1.9954823979170098,2.1637232208606805,362.90674811008324,362.8881437305853,4.36054434585103,[-0.93203513  0.15908277 -0.3255813 ],[-0.36134286 -0.34048108  0.86804607],[-0.02723691 -0.92669591 -0.37482375]
140,137.79899841909526,13.847285470420779,125.12028236934441,4.906251277752176,6.706881453895422,4.76742995362099,4.326612216135371,2210.588263704142,2209.686103706647,100.97906927807274,[-0.61913534  0.46885279  0.62995912],[-0.26745284 -0.88014253  0.39219652],[-0.73833624 -0.07433837 -0.67032336]
308,14.763957458969385,25.977874491875863,143.0872312940942,7.415372819989857,13.264403249337905,7.804797888938634,7.102208521364214,2579.4902906989983,2571.4466727782005,274.96580183500316,[-0.9776445   0.2004752   0.06341072],[-0.18505114 -0.96354517  0.19322729],[-0.09983637 -0.17717337 -0.9791028 ]
6,111.84827096433465,34.5574270773537,138.68786132644195,2.262337425978388,1.4755716657338422,0.36881544526711785,1.2381254474859025,444.605605114699,444.57017454748814,5.940222931803076,[-0.44867473 -0.7125542   0.53940476],[-0.64716863  0.67529859  0.35375779],[-0.61633088 -0.19036366 -0.76413214]
47,149.6312529874517,171.7779314290319,3.2085313671845537,7.298789003027227,3.948642797351473,2.1974811928911686,5.090153911311526,1562.973745524435,1562.4026812779582,47.32565932139278,[ 0.01684855 -0.03330269  0.99930329],[-0.75368417  0.65632644  0.03458001],[-0.65702078 -0.75374169 -0.01404156]
2,148.69280512119218,22.643111408344673,22.013262768039567,0.4396745014036014,0.14930048356371906,1.7858759481949473,0.6664213053147847,214.98953222870287,214.97576029840448,2.4334033860769684,[ 0.16716681 -0.97823403 -0.12293676],[-0.1233992 -0.1444702  0.9817846],[0.9781758  0.1489515  0.14486391]
10,197.73478330856173,127.23658100221012,98.2698018081948,0.9613649158847782,4.090436992813518,2.5577081933825236,1.6808578566920778,806.0074898700663,805.930911127691,14.6344998179849,[-0.55793117  0.25775358  0.78884466],[ 0.29451116 -0.82717861  0.47857991],[-0.77587112 -0.4993382  -0.38559742]
79,142.16749370602315,40.580302947437296,103.04237615979251,5.101269321027009,5.206570410666943,9.127925150146208,8.827683849869729,1604.895289882197,1603.9390039932946,66.87243877997408,[-0.09252585 -0.87635401  0.47269717],[-0.6085705   0.42551547  0.66976005],[-0.78808687 -0.22569943 -0.57269438]
34,186.36524320406608,11.355682609160132,136.24416515461243,3.0698407247168165,4.818504665023762,4.870781271128036,2.736593882335632,1348.3038084000943,1347.9746797045314,40.83037621165184,[-0.43195635  0.7297025   0.53004526],[-0.40417154 -0.68200263  0.60952259],[-0.80626241 -0.04905794 -0.58952035]
81,186.48103121500264,15.28363398588405,112.61003357637887,4.750853009506974,6.381723311094729,6.940018822154783,5.151137249477561,1967.3226161726598,1966.3656679945918,82.76153787562204,[-0.28192719 -0.77040225  0.57183689],[-0.43766925  0.63365583  0.63790745],[-0.85379312 -0.07043197 -0.51582618]
7,141.9118324736559,154.258108023942,69.98944234992022,1.5495178831943779,3.640216480173356,1.8906008503869884,2.517545573431322,584.7708868568773,584.7090494117334,9.500892218341548,[-0.61682349  0.22526273  0.75417868],[ 0.45517897 -0.67961441  0.57527068],[-0.64213774 -0.69812675 -0.31666728]
11,94.68497433139545,50.03798782833749,85.91863785704933,1.2651988303721906,1.4824214703686722,0.9558827086924745,0.8681819779383828,455.40484024706035,455.40077143052,6.5943475158870655,[ 0.34639318  0.59281454 -0.72703693],[-0.63594057  0.71814479  0.28257326],[0.68963132 0.36447083 0.62575527]
27,46.50902635216204,21.628661429014844,1.5818459913387508,4.07179772409284,4.163360754734564,1.2886001310005541,3.7508080694530443,268.36590712613764,267.43729451815057,24.106203490928333,[-3.43095086e-02 -6.99768628e-04  9.99411011e-01],[-0.42053116  0.90717312 -0.01380153],[-0.90662914 -0.42075699 -0.03141894]
85,23.77635110228347,148.11966834563466,103.29795032495853,7.774488627109575,3.6095253484254832,6.552581146941849,5.252746148054128,1681.6224919506863,1680.5289238986063,86.85977001083157,[ 0.20190697 -0.58217273  0.78759665],[-0.97071536 -0.01206992  0.23992918],[-0.13017399 -0.81297554 -0.56756101]
21,52.10618308867423,71.92135056777094,100.52521070890036,6.1998953184673145,2.702101584724733,2.2427244740982113,2.989460481775293,615.5132297651068,614.8986480124862,29.72668701858467,[-0.34040876 -0.6722566   0.65741382],[-0.85602203  0.51084671  0.0791323 ],[-0.3890349  -0.53582338 -0.74936316]
41,27.050935042520077,124.56622035938585,13.261298750481085,4.816927570369299,4.981791394957284,4.165654268810789,4.118667620619013,822.0062328060873,821.261943896572,44.63860185671533,[-0.58533826  0.04098771  0.80975251],[-0.78301876  0.23056973 -0.57768436],[-0.21038238 -0.97219217 -0.10286714]
170,167.38847118412295,153.5866529842529,140.10358335394469,8.501951319511146,6.518744862335369,7.298217193221339,8.092434310191996,3483.5190742782447,3482.1192148192445,132.5817017976924,[-0.63762522 -0.00770126  0.77030823],[ 0.44700411 -0.81808693  0.36183022],[-0.62739254 -0.57504301 -0.52507536]
209,33.436582733878055,48.23511832741152,188.03712339958724,19.538740888074603,5.721860006683001,5.658890499427086,7.775248218044947,2862.970596023927,2851.1407268696908,283.77219893604746,[-0.03713406 -0.96633109  0.25460811],[-0.98430993  0.0793492   0.15759973],[-0.17249647 -0.24476097 -0.95411584]
40,193.32075797253194,44.33231415904497,101.1553650651667,2.7165990179493615,7.920552433597642,6.918242452277167,4.9437022311435825,1409.661278500484,1408.6322207400938,60.84991063856793,[-0.23871479 -0.63509268  0.73462407],[-0.43548585  0.74617244  0.50356605],[-0.86796735 -0.19970973 -0.45469628]
2,163.1705258198525,100.2589515725765,54.135694507089895,0.15950973028711246,0.7323067061505952,0.9106384027727117,0.48583989990741827,281.45529757064753,281.4511941374519,1.519818799772416,[-0.24152022  0.73511512 -0.63346171],[-0.519097    0.45366373  0.72438079],[0.81988187 0.50378068 0.27202709]
33,157.34198798561494,4.4758986013980655,165.61600333770602,4.883272008297145,2.500282879334114,5.073411083339959,6.534962664711553,1313.1722521290978,1313.1533913538658,20.855777127810565,[ 0.34576871  0.86978518 -0.35201953],[-0.63736168  0.49304095  0.592183  ],[0.68863204 0.01960541 0.72484588]
3,171.48901879495665,52.89102893325852,124.71352274875566,0.5070122864384816,0.3647418469462654,0.28479066405733316,0.4963966269033974,378.52270696121445,378.52233347955,0.8210885501186369,[-0.26758426  0.96268983 -0.04033548],[-0.55913723 -0.12104993  0.82019051],[0.78470646 0.24202314 0.57066678]
15,191.93063026817677,174.79065979803744,28.740737955628394,3.934906921137823,4.274797600760986,2.2001675688383333,4.604291749117197,1011.7935980225247,1011.7434052345615,16.189159190969015,[-0.17001349  0.33868414 -0.92541259],[-0.65658002  0.66134484  0.36266468],[0.73484562 0.66926531 0.10993569]
3,82.30405579301053,124.26289267003955,63.39813781744848,0.4932288308269083,1.2720884505205525,1.6050833185483964,1.8514393419157384,280.56541736810817,280.56007220675485,1.7340582283701418,[ 0.73290954 -0.62387194  0.27134369],[-0.45240297 -0.14904652  0.87927054],[0.50810939 0.76718247 0.39147914]
19,127.64896127343268,161.99842335896827,185.25778645880663,2.6036168088516596,3.225642229593683,3.0976764844685527,3.4845305268420033,1208.6242794919092,1208.5440077322041,16.664657914285616,[-0.42641329 -0.51468611  0.74382116],[-0.77859875  0.62740312 -0.01221958],[-0.46038646 -0.58434881 -0.66826699]
63,97.93279769812585,147.26276312885676,57.01368304209345,8.704740111499575,5.20845482491187,3.255913003250594,4.5374393304301535,1477.068158740115,1475.530674736521,76.62944934018232,[-0.28533141 -0.17485593  0.94234356],[-0.80021271  0.58459508 -0.13382158],[-0.52748992 -0.79225879 -0.30672527]
23,92.82328891693412,56.974831287958615,112.07754031818185,4.992990001580526,3.231395067284731,1.870576222578842,2.841766999783143,749.9812710731649,749.7336800677797,26.53972687118779,[-0.27953474 -0.74228497  0.60899372],[-0.75415338  0.56230522  0.3392131 ],[-0.59423313 -0.36445283 -0.71698056]
84,44.04959447769082,86.67650272174946,184.99492107488092,7.549676439902789,6.715497543245492,4.282546238011124,5.30283178915368,1917.6108778247567,1916.4766325844375,87.96627071580293,[ 0.64803569 -0.73726287  0.19103196],[-0.73172642 -0.53313278  0.4246715 ],[-0.21124913 -0.41498542 -0.88496379]
6,165.82050006371,196.07288109594762,142.78724264210177,1.2735825149727924,1.680867403634307,2.512188599499309,0.9563782772912847,719.7409776472017,719.7177519045167,7.67456625692728,[ 0.79297969 -0.60189374 -0.09437764],[-0.22952402 -0.4386307   0.86886238],[0.56435976 0.66732828 0.4859743 ]
74,106.01689534007141,146.5176222064177,40.780391226805094,6.89530207941957,6.282308464126379,3.9644978052419573,7.654784262248162,1596.731464750632,1596.595015144597,57.465936370861776,[-0.2098112  -0.11782212  0.97061692],[-0.7928551   0.60141673 -0.09838041],[-0.57215387 -0.79019989 -0.21959984]
7,155.62343291088342,19.059081280349805,88.824632064472,1.9341705065823782,2.0800650068356075,1.4468058770311905,2.1781929456516322,476.8292843649527,476.80405246397027,6.1657240964245545,[ 0.50413478 -0.18760658 -0.84300172],[-0.0033133  -0.97653307  0.21534201],[0.86361864 0.10576828 0.49292588]
2,138.09773439912937,174.6940666405086,83.92038086803925,0.32160782150852185,0.46287000773979514,0.046873023742399766,0.5098888198974407,336.5470290105767,336.54685105573714,0.3460929260311545,[ 0.80759076 -0.57457966 -0.13287354],[-0.10508047 -0.36189865  0.92627613],[0.58030617 0.73408963 0.3526431 ]
19,115.87271326609772,6.252291919550739,114.31538749382413,3.901969244309894,2.1675096423657827,3.146648829250949,2.2942251964521736,710.3890273945682,710.1339089512499,21.60607774568716,[-0.20212323 -0.94515376  0.2565747 ],[-0.6730757   0.32436612  0.66464707],[-0.71141781 -0.03835358 -0.70172196]
65,28.484625128678605,16.111000539059525,191.18913343945124,2.957439823265872,6.322062888237496,4.969616385991389,5.020333146372371,1565.1781020133153,1564.54036020674,55.88842653899825,[-0.97761593 -0.13965816  0.15736166],[ 0.15075828 -0.98669276  0.0609043 ],[-0.14676183 -0.08326459 -0.98566119]
6,170.4530980547934,62.598290227999485,105.15738496215802,0.716558532228509,3.285650383619074,1.935411295855646,1.212002919425346,514.0599819708779,514.015577730082,9.02996681647238,[-0.50252513 -0.07816183  0.8610222 ],[ 0.2960677  -0.95124726  0.08644403],[-0.81228838 -0.29836116 -0.50116684]
7,41.56661805657764,46.68179470141433,6.94344584432518,2.7630682837387583,2.2911286491586527,2.0907441451736104,3.334256471685268,166.74110842238787,166.63811261615902,6.580611225788812,[-0.70459303  0.66458547 -0.24874649],[-0.25724584  0.08747511  0.96237866],[-0.661342   -0.74207429 -0.1093275 ]
85,4.568821422469973,65.39787464009089,105.32888691092087,3.880573848255591,4.631810589829889,10.037514604731031,9.9431904313069,1148.4234961116706,1147.9297760408251,57.8257286681711,[-0.94731859 -0.25210823  0.1975574 ],[ 0.31810841 -0.81247994  0.48855233],[-0.03734337 -0.52565938 -0.8498751 ]
16,190.70491221826313,136.16490900523047,121.65690864386545,2.5206226184524017,2.218036495258524,3.3252768729130535,2.972452678047868,1056.2625178498859,1056.1801540213794,14.708461314831004,[-0.68762574  0.46442452  0.55810456],[ 0.0737802  -0.71999634  0.69004475],[-0.72230695 -0.5156696  -0.46082268]
86,186.5071144212655,139.83376620884715,185.42878678369195,6.6672501372787,6.648548062989499,7.200623906408874,5.119626595388253,2763.8884635491004,2763.243523909461,98.96734376956383,[ 0.0779529  -0.83208419  0.5491441 ],[-0.77588922  0.29525053  0.55751507],[-0.62603456 -0.46953491 -0.62258952]
12,116.50015129855585,166.78685283033533,54.50458228986927,2.5973377443371697,1.3708027443825945,1.7327465450513648,1.6433280454991976,729.6960673199499,729.6415600167936,10.355862986476476,[-0.46757635  0.03798921  0.88313599],[-0.6894754   0.60953842 -0.39126282],[-0.55316908 -0.79184578 -0.25881312]
5,13.323022481287598,152.97654916226617,123.5265636600617,1.0607597364759382,1.3628780908837306,1.77667251157817,1.368766862882552,440.7004325455691,440.6864716874622,4.620505381802068,[-0.98792346 -0.03567403  0.15077994],[ 0.13940073 -0.62944053  0.76444232],[-0.06763627 -0.77622934 -0.62681206]
39,41.69158852637916,4.954022901554014,152.8135994632046,3.547040794514918,3.128451804079032,2.862600945870418,2.9850721225839916,990.2002743746275,989.9447231140949,29.077533238456773,[ 0.62975227 -0.76273518 -0.14712961],[-0.73086452 -0.64595447  0.22040845],[-0.26315231 -0.03127091 -0.96424737]
39,78.92478222736598,89.32510882535385,64.38666146932064,5.1655299787248525,3.0691160822283376,1.9702320311725623,4.335840151673049,846.8798294213639,846.5711127591713,28.675057787390912,[ 0.25330207 -0.7027927   0.664771  ],[-0.77195539  0.26730932  0.57674137],[-0.58302911 -0.65926334 -0.4748146 ]
41,124.54762203298112,63.7230371619175,134.1900134060952,4.653140025459963,4.581540520432279,3.214072897138121,5.1536845195984,1242.006409143514,1241.8579577869618,32.97957748902627,[-0.76581736  0.24685458  0.59379002],[ 0.02441854 -0.91155557  0.41045118],[-0.64259436 -0.32883012 -0.69205726]
17,30.819678172433274,21.443711579072584,68.03051781449115,3.467393876427735,1.602092871231624,2.2468324495644727,2.1840979483696987,320.86351990916194,320.5450465730324,15.862105213928427,[-0.22236034 -0.89650606  0.38318764],[-0.89058788  0.34670804  0.29435822],[-0.39674816 -0.27580867 -0.87551155]
23,62.54247415260541,163.89067689388008,42.87673814591028,3.235431311337018,3.1417133089850156,4.5940638573932295,2.7020493697572094,866.4775472179439,866.2594906046162,27.99173210787434,[-0.91891544  0.27738718  0.28044745],[ 0.1886988  -0.31521831  0.93006999],[-0.34639166 -0.90757577 -0.23731634]
6,20.189923966683157,94.41732190006597,94.52056061706334,0.6482004172406197,2.780543420896927,1.9867219214610097,1.1949238941626321,331.0702408074063,330.98383660764665,8.011264393646073,[-0.98800557  0.0775446   0.1335359 ],[ 0.03908204 -0.71104114  0.70206346],[-0.14939075 -0.69886146 -0.699482  ]
8,83.60400074966815,89.6026015324446,126.22540005479644,1.2461964319602479,2.3489849030307974,2.690354013729969,3.0290279591388263,497.7071356008098,497.6881966510443,6.380761658154144,[-0.07080572 -0.79064378  0.60816853],[ 0.8770794  -0.33974379 -0.33956718],[0.47509817 0.5093688  0.71751318]
19,167.01270977443335,100.50884578535958,26.890142482626313,3.245810481111798,3.1269583105618177,3.1512321690881424,2.5731856858564353,858.0029821720674,857.8053766704464,21.153838656736042,[-0.39721521  0.44532587  0.80243688],[ 0.34890567 -0.73543904  0.58085648],[-0.84881383 -0.5106998  -0.13675085]
73,91.08546472577629,69.11888158184234,46.25395211045912,8.451111966505563,4.369038220469769,7.189854802338473,8.785204289983216,1058.211708423581,1057.1028824234309,68.12529742400591,[-0.67081072  0.56400538  0.48157129],[ 0.05721976 -0.60804724  0.79183612],[-0.73941793 -0.55872756 -0.37561235]
48,5.332826956385831,173.24531046008227,81.40930709411232,3.0512980582075087,3.9275345604735477,3.140896808877835,3.7260797048041114,1327.1991094595217,1327.0935199440212,31.50890237305591,[-0.82151087 -0.22155815  0.52538736],[ 0.56951263 -0.36382546  0.73707964],[-0.0278433  -0.90473367 -0.42506674]
12,92.23173755565848,69.06695417413515,176.02664484255476,3.5078096853706127,2.4152496749519514,1.5632073416607823,2.428764314715645,728.9460026592599,728.8692384256661,13.301710949049665,[-0.26922964 -0.84015906  0.47079523],[-0.85748408  0.43166761  0.27997164],[-0.43844777 -0.32832275 -0.83664074]
10,196.36874405181607,189.6512054822957,21.490549144604852,1.4112052868333058,3.4558303827125294,1.2189139914075982,1.9235282259109148,866.0481742260093,865.9987676548208,10.82757242665676,[ 0.13940016 -0.03220471 -0.98971231],[-0.68294918  0.72060148 -0.11964082],[0.71704115 0.69260116 0.07845778]
2,117.29864277003065,198.39010464853033,45.758871138971124,2.510705534121918,1.1610176931540508,1.5961349126381918,0.5838715369411034,332.3301935036336,332.3005282385008,4.440320548774087,[-0.50122535  0.09805     0.85974377],[-0.70678484  0.52682565 -0.47213338],[-0.49922775 -0.84429908 -0.19475812]
140,87.24906790333328,179.50659987970488,98.9769079816545,4.645521961626049,5.060620328269486,10.98804829810942,6.15282861605448,2639.7934685554915,2637.6285581244338,135.0228826471573,[-0.86670934  0.48512602 -0.11605022],[-0.30933795 -0.34022646  0.88800675],[-0.39131183 -0.80554249 -0.44494534]
12,135.90704290786152,74.4401382897924,80.1122458148763,3.773628347891517,5.324744055532772,1.7244542843702417,4.499902195728767,604.6820338375187,604.5387996977074,17.516102352132883,[-0.57399206  0.19146786  0.79616152],[ 0.25214302 -0.88371225  0.39430515],[-0.77907446 -0.4270746  -0.45896653]
15,50.0661004356663,3.5709579101296853,55.67015958721838,2.355817258308474,1.8279548045818403,3.7693408826268975,2.0077075586603748,290.84232266847476,290.46868323392687,16.960211920785575,[-0.1506952  -0.96861709  0.19766613],[-0.72944081  0.24390274  0.63908337],[-0.66723839 -0.04787894 -0.7433038 ]
2,125.12288341561455,196.52982263295655,32.06750241705912,0.7337271369132949,0.6976757620988536,0.45244953040628744,1.0350890757961082,332.59363092881074,332.59315466551305,0.5628534907554291,[ 0.71096874 -0.35344848 -0.60794541],[ 0.45984279 -0.42040041  0.78218163],[0.53204141 0.835666   0.13636082]
35,13.312516266507822,97.39077841392535,169.14655287024846,5.528759317019523,3.3276750624279705,2.662131134305875,3.495353428845752,1158.031312071137,1157.665456338079,35.736822626469625,[ 0.18372112 -0.85801839  0.47963632],[-0.98060529 -0.12609353  0.15004563],[-0.06826288 -0.49790046 -0.86454341]
12,16.641716587823662,143.4278267367811,5.03791899366307,3.1015501773295164,1.8039720147854732,2.729690251412909,1.9278340909143274,500.68715325676243,500.5726181698068,14.14510477122099,[-0.64517503  0.04820883  0.76251236],[-0.755283    0.11038107 -0.64603684],[-0.11531161 -0.99271946 -0.0348038 ]
5,57.95766654990081,99.80285480630764,26.2600811507014,2.1489947599797117,0.8698105175029124,1.8382666878061809,1.3353324594795501,264.73575173889924,264.69012785703075,5.88096190854397,[-0.60607449  0.14623626  0.78184951],[-0.62673091  0.51746288 -0.58261526],[-0.48977758 -0.8431175  -0.22197027]
111,109.29455812499647,10.9467136703234,43.80784892647524,8.846364239366071,6.013362738751389,6.187480278218403,8.977463060665814,1251.3088742931711,1250.870806894935,89.18483955838202,[-0.2761979   0.83251696  0.48023976],[-0.26314419 -0.54608748  0.7953261 ],[-0.92437539 -0.0932951  -0.36990022]
10,66.15014082830558,104.75637860359741,86.5428743378959,1.9301720126411508,2.858182608795539,1.1320437787509892,1.8912403151593546,478.0220655879984,477.9650369818476,9.799790861624654,[-0.32544593 -0.47151712  0.81960756],[-0.83821315  0.54500125 -0.0192966 ],[-0.43758846 -0.69328583 -0.57260029]
39,4.610607856727662,174.819075977395,179.33757144166213,2.8486670020912594,4.380490589956078,3.3171782829493655,3.7391315863566943,1564.6932430144414,1564.5697913186234,30.806694559465605,[-0.95695558  0.21974792 -0.1895966 ],[-0.28964833 -0.68159173  0.6719647 ],[-0.01843537 -0.69795671 -0.71590263]
47,188.13407197803056,33.15738284110233,158.1037441812415,4.544333008265165,9.5295631126104,3.211041127960469,4.716439030431597,1701.5958046101014,1700.4242146063498,68.52506304788393,[-0.64939892  0.0786939   0.7563652 ],[ 0.0509784  -0.98788865  0.14655107],[-0.75873727 -0.13372839 -0.63752213]
5,192.7648002663171,188.3905228730173,114.36367956831347,1.4922127674324355,1.3914434529531,1.9161083709966158,1.6267256985249388,654.7309384703927,654.7234964337864,5.096039953704205,[ 0.54572426 -0.05059883 -0.83643577],[ 0.51840817 -0.76384584  0.38443791],[0.65836009 0.64341222 0.39061836]
6,1.26813694064013,120.92872073913468,83.5052085347066,0.5171674898645383,1.4673471817501964,1.5419638145078112,1.0668344402075074,360.0251181386998,359.99919240518904,4.677256162148416,[-0.99937585  0.02655484 -0.02329716],[-0.03425831 -0.56763406  0.82256789],[-0.0086189  -0.82285261 -0.5681895 ]
192,49.99493861100859,22.69047694669145,121.25800043064676,8.57984309552465,9.584480570284702,11.657887998851091,13.841819160521304,1857.79816343381,1856.548791389092,145.6002540009765,[-0.89841507  0.3087211   0.31231659],[-0.22651369 -0.93505495  0.27269725],[-0.37622057 -0.17425134 -0.90999701]
