N,MEAN_X,MEAN_Y,MEAN_Z,SIGMA_X,SIGMA_Y,SIGMA_Z,SIGMA_R,LAMBDA_1,LAMBDA_2,LAMBDA_3,EIGEN_1,EIGEN_2,EIGEN_3
6,41.41771042015165,107.58002298979098,39.33400747196723,1.8290205790761798,1.9082594470418461,2.406593531476002,2.028474567443709,298.46276724076944,298.4202581095633,7.162010576569315,[ 0.62061214 -0.46877002  0.62856602],[-0.70660708  0.01316478  0.70748365],[-0.33992206 -0.88322214 -0.323066  ]
61,123.38559953256447,83.83977641929614,34.23170978469301,7.526757352010571,6.373842965145082,2.8869778143725258,4.052578195451011,1197.868373839483,1195.9828369162387,73.90470747290782,[-0.11246909 -0.2292641   0.9668447 ],[-0.58021697  0.80505851  0.12340611],[-0.80665914 -0.54710033 -0.22356712]
13,24.921898270981202,178.17808147892706,156.40561720076215,4.238715942846958,2.25018484474004,3.4505536765134925,3.2886094633740637,859.7632300163131,859.6583854094196,17.759832588630612,[-0.09640952 -0.64903365  0.75462609],[-0.98984432  0.14209204 -0.00425098],[-0.10446733 -0.74737218 -0.65614129]
159,75.55500237010038,136.25904011894306,74.63056000206464,8.069512016467613,7.45237945464234,4.8017696304933795,7.671445922325141,2182.863892372031,2181.2621498601566,116.40026660920589,[-0.54356151 -0.1501234   0.82583524],[-0.71608242  0.59624127 -0.36293568],[-0.43791192 -0.78864397 -0.43159454]
487,113.27528141246651,120.03025286010556,36.51682329045748,14.625195169171805,10.953290996925068,15.065175832966265,13.367248142041742,3758.4579212553217,3749.5873135779693,435.88356396725777,[-0.73976275  0.65668038  0.14670365],[-0.03626021 -0.25661671  0.96583283],[-0.67189008 -0.70916764 -0.21364685]
34,41.24555041869919,4.12766331637959,152.86917754456158,3.5832279862441485,2.6182548987220153,5.111143593722875,4.783424334979128,924.2804888994091,924.1052081433156,27.95820699693055,[ 0.17507456 -0.98433661 -0.02074465],[-0.94956835 -0.17438267  0.26059667],[-0.26013235 -0.02592538 -0.96522486]
14,102.57371745238886,140.49275676435636,55.215170405141855,2.6949676040556407,3.6188894199715493,4.336235093141006,3.0718598125093437,683.2557290393421,682.9909881451625,20.34163605216127,[ 0.4125391  -0.57795527  0.7041159 ],[-0.71710757  0.27061687  0.64227972],[-0.56175459 -0.76989234 -0.30281606]
279,54.838129621887006,42.48242136060803,102.66931793934316,8.890708920169166,7.458771737099297,10.371463568416143,9.400668869134538,2083.749228855613,2077.972032577883,205.3020608783805,[-0.01359644 -0.92099706  0.38933218],[-0.89787167  0.18260172  0.40060339],[-0.44004727 -0.34412355 -0.8294199 ]
13,71.6801294978988,10.809025470940863,182.98632627262504,0.8762602732280724,3.7611504014881567,2.7021582583551895,2.5396739580667633,709.8405782606227,709.7243131217301,14.35352686325104,[-0.92226832  0.16033771  0.35172854],[-0.12973524 -0.98553034  0.10908121],[-0.36412898 -0.05497055 -0.92972486]
48,93.59466705530781,7.480896862061587,151.8297101416765,4.97035434668245,3.125648031763794,3.9218326335545974,2.8421158875715142,1237.6079810463418,1237.1134000822244,44.820558891208606,[ 0.21948243 -0.97170064 -0.08732318],[-0.8227806  -0.2324543   0.51864929],[-0.52427049 -0.04198659 -0.85051606]
471,107.21609076979398,108.3763618882512,187.0457098697454,15.621092369432231,13.598602040231725,6.702385961937435,11.874647953768891,5253.427143071363,5247.979637748842,395.29632544156493,[ 0.43852935 -0.86323979  0.25001813],[-0.78056474 -0.22795954  0.58202503],[-0.44543314 -0.4503904  -0.77378149]
2547,96.03519152747687,124.04488367812914,142.73817226298803,16.805239774505235,30.606099369498676,19.93340778009773,23.681188713210005,10855.761828430994,10812.412562379124,1620.9437853810405,[-0.88877176  0.22431762  0.39970784],[ 0.08575381 -0.77528051  0.62576866],[-0.45025663 -0.59044198 -0.66981134]
42,30.960283560456837,85.24930497816153,126.31399389119746,2.1520937677351863,3.3762786679029855,4.358484393367797,4.346331518562433,1008.4262213542604,1008.2474425901225,26.027311977147598,[-0.93113056 -0.15271111  0.33117247],[ 0.30557888 -0.82234477  0.4799694 ],[-0.19904129 -0.54811349 -0.81237563]
379,121.65939146178107,37.054757057010555,165.16140634989725,16.161564551329565,9.397794991642455,7.368906474543036,12.8460574575517,4074.729229046187,4067.8916378864883,303.009618164045,[ 0.39236698 -0.91602725 -0.08332002],[ 0.70930094  0.35899759 -0.60664067],[0.58561107 0.1789268  0.79059779]
325,150.05541304278594,164.38602158223117,185.84996447323513,10.051579259645452,14.043974655975672,8.46909788895452,11.422181028929186,5236.502669120344,5233.915577284633,278.2144392917547,[-0.26194801 -0.60760374  0.7498006 ],[-0.8149431   0.55543856  0.16539573],[-0.51696322 -0.56771975 -0.6406585 ]
75,9.827944524271645,175.92961195997052,5.8635752852923995,5.581769073649118,4.474771896631377,3.282118513503512,4.673663867152354,1528.1495964903065,1527.5368918599438,54.88547562225938,[-0.34666979 -0.01181333  0.93791284],[-0.93630135  0.06428218 -0.3452645 ],[-0.05621236 -0.99786184 -0.03334552]
14,94.12188521798839,87.80480972770442,9.277751319968791,3.493395437009716,2.7263120231928264,2.5160351549716324,3.491473779301896,483.20879823669225,483.0886067673636,13.894874937798535,[-0.48137394  0.43575395  0.76052457],[-0.48601672  0.58937125 -0.64531332],[-0.72942915 -0.68026467 -0.07192425]
207,168.02475723472662,127.58206501737293,84.10099983657791,8.314677914493394,4.54420887804762,6.9748760803399374,8.112895777383674,3271.1056861931693,3270.6719844316995,122.59851627973826,[-0.57937705  0.81180088 -0.07281188],[-0.34153521 -0.16069421  0.92602974],[-0.7400513  -0.5613882  -0.37036112]
15,191.43141377389964,36.943970697217345,27.359968605188037,2.184799954791474,2.733006934323607,2.765552222584497,2.103188151871332,762.651635170785,762.5681998866193,15.208010095997288,[-0.23086226  0.68355375  0.69242826],[ 0.03493497 -0.70537031  0.70797759],[-0.97235907 -0.18763526 -0.13896346]
189,50.389019552370016,22.348102719234515,120.20394911347096,8.649451765325814,9.739737314575219,11.64424690032774,13.596012175498753,1831.140916095776,1830.2637758189107,150.7143723769699,[-0.89262302 -0.18677218  0.41029294],[ 0.24056103 -0.96706733  0.08313339],[-0.3812539  -0.17290727 -0.90815667]
149,127.23335476198486,49.163466960947474,28.59885709808275,6.148983110696012,8.858012270340422,5.378693571545244,7.48297311229591,1706.3362331609699,1704.888827961318,114.78465554372606,[-0.2234677   0.0110724   0.97464844],[-0.34283798  0.93514715 -0.08922965],[-0.9124277  -0.35408645 -0.20517914]
181,85.91748214218633,181.64182113402157,99.84268898422262,4.85403527274205,6.352201465143483,13.190770458893976,6.843373384856297,3025.119988931865,3020.669341028867,186.82296848778566,[-0.85185333  0.49566134 -0.16930962],[-0.35795898 -0.31493593  0.8790226 ],[-0.38237584 -0.80940422 -0.44570565]
2,74.90602503891895,160.9894031802529,192.65258168092873,0.25012632949157165,0.22244075242325323,0.3042526178060285,0.2888926956445914,370.5232040359054,370.5228770564007,0.49224676796752437,[ 0.06719344 -0.77831403  0.62426943],[ 0.9559006  -0.12907036 -0.26380841],[0.28590046 0.61446572 0.73531817]
32,6.175688830118409,111.22219685818402,106.24979553164505,4.27367710482934,3.489515241632311,4.999178142485463,3.2133036327150775,871.5785356950144,871.260466620512,38.02646460204075,[-0.86361013 -0.32247329  0.38754163],[ 0.50256314 -0.61177311  0.61087147],[-0.04009782 -0.72231893 -0.69039665]
162,54.80978377223733,81.3579630387926,177.34707311007972,9.51749826958434,9.322941036190423,8.874838392485971,8.929330822705168,2586.2908686388105,2583.350795703726,169.69669054036774,[-0.35020129 -0.80563781  0.47781458],[-0.89718542  0.43506698  0.07599375],[-0.26910479 -0.40207516 -0.87516751]
22,171.32744010575541,10.498426182028522,17.07753075557455,3.8585648914107322,3.289452569525278,3.782672107871667,3.6086801390299508,809.5032516411346,809.3721504055512,24.491142995530698,[-0.0035497  -0.83604236  0.54865342],[-0.11586124  0.5453057   0.83019147],[-0.99325907 -0.06062073 -0.09880058]
6,104.45017509459562,179.20932346893258,197.41093801595048,2.775804297001127,1.5966195083159584,0.6596724252508697,1.734509234067967,701.4538345388667,701.432485718977,6.785950734821403,[-0.04768106 -0.72687882  0.68510853],[ 0.92986688 -0.28279354 -0.23531979],[0.36479323 0.62583943 0.68938444]
2,32.340964638662406,132.1875351747969,176.47150482766298,0.7013802360074521,0.9379757228682308,0.08511240295334233,0.5907620690908431,315.16044625650767,315.1571781818912,1.4352438917418933,[ 0.78163198 -0.55944539  0.27581209],[-0.60662019 -0.5789308   0.54484041],[0.14513234 0.59317787 0.79188169]
159,15.546085247390115,118.40061672561862,109.57859541443992,4.790751099232606,7.387637850331148,14.923511985571695,8.669023316569303,2054.487859538774,2047.5195511033314,188.14238803220587,[-0.99419591  0.10340059  0.02971197],[-0.04849345 -0.67722767  0.73417373],[-0.09603577 -0.72847169 -0.67831124]
10,18.086244233723914,142.38151106343244,7.891556434225313,3.2786990049472973,1.6676913661536674,2.5371534101575053,1.9299863463137505,454.71541151216866,454.65189882537226,12.750738502058436,[-0.40751076  0.00110907  0.91319973],[-0.90446901  0.13746333 -0.40378167],[-0.1259793  -0.99050623 -0.05501467]
57,19.392384226408304,46.404872088315585,185.40360102000048,7.630329860583171,6.063166846988661,4.528742974007864,4.2240895998621575,1451.9368313174161,1451.3816856205,74.76429285549878,[-0.33491298 -0.90523415  0.26150416],[-0.93684498  0.3495923   0.01033005],[-0.10077096 -0.24152919 -0.96514707]
2,17.173162573212675,18.21906826320856,2.005407379205415,1.3129139027359464,0.038946238787485044,0.48711661094956726,0.9074905681851586,35.57628879521285,35.5443422841014,1.5073340807628717,[-0.33420612  0.21398676  0.91788667],[-0.64766407  0.65537596 -0.3886047 ],[-0.68471711 -0.72435628 -0.08043912]
200,189.51820947731343,33.38735763012577,63.09270404507829,5.153359435152621,7.453781927346081,6.826898251177897,4.4798852042597055,2866.682543314699,2866.504284829471,147.6348837117745,[ 0.15187643  0.60856694 -0.77883235],[-0.31798991  0.77616478  0.54447283],[0.9358504  0.16496824 0.31139928]
3,198.1983994116366,15.770180924733603,163.9222779232741,0.4809334306116993,0.6510520907639653,2.1185104691620764,1.6808603657657366,446.3412515067075,446.334285042575,2.637560440212358,[-0.33090979  0.88970998  0.31450733],[-0.54675512 -0.45240779  0.70454669],[0.76912778 0.06118291 0.63615965]
79,3.389095082789572,94.41381943896823,79.33966468891718,2.421655459351887,6.640931494781769,10.12991743032959,9.748068642789953,1101.820288644619,1100.1686624073736,67.27860661376134,[-0.99847732 -0.00981694  0.05428325],[ 0.04779511 -0.64529603  0.76243601],[-0.02754397 -0.76386953 -0.64478265]
643,182.13850265971033,95.44376021621974,67.91614753679015,8.594078508531956,10.388360639174277,10.95582823316396,10.988015123333184,5504.8014286103835,5502.556645712167,340.7581694517225,[ 0.34810441 -0.884328    0.31110658],[-0.41504771  0.15218002  0.89698196],[-0.84057047 -0.44136745 -0.31406378]
97,142.0055245218217,188.08867758318075,48.23199134274136,4.49537996848364,3.9685420085260654,6.997053162207488,4.394742648905646,2370.828075475551,2369.794217813266,79.72993529785718,[-0.68063828  0.61568951 -0.39706167],[-0.43391255  0.09790447  0.89561968],[-0.59029775 -0.78188308 -0.20051787]
8,103.36720025227777,165.68358600867376,80.23564705161931,1.634207904573379,2.8373843944696957,2.935883453981857,2.5638263016307925,597.2593430798331,597.215348605207,10.097640675524888,[-0.85745541  0.51246964  0.0463151 ],[-0.15840195 -0.34852658  0.92381711],[-0.48957027 -0.78479557 -0.38002219]
179,22.878028215828863,16.018728966215022,101.4735560694908,6.873008397400145,8.626107930590912,8.41722396594095,8.310245318506608,1416.8932439335265,1415.989767093926,147.73629867285828,[-0.89468461 -0.36445517  0.25828641],[ 0.39134293 -0.91829882  0.05981632],[-0.21538373 -0.1545953  -0.96421478]
227,54.259257295819694,163.07938741011944,96.63344779668657,5.794930461561201,10.696149613547348,7.363783933192596,10.676029259893355,2977.4616602288816,2976.0467751114866,140.78480184647168,[-0.90562581  0.05198287  0.42087964],[ 0.32275418 -0.55928724  0.76356239],[-0.27508478 -0.82734247 -0.48972727]
119,113.35077106502085,59.86285832110935,184.1389020658427,6.007329315423373,7.493119936199783,8.50123823695872,10.27211152935616,2451.21103292917,2450.3608749105742,84.57492413142855,[-0.84952161  0.32135339  0.41838384],[-0.15195446 -0.90850523  0.38926609],[-0.50519588 -0.26711466 -0.82062591]
3,87.78907039118708,174.81020193962942,135.61158250047666,0.2828808049323796,1.934977687195125,0.6720835894900722,1.350449692445524,412.28661183972815,412.27930856151585,2.711072241803286,[ 0.80945007  0.04752988 -0.5852619 ],[ 0.45691826 -0.67700773  0.57696294],[0.36880385 0.73443955 0.56972122]
60,28.89286576532772,18.142423225855744,190.68100607207404,3.0275393298073996,6.595322729547412,3.6587634678066596,3.4831355128794725,1501.598549801889,1500.8992143366156,56.67801621411545,[-0.98715294 -0.04364889  0.15370049],[ 0.05735301 -0.99465283  0.08588586],[-0.14912981 -0.09359766 -0.98437786]
32,143.64540444641227,156.31208809406326,71.63471645555317,4.830925046229854,3.0943240978526636,2.33930486191096,3.8731596977136653,1267.8386657801593,1267.685321275213,27.421205494866825,[-0.34950568 -0.10535862  0.93099159],[-0.68310926  0.70873168 -0.17624174],[-0.64125465 -0.69756646 -0.31967719]
135,136.78755663350626,15.282901243452276,124.0295560849063,5.193234213250836,6.034102416629271,5.426294455016763,4.438252948426125,2154.555405513912,2154.4393183844268,99.16125704118029,[-0.39346411  0.8588861   0.32787292],[-0.54785355 -0.50545184  0.66661452],[0.73826992 0.08266255 0.66942096]
5,149.32207442904308,96.47475423945622,142.45794274960588,0.7894391674916659,0.6288320822198193,1.5569971060800896,1.129590530738053,509.4191851144981,509.41431910018713,3.290876902299782,[ 0.71620057 -0.6112762  -0.33674644],[-0.23965828 -0.66859458  0.70394971],[0.65545454 0.42346511 0.62534522]
359,93.41215228438881,86.66393831733033,82.36292814956926,13.573253809650167,14.98514014921665,7.169594884933576,9.338661555818177,2899.6395549729064,2884.1438666033464,364.2361245913071,[-0.29178107 -0.47324642  0.83120493],[-0.73262373  0.66926703  0.12387136],[-0.61491973 -0.57281714 -0.54199101]
25,133.93802189335273,12.918524598689693,82.0090965335908,3.3543842480400943,2.2971689144475196,3.220151386510524,3.2329996800947964,788.2579252442786,788.1443745157168,20.285362457143098,[-0.07004727 -0.96144946  0.26591036],[-0.52214699  0.26246974  0.81146298],[-0.84997406 -0.08200352 -0.52040323]
58,25.297099643431967,4.414231043058281,124.14204092065498,3.2848352470978344,3.4042712988747943,6.324822214704239,6.080721547380471,967.0425758865105,966.8506578786463,38.25104474921181,[-0.54655176 -0.8255633   0.14045074],[-0.81345361  0.56322803  0.1451462 ],[-0.19893317 -0.03492025 -0.97939071]
38,65.32316326897967,60.366260145905414,138.70897525793626,5.43735436567049,5.267650445039703,2.5561174029166605,2.7171748289804625,1016.8320052672294,1015.9972380621739,46.47126412510865,[-0.63628505 -0.55132992  0.53960787],[-0.66169629  0.74963507 -0.01432746],[-0.39660983 -0.36617287 -0.84179456]
26,83.2844179770873,142.1573543570244,110.98861806584006,2.2896297821487344,3.0297024007305344,2.268324653480332,2.6022802128850264,1013.1216620237104,1013.1002347883467,18.190616253526464,[-0.28646759  0.68817519 -0.66659675],[-0.86151955  0.11938838  0.49348808],[0.41919016 0.71565447 0.55867548]
53,14.168259421737693,49.720302505528466,116.96464408040714,4.4288552444728255,4.371248783906109,6.330141616885753,4.9404737599295245,933.0827040234739,931.8199845884178,53.84541187454316,[ 0.78262001 -0.6013756   0.16078966],[-0.61268227 -0.69844588  0.36985644],[0.11011976 0.38797002 0.91506989]
50,79.19847984960992,88.56519732941672,63.0669626982757,4.087073764689713,3.188466244173025,2.443022468377887,3.9583130029365425,951.8136319237271,951.7596757887086,29.184441865320995,[-0.35687707  0.73219092 -0.58011655],[-0.72504161  0.17447046  0.66623924],[0.58902753 0.65837414 0.46860438]
10,123.83286776697155,157.35935270172422,112.27576870634701,1.786736658977867,3.0386046048081843,1.762026277565223,3.0606531559183248,726.0588745208078,726.041081445753,7.831324623284437,[ 0.46638403  0.24037867 -0.8512955 ],[-0.70111318  0.68725724 -0.19004683],[0.53937579 0.68548931 0.48905845]
106,11.666416868260315,39.79771543351491,67.89830685337638,4.343684169519507,6.770134074179703,7.234678161814883,7.131488011284504,825.5712810434372,823.5391840458466,83.77819512732069,[-0.98683051  0.13297627  0.0921024 ],[-0.06748333 -0.85591014  0.51270248],[-0.14700864 -0.49973508 -0.85361192]
9,99.82922867426139,175.41852969499894,111.61268240258363,1.7999695588506095,1.3385911205928065,3.5802230716741175,1.6875054460907144,692.0166724935125,691.9596368718508,11.608390979390586,[-0.89445182  0.42919509  0.1254891 ],[-0.11228658 -0.48721971  0.86603041],[-0.43283676 -0.76053174 -0.48398741]
62,111.54097015321288,51.34892700439959,5.052969762552023,4.721280776888026,4.159858125585164,3.3859688353990713,5.088321407308223,969.099221016101,968.7449770859772,39.5188890786396,[-0.31006372  0.60183522  0.73597204],[ 0.28319933 -0.68051331  0.67579566],[-0.9075564  -0.41796651 -0.04056316]
29,190.14386544085494,64.8005935898871,136.06953342859433,2.801566510715476,4.872316861885835,2.0915950439278848,2.4895130835658983,1306.9566256449234,1306.703127866375,29.380022520920132,[-0.54675694 -0.13186974  0.82684172],[ 0.29476554 -0.95461651  0.04266848],[-0.78369007 -0.26705373 -0.56081385]
70,128.52545634218714,6.252234155323518,146.56739056518805,4.779608825135945,4.185910858840994,5.130881635217005,4.591673964261469,1633.0610906501856,1632.4256992640123,56.73113508854366,[ 0.43897411 -0.8277062  -0.34957715],[-0.61081957 -0.56024446  0.55948691],[-0.65893944 -0.0320717  -0.75151196]
5,134.19052955846115,165.48686201513826,65.25466182945297,1.045500537525547,1.2185548475469232,1.798011883894872,1.1534077417713615,498.27848813655936,498.2629351363294,4.733899308685727,[ 0.57932246 -0.6589404   0.47977395],[-0.54929838  0.11926213  0.82707184],[0.60220991 0.74268034 0.29286367]
32,136.35929890471283,18.449321611718318,35.2400952465709,4.304235008626629,3.7418733034479965,5.1992137497876705,3.4152996529572306,804.5263167137259,803.9292869576053,38.95318914338226,[-0.00433183 -0.87898473  0.47683024],[-0.27962365  0.45887798  0.84335142],[-0.96009992 -0.12967976 -0.2477727 ]
72,133.5842590109745,166.66056720926258,87.79290315160127,4.0295863761356285,4.606737522998867,5.896076521630011,3.9116765826902777,1960.5123525653607,1960.087138253504,63.99407002433353,[-0.81124156  0.55771378  0.17562022],[-0.08526696 -0.40998213  0.90809922],[-0.57846061 -0.72171323 -0.3801491 ]
121,42.726609774498314,56.49939657837902,79.8436476360534,7.3556661994783665,5.924609964310325,4.112901774529297,5.957838452767757,1178.2735476480138,1177.224393782769,92.42364538854521,[-0.00514336 -0.81438099  0.58030781],[-0.91588144  0.23678736  0.3241804 ],[-0.40141591 -0.52982578 -0.74709431]
28,54.41425124529288,56.40745064466249,24.063796729239108,2.8805500246352116,5.749165694826793,3.633908975587648,4.040480485544676,435.29561773112863,434.6448551599914,32.80610257733942,[-0.4081372   0.00283676  0.9129162 ],[ 0.62824701 -0.7246707   0.28312203],[0.66236676 0.6890895  0.29398288]
79,28.950702972461997,98.98401540413673,152.75366176002092,5.821670887347083,11.11871006811135,4.805830088773425,8.657067164849149,1642.1245970621671,1640.3581173270916,91.62548410458874,[-0.75850147 -0.47177195  0.44956283],[ 0.63276763 -0.6981363   0.33497887],[-0.1558225  -0.53855077 -0.82805943]
4,164.83982854900057,47.17440536543904,101.55230160801884,1.3299070134837752,1.0684940737348723,2.7407666987990074,2.10811259799568,398.599706333878,398.5743623247321,4.882351791902427,[ 0.42098583 -0.86178955 -0.28300125],[-0.37224637 -0.44865517  0.81249073],[0.82716599 0.2367009  0.5096755 ]
15,136.3459312834108,79.63079318566042,93.17398959699612,2.5306715709242202,2.0249602881019584,1.2348970868261555,1.8932866585745731,710.1612280400428,710.1303356985254,11.264309434296536,[ 0.40500469  0.31202559 -0.85942495],[-0.5318169   0.84499468  0.05616736],[0.74373516 0.43430867 0.50816729]
115,178.62551614999091,118.99410913743536,121.96015592448342,3.843530451012281,7.186335767157635,8.384072708440357,6.2946981598220235,2649.7307445566207,2648.701138852332,105.694844217113,[-0.69004699  0.52913012  0.49381826],[-0.02353106 -0.69833225  0.71538685],[-0.72338195 -0.48203048 -0.49433306]
21,4.1356485517818715,158.2944704742494,58.66545477332748,1.7554896583913848,3.35247893708113,2.7693469937411335,2.9524517644878103,774.106214832965,773.9968714259131,16.700193435293414,[-0.97319522 -0.05707499  0.22278581],[ 0.2286693  -0.34344263  0.91091026],[-0.02452395 -0.93743779 -0.34728802]
4,48.05293647705356,70.84649478082571,195.35714874587183,0.7179554841049406,0.8626111984143816,0.6237311284155947,0.7878748957356201,426.5879850458955,426.5836181183682,2.026154055315846,[ 0.63071411  0.66680059 -0.39695929],[-0.74259284  0.66711458 -0.05927908],[0.22529    0.33216728 0.91591993]
327,15.863027722468312,187.9253355002792,106.20812252408528,6.974552085259852,6.2897028034447064,10.649850097603984,7.536074001331745,3920.501639831061,3918.235282795792,217.665906732288,[-0.98426369 -0.01617234  0.17596435],[ 0.16066452 -0.49647309  0.85305415],[-0.07356569 -0.86790145 -0.49125875]
198,17.802456820888708,27.576235374840017,139.77527847452694,6.781186234450689,8.823275996087565,5.296665652444474,4.432320431509662,2025.4943205017994,2023.5555963572046,161.5164099015635,[-0.98413655  0.14925081  0.09591378],[-0.12695011 -0.97008069  0.20694715],[-0.12393114 -0.19148799 -0.97363927]
24,142.74833447643414,58.24058797303422,74.33019059625803,4.320382269068313,3.3334218078388482,3.4574113947192533,5.144097152907898,839.0128770577328,838.9312252799135,19.192167427256177,[ 0.13558834 -0.88929367  0.4367752 ],[-0.53488824  0.305377    0.78780674],[-0.83397264 -0.34044333 -0.43426717]
54,9.405945165207656,31.161835701578216,91.33539552753297,6.945177411244426,5.689308711193043,2.6160278289477175,3.401896515460928,715.0154092331577,713.7786800787386,64.02648076747363,[ 0.42176445 -0.87021034  0.2546541 ],[ 0.90149296  0.37238921 -0.22053736],[0.09708345 0.32258369 0.94154902]
31,184.95039475842174,96.17518039536333,116.69355640662152,3.5960970866603246,5.957139839766191,4.439889694961414,3.8849751294205843,1330.8463389646122,1330.4154003139784,40.4532915584684,[-0.61475264  0.66226582  0.42834937],[-0.15080517 -0.63177146  0.76034375],[-0.77416858 -0.40282603 -0.48825628]
102,23.013599597143234,148.88176321860976,100.37264787089563,6.9542049976547915,3.617582002294644,6.142910829625796,5.126199771230079,1830.6329075134222,1829.3894516020728,86.28898501379479,[ 0.37979103 -0.5569359   0.73863467],[-0.91635328 -0.11712868  0.38285447],[-0.12671009 -0.822255   -0.55483446]
3,128.2100006997139,190.82529685640625,89.0628795957336,0.407546335920532,2.5393786243057743,1.3644510656355533,1.3083784082864245,427.0576825952098,427.03400138456664,4.508138737995645,[ 0.75859541 -0.22413835 -0.61179653],[ 0.39258967 -0.59214663  0.70372986],[0.52000611 0.77403125 0.36120532]
49,94.62376200994171,49.7251693355521,189.37157401771864,4.446734161784456,5.615632117967425,4.271161468290521,2.8772412094362236,1523.05441057766,1522.6037065924743,54.84315777743503,[-0.81857773  0.50318589  0.27700985],[-0.37492749 -0.83342899  0.40598707],[-0.435155   -0.22847337 -0.87088463]
50,34.24053323483864,191.8151974653469,66.214299800812,3.2678867574315817,3.7279794144074305,5.625741493968466,4.979742220853233,1455.973386404973,1455.7363869495903,39.71671264394212,[-0.93516456  0.25273368 -0.24817924],[-0.31270236 -0.25993049  0.91359366],[-0.16638654 -0.93196665 -0.3221082 ]
28,11.038526873080698,5.639181144280563,15.39832794997811,3.3926429152691497,4.429619187169809,5.5045152019214845,4.695027207239606,110.78125618995313,109.67650706766771,31.95577122731105,[-0.05011635 -0.92079294  0.38681871],[-0.84596661  0.2450066   0.47361615],[-0.53087554 -0.3034998  -0.79123892]
3,186.57067876941073,79.08590776385962,41.993295157376984,0.2563871972142206,2.3572961184835153,1.2293803933904557,1.3553697823582487,358.46982202730777,358.44956611785165,3.9892239566722365,[-0.01491215 -0.44124898  0.89726081],[ 0.4324966  -0.81191797 -0.3920917 ],[0.90151224 0.38221532 0.20294613]
31,43.45525804304657,122.98099602728,136.73907046048146,3.430776566630356,2.1415939327925764,3.26462368171363,3.3835602024355587,1052.4906890210466,1052.3762387352563,21.87477370603412,[-0.59548899 -0.49397169  0.63354939],[-0.76969537  0.57672021 -0.27379343],[-0.23013454 -0.650681   -0.72363826]
17,6.300058810766485,163.83695607161826,97.03963018408696,1.8187040801373593,1.1815834533025227,2.1637311134119255,1.1923769498494277,785.6233380766747,785.5846844317189,11.634448922513693,[-0.84317072 -0.24960614  0.47619315],[ 0.53662591 -0.4452377   0.71679567],[-0.03310254 -0.8599187  -0.50935651]
2,136.63919805874025,170.84798008222646,183.5785308037369,0.520164457244249,0.2318475296292064,0.1709075085278755,0.22003393875093025,403.88298614843166,403.88223068530135,0.781176573644816,[ 0.45490125  0.45729064 -0.76416629],[-0.75109939  0.65803035 -0.05334563],[0.47845016 0.59823183 0.64280956]
14,165.84810966196173,102.81983545647748,24.903985220237562,2.38140512515973,2.4802981412662954,2.9143433233171003,2.483173418507771,736.2024170116521,736.1475286656668,14.067909763766542,[ 0.4634114  -0.58644186 -0.6643311 ],[ 0.27290744 -0.61880045  0.73661899],[0.84307259 0.52265854 0.12671483]
5,116.72518894165701,32.60343034328761,137.15896593910855,1.4834006108725741,0.9993503423530683,1.5941427206605587,2.07628413451363,409.3032338824244,409.2974762178348,2.682685415038706,[ 0.70755712  0.24900104 -0.66133305],[ 0.30438624 -0.95198471 -0.03277401],[0.63773971 0.17811119 0.74937605]
15,40.91080088197707,48.57778227127698,52.85198383707862,2.2798128555498836,2.8507723356265204,2.4739735301075525,2.0500867137485437,320.32286078711604,320.2391118404542,15.110545458649062,[-0.8036884  0.5896727  0.079819 ],[-0.33016967 -0.55349993  0.76460828],[-0.49504844 -0.58815299 -0.63953351]
61,42.07173887472634,16.4864966194241,2.995574570822376,10.093977139345625,9.421625169591932,1.9627959412940608,12.053628652064972,369.8287591396583,366.6268314209816,52.34649345957382,[-0.10644195  0.08909664  0.99031909],[-0.37501733  0.91882524 -0.1229723 ],[-0.92088659 -0.38447623 -0.06438877]
3,105.2807176693462,87.24287689588142,120.81213500555161,1.740965641572708,1.3399850671468438,0.26845904674784016,1.1281735843718754,316.0443352861021,316.037975204032,3.3006350881002526,[-0.06745671 -0.78001792  0.62211063],[ 0.81392649 -0.40364517 -0.41784476],[0.57703835 0.47816589 0.66210582]
39,106.6552913863364,148.07528488296094,40.39438828396529,4.590193373956721,4.397372061766274,3.0086175462138938,5.727514500437993,1167.9940170180964,1167.8151724278125,25.624047085960864,[-0.64200696  0.26645871  0.71890668],[ 0.51189594 -0.54908707  0.66065569],[-0.57077982 -0.79215097 -0.21611859]
59,70.04206262384443,163.39108757561306,119.77665804573343,5.974602344082859,2.8612243370156816,6.200512741359432,3.7733966586354777,1647.8827610046828,1646.8655636307756,63.335251475391324,[ 0.44003593 -0.64595165  0.62379071],[-0.83655871 -0.04238618  0.54623524],[-0.32640146 -0.76220068 -0.55902792]
45,182.92434130191643,195.58721690468334,177.94291874102694,3.9964496342923153,2.507142104306121,3.501798595920064,2.648820154077561,2157.1365619980033,2157.0291432074905,35.15679053477321,[-0.40866797  0.79311457 -0.45161905],[-0.71364554  0.03078075  0.6998304 ],[0.56894686 0.60829419 0.55342357]
82,175.27007938047248,156.37388197312782,5.704633642769987,6.787040109655284,4.39428397426828,3.411404107607692,4.430896129497448,2128.933282488523,2128.1867170459095,68.58204375736663,[ 0.14214377 -0.19487425  0.97047368],[-0.65043513  0.72065567  0.23997821],[-0.74614294 -0.66534159 -0.02431634]
53,99.44443885820613,35.04426354720276,58.79899133011358,8.124360771533151,4.064010275507474,4.298056978081919,6.388360196079853,881.6363935355821,880.4100638472747,56.66002646071167,[-0.11282616 -0.75812871  0.64227029],[-0.55424045  0.58451245  0.59258984],[-0.82467435 -0.28911254 -0.48613389]
44,9.4841244797732,194.72638639809173,138.78738534021127,4.227322608349933,3.1535179880778146,4.955551611789852,4.233896715726096,1588.0493713719616,1587.7560011173855,39.00088289480715,[ 0.65834225 -0.45786525  0.59744865],[-0.75168411 -0.35830607  0.55370367],[-0.03945219 -0.81361919 -0.58005805]
2,51.25059375627969,116.86484164401948,133.5153577275458,0.27905294066565745,0.2644372886887396,1.2761971515869135,1.1673385649008878,261.197786356472,261.19620224786337,0.9096861076045444,[ 0.95819022 -0.23692956 -0.16042411],[-0.06977601 -0.73722223  0.67203771],[0.27749382 0.63274621 0.72293113]
16,179.79074923256303,86.08219209048293,168.30449976779977,3.9998506809536964,4.501157747849997,2.3143341871353744,3.044703029405052,1043.7893616423562,1043.6839796880556,22.794586615216033,[-0.70081539  0.52963559  0.47785346],[-0.18392937 -0.7813926   0.59631836],[-0.68922259 -0.3300178  -0.6450275 ]
236,112.16429944601344,149.65441645763687,82.57856709602346,7.527180724377934,7.676733623746692,10.392986376154571,7.4808447280602435,3148.16421770982,3143.6729941138688,199.67200186591575,[ 0.48890587 -0.67258436  0.55551898],[ 0.67877676 -0.10668742 -0.72655345],[0.54793537 0.73228961 0.40437452]
96,144.6419934540245,35.948187681767045,97.46164824281789,5.229638839936297,6.983484424222937,12.432158748395857,8.80615019728316,1750.7972519512336,1747.3556641418186,120.49298601198032,[-0.09560827 -0.87967905  0.46585816],[-0.57739108  0.43023533  0.69391433],[-0.81085054 -0.2026384  -0.54905289]
3,191.74993831893119,171.71068842352614,198.45392149113854,0.2711504388713784,0.7977580130686884,0.8435793796631406,0.23073850621216735,562.9510108727767,562.9475398454545,2.0263403398258535,[ 0.80589946 -0.43178564 -0.4050768 ],[-0.04963952 -0.7310601   0.680505  ],[0.58996778 0.52831079 0.61059457]
5,181.88115030073385,89.03516748419884,147.58642846961607,1.0273589828214036,0.46815487969416936,1.6377438458271754,1.1618502698311128,560.3282005099452,560.3182332862016,3.609859390309544,[-0.4007245   0.91437522 -0.05777402],[-0.5590863  -0.19408833  0.8060721 ],[0.72583908 0.3553135  0.58899061]
38,86.05294467118861,82.47431468820416,28.005609715352367,3.9335395479771122,4.112963847672389,4.572349549382737,4.562146191399087,755.8704437636194,755.535370924639,35.01113346316169,[ 0.35098656 -0.60853175  0.71168641],[-0.61901005  0.41949043  0.66396863],[-0.70259163 -0.67358511 -0.22945177]
3,111.34393520139103,94.67566092330173,163.7738503633958,0.9434709039093332,1.4362413667790648,1.121863455861753,0.44176625586162394,380.21192058367166,380.1961215386546,3.4690171328609725,[ 0.76864342 -0.61793698 -0.16535171],[-0.38972033 -0.65735623  0.64498128],[0.50725276 0.4313197  0.74609514]
2,198.71222095131927,175.90686539508175,8.815988442346821,0.47363976931254115,0.28634135114258186,0.5482444706717553,0.14655504168561606,375.5212393427168,375.5196803883436,1.0820529221350872,[-0.46226015  0.55677836 -0.69015463],[-0.47569012  0.50113328  0.72289996],[0.74835451 0.66246758 0.03320002]
138,185.50980775866392,138.74596761831387,186.886339359226,6.59652033007667,7.8238317190116895,7.249844911088531,7.384888294073991,3499.0839062274026,3498.1064272153953,118.93333837350684,[-0.01779136 -0.79411542  0.60750652],[-0.78198367  0.38967539  0.48647162],[-0.62304495 -0.46640518 -0.62791815]
7,8.116387481279395,157.29145626864033,182.79125808203216,1.1778492159449698,3.3088504554540052,1.27787825116143,1.8443393432112678,638.4526072096437,638.4102097923519,8.59903309454349,[-0.99697623  0.07500738 -0.02030507],[-0.07005749 -0.75454865  0.65249389],[-0.03362069 -0.65194342 -0.75752189]
131,134.5333142511468,171.24590052327798,139.73962864340047,5.075152178510531,6.730449702089861,8.275129829470071,5.496357413497596,2964.040370930851,2962.7793422862856,119.42894892690494,[-0.85138626  0.34994873  0.39073947],[ 0.06952689 -0.66305824  0.745332  ],[-0.51991101 -0.66173232 -0.54018782]
43,181.2753968103125,21.66483104900845,189.5209209197169,3.766411735738226,3.917872077850871,5.454674067105316,5.595421145397257,1726.2053995899869,1726.1103348612926,34.81207203667524,[ 0.52341658  0.6309315  -0.57267837],[ 0.50161115 -0.77145434 -0.3914645 ],[0.6887825  0.08236285 0.72027428]
16,119.87110350845748,3.359410122234706,50.608193436549385,3.688026193296862,1.7192320052801817,3.7365454295077756,4.478324440553708,521.0699000607636,520.9858733032993,12.895424504985092,[ 0.13842576 -0.95447421 -0.26422963],[-0.36462559 -0.29717472  0.88245984],[-0.92080752 -0.02581029 -0.38916235]
2,95.1818337885596,19.600577283040757,105.33151800244137,0.08337933050278679,0.6926157581522379,0.81206656635581,0.44673584794861654,202.68023543843378,202.67556532149518,1.3758848030474284,[ 0.63739372 -0.61734923 -0.46109562],[-0.39068872 -0.77471216  0.49717542],[0.66414725 0.13675163 0.73498805]
17,61.87180072367196,189.21258033151454,113.62065772400972,4.381618918874383,3.188172688551557,1.3951146194137805,3.972991059639163,945.341809034127,945.2312087887179,16.22546088143304,[ 0.20823997 -0.55265398  0.80697565],[-0.94003482  0.11478284  0.32118443],[-0.27013081 -0.82546864 -0.49561161]
13,185.89336471940138,41.446244759195785,153.49914187739031,2.093810176758003,3.4188543608713573,3.60910979593885,2.684881365146858,882.1445444120513,882.0617549562725,16.84516249376186,[-0.35005182 -0.70679832  0.6147356 ],[-0.54775717  0.68681188  0.47775675],[-0.75988538 -0.16948621 -0.6275736 ]
23,55.14991697906539,20.29823289607391,172.4115818603844,3.3613854457477657,2.5419363127794146,2.035944939886777,2.2351956567712663,873.8015709589943,873.6914832444052,19.717343037969204,[ 0.54115915 -0.83760748 -0.07456865],[-0.78448903 -0.53479162  0.31396637],[-0.30285927 -0.11140748 -0.94650126]
46,179.7775895395685,108.63577249045038,10.813600300081912,3.699538315249435,3.9693519159079074,3.1222208491435226,4.3008649082301575,1427.0400509094763,1426.9413767495557,30.9197944173367,[ 0.33308744 -0.46962926 -0.81761917],[-0.39816004  0.71597586 -0.57345196],[0.85470541 0.51655293 0.05149496]
12,177.58361136089175,132.95799682192705,142.7546407089658,2.492155977445546,2.0035771821331907,2.530561645905364,2.6102735779934574,913.944883329554,913.8982472215515,10.842830315519468,[ 0.69425912 -0.17874554 -0.69717595],[ 0.25461015 -0.8450361   0.4701996 ],[0.67318493 0.50394843 0.54116358]
31,146.01033672068723,83.82528744887495,68.8495626673813,3.432389375089787,4.373303654911966,4.606671886649138,3.742319714199287,1013.4269389341068,1013.087985058481,34.3515934156922,[-0.53988233  0.29135546  0.78970822],[ 0.2534185  -0.83839597  0.48256737],[-0.80268682 -0.46065627 -0.3788003 ]
55,106.92459369839564,13.607310433190083,45.675473794937965,8.67311665713239,5.021168394845895,4.554941553264051,8.449509820730302,871.5477313880567,870.8913382688032,52.47220080780258,[-0.29943859  0.84151921  0.44964647],[-0.27425579 -0.52729613  0.80420305],[-0.91384917 -0.11749128 -0.38868432]
45,66.4158813575569,53.10845483911665,58.70438928630902,2.794028573122697,3.282493347117665,3.606300023466586,3.277351460365329,693.9087370658181,693.8240719122354,30.693052828355587,[-0.49797423 -0.28372423  0.8194646 ],[-0.58239325  0.80956734 -0.07361265],[-0.64252608 -0.51390785 -0.56838275]
237,52.01279585543546,97.57638739587847,123.95614058074398,6.193835027677218,11.982452979228219,6.316437615701845,9.581534260845498,2566.349383116255,2562.4667163265103,176.60455730031742,[ 0.84440539  0.18704057 -0.5019914 ],[ 0.43498724 -0.78633199  0.43871188],[0.31267497 0.58881053 0.74534323]
8,182.5940273184396,115.89800519078929,44.30510537188133,4.022470010487539,1.246077823522175,2.9481095422059016,2.715258612912267,624.5706025469126,624.4651432021822,12.31003906686325,[ 0.3318096  -0.74431295  0.57956935],[-0.45348135  0.41287946  0.78986405],[-0.82719832 -0.52490836 -0.20053467]
2,195.91577964874904,165.38947024095415,125.20992872092737,0.007023155215946986,1.1520656926563788,0.010769081806081715,0.6582308974202249,403.5232911565786,403.52107531005555,1.3372682802756983,[ 0.54124108 -0.00456052 -0.8408551 ],[ 0.48539661 -0.81485601  0.31685929],[0.68662087 0.57964548 0.43881989]
4,4.140964384442547,13.959117807150026,61.80712805048706,0.42335022039365183,1.431166666987717,2.039880175379249,1.7948077116664127,127.09703433660532,127.04958093445534,3.5862953659846117,[-0.99436854 -0.06730914  0.08185778],[ 0.08347053 -0.97334746  0.21360568],[-0.06529844 -0.21923548 -0.97348442]
40,37.29243977571099,39.368122153958794,65.69767744392549,3.9189588354226754,4.057068369742402,3.4984447065162856,4.827726119305904,540.1238210080088,539.909867481801,28.79166205531038,[-0.82243657 -0.13949786  0.55148747],[ 0.36247845 -0.87567484  0.31906575],[-0.43841471 -0.46231367 -0.77075198]
4,166.73431006463784,49.70643548378947,92.0110887674813,0.5729816572191482,0.2889386536015128,2.2164002435015386,0.8622798969366393,393.6611859610057,393.6393408006904,4.282117418534544,[-0.26019585  0.96429028 -0.04942029],[-0.4633157  -0.0797838   0.88259453],[0.8471344  0.25254463 0.46753024]
63,45.52258523062828,88.12679047477705,90.35298599449838,3.6902167008394793,4.374350309209301,4.386367794714985,4.384315848444403,1066.0572151932258,1065.9757253003738,45.3712150355935,[-0.8774672  -0.03728004  0.47818565],[ 0.33920184 -0.75310147  0.56372004],[-0.33910681 -0.6568473  -0.67346729]
28,164.0079188425189,80.10950193701703,22.049063082662258,3.103269786508332,4.264883420043631,3.5219590235982676,2.315499196284086,973.2563812903495,973.1289218928189,31.19194219231023,[-0.05846197 -0.15173547  0.9866907 ],[-0.44810098  0.88720381  0.10988592],[-0.89206934 -0.43571292 -0.11986049]
160,54.43432277136223,49.24018580721564,184.32466946142748,6.436844778394119,4.979747000209991,11.283691367479328,9.882460787366236,2514.806283469089,2513.718340096304,123.1029234536002,[ 0.09188058 -0.96858382  0.23109163],[-0.95756201 -0.02227335  0.28736543],[-0.27319033 -0.24768786 -0.92952556]
64,93.64040618524642,45.802870165814184,40.2998001510357,5.171373944759995,4.104444750638129,3.0539770745572725,3.860095146745647,895.6515217011319,894.9561397062838,49.18810660766011,[-0.06329082 -0.58274797  0.81018459],[-0.54163016  0.70191015  0.46255693],[-0.8382309  -0.4095448  -0.36005834]
26,165.83187890058713,30.049930279215967,33.348747987252494,2.9855157727144346,3.069329038745558,3.9870377524508895,3.391024268121743,876.4219023832364,876.2816040997974,24.358879781464687,[-0.23438697  0.90840844  0.3462035 ],[-0.11582261 -0.37968174  0.91783817],[-0.96521908 -0.17503112 -0.19420669]
23,127.44567087277473,148.06171295726656,4.9105511194493205,5.244433430405949,4.528689233533185,2.704553931001717,1.9392410664314266,937.7901066119166,937.3301206945002,34.51190232897235,[-0.06586347  0.02359939  0.99754953],[-0.75520209  0.65223208 -0.06529251],[-0.65217467 -0.75765189 -0.02513596]
14,66.07710834006126,132.15973436963012,101.64871093527081,2.971621240954693,2.1504428786626124,1.995652296054047,2.4662780964576876,671.2239550315725,671.121271317039,12.58630889225874,[ 0.49072415 -0.67195039  0.55468232],[-0.7895617  -0.07370892  0.60922847],[-0.36848627 -0.73691904 -0.56671703]
4,79.86608132262603,40.583089613804255,174.31742314102274,1.526040760130849,1.874778274195366,1.2908158156090868,0.9036119696508778,392.01464973205907,391.9883613755277,5.182112393220836,[ 0.60463752  0.66872418 -0.43269093],[-0.68438251  0.71409276  0.14728238],[0.40747275 0.20707365 0.88943041]
