N,MEAN_X,MEAN_Y,MEAN_Z,SIGMA_X,SIGMA_Y,SIGMA_Z,SIGMA_R,LAMBDA_1,LAMBDA_2,LAMBDA_3,EIGEN_1,EIGEN_2,EIGEN_3
115,136.29088310632213,170.43618978726934,142.71722502572953,3.807832798809044,6.841869491404771,6.14433090766149,3.6420994539542235,2797.808179706712,2797.0159069190086,99.47055024979791,[-0.85235973  0.38596805  0.35286195],[ 0.01946141 -0.65086681  0.75894246],[-0.52259367 -0.65375918 -0.54726118]
83,140.582201181126,188.37094916894807,49.07034695688004,4.204968375432348,3.95348303249183,5.843847996493303,4.365231143614345,2188.6336154054734,2188.094170463195,63.5118685079843,[-0.73940669  0.62011514 -0.26217354],[-0.33236322  0.00244622  0.94314829],[-0.58550187 -0.784507   -0.20429471]
2205,91.59914264135843,126.94601463377724,147.8802303772744,13.907096583383813,32.665593873698455,14.211519533229104,24.263043454795376,10255.533708670337,10193.807109867777,1367.4967491036239,[-0.88616721  0.11836656  0.44799222],[ 0.18670624 -0.79365061  0.57901596],[-0.42408543 -0.59674791 -0.68120737]
76,46.09503927068398,87.16825873975066,184.24227538206415,7.365193300517928,5.212067719570455,5.102678517375005,5.297964834663384,1823.5427147459018,1822.8071140748789,77.30522822363386,[ 0.40684209 -0.86090865  0.30547635],[-0.8864084  -0.29121619  0.35982394],[-0.22081588 -0.41716833 -0.88159567]
406,101.53570352436057,106.70025184280844,189.32724402329646,12.216847430756205,13.893473063731907,5.783655705522761,11.726205157879287,4844.902262045032,4843.229413367271,311.47022198064644,[-0.71013252  0.70387253 -0.0165913 ],[-0.56214741 -0.55264379  0.61528459],[-0.42391284 -0.44626035 -0.78813045]
69,61.27829296824662,48.569118061486215,174.74247423847456,4.149343752914806,4.020166515661761,7.408839239285925,7.02903320100521,1591.8036541393274,1591.5958104575807,52.11698134634494,[ 0.10072169 -0.96713933  0.2334452 ],[-0.94215669 -0.01732505  0.33472469],[-0.31968096 -0.25365599 -0.91294179]
144,73.04571890206367,138.5932184258207,75.41560450765297,8.33471940912654,10.031539495290582,5.069142217316718,9.852565942664379,2091.9432976181597,2091.051305110069,119.46857048496427,[-0.32835397 -0.31106973  0.89186282],[-0.84591107  0.51695195 -0.13113021],[-0.42025959 -0.79749376 -0.43288055]
272,99.32474223857598,83.28498909087493,82.29317995886336,10.102977195841603,11.097877509800956,7.524631381968973,10.108434610246523,2543.6542460939145,2541.6332694655907,217.9138302529646,[-0.03116885 -0.68177037  0.73090196],[-0.76205864  0.48938543  0.42399119],[-0.6467574  -0.54377484 -0.53480258]
78,110.76962323259212,50.71665945548617,4.6068806215569005,4.7744428704665,4.731793656970739,3.0952253815772854,5.320019396607422,1078.354574002425,1078.105707458943,45.38339116898994,[-0.13141913  0.19987699  0.97096766],[-0.39678858  0.88697524 -0.23629165],[-0.90845354 -0.41632213 -0.03725661]
10,81.7724482339124,186.87875561193616,165.82848700854726,2.643515137483583,1.7364252881832558,1.7345751030401355,1.9927648919758867,831.3818820643837,831.3625517240486,9.513650116862477,[-0.39320484  0.70052059 -0.5955341 ],[-0.8652235  -0.06276185  0.49744271],[0.31109204 0.71086697 0.63078514]
5,30.761865448837067,186.88939107518144,85.98533620894322,1.3029973133382704,2.816568320960725,0.7793692072284476,2.935228750322061,465.17415798829245,465.1682379874776,2.8363559838285406,[-0.51759133  0.4264603  -0.74177546],[-0.84274395 -0.10421191  0.52813115],[0.14792513 0.89848288 0.41333602]
150,60.76766424886066,189.06474426883085,76.54822909249854,8.184302856130639,4.490669868032727,8.174562929547902,4.802239236083238,2609.445021602038,2608.9564721422967,140.2850827092854,[-0.47278053 -0.19622599  0.85905409],[-0.83362984  0.41551934 -0.36387495],[-0.28555186 -0.88816611 -0.36002929]
56,133.9115408258417,149.48219936749473,118.96122853664266,4.299308465677382,4.37339817047836,4.0983274974171024,4.411608833111494,1746.5954638793885,1746.301667956624,44.45940586205121,[-0.00124481 -0.62203787  0.78298616],[ 0.81892772 -0.44998691 -0.356187  ],[0.57389533 0.64076568 0.5099642 ]
41,47.01706331806957,21.29847029979946,196.21662882922922,3.5900569449582553,4.67237472562277,2.263011062255575,2.3094097319440428,1299.5675190075908,1299.4315580636658,37.613640042066095,[-0.97062072  0.0910961   0.22270368],[-0.0647064  -0.99028747  0.12306017],[-0.23175096 -0.1050344  -0.96708803]
2,25.100616477266023,197.16889397362846,88.00389283552326,0.25794289435743245,1.0044779599233493,0.47798370773660537,0.7473875196725288,307.41373694570837,307.41131227805363,1.2209612648139623,[ 0.97321256 -0.18488791  0.13665201],[-0.19880284 -0.37821799  0.90411757],[0.11547616 0.90706538 0.40484274]
27,178.25547192395248,163.30833185711478,86.99101388459465,2.8750741843126124,4.316913296258682,4.224266667297959,4.695595868932772,1335.416071051129,1335.3368754643338,24.63609725387297,[-0.23257805  0.64274796 -0.72991952],[-0.6816932   0.42755779  0.59370761],[0.69368713 0.63566453 0.33871635]
5,76.62597018315122,27.099538952751153,79.47979052964072,1.2318648614647152,1.1104271896345261,1.6955554679080593,0.8055885912698318,254.23827850343898,254.21225887855576,4.989375179885682,[ 0.34714491 -0.93769212 -0.01496327],[-0.65206032 -0.25280667  0.71477697],[-0.67402355 -0.23837423 -0.69919237]
15,31.936618288957312,22.094978827935087,71.90907505434869,2.6661376368271488,2.275091901177151,3.0899466383929513,3.3916334754136472,316.9866653639549,316.84369088647395,12.490604262479582,[-0.69547089 -0.53952731  0.47458458],[ 0.6028386  -0.7975246  -0.02324054],[-0.39103178 -0.26993479 -0.87990304]
8,55.02562216304047,64.0269002973869,85.29844768746051,1.3229441734774066,3.4540925434227328,1.3476867596862592,1.9016172050259423,339.6011736057693,339.5199922740967,9.72546219766478,[-0.88574312  0.20886177  0.41453092],[ 0.07286183 -0.81941578  0.56854985],[-0.4584215  -0.5337926  -0.71057384]
58,193.1692612227655,177.04038676165018,136.71366487152915,3.4432169611856036,3.3222649816532566,4.499856630961478,4.862213279502813,2251.2602169913275,2251.2447620895837,33.6206266217916,[ 0.32881152  0.32589881 -0.88638194],[-0.68171748  0.73143964  0.01604133],[0.65356274 0.59898749 0.4626767 ]
54,143.84698961689375,60.39483936034341,63.505049252584634,4.433782596542318,3.970926388741377,10.23883927907052,5.342929164120431,1240.6847668329256,1238.575747715949,77.44074527611737,[ 0.42037788 -0.90252798 -0.09341141],[-0.30729605 -0.23848063  0.92124705],[0.85372805 0.35856692 0.37759526]
61,47.53034486027435,152.82046234174024,186.7707625564443,2.9939305364894584,3.9434176215889702,3.1996214462409607,3.697832250933373,1921.4119018820768,1921.3814129430011,35.88855688772562,[-0.26860158  0.77782412 -0.5681926 ],[-0.94369022 -0.09421877  0.31713023],[0.19313713 0.62137949 0.75933233]
86,58.66858377558615,27.898554506815277,128.26234589886025,4.347251680277207,8.461515381135458,6.243943794482684,6.039510119550457,1337.050952570693,1334.973672364048,88.99231496637894,[ 0.76051183  0.468571   -0.44951415],[ 0.50581913 -0.86159915 -0.04235449],[0.40714709 0.19516177 0.89226853]
37,177.307283041499,108.09992126642379,11.094549255078396,3.421037578475974,3.8737450307214463,2.388217370778987,3.624980869463614,1265.3551683920816,1265.2299371313752,26.70405428843517,[-0.00798777 -0.08923058  0.99597896],[-0.52252194  0.84958677  0.07192455],[-0.85258842 -0.51984635 -0.05341124]
203,55.417229481077364,163.36347150453474,93.65959236102923,5.99854896020857,10.036289398230487,9.360285212025907,10.891983287017718,2803.873006268337,2802.1019163584674,145.28126283100823,[-0.9516612   0.30568662  0.02994406],[-0.12094619 -0.46256389  0.8782976 ],[-0.28233486 -0.83222013 -0.47717574]
153,154.5659703363628,148.60612366347934,177.93381425812424,8.697148648285633,8.102476565537723,5.058927053170159,5.437569067527867,3449.6634991142487,3447.6481551397724,144.491586110451,[-0.31190503 -0.57820356  0.75392035],[-0.77138213  0.61736999  0.15434994],[-0.55469348 -0.53341817 -0.6385767 ]
19,148.53817228174776,10.18992237277719,62.7390193983451,4.33378495451037,1.7433034511904713,2.5449201748106627,3.789530276436475,704.5890175636777,704.487413030022,16.254094845561728,[ 0.04124693 -0.99708694  0.06415856],[-0.39099477  0.04298453  0.91938861],[-0.9194682  -0.06300762 -0.3880828 ]
142,107.10505598971318,57.61416120071463,186.55962286351766,11.170027112483604,7.47887584613691,5.923066642926381,7.350423474413156,2658.8403730940527,2655.93457366671,151.49185608751657,[ 0.52078782 -0.85293152 -0.03588693],[-0.70477982 -0.45328971  0.54572324],[-0.48173172 -0.25891363 -0.83719668]
247,11.147161864754409,113.6767753416214,102.5813938204719,6.496154458784133,10.388051430997866,14.367194641431041,13.981091129054509,2429.230206166799,2424.369543657683,201.9541068325119,[-0.99720885  0.05177398  0.05379564],[ 0.00507268 -0.67186934  0.74065232],[-0.07449016 -0.73885794 -0.66973141]
2,148.15871852622382,166.1942852245257,12.060354666416616,0.6687680184466132,0.06184382743883532,0.3968879430446659,0.4690022712338191,315.33349668775884,315.3322642479608,0.8816221316776358,[-0.47989518  0.48105791 -0.73367834],[-0.57286736  0.46155397  0.67734107],[0.66447243 0.74535309 0.05408485]
7,188.09454979579678,45.85194798965106,158.3533029992381,1.4975367817282534,1.075708804734126,1.1509613532718386,1.6472400409676018,661.7655759042619,661.7602392259604,3.7499561883323116,[ 0.19676076  0.85429644 -0.48110581],[-0.62907328  0.48637919  0.60638444],[0.75203192 0.18333815 0.6331154 ]
671,44.883583347499616,36.51084320540453,99.63453368146489,14.489525880974803,14.9786574400506,12.723061091940883,12.131597038037246,3039.0583564565272,3015.079112945595,536.6907765055391,[-0.75076628  0.65278038  0.10113245],[-0.53112675 -0.68756165  0.49513973],[-0.39275229 -0.31802007 -0.86290722]
154,183.84945465297898,143.36760167266817,183.35209825052814,6.904431530189522,10.911239561624884,7.738355584289894,6.248028687437111,3684.5201272904046,3682.5181762193615,169.74899956698994,[-0.54063051 -0.30822088  0.7827634 ],[-0.56903876  0.81929042 -0.07041374],[-0.61960757 -0.48349053 -0.61832302]
377,130.63124701320268,68.26110525007233,23.554756746316112,6.544939928922005,21.8972403791234,9.335808692618555,11.854519791516813,2934.565541844655,2910.527284037443,418.35091621246056,[-0.3165631   0.29358156  0.90199649],[ 0.37376634 -0.83536398  0.40307041],[0.87182941 0.46473314 0.15471451]
66,25.58062143140565,158.5556626279464,41.969907207615094,3.6924206072796886,3.6542652089822725,7.613257599978221,4.620051470372977,1350.3501798277075,1349.4121905951686,64.90030385005022,[-0.96573497  0.19972006 -0.16573433],[-0.20891125 -0.21932928  0.95302191],[-0.1539872  -0.95499035 -0.25353772]
218,149.78790776448798,174.21174979995877,188.47331175776696,10.979317215728038,8.511994609213817,7.776681250166282,8.627294422647909,4392.54613716362,4390.884879698262,196.52079902150217,[ 0.49693388 -0.79745879  0.34222245],[-0.70617686 -0.14241452  0.69356495],[-0.50435202 -0.58632549 -0.63391754]
14,52.49745218891237,20.887921156459637,88.78611855660664,2.2522544852964677,2.3045670499033317,3.8511854518808324,4.177566106420948,394.1685749334611,394.12542129077684,10.472242126453732,[-0.86594631  0.15626032  0.47509968],[-0.03757176 -0.96757952  0.24975634],[-0.49872372 -0.19842525 -0.84374289]
5,102.50813860041053,17.777519181017745,104.20396596111686,1.796053588538518,1.670094561785257,1.115971971985188,1.871343055945903,329.30998987854383,329.2916492021304,4.335482155347882,[ 0.66524778  0.26195295 -0.69916096],[ 0.26976022 -0.95750257 -0.10206982],[0.69618591 0.12070409 0.70764095]
25,97.90348742304533,55.33515375554712,19.865204278715684,2.942435822308789,3.212800319100683,2.18060039062503,2.777387765981557,571.4389344496363,571.2502025262817,20.06049660013543,[-0.09370982 -0.1857173   0.97812451],[-0.50623419  0.85485313  0.11381158],[-0.85728957 -0.48449481 -0.17412458]
263,51.44229967580034,101.69541299783698,127.38446921481925,6.210715380116441,13.093584595046861,8.824510308909984,11.639504346159514,2783.967593086,2779.874856005539,200.93701224917007,[ 0.80071813  0.26734361 -0.53607637],[ 0.51884764 -0.75679387  0.39756781],[0.2994121  0.59648171 0.74468917]
92,16.23443740121306,85.36441745437483,49.446846447911874,6.580224410118832,8.650370537498604,4.5128264743609305,8.073445235511326,964.9552409114746,962.6655494395368,82.555814810336,[-0.76706067  0.424872   -0.4807304 ],[-0.61984648 -0.29741783  0.72617696],[-0.16555446 -0.85500083 -0.49149293]
69,33.69004231322573,192.21167578892906,65.3401571939715,3.1653187471824844,3.4464434307689946,7.355451097667695,4.501414341905744,1710.7768218395715,1710.0075917470037,62.13690118607537,[-0.9715974   0.20843553 -0.11204075],[-0.17089335 -0.29052105  0.94148446],[-0.16368861 -0.93389087 -0.31788974]
68,155.14991606868384,186.5130992339306,161.80603041345879,5.198842819692985,6.350730489035421,4.371982642104062,7.109515942252125,2405.8126101287266,2405.5791586535056,49.306567073460414,[-0.84188811  0.46934292  0.2663487 ],[-0.08998133 -0.60873395  0.78825525],[-0.53209752 -0.63965632 -0.55471797]
314,15.493968884065872,26.585296647245897,143.36729777778177,8.161136079014794,12.330998007025526,7.459799868921927,6.605528993948944,2610.7016406472558,2604.8400584327505,271.9413223880593,[-0.97830916  0.19551187  0.0684565 ],[-0.1788589  -0.96395325  0.19698635],[-0.10450204 -0.1804695  -0.97801334]
5,103.55713688746519,161.28097612927337,74.73552454916732,1.8916349153782885,1.2417325481308665,1.7989600735838869,1.2699586875090703,460.0371321009784,460.02827504898926,5.806251179553761,[ 0.82746938 -0.31639095 -0.46388704],[ 0.24873409 -0.53412855  0.80798394],[0.50341412 0.78396649 0.3632778 ]
29,53.60635158454547,120.07147501177445,23.540522845318304,3.978994497314093,4.673259375062442,3.230862200028154,5.817555620633348,720.2151734335752,720.1942900922297,20.20257971454223,[-0.12004661 -0.13963412  0.98289935],[ 0.90792602 -0.41591678  0.05180314],[0.40157085 0.89861869 0.17670685]
36,141.00224918576225,29.527245471171543,80.31835815030588,6.049754915165398,4.747365935648152,5.0593064196929705,4.178631632220873,991.0132389254991,990.0884698774948,49.44334646510551,[-0.12564997 -0.83895189  0.52950147],[-0.50304647  0.51390622  0.69487024],[-0.8550768  -0.17905342 -0.48660409]
56,34.350943119001506,90.95738811809198,150.68445277449342,4.76132544456328,6.986046260210085,3.4644087122278027,4.033643406377573,1343.4710176155293,1342.5669973868637,61.32853929706502,[-0.83028073 -0.37273268  0.41437212],[ 0.52343218 -0.77686003  0.35001035],[-0.19144884 -0.50750255 -0.8401122 ]
46,150.2454219889224,171.87993944578014,5.215097481689936,6.338170529403731,3.018207897927856,3.000624774107801,4.312952006992362,1549.4739002368285,1549.1554303848286,42.67735556367082,[-0.00856393 -0.02280852  0.99970317],[-0.75281433  0.65817717  0.00856754],[-0.65817722 -0.7525175  -0.02280716]
25,90.56491195829311,55.060379376216915,114.14439087086782,5.482161078680544,2.13161385444286,4.246135776854625,2.816514664123196,779.5391272808881,779.074857223614,33.49662423546159,[ 0.21891891 -0.93551475  0.27728443],[-0.7834807   0.00084458  0.62141554],[-0.5815776  -0.35328661 -0.73277286]
11,149.7222779502888,161.0973644926259,115.24349614765946,1.730926626028535,1.4523822100960988,2.9567106984642453,2.0955100599959158,823.5839539474084,823.5379371238728,10.17105011602668,[ 0.79762888 -0.48093801 -0.36398736],[ 0.01290546 -0.58973199  0.8074959 ],[0.60301046 0.64877948 0.46418054]
2,184.56322609218313,157.70408239299394,63.48723337044213,0.27899401293092296,0.48772018542412354,0.08296809796253157,0.12230913405258548,354.8664915777406,354.86562467974824,0.7843885176970863,[ 0.12846729  0.23729203 -0.96290635],[-0.66520902  0.74074264  0.09379388],[0.73552234 0.62848455 0.25301   ]
609,180.75978390619892,94.3575388439381,68.19360634497419,9.661779392957541,11.01916833241145,11.099568618259628,12.388436147161656,5320.940763349907,5319.112326797792,334.3046841216212,[ 0.34596619 -0.8854459   0.31031104],[-0.41766395  0.15081693  0.89599725],[-0.84015726 -0.43959049 -0.31764127]
37,18.926238521974813,21.473961686638237,164.09279011434145,4.2895682676106635,3.226462145106671,3.4750719154936816,3.79650675173873,1013.8150570437177,1013.6147159369905,31.262836820849248,[-0.33395783 -0.92885778  0.16029779],[-0.93569577  0.34721479  0.06257246],[-0.11377868 -0.1290934  -0.9850834 ]
551,113.10301729776977,119.90978345154363,35.50394959489867,15.901277412278153,9.45567064069236,15.427840953076888,13.834827895263269,3990.906388520824,3978.061550953778,467.2460988005612,[-0.66082036  0.70335208 -0.26193951],[-0.33190582  0.0391662   0.94249909],[-0.67316787 -0.70976183 -0.20756483]
47,131.65756883622996,122.24940597428521,77.39260721780188,4.771517910774497,3.2948534099670836,4.3016583878185335,4.101233824163798,1341.896329418206,1341.5557860718425,40.714405738760796,[-0.60347392  0.77325218 -0.19467998],[-0.42740714 -0.10756788  0.89763706],[-0.6731585  -0.62490817 -0.39540791]
37,94.43580943321554,65.87210608137357,4.2749041005512725,3.061128172272794,5.859820814480554,2.7981176695583554,2.932173778341231,702.005897641075,701.2809503044666,39.947902207086884,[-0.05389797  0.01248992  0.99846833],[-0.57088653  0.8200009  -0.04107429],[-0.81925794 -0.57222594 -0.03706606]
21,50.200585142717685,147.84881940355822,124.15877192441509,3.9985827582739115,2.251059012380197,4.707513879885687,3.5267103121998558,914.6046245420042,914.3558981463311,25.440667444237484,[ 0.35795131 -0.66880787  0.65158798],[-0.89928271 -0.05910524  0.43335571],[-0.25131945 -0.74108205 -0.62260416]
61,17.87824461659391,51.07914940353381,113.09898008355344,3.569922634599594,3.228302081828089,4.494395693704575,4.0419454134105965,980.234250524855,980.1175198873639,40.646408273721356,[-0.72490624 -0.57774563  0.37512788],[ 0.67396145 -0.7074505   0.21281389],[-0.14243211 -0.40709185 -0.90221357]
90,23.35175429041376,149.03910614292647,102.28816752589111,7.025969565236828,3.6716238863435597,6.101551974809317,4.722991926675389,1731.1248960111207,1730.3091966549682,83.6611280574005,[ 0.14019695 -0.57537536  0.80578409],[-0.98186181  0.02412242  0.18805717],[-0.12764092 -0.81753367 -0.56155721]
58,29.808988967037454,16.45506639196416,192.39757636912975,3.2838196202259415,5.943414220960926,3.5975103005374574,3.5148406581241343,1489.042861050459,1488.4006522470627,51.96754531340784,[-0.91878585 -0.35499225  0.17266463],[ 0.36410224 -0.93106945  0.02322159],[-0.15251928 -0.08420324 -0.9847069 ]
361,14.603871577693887,187.64046023576503,106.95521949738934,7.468129999309252,6.275129971814201,10.586930057777154,7.734313388050868,4119.790655063368,4117.986117410688,230.73307767966895,[-0.98140724 -0.0314597   0.18934129],[ 0.17961536 -0.49828698  0.84820305],[-0.06766208 -0.86644121 -0.49467309]
136,167.67221823714675,152.93582692082865,140.92383733537494,8.612670385383808,5.75343195254583,6.553741046577562,7.102702059133803,3118.060381298761,3116.9869474213947,116.85408627700048,[-0.62002268 -0.04194686  0.78346177],[ 0.47033984 -0.81911933  0.32836558],[-0.62797478 -0.57208739 -0.52760184]
138,181.06121070251268,171.01423413970605,158.16146697855766,7.8514810447871755,9.91144325396507,6.060782523405543,9.584795799336788,3469.1972072146023,3468.224896271567,120.49381582620501,[-0.76594672  0.27288125  0.58211808],[ 0.19133248 -0.76766975  0.61161674],[-0.61377318 -0.57984393 -0.53578308]
44,140.14098241090295,68.07094955409076,9.792698373229282,7.126661270203287,4.913534697341549,3.294174828825242,5.319133991467156,1037.157876746817,1036.2399488261442,50.35203658106462,[ 0.09784855 -0.33585108  0.93681893],[-0.42864571  0.83532308  0.34423569],[-0.8981584  -0.43524638 -0.06222597]
74,174.70612083793733,155.36803307097742,5.316594236210219,6.5517582606350855,5.437595583174514,3.158622517312756,4.743702535401607,2013.0699261421835,2012.3111533390595,66.61437871275552,[ 0.07338896 -0.11636677  0.99049121],[-0.66057975  0.73839123  0.13569375],[-0.74716026 -0.66425686 -0.02267977]
36,47.51959518013698,54.85997088136862,21.206550470456563,5.545629540794019,4.5613960056407885,3.0406645645891577,4.394745645137864,455.5757405019382,454.96452456956047,38.62870603380633,[-0.42799535  0.0245142   0.90344841],[-0.64833666  0.68811812 -0.32581134],[-0.62966622 -0.72518447 -0.2786179 ]
208,188.42065764462478,33.66687220002677,65.61577707564892,5.8759647055831845,7.151792397681453,6.859047580825017,4.638508567112448,2921.2446350002688,2920.600351985058,152.277288492963,[-0.08943571 -0.75814803  0.64592013],[-0.35307294  0.63053651  0.69120417],[-0.93131131 -0.16623859 -0.32407403]
4,132.45205534319638,189.32032860330244,152.42841650786428,1.258123214868221,0.7048734770502711,2.4306373159141486,0.9498658226624584,553.6357681044576,553.6101769971308,5.325177685332342,[ 0.70401001 -0.67363188  0.22492218],[-0.52479485 -0.28006389  0.80383741],[0.47849792 0.68394759 0.55068633]
4,178.84096111977803,175.07266010155823,63.63283355479207,1.9701187355573369,0.5016854365075823,1.0656266866993263,1.1784199595416727,516.4790335907823,516.4739620175225,3.9381358231572943,[-0.03821402 -0.30663885  0.95105852],[ 0.72032815 -0.66810047 -0.18646479],[0.69257999 0.67794865 0.2464114 ]
25,48.94932164535164,73.35940385930273,98.5081429892409,4.11643572916293,2.180472490949483,2.0551258128312666,2.7743510206310984,661.5397166123844,661.2712703123841,21.36084373430192,[ 0.06761373 -0.81595655  0.5741457 ],[-0.92642064  0.16227713  0.33972185],[-0.37036898 -0.55487029 -0.74494683]
4,132.92363888303444,20.48375976289195,15.429054804010306,0.9006854779861733,1.144609395210867,1.0684808755971773,0.9341462327642677,270.7652426679104,270.7644585679903,3.0930294238167577,[ 0.07336054  0.25095271 -0.9652155 ],[-0.1746631   0.95609801  0.23530705],[0.98189156 0.15132528 0.11397205]
253,171.0578470263845,30.53829028494957,112.64891250132602,8.623437712277697,6.282714721054816,22.871175533124724,16.922241182187285,3316.728719395427,3306.348889109092,297.5354906881473,[ 0.12513103 -0.9891132   0.07744226],[-0.55411497 -0.00492568  0.83242557],[-0.82298167 -0.14707418 -0.54869879]
67,9.584101584878999,175.29328613744119,7.990472581223839,4.94139533948826,3.302319665036721,4.5101225086156616,3.5725160311820523,1439.383457938886,1439.1456350921408,53.617791738712434,[-0.57555625 -0.00577493  0.8177418 ],[-0.81591622  0.0712071  -0.57376848],[-0.05491555 -0.99744484 -0.04569555]
312,172.87535807321683,124.69510413069904,98.38691656976302,9.366120686806381,6.83684852317694,18.819877991093065,12.628260460682688,4163.993511602181,4153.788190765782,322.0593719821768,[-0.66881349  0.66441443  0.33352956],[-0.10338329 -0.52739849  0.84330465],[-0.73620677 -0.52953215 -0.42142057]
28,88.07257570250113,84.72868418870442,31.923248038663512,4.505752242500016,3.02855590183816,2.2686276912249874,3.8139276838151477,668.9997655566073,668.7939468754461,23.722838358922477,[-0.30260863 -0.04390465  0.95210314],[-0.64950149  0.74058555 -0.17228134],[-0.69754988 -0.67052623 -0.25262372]
116,11.672449312045924,39.43862495398731,68.31394352524899,4.245993716861463,6.791755321194325,9.097231121230296,8.451200385906068,867.6806840759442,864.5667264733162,94.33247090496529,[-0.98810295  0.11206635  0.10532661],[-0.04435745 -0.8634179   0.50253552],[-0.1472582  -0.49188481 -0.85811675]
57,51.28117127144777,47.75322427392349,193.85197770360995,4.987692769597961,3.022224073248425,4.23678221254793,4.828278520834043,1557.017023050801,1556.8217193690782,40.51644151058897,[-0.03613132 -0.96808199  0.24801569],[-0.96782491  0.09573776  0.23269984],[-0.24901699 -0.23162801 -0.940393  ]
53,172.63315072686422,102.4155524568056,157.76942076725436,5.959639338598928,6.920029341687856,4.835597297082178,5.005184090130895,1859.973721392969,1859.2483061147716,65.8861996379367,[-0.21943615 -0.69088053  0.68886273],[-0.703406    0.60131174  0.3790042 ],[-0.67606788 -0.40138296 -0.61791905]
26,90.20963231733147,19.562564904665752,20.27697110547721,1.9548433079167447,2.706189563918665,4.018574139781356,1.9440662193703016,482.5400331178884,482.0845597985188,24.7687243262467,[-0.28061206  0.86711737  0.41153898],[-0.10069505 -0.45299591  0.88580766],[-0.95452469 -0.20712837 -0.21443054]
28,14.681019498322323,106.73679662474652,30.90944499832644,3.2626012471141634,2.847287551427155,3.6987552511145796,3.2123619911675485,593.6591489462694,593.578491512341,24.801552858115596,[-0.99108064  0.11990548  0.05815359],[ 0.0222858  -0.28110907  0.95941703],[-0.13138686 -0.95215564 -0.27592957]
11,157.36061221113079,184.95202773251015,65.04388164390257,2.270637184997008,3.848087969210411,2.0151801394842415,3.2617998139101436,833.924888784654,833.8812065955589,12.125304304304173,[ 0.69069521 -0.36897164 -0.62193252],[ 0.36216471 -0.56791192  0.73912974],[0.6259208  0.73575538 0.25862553]
321,116.45390694706103,34.39225621362663,164.28325877967868,12.792148271819194,7.4797207150249,7.541013992233827,10.065775969983564,3669.9040267872733,3666.894690042456,236.57383513215993,[ 0.10625155 -0.98565009  0.13116592],[-0.81398732 -0.01045783  0.5807885 ],[-0.57108253 -0.16847708 -0.80341783]
11,164.18758909538408,3.196792996228243,148.79814671177516,1.908751597458445,1.7485794870075206,1.8745306448702252,1.8193633864225487,735.0456670730265,735.0154910812676,8.695469869289957,[ 0.41958817  0.77070365 -0.47954318],[-0.52441168  0.63703044  0.56496425],[0.74090361 0.01442573 0.67145643]
35,140.5208731122671,187.11170943113862,117.42934339611888,4.0593214395984,2.2503597847925447,5.132150810541913,4.441558833974548,1549.3092387516956,1549.280803544724,31.315117540896367,[ 0.84260638 -0.48157045 -0.24104852],[-0.04383383 -0.50744967  0.86056576],[0.53674304 0.71455212 0.44868941]
47,126.05475685834004,115.6752121724994,178.19278114437464,3.542305763638381,6.473223324988135,5.059656644205626,3.7329255552175953,1694.5701400342111,1693.8230367576555,55.707728404383346,[-0.84010728  0.0920777   0.53454789],[ 0.18381541 -0.87884686  0.44027275],[-0.51032504 -0.46813448 -0.72140035]
76,61.7858131775005,73.56138635325492,171.23673520639196,5.643677347997205,6.0008261219487595,5.8961350172823,7.396309540105467,1713.690318590435,1713.1648877827827,60.413189633045086,[-0.79217272 -0.40217353  0.45904122],[ 0.52268924 -0.83537647  0.17012382],[-0.31505294 -0.37470335 -0.87197423]
39,178.82874639671326,193.21682707662956,178.24232106768693,6.929812570481476,4.397815361076012,3.299016939328721,5.747754223161578,1986.1769087343353,1985.9265725411067,41.92398223115258,[ 0.40999067 -0.7938113   0.44918956],[-0.71788652  0.02294153  0.69578203],[-0.56262474 -0.60773127 -0.56046062]
40,128.4360829610079,7.243458268284381,143.6011811953262,4.175423607641696,4.445664341252449,5.1958762835376255,5.757829588413651,1220.3118831780005,1219.9554971901991,35.3646342676843,[-0.63926082  0.5431722   0.54434325],[-0.38422431 -0.83878566  0.38575937],[-0.66612108 -0.03745094 -0.74490277]
181,120.98853075942914,130.2839297283283,100.17046654524901,10.948120228661853,6.691288574263875,6.705565225434192,9.945312641268359,2751.430055727552,2749.7619661888175,142.33397754439125,[ 0.52095169 -0.76908428  0.37029543],[-0.6131902  -0.03540176  0.78914162],[-0.5938073  -0.63816619 -0.49003755]
89,11.600542361596581,45.008406127199024,184.26899390713882,4.435651774689142,9.020873651202846,4.634160527477963,5.3230081880610705,1795.417167222103,1794.0144409324128,91.31688441436039,[-0.9902735  -0.10723371  0.08865279],[ 0.12500754 -0.96547739  0.22853123],[-0.06108601 -0.23739069 -0.9694917 ]
55,4.488349407700037,68.12882284500995,107.76999097283112,3.197819539027378,3.7872044880157616,5.119651665666239,4.0970794403069,947.3462223216602,946.8937982763373,43.34569172892372,[-0.95811514  0.25834729 -0.12358019],[-0.28424992 -0.80530707  0.52027157],[-0.03489075 -0.53360773 -0.84501209]
9,193.6967156245846,189.80126138709278,113.5771591359654,1.8917212131332952,1.9815642499376709,1.8017253992210702,1.7766917783900877,882.0753510603522,882.0641009525492,8.261854843526258,[ 0.69705751 -0.33066315 -0.63621751],[ 0.2829816  -0.68841667  0.66783524],[0.65881124 0.64555741 0.38629442]
72,76.11032821352607,110.28294112767736,87.39207818144833,5.749661269721187,3.538720222714448,3.407716227433982,3.6971501005449032,1358.6830880859081,1358.0933767752956,55.82385171392627,[ 0.04909794 -0.64090187  0.76605103],[-0.87810136  0.33778426  0.3388802 ],[-0.47594894 -0.68930878 -0.54619229]
57,43.62185516461031,32.0521269450048,147.22383081503503,6.410131594971371,5.521349330124906,3.040245767538142,3.004942868689249,1185.9194193230387,1184.7695194681469,64.0827149873385,[-0.54471751 -0.77123202  0.32936911],[-0.79118576  0.60282825  0.1030689 ],[-0.27804304 -0.20444871 -0.93855889]
35,8.94200361897232,177.2104599790743,197.4882209498089,5.50846186086078,4.651378127610038,1.4266200718663646,3.200206571384299,1571.1123422477576,1570.925892163857,39.19294895432451,[ 0.13115968 -0.74071494  0.65889189],[-0.9907865  -0.07531296  0.11256142],[-0.03375282 -0.66758471 -0.74376838]
64,79.45246721075657,25.267651953843142,113.27003361915331,4.23818484302393,8.838544797513716,5.788122705980181,4.495929814301644,1128.589030351971,1126.0400396116684,83.11046458190219,[-0.77288719  0.45727353  0.43993899],[-0.28922872 -0.8709756   0.39717534],[-0.5647939  -0.17972874 -0.80542252]
7,160.77091952518782,65.4467214028277,183.59256159883768,2.283269677474908,2.564562986552449,1.229454544912205,1.8205860010191877,668.5282541930957,668.5069478819153,8.350341008228694,[ 0.72010192 -0.53727146 -0.43908154],[-0.27663813 -0.80263736  0.52843601],[0.63633683 0.2590611  0.72661047]
25,145.32918613759938,85.64792216929496,155.6263890151807,3.361455434856591,3.6384331611207283,3.0102531699834727,3.292922185070392,1147.8778740197367,1147.7241305953326,23.90104976477595,[-0.32224238 -0.66941657  0.66935887],[-0.70374347  0.64232506  0.30358464],[-0.63317057 -0.3732291  -0.6780819 ]
263,111.78301807779552,149.85275050974457,81.80284833307425,9.156260973694348,8.802839630101209,9.819224433867227,7.541970606047365,3318.1620705795294,3313.012479831114,231.3831087780794,[ 0.36200313 -0.63968647  0.67805232],[ 0.75476171 -0.22574832 -0.61593219],[0.54707266 0.73473731 0.40108925]
2,186.59171552559712,75.84678261498667,44.4852873273628,0.6665926675422895,1.0978513358247213,1.2700368271686315,1.2805521824924568,291.7238630668077,291.71830063747035,1.8014871101519911,[-0.18073285  0.78901704 -0.58718629],[-0.38610664  0.49217165  0.78018506],[0.90457575 0.3677216  0.21569314]
118,124.08986448685181,9.616435418299456,104.44732547925945,7.86420602803321,5.073987852437698,5.83974995177917,5.6010050393923585,1768.2221847436795,1766.9012841087026,102.82613578067031,[ 0.1996661  -0.96845678 -0.14908021],[-0.61334356 -0.24217717  0.75177117],[-0.76416171 -0.05866583 -0.6423513 ]
7,92.34525653083428,41.23490004299758,107.36424810863546,0.7601608362684601,1.7854788942125683,0.9490857145954871,0.5215770674162473,390.27158555203687,390.2477595408999,5.544320364014882,[-0.76471559  0.03766225  0.64326636],[ 0.15241642 -0.95938928  0.23736352],[-0.6260825  -0.27955994 -0.7279196 ]
40,11.891271953635492,95.77208891866869,169.75627402315257,5.759092613425756,3.8944012384537388,3.648553567166114,4.550248549337,1235.8978725805664,1235.4441150626492,40.45933806838002,[ 0.3091027  -0.83739303  0.45080864],[-0.94905742 -0.24110046  0.20288069],[-0.0612007  -0.49055426 -0.86925888]
27,73.48644190266266,143.26085213632842,11.886936842106492,2.8610750459215013,5.5023097453510434,3.506270077529103,5.624759320322325,839.5969706188844,839.5416134871626,22.581012319683833,[ 0.69073197 -0.40424068  0.59956552],[-0.5620699   0.22150324  0.79687749],[0.454936   0.8874265  0.07421215]
74,155.1428431493589,49.252749646391194,184.1105221385728,5.7202025366071245,7.235279615585259,10.224460253447354,6.202783269571815,2116.9657028208503,2115.045499673897,105.31025189937083,[-0.61089536  0.72349672  0.32149549],[-0.47811084 -0.66079956  0.57857927],[-0.63104429 -0.19974091 -0.74959101]
28,40.51319115778449,92.03854587686725,70.08595262952221,4.9757785549880245,1.9279357454660868,4.021142725272089,4.521162485663587,649.4954828721316,649.1054904786445,26.21414308431694,[-0.47637572 -0.39043795  0.78779717],[-0.81443954  0.53355423 -0.22805287],[-0.33129202 -0.75025202 -0.57216038]
16,7.22029598769104,56.94363034975231,13.741774218316712,3.261075347838109,2.1887031662647645,1.7917346074345804,1.9045772078078316,236.61135026084602,236.3144543991873,15.503319550464525,[-0.17082498 -0.21070001  0.96250939],[-0.97780767  0.15650269 -0.13928057],[-0.12128889 -0.96494166 -0.23275866]
157,136.84944955980902,14.163856419517433,124.33827543784172,5.178246815126664,6.407632379592477,4.5904333010415606,4.2919326170201835,2325.801401714017,2324.970376084806,105.09310056212449,[-0.59594357  0.53992157  0.59442069],[-0.31645661 -0.83822677  0.44410708],[-0.73804233 -0.0765544  -0.6703976 ]
96,128.07180642803328,96.60103452216474,164.0075773347695,5.064375979847601,8.663068592102434,4.409529267869583,4.986331038072713,2249.9684651786324,2248.7636992499392,96.10537814052826,[-0.82926863  0.25822153  0.49561597],[ 0.0242777  -0.86936638  0.49357137],[-0.55832261 -0.42133566 -0.71466924]
4,106.88520846745797,57.64971284477933,99.87292235433358,1.8807630024908466,1.1594337399041126,0.7294251975173361,1.798448306312833,314.495821343028,314.4952328784877,2.9560430439886987,[ 0.71812712 -0.15714732 -0.67793669],[ 0.14875134 -0.91699297  0.37013096],[0.67982827 0.36664507 0.63514165]
3,24.567645739115864,40.29323100422857,51.28179205575274,0.2152256100575698,1.1746202256965843,0.7041979629963324,0.8013966831771681,120.73118154561865,120.71996940242003,1.95390822838461,[-0.88409345 -0.05209528  0.46439731],[ 0.3068667  -0.81420013  0.49286   ],[-0.35243667 -0.57824237 -0.7358153 ]
129,107.19837083960172,101.88912228369892,120.09872561846807,9.588231721999783,8.326397717872672,3.721994998521305,10.037818085055672,2168.340818966759,2167.593628935132,97.65055427479768,[-0.64142846  0.76350191 -0.07506241],[-0.52054651 -0.36125889  0.7736429 ],[-0.56356087 -0.53531005 -0.62915999]
23,89.0534206337078,70.37169017218031,35.8291703059146,3.473949456122195,2.07037987902268,2.859208087722472,2.4994489813890666,571.1786491989178,571.0693624869673,20.45095446514035,[-0.30791579 -0.09272246  0.94688458],[-0.58745757  0.80138879 -0.11255937],[-0.74838591 -0.59091332 -0.30123077]
3,58.422030548209584,155.93677877370558,127.39442626774074,0.6933285292908598,0.6273887945823186,1.2082869052677487,0.9941281930273276,363.1571335749504,363.1520147791827,2.0077341724603084,[ 0.90245192  0.01365208 -0.43057422],[ 0.32852927 -0.668333    0.66738259],[0.2786558  0.74373693 0.6076235 ]
6,14.62118023712982,71.05435946127845,114.71486224120251,1.8488547972336162,2.6975600940862585,3.5169466748631355,2.4710417337561097,332.6678620575946,332.5243934341885,10.019769181823664,[-0.88310711  0.44086314 -0.16050396],[-0.45665956 -0.72921523  0.50961475],[-0.10762843 -0.52334008 -0.84529952]
4,166.53729612315288,141.66327048425487,149.96794228387924,1.6608249797108596,1.850861531392248,0.8836933165472269,1.0061376663094916,530.2839887033164,530.2632531912835,4.87734686348436,[ 0.30334801  0.50127126 -0.81037467],[-0.71654273  0.68060681  0.15277725],[0.62812937 0.5343234  0.565643  ]
16,68.09009988923248,173.8865403927573,159.14420247337392,1.8964733932154574,2.2761316350414895,2.9539891278110186,2.436151521884558,981.5421625348229,981.4988716557851,13.580433183045685,[ 0.94788319 -0.31198351 -0.06468192],[-0.15652613 -0.63278782  0.75833973],[0.27751942 0.70869307 0.64864251]
102,105.13819368887566,146.05777319439505,46.931361728526376,6.6347513157915445,5.904491053908276,7.838391432600521,6.558930495926968,1881.3907004243474,1880.2419299940398,99.68077026941472,[-0.82092411  0.56522418  0.08127259],[-0.07860253 -0.2528185   0.96431553],[-0.56560168 -0.78524164 -0.25197285]
2,98.6678233869537,141.83593451396962,105.34696531371787,0.396193632833608,1.2532884869081755,1.568114892811046,1.8879255799285346,286.19902682546984,286.196852405878,1.1156293354069613,[-0.56616251  0.70772543 -0.42259286],[-0.66464331 -0.0887136   0.74187544],[0.48755438 0.70089558 0.52061129]
5,113.42488640919558,36.55344392981674,150.6962772059933,1.1513141988476516,1.5163445493457188,1.5094226417500227,1.6886129395278973,429.6284649244014,429.61658483053606,3.9083017128959168,[ 0.79799465  0.00818447 -0.60260895],[ 0.1210622  -0.98170282  0.14698134],[0.59037994 0.19024348 0.78438443]
21,100.918765391425,27.426339472641512,188.72109051782257,2.0251013526850876,3.188031135002332,2.973052311138771,2.325567880527036,988.9659809238628,988.8120824178741,19.242174246069926,[-0.75473062  0.57246538  0.32041391],[-0.46003772 -0.81002852  0.36361944],[-0.46770395 -0.12703224 -0.874709  ]
17,120.33058158090438,105.14833237984267,108.54588106975723,3.085786013041545,1.3802995825230548,1.9659613459259007,2.4694134341303857,796.6378737819576,796.5793849783182,12.470150010466448,[-0.12713036 -0.63831771  0.75920246],[-0.77185534  0.54438573  0.32845626],[-0.62295843 -0.54423771 -0.56189688]
4,48.83011002446467,147.95818239212684,147.94624360816198,1.0007538093265576,1.582524729777676,2.4959212504211616,2.212554385231907,429.75647071771266,429.7449931174978,4.388157683166015,[ 0.9564655 -0.0248539 -0.2907852],[ 0.18312121 -0.72471153  0.66427391],[0.22724518 0.68860401 0.6886103 ]
213,86.95145184819314,180.322712899903,100.56724755944107,5.278098011028451,6.080248516703054,11.616811377668133,6.878215541279138,3275.130122033149,3272.176010811702,180.80621805476056,[-0.86153083  0.48978517 -0.13369784],[-0.32777473 -0.33546836  0.88319007],[-0.38772201 -0.80471825 -0.44955554]
37,11.748786766886635,160.73373688009772,62.56940918129346,5.597189936224932,3.630541456909473,3.8948553877526493,4.403178767233173,1052.5560348041654,1052.0375080015274,38.642934362899574,[-0.44819398 -0.29554377  0.8436682 ],[-0.8913044   0.22010848 -0.39639466],[-0.06854655 -0.92962688 -0.36207076]
8,102.82595971544916,23.066207865874766,143.01929401178572,2.801709697505199,0.8160211018899759,1.0450951799459478,1.716403201500869,502.54430544159493,502.4990928785355,7.317658890235385,[ 0.18817158 -0.98186563  0.02305102],[-0.79339564 -0.13813425  0.59282568],[-0.57889102 -0.12984153 -0.80500085]
3,86.26351861314244,47.241926697827296,27.279007782667332,0.3288450730041522,0.9720940482693203,0.3188759404070879,0.5487478568725255,176.79209367592813,176.7850773808062,1.5975103626669744,[ 0.44303892 -0.32698609 -0.83474344],[ 0.29900936 -0.82390016  0.48143736],[0.84516857 0.46289159 0.26724794]
26,190.775981287887,95.88522353264376,192.0667705977003,2.825216306124785,4.7928619692047985,3.3060209138537506,3.6489647619283767,1464.7103044604696,1464.5734256239205,27.18996911817076,[-0.579155   -0.33575756  0.74286362],[ 0.47262186 -0.88076744 -0.02961919],[-0.66423495 -0.33393948 -0.66878723]
56,94.6419968036452,7.274707640623599,150.86990397190286,6.091355707076863,3.9370316732969703,4.325359151810392,3.177278641627434,1335.0879551675503,1334.370119349241,58.4843869114508,[ 0.21389953 -0.97296074 -0.08714581],[-0.81992506 -0.22731489  0.5254054 ],[-0.53100837 -0.04093093 -0.84637744]
3,147.85285052876318,182.2662273365131,37.875437352329726,0.8414692928889747,0.9558106184417026,1.922277782816473,1.011413839912178,411.781200732243,411.7659303981505,3.593440515404809,[ 0.76950325 -0.56067636 -0.30578875],[ 0.14512032 -0.31277551  0.93867544],[0.62193636 0.76668996 0.15931624]
58,4.768297379398933,32.38967343570249,94.49944592772863,3.113845224652042,6.101516548601023,4.621368486711717,5.373677829343674,763.8968107569939,763.1299234260481,47.369830756795565,[-0.98026963 -0.16655307  0.10644962],[ 0.19191771 -0.93088052  0.31085214],[-0.0473185  -0.32514848 -0.94447839]
