N,MEAN_X,MEAN_Y,MEAN_Z,SIGMA_X,SIGMA_Y,SIGMA_Z,SIGMA_R,LAMBDA_1,LAMBDA_2,LAMBDA_3,EIGEN_1,EIGEN_2,EIGEN_3
29,88.33667010456489,84.69112608888918,32.055903119230436,4.583048311500762,3.480622645433021,2.6605330877000144,4.654390145489775,681.9815993624379,681.8350673499689,23.206184087041187,[-0.46858437  0.16031265  0.86875114],[-0.54081946  0.72552645 -0.42558864],[-0.69852917 -0.6692617  -0.25327015]
2657,95.32682733209622,124.39339683966071,152.8801676058562,15.156087708212837,30.353000733321885,21.93708761005131,24.56260767741222,11452.612557938932,11379.34622538227,1655.0794670985913,[-0.89268266  0.1688472   0.41786156],[ 0.12124241 -0.80301847  0.58349089],[-0.43407135 -0.57153475 -0.69636922]
5,22.719889056255028,32.97169208519741,83.70967490024152,2.919261121474858,1.6598893532001018,0.8522099772770277,0.7455204842374834,207.60647842779233,207.53009504330512,7.563111933627111,[-0.25854981 -0.87280445  0.41396181],[-0.93441919  0.33464489  0.12195726],[-0.24497505 -0.35528183 -0.9020876 ]
147,127.54584000048803,51.2662420353469,28.406784857438684,6.3145848548040115,8.92495537118136,6.017750003188915,7.779251916146682,1707.1029736357907,1706.0005277719533,117.75154199793643,[-0.13794342 -0.19450385  0.97115388],[-0.39544166  0.90980107  0.12604721],[-0.90807351 -0.36664732 -0.202416  ]
4,169.9161200096786,167.50756415807413,104.72772730418916,2.3856619311418568,1.0688047997805186,1.1236598683245265,1.3384100310431173,521.1715501967791,521.157386921069,5.0313092141543345,[ 0.10782707 -0.60337485  0.79013424],[ 0.75041647 -0.4719197  -0.46278173],[0.65211077 0.64283014 0.40189671]
723,181.4111080029936,97.68342860649157,71.20647611670763,9.751769489263447,9.39535470788913,14.33332429025558,10.270590945426454,5881.467113401994,5872.27027096686,452.1154117231807,[-0.41055707  0.89367231 -0.18108753],[-0.3732848   0.01646773  0.92757063],[-0.83192629 -0.4484179  -0.32683335]
2,75.08362122350498,164.61122558878526,161.02066122378483,0.9708093887990117,1.5745833253707957,0.2991207529246225,0.9680398328828659,342.5363349005894,342.5288200726591,2.268952789442532,[ 0.52575044  0.46007114 -0.71548657],[-0.79214729  0.57131383 -0.21471651],[0.3099825  0.67965805 0.6648126 ]
37,135.7492806098029,147.32771093504843,118.82096407157238,4.30477094573801,4.512891848079374,4.460542186627934,3.8777327125744137,1417.4013439201776,1417.1511177098403,40.44578588922036,[-0.08815974 -0.57492954  0.81343954],[-0.80789067  0.51897408  0.27924645],[-0.58270106 -0.63255192 -0.51023283]
14,195.04639418086964,192.20854508257938,20.0072338152928,2.3455131322426674,2.629298443633643,2.219358708603292,2.6836018766290377,1027.427027720067,1027.4181854197948,11.890457692534609,[ 0.55846348 -0.49763347 -0.66368627],[ 0.42835987 -0.51214673  0.7444552 ],[0.71037058 0.70004761 0.07284903]
297,31.667686555103483,13.932141140628483,111.33641253647775,14.36211210311771,8.421053959371806,9.489933076194006,10.312434061283808,2031.034396757221,2021.9266204153976,280.9702056465545,[ 0.14337971 -0.98629201  0.08167215],[-0.95085865 -0.11440382  0.28771443],[-0.27442684 -0.11891108 -0.95422747]
133,167.82897974299075,153.55213410838192,140.59449989406767,9.22105695029397,6.139604258140576,5.140767375553828,6.779934362733086,3086.712215677906,3085.473630535915,117.59992151589735,[-0.53391495 -0.17375803  0.82749198],[-0.56619396  0.80031853 -0.19726796],[-0.62798027 -0.57384528 -0.52568278]
62,172.78966987906904,166.7862244126152,177.17788439684512,7.80152214281425,5.598161191470238,3.0873424783457932,4.532689036392505,2351.141357522353,2350.2939740885395,71.00301998087254,[-0.39236788 -0.44727216  0.80373818],[-0.71460311  0.69839716  0.03979691],[-0.57912851 -0.55873877 -0.5936507 ]
99,35.3725379588442,17.231679621414674,193.1141414266133,9.362632060326058,5.68167681843147,4.711779974704899,5.694497383148584,1963.7340831591762,1962.5363577189307,104.42597394141147,[ 0.07384892 -0.99442423  0.07527809],[-0.98084629 -0.05878293  0.18570172],[-0.18024122 -0.08755011 -0.97971837]
18,172.10283964761382,21.603186729178066,79.02697232169244,3.0253811016411536,4.281432284689418,4.461080315788202,2.097864004387649,809.1727083132014,808.7618891653347,27.89438506766477,[-0.18882849 -0.76192174  0.61953132],[-0.38612907  0.63767192  0.66654247],[-0.90291093 -0.11335684 -0.41461076]
32,92.91731373823505,48.914442948378834,190.60354836767837,2.835458796932266,6.5798564314167995,4.877038795103309,3.2837614064156995,1231.8894117941288,1231.2504767317416,45.38739141729935,[-0.89065716  0.27185266  0.36445296],[-0.1563476  -0.93580497  0.31595014],[-0.42694878 -0.22442191 -0.8759849 ]
32,190.47036230072237,62.21181748948598,137.94165568898472,2.8207719945665346,4.883985687749012,3.093489618172027,2.429596241560707,1376.4659575299504,1376.2977465212066,33.662058448144315,[-0.60234215  0.08407829  0.79379769],[ 0.15533513 -0.9630807   0.21987853],[-0.78297824 -0.25574677 -0.56704379]
5,7.603818583336621,169.12371137544423,132.15192875426325,1.6453394652881392,1.7793795099741536,1.6957508445521394,0.5588125501996317,480.27305016863306,480.24043210319013,6.49726846755639,[-0.85547208 -0.29442391  0.42600714],[ 0.51663832 -0.54146128  0.66325299],[-0.03538883 -0.78748603 -0.61531568]
34,46.18774248129308,151.7347135725529,187.64068412602913,2.623402495181133,3.3405371056043194,3.7913350542175905,4.123156784930713,1432.943120769825,1432.9081995746699,22.887942180313566,[-0.3267329   0.77259616 -0.54437192],[-0.92625228 -0.14725477  0.34694776],[0.18788915 0.61758498 0.76373193]
164,170.77526189008043,127.63572845028759,85.05026883247176,6.916678437221336,3.850205547310551,6.298288879247046,6.561166088489014,2941.7402730547833,2941.4112198944,98.46800204398573,[ 0.36844456 -0.80426191  0.46627394],[-0.55726561  0.21038865  0.80323823],[-0.74411266 -0.55578719 -0.37067095]
518,51.14242751634501,45.424788907131095,86.31031972590151,10.603516287676246,9.010226778355038,19.839140564367973,16.185988020984553,2555.015007718337,2546.29538604246,402.0970804350063,[ 0.68520708 -0.72789264 -0.02575956],[-0.56565957 -0.55410134  0.61073804],[0.45882513 0.40391088 0.79141361]
41,4.321511146776745,94.72126067947407,86.15222641408928,2.64971030938511,4.144644680756675,4.339894650844489,3.723027666042776,821.2322416250818,820.844536307893,34.44589854415028,[-0.98852092 -0.07449421  0.13144205],[ 0.14727656 -0.66920495  0.7283367 ],[-0.03370481 -0.73933439 -0.67249435]
91,114.93253722585565,63.259330258191156,183.4505753033884,5.605951421460435,5.524439913788124,4.415287709750408,6.451281772967543,2152.796976325814,2152.7085324190634,60.21714976506591,[ 0.82625531  0.10364043 -0.55367936],[ 0.23972016 -0.95417381  0.17912727],[0.50974152 0.28073296 0.81323588]
4,75.50602277959098,81.13363062136726,159.96863315430537,1.0917848840472881,0.7071950142767188,0.7950761159129616,0.54499310536172,389.23443534237583,389.22662829422995,2.844817611785377,[-0.18450009 -0.8386678   0.51244125],[ 0.90301569 -0.35047053 -0.24846142],[0.38797215 0.41690133 0.82199203]
38,164.75946246896677,78.26677226150996,20.910053685578156,2.6933424335461824,4.417416665575317,4.491744474069365,2.6550745036558205,1132.3271084102068,1132.1388160942042,38.96414141273472,[-0.40185368  0.68301295  0.60992371],[ 0.18235994 -0.5930372   0.78425234],[-0.89736195 -0.42638034 -0.11375999]
14,184.97799701201194,84.3474616282407,79.10825691537217,2.144328573224412,1.3106083761828327,2.329849814673008,1.7753217438409687,816.3217584730298,816.2917361035489,10.980919253802758,[ 0.42999114 -0.90175759 -0.04405538],[-0.30996746 -0.19328267  0.93089311],[0.84795507 0.38662006 0.36262534]
338,15.004006727833769,188.80967106222425,105.20859463899139,7.4459967561605405,5.804815560162341,9.573658245979074,7.636731573815331,3988.722065998203,3988.0301318716806,203.56170842766417,[-0.99459358  0.09823631 -0.03366367],[-0.07708048 -0.48115981  0.87323756],[-0.06958603 -0.87111128 -0.48613056]
314,14.600966878831294,25.887126687970337,144.32149029312367,7.541155038152812,11.906196517429102,8.362530859623712,7.237109096047017,2623.614095728776,2617.5128496458556,262.83344271680306,[-0.97836183  0.19720055  0.06261045],[-0.18232517 -0.96477468  0.18965058],[-0.09780418 -0.17413143 -0.97985335]
25,3.605768080161552,57.99125726791668,87.21976495419094,2.47345731130418,6.192407564097133,3.443308461179078,5.385698450383304,525.2184413240125,524.8360178019818,25.932627628274396,[-0.9889749   0.13894251 -0.05122142],[-0.1439242  -0.82046451  0.55328457],[-0.03484939 -0.55455655 -0.83141599]
31,195.65881576368557,69.19112883918761,114.33126821156507,3.055572591502628,3.893817739656768,4.237086714264151,2.600136197688653,1319.5395994622752,1319.5107648827425,33.26881341032126,[ 0.42355586  0.24405872 -0.87237364],[ 0.37245755 -0.92477545 -0.07788284],[0.82575772 0.29193441 0.48259558]
340,117.9380419858053,35.04557445897582,164.70950910009097,14.780918915966948,6.337620118912362,6.765407148819089,9.597886193008723,3802.828545607383,3796.8799254929327,265.7431597592795,[ 0.01896648 -0.98056688  0.19526617],[-0.81782553  0.09713314  0.56720944],[-0.57515361 -0.17045162 -0.80009035]
7,183.8768044920502,145.65794455916327,66.52565896523231,1.9544149023022155,1.1546279757160516,2.70717650729125,0.8919821128358953,645.1614408379152,645.1324587185884,9.037737226907243,[ 0.48571274 -0.78696645  0.3804825 ],[-0.44200363  0.15441113  0.88362322],[0.75413256 0.5973617  0.27284258]
21,99.35318058762034,56.58483643263716,18.503395912788182,3.9365186501530847,2.7996417989948434,1.5936774153393474,2.9863473232852678,531.2387198888216,531.0000276847867,18.77771864191886,[-0.16855732 -0.02617862  0.98534416],[-0.48516272  0.87237554 -0.05981681],[-0.85802422 -0.48813481 -0.15974617]
112,9.092334782669353,36.78520014739696,72.99612103160997,4.630468071027202,7.807755862131133,13.777140303413846,10.408550745584769,887.2204381614189,877.8101637600034,135.85961077518914,[-0.92178849  0.37985965 -0.07754109],[-0.37329629 -0.81562659  0.44204429],[-0.10467021 -0.43641714 -0.8936354 ]
357,111.79157544937387,120.44504614319622,34.0551478947403,14.047263038535926,8.409154215864826,13.129727865672468,11.647544514465228,3188.8935987122313,3185.0336955303405,331.911296697885,[-0.68595113  0.69776363 -0.2063903 ],[-2.88757020e-01 -6.80286384e-04  9.57402173e-01],[-0.66790001 -0.71632775 -0.20195079]
317,48.84238933020908,98.33151502099118,127.61267408531543,9.566834839973296,13.26327939127895,8.62528415130864,12.453683016888828,3011.1127657983448,3009.728923742303,242.4860026867405,[-0.63092773 -0.47777218  0.61128057],[-0.71974928  0.65458115 -0.23126715],[-0.28963973 -0.58588161 -0.75686958]
215,170.3679102665667,29.938840215669327,114.01794297845466,8.884662050950183,5.608361108464294,16.685648061506015,11.457467248967498,3050.369233725072,3043.6842827555947,233.9400168122337,[ 0.09632915 -0.98868525  0.11498772],[-0.56249179  0.04123608  0.82577392],[-0.82117214 -0.14422575 -0.5521551 ]
54,32.67206620305145,93.1624323825997,149.35420237101195,3.980090149446578,4.451358967544187,2.9485284564967116,3.863003145660055,1316.2822049087715,1316.19535731206,39.82185747884188,[-0.07853555 -0.8379242   0.54010666],[-0.98007994  0.1640316   0.1119685 ],[-0.18241567 -0.52055419 -0.83411501]
47,192.44305465461667,97.63873446865432,193.29723656405636,3.359511504089857,4.484937999533665,2.4779684111887397,3.5783525215431142,1986.4854634466835,1986.4033126307274,34.12869409283956,[ 0.69856558  0.03766112 -0.71455425],[ 0.26600589 -0.9407136   0.21047279],[0.66426425 0.33710469 0.66716822]
75,4.4473405379699,68.59033183476656,108.21975676637716,3.3202489130912967,4.782641839483659,5.270460029994845,5.001158724655823,1112.0095666462773,1111.4552353320182,52.36922088885369,[-0.96902623  0.22465397 -0.10256097],[-0.24451461 -0.81451565  0.52609587],[-0.03465201 -0.53487836 -0.84421821]
6,67.73896209456899,101.83193719513763,83.64827498516821,2.718277212338983,1.5721687059835525,2.758229058658177,1.3333921330630436,363.08735664700583,362.9696797606924,9.712765415051733,[ 0.31987483 -0.7193025   0.61667172],[-0.82996277  0.10120614  0.54856095],[-0.45699223 -0.68728541 -0.564621  ]
124,15.830888719091817,82.38221164653109,50.804919719764584,7.078265105687208,8.483899554975604,5.647559524909668,8.31498221454235,1099.2815743155338,1097.4349781667738,103.97656276055255,[ 0.82011081 -0.40748742  0.40171167],[-0.54783076 -0.35643526  0.75685888],[0.16522627 0.84077816 0.51555055]
10,45.80979621120484,23.512205385686833,155.12625100435486,0.7569564204901584,1.2988126632699901,2.0019453151238142,1.9546879653326918,516.9261006959722,516.9125576145398,4.94646148498094,[ 0.927309   -0.29611262 -0.22894395],[-0.24810848 -0.94426165  0.2163611 ],[0.28025025 0.14383066 0.94909037]
317,97.52045476634613,87.23221175521525,79.23543736784349,11.935528277517218,13.536569444649265,9.347767225671303,7.805241393167407,2742.168263387593,2732.1761692126993,334.5426602515165,[-0.17184427 -0.54929264  0.81776962],[-0.75195005  0.60942684  0.25133652],[-0.63642805 -0.57173117 -0.51776714]
30,58.96809458599363,72.99128990205082,66.37053000622824,3.25672770299117,5.661304147974348,2.554283770616697,3.454266058848636,630.5555281181943,629.9549913274061,33.286712572661195,[-0.74047766 -0.01245485  0.67196556],[ 0.43427311 -0.77193619  0.46424281],[-0.51293246 -0.635578   -0.57701031]
21,121.58218207914065,52.42231120351748,195.57490845443903,3.3206827375127914,2.363990234164658,2.570980751546693,1.8666740375660793,1082.4928855491519,1082.3708313114525,20.311625170735464,[ 0.41670086 -0.90891315 -0.01540386],[-0.74922814 -0.35298911  0.56040689],[-0.51479859 -0.22198103 -0.82807417]
254,43.1180528673165,49.508851632613485,184.276505090369,16.934478121691434,5.7024152466867255,9.094715606898562,7.9340085098962545,3132.572501980114,3121.9292008240595,291.5033535619381,[ 0.02963654 -0.96712625  0.25256385],[-0.97495713  0.0277473   0.2206551 ],[-0.2204093  -0.25277838 -0.9420843 ]
7,15.45732249903067,166.84253597690778,59.28769161121132,1.2731957710446864,0.7125229615515992,1.953222684498606,0.8668287308158334,470.2856171536824,470.2591696919956,6.036459721616302,[-0.89503722 -0.07339366  0.43991108],[ 0.43742586 -0.33684726  0.83378207],[-0.08698852 -0.93869446 -0.33359512]
71,124.89225271441198,10.207386730036127,103.74725526861316,8.777965377806378,5.446939902089409,4.1780404592968265,6.235779901911245,1373.790528327359,1372.0569302700858,77.00861985871653,[-0.33613298 -0.80766303  0.48445336],[-0.5445372   0.58635284  0.5997246 ],[-0.76843598 -0.06221566 -0.63689509]
48,53.666700290274946,25.114519374325198,4.131822721241053,5.300332008333681,4.414179885470984,3.81319213611103,5.636184401959449,414.3425729840179,414.1538331775119,37.96216398285319,[ 0.17426383 -0.51095902  0.8417559 ],[-0.39186285  0.74824677  0.53532259],[-0.90336904 -0.42314023 -0.06983351]
68,145.2990823667772,92.35971831214931,97.82828993619594,3.2740538660611342,5.142778619696871,5.342264571331735,2.775616139449768,1633.919394725059,1633.4647699333036,62.75772001201002,[-0.67925561  0.48613526  0.5498039 ],[ 0.01621247 -0.73902959  0.67347785],[-0.73372268 -0.46637729 -0.49410854]
23,189.38977545661376,14.500790728687669,178.3092988109285,4.387853359198514,2.9481011174550806,1.5538144572002517,3.5555422701409563,1249.643938674831,1249.614817058676,20.144025565807265,[-0.41713388  0.82751573  0.37578855],[-0.54535661 -0.55867082  0.62487846],[0.72703885 0.05571921 0.6843317 ]
20,6.578826575785252,94.72059051986406,116.1119512083435,3.5260001274451156,2.7231248741703222,2.4442082449522697,1.330926219885239,671.1107809215515,670.8592431963763,21.939525609991687,[-0.68778231 -0.54293708  0.48184523],[-0.72459129  0.55357298 -0.41051726],[-0.04385146 -0.63148736 -0.77414518]
181,133.10718026892076,11.70515951476632,121.231838487828,9.295521676209292,6.441643251168622,6.89881154215315,9.986997747431923,2432.916887100321,2431.966570634182,117.02706890497291,[-0.50676695  0.71106157  0.48742045],[-0.44544457 -0.70005146  0.5581282 ],[-0.73808292 -0.06572213 -0.67150146]
260,110.80913425343091,150.07541032676772,84.56143652407769,7.51133463543459,8.05567546344501,10.871452444286941,8.594019796092592,3311.027192942061,3306.537364640909,208.45689100549268,[ 0.50720014 -0.67567187  0.53499116],[-0.67148851  0.07930004  0.73675959],[-0.54023255 -0.73292498 -0.4134849 ]
162,15.560618279207691,117.71042951973524,109.77385785231851,6.391764030128214,6.812076828383955,12.461874506523646,7.452896906999752,2066.3823692615715,2061.67104415113,173.70849370203007,[-0.96667052  0.23119024 -0.10999628],[-0.2371882  -0.64694591  0.72470874],[-0.09638394 -0.72664439 -0.68021913]
63,97.44098448016744,144.97105656661236,56.53864681348003,8.425061284368834,5.697046096968785,3.8304271396661353,3.7563795769600974,1459.5532581776768,1457.820702604228,80.92804082283033,[-0.24873299 -0.20232496  0.94720458],[-0.81011277  0.57948647 -0.08895354],[-0.53089471 -0.78946821 -0.30804344]
16,137.68071113254666,99.29722453219716,57.530221785028075,2.003235958536228,2.9094444319685717,2.3363855120937123,2.292110734859843,717.0883306609055,717.0616233525814,14.195523963716555,[ 0.36753572  0.02899773 -0.92955722],[-0.52432693  0.83197973 -0.18135877],[0.76811377 0.55404771 0.32098656]
44,185.94207638176712,182.73537438036593,9.344719544942048,3.6688536419643296,7.116537021565394,2.5338813333508132,4.355329668840679,1731.2542972101573,1730.7354823532728,47.657632396891046,[-0.14474624  0.09691788  0.98471085],[-0.68649041  0.70687116 -0.17048188],[-0.71258645 -0.70067116 -0.03578375]
96,105.50792619242509,55.536223245249175,4.7074801355093365,7.800986756124962,8.863514051857962,2.8610777535416054,5.278199147181505,1174.846574805041,1170.7063816623102,106.23571992700721,[-4.49003188e-02  8.66119227e-04  9.98991097e-01],[-0.46388465  0.88563182 -0.02161744],[-0.88475703 -0.46438726 -0.03936337]
5,118.51822157405233,187.20868915135242,65.12337603244431,1.7950986571785486,1.3088409503682854,2.4647830804305726,1.0860166218229348,516.452753408667,516.4153030312036,7.0040512152736545,[-0.53464399  0.55896143 -0.63381222],[-0.67142736  0.17447036  0.72023982],[0.51316772 0.81063075 0.28202246]
114,177.6661428493688,166.16311472383242,158.54344223197273,8.160663595476626,7.576438123702453,4.35825846095382,9.179704278033713,3102.4716618930424,3102.1900226939892,81.86860930682907,[-0.61012517 -0.09735326  0.78630123],[ 0.50314017 -0.81423836  0.28959604],[-0.6120435  -0.57230956 -0.54576965]
81,57.29455631067761,28.694832635468398,131.86613866124276,3.6631580962007444,6.446138521870134,4.796405111056754,5.176080357180722,1321.6629788754535,1320.540725517624,64.4903258472369,[-0.90655329 -0.08720037  0.41298575],[ 0.15918626 -0.97681028  0.14318317],[-0.3909231  -0.19554483 -0.89941167]
107,185.3456236327632,139.0419209867241,187.337038246514,5.4151065738404105,7.306842483089355,6.529718886090276,6.453279074423258,3084.0158648729193,3083.153314179575,94.51290815998922,[-0.13279344 -0.72841621  0.67214264],[-0.77183321  0.50144158  0.39093456],[-0.62180334 -0.46686847 -0.62880397]
58,145.63644783686223,82.28123331675282,69.4564966142244,3.852207851909177,6.310253877131824,3.609982284311019,4.365202215034691,1380.598345258611,1379.971924251118,52.78303815409447,[-0.50677314  0.18647431  0.84166996],[ 0.31103513 -0.87101442  0.38025126],[-0.80401377 -0.45449005 -0.38340665]
179,187.84846606826454,34.18210366373367,64.94521921372399,4.948787340299512,5.973428196991869,6.562788479510223,4.872878444933009,2700.6055930368084,2700.0796564134343,119.65461922645922,[-0.05375469 -0.8113437   0.58209264],[-0.35998271  0.55948315  0.74658626],[-0.93140908 -0.16941077 -0.32214454]
16,63.735144069152625,155.21451230484465,149.1838963990661,3.8278849527774974,1.4963055324184846,3.524576966634976,3.049532556946197,898.2880675270775,898.2222673074613,17.858072429245173,[ 0.23022458 -0.72190729  0.65256916],[-0.93079484  0.03229863  0.36411231],[-0.28393242 -0.6912356  -0.66451164]
184,120.82544568895399,130.78069620354182,99.37690538493925,10.431938573577447,6.044318230284377,6.266464050252992,9.06150462710186,2771.2416256139522,2769.438682326844,138.31394985141853,[ 0.49437785 -0.76740316  0.40826821],[-0.63517974  0.00170999  0.77236247],[-0.59341153 -0.64116259 -0.48659356]
2,29.993474033056454,29.365233090979203,95.46129337991638,0.1203400469674385,0.6092391732857241,1.998079770064109,1.9659674918052374,147.50702972869018,147.50355470637507,1.0125059822578852,[ 0.0069009  -0.95638454  0.29202907],[ 0.95775748 -0.07763928 -0.27689844],[0.28749431 0.28160388 0.91544867]
15,168.2467134147547,170.47681157125348,50.47062071834312,1.9770543138094465,3.4442311546675906,2.861103633937255,3.4891381393764127,948.1826834810934,948.1500967155935,13.312281809899904,[ 0.66955073 -0.71752993  0.19197036],[-0.28165977 -0.00611952  0.95949483],[0.6872915  0.69650079 0.20619664]
137,144.33793368569752,36.01834343039129,98.47702876533172,5.394498265020709,8.009458400288056,10.621527763796708,8.239936422565869,2094.468315462835,2090.886712278776,137.34298433021513,[-0.20388191 -0.7847704   0.58529274],[-0.55278556  0.58570775  0.59276855],[-0.8079977  -0.2026866  -0.55322496]
3,1.5556222660940404,124.33150578522685,127.20552883960465,0.2999945308328051,0.4611493763884289,1.7044100375882698,1.300238981572916,308.1161987613136,308.1088479372716,2.1286265100784703,[-0.97171191 -0.16284478  0.17104838],[ 0.23600702 -0.69640931  0.67772764],[-0.00875527 -0.69892464 -0.71514173]
45,33.58614945953872,191.9722739712773,64.81653302684084,3.473876723264838,3.48876654739933,6.593077120835958,3.959819276776846,1378.6982469677523,1378.1783407754804,48.376600231664156,[-0.97526204  0.20146071 -0.09098095],[-0.14864527 -0.29305648  0.94446942],[-0.16361092 -0.93462906 -0.31575304]
4,144.599202525508,140.2343265375692,176.23036503644187,0.6690340439689911,1.1885032568904785,1.441143925845738,0.9393834852183275,535.2959666947879,535.2862597081579,3.498959488197714,[ 0.81616944 -0.13576385 -0.56163656],[ 0.20487511 -0.84085751  0.50098387],[0.54027182 0.52395308 0.65846757]
31,75.94434060407114,142.68582169724155,153.06957201941773,3.469252895160326,5.2666011541989475,3.1916726553395742,4.680895563735033,1239.975856676969,1239.8492624901621,29.49853532259047,[-0.50091709 -0.49496099  0.70999696],[-0.79548604  0.58650514 -0.15236036],[-0.34100443 -0.64111258 -0.68752501]
6,60.3700024401698,75.37187443216106,112.4872938497344,1.3246234295276993,0.9623671576988153,1.0783238828563828,1.0889680393376657,363.1655672211097,363.162582352555,4.000927170732747,[-0.52605229  0.80967822 -0.26017335],[-0.74661286 -0.29319118  0.59716679],[0.40723241 0.50838972 0.75875006]
64,10.182195455677846,176.3485272724368,5.921021574787008,5.878113861761707,4.081981262654815,3.86767049609533,4.3205490358518475,1415.1079927225521,1414.6748609402277,55.13244375772539,[-0.18497833 -0.02227435  0.98249014],[-0.98102094  0.06333688 -0.18326579],[-0.05814573 -0.9977436  -0.03356755]
126,132.60255559066727,93.27422338156133,15.34622590547472,5.637992442121377,3.7153687034675724,7.7158539646953965,5.848138897129984,1831.0885663716465,1829.6055451003097,94.5734125908385,[-0.57976592  0.80985676  0.08946234],[-0.02559157 -0.12784459  0.99146398],[-0.81438108 -0.57252755 -0.09484544]
30,131.02733687610015,168.02428764837614,81.84287700217381,2.9635104637078764,4.437353288131455,3.3267281366410493,3.4019476649033185,1250.560871932423,1250.4176821896228,28.98876761785163,[-0.68974935  0.19873554  0.69623991],[ 0.44132297 -0.64692648  0.62186828],[-0.57400336 -0.73619992 -0.35851056]
11,12.480016254374563,35.41961670465265,184.75597713918916,5.299748031589207,2.9408404902235676,3.463842415043289,3.5423720125619846,625.6707022594867,625.4616689976057,19.939602498553942,[-0.13429626 -0.97148405  0.19540534],[-0.9887473   0.14448231  0.03877679],[-0.06590364 -0.18799892 -0.97995567]
13,97.48489237072059,137.92545666265605,40.56707139947501,2.8829339769812967,1.9061799914629285,1.929755260209777,2.512584365065622,626.4196433019498,626.3924542618676,11.014228558200191,[-0.50673011  0.55275356 -0.66158   ],[-0.65434097  0.2530444   0.71260538],[0.56130427 0.7939975  0.23346409]
128,74.82695649501827,136.3169977935225,74.75306969730924,7.939052857975865,7.815204566661897,5.3319148177990385,8.191994272929344,1956.3961275933573,1954.8742081683192,104.88686612718897,[-0.6168207  -0.0894621   0.78200304],[-0.65648015  0.60659383 -0.44841691],[-0.43424191 -0.78996231 -0.43288972]
38,145.68705853402835,136.37658407465665,16.84919318664047,6.321069576040927,6.215192396769511,4.142026651969194,3.007401911911382,1235.897463791958,1234.7807605354462,57.414770995324545,[ 0.19463119 -0.32243649  0.9263657 ],[-0.65795739  0.65751886  0.36709812],[-0.72746874 -0.6809579  -0.0841758 ]
14,24.576165662011025,174.9350216351194,155.8639524925629,2.019962165842218,3.1162338082087166,3.9504241370589046,4.442328370647621,881.6871930724736,881.6525854450496,11.598605735617207,[-0.64856072  0.55510732 -0.52079253],[-0.75399475 -0.37485444  0.53942197],[0.10421569 0.74252274 0.66166387]
7,56.10985346247885,158.09199507570233,81.46989119797828,2.233510074142878,2.08505470870685,1.4661918437524788,2.6701395875624327,493.47933893766907,493.468331571316,5.502399870544634,[-0.27126826  0.5152523  -0.81297515],[-0.91424184  0.12617031  0.38502325],[0.30095744 0.84770049 0.43683922]
12,30.7032474605154,66.95708734268648,5.143922840592778,1.8585891283731644,3.6287672630811634,2.4865193285858966,3.777384585395676,256.25519978235366,256.1953520639271,10.107303758784958,[-0.89968077  0.42111842 -0.1150382 ],[-0.13401299 -0.01563119  0.99085629],[-0.41546965 -0.90687096 -0.07049841]
3,176.06733431101625,85.08059238227871,24.38634228727435,1.3835318225181754,1.580161740664351,0.8315041614755825,1.1486966005967092,341.3406682665535,341.327541709297,3.363761523956012,[ 0.271406   -0.29952687 -0.91467067],[-0.3578385   0.85081378 -0.38479544],[0.89347098 0.43174017 0.12373372]
11,6.567588190040212,177.69771342317347,145.79671992301903,3.0844706980659957,2.012159362802799,3.389158084740629,1.1687090667248994,762.8205934662207,762.6753108684543,16.145086972218337,[-0.78896941 -0.37203852  0.48899347],[ 0.61376599 -0.51426052  0.59902205],[-0.02861076 -0.77273764 -0.63408041]
24,8.568599138265704,56.600555264209184,14.876019380224108,3.5044496730324646,2.944780549596412,2.1418703653804627,2.664829384359262,290.7423665044862,290.1097150378367,21.248048759925926,[-0.48719525 -0.15242453  0.8598881 ],[ 0.86134769 -0.24617493  0.44438504],[0.14394772 0.95716491 0.25122578]
147,150.54756847148843,154.20811883562487,182.95553148692335,9.710152949795823,8.482212074945135,9.475059924818067,6.88300879348169,3432.568169235016,3428.96545834106,175.11909184394193,[-0.08036928 -0.72872174  0.6800775 ],[-0.84297433  0.41378747  0.34376476],[-0.5319164  -0.54565975 -0.64754952]
85,25.344612869578224,147.17968974973792,101.96886662083473,7.160454395518986,4.178017777470863,6.659189919193114,4.760186037881418,1669.3626201838763,1668.5547516562824,87.70456509404914,[ 0.35297981 -0.57325999  0.73944455],[-0.92515926 -0.09593909  0.36725472],[-0.1395908  -0.81373747 -0.56422135]
36,133.17618531182978,76.93408204328607,32.21385582833755,5.192712157607876,3.22279448059047,3.425663178021844,3.428044585341988,943.6887105555148,943.131840025193,36.69905919961933,[ 0.16519118 -0.61030175  0.77475393],[-0.50401951  0.62298244  0.59821168],[-0.84774773 -0.48931038 -0.20469279]
34,22.86356954723823,111.71589371116868,156.77697778149155,3.986653964345131,5.14124360559062,2.3614586580392762,4.192615149209166,1130.919896091074,1130.8521126588432,32.26372490266486,[-0.79382601 -0.4343672   0.42563528],[ 0.59657326 -0.69208399  0.40634973],[-0.11807037 -0.57649361 -0.80852613]
46,16.02399097865059,50.74159478125062,114.71458354959536,2.920139180129859,3.45030248392496,4.85222896390925,4.513569588471077,858.6030270479058,858.4485758710013,32.813155039852674,[-0.94886176  0.31560917 -0.00722529],[-0.28924814 -0.85998373  0.42043252],[-0.12647873 -0.40102224 -0.90729504]
42,187.8646826418149,12.022253400910634,139.18150631504398,4.471612358298961,2.8509485662694916,4.554763553918387,5.674879370784761,1517.8276565842543,1517.7538651325424,26.406358397957433,[ 0.41509006  0.66787784 -0.61776972],[-0.42876717  0.74250358  0.51463302],[0.80240822 0.05126032 0.59456995]
20,120.1031635438577,4.238419622010748,48.4704095352229,4.920902519165951,2.4074439143908584,2.488322334954993,5.210642314708386,580.1028711127058,580.031618643648,13.292130009063154,[-0.35458952  0.40360456  0.84342731],[-0.12339917 -0.91434991  0.38566422],[-0.92684352 -0.03267426 -0.37402336]
2,47.30266985961505,29.990831616296873,178.72487183566975,1.0212945002446965,0.9910924075471339,0.08758602449003661,0.3330467663283514,264.88339074955076,264.87613445482594,1.9606354194954279,[ 0.69228116 -0.71890855 -0.06258828],[-0.67598633 -0.6764077   0.29242966],[0.25256537 0.16013472 0.95423666]
4,97.28483024986535,53.49399458817005,110.97688340036954,0.852463661748801,3.151736755529509,1.322615965164122,1.9286719087867157,314.02690788468215,313.98440557187007,5.88933111561836,[-0.66486123 -0.25064599  0.7036591 ],[ 0.41711394 -0.90604698  0.07137809],[-0.61965757 -0.34096255 -0.70694345]
7,127.79084549008518,144.22479536274386,197.27456847453323,2.0409622487246972,1.809579415911057,1.6237479052435215,1.064393355635374,729.6533473269035,729.6329261764007,7.906909242081385,[ 0.73094599 -0.68197444  0.02507644],[-0.50096584 -0.51126214  0.6983153 ],[0.46341255 0.5229932  0.71535091]
49,46.38605570283402,87.72408212481577,91.54424743190583,3.530779828162311,4.620021151081836,3.616773999328304,4.427086597266906,946.1052280092538,945.7507071922912,36.522013805846505,[-0.23738105 -0.63844745  0.73214417],[-0.90884336  0.41209211  0.06468257],[-0.34300726 -0.65004996 -0.67807158]
24,179.85331581576474,187.12251526150848,149.84591982194596,4.89190087658699,3.76815521763539,2.886539119549589,1.9440294098138688,1468.5161033278903,1468.2739522284082,31.98517161655213,[-0.16735011 -0.51325543  0.84176173],[-0.78220241  0.5888417   0.20353092],[-0.60012776 -0.62436713 -0.50001235]
65,27.196950369625267,109.42034025113381,193.1802539383878,3.831953768421018,4.464462672210204,3.294048091907342,3.1866910431887905,1803.8973389602388,1803.7787896388293,47.848381409869944,[-0.94118403 -0.21954344  0.25685267],[ 0.31526648 -0.8440707   0.43376457],[-0.12157165 -0.48922932 -0.86364055]
3,193.1127197020229,38.6379982524032,175.52529214936445,0.5360542029300523,0.4513072523754862,1.5083739476554041,1.3607772606276587,456.9372666494395,456.9348521115883,1.6571787079363296,[-0.07393915 -0.95377157  0.29129501],[ 0.67726987 -0.26242732 -0.68734084],[0.73200992 0.14646393 0.6653644 ]
20,62.28204945735507,163.80791005255836,42.861702317484216,1.9348762365405714,3.3339067701677316,4.53213122737778,2.6399855397722667,807.2408442806941,806.9590256698941,23.743003336007597,[-0.90308298  0.25242538  0.34745153],[ 0.25553224 -0.33441289  0.90712254],[-0.34517302 -0.90799199 -0.23749976]
96,51.83024811075452,66.04520091884325,81.32878080893194,8.66849837072202,4.000608191200618,15.124954712779044,13.783097045504167,1157.4814009353724,1154.52359054895,109.43596573426512,[-0.86067486  0.04851947  0.50683789],[ 0.2486607  -0.82860479  0.50157947],[-0.44430467 -0.5577275  -0.70109442]
2,166.4218252694119,191.52644002835115,19.091521721624304,0.3626778611314734,0.3410154851059133,1.4249870639629112,0.08743999132899205,359.8482062551041,359.84189584836264,2.1310882835144986,[ 0.7287773  -0.60043925 -0.32917525],[ 0.20272277 -0.26998119  0.94128297],[0.65405437 0.75271699 0.07503345]
184,54.62763494506223,163.28834934842757,97.47360521684297,5.221805798183127,10.556657545992557,8.554852053168874,10.416027255197887,2690.309526374088,2688.488061383792,137.27121134522315,[-0.96007971  0.2121599   0.18230503],[ 0.04603185 -0.52301198  0.85108139],[-0.27591306 -0.82549782 -0.49236708]
12,41.2440578312623,80.56811662324621,159.73579228123165,3.084849662279046,2.7067262964061576,2.790402288780042,2.6904801749091183,636.1965232936332,636.101965264494,14.38677052570422,[-0.73416944  0.66332404 -0.14490154],[-0.64068914 -0.60617543  0.47124174],[-0.22475022 -0.43880812 -0.87001998]
31,43.06051954347547,109.85415677694063,163.9006024771167,2.5740532421730773,2.9966055842159958,4.302960728107332,4.822094072118571,1124.8594503442132,1124.799049459254,18.384994293415698,[-0.38190046 -0.71821899  0.58164725],[-0.89928654  0.43393402 -0.05463498],[-0.21315665 -0.54393267 -0.81160427]
16,153.62055881925016,109.42525495930283,168.38683219016355,2.5228296254815943,3.159782611279038,2.7511033906501337,3.96180207805022,1011.525810685388,1011.4949227719028,11.494479153491906,[ 0.79323053 -0.28791812 -0.5365524 ],[ 0.04049275 -0.85426011  0.51826634],[0.60757358 0.43283117 0.66596661]
31,180.321707775955,109.9342918495008,11.395419104957247,3.190023183931321,3.3374817723111136,2.72408145310682,3.806929837347492,1177.8589431173784,1177.8499002195304,21.012417274300265,[ 0.45648258 -0.690468   -0.56113955],[ 0.25447582 -0.50301695  0.82596368],[0.8525642  0.51983448 0.05391106]
83,141.21962256551677,188.4168715947402,50.407636347022546,3.968427671313327,3.9912649587169233,7.091092948764286,4.265312376657188,2195.1763619649596,2194.3041406680572,72.92075378593202,[-0.70382377  0.62018123 -0.34642076],[-0.40095079  0.05574052  0.91440224],[-0.58640478 -0.78247571 -0.20943065]
104,153.0666281176544,65.8185038755996,52.5705245218447,8.272663689757522,6.097227685343166,10.58579801218908,7.590647331311934,1787.7407935184026,1783.8072492460333,128.51863207014398,[ 0.42456335 -0.89864235 -0.11039878],[-0.22750715 -0.22390929  0.94768409],[0.87634836 0.37723542 0.29951124]
226,83.27567271138203,176.48271359490238,104.27828491241634,7.931279770279224,9.34752635675548,12.88914855063836,7.3828355263621255,3336.197244176699,3328.978489310906,241.54514398516113,[-0.83933747  0.50885426 -0.19125885],[-0.39217901 -0.32317421  0.86125144],[-0.37644154 -0.79788832 -0.47081419]
6,71.27809145212994,7.949347812645868,99.46329248974409,2.576251417326325,0.9716958688334634,0.9150771401779537,1.2800305902797715,300.44310695809185,300.39132744437376,6.361878466830448,[ 0.14464029 -0.98917903 -0.02457714],[-0.80065796 -0.1315965   0.58449053],[-0.58140004 -0.064863   -0.81102822]
38,70.19865834182671,81.53155245884479,50.42463920255823,5.590166395645302,6.181526115691336,2.649517142499007,2.231929594369023,734.2807390722932,732.7386739765112,51.94260597343443,[-0.47346591 -0.13078625  0.87104821],[ 0.65327319 -0.71546884  0.24766608],[0.59081653 0.68629389 0.42418926]
37,128.0527377838473,114.18134508001326,144.2971594389694,3.2069926832021154,4.1920854458525065,2.8020121546319774,2.867515674061552,1364.041377297792,1363.8196229177806,31.853197483116528,[-0.66383759 -0.17455161  0.7272217 ],[ 0.48274519 -0.84268673  0.23840334],[-0.57120639 -0.50932387 -0.64367108]
6,49.0671284237082,5.854967742932005,54.98384658654968,1.8086356029097075,3.425168319103584,1.5496866976026409,1.3853439018920626,181.31254821749584,181.16833143373165,9.679600895506926,[-0.71493272 -0.22494826  0.66201925],[ 0.21979162 -0.97113961 -0.09262563],[-0.66374909 -0.07928519 -0.74374122]
3,82.78238661140303,134.58305723674698,53.32428866322338,0.8517457023565473,0.22079292858331656,1.2682975016207794,0.18019901128327856,288.8496309834942,288.83758676127326,2.655463375797576,[ 0.69394564 -0.59023937  0.4123796 ],[-0.52154436 -0.0171838   0.85305111],[0.4964181  0.80704535 0.31976064]
5,30.539183853123365,169.20507964444982,101.72954147372238,2.2278936935803064,0.9004971526873172,1.1752227872064753,0.3961744209486329,446.75037198712346,446.73223799617364,5.913676364511399,[ 0.27423898 -0.5313797   0.80151643],[-0.94943158 -0.01710561  0.31350771],[-0.15288121 -0.84696104 -0.50919969]
2,17.413495753771613,176.56974168167608,138.75887252607595,0.22910141598414668,0.5825686850286758,1.262879728075049,1.2169510495299534,318.54706074785065,318.5454730991864,1.005723177789673,[ 0.88741399 -0.33574458  0.31586704],[-0.45444556 -0.5222784   0.72159858],[0.07730228 0.78390105 0.61605479]
2,33.289447831306504,143.8218306216977,114.15562379609096,0.4254013013868523,0.46607644712774743,0.13189162449479142,0.5157695599452126,263.9122139404944,263.9116472044698,0.5469339966633224,[-0.47437742  0.61203634 -0.63275397],[-0.86205694 -0.1773081   0.47478382],[0.17839255 0.77069667 0.61172113]
4,162.4089865061115,90.40614367334365,51.17419501288234,0.21959356230009416,1.0111191572587297,1.0967148456540683,0.13673134753773797,385.5955079007793,385.5843081288455,3.002685760394577,[ 0.52363704 -0.596213   -0.60855099],[ 0.12711388 -0.65163795  0.74780348],[0.84240507 0.46893288 0.26543482]
43,16.77591153261684,103.78867508225969,32.205256442638785,5.1373411194530085,5.427572823020463,3.4377079581526573,5.039717717008833,722.6716001168485,722.2116859948214,42.13837279644536,[-0.19254441 -0.26198087  0.94567049],[-0.96941357  0.20025249 -0.14190232],[-0.15219718 -0.9440683  -0.29252531]
12,185.20907062724424,18.51795660516939,28.634936404596957,1.9242065584054953,2.105308909184743,2.580550328412185,1.952099636314212,652.4807585698601,652.4251207611014,11.487392545391549,[-0.01748562 -0.78445382  0.61994069],[ 0.18025078 -0.61234979 -0.7697645 ],[0.98346526 0.09828498 0.15210573]
61,179.06620336372072,23.226297749385534,187.581830037448,4.176972325379307,4.508293991540671,5.779879959561001,6.130961517752601,2034.4439335821346,2034.253663011177,45.26628891202749,[-0.63272432  0.56040094  0.53442561],[-0.35605755 -0.82339392  0.4418659 ],[-0.68766486 -0.08929303 -0.72051634]
11,181.11670722047865,100.02256129410551,152.3186490094693,2.2455914981735314,3.1265118844276887,2.582710031035026,2.6103901693433107,852.2308892370821,852.1767299933476,12.746246702926028,[ 0.39769607  0.47518217 -0.78488199],[-0.58730478  0.7890665   0.18013094],[0.70491909 0.38932757 0.59288541]
7,51.14571151626372,195.41209209340943,101.1488805592571,1.444084652827112,2.6514310269955086,1.799147915423396,1.765456542356885,597.7535484181141,597.711621738248,8.03519336476676,[-0.95011817  0.29736978 -0.09405675],[-0.21448674 -0.40403796  0.88924056],[-0.22643077 -0.86505754 -0.44766568]
2,13.31604735402614,29.235981192023687,193.6302821540721,0.5944064575752925,0.9611962642002378,1.168883406767037,0.9695998299941948,277.5874254579062,277.58128930973794,1.8456970207031156,[ 0.85995255 -0.51006091  0.01787408],[-0.505847   -0.84714775  0.16266377],[0.06782645 0.14892467 0.98651965]
3,166.16464725072527,45.60343810003794,192.76582672219016,0.7857078715671009,0.5509112978056606,2.284973520755707,1.6263738597982695,447.84510070496844,447.8340502956096,3.2320150653674182,[ 0.08800999 -0.98369208  0.15685704],[ 0.76109151 -0.0351848  -0.64768954],[0.64264605 0.17638572 0.74558308]
39,189.02109553054373,30.254063751547125,158.4637208754559,3.4811002926216945,5.8568772723218325,3.8742740640911966,3.9080992643945494,1552.604187800567,1552.1996361442013,42.19931923617192,[-0.64602468  0.23855267  0.72508258],[-0.06396847 -0.96348886  0.25999471],[-0.76063142 -0.12158057 -0.63769743]
47,25.336042129582804,14.348154480857183,86.2280838528952,6.819432658663501,2.689343393634514,3.6246389678748074,4.365072757833907,626.178839575565,624.935597510583,47.435549304241384,[-0.17552443 -0.96155609  0.21118963],[-0.94373741  0.22541553  0.24196598],[-0.28026929 -0.15683661 -0.94702239]
18,111.66252059268038,139.04333377351654,25.456605162761434,2.0771480349838627,3.170168935133229,4.959975740785148,3.427624931910279,764.6470237738873,764.4655773588169,22.268691174943044,[-0.78469558  0.61212908  0.09772834],[-0.01130127 -0.17175747  0.98507444],[-0.61977828 -0.77187911 -0.14169516]
