N,MEAN_X,MEAN_Y,MEAN_Z,SIGMA_X,SIGMA_Y,SIGMA_Z,SIGMA_R,LAMBDA_1,LAMBDA_2,LAMBDA_3,EIGEN_1,EIGEN_2,EIGEN_3
171,87.0516263997941,180.41608854335328,99.85212330178612,4.625472941393305,5.446209762981126,11.6459783880824,5.854763211260671,2931.7730590868914,2928.5204274988655,161.16125452311536,[-0.85631812  0.49482892 -0.14786352],[-0.34019855 -0.32505259  0.8823864 ],[-0.38856689 -0.80590641 -0.4466885 ]
189,50.6744854252749,189.89998372702016,70.57010250595872,13.972833771739879,4.652171220148698,8.506531764333133,5.511937350198364,2878.9934989871062,2873.3992884822605,221.1442508584573,[-0.39753308 -0.22470013  0.8896501 ],[-0.88468003  0.35118285 -0.30661352],[-0.24353376 -0.90894469 -0.33839452]
2053,92.34602232341133,128.53964356391455,148.82471087036535,14.375981294753506,31.949680960886404,15.190400616568164,24.255967545153045,9978.857341696303,9923.764505762863,1314.479385981063,[-0.883746    0.10848945  0.45521758],[ 0.19849882 -0.794005    0.57459053],[-0.42378204 -0.59815224 -0.68016372]
366,52.59087618485391,37.34480238610728,104.30132170890677,9.489317315113412,12.018954318835508,11.2493025314616,8.434168085142655,2367.577359025353,2358.4922184598877,324.15196988964806,[ 0.71736583 -0.68751548 -0.11273303],[-0.55079155 -0.65874541  0.51252625],[0.4266321  0.30557641 0.85123916]
30,61.796971873951875,189.97669799192263,141.2451773787369,4.746375096143874,2.980041715830556,2.6570293952779447,3.636294515274752,1340.440077987075,1340.2942189480684,27.43382093364549,[ 0.29943432 -0.63010705  0.71645251],[-0.92003216  0.00822981  0.39175641],[-0.25274475 -0.77646467 -0.57725446]
32,56.17136711584671,119.32386882448122,22.586463002884308,5.328383138748589,4.799253060554644,5.09352293615835,6.913546139017212,758.3600325683971,758.1089607888275,30.660408427128793,[-0.86242534  0.33462228  0.3798032 ],[ 0.2816576  -0.30620564  0.90934432],[-0.42058475 -0.89121604 -0.1698306 ]
30,89.89890187143352,34.85555587317607,20.142323463341356,4.578378562023224,2.5075308830201357,2.021932871081466,4.4088675237029396,540.2386375973869,540.1935924475601,18.959884123962105,[-0.39097325  0.61396894  0.68569823],[ 0.11732769 -0.70567484  0.69875406],[-0.91289327 -0.35364554 -0.20386443]
31,39.2890975308832,38.869717193310954,65.748567931689,2.321307850153875,2.8123241596768835,3.1898093651564334,3.122349884674175,478.7882108199122,478.7389263916864,20.558392139124592,[-0.449184   -0.62552259  0.63793042],[-0.76766773  0.63550182  0.08260568],[-0.45707766 -0.45261345 -0.76565075]
122,56.92189773972087,27.335635933765786,128.81494770826245,4.735702673643524,7.820598583291594,6.137223331938379,6.612450021567723,1588.6254810379507,1586.8956756993916,96.38970010182004,[-0.81068089 -0.3859745   0.44025014],[ 0.43088305 -0.9024049   0.00227912],[-0.3964042  -0.19154396 -0.89787227]
2,166.45044653187864,186.15544159481192,122.35100848410204,0.25328062190170897,0.5745708288772704,0.8081386839166029,0.5885922073379675,393.26941461024217,393.26763230696986,1.183996432660212,[-0.34422407  0.71088668 -0.61331062],[-0.7233484   0.21565066  0.6559435 ],[0.59856234 0.6694288  0.4399866 ]
12,51.84671014566001,6.061780465117032,35.64774818387863,2.413847299497779,3.3863340233535206,3.16272231770456,3.034393030499155,219.63710602384705,219.28865025974258,14.875304750280723,[-0.52946663  0.50032705  0.68508242],[-0.21753006 -0.86063651  0.46041879],[-0.81996693 -0.09475036 -0.56451449]
121,149.58413637227275,63.09391436589091,56.25918244096428,7.547951896882056,6.517001487551752,13.186966045826136,6.275474294325599,1898.3113894582889,1891.6812593272164,168.13973761046583,[ 0.43094419 -0.89036492 -0.14675635],[-0.23650945 -0.26839231  0.93382485],[0.87083316 0.36771713 0.32624182]
303,149.64503078237675,161.39099951064472,185.9863213841461,8.166000853281542,15.48002335489027,8.495517196517351,10.627468322634654,5025.45941033956,5021.0797253902065,282.897105968326,[-0.43499546 -0.47672333  0.76388076],[-0.73628631  0.67666343  0.00301099],[-0.51832559 -0.56112518 -0.64535038]
111,42.55224414409055,56.15766975311984,78.86293665995595,6.623714529496432,5.115776618223567,5.762671156597067,7.027018666469596,1118.0610137066255,1117.869461328162,77.58830002922497,[ 0.49482907 -0.8118791   0.30983305],[-0.76949395 -0.24371365  0.59032425],[-0.40376137 -0.53052426 -0.74533265]
32,193.64969584567785,178.0253393063297,138.34967135252225,3.2641811914679493,3.827391565161343,3.8602466911039395,4.182580402831802,1681.5913096162317,1681.5068198140655,26.935384324770098,[ 0.20617554  0.45078114 -0.86849756],[-0.73008609  0.66182251  0.17019186],[0.65151052 0.59898858 0.46556065]
275,173.8282273821583,162.287903129683,149.66647078432229,10.566552855367682,11.374638456988398,9.714392285181962,15.624457278945822,4668.70759379543,4667.66394265287,158.3432380989649,[-0.58170342 -0.1191085   0.80463302],[ 0.52822815 -0.80756082  0.2623367 ],[-0.61854357 -0.57763197 -0.53267736]
58,4.200613192929503,68.83867810785001,107.2265781439234,3.242201964146416,4.6711001142386515,5.096387892245272,4.395210180362634,972.4336425015352,971.7532774285049,47.84991914451594,[-0.94859864  0.28191354 -0.14382414],[-0.31477106 -0.79323433  0.52124704],[-0.03286035 -0.53972591 -0.84119922]
16,135.97292720734242,109.90469998212254,190.17965221253996,2.7180034031735265,2.4004502263569387,1.1432283170161106,1.7001487578178953,1033.413625215102,1033.3852761813364,13.60616969618624,[ 0.46492137  0.58089139 -0.66814169],[-0.71188379  0.69394825  0.10796897],[0.526374   0.42544215 0.73615854]
70,106.89717327787695,56.24644423499212,4.283641696133909,9.640331826626122,7.851323126398756,2.9028845076439307,6.378892383853117,1016.5867929469308,1013.0732115714171,91.19914558078358,[-0.05303735  0.02572425  0.99826114],[-0.46110485  0.8860824  -0.04733189],[-0.8857592  -0.46281341 -0.03513389]
89,26.519338212164115,107.48680015983192,192.8841378253877,3.5409485142934574,4.013712214551744,3.9985107641695206,4.012827586460757,2098.8086980598828,2098.6814963110833,50.37254477533287,[-0.92216948 -0.26978625  0.27716211],[ 0.36793552 -0.8328493   0.41350392],[-0.1192766  -0.48329848 -0.86729215]
16,164.44728978409483,79.87531388728422,21.30831974477441,2.294546668342401,4.297290536841514,3.200066277579038,1.8208616822327577,736.5070330399692,736.3554467828316,22.132254794382604,[ 0.04274664 -0.338845    0.93987062],[-0.44717034  0.83475388  0.32128593],[-0.89342678 -0.43401616 -0.11583851]
65,19.881810974176734,48.997686364154305,186.0341059406137,7.672076365169777,4.2154865209151025,4.313010513566571,3.8661357172078876,1561.0292680770806,1559.801033772664,72.15220153291779,[-0.35549773 -0.89385341  0.27321685],[-0.92904484  0.36996395  0.00153799],[-0.10245512 -0.25328395 -0.96195124]
28,100.62552307253786,143.98111591649348,58.43581418838086,6.153885813544509,3.0901793449265087,1.8723449983339475,4.503353105113436,980.2721361403319,979.9080991933421,29.383327521056,[-0.0126609  -0.36841205  0.92957639],[-0.83906562  0.50957613  0.19052836],[-0.54388288 -0.77756333 -0.31557358]
17,83.21922901229613,165.12704743767787,76.59670080145246,4.299050388560491,2.237536621292824,3.5140767286202084,3.938962287831197,825.5465137664562,825.4499951898689,18.56235381941783,[-0.59928152 -0.06795041  0.7976493 ],[-0.68396663  0.56122831 -0.46606054],[-0.41599436 -0.82486697 -0.38280957]
394,115.23917386760021,41.10921924223913,169.36398659642788,11.964364473940192,12.640590553774066,11.469426568711544,12.806898556136408,4163.623410602617,4159.118733364717,328.3992316614531,[-0.44248392 -0.75388945  0.48565283],[-0.70735543  0.62629273  0.32772811],[-0.5512316  -0.19851474 -0.81039226]
129,132.6624710685006,92.97826207682478,14.791781340308246,5.87952736153254,4.145028397913441,6.359884802340506,6.323681252529454,1850.3300171397918,1849.5249537271557,82.45854322892937,[-0.5784098   0.8094446   0.10120057],[-0.01624471 -0.13546369  0.99064913],[-0.81558459 -0.57135719 -0.09150272]
632,181.34206186625957,97.00283240895085,72.1857309090781,9.751565550748737,9.180918250789523,13.97889425984232,10.073258448016333,5497.255251044746,5488.923977426611,415.08999160011035,[ 0.3636283  -0.88821382  0.2808036 ],[-0.41949232  0.11301283  0.90069656],[-0.83174555 -0.44531371 -0.33150421]
35,47.67074656971248,151.45787665482774,185.97294484391878,3.4951823098768435,3.2405933047185607,2.940201730654372,3.236758999514654,1446.9989128097438,1446.8978238187879,27.03589134489121,[-0.13222265 -0.75170854  0.64610482],[-0.97187927  0.22645265  0.06457457],[-0.19485341 -0.61939766 -0.76051212]
10,24.249310615614963,172.5615548855656,154.2949241805598,1.5482812574864282,3.183989069752653,2.389874497308114,2.1910307772181588,736.1233667923887,736.0716947692272,11.603301420393299,[-0.99442937  0.08854633  0.05718194],[-0.01629959 -0.66515242  0.74652969],[-0.10413718 -0.74143901 -0.66289037]
451,111.26697945622622,121.7920080115229,35.42261989926933,14.24342978250105,8.550435971626687,13.885044087059244,11.659943716739914,3604.4495949781144,3599.628997856876,389.8033006700499,[-0.70670983  0.69175646 -0.14843928],[-0.25163518 -0.04967001  0.96654675],[-0.66124198 -0.72042063 -0.20917255]
422,104.40236213886116,108.573724342859,187.95321783053336,14.789030909762571,13.860470107917475,6.306268562178593,11.715868931927568,4963.127396233278,4957.814144606337,363.322553400364,[ 0.54334107 -0.82133979  0.17372805],[-0.71833282 -0.3477483   0.60255214],[-0.43448641 -0.45218588 -0.77894126]
22,132.57791307036823,13.757531880580457,83.54942140875404,4.178126403840661,3.0768727850872386,4.213275980198006,3.9115267749017715,738.3956914578092,738.200894194828,25.511247653691818,[ 0.0232272  -0.99164435  0.12689358],[-0.53774015  0.09460992  0.83778547],[-0.84279062 -0.08769518 -0.53104945]
148,53.57752546584769,81.87983941375339,178.90403576181092,10.373777248082385,9.405886842832642,9.053493814211356,9.000576811396412,2487.774008691258,2484.41848986778,170.5183480392569,[-0.29376391 -0.83277806  0.46923711],[-0.91948057  0.38036007  0.09940671],[-0.26126279 -0.4022523  -0.87745931]
202,13.487185336699085,117.40896780385435,110.41990043329193,5.805531923665122,7.008262144401612,14.360768939931674,9.024307050894857,2310.0648365049565,2303.717737237126,204.0316440846065,[-0.98442833  0.16650044 -0.05637794],[-0.15483401 -0.66943542  0.72655533],[-0.08323039 -0.72397087 -0.68479112]
350,94.83133096935975,86.82975377754684,82.20362090950702,12.318956400832144,14.874166633878218,6.604926272849876,7.614020224779054,2876.9876579614943,2862.1318321051394,354.4786690672131,[-0.36504688 -0.39715338  0.8420273 ],[ 0.69397746 -0.71897977 -0.03825403],[0.62059331 0.57038345 0.53807682]
348,15.932390579975774,188.2127420280813,107.49880302484577,7.17339887965973,6.529255750894856,10.178200380709791,7.440890635269601,4060.688119630254,4058.76289657038,222.75037815459126,[-0.98240219 -0.02262723  0.18540214],[ 0.17171182 -0.49998547  0.84884014],[-0.07349147 -0.86573814 -0.49507219]
46,76.67180906414752,121.03658882164542,8.447979358211327,4.462559918407501,6.702973264862766,2.155820481326468,4.6647996912606,974.9674498335503,974.0577253000944,47.15925702053756,[-0.10084853 -0.00536675  0.99488732],[-0.8398063   0.53662184 -0.08223375],[-0.53343693 -0.84380578 -0.05862455]
26,18.575711395077754,103.64672217779675,33.12024273012568,3.830617737267421,4.952499910901575,2.536821522340197,4.2984422875408965,563.7911028941903,563.4024794200784,26.308883734019155,[-0.44960398 -0.19783929  0.87104298],[-0.87740015  0.2805809  -0.38915722],[-0.16740743 -0.93921988 -0.29973451]
64,17.430464411487222,51.535221944193594,113.35478826522089,3.0911938266399073,3.43501612877458,4.498448232851635,4.35802093022891,1006.9204426663,1006.7560350658199,37.81783015174217,[-0.93426471 -0.24788198  0.25632788],[ 0.32850912 -0.87790593  0.34837184],[-0.13867666 -0.40967756 -0.90162802]
22,45.059365315928844,191.29574675996156,157.06059804283476,4.078560929993131,5.760100826065019,2.5816977860708232,4.201938729242769,1180.4578469383318,1180.2621060865515,29.207467321895948,[-0.62790043 -0.40016414  0.66754004],[-0.75745275  0.51134908 -0.40594021],[-0.17890328 -0.76052007 -0.62418173]
278,51.63086036426963,102.78309351417643,127.86396014550517,6.571688025219694,13.279372906827298,9.1721402693254,12.538045903132433,2880.5763994880763,2876.89391456966,201.70871617874278,[-0.71186301 -0.37876803  0.59142695],[ 0.63581751 -0.70524524  0.31363234],[-0.29830714 -0.59930287 -0.74286534]
38,167.94199533800074,97.95196489667744,157.56259519020878,2.3170472428970315,8.366024440710074,4.2225164811001035,6.172477265729148,1543.72951676826,1543.1722320708686,45.896661815030996,[-0.64457969 -0.11169534  0.75633403],[ 0.36670627 -0.91321621  0.17765883],[-0.67085284 -0.3918677  -0.62960001]
181,134.55031542632207,165.23103711348378,134.29420314042443,4.860519279527974,10.850112434907137,11.347398045602732,12.15766563189561,3394.3706374701574,3394.0484929156805,147.47716268017282,[ 0.12955259 -0.68694448  0.71506881],[-0.83599637  0.31212963  0.45131492],[-0.53322246 -0.65626395 -0.5338459 ]
24,165.1041786115943,76.75015862983814,162.00855189926665,2.9681181670846613,1.8286305482021408,2.925655521997831,2.7193200141273075,1194.1349925980687,1194.0520783454283,17.870726444564088,[ 0.17380803 -0.94665625  0.2713535 ],[-0.71474209  0.06828947  0.69604619],[-0.67744706 -0.31492618 -0.6647458 ]
12,145.97189328309665,108.34910193999963,60.90452233449748,4.206356859022315,3.827121267985244,3.0535668685043964,2.134432561032232,664.4970964036769,664.1952805267573,21.17933976662291,[-0.4741503   0.15128094  0.86734974],[ 0.44189297 -0.81117376  0.38305057],[-0.7615196  -0.56489929 -0.3177683 ]
17,14.731140718434643,34.066229454523075,183.90271944801242,1.6550525199291635,2.0396731365290894,6.17249346451651,6.082174219035842,774.0006241867096,773.9758939805536,11.703010185043489,[ 0.82135047 -0.56903923  0.03972112],[-0.56502128 -0.80203523  0.19362448],[0.07832218 0.18147684 0.98027129]
4,30.550233762863954,134.51605619783325,121.5624521544602,0.8992715082398762,0.9574468333471863,1.0949038248476082,0.6259466661576806,367.7394043702721,367.72750233929895,3.183648155018161,[ 0.81072224 -0.48303345  0.33076902],[-0.56135786 -0.48105821  0.67339465],[0.16615299 0.73161581 0.66115921]
109,185.99885005342617,139.18599108042017,187.28577224369042,4.710329475538626,6.289839236264552,6.255615043893985,5.609993641326388,3116.8948779116427,3116.2568030388124,86.91149721123138,[-0.09421671 -0.75195296  0.6524492 ],[-0.77643446  0.46569266  0.42459378],[-0.62311535 -0.46658021 -0.62771822]
16,100.75596664904573,28.23210227025862,189.02925294745648,1.3676489444984317,4.016481316838699,2.8970030317544353,2.8287063992073453,864.4653610887148,864.3146127600911,17.10358811311307,[-0.87948213  0.1748633   0.44264433],[-0.09516918 -0.97588885  0.19642757],[-0.46631964 -0.13062844 -0.8749184 ]
21,190.317973918897,62.93592689798755,137.52182839966366,2.5371677884078108,5.20501726940998,2.4580139109858727,2.9505128892143557,1114.3347236523437,1114.1033930006656,25.428174111126825,[-0.57067862 -0.06335046  0.81872623],[ 0.24782588 -0.96381839  0.09816541],[-0.78288457 -0.25892245 -0.56573043]
4,14.518049013048195,70.38980103841638,118.28449556626828,1.2356480984800413,1.7014201038280563,0.5678954965363882,1.1734335103079168,276.847959014367,276.827363030556,3.67828657789591,[-0.77869302  0.57651636 -0.24751983],[-0.61856796 -0.63947301  0.456561  ],[-0.10493263 -0.5086287  -0.85456772]
2,154.07880002632402,113.85337324863974,125.4439027303396,0.5617362597727436,0.9976659733385205,0.5133847992166451,1.1552166673216533,323.8537151209998,323.8529743189795,0.692692156878884,[ 0.59466321  0.07698755 -0.80028032],[ 0.4400689  -0.86421648  0.24386314],[0.67284101 0.49719492 0.54779757]
62,43.827510963983194,38.31720599818371,143.9759866842629,5.506310359798321,12.521492381461952,7.131058763938916,3.8729154223853124,1227.8728291074992,1224.2787533935893,116.73309909921437,[-0.94943694  0.21145194  0.23207234],[-0.13901273 -0.94590841  0.29314287],[-0.28150481 -0.24605966 -0.9274749 ]
14,127.67439766522091,194.4078286950432,38.249029472559926,3.6662418635812397,2.5086146895811887,2.624057573957669,3.3835455862119113,882.1134340528254,882.0645195557345,14.541914103609358,[ 0.59572362 -0.5128671   0.61812678],[-0.59298252  0.23824254  0.76916333],[0.54174266 0.82474713 0.16219452]
83,10.19407553585704,174.85493872307364,6.017954256443899,5.4230995642168915,4.254448399742378,3.827929234585121,4.468178335332226,1597.892876289686,1597.5404726634263,59.24314380476962,[-0.06095595 -0.03087047  0.99766296],[-0.99641865  0.06056546 -0.05900586],[-0.05860238 -0.99768674 -0.03445174]
223,56.7317961603375,164.5745763529586,97.27372819075453,6.1395146325768515,11.859454321207757,10.326286115572756,13.503284343540116,2987.4662297184905,2985.8327125694777,149.47954517856067,[-0.94283727  0.33296749 -0.0138031 ],[-0.17387971 -0.4561822   0.87273344],[-0.28429513 -0.82524569 -0.48800187]
87,72.55806442088681,133.06553815152165,73.63413575965961,7.752716282582413,3.780965290915483,5.11372596381038,4.918555523009361,1574.2081901907732,1572.6106659198292,81.60132921258453,[-0.46351242 -0.2221768   0.85778418],[-0.77412153  0.57256855 -0.27000206],[-0.43115205 -0.78917851 -0.43738448]
13,147.73595812188972,10.02472159655026,65.1380421814741,2.529642769174657,3.038729596090822,2.4788199512492093,2.595078967696311,583.4919213636482,583.3625660170367,13.971587972351559,[-0.28379599 -0.6122265   0.73799631],[-0.29232591  0.78824308  0.54149645],[-0.91323896 -0.06206092 -0.40266989]
9,66.69333127641943,135.89472504746777,105.35713608381516,2.6729362971673494,1.3238091879737401,2.310114707038432,2.5296382973528075,553.4008633592869,553.3647580578711,8.377755696548897,[-0.49104961 -0.37034543  0.78848877],[-0.79249351  0.56572891 -0.22782634],[-0.36169645 -0.73674627 -0.57129731]
174,189.29955673009732,33.97651943920138,64.10174141657475,5.020577233354103,7.15413785833294,7.447501535997339,4.458538551362117,2676.8153163022093,2676.3750574105197,139.9337455621977,[-0.26392181  0.91926494  0.29205692],[-0.24163273 -0.3561501   0.90264651],[-0.9337874  -0.16765759 -0.31612028]
58,41.81349981242463,88.03511843924721,89.55282862962498,7.352042732799499,3.693766080072665,5.004994123731343,6.528138568566885,1010.4357330120391,1009.51073204609,52.76788722500626,[-0.12589934 -0.67760872  0.72456592],[-0.93997251  0.31499784  0.13125565],[-0.31717667 -0.66454705 -0.67659159]
16,167.93137082416052,26.953637488453854,83.08168353820534,2.6115310231948174,1.7695094280231463,2.9125800612953885,2.564055585650288,757.3166926166136,757.2531728714462,13.757909938843433,[ 0.18057397 -0.9824739  -0.04623925],[-0.42464008 -0.12027916  0.89733702],[-0.88717182 -0.14240067 -0.43891708]
350,115.39678104937259,120.57407967791455,107.17527161431074,10.648708822787878,12.418719005280213,11.639758499459084,8.437600015818523,3726.3037048571887,3717.529279674234,339.933043468222,[-0.7953655   0.56324332  0.2239435 ],[-0.16730862 -0.55911963  0.81203021],[-0.5825818  -0.60839313 -0.53893992]
5,35.5168569414286,25.243191243930852,41.43845828327899,1.5323121833087416,0.4875015900617651,1.018570405485387,1.0878284520972725,134.5130088269062,134.49318512675032,3.4901880299160695,[ 0.0341207  -0.86634805  0.49827385],[-0.80606838  0.27088679  0.52618828],[-0.590838   -0.41959671 -0.68909293]
9,142.8669149897532,5.155739357526591,70.24686356963,2.3126522147558966,2.457050402499244,1.8201874044519568,2.591281109747508,477.98040815504834,477.9391946903781,8.502311094239856,[-0.43250965  0.27218322  0.85956483],[-0.09213479 -0.9616977   0.25816411],[-0.89690946 -0.03246265 -0.44102108]
156,9.810481001279765,37.265329489330796,77.12006247038285,5.580124442083976,6.47312149502989,13.80741794318721,11.488348894302602,1093.833629036863,1088.1513381846432,143.70033668606052,[-0.92333595  0.37832156 -0.06575345],[-0.36808655 -0.82324047  0.43218909],[-0.10937555 -0.42325869 -0.89938261]
72,10.958389737548629,159.4181952957082,63.083437249937106,7.227913998431319,5.090230829555435,4.665640527155741,5.621885378339573,1459.8613782445602,1458.832089936728,70.60360387755084,[-0.4022274  -0.31251469  0.86055081],[-0.9132479   0.20342081 -0.35298477],[-0.06474102 -0.92787636 -0.3672248 ]
23,40.69270126462707,77.33080629769644,68.67515838549465,2.112465020805557,3.6261732852664825,2.354419015229921,2.839191600146599,533.4345849151863,533.2611724014873,18.644855653058045,[-0.88673088  0.46226281  0.00463138],[-0.28227225 -0.54934548  0.78647436],[-0.36610207 -0.69608379 -0.61760557]
26,31.084670196843213,64.29426853157234,3.3979878328510114,2.941418151554037,4.903315560359962,1.9738086803918937,5.140607149441926,365.73101138987613,365.6214232677721,16.291518575666156,[ 0.38211468 -0.23119337  0.89472789],[-0.81559974  0.37085082  0.4441472 ],[-0.43449446 -0.899455   -0.04685371]
2,108.44164388099838,27.193546682040683,143.224994157127,1.0359754764763238,0.01924157315344921,0.5417301074674725,1.0424603376596764,256.9585380835048,256.95744706890326,0.7487922567294547,[ 0.18177477  0.93168263 -0.31452409],[-0.78148948  0.33101184  0.52887177],[0.59685184 0.14966172 0.78826978]
69,134.0889615541075,165.81337286429186,85.36684135054082,5.44559653316274,5.400277576511917,6.526049080992447,4.430573757786691,1909.3511707216187,1908.8782252665144,75.04921297658765,[-0.81099458  0.53983141  0.22554343],[-0.03773844 -0.43297514  0.90061553],[-0.58383525 -0.72188266 -0.37151289]
21,39.67881234073991,49.27837554395141,52.924981444065494,2.0966145864497254,2.4252698694764803,2.5895575149064802,2.425400010458468,378.3661554733634,378.25783540619994,15.291018736783347,[ 0.55331356 -0.77446947  0.30666129],[-0.68019859 -0.20759314  0.70301847],[-0.48080556 -0.59758023 -0.64165714]
172,128.09068063222395,48.30195733198271,27.082165581361007,6.367826039495623,10.666105135006408,5.86486769573329,7.755457849853945,1837.4017972956767,1834.6475604631441,148.01400135325346,[-0.18940398 -0.04738131  0.98075539],[-0.35044783  0.93631328 -0.02244439],[-0.91723086 -0.34795466 -0.19394614]
195,168.660262131795,128.25715177630912,84.03763991895468,7.571718156682866,4.048997406309489,7.638855828009183,7.094625223290318,3186.162724476749,3185.557853131465,126.15768183942377,[-0.56839464  0.81618402 -0.10378428],[-0.35943511 -0.13286127  0.92366351],[-0.74009049 -0.56230911 -0.36888283]
76,174.7298029804824,27.623650506029673,96.43315932966841,7.151479507659357,5.853920637733292,5.55110001910287,6.403312381276536,1758.370599001825,1757.9090799772844,75.36225296437144,[-0.33837536 -0.54340336  0.76825445],[-0.36487015  0.82830897  0.42517529],[-0.86739373 -0.13644428 -0.47855101]
347,15.027122308718432,29.85545709037834,143.0001203846366,7.795943611836334,15.392325594343223,7.453067638783495,6.98073419070201,2754.12966600013,2742.1985869681603,327.4325482710321,[-0.98051798  0.18600996  0.0631252 ],[-0.1682797  -0.96121357  0.21851867],[-0.10132345 -0.2036388  -0.97378889]
50,92.71335108611923,49.43128846153277,189.8009190841466,3.465094060164427,7.232361728388898,4.7013951458680205,2.578939395758046,1535.3056634535794,1534.2262931028274,63.155123544260924,[-0.84648634  0.44068226  0.29876417],[-0.31756793 -0.86831711  0.3810197 ],[-0.42733066 -0.22765005 -0.87496512]
17,141.60936307648714,140.6559284321024,18.35302981583299,2.0971794998449544,2.2295838482620396,1.8312392988110715,1.9712497870120358,826.5185355618603,826.4806463120402,12.248775927830291,[-0.32107731  0.43309586 -0.84222167],[-0.63068182  0.56564604  0.53130499],[0.70650534 0.70176388 0.09152958]
33,66.83601140113987,59.1152245980537,139.89543372583069,4.261216199495467,5.953372439118086,2.5392311880806755,2.419107152407614,954.1113770655227,953.4032210662567,42.36753709141167,[-0.74672339 -0.40476826  0.52779431],[ 0.52929401 -0.84216512  0.10298425],[-0.40280521 -0.35625911 -0.84310581]
104,141.41043357993675,189.66678511318122,48.89274227465607,4.761553123249587,3.55035130936735,6.067755763169042,4.153971513897529,2465.0348109265733,2464.133141949684,75.59286219030729,[-0.63603519  0.59948069 -0.48588285],[-0.50277535  0.1557204   0.85027531],[-0.5853855  -0.78509494 -0.20236045]
18,90.1315821411127,150.62673069316122,13.313055132062084,2.0503072235134683,3.5677527798564266,3.065282095965053,2.99756956218991,747.142471883132,747.0138293704475,17.690375295444213,[-0.71224857  0.37368744  0.59418825],[ 0.48026694 -0.35790449  0.80077965],[-0.51190394 -0.85572313 -0.07544724]
17,173.56832190509235,165.3250112516413,63.02302500593925,3.5026437626420925,3.8985503867673494,2.056556939512464,4.433879475346779,1022.152262043903,1022.1077003561188,14.348626921102328,[ 0.129373    0.23170057 -0.96414598],[-0.7020547   0.70806081  0.07595444],[0.70027267 0.66705677 0.25427043]
57,182.32655085184626,24.422416891725973,190.9664541196599,3.256233089748475,3.682722532818596,4.016200408750373,3.634632269134445,2002.2843779240168,2002.2418561558948,39.32277709429139,[ 0.59462883 -0.6406585  -0.48577077],[-0.41668979 -0.76228393  0.49527046],[0.68759448 0.09208637 0.72023186]
207,23.377717253293994,13.155506323057354,104.42471406365419,7.8289009009000585,8.901994929539123,13.315273409007842,12.491391575527695,1568.1285048032519,1565.709378287438,183.00311660863164,[ 0.76072991 -0.64314681 -0.08747672],[-0.61313478 -0.75627897  0.22827148],[0.21296888 0.12001793 0.96965971]
8,146.49789792599478,139.52183131707463,30.868260197063996,1.3989988180854815,0.8373980444187221,2.346581925187703,0.8172085660874154,578.8861092971598,578.8392226302267,7.737238562118498,[ 0.55335961 -0.68566706  0.47292052],[-0.42584369  0.25507509  0.86809784],[0.71585634 0.6817605  0.15083874]
32,87.06456438602447,20.310576912268864,39.29222728538862,3.90063968761496,2.4148625511090414,2.134374422560813,3.854643401724847,553.0272187045903,552.9916647538156,18.558524331010535,[-0.0764721  -0.80613732  0.58676625],[ 0.44616967 -0.55394942 -0.70290302],[0.89167519 0.20804483 0.40203571]
57,184.98613032523355,185.7410598344093,8.519845289127518,3.8388945036816,7.29016956938258,3.268879272420198,4.693671342666922,1981.1974773887412,1980.6350211410022,56.64695022230968,[-0.20003986  0.15487152  0.96747034],[-0.68030762  0.68864352 -0.25090165],[-0.70509971 -0.70836778 -0.03239587]
44,5.123507000756278,174.542573786989,181.07134546219638,3.4722344134201517,5.248871663840616,3.200174155201021,3.7431944228380654,1669.1013867361899,1668.9490429954099,39.714426535304014,[-0.99933307  0.03594502 -0.00643158],[-0.03033381 -0.71911463  0.69422907],[-0.02032904 -0.69396117 -0.71972538]
6,113.20586922721951,60.568848066293675,55.761803422747654,2.852057707379868,0.8216897843132344,2.531677032872772,1.3573500343824272,342.99937502921665,342.8934389972881,8.974331556302014,[ 0.30184411 -0.8866592   0.35032213],[-0.50461128  0.16317887  0.84778542],[-0.80886191 -0.43267553 -0.39816366]
11,68.70338548982555,65.87212523268835,45.096500076922126,1.2728057048517887,1.6861439920102546,3.3340805515826677,2.463099306677311,349.5509184400475,349.42466669277354,10.246983708570479,[-0.74747279  0.62456706  0.22627506],[-0.12614531 -0.46788043  0.87474297],[-0.65220532 -0.62530304 -0.4285141 ]
24,19.800297134171,21.642763707292115,164.91641537651083,4.043621386623038,3.145689649285016,3.7171656473368775,3.9263537927522854,821.0667062313861,820.9537605045845,24.20578677355023,[-0.32358881 -0.93234143  0.16133734],[-0.93876423  0.33767661  0.06852906],[-0.11837232 -0.12928248 -0.98451716]
17,150.32280719152868,70.86442980672261,117.84638099654676,2.973178539592522,1.6596096930241186,3.4260203290722524,3.9183322138920604,840.2200936630284,840.1838156514561,11.621534094350661,[-0.47197565  0.87851594  0.07381547],[-0.4825476  -0.32749976  0.8123372 ],[0.73782573 0.3477839  0.57849767]
22,47.76718974265284,49.48933537706878,2.8570666409533967,4.378070736836745,3.1609707021067956,1.8546134499350089,2.2698056617432094,323.9163474331909,323.16171877423,24.44914377080143,[ 0.13458504 -0.18572915  0.97334041],[-0.70678039  0.67047505  0.22566497],[-0.69451302 -0.71830905 -0.04103381]
9,74.15968268040173,192.68640456775782,37.6930039915531,2.324577801971844,2.023784545984089,1.0560981615797724,1.3419277147011244,629.702595892302,629.6499024764507,8.899125264303684,[ 0.0486524  -0.20976419  0.9765408 ],[-0.93424889  0.33626096  0.11877533],[-0.35328736 -0.91811086 -0.17961205]
3,111.764116729266,14.878202932736732,141.0466169149998,0.5275668983894414,0.7147867585239887,0.17267890641369577,0.4765078593864397,312.76602014285015,312.7633532428666,1.333051254613072,[ 0.731675   -0.42208784 -0.53525092],[-0.28558783 -0.90280224  0.3215396 ],[0.61894368 0.08240134 0.78110098]
20,37.358310915281365,64.95456687891652,60.94398074612555,3.7994801218693683,1.8679817048888208,2.8167851284985765,2.9488474626890326,432.4561079833534,432.2335185806928,18.61733325920058,[ 0.14955563 -0.72110397  0.67649255],[-0.90984813  0.16746087  0.37964884],[-0.38705231 -0.67228411 -0.63105038]
55,157.98663029950794,104.36495349403727,27.86544163364492,6.221380277919117,3.319413563107782,5.233886696203881,4.551964092050279,1420.6673787028644,1419.9183402865312,55.96637686032416,[ 0.31214589 -0.65624145  0.68695859],[-0.46985316  0.52182936  0.71199166],[-0.8257136  -0.54501493 -0.14545023]
62,128.7867641474989,6.654387856581447,144.58063121820237,3.7742699257796524,3.7453077956021383,4.601922621270957,4.320854387377951,1526.2706842875973,1526.0774879247438,43.7841083727151,[ 0.48077879 -0.78422326 -0.39223162],[-0.57187183 -0.61953458  0.53771694],[-0.66469118 -0.03421669 -0.74633427]
19,153.14860991011875,110.61424249376478,168.55075040420832,3.035501669192684,2.037845425926702,2.651033923537809,3.1438681829165684,1103.7221383016179,1103.69800220578,14.105355466753467,[-0.46233769  0.87339491 -0.15305286],[-0.64830907 -0.21520457  0.7303303 ],[0.6049291  0.43688479 0.66572703]
62,69.29836997901424,164.33859846994787,121.48766806121955,6.775543661643637,3.273662646106162,6.81043992575432,4.191132640766628,1700.9230987825802,1699.6668303331535,72.69121178011285,[ 0.47609929 -0.64371136  0.59913701],[-0.81878566 -0.07593672  0.56905506],[-0.32081071 -0.7614915  -0.56321505]
69,33.1855194534563,92.38672252298592,149.10095551708363,4.083513717994987,7.927938986363914,4.216379437234573,3.5936371014322366,1484.8713022900297,1483.408376647635,76.32020758805007,[-0.9303937  -0.18055056  0.31901262],[ 0.31594775 -0.83625927  0.44816007],[-0.18586171 -0.51775663 -0.8350949 ]
28,42.46393224436436,108.52800921291539,164.08444658553248,2.8246605222405146,2.9679977765187946,5.083092062042577,4.985972081021035,1065.4630199959006,1065.3523440913714,22.187447090782626,[-0.94366609 -0.1050595   0.31377828],[ 0.25481178 -0.83568215  0.48652471],[-0.21110487 -0.53907127 -0.81537531]
4,98.75577437228834,89.14323635021711,124.34079706917863,1.7911475771347063,1.1162628184149832,1.2044754880274697,0.23510689798642034,364.22179842126536,364.2048041435688,4.838315718692807,[-0.04993456 -0.79250573  0.60781676],[ 0.83868557 -0.36372895 -0.40534894],[0.54232191 0.48952623 0.68282576]
30,5.800662771768499,184.55378795470395,58.45449939735386,3.895873979335111,2.5901333344508157,3.3413052787489277,2.992681303156879,1061.1729513369403,1061.0432697156996,26.885202138139952,[-0.38853433 -0.26721358  0.88183784],[-0.9209483   0.143692   -0.36222485],[-0.02992164 -0.95286385 -0.30191917]
3,100.0519983541404,194.2156631731854,197.74574623510202,0.6730936762849331,1.4343832386681081,0.9017876711220529,1.6050030927245889,510.4021622084353,510.4002053114029,1.497906037087839,[ 0.43676966  0.52138356 -0.73306988],[-0.83303871  0.54199589 -0.11084658],[0.33952728 0.65909001 0.67106005]
18,120.15398825184626,8.220764064179315,194.23309969121934,2.9658471988745285,1.8291979564406942,3.087615204469146,2.5580578914247436,969.7872510584273,969.7110731445157,16.479156617322534,[ 0.10944488 -0.99366049 -0.02570312],[-0.84358859 -0.10652979  0.52631711],[-0.52571867 -0.03591985 -0.84989979]
12,163.54876136184856,82.88279903871567,89.32928353995152,1.8949581547220529,0.9920124160419499,2.880075225120512,1.867383911971921,706.6197174262498,706.5579981067353,10.615271549083822,[ 0.46322104 -0.88585512 -0.02621034],[-0.37736349 -0.22391358  0.89858751],[0.80188719 0.40635381 0.43801085]
157,134.25464528530833,12.729871134889244,121.2502413296534,10.104777669143173,6.267402112853937,6.447612020163307,10.471120324467536,2277.6680816922612,2277.0905925377638,106.58979316054624,[ 0.46819848 -0.76768021 -0.43755832],[-0.48164205 -0.63687537  0.60200556],[-0.74081787 -0.07111161 -0.66793115]
8,142.87803980410393,82.80886986046062,43.83097307936153,1.4094669568902563,2.173990862298341,1.1637226356343506,0.7602731597352401,483.3156875248303,483.2771640679853,7.730485970254758,[-0.14298617 -0.25889833  0.95526259],[-0.52940431  0.83550216  0.14719787],[-0.83623324 -0.48467287 -0.25652715]
5,133.93595711876225,173.83917637765197,108.1016729375632,0.8455052923389922,1.5871563086188636,1.4311944495075282,0.7103313553664565,547.0338334422822,547.0206786736322,4.8887872390306315,[ 0.83410333 -0.42102324 -0.35638611],[ 0.06721499 -0.56369449  0.82324399],[0.54749774 0.71062505 0.44188038]
5,173.270055288315,45.67244080905713,35.77970246992984,2.242043915799698,1.2536604141909469,0.9251396489006605,2.3374955424741115,408.6319209774867,408.62121427069474,3.1479632351083575,[ 0.30872094 -0.58170255 -0.75253805],[ 0.07420403 -0.77404427  0.62876803],[0.94825373 0.24995522 0.195799  ]
225,109.63786854653529,151.6742261606046,83.35147872883549,6.993698510284053,9.341283602994224,9.66593241145318,7.677497287630418,3079.6431796574357,3077.0531314621558,196.7577235349766,[ 0.42852107 -0.65249774  0.62499311],[-0.7286755   0.15942021  0.66604595],[-0.53423001 -0.74083189 -0.4071442 ]
3,82.68699282044989,84.0238192040328,14.3751039543829,1.2229003897250261,0.290700166295482,0.17303582482971763,0.8580636868596659,205.70894452659167,205.70264028875505,1.6189670140557886,[ 0.12306296 -0.28379537  0.95095515],[ 0.70712959 -0.64724891 -0.28466927],[0.6962925  0.70748077 0.12102774]
11,23.969383121971624,81.65818980317022,65.8488159963165,1.2246770654029668,2.5002846498256694,3.5504621747957406,3.1477747032237495,357.1668616490632,357.0638056200126,10.751714848899832,[-0.9711009   0.11707538  0.20798174],[ 0.08612069 -0.64082604  0.76284022],[-0.22258993 -0.75870636 -0.61222413]
61,9.071351515724823,98.6056320786063,170.7266738947882,6.173470657075293,5.5382599690332155,3.690810506648976,5.397498432385991,1542.8436401718884,1542.290477212364,57.34041518273795,[-0.29762764 -0.81961413  0.48954108],[-0.95357933  0.27986318 -0.11118934],[-0.04587217 -0.49990927 -0.86486211]
47,156.8851238534492,4.114660454660254,164.12012701258524,5.050442828956155,2.297826901976825,6.0507632206858855,7.174582971162923,1557.7369893240943,1557.6187942106828,27.418470499762098,[-0.25961177 -0.92678888  0.27141133],[-0.67481647  0.37514327  0.63552361],[-0.69081435 -0.01816343 -0.722804  ]
52,146.1204657895595,169.29172136518525,3.685592067589411,6.240821145333823,6.222042053126747,2.4490943811224026,7.332722575495606,1614.0971040059367,1613.8076268772954,39.49734960709111,[-0.0233954  -0.00154189  0.9997251 ],[-0.7566978   0.65355149 -0.01670013],[-0.65334608 -0.75688049 -0.01645684]
81,125.08984456724221,12.498535867754438,101.74322274956346,6.77074879802416,4.903661164600385,4.3302648355964966,5.499204988455737,1457.6832585544566,1456.7021924037458,68.60926186452618,[-0.37266314 -0.74764999  0.54967416],[-0.51219775  0.65966305  0.5499983 ],[-0.77380595 -0.07657778 -0.62877674]
118,24.2078628362744,148.55273748139723,103.20520855026957,7.721422560375263,4.194786565580127,6.252200483658285,4.64371776802175,1985.0695010613208,1983.8828168670796,105.8100239464403,[ 0.27352427 -0.57858134  0.7683932 ],[-0.9527375  -0.05317653  0.29910453],[-0.13219582 -0.81388936 -0.56578121]
19,133.04351496021914,128.16267412593393,49.66658774288319,1.9682676875368748,2.7817719358914728,3.8937044907865124,1.8844538390825394,834.0641081736715,833.9354922752541,20.993347690123834,[-0.71355267  0.68652605  0.13973035],[-0.08459076 -0.28240786  0.95555754],[-0.69547609 -0.67002074 -0.25958664]
9,7.67643409348965,166.20955778879073,33.61103277263865,2.939921829385028,1.1732099553032465,1.6328026416022334,1.0470261041552986,509.33766858834616,509.2696703898124,10.213513587472491,[ 0.35766513 -0.20091981  0.91197965],[-0.93275426 -0.02956949  0.35929812],[-0.04522334 -0.97916131 -0.19798479]
4,183.07555131130354,165.69813153612017,53.16833786081865,0.7699669403040236,0.8442633958668213,0.4780086765311344,0.41743236874388556,505.17582336392815,505.1726698439599,2.3318608187437735,[ 0.15769812  0.13944523 -0.97759211],[-0.67066144  0.74175978 -0.00238052],[0.72480655 0.65600873 0.21049466]
87,172.47776280130222,155.53600175204764,6.475546419534853,6.94177851937355,5.764972985778155,3.963820529909517,5.510747329783535,2168.7769409301372,2168.0370287040973,76.05542205733545,[ 0.11053925 -0.16319393  0.98038197],[-0.66071095  0.72482912  0.19515068],[-0.74245681 -0.66932092 -0.02770195]
5,70.76310999912857,34.65032940072284,128.42868907606098,0.7413380680489904,0.5790546607554381,0.6902665411538688,0.6257332716271048,336.91997678134584,336.9177875319245,2.204462467510735,[ 0.69382033 -0.69316393 -0.19528726],[-0.54592735 -0.68311263  0.48509841],[0.46965591 0.22995848 0.85237458]
6,41.03209017255655,176.3436730565024,39.77603998151492,1.0876637768132338,3.9737541984294524,2.095582438515949,3.274930712165902,454.2043573602605,454.14288034500265,7.956763551209757,[-0.85222778  0.08172868  0.51674775],[ 0.47410039 -0.297       0.82886659],[-0.22121625 -0.95137344 -0.21436405]
149,130.41037727251864,95.84819343187621,163.58018985420964,7.9397797742843315,10.461398679235549,5.193770935954221,5.332226052202975,2812.476796899519,2811.32133123801,160.14527868110622,[-0.62514054 -0.34421246  0.70051202],[ 0.53671387 -0.84120886  0.06561919],[-0.56668997 -0.41699573 -0.71061736]
52,49.939365677713404,23.354923462957874,5.64951614838843,6.035427309851605,6.045864116924752,4.454160858781313,6.549270509047996,404.49956696391246,403.67617887836957,49.949660900136465,[-0.02083973 -0.19763999  0.98005313],[-0.43519843  0.88431583  0.16907936],[-0.90009335 -0.42299402 -0.10444151]
16,159.74880829601454,46.25856306263993,56.819695054858435,2.8185822940017338,6.2241823018568825,4.650218045744952,3.2800851408475435,703.6547049202636,703.240993623751,30.40582545495854,[-0.41657056  0.60909478  0.67488704],[-0.01881069 -0.74798162  0.66345283],[-0.90890875 -0.26367983 -0.32304462]
12,137.26624094743016,38.0893558654402,94.29985007411115,1.4985430221909555,1.743667971602295,4.951964447172597,3.8689610392997995,592.0812649093972,591.9674210938445,13.285291357458037,[ 0.12992142 -0.97054128  0.20290406],[-0.58131607  0.09121957  0.80854846],[-0.80323848 -0.22299915 -0.55233986]
18,93.49323400960044,3.8876240931387778,186.66855780833234,1.8511695607651653,2.550400265828589,2.3735829304498535,2.174750479454458,886.0257518650379,885.9844174555959,13.974586691356665,[ 0.77805104  0.48459729 -0.39975249],[ 0.44066359 -0.87453919 -0.20247668],[0.44771887 0.01861918 0.8939805 ]
48,4.940149242665428,94.80333091314701,85.99817409103424,2.687002072702852,5.935864864950315,3.8432067445383513,4.041510113851519,888.8825531751592,888.0030124084508,44.466120215876366,[-0.95523658  0.22443299 -0.19275091],[-0.29330956 -0.63337484  0.71610461],[-0.03863392 -0.740585   -0.67085116]
25,8.269168764126977,58.410852717386014,14.988051601630007,3.6662651683019933,2.102390918664218,2.4102495164511866,2.4281970000237463,305.14906784462295,304.7386488665346,21.080149711009117,[-0.32112748 -0.19279773  0.92720342],[-0.93713583  0.20588802 -0.28175621],[-0.13657812 -0.9593952  -0.24679396]
