N,MEAN_X,MEAN_Y,MEAN_Z,SIGMA_X,SIGMA_Y,SIGMA_Z,SIGMA_R,LAMBDA_1,LAMBDA_2,LAMBDA_3,EIGEN_1,EIGEN_2,EIGEN_3
1917,84.62806004169715,123.71250631169485,139.8212585427037,18.759825048235193,34.018680757081434,12.298744440372921,26.641759541715473,9127.414899602762,9074.743699025159,1340.6978557571094,[-0.89150037  0.12240715  0.43616922],[ 0.18456047 -0.78114312  0.59645022],[-0.41372036 -0.61223519 -0.67379785]
8,3.5255316090418845,163.14429485005533,97.1151227093155,1.736581870894276,1.1796894102901712,2.973175700719751,2.1550773640642604,537.186427975416,537.1511500948938,8.290721041361383,[-0.89173652 -0.21707479  0.3970951 ],[ 0.45217032 -0.46353993  0.76201885],[-0.01865435 -0.85907466 -0.51151026]
66,15.22551021610648,51.265895168846825,114.00751015447781,4.059204542401868,3.776110574066809,5.9789628184444705,5.128959810199947,1024.9002492394804,1024.1660220837985,51.560230005408656,[-0.77220671  0.61171001 -0.17177793],[-0.62383166 -0.67865396  0.38763754],[-0.12054399 -0.40649683 -0.90566521]
104,56.87587937872002,31.26872925106617,132.82202789358618,4.202404885795976,6.406953765713962,3.972048317385394,4.060618855662757,1509.6868770031308,1508.6485211847034,77.528753479807,[-0.91442527 -0.04471472  0.4022773 ],[ 0.12518971 -0.97638968  0.17604185],[-0.38490774 -0.2113381  -0.89843321]
5,195.60003615053697,4.004823755236325,75.8565548481238,2.1814059038323266,2.0569752221178303,1.0678878321333276,2.189871568336909,469.24840146671744,469.23014235960187,5.1583468706693365,[ 0.36199793 -0.05177564 -0.93073991],[-0.00102747 -0.99847787  0.05514418],[0.93217833 0.01900577 0.36150012]
213,167.28032452573575,127.41918168039074,83.8396667348227,8.499376460323134,4.350094861680993,7.319240375059002,8.286998681489582,3307.5771635351107,3307.1007208769365,126.83136240060949,[-0.49133863  0.82657023 -0.27453232],[-0.46066625  0.0208779   0.88732785],[-0.73917045 -0.56244623 -0.37051489]
16,34.67397148103122,8.451926067333963,19.51571726297822,1.6104697202714273,2.885147175253451,2.8755541589019358,2.316962044753652,163.56803887062594,163.04500409569084,14.91420753513883,[-0.22518397 -0.6826044   0.69522904],[-0.47446809  0.70005779  0.53366574],[-0.85098308 -0.20969102 -0.4815158 ]
431,105.7188483379349,107.58828507846515,187.211576480254,15.37392428491541,14.076933552276012,6.9838837380949945,12.370597781280356,5007.255795975524,5002.547712957769,376.8387437420834,[ 0.43480124 -0.86435207  0.25267247],[-0.7853099  -0.22662099  0.57613479],[-0.44072241 -0.44893031 -0.77731932]
263,101.20691339497927,81.08867858363632,81.25004779650003,7.339142388564786,9.403663104132368,6.7078994081007535,8.77671281618909,2489.126950385216,2488.55793835496,169.2508668212812,[-0.73837284  0.58596869  0.33383567],[-0.13340723 -0.61214684  0.77940924],[-0.66106586 -0.53095852 -0.53016506]
309,147.33346087540102,162.69656369129083,185.90796592991433,9.410461952469351,12.483295459769218,9.213170485637342,10.196933827196943,5064.593851786751,5061.339750192496,262.6369832445485,[-0.21586427 -0.64339541  0.73446917],[-0.83169874  0.51523512  0.20690573],[-0.51154651 -0.56619352 -0.64633201]
45,10.293074772686143,194.45876693092043,138.72128620404777,3.5647675620061885,2.9425357972032256,4.067370101730974,3.5702032032844553,1604.3114165246598,1604.119408238065,33.69845492602792,[ 0.66244382 -0.45792985  0.59284773],[-0.7478821  -0.35896196  0.55840726],[-0.04290157 -0.81329365 -0.58026968]
211,17.90360338688421,30.574808743218906,139.2098280025064,6.313869358915993,9.104687222264234,5.205490831128259,4.5348885597883015,2092.1228845959554,2089.7042889733048,165.09228215376487,[-0.99213459  0.01434586  0.12435091],[ 0.01252722 -0.97704461  0.21266619],[-0.12454727 -0.21255125 -0.96918004]
270,57.21422613656477,43.19606323351645,104.08512761026871,7.769199668249777,6.405110549480536,10.682969075087748,8.900255290509431,2088.948491129687,2083.75730848449,189.97352607137415,[-0.03688112 -0.91579114  0.39995796],[-0.89235363  0.2103378   0.3993282 ],[-0.44982751 -0.34217627 -0.82496704]
224,31.127328486459692,28.566957737912983,189.97442669668084,11.03569581649262,14.561947660330024,5.622654607748242,5.6622038527853995,2924.2955483761066,2916.4744891477526,272.97012294725346,[ 0.86003668  0.46446192 -0.21121562],[ 0.48423133 -0.87345257  0.05099644],[0.16080092 0.14613603 0.97610825]
303,129.4350118934104,67.79056140249926,23.330933443506233,5.839062132082038,23.182811662070577,9.239595464362218,12.191787577722245,2610.108078211699,2588.8919416178946,387.8262121861396,[-0.27601517  0.20215268  0.93965415],[-0.40752589  0.86079175 -0.30489376],[-0.87048163 -0.4670887  -0.15520913]
2,93.45839239688884,151.67505054099996,114.23487509627887,0.07984781663950002,0.48099870476069384,0.24529788157895638,0.17705653237935337,299.29816792211295,299.29727731363334,0.7301466834985657,[ 0.84338086 -0.12633215 -0.52225368],[ 0.30610007 -0.68586078  0.66022552],[0.44160103 0.71668346 0.53977158]
103,44.13694716269726,18.53257901362186,109.39192910197299,6.244047161694741,5.339726992349264,10.428662008147658,8.150886840617815,1218.3423313751603,1215.6734214726798,106.1229275803046,[ 0.30323403 -0.95207226  0.04009409],[-0.87985454 -0.26357933  0.39545154],[-0.36593047 -0.15519133 -0.91761133]
273,110.66041573817778,151.4925603865703,82.8284543390927,8.09809984067546,9.208229105954288,9.800239446338852,7.92066621252185,3396.160237247702,3393.032416118976,225.1584764280502,[ 0.41121601 -0.64950985  0.63956105],[-0.73518474  0.17847462  0.6539497 ],[-0.53889219 -0.73911011 -0.40411811]
96,13.126046465937852,80.44369064903636,50.565624994101675,5.845817962607022,5.367818367363596,4.702423655155807,6.545172313363096,943.4598391775121,942.6962804089317,63.37271676092149,[ 0.09360222 -0.54109192  0.83573809],[-0.98585151  0.06686594  0.15370666],[-0.13905185 -0.83830095 -0.52717749]
173,21.519843301431468,11.519097347534993,110.48352577747573,5.310038394212767,8.804953344615598,10.469199027614717,10.461170895197496,1499.2586090622015,1495.970254686713,135.76227919419551,[-0.98148114 -0.0031835   0.19153233],[ 0.02227622 -0.99497504  0.09761374],[-0.19025913 -0.10007266 -0.97662015]
21,158.56983042544203,42.19255323830102,62.56585791016265,2.0666720110646324,1.7628769897272754,2.828790552539646,2.415157882691625,804.9121567295001,804.8632649435323,14.117076590101435,[-0.23020424  0.97054292 -0.0710806 ],[-0.36292546 -0.01785077  0.93164718],[0.90293473 0.24026609 0.35634406]
302,130.66215895394754,10.82599957968538,121.72461372442032,8.209874106309988,6.736644405049795,14.946934160702138,12.64907331018399,3123.6171040749086,3118.3608700672935,232.25098291200396,[ 0.23960179 -0.95572378 -0.17083046],[ 0.64156204  0.28792525 -0.71098327],[0.72869001 0.06075453 0.6821435 ]
30,189.1876141725359,65.93792300426091,137.118026705692,2.5517665097985014,4.658823382425787,2.6766651440682496,2.4656998809903574,1330.0792545384872,1329.8874116492193,29.63895516274691,[-0.51426586 -0.23796113  0.82395699],[ 0.35820604 -0.9325213  -0.04574351],[-0.77924262 -0.27162204 -0.56480298]
55,135.551621438706,150.12963191508558,121.87634115253532,5.580450215102905,5.443368464445858,5.321898719354674,4.139540367556843,1752.5125202337256,1751.82677846076,63.02527414308653,[-0.03226204 -0.61230252  0.78996505],[-0.8183607   0.46993604  0.33082607],[-0.57379868 -0.63580323 -0.51624542]
12,66.49484402584078,91.79720489655676,159.10964623883606,4.245357713514058,2.1214955983081483,1.9792957729965115,2.1617980244473944,676.9528280827509,676.7931987242829,16.14075500598743,[-0.44328822 -0.68369852  0.57969983],[-0.82918548  0.55843412  0.02455138],[-0.3405099  -0.46979534 -0.81446015]
190,54.793149935177894,164.65499863638607,99.03237445626797,6.192837639186717,12.026114265609259,8.428827084702416,13.479367594233086,2762.140605338556,2761.0639846280737,116.62858258068245,[-0.93549812  0.10959225  0.33590595],[ 0.22254537 -0.55565379  0.80107579],[-0.27443911 -0.82415921 -0.49542383]
175,12.434342787038656,116.4292883788707,108.624476930351,6.153728499553225,7.331098664773875,13.692416982413924,8.543736432027378,2122.975138979119,2117.315300854328,189.78970001374387,[-0.9911035   0.13062033 -0.02553775],[-0.10764021 -0.67381598  0.73101684],[-0.07827791 -0.72726224 -0.68188137]
16,86.44586015973142,4.2892203018368535,12.842457034808085,3.3315967786961136,2.866832564889679,1.528405731859881,3.217079357182419,350.41968188932077,350.31277996947483,13.36979022627499,[-0.14025657 -0.10874199  0.98412564],[ 0.06459291 -0.99283821 -0.10049898],[-0.988006   -0.0494719  -0.14627604]
51,58.87609408744765,50.4355579095196,169.22995256344652,4.627153486899588,3.2180258820304104,3.7400804481182717,4.390792033608273,1330.0557948546184,1329.8316496844116,36.8216357114852,[-0.06119477 -0.95048361  0.30469018],[-0.94664938  0.15203539  0.28414817],[-0.31640187 -0.27104639 -0.9090785 ]
7,25.88661191296895,136.54202359287916,56.099289341964045,1.9634753029291971,1.3104072543032341,1.7934963187120934,1.5721881280870833,396.58307009227156,396.55305676930595,6.647119202057711,[ 0.36798887 -0.41223611  0.83345401],[-0.9136577   0.00614107  0.40643806],[-0.17266674 -0.91105635 -0.37438285]
3,83.83076097548404,28.543910504795548,120.81627006640248,0.5025031030384713,0.0949836000398147,0.5092526116505669,0.15845298146438622,259.45768335717486,259.454974662735,1.2191960030612545,[-0.14511262  0.98070319 -0.13100988],[-0.81593992 -0.04372217  0.57648107],[0.55962878 0.19055087 0.80653952]
135,10.355146877974757,36.07737378091705,77.5653595348151,5.429849501238743,7.4228522892741555,12.385978625039696,9.1799382863533,1015.3150778316515,1008.8974599299557,142.55271022687768,[-0.96434626  0.26457708  0.0059383 ],[-0.23689918 -0.87303131  0.42625709],[-0.11796218 -0.40965265 -0.90458257]
61,193.5600291531871,57.362502991853404,99.76741730800616,3.562226527818402,10.8084648215435,5.893558151556476,3.846895633093683,1761.0023889708557,1759.6688826822528,95.02910714545135,[-0.44648317 -0.04784591  0.89351192],[ 0.24917856 -0.96571739  0.07280083],[-0.85939678 -0.25514836 -0.44309873]
14,60.10291173471898,126.73326644268965,29.286809585907747,6.592787149418082,2.201581183725544,2.191677584950923,4.11983652932558,536.7756740496625,536.400727050923,22.638637482406054,[ 0.10791082 -0.27222741  0.9561629 ],[-0.90096122  0.37979923  0.20981282],[-0.42026674 -0.88410677 -0.2042819 ]
47,51.67285857938725,26.72558137870481,5.8459306553338655,6.5705547597063925,4.901714572220652,4.286454846188319,6.83721458704002,405.0409953506925,404.430840249214,41.97400217823298,[ 0.16745699 -0.51296229  0.84191914],[-0.43669542  0.72703662  0.52982531],[-0.88388646 -0.45638519 -0.10226092]
586,181.94843499348275,96.43893693647817,68.02729217893317,8.752366282222258,9.413726390138118,9.686904419262149,10.387487328766507,5261.161440618003,5259.154844830275,297.06592557108894,[ 0.31842631 -0.86820639  0.38055532],[-0.44186263  0.21923089  0.86988231],[-0.83866686 -0.44514659 -0.31381908]
21,51.77538752053668,146.92083392015013,125.73591767123918,4.566673722875967,2.1406062439153186,2.312934665016841,1.9093750418225324,917.6972042544165,917.4657354525591,23.897843606987426,[ 0.18668793 -0.67590838  0.71294844],[-0.94777501  0.0671081   0.31179966],[-0.25859262 -0.73392395 -0.6280808 ]
19,186.45358110913097,39.54246899195839,150.68295498721707,1.0799278946836341,4.129921547527884,3.5463130722932026,2.4069322079540822,1059.3059467283176,1059.177054262277,21.756531482051738,[-0.63652675  0.31024474  0.70610332],[-0.0775431  -0.93663003  0.34163029],[-0.76734657 -0.16270338 -0.62024741]
15,19.161850697406138,54.76517755057902,144.20657406595194,2.835180699959117,1.4897798252205083,1.6491849640773995,1.4320342070749261,602.1677526759565,602.0609924826115,12.806250401080138,[-0.47606931 -0.79927499  0.36676628],[-0.87071649  0.48690338 -0.06912222],[-0.12333208 -0.35225642 -0.92774168]
77,184.19428473895607,19.08912537933423,186.06750770009089,5.624541646108315,4.811096022068281,7.009281773761991,5.207825945569118,2305.0496725576204,2304.2223870257185,76.92108996855684,[-0.25064813 -0.90599897  0.34108852],[-0.66708801  0.41697294  0.61735497],[-0.70154765 -0.07279719 -0.70889454]
111,184.07543930431183,139.11373428765594,187.49749978882983,4.684069310477358,6.429230207722784,5.439384343286455,6.297110084268521,3133.7055372162454,3133.3022470200785,76.69353372084612,[-0.46504373 -0.42870415  0.77456251],[-0.63287527  0.77278041  0.04774243],[-0.61903411 -0.46799914 -0.63069294]
29,184.57127283897503,191.92815430145188,7.537395638780668,2.8476058379169107,4.29549794755412,3.384331087710116,4.218948726981327,1434.8464222808543,1434.7482464176574,24.196299202109024,[ 0.59389145 -0.54794048 -0.58911304],[ 0.40899629 -0.4249412   0.8075562 ],[0.69283113 0.72054577 0.02826332]
41,62.780472537890724,164.31420794481483,127.35488999806509,5.290759658458683,4.138468455674637,3.92568881536225,4.146330745334777,1391.2945065570332,1390.8941364433392,42.20625270448282,[ 0.30468969 -0.65341373  0.69297524],[-0.9075563   0.02157008  0.41937608],[-0.28897362 -0.75669362 -0.58643757]
11,60.47007483883004,75.90063819852614,67.02540587238424,2.7892972959023,2.426367412010033,3.1072711386237817,2.881427031314721,391.44008066019114,391.3337003627516,12.822471345792827,[-0.82173599  0.17633445  0.54190047],[ 0.2483931  -0.74500476  0.61908704],[-0.51288481 -0.64333044 -0.56839697]
2,114.3333060387042,68.54691214367125,57.28052371974616,0.9541507927837287,0.5425746880916336,1.0825154507077528,0.06817570743521628,205.203406709095,205.1918472101421,2.1780641652391695,[-0.19298323  0.79844905 -0.57029518],[-0.58464059  0.37320939  0.72035417],[0.78800562 0.47243398 0.39478257]
8,31.42584144281215,143.4593715532519,146.0782645696014,2.3340458115127567,0.7188469753011653,2.270400145056401,1.2815733503644224,585.9300423788322,585.918464123939,8.717413780308542,[-0.30813335  0.71109359 -0.63198081],[-0.93916698 -0.12142677  0.32128013],[0.15172085 0.69253263 0.70525126]
55,163.26687721648057,99.73422911224628,100.73111632304256,3.4814939245071885,3.96461939484354,5.031689831034263,3.87050618349205,1604.2668209460064,1603.9182937607802,45.75536587089517,[-0.65162306  0.44961362  0.6109296 ],[ 0.072177   -0.7649931   0.63998128],[-0.75510123 -0.46112163 -0.46603538]
405,116.38758226459981,40.814771033536196,168.61026474202043,11.60556042104655,12.843669249007336,9.540595825317059,11.6043626004703,4219.022437448773,4214.339486909851,324.2204310628685,[-0.53145826 -0.66177338  0.52877984],[-0.63811683  0.72330833  0.26387871],[-0.55709877 -0.19718279 -0.80669691]
9,129.66133887028812,169.3298047206001,124.5110830445619,3.0505085531368348,2.697162942379754,2.5386580127430474,2.4970615994580583,740.9967013926197,740.9215950854804,12.301478939222726,[ 0.37048403 -0.7174229   0.58995421],[-0.76622396  0.12295481  0.63070037],[-0.52501659 -0.68570146 -0.50415382]
9,172.57426685392673,189.27805320488835,38.4097109348348,2.8335906952454026,1.9828857920500211,2.703573969893407,2.008715350820001,777.1061496931119,777.0564841407041,11.691350328331598,[ 0.55564721 -0.35395604 -0.75231064],[ 0.49726177 -0.5836959   0.6418955 ],[0.66632342 0.73076276 0.14832019]
72,10.028761028005187,175.79501944933318,6.63897252657615,6.344985810930352,3.588384670270154,4.058360500599631,3.865584048879976,1496.4451072847858,1495.9027283745847,62.77073421758957,[-0.01992438 -0.03674685  0.99912596],[-0.99815256  0.05810135 -0.01776806],[-0.05739764 -0.99763415 -0.0378366 ]
5,88.92993179761359,195.3891264449012,175.3532062377837,2.363518766689032,1.9518017443138147,1.42800231312393,1.2143897306570828,619.8473163426789,619.8352768033467,7.056052158332361,[ 0.77978048 -0.57569884  0.24599442],[-0.53758139 -0.41435049  0.73438404],[0.32085613 0.70490036 0.6325874 ]
154,40.01109254500948,50.30561340213195,71.55231754100038,5.246907653428502,7.506940571515548,11.68957129086135,11.973588451620923,1205.6859674820837,1205.1709127339207,105.83420080574476,[-0.91027895  0.20791154  0.35800142],[ 0.03152959 -0.82741963  0.56069836],[-0.41279307 -0.52167955 -0.74662731]
3,115.22384083938262,167.73452393475714,56.045565469900545,1.8292138149368624,0.8452922071494394,1.7592190777214676,0.7785276346802332,365.61843841500087,365.59747439153523,4.430928808288866,[ 0.64419943 -0.19545794 -0.73946148],[ 0.53570781 -0.57474648  0.61861428],[0.54591596 0.79464626 0.26554301]
20,42.51248694068197,119.10090846391549,86.01175345447557,2.7766735720244045,3.0875287140898435,4.091338605730104,2.9490989856647505,684.3347143497946,684.2171533908744,22.506550099571665,[-0.95564948  0.1646556   0.2441774 ],[ 0.0975184  -0.60541661  0.78991195],[-0.27789248 -0.77869074 -0.56250911]
34,141.15875808872826,159.0378781848919,69.25110879516522,4.397943919444667,4.030789245551281,5.046674310402232,4.4919422679421395,1304.7570700452175,1304.363906125493,37.224536449067045,[-0.64838575  0.26450668  0.71388524],[ 0.42561011 -0.65154531  0.62796874],[-0.63123051 -0.71100276 -0.30987597]
87,140.38008456695533,187.3941512348988,49.49947783941358,4.197082647004612,4.079195456599294,6.515995076276988,4.327399640138569,2233.54315120793,2232.742949712494,71.07915453859273,[-0.6869773   0.6162951  -0.38502278],[-0.42897157  0.08373701  0.89942843],[-0.58655399 -0.78305074 -0.20684765]
59,46.933966945717515,60.05965920566395,21.34035251736157,4.383805896501988,5.889189797860258,4.19745626163018,5.749268946402332,610.5904948281193,610.4562319380519,47.70114231160259,[-0.14864239 -0.22538248  0.96286457],[-0.79197994  0.61020047  0.0205706 ],[-0.59217667 -0.75951177 -0.26920006]
2,100.35027978236266,164.92545214378924,197.3501109532233,0.8209888076843654,1.3761439430489446,0.24319430477014237,0.6975137780105172,390.43636267316475,390.43088060059625,2.0690023910067072,[ 0.57309367  0.46156546 -0.67714176],[-0.73447043  0.65579631 -0.17459775],[0.36347878 0.59740147 0.7148389 ]
156,74.00581999437844,138.5428818904886,72.32367004047606,7.7083757050961,7.476490731980981,8.093024680867282,7.571404232089583,2164.97228763903,2163.2367229588613,138.01352880639317,[-0.8123404   0.13868449  0.56645361],[ 0.39569665 -0.58244218  0.71006004],[-0.42840079 -0.80095425 -0.41826433]
8,148.3274409313575,162.49814549024103,112.44305616505281,1.1165870365971444,1.9060212229802536,2.9413961182592065,2.062868311517246,698.9289010114462,698.8867145382505,8.610569032295954,[-0.79061607  0.57384915  0.2135963 ],[-0.12069023 -0.48803825  0.8644377 ],[-0.6003     -0.65765936 -0.45510887]
35,158.21647959949692,45.29313290894952,191.09915338817316,5.91821869064302,2.6611107976714328,2.9099999759524393,3.909655222382244,1492.5638073093244,1492.234728393053,35.00931712439222,[ 0.3200089  -0.94654379 -0.0406097 ],[-0.70980329 -0.26792092  0.65145811],[-0.62751382 -0.1796475  -0.75759698]
99,156.76729044961152,187.26821233955013,162.79590905736677,7.029517929156629,5.516177867249224,4.689302713525026,7.661956853714975,2921.9185038855258,2921.5631740597587,65.59562653398415,[ 0.57896475 -0.75416114  0.30990448],[-0.61589653 -0.15544547  0.77233942],[-0.53429513 -0.63802639 -0.55448268]
14,11.61716187314485,137.53704059335357,83.45154842949812,3.575850425341615,1.1406345808933038,3.4744359177102244,2.3887267412723125,603.7392408763843,603.6381533713485,16.969603110524158,[ 0.44334453 -0.49218908  0.74912985],[-0.89345494 -0.17552322  0.41343666],[-0.07199933 -0.85260865 -0.51756603]
229,189.23131635253887,32.868031302066264,64.2173867640355,5.47445469884197,7.4929236974823,6.780877876044589,4.9523265397457505,3067.814859957874,3067.258710097982,157.28461725696434,[-0.2021511  -0.4913257   0.84719183],[-0.29322996  0.85573141  0.42630967],[-0.93442556 -0.16224305 -0.31705846]
14,119.36493319421473,8.162532901588701,196.19801998765203,3.201327476490255,3.2058091461258185,1.8721114156921022,1.6213945347120777,860.0010980038793,859.8860026640868,17.28559044684416,[ 0.5984165  -0.72834448 -0.33378438],[-0.60996789 -0.6842891   0.3996093 ],[-0.51945824 -0.03553504 -0.85375664]
8,189.49490307456637,133.14909773137146,155.9327330039601,2.6025157818307108,2.3350834358213914,1.233127604853005,1.9319320109264027,789.7468081325076,789.7292059837393,8.943433827546315,[ 0.54388378 -0.83741294  0.05412959],[-0.49347006 -0.26699318  0.82776926],[0.67873245 0.4769216  0.55845147]
8,85.50701449186388,163.34341492416354,196.7115539197686,2.4393736202908882,1.556533757272876,2.4790715659582765,2.105983325441001,762.6214408315899,762.6060086534987,8.956477522721716,[-0.13869626 -0.73145851  0.66763148],[ 0.93817927 -0.31293681 -0.14795338],[0.31714822 0.60583744 0.72964238]
6,47.033096126582755,47.31861065135174,138.15849686042267,0.9504871268291419,1.6217441543732414,1.4836915308888727,0.931192035441714,375.8505721626291,375.82344757908527,5.394543499063208,[-0.90503098  0.38750233  0.17538778],[-0.2948692  -0.86876319  0.39787269],[-0.30654704 -0.30837066 -0.9005201 ]
64,144.0479557252787,31.39360700918526,85.80907694341042,6.213744974845632,6.6448825125974285,5.136995133035269,6.193730480830181,1366.7838253015127,1365.9694493358545,67.95630792221063,[-0.35126083 -0.5185697   0.77955199],[-0.40433676  0.83498218  0.3732513 ],[-0.84446884 -0.18409297 -0.50297332]
9,176.68635385164893,49.73108207681089,90.1827418040098,1.969272215074405,1.4357581759100981,2.006069805986048,1.8394489620797427,613.5873673490587,613.5681167195385,7.6946571460735615,[ 0.38655147 -0.88145973 -0.27130555],[-0.3227261  -0.40485331  0.85553589],[0.86395939 0.24315127 0.44096671]
527,114.33349750586473,121.16141438882775,38.764290763575794,15.154413590701347,9.39891468071991,18.26176996521421,13.837572607382537,3960.969594643104,3947.3842454672217,500.21810628158744,[-0.74199657  0.63989813  0.19992868],[-0.00433392 -0.30279357  0.95304631],[-0.67038967 -0.70629062 -0.22744505]
47,110.17437506482658,189.19432559822584,159.03433800755906,5.024778249181987,3.1835228039907078,3.9235703311891466,2.59787497450987,1855.7114080369818,1855.3064285539351,45.58647050629192,[ 0.13280814 -0.68194148  0.71924809],[-0.90370877  0.21469496  0.37042751],[-0.40702882 -0.6991866  -0.58776326]
17,182.86478853941526,89.6311136845681,167.34083738007834,3.9690309191140374,2.7669900682414212,2.355791354395182,2.775349448423916,1086.9811966298153,1086.8696761080919,19.036531346362946,[-0.05557064 -0.85357345  0.51800026],[-0.71802596  0.39466299  0.57330606],[-0.69379437 -0.34007865 -0.63481957]
28,156.41339100160803,106.02985355624044,30.752270751915848,3.334849229385461,4.191503018495783,4.853673150388803,4.923130459639534,1013.6694577231195,1013.5077555524474,27.93350854580964,[-0.48904534  0.81302251 -0.31595735],[-0.3059436   0.17933333  0.93500699],[-0.81684341 -0.55392594 -0.16103691]
378,113.83089997318025,114.89294360977503,115.16515595717689,10.863956671757814,12.414919538630798,16.62569945518898,12.708696641759925,3884.3325229381094,3870.7857323926173,381.94129622443916,[-0.80652834  0.52173421  0.27803858],[-0.14227546 -0.62776881  0.76528688],[-0.5738203  -0.57766749 -0.58054331]
28,119.97635584582619,3.15810187030969,48.888088946422556,3.943767923104642,1.8330350620310987,3.0959186080234185,4.4644156811573446,686.2583199851078,686.2138019711736,15.470474207068033,[-0.00127867 -0.99768005  0.06806533],[ 0.37820936 -0.06349197 -0.92354017],[0.9257192  0.02456205 0.37741312]
34,43.35070517997075,109.00130082071414,165.32709995199008,2.4525261717574875,3.436564136733452,4.052266223922171,4.612563392127033,1182.436991895034,1182.411525419736,20.986261591869855,[ 0.42948464  0.69811998 -0.5728625 ],[-0.87741182  0.47272619 -0.08172171],[0.21375555 0.53773455 0.81556736]
5,85.43205277017822,84.07484610300827,110.31204355082977,1.0664469563623824,1.4591627861504746,0.9957820854462797,0.613636041238411,364.27967364720286,364.2569649353308,4.4030371324487625,[-0.76927153  0.62810879  0.11704982],[-0.36491068 -0.58230208  0.72647401],[-0.52446306 -0.51614304 -0.67715202]
42,132.00243259460217,167.03055810183804,86.178934745921,3.839238576230785,5.184114432755018,4.970039960739612,4.566584259777855,1489.2600581354213,1488.8981449999917,43.73380590591314,[-0.73306898  0.25366024  0.63108348],[ 0.36377224 -0.63777241  0.67890803],[-0.5746996  -0.72725707 -0.37525661]
5,197.18666605194284,107.85128060951595,88.88108196841367,1.7016510654474328,3.2306821728613477,1.6597839514333266,0.608815664048775,540.505424390985,540.4437410566868,8.865343615603026,[-0.48451673  0.18046527  0.85596485],[ 0.31558421 -0.87653814  0.36343844],[-0.81587385 -0.446221   -0.3677454 ]
4,35.72263657064231,142.32264501119005,36.14194052698229,0.36637547315044505,2.3808133070311595,1.3786436448918482,1.9211082057043034,302.29523066237215,302.2709376469075,4.019248178971077,[-0.93042569  0.14843852  0.33507319],[ 0.28009829 -0.30157524  0.91137112],[-0.23633236 -0.94181653 -0.23901598]
32,47.65519546802601,188.77390407740032,157.94737321226813,2.7986173735150244,4.628500411236321,3.001899692641597,3.4319963278889043,1418.5504265584104,1418.439014745239,29.13860314229552,[-0.84082525 -0.20649206  0.50037378],[ 0.50688407 -0.62472906  0.59395466],[-0.18995112 -0.75304358 -0.62995551]
56,93.13865624905601,48.47703013153601,191.25681399944827,3.819027772188611,6.988721311953129,4.295039232707972,2.5793476538019435,1633.9121026553216,1633.0753109530028,64.91757830433048,[-0.87002632  0.36521705  0.33116569],[-0.24664561 -0.90406496  0.34904513],[-0.42687252 -0.22199788 -0.87663949]
60,27.621093909025227,107.94027650220939,193.2927581808736,4.352579281512577,4.10507098613003,3.508469171646067,3.1621087826946344,1728.6889142096416,1728.6582818742122,47.77143335793834,[ 0.9909158  -0.10637023 -0.08228763],[-0.05234591 -0.86869434  0.49257492],[0.12387811 0.48379285 0.86637099]
37,95.09040855553772,138.4852091134073,55.58488830683515,6.476711814557325,4.4762050172605035,2.8678479716158796,6.252904393169377,1077.435825254488,1077.090690004463,33.83080976135364,[ 0.08548856 -0.42114791  0.90295412],[-0.83874549  0.45873755  0.29336984],[-0.53777106 -0.78242846 -0.3140191 ]
30,160.43479169931592,120.34176512803225,45.74757010384037,2.8120868680418254,4.398982647857417,2.4293245500505045,4.467855831568154,1127.0780069066209,1127.0087552228183,19.855514256829835,[ 0.39615976 -0.18620556 -0.89910229],[-0.48470091  0.78925204 -0.37702286],[0.77982207 0.58515699 0.2224159 ]
7,18.503069362336646,198.65195679635158,185.52045838484239,2.0895491586319372,0.3994661584244554,1.6751283445479859,1.2094300080921252,720.8356438762203,720.8168171362789,6.402529469498216,[-0.26499544  0.67121406 -0.6922782 ],[-0.96185635 -0.13345303  0.23879416],[0.06789538 0.72915154 0.68097595]
4,36.90239974145635,67.2095018414505,26.109250436210395,0.43097984484074275,1.5417230053538613,1.561990973266373,1.5744255217095107,162.05121043069738,162.0312579643118,3.1739591723264473,[-0.88609907  0.45749445  0.07434554],[-0.08581585 -0.31956464  0.94367054],[-0.45548224 -0.82980556 -0.32242621]
52,144.80854764038344,81.57901359215907,67.21315610170569,3.3845911742673453,6.038521653586417,5.705380225828799,4.349131795861314,1294.214771123689,1293.4437127120643,56.35061898203557,[-0.57474405  0.46487466  0.67346925],[ 0.13211058 -0.75947226  0.63698405],[-0.80759896 -0.45507521 -0.3750873 ]
9,122.35677905446093,154.79497369868716,112.19794295939717,2.2423887960948328,3.50757641121999,1.9510431500722134,3.578806428727919,681.0690637227974,681.0503429440173,8.638881387307428,[ 0.33047068  0.36852692 -0.86889415],[-0.77475852  0.63169128 -0.02674633],[0.53901612 0.68202202 0.49427481]
2,57.70300134255544,34.11877747250812,183.4448306512498,1.7496701544692286,0.00772117106448178,1.125146750117196,0.5411875858948463,276.2247657010444,276.2101597652991,2.8405684333859997,[ 0.09424551 -0.983674    0.1533077 ],[-0.95070844 -0.04323147  0.30705781],[-0.29541707 -0.17468975 -0.93926154]
86,181.655491254959,166.6865332666486,160.1678852103241,8.019846617652474,6.5599260157186645,4.821157818512494,9.397871422211649,2728.2605107539807,2728.1058431006895,60.30596518292735,[-0.15856935 -0.58862523  0.79270177],[ 0.77001207 -0.57625907 -0.27387388],[0.61801066 0.56696192 0.54462556]
16,148.25836686092393,71.53977580942582,118.85837020443772,3.5250786725401047,1.4961345570574027,2.8436775340296148,3.067018155341458,812.3369548260376,812.3114892090654,14.566833621927898,[ 0.09400199 -0.90051352  0.42454567],[ 0.67668278 -0.25499618 -0.69070787],[0.7302493  0.35221066 0.58539185]
10,129.90522499178275,144.32386373772837,8.358308028356692,0.9709383301619451,1.4796033364698717,2.6714867398959354,1.1740096226897465,614.679306217308,614.6366189529499,9.417094710614881,[-0.74291128  0.66930072 -0.01092605],[-0.03691528 -0.02466679  0.99901392],[-0.66837123 -0.74258205 -0.04303265]
176,168.1958330955682,151.9460330629474,139.2823424015383,8.246139310772797,5.406937882636791,7.13795443038029,8.247618956516867,3532.604139089905,3531.598559838892,119.10752478797835,[-0.67100034  0.06595693  0.73851759],[ 0.38695207 -0.81848605  0.42467479],[-0.63247659 -0.57072784 -0.52368225]
5,164.6298900638976,2.263044517973834,18.877760544555706,1.8780399392647342,0.5199594901024965,1.333397295926882,1.7202546147579105,370.6067600398848,370.591679572051,3.620636440021436,[-0.01018402 -0.97848432  0.2060697 ],[ 0.11418089 -0.2058704  -0.97189511],[0.99340778 0.01363142 0.1138208 ]
29,9.310654780697412,57.59131221610014,15.540487543404641,3.836091285451322,2.698041044901016,2.575655090718092,2.506761547081541,326.21850311941904,325.5754642864777,25.493866232248,[-0.53506215 -0.13761436  0.83352911],[ 0.83049955 -0.26653006  0.48911371],[0.15485149 0.95395179 0.25689881]
434,98.7390848568632,129.78013544869032,168.0966339190213,9.179354725143604,8.948248069168752,6.303041383264988,7.833119976371336,4885.868528892806,4883.911982314645,248.0884193052711,[-0.09791952 -0.75878757  0.6439357 ],[-0.90150541  0.34170586  0.26556561],[-0.42154449 -0.55450746 -0.71751078]
21,182.60483103064303,91.48935798316408,118.10068881921777,4.879717090529352,3.9386115075285617,2.423384604024179,4.417814735173336,1081.5562991154009,1081.400376427805,23.16593286702441,[-0.53527712  0.82302011  0.19004289],[-0.33805624 -0.41492015  0.84472436],[-0.77407776 -0.38791644 -0.50032435]
63,30.67006500758769,158.08105075927017,35.19705237605358,6.992108682497706,4.4506830338987875,4.4469789131704385,4.782659248984886,1310.2211034721822,1309.0428826546038,64.66986426917265,[ 0.48476875 -0.27865514  0.82906608],[-0.85453588  0.05118296  0.51686433],[-0.18646096 -0.95902639 -0.21330892]
51,175.53057917445514,154.8733171574055,5.846463538758564,4.643051521524882,3.571459473681456,4.264517435883885,4.029380751531205,1672.769367005375,1672.7544179160457,42.93051478286075,[ 0.56732484 -0.62278821 -0.53877395],[ 0.34078184 -0.41805132  0.84208125],[0.74967343 0.66133799 0.02493598]
35,11.874598205406148,96.41939233102535,168.25567710108987,5.277806693906684,3.5107855192961464,4.232717038496788,5.197475886554286,1150.2371725334347,1149.8950532693952,33.167128335036445,[ 0.12684726 -0.86444118  0.48646811],[-0.99002064 -0.07997967  0.11602751],[-0.0613914  -0.49633124 -0.86595981]
11,95.73234275966392,52.64762834920391,87.45367646801695,1.1698185126926863,1.6177991221404415,1.3044715231799129,0.9654371008722196,464.1907018026248,464.177756802139,7.233230327109801,[ 0.6768338  -0.64679286 -0.35150391],[-0.27193529 -0.66340693  0.69709573],[0.68406667 0.37623163 0.62490203]
3,135.92016053719712,90.62619880712869,38.46263217886027,1.747993396055481,1.9008425691945483,0.9384745460210342,0.3675362009593332,290.7234659436726,290.69493128849547,4.717195025329102,[-0.11485392 -0.23714534  0.96466091],[-0.57523053  0.80758803  0.13004389],[-0.8098879  -0.53996636 -0.22916789]
330,15.549979961933605,188.14733471801344,106.81586468083317,7.373591640288265,6.116016632838832,9.954683165765607,7.534133501393799,3946.2497002775185,3944.921368036901,210.34488239363938,[-0.97186365 -0.05022058  0.23012809],[ 0.2242948  -0.49564196  0.83906548],[-0.07192278 -0.86707378 -0.49296062]
10,73.27989944547912,28.13653162263849,77.59989154704644,3.940355005030208,1.7649650700634076,2.5373457055161506,4.617962837990323,349.39144610501296,349.3666637202631,6.096636087497843,[-0.49535022  0.85415306  0.1582742 ],[-0.55987196 -0.45321854  0.69363992],[0.66420746 0.2549814  0.70271825]
129,136.45977059071672,170.7158863462422,138.96996684634146,4.307747698336046,7.6209140432522355,8.006515471348218,5.463793429704427,2943.755508723725,2943.201645158134,119.41369580209282,[-0.84170151  0.4929705   0.22026952],[-0.11935063 -0.56772498  0.81452058],[-0.52658713 -0.65929389 -0.53669131]
11,136.5691480664149,28.96250072534076,195.4529885016227,2.813581343229371,1.7960863743787256,1.2240597183789867,2.1546759114277907,796.6929407261107,796.6749566453994,9.365278973127205,[-0.39765431  0.90622997  0.1435907 ],[-0.72008744 -0.40522338  0.56326557],[0.56863445 0.12058712 0.81370364]
63,4.519390718275808,67.73521174924123,107.12904845947409,2.477838899208877,4.327978909961237,4.969333861971922,4.635590990169429,1008.0365278590616,1007.4903814936735,42.372703831613364,[-0.97947309  0.18645303 -0.07660115],[-0.19841298 -0.82473735  0.52956641],[-0.03556343 -0.53389471 -0.84480274]
3,42.7236281180098,81.33521161809107,162.5541307506144,0.75445746915161,0.729952062165613,0.49528148045659093,0.390207951302877,323.41539190045876,323.4105787000349,1.894397383455592,[ 0.76410435  0.47372951 -0.43786401],[ 0.60314772 -0.76540124  0.22444102],[0.22881732 0.43559303 0.87057529]
6,198.58224387095927,159.726172483105,145.81647031202263,0.7309781896383816,2.9849124596976084,2.0929117017893035,2.7930030608608076,719.2611365513196,719.2432033037538,6.0110675626562315,[ 0.26188405  0.45259228 -0.85239485],[-0.68851397  0.70652752  0.16360737],[0.67628785 0.5440396  0.4966444 ]
53,29.440780484033464,12.340723321534183,86.99566628989258,5.156185895071304,3.2461721865764344,3.773908619839627,4.47681212193365,676.3231074534796,675.7469962650362,40.63946557217236,[-0.48161196 -0.83022169  0.28068109],[-0.81624735  0.54153026  0.20120945],[-0.31904575 -0.13220032 -0.9384737 ]
81,60.86442173736254,189.564328377421,70.92488563840864,8.261780015837722,4.3491375261869,5.866030872110702,3.9836735998488155,1904.2904308544182,1902.952739611804,92.71655023498916,[-0.49102148 -0.16259396  0.85583942],[-0.82210885  0.41145411 -0.39350039],[-0.28815786 -0.8968103  -0.33570274]
14,144.52820467386704,60.570615527831855,171.25771404463532,2.8786496201471006,2.2161398354093196,1.6667754843534284,2.0103515577164255,868.6633072090832,868.6332482823135,12.924267326209376,[-0.41432068  0.9097028   0.02791402],[-0.66381707 -0.32303092  0.67453534],[0.62264378 0.26094414 0.73771464]
81,61.76761501474723,74.01996457653553,171.676387040988,4.698524159726407,5.386509659833456,5.666685718276471,6.621269728948315,1773.6840601688618,1773.2960738193385,56.52079826010357,[-0.84899046 -0.29996635  0.43501194],[ 0.42506768 -0.87674759  0.22501365],[-0.31389915 -0.37594396 -0.87185633]
41,77.48849146882526,144.08492468591857,153.59809370272794,3.8520551014087108,5.941342040664261,3.3882904421420506,4.896593740886741,1437.679547974087,1437.3236126280221,39.11735778375691,[-0.46486674 -0.51654155  0.71908535],[-0.81539077  0.56626027 -0.12036274],[-0.34501711 -0.6422882  -0.68441878]
97,129.09994260582715,94.1135273152461,165.53530855481588,4.717722460034562,7.148268229486298,3.3912101198574116,3.677817174248701,2267.2704990354364,2266.416601209658,83.44766825977263,[-0.82748253  0.29339243  0.47874162],[-0.01514538 -0.86397747  0.50330263],[-0.56128716 -0.40922342 -0.7193698 ]
83,76.80109654005487,129.34292834941093,10.222378459794022,3.7211168923135567,10.54087256921474,3.350804491626008,8.904051029091786,1377.4472753082605,1376.2654243346103,68.80327249362003,[ 0.06618852 -0.1178686   0.99082091],[-0.85906963  0.49838363  0.1166753 ],[-0.50756128 -0.85890672 -0.06827006]
178,87.38943565608349,180.3332779015163,101.24803796832207,6.012231453575691,5.78186369884425,13.67083862817334,6.678503319017973,3001.856625844305,2997.951448253708,194.30700026321796,[-0.85591717  0.49624147 -0.14543107],[-0.34103008 -0.3302752   0.88012316],[-0.38872134 -0.8029089  -0.45192148]
44,7.784038832891156,9.301431535703712,156.93603835809398,3.183823464946301,3.8172550514545316,4.633243485473139,4.681196416773922,1044.9705016117314,1044.6610388519373,32.76951020962,[-0.78937834 -0.60927428  0.07527742],[ 0.61192063 -0.79074269  0.01670755],[-0.04934559 -0.05925239 -0.99702265]
9,81.7644250400605,76.89623389251517,23.356870636091465,5.396411359741524,2.1531265003391895,1.4603951974266753,4.717382458517173,344.38368164291563,344.26050987594715,11.068767218866451,[ 0.05533182 -0.34355377  0.93750157],[-0.69812947  0.65796035  0.28231796],[-0.71383026 -0.67011864 -0.20343887]
140,173.4499967295639,28.883321162774923,117.109187618962,6.2141963649387515,6.015252440023998,16.19489249253945,11.351452227893246,2508.4203246967736,2504.130894447916,170.22135742802843,[ 0.01256531 -0.97508385  0.22148047],[-0.57290537  0.17451701  0.8008266 ],[-0.8195252  -0.13694998 -0.55643791]
40,94.34392324912467,75.39252514879516,5.198023033065626,2.97953084936936,9.863690216820864,2.72220042510065,6.721162001258734,767.3592082608857,765.7754624179684,52.730137817424485,[ 0.08693587 -0.17634015  0.98048269],[-0.62148006  0.75960901  0.19172034],[-0.77859148 -0.62601782 -0.04355462]
22,90.28961099865093,69.38012665258374,36.184620102176126,3.702017364138966,2.508803840364391,2.7932137842373477,3.6251772848794603,560.8871170213915,560.7296861249653,17.815187701986126,[-0.51190032  0.23523009  0.82621115],[ 0.40822236 -0.77963467  0.47489397],[-0.75585221 -0.58037624 -0.30306906]
6,127.6060550805741,60.920636199550046,87.66056394359713,0.3623812779378551,1.520593856335496,3.408352235561831,1.9840265626818814,407.6089677107778,407.56693606043797,7.803262851278039,[ 0.39163235 -0.91763079  0.06765975],[-0.50842694 -0.15452847  0.84712632],[-0.76689383 -0.36616211 -0.52706656]
3,46.156930809812344,162.26457655859602,175.63514143989028,1.797417858112589,1.395756765352913,0.9397501288308864,1.240711834774129,421.8317001153338,421.81584068603996,3.6787294257248697,[ 0.51581833  0.55742125 -0.65054823],[-0.83546921  0.49530655 -0.23803912],[0.18953274 0.66629796 0.72119649]
22,80.96901660719335,33.645175503352974,110.8824167475028,3.768726789639593,6.256640222083159,2.405854615962838,2.6818253501299,663.8348513089912,663.3527467171991,33.698715284697116,[-0.7601209  -0.20364567  0.61704511],[ 0.30669999 -0.94962457  0.0644072 ],[-0.57284495 -0.23820498 -0.78428761]
37,143.05543128114743,59.07827864008105,58.45094382760563,3.618589338166785,3.366890856642162,2.8428130718234903,3.7258488611127816,1006.8776953862631,1006.6872513464086,26.139237353642883,[-0.49807374  0.70051262  0.51108182],[-0.06480421 -0.61781373  0.78364955],[-0.86470976 -0.35719501 -0.35311296]
19,139.27646325300012,19.343143309002677,181.7298348526427,2.4068831664448855,2.1518432360848947,4.822700609737961,4.696641509793918,1001.8549045182223,1001.830735014825,14.802968187702998,[-0.37850912  0.90509505  0.19373639],[-0.69960876 -0.41680268  0.58036464],[0.60603501 0.08413364 0.79097604]
2,24.279430939234057,56.40364203854817,56.607433070387074,0.2988049903293266,0.46255507589802747,0.28939201312716634,0.5953950664164935,118.11562191447678,118.11534683818053,0.2549147699615826,[-0.65503195  0.65682662 -0.37351297],[-0.69743479 -0.33537817  0.63332946],[0.29071955 0.67535197 0.67777715]
4,177.08383774354806,6.032795125165652,192.83601024162954,1.5223090726415707,0.6654074241582294,1.328246809715606,0.8132634152426775,523.775596268995,523.7617228771827,3.9286482953763544,[ 0.20335997  0.95483939 -0.21662519],[-0.70808982  0.29622779  0.64098198],[0.67620524 0.02304002 0.73635293]
