N,MEAN_X,MEAN_Y,MEAN_Z,SIGMA_X,SIGMA_Y,SIGMA_Z,SIGMA_R,LAMBDA_1,LAMBDA_2,LAMBDA_3,EIGEN_1,EIGEN_2,EIGEN_3
96,14.173305989854596,80.26078149552482,49.386636593458526,7.009028540593064,7.192147545936486,5.542916951037992,6.799023830762924,939.1925040048704,937.3365994415071,90.93833162609974,[ 0.74474613 -0.44103185  0.5008434 ],[-0.64985285 -0.30856072  0.69460892],[0.15180406 0.84278182 0.51640521]
380,116.52242096229972,34.84174489312542,164.34656470938287,13.47280778932493,6.476915805049639,7.6508151531529105,9.880683553650085,3997.156444032331,3992.030524727793,263.9651910564637,[ 0.149134   -0.98345618  0.1028251 ],[-0.80725774 -0.0610375   0.58703438],[-0.5710464  -0.17055314 -0.80300538]
48,145.97740196252965,25.76083942934426,85.21592803189124,5.9945378945121535,5.154633746432663,5.655934939422639,6.597136729043801,1186.1925313218721,1185.782233186117,49.777845040199836,[-0.47924861 -0.14860092  0.86500782],[ 0.20354038 -0.97751155 -0.05515866],[-0.85375177 -0.14962931 -0.49871734]
32,158.72280422236503,49.95410212451702,59.737200017666886,3.215856771048221,5.839352429157357,4.981740713003533,3.7322809941351927,1001.0255255602123,1000.5248566723442,42.07520536400835,[-0.44017263  0.6085335   0.66025377],[-0.01884014 -0.74141766  0.67077932],[-0.89771549 -0.28281942 -0.33781662]
8,104.68237541465598,18.374320383744163,10.963701860828435,1.5423547525412002,2.0035680766951054,1.5388539543381003,1.7201792127977171,302.30455187444863,302.2663974556736,6.830256859996822,[-0.16871779  0.43168265  0.88610631],[ 0.1080872  -0.88546939  0.45195255],[-0.97972009 -0.17202919 -0.10273507]
562,181.80548392702897,95.90862965388197,66.82894500766824,9.059389228421141,10.38994140227715,9.797678974909628,10.979477751787584,5136.215295227829,5134.084700302225,304.5752530972344,[ 0.13918021 -0.72973848  0.66941065],[-0.52327601  0.51970803  0.67534123],[-0.84072058 -0.44428067 -0.30952157]
240,173.27060859339065,159.21377376143843,149.08652578077943,10.151691131314845,9.422941649843649,10.908172402159012,14.895093368944279,4323.214379618105,4322.614672867572,145.98613864642252,[-0.43188303 -0.32027666  0.84314881],[-0.65325493  0.75564166 -0.047578  ],[-0.62188025 -0.57133925 -0.53557112]
32,67.2291821619686,52.550336157154675,57.25932233021885,3.0327239180153622,2.3701364642220435,5.030937794147431,3.9917890847820243,582.216353054702,581.9332444202591,27.95361796439737,[-0.59574163  0.80234575 -0.03651303],[-0.46630575 -0.308502    0.82908712],[-0.65395019 -0.51094796 -0.55792593]
10,119.6418223750409,95.6147874071407,151.09081069296485,1.3394927655119508,2.6955881213939734,2.6255539249480044,1.4707319878878782,680.4103834567968,680.3809084721443,11.76159099139844,[ 0.82189313 -0.16836282 -0.54419266],[ 0.12360764 -0.87985107  0.45889351],[0.5560691  0.44442779 0.70233261]
6,53.946181293147866,23.03153525066295,94.51599603747364,1.5336207751022606,0.6396431949727243,1.8176672355607226,1.5448052381793307,272.53690797959206,272.50925570728555,4.701822516551627,[ 0.1090453  -0.97831448  0.17609628],[-0.86773606 -0.00726513  0.49697219],[-0.48491573 -0.20699757 -0.84971098]
2865,91.57438478967813,121.53448015684965,151.25753795212987,19.225675937139382,29.190039886842314,21.885537884943492,27.263566872065347,11666.786134164515,11604.305037658749,1659.367270374336,[-0.88931837  0.12570111  0.43967267],[ 0.16178635 -0.81280373  0.55962064],[-0.42771253 -0.56881396 -0.70250457]
152,52.80345180762763,81.54957899798369,178.38769486085064,11.442336632680611,9.457604565449587,8.740418996019205,9.366913440160928,2512.244953911025,2508.0678211903514,178.02779132935586,[-0.30106639 -0.83028995  0.46901773],[-0.91780615  0.38578842  0.09380383],[-0.25882599 -0.40222618 -0.87819315]
190,168.48176901808566,127.32503066772138,82.82499907220384,7.914020206657772,4.401121501463503,8.069732795078384,7.807568220693971,3130.2915213182478,3129.65746834738,127.94803382291086,[-0.66438629  0.68440669  0.30029709],[-0.08170285 -0.46589537  0.88105967],[-0.74291016 -0.56082884 -0.36545247]
338,16.184394989573548,189.43245200352106,106.88057591923726,7.235636500069553,6.32939859730662,9.157966820412991,7.599941103345396,4015.123795912515,4014.37064648602,200.32065315588807,[-0.99270382  0.01775408  0.1192641 ],[ 0.09484882 -0.49573597  0.86327837],[-0.07445022 -0.8682918  -0.49043503]
46,94.12742872811455,54.5784336509656,186.32386533689055,2.9864697699172584,3.4818594766668975,3.5376364313132784,2.7490432352734238,1463.8430561472794,1463.6068077442953,34.62802720845235,[-0.74538309  0.63918077  0.18934621],[-0.50409386 -0.72628846  0.46732692],[-0.43622636 -0.25288932 -0.86357024]
20,176.23028648724465,165.37177160758787,60.709541041388775,3.6925753879045264,4.240362158841886,2.6373671826230054,3.1715393415461137,1114.6342403238643,1114.5341609803102,23.882580256786454,[-0.06717442 -0.27987513  0.95768341],[-0.70378794  0.69366124  0.15335129],[-0.70722707 -0.66370475 -0.24356904]
231,55.18252059904295,163.45512200641238,95.03347130292732,5.659461229551119,9.896062065166722,9.38909316955619,10.133809243266759,3000.860032105436,2998.6774210680073,162.4589723346191,[-0.95976619  0.23127671  0.15924804],[ 0.02057478 -0.50767632  0.86130217],[-0.28004559 -0.8299252  -0.4824921 ]
172,121.15116562761492,130.78175773251988,99.83144514491691,10.4998778721759,5.593848733344648,6.859331940171044,9.00527650055281,2684.8254815152923,2683.1161279551197,136.80109696004436,[ 0.49848243 -0.76857243  0.40101333],[-0.63159328 -0.00512555  0.77528295],[-0.59380569 -0.63974225 -0.48798018]
32,166.5044490542249,30.504262455985412,85.20760014399912,3.3780897012953837,5.072337528325802,5.091989364408368,3.4756588906731745,1072.8320418374906,1072.3656632658667,40.40525240281308,[-0.20401958 -0.72472699  0.65813889],[-0.43198041  0.66993486  0.60380478],[-0.87850381 -0.16111511 -0.44974769]
7,85.91283081645578,53.0290349850489,117.96241939920962,2.0813923108009575,1.5236972835008233,1.948701968924325,2.1871660160164654,410.8804389375675,410.8520927864364,6.268726956820012,[ 0.65972735  0.37715975 -0.65000796],[ 0.50847664 -0.86091687  0.01654249],[0.55336366 0.34142739 0.75974732]
46,26.443567054505404,157.65485828541364,38.69179658827787,3.437689460107938,3.694105367448603,6.58711182785526,4.236996868524351,1116.7733814964506,1116.029650432893,48.53672444917213,[-0.91075277  0.23596645 -0.33889412],[-0.38042767 -0.16019372  0.91083081],[-0.1606368  -0.95846638 -0.23566504]
13,61.215721195382336,76.06553692039773,68.82112283586744,3.6850712158355514,2.25395245414707,2.2087910261982278,3.2876477607942656,431.0157868230741,430.9111245235858,12.83024207564238,[ 0.16694925 -0.73199816  0.66053512],[-0.8421752   0.24250092  0.4815955 ],[-0.5127074  -0.6366883  -0.57598535]
88,26.8351387398532,107.54380803788982,193.1605513910481,4.274220786661165,3.6548405233132826,3.5564024155935177,3.464327656750805,2089.832176928323,2089.639137890392,53.27143870408956,[-0.57612369 -0.67749246  0.45725864],[-0.80842266  0.55482664 -0.19652025],[-0.12055829 -0.48287822 -0.86734902]
4,114.17791102416784,57.55607668610381,104.46200656339248,1.0469459530318301,2.404280414374738,1.5349632914263918,0.4571573837354643,330.2718931550906,330.2288629638046,6.008493460690917,[-0.71158549  0.47937062  0.51366321],[-0.12421133 -0.80540513  0.57956374],[-0.69153282 -0.34860636 -0.63265786]
12,122.62275947932027,174.75491594816035,125.69813810804361,3.65688305553489,1.8253555535492085,2.662986142350799,3.3454821461390556,858.3464690562153,858.2995231920789,12.240333751438003,[ 0.44261305  0.29782161 -0.84581084],[-0.74768235  0.64329525 -0.16474929],[0.4950402  0.70531802 0.50740683]
12,35.611449982080295,6.473387054554462,16.692912661796594,2.2545234591656205,2.6753317693110774,1.885315185510002,2.425221865132991,138.63623854182245,138.44526444773408,11.026209315994958,[-0.41114302 -0.0806858   0.90799296],[ 0.18119424 -0.98343281 -0.005344  ],[-0.89338126 -0.16232595 -0.41895133]
33,144.06562623985482,159.64488467352297,70.48808311747818,6.607197790561066,5.269088390093182,4.347245776028586,4.359045492821359,1301.050437029476,1300.275970057159,48.669122651879405,[-0.4635139   0.02713762  0.88567399],[-0.6161767   0.70842521 -0.34418019],[-0.63677401 -0.70526398 -0.31164336]
6,111.53896689709775,19.491531914783618,194.7778585307606,1.6169129412278043,1.7733419888700372,1.3123437458102267,0.588517445256862,551.8932759251162,551.8804914418085,6.543196415836885,[-0.53373027  0.81543956  0.22403198],[-0.68559654 -0.57234049  0.44987082],[0.49506503 0.08651412 0.86453798]
74,12.132640956678589,176.73466445501748,6.498294196184766,4.350092391354183,3.5891594741121877,4.560054441314294,3.783719308400265,1525.8532573791151,1525.6328865325172,53.26608878291917,[-0.80095685  0.03311871  0.59780538],[ 0.59476835 -0.07054425  0.80079593],[-0.06869306 -0.99695871 -0.03680494]
75,11.899830752102519,35.56805504994528,91.68215766935228,8.70531076094542,4.249492276059448,4.03513805543707,4.01405578075213,862.0650328843499,859.1424547241829,84.1614369875132,[ 0.16366092 -0.92649686  0.33884904],[-0.97929225 -0.11108574  0.1692532 ],[-0.11917126 -0.35953237 -0.92549159]
7,35.624211011935465,101.4340804125912,181.88597589551776,1.5545360303841724,2.4531002549713277,1.6223701297808277,1.6104972477477106,559.0666413161363,559.0228555092206,7.705908971357544,[-0.85553922 -0.36245473  0.36970153],[ 0.48951496 -0.79883341  0.34962878],[-0.16860532 -0.48009556 -0.86086032]
3,147.61766638271163,24.595309490964237,25.808849519644358,0.5874378565154085,0.22996988911803576,1.3248106333635614,0.7352941971046999,263.0444632196978,263.0355567052694,2.1984490841992557,[ 0.19799636 -0.95454006 -0.22282442],[-0.12617152 -0.25025252  0.95992418],[0.97204845 0.16194739 0.16998486]
197,136.91974066727312,162.9842277497227,133.17215914431446,4.788433820861716,12.154949605983754,10.820497160295403,12.153633383903403,3531.0579592647678,3529.5584379004586,165.00717400179917,[ 0.00513744 -0.63534058  0.77221496],[-0.83906359  0.41736426  0.34896901],[-0.5440091  -0.64973027 -0.53094697]
243,30.872170673792994,16.693694980595506,104.63006373261481,11.945112864579562,5.879452386416356,11.338532497322058,12.309807943329986,1740.1800470076446,1732.5851212644845,194.03606600394477,[-0.21536786 -0.95226898  0.21633417],[-0.93497267  0.26501935  0.23577711],[-0.28185597 -0.15148772 -0.94742212]
81,60.13778484815827,188.2018220446978,72.75549372585498,7.7380855857376165,4.695123619477469,6.784197898922834,4.344212671439775,1896.731250039051,1896.2381600802664,94.09100968979253,[-0.54592322 -0.14453436  0.82527429],[-0.78758153  0.42453437 -0.44663846],[-0.2858027  -0.89380109 -0.34559576]
21,184.11294264730577,91.94315057223449,116.17066518675847,2.9510025080573636,4.522478459571227,1.6615150661086606,3.801555371100358,1083.2299127276378,1083.1195945346492,19.2037437912422,[-0.61606334  0.32992272  0.71527404],[ 0.11625666 -0.86002966  0.49682328],[-0.77907018 -0.38922999 -0.49147703]
37,31.769159162569387,81.35042147246716,82.32665869247533,6.109943043096636,3.5000006297929085,7.061766676957072,5.200121833879396,732.3321565504959,731.030549160469,51.01070621351161,[ 0.34164452 -0.73122547  0.5904137 ],[ 0.90237507  0.07963912 -0.42352902],[0.26267518 0.67747098 0.68704791]
39,131.98649749146023,78.65314221776033,34.90237261483852,5.013014176659291,6.202553267988627,3.6366992406057137,3.1723839914955185,985.1963926684066,984.4383983332154,51.04933662362681,[-0.0741492  -0.29749896  0.95183836],[-0.54098393  0.81381829  0.2122173 ],[-0.83775789 -0.49919352 -0.22128613]
2,94.42384102120022,79.0970666875223,127.3819708455238,0.30732862788054405,0.12660379760637852,0.2071273113767731,0.25615373385575424,250.59340609595984,250.5930558629241,0.41896545923121276,[ 0.61930194  0.37318603 -0.69079468],[ 0.57663184 -0.81331232  0.07758082],[0.53287975 0.44638016 0.71887685]
13,18.465746551148115,93.00525723318404,94.30297566367526,2.903451773614153,1.9461001207548714,3.4123172036893323,2.9666007581229756,482.4158260558433,482.3718051559412,14.040650035267866,[-0.04836988 -0.70656731  0.70599079],[-0.98926079  0.13149133  0.06382101],[-0.13792551 -0.69532199 -0.70533956]
3,177.54320623323193,11.163735189986982,34.79553484545401,0.5931461980964645,0.3267102658650986,1.2960776774247118,0.8013160628182999,313.97006374870995,313.9630868396999,2.121154579520825,[-0.11340983  0.95556452  0.27209309],[-0.16670029 -0.28827847  0.94292446],[0.97946374 0.06157891 0.19198649]
17,9.701078962435073,56.998401923120475,17.143514913746177,2.804894743210262,2.89402592219042,2.7345231066118796,2.692327739414207,249.21377504860268,249.14260096841573,16.707326512416156,[-0.31205211 -0.22488379  0.92306596],[-0.93651359  0.23632455 -0.25902318],[-0.15989303 -0.94529254 -0.2843523 ]
147,127.18190161897796,49.77466374506228,28.47871394648367,6.34516244854867,9.09576071937496,5.9965376999184095,6.930180540989187,1696.8403988713599,1695.197224830091,126.98589101475639,[-0.10750013 -0.27116551  0.95651084],[-0.39756109  0.89354204  0.2086332 ],[-0.91125677 -0.3578434  -0.20386074]
66,158.34250216826376,68.19351056474719,44.46777041096186,3.5278295522636975,4.045591557116998,9.085538546197574,5.23959820268472,1448.6471820548024,1447.4144232526628,74.32061646324188,[-0.37905616  0.92302769 -0.06585062],[-0.25671064 -0.03652041  0.96579807],[-0.88905347 -0.38299626 -0.25079432]
34,157.1918917551287,5.033214865833035,165.0032067463859,5.286491916038431,1.9639971153960314,5.273876479158413,6.690048206723672,1329.8732949407886,1329.7770503439644,22.592950016668926,[ 0.03839989 -0.99924414 -0.00604948],[-0.72316744 -0.03196745  0.68993256],[-0.68960445 -0.02211855 -0.72384838]
17,148.63911178581054,42.95821924991077,193.73762973880486,2.165834660366881,2.675919812754571,2.8077238304063235,2.832200547057716,1022.4105702486687,1022.3695543737803,14.10861998890137,[ 0.76113225 -0.42537452 -0.48962661],[-0.2475621  -0.88827982  0.38687462],[0.59949204 0.17324976 0.78140503]
585,112.7392415868006,123.75109625749506,41.44496957497618,12.951116870042572,11.756332375813525,18.103332349880496,13.542613037177006,4205.9050130895,4192.723589391429,520.7228197091978,[-0.75003718  0.57280418  0.33066539],[ 0.09801827 -0.39816417  0.91206234],[-0.65409223 -0.71649192 -0.24249265]
58,79.74333389376972,26.28283353020488,114.55609075369783,3.7830312218254196,8.981835331160964,4.5806463995898525,3.1541449059311915,1084.4596770588755,1082.2622507835997,78.50103609212795,[-0.80506901  0.34754958  0.48070071],[-0.19141673 -0.91923892  0.34403408],[-0.5614477  -0.18495702 -0.80657757]
40,50.84820226923718,23.092644404093875,5.585762822031144,3.782079962900215,5.625753348895361,4.053280519593809,4.860626317315325,357.65063573875324,357.1763383276501,38.762388607039206,[ 0.07916001 -0.39371418  0.91581812],[-0.41969901  0.82014597  0.38886158],[-0.90420486 -0.41515025 -0.10031869]
63,172.28886731850253,81.13105548436971,163.09425382167333,9.28291330113072,6.674525540897131,4.398598835167192,10.093913480969844,1992.3452625999441,1991.8393098579372,55.59141178974281,[-0.59581766  0.76330117  0.24974515],[-0.41518049 -0.5589347   0.71778629],[-0.68747835 -0.32398043 -0.64993092]
17,85.24438755809766,186.33168677876134,166.56102096032285,4.261255329733466,1.8858051719421167,2.2980234787499185,2.8670946887155138,1088.92608790612,1088.8585295529483,17.88673428770966,[ 0.04755056 -0.67770877  0.73379136],[-0.94522715  0.20697177  0.25240509],[-0.32293124 -0.70560152 -0.63074711]
27,139.83453023444665,23.8153922505634,191.1389386142755,3.0570767191306967,4.921935838829029,2.8879490725913697,2.594944005834549,1237.1838787115203,1236.954411677831,30.83879447318474,[-0.67612301 -0.4845337   0.55505385],[ 0.4446936  -0.86901898 -0.21691843],[-0.58745662 -0.10016535 -0.80303276]
52,94.09418737968755,7.019440764622751,150.81486580437644,4.802841165019548,3.002865063304898,4.327712584896439,2.638733140757739,1283.7065242007159,1283.1653970672355,47.66995573944492,[ 0.12175962 -0.99211511 -0.02970205],[-0.83996575 -0.11893731  0.52944447],[-0.52880254 -0.03951625 -0.84782447]
303,13.84932760887737,26.668034446993445,143.20008008435943,7.624850329264021,12.481071960552086,7.3015222681981475,6.18081058896624,2559.3724529847145,2552.505078238318,265.0971595799856,[-0.97647561  0.20854558  0.05480982],[-0.19423345 -0.96108726  0.19642974],[-0.09364157 -0.18116295 -0.9789848 ]
28,176.66502974871835,166.81964991062,180.71455383267943,2.7582842425874556,4.7358234505817345,2.3682235730319574,2.92334899520641,1602.6269339827677,1602.45470113395,27.537716192647864,[-0.55358862 -0.26794284  0.78850889],[-0.59432758  0.79035846 -0.14868836],[-0.58336469 -0.55094477 -0.59677927]
6,26.965665819054987,148.10897150235843,191.4624844125178,1.2233380878897118,1.2936453523798348,3.4932539300335486,2.5185677099314403,596.6698601834127,596.6332707175176,7.339149129213658,[-0.9804567  -0.06258196  0.18651583],[ 0.16260496 -0.79145034  0.58920794],[-0.11074422 -0.60802127 -0.78615892]
4,22.48048492189492,46.459927161703355,23.78106257725978,1.796191402801536,1.1994935336811252,1.073440161415779,0.4929054289173411,113.74335655979368,113.67550041720034,4.728225034571792,[-0.35451601 -0.28454075  0.89070475],[-0.84730447  0.50063553 -0.17731105],[-0.39546622 -0.81755772 -0.41857596]
10,198.7807402418028,186.20521601791387,99.01757851932211,0.6209777878922422,3.3528436360882745,2.3016957225292876,2.3185462588448438,916.531517213952,916.5181001741648,10.76893363236831,[ 0.41028389  0.04636743 -0.91077834],[-0.60106339  0.76483923 -0.23182698],[0.68584978 0.6425504  0.34167098]
36,88.64583376089018,35.87872737962708,20.621319830955926,5.336724694353653,3.0085942788607665,2.9068359159137493,5.625749597491918,588.2375743005234,588.09207592987,22.77239813334215,[-0.40835454  0.62949849  0.66104329],[ 0.10959909 -0.68512402  0.7201341 ],[-0.90621996 -0.36651977 -0.21078104]
18,13.356128797264077,115.66497115492467,6.008390950415657,2.1647075029928,2.573519558457988,2.54188988174937,2.7378081097295435,494.8867711993642,494.85857721218173,13.609109977674763,[-0.98988711  0.1184765  -0.07801812],[-0.08354953 -0.04245442  0.99559886],[-0.11464285 -0.99204886 -0.05192374]
23,136.99532557787126,80.57233069611125,93.52737171471789,3.0683098246695866,2.7969801786922095,2.439874653696014,2.261085325405932,884.6131207483686,884.5505490912107,20.450260984183625,[-0.66421577  0.38763519  0.63918414],[ 0.08265946 -0.81172059  0.57816701],[-0.74295681 -0.43686226 -0.5071159 ]
16,113.67033930574608,89.30517639607137,32.76865289864848,1.5829731099163307,4.087282488715044,2.366489014349255,3.1722634017465174,593.1581662141629,593.0975794903401,15.403874398864017,[-0.37498337  0.14095221  0.91625321],[-0.52113258  0.78536718 -0.33409464],[-0.76668658 -0.60276934 -0.22104484]
150,175.83526956283862,114.6072503585083,118.13557644737811,7.561537163941403,9.714899639744054,11.65344411464748,13.838658204916554,2956.239593663635,2955.526251534226,119.9299333508579,[-0.63228396  0.743404    0.21809973],[-0.26135316 -0.46968371  0.84326256],[-0.72932265 -0.47618033 -0.49126446]
32,15.432572117841469,106.59854149771434,33.10774645703465,3.4752205255985436,2.683638860837817,4.124002781645426,3.1601352323477303,638.1174357199637,637.9114247807141,28.979371366067312,[-0.90811127  0.00179629  0.41872507],[ 0.39552335 -0.32459589  0.85918495],[-0.13745978 -0.94585109 -0.29405872]
39,142.90510574532294,171.00743043429327,4.353060601293361,4.416673575100812,4.8893100482520895,2.8534579120230363,4.663330259651069,1392.6362493736847,1392.4068546328363,34.18680944343107,[-0.21845375  0.15792277  0.96298409],[-0.73572465  0.62163671 -0.2688439 ],[-0.64108284 -0.76722109 -0.01961119]
8,174.31191200564442,43.777045082806254,36.65971116978222,1.6195787014081988,2.5984374619978667,1.411256274699464,2.293545743591459,518.8846544304712,518.8567304698789,6.955703445800215,[ 0.13417058  0.26531439 -0.95478088],[-0.28103361  0.93412218  0.2200815 ],[0.95027278 0.23879705 0.19989398]
2,44.195769217071955,106.23330747050628,56.36502703103007,0.44532737430020575,0.8916331806797828,1.511556014378769,1.2505845744292046,181.21300192207153,181.2035440791627,1.8513991356949226,[-0.65768832  0.54790299 -0.51696073],[-0.6697053  -0.11109333  0.73427044],[0.34487808 0.82913243 0.43999832]
8,160.79568779647417,63.57089908076926,184.2779472654281,1.6338277579400104,3.7734975824468435,1.9445496024744462,1.2473228495076891,714.8361523763283,714.7485207648699,12.363449393790209,[-0.76858734  0.28758474  0.57146174],[-0.06597252 -0.92413209  0.37633429],[-0.63633413 -0.25154501 -0.72924892]
48,95.30827660255062,43.11873087587662,40.93395920220183,4.346979414383548,5.258652675315816,3.2697299023672897,3.7704151291979375,779.8611892297166,778.8623225041905,45.380101471584986,[-0.18256044 -0.43427864  0.88208489],[-0.49686291  0.81492163  0.29837893],[-0.84840965 -0.38380308 -0.3645494 ]
51,127.35136031722365,91.05518639441098,166.05645691170588,4.182324626184859,4.126947435647082,3.61900434390113,3.287988568324731,1630.3026645131536,1630.2392179663564,43.30400305917494,[ 0.66608224  0.30758034 -0.67950628],[ 0.49488492 -0.86385016  0.09408409],[0.55805319 0.39894515 0.72761212]
96,6.159777407618535,65.75196020279928,103.4782942417822,4.452537942001446,4.946491514146324,10.571482607692417,10.72117226371131,1208.243052138878,1208.041122955797,63.235591899998404,[-0.85847752  0.45486542 -0.23688353],[-0.51039216 -0.71258474  0.48137598],[-0.05016169 -0.53415395 -0.84389772]
11,75.13250411627907,85.6622541410162,90.06959576188757,3.2227612979680926,1.477109778477143,2.7750337840727064,3.586882883552721,481.91639560517945,481.8931723452256,9.017084356567555,[ 0.33875789  0.5243927  -0.78118844],[-0.785798    0.61432214  0.07162263],[0.51745974 0.58959359 0.62017321]
61,155.45206944513424,185.62526731052765,163.84542663767823,6.729410142329806,7.268311562710398,4.192792026783324,8.427937518373612,2284.670175743002,2284.4490895286112,52.08684259324029,[-0.81046394  0.57349203  0.1193947 ],[-0.24543732 -0.51751105  0.81972119],[-0.53189165 -0.63505055 -0.56018039]
4,153.50345647608123,33.03476538716576,198.67818035089155,1.197375966691737,0.9678037605325384,0.5638909952603229,0.3517809240406505,506.4756846725106,506.4727353866133,3.2039867650147373,[ 0.21817568  0.92134132 -0.32176007],[-0.76481992  0.36621516  0.53003486],[0.60617643 0.13044779 0.78455943]
419,50.182870148329485,46.178627261465756,93.05675492451529,10.84375854798663,8.173153075025548,15.8228581763806,15.336974006127043,2393.913111744746,2388.715006943658,285.6766434532855,[ 0.76148393  0.31892104 -0.56429743],[ 0.48028723 -0.86224427  0.16080734],[0.43527738 0.39347706 0.80975886]
16,56.21532974894461,100.81772015053929,28.54957608203274,2.1230712692360405,1.7744175908999185,2.2215424933650003,1.5288847960643703,475.79050313590585,475.7358867236149,12.814841808256185,[ 0.52459224 -0.48969718  0.69641917],[-0.708046    0.20326557  0.67627951],[-0.47273021 -0.84786778 -0.24009659]
78,186.02273603253403,14.791984582729233,111.7171244555865,4.836323537497819,6.977847664627449,8.106551210003602,5.233461076090478,1923.2709961803769,1921.8137525606421,92.61346785457323,[-0.26580943 -0.79311435  0.54801002],[-0.44514777  0.60520656  0.65997613],[-0.85509579 -0.06851756 -0.51392269]
54,128.95417097293335,7.893854726342341,146.35843466716037,4.698681793454015,3.717969889416989,4.317397499790469,4.406070274926042,1435.4110865716427,1435.1681887683455,43.637231234465716,[ 0.3724814 -0.8846137 -0.2805641],[-0.651834   -0.46457251  0.59940372],[-0.66058311 -0.04038552 -0.7496659 ]
24,160.17789991684904,58.259341678529466,14.757189597517927,3.8083303252503473,6.734397982159375,2.9071013177063443,5.6359495117591525,838.9893593630377,838.6908076013918,29.661338636418588,[-0.15342282  0.1752531   0.97249565],[-0.31689616  0.92344177 -0.21640728],[-0.93596916 -0.34138196 -0.08614   ]
45,134.8050216233434,164.67230569760994,86.98289888268926,4.034771503388369,4.1967480334190626,4.908091484671811,4.152031992797392,1542.944992880928,1542.6203524415264,42.969058892131386,[-0.80967195  0.50498471  0.29903475],[ 0.02317072 -0.4816276   0.87606961],[-0.58642515 -0.71625784 -0.3782595 ]
52,77.7157357162664,120.49337727111467,8.381734721961275,4.404006201476467,5.514555311097516,2.527546161211607,4.477129162800654,1036.9582489630557,1036.3708264137645,43.31464681823089,[-0.16303958  0.03677925  0.98593376],[-0.82520867  0.54265496 -0.15670436],[-0.54078531 -0.8391501  -0.05812368]
6,71.51037768315257,166.14803177231784,191.30927746449558,2.106104004681434,4.453470174761302,1.1407845686187763,2.7210410039332307,645.0126815802602,644.9605036219648,10.447083608121128,[-0.9032452  -0.09345201  0.41882554],[ 0.33224159 -0.77000682  0.54470637],[-0.27159462 -0.63115467 -0.72655361]
5,53.84174550733702,144.1313816017497,51.08537690734856,1.449896518742971,1.5769507798222744,1.2499728532911123,1.5523403794508888,362.5497791933129,362.52657347253063,4.324320290538628,[ 0.31184848 -0.4187869   0.85285875],[-0.89021878  0.18491912  0.41631171],[-0.33205578 -0.88905706 -0.31514522]
233,188.79772180305667,34.619767869509595,65.36000575940224,5.243759331959445,7.0192369281374605,7.24445771860602,4.645020824506526,3098.1903059806623,3097.723131672063,158.63830399086936,[ 0.01243022 -0.89798751  0.43984534],[-0.36451593  0.4055401   0.83825137],[-0.93111419 -0.17075028 -0.3222898 ]
176,133.37997578401738,11.554361026359981,122.65660518722758,9.393073746965744,6.814314062770719,6.215924806235695,9.949657288969254,2414.128462170048,2413.4511899742006,114.47141104368569,[-0.63318543  0.42123121  0.64933849],[-0.24254438 -0.90466781  0.35035464],[-0.73501594 -0.06434605 -0.67498974]
76,24.775760129909695,148.37497981942602,101.91881485737063,7.338851041313647,4.6154414101659516,6.0883320835916015,5.033611142409111,1586.1109736440335,1585.3118175437564,81.19543751161343,[ 0.14141242 -0.57658511  0.80470624],[-0.98059091  0.02993084  0.19376688],[-0.13580863 -0.81648867 -0.56116153]
304,95.52512779334451,85.90267429289516,80.26505467424579,12.657100474266992,14.939494048345358,9.056270563046205,7.4887745264417225,2662.3968600913295,2649.8363713578888,353.0310585812644,[-0.29869701 -0.45223383  0.84039553],[ 0.71730195 -0.68722912 -0.11486533],[0.62949028 0.56850742 0.5296615 ]
92,14.046138687156189,110.22380734787252,121.13134997564167,5.313964349623784,3.2155371589353647,6.886803752964896,5.645275331763831,1578.512916561804,1578.204569795919,70.42277739434952,[ 0.58325803 -0.63361829  0.50826955],[-0.80778902 -0.38668871  0.4449143 ],[-0.08536374 -0.6700744  -0.73736919]
111,70.73895657306335,135.78543948116905,71.64148260645389,6.986984412221495,4.72645093571765,7.563705474831138,4.44429710109621,1783.9191669694706,1782.5737110192322,109.68350941804225,[-0.75536702  0.04871487  0.65348874],[ 0.50402006 -0.59411983  0.62688547],[-0.41878926 -0.80290005 -0.42422526]
23,61.365044264120364,163.73256013584364,40.85927995246145,3.817119381552204,2.010513332831633,3.3178435251047067,2.4922768305050353,861.4884896275087,861.315563280584,23.165991189209944,[ 0.61703583 -0.40038906  0.67746246],[-0.70879702  0.09122266  0.69948925],[-0.34186778 -0.9117933  -0.22750692]
27,133.0205421322124,107.92079732136081,159.4058925152757,3.3013846293010136,5.474562995884676,2.5260764710652297,5.1103574604045745,1216.317916895221,1216.1951352566286,24.045076605287562,[-0.77458416  0.02118019  0.63211612],[ 0.2772638  -0.88691336  0.3694719 ],[-0.56845771 -0.46145    -0.68111653]
275,150.916193540196,160.6392267118824,186.60533628668833,8.773052832595551,14.438330690126888,8.82165024800921,11.524440873797117,4797.876969091929,4794.608670417497,251.21549572423595,[-0.36038364 -0.54245255  0.75886024],[-0.77322434  0.62877467  0.08225892],[-0.52177366 -0.55712444 -0.64603762]
2,37.67387344359179,91.96604644450608,15.780137020462515,1.2132805377826017,0.60095104224267,0.004491728700862119,1.0041178425323807,142.32301553336728,142.3172201821144,1.2843637127721317,[ 0.09924119 -0.20763517  0.9731592 ],[ 0.92191335 -0.34885677 -0.16844799],[0.3744689  0.91388544 0.15680067]
21,91.88260565004836,63.44904074472927,51.70307663517516,3.9860691704560405,2.233507516274932,1.3926494988019569,3.2997405654748135,564.2679957553128,564.1344951677208,15.845952408300612,[-0.03236472 -0.6026372   0.79735872],[-0.66408635  0.60918169  0.43345933],[-0.74695505 -0.51548625 -0.41991913]
23,190.1691761356253,23.947102861936298,160.0347081482534,3.7960286568006922,1.9792814649427655,1.355611480948877,3.1024267650695796,1197.6679049616444,1197.6336028425915,15.548074672864693,[ 0.05039374 -0.99475372  0.08902527],[ 0.64601471 -0.03551284 -0.76249841],[0.76165968 0.09593678 0.64083592]
107,104.76353036219636,57.86919355608952,4.20510934332801,9.303055810816913,8.422825834386678,2.569670787586933,6.040336769463143,1245.5611301256297,1240.7045890063646,116.2644151088158,[-0.02603861 -0.02514226  0.99934471],[-0.48163867  0.87631843  0.00949765],[-0.87598298 -0.48107576 -0.0349276 ]
4,64.63940586411174,3.349673032060285,118.92818857319774,1.272021986934898,1.7818500037698588,1.2475691915576377,1.6602808846356387,270.8482541998298,270.8220718462274,3.810690410649477,[-0.82277011  0.36346409  0.43697048],[-0.3084008  -0.93127804  0.1939334 ],[-0.47742884 -0.02480056 -0.87832035]
32,41.86580373316796,2.908442858681719,152.09510328251383,2.723672855624877,2.1040442707335423,2.982230910689084,2.9235726534601088,892.827928427403,892.7585277747386,19.79403518380509,[ 0.22744747 -0.97279762 -0.04395954],[-0.93695173 -0.23091915  0.26229337],[-0.26530946 -0.01847    -0.96398638]
48,15.71471989455066,49.43180502224823,115.08256245894249,4.541556821926031,3.9662579719209203,5.9282026255071205,4.366812347332742,876.2148010445127,875.3663077129713,50.5261087535192,[-0.7719266   0.61553915 -0.15887381],[-0.62353558 -0.68443679  0.37782225],[-0.1238253  -0.39071452 -0.91214552]
11,72.68806977288166,12.36341980759978,180.4930125189649,1.3063317618807084,3.147778571413753,5.157829856638511,4.745044709465042,646.9567137600314,646.8583934247329,13.154799671137662,[-0.66276602 -0.68004612  0.31349398],[ 0.64958813 -0.73039368 -0.21109318],[-0.37252712 -0.06373658 -0.92583   ]
11,81.2292549111188,53.00930187161195,27.58016728233525,2.485720543258367,2.565092571213638,1.0648403369353079,1.6515241583982385,334.6691916608997,334.5040150860111,11.125965166515604,[-0.14462584 -0.27327131  0.95100271],[-0.57456735  0.80566669  0.1441303 ],[-0.80557789 -0.52557014 -0.27353299]
19,119.60851710272705,178.92266910604295,190.41981190696902,4.281116255941905,3.3792373807116833,4.446740400090579,6.090304984027179,1252.9379476116806,1252.9180849476404,15.331576079525657,[-0.58158462  0.74254259 -0.33224967],[-0.69888309 -0.24705606  0.67121213],[0.4163193  0.62257033 0.66263446]
11,91.0754152160153,78.33360533358959,20.017950563428037,3.093001083018432,3.8086510011518286,2.6396940367739608,4.110857985181716,404.2947283956776,404.18518671418764,12.5805718013506,[-0.66002995  0.69374462  0.28823404],[ 0.07196986 -0.32352079  0.94348007],[-0.74778393 -0.64346927 -0.16360471]
90,55.45697181849729,29.911352809949687,134.17386134640648,5.137549901283084,6.39236848455345,6.707526625286776,5.912881356476405,1408.973605199797,1408.2277463412458,83.63461589727861,[-0.76918501  0.61290243  0.1808453 ],[-0.51841604 -0.7639659   0.38418864],[-0.37362979 -0.20175904 -0.90536958]
2,196.9813499338635,2.5979798080099203,177.90410684614199,0.04412191269381083,0.30836128507131244,0.2412815235574044,0.12595185045441326,375.3889401774443,375.388568865662,0.5279891429412754,[ 0.55989181 -0.55880046 -0.61177055],[-0.3685343  -0.82924439  0.42016212],[0.74209408 0.0097869  0.67022428]
109,130.9586806900025,92.8311661769578,16.104663922455362,5.747718517394635,4.6791241888116675,7.042449576989213,6.382129849156918,1687.1402092274227,1686.1983201574365,83.67301528552258,[-0.58185926  0.81143461  0.0548969 ],[-0.04989535 -0.10298836  0.99343035],[-0.81175751 -0.57529755 -0.10041155]
22,158.72530932485054,56.09243211253094,173.72013234241618,3.143012291046536,1.988945798338412,2.775468757697284,2.71896075613294,1134.80371098034,1134.7606695371474,17.67086929689742,[ 0.20102069  0.86357071 -0.46242438],[-0.72735115  0.44778582  0.52004631],[0.65616385 0.23180484 0.71813336]
19,7.519643347722066,124.13063970802989,170.09956258675683,3.745606234197236,2.64375399234019,4.6141467184711,4.383456084151788,918.8337276781306,918.731345322045,20.982973276714368,[ 0.54607487 -0.68812697  0.47779024],[-0.83696996 -0.42375161  0.34628868],[-0.03582619 -0.58899562 -0.80734171]
8,115.95535097747879,167.05767063814127,52.77938395485287,2.3047022520808738,2.7240525412958903,2.325670017560475,1.2100381953280452,594.3535821726888,594.250604808427,11.55186112229678,[-0.59209951  0.16153396  0.78950931],[ 0.58721527 -0.58447465  0.55997108],[-0.55190252 -0.79517052 -0.25121195]
19,178.5348021653182,163.43025837347682,85.79162242764811,1.8856263100125528,3.4786865172102472,5.071712193013916,3.824264165500774,1119.6461231104543,1119.5285173367363,22.47900938244669,[-0.53565967  0.76866302 -0.34960818],[-0.47944133  0.0639726   0.87523912],[-0.69512929 -0.63644691 -0.33426128]
24,9.775335505575638,138.00400101441693,84.76032489400346,2.2628519883741367,2.1078659241531255,4.352664418317475,3.3719364011972437,795.2095223698396,795.1074602562043,20.32602722936179,[-0.98659342  0.13023692 -0.09834515],[-0.15170452 -0.50974513  0.84684452],[-0.06015946 -0.85041064 -0.52266872]
46,57.63494632811944,49.55019708317154,169.19117978939744,4.242842482947199,3.5272337722767477,2.9148294480315524,3.23625123477027,1258.5127077513857,1258.3562021380787,36.23498566760444,[-0.18651689 -0.92385567  0.33421871],[-0.93200849  0.27399227  0.23725179],[-0.31075976 -0.26724321 -0.91214551]
123,11.514586962811704,41.019011271442906,67.95769689536533,4.863586028966047,6.946441983547419,7.7264136396361085,8.284815138846701,897.0794259357269,895.779435811217,88.41578729916259,[-0.98641846  0.00522384  0.16416861],[ 0.07953067 -0.85932447  0.5052092 ],[-0.14371323 -0.51140412 -0.84723806]
24,27.542467487167425,125.82221148153246,10.539613045226092,4.299078024335584,4.590676327033131,4.587270669430165,3.8873470904597442,633.9014638127416,633.7462052882988,32.96433766041651,[ 0.66656267 -0.20513084  0.71666976],[-0.71450514  0.09831045  0.69268857],[-0.21254791 -0.97378457 -0.08103696]
60,87.27257265378059,77.6054074989988,32.56676489222992,4.576743404940122,6.948577083847407,3.750686469625001,3.9723008465329483,941.5563878379497,939.8924475478714,63.50461585048007,[-0.4662963   0.15947876  0.87013464],[ 0.51454407 -0.7512166   0.41342233],[0.71959166 0.64049992 0.26823067]
6,166.5142094721565,135.60617142852976,62.689692062419276,2.7424635252025853,2.6551112522389495,1.7285494290372652,3.1096419505927595,548.0615515537654,548.0361931579798,6.908550975564672,[-0.31727089  0.69016265 -0.6503958 ],[-0.58763271  0.39521905  0.70603803],[0.74432989 0.60619916 0.28017065]
208,110.67970091263717,145.03946099815892,72.96277652028608,9.706692578343974,4.8587784684048,9.428593565384801,7.586512687429852,2839.3342825910577,2838.238560430143,174.19565524651293,[-0.80509539  0.39108242  0.44595511],[ 0.18345965 -0.55079562  0.8142277 ],[-0.56406026 -0.73734573 -0.37169516]
8,52.55250590278091,65.56118198812936,27.370971280042724,1.8251881699179144,2.10392544379852,2.0547545341095437,0.6270769336817187,250.09983449595475,249.99245634483066,9.632980195436787,[-0.60319336  0.15700468  0.78198932],[ 0.53154332 -0.65184727  0.54088523],[-0.59465912 -0.74191959 -0.30973515]
22,164.51235829994428,174.62266046355987,174.44893397780535,2.8585637821389414,2.0698480040500185,4.330605171510227,2.4860383460461257,1391.526382996228,1391.4125672114042,23.46722900546256,[ 0.41266024 -0.80831066  0.41993499],[-0.72262225 -0.00983491  0.69117318],[-0.55455262 -0.58867406 -0.58816175]
7,63.756049931497145,1.4122646257198803,90.87227539328077,3.617983646965109,0.5151117047155562,2.07627919985553,1.4600369905236092,293.92870339220434,293.7495308183386,10.432603339377785,[-0.01253407 -0.99962499  0.02434683],[-0.81844617  0.02424437  0.5740715 ],[-0.57444649 -0.01273112 -0.81844312]
91,53.026007282943375,48.14006117408773,187.8706656987543,8.097919147133963,5.737294586824505,5.853280922015459,5.817317826945957,1920.5207627793764,1919.418201774393,94.20170682440049,[ 0.33195524 -0.93203774  0.14529752],[-0.90565965 -0.27183243  0.32540394],[-0.26379218 -0.23960964 -0.93434517]
5,81.32850344030129,196.18377990854407,186.0335444523213,2.4615951685691404,0.9215892105084927,0.9253981449362852,1.4843935403398083,631.3395896597243,631.3231680566912,5.276146345418667,[-0.13806434 -0.65075868  0.74662667],[ 0.94759719 -0.3060708  -0.09154355],[0.28809338 0.69486244 0.65891456]
15,146.12884805034693,87.13817013832544,156.1540550982931,2.6439386934234452,3.017855199173008,2.5409746708874947,3.138480508675488,894.5729633908052,894.5097200751055,13.852863269454925,[-0.35357373 -0.63607525  0.68585268],[-0.68893005  0.67304768  0.26903941],[-0.63274086 -0.37737925 -0.67618333]
13,193.6796248172124,48.64799244873283,104.00112002039931,2.0652361140477034,2.6492556161590177,3.8434796910210745,3.6274873486176937,811.9977123489329,811.9306228431755,12.919927246981251,[-0.07945399 -0.83794548  0.53993929],[-0.50387853  0.50111934  0.7035523 ],[-0.86011249 -0.21616378 -0.46203867]
14,128.06396901244705,162.90209048984323,184.33609935779114,2.280963235195209,4.347505819463424,1.7995608133866896,2.8696611511494097,1037.8790129378192,1037.7803728907852,16.3754172617891,[-0.7597467  -0.12479742  0.63813052],[ 0.45780125 -0.79959316  0.3886757 ],[-0.46173907 -0.58743203 -0.66462068]
120,106.30571398451944,12.479634773993245,45.66899941866655,14.13427033178265,7.133153126310541,5.946329697968018,14.37000970146238,1287.4299686490601,1285.251217282719,97.21443580660981,[ 0.37857299  0.12496055 -0.91709724],[ 0.14319013 -0.98682244 -0.07535292],[0.91442828 0.1027927  0.39147744]
15,20.393359610687078,179.06964231416367,125.79824428484805,3.485273131663127,1.7878010664564683,3.648897147987057,2.067218935913874,851.4283661387014,851.3378024068392,19.082538603294225,[ 0.6380361  -0.48996202  0.59400939],[-0.76440692 -0.31017083  0.56522218],[-0.09269302 -0.81469704 -0.57243055]
2,169.76847259854588,29.335715312949173,149.5123774321194,0.0355951833575574,0.774909670117296,0.2837703463159471,0.11282716321223063,322.6036322312369,322.6015567757432,1.1571925743097555,[ 0.6653049  -0.22958449 -0.7103945 ],[-0.05912005 -0.96475547  0.25642096],[0.74422726 0.12859956 0.65542959]
2,128.56239773878264,51.95391619335644,98.08090836524677,0.39739161707493054,0.29255948592437875,0.6321413895564945,0.7553356373837374,240.19994679353988,240.1996446322069,0.38099630043192273,[-0.09064553  0.92428565 -0.37078218],[-0.64717356  0.22831203  0.72735136],[0.75693446 0.30589157 0.57747777]
7,80.90361233054753,4.627988613621868,43.95381072250158,1.1497762546792596,1.9335302131475656,1.5366843412690454,0.39868838398799683,243.9923737882171,243.9328815606529,7.133103495009208,[-0.31480016 -0.68964112  0.65214721],[-0.3615322   0.72240775  0.58942474],[-0.87760773 -0.05022121 -0.47674154]
78,19.81089949366272,3.7692186062083284,121.65996925661904,7.422844714302797,3.1130827832495505,13.01439494543117,12.907668097328974,1097.1955676637651,1095.2065054494326,75.06818155265557,[ 0.15724411 -0.98754517  0.00536856],[-0.97474527 -0.15432853  0.16141363],[-0.15857472 -0.03061433 -0.98687224]
24,170.18032312758623,189.30783580051175,38.10827621392676,2.7274601970778054,2.424311653267417,2.7755204295591644,2.631098663860141,1261.116778721625,1261.0733852982826,18.364357045803253,[ 0.62075145 -0.42546676 -0.65851779],[ 0.42131745 -0.52731773  0.73785339],[0.66118019 0.73546859 0.14807668]
