N,MEAN_X,MEAN_Y,MEAN_Z,SIGMA_X,SIGMA_Y,SIGMA_Z,SIGMA_R,LAMBDA_1,LAMBDA_2,LAMBDA_3,EIGEN_1,EIGEN_2,EIGEN_3
56,180.1557237422344,22.440553115826056,190.02180722612596,2.9540006070529343,3.053822307863797,5.200095516265668,4.850139809545414,1967.1851794245088,1967.1402980505372,34.67530694101322,[-0.04617296 -0.98600545  0.16019147],[ 0.72669219 -0.14318602 -0.67187516],[0.68540975 0.08538742 0.72313378]
2,101.30737975754573,120.5118726442293,95.35033974448518,0.11310686716979745,0.7847370589374805,0.6555731260736835,0.11193178400570503,260.3038313682148,260.29981352450153,1.4462724783810288,[ 0.81723142 -0.29553716 -0.49476318],[ 0.1708446  -0.6956766   0.69774364],[0.55040434 0.65474564 0.51803785]
170,127.47674012729887,50.013705857903766,26.724485427064387,6.102785822977406,8.737148492446153,5.18295548936486,7.725615310372625,1824.482860683048,1823.1043764297483,117.0723208001541,[-0.25255759  0.13095817  0.95867858],[-0.32004254  0.92372296 -0.21049624],[-0.91311962 -0.35998035 -0.19138106]
11,149.31652318311106,27.290163897825106,102.87790550730287,2.837464026900147,4.146486197779332,1.9987549791551535,3.71620080303745,608.4205375768785,608.2980442841845,13.042321975249733,[-0.56878331  0.01181967  0.82240248],[ 0.11598661 -0.98875195  0.09442819],[-0.81426817 -0.14909685 -0.56101469]
322,15.785165903772596,187.29108669455556,105.9235318166838,6.9390038437128,6.272176521428396,10.629705656801146,6.752492416356022,3877.868464142546,3875.2413826662028,223.52762785849455,[-0.98957709  0.0021002   0.1439888 ],[ 0.12392641 -0.49684865  0.85894334],[-0.0733446  -0.86783466 -0.49140977]
3,174.19629448059604,18.226616658832864,195.44317108411414,0.7962032634782062,0.7117589842791777,0.9056328693151839,0.41932341596345574,454.56411361112646,454.5606960201274,2.314012316385029,[-0.27893136  0.9468369   0.16030341],[-0.69399249 -0.31412743  0.64784132],[0.66375577 0.0694539  0.74471769]
34,22.47226681190374,111.69836551399646,159.17342959527673,3.788875924464769,3.7737606001071238,3.135918245053201,3.0058452591366294,1141.8123849321894,1141.703927674074,31.529062494745677,[-0.74716204 -0.48981501  0.44925509],[ 0.65464662 -0.65913293  0.37011024],[-0.11483327 -0.57063565 -0.81313484]
44,169.45618362168335,27.678558285768005,82.73764656832152,5.130106751061086,7.487999339599909,7.489941152786799,3.311589640741428,1266.5178610098378,1264.6234278199615,74.99763181349806,[-0.18830193 -0.74832488  0.63604422],[-0.4173214   0.64722037  0.63792527],[-0.88903613 -0.14531231 -0.43416483]
2,191.45589445659482,35.86025988396594,110.7686961725309,0.19400588332534596,1.1508753879804985,1.6732243842792869,0.808679583619579,316.9075058914333,316.89643692200764,2.6486895750282016,[ 0.44672885 -0.71211111 -0.54160051],[-0.26536928 -0.68358854  0.67991606],[0.85440768 0.16001398 0.49435113]
2057,92.7868424172699,126.09854785889273,147.36081647292966,13.574489302571184,31.813016572511206,15.515492453257806,24.25971815892896,9883.992091605794,9832.562664498691,1308.0552139317335,[-0.88530715  0.12800221  0.44704215],[ 0.17815745 -0.79464214  0.58034799],[-0.42952435 -0.59343012 -0.68069782]
41,32.84432530648414,93.38193141933833,150.33352084383642,3.051249914968734,3.869540434124629,2.458254104924468,3.3470345433772266,1152.9523065574695,1152.8799164311265,27.964943314770036,[-0.86492285  0.48864921 -0.114588  ],[-0.46753427 -0.70138103  0.53803007],[-0.18253812 -0.51892832 -0.83510073]
239,16.45485800270236,29.805350213500315,141.5737415648925,6.8203845603684785,9.877745984738603,6.050616027926967,6.033222663840904,2258.43308250151,2255.1382629682125,186.7570349261113,[-0.92706661 -0.33057243  0.17683146],[ 0.35767073 -0.92123363  0.15297141],[-0.11233495 -0.20506213 -0.97228102]
62,27.00959497967525,108.91424411083106,192.89119223181356,3.894582688080854,4.043491215219264,4.180264286718442,4.015169875596103,1757.7517441812684,1757.6682321112926,45.19663950444744,[-0.91249561  0.39750813 -0.09663875],[-0.39076365 -0.77704848  0.49345662],[-0.12106003 -0.48803991 -0.86438505]
204,129.37681861772774,90.75257138266196,23.596484842390318,7.543792696438796,7.479218740708886,11.213333187581506,6.8616824326990296,2290.5041353560787,2286.683882876009,196.8099074239585,[-0.58123987  0.81078579  0.06918536],[-0.07937986 -0.1411116   0.98680614],[-0.80985125 -0.56807914 -0.14637975]
505,49.40647137816429,39.624926009141255,101.12147731522431,9.685133035533019,14.183776681435354,13.327356051529689,10.364211418679352,2716.1122193787064,2702.129287797127,421.4400153795989,[-0.88975142  0.34565675  0.29810036],[-0.19498456 -0.878333    0.43647699],[-0.4127026  -0.33023105 -0.84889576]
160,167.81107614628607,157.3533554337763,5.8783369079919625,17.625917687764098,12.49497393572454,3.8577120397159863,6.429593607713878,2923.6173676903536,2912.3703086077926,265.25277385350927,[-0.03019246 -0.0050949   0.99953112],[-0.68234904  0.73083147 -0.0168862 ],[-0.73040277 -0.68253894 -0.0255421 ]
235,118.62153783624375,127.15480267460396,101.75156444011921,8.396033062317445,9.325673367517107,7.852739392722776,7.262458089159742,3094.729366127733,3092.7387633553412,198.04032642500837,[-0.80785808  0.474708    0.34931022],[-0.01889214 -0.61322964  0.78967873],[-0.58907419 -0.63134913 -0.50437077]
3,194.87644858909084,6.706797704334584,75.40916645120156,1.4189233685496199,0.5807123917140532,1.3688406069852237,0.9772282188608173,362.12840989960466,362.1169334179305,3.1320050636923713,[-0.04737331 -0.97670955  0.20927069],[ 0.35898283 -0.21215607 -0.90891206],[0.93214113 0.03206641 0.3606725 ]
8,2.9277469076544493,178.7333159087912,142.9655115977801,1.7919873119564944,3.1137609172840444,1.7361163383733387,2.4316032318155982,647.4991294071204,647.4661239884726,8.952524704424418,[-0.91420971 -0.24387219  0.32364634],[ 0.40503959 -0.57509516  0.7107802 ],[-0.01278792 -0.78089174 -0.62453547]
120,179.93429458333975,119.71928983016598,120.15766170237967,5.032336230315952,7.406072723972141,9.867448719143843,6.9813232184179475,2712.0931086800333,2710.517636419574,124.56441665183807,[-0.62516945  0.75977655  0.17861339],[-0.28284054 -0.43383473  0.85544646],[-0.72743686 -0.48427989 -0.48611584]
32,194.729046465495,126.53773882394113,50.31548082804777,3.814060590050949,2.438502471968837,5.51626561573836,2.554969930287977,1344.672154683655,1344.3673253858494,37.61166066955367,[-0.47363375  0.83742279 -0.27275288],[-0.32251063  0.12326871  0.93850504],[-0.81954741 -0.53247337 -0.21169353]
82,39.27612416083887,18.6579114188985,4.935762224579636,9.195023554289797,7.535461152454879,4.315431824699237,9.265126977010986,410.9732590757681,407.1078076122708,75.313162002606,[ 0.07677042 -0.38755461  0.9186445 ],[-0.43359232  0.81670214  0.38078249],[-0.89783295 -0.42755004 -0.10534214]
595,111.07407406316567,125.22440767950775,35.85740292469068,13.634424970033738,12.803021615144639,13.20040722837112,13.532733935648887,4202.58004664935,4198.511445574506,454.58094183660626,[ 0.5232776  -0.62861306  0.57534874],[-0.5521114   0.26420137  0.79080379],[-0.64911751 -0.73146651 -0.20881378]
29,79.39111179633677,87.3377199311317,65.19946041102162,4.046394549653772,3.694360108447208,2.2470690630955463,3.261881959565462,726.7300300475773,726.4539934348755,26.576622795273718,[ 0.01404797 -0.60609572  0.79526765],[-0.80816445  0.46145513  0.36596364],[-0.58878933 -0.64784809 -0.4833425 ]
8,73.59090036222605,161.98850456313227,193.3068221561265,2.1630843674169142,2.2626949008984787,1.0054677870213666,2.3654865564019403,743.1426782681659,743.1319920246444,6.444894857818616,[-0.09131137 -0.74585086  0.65982477],[ 0.95560865 -0.25202121 -0.15263493],[0.28013273 0.61659695 0.73575393]
15,104.3173273015539,192.32227868511507,164.87708609777204,2.777289168033163,2.1825058672238886,1.9245647334326375,2.6737924940294566,1061.1314056252916,1061.1231276255644,11.652541685393114,[ 0.07438444 -0.67200092  0.73680507],[ 0.92165426 -0.23582135 -0.30812614],[0.38081542 0.70199932 0.60181107]
103,23.428829057946846,147.81445673697502,103.59971422213057,7.465689728196561,4.212319261611404,6.243558581592358,5.124549004011565,1849.6824724876883,1848.7726960127509,94.08460515348493,[-0.03598209 -0.57005606  0.8208175 ],[-0.99107391  0.12585663  0.04396157],[-0.12836589 -0.81190898 -0.56949628]
7,88.41840071649166,128.90142616284842,61.869074753967894,2.3753081948202834,3.217928606065778,1.8778717727061833,1.8637501662883496,444.9140133433268,444.8245522286891,10.601864465754554,[-0.01332449 -0.42520595  0.90499854],[-0.85051774  0.48073201  0.21334553],[-0.52577756 -0.76687459 -0.36805071]
11,100.41677317336563,115.35164021001263,136.54236103564097,3.005996142708041,2.307460346297545,1.8852698071613214,1.7239462753874841,680.0973910876004,680.0228623296882,12.812890650827237,[-0.3271216  -0.58950155  0.73856576],[-0.80814281  0.57960817  0.10468795],[-0.48979246 -0.56262092 -0.66600379]
151,23.256197699709713,19.055168790800046,102.00141218899287,5.648856345086326,6.719182030818339,8.707470002736056,8.819749908020459,1314.0807659769112,1312.6041869814887,107.32571173815903,[-0.71379891 -0.64106187  0.28201204],[ 0.66580739 -0.74604733 -0.01067297],[-0.21723636 -0.18014734 -0.9593515 ]
239,111.50618492300383,148.73857019967446,82.66327215800706,8.824465236839002,8.769990570691068,9.641426382661598,7.699783440544432,3153.215696109601,3148.734045723791,213.42157055117477,[ 0.37380168 -0.64833213  0.66327804],[ 0.7487431  -0.21112841 -0.62833794],[0.54740851 0.73149863 0.40651405]
26,91.55890560890666,65.14296712251449,51.81610910721159,5.402258787738292,3.4807950111049952,3.0061132297064255,5.615849729746308,631.8727147563282,631.7102860722385,22.29432087455332,[-0.64930032  0.72096732  0.2421058 ],[-0.17408178 -0.45077565  0.87549806],[-0.74034089 -0.52631496 -0.41819605]
14,50.22827818741477,126.42949697239997,116.87789763533156,2.0800137560048633,3.3585130835011663,2.1654256627166353,3.2206450353785576,671.2546717732953,671.2251151319261,11.790282341065351,[-0.20770933 -0.61820177  0.75807876],[ 0.93728211 -0.34755415 -0.02661511],[0.27992693 0.70500545 0.6516197 ]
14,181.2006781566483,97.81732524989391,150.08050914835863,2.8734204886228962,2.9581528458758157,3.193700315136901,3.2377942477163146,953.570114816666,953.4995530795757,15.313643091916168,[ 0.48652215  0.33618296 -0.80639768],[-0.50755     0.8600321   0.05232383],[0.71111827 0.38383044 0.58905432]
201,166.62544580487332,127.34705470689944,83.63138974119133,8.811304433156266,4.601802919096856,7.89041420049817,8.817045109603642,3205.0552498985444,3204.3573392911117,128.94244988789876,[-0.67413241  0.63426286  0.37849189],[-0.02181601 -0.52931268  0.8481463 ],[-0.73828826 -0.56350572 -0.37066392]
288,52.010017179449356,99.96252405420938,126.69157599744206,6.688463911730804,12.604125278225304,9.294289741709006,12.373964047148187,2890.2141536601225,2886.6291790547266,200.2183043207276,[-0.69960186 -0.39296104  0.59677371],[ 0.64614308 -0.70448889  0.29358904],[-0.30505139 -0.59099664 -0.74677079]
10,10.71999163276533,115.45668624847482,193.39208309546834,2.7050624618014587,2.9846071031558092,1.4937461110908283,1.209471196088608,713.1593400678172,713.1031348160958,13.040462791873049,[-0.79609205  0.53800482 -0.27710694],[-0.60330675 -0.66958811  0.4332121 ],[-0.04752269 -0.5120572  -0.85763571]
32,145.75773171792906,70.78808732068939,7.525040077515776,4.509575816554233,3.464189848576029,2.290104841163042,4.9336875238253075,918.1798965019127,918.1217166576758,20.70608198819626,[ 0.23691968 -0.39380865 -0.88813502],[-0.36943413  0.80897117 -0.45725712],[0.89854743 0.4364406  0.04617484]
4,85.07931044447054,51.92355535707597,11.05687878159468,1.6877436935402952,1.4277475151959622,1.5425619293229869,1.6653754926015536,200.6244755763934,200.6098288864617,4.247557693590813,[ 0.50265973 -0.85320147  0.1392137 ],[-0.16593035  0.06282045  0.9841345 ],[0.84841046 0.51778456 0.1099947 ]
5,93.21238212757984,199.00246517534862,48.98324683545768,0.792870454033817,0.3814317105300102,0.4833228590677549,0.5088118664616986,503.4424032236748,503.43912714561304,1.9357750989327978,[-0.47835287  0.41460757 -0.77413119],[-0.77444793  0.21643126  0.59446439],[0.41401562 0.88388804 0.21756146]
114,105.806633365795,52.34270634144028,9.22998341392146,7.0582591306629565,5.028771429496803,6.304614332413173,5.731495459360454,1268.65783995934,1266.497218609366,96.11494958986002,[ 0.28824463 -0.69731224  0.65625504],[-0.34267036  0.56484016  0.7506881 ],[-0.8941432  -0.44126096 -0.07613609]
56,23.448526306188295,4.424003340689665,124.34481560098763,3.9035337589253345,3.2346612490737603,6.6675452100174395,6.340266702363842,949.2578480897257,948.9630198387769,41.383317955599786,[ 0.03843482 -0.9988565   0.02843342],[-0.98213016 -0.03251439  0.18537303],[-0.18423656 -0.0350501  -0.98225678]
294,95.05240960471282,88.34681733727257,83.09187349624204,11.742774519489249,14.981327508827581,7.231071418382554,9.252981707516565,2662.3034962591205,2649.734640299869,310.7077288256355,[-0.36199931 -0.40106052  0.84149091],[-0.70001954  0.71307343  0.03871582],[-0.6155722  -0.57504499 -0.5388823 ]
12,60.580658717591376,131.09761138567208,118.11730138553064,2.6313771078395156,2.6721467912411705,1.2671090640995386,1.8491124929207454,646.418303825289,646.3526397248235,12.118040409627037,[-0.26532668 -0.57478622  0.77409467],[-9.07861212e-01  4.19270794e-01  1.43752796e-04],[-0.32463791 -0.70273238 -0.63306985]
56,93.0247990811653,49.32274083424726,190.15094760194845,3.6957718943511324,6.164872491735945,4.9643977361563545,3.1463910765599636,1627.6948744200135,1626.8768876583001,61.035245566614115,[-0.82618585  0.49061208  0.27697783],[-0.36646344 -0.84137724  0.39722649],[-0.42792696 -0.22668066 -0.87492536]
4,115.72835449646728,172.01332794288982,28.846099670725298,1.2943589271476668,1.1812860654027837,1.1443745229645186,1.792267863034445,418.65434888608445,418.6511179258908,2.167187638047949,[ 0.80135434 -0.47906989 -0.35822236],[ 0.22833859 -0.30852264  0.92340418],[0.55289484 0.82176993 0.13784581]
38,171.77913826735346,8.49540574707388,21.1665435275963,3.583918285090918,3.8274038167680815,3.1559656754175758,3.545988469819831,1068.7163091358307,1068.5971651432474,30.66435162849852,[-0.13151663  0.40083727  0.90666028],[-0.00449764 -0.91483642  0.40379956],[-0.99130376 -0.04902853 -0.12211903]
23,55.879118203882975,66.88410503490185,3.135478764217166,3.782312962282417,4.709988366550219,1.8766181014999261,3.2289319949383195,419.29046838736286,418.5716370839854,26.461050541729364,[-0.20381389  0.12472083  0.97103276],[-0.74068163  0.62894969 -0.23624778],[-0.64019577 -0.7673767  -0.03581025]
97,64.90114653969675,187.0149741551435,74.77841703074395,6.606260398630523,4.0848978027629395,7.745695430600579,4.789807454432073,2086.131786326935,2085.4230958782136,97.21360766895764,[-0.78086471  0.02112592  0.62434286],[ 0.54418395 -0.46779963  0.69643904],[-0.30678027 -0.88358203 -0.35379184]
9,49.130198623193124,45.98754289525143,153.97418199486262,1.697207305335021,2.626080821737953,1.3014001977834087,0.9983265069697447,504.1883263792485,504.1495643204603,9.697569086867603,[-0.8889262  -0.27553957  0.3659073 ],[ 0.35262668 -0.92150401  0.16274144],[-0.29234334 -0.27369381 -0.91631167]
31,48.500172525272035,56.010403497241384,20.543090283406674,4.866078217474534,5.131352900723743,2.7043772360364358,4.283301628204848,430.01587163559105,428.86814225513626,34.9633974226259,[-0.43288802  0.04521347  0.90031311],[ 0.64382338 -0.68354301  0.34389011],[0.6309512  0.72850854 0.2667881 ]
174,149.40948375902803,154.41345602942408,183.11358016964917,10.986321065590323,8.400659910913074,9.508314367915567,6.601260035408055,3729.8819586494624,3725.500783479882,203.2396292442195,[-0.0701437  -0.73379672  0.67573828],[-0.84589056  0.40279987  0.34960181],[-0.52872396 -0.54707827 -0.6489656 ]
11,94.26234616823325,190.88917958781866,144.64295976472184,2.99844272524784,1.6618750783028506,3.021811418024378,1.5882261510456157,853.7350283020827,853.6966902249006,14.223502112505617,[-0.63124138  0.64175602 -0.43552673],[-0.68366589 -0.19524349  0.70319338],[0.36624482 0.74163953 0.56199247]
80,105.06785327265695,11.747868238348603,43.093343726915535,7.009987467328968,5.713645934860379,6.741653278457628,6.922277043522772,1025.0354051565116,1024.0857843811475,79.98006116500481,[ 0.17697107 -0.97047515 -0.16388786],[-0.34870941 -0.21754019  0.9116348 ],[-0.92037112 -0.10418375 -0.37691213]
85,128.86873809803646,114.02586033738193,180.6265853053463,5.2390809132029785,7.2149013640002,6.774252594544071,5.603652417135056,2302.177877321158,2300.710703470212,89.30925163432114,[-0.81481782  0.00259448  0.5797113 ],[ 0.2628562  -0.88963382  0.37344115],[-0.51669966 -0.45666721 -0.72420751]
23,6.073286032119701,173.98675311722508,180.73684653968706,5.172310760761481,4.346054326065168,3.1073550949582804,2.5200179923433685,1203.904465305075,1203.678157138375,33.531850374160896,[-0.62405838 -0.55235358  0.55268134],[-0.7810058   0.46275582 -0.41938883],[-0.02410558 -0.69337044 -0.720178  ]
25,162.92864511793678,179.21163022215885,195.23010014086083,2.198768097781863,4.467243688548021,1.9908793977688612,2.8629241466968236,1555.6594713189795,1555.5426053705007,22.709578829475614,[ 0.60183842  0.27116354 -0.75117298],[-0.60294606  0.77106385 -0.2047354 ],[0.52368556 0.57613442 0.62755284]
108,185.19041338152857,14.025483270804504,111.86673069034629,4.354752430996858,8.094627381449898,9.201211747731424,5.30442537378218,2256.7372979236166,2254.312920163645,122.97117788865216,[-0.28995075 -0.76416067  0.57618315],[-0.43231802  0.64170078  0.6334992 ],[-0.85383236 -0.06541079 -0.51642205]
23,185.94573059037083,36.97478695917143,155.92820483709224,1.833464697230953,6.056556775346141,3.662631239134136,1.7057314648766975,1177.693141620437,1177.343136435446,34.096938976292506,[-0.64317465  0.33903704  0.68657138],[-0.11201682 -0.92864948  0.35364159],[-0.75748175 -0.15054576 -0.63526165]
93,173.52989207986008,28.372132475940084,106.01923578512074,8.327560570664193,5.692759510796789,11.926056909550264,4.958779983598499,1985.4412619215939,1980.9229570596278,143.79557619450938,[-0.03211814 -0.95101622  0.30746799],[-0.53367307  0.27642141  0.7992398 ],[-0.84508076 -0.13841729 -0.51640989]
87,189.8455283260396,170.1608526623615,133.28441708305513,5.304476972669152,8.001820101923107,6.499348959435863,9.644657816510012,2685.309046475604,2685.019537301668,59.56081929177988,[-0.65043188  0.14060545  0.74643719],[ 0.37644594 -0.79386277  0.47756713],[-0.65971723 -0.59161813 -0.4634233 ]
57,14.76187967526615,48.61302311237989,116.46551170488455,4.809741138597687,4.564949760931576,6.641198481478192,4.90714899143182,961.7493465480411,960.1976532767736,60.58016739139608,[ 0.77478742 -0.61232741  0.15735179],[-0.62162291 -0.69244438  0.36620452],[0.1152797  0.38154413 0.91713394]
34,45.496809283981584,89.73238372165599,93.45687813934069,3.6475578689152637,3.2839855655977517,3.2841062918988593,2.6577104931854376,801.2490411820106,801.0217248570975,30.77230739416549,[-0.05528294 -0.70667172  0.70537854],[-0.94202488  0.27108084  0.19774808],[-0.33095758 -0.65355204 -0.68068849]
264,131.2387436204864,12.469458528155817,116.23815632388529,8.542352033638958,6.545262663508618,11.437948328777429,11.962374417116937,2865.194701534843,2864.2524709622326,164.5474646855427,[ 0.13705244 -0.98939671 -0.04807056],[-0.65172772 -0.12661104  0.74781055],[-0.74596756 -0.07116035 -0.66216961]
12,196.60146886949326,160.75837506697928,96.91549734953435,1.9524156385776918,4.972706625909644,1.817206034917455,2.745575623806637,941.8123006916436,941.6878007774583,17.030436503919724,[-0.4607012   0.02861043  0.88709405],[-0.51451355  0.8057994  -0.2931947 ],[-0.72320828 -0.59149706 -0.3565123 ]
38,92.84616873575064,36.97580695050989,59.49188490943465,4.248707309448039,3.7394316614098697,3.168777285672618,3.9447213498961315,717.7864524921426,717.6448723449421,31.79712843377255,[-0.5064871  -0.10468239  0.85586939],[ 0.32544316 -0.94239455  0.07732564],[-0.79847202 -0.31770128 -0.51137885]
96,18.815365936836642,47.26739480992219,184.70941215914638,11.505613186174205,5.780845422851911,4.10619848135918,4.223067886955756,1881.2649745422034,1878.2211756333247,125.3381730530539,[-0.26572565 -0.92707174  0.26443877],[-0.95902552  0.28216701  0.02553099],[-0.09828496 -0.24681929 -0.96406447]
228,55.63314974390518,164.38553576436234,95.41244501472066,5.836893930923968,11.501189732610731,9.88601882694774,13.091201316723657,2999.4663122177826,2997.9699620748465,143.73394924352786,[-0.95601836  0.28624917  0.06395553],[-0.08488416 -0.47873696  0.8738453 ],[-0.28075537 -0.82998333 -0.48197934]
168,188.6566244143673,33.061734675523105,64.36259478875117,5.484387375429659,6.745319951037417,5.932280022795703,4.543850399751709,2621.226079507691,2620.8892003240335,123.2291413028268,[-0.19423805 -0.5155554   0.83455031],[-0.30059614  0.84110779  0.4496439 ],[-0.93376311 -0.16352465 -0.3183491 ]
7,195.4692106384485,79.22999568263683,8.656021508713277,2.7119079510466304,2.346572631034206,0.6580676567950021,2.9597521684105135,558.5821926369957,558.5586324250587,5.633832674865802,[ 0.08992007 -0.11376635 -0.98942994],[-0.36672238  0.91987327 -0.13909659],[0.92597466 0.37535368 0.0409944 ]
21,30.342612836907296,66.86650965392003,4.786483124373546,2.2216541437239035,4.539570391678136,2.257723541087159,4.5162734546578935,338.06379827370927,337.9419961398868,14.594671447571542,[-0.70693097  0.36317227 -0.60692216],[-0.57503366  0.20450207  0.79215857],[-0.41180686 -0.90900209 -0.06426744]
16,71.72607948954978,52.99844075201986,140.3468219470791,2.4702167429912083,1.6936726827531594,2.4056011842701777,2.074748300970023,665.2673725699607,665.2422854487684,12.904345750935555,[-0.28672056 -0.83863879  0.46311587],[ 0.85540615 -0.44177409 -0.27039963],[0.43136021 0.31862303 0.8440425 ]
844,176.76183255107892,94.04951410845526,69.47558469847084,14.325133336133858,11.905440555766983,13.410417883799173,16.345664220039726,6187.972472830755,6180.494324293696,468.46027777296825,[ 0.37055732 -0.89027529  0.26475871],[-0.40933414  0.0993443   0.90695991],[-0.83374627 -0.44445541 -0.32760731]
162,86.3056545624775,179.88947528528897,103.03872014427563,4.939849678744925,5.0553677570721005,11.052311465425976,6.811905771239717,2862.46703983504,2860.014264574163,142.6402829871716,[-0.77728818  0.54892804 -0.30741029],[-0.498514   -0.23929318  0.8332002 ],[-0.38380577 -0.800885   -0.45964807]
20,8.731424410071181,178.38682678324886,197.43072251126665,4.414359693666318,3.4666665019596774,1.130055057707197,2.505922815221364,1190.8240949908188,1190.713185514957,23.040331311614374,[ 0.23108679 -0.72692621  0.64666621],[-0.9723778  -0.15010397  0.17874624],[-0.03286816 -0.67010976 -0.74153395]
284,174.32379994667204,162.50785651843853,147.91283565981232,10.601620139578268,12.81053933788869,10.474973441946931,16.552369237759745,4737.741725289491,4735.956762916761,178.18021861971465,[-0.64880125  0.00302807  0.76095188],[ 0.43939896 -0.81494384  0.37788238],[-0.6212773  -0.57953203 -0.52740605]
165,51.841195456657466,82.61470230242276,180.292267192961,9.82465830354855,7.927938660067341,7.716431441842646,7.620116230407368,2638.77013456309,2636.0422735763327,162.34773289457365,[-0.19811428 -0.86817118  0.45500499],[-0.94723416  0.28891734  0.13883164],[-0.25198846 -0.40349174 -0.87960004]
34,121.85243824884428,64.31854234423258,135.01946385805456,3.3803844164218133,3.199479486347619,5.623939515053287,4.841443010410347,1125.565919102061,1125.3151875070043,31.952808834443584,[ 0.15668223 -0.93905439  0.30598615],[-0.75946088  0.08350882  0.64517087],[-0.63140308 -0.33347132 -0.70009072]
13,137.14570466668872,17.41139150061631,178.1012157430887,2.7926205484957634,1.9735339268079648,3.0086425560591272,2.9671943477406133,813.0364975394651,813.0138811181724,12.458225001625573,[-0.18498413  0.98163597  0.0466015 ],[-0.77185522 -0.17447674  0.61138971],[0.60829301 0.07712778 0.78995628]
142,185.0223809452271,139.6114749290412,186.35017653646355,5.583292220759591,6.461244219108014,7.239755187660741,5.9186403488241925,3545.9243440591576,3545.328672314773,112.93282518165395,[-0.05764042 -0.77071403  0.63456872],[-0.7809372   0.43079021  0.45227964],[-0.62194426 -0.46948873 -0.62671019]
27,118.08635119506013,176.67629797130994,48.73025945900655,3.3479920284640876,4.689650724469955,2.73184005917759,4.676661681445806,1133.3096695206223,1133.1868258751865,22.44561970750062,[-0.73411424  0.32657263  0.59533738],[ 0.40953121 -0.48640431  0.77181283],[-0.54162761 -0.81040803 -0.22333465]
41,156.9704743942638,68.82991045921577,38.67586349577129,3.1457165162988603,5.119802109247554,3.20802085720624,3.3461090382523855,1125.783136718889,1125.4259160949282,37.795539749553896,[-0.34336399  0.27910121  0.89677404],[ 0.28997554 -0.87667295  0.38387333],[-0.89331705 -0.39185081 -0.2200854 ]
2,93.06692518602297,165.49870278182118,56.96639692270548,0.8470431401717207,1.588488342400339,1.1754161810686554,1.266238491553807,280.3607174512706,280.3499497795214,2.4571423261770446,[-0.30206265  0.45769947 -0.83622327],[-0.82969189  0.30574096  0.467048  ],[0.46943532 0.83488542 0.28739661]
23,105.66680766995873,61.41736485910244,145.31795324499606,2.2002460769471917,2.2979495853052385,2.269957156136195,2.58040442593811,910.7978316321432,910.7556598367124,14.081365461593101,[ 0.7005171  -0.67795584 -0.22282655],[-0.44675239 -0.66010135  0.60388618],[0.55649627 0.3234843  0.76529067]
36,153.433161465313,105.55973668015068,30.06777801721601,2.648579040481918,3.749340348655565,2.698156758661032,3.4440902424327424,1132.2658229557383,1132.1694395014624,24.324530681801154,[ 0.11954927 -0.42885687  0.89542714],[-0.56950996  0.70913757  0.41567092],[-0.81324435 -0.55964783 -0.15946138]
6,110.81163114874703,119.53633306725884,125.7975181369564,2.4584851564453913,1.4461000353010036,1.5063483047677433,2.4417484076362492,504.39950879906917,504.37825232743296,5.1560125145199045,[-0.27647146  0.80641446 -0.52274204],[-0.79616049  0.11244622  0.59454547],[0.53823043 0.58056142 0.61094717]
20,151.02341579153025,134.78257339174166,180.9416286117551,2.974676193102304,2.537292979671428,3.8396634724942444,2.819338774306517,1214.3828420111936,1214.3329776631454,21.03335591949772,[ 0.68064844  0.18803068 -0.70806932],[ 0.47677349 -0.84751523  0.23324873],[0.55624162 0.49634907 0.66650796]
5,96.8718478235263,13.31260930645568,193.68943414139213,4.026713755926858,1.9777549819922755,1.3620130932372811,0.9872099214452307,485.2763497832652,485.171631122997,10.243853209919326,[ 0.3932502  -0.9095894  -0.13416933],[-0.80371773 -0.41094945  0.43030031],[-0.44653341 -0.06138141 -0.89265908]
124,9.974593231185091,37.47585407750577,77.21539414368702,3.4900105866651265,8.553690248728378,10.889185058796752,8.016468492657333,974.4728265827849,967.0265432111694,132.05901008574978,[-0.98202467  0.18527811  0.03604945],[-0.15074682 -0.88479109  0.44093096],[-0.11359109 -0.42757074 -0.89681677]
69,133.86060757681142,166.04509867089084,85.35671468643703,5.048611924490591,4.662748167285155,5.681124921471907,3.9661522031756724,1909.343680373418,1908.920196474446,66.39327808418417,[-0.67008781  0.16852086  0.72289906],[ 0.45980441 -0.67030219  0.58247307],[-0.58271969 -0.72270028 -0.37167469]
35,179.49984363741072,110.2699704874237,12.276197936728027,4.008829949007786,3.66564857966689,3.097327458193818,4.021816687474015,1248.8623073929812,1248.760225890392,28.345816699098243,[ 0.15225666 -0.35095777  0.92392995],[-0.50324333  0.77704084  0.37809216],[-0.85062569 -0.52252863 -0.05830751]
4,29.535812324308726,192.78628379928395,194.76097866390845,0.7109441249445687,1.836859785479217,1.4397830170921597,0.536741162216305,551.2764387092961,551.2579247416501,4.75838473891403,[ 0.97188947  0.07616034 -0.22277895],[ 0.20963763 -0.71061314  0.67162566],[0.10715841 0.69944876 0.7066035 ]
44,45.63922612344768,21.521735250094675,196.85900053404356,3.364161755124361,3.9338774058357355,2.236307807130096,2.1043200016340995,1348.3579400056217,1348.291739596931,34.670725205109235,[-0.88621521  0.43558076  0.15777197],[-0.40521935 -0.89388904  0.19172808],[-0.2245437  -0.10598008 -0.96868382]
368,102.01022549331579,106.05906872493752,189.4344367537298,11.993638611184224,14.658878169860975,5.568852808831655,12.61280802138901,4613.150635324224,4611.938271363742,291.8391626951528,[-0.86163806  0.46481589  0.20377939],[-0.27604304 -0.76614363  0.58036556],[-0.42588741 -0.44381317 -0.7884477 ]
14,134.24297532121528,12.850073914269268,83.00584428483953,2.0778619326446353,2.4830639464027895,2.6916160678211987,2.0349353027650703,592.6847085581418,592.5919857019566,13.839961637710214,[-0.27493526 -0.77787103  0.56509049],[-0.45364851  0.62315651  0.63708634],[-0.84771082 -0.08119496 -0.52420773]
21,54.60323847016483,163.8679689713112,58.295937529457284,2.161472855334285,3.428283029245559,3.1580621246483846,2.446920996609571,835.659867846517,835.5382734453532,20.689263551519392,[-0.95352911  0.27043567  0.13284118],[ 0.03299113 -0.34452932  0.93819568],[-0.29948926 -0.89897947 -0.31959676]
159,63.27604210639913,25.316187186871772,122.37334660760574,10.46301921858767,8.749400874836638,10.067460204068555,9.1437471550478,1776.8311944253924,1772.2039308352767,180.86469028661847,[-0.19154988 -0.93624295  0.29454674],[-0.87211687  0.30002979  0.38651557],[-0.45024528 -0.18284217 -0.87398394]
128,55.72041282293887,48.44107955152959,180.48366130868737,5.57667686617949,3.526543521074698,12.297262696862644,10.588936351087112,2211.3576604596437,2209.9219440655934,102.80102814399417,[ 0.40339787 -0.90729395  0.11869221],[-0.8697279  -0.33988199  0.35784578],[-0.28432997 -0.24758416 -0.92620654]
7,53.87587619219405,82.45284202884753,12.125235660838927,3.092526603685956,2.239217333860902,1.3442342013175737,1.1020213984822729,262.7603896174577,262.59156440110456,10.269876228818791,[ 0.07148384 -0.19080431  0.97902185],[-0.83678376  0.52271699  0.16297202],[-0.54284712 -0.83087945 -0.12229613]
32,143.03484135357985,43.20098332461125,108.29195639518602,4.367313326237863,4.465137478531011,4.074692372425354,4.978306524812574,1044.6460003698712,1044.342396422699,31.289941894514754,[-0.39845421 -0.53977268  0.74153874],[-0.49041919  0.8085932   0.32506316],[-0.77506339 -0.23414204 -0.58690224]
120,151.09602795607444,177.79805873225285,185.0081355618173,8.937873059431398,5.4964058114488745,8.041759058122196,4.442364239275621,3264.7708760015607,3262.7369205754853,136.39442266874707,[ 0.23136673 -0.78891987  0.56927575],[-0.830181    0.14497401  0.53831407],[-0.50721685 -0.59714988 -0.62140413]
2,60.03711936061244,152.63077470492607,185.0064162168871,0.21455945829377399,2.5562884309690332,0.7046900898521784,1.1028302085454413,349.67144682970195,349.6546856464991,3.423672505517414,[-0.96981979  0.13700146  0.20169326],[ 0.02200718 -0.77465105  0.63200588],[-0.24282763 -0.61737051 -0.74825691]
105,11.582559076714873,111.95330496554675,120.02690596651304,5.637221700299784,5.465361507805019,7.950078864295812,6.962476882011573,1688.9494521365773,1688.5502286724518,89.66416812358018,[-0.99741216  0.05882866  0.04132992],[-0.01483575 -0.73089861  0.68232479],[-0.07034823 -0.67994589 -0.72987993]
3,116.46120895330387,107.87659556150358,168.04578493085992,0.1448650451628178,0.46710934047894137,2.045369507371753,1.3257104031172855,400.41607947948415,400.4064052177061,2.821984860400813,[ 0.72854675 -0.68168196 -0.06730038],[-0.46415054 -0.56352778  0.68337451],[0.50376971 0.46663277 0.72695938]
65,11.15867377577228,175.1610431062691,6.387236374237145,5.170392454897198,4.224695917300397,3.850081493834734,4.440336624227027,1417.0234596166454,1416.7786006377473,50.76362342937147,[ 0.02461144 -0.03815048  0.99896888],[-0.99765012  0.062977    0.02698403],[-0.06394152 -0.99728554 -0.03651087]
6,169.81299991529406,57.79341506200004,125.49768081054799,1.1399560107982207,3.104687777589965,0.9198300899288554,1.7906361642761517,536.3079368943039,536.263132748925,7.175318884086754,[-0.54189377 -0.18700259  0.81937853],[ 0.32357314 -0.94620115 -0.00195245],[-0.77566202 -0.26407086 -0.57324952]
19,44.41944014757446,44.460209601885,2.70966815626078,5.358513519157695,3.9231449390025954,1.5461249825307355,4.139919598457643,275.72112810888837,274.8779413844291,23.623833431010066,[ 0.00247645 -0.06275308  0.99802601],[-0.70688425  0.70582313  0.04613421],[-0.7073249  -0.70560312 -0.04261122]
8,126.95282803186859,148.52595270088767,162.43304644902634,1.3153767000179075,1.2693474763014743,1.5278133278360915,1.6711302524554321,718.6992490963,718.695100855233,4.809585169905577,[ 0.85145087 -0.19565226 -0.48657128],[ 0.15934172 -0.78742547  0.59545894],[0.4996415  0.58453514 0.63927853]
11,51.30924542569226,190.75616107272842,86.32952814175411,1.7781748869981848,3.8825287352453492,3.4847114596248336,4.440244650866509,715.2036544899095,715.155824442109,10.848062981575858,[-0.96196766  0.27166749 -0.02854808],[-0.1340659  -0.3784824   0.91584792],[-0.23800116 -0.8848434  -0.40050918]
31,10.458209781367017,3.3824235404142518,95.07254498137542,3.444116480457972,2.218196233944954,3.813736035491076,4.067083590345641,533.6772490743256,533.4464885331423,21.47414613433436,[-0.43492599 -0.89690317  0.08002548],[-0.89369553  0.44082552  0.08355333],[-0.11021652 -0.0351789  -0.99328483]
38,85.7559996321152,83.5968033627018,28.177492127946064,4.415758496950117,4.172335361908875,4.837207473924779,5.090921156429586,759.5616475400676,759.4277731576167,35.9430259333873,[-0.59626142  0.72687814 -0.34076456],[-0.3983958   0.10059509  0.91168054],[-0.6969599  -0.67935911 -0.22960423]
10,146.32052808799554,24.60686661358552,23.33308879860315,2.530022778307866,2.1329852225814516,1.5825514392747555,2.475493216180392,475.09224695188544,475.0531934103154,8.572028338898724,[-0.04782562 -0.52254626  0.85126853],[ 0.22061495 -0.8367226  -0.50122283],[0.97418774 0.16383127 0.1552983 ]
33,194.45975949537893,62.41074414905643,96.20795947038144,4.5986286608465,5.839356904009894,4.0244243201744965,2.833776126510443,1297.603682416189,1297.1488051404835,45.596615488411146,[-0.2809014  -0.4399131   0.85297765],[-0.42312501  0.85449008  0.30135019],[-0.86142883 -0.27626649 -0.42616569]
92,26.39623893033037,154.52173069926386,39.17373636030175,4.18555704788461,7.8353119868792716,6.39674850209723,8.20095129187959,1552.8516497689318,1552.3390615198305,69.8035025593275,[-0.97002973  0.20035594 -0.13747664],[-0.18010661 -0.21307624  0.96029169],[-0.16310714 -0.95627193 -0.24277571]
67,140.59929089343208,189.22806737227685,49.57685430751144,3.7569774542553187,4.012610604115118,5.685036353147373,4.380684455586127,1972.7898905143486,1972.3151302356966,53.97443665010946,[-0.73335411  0.61869231 -0.28180059],[-0.34867215  0.01355817  0.93714668],[-0.58362615 -0.78551639 -0.20577784]
42,168.16494826657194,97.96161829682394,157.81172938919877,3.037885522592884,8.393121508580826,2.973018712260239,5.5825762007184965,1624.897171615615,1624.2783100420306,49.23091288492489,[-0.63799337 -0.12798483  0.75933151],[ 0.37781012 -0.91127101  0.16384344],[-0.67098732 -0.39141415 -0.62973882]
60,149.5742378073387,30.362059102013465,86.97425141839526,3.304184338217585,9.233448927229007,4.283186817325177,3.2974654175646307,1362.8412223102032,1361.3197272090638,79.20928222707744,[-0.47235315 -0.15760761  0.86720375],[ 0.22813061 -0.97221764 -0.05243368],[-0.85137473 -0.17306851 -0.49518519]
64,34.475763504388624,192.29155816046864,68.53404801386901,4.862185303393023,4.002184785814631,7.882845386669606,5.871537241765856,1657.8540119067504,1657.242246322839,66.14440871133274,[-0.95658991  0.07081239  0.28270365],[ 0.23902587 -0.36435661  0.9000616 ],[-0.16674045 -0.92856333 -0.33161387]
3,180.25325140119446,155.67590185512466,59.285054666918,0.8163463768037313,0.3681541092663945,0.8702025459299527,0.8836217009019466,425.1203454807838,425.1180319541989,1.5292578109788115,[ 0.60664775 -0.77304295  0.18542681],[-0.30433729 -0.01035518  0.95250805],[0.7344095  0.63426916 0.24154774]
40,29.387232550094257,84.44416866014248,84.94066185144388,4.226830672420542,2.308985324177143,3.883207719538898,2.5995844349658643,780.6450917582363,780.47624786661,35.49168549823816,[-0.00664295 -0.70825214  0.70592831],[-0.97118785  0.17274507  0.16417462],[-0.23822266 -0.6844984  -0.6889934 ]
286,117.81975256029065,33.57743965322308,164.4596425101229,12.699847128676046,6.567762907881908,7.786712019876999,10.106925376803199,3477.6767940329723,3473.7477923361257,215.48447017018066,[ 0.22967521 -0.97266383  0.0342692 ],[-0.78490839 -0.16429152  0.59743377],[-0.57547208 -0.16411391 -0.80118569]
17,169.9875419019692,189.7840782912042,38.767091968685875,2.285042729590733,2.0457665316714717,2.895404439421569,2.491681402103708,1062.6993840854605,1062.6592547930388,14.008001437475638,[ 0.6966946  -0.5238869  -0.49006035],[ 0.28203655 -0.4280924   0.85859902],[0.6595999  0.73639623 0.15049441]
3,13.717024154070591,119.21074544978008,7.392925906890994,3.074347835459785,0.31703047148279406,0.1939515451849021,0.2838587384340352,208.3045241216136,208.23610334580036,5.34532968472773,[-0.05281338 -0.05575715  0.99704658],[-0.99206198  0.11703248 -0.04600461],[-0.11412175 -0.99156167 -0.06149543]
35,26.1317928378704,134.5995278958051,54.930452675751475,2.8306542558032035,2.6561253630384516,4.2133066846234986,2.7202973955463747,874.3128217628581,874.1847040178229,29.725943549563237,[-0.98299315  0.14425721  0.11364118],[ 0.04987617 -0.38583999  0.92121652],[-0.17673944 -0.91121752 -0.37208307]
11,35.360660928820444,7.221354238577167,16.806730471877753,2.5021618760955437,1.8537968822798778,1.6809028553152965,2.130929028116336,132.46421507311064,132.32453587050395,9.42027104956687,[-0.15198713 -0.75069622  0.64292697],[-0.43242696  0.63542902  0.63971625],[-0.88876703 -0.18079033 -0.42119832]
26,170.12537651760147,61.67655740326726,104.39908170559326,2.0093454859620032,6.385112604676634,6.664272852589269,2.7575588687700106,1066.274575991979,1065.4391715897123,46.03725379120389,[-0.57067667  0.56445317  0.5964233 ],[-0.10627923 -0.77096483  0.62794741],[-0.8142683  -0.29496753 -0.4999613 ]
45,47.21029116177854,152.52998468048685,187.6734976585976,3.0709416957133877,3.739667474107499,4.875161006171642,5.063280747144024,1653.4670008477883,1653.3972901876323,31.1481267999333,[ 0.04996336 -0.7811906   0.62229005],[-0.98023783  0.08105478  0.18045476],[-0.19140915 -0.61900838 -0.76170281]
8,106.84551194304699,16.152072652631034,130.2358976096046,1.8380789518862426,1.5013233214204542,1.3629588251057072,1.7033921934341014,478.7041679779391,478.6827774090528,6.068868779371639,[ 0.56990809  0.61592194 -0.54391629],[ 0.52587699 -0.78201188 -0.33453074],[0.63139382 0.09538129 0.76957407]
9,67.36861081062284,101.41626202961524,2.6625048039749335,2.6922552937869693,1.7940801892616194,1.2351825741902496,1.44534265205395,365.4757746674933,365.3905644658612,9.425734539974457,[ 0.04914548 -0.05884959  0.99705639],[-0.8315723   0.55053406  0.07348303],[-0.55323795 -0.83273584 -0.02188143]
13,119.94413747718932,177.85575274167192,87.25013191494222,1.373738876093289,2.1106892660059553,2.046573645025292,2.0432782119459896,835.0539832174358,835.0474613245539,9.082385251626057,[-0.08635833 -0.39126273  0.91621816],[ 0.85107557 -0.5070407  -0.13630886],[0.51789247 0.76799949 0.37678134]
9,35.20355657226452,53.98350136466959,154.127024654816,1.3941445658550384,1.8121184521351617,1.443375657668894,1.3438964393133854,501.22918144749264,501.2057787262467,7.024403760336952,[ 0.80739681  0.47454103 -0.35060121],[ 0.55110436 -0.81877277  0.16091967],[0.21069974 0.32314388 0.92259615]
18,173.2052037437055,61.66325321511326,27.236200857733586,2.8948620398119744,1.4531645203957468,4.05049213770323,2.611364465287794,788.8220446882083,788.6423167184056,19.052082943568045,[-0.3204807  0.9424321 -0.0954665],[-0.16966659  0.04204214  0.98460434],[-0.93193635 -0.33174417 -0.14642555]
