N,MEAN_X,MEAN_Y,MEAN_Z,SIGMA_X,SIGMA_Y,SIGMA_Z,SIGMA_R,LAMBDA_1,LAMBDA_2,LAMBDA_3,EIGEN_1,EIGEN_2,EIGEN_3
63,47.892568130142344,87.94831508156705,187.28922465792044,5.223731175276022,6.370450558454949,4.596256943334121,3.8814564137837917,1687.2016138813283,1686.1938855110698,68.20873361575093,[-0.78706983  0.61087801 -0.08572706],[-0.57418237 -0.67470717  0.46377239],[-0.22546769 -0.41424423 -0.88179705]
49,93.59945064014241,44.20551644413939,41.211558563517904,4.885586527017237,3.9094120100689946,2.3777170045636216,4.524873020614723,781.1813804806635,780.6868976772699,34.432422884227755,[-0.19198683 -0.42002533  0.88697226],[-0.50700832  0.81628417  0.2768081 ],[-0.84028782 -0.3965588  -0.36967215]
4,80.02798120590569,33.93942956263209,101.70870806558821,1.2291330209115656,1.3584845210798377,1.5930589963816302,1.5187809360614115,267.63087182497543,267.60936836005584,3.779775613141304,[-0.7640373   0.46666511  0.44550049],[-0.24178357 -0.84729867  0.47289076],[-0.59815359 -0.25359148 -0.76019974]
41,129.44753417577678,119.78701749092124,76.37845940576968,4.029823861601047,3.071886064929693,4.681642988635517,5.1286241873656575,1231.3254006622592,1231.217241662372,29.3954430514247,[-0.73838873  0.54249587  0.40059994],[ 0.03389202 -0.56342833  0.82546947],[-0.67352313 -0.6230945  -0.39764285]
120,60.98726218254157,188.81603449510942,75.84792189876043,8.43339572985988,3.9480870135446064,8.2306862835273,4.313004324769139,2329.448841703135,2328.9625945044327,128.038340199756,[ 0.1671521  -0.41390764  0.89484112],[-0.94321703  0.19712109  0.26736661],[-0.28705714 -0.88872028 -0.35745553]
127,15.597274562397406,83.54709209255962,49.747391974077104,6.850612367718644,7.348515496233183,4.83283062263972,6.9040760768672484,1115.954385522808,1113.4229426190132,99.22545074023753,[ 0.71369014 -0.45234519  0.53481792],[-0.68164403 -0.27271848  0.67895954],[0.16126935 0.84912217 0.50297489]
2159,93.83211500777874,124.57027974359822,135.9108816017551,17.193419954472166,32.99980174899364,17.632891435576546,23.118378036622072,9758.352340360048,9718.266993220152,1560.6217000838046,[-0.89267894  0.32233613  0.31499798],[-0.01751293 -0.72319963  0.69041697],[-0.45035276 -0.61080415 -0.65123013]
11,42.73670266780047,13.267075011537365,136.20357367434914,2.0659668078905775,1.8215277354009847,2.351140529553914,2.12813654849795,475.60587771675335,475.58204687588193,9.69917975084368,[ 0.21002996 -0.97725579  0.02930091],[-0.93116582 -0.19080932  0.31067992],[-0.29802286 -0.0925361  -0.95006286]
84,13.418436032738173,110.34039388253619,121.02010768077278,5.502564586706083,3.801562898171799,8.069947081629982,7.145226185173561,1508.3614258919056,1508.1722156791134,69.8069182656954,[ 0.50645631 -0.66485411  0.54906377],[-0.85840113 -0.32853618  0.39396888],[-0.08154452 -0.67084499 -0.73710074]
44,25.57318489897892,5.5174850846982295,121.79180211993926,2.458379891390781,3.3016510169864937,6.241312764802607,6.296783638153642,827.6704658483197,827.4812356090613,26.659732203174013,[-0.8961104  -0.3931783   0.20590527],[ 0.39358567 -0.91838394 -0.04075866],[-0.20512551 -0.0445171  -0.97772274]
5,151.14714828760697,123.98009240011632,11.015526128074622,1.9536499723546448,1.4721437511813795,0.9724407417211989,0.9276435694300323,437.8580129376421,437.8331692076198,5.516161819095036,[ 0.00745317 -0.09753207  0.99520447],[ 0.63562169 -0.76784334 -0.08001044],[0.77196472 0.63316988 0.05627063]
354,52.51862664955962,45.95085643755173,96.2884494761761,9.515062657092013,8.59967869663595,13.614098582056759,11.67236184468868,2258.573403392422,2255.1491019368377,269.7550876806913,[ 0.67124376  0.46084669 -0.58056192],[ 0.59638199 -0.80089662  0.05378777],[0.44018216 0.38234138 0.81243753]
472,109.31633452735761,119.90678157493254,37.053744957132196,13.061918972693071,8.349751951537518,13.61246262759904,11.017328926024799,3636.007979720778,3631.1274755138916,381.5684120852128,[-0.7501633   0.60194248  0.27371569],[ 0.06266015 -0.34736308  0.93563486],[-0.65827709 -0.71903    -0.22286123]
243,16.517668824155958,31.08346707537105,141.19465820254413,7.325764420091627,10.171124914562132,5.893348061342087,5.808034814824597,2275.6562243709855,2273.066091007028,197.03457193044,[-0.96402496 -0.21310453  0.15887836],[ 0.24079656 -0.95327314  0.18244816],[-0.11257395 -0.21414194 -0.97029394]
8,104.04159215928155,182.39865658585734,90.50194703350246,1.3426650444356996,2.0234926941358062,1.5862524666280864,1.693696911111811,646.7885093868822,646.7667994462852,6.659625100924828,[ 0.78685718 -0.56824542  0.24073413],[-0.41692465 -0.2018702   0.88624052],[0.45500507 0.79771271 0.39575854]
226,12.300664611742892,41.367635705264824,79.50303574979857,10.765327455563469,11.046359140765954,12.8248137500053,11.687127553886326,1384.4084610262762,1380.1933108368935,243.35320818272055,[ 0.62665396 -0.7249244   0.28598851],[ 0.76896535  0.51564116 -0.37789746],[0.12647964 0.45672619 0.88057032]
117,21.865896753804787,21.805237904287942,106.46100654043347,5.753515536282403,6.1775047865141675,5.446544515329158,5.266584109974298,1202.7893745227786,1201.5327552272206,92.2857407340743,[-0.61641897 -0.73694888  0.27736979],[-0.76260794  0.64645936  0.02279091],[-0.19610403 -0.19747565 -0.96049288]
53,146.7985561695089,84.66652938206273,68.68591193278327,3.8546071901173318,2.8716382697484275,4.861171915892544,3.7493124715443265,1331.8890888583196,1331.736085947716,41.467135356259675,[-0.59172366  0.69563322  0.40737886],[-0.0729211  -0.54946092  0.83233119],[-0.80283599 -0.46280354 -0.37585537]
22,7.3777491665418715,95.21774572870004,120.50187489086785,3.9213275376850594,1.8027837178865536,4.742631213740951,4.043147239254288,721.7468242297582,721.5094251918563,23.3070424720659,[-0.60372534 -0.60714464  0.51661503],[-0.79572235  0.49828861 -0.34428826],[-0.04839062 -0.61893767 -0.78394803]
459,104.20895051792485,107.1121190732193,187.65419785275117,15.99307444439177,12.980600288112536,6.263001868535617,11.689012555710718,5155.6371197346125,5149.953951398373,388.1497762431168,[ 0.37284205 -0.87939099  0.29607481],[-0.81925749 -0.16216596  0.5500176 ],[-0.43566727 -0.4476312  -0.78090995]
5,104.89078408655239,59.77840094172835,160.1878785258926,0.8980461010061918,1.3068220142966858,1.2586658844912462,1.6473226473099074,448.5505623332871,448.54583445462265,2.629609938879692,[ 0.83117588 -0.3859901  -0.40019783],[-0.18897068 -0.87303161  0.44956189],[0.52291179 0.29803934 0.79858363]
64,144.0773795533682,39.626423617884015,104.04816536360826,5.014168485112307,6.1861277863753035,8.304090477870306,8.395808976095191,1459.3668349506263,1458.4467670747943,62.521592673251874,[-0.2576941  -0.7290599   0.63408628],[-0.55549203  0.64874142  0.52015687],[-0.79058355 -0.21818852 -0.5721638 ]
11,196.55696868701287,150.94251426958647,179.09772745621265,1.6224375752588582,3.1264900832078486,2.8102383165813674,1.6514256918180235,1014.2236626344776,1014.1390960119428,13.897152980422831,[-0.76474149  0.36971635  0.52771231],[ 0.04394232 -0.78716802  0.61517118],[-0.6428371  -0.49363583 -0.58573385]
12,158.26059669158724,40.69106417726514,60.82380324726885,1.6219747799650253,2.359611655705274,4.102893942443924,2.3007198788370657,604.1965812255393,604.1121810756919,15.390918007254879,[-0.32341925  0.91864117  0.22693258],[-0.26769506 -0.31884976  0.90921625],[-0.90760087 -0.23330931 -0.34903786]
32,88.80074380801645,69.77377150688442,36.61598984194948,3.7186386074706363,2.1845262761293087,2.696160647421081,3.2066239250558413,672.0981332523544,671.9383174079609,22.322780976330588,[-0.49383583  0.18245943  0.85019688],[ 0.44307389 -0.78849133  0.42657584],[-0.74820566 -0.58735847 -0.30854226]
35,26.737953635992444,81.85417931036571,76.9209937378909,3.3897850490099466,2.77795242742151,9.664996972878019,8.070996250751051,685.7359007154575,685.0148302690462,40.43306443818362,[-0.95611237  0.29217894  0.02192266],[-0.17986412 -0.6443482   0.74327942],[-0.23129642 -0.70671554 -0.6686218 ]
15,174.10847335723025,80.90654525312432,194.28190205002187,1.3326244536799248,2.561160547283455,2.85370303782148,1.5426112119714386,1057.950305859466,1057.911505766089,14.538864522342557,[ 0.69122098 -0.62772965 -0.35800705],[-0.34047405 -0.71987557  0.6048608 ],[0.63740958 0.29620036 0.71131875]
44,89.78553857843809,56.552447619653776,113.78370908385097,5.099056551841114,4.072066071969926,5.031821513356464,2.463358010639738,1033.0236991504094,1032.6046309503351,52.194305589659656,[ 0.21722712 -0.93161048  0.29140056],[-0.7873223   0.00924488  0.61647232],[-0.57700604 -0.36334067 -0.73146947]
15,185.60026119955845,24.168962937441822,159.95270574022808,2.225348116086368,3.7718981144145896,1.4589861198369478,1.9626527970052983,953.688758667585,953.5979443573439,16.18230593077455,[-0.65694332  0.12879122  0.7428582 ],[-0.01074513 -0.98680083  0.16158176],[-0.7538634  -0.09816795 -0.64965609]
44,132.9090828996271,149.7500320474845,117.56881625590395,5.972986968918089,4.838234993354025,3.480011367011777,3.94362179865406,1541.083697303682,1540.509735137413,49.40066303574842,[-0.50448208 -0.20976711  0.83755334],[-0.64628164  0.73499383 -0.20519287],[-0.57255382 -0.64481148 -0.50635984]
264,173.8540406393824,160.64578131800866,149.139613245797,10.9035589576229,11.47733668325808,9.557255561162226,15.758660385984962,4555.115214449897,4553.644345857904,157.98565773505607,[-0.6316303  -0.03542841  0.7744598 ],[ 0.46358813 -0.81794107  0.34067353],[-0.62139296 -0.57421009 -0.53306056]
4,150.68264205845463,163.28388137291248,156.82216178164862,0.5116864776390146,0.7612178471981563,1.6330861869026163,1.1758883113006862,543.9236060357714,543.9184205371919,2.920315896039553,[-0.54712171  0.78471342 -0.29134633],[-0.6274372  -0.15407973  0.76327059],[0.55405811 0.60040344 0.57665876]
6,119.60099938654112,69.54219933550458,50.19610236777881,2.9639054940160894,1.0326600360461538,2.534467123043852,2.21355634563267,360.61172963155497,360.56744961725,8.220298613403989,[ 0.40609667 -0.87901466  0.2498374 ],[-0.41775713  0.06458141  0.90626057],[-0.81275118 -0.47240075 -0.34098835]
7,174.36954664995534,48.717153843348726,75.52214618658083,1.186411831344787,0.9759425687610414,0.7794621501988137,1.1458211233536237,519.0257987234023,519.0239617063205,3.408225130753717,[ 0.38472856  0.05160242 -0.9215862 ],[ 0.24873538 -0.96729675  0.04967604],[0.88888393 0.24834288 0.38498203]
19,29.302346365090983,5.340731407645661,53.012927139782704,3.119587936353715,4.102950023892038,2.9053654362941392,3.302687798939864,266.16990847502586,265.5949734264778,21.189011874293275,[-0.83039259 -0.27179051  0.48639291],[ 0.27827144 -0.95859071 -0.06057104],[-0.48271436 -0.08505152 -0.87163816]
50,46.058675992503886,19.890803044675916,196.1486407963086,2.8222837529401725,5.250459458368315,2.5008121760496573,2.424476790745114,1432.2132849927877,1431.8824357377387,42.30792241306081,[-0.96363663 -0.12055828  0.23847463],[ 0.14024696 -0.98782456  0.06733075],[-0.22745381 -0.09832772 -0.96881186]
273,111.25143370946144,150.78347799825934,82.69905413976859,8.274103970120835,8.286482126899388,9.740303698501705,7.037801905049701,3391.958262547371,3387.7254096157817,224.1000251743928,[ 0.41444281 -0.65299659  0.63390268],[-0.73069563  0.1764626   0.65950348],[-0.54251364 -0.73651639 -0.40400811]
7,70.60235465414875,146.69193559667906,45.80380651106865,1.4011621084813692,1.6657726689345467,1.4159986670593416,2.1974651791331303,447.49532451393907,447.48842595712637,3.64947331361231,[ 0.90864898 -0.4008292  -0.11701703],[-0.00707255 -0.29497309  0.95547939],[0.41750091 0.86736776 0.27086188]
293,16.21231180078751,188.74633851014596,107.60103339259616,7.361391434919655,6.270480347180322,9.9264628377585,7.940706105732605,3734.7638011751324,3733.8085125669495,194.4940966286041,[-0.97509079 -0.04060274  0.21805816],[ 0.20891617 -0.49837718  0.84141204],[-0.07451158 -0.86600901 -0.49444557]
147,55.53437049801021,167.17763612026158,92.40714123518254,5.857048817444983,11.246996227772943,10.853250354532632,14.063655046778198,2419.8455921559844,2418.377909006606,108.28348178660923,[-0.86183914  0.4327318  -0.26453069],[-0.42356398 -0.32720803  0.84470614],[-0.27897464 -0.84004648 -0.46529029]
73,78.96479845895072,24.295701238053848,114.64100498330431,4.216679809196561,7.573146305791452,4.20614696054998,3.8778554963381784,1209.7467398307715,1208.2073460688237,75.2939734550217,[-0.79617771  0.38498644  0.46678314],[-0.23189905 -0.90670952  0.35227925],[-0.55885945 -0.17223032 -0.8111799 ]
186,180.01117966815065,22.70970136836647,120.15908946121647,9.178186720130958,10.488037914336477,11.654283249806584,8.046439094525425,2976.7208932411286,2971.5646622476297,221.08945786054275,[-0.28846401 -0.76527245  0.57545338],[ 0.48257915 -0.63528606 -0.60293365],[0.82698602 0.10377715 0.5525617 ]
85,127.76540455279499,92.8174801535835,165.47374997154094,4.381009106579322,6.798185937286175,4.647833067198786,3.674238435408078,2110.2691609742865,2109.4521423073793,79.2291656890413,[-0.8276597   0.32948607  0.45433286],[-0.05397231 -0.8525062   0.51992324],[-0.55862905 -0.40579811 -0.72336815]
6,83.68047001458005,137.02175928837843,90.04096116765679,2.15509557833723,1.3350731690184832,1.137710235010948,0.8391970791365064,450.93521685108647,450.91582053023296,6.489000064990362,[ 0.32102918  0.37531325 -0.86952874],[-0.83081941  0.55233077 -0.06833612],[0.45462003 0.74435924 0.48913183]
5,112.93737181408491,79.87622777081354,9.767069636905047,1.184278487258375,2.1087376865160565,1.4282033874951892,1.9454598772969771,310.1477452488835,310.11540775051236,4.502686774113671,[-0.47913453  0.59900877  0.64157509],[ 0.32748923 -0.55615853  0.76383145],[-0.8143592  -0.57608696 -0.07030584]
159,86.38730858548946,179.88365532586704,99.69135639689016,5.269443777281232,5.551820260692608,12.60658794811424,7.080886427844435,2818.3668368123062,2814.7264859633656,163.5202356212559,[ 0.79465187 -0.53765907  0.28187078],[-0.46802128 -0.24688082  0.84853164],[0.38663224 0.80620878 0.44782019]
25,112.11784017410685,188.24393962566396,154.7370178812852,2.7284082947084523,3.103898119368831,2.8237628129495995,2.362348827237584,1341.3788383367246,1341.2514409801972,22.062760810303274,[-0.75427637 -0.08581667  0.65092446],[ 0.50630842 -0.70721131  0.49346119],[-0.41799394 -0.70177465 -0.57688248]
30,37.146713352735965,91.50310733594348,68.73990037658172,3.8493661906995054,3.6901692888774327,3.7713004984245484,5.242240990625309,659.9214125321189,659.7558123608202,21.39415998086512,[-0.4120412  -0.43448742  0.8009012 ],[-0.85713978  0.48300013 -0.17894769],[-0.30908486 -0.7602181  -0.57143241]
66,155.85213849377595,187.1477262813853,163.440029098948,6.298525293608735,6.7772407763060025,5.194042060327734,9.04474237992176,2384.221063335844,2384.084280059045,45.064076973620196,[-0.49979469  0.7671981  -0.40201037],[-0.68395977 -0.06481337  0.72663489],[0.53141726 0.63812718 0.55712602]
234,51.24694633863139,98.99912952231031,125.0815237471789,6.366915877268338,12.53939856999469,7.427889240120688,11.257869695464635,2573.3559934060536,2569.799477145619,173.9614520501889,[ 0.75559707  0.32630485 -0.5679773 ],[ 0.57986911 -0.73650921  0.34829011],[0.30467176 0.59251948 0.7457183 ]
5,189.40124657985,18.99710546142764,1.915651164825567,1.6878089649544195,3.6078976185979177,1.1774718380829574,1.701125283121788,425.7545071593928,425.68536184887597,8.456500258622297,[-0.01857565  0.08422566  0.99627355],[-0.09859381  0.99143457 -0.08565486],[-0.99495437 -0.0998175  -0.01011241]
149,106.94957466988242,58.346188012368074,181.9414107496194,9.246954279468339,8.339817156103374,8.15294752730255,10.340880599769045,2678.0157423090554,2676.7445993851547,130.17396013170008,[ 0.41075176 -0.91029037  0.05152113],[-0.76978732 -0.31596205  0.5546129 ],[-0.48858006 -0.26746854 -0.83051196]
2,35.52619249924224,158.22480442310115,18.028120356022715,1.6974126120876356,0.9097141079421363,0.7077727318825495,1.1734999636219356,230.76577711336193,230.7535031457756,2.3800572863632947,[ 0.46753862 -0.20300424  0.86034698],[-0.85672153  0.1357399   0.49759712],[-0.21779774 -0.96972365 -0.11045446]
35,34.19627919240178,94.72894813765717,150.5706675196475,3.087068768331693,3.1783836190614374,2.973889623123229,3.299330715399479,1072.0277400202087,1071.9829997907489,24.82448981797972,[ 0.28031187  0.78249412 -0.55599299],[-0.94117098  0.33792898  0.00109003],[0.18873909 0.52297892 0.83118626]
314,117.42839344415009,35.45863059432172,164.7852352007602,13.752783260978246,6.443859995690324,7.4368342628273085,8.754835760217691,3650.670572806826,3645.478396576319,254.6668736042868,[ 0.06680205 -0.98419436  0.16400899],[-0.81701198  0.04039904  0.57520373],[-0.57273808 -0.17242209 -0.80139985]
6,187.64988793964463,40.71334851091132,176.63418069475776,2.3747033996386904,2.161500677778609,1.289400014691894,1.4965498814411717,639.125131502199,639.0933523358904,7.663634478889492,[ 0.42103265  0.67723275 -0.60339648],[-0.55263543  0.71903395  0.42140747],[0.71925349 0.15603197 0.67699958]
2,71.17834744380241,198.3468063187108,103.70981506006497,1.290738339631865,0.944530555107832,0.8987656867299876,1.585670656554882,332.1653334851374,332.16277001046825,1.304985925323572,[ 0.3705476   0.32246726 -0.87103923],[-0.87797373  0.42761596 -0.21518997],[0.30307856 0.84448769 0.44156985]
51,144.73837389009046,95.14666724100587,96.99928313418472,3.5812941517717345,3.800264448628885,4.871878219301628,3.6302420138456695,1418.4435315300564,1418.16732496609,44.02477593359522,[-0.67569673  0.61759266  0.40250868],[-0.10892742 -0.62366383  0.77406604],[-0.72908761 -0.47918966 -0.48868039]
165,126.50303627318519,48.23867869623187,25.893642113869326,5.654140867459033,8.561697214422644,5.887657072641239,6.9939356543374,1775.5922643521405,1774.4469613170982,122.24525410046856,[-0.30090449  0.30299119  0.90424157],[ 0.26092178 -0.88584903  0.38365521],[-0.91726567 -0.3513799  -0.18749895]
3,109.90717622394796,172.90722132150884,35.1267740888757,0.818858809489222,0.742448240299794,0.3975767189945843,1.1027802103122006,360.0490108614825,360.0483415608818,0.6996045144483405,[ 0.53580553 -0.17267431 -0.82649623],[-0.65829594  0.52754112 -0.53697935],[0.52873329 0.83179561 0.16898865]
22,119.70966240381573,151.42359976906266,168.21073510140351,3.9312491228580875,3.8034102293920284,4.788098079967811,3.106885766789627,1201.2983871999995,1201.1047608357333,30.768173966933457,[ 0.42431576 -0.80211237  0.42020457],[-0.77554768 -0.08237585  0.62589138],[-0.46742051 -0.59146426 -0.65702976]
10,113.15163272503419,60.28510859342806,54.81845160682508,2.2507502688991043,2.1186810190141045,1.662220287006318,0.9443668768316965,441.06370086849824,440.9621969361802,10.699754967429485,[-0.05619606 -0.61190925  0.78892907],[-0.58161219  0.66232538  0.47228417],[-0.8115228  -0.43231026 -0.39311395]
16,192.42235295943797,51.25436718105202,108.55947936214591,4.410007468522767,2.8391653664324834,1.963294916449299,3.3434874647725454,907.4612066563221,907.3193090587669,17.958501232863142,[-0.26651869 -0.59894713  0.75513583],[-0.45717108  0.76828903  0.44802519],[-0.84850598 -0.22581917 -0.47858469]
731,178.01574397298083,91.62907203550947,67.21498853207059,14.336159957706649,14.490471066944927,10.340293516108614,17.78537883645706,5737.980622687078,5736.168949485124,381.85898980788994,[-0.51968282  0.81288377  0.2629634 ],[-0.1433613  -0.3863954   0.91112356],[-0.8422454  -0.43579649 -0.31733912]
160,169.8911609436612,127.26231695149863,85.83282612382,7.877815772433459,4.173729728744213,7.788697726222478,8.357875487864868,2899.4069161011175,2898.871458649936,105.55925717009652,[-0.6586111   0.50028665  0.56208957],[ 0.12434422 -0.66435334  0.73700282],[-0.74213875 -0.55529083 -0.37534273]
4,20.149666694601542,147.07341277545765,76.63281029030873,1.7922316749794474,1.6801733851038128,0.5508981626117249,1.6511344870084816,334.1539488304913,334.14208545237835,3.794357280090234,[ 0.16740192 -0.47348302  0.86474876],[ 0.97847431 -0.02757836 -0.20451763],[0.12068398 0.88037109 0.4586743 ]
10,178.905132145764,118.9130860052031,150.53780659463538,2.6756756353080013,1.5815115038605339,2.5351073795237853,2.7573270694025642,829.5914243145243,829.5753549198762,9.194231380497815,[-0.36667104  0.89092817 -0.267954  ],[-0.63275593 -0.02767371  0.77385664],[0.6820354  0.45330031 0.57388723]
28,50.6097909014484,4.6638312327552,55.82030933168994,3.8479977727624837,3.1293947636535253,2.5572193526767584,3.24967470445044,400.23196386538734,400.1462753263643,24.2004959284477,[-0.0753737  -0.98553821  0.15176708],[-0.73770925  0.15751482  0.65648621],[-0.67089781 -0.06247818 -0.73891312]
28,37.53994261968658,192.89587250540723,138.2733640156314,2.61181621540308,2.977006871175694,3.443027885250113,3.482555673311333,1271.707065607338,1271.6823059324533,20.79297879998557,[ 0.82807694  0.21117287 -0.51932129],[ 0.53841479 -0.55766768  0.63175649],[0.15619887 0.80275325 0.57549034]
104,141.91750270347254,188.15991327318392,48.33609156043357,4.0886744163251,3.7609448506917347,6.0834242121496915,3.8187251035908694,2454.7423791953706,2453.996064137954,74.36837437353296,[-0.68817765  0.61705398 -0.38164893],[-0.42244069  0.08688965  0.90221619],[-0.58987744 -0.78210905 -0.20087319]
407,99.32466156704974,129.4894201237257,167.79550541354996,9.067616760815916,8.786631791729706,7.137077573680415,8.313977076678546,4729.113046447899,4727.287547735047,238.9520460619178,[-0.07779588 -0.76625575  0.63780869],[-0.90220611  0.32633516  0.28200975],[-0.424231   -0.5534957  -0.71670815]
27,88.89094428567908,19.641515517738636,39.814392933844815,2.672808884723237,2.9069631382370695,2.439648074507651,2.5119620400733123,516.7399738496372,516.5736900666732,20.34620086157886,[-0.25446597 -0.5119238   0.82047614],[-0.3672142   0.83601003  0.40772657],[-0.89465122 -0.19753795 -0.40072179]
125,74.07603986094163,135.1660324853123,72.74499511927752,8.121930773863955,6.040826047853871,7.391306231360635,6.330990823209125,1909.27086578404,1908.3358479542678,120.20325574765104,[-0.4238477  -0.23841712  0.87379082],[-0.79453809  0.56100927 -0.23233126],[-0.434813   -0.79273317 -0.42721397]
53,27.71207050844508,11.659558611347745,88.54165980584217,6.538698779176778,3.792961235984439,2.90485087717845,3.725542199496494,682.8661921268363,681.7207444133559,52.11661608155164,[-0.32571482 -0.91873491  0.22323983],[-0.8973201   0.37477549  0.23315224],[-0.29786992 -0.12437644 -0.94646924]
2,58.899084958885325,4.969790809665097,167.95132086804117,0.840514178884721,1.2229265807951584,0.21665429905465317,0.03954080852773245,251.80824515332208,251.79931999393,2.120089099535801,[ 0.76545991  0.57667868 -0.28550452],[ 0.55194206 -0.81649414 -0.16940272],[0.3308037  0.02791096 0.94328675]
3,163.38269016044447,32.104034812129804,77.82476438920997,1.4617393568913315,1.5955828183257632,1.0845120191363231,1.8726829563032374,318.37299966937957,318.3619261266367,2.6586004499531275,[ 0.33072363  0.39480101 -0.85717795],[ 0.31693713 -0.90200143 -0.29316255],[0.88891661 0.17471573 0.42344029]
10,129.1418313769786,161.65446328193335,185.5128541367505,1.977975297510732,3.5464130934092988,1.6819322866657205,2.259089623944919,878.878509954751,878.8136246107815,11.89486071009741,[-0.57063224 -0.37974284  0.72813063],[-0.67709851  0.71927218 -0.15551575],[-0.46466811 -0.58175846 -0.66756321]
5,95.87500315699496,111.21242697407827,77.74526238151307,0.39076234422543943,1.4109969822042545,1.2392105352330378,0.9628537470569214,371.53744090485424,371.5216888098095,3.7171117965398666,[ 0.81342762 -0.41969611 -0.40272904],[ 0.07319398 -0.61301262  0.78667539],[0.57704259 0.66938083 0.46792217]
333,152.26611700104283,164.12541085840158,185.60902193297508,9.818705202594327,16.22350464250752,8.791610846528473,13.556884509496399,5318.295642029397,5314.982901450039,288.390933109988,[-0.39210103 -0.50487173  0.7690002 ],[-0.75691133  0.65215234  0.0422205 ],[-0.52282122 -0.56551027 -0.63785274]
32,162.09333739759714,60.221491461778825,14.568200660514542,4.069176737475215,6.788731789633308,2.996167235114335,5.864844599345076,982.6896065202332,982.3227677677768,34.4384301145961,[-0.17912766  0.25156782  0.95111877],[-0.30975502  0.90316713 -0.29722206],[-0.93379072 -0.34785451 -0.08385782]
61,28.61598757120294,16.709422216093746,192.22731067728577,2.9011129298185434,5.782523248555928,4.283992388759543,3.9397185263562173,1524.505897953741,1523.9895721855235,52.07510508350634,[ 0.9891934  -0.01103166 -0.14620097],[ 0.00161739 -0.99628361  0.08611828],[0.14660766 0.0854241  0.98549932]
41,164.07749959610416,80.6749291062086,22.630799591123623,2.406172060896174,4.082137103197107,4.5577983178445125,2.191157794789419,1180.1609555398666,1180.0149413662255,39.69095834277974,[ 0.286832   -0.75040032  0.59550546],[-0.35303297  0.49507759  0.79389287],[-0.89055888 -0.43794695 -0.12291196]
33,140.00207829963418,19.09513776921934,179.69683593428044,4.055460934716864,4.539557173195616,5.871316863692909,6.175709967224601,1313.990372482727,1313.757067044804,33.150116559931085,[-0.62188473 -0.56307816  0.54424477],[ 0.4881651  -0.82216562 -0.29281143],[-0.61233505 -0.08358634 -0.78616735]
80,31.95147963144501,193.63491016411155,65.91682154828791,5.859932664698418,4.408903047970301,8.135800474245912,5.3145016610242495,1853.8371570582226,1852.7574657971818,86.2379354838921,[-0.78669461  0.31128229 -0.53311811],[-0.59783978 -0.16879673  0.7836423 ],[-0.15394538 -0.93520639 -0.31888842]
9,185.50030108449675,123.74836078265766,169.2612874270505,1.4525547298478685,0.8547889941700105,2.8075409289152318,2.339044893291074,839.9121403739872,839.8895529554677,6.883417292436095,[ 0.72507722 -0.58083063 -0.36999839],[-0.18765846 -0.68357665  0.70534195],[0.66260646 0.44199405 0.60464364]
29,78.59467038863505,117.892468354791,8.856909875494958,3.1110449016596293,3.48239579513254,2.754429494728936,3.055445143254865,764.9664478432069,764.7809038913135,24.18550560964116,[ 0.38359494 -0.32071089  0.86602508],[-0.73923332  0.45543862  0.49609451],[-0.55352418 -0.83049394 -0.06237622]
34,167.75344731914993,30.838213468775084,85.99357589187757,2.8770754283608877,6.614347419671189,6.58546699839706,3.805497521969871,1114.948649616631,1114.341659564494,52.36910162692953,[-0.2342606  -0.67568091  0.69898303],[-0.4174447   0.71924443  0.55536239],[-0.87798741 -0.16168723 -0.45055005]
7,9.830698702168215,151.67774700990074,121.59398216809852,2.7877937110500586,1.4886182966164616,2.0020889941886377,1.57012004372368,515.0674745044989,515.0251671133799,8.98960119430873,[-0.47346747 -0.53203502  0.70197385],[-0.87935767  0.33128355 -0.34202528],[-0.05058296 -0.77922394 -0.62470107]
5,125.5414207225798,61.31020606444137,163.94453259674364,0.5779910785509641,1.4880887193247434,3.295479785658962,2.7249322083380045,481.70818645818804,481.7006577648939,5.457162831682922,[-0.5222842   0.84877169  0.08249752],[-0.62259342 -0.44563048  0.64326581],[0.58274922 0.28460516 0.76118543]
66,109.16259964381263,148.22137601278996,41.41171552643267,5.984286078530295,5.0947603540875575,3.431264642647092,6.164780724779152,1534.2266223009324,1533.8938803885803,48.5290833866225,[-0.383796    0.02495394  0.92308067],[-0.71954256  0.6184442  -0.31588807],[-0.57875654 -0.78543241 -0.21940099]
61,69.38721249831652,163.56984466552143,120.07430518528953,7.137793821845381,3.3581937540620053,7.817204125855504,4.362543273224576,1677.0050515265448,1675.3442464734849,79.99812607027867,[ 0.53307868 -0.63584014  0.5581527 ],[-0.78192972 -0.11829863  0.61203868],[-0.32313007 -0.76270096 -0.56024478]
113,120.29008051466421,10.616301198962704,105.28743969324135,8.131821765355372,5.683038344128759,6.392203135126027,6.0466282160991005,1706.542359193205,1705.4502019222655,107.54520290718048,[ 0.08410619 -0.99645161  0.00321446],[-0.6546546  -0.05282398  0.75408022],[-0.75123465 -0.06552718 -0.65677446]
12,136.64378375920248,74.82336560604944,162.98141461067578,1.3513888663176743,2.920172642841933,1.6436671625342325,1.5848114716433581,781.1035491296988,781.0609998423488,11.23903228489213,[ 0.79508136 -0.27952714 -0.53824735],[-0.02340975 -0.90094315  0.43330524],[0.60605084 0.33191268 0.72286676]
262,98.93536097921248,85.00272372155119,83.01194399376074,8.494450262623143,10.250734946820067,7.175360772709552,8.306600733590518,2511.4298692781103,2509.417033718563,203.54938689904225,[-0.45300363 -0.29384518  0.8416904 ],[-0.62097384  0.78142216 -0.0614077 ],[-0.63967117 -0.55048562 -0.53645724]
11,69.47979640544933,99.14209143221238,175.00787169332511,2.826502895993659,2.647363607304486,1.1649547614676143,1.2979625788616191,705.8635252539104,705.8404482610487,12.70765725772443,[ 0.65876313  0.51174571 -0.55149566],[-0.67779158  0.72183853 -0.13981312],[0.32654206 0.46590285 0.82237754]
2,156.46764428025384,91.72505009429827,114.59370343020623,0.5011821409446213,0.7419963632399842,1.3007096743301787,0.012000693607191693,303.41331208456234,303.4050939957861,2.2331340157331305,[ 0.60316585 -0.77028564 -0.20700483],[-0.32293504 -0.4731458   0.81966213],[0.72931743 0.42754309 0.53413761]
70,10.864538171866807,176.29684477498768,6.1074177601003194,5.946639502595336,4.501505736284351,3.5676319290590306,4.788351023476768,1480.0244977864447,1479.5054376929586,56.471113393088196,[-0.17475914 -0.02334134  0.98433451],[-0.98265249  0.06716222 -0.17286791],[-0.06207512 -0.99746901 -0.03467364]
26,79.66168222033323,193.32765188353048,23.66762647632187,3.1025320997893515,4.747399185932266,2.725791465846265,4.926863994762038,1073.4139319500975,1073.3543681799824,20.032207819140663,[ 0.39110166 -0.26896687  0.88016835],[-0.83891051  0.28912857  0.46112235],[-0.37850845 -0.9187282  -0.11256047]
11,137.91852097788689,97.762952668261,55.473362195139565,1.6599319588719237,2.478447650467205,2.1099219689054665,1.828232362246505,590.1963160866009,590.1631640772325,10.507356051898748,[ 0.33865167  0.05534004 -0.93928298],[-0.53337558  0.83367138 -0.14318701],[0.77512937 0.54948112 0.31184123]
35,129.8654670008069,146.56482940113548,4.290671394594316,5.5303727804295795,3.580286326766152,2.501325084771911,2.3080502213246463,1159.4330377973527,1158.9475635270373,39.50550255390295,[ 0.0251246  -0.05146211  0.99835886],[-0.74805856  0.66151898  0.0529247 ],[-0.66315695 -0.7481606  -0.02187627]
26,113.30745254940368,37.834507734154506,53.56985044505517,4.339415919780673,4.247279545515718,5.211026817409219,3.0552639320546247,668.7608561401479,667.7871711458548,37.62837475537438,[-0.43361472  0.84119611  0.32305942],[-0.24992011 -0.45672084  0.85378335],[-0.8657472  -0.28947398 -0.4082727 ]
20,35.7268970937637,66.2196757881016,194.92656958306358,1.6380498044986456,2.8557168792015726,3.13068378144656,2.787420735465992,934.615681290757,934.5453146582761,16.035276409399117,[-0.98431484  0.01301845  0.17593982],[ 0.04360561 -0.94837787  0.3141305 ],[-0.17094693 -0.31687527 -0.93293473]
19,43.787958706409356,110.48516440538005,166.10691201591717,2.6559919724313534,3.1557724876479147,2.764307740638112,3.7748036890210908,890.5173162312968,890.4612075916826,14.050606463023714,[ 0.54575629 -0.75685101  0.3596201 ],[-0.81004636 -0.36671043  0.45754601],[-0.21441772 -0.54101757 -0.81321893]
69,47.19385053574346,61.686882649424895,22.527336920222755,5.645883939329579,6.879184978124937,4.058663704368997,5.716524470874726,675.9109063840862,674.1939973460646,65.81242068053784,[ 0.07600514 -0.39146878  0.91704711],[-0.80952833  0.5127254   0.28596601],[-0.58214011 -0.7641105  -0.2779353 ]
30,193.5762874284199,177.7902626365081,136.11002819801163,3.3926711802841445,3.278125885075814,3.617272831769046,4.277546313708732,1621.4442752978016,1621.4050255506716,22.593002241260436,[ 0.20538807  0.44412277 -0.87210705],[-0.72809054  0.66480626  0.16708326],[0.6539877  0.60065598 0.45990486]
10,55.64262139759588,68.40123565137725,2.666923809886202,4.44195560946781,3.3541370184439496,1.3833857467524526,4.221040228856446,279.5316696957795,279.30904048358633,12.052448049980432,[-0.20807476  0.13137441  0.96925005],[-0.74714518  0.61818144 -0.24418392],[-0.63125191 -0.77497902 -0.03047219]
50,108.80846025288074,14.980330578184553,46.91797534169109,9.284356747553497,4.981849520480913,4.6502947111649675,9.918157703628026,848.1564844714801,847.7676302681392,41.033293731348905,[-0.35527824  0.72497849  0.59007081],[-0.20905074 -0.67688802  0.70577644],[-0.91108461 -0.12739227 -0.39204088]
6,187.6464975694038,39.618834955735394,153.32823927301726,0.8665176711275097,1.781154643754649,1.8583611792740422,1.824504728312051,601.4811314711158,601.4728536882753,4.928114749573851,[ 0.54680654  0.35137238 -0.75996057],[ 0.34206311 -0.92222238 -0.18027399],[0.76419594 0.16137948 0.62446876]
11,156.06629202601536,67.17310142155192,23.274964520386177,1.7803075277198854,2.8825001662249186,1.744786725907927,2.3079496438620155,568.9052667354426,568.8576452246929,10.064220633944139,[ 0.33074709 -0.4887411  -0.80730322],[ 0.25002418 -0.77949933  0.57434198],[0.90999685 0.39180726 0.13562005]
139,53.787034516469674,47.8224615355104,183.56152345990057,7.330972475908385,5.257061328017023,11.20128544548511,9.457377756433349,2330.2469887191423,2327.7939042716725,126.6535756785596,[ 0.54422361 -0.83690048  0.05846573],[-0.79367505 -0.49102612  0.35912849],[-0.27184661 -0.24184899 -0.93145504]
84,23.23516554111103,149.92395979554917,101.7072558144977,6.6964813023158944,3.362720219877454,6.8014996169142,5.377343481553406,1676.2384941964935,1675.0912703596493,78.86369946159398,[ 0.52063808 -0.53334007  0.6666966 ],[-0.84428539 -0.20550057  0.49492594],[-0.12695731 -0.82055949 -0.55728266]
93,136.02858301351617,163.9555329708756,80.48801621839158,4.567449564380891,6.161963890970224,9.70902269387759,4.968689426779507,2198.5215445799386,2197.6629689353394,108.94885237722316,[-0.77159155  0.63607206  0.00766875],[-0.21958772 -0.27764814  0.9352501 ],[-0.59701567 -0.71994711 -0.35390457]
2,171.4400539118576,141.34046714244607,24.67185028336999,0.11314606360205914,0.44758787872676464,0.703875055734537,0.2738905718549205,316.15891102667194,316.15690709423967,1.12566343784616,[ 0.49703074 -0.69383907  0.52110247],[-0.4060356   0.34476538  0.84632849],[0.76687387 0.63223743 0.11036437]
46,180.7612796986059,108.84278239602838,12.397529375184208,3.963102456479046,3.5831888314601197,3.402217530559441,3.46728134307024,1434.0248709767948,1433.9030387282755,35.974086035459315,[-0.24445122  0.30096966  0.9217705 ],[-0.4569482   0.80268531 -0.38326837],[-0.85524379 -0.51489179 -0.05868986]
3,140.40890690197742,49.40312293852111,163.36151693354952,2.1713130506227842,1.8667410203781665,0.7844185904291808,1.3471971090545438,382.81212644275064,382.806312326847,4.580431263432478,[ 0.72084249  0.17162478 -0.67151399],[ 0.27695061 -0.95947206  0.05207425],[0.63536168 0.22351354 0.73915981]
3,147.23572194147044,168.91091569011652,51.268569704964555,1.2227109437125967,0.419181217452184,0.6118703876203826,0.9875108058330326,398.1441960016,398.141415338513,1.7922810430331277,[-0.5002802   0.61965023 -0.60477542],[-0.58260085  0.27580899  0.7645297 ],[0.6405435  0.73482174 0.22302697]
103,15.159928906272047,48.028398483773714,184.68701856681002,9.365141601730926,4.824508111777468,4.328328959762023,4.465452818342511,1945.697898212742,1943.9057052093985,106.09416204429428,[-0.10526703 -0.96027013  0.25845721],[-0.99128017  0.12204156  0.0496939 ],[-0.07926208 -0.25097238 -0.96474369]
4,176.1838579422788,117.93944978581928,49.3386351977323,1.121325265660741,1.5891546429340853,0.31250400567461006,0.07315190189668228,435.37824592971924,435.36129632831376,3.937063654329472,[ 0.21658192  0.0833759  -0.97269766],[-0.54590382  0.83636286 -0.04986173],[0.80937092 0.54179852 0.22665629]
13,48.1345260618726,197.6074896866738,129.29243279762596,1.6858717460873203,1.6553377513421037,2.7065027723177155,1.9693957733324818,869.0147942802126,869.0044568839044,10.815036378161908,[ 0.93395325 -0.32489264  0.14891639],[-0.29641106 -0.47134751  0.83064554],[0.19967926 0.81992457 0.53651831]
4,60.36817957073429,5.604497899515964,65.89723279693058,1.8541667637286101,1.4304659607772168,2.2775299974273318,0.9647917138688277,179.18642311256684,179.12065837801893,6.2264218414440675,[ 0.15568171 -0.98606078 -0.05871411],[-0.72207697 -0.1541609   0.67441773],[-0.67406829 -0.0625984  -0.73601181]
123,132.70130971164124,92.98731348712094,13.469689417487354,5.545443251532198,3.720203318257625,6.022242964271113,5.888511254916157,1805.631942909129,1804.8553279689695,75.88622271043431,[-0.57726933  0.80133708  0.15690443],[ 0.02294709 -0.17615822  0.98409436],[-0.81623131 -0.571688   -0.08330238]
103,13.151660459901994,121.32981212917623,97.36662374046772,6.998646989634263,4.3579625180590025,8.905904146381507,7.515784724869107,1588.4476648912614,1587.0782029537468,97.12260739534409,[-0.74507337 -0.36636166  0.55735519],[ 0.66146776 -0.51310731  0.54697467],[-0.08559248 -0.77620875 -0.62463902]
57,141.96661663692407,69.79518725984877,9.097745962141419,7.770212857905442,5.242330963803217,3.033282181489519,7.567804557442605,1198.3739126514845,1197.9561755749344,47.46198149189496,[-0.07220507  0.01848143  0.99721856],[-0.43789295  0.89772637 -0.04834382],[-0.89612286 -0.44016565 -0.05672751]
27,38.69560606203143,46.05690603642424,53.62653527008784,3.574811136501667,2.714010162844607,1.836372351442226,1.9643509743786465,419.3155188871956,419.06710339857244,22.901158896520272,[ 0.48386541 -0.80525796  0.34268629],[-0.73131408 -0.15697607  0.66373055],[-0.48068076 -0.57176756 -0.66485177]
40,58.45328105083379,160.06871479983957,56.835287394933516,6.209436304061947,4.948336018596684,3.709865949370644,3.230953976028229,1137.2377067191578,1136.538085655059,51.36565301471309,[-0.02946732 -0.3248749   0.94529782],[-0.94527887  0.3164798   0.07929936],[-0.32493004 -0.89123332 -0.31642319]
14,100.45504735260519,26.87731518924353,189.84233336963078,2.4599610155523144,2.599478000314986,2.31387585509522,2.68493786887794,810.030460096872,810.0065697113577,12.356171104606409,[ 0.77668283 -0.53311274 -0.33549157],[-0.42587531 -0.83687386  0.3439075 ],[0.46410559 0.12422947 0.87702511]
18,114.34209982328986,10.135943587057476,194.73000462907535,2.8872932718575988,6.454109599480317,1.8051741249454434,2.0246078899057856,959.4651951600763,959.1343880098746,29.721890890118157,[-0.86010993  0.10214361  0.49977754],[-0.06558814 -0.99375922  0.09022644],[-0.50587459 -0.04482518 -0.86144158]
31,19.422522771764378,24.091255034673186,165.69933736822827,4.221366500530795,3.021679548797396,2.4112188423608587,2.683114846152729,938.9313421399062,938.7811666452238,28.118337853305945,[ 0.04262798 -0.98937917  0.13896658],[-0.99241266 -0.02587586  0.12019798],[-0.1153255  -0.14303599 -0.98297545]
3,46.86645030064178,196.81923417556638,59.77993967387594,2.583544103195766,1.8052307833583183,0.6013779438413431,1.2733807160106194,365.4512303274706,365.4158296770991,5.0930061767731525,[ 0.01771601 -0.29443445  0.95550746],[-0.97487047  0.20716649  0.08191225],[-0.22206692 -0.93294716 -0.28336529]
6,169.44072799592507,143.748484553317,51.51208092024522,2.049899958638715,1.0594491438369187,1.936177372638497,1.9576538639911965,558.7577215577818,558.743765996585,5.609935120250619,[ 0.66942132 -0.69720817 -0.25646805],[ 0.00416886 -0.34170237  0.93979897],[0.74287127 0.63019065 0.22583628]
2,95.57653859082447,69.0565874959023,191.19215031352036,1.1050532695164677,0.9447641754396514,1.3043225394986706,0.349527666042988,317.6851911136339,317.6735668404378,2.7176430560320166,[-0.62711973  0.7782487   0.03240056],[-0.65244885 -0.54756109  0.5239154 ],[0.42547777 0.30741798 0.85115384]
18,39.24141833921371,67.6019563509694,60.551736219219755,2.676484935418758,3.5846722802554916,2.3040018010725833,3.3014930169211256,419.96721607269666,419.7928978911425,16.26007277836086,[-0.78946701  0.59455736 -0.1524578 ],[-0.4681184  -0.42257494  0.77607705],[-0.39699748 -0.68405553 -0.61193222]
