N,MEAN_X,MEAN_Y,MEAN_Z,SIGMA_X,SIGMA_Y,SIGMA_Z,SIGMA_R,LAMBDA_1,LAMBDA_2,LAMBDA_3,EIGEN_1,EIGEN_2,EIGEN_3
563,112.93529854663355,125.74543722923829,34.28885839308254,14.48847718096685,12.82790910449071,15.047584839200697,13.960113995729847,4123.188041635579,4114.897833381779,482.77120600994573,[ 0.66765307 -0.68132209  0.30006598],[-0.35264972  0.06553613  0.93345765],[0.65565048 0.72904405 0.19651265]
15,68.19021555756032,87.87343599051526,30.88416525478416,2.8121810299018017,2.126482703765639,3.3976114310568875,1.8153471380328057,447.38420956873426,447.23677051169886,17.612472298494723,[ 0.5507384  -0.62274186  0.55576955],[-0.58970447  0.18092452  0.78709273],[-0.59070793 -0.76122197 -0.26759158]
173,128.32654684059298,51.13405797903254,28.88171053369608,6.294213023476774,8.70876440312291,6.183167171473858,6.983633793305007,1861.9097210056268,1859.9709482457374,134.54718159447205,[-0.05395062 -0.38470329  0.92146227],[-0.41343953  0.84859731  0.3300763 ],[-0.90893184 -0.3631611  -0.2048339 ]
5,54.91482823886655,71.52555531598327,51.36398875781729,1.6527188853662922,1.5514975512467655,1.2852621078085649,1.26904926982133,232.11963922924852,232.07846609991512,5.098189490325526,[-0.19672282 -0.46782707  0.8616484 ],[-0.82544959  0.55326633  0.11193451],[-0.52908704 -0.68922725 -0.49500778]
2,106.12193762376259,177.80951650704463,196.5698337656081,1.0745760616269493,0.30098914798954013,0.045728516816566867,0.18047546446743468,403.77973389313695,403.77672524427066,1.5587346872348509,[ 0.16217343  0.68664961 -0.70866924],[-0.91408198  0.37505863  0.15422435],[0.3716906  0.62277069 0.68847858]
10,70.73971099590557,63.15821331182932,44.68820465836605,3.2025816093869586,2.850834819195472,3.919453482969304,4.077114235163812,331.9851980710898,331.8021617096705,13.04288861833381,[ 0.27206175 -0.74022767  0.61485397],[-0.68633424  0.29859045  0.66316594],[-0.6744833  -0.60241742 -0.42680855]
43,158.5618477300752,54.88802408633773,171.74830179901855,5.008444611798989,4.506045655938998,3.1610567855344596,3.8458933964327393,1575.1007271799474,1574.8517760832033,41.68076671502867,[-0.50982423 -0.5628534   0.65059612],[-0.55123981  0.79434419  0.25524886],[-0.66046493 -0.22850243 -0.71524311]
40,14.860064535747886,105.75006111053861,34.0126830100323,4.764185964663874,3.9284152892150423,3.139348430512128,4.712236238486535,710.0276809186632,709.6138093859029,31.757386309252077,[-0.32224426 -0.24840325  0.91348479],[-0.93714583  0.22014734 -0.27072651],[-0.1338519  -0.94330852 -0.30373129]
2517,95.8956890213175,124.1771953777251,155.4333148029714,15.920891741034858,30.39136523796476,19.757296743663627,23.358164093051414,11238.128665437453,11160.26721238264,1605.9996147134702,[-0.88010958  0.09972653  0.46417858],[ 0.19250097 -0.8187616   0.54090001],[-0.43399368 -0.56540611 -0.70140247]
131,185.9624673326443,14.831592082243427,116.63999863164268,4.69985540871406,6.734696204824897,12.74835700867558,6.631667747900172,2523.3453920389143,2520.1434232995302,156.41326435475276,[-0.10419829 -0.95216369  0.28727517],[-0.52517661  0.29796965  0.79712208],[-0.84458999 -0.06781144 -0.53110203]
210,21.08625252249379,10.775778771672972,111.23504492913108,5.897136948428685,9.248668439597997,11.79705374979797,12.012062934921843,1662.682595612751,1659.0032541258015,156.3682551054551,[-0.98205889  0.05063792  0.1816484 ],[-0.03247549 -0.99429473  0.10160381],[-0.18575705 -0.0938818  -0.97810047]
320,96.15143287436895,85.77141123808532,82.18451725160654,10.867648965482438,14.95892750389708,7.055730816504224,9.042005395509356,2753.2727803360267,2742.0361730670897,315.13491388891924,[-0.38534234 -0.3746541   0.84329448],[-0.67623631  0.73646029  0.01818509],[-0.62786602 -0.56325886 -0.53714404]
625,57.09312547669448,34.708496881752865,109.68473557426707,11.32273866972021,13.398486158447202,13.16602312534181,11.440890376090886,3243.617368850609,3237.4815785298856,466.69244728095356,[-0.87110667  0.35373001  0.34065856],[-0.21089642 -0.89590546  0.39099374],[-0.44350408 -0.26875359 -0.85502961]
11,185.13833738943734,53.25894509280576,115.51397017393357,1.5379771206509618,2.6780198166654663,3.772515730858465,2.319533311918361,745.1577445211949,745.0483459044716,14.217598110463795,[-0.53485905  0.62423425  0.56943604],[-0.18613714 -0.74442872  0.64123228],[-0.82418369 -0.2369757  -0.51435762]
4,20.274469174617202,188.1727893133757,177.95454962110884,1.9696404326300379,0.5064668328734947,2.834301452016161,1.810965479594548,519.605903818196,519.5907151519639,5.961816227367551,[ 0.78484005 -0.46835694  0.40579289],[-0.61476548 -0.505988    0.60501202],[0.07803525 0.72430513 0.68504933]
8,102.61147337065978,60.91796421733119,146.5097977932308,2.3740472098455503,1.6026546751921997,2.01567840323841,1.9366352466505758,534.5293379520888,534.5001125114965,8.248422674943585,[-0.2505367   0.94351004 -0.21684132],[-0.80145512 -0.0764975   0.59314233],[0.54304793 0.32239251 0.77534639]
3,142.5727704600426,46.51189825853333,162.64756072471116,0.8295701172224975,0.3268534265737056,1.3152488097331587,1.5656111304028317,383.1987944802572,383.19850651092656,0.47043329971861064,[-0.13302032  0.97762349 -0.16296597],[-0.75299857  0.00722634  0.65798248],[0.64443677 0.21023818 0.73518783]
21,30.01982971916712,65.85444872591023,89.22935855649004,2.384047106752794,2.9434920887313676,3.172716689680806,1.7599955287183675,526.8717029484056,526.6696448600802,21.107224907827035,[-0.9340802   0.35299869  0.05372251],[-0.2434009  -0.73957275  0.62752542],[-0.26124736 -0.57308296 -0.77674046]
724,180.88669672580758,96.94815209014845,71.6062802509226,9.86112230034168,9.406881004321708,13.893305430747095,10.44713949597123,5868.100754882921,5859.386160139582,440.69581960737077,[ 0.3751631  -0.89017236  0.2585456 ],[-0.40888551  0.09139797  0.90799728],[-0.83190462 -0.44636262 -0.32968943]
3,127.81678196440605,41.7412324655243,73.53580244234877,0.8138538872832782,0.4459333958099322,1.8668287310031118,1.4927027017002248,265.4692440219725,265.45737014468557,2.527762192321677,[-0.19835804  0.95953341 -0.19987428],[-0.51491055  0.07150071  0.85425686],[0.83397915 0.27236609 0.47989113]
347,117.85648196591328,32.68523320060479,166.32851709573393,13.842282637072245,7.058710050771339,9.935788306609902,10.569660988483086,3858.621455429936,3853.3123567300113,282.67410768215,[ 0.13261476 -0.98620797  0.09903112],[-0.80968081 -0.0501617   0.58472283],[-0.57169075 -0.15772648 -0.80516585]
145,55.89761658310683,166.60957169882442,102.63763057414386,5.523114184870615,10.912880634656359,5.441445705137179,10.757298831095884,2455.2273734131377,2454.7709916501203,95.30202629304368,[-0.94595163  0.13619406  0.29432414],[ 0.17248003 -0.55727366  0.81221716],[-0.27463824 -0.81908318 -0.50366317]
72,28.47876853897579,107.9014501131875,193.86807168532215,3.7683991066006253,4.271040390323891,3.2228753784177386,3.335785452262802,1898.7049130657572,1898.5166629010012,47.73777887066452,[-0.84890869 -0.39887084  0.34677961],[ 0.51296328 -0.77987296  0.3587016 ],[-0.12736843 -0.48239011 -0.86664703]
366,16.173203166553836,188.3714157384821,106.93335860873452,7.380637006953045,6.484989439698308,9.730213911103945,7.496696150197548,4161.576552254305,4160.232705666403,222.5864971341201,[-0.9864756  -0.00809     0.16370843],[ 0.14591829 -0.49827422  0.85465236],[-0.07465756 -0.86698175 -0.49271584]
36,20.2545295466788,21.7696756626185,164.50892297935582,4.370676968693137,3.832163942268964,4.273798329408096,4.630490376957258,1003.7860966218491,1003.6341916348036,32.999687088547226,[ 0.43500373 -0.89804571  0.065465  ],[-0.8922139  -0.42009602  0.16575188],[-0.12135117 -0.13051146 -0.9839922 ]
86,110.55007867504051,102.01155180943051,122.44903947515026,8.483995122844961,7.884050876702946,4.716335160084861,9.144113522850509,1802.1031843376018,1801.1277075154183,78.41455203323324,[-0.66018473  0.75053094 -0.0293161 ],[-0.48852972 -0.39942076  0.77575884],[-0.57052155 -0.52646592 -0.63034815]
153,170.15016013355745,127.93589889090114,85.99367852246539,8.525013264996028,3.8137646234575286,6.904532503892375,8.086159054363657,2842.6972935752606,2842.552085482733,102.97454581798374,[-0.2003985   0.71658058 -0.66809634],[-0.64050438  0.42018792  0.64280343],[0.74134646 0.55673548 0.37476797]
135,136.54683718514005,14.134493361595329,124.21965085177314,5.298454957220004,6.261150379558017,4.16815611805311,4.9444839855444895,2153.1564190567374,2152.440072118954,90.09664376566359,[-0.63783921  0.40494766  0.6551172 ],[-0.22143578 -0.91112188  0.3475962 ],[-0.73764988 -0.07664409 -0.67081916]
160,54.00423623286607,50.03602940989781,181.7609044081177,6.930047795581346,4.984073716306798,10.979907789957968,9.553055256546452,2485.7463532542647,2484.5359947338147,127.71116039539457,[ 0.07275925 -0.9670517   0.24396129],[-9.58891087e-01 -5.56716425e-04  2.83773806e-01],[-0.27428812 -0.25457947 -0.92733776]
15,35.653981665195076,51.261729254884465,152.6330951977165,1.9226905784022768,1.9083584845651318,4.0373967837668765,4.095921989951848,638.9545204432857,638.9196764486621,10.145614966135296,[ 0.19529269 -0.94256709  0.27097611],[-0.95664993 -0.12221081  0.26435854],[-0.21605945 -0.31085657 -0.92557361]
31,44.47310154441413,109.47623354994302,165.56236735719105,2.8742890104738077,2.5458403954922106,4.256898656466004,4.760746922718762,1132.9261989996946,1132.8620215037622,17.749223183265592,[-0.21420228 -0.78735224  0.57809501],[-0.95200057  0.30076363  0.05688723],[-0.21866024 -0.5381614  -0.81398403]
37,185.80639238914208,184.3751660217103,9.09026774127354,3.275019245363026,8.58529015751849,2.727841295932951,5.860356671051686,1594.1811910772594,1593.6565808387759,45.898079257211265,[-0.17500686  0.12825506  0.97617787],[-0.68305415  0.69825282 -0.21419623],[-0.70909071 -0.70426816 -0.03459388]
53,144.8937330756019,60.879355625658185,61.88464825927362,4.42383130012807,4.40674493869392,10.80954043967584,5.57410624297746,1232.860380619897,1230.5531993420814,80.70845170362584,[ 0.42600847 -0.89754341 -0.11372164],[-0.28845519 -0.25388682  0.92321996],[0.85750241 0.36049592 0.36705899]
3,173.53435254538883,167.34804977775457,101.9438298207241,0.6529868681170685,0.2864680226253699,0.44229177956281057,0.2617988904026692,453.36318889669985,453.3615027541396,1.3804123991914496,[-0.32448422  0.71424559 -0.62013162],[-0.67465748  0.28475989  0.68099125],[0.66298361 0.63934735 0.38947104]
92,23.692065823871292,148.59955775958954,101.0386517887744,6.953143142813114,3.2402032210346925,5.67332650487621,4.106377820992836,1740.380259321279,1739.4676034847846,82.69198912700689,[ 0.35532942 -0.56383359  0.74554187],[-0.92557418 -0.10080363  0.3648987 ],[-0.13058881 -0.81971355 -0.55768831]
120,184.50207684210963,141.66360935891956,187.5590419573832,5.153401642235833,7.224619893476007,6.323930708419163,7.881000149605838,3275.179283087028,3274.7652831805276,82.03086022311716,[-0.45240656 -0.43880037  0.77639071],[-0.64363773  0.76325481  0.05632546],[-0.61729958 -0.47423235 -0.62772996]
102,138.45561471412654,71.62541882397262,20.976354141412145,6.981397507415575,6.10932066093644,11.262516892755833,4.895644704144226,1594.5943009060497,1590.095217479475,138.89984721414095,[ 0.3390957  -0.80071716  0.49382805],[-0.33133269  0.38964227  0.85930061],[0.88047303 0.45500652 0.13317776]
2,152.85643560711316,150.15486657419706,48.62180826609277,1.5941150110118514,1.282186458300444,0.9277983354270667,0.027456446640940158,310.7433027951674,310.72706626718303,3.1765580490087557,[-0.15596331  0.44441589 -0.88213942],[-0.70119966  0.5791884   0.41576415],[0.69569712 0.68339982 0.22129214]
178,117.89743972163035,128.5502862877992,99.94881006333885,9.881837692219799,6.323179857917423,6.932547030762986,9.012514059611243,2687.6371060345105,2685.404294803494,137.722179085228,[ 0.560592   -0.76360402  0.32038336],[-0.58391135 -0.09016783  0.80679446],[-0.58718322 -0.639358   -0.49642442]
36,53.18989475246773,192.28183668935628,68.11377638122957,2.5431885256946223,4.156121518713836,3.876243463739421,4.023834748238623,1265.3674444800188,1265.1377579655525,28.490510633394543,[-0.90918332  0.33775918 -0.24352501],[-0.33122423 -0.23221377  0.91453118],[-0.25234144 -0.91213787 -0.32299891]
296,111.14133254422254,150.45536004520787,82.92428572217958,8.456655651780313,9.259083738727627,10.302984385049935,7.969774598841025,3529.132120807434,3525.03320453857,244.46329047520246,[ 0.4187324  -0.65526679  0.62871983],[-0.7283233   0.1712037   0.66350167],[-0.54240977 -0.73574094 -0.40555753]
8,11.541392095534006,128.0619412762979,170.79825048952284,2.220722181431302,1.2775492358139209,3.882055020415024,2.954829565573498,604.817097071261,604.7484903527492,10.168502052842744,[-0.77545843  0.52921465 -0.34437781],[-0.62909467 -0.60103693  0.49294473],[-0.05388979 -0.59890439 -0.79900527]
109,142.35912006612864,189.36103840512848,49.15306621263486,3.997730800371507,3.6294877705631645,5.922408570179859,3.8600498093982862,2527.2850846132596,2526.4842768193967,73.30774750197304,[-0.65455251  0.60851971 -0.44862542],[-0.47475576  0.13096479  0.87031902],[-0.58836041 -0.782657   -0.20317491]
261,15.86588912682765,26.581686901700927,143.62564729847762,7.250346735809218,12.289678461324229,7.416357371659409,6.57917877818258,2384.6475727246725,2378.928150944725,239.53033154714177,[-0.99071309  0.10255546  0.08927461],[-0.08419819 -0.97827724  0.18943152],[-0.10676255 -0.18015552 -0.97782705]
66,44.38913122774377,87.35656023582642,184.38272607967338,7.480923160868679,5.8161176162218275,5.017778994031121,5.757567309362832,1698.340571182469,1697.1905174392773,73.27115469516653,[ 0.60261191 -0.76756396  0.21841349],[-0.76906546 -0.4854913   0.41573612],[-0.21306622 -0.4185018  -0.88286977]
83,104.98985431911245,56.61525889004768,5.015768444231105,8.67587748494979,10.004424623147235,3.2585981654811014,5.371725575138596,1094.3548827609104,1089.2284322054406,113.54038451147174,[-0.07296073  0.04808173  0.99617513],[-0.46898859  0.87985732 -0.07681662],[-0.88018546 -0.47279936 -0.04164525]
6,35.37432040304585,145.22891703460283,67.33619077301269,1.5199153127150655,2.3105095898195067,2.5335257771824535,1.9709779149882218,401.6711719189895,401.6109692239946,7.81210254080605,[-0.96252017  0.26377083 -0.06308618],[-0.16420426 -0.38164284  0.90960745],[-0.21585152 -0.88587454 -0.41065122]
12,189.04521035173354,40.31135685958089,179.25844664505857,1.0401746991680576,1.74816787044243,6.011436822789274,4.462184595616342,913.4624488105642,913.3609959812827,15.657640245196689,[ 0.1083682  -0.98823157  0.10795691],[-0.6886717   0.00368895  0.72506391],[-0.7169293  -0.15292074 -0.68016736]
2,74.02890465973223,36.46597012351573,172.811099268483,0.05835338162344783,0.7600593320960414,0.07520247551840953,0.05430992185951311,270.8294979623458,270.82734235011014,1.0805563902464206,[ 0.91639618  0.03086994 -0.39908031],[ 0.10384963 -0.98121722  0.16256699],[0.38656604 0.19042011 0.90238954]
32,80.10784013251748,196.5445097599822,24.66001200377754,3.260310883319562,2.0409424289976945,3.3408917101571767,2.123078640053397,1208.9209386081404,1208.8892740884573,26.195636048037855,[-0.60415374  0.33690864 -0.72214321],[-0.70315358  0.20099393  0.68203848],[0.37493106 0.91983368 0.11546729]
284,82.99410857145621,175.91620934829444,104.23221549376589,9.377100038411166,8.472784009128102,14.686248439742231,7.862826846007598,3732.0998117406025,3722.596662920202,296.4857142797196,[ 0.79591887 -0.53888973  0.27588225],[-0.47448981 -0.27225257  0.83710092],[0.37599544 0.79716774 0.47238865]
49,40.6173412364134,191.5768740639767,137.5172038373249,4.82091868339685,3.9105457523610747,5.080659257001455,4.3182724509933825,1675.8852305316905,1675.470081166974,47.27184023942351,[-0.71922149  0.49935174 -0.48308208],[-0.67370941 -0.33130137  0.66057174],[-0.16981189 -0.80055433 -0.57469703]
11,48.333761836786515,194.06936422604147,104.17780666176728,1.5436791188799868,1.1008427066906907,1.3000815194205149,1.028841481548544,747.9425161463827,747.9288802546731,6.822486182916476,[-0.55302207  0.49677989 -0.66886197],[-0.80512512 -0.11212108  0.58241085],[0.21433647 0.86060363 0.4619754 ]
2,27.316687588052737,59.72536494968979,65.83260036699258,0.6271095722223716,0.16373185787555045,0.1615514447781976,0.17500433705949092,131.51196206918385,131.5088022886584,0.9116402190664066,[-0.34077625  0.76232871 -0.55020586],[-0.89306843 -0.07961671  0.44282045],[0.29376916 0.64227417 0.70794319]
27,9.95180792684611,99.33466430987882,168.6873709651088,6.562542500500931,6.767557193349718,3.6604885521610626,5.5514855931481275,1019.7407524947528,1019.0562611314701,44.21567835903957,[-0.5885054  -0.68089425  0.43594083],[-0.80691368  0.52834637 -0.26408413],[-0.05051439 -0.50718156 -0.86035758]
31,102.08200574734322,144.45851132562694,58.246552472257555,6.9707468460255395,3.6629405758605946,2.8557928264515113,6.267165973530109,1037.8281809322882,1037.57407162706,31.07560390085447,[ 0.2022219  -0.48582936  0.85033884],[-0.81119723  0.40337517  0.42337634],[-0.54869423 -0.77540847 -0.31253214]
54,186.49149528359845,171.22786522800547,160.63899824053408,3.3056174307664676,4.967515121910039,6.191042504270599,4.746417682198365,2204.045518125224,2203.83912037936,52.72091852937345,[-0.77368422  0.34223742  0.53318503],[ 0.12106724 -0.74618799  0.65463441],[-0.62189665 -0.57103155 -0.53588013]
41,89.58343799897969,105.80515815720945,121.60275314335993,3.192288655273573,3.6795536733541088,4.002032633023082,3.729856000353383,1181.3661889170876,1181.173352509011,32.39134599658279,[-0.34239252 -0.569357    0.74739545],[-0.80433482  0.58876143  0.08003422],[-0.48560566 -0.57375307 -0.65954117]
2,199.06534106294885,117.2241121028149,40.63247965716843,0.20897036666642066,0.23111439027608327,0.162730094785978,0.2646578886980393,331.72164366363234,331.72148232463326,0.32716853444356064,[ 0.52459132 -0.75343861 -0.39640156],[ 0.06758955 -0.42728564  0.90158673],[0.84866695 0.49975718 0.17322577]
29,164.96328897808658,77.36426679961988,159.9569809828792,4.5017073555097475,2.1074121486095834,3.9404594387651035,4.413781547425138,1306.040955817056,1305.9401764608467,24.561492228889215,[ 0.17784917 -0.94524582  0.27364211],[-0.71090237  0.06886231  0.69991128],[-0.68043184 -0.31901146 -0.65973039]
220,15.450324837466297,38.58996796936423,77.15272338387405,11.221205013990357,6.2339379371989425,12.9609507085898,10.871698946919652,1322.174637905714,1315.2907866320456,218.34463400235992,[ 0.33542165 -0.86977121  0.36192591],[-0.92636942 -0.23467644  0.2945618 ],[-0.17126589 -0.4340795  -0.88444501]
19,172.25185244073512,181.5354950819517,157.96175321094486,1.9116693078942708,3.0954220999630806,3.582978201157912,4.103490651166117,1290.1261006614436,1290.095078751518,13.218135185521916,[-0.15052171  0.72637965 -0.67060854],[-0.7991393   0.30993924  0.51508644],[0.58199621 0.61344133 0.53382595]
46,50.13591241032416,26.05670306281552,6.483717808237601,5.043852038645174,4.290260605907571,5.34584990785524,5.710923029011306,389.2718838179165,388.48045867080776,42.38668897592045,[-0.46940143  0.87802748  0.0934347 ],[-0.06005011 -0.13731574  0.9887054 ],[-0.88094056 -0.45848897 -0.11718185]
79,5.559249207311211,169.00027869045084,178.1379820329383,2.7469849523404255,8.24258596058959,6.8442111576374405,8.100682107864747,2185.1502341698583,2184.3545642780946,66.43619168921325,[-0.98062396 -0.12591895  0.1500702 ],[ 0.19459111 -0.71450092  0.67202882],[-0.02260413 -0.68820989 -0.72515943]
12,120.03977633489488,110.36362111513182,65.38268872172414,1.4658118006876304,2.5313323513561157,1.1366459551148196,2.2838990515120883,608.6745190829887,608.6425463532332,7.462153387654509,[ 0.58713027 -0.16969673 -0.79150557],[ 0.4341145  -0.75927921  0.48480892],[0.68324421 0.62825003 0.37212799]
15,168.24311831004994,196.81943718583616,194.3307470023037,2.4701896128785963,1.471736026156094,1.801814032267943,1.0764211646154522,1253.8962369825301,1253.8647325748711,12.4578854223018,[-0.24293156  0.77874274 -0.57839779],[-0.8190899   0.15476369  0.55239473],[0.51968836 0.6079539  0.60026332]
213,52.29895812447245,96.70513608312426,123.85008736740224,5.865647902647188,10.83085113624545,7.204004453677872,9.604819280297306,2424.864622776201,2422.0235274695538,154.9478494580381,[ 0.83591496  0.20167261 -0.51046482],[ 0.4492842  -0.78563922  0.42534071],[0.31526162 0.58489244 0.7473359 ]
199,169.0150871490231,153.0106076824175,144.4763261457293,7.915295661807838,7.2030749786084804,9.100244829124854,9.97495740665968,3811.7023938506036,3811.165048391675,139.60555134961498,[-0.57125621 -0.13414976  0.80973464],[ 0.53068911 -0.81296289  0.239709  ],[-0.62612731 -0.56665261 -0.53560192]
14,86.95213384928324,3.5308481128304954,11.673692749979221,2.169256361962731,1.8391198238851518,2.5589160180950814,2.203190675329502,328.81440359256743,328.6610686429313,11.680597931311983,[-0.03631302 -0.84854601  0.52787407],[-0.13418887  0.52757901  0.83884071],[-0.99029022 -0.04037399 -0.13302342]
85,143.8140674741901,90.0005414453148,96.78077897468798,5.3417205179176825,6.100003706274531,5.947197094166942,6.973925281883684,1802.7321462200198,1802.272956077828,67.12443729725925,[-0.64850113  0.68991028  0.32166767],[-0.19352904 -0.55811664  0.80687814],[-0.7362016  -0.46100935 -0.49545695]
24,90.62106500658906,71.12594065609706,35.53788940021967,5.04043643305208,2.344515264046993,3.8701225421724166,5.033426033891589,591.4027100574278,591.2628338545369,22.051071515640064,[-0.54827551  0.31054211  0.77650342],[ 0.36588887 -0.74584754  0.55662984],[-0.75201017 -0.58930047 -0.29530604]
39,171.3294318689766,169.70610670392742,178.05582127273615,4.889866779801078,4.8554059555562405,3.4630228371710623,4.739851267202266,1872.583710662546,1872.3097788723906,37.88152305337973,[-0.62249397 -0.17244233  0.7633904 ],[ 0.53457596 -0.80610415  0.2538201 ],[-0.57160283 -0.56609164 -0.5939785 ]
39,11.43602828994506,160.36158277421407,63.45428345100967,7.354884010716507,2.7013186418592245,4.978224917701127,4.08731688519268,1080.858215777759,1079.7328959177507,52.37488391924331,[-0.49092139 -0.2900144   0.82151558],[ 0.86862974 -0.23537411  0.43598325],[0.06692208 0.92762637 0.36746532]
38,119.6685905064187,110.48447192206682,109.36653210258196,4.4263511522242105,4.1039333801153095,3.5994882649184596,5.539942411388863,1210.1000298047074,1209.8843243433178,26.685753259214913,[-0.37133617 -0.41838685  0.82889196],[-0.70002692  0.71262717  0.0460959 ],[-0.60997685 -0.56312961 -0.5575063 ]
18,33.272835133100045,69.67868106848633,3.237359833629639,1.6988233216321287,5.8885774219832205,1.8688975189122912,5.655496952886412,328.9261116423232,328.8493486430299,12.655862772097251,[-0.5532115   0.22700426  0.80151488],[-0.71397723  0.36649261 -0.59659004],[-0.42917776 -0.90230385 -0.04067205]
129,13.821225955843087,82.31153353862719,49.4104080713192,6.199037949299413,8.34665451460198,5.112065152094554,7.787200072631388,1108.4763794600126,1106.0747172161407,98.3426813462973,[ 0.81707494 -0.39197818  0.42277849],[-0.55789862 -0.35264261  0.75126049],[0.14538801 0.84970365 0.50681952]
53,145.42825541076678,40.541504694704464,108.2717433141497,4.395994742805803,7.3207059890968305,4.215918624950564,4.186434402775867,1354.1756259432073,1353.0099460977474,62.10050442087372,[-0.42733974 -0.49219898  0.75836726],[-0.45257162  0.84261511  0.29185392],[-0.78266192 -0.21849472 -0.58283821]
74,155.10225698936046,184.15368306612044,159.0293387174662,4.6028776186964215,5.352124493758024,5.497060433201527,5.605358062505411,2483.1738605806,2482.853458804007,59.64313354247373,[ 0.27316015 -0.75009131  0.60228445],[-0.79786074  0.17310837  0.5774528 ],[-0.5374028  -0.63827621 -0.5511821 ]
45,160.18112442385313,69.0447866387077,48.13550214547829,3.929298777151323,3.5751444901183014,7.585834301645769,5.444271518979605,1215.2123747771434,1214.601473361002,50.19199393746486,[-0.43107775  0.88792156  0.16052189],[-0.17573672 -0.25711177  0.95026846],[-0.88503592 -0.38143    -0.26687558]
2,2.831167891316033,1.3172993981863779,196.2724431484235,0.30998236450527905,0.05578258783339729,0.47698644575424964,0.4810219849712354,277.6074546751843,277.6071112636683,0.43665441227816254,[ 0.19100931  0.98154376 -0.00934296],[-0.9814822   0.19111992  0.01287871],[0.01442664 0.00671    0.99987342]
17,170.88800641879982,68.51267736788157,101.07072931027675,2.060467242069422,3.5236883272627266,2.6814782024143042,2.4137797669566274,866.1656728308551,866.0659666469238,17.47584527174795,[-0.57585167  0.33823862  0.7443047 ],[ 0.08003338 -0.88270901  0.46305449],[-0.81362738 -0.32621993 -0.48123907]
113,64.29604335835458,178.85768609664657,76.8448135486869,6.024985961613723,11.126403673481581,6.8520718108441185,10.490244425956611,2184.211612827874,2182.605656566514,104.11243349183496,[-0.92065589  0.3760064  -0.10493771],[-0.23210437 -0.31110646  0.92159662],[-0.31387943 -0.87282986 -0.37369472]
37,141.4930864640586,100.55196628744564,60.4895562552593,3.4164810129917322,3.4667265187526333,6.531462532234869,5.702904871414551,1119.1437735175343,1118.7669195494586,35.300073382532794,[-0.58789721  0.80833365  0.03120222],[-0.24943857 -0.21783797  0.94357142],[-0.76951755 -0.54693997 -0.32969593]
121,178.89756359300424,119.58179744389616,120.94203055683805,4.389588763622854,7.223063508757757,9.920184451078931,6.3190829083030255,2718.482868289785,2716.7188878711127,125.39632257204873,[-0.65619796  0.70243455  0.27566273],[-0.21079101 -0.52140878  0.82686156],[-0.7245491  -0.48447764 -0.49021426]
34,174.25509573060944,9.079149993591718,15.977329318670858,4.0380797797386165,3.75718864197301,5.133841251263106,3.805546425862116,1022.4087810561927,1022.1911387806698,37.941318386990346,[ 0.03720883 -0.9875402   0.15290473],[-0.09776568  0.14867927  0.98404083],[-0.99451364 -0.05156384 -0.09101536]
21,90.41096251503075,20.456498945816712,20.573233936978312,3.077505866055512,2.440559082040192,3.3740810110656074,3.0401989171815242,435.72252406957955,435.3989626589462,19.136233340452325,[-0.29287486  0.84539301  0.44669338],[-0.08665474 -0.48872447  0.86812404],[-0.95221598 -0.21554361 -0.21639242]
5,51.18626765115901,4.321425933088263,131.18787924621336,1.7015095897928236,1.0532026025407217,2.160218527528347,2.0801942648996077,315.09508439085664,315.07139807482366,4.636253608941841,[-0.32191648 -0.93375979  0.1564047 ],[-0.87429868  0.35657863  0.32932279],[-0.36327895 -0.03072999 -0.93117349]
29,174.42361515908874,165.88536075646294,62.66636525974041,2.781067904471156,3.6126316034442882,2.5714280016754927,4.2468806898862965,1339.732031984477,1339.7070604621392,16.50210186930041,[-0.32414507  0.61300939 -0.72052027],[-0.63501734  0.42355171  0.64603167],[0.70120108 0.66695085 0.25197939]
8,146.80905918358437,150.35379743245574,58.191576915305546,2.1220169710219414,2.5604771442298397,2.402246538914185,2.4688465840395892,616.8338916599257,616.7864260260411,9.301264765668394,[-0.64180396  0.36580264  0.67400008],[ 0.36712315 -0.62507875  0.68883753],[-0.67328172 -0.68953968 -0.2668834 ]
4,20.21606516911265,163.6409136571699,2.167727109475903,1.9854642639911453,0.5036425760536164,1.1725001745082075,0.5212886764326337,329.83161578964393,329.8005714414497,4.598671942444663,[ 0.49890259 -0.07306847  0.86357235],[-0.85794119  0.09933057  0.50405391],[-0.12260958 -0.9923681  -0.01313217]
169,166.92268839725935,28.7535489424325,103.89090697220969,7.100676786092641,6.632341046722092,18.908841449017547,9.949057682523696,2596.7383642738578,2587.593888154212,243.74796156583378,[ 0.05032268 -0.98048335  0.19005269],[-0.54280982  0.13288401  0.82927639],[-0.83834666 -0.14489387 -0.52552892]
76,12.512116861194146,109.52907007490134,120.4970131614984,5.594352216968548,3.580472763095563,8.554806218143636,7.627927826039831,1426.2326022690675,1426.0169704775358,66.4561837838878,[-0.50062499 -0.61473077  0.60949217],[-0.86226596  0.41643645 -0.28823272],[-0.07662923 -0.66984085 -0.73853991]
49,63.57070368572683,73.7539378536905,171.8222162323914,6.055999613894272,4.861697891020967,5.407573703682067,6.800164732856728,1383.8866140574971,1383.4327493415506,45.99497468039523,[-0.61344086 -0.61750236  0.4923222 ],[-0.72097519  0.69231098 -0.03000471],[-0.32231208 -0.37335821 -0.86989572]
89,9.81054781340557,174.92857734779344,6.920671377401164,5.26157630523934,3.8920367047042115,4.611616906574996,4.1058191796702825,1655.3607110586374,1655.1212385935664,64.9838345425394,[-0.42888923 -0.01167568  0.90328163],[-0.90160137  0.0678436  -0.42721448],[-0.05629386 -0.99762765 -0.0396242 ]
25,191.87603572332594,14.724962991764043,179.58653438001332,3.3729077191355215,5.182100603435897,3.2844374670755894,4.504314915247071,1316.530906591142,1316.3221296355077,26.85853094974779,[-0.68157985 -0.03352994  0.73097514],[ 0.06390708 -0.9978602   0.0138166 ],[-0.72894773 -0.0561316  -0.68226421]
8,48.05418572714198,152.5291628112215,88.83930366723729,2.96482954025236,2.594139870475972,2.355736814786927,2.5902355777149055,517.5711754171347,517.504394033033,10.711829009515803,[ 0.05476628 -0.51538964  0.85520417],[-0.96336435  0.19793121  0.18097617],[-0.26254484 -0.8337846  -0.48566805]
6,47.68419710547633,6.7563611476731,33.78152491880487,1.6456900789853448,2.1187191184684644,2.076043729852654,2.142909399553949,144.2956756287447,144.2280014066421,6.52673264932601,[-0.57946315  0.01166209  0.814915  ],[ 0.08619528 -0.99341279  0.07550757],[-0.81042756 -0.11399568 -0.57464089]
11,120.46548699756671,8.216278550645582,196.03416446745595,3.1218766010416563,1.6249833356697883,2.2515241757569555,2.5717020817611425,763.7250160266933,763.6646647443363,10.898172297555123,[ 0.36709764 -0.91110594 -0.18741742],[-0.76904843 -0.41062419  0.48984925],[-0.52326269 -0.03568943 -0.85142376]
18,4.790656352110311,174.55655104018467,80.52432440586954,2.815605046000109,2.5674219037123334,2.9676326141484104,2.270957317541592,816.0085247447622,815.9770266877739,18.08762246624768,[-0.95218645 -0.10603555  0.28652649],[ 0.30449989 -0.40585597  0.86171965],[-0.02491557 -0.90776506 -0.41873837]
56,94.21040351233765,43.86535335575608,41.097890535606425,5.168029296104282,4.6963070420702016,2.961713634156192,4.008855461718047,838.077551013651,836.9675028509556,47.97571950778752,[-0.12992696 -0.51481889  0.84739631],[-0.52158057  0.76232475  0.38316405],[-0.84325126 -0.39220211 -0.36756607]
2,63.07935996499167,168.71228473856212,7.6312247770007104,2.075991167713724,0.11461936289384766,1.3798605731215825,0.7751683068405555,254.97961941701848,254.95755474533863,3.3543399239331184,[ 0.54646915 -0.24060186  0.80217343],[-0.76086428  0.25759797  0.59559116],[-0.34993859 -0.9358173  -0.04229602]
297,191.26767722437498,40.7250444885693,77.9906910671932,5.610012645449719,14.482844454401095,20.473190881493586,13.717703612566817,3652.7137546103845,3637.6093695279114,382.67279874180343,[-0.04475411 -0.83634925  0.54636709],[-0.42042618  0.51189192  0.7491385 ],[-0.90622232 -0.19618    -0.37453239]
2,139.14680594426744,16.444178019459933,51.269806171102694,0.45540001924160833,0.199607857211058,0.8187316335724759,0.12137004840801069,211.00594860814581,211.00166990776776,1.343742593244102,[ 0.02278059 -0.96830126  0.24874429],[ 0.36014781 -0.22415519 -0.90556502],[0.93261707 0.11021402 0.34362519]
7,32.445309000471916,3.012606184801043,55.36622877307643,4.028051683736042,1.6191108182894751,4.029032585612494,4.4004553112365326,170.62675660203845,170.43540566367662,10.493055355823744,[ 0.02472435 -0.99897221  0.03798976],[-0.86246721 -0.00209915  0.50610858],[-0.50550867 -0.04527813 -0.86163268]
82,129.17692276681424,7.224853841524271,145.1915465831692,4.688745994376164,4.184945275494007,4.535148463091881,4.252977765429915,1762.206752622653,1761.6485835188462,58.85591477898429,[ 0.46263319 -0.80492072 -0.37158197],[-0.58713826 -0.59221911  0.55185613],[-0.66425838 -0.03713697 -0.74657997]
24,56.48193261762011,21.64813582517303,173.1481635592571,3.25538612958768,3.33620819179557,3.6397740242764307,4.153068817569677,898.9378364643846,898.8000591492627,20.65514935648048,[-0.80195564  0.5660489   0.190934  ],[-0.51180572 -0.81587189  0.26908727],[-0.30809423 -0.11807494 -0.94400013]
124,132.04401158980355,92.5838218313071,15.898719225079901,5.7787877995988515,4.276076095167384,8.090585385136132,6.095664160623167,1808.02391617687,1806.2823549942775,99.8086707124133,[-0.55457275  0.81772977 -0.15416575],[-0.16850738  0.0710701   0.98313494],[-0.81489529 -0.57119791 -0.09837996]
3,162.98187052880633,178.19539092101823,12.328866805459919,0.5918661544870892,0.645813366600428,1.6469619539602154,0.4069550800873929,418.82740854853637,418.81580675344884,3.151441948831825,[ 0.65641328 -0.6291694   0.41625409],[-0.33883704  0.24709663  0.90781756],[0.67402601 0.7369458  0.05098839]
16,30.761454877475007,21.617294651748225,70.74993244849881,2.3641459150580935,1.470623507169719,2.961497927075025,2.8159814285063227,320.85108009374903,320.7151428422957,11.712268656331581,[-0.36940695 -0.83179934  0.41430467],[-0.84631681  0.48527229  0.21967857],[-0.38377906 -0.26948222 -0.88322872]
12,152.34713026114323,108.64798505268266,166.91696994485946,2.0449490825457075,2.639876796012518,2.9842982154789603,3.3501107146179145,868.7426817813425,868.7169491162464,10.284020074819976,[-0.18710582  0.89256064 -0.41027664],[-0.77195467  0.12469669  0.62332714],[0.60751741 0.43334311 0.66568487]
3,82.74189406932736,163.31933578006962,195.48109297242695,2.020630876505022,1.6040317408892228,0.9097453303285145,0.709665658162495,463.9151916298888,463.8969429362431,4.574650992419958,[ 0.37345471  0.62800292 -0.68274733],[-0.87470147  0.48348683 -0.03373171],[0.30891573 0.60979736 0.72987551]
20,9.598964587410304,5.00171051711831,15.626013225307684,3.4270702549595558,2.8875989908083315,5.656498891304094,3.900311204777146,90.23817178445856,87.86885878156419,25.932170732101696,[-0.11725234 -0.92836298  0.35269543],[-0.87652393  0.26369653  0.4027033 ],[-0.46685939 -0.26192808 -0.8446514 ]
10,12.842519947208938,5.601479673879719,187.89419222531552,1.220555143509315,2.3614977996326836,2.953685065428014,2.9875061939347147,595.9453219519291,595.9091480070034,8.24387721383385,[-0.97795795 -0.19573527  0.07270462],[ 0.19736053 -0.98020338  0.01581647],[-0.06816948 -0.02981686 -0.9972281 ]
96,3.6975221079261544,93.38586069036789,79.97566380639888,2.6276114571324913,7.034753202488303,9.598534041571016,8.895649831444079,1210.8733843620594,1208.576936402173,82.08498218633223,[-0.99409118 -0.0452631   0.09866088],[ 0.10428597 -0.65044261  0.75236218],[-0.030119   -0.75820556 -0.65131957]
5,53.29889508288811,178.85969567193936,29.24735325485049,1.371230157869306,1.932428547139857,1.0797178432641696,1.8027984524151948,422.4532045642569,422.43705864022087,4.210833961420981,[ 0.56992739 -0.0355948  -0.82092374],[-0.77174534  0.31982944 -0.54965285],[0.28212036 0.94680629 0.15480943]
7,43.08707264090897,107.4549984728486,35.02914222537233,1.5678734426629681,1.5918408675080007,1.7089555925825102,1.7494833707247734,320.09013765045813,320.0638489129387,5.813864310486688,[-0.89762582  0.41148877 -0.15793948],[-0.2594504  -0.20361939  0.94404694],[-0.35630518 -0.88837837 -0.28953495]
87,40.48689555576831,56.4343140309411,78.63320210297665,6.599972902116366,4.766867111762086,4.8535247050546975,6.941962469099559,981.9868602858995,981.268605516376,60.81735918021324,[-0.06592427 -0.79403981  0.60428037],[-0.91961011  0.2833843   0.27204885],[-0.38726119 -0.53776772 -0.74888894]
6,66.08539306868069,91.42458896347704,161.51680856687594,1.972575732933802,1.1453020676609782,3.114038482910116,2.5944645741550705,482.64766078068754,482.6406958434867,6.997390559449752,[-0.37552021  0.86402496 -0.33532887],[-0.86399425 -0.19541513  0.46403327],[0.33540799 0.46397608 0.81989492]
59,94.38858735936677,6.566208643268672,150.33199680137682,6.636924308660006,2.4416030095430674,4.459382156873753,3.358312986772077,1365.7749712098496,1364.76548499344,58.831744395864945,[ 0.0065685  -0.99919774  0.03950603],[-0.8470502   0.01543765  0.53128866],[-0.53147231 -0.03695336 -0.84626924]
22,40.353813661581334,45.30631673774747,54.34063736494068,3.8735474377755796,3.806068676680953,2.0915849361753045,2.8714127292910803,382.73088964433975,382.5412664286908,23.774063446642337,[-0.50457622 -0.44016263  0.74273798],[-0.70679464  0.70464628 -0.06256959],[-0.49582676 -0.55653435 -0.66665234]
21,86.82252630259487,154.5317565056824,52.44968469104673,2.770851479862881,2.0431608506140635,3.9078383885441257,2.63934549709835,847.3691628214076,847.2231377587699,20.57609268820483,[-0.85796332  0.35660343  0.36977416],[ 0.20788722 -0.41722172  0.88470839],[-0.46976786 -0.83591867 -0.28382764]
14,128.45176837338963,80.25016667335304,52.913572422348764,1.9281110632324183,2.5917394541295047,2.3524098673516765,1.9973133874169846,600.4580368430019,600.3688712659388,12.987128595168876,[-0.59776642  0.62985684  0.49593918],[ 0.04042825 -0.59416054  0.80332983],[-0.80065028 -0.50025354 -0.3297052 ]
7,94.06392575615129,2.1338073862111395,71.17089905952072,1.8412884815374135,1.253765361939392,2.3316397054707547,2.5304771661307757,312.2286941031289,312.219722854757,5.280202742257062,[ 0.11953482  0.97506377 -0.18698147],[-0.59168545  0.22119634  0.77522932],[0.79725764 0.01796731 0.60337172]
5,67.87460167574275,171.98771548608974,191.58194189912737,1.3075123524590613,2.3315652025345024,1.6922893601109208,1.4159007978357263,595.3900719460062,595.3776831924442,6.319477179402077,[ 0.96148004 -0.24847619 -0.11754027],[-0.10286109 -0.72178695  0.6844291 ],[0.25490337 0.6459746  0.71954228]
5,90.66398624393713,22.499210763864713,68.63855664434304,2.4776269771359174,2.3625683281968417,0.6875258891053093,1.6968179665697327,259.3211130059779,259.2333206522495,6.842501401255789,[-0.44634608 -0.48855239  0.74972777],[ 0.4345775  -0.8507272  -0.29564443],[-0.7822516  -0.19385509 -0.59203263]
23,171.49653779937307,93.02607927940996,163.6258397627299,4.094148569391208,2.8470303025179247,6.288897031687996,6.585142930343759,1221.741162129725,1221.6353703573916,21.952810923825847,[ 0.15973975 -0.92075789  0.35593275],[-0.72184056  0.13700138  0.67836334],[-0.67337168 -0.36528829 -0.64275583]
2,76.67415276584063,138.70200433395206,67.41741111364291,0.1416544091164269,0.4278538240534999,0.0124974656222534,0.2766127874908193,243.56716655138104,243.56664609576265,0.5035191452758785,[ 0.49866444  0.14011266 -0.85539594],[-0.74373424  0.57601149 -0.3392199 ],[0.44518889 0.80534415 0.39144303]
108,37.36239478139482,85.52145828487708,86.26785976236403,9.530098785979213,4.499583011973105,7.897931212164156,9.148930921461679,1327.0325402464794,1325.1300685522292,96.5087633196953,[-0.24631706 -0.63348596  0.73350081],[-0.92267683  0.38491223  0.0225841 ],[-0.29664015 -0.67122136 -0.67931327]
20,122.57664655374538,64.41479489356614,131.0889028606495,3.6236275119982975,2.9456221113690977,2.443070635960941,3.1131356226974902,852.986685722874,852.9407583513513,18.995697318124535,[ 0.75871011 -0.15806564 -0.63196062],[ 0.10477573 -0.92787466  0.35786962],[0.64294713 0.33773344 0.68742644]
24,49.65013381710542,186.21958154750493,157.31409685819247,3.180594245047412,2.4905385654975714,2.3698713885911236,2.7499525827032363,1218.931919668684,1218.876985264407,18.580791421783655,[-0.02022096 -0.64204534  0.76639996],[-0.97967179  0.16574881  0.11300672],[-0.19958532 -0.74853531 -0.63234531]
124,18.534507164230938,44.49687123275309,186.21231304992799,10.699484127070336,6.99709999673588,5.215258774531219,5.046509548668654,2146.1578806082634,2143.919282409373,143.27846941514454,[-0.27831007 -0.9275732   0.24930197],[-0.95564747  0.29345066  0.02499242],[-0.09634013 -0.23128915 -0.96810325]
117,73.63588191575624,136.30597725030677,74.60883295383515,7.652559173282156,5.928500935896897,5.310084990241854,6.83654734091575,1863.2533507359576,1861.9787303628525,93.64608211580918,[-0.48507373 -0.20334091  0.85050335],[-0.76217096  0.57512863 -0.29719099],[-0.42871774 -0.7923885  -0.43396032]
