N,MEAN_X,MEAN_Y,MEAN_Z,SIGMA_X,SIGMA_Y,SIGMA_Z,SIGMA_R,LAMBDA_1,LAMBDA_2,LAMBDA_3,EIGEN_1,EIGEN_2,EIGEN_3
62,188.1178698781076,187.2433426325418,12.08118829187198,4.9830765917874915,7.101133607142345,5.983018213565582,6.033676757494838,2093.4341945722044,2092.9318128298396,68.122505417385,[-0.48211216  0.43495812  0.76051253],[-0.51619234  0.56036365 -0.64771757],[-0.70789359 -0.70484325 -0.04563608]
55,38.88754195941831,193.15863897561778,137.82163163419818,2.725229393895299,3.7570409332050665,4.36126646692009,4.574645422544907,1783.755571680666,1783.6750990853586,32.930750506097795,[-0.93085785 -0.06872678  0.35885971],[ 0.32765975 -0.59163178  0.73662129],[-0.1616872  -0.80327359 -0.57324409]
73,79.81528653874128,26.690247793939246,112.94263157554212,3.356230829347484,6.8927755571768525,3.0189526461874876,2.8723824525198856,1205.156077678021,1204.0154130902138,65.84082778543379,[-0.82297809  0.17670503  0.5398911 ],[-0.03925647 -0.96580866  0.25626657],[-0.5667151  -0.18970755 -0.80177618]
447,112.86176211592013,122.07017584538218,34.2268225720509,14.767898012248201,9.966593004618277,12.864627530314797,13.193258260769008,3610.9987323479895,3606.851786085451,373.5253975528882,[-0.7224799   0.68850642 -0.06310069],[-0.18276988 -0.1021714   0.97783239],[-0.66679679 -0.71799715 -0.19965502]
35,95.37981289873082,53.912378396502916,185.45661532156066,3.6268477722809407,3.9370750663107006,3.440783845742168,3.59847167007052,1274.7975721540959,1274.6040964951424,31.156974731072513,[-0.777917    0.58469309  0.23017197],[-0.4457836  -0.77168134  0.4536352 ],[-0.44285678 -0.25028364 -0.86095062]
430,157.18537827691816,157.53923573340086,185.33248722909934,17.15995854140384,16.836646175869266,8.217309986194836,10.680888616596345,6026.57427872962,6011.398515644187,479.8059163119913,[-0.36329419 -0.53469359  0.76296796],[ 0.75742192 -0.64636543 -0.09232428],[0.54252131 0.54434778 0.63980944]
7,166.98037759967914,104.87953287999623,159.16275952552198,1.3153744620427321,3.2849695720117893,1.6173957436192512,1.8935585565945554,670.5205418928705,670.4795440541436,8.97562948975146,[-0.73931332  0.20246388  0.64220261],[ 0.13866119 -0.88751038  0.43942964],[-0.65893011 -0.41392476 -0.62807436]
89,184.7061146515786,31.024185060859985,97.60872390619278,9.861905558755515,9.453326709598,4.1519802491129,9.155480712962518,1996.21883542631,1995.1406627786357,103.60960860661372,[-0.46862098  0.49979339  0.7284236 ],[-0.12254139 -0.85337454  0.50669074],[-0.87485884 -0.14818387 -0.46115459]
29,84.13079573116893,141.8104875109281,111.08063104877021,2.7223077669735316,3.5723272794159877,2.787094154508128,3.339996865170818,1070.955505210916,1070.8699919405224,22.01793944452478,[ 0.08462568 -0.64501877  0.75946644],[-0.90214919  0.27400527  0.33323859],[-0.42304296 -0.71335257 -0.55871528]
181,188.47193926110532,33.17999184033338,64.06368524600559,5.6502187904361705,6.875030580348307,6.221759877497173,4.467888625189906,2717.4717746852666,2717.221676500083,133.4672037010198,[-0.14530404 -0.63645358  0.75750484],[-0.32632337  0.75361674  0.57059169],[-0.93402345 -0.16428225 -0.31719323]
5,179.5390977967447,164.8113194345671,88.82607965357522,2.5623630934477366,1.9001499078191695,1.9073504524491702,2.2042280759772153,580.0853139596675,580.0566055196226,6.694497916386458,[ 0.63486173 -0.7616225   0.12992979],[-0.34329632 -0.12741246  0.93054484],[0.69216921 0.63537173 0.3423515 ]
578,45.968423797584585,37.00425710578357,98.8383537285809,12.858087894901006,15.234818876634792,13.295911974935624,11.47904932792188,2814.541579413292,2795.7924054113373,494.3110091162705,[-0.83706609  0.50895279  0.20071723],[-0.37248958 -0.79887956  0.47227425],[-0.40071419 -0.32055968 -0.8582946 ]
51,106.35296487784943,14.266618567714545,45.46998082032636,7.939415060801263,6.495497632858558,4.489595000455091,7.714572729172258,835.9396841367719,834.2580711586432,58.07059060781154,[ 0.36243965 -0.68484044 -0.6321638 ],[-0.18722707 -0.71795523  0.67043741],[0.91300795 0.12463492 0.38843611]
298,15.69532128563206,27.063143975589043,143.8365187703843,7.59875765569511,12.409090660349861,8.325617310292042,7.521590290802368,2553.799979809141,2547.769243814224,261.58880545750503,[-0.98842564  0.12728002  0.0825503 ],[-0.10930737 -0.9748422   0.19425392],[-0.10519816 -0.1829822  -0.97747167]
48,155.1662161256547,44.94565308686254,192.45096276223975,6.632020080631615,2.5532347275582055,3.168675837127191,4.682203007645914,1741.5952024168905,1741.170414349342,43.031054664689336,[ 0.2768998  -0.96089815  0.00111902],[-0.73600876 -0.21134497  0.64313639],[-0.61775206 -0.17890794 -0.76575083]
440,101.16746150163281,131.91976803611956,167.99892192465373,9.89685151335227,9.584377491051933,7.319533643055971,9.784930855003513,4966.077857816188,4964.363925776143,255.5368431043987,[ 0.33084903 -0.82843434  0.45192418],[-0.840934   -0.04151156  0.53954314],[-0.42821598 -0.55854573 -0.71039266]
4,7.206555577166507,14.774158473910827,189.63173722771455,1.6463620540487744,1.7800046633245645,0.5832687350600932,0.597329288845384,380.71244660581516,380.69361369514456,4.837999028568577,[-0.75932947 -0.64586957  0.07919123],[ 0.64960256 -0.75949235  0.0344657 ],[-0.03788479 -0.07761365 -0.99626345]
324,120.27665567954709,37.39484093985836,165.8717911145201,17.188253922013512,9.632125122361645,7.152220272553979,13.699396357698475,3765.49930887872,3759.223347976548,288.27620835236644,[ 0.34057868 -0.93957749 -0.03464532],[ 0.74013861  0.29064587 -0.60639906],[0.57982843 0.18088425 0.79440536]
46,4.703978875750838,97.94457863200512,84.85386797502245,2.580173655702098,7.199585007314809,4.02120920623836,4.283904500556725,881.2985919687289,880.1070229803626,51.13100174773154,[-0.98947652  0.11889205 -0.08246756],[-0.14004229 -0.64355189  0.75248197],[-0.03639197 -0.75611219 -0.6534294 ]
2106,97.03244524987294,127.6301228439087,129.85853086710227,16.420568036875842,32.906692220493106,24.556228999847036,22.213114103427383,9640.791408374731,9572.53207173332,1718.9094810767251,[-0.86500849  0.47103461  0.17287774],[-0.18639824 -0.62155475  0.76087147],[-0.46584977 -0.62593618 -0.62545015]
14,60.56188314013033,73.18062884769752,68.9753281430527,2.953527893152018,5.353098065334772,1.910102305149277,4.49675224462389,439.83186029017156,439.6297219542105,16.828195672147338,[-0.61493556 -0.20767012  0.76074134],[ 0.59665846 -0.7532968   0.27666337],[-0.5156093  -0.6240329  -0.58713712]
98,24.573474138026295,46.32340422471081,184.0640771314687,9.454178789864681,6.493583298325427,3.0982926778349573,3.1115302242184057,1897.9697287730544,1895.2093134300685,113.57760745089075,[-0.50152785 -0.82076638  0.27351848],[ 0.85557953 -0.5174195   0.01614674],[0.12827109 0.24211485 0.96173121]
17,77.61463826598751,161.7220682707774,111.38660782612965,2.0157756165046847,1.6871458331655202,3.1596492410285784,1.7851536382639153,870.7242473831478,870.6729491229447,15.280313005683583,[-0.80412535  0.54670268 -0.23344934],[-0.46722106 -0.33843273  0.81680339],[-0.3675417  -0.76588476 -0.52757334]
60,25.76207650468188,157.48504079865432,36.433821671673535,3.7412815811943805,4.100392158006243,3.4915701143067155,4.0974656272231655,1268.7320314623926,1268.4764865043262,39.5491356625438,[ 0.57779934 -0.27246342  0.76935792],[-0.80087856 -0.00760512  0.5987785 ],[-0.15729418 -0.96213609 -0.22260434]
430,133.975348935411,70.3153043358589,22.363270021819165,9.548386063132252,18.217203960412856,8.823528379754947,11.843400096605512,3199.7235510592723,3186.821287904648,394.1241426023893,[-0.22481107  0.12422075  0.96645185],[ 0.4303764  -0.87719256  0.21285996],[0.874206   0.46379134 0.14374092]
32,89.62480342613404,56.97140687414,112.81906350785783,4.697438738434679,3.5255764698202463,4.207423619172732,2.1868573965977687,877.1893899290502,876.8000723432081,38.93960817146956,[ 0.51819258 -0.85503297  0.01987644],[-0.62987022 -0.36580513  0.68516429],[-0.57856715 -0.36756663 -0.72811731]
142,137.10686586057207,14.71967794900299,124.3831251502223,4.917843266625149,6.684149493579043,4.866867926954264,4.966425993923458,2215.366922593281,2214.252391406152,97.87151834282473,[-0.62014849  0.47042615  0.62778586],[-0.26514213 -0.87884876  0.39664153],[-0.73831937 -0.07952416 -0.66974653]
220,51.70639184484602,96.82370286775433,122.55360969391012,6.104083673986749,11.516976229523872,6.953537932326549,9.86325883747814,2448.965126744835,2445.712126321531,164.0450078577564,[ 0.83756547  0.19730098 -0.50946679],[ 0.44727019 -0.78313444  0.43202988],[0.31374108 0.58972262 0.74417321]
21,32.222916930589385,85.10881519359052,180.8046328922327,1.6299747651296108,3.990393716996902,2.663147031421377,2.7322471803805612,927.8507492868846,927.6953832376972,19.556875851961706,[-0.98419465  0.1386741   0.11013802],[-0.07755004 -0.89662498  0.43594682],[-0.15920703 -0.42051532 -0.8932077 ]
90,39.656068701659365,80.52015261207407,66.86621690453417,4.212084379879823,10.427844339710841,4.899283392502681,8.129285643194622,1067.5799749708408,1065.2422720179206,86.67913252639332,[ 0.71127503  0.20798197 -0.67143974],[ 0.60861985 -0.66012112  0.44025219],[0.35166704 0.72179195 0.59610962]
19,66.94835879808575,53.69872043704571,57.60407312283113,2.805357809546542,2.2204163184901686,4.5221677563458975,4.213400970231992,451.1884878489722,450.98464711693896,17.092706214713765,[ 0.41518747 -0.85408233  0.31330934],[-0.63921042 -0.02882224  0.76849159],[-0.64732481 -0.51933868 -0.55790495]
8,114.52433973293857,58.91780592183419,53.80290424697757,2.9886369107000466,1.6532454434051513,1.9023418576603606,1.7357961886556141,394.9073542665794,394.8485372160083,9.87499041071494,[ 0.16443318 -0.82009764  0.54808903],[-0.54728529  0.38642682  0.74239688],[-0.82063423 -0.42203575 -0.38528599]
3,130.69626073695312,27.079199592970596,54.58392810185037,0.7125740762764647,2.044989456930883,1.3962210710189171,1.5075412598471658,249.80220385099557,249.78155305121754,3.615900692010392,[ 0.2778291   0.41014264 -0.8686737 ],[-0.3184993   0.89245448  0.31950462],[0.90629421 0.18790428 0.37857997]
157,170.70926905748343,127.62576250761953,85.18833716011311,7.544470907181668,4.658300620031775,7.447095727360301,7.2409780739060805,2878.8361882322547,2878.4238781881368,113.18151595878209,[-0.47997809  0.83077868 -0.28182941],[-0.46510987  0.03140515  0.88469572],[-0.74383724 -0.55571621 -0.37132958]
28,195.02450927839536,126.30930678887297,52.46153483620548,3.1745527444489725,2.2729078451714417,4.939031771568869,2.7808267391497212,1260.8327292677475,1260.600132547331,29.889423659876268,[-0.56749948  0.80553683  0.17045452],[-0.08701545 -0.26453533  0.96044228],[-0.81876288 -0.53021832 -0.22021781]
27,119.0221945922748,3.4076219386919835,48.927321190720605,4.993933215022467,2.2775686607956787,3.4526382925917245,5.422856607995968,669.6801507043946,669.5776069459293,18.462556067430413,[ 0.23395415 -0.82657645 -0.51189532],[-0.30082397 -0.56221274  0.77033874],[-0.92453794 -0.02623356 -0.38018601]
25,175.04880766394268,166.00224451209272,63.30909390948897,3.569713506306092,5.329477589106559,2.7793503675732705,5.608354307238147,1247.5096443509192,1247.4238568271448,20.98900547359022,[-0.29877058 -0.04852587  0.95309044],[-0.64675312  0.74467615 -0.16482669],[-0.70174535 -0.66565958 -0.25387158]
10,128.41014185876807,25.443427480381555,21.273899727404448,1.8349491808667442,2.4655907791774316,2.2734289375837307,2.0564452817197774,419.5150844264081,419.49681714750443,10.19972191958909,[ 0.00375905 -0.6523493   0.75790914],[ 0.25015152 -0.73320411 -0.63232582],[0.96819941 0.19196906 0.16043002]
30,9.670123645339222,194.77177314614624,138.92653050039797,4.024832328062445,2.554454240142461,4.54651090167276,3.46485901554076,1311.8813357352813,1311.6549086333728,30.669609639737175,[ 0.65611752 -0.45952411  0.59862125],[-0.7535869  -0.35669131  0.55215767],[-0.04020677 -0.81339345 -0.58032276]
104,44.755083578099615,20.223615234898507,145.32920262771935,4.908161019032362,12.198219694379503,7.663920656699599,7.185294897143932,1570.9239141981775,1567.288826302195,136.96638951835524,[-0.95671614  0.02931345  0.28954265],[ 0.01065213 -0.99072033  0.13549816],[-0.29082771 -0.13271752 -0.94752589]
10,87.59540544782655,158.29777073391972,11.956729060956231,1.891861209120763,2.222814110509206,2.2181130959982833,2.309471030285855,573.4511889869121,573.4318813132423,8.970260864176646,[ 0.69729535 -0.42927676  0.57402148],[-0.52951984  0.2312444   0.81617079],[0.48310241 0.87306786 0.06606492]
333,15.831063156448725,187.16968650266526,107.42864845028305,7.408905875117599,6.413422902573631,10.49889788138153,7.652990564424836,3955.415738372541,3953.1760911519946,221.92606044879713,[-0.94823451 -0.09378389  0.30340716],[ 0.308946   -0.49357511  0.8129797 ],[-0.07350982 -0.86463183 -0.4969991 ]
110,16.116592854964466,83.4464257804018,48.914443008190375,6.90022247672708,8.391271248988735,4.44217350084403,7.979570654919632,1034.997363746166,1032.6251593963202,90.66933211689575,[ 0.70459405 -0.45530673  0.5442821 ],[-0.68956173 -0.25827913  0.67660661],[0.16748683 0.8520491  0.49594404]
3,70.12923253751832,163.33277231458933,15.741677552810543,0.4580430329504007,0.38261595686159894,1.3266430483810003,0.5108467373143135,309.0902695273435,309.0814847800222,2.3586465156347285,[ 0.90063269 -0.36378934 -0.23773529],[ 0.18550403 -0.17288572  0.96731525],[0.39300001 0.91529659 0.08822214]
31,127.47414484577988,112.46425824843476,145.18541223601602,3.4903112193335932,4.036400007012459,2.9411459029999683,3.0588995401143824,1245.0360565661665,1244.9419456251553,29.327887636514532,[-0.72516359 -0.06315003  0.68567474],[ 0.38596502 -0.86192489  0.32881072],[-0.57023571 -0.50308802 -0.64941025]
52,126.44148292505207,118.6864256974465,75.88083081096498,6.01256117388196,4.571073392953068,7.095622429652975,8.165246185959413,1366.8794339643262,1366.4602192975346,45.87965106223656,[-0.650017    0.75389554 -0.09549562],[-0.36241579 -0.1970906   0.91093913],[-0.66793166 -0.62673504 -0.40133589]
44,77.2559637244315,129.23414347268732,10.121624871442386,4.047292461177075,11.95282186859872,3.2914866798134312,9.504240338076837,1004.5825652053701,1003.1312611465097,58.98928798370629,[ 0.10517426 -0.1402725   0.98451105],[-0.85410386  0.49433551  0.1616756 ],[-0.50935742 -0.85787879 -0.06781591]
2,41.98532578175278,111.88477993047664,39.820754153651805,0.39206515996210456,1.0162584219235384,1.3622609035765194,1.463969126431465,178.15558522536355,178.1505401109955,1.3407479824094113,[ 0.93737284 -0.34818314 -0.01003273],[-0.10118911 -0.29975408  0.94863494],[0.33330604 0.88820943 0.31621368]
17,65.37692880687047,64.80164517659499,98.71326155067617,1.3650103942181433,2.2619665738767645,3.429400773151814,2.633240419827367,556.7316908671687,556.6748015867414,14.216376792446821,[ 0.52431221 -0.8284797   0.19676914],[-0.70052815 -0.28829263  0.65279988],[-0.48410436 -0.48011326 -0.73152869]
573,179.60656930178737,94.43288937181426,67.17533158304583,9.79648823152797,11.093611863966569,9.813657864427833,12.141312617900617,5129.904578770853,5129.223803609503,309.3275675058269,[ 0.31000971 -0.86638414  0.39150033],[-0.44562801  0.23133521  0.86481194],[-0.83982716 -0.44256361 -0.31436888]
125,63.720649963233946,187.89512978612836,74.81519691773165,7.427877239325871,4.487203110068239,7.555951822329718,4.314212603220815,2373.4852438512667,2371.9101955966103,119.4306952560688,[-0.70917071 -0.0398614   0.70390906],[ 0.63770809 -0.46205071  0.6163096 ],[-0.30067472 -0.88595723 -0.35309277]
195,174.5457280844411,111.25677591178011,113.89152377902549,8.363883235417232,11.465730191478922,11.865821128130943,15.312523371549014,3307.806748270135,3307.3631640099834,145.9314072176059,[-0.65189629  0.68338626  0.32865552],[-0.17494555 -0.55725109  0.81170517],[-0.7378518  -0.47165077 -0.4828253 ]
90,154.88607763046278,187.35106449749173,163.40298507574184,5.415364056456288,5.82942213477405,4.676348608195133,6.892013885052259,2779.9099233219385,2779.6333647406336,58.21226417209707,[-0.84048615  0.48592785  0.23970224],[-0.11770557 -0.59557179  0.79463176],[-0.52889359 -0.6396627  -0.55776626]
28,64.91706550236078,162.82665211109227,125.03695706057135,5.074182757289477,3.5895094570200015,3.3105392817205916,2.835419360145788,1139.863282644999,1139.5332795611337,34.174129982643954,[ 0.20623768 -0.64629559  0.73468907],[-0.93095306  0.10160955  0.35071626],[-0.30131779 -0.75629195 -0.58071514]
41,194.98860365836225,68.76315520561997,115.63656677878897,3.0033200648819185,4.116408597027856,4.140802992207653,3.159256783075148,1517.3256241497472,1517.1671267020647,36.91692080973443,[-0.56449154  0.51249071  0.64707231],[-0.06239061 -0.80816126  0.58564733],[-0.82307759 -0.29022172 -0.4881748 ]
109,162.02486626987485,163.1486583012388,5.0354658147788145,13.755802015939834,9.021123154946658,2.655650433685233,4.982894386215787,2407.3043990024676,2401.9149855232063,165.24683941443402,[-0.04901596  0.01783582  0.99863873],[-0.70730382  0.70532455 -0.04731363],[-0.70520829 -0.70866012 -0.02195682]
221,54.18243697927339,164.41385199583002,94.88977756984556,5.827278055146968,12.110979648793743,8.318052883824251,12.032951072333336,2942.8286179865904,2941.513661700164,152.24845688086373,[-0.94571081  0.14263899  0.29203627],[ 0.17483025 -0.53420409  0.82707942],[-0.27398074 -0.83323473 -0.48026497]
49,10.93617960503239,32.189124160274886,90.88157956257778,8.171415453513628,4.892924689378588,3.5642043766367335,3.456540117193108,682.2272317148381,680.3960043543681,66.7218124869382,[ 0.18560786 -0.93282158  0.30885859],[-0.9762275  -0.13924789  0.16610207],[-0.11193569 -0.3323461  -0.93649158]
47,6.010615174338109,172.52395830448827,81.79640120530033,2.823180821334465,3.698396817846921,3.1157884299046845,3.152801575139808,1310.0348187934228,1309.9333363384555,31.822548335825108,[-0.99375872 -0.01760953  0.11015221],[ 0.10702661 -0.42888493  0.89699667],[-0.03144693 -0.90318748 -0.42809282]
120,54.603832431290876,50.10909290108693,183.84812201194308,7.22808496463455,5.053342895708773,10.802163651604625,9.353784680213964,2175.9796150911066,2174.69161376624,112.84093223754289,[ 0.13425537 -0.96554684  0.22292329],[-0.95221344 -0.06342056  0.2987765 ],[-0.27434479 -0.2523829  -0.92792123]
9,85.40028102926289,154.86944234605093,51.940430594935656,1.9068011809198828,1.1939001663107438,1.5626231803805901,1.2571124273166103,553.0114597520367,553.0101532673032,7.296591623375827,[ 0.74629303 -0.54141256  0.38719396],[-0.47786704 -0.03087358  0.87788946],[0.46334632 0.84019001 0.28176396]
434,103.22077441737916,106.86531943655415,189.19790896723856,12.573220574293956,14.25660795185453,5.846001971464413,12.160359577032052,5024.607081592251,5021.991530273752,328.46218047063724,[-0.74388386  0.66771375  0.02819829],[-0.51172556 -0.59622487  0.61858941],[-0.42985318 -0.44572889 -0.78520825]
13,46.258947900711824,121.45170106397612,69.71079936743406,1.403662835526683,3.387439403829653,2.982128033911835,2.43692751874896,531.9853368336026,531.8454888540812,14.58790822880143,[-0.92148273  0.14377143  0.36083147],[ 0.22923779 -0.54863335  0.80402206],[-0.31355958 -0.82360866 -0.47259832]
67,13.074264533123134,109.88493317244853,120.09689287482196,5.772743722716648,4.109693182301674,7.574300607237934,7.442102636209546,1339.0767495586522,1338.465161059613,58.59321576990105,[-0.52896226 -0.59690006  0.6032489 ],[-0.84481168  0.43785806 -0.30752812],[-0.08057384 -0.67230249 -0.73587854]
16,171.1545531237163,67.07859862445537,102.3100793350097,1.7719047665355254,3.4244981728866146,2.5663024387932456,2.341097934231399,841.7107292594703,841.6050047651642,15.976513509144057,[-0.58150692  0.45420713  0.67494116],[-0.00565327 -0.83186943  0.55494261],[-0.81352181 -0.31888734 -0.48630559]
2,147.76027107996697,139.44462023329524,97.5903549420643,0.5540907266730954,1.7072035310190756,0.7034910133426493,1.114823667760703,318.7647836866139,318.75702392949984,2.22418847721393,[ 0.74672414 -0.44577532 -0.49364706],[ 0.11241792 -0.64691455  0.75423059],[0.65556484 0.61869696 0.43295358]
97,11.90467809960161,38.9359525240552,69.70070545961316,4.468914285079224,6.403069957995305,7.592511222208466,6.383519820204468,801.1128769858761,798.647783358487,86.48487162927987,[-0.96174439  0.27371297  0.01135488],[-0.2311724  -0.83311465  0.50247318],[-0.14699334 -0.48062583 -0.86451823]
66,160.3441167720464,73.18102721413402,31.34257893616434,4.839212330094393,6.9274486100127,9.175520295846962,5.2772097885681895,1457.3531866866088,1455.5225197266325,91.96816024205005,[-0.44364866  0.85041904  0.28277787],[-0.03226086 -0.33047945  0.94326167],[-0.89561996 -0.40935412 -0.17405201]
27,54.574216505253084,170.40316299443057,19.031128196986316,6.121023998879868,2.2590761637346146,3.0617742771420366,2.588725805046714,935.6912647606608,935.1273694271828,34.97275078355437,[-0.39813664  0.02513973  0.91698157],[-0.86565188  0.32047124 -0.38463619],[-0.30353588 -0.94692459 -0.10582909]
39,168.16243086002743,31.93643705562336,122.3900921643473,1.6178006287165545,5.694984933265375,5.020804258824481,4.391490459202718,1314.8232044101721,1314.5379974152772,40.05151944465374,[-0.53645397 -0.25712856  0.80380473],[ 0.27183294 -0.9543399  -0.12386364],[-0.79895181 -0.15205346 -0.58185544]
119,76.99316337999761,136.53048054456102,75.33717294076293,7.621715941064541,6.382834591310548,4.850054206171668,6.284871138740324,1900.2833726429276,1899.0436894393633,98.98580278269482,[-0.43087977 -0.23716611  0.87068643],[-0.78616529  0.5723506  -0.23315001],[-0.44304263 -0.78496307 -0.43306605]
38,140.56640888356637,187.85997658683044,118.05081931714547,3.524207723362436,2.5339451798062758,3.6660858369945566,3.4492997715101668,1619.3821393661108,1619.3335276709677,27.77071513848947,[-0.09624241 -0.47706325  0.87358345],[ 0.83923473 -0.51079199 -0.18648489],[0.53518452 0.71519382 0.4495279 ]
5,40.403615687059926,150.4821424578445,22.079394684311577,0.9558928730854662,1.2347535117943433,0.8152650330289786,1.3599866602122246,351.90491590907715,351.9033811654276,2.498162818045976,[ 0.96067139 -0.26840569  0.07119596],[-0.10573509 -0.11649269  0.98754724],[0.25676949 0.95623629 0.1402911 ]
26,189.75579650649132,15.418210512773951,178.83896252485758,2.859961940344625,4.298432230024064,2.5870184856899705,2.6263811198812337,1332.1651258300546,1332.012324314002,26.22954346289821,[-0.65466558  0.36228538  0.66344727],[-0.20891983 -0.93020004  0.30179527],[-0.7264747  -0.05896769 -0.68465855]
7,189.32641120931225,167.35638366743342,32.32341200647739,1.5337381076226286,1.5561766481359272,2.4242959247208766,1.8537035264341954,674.0563574582225,674.0258231204068,7.117837828386998,[ 0.65654988 -0.67949592 -0.32745619],[ 0.12890375 -0.32666598  0.93630826],[0.74318644 0.65694341 0.12688294]
6,119.00334558636048,198.18715782435666,104.61739633027359,2.275037346336194,0.7619449840324519,1.1168490599392564,1.0115494226531008,621.5649658601993,621.5481147192186,5.993631046609717,[ 0.31784441  0.28628052 -0.9038907 ],[-0.82401103  0.5549907  -0.11397869],[0.46902105 0.78104339 0.412299  ]
32,21.115754270934865,23.630650251355455,166.8005662898279,4.271295863918774,2.4109134211960797,2.9363625058306524,2.712720331499263,960.884744181353,960.6760107757709,28.338864879367087,[ 0.13693871 -0.98305644  0.12185168],[-0.98274412 -0.11938251  0.14128627],[-0.12434542 -0.13909658 -0.98244102]
124,13.736106145570558,121.93788371251519,100.59105457164723,5.7743359086477,4.3952988851092885,10.014144613645131,9.105279140547506,1771.3236495530941,1770.6799781580003,93.3013470870059,[-0.8971064  -0.21665341  0.38504728],[ 0.43308727 -0.60359268  0.66941116],[-0.08738151 -0.76729211 -0.63531669]
90,124.67070793344804,12.284600936293852,103.26851560797861,7.414083889881695,4.981868558926765,4.065180247552355,5.267712229311918,1542.8180771265381,1541.2191842117224,78.40393253549125,[-0.35036074 -0.78184696  0.51571571],[-0.53554869  0.61895516  0.57452773],[-0.76839766 -0.07489891 -0.6355747 ]
6,69.84529396961979,146.56638959679717,4.268143105578307,1.311246312665414,0.4604438419550525,2.709402037830014,0.7090510820351207,397.89046466827443,397.84581832704197,7.253559141559134,[-0.89960247  0.43080883 -0.07154828],[-0.07589723  0.00710931  0.9970903 ],[-0.43006396 -0.90241521 -0.02630164]
4,8.285575575363008,168.99810853525642,36.34997995296451,0.8109341028377941,0.9008858958429883,0.7896258532632534,0.8383523201648729,346.1335379587985,346.1291834915212,2.35879909637114,[-0.70075029  0.18267236 -0.68962297],[-0.71179937 -0.11417576  0.6930408 ],[0.04786118 0.97652174 0.21003476]
22,90.43480459259371,63.01451696658636,51.48159928433849,3.156754600095536,2.3978230106373655,2.446157656370454,3.312324804821052,570.9465211959757,570.8966656690059,15.358355973407509,[-0.2946952  -0.31443025  0.90237928],[-0.60038782  0.79558153  0.08114492],[-0.7434307  -0.51786451 -0.42323415]
17,56.26814667933495,64.91147823870267,3.548434135186394,4.052370755930024,2.4827582114561277,1.2339248522005102,2.531361168533499,355.03588430517357,354.6845212419207,17.39972175092178,[-0.0493938  -0.01160594  0.99871195],[-0.75408908  0.6561016  -0.02967087],[-0.65491215 -0.75458333 -0.04115926]
73,27.276352702060265,108.28125764341758,193.51184390079592,4.24675002597751,3.6975205427964135,3.6875014273764304,3.9087998394816084,1909.493401806122,1909.4360653201854,46.79963229999139,[ 0.17131896 -0.86987168  0.46257224],[ 0.97760515  0.09184781 -0.18934663],[0.12222102 0.48465167 0.86612631]
2,95.19067980448547,184.44381523107361,26.297679472049772,0.9880581834769657,0.7214438076555894,0.37862879509622616,1.037964564239715,295.8850944003607,295.88319263650783,1.060850384137185,[-0.56585849  0.39520854 -0.72361204],[-0.68759303  0.25812083  0.67866742],[0.4549945  0.88158031 0.12568278]
4,159.20373303303592,84.24019979867758,167.55274847190842,1.1781325477955247,1.107182370217022,0.8846664806899698,1.730782005285868,492.0142808274896,492.0130355466829,1.2646498089355425,[ 0.76157843 -0.33049481 -0.55746881],[-0.03419249 -0.8794877   0.47469176],[0.64717012 0.34245376 0.6810993 ]
26,123.82063823866949,63.580093314954645,133.66868591885336,2.8277679313484207,3.690811298508573,4.110616984584554,4.233912311453004,984.4565156048956,984.3058702072487,23.184882559560624,[-0.72928386  0.54193546  0.41767333],[-0.23777429 -0.773136    0.58798309],[-0.64156717 -0.3294946  -0.69269392]
8,196.61978636784124,186.11241938419437,98.03208600926109,1.3106492453515357,2.8766283607800256,2.648545510022325,2.744843035450444,814.473088578924,814.4626055615813,8.705190037411533,[ 0.04636834 -0.50347652  0.8627638 ],[ 0.72911856 -0.57331903 -0.37375315],[0.68281483 0.64638741 0.34051022]
8,133.53325394411678,71.54354788321675,79.37780705421835,2.6441820311527016,1.1692706271401476,1.200449144640526,1.9249744037900944,483.8083367084788,483.7815380406472,6.988762203566322,[-0.0274692  -0.71911746  0.69434539],[ 0.62413436 -0.5549161  -0.5500222 ],[0.780834   0.41825615 0.46406902]
25,191.91471819587233,95.79195405973843,193.4442463610467,3.267743704590444,4.135771276085753,2.1761820262952987,3.104375993739965,1444.428622794198,1444.3276851039093,23.89804182437656,[ 0.55236588  0.38565655 -0.73902704],[ 0.503403   -0.86095984 -0.07303137],[0.66443763 0.33168839 0.6697055 ]
214,87.90717711231865,180.4217293148959,101.175981666719,5.975751386461816,6.039594462552417,11.4173415349975,5.749320440899057,3293.1696413340433,3290.3353550362012,190.71068207617273,[-0.85442978  0.49839583 -0.14680376],[-0.34243811 -0.32769678  0.88054015],[-0.39075041 -0.80263094 -0.45066362]
80,127.74882262668237,97.92489875756806,164.23511923545965,3.892020368426549,10.156165938938633,4.4212690733422155,5.635062196442602,2059.3239683081133,2057.619949429848,92.71105797326973,[ 0.83150984 -0.28730442 -0.47544458],[-0.00237396 -0.85770039  0.51414434],[0.55550495 0.42638739 0.71386837]
3,129.85071371333353,146.0308319108989,195.25961517233884,1.981233461873552,1.5995759236308542,1.1192533990702829,0.30570414367822635,478.4899657645498,478.48303233698056,4.789008089214606,[-0.00359043 -0.7996578   0.60044526],[ 0.88263064 -0.28477918 -0.37398392],[0.47005347 0.52862862 0.70682496]
42,193.81337849547623,178.01046133209488,137.85226011154748,4.1598546693347,2.9050225785669745,3.192852455625081,3.8399554032578136,1925.6190166240258,1925.4895609406142,29.768564939213135,[-0.29363861 -0.36466248  0.88362755],[-0.69865554  0.71276845  0.06198049],[-0.6524238  -0.59915142 -0.46406979]
53,78.60867516783543,90.13325648446799,64.48836980790277,3.8999666602834817,4.66075240102584,2.762555155299744,4.871466917937358,990.1317907514749,990.0731611910502,33.1388944495347,[ 0.38271818  0.29270869 -0.87626961],[-0.7202965   0.68848633 -0.08461395],[0.5785324  0.66355723 0.47433328]
140,55.5309155758856,82.4250530291669,178.82775002551458,9.387291020185202,9.012455480278108,8.68103912307412,8.787134738282411,2426.66844649381,2424.061566551434,153.83620007908914,[-0.30083343 -0.82710288  0.47476318],[-0.91462055  0.39122884  0.10202574],[-0.27012683 -0.40353541 -0.87418   ]
58,129.10607188875454,113.79319274267654,181.04847914208693,6.348915710112983,6.6982336226243095,7.088332598111207,6.1422425239014276,1904.2806941220465,1903.076090000246,75.10162886202062,[-0.8069702  -0.02315561  0.59013804],[ 0.28528435 -0.89020391  0.3551758 ],[-0.51711888 -0.45497343 -0.72497396]
17,196.99182453734988,102.61442665532068,93.22303467010155,1.6324333958818653,3.1870872913019435,3.7083879126803097,2.8413892773850864,993.3725738067088,993.3202168304737,17.735696310514527,[ 0.54758966 -0.78301567 -0.2950119 ],[-0.17738758 -0.45318892  0.87358654],[0.81772808 0.42603551 0.38705882]
4,167.43628821390524,112.29399562789689,48.62030697593315,0.5838519057768342,1.0856560881672144,1.6359381123787187,0.5010399557332076,414.78824230095006,414.77555681339726,3.9760089912390075,[ 0.58681072 -0.7784202  -0.22296899],[-0.06174991 -0.31758264  0.94621785],[0.80736616 0.54148247 0.23442827]
24,151.0437705796663,130.84967804642903,11.082567242511695,3.1238491372794517,3.575114006294264,2.5911165581333284,2.904782749406824,980.8076879459918,980.6830811855211,22.313633363383964,[-0.24568806  0.20317996  0.94781606],[-0.60839591  0.72889385 -0.31395568],[-0.7546468  -0.65378257 -0.05546666]
62,4.496183002154606,67.24165815528147,108.52494137117885,2.8519269822449744,3.7650206855486257,6.315142905074591,5.820886049990809,1007.5517964579332,1007.1613905038844,42.10027600719498,[-0.99197681  0.12169384 -0.03424341],[-0.12143083 -0.84186345  0.52585215],[-0.03516469 -0.52579135 -0.84988641]
9,20.031274665014703,73.73818100139799,192.04094307093828,2.2176638770300645,2.198426156822875,1.6473966226057826,1.737786297890446,620.124688851945,620.0921074476466,9.2103826438892,[-0.68522518 -0.65314711  0.32228141],[-0.72185249  0.66791386 -0.18116308],[-0.09693008 -0.35677714 -0.92914726]
15,106.73324908364299,6.615786108120939,32.92029900541193,3.6489986464029798,2.3397676575596056,3.1806673123613862,2.895995697783948,433.78622750352326,433.5613484820941,17.50118719244596,[ 0.15364212 -0.93830189 -0.30981231],[-0.25710606 -0.34069684  0.90433519],[-0.95409149 -0.05928935 -0.29358849]
230,101.26461741606694,79.37653937001552,79.063575345655,6.850022719225178,9.344015088600418,8.832526127446547,8.059447464887352,2298.163891270345,2296.3345265685425,183.79103248446194,[-0.68915169  0.7031866   0.17492441],[-0.27589303 -0.47784996  0.83399188],[-0.67003954 -0.52648648 -0.52331539]
9,171.28145191996464,22.66403823631498,47.963684971716965,1.5174831233230772,1.3107503324227077,2.1889813041759307,1.6907990978060001,537.992904942098,537.9555287019294,7.2991950935446415,[-0.0090653  -0.89122276  0.45347526],[ 0.29575485 -0.43559429 -0.85016862],[0.95522086 0.12641047 0.26753225]
255,173.77292873950208,161.16180462927733,148.52886413998988,9.991733867327945,10.727512890745011,10.144233914190645,14.742839572260023,4474.582202720969,4473.526533220677,159.88470510633076,[-0.72753235  0.17221239  0.6641081 ],[ 0.29117632 -0.79897537  0.52616984],[-0.62121898 -0.57617814 -0.53113626]
17,50.124966905662994,188.803434836681,155.0869308151512,1.5795412148109422,2.670443476906742,1.7184412989671571,2.3062762302353863,1028.4730822276733,1028.4593416378518,11.098690573083882,[ 0.90218022  0.10431007 -0.41855736],[ 0.38169929 -0.64504941  0.66197953],[0.20093904 0.75698789 0.6217659 ]
24,46.67485815128949,47.28824371910767,2.834072366922324,4.131005177334057,5.1010667518521196,1.987328839048001,2.8455748794901914,327.38668036042424,326.24014382989867,30.58021474126521,[-0.00465674 -0.05531233  0.99845824],[-0.71307461  0.70019066  0.03546325],[-0.70107269 -0.71181008 -0.04270242]
41,47.84511253162854,55.33271138523568,23.077630776511803,6.169215158647439,5.558037196503743,2.505917487640353,5.997090701256197,493.98267344874193,492.96503405155846,39.71962181414717,[-0.11479672 -0.29496418  0.94858729],[-0.77260235  0.62674261  0.10138698],[-0.6244256  -0.72124187 -0.29983801]
15,94.62747913396883,190.65296975111812,145.73383688779035,3.266645981772213,2.52393236065424,2.7348711119281837,1.8460524121022561,999.1725442089239,999.1551678855093,17.798207462505125,[ 0.92886179 -0.25764858 -0.26614466],[ 0.05114809 -0.62239148  0.78103311],[0.36687824 0.7390846  0.56493744]
28,155.9777444830109,28.7513471586261,126.38219410897389,1.5909166623817101,3.2320861125247347,4.944671326984021,3.2760170539160693,1073.5566850853013,1073.3128966640197,27.351635284420034,[-0.20646259 -0.86767148  0.45223821],[-0.60508617  0.47644213  0.63786646],[-0.76892387 -0.14194752 -0.62338349]
142,133.41993392587327,172.9405632424589,137.70074910210187,6.523756854557261,6.980016639648541,8.863158885848174,7.491502341301202,3080.1193875686913,3078.881363645774,126.87968144502675,[-0.84909653  0.32126597  0.41931284],[ 0.10937998 -0.66966149  0.73456756],[-0.51678922 -0.6695832  -0.53346719]
25,116.88708600733,12.246279285285143,194.02928961745332,3.1164274681182818,4.331430179137919,3.0114357572193016,2.795628789780726,1134.557418786753,1134.4203259077412,27.26661586871928,[-0.79227711 -0.35063493  0.49935171],[ 0.32679988 -0.93496289 -0.13800811],[-0.51526578 -0.05384741 -0.85533714]
76,76.86581661906949,106.56164781458574,87.51573482195424,7.572102876962058,6.68510399763393,3.895735869365617,5.499438429105757,1378.9222551725059,1377.749309620032,80.32510809133208,[-0.37822039 -0.40869993  0.83061044],[-0.7871438   0.61420272 -0.05621073],[-0.48718987 -0.67506991 -0.55400961]
8,50.77171294310823,129.06554524453043,119.4786468183095,2.1854369863080727,1.3142698512750683,1.027289868758587,1.8428665927346035,517.8252302800859,517.8011923474827,5.7582915154283345,[-0.17225731 -0.63181494  0.75573626],[-0.94518068  0.32208051  0.05382962],[-0.27741828 -0.70503477 -0.65266   ]
40,46.12304612941993,87.78431307968273,91.41303616266865,4.00099173448784,4.409281430399982,4.063638081401555,4.061502027526523,853.9148882030352,853.6742476458061,37.52073805117608,[ 0.00494927 -0.72243986  0.69141605],[-0.9398695   0.2327623   0.24993406],[-0.34149792 -0.65107785 -0.67784718]
33,165.1856583260547,77.25969315506825,160.91637590037902,4.2401530093778925,2.1964971428759172,3.3116709761080143,3.1545215805101177,1397.444369279725,1397.303670217938,27.994989212090463,[ 0.31104762 -0.94111711  0.13246869],[-0.66472194 -0.11580951  0.73806023],[-0.67925998 -0.31762673 -0.66160346]
5,69.13344953871903,129.17521643592633,24.53331023895586,1.7322582511418592,0.9760236273022127,1.0707207674916583,0.8428470378847884,332.2060507099512,332.1802465423044,4.685988991273332,[ 0.39340259 -0.37033613  0.84147819],[-0.79286707  0.32666601  0.51444255],[-0.46539898 -0.86956338 -0.16511607]
41,186.38275400072104,163.20023762728434,130.14196412854506,5.966514441033899,4.075085158226131,3.4389706218911122,2.466605206750815,1792.4756514060505,1792.0115051373907,48.768313642541216,[-0.04383946 -0.59179196  0.80489774],[-0.74458232  0.55652087  0.36862134],[-0.66608954 -0.58315247 -0.4650354 ]
5,79.91968226339557,4.498117271680501,43.58629550516155,0.9513820365677395,1.2977135046851886,0.6752922649174076,0.630066164251732,203.83866131297486,203.81007825018398,3.6390266236741398,[-0.37008082 -0.56563876  0.73694843],[ 0.30679742 -0.82317906 -0.47775682],[-0.87687829 -0.04928523 -0.47817929]
7,189.1406067944281,91.0993724423605,166.4517026685857,2.3264751793078453,1.6346271951858768,2.664454205407797,1.56683337749235,708.9094065041027,708.8606074771405,9.420378595628863,[ 0.14493999 -0.92800117  0.34322912],[-0.6932677   0.15225518  0.70441342],[-0.70595488 -0.34004734 -0.62128537]
2,90.56399003516782,62.45822672182429,90.93739571266099,0.10030565366736255,1.1483357482192638,0.865629980253118,1.1176315041854252,201.86408480362914,201.85997878308666,1.2875167177742368,[ 0.38754381  0.53308101 -0.75208672],[-0.66877366  0.72409092  0.16862421],[0.63446954 0.43762652 0.63712749]
40,7.62997826679841,100.60721169670357,171.05783207615582,2.9665662197714027,6.36800898126202,3.9330341845571533,5.824965679647982,1256.9911203947815,1256.6546463354464,35.25408163905355,[-0.89031858 -0.37400103  0.25972303],[ 0.45373001 -0.77659441  0.43707001],[-0.03823481 -0.50697569 -0.86111193]
28,146.08061488490245,61.56387346172717,59.15113288447163,3.672367813986888,3.6260234370381736,3.805525167771875,4.589558099378414,895.848067962859,895.7687667748073,23.53304019565862,[ 0.17210478 -0.86352838  0.47402393],[-0.47452586  0.34901755  0.80809155],[-0.86325266 -0.36401303 -0.34969895]
48,53.63954332109248,118.36070415930085,138.50837047089678,9.774857183962128,6.037625612578408,3.0228663907494537,3.1481183853389934,1318.2598305477072,1316.1675158276803,79.13178651335372,[-0.41175065 -0.60786011  0.67894587],[ 0.86640655 -0.49207119  0.08488602],[0.28249087 0.62319502 0.72926461]
55,39.34985427995162,42.57966859438876,60.28866722666836,2.4620482499908607,5.10470318804872,6.569512871719056,4.605483617622786,623.3205578454256,621.5934120555605,54.32861280280467,[-0.86394511  0.43295194  0.25719928],[-0.18189939 -0.74454665  0.64231059],[-0.46958648 -0.5081367  -0.72200113]
17,132.3567135620637,12.093873992065824,84.3567073800964,5.427289680972987,2.423589488696027,2.729902443750233,4.937143102063716,649.5509995112574,649.4341595617093,17.72776070137845,[ 0.05002676 -0.99663774  0.06488866],[-0.53872766  0.02778027  0.84202183],[-0.84099336 -0.07708094 -0.53552656]
16,191.1745994228874,24.511010435162945,159.32812314645332,2.6093725745479825,2.6193650772719654,1.5133897107649348,2.3559383488228507,1000.3817257761895,1000.3338947014342,12.891984640392025,[ 0.52782759  0.47217066 -0.70601197],[ 0.37003104 -0.87604046 -0.30924124],[0.76450969 0.09802028 0.63711613]
28,140.64344952550158,81.36260532507488,156.44318952068065,3.474704603583734,5.545297121604029,4.509631039121484,4.133669280081709,1194.209882745365,1193.7765403291978,35.96003609165517,[-0.71610816  0.61958091  0.32141656],[-0.31368836 -0.69704361  0.64477114],[-0.62352924 -0.36090124 -0.69351393]
64,11.656741848341383,175.8180546619721,6.542836485084862,5.985378853901375,4.380679662569133,4.3335982694278155,4.685594797139774,1411.8533625130535,1411.5261325308359,57.58871167929438,[ 0.02868052 -0.03912257  0.99882273],[-0.99735564  0.06563321  0.03120916],[-0.06677692 -0.99707658 -0.03713672]
2,2.0376429983653632,106.7732156728322,70.53287640661966,0.00010530787212248427,0.6280206886100217,0.9419729344987218,0.004812514477499974,181.0018781742507,180.99479689461424,1.6010620486529612,[ 0.99987325 -0.01329841 -0.00875437],[-2.53308954e-05 -5.51182055e-01  8.34385008e-01],[0.01592124 0.83427903 0.55111253]
9,90.01219176414779,68.7595809884128,37.27582672180665,3.019218162336127,1.843982431645003,1.6796793517168758,2.9079145172970673,357.9050911742779,357.869981972652,7.823480370225053,[-0.41990621  0.05883542  0.90565842],[-0.5036846   0.81500433 -0.28647822],[-0.7549706  -0.57646018 -0.31259088]
