N,MEAN_X,MEAN_Y,MEAN_Z,SIGMA_X,SIGMA_Y,SIGMA_Z,SIGMA_R,LAMBDA_1,LAMBDA_2,LAMBDA_3,EIGEN_1,EIGEN_2,EIGEN_3
156,53.25266466659067,23.35799718745344,118.58051361268265,6.902479494774318,10.546292121328202,13.614440481980578,15.761448703851888,1664.917522703974,1662.1232028242944,122.23229211465465,[-0.87379269 -0.21616876  0.43561152],[ 0.27313876 -0.95928766  0.07184986],[-0.40234506 -0.18176427 -0.89726262]
2028,92.01434163261824,125.38976758487588,148.41878293816413,13.056962502581007,32.225684307553635,14.209461623567256,23.85637320833226,9813.755577396812,9757.039810586024,1292.5096366232494,[-0.88329159  0.1081706   0.45617441],[ 0.19524896 -0.79974573  0.56770116],[-0.42623211 -0.59051324 -0.68528848]
195,40.10610571398581,59.841247711457605,71.15482821137861,4.984362445536658,16.276152394458112,7.7152182674475,11.21724922962603,1436.4481146307194,1423.5032249732876,212.00012295871684,[-0.88502841  0.04062538  0.46376103],[ 0.24905567 -0.80031969  0.54539863],[-0.39331411 -0.59819559 -0.69818768]
194,13.338115092854222,117.441000540678,106.92463022518278,5.5859587251066944,6.731045264381229,14.250424959388269,8.544604026214524,2230.8599708555585,2224.4744656377898,199.71499046104285,[-0.99613706  0.07927953  0.03775871],[-0.0256094  -0.67358539  0.73866561],[-0.08399478 -0.73484521 -0.67301367]
288,115.85465221590772,34.394707134533746,164.2475148187507,13.623137495893305,6.233704632050387,7.022002458786915,9.081968266204418,3470.340249538092,3465.7478122800253,233.57954198122044,[ 0.07406639 -0.98529654  0.15396393],[-0.81874604  0.02806471  0.57346952],[-0.56935849 -0.16853217 -0.80462899]
20,14.031635774001282,196.28023306636757,14.65383246213735,3.764266249258171,2.2668934586100327,3.24511089163903,2.207862636629866,882.7189891076505,882.6130075315672,22.29563372363494,[ 0.57041819 -0.10160332  0.81504592],[-0.81826783  0.01565054  0.57462407],[-0.07113962 -0.99470188 -0.07421138]
18,33.50184599947161,166.44314063707435,77.79260376910904,1.6953887437592239,4.615433112861905,3.60255010410882,4.814074188083329,792.7084061145589,792.643932684653,15.88416521012961,[-0.97986487  0.19958811 -0.00542388],[-0.08797801 -0.40721765  0.90908397],[-0.17923365 -0.89125663 -0.41657763]
77,128.63351384743913,96.58621368226906,163.6181879802811,4.0485950649955,9.734914567928856,3.963397986247266,4.740822668211373,2015.6080010053645,2014.021405278957,90.13198481331811,[-0.82799791  0.29493022  0.47690212],[-0.0092499  -0.85756887  0.51428599],[-0.56065489 -0.42141643 -0.7127933 ]
26,128.48777068064706,147.47268930322542,4.143336103647095,5.687201465123794,6.169845710039044,3.1348362871908972,1.7756774810765585,998.4810594187043,997.7343985949133,44.79294064112527,[-0.00657953 -0.02227399  0.99973025],[-0.75419554  0.65657877  0.00966498],[-0.65661694 -0.7539285  -0.02111892]
275,97.9053798709053,82.22356369617954,82.1007505898868,9.938442968485212,10.53956202905082,8.31001181423408,9.7906409749684,2530.7901110550874,2529.1636504241733,222.54204157368156,[ 0.17577726 -0.79135078  0.58554786],[-0.74433002  0.2824362   0.60514677],[-0.64426328 -0.54221189 -0.53938028]
2,33.877533520774115,137.57369785926775,91.73466196314479,0.262159728667676,1.3041386359074068,1.150417520621339,0.3850821725367837,238.71552438579897,238.70318868650898,2.42678669846142,[-0.95947066  0.05152648  0.27705788],[ 0.19782128 -0.57705195  0.79238739],[-0.20070573 -0.8150804  -0.54347139]
7,122.23073054708473,25.110722770408113,174.98320501012878,1.1903837265660961,2.9662742666682416,1.5476998055208002,1.8046412943383474,568.6961751182055,568.6442643269494,8.07616135322737,[-0.81244851 -0.07466817  0.57823185],[ 0.1283557  -0.99033958  0.05246262],[-0.56872861 -0.11684253 -0.81418401]
332,36.22690416911669,43.63566860332719,185.83966673267122,18.795439215773886,10.939889781623071,8.18164464937891,7.482824830457144,3560.1980803507654,3548.5851962548613,398.63023890033435,[ 0.22808881 -0.95686491  0.17995846],[-0.95543906 -0.18439708  0.23050798],[-0.18738118 -0.22451563 -0.95628501]
457,110.30029043359771,121.28688657198076,36.79446854187288,13.727128321265623,9.88558613984052,13.727649413433982,12.187847275771462,3613.9270766484437,3608.7950391341815,390.63237167580263,[-0.73777097  0.67502691 -0.00571616],[-0.15107469 -0.15685236  0.97599886],[-0.6579289  -0.72092719 -0.2177006 ]
53,94.03330976134542,36.603147656565376,60.08190909130941,3.9706657317074185,4.714681318093207,2.5666035683903043,3.456972978642919,856.1155861724758,855.5652701963513,41.71501422607667,[-0.39580404 -0.36541507  0.84250281],[-0.44953091  0.87708827  0.16922806],[-0.80078781 -0.3117499  -0.51142045]
3,189.6183613689178,19.68477467331987,2.115489609762037,1.1948317858794164,0.7899504922693469,0.9378683186850457,1.2738433249544552,330.22710301926884,330.22152724762964,1.9805390870766113,[ 0.07801761 -0.8134312   0.57640519],[-0.06857332  0.5724197   0.81708836],[0.99459085 0.10327329 0.01112086]
122,60.136521866286635,81.68661545460931,175.58948556012328,6.989893381974199,9.564048569602239,6.821537493490544,8.390044104986432,2244.6439557723033,2241.9269735266107,119.99942336825212,[-0.61715043 -0.6110569   0.49571647],[-0.72913     0.6809537  -0.06834841],[-0.2957952  -0.403623   -0.86579078]
20,56.53053026003787,22.2067395093034,173.33478397322207,3.1119486644909538,2.9844375854984664,4.991576101133478,5.400668166531462,821.8495505976537,821.8075112249028,16.956010431000472,[-0.60942166  0.78679444  0.09777396],[-0.73066288 -0.60521202  0.31599078],[0.30779376 0.12113183 0.9437108 ]
19,167.46527897466217,76.68983176854925,160.17945653420773,3.801038505548179,1.524672766054283,3.0812686029315444,2.334192141304595,1064.212487418613,1064.0603012512852,19.877288375235576,[ 0.14112407 -0.94228955  0.30360236],[-0.71370076  0.11569402  0.69083002],[-0.68608689 -0.31417398 -0.65618556]
5,124.00832935131362,156.7105685005925,111.71969235222284,1.5439528069295456,1.4514901376735037,1.2638854696905775,0.4341110230863105,511.9679457497637,511.95292609527314,5.429646999445706,[ 0.61665617  0.07096019 -0.78402794],[ 0.57127286 -0.72557589  0.38364951],[0.54164793 0.68447373 0.48796848]
19,167.39946904162886,197.62328758425735,194.00384419439652,3.655620425990144,1.5529784435154552,2.710564537796607,2.5866661876245858,1410.6479421419565,1410.6063269184733,17.670764548071112,[-0.24384898  0.77670817 -0.58074272],[-0.8203016   0.15425008  0.55073786],[0.51734221 0.61068104 0.59952123]
80,46.79757268890564,83.0125612603846,94.50573528102079,3.922281340453357,8.156546433318029,4.670433813517461,3.4428867018290203,1203.354056570092,1201.3204100567261,85.75352910466479,[-0.89205714 -0.01165923  0.45177221],[ 0.28793838 -0.7851542   0.54829223],[-0.34831818 -0.61919055 -0.70375955]
28,141.5851560818168,188.4870966478895,116.6435949831969,3.1185201827305806,2.1937093881657392,3.63318049099377,3.101098622185219,1391.9646803034352,1391.9518257528073,22.540645119291423,[ 0.47094818  0.18068088 -0.86345946],[-0.69887754  0.67369865 -0.2402089 ],[0.53831031 0.71657837 0.44355096]
189,130.203277947315,11.636353986581131,117.84582653597148,9.014394024106473,6.683461163383156,10.07751362217335,11.706737194376393,2427.0512751509305,2426.4083951325965,129.83717655273242,[ 0.34393305 -0.89308292 -0.29002235],[-0.57874491 -0.44484061  0.68349921],[-0.73943518 -0.06722901 -0.66986257]
16,155.85954473039925,27.326246023260097,124.71416321090294,2.0126224311185656,3.5981034453451413,2.7055552357012296,2.4661124593738752,806.116043211993,805.9936885744086,17.048426532200164,[-0.54709167 -0.3501577   0.76031591],[ 0.31984628 -0.92682755 -0.1966953 ],[-0.77355611 -0.13557386 -0.61905628]
184,128.75629421892157,47.90141995023916,26.46561069995841,5.318174974916768,11.167668266708535,5.799653348468236,6.648172208355563,1905.4452168135194,1901.3464086735116,160.51301426214394,[-0.09224988 -0.27911295  0.95581689],[-0.38199877  0.89638267  0.22488897],[-0.91954712 -0.34437489 -0.189312  ]
66,144.31754348390544,31.401697359014364,86.5439578930334,4.541842976942747,5.650282588846714,4.636890922453024,4.913467639348991,1392.0345731773673,1391.6750430452107,57.57139204007658,[-0.3881349  -0.4430786   0.80810436],[ 0.37244674 -0.87746541 -0.30222156],[-0.84299153 -0.1836731  -0.50559813]
876,176.4051826680813,90.74117414103618,62.64648678067113,15.193450460352455,14.677532347235543,18.562195886740458,21.65494953281271,6207.880172415524,6197.6946961443855,508.1496908282198,[ 0.36660107 -0.89222456  0.26370248],[-0.38782587  0.11108652  0.91501414],[-0.84569188 -0.43771581 -0.30530333]
11,114.5867641175886,17.907608767097095,108.51129880141558,2.4969229088218925,1.017646647890985,3.039229472558104,3.1929882178059987,526.9290739540445,526.8783436869847,8.32824233671174,[ 0.19284396 -0.98033764 -0.04182489],[-0.66510425 -0.16193491  0.72898108],[-0.7214205  -0.11276169 -0.6832549 ]
200,21.488895461341958,12.989431269574602,111.38147125304712,7.110197749535798,9.749079101172198,12.378129241767352,11.670975713139027,1629.9502159025321,1626.1271711372638,181.7464416754119,[-0.92432817  0.35656541  0.13593582],[-0.33318618 -0.92777203  0.16800604],[-0.18602259 -0.11000078 -0.97636849]
5,0.8734895285086086,83.24466498701963,151.38424878930203,0.4318932452759009,1.6736140312425962,1.727786087223545,1.5339327561801024,386.35144974502066,386.3295120175904,4.251255273514105,[-0.98889522  0.13256001 -0.06718698],[-0.14852845 -0.86618249  0.47714483],[-0.00505414 -0.48182542 -0.87625266]
106,195.01871650643784,64.98383397312129,103.86717672154423,3.6980176988523845,6.7719388874405455,11.73452396084148,7.293220818163058,2374.6294094738573,2373.4207153738753,122.7339656379205,[ 0.20023478 -0.95450016  0.22098753],[-0.49383787  0.09648043  0.86418498],[-0.84618567 -0.2821719  -0.45204959]
11,178.8824961053067,119.93167084763398,150.15646048352508,2.4234321164511377,2.0090303052803358,1.9099567922349399,2.2709163518371946,870.8365945306087,870.8034842737321,9.618761154564833,[ 0.59658706 -0.79928278 -0.0723251 ],[-0.42406633 -0.39046464  0.81713225],[0.68136013 0.45681988 0.57189507]
37,156.49977404513822,105.40007873387499,28.32222532850781,5.842900866744042,2.787717623181165,5.109902070128726,4.006283796854768,1161.5814149231066,1160.901395689041,43.92619627991601,[ 0.34247507 -0.68223356  0.645963  ],[-0.45777445  0.47923763  0.74884835],[-0.82045925 -0.55216724 -0.14818215]
3,19.62824783043172,59.34895223614347,88.55340733682186,0.6436089143167613,1.8744496657431935,1.038822028426066,0.8355817241004813,187.78311524926607,187.75034923939376,3.6031696050586475,[-0.9655601   0.25677534  0.04195387],[-0.18679138 -0.79638196  0.57522582],[-0.18111511 -0.54757848 -0.81691806]
104,106.655284159045,56.78338329725821,184.66962446639081,11.111213265127379,7.636245232070064,5.846149085269057,6.393857382767633,2255.0503884096606,2252.013877175765,135.03205644869772,[ 0.51829638 -0.8544125  -0.03671717],[ 0.70508767  0.45122239 -0.54703723],[0.48396305 0.25763859 0.83630265]
14,66.69098401536318,100.92124243400089,174.43068897558584,2.6693424701096657,2.8397516132330947,2.0000189861481212,1.7281831215954322,794.3800620910835,794.3042970816864,15.036779865768688,[-0.74642994 -0.41113966  0.52326525],[ 0.58662054 -0.77777945  0.2256889 ],[-0.3141953  -0.47541909 -0.82174083]
35,27.500155480816968,12.881543079011022,86.46201337311108,6.496924279242523,3.2395004744644083,2.9204264621147042,3.9063377491220597,543.9522878828169,542.7902043639497,40.39931063597564,[-0.39149316 -0.88380375  0.25617188],[-0.86926932  0.44652956  0.21209006],[-0.30183431 -0.13965055 -0.94307676]
197,188.70672084512017,31.79549186901671,65.34711845278457,5.551771588997285,6.883491081784486,5.825703338063154,4.831283845254981,2841.2517075871037,2839.922058395505,132.42986993160685,[-0.18127694 -0.57070617  0.80089521],[-0.31016008  0.80600272  0.50414318],[-0.93324134 -0.15701619 -0.32311997]
413,101.83331148074384,107.30307383712042,189.14131410792166,12.958581547476554,15.217409511882483,5.8294583781780664,12.789431072131116,4893.996634753008,4890.847936252664,335.11458121012635,[-0.76203886  0.64609164  0.04315519],[-0.48861905 -0.61747946  0.6164175 ],[-0.42490964 -0.44864764 -0.78623603]
92,136.6231149984913,170.42267840833097,142.00024251089846,3.6003352141451157,7.413811380508355,5.849087229422962,3.995441152101004,2500.37935304774,2499.5462295824445,89.16664659131986,[-0.84381437  0.3133206   0.43566905],[ 0.11432439 -0.68825788  0.71640144],[-0.52431598 -0.65431743 -0.5449417 ]
7,82.28155703321063,41.895606649586306,136.38738030664533,1.7557627641349758,1.4774002341204078,0.9835001766847684,1.1838806079865727,435.7989458477754,435.7877681153818,5.809772252788104,[ 0.66820469 -0.72148956 -0.18153598],[-0.55126107 -0.64401208  0.53043348],[0.49961359 0.25436442 0.82806099]
17,67.1018583889484,133.42121800130553,103.36624708852227,2.9715342715627986,3.7535849782972153,3.6073170852682552,4.57834627812044,749.245560693297,749.138213695234,15.88781395246643,[ 0.21086922 -0.66273965  0.71854737],[-0.90507855  0.14532028  0.3996434 ],[-0.36927903 -0.7346143  -0.56918787]
4,30.8130720283022,143.3357704862955,148.08760073464933,2.0323615981991336,1.2145777476915716,1.7772298258940524,1.3249882448012023,416.810375902974,416.78209939807726,5.302270314039673,[-0.66485725 -0.46282459  0.58630899],[-0.73218294  0.5592     -0.38884894],[-0.14789514 -0.68781448 -0.71066044]
128,159.81167222611444,163.72269127686357,6.2643408465368475,14.507194918698277,8.691051332001516,3.891638288389764,5.506096976774997,2596.515742295756,2590.529682929082,186.25549742331376,[-0.06436654  0.02479961  0.99761813],[-0.71208101  0.69923564 -0.06332579],[-0.69914061 -0.71446098 -0.02734805]
82,96.05536022341578,17.11692965214058,41.112544734091756,9.560031769905256,5.814553213729134,2.8907344184324852,9.139488873019555,963.9017944043316,962.90749416065,63.43316256266618,[-0.39808146  0.04602293  0.91619487],[ 0.12941691 -0.98593444  0.10575705],[-0.90817532 -0.16067103 -0.38652608]
49,188.12838556555528,185.48015044097326,11.211749687393459,4.172739651854762,8.405666143059545,5.195098811962765,7.228469258796761,1852.20799598514,1851.9634019799555,55.48630298237185,[-0.33641096  0.28649518  0.89707758],[-0.61728245  0.65232302 -0.43981479],[-0.71118917 -0.70170876 -0.04260017]
107,14.05325998274338,81.67912613073125,50.10660303330613,5.76052840410039,6.90047067344181,4.914974793689017,7.129847735414507,1006.6957257872539,1005.1931639627159,76.52040861208393,[ 0.73807161 -0.44133002  0.51037056],[-0.65837642 -0.30558053  0.68786702],[0.14761706 0.84371106 0.51610159]
8,22.814012159943672,180.82794464976638,153.62784236882317,2.097208681364272,0.5898551555610313,1.9833336776534027,1.4261712008643423,674.2574137242921,674.2362273429595,7.290108188822953,[ 0.52614303  0.51108233 -0.67968255],[-0.84498999  0.40417704 -0.35018973],[0.0957363  0.75857483 0.64451438]
20,145.75938112391717,83.99524586296756,155.41198119849605,3.66226050620902,3.6069848553727892,2.0226535404440824,3.421966998040601,1024.5120483639432,1024.388717103324,19.45919635479166,[-0.47443043 -0.50744761  0.71931405],[-0.60814197  0.77972691  0.14896067],[-0.63645825 -0.36677359 -0.67852636]
328,172.52365823715192,125.045873647686,97.58194713223202,9.098467453443805,7.114267010580213,19.57942902373578,12.17151242478591,4263.321502953487,4250.951575454189,349.3625834122959,[-0.6715085   0.65182269  0.3524252 ],[-0.0855728  -0.54064312  0.83688847],[-0.73603915 -0.53181971 -0.41882474]
309,109.794015280245,150.99716579028382,83.03676702122117,7.643123945829044,9.103340823149882,9.705886890877307,7.691763082327647,3599.9218390446927,3596.202730866243,234.32294462617887,[ 0.3799582  -0.6419939   0.66593963],[-0.75355805  0.20269161  0.625353  ],[-0.53645319 -0.73943217 -0.40676534]
28,172.20162230536206,8.499937960881926,21.363630527239614,4.378956499462081,3.5662325934449077,2.168932555008397,4.340216064869038,919.773405366252,919.6565649880654,22.20542548985182,[-0.12603796  0.06718321  0.98974787],[ 0.04019939 -0.99653877  0.0727633 ],[-0.99121059 -0.0489582  -0.12290099]
23,29.434374328699445,84.48460741168812,86.01918190726072,4.466109589925987,2.2290482459818173,5.764159694835996,4.274579313392086,596.0787780557783,595.8298112770532,30.07664477610977,[-0.81206925 -0.25290467  0.52591136],[ 0.53302771 -0.68829923  0.49206263],[-0.23753945 -0.67991426 -0.69375184]
259,51.80541359966712,101.80625149362731,127.85379446089955,6.388621500719251,12.814440459886061,9.10050345759589,12.084275711000107,2771.1745869485876,2767.497586639568,192.90677182894078,[ 0.75459807  0.32947164 -0.56747704],[ 0.58331072 -0.73290892  0.350133  ],[0.30055009 0.59522512 0.745236  ]
4,186.3236607080711,66.94939521613244,17.957180733932482,2.260593077291634,2.3406606565039443,1.0674973685904487,1.6459361773930379,397.6568664534523,397.61309067358224,6.0151537325110604,[-0.17711012  0.23664033  0.95531846],[-0.30025826  0.91139676 -0.28142658],[-0.93727103 -0.33668575 -0.09036438]
61,10.852478257524927,98.561987247065,170.29591583878872,5.924939616341599,5.09725680114205,4.267812737850256,5.649320623797621,1540.4617535604373,1539.9171722836354,54.094168856977774,[-0.25246307 -0.83029404  0.49686437],[-0.96604948  0.24540687 -0.08077043],[-0.05487072 -0.50038712 -0.8640613 ]
22,186.54652504757124,55.521195422677174,112.6904428986686,1.9373710070388352,2.728812519162059,4.457749681417245,1.857216635788986,1055.187402897003,1054.948023312852,24.7090186327662,[-0.4678291   0.79711132  0.38177149],[-0.30523934 -0.55109816  0.77660786],[-0.82943648 -0.24678808 -0.50112949]
4,162.9109438080255,145.68581185112868,186.61413783547954,0.9103191739333539,1.8893424205705462,1.620787776384552,2.1766354476932217,574.7888759213834,574.7852890242789,3.0272506453563834,[ 0.78848017 -0.56223891 -0.24937207],[-0.2386712  -0.65336265  0.7184381 ],[0.56686425 0.50695626 0.64935373]
9,45.12132798942927,54.183740873991525,137.29350387266484,3.3210876369868485,1.4106500647965192,2.873693526884738,2.068413227564405,463.20165414271537,463.09562680052716,12.385236522969068,[ 0.14377118 -0.93576831  0.32197439],[-0.94548523 -0.03381669  0.32390447],[-0.29221143 -0.35099016 -0.88961699]
3,27.089296970537106,122.28713003389517,157.66544663627118,0.7325082503017585,1.7021270880096586,0.291609682525097,1.0368439000966374,348.78054429056004,348.7751363395908,2.7093752938265614,[ 9.85590332e-01 -2.37902258e-04 -1.69149756e-01],[ 0.10254331 -0.79445026  0.59860976],[0.13452348 0.60732917 0.7829781 ]
140,74.67582347818147,135.99159540293695,75.84531848779368,7.045343454911904,6.11224134671512,6.16856588574462,7.0341251889923715,2047.010451315831,2045.5993911292323,103.16032357638457,[-0.64781577 -0.06736616  0.75881258],[ 0.62690343 -0.61306397  0.48077506],[-0.43281269 -0.78715587 -0.43938458]
288,172.40027576960216,160.65751061111598,147.15310253731803,9.388783275819051,14.429893896783925,10.651819992111736,16.15568803162975,4726.207606157938,4723.919970107909,207.7489282523243,[-0.49952816 -0.22961051  0.83531469],[-0.60515614  0.78245299 -0.14681067],[-0.6198852  -0.57883188 -0.52980751]
2,186.31432636418614,92.3412132692795,17.743052898594257,0.5402837973397538,0.2354979460936093,0.7105601885222459,0.5261223675562832,295.14605219921594,295.1441024815013,1.0727996883535744,[ 0.44084472 -0.89677922  0.03798636],[-0.09304174 -0.00356344  0.99565583],[0.8927481  0.44246393 0.08500882]
46,17.069530801081413,52.42205213377751,115.93312605793537,2.870206283915545,4.084663338928945,3.7748317930016544,4.2241433164263125,871.5011257887129,871.359380376485,31.241123168429624,[-0.99085196  0.07585178  0.11161948],[-0.02289159 -0.90957874  0.41490058],[-0.13299765 -0.40854991 -0.90299424]
29,31.24920301675721,23.21030589040784,69.74275275876157,3.423550822112853,2.564124897135457,2.692237251552793,2.4076775462884354,430.83208814392833,430.4537533184695,23.941461404116026,[-0.40106516 -0.80030573  0.44571007],[-0.82834     0.52460007  0.19658995],[-0.3911516  -0.2903541  -0.87332406]
29,183.92314259968157,163.44883976810246,131.60639925481664,4.789839030754588,4.377761779439518,3.7244040591495953,2.7470858236395053,1503.1222953537451,1502.8433850158806,37.607136169266845,[-0.02010844 -0.61318937  0.78967997],[-0.75178062  0.52996726  0.39237813],[-0.65910663 -0.58577598 -0.4716407 ]
103,131.2852487729106,92.54885337179,15.369548556434937,5.574871251426126,4.089118032863823,6.883724216544658,6.1414982599574035,1640.2694641073913,1639.1597937263555,77.2622923762065,[-0.58075947  0.80907103  0.09012496],[-0.02556511 -0.12877978  0.99134363],[-0.81367368 -0.57342815 -0.09547407]
35,7.312668832707215,158.4660500286046,62.223730400920196,4.575791344201348,3.5290855400012515,3.3859626891495456,4.021783485744743,1008.7707178498988,1008.5045270383229,31.831194078674773,[-0.3717279  -0.32434639  0.86983779],[-0.92733215  0.17342013 -0.33163315],[-0.04328337 -0.92990584 -0.36524194]
40,89.83608937212344,36.178602894491256,21.799624281053475,3.52982267357419,2.883414607502273,4.133036882477711,3.957239673588373,628.946497789711,628.4498433315607,29.607186058145196,[-0.42462126  0.80858615  0.4072901 ],[-0.02931691 -0.46190379  0.88644538],[-0.9048963  -0.36446307 -0.21983941]
8,131.58983768414504,61.4894676439728,89.37122178266216,1.9546138968288216,1.8091117803984966,1.98326682483936,2.015204680202877,482.4465350298252,482.4015100293777,7.4455801289145045,[-0.13189376 -0.71527086  0.68628831],[-0.62230655  0.59864996  0.50433399],[-0.77158187 -0.3605632  -0.52407594]
72,129.43557714167892,6.516058134900104,146.24531485692322,4.4734889086836995,3.991918843372057,5.232731038371116,4.790080073643712,1659.265311558602,1658.7615733491855,54.07115009764315,[ 0.43669141 -0.82894497 -0.34950085],[-0.60879277 -0.55833557  0.56358917],[-0.66232317 -0.03334096 -0.74847605]
8,46.969504217037205,134.24990171904733,147.82998550081905,1.0767910650254324,1.2614958414725201,1.6832014045685495,1.2230161806803435,580.255579625199,580.2466160123635,5.715944529029614,[ 0.80433093 -0.54415397  0.23863825],[-0.54830935 -0.52500143  0.65094574],[0.22892929 0.65442337 0.7206396 ]
20,62.07680057466729,129.62182943971018,153.75734798785078,2.523610405729786,3.140698255950501,2.7474136688272743,3.16600588517217,941.4464996274057,941.3941096549725,16.542357969242683,[-0.919367   -0.02531319  0.39258574],[ 0.26027764 -0.78743337  0.5587524 ],[-0.2949913  -0.61587981 -0.73052871]
3,179.82389206143327,77.01809310196786,168.97747205272094,0.30606834388822407,2.3290679582265166,2.6776144457501885,1.8578229639910415,447.7695161271966,447.75192287225116,5.256654214432589,[ 0.68728649 -0.54093851 -0.48479151],[-0.20918039 -0.78652041  0.5810587 ],[0.69561545 0.29794491 0.65371858]
14,63.69695811403187,88.79258221604115,35.245153790699696,1.481219147401727,2.9140730972695854,2.0542975162032215,1.9424722697719092,429.7909789319288,429.74834353001205,12.471194947794297,[-0.33356622 -0.13132685  0.93353459],[-0.76239193  0.62005178 -0.1851873 ],[-0.55451972 -0.77349147 -0.30695086]
49,94.55850237163706,44.253432028018175,39.825184052200875,4.251900754639477,4.160864591457449,2.6327453335093742,3.8313421011843145,783.2693206378965,782.8735410313556,36.69565493205862,[-0.20158583 -0.38078258  0.90242328],[-0.49300974  0.83556215  0.24244026],[-0.84634777 -0.39603095 -0.35616701]
24,50.5243960484801,148.16788018224145,125.84144516674003,5.61394839426207,2.641338384096151,3.4669031465823013,2.9580964291767584,984.5529295258915,984.1330610777599,31.661801493183596,[ 0.03092947 -0.65320108  0.75655252],[-0.9674109   0.17075202  0.18697566],[-0.25131557 -0.73768021 -0.62663258]
100,185.64087587764644,14.744652216112312,112.03293710760916,4.866242873449675,5.734665991537469,7.755082963305185,5.186607727887485,2175.622642098039,2174.2409125991444,94.59329142063687,[-0.21106762 -0.86060683  0.46347206],[-0.47548621  0.50467112  0.72056917],[-0.85402771 -0.06828575 -0.51572641]
4,53.401291493008834,71.6829969025265,196.5310488706556,2.0888981928801864,1.5231139412885566,0.7451276311668252,1.5867814946769607,431.8367371996375,431.8250622762372,4.345328098919833,[-0.40600618  0.88851718 -0.2137667 ],[-0.87974804 -0.31668148  0.35462124],[0.24739111 0.33203925 0.91024589]
45,192.2155935715574,96.88157975278705,191.95266911606458,3.5684813289458694,7.086446957409789,3.0725870975959837,5.515831161554184,1935.4368213023224,1935.1456855233534,43.5201881277254,[-0.69058358 -0.05811717  0.72091381],[ 0.28106501 -0.93998663  0.19346212],[-0.66640587 -0.33622541 -0.66547404]
9,85.96022923014503,13.033200049228508,56.14103126463037,1.9218186914793725,3.8143987334779914,1.545988191647233,1.0783648818510378,310.75791073829225,310.5180752646898,13.212660646124876,[-0.45130901 -0.41846141  0.78816891],[ 0.32616511 -0.89947511 -0.29079347],[-0.83062416 -0.12583549 -0.54242874]
11,97.29640491203959,50.798257849266626,109.91318106313537,2.3358387410704564,1.4835701977576876,1.9121569698798124,2.3408487602890458,515.286488822778,515.2470081611831,8.024243115941239,[ 0.45393466 -0.8909794   0.00995189],[-0.63367602 -0.31495192  0.70658332],[-0.62641682 -0.32704893 -0.70755987]
121,10.230700496249167,40.739488509561205,70.22366537437618,4.261854043430552,7.29471116022243,7.1815181960804955,7.091532203454655,907.043548944502,904.8281560900409,93.16759998249834,[-0.98004547  0.19696109  0.02678086],[-0.15568852 -0.84438138  0.51262186],[-0.12357982 -0.49822325 -0.85819672]
3,193.3695374629879,25.457298597389013,112.63998612372417,0.4959154959462323,0.5183701440559563,0.058168226340870606,0.3934557921192478,390.10794207090584,390.10706539397677,1.044255593925277,[ 0.45427483  0.28459606 -0.84417976],[ 0.23774672 -0.95196095 -0.19299442],[0.85855162 0.11302846 0.50011368]
18,5.955612616016024,95.35138351381936,117.46087334682686,4.024263076147613,3.378955427852161,2.4596269114215947,2.6855278235249695,642.8027931333324,642.5073430269267,21.898753032001473,[-0.59958371 -0.60617723  0.52254047],[-0.79934658  0.485654   -0.35381525],[-0.03929912 -0.6298328  -0.77573592]
282,54.23537149698148,43.805417354987284,104.22774163295162,9.150886248775608,6.053982526574715,9.742130200784224,8.784829752686766,2118.3182525759416,2112.883056924105,195.221510053593,[ 0.18371932 -0.93657494  0.29845366],[-0.88330761 -0.02407936  0.46817502],[-0.43129442 -0.34963919 -0.83170762]
42,162.1745892789164,51.173057734031005,175.47305527816738,3.6528655259846254,5.067402870994134,5.875068556492995,5.638833317093887,1584.4431000224379,1584.1765592747236,41.80908164624663,[-0.68714597 -0.20914626  0.69576451],[ 0.29580552 -0.95523511  0.00499842],[-0.66357329 -0.20924563 -0.71825257]
54,70.62366447877626,163.4167072573659,118.7258222034097,5.59028531966788,2.702537932135083,5.432716180185555,2.7808970036402267,1573.5234251080615,1572.6626001019174,57.18848221028784,[ 0.56916856 -0.62989681  0.5284668 ],[-0.75311089 -0.14145827  0.64250568],[-0.32995628 -0.76368813 -0.55489574]
101,184.06344017695116,20.429176015680458,186.3309866150039,5.488297018820354,5.07150432557944,6.476321775398058,4.504743654364725,2641.716335283734,2640.9217575504267,88.53780272559122,[-0.25190788 -0.90308422  0.34782368],[-0.66765198  0.42235987  0.61306849],[-0.70055925 -0.07778838 -0.70934174]
132,185.76804148085478,139.3413685149759,186.89795516264988,5.408430488692762,6.6023251034687425,6.5745871704585115,6.5020443140957385,3426.6327811424067,3425.970311776396,98.52234493988645,[ 0.04702727 -0.82255901  0.56673196],[-0.78079443  0.32359529  0.53445874],[-0.62301565 -0.4676353  -0.62703169]
157,53.74452478967374,159.50054160873358,92.36952322068004,5.687841992444509,7.101717584161774,9.101194996074064,6.944573002486514,2409.99067386242,2408.2793624008827,136.01999150642862,[-0.94635999  0.32302951 -0.00739636],[-0.1616147  -0.453403    0.87653089],[-0.27979182 -0.83070913 -0.48128878]
289,14.957203532494589,25.87941995790092,143.37715991413063,7.581122699169397,12.223059901763527,7.170823083331204,6.399306644461817,2501.3562207642403,2495.3913780011026,252.79985531253453,[-0.97990848  0.18769115  0.06746403],[-0.17190919 -0.96632954  0.19145352],[-0.10112662 -0.17600924 -0.97918035]
37,148.01936935260358,8.335394652354706,66.6600502612871,5.4824211418820195,4.112644332838119,3.457015832821963,4.77795754476522,989.6120782036438,989.4367899202264,36.446100782980764,[ 0.28658993 -0.7929307  -0.53770543],[-0.29727008 -0.60714495  0.73688908],[-0.9107671  -0.05134125 -0.4097162 ]
23,122.42617393284678,62.78736235027027,133.07796552421468,3.742978429933343,3.3464330316405015,3.140624106557751,3.9414196003392887,918.3599133663953,918.2740544577463,21.18424372161529,[-0.75988961  0.13357779  0.63617981],[ 0.11575773 -0.93521176  0.33463279],[-0.63966235 -0.32792671 -0.69519504]
8,6.758109545527722,155.15266446081645,182.41506780212416,2.2867630500207774,2.0189323807797064,1.025607171358657,1.7259079627862193,677.651012621311,677.6341111033979,7.699686850641626,[ 0.0432097  -0.76179458  0.64637601],[ 0.99866682  0.01464663 -0.04949808],[0.02824014 0.64765307 0.76141184]
143,60.85247409880601,188.83495876153447,73.87764826696952,7.741213682639748,5.020627712393789,7.282148162236569,4.292162849099945,2534.2754070846804,2533.4168055463065,130.99482329371625,[-0.55475502 -0.14214174  0.81978204],[-0.78080291  0.42927955 -0.4539448 ],[-0.28739116 -0.89191636 -0.34912968]
152,87.0831324561914,180.2819706487948,100.56342813158102,4.523082257631593,4.978720912892701,12.93751487607375,6.660105869956166,2767.626036543614,2763.9646688800362,159.98421420480838,[ 0.83933673 -0.51010154  0.18791026],[-0.38059146 -0.30459096  0.87314059],[0.3881546  0.80437601 0.44979467]
346,15.12245311237924,189.3319891437419,106.98682230514507,7.166041581218507,6.168405574891174,9.683240750368036,8.281733215397502,4060.6031953494853,4059.9807779029047,199.16535640581756,[-0.98734243  0.13026624 -0.09047451],[-0.14255758 -0.47887598  0.86623041],[-0.06951451 -0.86816387 -0.49138502]
44,25.847159947928745,124.36814188114109,12.675009516952924,4.82346908336799,6.094936402125349,4.646391780900637,4.915638101368026,848.5079978264542,847.8294970387141,49.98221324397254,[-0.60962593  0.0461295   0.79134588],[-0.76670749  0.21918349 -0.6034221 ],[-0.20128551 -0.97459256 -0.09825211]
108,46.638918375983764,23.647165493410622,6.038363013728702,11.00911458919915,4.967734185478425,4.471758007744455,10.300746283554117,561.6262059963567,559.4962666963129,76.61775951602897,[ 0.120756   -0.46624511  0.87637519],[-0.4374162   0.7675152   0.46860163],[-0.8911145  -0.43992717 -0.1112611 ]
71,75.8753638993123,109.16404499640534,87.3083761740556,6.750419225121565,4.615354197005176,3.841121570506769,4.839666559169616,1341.9937880226562,1341.1413499422881,64.0473449298693,[ 0.01038254 -0.62886188  0.77744771],[-0.8786901   0.36536226  0.30726881],[-0.4772797  -0.68632584 -0.54878132]
48,137.20128551582113,147.2818611297972,118.58170618272818,5.220585285352704,4.331116108007061,3.2051350657054827,3.804391394358016,1619.292223452777,1618.8720768006194,44.88146581321905,[-0.25843128 -0.44827659  0.85572272],[-0.76699788  0.63375245  0.10035978],[-0.58730531 -0.63040141 -0.50760865]
31,137.77679115874042,137.47207864654715,97.8076383083625,4.151517506482928,3.995168198467389,3.678738547239847,4.910519974688087,1213.3269698868776,1213.1659967831208,26.436831235767144,[-0.76718112  0.59005656  0.2515281 ],[-0.10614075 -0.50351176  0.8574439 ],[-0.63258776 -0.63111739 -0.44891376]
16,177.4315026443303,6.29958332146935,8.299941737413587,2.256260528153799,2.9496291929524507,2.9290523194755393,2.2710829240611936,711.1416864664283,711.0668489507613,16.5430109320907,[-0.00762512 -0.71058264  0.70357244],[ 0.05818095 -0.70271623 -0.70908735],[0.99827693 0.03552764 0.04670067]
57,120.15632554871476,80.85224278807603,36.40921378202458,7.912872214049241,6.49976005146874,5.147628573330836,5.184098252335046,1130.0343716393443,1128.836686746535,77.16476974980729,[-0.35282827  0.10723989  0.92952236],[-0.47644835  0.83438869 -0.27711458],[-0.80530068 -0.54064325 -0.24330164]
43,5.042780403235074,184.7189645537436,56.97778138643231,3.1436659021825206,2.620715761328347,3.464558629790736,2.893162480916904,1268.4004816688005,1268.28635271425,29.66799182871195,[-0.75918423 -0.17281724  0.62751374],[ 0.65034976 -0.24016541  0.72067036],[-0.02616283 -0.95522499 -0.29472144]
51,130.56684833755665,112.0999111141528,183.09287286310933,5.7790255328246705,6.304601437062351,6.515226265493811,5.895000711741725,1795.9193156174358,1795.0929305093598,63.94598657946588,[-0.82089578  0.02447502  0.57055333],[ 0.23647511 -0.89483349  0.37861927],[-0.51981694 -0.44572862 -0.7287773 ]
3,46.92472368786622,144.3695553625256,101.77633459492495,0.07741850239930298,1.1777363358330006,0.20094675294156228,0.9487811859770491,316.56443688762056,316.5619646877872,1.2662470646778556,[ 0.94312067 -0.07886558 -0.3229607 ],[ 0.21120036 -0.60810106  0.76524997],[0.25674463 0.78993248 0.55685624]
15,167.06667274499264,92.59764903543747,158.48128768731593,1.8373313536132447,2.2138693684843767,4.818334477702843,3.2738624246528505,961.4590411656937,961.3982741385233,17.6680519855438,[-0.47722014  0.87872309 -0.01032823],[-0.56505919 -0.2978309   0.76941852],[0.67302975 0.37301808 0.63866146]
40,44.418902648056715,119.89947225969783,81.22963982808666,3.639156327831172,2.4534540527216824,7.7128030846079545,3.737987853313979,959.5447954412035,958.522609546619,50.81683250412505,[-0.88376083  0.43842976 -0.16354248],[-0.3647668  -0.42654683  0.82764907],[-0.29310746 -0.79109869 -0.53689   ]
4,145.02366698721704,167.45830703140803,123.18207006512375,1.9476381179773044,1.6264008980573148,2.329089828491719,1.3112731609748978,506.98629850885453,506.95465067504455,6.367737260178127,[ 0.73213676 -0.144381   -0.66568002],[ 0.36959318 -0.73670357  0.5662762 ],[0.57216837 0.66062242 0.48600553]
4,185.9048370111662,66.4624932489145,64.29475785751485,1.8866627336075321,0.8800378731429037,1.4796000736942814,1.251586587921815,415.2951874467598,415.277989190444,4.447806165839326,[-0.19367486  0.90594377 -0.37650488],[-0.40099927  0.27714873  0.87314842],[0.89537123 0.32008508 0.30960605]
27,139.26287357788485,73.087046039114,72.53854646920134,3.673109351468874,1.9554933539672366,4.254441001027946,2.6301757865931363,900.3931933413895,900.1732653065311,27.7258052689925,[ 0.36313281 -0.90640655  0.21578165],[-0.47064111  0.02143417  0.88206435],[-0.80413401 -0.42186222 -0.41880873]
83,19.83535312283467,149.204994433495,102.6190108805938,5.674355313432346,3.283870550954531,6.337241165161681,5.345804474906074,1661.3793415021562,1660.7213603621021,67.37668909337961,[ 0.5063792  -0.53359803  0.67738707],[-0.85543403 -0.21183734  0.4726072 ],[-0.10868639 -0.81877841 -0.56372793]
10,160.02201183105186,5.286252144889401,171.01552944999366,2.3467606257513705,2.1244578520922595,2.9512617489734336,2.1593726246951825,740.9143509951554,740.8814738002301,11.881844318496551,[ 0.01184238 -0.9997346   0.0197606 ],[ 0.73027481 -0.00485228 -0.68313627],[0.68305085 0.02252063 0.73002353]
19,190.57247762729025,64.83824384368945,137.13429478378043,3.0863522781040427,3.4700427890180685,1.478596025140656,2.538285600787079,1061.9002083731425,1061.788242596056,18.116347336234774,[-0.50184332 -0.26578907  0.82310963],[ 0.36870936 -0.92656282 -0.07439585],[-0.78243638 -0.26615316 -0.56298828]
56,26.554247840317128,107.05098962086848,193.8088391715985,3.969101836730933,3.5676947208457035,3.790573113866834,3.8004959431172396,1669.267842184946,1669.1830008121717,39.824837925214524,[-0.59083442 -0.66921766  0.45062447],[-0.79794573  0.5671991  -0.20388184],[-0.11915247 -0.48003428 -0.86912012]
322,117.66923379324442,120.15758643644087,101.63393321980719,8.473769305139452,10.364870985223321,15.552766453293415,7.12598733815859,3541.6750568612692,3532.278945660472,343.1395589397372,[ 0.72248556 -0.69113969 -0.01845375],[-0.34648657 -0.38504037  0.85538937],[0.59829898 0.61161249 0.51765673]
20,12.99385929001732,4.429620416421751,190.81212695277713,2.110412984030699,1.762401464753636,3.7869816793390365,3.8450720355543124,855.7810808858252,855.7342339291023,11.95391591469651,[-0.64418185 -0.76239064  0.06156504],[-0.76184166  0.64670577  0.03699907],[-0.06802221 -0.02306868 -0.99741707]
30,127.81351396526843,115.45833423068706,145.25373598752898,2.610473191693041,3.0433233819309393,2.7409191412368488,2.870885409804523,1234.3266538350358,1234.2314163551603,21.447863687112882,[-0.52091505 -0.38308839  0.76281767],[-0.63787129  0.76854231 -0.04962801],[-0.56724574 -0.51243146 -0.64470634]
18,194.001388146831,189.8896037357132,184.7757059762804,2.5467509633769336,2.718551042696533,4.145744316644198,2.56941100654347,1393.3924871778675,1393.2892082738103,20.992204377104404,[-0.75181268  0.6476536   0.12378411],[-0.292853   -0.49616807  0.81734593],[-0.59077475 -0.57824049 -0.56269275]
32,42.69663370972598,6.417479598405872,151.44238724222848,3.306234114615059,3.7367869729119954,3.432093395954503,3.470504743375842,891.4136302591421,891.1056022346705,28.188822596873322,[-0.74669815  0.63936909  0.18343676],[-0.60739082 -0.76781933  0.20378878],[-0.27114253 -0.0407509  -0.96167619]
38,60.73526252870811,179.18208678090568,104.3245545991116,3.227486853663257,4.992404729952507,5.0968296615050805,5.481846837282797,1332.5359218015399,1332.4414778439675,34.37891248543503,[-0.91704039  0.38040092 -0.11971656],[-0.28300678 -0.40926466  0.86741547],[-0.28096989 -0.82933562 -0.48296826]
22,118.81835362189298,3.8865253800114927,49.00042217273222,3.396922274178933,2.049974526531813,4.226050446921269,3.677542764033253,603.6496674649552,603.4347014010691,21.11345607238183,[ 0.03559537 -0.99934066 -0.00715674],[-0.38078491 -0.02018349  0.92444333],[-0.92397826 -0.03018073 -0.38125228]
75,144.89252781838812,40.479240897141814,108.61149522321662,4.228150951563924,6.161459267877134,4.253319308851179,4.578849596904354,1608.3954562962358,1607.6557132160685,62.66950767925039,[-0.44688908 -0.45958411  0.76751065],[ 0.43665896 -0.86086299 -0.26123525],[-0.78078109 -0.21839722 -0.58539179]
35,168.88323999783697,25.126512705080884,80.43653069266313,3.2649534577042076,5.228073497471008,4.749860819306424,3.466792684576063,1117.388357068581,1116.9524656092062,41.27988670790195,[-0.25082219 -0.63987259  0.7263961 ],[-0.36955279  0.75684466  0.53908895],[-0.89471726 -0.13322623 -0.42630013]
299,148.66934158827488,164.07099882524906,185.80773382010986,9.585237271799853,15.035736765386615,8.865074957462875,12.132992129812557,5008.345084207977,5004.084706549426,271.07488185833114,[-0.31643436 -0.57071173  0.75773176],[-0.79764128  0.5924312   0.11310905],[-0.5134566  -0.56860654 -0.64268883]
91,105.421446247872,148.9580969744919,49.01830256569863,7.195167600296765,4.621913153684053,8.230381620343403,5.065074401706867,1805.5288900504993,1803.7692113016171,102.12190442910652,[-0.68244063  0.61371114 -0.39703075],[-0.47186565  0.04493178  0.88052481],[-0.55822718 -0.78825108 -0.25892593]
26,62.954031230594914,59.62555358697279,140.36434626446695,7.079006003005436,4.489661983137663,2.6250174521954124,2.754571020764021,842.3162951131825,841.5268613011983,42.63306942076269,[-0.43911679 -0.73905866  0.51085099],[-0.81321272  0.56867085  0.12368726],[-0.38191821 -0.36111737 -0.85072482]
13,66.231370595303,158.8953420119562,53.34231292695681,1.614035138724314,2.1432731109594263,3.8868204311962966,0.9912324126192767,650.0024939224875,649.8251014297323,16.641617247987757,[-0.90333854  0.26272561  0.33904975],[ 0.22118151 -0.39193853  0.8930078 ],[-0.36750268 -0.8816799  -0.29594313]
5,176.78687179643163,148.29227050526347,178.12212137669647,0.9037370589249953,3.6741342762817726,2.8116912614069993,2.8727778895814353,651.8799186957557,651.8602297342569,8.359733974047467,[ 0.50920303  0.34177519 -0.78987467],[-0.61072242  0.79014754 -0.05181693],[0.60640779 0.5087795  0.61107529]
