N,MEAN_X,MEAN_Y,MEAN_Z,SIGMA_X,SIGMA_Y,SIGMA_Z,SIGMA_R,LAMBDA_1,LAMBDA_2,LAMBDA_3,EIGEN_1,EIGEN_2,EIGEN_3
423,49.682582167525005,46.68871656824766,92.53741149693441,10.43338991605016,8.04928655101114,18.061967957677652,16.484530075038883,2400.6822110765365,2396.411313303961,306.03015980281174,[ 0.80495533 -0.5755266  -0.14427766],[-0.40843726 -0.71385965  0.56884392],[0.43037881 0.39896557 0.80969164]
129,136.81340910397864,13.987969501315872,124.40769392072569,4.8355008682640435,7.038930317567088,4.382859163961126,4.229505837186642,2108.4652824144728,2107.469939284742,97.74777356005711,[-0.64017287  0.39363814  0.6597179 ],[-0.21408707 -0.91614206  0.33889594],[-0.73779768 -0.07571492 -0.67076213]
3,165.9181778645806,142.89137510334368,187.30438738386442,0.37899174637730515,1.8087123636717786,0.811865160234423,1.1398482338012166,499.10031963023505,499.0924724153695,2.888299313114307,[ 0.73623223  0.03125238 -0.67600695],[ 0.35555046 -0.86781386  0.34710658],[0.57580029 0.49590564 0.65002433]
503,114.66627600648206,122.6428971020721,32.76626897047874,16.199911769376616,11.281796880962908,14.575557578626526,14.991042566458075,3868.0249635272176,3858.4513707611545,441.9896666145625,[ 0.66639644 -0.69600725  0.26737557],[-0.32205354  0.05472866  0.94513824],[0.67245617 0.71594601 0.18768061]
144,145.8235186483282,33.73222979731559,94.81507436462431,5.309821886882229,7.702455222876796,11.978177865878486,8.853719354293583,2133.064061858821,2129.652103730162,148.72195983225248,[-0.1288959  -0.85536757  0.50172918],[-0.55500955  0.48151109  0.67831517],[-0.82179696 -0.19103244 -0.53680197]
391,14.678905715307355,187.3887479330686,107.74650254548942,8.40445789558046,6.270659339153381,9.843504541335166,7.267908846610815,4290.661395315744,4289.299643370828,245.84615534379887,[-0.87683083 -0.18622372  0.44327014],[ 0.47596637 -0.46658941  0.74548665],[-0.06799785 -0.86464736 -0.49775621]
5,175.78838987251353,71.34799335078392,84.51354730745632,1.1406618507597195,1.1065456469622905,3.9327373046098546,2.571418758169634,464.4989740589675,464.44585860668764,7.550215363801897,[-0.39144616  0.91941669  0.03798492],[-0.36122881 -0.1914983   0.91260186],[-0.84633543 -0.34351324 -0.40708107]
1911,94.51351244969237,125.93991523754528,136.18005608553986,17.189598105703997,33.11659126567651,17.825360617596047,22.791086738143964,9238.113609550866,9198.219185835815,1491.9121390683663,[-0.8922294   0.28766786  0.34810042],[ 0.02690988 -0.73560669  0.67687418],[-0.45077994 -0.61329438 -0.64858881]
303,94.61239605824063,86.23862157566231,82.62617476314853,11.507223570744534,14.416551967375614,6.249826378691992,7.609201388590859,2671.044760441404,2658.3499367228437,311.87766365644916,[-0.36895594 -0.39850836  0.83968006],[ 0.69243065 -0.72049925 -0.03769123],[0.62000912 0.5675138  0.54177188]
46,39.63278771876852,81.3298550553891,67.93180029952313,2.572232173849128,7.61235634512864,3.556745427836287,4.999165858186273,769.3473906433526,768.3839144506064,48.96446806851169,[ 0.88005373 -0.03261817 -0.47375256],[ 0.32164556 -0.69299967  0.64520973],[0.34935593 0.72019964 0.59938545]
404,102.25299281260048,106.69716486548694,188.51461203044119,13.298411531472217,14.050632492856463,5.697046873487599,12.321948159561503,4827.76622305719,4824.813963791653,321.98342885523857,[ 0.62532546 -0.77395031  0.0998448 ],[-0.65267739 -0.44857362  0.61056853],[-0.42776197 -0.44697049 -0.78564437]
281,172.29434275053154,158.22471301244275,147.46705190826717,10.10635394501051,10.525363652767394,10.12894990724869,14.929117351397462,4643.918274941015,4643.245465641507,161.34114670203263,[-0.63886407 -0.02137168  0.76902273],[ 0.45141731 -0.81985157  0.35222977],[-0.62295675 -0.57217711 -0.53342126]
16,30.3213969506887,22.901142385643062,69.00713433695188,2.240928167576252,2.7498384591991,2.100936520484851,2.440618804247155,315.474858339132,315.3252639663425,13.273816950124518,[-0.72133171 -0.49722899  0.48212435],[ 0.57578771 -0.81739064  0.01846746],[-0.38490138 -0.29092245 -0.87590813]
83,118.38530813712975,15.107250351717298,101.48469215189803,9.3024758964235,5.478886166683777,4.664483857838589,7.400661075392753,1430.759183472191,1429.323800815185,83.47786909898856,[-0.34651146 -0.78076667  0.51993578],[-0.55456035  0.61754837  0.55776055],[-0.75656634 -0.09506535 -0.64696983]
37,151.7195061286146,43.32607300074489,194.0439733855033,4.274286578319525,2.9127322699156393,3.1220180542819094,3.160029897392726,1521.652375055049,1521.4839585201134,31.451362730241012,[ 0.38765385 -0.91652935 -0.09848069],[-0.6940096  -0.36050082  0.62320931],[-0.60669199 -0.17324294 -0.77582969]
308,154.18779484534923,167.061427860834,185.0498560458652,11.794745327852421,16.421099038502884,8.772089270601272,14.345829559340173,5155.110491006568,5154.414619306091,294.9325475774459,[ 0.41566545 -0.81908986  0.3953657 ],[-0.74217369 -0.05418997  0.66801322],[-0.525738   -0.57110004 -0.63043184]
71,75.49996290402298,131.45381908735314,10.899090376996293,4.063484882574063,11.418728883784263,3.303754886551622,8.799681218929042,1284.7550137179678,1283.04582988728,75.40285901387668,[ 0.02610693 -0.0976394   0.99487938],[-0.86889124  0.48990196  0.07088077],[-0.49431411 -0.86629246 -0.07204818]
41,171.4800526838992,7.524317796679828,20.3128379740996,3.5741492580786285,4.475059431647163,2.863782659186906,3.55855174118372,1107.4360123782255,1107.026874381612,34.04739868032319,[-0.12356047  0.49650869  0.85919261],[-0.02080958 -0.86693344  0.49798932],[-0.99211883 -0.04365236 -0.11745084]
20,171.09057457467088,189.60950674941114,38.0269184570048,3.327789855734573,2.1853738369408418,2.440756258914597,2.56905029497709,1154.8813208005824,1154.8196758335382,17.45840768088659,[ 0.38071266 -0.1608829  -0.91059023],[-0.6449453   0.6594858  -0.38616583],[0.6626488  0.7342991  0.14731393]
278,15.37475593622281,25.543856907772156,142.97982185852482,7.31939371165874,12.126291697362845,7.68669082268461,6.845476637020213,2446.859740594047,2440.8669363788495,245.13392737279275,[-0.98214968  0.17297826  0.07389532],[-0.15652875 -0.96944318  0.18888797],[-0.10431083 -0.17394952 -0.97921439]
5,98.06344690723571,175.38757061512052,114.3394685366599,0.9102659917499821,1.9192423874051103,2.02108484926968,2.040267538866648,517.0046111187713,516.9889532986804,4.707329645958284,[-0.41364946  0.64811159 -0.63941027],[-0.80562334  0.06659089  0.58867366],[0.42410512 0.75862838 0.49458854]
119,14.619060164317716,83.57004885357847,50.855116783949036,5.8670448994225595,8.198558196286744,4.092688142248762,7.415737341052371,1084.7069850295597,1082.8254454668668,87.45045387569563,[ 0.81085118 -0.40149927  0.42581533],[-0.56559901 -0.35062005  0.74643375],[0.15039321 0.84608742 0.51138827]
61,78.23452437728942,24.291534891827595,114.18942784682032,2.8324386308923377,7.186306420349647,4.984948591228553,4.339558955100465,1099.6963400059456,1098.3848132274356,63.42650465301972,[-0.81605903  0.29765468  0.49542846],[-0.15623976 -0.93888543  0.30673   ],[-0.55645018 -0.17290416 -0.81269142]
2,40.55441267002482,133.92251243817245,96.03106269736605,0.15205715929598185,0.42096492748930814,0.4599061083153657,0.10828912918154288,240.00948553766338,240.00781843269147,0.8945609168989249,[ 0.95031881 -0.30976416  0.0306648 ],[-0.19947775 -0.53040845  0.82393902],[0.23896191 0.78912169 0.56584819]
480,100.56315396022835,131.79910696344794,167.61298514991913,10.744011654382762,11.05609746625632,7.093994617721502,10.907131265824281,5175.428279009233,5173.474676079052,285.5181559044761,[ 0.46287061 -0.80999357  0.360085  ],[-0.77685191 -0.17503675  0.6048663 ],[-0.42690971 -0.55970756 -0.71026442]
226,23.429640848481473,11.801710302365315,105.68341386098727,6.735555879466134,8.19776461073627,13.881712747922105,13.226040810377473,1654.1060689205835,1652.8874596514795,171.28795330295665,[-0.96160714  0.19992087  0.1879983 ],[-0.17438325 -0.97410432  0.14391409],[-0.21190139 -0.10560506 -0.97156851]
702,180.86743562031782,96.64795354401083,71.86394879286544,9.988959874969199,9.495028669499202,13.784240958133585,10.184799736150422,5776.600768684463,5767.626499710457,439.62931578267285,[ 0.34739409 -0.88332936  0.31471668],[-0.43235908  0.14693122  0.88964984],[-0.83209553 -0.44512971 -0.33087243]
2,178.09481198338136,64.6008702479131,25.10787817252387,1.0049706043816258,0.32466397264484925,1.5331412496785592,1.2476925049413978,270.2772869969366,270.2702238051954,1.953967940889637,[ 0.34421794 -0.93850455 -0.02689269],[-0.11425592 -0.07030178  0.99096077],[0.9319118  0.33803382 0.13142884]
62,176.3203222833805,24.969156939307943,96.97117913726217,6.341127766095342,3.9682564401992715,4.270781532391728,4.708509925478781,1597.8862068351045,1597.2094280042083,56.849916592629896,[-0.13112851 -0.87595624  0.46422621],[-0.47575823  0.46642623  0.74572158],[-0.86974675 -0.12307408 -0.47790517]
40,131.10542459040067,78.89797615320707,34.648871514781845,4.2471656712484025,4.0163567493517,4.0567751975057975,2.8403032611786707,992.9269969739217,992.7573237888031,41.284566055477846,[-0.20348839 -0.08996434  0.97493533],[-0.50996071  0.85977065 -0.02710168],[-0.8357826  -0.50269359 -0.22083162]
72,127.0971438515224,113.22949830637533,179.42647478748512,5.199350164114124,7.131567995227698,7.080336000799842,5.775922618441437,2100.7250844696364,2099.2425839034167,82.63649034102278,[-0.81792384  0.00649305  0.57528987],[ 0.25838249 -0.88927599  0.37739463],[-0.51404191 -0.45732489 -0.72568234]
8,171.1447136858231,44.60108091607779,35.64950485181272,1.9429474628726273,1.9426489366869988,2.1479131033999623,1.9163043399492985,510.37656801064526,510.34569440589075,8.254489482960091,[ 0.31492935 -0.79882989 -0.51253323],[-0.03110409 -0.54840815  0.83563212],[0.94860531 0.2472232  0.1975567 ]
7,105.08705383752951,57.90354482304576,100.60701787168773,2.8942718954577518,1.3785425156658062,1.2650813108174728,2.57830026264607,414.3589748618554,414.3510428482959,6.039865473836338,[-0.18851598  0.92335991 -0.33446704],[-0.71686287  0.10340094  0.68950407],[0.67124463 0.36974954 0.64242971]
197,188.28227043413133,33.35562516281156,64.34652008654258,4.886181525774682,6.5631811491050405,6.517424273967909,4.317409828426312,2834.034766018856,2833.814589393005,133.97989058389197,[ 0.11554154  0.70267616 -0.70206579],[-0.34009618  0.69206466  0.63669546],[0.93326563 0.16520512 0.31893969]
161,127.84194028844377,50.124807032134704,27.951178547997024,5.545013256507361,11.71501473723776,6.022594677029039,7.1401306415449115,1785.927976851384,1781.9264078321216,155.53286274255558,[-0.12631008 -0.21743399  0.96786788],[-0.39173046  0.90731865  0.15270928],[-0.91136876 -0.3598546  -0.19977901]
41,111.31211482421119,189.0226927254219,157.02408333836547,4.3075130158051085,2.672102573632511,5.20885141999245,3.321292307472495,1727.845108990427,1727.6698178084177,41.41722077747316,[ 0.49147283 -0.70929204  0.50533084],[-0.76697223 -0.07763696  0.63696633],[-0.41256279 -0.70062637 -0.58216375]
134,185.0446659230403,137.45315351107584,183.19362436713763,5.347591452247356,7.876103408251525,7.405775105470215,7.79984050826243,3410.9024137485303,3409.9345450483806,106.23262996963192,[-0.25086569 -0.63554783  0.73016803],[-0.73653196  0.61478473  0.28206453],[-0.62816166 -0.46703178 -0.62232969]
7,137.6592015175093,29.090042081126814,192.59441539879407,0.9540579223339334,1.2623112444984699,1.0389986591423555,0.8011314380352728,631.0640731328851,631.0564309788961,4.5401665373716815,[ 0.62103775  0.57653029 -0.53096604],[ 0.53029184 -0.80792278 -0.25700457],[0.57715048 0.12195742 0.80747985]
78,38.88729694922916,101.57906588176701,156.9026284323134,5.740196494174603,8.359594681554356,7.735115038907899,11.438715192094078,1689.6729856497598,1689.3736075840811,49.35565591330587,[-0.69475526  0.67001411 -0.26152671],[-0.68955235 -0.51708052  0.50709496],[-0.20453041 -0.53264325 -0.82125421]
130,73.93649844375358,136.43941483204952,71.71912451079888,7.584155556913604,6.800149504347881,9.497671981602752,6.973115055725186,1954.671267463574,1951.8329180671083,137.06799341338365,[-0.82893621  0.16934595  0.53309165],[ 0.35405754 -0.57896857  0.73446488],[-0.43302196 -0.79756965 -0.4199698 ]
23,118.33949274215553,10.585904835035086,194.0759787756367,4.104867305626209,4.6145894371244625,2.7165227246684935,2.5808684851146384,1091.677549583031,1091.5143705360988,29.87637450849829,[-0.68715316 -0.57033124  0.45004756],[ 0.50727142 -0.82010553 -0.26476901],[-0.52009253 -0.04635941 -0.85285085]
169,12.724584442734335,39.013904377366806,70.89105046934299,5.461006630052475,7.352930575521383,10.800438627590852,10.466475464796618,1078.7753259850253,1075.2581818725741,125.18052354241745,[-0.98732619  0.05548421  0.14868925],[ 0.02216322 -0.87951084  0.47536247],[-0.15714891 -0.47263325 -0.86713438]
22,59.661426029760555,74.45786709424296,65.68458428100413,2.957034367700021,3.447332188490229,4.323361821119662,3.9270148540667447,543.8844681782076,543.8589453490791,22.931781509876643,[-0.56748606  0.75150894 -0.336443  ],[-0.64264524 -0.14880786  0.75157389],[0.51474914 0.6427212  0.56740003]
20,165.10054585354828,172.26132598086642,173.06262904221566,2.9928276820824546,2.574751138677512,2.845562743227801,2.3069016984744874,1318.3624141900557,1318.2612380676449,19.191827009503484,[ 0.19616855 -0.78214177  0.59141539],[-0.80487158  0.2160672   0.55271756],[-0.56008895 -0.58443924 -0.58713809]
75,24.21503831903716,148.21103677360733,103.04925629730693,7.361548410470573,4.006245542980496,6.3657015589188415,4.344944725766465,1579.173505680459,1578.5175887183614,83.13996106569998,[ 0.19563576 -0.58135986  0.78977678],[-0.97168313 -0.00609516  0.23620913],[-0.13250869 -0.81362372 -0.56609   ]
303,171.41288748547726,126.3400278845861,95.860893337625,9.034906316839855,5.6270753935789966,20.9599711428611,12.924493629453517,4084.4606619192027,4071.9452099163277,344.4171732193516,[-0.66439789  0.69670432  0.27051531],[-0.14223246 -0.47320444  0.8693949 ],[-0.73372023 -0.53914807 -0.41349   ]
143,105.56173756547729,56.42031026801878,186.9380373462094,10.976359623125127,7.836475178919311,6.468173879309197,7.1705142823535315,2659.533431349323,2656.7157052452153,156.92436208207363,[ 0.54494745 -0.83662284 -0.0556283 ],[-0.69007905 -0.48519996  0.53700271],[-0.47625957 -0.25425033 -0.84174437]
8,196.22027968857617,111.33455211357327,82.43329108547664,1.6321977588804952,0.737035191265443,1.7484286657067654,1.8951337010116414,679.4047732378331,679.3941683128472,4.625690056532859,[ 0.53026317 -0.83767002 -0.13088131],[-0.22683447 -0.28891319  0.93009424],[0.81692539 0.46350632 0.34321246]
2,81.41304150868123,194.33891471064499,96.61369238563285,0.09355943561060798,0.3030872466078307,1.178922175494158,0.27012635612459235,327.81517087448606,327.8108467610239,1.6837462067912028,[ 0.93629027 -0.31503026 -0.15529477],[-0.00110833 -0.44479692  0.89563077],[0.35122542 0.83839826 0.41680819]
4,97.6863945971862,154.13762593126165,73.56379500288315,0.7777740903569365,2.6198387340144174,1.015932232860234,2.0160935123707584,393.55214796382774,393.5331889602748,4.208525304978914,[ 0.82637098 -0.29470894 -0.47985169],[ 0.26577431 -0.5471333   0.79373117],[0.49646251 0.78344866 0.37380902]
269,52.274103012887814,98.4339319727193,125.30491620202046,6.437550218352008,12.554464483746628,8.016792037615089,10.797941078785067,2761.5751385250537,2757.785716384642,200.6008638245721,[ 0.81776943  0.23497088 -0.52539684],[ 0.48456988 -0.77365707  0.40822391],[0.31055625 0.58842452 0.74653292]
222,52.163001647092834,23.041546936489222,119.71753013545234,8.155742232589406,7.6324428659158015,13.139832521413613,14.016283409924563,1990.1249199828014,1989.1875699102798,148.21559460458192,[ 0.40464142 -0.91447386  0.00169574],[-0.82589951 -0.36465114  0.43002272],[-0.39262618 -0.17540551 -0.90281647]
17,9.836529221435677,126.35769291840461,170.28823281651586,2.9451404084437804,2.0545240217271084,4.076354808703308,3.4174232438250245,875.4729542381336,875.4009694706565,17.356571597568767,[-0.71793094  0.57827378 -0.38752368],[-0.69457144 -0.55803114  0.45406141],[-0.04632152 -0.59514761 -0.80228027]
3,70.7022538698756,65.52449638720357,50.22431509084387,2.6054081914410374,0.529843412327705,1.1476917235322652,2.1914734046906386,188.33142176296664,188.30682491698235,3.2607808911293508,[-0.23462159 -0.4191835   0.87706209],[-0.7222189   0.67907645  0.13135842],[-0.65065549 -0.6026113  -0.46206824]
17,50.29058769255215,148.00786325430158,124.50581279389499,2.379602797742406,2.197363591579646,3.9632930148240475,3.0368236243099926,824.164205431405,824.1474708040452,16.993552530181436,[ 0.85908154  0.12571832 -0.49615905],[ 0.44577115 -0.66014034  0.60456829],[0.2515293  0.74054685 0.62315598]
56,10.007031416452065,157.37370005825258,62.772506878241686,7.100334850679986,6.973498475282931,4.8560137542292905,7.0260662156391325,1272.2564141004507,1271.7415839271362,64.46773364622722,[-0.33500712 -0.329952    0.8825542 ],[-0.94029082  0.17691675 -0.2907811 ],[-0.06019481 -0.92727134 -0.36951921]
168,131.9734183492791,88.61474311107499,13.700985622484918,5.542095737835389,9.551171181175729,7.176093097601565,7.6062296708872745,2073.2881253913806,2072.2736746188752,138.1171403649632,[ 0.13878563 -0.35051103  0.92621842],[-0.54572643  0.75338196  0.36687639],[-0.82639047 -0.55637904 -0.08672454]
21,178.15643069157053,27.199813288148146,134.52148688727317,2.9045610282187795,2.9027506862823467,3.0639059017208816,3.7123457896384635,1030.806020137128,1030.753961218576,16.181147349996245,[ 0.55226828  0.27510545 -0.78696679],[ 0.25974571 -0.95377658 -0.15113703],[0.79216912 0.12094306 0.59819801]
7,48.71941993042237,95.29078530872903,78.0695758565817,1.1974793447140064,3.0644867337848707,2.571661801251189,3.291476005649358,350.65867581988294,350.59802560719277,6.818847417861294,[ 0.00314614 -0.63470917  0.7727447 ],[ 0.93007989 -0.28200855 -0.23542001],[0.36734385 0.71945497 0.58944299]
3,133.59002490046217,53.39837424796127,192.6958639278649,0.20819780009071462,0.9861770897836825,0.6071213327643584,0.39053591469877713,416.5240381715026,416.5196225101987,1.9233349751020223,[ 0.82895249 -0.22331731 -0.51280323],[-0.06507987 -0.94911799  0.30812278],[0.55551992 0.22204598 0.80130718]
127,135.5491564021759,170.41264372763493,138.75108997249862,4.676666902009094,5.4566580116062315,7.75774693856583,5.529057139134604,2911.7625956873976,2910.82303003637,101.45462829264484,[-0.84872883  0.45317171  0.27257069],[-0.06372389 -0.59930851  0.7979778 ],[-0.5249749  -0.6598975  -0.53752828]
22,79.81523747763097,89.84194050810932,65.4854706610789,3.5507273799602563,3.0903707446222346,2.867829945841217,3.4234657086804905,642.359169218955,642.2141814727471,20.242953712584157,[ 0.31101181 -0.72451415  0.61510235],[-0.75042079  0.20995129  0.62672889],[-0.58321548 -0.65650567 -0.47839315]
326,40.15591360714433,41.99275509290128,184.51356935123562,16.568355838179254,14.257975892706376,9.176013567449857,7.591869558202115,3511.2338084966545,3503.3149794383935,403.77255150251904,[ 0.55085611 -0.83172323  0.06923889],[ 0.80832731  0.51102449 -0.29233702],[0.20776072 0.21700332 0.95380556]
42,174.73275522684375,91.51699688541696,116.98474021592959,9.54408546668907,2.73386511219887,2.9177411093789436,7.843543569494478,1487.600530104288,1487.2467926974248,43.4910120279483,[-0.1814896  -0.6244703   0.75966991],[-0.6210849   0.67171885  0.4037912 ],[-0.76244021 -0.39853561 -0.50975905]
24,109.96180182449615,137.4722556995463,27.353982182846423,2.4759887619608403,2.4186680463688304,2.678816100445953,2.022977497872474,872.9297635642447,872.9250066979281,19.00315571020662,[-0.11552456 -0.10413763  0.98783067],[ 0.77825703 -0.62745321  0.02486895],[0.61722773 0.77165914 0.15353209]
118,104.52566697870083,57.86660454764562,6.358956947069817,8.85965157347118,8.098651029576832,5.161518605190156,5.8418041915237975,1306.1019693939427,1302.5762535348256,126.20552833681444,[-0.02912725 -0.05447563  0.99809018],[-0.48380883  0.87452799  0.03361264],[-0.87468887 -0.4819058  -0.05182838]
2,84.8132407314034,50.03382960189894,12.589382878198741,0.7984210529613236,0.5817849362273932,0.827656777881181,0.8703454933360035,140.40529502038402,140.3988611735525,1.3441171565736603,[ 0.51650152 -0.85047757 -0.09956947],[-0.05759891 -0.15052451  0.98692692],[0.85434685 0.50401416 0.12673271]
4,197.43443898227704,121.81821665371518,102.56528982308586,1.0200355264438614,1.042409263903401,3.1419195688683623,0.6258712432466769,507.35243524257777,507.3070044542812,6.818645137394759,[-0.56514357  0.81649176  0.11812682],[-0.27342498 -0.32046655  0.90693989],[-0.77836465 -0.48025242 -0.40435886]
289,110.60496397866855,150.6717311640134,84.24025133834124,8.33269187509912,8.196761737937846,10.834968771145464,7.604630110080747,3494.2076907458018,3489.218831884486,238.94555370367513,[ 0.44626975 -0.66323565  0.60080096],[ 0.7145935  -0.14003442 -0.68538054],[0.53870162 0.73519306 0.41145076]
12,152.52798672162055,109.65603238743671,167.16548409211285,2.0182472740704136,3.0765447779953363,3.839793932801815,4.146124697019684,871.2565203546417,871.2418715973209,11.541489812877137,[ 0.759041   -0.56648891 -0.32085367],[-0.23668653 -0.69921878  0.67459068],[0.60649505 0.43610025 0.66481602]
2,170.48506117486266,60.60417473139833,171.89728619517876,0.599994313150134,0.40083622326102386,0.7668171755764064,0.02096111579380988,352.9527100090667,352.94957010689706,1.488779399661734,[-0.43913558  0.89013993  0.12169977],[-0.58354536 -0.38559547  0.71469641],[0.68310669 0.24283129 0.68876572]
68,33.52584214335881,191.72463427800298,67.81821396051319,3.2807551223599076,3.4455958807660543,5.409906708374773,4.670373830274724,1700.5190514856765,1700.2171217376635,45.35197701167701,[-0.96334527  0.07772676  0.25675755],[ 0.21320805 -0.35904578  0.90864099],[-0.16281343 -0.93007778 -0.32931308]
2,102.1925652414796,79.2243201775442,97.3116087834521,0.6179920760841426,0.13564216535740314,0.35024561435593426,0.6672576476684924,228.86627312579387,228.86593340933786,0.39433382180857135,[ 0.32240402  0.53951067 -0.7778071 ],[-0.70518608  0.68503642  0.18285978],[0.63148099 0.48954401 0.60131391]
46,172.9546514034721,100.83885233520337,157.59053573226112,5.463215454163665,6.79670832298366,4.624808765785817,4.377932732350988,1729.0911218445747,1728.5597156162346,60.10483211399858,[-0.27785217 -0.64112744  0.71536968],[-0.67979472  0.65739413  0.32513397],[-0.67873214 -0.39596535 -0.61849343]
179,87.31838893156356,181.3262607589131,97.70703059003378,4.496549931635251,5.491398001044271,12.451590944420264,6.371304965452862,2998.7434524696437,2994.928723344949,171.79635478707925,[ 0.84841192 -0.50077253  0.17153449],[-0.35808062 -0.30429842  0.88271215],[0.38984032 0.81032669 0.43748735]
46,12.467954366958995,96.16038805539505,169.40198543735826,5.835245791566319,3.46603874788403,3.1254704904670474,3.859659942409317,1324.6789939061089,1324.2372298558485,43.51701162883874,[ 0.15500904 -0.86398401  0.47906558],[-0.98582677 -0.10377917  0.13181602],[-0.06416991 -0.49270835 -0.86782527]
91,106.15086787068995,147.80312783956575,48.335255312010396,6.308616920338615,4.257136067012073,8.197569578716621,4.790634896969431,1798.7317926219312,1797.2186520408802,96.19605874871993,[-0.79748005  0.59839231 -0.07715053],[-0.2138634  -0.16078776  0.96354021],[-0.5641702  -0.78490377 -0.25619925]
4,39.44800286653794,70.67226569853133,88.16697684162123,0.7969150308173014,1.7791698677399186,1.3808194966895777,1.8975006426353092,239.4084146495163,239.4030655427951,2.9119841275701206,[ 0.701396   -0.67541583  0.22772157],[-0.63202247 -0.44163329  0.63679481],[0.32953187 0.59057048 0.73663781]
5,77.36243745166637,65.11597294958744,48.090643769814484,0.6328469608827142,1.5374863850209428,1.1621427114714071,0.9760819253317127,250.4068183305903,250.3982072925965,3.972312918063992,[ 0.35201096  0.24832867 -0.90245285],[-0.63151709  0.77465221 -0.03316803],[0.69085052 0.58158991 0.42950987]
17,62.15169276024185,133.98504116646794,105.08386548743543,4.65041553859795,1.755275969692256,1.5935027396363526,2.353316610888877,747.6699346223884,747.462188501107,19.21954256713549,[ 0.14326745 -0.65105281  0.74538894],[-0.9283309   0.17265196  0.32923099],[-0.34303963 -0.73913567 -0.57965703]
16,63.96013810962434,191.5817803279042,141.27344183280007,3.1223708936799217,2.6684636047455754,2.5133642044744744,2.4707241686171475,986.0744469068877,986.0074654292448,16.5428538045648,[-0.54457879 -0.37237101  0.75151432],[-0.79755728  0.50714815 -0.32665447],[-0.25949244 -0.77726481 -0.57316933]
20,192.25340641810334,53.25357779081374,109.68329008755407,5.910585406886973,2.834622128475604,3.055791305381524,4.174662600311617,1018.5672298515632,1018.3473282827636,26.295129267109186,[-0.11568498 -0.79873797  0.59045291],[-0.5226669   0.55444256  0.64762085],[-0.84465158 -0.23369018 -0.48161458]
24,120.23022607398552,179.31975588002373,190.03765885279074,3.2729696225233904,3.5847547378137774,4.36469114529154,5.728712979671455,1409.382075934046,1409.348763675601,15.263448002822031,[-0.35729925  0.78154926 -0.51138831],[-0.83522469 -0.02231443  0.5494559 ],[0.41801551 0.62344432 0.66074217]
49,48.46841154621242,23.560415678311525,196.16501399207715,5.100524672141715,5.274884950968549,2.319804267299485,2.6375005948495716,1424.7242668605938,1424.477309014998,50.57804661033875,[-0.7417768   0.66258089  0.10370026],[-0.62685851 -0.73996263  0.24393382],[-0.2383602  -0.11593906 -0.96423158]
10,85.20728100550885,159.11039080908168,165.70624761868373,3.040001120462425,2.229123659791723,2.967259912527663,3.8185564652217088,774.9567325313213,774.930583648634,9.171250345242566,[ 0.39817005  0.55076159 -0.73356819],[-0.84881236  0.5244344  -0.06697855],[0.34781918 0.6493306  0.67630732]
14,29.69134881129097,4.2831593518463205,3.456067612538511,4.598719768809221,1.649092288400306,1.9439638123381207,4.420210545396503,114.54778403646296,114.35792606629822,10.364730607950515,[ 0.05185306 -0.82170363  0.56755123],[-0.16949512  0.5528292   0.81587455],[-0.98416597 -0.13850276 -0.11060887]
15,132.78709170259535,75.9678779449337,195.73152954125106,2.84748889516405,3.388462763016357,3.1690067294990554,3.7129194595377695,962.3220608218867,962.2983991970495,15.42310670448328,[ 0.61466964 -0.78050869 -0.11396235],[-0.58008133 -0.54519393  0.6052018 ],[0.53449685 0.30589174 0.78787268]
46,93.73115685622801,7.126380520378134,151.89467133369794,4.904303113306443,3.60899200179742,3.392493786604867,2.734653522351885,1212.2082999594495,1211.8982077006956,43.449517868522115,[ 0.18209384 -0.98104273 -0.0663098 ],[-0.83153531 -0.18963272  0.52210005],[-0.52477697 -0.03993227 -0.85030262]
35,96.38028023905109,44.29435425764742,41.057361820386255,4.2254491843232564,3.0007596015892077,2.6341623896325688,3.5657125868746706,673.6558153188987,673.3549674479631,26.956251116298848,[-0.06099475 -0.60392806  0.79470154],[-0.52719422  0.69555927  0.48812247],[-0.84755288 -0.38918916 -0.36081284]
51,128.07905716349455,113.03409192015472,140.70044175019078,3.7255863485802565,6.504838243502222,5.888043382252495,5.452841266952934,1581.7220381037173,1581.1462761649077,55.78002807018853,[-0.30531046 -0.58736581  0.74952447],[-0.75654564  0.6276194   0.1836643 ],[-0.57829423 -0.51097484 -0.63598781]
44,137.82096814310833,18.362709925407692,36.07140438169656,3.5015188035448195,3.290506200559283,3.737652969927948,3.7472918971576212,953.4635897088,953.3379060838056,31.861229076105044,[-0.01977121 -0.85836739  0.5126544 ],[-0.28124282  0.49682469  0.82101627],[-0.95943295 -0.12794788 -0.25123249]
57,45.75467778954396,88.44981582307659,91.60921875448274,3.586186460987282,4.031613671601742,3.609604338467332,3.64994035627029,1022.511446550558,1022.1928004441659,40.436334941559736,[-0.07236322 -0.6991785   0.71127561],[-0.93849392  0.28914362  0.1887462 ],[-0.33762809 -0.65386955 -0.67709813]
54,10.50615637336572,175.3225901872576,7.45678274707768,5.307840459220464,4.124163540708981,4.488478526836337,4.380949208270872,1292.7911081891048,1292.6279964391583,49.90769590374845,[-0.22810799 -0.02784313  0.97323764],[-0.9717726   0.06832167 -0.22581001],[-0.06020596 -0.99727474 -0.04264191]
7,39.03825439020235,72.39595591696319,166.96215701416827,1.7122870075032648,1.2541457311882984,1.173762461118986,1.3162620015573903,492.46477398852403,492.456301288169,5.375469078965537,[-0.32472004  0.89310397 -0.31132328],[-0.92225335 -0.22598186  0.31365738],[0.20977524 0.38896978 0.89704897]
47,6.138042148992068,182.9367825890454,56.859400951524165,3.1375518077236557,3.758298876610204,3.451582964761965,4.020688997737239,1314.4778801430211,1314.4657547295062,30.574164959714896,[ 0.97964999  0.02879148 -0.19863774],[ 0.19812809 -0.29704954  0.93408074],[0.03211168 0.9544279  0.29670898]
35,50.86941364189059,4.111214484347989,56.06072995894909,4.791948251168674,2.6838903456817036,2.5271070596352443,3.588218710044247,449.683585207471,449.2402829136279,29.06607735153817,[ 0.17806244 -0.97996351 -0.08924842],[-0.71879643 -0.1914748   0.66833307],[-0.67203085 -0.05485357 -0.73848875]
61,7.172873895475896,171.96052519051895,180.09860664763391,3.7723986641589087,7.732435442002131,3.5991250116153277,5.633112354770332,1946.7854364945024,1946.3526988271053,57.87082776754188,[-0.98446295 -0.10575291  0.14017494],[ 0.17322739 -0.71550042  0.67679496],[-0.0287222  -0.69056171 -0.72270296]
223,13.735090805208035,114.69470061156633,110.73882869197789,7.058500981753535,8.564476790383457,12.80924153100186,7.756478384840843,2401.013997668524,2394.496123851552,224.0172186984672,[-0.97766811  0.19465185 -0.07921946],[-0.19161434 -0.67084476  0.71641556],[-0.08630766 -0.71559623 -0.69316161]
16,54.03752553858342,165.12063944544863,57.08153132865982,3.1101207361203485,3.7363991664249485,3.892212089553021,2.7952146827242914,731.8212980581984,731.6855561593019,22.286234290549213,[-0.93707577  0.33750125 -0.08934148],[-0.18593836 -0.26586406  0.94590868],[-0.29549267 -0.90300012 -0.3118892 ]
24,92.29613657203947,20.733246616791742,18.41970345716344,3.809719387791976,3.1769526937342043,5.1927139869879335,3.6918679701592287,473.330433354189,472.5828425043165,30.169685803834742,[-0.27380174  0.88510533  0.37632586],[-0.08771334 -0.412627    0.90666715],[-0.95777814 -0.21523825 -0.19061354]
44,163.13987125170271,121.38339171866177,48.08915015897919,4.113829969736296,3.728013703005667,4.116712729200767,4.491210674096195,1386.7144237644043,1386.4305900542997,34.8544348032009,[-0.57773826  0.53086885  0.61999739],[ 0.23792101 -0.61707729  0.75007281],[-0.7807766  -0.58085616 -0.23020431]
5,1.7342745059802045,22.960016399105353,106.52431418801629,0.47102267002658577,3.4564947834532935,2.799097419630204,2.5955474006378565,243.89995951036315,243.7695921035617,8.076701613544211,[-0.99800365 -0.05640265  0.02841569],[ 0.06111382 -0.97595539  0.20922757],[-0.01593145 -0.21054647 -0.97745403]
12,21.5118322430198,130.413591420754,9.994269050239327,2.9301262765942266,1.9263520834365315,3.459312239188812,2.2925838975985546,459.4061887496958,459.3369340580566,15.04108687568549,[-0.96484261  0.14249718  0.22084677],[ 0.20651642 -0.10871856  0.97238431],[-0.16257216 -0.9838063  -0.07546829]
80,61.28740504663409,48.97189702789238,59.738391356829126,7.023787337036597,4.978164463948232,4.379632035732086,5.990860970727689,885.5643939678368,884.2271992462584,67.35254243296977,[ 0.5130271  -0.84250734  0.16426983],[ 0.59058573  0.20757742 -0.77982056],[0.62290584 0.4970845  0.60406565]
10,160.57191135011612,53.72882817142581,50.0720520965145,2.1121903173991776,1.5907463361753595,1.8881605038747713,1.9838170654042713,558.4375304008339,558.4255607893278,8.141190623849367,[ 0.30181276 -0.95186639  0.05347372],[-0.28617929 -0.03695207  0.95746329],[0.90940116 0.30427771 0.28355705]
264,118.62216069748077,35.37154430829961,164.15960564339406,13.78667020676023,6.865571514374491,6.647257638217096,9.76433562168442,3349.9987752301276,3346.0824219800797,220.83297944697424,[ 0.0986936  -0.98505116  0.14118705],[-0.80985069  0.00294126  0.58662868],[-0.57827453 -0.17223693 -0.79745408]
12,15.754426046109062,144.3017258424873,5.621242183892053,1.4318038715914332,2.3682855635628064,4.647162663462597,2.377518586748906,503.5474948740769,503.3135605377057,16.864769584957163,[-0.98964171  0.10414397  0.09880949],[ 0.0941131  -0.04909543  0.99435022],[-0.10840667 -0.99334972 -0.03878558]
5,30.408246582926303,133.41621194167993,123.19554663324705,1.4254228303557928,0.47189771151317195,2.445401695253902,1.6128979428779133,411.7631598790066,411.7306445420967,5.312191324654426,[ 0.68925181 -0.57003692  0.44720225],[-0.70546585 -0.38739255  0.59350228],[-0.16507539 -0.72455843 -0.66915259]
38,44.96646614688097,28.735909245445512,149.40831830322168,4.367103344561518,5.36388604981756,5.181991498224373,5.015322862821427,979.1844582999219,978.7447495936348,43.56106737872439,[-0.83020123 -0.44534648  0.33530946],[ 0.48006442 -0.87690689  0.02392616],[-0.28337974 -0.18083367 -0.94180418]
3,76.64041103160434,115.51085490028237,44.49534026822334,1.5807442806614638,0.28998758852569967,1.582271906150238,1.3089276360291118,252.1983706464785,252.17936045200392,3.184907238486769,[-0.70218894  0.20302874  0.6824295 ],[ 0.47933427 -0.57392806  0.66396178],[-0.52646876 -0.79333846 -0.3056873 ]
18,112.77809390728179,87.38078534959156,56.10045963426242,2.485081379581664,4.130074699834787,3.434681628837717,1.8600080460269501,650.8690109006434,650.4761131161807,23.825704746566707,[-0.6001566   0.29800052  0.74229896],[ 0.31398359 -0.76575634  0.5612767 ],[-0.73568088 -0.56992361 -0.36600644]
39,147.10080347935974,170.0940794375987,4.033199222157556,5.991883440966115,5.137798495921085,2.754557340038055,6.084982736251428,1405.4771559003425,1405.1990392678176,35.77324813822061,[ 0.17758102 -0.17652775  0.96814407],[-0.73525733  0.63009525  0.24975317],[-0.65411134 -0.75618644 -0.01790036]
3,32.93043965256242,105.04952308239471,77.28465392945772,0.6487099425185384,0.3773760929905109,1.6969012453604833,1.1907779887410268,232.99769785600083,232.9873148135192,2.4583587845408963,[ 0.87322006 -0.43515331  0.21938168],[-0.42137636 -0.44807199  0.78846272],[0.24480338 0.78094372 0.57462876]
17,61.428987489140596,159.04717606878216,78.37118631253637,2.3333351968904275,3.3315192337334616,3.3869856370503792,1.9859353649011715,773.9371463274844,773.7933178657682,20.273304020445973,[-0.87493361  0.10493789  0.47273589],[ 0.356888   -0.52009196  0.77597378],[-0.32729518 -0.84763931 -0.41759486]
8,28.19107389088166,169.0833778518497,101.6485206552399,1.4677742795471993,1.8949719636632294,2.426356516526064,1.6193829763823595,563.746328546652,563.7069757845264,8.496782179083857,[-0.9898003   0.1126174   0.08725069],[ 0.01658521 -0.51719387  0.85570756],[-0.14149308 -0.84842667 -0.51005087]
13,141.33579022399675,115.85959332384631,110.26940693736388,1.5841544113159962,2.4538522951842907,1.8755767075751013,2.078008631622747,769.6743959297971,769.6349581390153,10.002104998869388,[ 0.72271877 -0.64481595 -0.24877695],[-0.19804797 -0.53807075  0.81930267],[0.66215903 0.54285566 0.51657832]
12,144.07899062182258,168.58174683277278,120.74154978897853,1.4821526108930287,1.75357820313099,4.202837873761602,2.102969544519878,874.8414943122657,874.7286004699183,14.922370749036666,[-0.82051543  0.48763681  0.29826964],[-0.03409353 -0.56261196  0.82601781],[-0.57060675 -0.66759129 -0.47825705]
19,165.76828329891532,103.00910199591904,24.443795826368873,2.1496974213560036,2.0183010000219586,3.761432760280109,2.0459339669943843,857.5904821387908,857.4250967472431,18.807727570437986,[-0.51113653  0.70627984  0.48980429],[ 0.16863581 -0.47638661  0.86291237],[-0.84279381 -0.52366458 -0.12439452]
26,41.892358274640245,4.101173543216515,153.0123268505817,2.5867241533085488,2.2692132596914036,2.747782486109667,2.815699184845013,809.4333224488682,809.3985008054123,17.241826964746764,[-0.49934983  0.85890169  0.1137437 ],[-0.82519785 -0.51149011  0.239638  ],[0.26400426 0.02580214 0.96417633]
3,98.87169921402746,51.13837469685857,86.04355337386453,1.6312468877459134,1.296684187448256,1.2357715172255748,0.677681778869425,243.71411069239738,243.69626262282105,4.027015535497815,[ 0.51605296 -0.85217314 -0.08654642],[-0.48966533 -0.37640259  0.78647884],[0.70279243 0.36348595 0.61152331]
49,162.91383463610137,70.11481333350156,17.60564672563006,3.74048325605516,12.194697775043894,5.104601287983837,7.3580153518016,1251.1561977317751,1248.8939529672975,80.82596852772072,[ 0.0442328  -0.33865316  0.939871  ],[-0.40523273  0.85383685  0.32672476],[-0.91314286 -0.39531844 -0.09946576]
17,47.91265505587245,73.90329557510931,99.1163170389748,4.06187074325366,1.6493996020470116,1.853275883183674,1.8633818458743254,547.0288514376055,546.7807351187337,18.07956335880181,[-0.09989658 -0.77394607  0.62532243],[-0.92703688  0.30067707  0.22404445],[-0.36141844 -0.55731569 -0.74751317]
38,86.81303955040862,19.31641097956177,38.4679393151063,3.964555408561792,2.9760548407841947,2.7710554473133486,3.5178945392533483,598.1651403842732,597.9019334630244,27.534553866666993,[-0.12074409 -0.75051235  0.64973231],[-0.42710925  0.63011752  0.64848254],[-0.89610187 -0.19920625 -0.39663373]
4,5.881895795879899,168.18999538722844,132.72369894315253,1.0066155817143143,1.8068351622838648,2.5868255111212264,1.1267355754820456,428.7129472121732,428.670543282533,6.240435198853793,[-0.95827212  0.1969736  -0.20716163],[-0.28453899 -0.58773706  0.75736564],[-0.02742447 -0.78470794 -0.61925871]
71,157.5922903637178,188.94926920854817,163.49228689938462,7.315992352316935,4.931269616613649,5.3977637541325425,7.3439300082513626,2490.452056196921,2490.1732386504377,61.43361526425679,[ 0.5892667  -0.75052418  0.2991291 ],[-0.60659432 -0.16642179  0.77739766],[-0.53367414 -0.63954456 -0.55333052]
4,165.6676273170692,29.816099486323754,31.76668904742064,1.218511382007048,1.4083653597511536,0.4770692502132677,1.3292291002430363,342.622620386398,342.61159359020513,2.7718768625070185,[ 0.2366771  -0.34896773 -0.90675547],[ 0.09314488 -0.92082298  0.3786939 ],[0.96711322 0.17408781 0.18543315]
2,84.55854982165917,12.140433843427113,56.266688130731445,0.6742077736644703,0.33868684745166355,0.43948965921853045,0.8392732825259017,144.6667970967279,144.66639597712876,0.34067171061588963,[ 0.55682421 -0.03136248 -0.83003807],[ 0.08127774 -0.99243423  0.09202302],[0.82664426 0.11870426 0.55006233]
41,15.229335641638095,105.10482634519933,32.85536030200177,3.487011688683224,4.136395984392085,3.299942419253861,3.8558673960208694,712.7301432867661,712.5037467274589,32.226961398380986,[-0.76855682 -0.08650916  0.63390581],[ 0.62492702 -0.31377748  0.71484957],[-0.13706433 -0.94554739 -0.29521774]
38,191.58202962247165,97.17330128933193,193.19810767630264,3.3017077742093885,5.614285490280167,2.463156050126682,4.770769686847618,1781.4456111735565,1781.2957385766128,31.328847920201184,[-0.74028792  0.16254332  0.65234459],[ 0.11086418 -0.92753242  0.3569212 ],[-0.66308591 -0.33654611 -0.66862081]
101,4.8269130740253745,66.73546512135148,104.00781528220027,3.3460653593649736,4.988973503982196,10.122151885909265,10.042597778898255,1248.0451830615207,1247.4051012478078,62.0331935350565,[-0.99907369  0.00556679  0.04267045],[ 0.01827864 -0.84279637  0.53792209],[-0.038957   -0.53820377 -0.84191393]
13,177.40664130719657,163.50916577033303,83.86920745608872,2.0772157593679372,1.6875094979357514,4.1719065470294,2.9933901244458796,921.1004616498997,921.0379941770278,14.29340680504147,[-0.67661724  0.73632268 -0.00424485],[-0.24458335 -0.21930608  0.94450189],[-0.69452724 -0.64010449 -0.32847855]
25,142.15825050603476,55.50052362022407,72.49835007416445,3.9860952442523176,2.7880927125793247,3.443854604552525,3.2736893744193507,845.2442996369765,844.9710743216688,25.028756617966714,[-0.38321422  0.92256522  0.04494755],[-0.38080929 -0.20213983  0.90228807],[-0.84150528 -0.32865317 -0.42878427]
