N,MEAN_X,MEAN_Y,MEAN_Z,SIGMA_X,SIGMA_Y,SIGMA_Z,SIGMA_R,LAMBDA_1,LAMBDA_2,LAMBDA_3,EIGEN_1,EIGEN_2,EIGEN_3
76,187.16919950682748,14.886336729896414,111.98187402063525,4.422261541315138,7.066449083187974,7.104941513671608,5.255993711487066,1907.919125609458,1906.7633053311943,83.66304520165106,[-0.32602168 -0.69765654  0.63795393],[-0.40128667  0.71314016  0.57480442],[-0.85596663 -0.06860371 -0.51245942]
53,26.750355641028463,107.61374515077452,193.17827328011543,4.089504159559158,3.477843881999466,3.4133659129313885,3.347724188094902,1622.031772024462,1621.9887988496723,39.427205595883734,[-0.101365   -0.86306555  0.49481612],[ 0.98756532 -0.14737111 -0.05474027],[0.12016604 0.48311449 0.86727188]
385,100.72808568914306,105.80543097614951,188.9477346773441,12.458656465330453,13.36882259583996,5.963121061512344,11.751371395662403,4697.313419937781,4696.049416060901,298.93840212762905,[ 0.53383163 -0.8263537   0.17934144],[-0.73253058 -0.34598839  0.58625164],[-0.42240115 -0.44433276 -0.7900289 ]
2786,98.13548795516105,129.4555270065377,131.85512276644243,15.535095305969,29.284903668146985,32.18603916162782,23.41528269517573,11269.308222485075,11165.11443781751,2037.951553083991,[-0.84621941  0.52165144  0.1085932 ],[-0.26215276 -0.58502906  0.76747438],[-0.46388429 -0.62098371 -0.63181532]
12,165.808770133771,102.51339650736134,25.86513229621673,3.1663678612714774,2.1999358849029735,2.5261662724316216,2.143011664298641,681.3676569464013,681.2790100539751,14.147517197140685,[-0.36142639  0.36852584  0.85648098],[-0.39789298  0.76977598 -0.49912534],[-0.84323908 -0.52118484 -0.13158351]
111,78.67139307408304,140.86943623837382,76.46477876462589,5.460405284480319,12.607641981779052,4.364350452305663,9.245271517408424,1886.6114727484803,1884.2220390284297,118.13058835839546,[-0.72360281  0.03022546  0.68955449],[ 0.53207827 -0.61193474  0.58517398],[-0.4396495  -0.7903305  -0.42671539]
163,15.415157000698812,117.63154446657748,111.97781415939428,4.630354407810079,7.5789404734113495,11.755170750945387,7.241362665479898,2090.5609129763325,2085.6439610621123,162.84542057660022,[-0.97911518  0.19198196 -0.06690591],[-0.18015151 -0.66675051  0.72317992],[-0.09422795 -0.72012963 -0.68741138]
276,52.189323043120154,101.75095151984227,127.71410369384846,6.983110884772484,13.218761166654676,9.537570591595426,13.491791011670394,2861.4994411141925,2858.4519124814055,191.74075375826814,[-0.7089988  -0.38108196  0.59337783],[ 0.63678848 -0.70750545  0.30649058],[-0.30302001 -0.59515762 -0.74428911]
156,191.01768364893354,46.672252387985175,100.96681770728644,8.279160094230631,17.354715144271992,7.914246840881802,11.736740422683932,2771.5641446060636,2766.2463428650085,213.63902923740014,[ 0.43621812  0.13717671 -0.88932351],[ 0.2533492  -0.96705445 -0.02489739],[0.86343959 0.2144487  0.45660028]
10,70.33954676081657,92.15892380780278,161.77069106894342,2.6527045891165666,2.3323659324842643,1.9143309014213397,1.989134439261562,629.470967784103,629.4290020430482,11.035039950243732,[-0.55889291 -0.59224699  0.58041555],[-0.75014514  0.65942046 -0.04946632],[-0.35344161 -0.46304228 -0.81281663]
2,49.111975718072955,161.48336741721292,7.368633029385174,1.2975811283131087,1.272175542236596,0.5922561949489147,0.8128994747775948,238.94272861442002,238.93020657993642,2.446209593075337,[-0.35934476  0.0668139   0.93081   ],[-0.88678838  0.2862068  -0.36289398],[-0.29065051 -0.95583554 -0.04359712]
138,136.83227424569918,15.268813278185508,124.57448755992944,5.185888164275502,5.863580296390297,4.622392010119507,4.183661337808258,2183.013694642547,2182.521612892782,94.6714394151785,[-0.54330295  0.66264666  0.51548164],[-0.40203192 -0.74438205  0.53316574],[-0.73701577 -0.08243044 -0.67083007]
10,129.85654656454145,196.2608024065072,87.7787841416646,2.618180611287889,1.8049714494932478,1.6312736973225868,1.239244280026245,794.3342472500103,794.2914974893864,10.601953515943451,[ 0.10701564 -0.46407583  0.87930727],[ 0.84926567 -0.41720797 -0.32355111],[0.51700626 0.78139051 0.3494759 ]
374,52.17468689138411,45.46802272056086,97.49368774124318,9.577730471197317,8.188071555641482,14.317870320506074,12.912818149029393,2335.935729129945,2331.90840394816,264.6574581443436,[-0.62892749 -0.52341114  0.57488346],[ 0.64442139 -0.76461943  0.00884353],[0.43493826 0.37602914 0.81818751]
44,45.855224227231474,88.91008892931079,92.01946708872994,3.7784317333969337,4.054440628264289,5.20852519558596,4.816697381352817,902.7939734365556,902.4183048174293,38.98493380028721,[ 0.08112485 -0.73680738  0.67121803],[-0.93817408  0.1709278   0.30102006],[-0.33652362 -0.65413957 -0.6773871 ]
54,109.1919970310281,51.220936903469195,4.665226869658675,4.853110223520052,4.822006010984183,2.809639678771457,5.294607302726858,888.3812087380384,888.0439949044531,37.87016737952689,[-0.11582096  0.15804333  0.98061604],[-0.41031358  0.89147375 -0.1921388 ],[-0.90455971 -0.42461377 -0.03840402]
187,9.567883526039727,36.98320908931308,79.19832609607903,5.242719046575911,8.743583923139989,13.162120716185258,9.943625180797936,1221.6936717144067,1212.554617997346,180.24306530060218,[-0.9710264   0.23893941  0.00395981],[-0.21464284 -0.87933232  0.42509189],[-0.1050532  -0.4119255  -0.90514154]
234,48.00931456998843,47.87551093021055,182.71958145924773,16.139376263703106,4.584841871930056,9.769191211469105,8.326330002590733,2994.8840230733467,2985.3918916826624,265.97898249803643,[ 0.03725796 -0.96919386  0.2434648 ],[-0.96846301  0.02504238  0.24789571],[-0.24635593 -0.24502274 -0.93769537]
36,191.4294204783536,97.58679291855981,194.06340590936918,3.704693016516785,5.0587591948237876,3.3036350675810766,4.188253042877311,1737.5800237851843,1737.5110939261317,34.29540310194303,[ 0.73796422 -0.13125506 -0.66195235],[ 0.13521443 -0.93225249  0.33559254],[0.66115495 0.3371608  0.67022141]
353,116.94388149791462,34.35950357678427,165.42378187400638,12.850495929960934,7.140065439170928,7.537645791704857,8.878893854079124,3870.7230675976098,3866.5922390722535,260.80319935020736,[ 0.02550661 -0.98222598  0.18596109],[-0.82122511  0.08548539  0.56416448],[-0.57003397 -0.16710584 -0.8044482 ]
212,24.53112550081126,15.613965824502111,104.36106745769187,5.759493328618972,9.607573500825287,9.914637989527193,9.210267240101569,1589.581392954832,1585.76149388534,172.85291926574152,[-0.92161613 -0.29097299  0.25682375],[ 0.31742196 -0.94588492  0.06741679],[-0.22330924 -0.14365389 -0.96410401]
29,141.4261660929027,188.82593795225475,119.3118419848874,4.374763064692937,2.370006780575083,3.9238944601712165,2.7869859575638127,1423.9681582648093,1423.8814638308709,30.593080927461802,[-0.33760849 -0.30903138  0.88911198],[-0.77446609  0.62806037 -0.07577894],[-0.53499794 -0.71417069 -0.45137284]
2,56.208366912413474,172.96779517173877,115.25456902963997,1.1352129752075228,0.162183676079664,0.7878763604684309,0.8483587948073819,304.50875232395,304.50475894521736,1.5594940217153643,[ 0.49522605  0.36453188 -0.78858586],[-0.82861018  0.47096275 -0.30265368],[0.26106766 0.80331226 0.53528786]
47,127.59336002152554,113.76947447235166,141.01024938537597,2.927462186196316,4.9076642975869875,5.120260761075932,5.1487561480369735,1519.976429074093,1519.8028380140208,38.79709047306112,[-0.06507182 -0.74701947  0.66160983],[-0.81519722  0.42218166  0.39650491],[-0.57551642 -0.5135412  -0.63644032]
691,179.63327094954548,94.11274613277862,67.20883567398181,11.379621122391855,12.526465651099675,12.097123358293349,15.550139455521787,5637.920343646732,5635.650272721593,359.283208839793,[ 0.27232241 -0.84575009  0.45885433],[-0.46956249  0.29942705  0.83057481],[-0.83985211 -0.44164491 -0.31559183]
37,182.83896909695852,164.07625328549247,132.8163220148695,4.1410665101335935,4.227457033990949,2.673992101599217,3.2199742350296203,1699.1504782965212,1698.8767871745533,34.36110442934332,[-0.36852772 -0.30127713  0.87944267],[-0.65996229  0.75105177 -0.01926183],[-0.65470382 -0.58749752 -0.47561494]
398,111.25741239202104,120.87677279870383,36.39385914171669,12.775610551958792,8.320142443348885,13.382707845439139,11.23753741106352,3375.1911216580806,3370.2759682388523,338.80444576012707,[-0.72143524  0.6885454  -0.07373217],[-0.20161735 -0.10699072  0.97360332],[-0.66248143 -0.71725743 -0.21600957]
63,34.062202078895524,192.13527863703067,66.37771701076318,2.939737203259707,3.457657189276259,5.60467768314028,4.146126446829258,1636.8309549611424,1636.4289850244681,46.851598737950184,[-0.95368665  0.23430304 -0.18863685],[-0.25133478 -0.27614474  0.92767177],[-0.16526524 -0.93211918 -0.32224405]
6,110.58186493546661,58.58930783430885,197.49787100598158,1.0630275033596095,1.3224341490321263,1.3856460612257337,1.4173084185980322,572.7362017211951,572.7230425914158,4.089618755492529,[ 0.72607985 -0.65393788 -0.21254011],[-0.4991181  -0.7138401   0.49123663],[0.4729579  0.2505944  0.84469715]
268,16.861337746099828,33.064343334861015,140.97457847838902,7.228387293251001,11.833915504425722,5.558084113291653,5.93759169544759,2395.9472776423822,2391.4048315620053,225.80851057805702,[-0.98380219 -0.10866637  0.14256533],[ 0.13755914 -0.96759875  0.21173131],[-0.11493797 -0.22791289 -0.96687382]
36,162.3735234305089,120.58669184357798,46.17176894993381,3.638288737776548,3.6173806637223147,2.7069264745722266,4.061842393776898,1245.1639760022554,1245.038145107122,24.815977328821777,[-0.45628948  0.29261928  0.84034152],[ 0.42332258 -0.75928548  0.49425049],[-0.78268634 -0.58125684 -0.22258163]
25,189.25530053764814,64.984674549107,137.83029312129625,2.3850002752592188,4.354030401762429,3.397978207664293,2.516081287089973,1215.207920149263,1214.997447048515,27.364906491147696,[-0.62699062  0.35204088  0.69494603],[-0.01389692 -0.8969819   0.44184878],[-0.77890284 -0.26737743 -0.56729152]
53,47.896645534170865,151.63275643774892,187.8193570188841,3.596850393797885,3.4750467053794565,3.9176324189384513,3.2925798138352875,1791.9881374421434,1791.9644421686078,39.56793737309434,[ 0.33166321  0.69095353 -0.64232604],[-0.9231238   0.37808825 -0.06994079],[0.19453009 0.61614324 0.76323361]
88,25.05666647498084,148.10387473804002,101.72229095763065,6.466629633527974,4.47993760767915,7.184380522082244,5.894784909587458,1704.1209369855994,1703.273399703446,83.49423401199323,[ 0.44737336 -0.55662116  0.7000214 ],[-0.88374158 -0.15494934  0.44157845],[-0.13732406 -0.81618845 -0.56122947]
318,171.94933685544797,126.91440944280214,95.90908959387777,8.948997250177369,5.244339977600515,18.045330405101044,12.282373863508862,4192.620971105842,4183.861808871029,302.65833295572855,[-0.66771976  0.68516547  0.29103024],[-0.1248921  -0.48852044  0.86356803],[-0.73386122 -0.54027406 -0.4117665 ]
59,8.990503535590266,177.06864914674952,197.07415060856846,5.136660391561221,4.971440846905466,1.6620430525520085,3.378241847372432,2036.7364775661188,2036.588073755623,50.07421741951774,[ 0.09605789 -0.74248781  0.66293645],[-0.9947969  -0.04890109  0.08937453],[-0.03394118 -0.66807226 -0.7433219 ]
122,141.02615006925424,189.04318632690962,49.04036524711344,4.41950638525002,4.289763937675138,5.9375147502995,4.7080941143908595,2662.236704930123,2661.504256925895,78.92695904834436,[-0.72646683  0.61922155 -0.2980111 ],[-0.35985785  0.02665954  0.93262618],[-0.58544706 -0.78476362 -0.20346447]
12,169.8962931580639,197.45788255038588,193.12247104367324,2.1776747155648404,1.0145039459936294,2.4196494410865768,1.2640358900271391,1123.3547632404561,1123.3201968093542,10.979574167022962,[-0.5337094   0.77963507 -0.32760255],[-0.66381039 -0.14621661  0.73346879],[0.52393706 0.60892516 0.59556704]
80,165.75607723977356,29.643796627837855,123.98204854396458,7.529189357952804,5.587448814414907,6.92110635160989,8.68359466520938,1872.6335984973787,1872.5003992731397,69.10924625792053,[ 0.20751897 -0.97727142 -0.04331789],[-0.57328158 -0.15737576  0.80410267],[-0.79264375 -0.14203321 -0.59291016]
50,168.66795330531733,29.25879874349938,82.03984206805814,4.909167947341716,7.8853956806985765,5.965408899883668,2.95383796637703,1344.3354392993472,1342.6893451561712,75.38730096486766,[-0.23940756 -0.64764676  0.7233517 ],[-0.39137735  0.74618046  0.53855222],[-0.88854251 -0.15417    -0.43211552]
87,158.17247403120996,185.82945846997654,162.39310151219595,7.37140050925987,7.624102608916681,4.139661549737271,7.929997221475268,2735.7772961088076,2735.476773899624,76.02068461521665,[-0.73332497  0.03112818  0.67916531],[ 0.41337005 -0.77268594  0.48174853],[-0.53977744 -0.63402482 -0.55376244]
11,4.624993686107607,189.18896386390307,18.827691542610665,2.58680212523664,1.9978090716088532,3.1472282362768236,1.8482522638380545,630.9200279628869,630.7990657350045,13.74023718079755,[-0.80105082  0.07862433 -0.59341032],[-0.59810023 -0.06477622  0.7987992 ],[-0.02436618 -0.9947976  -0.09891428]
59,67.87778756914648,184.79139643387546,76.64979682772243,2.9822603195563633,3.0672265647571715,6.042838451745009,3.793214886258523,1623.5934331037256,1623.0888301329958,48.86795086232504,[-0.91939769  0.37995589 -0.1016927 ],[-0.22686373 -0.30105417  0.9262285 ],[-0.32131096 -0.87464273 -0.36298672]
7,5.93459626890503,16.433895485058503,189.33688403611515,1.1438266776883013,1.5164346385265102,1.350739479529372,1.417142651033524,503.0979561238209,503.0875145962563,4.89132833032198,[ 0.87433478 -0.48510011  0.01471668],[-0.48431872 -0.87017373  0.09073616],[0.03121006 0.08646134 0.99576622]
5,189.23146143085188,27.286969696567933,83.07815662247879,1.1297577036758188,2.724768929412736,1.0608463147919929,1.1196198181134445,466.1745590511017,466.14125723808434,6.551191310535278,[ 0.36047662  0.24238022 -0.90072662],[ 0.21453846 -0.96130429 -0.17282163],[0.9077609  0.13094235 0.3985276 ]
387,15.702553164934061,188.6242658398985,107.52195109236116,7.973120566964687,6.47039258650357,9.65864803259533,7.461422984196251,4288.634896847092,4287.593372676099,235.0273390546435,[-0.95380793 -0.08475729  0.28821284],[ 0.29156309 -0.49236874  0.82009999],[-0.07239754 -0.8662501  -0.4943373 ]
77,41.9440370525273,23.138691640636512,3.964657278638934,12.786509395114756,5.851638020870971,3.1688983458312485,11.384554259771944,439.7067947171213,435.2277075691176,70.97394917487702,[ 0.06218368 -0.27826864  0.95848827],[-0.46623243  0.84102556  0.27441451],[-0.88247408 -0.46394242 -0.0774398 ]
57,8.01211576977214,174.65734105117707,177.12827567379645,4.8438646866295825,3.017560875584212,5.587934529965681,3.536752760697224,1879.7261833512011,1879.5145016110312,54.04789549355928,[-0.81842303 -0.39026273  0.42175673],[ 0.57371046 -0.59616704  0.5616415 ],[-0.03224972 -0.70162659 -0.71181464]
12,42.2239877940812,4.22365866582398,19.84470127074196,3.691849919922731,2.2811541112480684,3.0403627707601055,3.43466015437811,163.0848713585927,162.95622257935057,13.814710419782912,[ 0.19775718 -0.95385541 -0.2259468 ],[-0.38410625 -0.28746974  0.87739589],[-0.90186168 -0.08672375 -0.42323102]
41,179.98223925233503,109.22321128008599,11.818672742044338,4.13554237745707,3.61723820560735,2.4850461427536787,3.919753179438761,1350.6424612061974,1350.5001353119535,29.35712652830801,[-0.04260627 -0.03794817  0.99837099],[-0.51922233  0.85457684  0.01032432],[-0.85357652 -0.51793664 -0.05611387]
3,32.153446186995346,22.179802245405373,177.6209496627355,0.526673590680885,1.424070579336582,0.9402149293102469,0.8132311636993346,315.01447666082925,315.0037893046977,2.750517334163728,[ 0.97428015  0.11917125 -0.19124956],[ 0.13970766 -0.98535965  0.09771457],[0.17680483 0.12192039 0.97666549]
94,143.66272437782735,91.37948755233924,95.68462558188077,4.785966883566203,6.355238320830961,5.853945534999463,5.8619077077225095,1895.3503939671682,1895.051139851081,77.33332795291513,[-0.62153196  0.7540226   0.21248045],[-0.26989252 -0.4607302   0.84550914],[-0.73542917 -0.46816407 -0.4898636 ]
13,162.37219150841068,153.73540073600887,96.98729310252095,3.5708005268383114,3.204934809548113,2.0232397279717516,1.584815497467181,878.951580095589,878.852265157781,17.87701456911195,[-0.23994241 -0.32389159  0.91516221],[-0.70610892  0.70516515  0.06443839],[-0.66621155 -0.6307427  -0.39790177]
40,192.18889253971324,178.01620302201627,136.4861489240712,4.434738090877485,3.0793472492503433,3.7996278038248747,4.498366304219538,1868.6284523046108,1868.4671053338554,30.49465401293322,[-0.57822549 -0.00131904  0.81587593],[ 0.49221842 -0.79807743  0.34755351],[-0.65067373 -0.60255347 -0.46211797]
124,155.3075338968989,149.9069800188341,176.4597828349885,8.924834897342693,7.9733910496693765,4.6374279623713965,4.254120865138252,3107.692098806829,3105.1850304646787,134.59336560821475,[-0.32438007 -0.56076619  0.76178662],[-0.76456175  0.62962255  0.13791585],[-0.55697658 -0.53769575 -0.63297738]
2,20.812759853060903,143.46838769494573,166.12010756223782,0.020035930087125564,0.004527847168589005,0.16548495464412838,0.1257381363402743,311.8084898914332,311.8084514154953,0.15490076418984025,[ 0.95196664 -0.28044133  0.12293161],[-0.29128817 -0.70564677  0.64592092],[0.09439663 0.65070369 0.75344143]
123,131.375755378166,92.14090070321292,14.17853045529784,5.930580695784017,4.6188706043406915,5.590955790497276,6.47442430666629,1789.0454783107568,1788.5933371059393,75.36125322874291,[-0.57023103  0.76822247  0.29098248],[ 0.09833781 -0.28783325  0.95261834],[-0.81557725 -0.57182712 -0.08858614]
30,14.252290767689916,33.399022159891864,187.89922200374102,2.6071399526516514,2.7213293943799766,5.736224361364632,5.36449519895575,1048.8577438646926,1048.6450619621319,23.490386879668762,[-0.75226395  0.65615968 -0.05961062],[-0.6546704  -0.73422353  0.17978453],[-0.07419984 -0.17427074 -0.98189821]
12,111.79737098123724,61.054913115052436,55.96633485466063,2.762693851945741,1.8801273537515308,2.553932788934829,1.8745067478493878,482.167084489145,482.05302326861124,13.053304051787425,[ 0.1917705  -0.83049121  0.52298033],[-0.56347485  0.34312754  0.75150488],[-0.80356715 -0.43880273 -0.40215917]
41,80.12550721538398,195.67105257296092,24.46527732972036,3.1168240788102746,3.456568361472011,3.5614815765394656,3.863685144933219,1363.3174330993534,1363.2526879544064,28.28999125993916,[ 0.87327994 -0.39357012  0.28720153],[-0.30929191  0.00765289  0.95093635],[0.37645806 0.91926275 0.11504494]
14,89.67316137875657,63.50686923081715,50.878197659009274,2.7041951827598636,2.706941004950716,2.134297277719607,3.1053313889904093,453.3280455679738,453.2775848175211,11.588216537666321,[-0.67180872  0.59187628  0.44537122],[-0.01498854 -0.61200339  0.7907131 ],[-0.74057302 -0.52453248 -0.42002057]
32,127.95835726225951,63.812340027348554,133.50681149018948,5.081427115089617,3.3491586930893096,3.657055584966337,3.4302609442660206,1107.2447480636213,1106.9015906384047,35.319548421364104,[ 0.40492247 -0.91307165  0.04835235],[-0.63875973 -0.24464265  0.72947651],[-0.65423527 -0.32626696 -0.68229471]
5,41.93916441662138,170.36589502159774,41.690543738101134,0.9305200225684568,2.7474260896451166,1.2201693138016108,2.719423228511411,403.3025645048605,403.297629752769,3.5249062369377127,[-0.33494918  0.30093785 -0.89288603],[-0.91310227  0.13015257  0.38639947],[0.23249363 0.94472045 0.23119254]
4,61.16546309485526,103.41723816209472,171.39116329451946,1.775366132268143,0.9808065713210706,0.9769817578956423,1.1197521694101982,418.6464747284913,418.62934387237857,3.912529330172622,[-0.49349638  0.81131176 -0.31342391],[-0.81917969 -0.31249021  0.48093087],[0.29224297 0.49408814 0.81882291]
138,125.5945901047822,51.00004849764721,28.023526467829676,5.432270988352261,9.069088689557288,5.654413450947397,7.031036166219854,1630.8878258518207,1629.47994632128,113.66183000059127,[-0.12261943 -0.22804933  0.9658975 ],[-0.40357613  0.90059802  0.1613986 ],[-0.90669222 -0.37002257 -0.20246608]
219,98.94913173607746,80.47963463897166,82.63868410612163,7.436144366753264,10.71043724219157,6.792896834350651,8.53618592965204,2256.6546978454344,2255.540281999817,176.7272167856663,[-0.41175994 -0.35425401  0.83961768],[-0.63828065  0.76971424  0.01173862],[-0.65042414 -0.53107823 -0.54305097]
104,122.77210128000178,8.982704835081554,106.4427556079006,9.046047316129314,4.9035641964863395,6.453887653681267,6.800053797365606,1663.4972113540493,1661.8127390403029,102.26880901651198,[ 0.14444374 -0.98594279 -0.08398105],[-0.63963023 -0.15778874  0.75231369],[-0.75498952 -0.05495018 -0.65343041]
13,119.27009197289985,176.03658117505591,48.38893159522317,1.4269452952553379,3.813783985815703,1.5976326165506367,3.5131563804311567,786.4093242959397,786.3960236427365,9.375432780025964,[ 0.03669557 -0.2878549   0.95697074],[ 0.83643279 -0.51516803 -0.187035  ],[0.54683967 0.80730506 0.22186689]
5,190.52215284176685,61.202507095990725,78.26072645906186,1.600898762451332,1.327354534433233,1.6332622916612538,1.2301180698160377,480.4886269526693,480.4841367365317,5.233133082953543,[ 0.40143472 -0.86507249 -0.30083178],[-0.22939415 -0.41295557  0.88138869],[0.88669526 0.28481098 0.36421727]
5,195.3094288925994,197.03760300366272,153.67787530508681,1.6914092291196077,2.160545526702495,1.3929290305261195,2.8714712519093255,709.2100488264095,709.2069342729889,2.4729451683077057,[-0.07327577 -0.56717005  0.82033457],[ 0.78447827 -0.54067779 -0.30374557],[0.61581207 0.62127745 0.48455116]
14,153.44055472517013,67.38382684179678,23.312494046738724,5.3414134499746275,2.3851373976397885,3.271325973817539,4.563647753454597,633.4714578517707,633.4193624836499,18.362812580840597,[ 0.37697527 -0.62206426 -0.68624026],[ 0.18747658 -0.6743191   0.71424525],[0.90705136 0.39790677 0.13757915]
16,96.04374189660058,6.9163326978286435,45.69485831637459,3.2866190140194718,1.6742385939176831,4.226011341037812,4.562075193159043,426.89163448510726,426.76451645406524,13.062404382016803,[-0.06392752 -0.95809815  0.27921536],[-0.42965285  0.27895295  0.85882692],[-0.90072843 -0.065063   -0.42948237]
15,26.489872265822683,134.72949358672773,55.072500806426994,2.2130840477575386,2.373326083402438,2.768553091047723,1.5786549119563682,573.1917440074402,573.031309039719,15.300528604603118,[-0.80825208 -0.0796216   0.58342864],[ 0.56097928 -0.40526969  0.72184397],[-0.17897157 -0.91072327 -0.37222614]
4,83.55032579973792,16.377225297150684,55.97451961096229,1.7278452445803436,1.2301430779589786,1.5170750679581495,2.174267450237483,203.84904399476142,203.83247962700358,2.9030359810329536,[-0.5157293  -0.20913632  0.83083409],[ 0.24834789 -0.96460584 -0.08865047],[-0.81996745 -0.16061624 -0.54941406]
46,181.03453549511832,22.25756722700511,189.19905573705353,3.940776621264707,4.633632582130387,5.295530565298953,5.60911451001768,1783.1122976364675,1782.9586618686976,39.36896349389145,[-0.67797046  0.42702045  0.59833903],[-0.25673097 -0.90026071  0.35159618],[-0.68879987 -0.08475967 -0.71997954]
59,76.68462841574076,109.31729762596787,86.42802255452187,6.639567816658917,4.6331380925437395,2.947569678463277,4.435927113410978,1223.2993145870291,1222.53125100604,56.460804496860014,[ 0.08839621 -0.65493635  0.75049616],[-0.87149029  0.31402438  0.37668736],[-0.48238034 -0.68734785 -0.5430121 ]
25,124.4098419387741,74.79544682535963,52.63822974369902,3.245592416365611,4.286992149189974,2.281354778742672,4.531764565268548,772.5236130281702,772.4780847118209,18.391761892857403,[ 0.58966972 -0.59994958 -0.54069411],[ 0.05771334 -0.6364579   0.76914922],[0.80557978 0.48474927 0.34067486]
9,148.21706984878048,24.11179206451877,24.356592283612436,1.9160136820908806,2.5898564039498004,2.0884464371093174,1.7673088195618403,456.4922204609808,456.45191540153456,10.21846758071756,[ 0.06309636  0.49013748 -0.86935844],[-0.21624193  0.85711472  0.46754014],[0.97429886 0.15849166 0.1600691 ]
8,142.30754611110441,94.64831569503464,51.40350846017044,1.2603257004039243,1.9431218002598085,2.0159144578085737,1.327152397510575,504.86364661766993,504.812240952827,7.819270702205306,[-0.60288856  0.67883063  0.41918296],[ 0.02685421 -0.50784303  0.86103095],[-0.79737334 -0.53036254 -0.28794329]
44,45.65861434287095,18.871295370769754,196.03829664959105,3.672778427136485,6.427243186087427,3.0998120086710106,2.9259066815223136,1341.8825371747196,1341.3806489220383,49.39389072265925,[-0.90227129 -0.35527016  0.24431461],[ 0.3673842  -0.93005919  0.00433023],[-0.22568865 -0.09366437 -0.96968635]
210,54.821712829267135,162.3107745721785,97.21077559264235,6.059695893336387,10.273409155290443,6.70062704138697,10.446720361343008,2860.367238459024,2859.495132580593,127.4930551114142,[-0.91060244  0.06320702  0.40842143],[ 0.30546998 -0.56270344  0.76814903],[-0.27837255 -0.82423887 -0.49309128]
11,187.17143595356666,52.96373970884384,116.22439716527866,1.9227560394135543,3.464662165611288,3.3372829609173236,1.9869154385973478,751.6841655438388,751.6187539230245,15.865994843609583,[-0.55668064  0.48114342  0.67720578],[-0.08855328 -0.84492135  0.52750946],[-0.82599333 -0.23368551 -0.51295819]
53,96.8459262681406,35.666206336320506,59.62354971897129,7.486727389861611,3.6572631719095283,3.0430054274768463,5.872401432166402,869.8699353608929,869.0036847155483,48.52504946157423,[-0.24928086 -0.59751928  0.76212188],[-0.52539245  0.74452761  0.41187549],[-0.81352432 -0.2977404  -0.4995286 ]
58,144.84238269434147,40.26651869049572,107.48874453047503,4.569359358168207,7.511403531235217,4.532708021180443,4.016609866929163,1409.3013144467,1407.9908336561264,68.61623186178073,[-0.40487346 -0.53079833  0.74453382],[-0.47120259  0.81893002  0.32759998],[-0.78361062 -0.21818972 -0.58167658]
5,4.277100704107464,5.402748698733041,107.58557535926525,1.6824485443740984,2.1693204657436316,1.4834543760685805,1.3817696188960202,241.15222739190136,241.09184636256882,6.252211395609799,[-0.82179928  0.56976222  0.0041184 ],[-0.5683979  -0.82029124  0.06360909],[-0.03962035 -0.04993301 -0.99796639]
21,20.421147295711904,162.48168632821248,69.88240082905875,2.723712436076693,2.3665673869688435,2.700525330633176,1.715211477536103,816.1282722922862,816.0028372302883,19.071639997703752,[-0.79532284 -0.15233374  0.58673334],[ 0.59523161 -0.37942919  0.70833101],[-0.11472104 -0.91259406 -0.39244256]
39,164.69756034534439,80.88767662176394,21.636161698680418,3.2088508352294025,3.7971441273752418,3.637704404665172,2.2437688683722152,1154.2386664402977,1154.139053381802,35.801123243487936,[-0.03673263 -0.18770333  0.98153868],[-0.45162481  0.87929441  0.15124939],[-0.89145148 -0.43773143 -0.11707028]
17,94.97419240289017,88.06166439437904,11.263317081909426,3.087124578317632,2.204913281955651,3.449855854111741,2.8304869884232375,536.370021780193,536.2397867121135,17.601778257491507,[-0.60453545  0.58235496  0.54350676],[ 0.31739351 -0.44970507  0.83488126],[-0.73061498 -0.67722083 -0.08702697]
49,78.0009037508447,24.225727719089114,114.01739947101431,2.4877578075563997,8.64650160061515,5.154525396768038,4.410618610345602,984.2000983472194,982.5293039033315,65.42733381449925,[-0.82951977  0.05104748  0.55613946],[ 0.05450307 -0.98366064  0.17158425],[-0.55581144 -0.17264383 -0.81318371]
111,185.5312638154521,139.69798717495394,188.49848205652614,4.61015917847542,7.234714988282181,5.478430497826916,6.670065406052363,3152.90172787102,3152.4287775344146,80.8374966379153,[-0.29637319 -0.60423795  0.73963466],[-0.72639623  0.64541424  0.2361969 ],[-0.62008987 -0.4672654  -0.63019964]
29,93.63106309164804,7.013719493428768,151.13714767934482,4.155755453084833,3.1308787171875667,3.1525520274936327,2.68764548028299,958.6040107427649,958.4116268435586,29.32040807388633,[ 0.29987192 -0.9433476  -0.14202862],[-0.79569189 -0.32945821  0.50826342],[-0.52626157 -0.0394029  -0.84940931]
36,172.2935293210402,9.229078897294077,17.522069694094586,3.9866171121727367,3.968657229744043,3.7635718440275596,3.743162901063847,1041.0965388626291,1041.0722160859182,33.87409592892033,[ 0.03392816  0.70619562 -0.70720338],[-0.10874085  0.70601831  0.69979538],[0.99349097 0.05315913 0.10074622]
4,115.16101596417661,46.19093730788627,43.401685177420305,2.015010533017819,2.4212577064639165,1.5750691613732262,1.523261111651729,262.9952093494842,262.920619057729,6.35965684918059,[-0.42576242  0.24241454  0.87175774],[ 0.22608832 -0.90438228  0.36190711],[-0.8761338  -0.35118069 -0.33024489]
234,188.51222506437952,32.84699117396477,64.72205787075072,5.503278968350567,6.248586554026454,6.327944042794582,4.665143280273484,3092.7438542655864,3092.2731841001314,143.46402435652078,[-0.05498063 -0.81669741  0.57444101],[-0.35489338  0.55372878  0.7532829 ],[-0.93328871 -0.16244935 -0.32028486]
4,44.08405644351891,138.0851381288837,22.930991814115302,1.065047246161273,1.5155814294493857,2.301619808873037,1.6102948310781722,293.55752586773446,293.53561822022135,4.956641547322095,[-0.8866721   0.33584499 -0.31783759],[-0.35158831 -0.04322135  0.93515644],[-0.30033024 -0.94092511 -0.15640234]
328,174.36505594906635,160.26671498567603,148.89328400703764,10.157720438072511,11.960623183319184,11.243630851962529,16.347583859486463,5077.394060281393,5076.121766820225,186.11186791069636,[-0.66604174  0.03162255  0.74524386],[ 0.41016804 -0.8189619   0.40132729],[-0.62301732 -0.57297594 -0.53249224]
21,183.59056208963096,88.2322574236158,166.35019800204032,4.986814815522946,4.856852652027019,1.6958075807600415,4.561970528945798,1205.585027559106,1205.372428641926,25.22365360571771,[-0.63914259  0.69017868  0.33933781],[-0.32250347 -0.64106936  0.69643492],[-0.6982036  -0.33568359 -0.63231975]
39,168.0036039137412,99.09739543409128,158.8884263826804,2.5525652119532714,8.267662688126894,4.078773618251398,5.640670897676368,1572.0854892277766,1571.6387157305824,48.34577595607217,[-0.62114171 -0.17269184  0.76443476],[ 0.41054104 -0.90257262  0.12968699],[-0.667562   -0.39438584 -0.63152259]
67,188.40050114991163,183.00030508118186,7.464844850737557,5.289767458663138,7.369712592793993,3.2767500538701624,4.897053067879468,2152.0112195805714,2151.2743078417748,68.09610806088585,[-0.08420179  0.04628363  0.99537324],[-0.69207352  0.71596116 -0.09183602],[-0.71689908 -0.69660422 -0.02825354]
7,103.48735920121847,29.65622709478675,26.224887769223965,1.3006683387966684,1.4112070073448093,1.6465019199418351,1.4245289797432326,293.21542690474655,293.18936963250707,5.514231104780897,[-0.35139209  0.56759343  0.74455443],[ 0.06481619 -0.7786134   0.62414745],[-0.93398205 -0.26757966 -0.23680934]
100,4.951847650491777,64.95583853478098,101.05339712221732,3.0191145230231142,5.416545474840753,9.59263432406661,9.156339262386092,1207.3948836322277,1206.1495023929485,67.89453555330536,[-0.97522012  0.20473471 -0.08384155],[-0.21744134 -0.81710059  0.53391562],[-0.04080408 -0.53891587 -0.84137073]
40,145.66654982232464,83.9675322576057,67.71627785037,3.663610883707627,2.8392792191086613,4.850053543166968,3.875463994890036,1147.0086630289356,1146.8089379355372,34.40453707284695,[-0.58326498  0.73760723  0.34020221],[-0.11817307 -0.491421    0.86286762],[-0.8036399  -0.46307772 -0.37379397]
40,77.15924258161184,122.79054745635017,8.491435279262785,3.71503265863407,6.801118450955451,2.459587920780783,4.809946543330702,920.0756220479303,919.3967703191813,41.384385051334526,[-0.14629935  0.0235666   0.98895961],[-0.83508425  0.5329857  -0.13623706],[-0.53031197 -0.84579599 -0.05829536]
41,92.37602639167908,18.03429035790788,19.982586451664634,4.653420035137376,3.6418265787256927,4.154514084113873,4.290208173969026,617.5415464601658,616.9818834481819,37.411701817698415,[-0.27620818  0.73968836  0.61365314],[-0.03878644 -0.64655058  0.76188448],[-0.96031487 -0.1866373  -0.20727243]
22,143.7927299530509,57.77112014616218,52.73370036283159,2.0332446509379447,3.181807984497507,5.993308807770857,1.7358838391327127,768.3659229571957,767.9517582519624,32.22252412853909,[-0.42243322  0.88868831  0.1782786 ],[-0.22350673 -0.29274871  0.92970045],[-0.87840476 -0.35288989 -0.3222946 ]
17,114.08555661193081,13.920646668198783,64.06718260708294,1.789329031416044,4.508173471434385,3.1352561003016484,2.9883612068357532,543.0199958339294,542.6960446425833,20.421758572452006,[-0.39450993 -0.45112015  0.80053265],[ 0.30489475 -0.88610276 -0.34908607],[-0.86683395 -0.10636028 -0.48712051]
7,48.908509821132675,180.07503801017967,25.16825847272952,1.9610957001736533,2.1448159429224183,2.9216990021959957,1.756566442974669,498.25683735952356,498.21247252110436,9.861591674107725,[-0.96521188  0.25286561  0.06652075],[ 0.0298579  -0.14615378  0.98881119],[-0.2597586  -0.95639848 -0.13351933]
25,187.19372112994836,27.041001123714594,159.2266411027263,2.966160231975462,5.740408323583847,1.731319190848607,2.7028827581828265,1236.6038353463503,1236.287909307562,30.528072017839534,[-0.64913933  0.23593134  0.72315595],[-0.07280023 -0.96558878  0.24967666],[-0.75717782 -0.10942902 -0.64397751]
39,33.894055889589445,93.59092026823103,150.5871311956353,3.3512161025619567,4.533431408868255,2.915606933718529,3.204674648050152,1127.8214946774167,1127.648592854237,34.1240025019024,[-0.97342522 -0.01494673  0.22851681],[ 0.13096949 -0.85490503  0.50198046],[-0.1878572  -0.51856917 -0.83414369]
15,188.69555216991202,67.78425393404758,14.837871138430781,2.078467279568972,1.4296835971436062,2.8605666686932087,1.721517720085838,778.775889226939,778.7147331318248,13.200452853277682,[ 0.31366902 -0.92248687  0.22501048],[-0.14386822  0.18806213  0.97156295],[0.93857002 0.33712106 0.07372728]
74,130.0476908691985,150.90983090354297,117.25228509071998,6.089352052994383,5.544968420857061,7.117763831502458,5.9892287941267295,1990.191943281797,1989.6768367723446,78.304506635883,[-0.55769291 -0.15370634  0.81569172],[-0.61035492  0.74193193 -0.27749573],[-0.56253487 -0.65261886 -0.5075856 ]
18,118.91726285154651,179.97232872197392,84.56894411141174,1.9959364207238082,1.8957271388428898,2.413820421506739,2.305322595437466,983.1136370115397,983.0679239168128,12.040338188887526,[ 0.78532258 -0.2535069  -0.56480323],[ 0.34616659 -0.57655453  0.74010376],[0.51326127 0.7767362  0.36502567]
19,134.30851666410112,18.547695351118342,177.7483616173321,3.119626531700988,2.50594880749363,4.785491762769554,2.4879701027374916,974.7991264429807,974.555789330491,24.95598466391689,[ 0.32102781 -0.93591712 -0.14491474],[-0.73223555 -0.34232592  0.58876487],[-0.60064319 -0.08289818 -0.79520793]
36,155.43719134618377,45.555686547260684,192.45520390903238,6.526566315887764,3.5928700989075373,1.9980174840908589,4.185464370718886,1509.9173299345634,1509.5461048721374,38.82446111786233,[ 0.39787644 -0.91133819 -0.10562687],[-0.67791569 -0.36961967  0.63546174],[-0.61816232 -0.18122914 -0.76487341]
27,30.755085720726456,67.65194622820466,3.1529656481048614,2.408780123756357,5.9020681860624356,1.9949653893461734,5.88298207867476,387.92056661572656,387.8371135026811,16.426336478042973,[ 0.21252873 -0.14128153  0.96688731],[-0.88588535  0.38970568  0.2516677 ],[-0.41235748 -0.91003792 -0.04233558]
35,16.830625168938557,51.44636301249978,115.19761835450772,3.138409863028991,3.1939811099051942,3.4855582601521706,3.520561521617046,753.5460051212422,753.5045288482357,26.222595558350385,[-0.98326588 -0.06169017  0.17141335],[ 0.12510731 -0.91261758  0.38920087],[-0.13242497 -0.40413299 -0.90506362]
65,36.5044404946364,42.268880214412704,61.454269635807,5.52594290897178,5.087880663893261,6.949561229297631,3.886149434050068,673.2617999343281,671.5792405067687,75.99405265398794,[ 0.67463199 -0.73105209  0.10214948],[-0.59379119 -0.45526284  0.66343633],[0.43850165 0.50823083 0.74122717]
80,40.25403420625373,17.1812438524731,114.79344452735975,4.136864688349717,6.750096955581425,8.532780843166343,7.1609842229186835,1102.5910336632992,1101.9250375958745,81.42925661781071,[-0.70331482 -0.62518961  0.33835811],[ 0.63215599 -0.76775119 -0.10457971],[-0.32515699 -0.14034264 -0.93518815]
45,157.53637494816715,53.0654072858158,171.51560602342926,6.268169226941627,6.614757718360971,3.1772096162692836,4.281017918378692,1603.4578691344827,1602.67488361876,57.88907442184079,[-0.56536576 -0.4828804   0.66872123],[ 0.49511636 -0.84709799 -0.19309269],[-0.65971309 -0.22192683 -0.71800218]
19,4.396210839277303,118.59258331970966,91.93663819812564,2.3755562180387804,4.05463874042736,6.652355550430865,3.635173376131481,655.2385920826149,654.6302718987612,31.710872553581282,[-0.99616408 -0.02762374  0.08303041],[ 0.08249758 -0.61285291  0.78587879],[-0.02917652 -0.78971403 -0.61278094]
4,3.335777018819186,2.024776107890297,137.73290926891036,1.42880141915827,0.8936928246735136,0.9918258049085492,0.9941477160964574,275.60300267002486,275.5845425352573,3.374498995956922,[-0.50730772 -0.86140409  0.02493741],[-0.8614248   0.50770811  0.01340899],[-0.02421148 -0.01467921 -0.99959908]
117,122.48592278879053,13.64784073173514,42.90470397014374,11.076121088756825,6.965962690207802,6.751323350407545,10.28365176849046,1418.9012745764212,1417.4289120332485,115.47211860456959,[-0.25307867  0.85374459  0.45505094],[-0.23127524 -0.51011523  0.82842876],[-0.93939499 -0.10441563 -0.32654927]
66,147.47837554792207,180.73670346216446,189.20319010665162,3.4602581059700275,5.542999873975128,5.1759090828318,4.482334415007399,2440.7456755860544,2440.665458788883,57.12910717346551,[ 0.7191742  -0.68804     0.09689912],[-0.49174676 -0.40547688  0.77056708],[0.49089062 0.60182179 0.62994995]
6,83.06863620925067,41.62694166053528,136.28265544201997,1.1554759512521817,1.1070324371959792,1.5523828455693212,1.0596537686199792,404.05496159075625,404.0423059359786,4.796112982877107,[-0.3301266   0.94001839 -0.08591769],[-0.79838177 -0.22950259  0.5567002 ],[0.50359009 0.25237666 0.82625846]
6,178.54728571694253,166.8714240624367,90.14857328769455,2.452530913205334,2.346544482119449,2.3046850581445737,0.47878702275489743,638.1071106676106,638.0793986323596,9.98185541305978,[ 0.23204725  0.25834605 -0.93776937],[-0.69015698  0.723101    0.0284305 ],[0.68544687 0.64061085 0.34609293]
4,12.861595531735265,165.93364945862425,28.201592463879393,0.7010578790775226,0.9979456512571238,1.801394203689194,0.6508519697806019,337.63440315853575,337.6113677702272,4.152732151268436,[-0.95181424  0.02178382  0.30590051],[ 0.2970633  -0.18228099  0.93729773],[-0.07617777 -0.98300514 -0.16702647]
3,181.07366095126153,163.76384964724733,119.74679873181486,0.15578744183948653,1.4216999233299779,0.32765775755445464,0.8400537376062147,471.0020991700603,470.99785627947153,2.0853791377404387,[ 0.448043    0.14915387 -0.88148204],[-0.59654456  0.78425796 -0.17051113],[0.66587691 0.60223964 0.44035822]
47,7.223118701589528,7.708930920161359,156.24576239702859,3.197420732018856,3.337494141332875,5.064721967852965,5.084893590995905,1074.4544899061625,1074.3721009702786,31.29423827573322,[-0.84770281 -0.52643033  0.06535334],[ 0.52843933 -0.84879569  0.01725557],[-0.04638778 -0.04916287 -0.99771298]
122,105.00663261992945,56.84668638090274,186.1812964390915,10.883512531717871,9.763247206594524,6.324849666118719,7.228580282780104,2448.7468385947586,2444.9330465388575,157.12263036724897,[ 0.63061664 -0.7665053  -0.12162349],[-0.61344633 -0.58829285  0.52687296],[0.47540115 0.25764538 0.84119713]
42,115.89149047177042,91.66442316264613,34.69395087495414,5.149165697007636,7.555798534183021,2.513521539089682,8.352872199132785,985.4198092726897,985.2662204931272,29.14005494505787,[-0.46336382  0.26578648  0.84537064],[ 0.45063451 -0.75073692  0.48303481],[-0.76303507 -0.60477403 -0.22809177]
12,150.48419957103567,24.328072770244287,142.65856203939333,0.889463885501106,1.8685337404022162,2.525190445642854,1.759261536293544,723.2948513344893,723.2851860509077,9.511663416918429,[ 0.55322446 -0.69066362 -0.46575366],[-0.41770346 -0.71373121  0.56223801],[0.72074026 0.1164969  0.68334614]
9,47.90225745562234,168.69005427247666,16.314315458567325,2.9235789900946307,2.0015393489032354,0.9659412052360186,2.277389149571836,528.464275346449,528.395319339072,8.646948161099374,[ 0.30555271 -0.17724571  0.93553274],[-0.91247766  0.22623425  0.34088499],[-0.27206995 -0.95781106 -0.09260626]
