N,MEAN_X,MEAN_Y,MEAN_Z,SIGMA_X,SIGMA_Y,SIGMA_Z,SIGMA_R,LAMBDA_1,LAMBDA_2,LAMBDA_3,EIGEN_1,EIGEN_2,EIGEN_3
434,52.47072766424435,45.28847654076949,97.6804480658824,9.876520223531783,7.860750978170888,14.831780765803368,13.56179265094566,2521.712455586931,2518.1207816481647,285.20958484394424,[ 0.6674473   0.47541475 -0.57314476],[ 0.60292482 -0.79673081  0.04125129],[0.43703061 0.37309627 0.81841519]
350,16.529926510606888,188.10941876400796,106.12196948793135,7.599239519727175,6.54482946768765,11.587559538956826,8.080502489038357,4060.4548504590794,4057.324350775682,243.73935542956696,[-0.95134293 -0.08360236  0.29657593],[ 0.29844157 -0.48950412  0.81934019],[-0.07667637 -0.86798408 -0.4906367 ]
44,193.60824733002525,177.12271083364342,136.16779721251967,3.7196350880384794,3.9415384263419204,3.0365451948483932,4.054594623759162,1961.3764244409115,1961.2429481994434,31.194619496261158,[-0.28983901 -0.36377727  0.88524542],[-0.6979446   0.71323425  0.06457739],[-0.65487913 -0.59913521 -0.46061949]
11,3.5920025778905584,29.665088706403708,9.521538908003912,1.3146059051723764,1.5353250527253466,2.4042011492498236,1.1998077766882742,104.45317802669645,104.17613502206089,9.626131077832335,[-0.9833805   0.15132877 -0.10031151],[-0.14072275 -0.28620406  0.94777864],[-0.11471661 -0.94614314 -0.30274289]
935,176.37671966745629,96.26838774135717,75.58381675515582,12.35527308398195,14.530938093640845,21.653543856868758,18.457263823616167,6618.31058560275,6592.847161185289,690.1876896224709,[ 0.33440989 -0.87813979  0.34211188],[ 0.46564439 -0.16164828 -0.87008341],[0.81935665 0.45026698 0.35484408]
44,48.49661592892805,19.11613277605666,194.8497982120568,3.485825615364464,6.525603919830851,2.2366534388797703,2.5386837735144523,1338.7302091518204,1338.2387679974522,48.46649969260077,[-0.97042026  0.04544362  0.23710631],[-0.0213865  -0.99444472  0.10306461],[-0.24047275 -0.09494511 -0.96600118]
82,34.66737236837881,191.36725746177729,64.1929161207657,3.7443608833137407,3.5903965073533093,5.896329700067235,4.299202605210578,1855.6976910555095,1855.196430579332,59.673288660698894,[-0.91713029  0.26587197 -0.29695813],[-0.36084303 -0.23736746  0.90191407],[-0.16930547 -0.93432798 -0.31363494]
308,93.13109761334853,86.98149484219644,83.03474712760962,12.76572022959542,14.213667540814795,6.528771772880446,9.17795207903668,2689.5083055715345,2677.4726636141845,315.10474044717927,[-0.31731084 -0.45320677  0.83301708],[-0.72457627  0.68256694  0.09534984],[-0.61180312 -0.57332887 -0.54496876]
319,131.01877343840786,11.125374659176524,123.08373922358916,8.437274289855019,6.046926053831185,14.768574042074087,12.82399632331746,3231.4406184405984,3226.4305387533873,228.28014744638648,[ 0.19751314 -0.97273267 -0.12157182],[-0.6588414  -0.22355035  0.71829886],[-0.7258902  -0.06177692 -0.68503068]
272,118.80986471305178,123.09291978887717,105.59968770242395,8.392135412173191,11.549075762439267,11.609372985403919,8.155063781445705,3327.552580587068,3320.3919274262867,272.9256719216302,[-0.7981423   0.53784201  0.27146793],[-0.11577026 -0.57911367  0.80698488],[-0.59124116 -0.61266086 -0.52448123]
42,47.309567385948185,190.84371058924205,157.68039599142418,4.792787668824995,3.5779146474570265,4.118730860811879,2.6407231405428107,1633.8238122928392,1633.7145396976503,43.89577700609323,[-0.59790357 -0.41728338  0.68438725],[-0.77928429  0.50252805 -0.37440828],[-0.18768943 -0.75719228 -0.62564569]
312,15.545734611691195,28.111105299101748,142.7151271129987,7.490594889574647,12.164872272905992,7.44697568315271,6.8012264320311795,2595.7904045753025,2590.1928489919596,260.8217519282085,[-0.99445473  0.01293881  0.10436651],[ 0.0073872  -0.98135688  0.19205235],[-0.10490572 -0.19175835 -0.97581941]
554,110.24045598909811,122.0975676636393,36.12844313955075,12.614012475072022,14.108548476538276,13.263437056572968,13.095372002358939,3989.576223290075,3987.6852219163884,450.53641937795726,[-0.65196836  0.39758793  0.64564781],[ 0.38338683 -0.56178395  0.7330848 ],[-0.65418025 -0.72548096 -0.21383539]
4,162.47688592544574,66.53271304874981,92.27503348256035,0.5886071693294341,1.7780143140492501,2.330487743778779,1.8632220576408571,396.72865266077525,396.7065532591777,4.687840601822295,[ 0.02458256 -0.83091559  0.55585518],[ 0.57310264 -0.44387123 -0.68886261],[0.8191148  0.33549608 0.46528843]
138,71.96503454255704,138.30634491195974,68.88459492182236,6.279801656311984,7.593523560479773,10.354362261926214,6.141702131349294,2008.6399675092855,2004.3242018907192,151.6062472356802,[-0.852639    0.20413428  0.48097393],[ 0.30758618 -0.5480206   0.7778587 ],[-0.42237125 -0.8111736  -0.40447486]
2389,87.25393230867869,124.78619955311284,145.80013977644327,18.77535605393758,31.574538759518443,15.972365445834052,27.87263944604902,10465.846218976696,10419.550583861313,1382.7891573246277,[-0.89910379  0.15447654  0.40957217],[ 0.13911424 -0.78631608  0.60195868],[-0.41504168 -0.59820065 -0.68548989]
142,135.25913178344842,172.22820552425986,139.13629121773576,4.580787342364204,6.670415058238482,7.37835614018898,5.812550004262346,3094.0197381576627,3093.013444552416,110.6844593453895,[-0.85303629  0.38715984  0.34990906],[ 0.02463173 -0.63989554  0.76806704],[-0.52126996 -0.66380792 -0.5363177 ]
42,77.32070864822782,119.82168921203167,8.315961677222758,4.40761600394266,6.079436328607736,2.81890050775421,4.483249617806128,927.0157892784548,926.3843671941097,43.220115622228676,[ 0.01633146 -0.07942341  0.99670718],[-0.84102705  0.53801853  0.05665301],[-0.54074651 -0.83918293 -0.05801061]
427,106.45155907453572,108.466313268358,187.65881906766344,15.36661958199478,13.727630654082134,6.1568952531369,12.323446973251233,5005.401948601882,5000.725109181324,364.3037186648145,[ 0.49842721 -0.84231977  0.20510417],[-0.74574268 -0.29593465  0.59690077],[-0.44208389 -0.45046652 -0.77565569]
63,133.55316536593352,167.45802576704435,85.69908138534454,3.6947511429478914,4.538378569092212,5.942668513525047,4.156392866233801,1832.1033533978793,1831.6521932513697,57.50536523652888,[-0.81474767  0.49657883  0.2993254 ],[ 0.0327853  -0.47596062  0.87885529],[-0.57888803 -0.72585877 -0.37150732]
165,130.60012915836802,89.8417037914345,18.19385773663076,5.388552358783472,6.480869910113657,9.230596407818064,5.971658021311061,2055.0414909525425,2051.8691812908187,140.17153403052387,[-0.55747163  0.73013743  0.39512619],[ 0.13937755 -0.38687679  0.9115373 ],[-0.81841266 -0.5632279  -0.11390807]
85,5.1958173993952785,65.28719956279525,100.70411663146474,2.851381717105688,4.835565533619911,9.681438419369112,9.874294444503763,1112.0065315773988,1111.580379040785,48.44262714668742,[-0.99829436  0.05650811  0.01466978],[-0.03946111 -0.83830224  0.54377585],[-0.04302545 -0.54226948 -0.83910227]
44,4.52456940295479,32.29284502131225,96.45329163059674,3.4621540082133175,7.212171113931965,5.861970248858733,7.249435350014485,678.3114087255121,677.3598458105758,44.59391719326636,[-0.917827   -0.36129307  0.16450201],[ 0.39455923 -0.87591999  0.27764579],[-0.0437791  -0.31973659 -0.94649453]
143,126.39820017171716,48.76300180993226,28.537624685129444,5.688918670077629,9.32857589332368,6.07215790652888,7.603248303096759,1660.8687133651094,1659.640463837638,118.5554193020919,[-0.15392977 -0.17028001  0.97329869],[-0.37971925  0.91959045  0.10083007],[-0.91220552 -0.3540595  -0.20621094]
185,170.10951479700572,127.74639335828857,85.46742207979291,8.723878100506415,3.8400065348823818,8.363691649753475,8.326957602844681,3121.971029416495,3121.455926464374,130.00837319595308,[-0.6458922   0.74261584  0.17704516],[-0.17856228 -0.37242777  0.91072118],[-0.74225251 -0.55661412 -0.37315136]
19,175.12937119940028,80.87632899669863,193.89701799678394,1.5377708997799464,5.024835264095138,3.1515800289120826,1.929918739922814,1192.4727777821652,1192.2543380721338,25.369148178649755,[-0.76385245  0.1477822   0.62824347],[ 0.08096479 -0.94379836  0.32045181],[-0.64029223 -0.2956435  -0.70895753]
19,66.71113147340084,87.0817293244978,32.987433564357254,2.8773951617276707,2.476482483521095,2.353018134596917,2.2873289325688924,499.5944769202574,499.50850769592006,16.79475006934726,[ 0.09752746 -0.41701825  0.90365047],[-0.80704036  0.49818966  0.31700617],[-0.58238668 -0.76019921 -0.28796338]
264,152.28159278614368,155.731439032028,184.3421230891154,10.495652614489776,12.194574753536275,9.618033029709549,11.538034287922255,4645.247739395203,4641.312977379806,239.3223631174587,[-0.15358312 -0.68841612  0.70886915],[-0.8320149   0.47709863  0.28306909],[-0.53306982 -0.54631506 -0.64604676]
145,168.58986455481917,152.0896668140729,142.25258888455969,8.097395541354047,6.218415510061384,5.482604565673723,6.786698469678371,3228.9081953724667,3227.8797936256124,113.47234258532856,[-0.6089062  -0.06423393  0.79063724],[ 0.48268628 -0.82095266  0.30504211],[-0.62948169 -0.56737178 -0.530888  ]
19,57.94808481124741,24.725234566269307,178.37108863054235,1.8094772148385043,6.016281616059489,5.271628601411202,5.605354231511269,825.3136261259425,824.9746067047174,26.10724879911779,[-0.88769815 -0.31847554  0.33251365],[ 0.34398433 -0.93877958  0.01917493],[-0.30605028 -0.13140103 -0.94290349]
284,116.64531363991945,34.63040865372202,164.29761954240178,13.689631258417895,5.9565859273937045,7.263957552576943,10.294585356681624,3455.454781103576,3451.156219977432,218.66270301239175,[ 0.09839489 -0.98553295  0.13799727],[-8.14453539e-01 -6.90789827e-05  5.80228772e-01],[-0.57182504 -0.16948391 -0.8026776 ]
251,187.59259839547425,33.94346669072895,65.38246019134914,5.94587040179087,7.01046422084077,7.373865689537382,4.891703368138942,3196.628374450977,3195.7199536948915,169.98740690453943,[-0.02834742 -0.85165586  0.52333424],[-0.36423996  0.49635045  0.78801363],[-0.93087361 -0.16828109 -0.32427735]
109,16.18939702637241,83.8846403159362,49.78577111264769,6.424886407273476,7.745335862122868,4.484441267684097,7.521948412480824,1037.922620984175,1036.081086161083,84.71249455516873,[ 0.70301035 -0.45855151  0.54360551],[-0.69148388 -0.26208684  0.673172  ],[0.16621219 0.84914133 0.50133073]
29,21.95718421546816,112.36674351739327,157.73729293704287,3.4913604884841187,3.7307996228481413,2.951739190712896,2.870210551046165,1049.996853935124,1049.8307339317905,27.75156100931367,[-0.71017527 -0.52296474  0.47133742],[ 0.6949704  -0.62777653  0.35058919],[-0.11254878 -0.57654533 -0.80927638]
37,162.988471512504,78.35321746092183,22.142843393730818,3.7123847498296754,5.609769700845076,3.757462248231569,4.253545639295197,1109.0109560998783,1108.7725196623453,39.0492816377652,[-0.07566145 -0.12237869  0.98959527],[-0.44065704  0.8943746   0.07691189],[-0.89448126 -0.43025286 -0.12159671]
38,12.216986379382613,5.235975535986474,14.321596831089572,2.8399898665211705,4.056496291044536,6.360807312214792,5.778537986402735,128.5640359574978,127.84596334538676,32.86906106779708,[ 0.2017152  -0.95911403  0.1985227 ],[-0.78012454 -0.03477625  0.62465696],[-0.59221338 -0.28087524 -0.75524328]
4,69.30676428139154,172.73392452988045,82.43637298568787,1.0542885038273095,0.8078323451027792,1.7471176980313923,1.5121735635279585,407.1381039416857,407.1320782461898,3.1784084036948395,[ 0.91686701 -0.20416652 -0.34303195],[ 0.20838938 -0.48813966  0.847522  ],[0.34048312 0.84854918 0.40501301]
7,91.12897517887309,64.14574678886405,52.58346147002244,2.1553087232836807,2.1946673554181597,2.1071498963552493,1.9945703361772347,326.1366844497264,326.09671497828265,8.30943505489592,[-0.6172627   0.27170766  0.73835066],[ 0.26836271 -0.80947734  0.52223355],[-0.73957299 -0.52050108 -0.42674397]
121,103.20307380146944,63.473449760273574,5.423587881506098,8.953401179253017,15.144397608444915,3.1507502533982357,6.47341849266682,1348.0697003507669,1336.1442657602204,185.3393671294492,[-0.01635227 -0.0582274   0.99816941],[-0.52640078  0.84925146  0.04091676],[-0.85007931 -0.52476807 -0.04453814]
14,97.48367875814017,56.72962584811064,17.883654311387613,2.5779861774240307,2.329585344790748,2.8888916738145465,2.0101387505760377,427.50809435662745,427.4706527063858,15.146018075649131,[-0.48365567  0.64477524  0.59189701],[ 0.19299507 -0.58104624  0.79065679],[-0.85371546 -0.49663885 -0.15658787]
99,25.173244451967122,148.46240988645962,102.52204477124606,7.022012547931407,4.399598638887396,6.493177299548405,5.204289180010759,1814.9464548471767,1813.928254599751,91.19214898030069,[ 0.33798289 -0.5730032   0.74661563],[-0.93105665 -0.08768411  0.35418216],[-0.13748118 -0.81484896 -0.56313417]
237,178.47433684284547,22.64943617766483,114.15484723900532,8.466406388944687,9.56940792946183,14.314930467071001,9.63672767886985,3291.128798736917,3285.692716389355,256.0904146064753,[-0.16841755 -0.8835751   0.43695602],[-0.52070533  0.45613863  0.72166718],[-0.83695967 -0.10598391 -0.53690401]
32,190.79573202732513,65.04888635075321,136.57866432651304,3.020404798011281,5.2167850817730725,2.0610106864830517,1.9607916863981825,1377.7926823332818,1377.5157569294734,34.25736014258861,[-0.53148062 -0.17926499  0.8278843 ],[ 0.32170854 -0.94683755  0.00150629],[-0.78360192 -0.26713801 -0.56089689]
22,91.86114569922688,68.8182403303129,178.60430338063506,3.2306818907419017,1.9208628626894,3.5784829805304645,2.4711165685837457,996.0752981142265,995.8976970036343,21.428467944288997,[ 0.05193589 -0.94053657  0.3356987 ],[-0.90011915  0.10150722  0.42365293],[-0.43253691 -0.32417162 -0.84132311]
21,55.5335777607825,165.96449767492285,20.504719200389605,6.017560538232078,2.14980308836071,3.6642550392794884,2.0828279710544284,808.1580800291699,807.564220501012,32.28261562366905,[-0.49399555  0.05813312  0.86751884],[-0.8102548   0.33112131 -0.4835761 ],[-0.31536576 -0.94179574 -0.11646981]
7,56.678384025587505,98.26829294383448,28.967019400552534,1.1807422310043807,1.1222621012848681,3.3247502225829817,1.6597689327222225,309.90806795785,309.8167181660869,8.77977069028676,[-0.86554818  0.50079725 -0.00533483],[-0.12852057 -0.21180674  0.96882422],[-0.48405455 -0.83924967 -0.24769169]
282,108.58086771721156,148.17255683296713,77.67133268551814,9.439485415280958,7.312666891062306,13.429074989029182,9.796255950345184,3359.1851356472525,3356.9975829590294,251.43248968986526,[-0.75470732  0.63671542 -0.15814654],[-0.36635805 -0.20904743  0.9066868 ],[-0.54424134 -0.74222143 -0.39103545]
11,184.62780325780253,83.80666201808987,80.28186269351141,2.8306075795387327,1.4327813599912174,1.3798677612942587,2.5369805663218084,723.344228973519,723.3333763362567,7.7969327216701325,[ 0.3687813   0.07501223 -0.9264845 ],[-0.38361837  0.92017521 -0.07819546],[0.84666245 0.3842535  0.36811947]
167,87.07163469293307,181.4127903820019,100.6772650898804,5.2799792928600935,5.26870367618451,12.370729309009386,5.843283177783945,2913.035887915595,2909.3779073000164,170.83499314978982,[ 0.83847878 -0.5095215   0.19323864],[-0.38408656 -0.30102951  0.8728452 ],[0.38656286 0.80608255 0.44810722]
63,105.89072392816557,12.164805032272566,47.2805761881817,6.959844353863821,4.709814502761284,5.379208060682785,5.396420269358388,928.3790390585328,926.9866110876602,66.9613832779598,[ 0.24744394 -0.91449729 -0.32010343],[-0.33580793 -0.3908451   0.85701409],[-0.90884791 -0.10456967 -0.40380769]
7,27.373125308825767,121.19548866850242,97.53253017849191,1.5078890262706968,1.4603828286429743,1.4200201334986227,1.4950679519166552,417.96253205100743,417.9369447465376,5.399755688280902,[-0.71465625  0.52936678 -0.45720593],[-0.67766108 -0.36201922  0.64009182],[-0.17332602 -0.76727628 -0.61745056]
19,61.122883298359596,4.296353955718851,89.61356778770325,3.5214315448266205,2.5423808061427007,3.393895694701246,2.7287342467834574,473.67353336695356,473.47622639478647,20.98470166823296,[ 0.12489564 -0.99143783 -0.03810655],[-0.81699091 -0.1245605   0.56303689],[-0.56296264 -0.03918815 -0.82555276]
95,142.1658777131999,188.76275354647046,49.535421541186665,4.541991710867367,3.7659358773172023,7.985181710167926,4.267052726040634,2355.1653383320495,2353.8420399406136,87.43459220593654,[-0.70771431  0.62128458 -0.33637171],[-0.39045133  0.05284711  0.91910551],[-0.58880236 -0.7818009  -0.20518073]
343,57.1023078354941,172.86053601823727,88.32019918336107,7.2164355559699915,14.246954490417375,13.667728650944017,11.792484601159067,3765.8089092187734,3755.4026639784206,323.8678364723612,[-0.95501327  0.29339708  0.04321804],[-0.0906602  -0.4275868   0.89941662],[-0.28236567 -0.85503666 -0.43495051]
263,29.267894449482974,16.065126018269734,104.14374676224537,10.351785862170942,8.137097338283615,10.32959695898662,11.157976147057722,1790.280391594865,1786.8322579205783,201.81601163104878,[-0.24698245 -0.94432414  0.21737432],[-0.93100128  0.29346346  0.21706177],[-0.26876809 -0.14876532 -0.95164731]
22,9.540462277451804,113.69711862448497,192.43004251184948,2.9812552136104933,3.8683372611717113,3.381202078981064,1.26733887652387,1049.5994786287201,1049.3987014758288,27.209920487247306,[-0.95875132 -0.22135121  0.17832426],[ 0.281024  -0.8323399  0.4777403],[-0.042678   -0.50814754 -0.86021199]
47,195.78132788940988,67.474592661854,116.65290719719874,2.4591969780316756,5.21624164775248,5.047972764812408,2.833048502035787,1630.0602744141293,1629.7847684115766,48.8389245654853,[-0.56689039  0.4334066   0.70056691],[-0.01392547 -0.85533605  0.5178864 ],[-0.82367552 -0.28382911 -0.49091718]
18,75.985265742303,3.2029326602858896,23.624486729697168,3.327047245465627,2.6956973186801836,2.738572889152677,2.8536698765714044,338.3833912911862,338.2682275924986,17.839932957723555,[ 0.1337691  -0.94374089 -0.30242183],[-0.26700751 -0.32820168  0.90608534],[-0.95436514 -0.04045732 -0.29588914]
2,60.25459510555264,155.35597261442047,184.27217544504333,0.3002562801758053,0.5761696297814467,0.22462325319516196,0.12086488138892548,351.34826506598085,351.34696159236046,0.9570499940946875,[ 0.83905322  0.24858572 -0.48393681],[ 0.48699922 -0.7397099   0.46439317],[0.24253134 0.62532743 0.74171703]
58,10.821527494161607,99.57934910717681,172.34342991636058,5.94101168493221,4.824585227190034,4.055490042549094,5.5479125274949235,1519.3703925821442,1518.863297080083,50.7709966222473,[-0.07381543 -0.86135442  0.50261301],[-0.99579384  0.0910901   0.0098603 ],[-0.05427629 -0.4997711  -0.86445528]
73,40.58203584167938,75.213063543788,67.0747887226039,4.826108140094878,10.274101366608084,6.9301797732827115,9.25870412734284,934.2185007318716,932.4652232788436,82.44160599438796,[-0.65172762 -0.27920397  0.70519236],[ 0.6619263  -0.66329908  0.34912448],[0.3702765  0.69431944 0.61710278]
9,72.98338022893978,52.66081593270691,141.2551675793313,2.9997181543860707,0.835847287647902,2.3703271487133533,1.7263694049855747,502.59486460029717,502.50663547860404,10.526112569558,[ 0.18714937 -0.9481866   0.25674361],[-0.88040071 -0.04596571  0.47199761],[-0.43574041 -0.31437131 -0.84338661]
42,187.33572286417817,34.54295396058749,156.9293809786224,3.226377127790392,7.393617651017937,3.4396685608899866,3.2206472643363453,1600.4213579485963,1599.7344807122363,52.89264268045112,[-0.64974475  0.10111203  0.75339771],[ 0.04100483 -0.98500885  0.16755947],[-0.75904569 -0.13976383 -0.63585825]
69,27.43511735473901,107.86996780073436,193.2772490776181,3.8621920763569046,4.363403364319196,3.411413687488496,3.185060191412598,1853.2359196323443,1853.1405427402283,49.4846749176279,[-0.9789707   0.20233738  0.02599927],[-0.16276347 -0.85153975  0.4983855 ],[-0.12298143 -0.48367307 -0.8665656 ]
49,67.38749414055711,74.39738524070327,176.03029326080056,3.361014392404975,6.206697969446155,3.322104864466209,4.07719001414819,1419.3777577931617,1418.912561517604,46.51157761281082,[-0.80552744 -0.36843739  0.46408989],[ 0.49056179 -0.85395391  0.17352767],[-0.3323773  -0.36744607 -0.86862461]
38,54.71684581614849,78.48342191031479,5.457593722502025,4.381910729255599,6.850569368099119,4.295554533742012,6.437301824289595,593.1206296693597,592.4211293235535,40.11571159391971,[ 0.41078222 -0.34595315  0.84354869],[-0.71175968  0.45652867  0.53383493],[-0.56978604 -0.81969384 -0.05870164]
66,146.76632034114473,182.177829849938,188.5357165130931,3.9418216597255564,5.494276534526087,4.664729777401977,5.3860246115963495,2441.704881095065,2441.4557419483417,50.5647570276617,[-0.22895743 -0.60487734  0.76269384],[-0.84208321  0.51613007  0.15654273],[-0.48833837 -0.60641005 -0.62752887]
25,60.4755739882119,48.711273940782846,184.41575506542438,3.10800880422983,3.951581105488102,3.1364025268101963,3.577324351482871,1000.8699627986957,1000.7107290743063,23.572009796600653,[-0.71539884 -0.58099609  0.38813405],[ 0.62998715 -0.77660444 -0.00131931],[-0.30219314 -0.24357563 -0.92160198]
11,84.30067653086051,86.81666676422175,31.11961002278946,2.1636814818846712,3.0812052098015665,1.8414358088823704,3.656845857752915,414.6319439571323,414.59386275373055,6.8138891022076455,[ 0.21022202 -0.50440974  0.83748285],[-0.70768279  0.51251646  0.48632494],[-0.67453078 -0.69490841 -0.24921985]
50,46.524140561237544,153.76820625675518,186.98696201375475,2.8520632147366025,4.086349391633449,3.555305284082234,3.4177209256937817,1743.5613575661473,1743.4977082874022,35.84539174880628,[ 0.98154928 -0.09503517 -0.16591966],[ 0.03141511 -0.77579399  0.63020376],[0.188611   0.62378842 0.75849449]
44,193.3217666054103,95.67063860436878,193.04749232522283,3.0576070961022084,5.1062000894548785,2.9379479632185093,3.9491805366084485,1920.5445856915435,1920.405271651392,35.46508607582831,[-7.06455636e-01 -5.86987961e-04  7.07757084e-01],[ 0.23438592 -0.94376585  0.23317219],[-0.66782009 -0.3306141  -0.66686628]
4,163.54474024594907,175.78492584774853,15.608934727823442,1.3113828714972173,0.8606433497167846,1.410495271163788,1.1230144405703517,481.2243689322052,481.22013848432914,3.573930651113996,[ 0.64929589 -0.64051149  0.41007302],[-0.34115216  0.23661082  0.90974201],[0.67972793 0.73058904 0.06488145]
18,105.92047274284273,22.621571153599746,143.258666322133,2.9010039768125626,2.638037864738181,1.6863306331151962,2.6887997506664925,762.1156988650077,762.0886915367836,14.062501737982924,[ 0.77271331 -0.37492497 -0.51219665],[-0.23448863 -0.91844747  0.3185425 ],[0.58985526 0.12603773 0.79761223]
78,15.34983575055166,122.22516027734163,101.68180627233193,5.43719911897811,4.616912173880349,10.701040055828537,9.508698393429585,1414.6464141544832,1413.813159372656,76.55874754646749,[-0.95633669 -0.10611387  0.2723233 ],[ 0.27572086 -0.63662309  0.7202007 ],[-0.09694402 -0.76383957 -0.63808383]
6,4.964892743672152,162.05132642891778,37.08837735094588,1.6697522460251333,1.4739554497651728,1.2059453224467465,1.58679868777685,407.4301923478205,407.4118048616212,4.8168642582941015,[ 0.33628543 -0.21989243  0.91572891],[-0.94128899 -0.04772763  0.33421117],[-0.02978494 -0.97435589 -0.22303243]
5,128.07501114224596,75.28559764719604,2.558400375075563,3.4218662389370302,1.6347883383914634,2.1073075086774917,3.717813149825344,332.3841864598035,332.3561810737453,5.009691027176583,[-0.50263395  0.84974523  0.15903507],[ 0.06576023 -0.14584751  0.98711909],[-0.86199461 -0.50661775 -0.01742847]
54,28.922604332382896,14.360087658487524,190.84979447826265,3.4451224137871397,4.455469453122436,5.7351199562170585,5.664209226861246,1423.459443566797,1423.143772913304,42.0877906430597,[-0.77491425 -0.61060516  0.16330721],[ 0.61421602 -0.78843064 -0.03340371],[-0.14915289 -0.07442089 -0.98600961]
22,6.663539888284114,94.81678796588535,119.19404597559469,4.197570813121976,3.360802758015579,4.131683870821909,4.3331760057074415,715.6918695898911,715.4329654612338,24.605483676037636,[-0.55415124 -0.63601951  0.53702475],[-0.83125168  0.45692525 -0.31660696],[-0.04401197 -0.62185086 -0.78189798]
13,67.29935149392355,169.3169706098292,190.75173551371952,1.2351986961209809,3.36339276369118,2.1126261807908304,3.08710309161697,951.2049999882722,951.1746083923904,10.050206550774242,[ 0.96277595 -0.23773781 -0.12862037],[-0.08934346 -0.72898968  0.67866913],[0.25510823 0.64191493 0.72309405]
135,180.51516449097133,173.41888950913207,159.385999307379,7.770381427690558,9.619375689709504,6.053019881140745,8.974941940895965,3450.884775578417,3450.362752388702,121.56283619627443,[-0.64693708 -0.02673217  0.76207467],[ 0.45984683 -0.81089465  0.36192646],[-0.60828719 -0.58458127 -0.53689052]
48,5.499603538793828,171.67770294648304,81.17862151431324,3.2126330185714354,3.2995234696802047,3.115595926601121,3.5309379689603158,1316.675004174733,1316.594170958969,29.758087820367123,[-0.4991249  -0.35732735  0.78942479],[-0.86604666  0.2361329  -0.44068633],[-0.02893989 -0.90363622 -0.42732197]
37,20.418754367173108,21.828091434882094,162.76503849182652,4.687136501130974,5.312258618858224,3.662076290685849,4.182750093362024,1007.4135469661873,1007.3103630912296,41.26747000153642,[-0.90952062  0.41147225  0.0588458 ],[-0.39688099 -0.90175651  0.17123283],[-0.12352215 -0.13238501 -0.98347165]
62,171.17284911950134,169.28528663061533,176.0707968830501,6.648798428127629,5.111688608451556,4.937640655665454,4.943997482939022,2349.5599478335957,2349.002950862471,66.04296863971065,[-0.492337   -0.33697237  0.80252969],[-0.65432285  0.75131535 -0.08594677],[-0.57399119 -0.56742829 -0.59038907]
12,139.5525682244566,28.84300890479207,80.28383445498925,1.6363120408583607,2.199164923219041,1.8595443430819407,1.191101229236022,566.6739956106305,566.6439489659471,10.701430664863894,[ 0.24446803  0.69607971 -0.67506179],[-0.4607167   0.69596671  0.55079076],[0.8532148  0.17636151 0.49083716]
11,49.288056626852786,149.22391672117513,128.37020334781863,1.776560631641937,1.90283332331339,3.3953270077544166,2.7037513410509777,673.1323779535626,673.0881020613024,10.949874933861116,[-0.84413302  0.48155281 -0.2356827 ],[-0.47798308 -0.4768455   0.73766561],[-0.24284071 -0.73534024 -0.63269512]
6,63.20718860571687,120.95700848330937,150.2758446364907,2.9666646849034035,3.4739015970728984,1.7682439929345648,4.1934822598465775,497.3846418345596,497.35423889235733,6.175868457780877,[-0.66718276  0.69179636 -0.27619732],[-0.6766211  -0.40776206  0.61311825],[0.31153019 0.59594286 0.74013583]
6,99.38850268689846,98.54866038216058,106.98674143514359,1.1999396751434226,2.7278311904894643,0.9742177050838154,1.4319195172132746,431.5896741643133,431.54920655953356,6.819454627984507,[-0.81736747  0.27443625  0.50655224],[ 0.11675584 -0.78210044  0.61211681],[-0.56416177 -0.55946729 -0.60722142]
21,61.169416768927945,130.02986642146845,155.00491488904495,2.4890145055425488,2.821769992896562,2.3966570138978796,2.3333276778952676,968.7694940206452,968.7153620486649,17.4226375091124,[-0.95594591  0.14670582  0.25425344],[ 0.04882989 -0.77461287  0.63054781],[-0.28945302 -0.61518477 -0.73332438]
13,110.83995202240635,23.340356434394955,178.41087843374356,2.371671202024494,2.288404423166723,2.4779651290665288,2.271689983472811,762.0756837796422,762.0420321904695,12.372184856884003,[ 0.49695001  0.76543707 -0.40883587],[-0.69135202  0.63396713  0.34658053],[0.52447409 0.11041631 0.84423644]
28,9.678055166942087,38.911545064196574,185.5002454907088,6.48648292708678,5.809388735168986,3.1436981895977736,3.358958713740347,1005.3446910893349,1004.4960797646877,45.64672893306452,[-0.63266611 -0.75064662  0.1904291 ],[-0.77276298  0.62802469 -0.09177348],[-0.05070473 -0.20521853 -0.97740185]
44,18.553834388786818,3.5095390980772545,128.8256648720444,9.320646468732205,3.5974349043978826,9.756338064277685,8.624536760917652,868.3244555906164,865.7925377696589,73.52619750668148,[ 0.14442526 -0.98949698  0.0060881 ],[-0.97985237 -0.14215438  0.14029067],[-0.13795175 -0.02622696 -0.99009164]
20,5.952872853786278,179.4167043711172,197.12669910700168,3.1083563604322566,2.978319531821832,1.674716753287368,2.594581618318374,1192.4877877132838,1192.444082449382,17.102755079401536,[-0.201139   -0.72137399  0.6626935 ],[-0.97930854  0.16349573 -0.11926414],[-0.02231351 -0.67297007 -0.73933307]
57,181.965676807496,23.211753638042538,190.30316724627602,3.661815671832795,4.361087488376627,3.969215912842833,4.039127596310687,1996.102202362688,1995.9772647838925,42.66929138183293,[-0.72122153  0.18805539  0.66668934],[-0.07690412 -0.97823184  0.19273873],[-0.6884223  -0.08773616 -0.7199841 ]
6,40.53370008597851,52.09221468923763,24.384627031802413,1.7480535729910198,2.1669834254898492,1.0765646830047124,2.1690968530061943,172.50589955204532,172.44591177148166,5.032359804754944,[-0.01293122 -0.41561058  0.90945073],[-0.81744218  0.52820284  0.22976084],[-0.57586549 -0.7404523  -0.34656793]
25,168.6518949106247,9.707465196589817,19.86262034239426,3.098730379398194,4.52345684199169,3.1209312920073633,2.914217915410072,850.9064659999731,850.7538175829029,27.88080701804715,[-0.12483377  0.17154621  0.97723509],[ 0.03578201 -0.9835205   0.17722043],[-0.99153224 -0.05709053 -0.11663831]
4,92.93926908067844,86.41343151707326,31.73769938536234,1.7792423755476652,0.9734930955080459,1.5944209413793733,1.9289823578746574,261.67637922165153,261.65846213647615,3.424891456538009,[-0.64588338  0.74900264 -0.14774877],[-0.27930591 -0.05171716  0.9588084 ],[-0.71050888 -0.66054551 -0.24260412]
114,128.0297386810895,94.84537155957864,164.7325481387704,4.248086892437005,8.180266842205757,5.122093771153668,4.542554381911547,2449.155113793606,2447.867759478209,102.09880689555997,[-0.82753463  0.33660922  0.44931132],[-0.05587548 -0.84572793  0.53068089],[-0.55862721 -0.41405133 -0.71867735]
8,133.15518476223085,127.00855791022585,45.82394234227809,1.236434481446709,2.290600812936517,3.101262874262977,1.9883018617679225,536.4826641193682,536.4043381056437,10.000183650980285,[ 0.48282672 -0.69729676  0.52976937],[-0.52339756  0.25523318  0.81296434],[-0.70209212 -0.6698009  -0.24173003]
58,95.68594205778837,7.85514259036667,149.50929553504858,4.583526756267296,3.618289869879762,3.453176099808627,3.228504755803586,1353.9063678277942,1353.6594967680214,45.433148742515044,[ 0.23717041 -0.96621247 -0.10091416],[-0.80850411 -0.25390723  0.53089757],[-0.53858269 -0.04432368 -0.84140603]
20,112.46879230937722,85.79917447052117,58.824149847750924,3.2080723937128783,2.461108762737934,4.556222883986781,2.1391338505243103,685.5718269908213,685.3226229785928,25.471907830024474,[-0.62686786  0.77627323  0.06660752],[-0.26072156 -0.28956449  0.92096508],[-0.73420771 -0.55995739 -0.38390984]
16,54.579603429160194,162.9560234117014,57.72155672827876,3.344835441580448,4.082032039972897,3.2880951941551637,3.218932151670706,725.5108102469712,725.337091476377,21.199634501095826,[-0.68315073 -0.02967833  0.72967409],[ 0.66538426 -0.43705463  0.60518347],[-0.3009466  -0.89894519 -0.31832168]
12,120.40036979199118,68.02330765367871,53.880358722356696,1.516613815787071,1.250593386910321,3.9449497989298576,2.180806301328459,514.3278439103567,514.1932956924537,13.216082557989397,[-0.49426644  0.8692819   0.00704652],[-0.31255256 -0.18526693  0.93165823],[-0.81117913 -0.45828499 -0.36326751]
2,155.8030834851066,65.06186721785082,72.0440962737467,0.5524582489798888,0.6243052935176436,0.21692082644118926,0.33275303210831453,259.6102510268135,259.60781931972036,1.1236486392622798,[ 0.40513658  0.04116735 -0.91332886],[ 0.33985658 -0.93418055  0.10864717],[0.84874134 0.35441777 0.3924617 ]
5,178.2799373151443,153.19695093604255,82.36755454073844,0.8051940693482366,2.221041051889675,1.1438388032243625,1.7913252327313647,556.9741977167829,556.9602577547377,4.297708944293737,[ 0.67058872 -0.47320287 -0.57130536],[ 0.19493469 -0.63066094  0.75117723],[0.7157592  0.61509821 0.33067046]
25,91.08214485321274,37.26503296409675,19.850584024790027,4.481247363484031,2.970954897631611,2.846642203852838,4.5645212376733975,502.72295835945783,502.64553665681035,20.04848388455042,[-0.3596593   0.4414311   0.82206069],[ 0.21765113 -0.81702227  0.53394999],[-0.90734402 -0.37096252 -0.19777168]
65,78.2817064118301,26.4149433120305,113.25289801880724,4.23106569507532,7.877740096218443,4.330417095937448,3.810942704597853,1132.4461623827167,1131.2425384591206,73.80994284327419,[-0.82909323  0.16090612  0.53545648],[-0.02894986 -0.96876358  0.24629053],[-0.55836039 -0.18869642 -0.80785353]
22,166.53054660788482,106.68054987585357,160.1942151740807,2.8749623483268696,3.5111207303920113,2.800145772594925,4.054815672696559,1193.9726259614138,1193.955859060064,16.28639359143663,[ 0.54467762  0.31612372 -0.77678317],[ 0.52462129 -0.85106396  0.02150918],[0.65429259 0.41923256 0.62940072]
6,148.62380179605842,133.04454980782896,24.77410171384317,1.2124383484836314,2.459656979099584,1.3536436968917052,2.2730770438640095,492.41133076526216,492.4042957325922,5.003182880228443,[ 0.3874405  -0.26854311 -0.88191522],[-0.55067248  0.69980398 -0.45501012],[0.73935762 0.66193579 0.12325311]
115,166.85206926796448,191.32408787478798,168.52330945922122,11.754518241187963,4.8764349815999815,9.452798752273637,13.061457134325412,3271.6125185902147,3270.966951400033,96.9042866302736,[-0.62674074 -0.12994191  0.76831709],[ 0.55380131 -0.76791799  0.32187896],[-0.54817895 -0.62722967 -0.55324749]
100,10.890435478360804,39.77551403066811,68.57966683344935,5.37653786090501,6.938505904518432,8.280802090120941,8.514422205047303,807.6342373592385,806.3535064268559,86.1281808736718,[-0.9582504   0.28562147 -0.01328728],[-0.25146199 -0.81970534  0.51463582],[-0.13609938 -0.49649123 -0.85730591]
46,59.33461958488488,49.10701867004079,169.3348793730526,5.373133250164705,2.6661498745415484,2.9609029951766477,3.1920144890372337,1262.383859671384,1262.0194104510083,39.990118536705694,[-0.15582125 -0.93277118  0.32505025],[-0.93481493  0.24556526  0.25655164],[-0.31912503 -0.26388563 -0.91023271]
7,42.87082921284135,159.8887236560457,29.991072959715634,1.141780823253876,1.6073131853026643,2.2775714613193396,1.5868343546266777,445.1648571600769,445.12272222968,6.776733380956345,[-0.9470319   0.28256696 -0.15259912],[-0.19539113 -0.12988835  0.97208607],[-0.25485855 -0.95041303 -0.17821949]
17,140.4449395877181,115.40893441279898,110.41075590610298,2.4131188456318067,1.8900157464901781,2.0373911131462714,1.8079451053724027,877.0071955430972,876.9940286753963,13.218359877136846,[-0.51406094  0.83056864 -0.21423605],[-0.54740566 -0.12537948  0.82742192],[0.66036989 0.54261932 0.51911067]
53,143.22908406394419,157.8935313151769,68.16886066706431,7.053547480523656,4.771579214404736,4.975093599590035,5.2322408984536715,1630.7638696339998,1630.013162843987,61.00695138410045,[-0.43263166  0.00304218  0.90156563],[-0.63484856  0.709011   -0.30703536],[-0.640154   -0.70519086 -0.30480928]
5,83.18266130912984,41.01733316326674,7.523684222779146,1.7690363853513873,1.3777031361292356,2.0373347790262395,1.7080374760609223,208.14938872598847,208.13018839020316,5.591547738635091,[-0.43633303  0.81476601  0.38179816],[ 0.10211241 -0.3767416   0.92067303],[-0.89397234 -0.44070638 -0.08118708]
17,18.013110673791854,128.01699530502427,10.564409512194864,2.8160959043214198,2.6220220899288376,2.530104114248679,2.694114386307126,535.0986424230678,534.9640263730449,15.31616947542507,[-0.72122471  0.15714406 -0.67464113],[-0.67858192  0.03535684  0.73367327],[-0.13914557 -0.98694257 -0.08113489]
6,186.7220295557003,125.4803448494391,56.9514198298675,0.8178825994141554,1.5959690793475498,1.3350670446033812,1.4518703761570089,568.4640157088202,568.452304645794,4.170306115418246,[ 0.58643569 -0.658639   -0.47147413],[ 0.09330955 -0.5232624   0.84704769],[0.80460332 0.54073203 0.24540244]
78,10.6281428089857,176.46223307298422,5.341762834961293,6.81488643673368,4.150174138645615,3.4182807026844664,4.432596493793243,1563.5983213733268,1562.7861123278458,66.02163178662788,[-0.01938454 -0.0290764   0.99938921],[-0.99796729  0.06125695 -0.01757474],[-0.06070853 -0.99769843 -0.03020474]
8,121.70741822038082,2.543185675433024,52.255755829019144,1.833298059169392,1.0614475286888794,4.064983209913757,2.8793250579318945,374.9109909200262,374.7973345458199,10.106143227818416,[ 0.04096833 -0.99806981 -0.04667171],[-0.39318339 -0.05904623  0.91756219],[-0.91854691 -0.01924045 -0.39484349]
8,53.095174246008014,83.70663073197414,34.337892149358055,0.5850000087894248,1.7338152057082854,1.8966027589604653,1.802003020265797,296.7990021025595,296.76886698415944,5.4344566146768996,[-0.8595839   0.4978274   0.11525367],[-0.07102776 -0.33976076  0.93782604],[-0.50603417 -0.79795395 -0.32741245]
118,185.16618869759307,138.58675376837988,186.89521816338208,5.986125901395876,6.400205099198194,6.857031272690611,6.939321167336971,3232.1285458176812,3231.314401072785,94.40857562277067,[ 0.05491127 -0.82721844  0.55919085],[-0.78067173  0.31359449  0.54056466],[-0.62252422 -0.46622758 -0.62856618]
16,29.787028476882632,169.53347830793996,102.55298387835532,1.1549949968779816,1.5905018122935928,3.497381939407842,2.443611509040976,801.6056279345313,801.5315744120112,12.728852325200378,[-0.9725761   0.21872072 -0.07910107],[-0.17889564 -0.48613859  0.85537455],[-0.14863406 -0.84606768 -0.51193495]
15,128.24576669051822,79.71289040138227,54.22387167814808,1.5979293104856094,4.069194913835558,2.612608868223551,2.029582727542524,621.6614607598133,621.4722752242543,18.106842487096394,[-0.55089171  0.3812632   0.74239929],[ 0.24013889 -0.77951839  0.57851914],[-0.79928195 -0.49698034 -0.33787409]
28,29.66447719329139,162.043192948339,56.31483960463667,2.9318671264697866,7.536805114859641,3.4389995220095697,7.006450062915742,922.2858281241645,922.0998515613579,27.7189560341861,[-0.96654496  0.09405916  0.23862882],[ 0.19178044 -0.35277832  0.91584263],[-0.17032646 -0.93096742 -0.3229374 ]
35,20.589758283854337,35.242689309863216,88.79817430024927,5.693407448246294,3.926987546949463,2.5495379753891343,3.4691294277956746,579.6368228414844,578.7236972463305,38.479191078778115,[ 0.46869993 -0.85288196  0.23002768],[ 0.8576294   0.37696086 -0.34981757],[0.21164166 0.36123797 0.90813817]
41,88.38611341514537,16.787714766566793,39.60616574283703,4.297863434966342,5.560230193596068,3.371723231067643,3.4915341893575658,630.9238858794707,630.2770468603559,44.71616394397813,[-0.37455397 -0.17449822  0.91063697],[ 0.22516773 -0.96984921 -0.09323089],[-0.89944917 -0.17012606 -0.40255224]
14,161.82133574608253,43.39656493310107,97.61216742145642,2.8648143097141143,2.953178560040039,2.714812229061992,2.7235088767420823,725.6718067853949,725.6560707892827,15.337119270004866,[-0.21605488 -0.70756745  0.67280651],[ 0.5067817  -0.67025924 -0.54214837],[0.83456132 0.22383223 0.50339502]
26,39.769083295201575,48.51759547348388,53.2409972820633,2.4437516187222794,3.5867550401649777,2.7083723465273817,3.0504497229385694,420.1724798287072,420.03371981526544,20.85737936700804,[-0.70990281 -0.16867488  0.68380318],[ 0.51257941 -0.78958193  0.33737622],[-0.48301174 -0.59000776 -0.6469857 ]
13,67.27464383066703,93.087734601453,159.62920319561766,2.9315954632770658,2.0246480295643963,3.3798928473330974,3.1923083511805186,709.2477892590938,709.15742935357,13.424209371491711,[-0.6801623  -0.47134551  0.56143802],[ 0.64831363 -0.74424444  0.16059157],[-0.342153   -0.47321625 -0.81178673]
4,9.29488781917952,69.70366508334246,61.92596839317244,1.5109037373124323,1.4688472032375275,0.9460498704041581,0.9402846951607162,187.43642378168101,187.43292506998756,4.211873290192996,[ 0.9847718  -0.16872258  0.0419189 ],[-0.14268035 -0.64659192  0.74937388],[0.09933188 0.74394326 0.66081889]
37,127.81187597065414,27.990065519450766,15.732903181939049,4.0173661560955685,4.1501192203017725,4.063113079180582,3.812322636579308,802.5118443372694,802.184594592909,36.21525876836332,[-0.23608866  0.7016384   0.67228394],[ 0.05930835 -0.68014718  0.73067253],[-0.96991993 -0.21237555 -0.11896202]
6,137.08380412463944,192.80156544165087,147.96961419893324,2.0664257056182302,1.8324011710681873,1.8533739717484912,1.9195250695972,683.5328986854737,683.5087445908877,6.660535183757417,[-0.26323096  0.69814107 -0.66581417],[-0.83028082  0.18750196  0.52485882],[0.49126695 0.69097183 0.53029682]
