N,MEAN_X,MEAN_Y,MEAN_Z,SIGMA_X,SIGMA_Y,SIGMA_Z,SIGMA_R,LAMBDA_1,LAMBDA_2,LAMBDA_3,EIGEN_1,EIGEN_2,EIGEN_3
133,161.0420558425472,75.66402098356026,37.109062017329784,4.79268647552911,8.376484151247752,14.090914626530425,6.87287616306704,2103.608770743362,2099.3096409425953,181.8592887843267,[ 0.42557159 -0.90492324  0.00166059],[-0.18628737 -0.08581205  0.97874067],[0.88554268 0.41683357 0.20509494]
292,96.00637216971418,87.2924257249377,82.92649057411248,12.242047604194592,14.495668129781933,6.963311206664464,8.99075176516061,2651.3981027305936,2638.63862500757,308.5433173542724,[-0.31659128 -0.44587815  0.83723511],[-0.71577495  0.69147823  0.09759137],[-0.62244371 -0.56837535 -0.53806439]
7,118.67259055214217,45.14089782058322,47.69622561090657,1.3937129331769538,1.8522827680943155,3.7111340933640755,1.6223017823808983,358.99517522334196,358.91049193832754,10.731559919925544,[ 0.31761415 -0.94272855  0.10190253],[-0.36561701 -0.02260009  0.93049097],[-0.8748974 -0.3327944 -0.3518557]
72,116.58401497190032,130.43263838046894,36.542074713110395,5.8962249620284926,6.097127476785401,8.512526078798755,2.8282689267017598,1519.4048676679888,1517.1414869238038,99.09606861892225,[ 0.65488123 -0.40719039 -0.63665262],[ 0.38132209 -0.54928991  0.74355502],[0.65247531 0.72970993 0.20444896]
489,114.52364707077422,87.16115291104217,34.50613575184222,14.768038828502549,32.734452961510904,10.505791704402556,11.543616420907847,3369.8520971693047,3291.6269854271322,774.616178402467,[-0.15641797 -0.18139752  0.9708905 ],[-0.62609429  0.77847205  0.04457815],[-0.76389748 -0.60089617 -0.23533896]
670,50.52794260777042,38.53879577117904,105.94880184352202,9.90608879009919,13.526444055288286,20.682935211926328,16.434489286405615,3259.2641652433244,3239.2332078612753,536.19046448543,[-0.8702865   0.41762537  0.26113302],[-0.28168087 -0.85691609  0.43168357],[-0.4040511  -0.30213221 -0.86339958]
231,23.86555050673164,14.09112386200896,104.1755126004488,6.430407809850879,8.150923997956564,12.95639321897041,12.322074457964158,1654.2982996242226,1652.4347121573899,169.86864581607915,[-0.96493042  0.17561693  0.19511016],[-0.14502309 -0.97617171  0.16142208],[-0.21880947 -0.12746559 -0.9674063 ]
60,94.46399823173009,7.179476260947493,150.16935054583797,5.444627832248467,3.1796183005596617,3.8173517269081176,2.492604744354792,1376.3248285193786,1375.6725048891699,53.60356452619847,[ 0.17339478 -0.98289801 -0.06201412],[-0.82876774 -0.17964213  0.52997429],[-0.53205102 -0.04049948 -0.84574317]
3,174.06951060637803,55.037613174420386,115.04920050061622,0.5256602957194351,1.1630964402782153,0.9093641192976761,0.8822039345692589,373.7702238927047,373.7638613757038,2.24577978831773,[ 0.29189305  0.61246524 -0.73463241],[-0.51392053  0.74821618  0.41959295],[0.80664995 0.25506641 0.53315756]
18,54.69717459706732,163.23751251112074,57.27387309546038,2.774699587724481,4.068172731054176,3.4066980369321938,3.37246303467088,770.1075551389963,769.9685755540365,21.01848749446424,[-0.94016606  0.22549442  0.25542131],[ 0.15869664 -0.37356104  0.91392972],[-0.3015015  -0.8997802  -0.31542421]
2,149.4471141170666,52.33668324329241,125.67466200801967,1.5978688625327493,0.41989345051167604,1.1381734018087002,1.9975115296865482,285.90807591169045,285.9079539319607,0.2641021862693112,[ 0.18006492  0.81354364 -0.55292258],[-0.64889275  0.52069656  0.55480924],[0.73926641 0.25888577 0.62166175]
124,132.243967155603,92.52425514941908,15.276124426027227,5.6112135365988935,3.8540527085899248,7.027070671985251,6.2283528316578165,1808.200926943513,1806.9712680032155,84.13454516507227,[-0.56828641  0.82118006 -0.05209477],[-0.10760987 -0.01140355  0.9941278 ],[-0.81576386 -0.57055522 -0.09484756]
2633,94.86726119178734,126.9561258988564,136.3532531374679,15.337245526008763,30.587024064500994,25.433941512735665,22.514567064921724,10911.07893190404,10834.447846835279,1819.6594585260684,[-0.87564271  0.44537249  0.18679718],[-0.17523751 -0.65340991  0.73644233],[-0.45004629 -0.61212648 -0.65019959]
121,44.388983676467866,85.23025909608016,78.32009254525039,5.116354380631093,9.205074486408135,10.57110654042254,11.46218492143865,1372.5921931875475,1370.4362476998497,104.80275167167909,[-0.90225348  0.07805568  0.42408249],[ 0.24186008 -0.72260532  0.64756872],[-0.35699069 -0.68683976 -0.63309462]
297,15.589839625773037,29.19841033868182,142.95195207695042,7.932947079114276,12.444731909248484,7.867167761475985,6.923680636182262,2541.227666886579,2535.2884294263126,264.4597638651492,[-0.98385545  0.16354683  0.07266978],[-0.14496886 -0.96640356  0.21224557],[-0.10494042 -0.1982841  -0.97451061]
685,181.0464050911488,97.12745998760887,72.29991414045799,10.279941755099584,9.280427000041374,14.387194332057302,9.369818859514778,5720.539816491241,5709.739472244697,460.25462419364857,[ 0.35538701 -0.88516545  0.30030351],[ 0.42771836 -0.13166713 -0.89427108],[0.83111797 0.44625765 0.33180872]
167,137.81809191395143,13.696317424648303,124.66319162382587,5.159517027206639,6.578856998812398,5.199173336713493,4.4461297601778575,2410.359392627082,2409.7713621613507,113.14821610163158,[-0.61859501  0.46588838  0.63268336],[-0.26513404 -0.88178062  0.39008573],[-0.73962434 -0.07355919 -0.66898796]
342,149.2809883503268,159.0587083508666,185.66913336338726,9.735288347273853,13.90891728617322,8.919418945899166,10.400781394811684,5307.5283908236825,5302.897373009927,297.20223383408023,[-0.32354388 -0.57404046  0.75219473],[-0.79028662  0.60110838  0.11880983],[-0.5203522  -0.55600924 -0.64814143]
101,187.26939188295003,14.655473145017265,109.98507546190523,4.822863242034378,8.50876357556849,8.499676488716657,5.544064079418058,2191.09786426015,2188.6451996069923,117.75602158614693,[-0.31617538 -0.70678558  0.63284063],[-0.4003793   0.7041548   0.58639784],[-0.86007531 -0.06797173 -0.50561873]
125,184.906657551165,138.7489260577536,187.65488027374718,5.1148202235042195,6.074515940882981,5.699412280078792,6.213464255785109,3330.410402861423,3330.0448747428873,84.12153781205045,[-0.08687552 -0.75814598  0.64627186],[-0.77906101  0.45602419  0.43023933],[-0.62089982 -0.46610794 -0.63025931]
11,147.9532089671162,25.74341558592922,102.42561929563117,2.36610862277313,2.373466175261822,1.1761645479273641,2.3459705550214607,602.9961207255158,602.9594995990275,8.858870640419902,[ 0.56554177 -0.41512759 -0.71262303],[-0.13290608 -0.89866037  0.41802574],[0.8139401  0.14169908 0.56340296]
20,158.1910381838436,41.51227410432007,62.11475682510032,2.2030007725518312,2.271023781061467,4.362002833146423,3.3191066567367957,782.7020501361756,782.5706566532659,18.9430831891866,[ 0.20725854 -0.97076296  0.12109163],[-0.37365562  0.03584136  0.92687479],[-0.9041158  -0.23734928 -0.3553026 ]
6,90.17722730910026,13.174322053796141,57.81803444408024,2.3496639310203147,1.5816437713797846,1.599627447418582,2.5036973861012384,264.4844009034398,264.4425036218854,5.116853370678487,[-0.37414945 -0.5876798   0.71738738],[-0.40231366  0.79984794  0.44540655],[-0.83555725 -0.12196613 -0.53569427]
459,109.80126299594771,108.21017946120608,186.4439425611763,14.286784466250031,14.094810058283151,8.433051589082785,12.026448129057625,5199.622641402944,5193.966615446533,386.716620148183,[ 0.56685054 -0.81206671  0.13866551],[-0.68709068 -0.37315925  0.62342487],[-0.45451827 -0.44866451 -0.76948899]
117,15.82012337800699,83.43985061468639,49.53919290284066,6.946749589460441,8.2467690390131,5.076568710469611,7.794102274671571,1070.2611126696963,1067.7784253102877,98.0590736467464,[ 0.738208   -0.44267801  0.50900406],[-0.65436617 -0.28662419  0.69975102],[0.16387151 0.84963684 0.50126178]
8,27.271776764112076,117.99452285217585,159.27367854091398,2.0407766611066336,1.3801315790494753,1.991131664990993,1.9386320269199842,565.9859473700009,565.9709048727332,7.09781192011738,[ 0.59671275  0.59252607 -0.54115316],[-0.79078331  0.54879915 -0.27107424],[0.13636584 0.58968835 0.79603518]
35,125.59666787785864,76.71545724433129,52.784591626872846,4.21752217649673,5.747953641392876,3.426822480981472,6.059219878540421,926.0243647904912,925.8428587176988,29.89264834527026,[-0.58127434  0.52111143  0.62495041],[ 0.1311933  -0.69796138  0.70401579],[-0.80306193 -0.49121562 -0.33734071]
79,166.76133994853595,30.54189429037486,117.39237342778164,6.340349103460918,5.036526504847103,9.317670714049662,5.74137137791629,1835.7371592120157,1833.9622260983606,96.85919543331967,[ 0.0495419  -0.98136359  0.18566394],[-0.58647265  0.12188614  0.80074565],[-0.80845249 -0.14855728 -0.56950444]
16,147.64304521924316,160.134036405109,112.2452667733196,3.1746605908808547,1.4652126476518548,2.760672871031099,3.115950244824727,980.2617510258506,980.2311355183422,12.689335766688432,[ 0.63768257 -0.04910674 -0.76873238],[ 0.47982979 -0.75537654  0.44628428],[0.60259797 0.6534484  0.45812757]
26,7.966866499542624,95.31110072888939,168.88151785209158,2.5478494236410136,2.6996071156452754,3.5349560085142437,3.035716569505418,989.9146540595929,989.8275804861869,21.12206002679306,[-0.8971978  -0.36518124  0.2483521 ],[ 0.43971896 -0.79092525  0.42554023],[-0.04102864 -0.49099889 -0.87019351]
60,4.133084613615384,96.99044843159295,86.72125627041372,2.775125441185119,5.699399530759017,6.039251507115451,4.811456442351993,1010.4540991461906,1009.1126350811193,57.0064836464591,[-0.96172494  0.20418226 -0.18274231],[-0.27218901 -0.63494731  0.72301802],[-0.03159572 -0.7450849  -0.66622083]
58,99.12147174851577,35.831078252405966,58.47951926478396,8.923856120312124,3.999075821609723,3.034586981878188,6.552778418270015,921.0577085316966,919.5340389610288,60.084283171702886,[-0.14863945 -0.71075135  0.68756006],[-0.54709784  0.63828922  0.54154484],[-0.8237659  -0.29566769 -0.48372549]
16,7.463423450505642,158.10926532870306,62.376311228958755,4.665052234106423,3.8076204040440094,2.664432203349197,4.3952756188820805,680.9988335789737,680.7957082349784,19.66728788516285,[-0.12612158 -0.35891103  0.92481145],[-0.99102154  0.08729237 -0.10127363],[-0.04438076 -0.92928086 -0.36669801]
80,142.21369544304287,188.26221189716665,48.501873908034796,4.631646912860867,3.444789222486799,7.145338913635029,3.5405270466735326,2155.84367091566,2154.821611656744,75.85646431168037,[-0.67030528  0.61378756 -0.41707992],[-0.4495544   0.1113019   0.88629156],[-0.59041652 -0.78158603 -0.20132465]
38,55.026035936184286,19.56243725717106,174.48474537815997,3.108230711649173,4.246592653006427,3.2619068734888446,3.5777472611053227,1134.8115207898254,1134.5320235170932,31.141808123670305,[-0.8620451   0.45622812  0.22075813],[-0.40913693 -0.88348043  0.228187  ],[-0.29914081 -0.10638718 -0.94825974]
221,189.76884049163374,32.272134810214624,63.5384461285471,5.166413219611146,6.337729967487753,6.007767937301301,4.524931736092477,3015.748636316257,3015.734698841581,135.12726110679077,[ 0.3215106  -0.02787709 -0.94649554],[ 0.14189383 -0.98686181  0.07726524],[0.93621423 0.15914347 0.31333095]
12,161.53541207602282,60.90882979237474,10.85657960778336,3.380408932519283,3.762409747275614,3.017684832052412,3.908044604615326,599.4795426988215,599.4476877211857,15.29236481581201,[ 0.12327854 -0.15145966 -0.98074582],[-0.33591229  0.92357553 -0.18485444],[0.93379084 0.35223316 0.06297988]
7,83.46912469593192,158.94305455406888,172.66100450560177,0.8067173112225475,1.923236529840203,1.8804166465811394,2.5134350801546437,659.0495251437851,659.0436093142798,3.317927300317905,[ 0.239313    0.65395574 -0.7176846 ],[-0.9112912   0.40637105  0.06641476],[0.33507855 0.63812574 0.69319398]
5,124.28175095965767,148.32494426645354,104.97110048001647,2.6539090493024404,1.1895129746915485,3.251119184737365,2.024148332887992,492.340176809039,492.3093906234312,8.639455946965775,[-0.8244222   0.48802632  0.28663277],[-0.03962404 -0.55496651  0.83092846],[-0.56458655 -0.67367832 -0.47686429]
354,15.859615622949097,188.05615712947602,107.63452125229838,7.726549267247347,6.222882535376818,10.10223324104711,7.1681364628123125,4094.0231715893565,4092.3113110056656,229.78522658367677,[-0.96955859 -0.05454657  0.23870654],[ 0.23359927 -0.49828345  0.83495208],[-0.07339975 -0.86529664 -0.49585704]
286,117.16197052968155,34.77252234653411,164.46803217431685,12.632126688237328,6.60642641078011,7.239775654645259,9.000757277848352,3474.099688192372,3470.352736094687,222.2047929518912,[ 0.12440688 -0.98498307  0.11971335],[-0.8102497  -0.03120661  0.58525343],[-0.57272887 -0.16980726 -0.80196455]
2,183.70723972840887,143.80971333849504,16.527191850632438,0.2208300220985535,0.46733939994761897,0.4351128310286718,0.4300578534129471,330.76634697256605,330.7655260186354,0.7369444967771219,[ 0.57678422 -0.68579345 -0.44385505],[ 0.22445613 -0.38938355  0.8933084 ],[0.78545491 0.61487218 0.07065975]
310,51.629818452815805,101.20694778907173,126.66624525113338,6.600919446214238,13.877950966578949,9.083954529453473,12.308053555851371,3010.553912142361,3005.46156709654,228.2588825055498,[ 0.78571814  0.28626291 -0.5483617 ],[ 0.54002746 -0.74977649  0.38236836],[0.30169083 0.59656413 0.74370282]
4,126.66089454931634,103.42024185384591,37.727772511084275,1.4018340516591097,0.9319362639152051,1.1844530397971393,1.5863973411842895,335.6564864959996,335.64665629275333,2.616369672520979,[ 0.61927082 -0.78242191  0.06572369],[-0.21638563 -0.08960069  0.97218773],[0.75477209 0.61626916 0.22479195]
12,123.1195229004736,62.813620501699575,132.05387455868882,3.757103575739601,2.0275877157780617,2.5150003865079773,2.565168643761017,662.363989496158,662.3141066319876,14.692466799331198,[ 0.26350134 -0.94310472  0.20278197],[-0.71806221 -0.05138729  0.69407925],[-0.644169   -0.32850088 -0.69074848]
216,12.869565485621294,116.81686182985437,110.5670139371301,6.651172940731992,7.083492220291557,13.8237239199779,8.705854351565955,2382.5907244926434,2376.8996922284696,211.84176809717235,[-9.93782787e-01  1.11332398e-01 -9.32849872e-04],[-0.07716809 -0.68273504  0.72657962],[-0.08025496 -0.72213431 -0.68708164]
27,79.28120073076859,195.9999949181836,24.38165901916613,4.172097025162459,3.160237327129328,2.281466916946064,3.9642785703038577,1106.2246471345495,1106.1431097295167,21.383814322545373,[ 0.07615988 -0.15337015  0.98522955],[-0.92483607  0.35843522  0.12728878],[-0.37266327 -0.92087013 -0.11454386]
45,27.689143070030337,123.64394801861361,11.88977871990891,4.762248151164633,4.2864587286419535,4.350793416374684,3.6261032151766117,854.8720220343693,854.46229313872,45.9970738365937,[-0.54872656  0.04273064  0.83490913],[-0.80731014  0.23231148 -0.54247739],[-0.21713938 -0.97170236 -0.0929786 ]
36,150.2212583150641,27.826709351173363,82.74717315323866,4.842693068751435,3.552695287774089,6.349532397469616,4.078548314236732,1043.560365328101,1042.9950422030404,46.563417233988154,[ 0.14797725 -0.98698164  0.06300775],[-0.48016426 -0.01600185  0.87703262],[-0.86460686 -0.16003495 -0.47628122]
184,87.41626750669282,180.74160707603366,95.76618281922805,4.749312945637383,6.9306692555311695,11.384740378166018,7.777146352761859,3022.8116983452305,3019.7961764095894,160.8205017038556,[-0.83188655  0.51351402 -0.21039988],[-0.39232684 -0.27606249  0.87742188],[-0.39248493 -0.81246098 -0.431118  ]
16,168.34779554629307,106.66393544668821,159.4844053506988,3.078964425174625,3.8428581777498363,2.1230496533599217,3.077976931435965,1021.1733457510529,1021.1390980527802,17.621802119207047,[ 0.53050752  0.33001734 -0.78080108],[-0.53251735  0.84640932 -0.00406597],[0.65953547 0.41794715 0.62476646]
78,63.17311937230837,72.31449366011465,173.15345042464298,6.397925145500922,7.186032774086467,5.8989042118620825,7.859395238768454,1750.9389473116544,1750.5858638722125,71.39768402557851,[-0.8223453  -0.35149524  0.44743638],[ 0.47087254 -0.86185723  0.18836443],[-0.31941707 -0.36558611 -0.8742537 ]
149,106.5183412892607,56.56031706893594,186.1638298361022,11.615809620676893,7.517418242053727,6.151353572020751,7.189450870410756,2713.0304201729436,2709.9113823838625,162.56083995670664,[ 0.49296002 -0.86986277 -0.01814328],[-0.7249834  -0.42220591  0.54418861],[-0.48102961 -0.25510966 -0.8387667 ]
25,112.09722200738197,4.561934152086381,111.23858378903111,4.528639723054517,2.020090936343489,4.857621645233743,5.6981547442317675,790.6486233440614,790.5201103812927,19.82545243859945,[ 0.03051742 -0.99947918  0.01049083],[-0.70406976 -0.0140453   0.70999191],[-0.70947478 -0.02905339 -0.70413169]
6,40.764585456513515,81.09004590421317,155.05677788949475,1.5377247264794696,0.8496066296975393,3.387501733000034,3.0745570528391593,440.1805720811738,440.16410619813445,5.547867881232297,[ 0.91299115 -0.4070701  -0.02722313],[-0.33905466 -0.79417032  0.50431681],[0.22691209 0.45120665 0.86308948]
16,46.880304311416914,74.1051891009351,99.87189751667984,4.507378498289427,1.6696387115833686,2.0094350432571253,2.285121875856964,532.010060948716,531.7154744718177,18.764473166512346,[ 0.00326979 -0.80380071  0.59488968],[-0.93567288  0.20745191  0.28544695],[-0.35285346 -0.55755549 -0.75141621]
26,31.669883317897277,68.42895425281529,4.294591018556981,2.2063048507306626,5.499908025360827,2.049633433282115,5.370097104509962,386.31859894735595,386.177553435283,16.570904378934156,[ 0.42723519 -0.25142283  0.8684795 ],[-0.80161794  0.33894579  0.4924677 ],[-0.4181851  -0.90658828 -0.05673548]
241,172.7716370037749,164.78980886702269,148.3053774280322,10.850319163104919,10.91488106994769,10.239993792157314,15.925752280703824,4372.118817919483,4371.018990121917,146.89601631631163,[-0.76834483  0.29403401  0.56849822],[ 0.17811857 -0.75490736  0.63118037],[-0.61475198 -0.58622426 -0.52765624]
2,156.50281867518257,30.841488860230413,136.57411917431074,0.7369589460209056,1.1739433655088671,0.9696359096214167,1.3522685622214397,296.9837745128256,296.9802970991614,1.437170406945456,[ 0.61116127  0.23945587 -0.75441553],[ 0.26656032 -0.95972988 -0.08868005],[0.74527008 0.14689944 0.65037916]
3,41.29136504946745,131.29639327038555,95.96873125559733,0.3558705632882471,1.1520807310763226,1.816874798053746,1.3570756442932732,290.64423699186364,290.6338827081523,2.9506078051465185,[ 0.9603537  -0.27661526 -0.03470976],[-0.13106053 -0.55785089  0.81952762],[0.24605672 0.78248731 0.57198751]
41,90.07836335882241,67.48062263100375,43.4193413397817,3.454546653660942,3.903407903886262,6.478043145899915,3.587736008516566,774.1902512252233,772.8728974673076,48.07116876917929,[-0.66492533  0.63548609  0.39246878],[-0.00942113 -0.53255075  0.84634564],[-0.74685042 -0.55905915 -0.36009348]
4,26.478502055431793,118.51362579165489,67.8590349593899,2.133314703254647,1.2583506771053576,1.1938669776365094,1.132252148055874,278.27008508809763,278.23115589873726,5.017525647597418,[ 0.29762282 -0.52356132  0.79831335],[-0.9355342   0.00669668  0.35317265],[-0.19025359 -0.85196168 -0.48781643]
10,187.40160119025117,67.4678200163668,14.987024774161771,2.4176065055079854,2.1403213035896793,1.7187526029212057,1.8697132396033969,631.7271288794461,631.6701249963846,9.941907522661257,[ 0.11098906 -0.49917601  0.85936298],[-0.32765844  0.79797779  0.50583732],[-0.93825443 -0.33771995 -0.07499243]
173,9.139905316034177,38.006442264112295,75.87461491227285,5.249132664083712,8.095913646319698,14.604366097807107,12.436014382896163,1143.8618909875404,1136.3554229947276,163.98216446286256,[-0.97739783  0.21115507  0.01034497],[-0.18429236 -0.87498893  0.44769487],[-0.10358478 -0.4356695  -0.89412655]
46,14.150345295635665,53.10749789997546,186.19155900343452,4.1324518885839305,4.109892887815032,3.8584883907051664,3.09025235503009,1317.2694144204013,1317.106908388077,42.60874606434034,[-0.91534165 -0.36350702  0.17324063],[ 0.39600721 -0.89059721  0.22364011],[-0.07299288 -0.27331164 -0.95915212]
78,173.3579411357231,188.67811154523085,184.30201329732088,8.303378906669616,6.847696692093191,7.961965057384063,5.8002139948137925,2789.923726221437,2788.115807868286,106.57947991476215,[-0.68524996  0.72212988 -0.09466219],[-0.47803643 -0.34790021  0.8065027 ],[-0.5494667  -0.59790792 -0.583603  ]
14,197.34884698280365,3.9931286199140454,71.64988658892943,1.740778833287841,1.9627571181556454,3.5730534362020085,1.489682689557208,785.856044057582,785.7675001845165,15.621214794797154,[-0.02352594 -0.99249033  0.12003948],[-0.34094066  0.12083955  0.93228605],[-0.9397904  -0.01899343 -0.34122317]
46,9.494152351431014,178.7932230018134,178.90066925419313,7.11536548913296,7.512748796896692,3.842038422328203,4.239298089626551,1718.149466454971,1717.0201394362718,69.0823362030616,[-0.72660798  0.50482424 -0.46604004],[-0.68601365 -0.49579769  0.53251284],[-0.03776382 -0.70663791 -0.70656688]
30,96.25401190190932,57.03069815717627,18.96282204108037,3.873648018918746,2.749781301920542,2.399815608398355,3.1442576496824928,622.1141564588472,621.8844431755355,23.424066558863537,[-0.20432094  0.01902328  0.9787191 ],[-0.48829203  0.86456417 -0.11874207],[-0.84842433 -0.50216223 -0.16735965]
3,1.161901849561701,142.27995103453557,57.20408815568452,0.519948875793201,1.0568998505434815,0.08016622790508113,0.9997058879962016,265.62340578816804,265.6216023434961,1.0893275929165518,[ 0.50689658  0.31798481 -0.80121253],[-0.8619737   0.19513558 -0.46789255],[0.00756235 0.92779727 0.3730081 ]
29,190.6626500362093,12.782767218126038,178.38585355597792,2.9992713573260845,3.4296019045255033,2.1722230232126822,1.6140769396276093,1407.9377967786656,1407.864470904219,25.721287476696443,[ 0.49161603  0.65617692 -0.57249064],[ 0.47573708 -0.75302216 -0.45456776],[0.72937501 0.04888223 0.68236546]
9,35.35683150070973,6.311570027359318,18.243221271113885,1.400261128946729,2.5890765996818432,0.5823692705395298,1.3121669680080386,121.16721898029317,120.93000752658314,8.131068633436705,[-0.4461027  -0.07652174  0.89170444],[ 0.17435466 -0.98467915  0.00272593],[-0.87783417 -0.15668887 -0.45260995]
9,8.194086523344982,135.92235357058723,16.305064694698178,3.0227497620775683,1.6757085445226167,2.6688840726429475,1.238457320212457,411.5995614887546,411.47700492100563,12.554586262110053,[-0.66042461 -0.05001726  0.74922467],[-0.74852173  0.12307484 -0.65158867],[-0.05962003 -0.99113614 -0.11872066]
2,68.46545302716315,123.24479810961674,31.367430412663822,1.3994860536168972,1.042116647471424,0.015955209112604507,0.2223616903266219,204.2731457283511,204.25848167902845,2.447596358508894,[-0.13863567 -0.17124336  0.97542599],[-0.86953425  0.49247509 -0.03712775],[-0.47401513 -0.85331354 -0.21717658]
37,170.4891453060883,9.061145425209478,19.927933464643193,2.755959161144655,4.588489888195372,3.6255564471505317,2.863667202377427,1046.1111089826807,1045.8914004064743,35.25462919980604,[-0.12740803  0.388786    0.9124761 ],[ 0.00297888 -0.91981939  0.39233075],[-0.99184592 -0.05270424 -0.11603422]
76,175.1371524689209,153.95185318327998,5.603688648339705,5.512858146824564,4.248602701661053,2.619280977346938,4.84531645774511,2034.3543300105573,2033.9715435454825,49.1827036514818,[ 0.14330056 -0.19833596  0.96960188],[-0.64464508  0.72466342  0.24350697],[-0.7509312  -0.65994377 -0.02401163]
47,139.97491979847584,188.61986499837045,116.63998236611603,4.633042668502425,4.578370830450543,3.806778141733956,4.750098077133907,1798.5109207276635,1798.3244708875604,40.22038492755944,[ 0.13419387 -0.59129759  0.79521014],[-0.83494827  0.36473304  0.4121058 ],[-0.53371658 -0.71926141 -0.44475796]
35,137.60343738218526,17.001093328260342,36.34529199652317,2.940656996596643,3.998779296912986,3.871116129001297,2.5102977755787146,848.5802774321663,848.3240922648229,34.08830132203246,[-0.09765581 -0.70702078  0.70041771],[-0.26225605  0.69718828  0.66719583],[-0.96004433 -0.11853323 -0.25350496]
121,60.793268564606656,188.8789397117337,75.90989717231874,8.176256087207813,5.070586089282601,8.286143456494795,4.874549345884641,2339.5962254745764,2338.9955381621685,129.1704435670509,[-0.67774793 -0.07595086  0.7313612 ],[ 0.67729946 -0.45166505  0.58074446],[-0.28622225 -0.8889489  -0.35755653]
2,61.07838125955169,36.734033371705856,8.012436943473766,0.24558162262107075,0.5241033159367205,0.5204435772245048,0.0011526952639826504,101.43729951995093,101.43132664165363,1.100776823156704,[ 0.41767411 -0.53415629 -0.73500027],[ 0.31677023 -0.67257862  0.66880088],[0.85158967 0.51216702 0.11171386]
27,53.88210257123096,168.75275885894828,20.038723303008034,5.948093812392409,3.313293349997781,4.402065935201275,2.544713621571764,927.2436247535152,926.5056476405053,40.02294950333099,[-0.55770957  0.08004002  0.82616804],[-0.77304128  0.31238102 -0.55210984],[-0.3022701  -0.94657894 -0.11234365]
19,60.80186319273992,13.534311550281563,65.27417368825878,2.615883234288479,1.879473667971431,2.9846021190080028,2.938984825661928,393.6878770928792,393.5616159186725,14.171125799799817,[ 0.52242565 -0.78893031 -0.32351262],[-0.52244935 -0.59600882  0.60977058],[-0.67388287 -0.14954083 -0.72354642]
6,84.54213439764618,40.05271942108809,137.5522067329787,2.1338274152808467,1.8743672991204563,0.7636657402409899,1.1066032092303504,407.5265670148619,407.48956221672256,6.676715969360497,[-0.54254814 -0.6561287   0.52453469],[-0.66881592  0.71521485  0.202862  ],[-0.50825858 -0.24075475 -0.82686781]
52,177.8575090871835,142.27256194236568,143.6596380506032,4.419019173345655,7.680714285786966,5.108545400407397,6.8612318253499325,1943.036301404335,1942.6407363649396,54.547031657029464,[-0.61606592 -0.02498297  0.78729832],[ 0.42943845 -0.84854731  0.30911176],[-0.66033734 -0.52852939 -0.53348972]
13,143.91604541366573,85.42153417290365,153.42755566159101,1.8097010188216522,2.447554998901328,2.682146864285677,3.3356057028405144,818.7305949836306,818.7214188280782,8.313548687121989,[ 0.37199692  0.61770944 -0.69285881],[-0.6781478   0.69053776  0.25154158],[0.63382478 0.37628799 0.67577622]
76,27.271801170313562,146.5734330764689,98.81207960142184,6.5232660131984375,3.458111377735717,4.342582613286757,3.973939002366973,1560.7292825557854,1559.9944871677635,66.17101350405278,[-0.15718463 -0.53189166  0.8320963 ],[-0.97572671  0.21373525 -0.04769309],[-0.15248075 -0.81939521 -0.5525768 ]
7,91.81803172068483,4.2345553611707185,183.51257984079817,3.272429520469029,2.2672197011935937,2.170500916899026,2.8242055978698253,543.1243437098332,543.1117403490716,9.39776983371425,[ 0.07716745 -0.99689382 -0.01574501],[ 0.89097512  0.07603857 -0.44763988],[0.44744666 0.02051482 0.89407529]
10,153.13638577788296,89.66474653574008,37.31785796718932,1.9781832628824438,1.6787361409820043,2.7561036313696516,1.8192121804718309,573.5515041757757,573.4783341369018,10.519535762867331,[-0.5201815   0.84871141  0.09539476],[-0.12737536 -0.18754225  0.97396274],[-0.84450383 -0.49448646 -0.20566093]
10,172.7485052174141,187.6547860635734,37.516686721121076,2.1900234661802775,1.650819347774765,2.313621044670588,2.288571908925746,815.3215406901786,815.2970326430683,8.737862538396708,[ 0.6478611  -0.47776291 -0.59331155],[ 0.36230603 -0.4918783   0.79170075],[0.67008233 0.72787247 0.14557243]
85,122.51636304597506,12.061109760894048,103.725159061739,9.625541248368418,5.0950551203234244,4.972544604236458,7.936312763700536,1487.7980035711212,1486.4841819542833,81.7167881975113,[-0.31337831 -0.82754359  0.46579571],[-0.5668194   0.55654724  0.60742979],[-0.76191194 -0.07366672 -0.64347759]
14,152.18540976704517,129.09786734872782,11.2529246080715,1.9441780722525588,3.731051970960809,2.0298227687110724,2.5298780198655066,748.066883249339,747.9864220025817,14.671640709730804,[ 0.11711386 -0.22244752  0.96788504],[-0.63774561  0.73024416  0.24499796],[-0.76129158 -0.64595709 -0.05634322]
7,171.50583684573664,113.36481751307909,194.2209782903416,0.9608042804187873,1.340804338860916,1.1697269350869286,1.1527748104992526,748.2901490761087,748.2823757445805,4.3931579677044805,[ 0.59635166  0.3420044  -0.72622152],[ 0.52596037 -0.84992018  0.03164448],[0.60640777 0.40083497 0.68673207]
121,73.94358902936673,135.27765766206903,75.64891368217668,7.307383549048064,6.212090426766966,6.489867391283373,7.324173355678047,1892.5991264742443,1891.393399813714,99.21648874965419,[-0.66547617 -0.05242799  0.74457557],[ 0.60937368 -0.61422644  0.50138767],[-0.43105126 -0.7873863  -0.44070129]
11,75.08406787641461,194.25712899167013,35.780456401524866,1.2947129999044111,1.773008659693341,1.1793239872160644,1.670528666554279,700.8910255368228,700.8794243741294,6.1341214677263,[ 0.57247847 -0.07081402 -0.81685603],[-0.73893426  0.38716733 -0.55143234],[0.35530911 0.91928605 0.16931806]
12,120.77849976556566,8.096600027909744,195.28807855562414,3.33867942276949,2.1983838494591494,3.0105265784746527,1.974674352524633,796.0848028219754,795.9693465152528,15.913712977157003,[ 0.31310399 -0.93702563 -0.1547542 ],[-0.79099249 -0.34747588  0.50357859],[-0.5256394  -0.03526305 -0.84997632]
17,90.00204737853441,17.884601032225095,20.574378777765975,2.9696967100789426,2.844130928650073,3.0026445877989194,2.842339032885517,388.1520032910659,388.07190321730945,17.31313816117651,[-0.28885439  0.68523962  0.66858792],[-0.02293723 -0.70310964  0.71071142],[-0.95709823 -0.18995656 -0.21881381]
33,30.862716087332632,84.229689146074,128.13809465475217,2.159334477157534,3.7969691851602465,3.3128688285101666,4.084589475684014,899.0112878726493,898.9507740026513,20.978233320257317,[-0.8807828  -0.26959993  0.38927824],[ 0.4305215  -0.7982374   0.42126985],[-0.19716212 -0.53863989 -0.81914234]
35,184.97571014893614,162.79685023146362,132.57146812687398,3.934567179286278,5.516376342932738,3.406366001693403,2.6565816903311266,1655.882527129958,1655.563066394093,42.089726650689585,[-0.47149016 -0.1691326   0.86550054],[-0.58371497  0.7955263  -0.16252611],[-0.66103998 -0.58183509 -0.47380805]
54,144.59807387547494,93.61997736905933,97.2994879153538,4.095239362639612,4.473901198614968,5.956813112638584,2.95019097000418,1454.754982993551,1454.382605839711,58.631683179961726,[-0.62579709  0.75218936  0.20637142],[-0.27234321 -0.45865009  0.84585416],[-0.73089478 -0.47312922 -0.49187556]
56,181.2569559360028,23.727477637650715,189.82768759883837,3.287988014307082,4.5146580445818865,5.091193350092534,5.075053026761371,1972.7836951488603,1972.649830832886,41.9068638816638,[-0.72595143  0.09471348  0.68119298],[-0.00689707 -0.99142458  0.13049802],[-0.68771139 -0.09003698 -0.72037934]
17,93.70368505553736,188.55706083397098,145.70226015113482,2.5104703716331405,1.9819979263010823,2.5024843602762905,1.1981481849671087,1055.823329977674,1055.7904599407157,16.011840355983654,[ 0.74269696 -0.59954247  0.29824497],[-0.56078339 -0.31347017  0.76632789],[0.36595521 0.73640022 0.5690268 ]
10,5.69429456032013,99.34744416235242,30.23363456673949,3.2011085668915658,1.2049289597298318,1.8710887665904037,1.5842610633689582,329.08381191687363,328.95092102088466,11.286318232822545,[-0.2489514  -0.269031    0.93040073],[-0.96696367  0.12340961 -0.22305007],[-0.05481301 -0.95519233 -0.2908662 ]
72,43.95944937332691,87.9711761052309,187.7026371757481,6.4908263886730975,4.3299487693912795,5.261113069805834,5.087308832406831,1799.5499374153273,1798.894014508443,66.91107067561806,[ 0.55333806 -0.79658285  0.24345998],[-0.80663327 -0.43955231  0.39514115],[-0.20774927 -0.41502956 -0.88577125]
118,179.95981920494575,120.7412094658827,117.77584159034583,5.039173746943584,7.043123303954063,9.424942028881452,7.038056143993709,2682.3396979603313,2680.9094097417096,116.32495132227123,[-0.63180524  0.74990795  0.19611275],[-0.26220186 -0.44485914  0.85635888],[-0.72943288 -0.4896309  -0.47769159]
30,5.339805987560289,172.2822123565946,82.83211296240115,3.366513201119096,3.4602309094239305,3.2330672389537387,3.589672829622819,1047.8386838609508,1047.7044640700135,24.99996320826591,[-0.61704134 -0.32543914  0.71648402],[-0.78643866  0.28721428 -0.54682922],[-0.02782481 -0.90088697 -0.433161  ]
6,157.49747197901257,184.39456519281225,67.88110459154028,1.3869473859384587,1.3897726301737856,1.0405272631379934,0.7297789464174014,616.8600001617558,616.8406649767551,5.141229755777863,[ 0.52460771 -0.13888209 -0.83993959],[-0.57759837  0.66673847 -0.47099886],[0.62543335 0.73223738 0.26955807]
119,135.08136996897005,169.8275314564237,139.00423280102154,4.958774943185912,5.99150476514599,8.182807737715333,6.379950388436207,2813.5760788745783,2812.4004210879816,101.16840999331421,[-0.8463064   0.33251134  0.41617507],[ 0.09476331 -0.67482438  0.73186883],[-0.52419977 -0.6588234  -0.53959831]
105,143.89260232197674,75.30729166639983,68.06455038781961,4.368527680277007,16.270738587457515,6.4054153500605775,7.384038366054625,1813.057790166816,1806.8249025691198,168.29958127619284,[ 0.49705589 -0.18250807 -0.84830787],[ 0.29442972 -0.88415618  0.36273819],[0.81623929 0.4300682  0.38573923]
64,133.24562526192003,149.8168721412197,117.6084462738085,9.01067398043535,6.120218665014867,4.815365270329089,4.811349701261358,1861.8101590379397,1860.166095739504,87.17049798587445,[-0.44211322 -0.27669304  0.8532156 ],[-0.68961145  0.71312034 -0.12607705],[-0.57356075 -0.64412758 -0.50609062]
27,46.05894876995729,56.8188071916236,138.01175600681137,2.3874746115854713,4.84191850368635,3.777697967418653,3.8214478995095007,812.239432399413,811.9576323607616,27.873700922780234,[-0.93333354  0.30796525  0.18451531],[-0.20494685 -0.87903159  0.43046517],[-0.2947631  -0.36395175 -0.88354617]
9,197.70021958072695,56.175254734065845,120.40038347916821,1.158933168439393,1.6525952647595046,2.0041925464694934,1.1706876262042372,714.6282881352313,714.606806781877,7.768563745167087,[ 0.45878034 -0.80406073 -0.3781626 ],[-0.31724663 -0.54577111  0.77555688],[0.82998505 0.23583944 0.50547461]
9,42.897657604869195,159.14806756129553,30.98393625871529,1.2241565384682862,2.556595833838985,2.0067177635964666,2.6923294055857094,503.2467290297401,503.2159458206689,6.582157465175811,[-0.96610333  0.24405508  0.08415152],[ 0.03476991 -0.19998868  0.97918108],[-0.25580347 -0.94891604 -0.18472395]
11,148.7882833923623,9.647752030054841,7.808328487792747,2.379165901248238,1.4605648981395236,2.450292689067883,2.3438580926424035,495.31799812732106,495.27373462048575,9.571236978839623,[ 0.06695892 -0.99674888 -0.0448127 ],[-0.04917176 -0.04815549  0.99762878],[0.99654335 0.06459663 0.05223634]
44,139.2209864744514,133.1160855384731,146.17852839725512,6.886268408743978,4.3332613357977845,4.917976349900323,5.061489833900481,1605.031315036878,1604.4944152857067,53.22845114350723,[-0.61242162 -0.19943236  0.76496176],[ 0.54141046 -0.81090952  0.22203708],[-0.5760334  -0.5501386  -0.60459329]
33,118.68530295862602,151.10665341636806,170.51108311424485,3.592356014083296,4.195656355145003,4.907285022371126,2.8980859614934253,1476.1767075724601,1475.9914085918138,39.018152865205685,[ 0.61219306 -0.75298366  0.24131985],[-0.6417808  -0.29490554  0.70791816],[-0.46188425 -0.58825703 -0.66378958]
14,187.20473570246887,40.67709745191615,152.9921422018308,1.4568559251826494,3.2830710196228177,3.9993214559336274,2.2967972193524706,917.5300600050261,917.3919197698024,18.196355976699856,[-0.5300906   0.71296404  0.45900571],[-0.3688148  -0.68129432  0.63230823],[-0.76353101 -0.16589255 -0.6240994 ]
8,197.86511161990455,12.416432638861627,145.87011637939804,1.1416640496460704,2.70697311255438,3.3379156809354047,2.7278188608173983,696.2862824439482,696.225051452477,9.911200006532846,[ 0.41413968  0.66770688 -0.61859183],[-0.42702603  0.74270622  0.51578701],[0.80382653 0.05054695 0.59271234]
117,102.96831454288599,61.05977682404947,5.134415091535504,9.143464435952785,12.41975194627807,3.2267038528705974,5.730952249803659,1306.7612652287316,1297.895347718622,159.70472120105853,[-0.02469978 -0.04228438  0.99880026],[-0.51030472  0.85966497  0.02377451],[-0.85963888 -0.50910526 -0.04281145]
2,152.90288683088153,122.30917899079147,180.28249272019738,0.4110310540140176,1.2138156225947654,0.823013008464244,1.3513810596899418,376.4118087768555,376.41049800512934,0.9933670995322968,[ 0.63205829  0.27674486 -0.72381945],[ 0.52008038 -0.84393728  0.13147728],[0.57447255 0.45954559 0.67734713]
6,177.67380185385298,6.52262627784073,4.189021163666595,1.489327676122447,2.6435588822483242,3.120053510972445,1.5969811832911622,435.72746818339823,435.6684124432194,9.9383946079246,[-0.0158269   0.80924472 -0.58725845],[-0.04072199  0.58632302  0.80905317],[0.99904516 0.03671914 0.02367438]
85,157.00754530346296,187.55835344399927,162.54578466379994,6.975689548785045,6.456398611834415,4.577053389925072,7.8435255260364025,2709.1951526436715,2708.793113726828,65.03803950740097,[-0.62082803  0.74112939 -0.25553823],[-0.57323562 -0.20681171  0.79286181],[-0.53476488 -0.63871445 -0.55323627]
17,164.67362723129875,173.13269124957583,175.39643105718642,2.7434502059267967,2.78489803255728,3.252643438484499,2.9626174358773008,1222.2732918984404,1222.1902998781936,17.039508280463465,[ 0.2541246  -0.79689749  0.54806485],[-0.79171631  0.15408174  0.59113797],[-0.55552315 -0.58413458 -0.59176078]
16,171.70203034406947,60.48219240012913,29.242909072842046,2.134423676060583,1.903527916872226,3.9622183961182347,2.403843673883255,737.757350841062,737.5805135375789,16.963562807750662,[-0.35718132  0.90801469  0.2189311 ],[-0.07215427 -0.26051599  0.96276954],[-0.93124393 -0.32808648 -0.15856858]
6,46.939940013178195,173.39865306094444,134.40106681252254,1.4656505154673294,1.6291238230971834,2.5350066416253205,1.2835866849082576,549.6004944605918,549.5686942843226,7.580192040094757,[-0.92174641  0.36042522 -0.14309862],[-0.32652047 -0.52226116  0.78779925],[-0.20920787 -0.77287576 -0.59907856]
24,32.01838400083184,4.598590166652172,53.765241983012096,5.56473432225715,3.2245783794169993,4.721092833238743,4.0137496005453235,309.5196870150475,308.2992777843389,34.37537813597084,[ 0.26591264 -0.96086269 -0.07767468],[-0.81792229 -0.26752937  0.50934386],[-0.51018977 -0.07190911 -0.85705045]
46,25.849171210814976,106.76025995145322,193.06577391613126,3.909236452304414,3.6732469938927155,4.902656046388134,4.615254798250602,1507.1476529899305,1507.058106888116,38.08402813711513,[-0.9496354  -0.2024137   0.23920975],[ 0.29088325 -0.85331039  0.43272198],[-0.11653131 -0.48051022 -0.86921251]
11,53.954067941536934,5.490830359909049,110.42143825198978,3.1886591769441788,3.6892837011554303,3.4205741326225,1.9746756915163781,408.4341005491471,408.1260265180257,18.577576515921717,[ 0.60067473 -0.7574715  -0.25578662],[-0.66867241 -0.65135824  0.35862189],[-0.43825458 -0.04437765 -0.89775473]
56,73.91008135537534,132.63184999740534,8.739406955258703,4.377353573783529,11.506957235022691,2.978294026816948,8.795656796987377,1141.8661594221762,1140.217810399328,67.87038261493329,[-0.16854021  0.02875952  0.98527513],[-0.85893984  0.48606945 -0.16111745],[-0.48354581 -0.87344684 -0.05721955]
3,70.58689418157384,198.33467806839585,103.38320713247471,1.3290563940432596,0.7409278191230295,1.338017073592775,0.4419955743587638,406.2437723831394,406.2294266520925,3.425533491329167,[ 0.72831697  0.09456255 -0.67868425],[ 0.61560574 -0.52531178  0.58743264],[0.3009717  0.84563908 0.44080673]
4,180.14531236139223,166.75304529749687,117.4886090413544,1.1878573932475762,1.7366509317801175,1.001915108582063,0.9566151180723464,544.3080084620875,544.2922814890701,4.246185306843381,[ 0.54963055 -0.00517665 -0.8353918 ],[ 0.50964055 -0.79027     0.34020559],[0.6619462  0.61273692 0.4317183 ]
3,197.75221735367572,151.34256000679298,178.003866606856,0.8852816444711143,1.449409402893764,2.05493441471794,1.1786907514539866,530.1897871396234,530.1882693061368,4.141387583790459,[-0.11665013  0.81686703 -0.56490796],[-0.75434674  0.29710997  0.58539444],[0.64602921 0.49442282 0.58154307]
11,53.78373909367685,146.0441706533334,122.47409921454228,6.329061730132631,1.729470102055444,2.246060483897566,2.9938955391696136,657.2023928084751,656.9495451229727,20.814683916161588,[-0.1262446  -0.6097204   0.78249814],[-0.95399897  0.2908567   0.072721  ],[-0.2719343  -0.73732179 -0.61839172]
