N,MEAN_X,MEAN_Y,MEAN_Z,SIGMA_X,SIGMA_Y,SIGMA_Z,SIGMA_R,LAMBDA_1,LAMBDA_2,LAMBDA_3,EIGEN_1,EIGEN_2,EIGEN_3
5,127.3537829436253,177.74921465880556,14.271025665157433,2.3599208071462736,2.092489793029082,1.6552395406506,0.7449342958745938,490.03764891949567,490.00364225302684,7.79255742276946,[-0.03469173 -0.05526216  0.99786902],[-0.81304427  0.58218829  0.00397554],[-0.58116736 -0.81117377 -0.06512771]
18,167.780935581403,188.4083956383553,36.16594708178971,3.256677040384212,2.6112155152506276,3.3509426314990995,3.9603812538103518,1081.5201940176887,1081.4493499167259,15.296643862111873,[ 0.69137947 -0.51920199 -0.50241788],[ 0.29764178 -0.4289618   0.85287815],[0.65833411 0.739203   0.14203918]
358,58.81777040231624,41.80487873360845,103.6940262769659,11.058829944112926,7.707129886355601,10.392429168463469,9.69781800600796,2408.7300418913023,2400.4286793304163,265.4834789209261,[-0.19356405 -0.86738986  0.45844061],[-0.86410195  0.37201229  0.33902018],[-0.4646082  -0.33051731 -0.82152147]
132,136.3709317616865,171.57794811386384,142.43944619434887,3.8537038697458703,6.146321613672299,5.677218446208257,4.381519661277714,3004.644199127087,3003.9327572182588,93.32248129359083,[-0.83044735  0.53710109  0.14791762],[-0.19551807 -0.52961731  0.82539578],[-0.52166071 -0.65652716 -0.54483226]
6,29.853296343346827,51.88243243225924,197.86365275134912,0.9559935754262345,0.6814076782306832,1.1227831986213157,1.284458430515586,506.37232257225946,506.36860317216167,2.439133936949757,[-0.21353991  0.95240993 -0.21752247],[-0.96620003 -0.17297553  0.19114647],[0.14442373 0.25098762 0.95715568]
25,130.10925599744454,28.315602589013213,16.350678244772332,2.193806571813433,3.6613102045328874,5.709742626205424,2.0849294303112136,671.514284854977,671.0625426762693,34.079500325552715,[-0.23586554  0.93900561  0.25027169],[-0.06142745 -0.27142927  0.96049613],[-0.96984232 -0.21117438 -0.12170153]
38,30.377052243777364,85.56774558982794,126.19027961996352,2.340898719363721,3.9612330396612623,3.831303239011915,3.915267315502482,958.9070946045551,958.7762151522099,27.979958900695753,[-0.85278314 -0.31364021  0.41760116],[ 0.48447965 -0.7736851   0.40827788],[-0.19503943 -0.55049176 -0.81173791]
161,87.07002658480427,179.8401871821346,100.42801426348241,4.664066252510072,4.726054206710092,12.038308730092306,6.480428797562076,2842.3729094334017,2839.2255495455142,153.70294150758838,[-0.85413704  0.4977084  -0.15078548],[-0.34513035 -0.32560749  0.88026405],[-0.38901793 -0.80390678 -0.44988769]
34,44.542692647395484,109.81098920844069,166.44061975394766,1.7699686010680153,3.792511438345912,5.254209760411067,5.674965866944293,1191.9435820812423,1191.871640278549,20.97121263864437,[-0.9211069  -0.16272598  0.3536698 ],[ 0.32264273 -0.82745902  0.45957942],[-0.21786175 -0.53743076 -0.81468057]
2,34.935582419656626,107.84089305393856,7.618793892174525,0.38332913405111313,1.9301467618565482,0.52714036732322,1.678758599782654,160.70064989761087,160.69236426205077,1.631853359493486,[ 0.54573213 -0.11818376 -0.82958366],[-0.77954889  0.29154461 -0.55435122],[0.30737596 0.94922828 0.06697524]
339,118.52142037604757,35.388510961353255,165.13091778156402,12.78243809672264,7.395452176110087,7.698668849268286,9.67054882712458,3808.834941163271,3805.299431988014,248.09255326518766,[ 0.07453103 -0.98466044  0.15776227],[-0.81448988  0.03117134  0.57933978],[-0.57537062 -0.17167457 -0.79967274]
25,53.30322327815375,80.20607509733946,8.725358440809103,2.4056613420346658,3.168454942809505,4.217027133139266,3.3894458584565887,484.1983683285392,483.94118751403875,23.502072302060654,[-0.82748733  0.5572765  -0.06861212],[-0.10780107 -0.03775675  0.99345526],[-0.5510387  -0.8294681  -0.09131824]
12,91.4590200309929,65.61218090241104,51.68233334207668,3.9333028801434393,2.1296297665864383,2.0255863806589005,4.235790903178048,429.3652677792383,429.33493064412306,8.61311821796273,[-0.25795291 -0.34979216  0.90061409],[-0.62284901  0.77280924  0.12175792],[-0.73859285 -0.52953879 -0.41721609]
8,135.3071699326552,190.18088200787574,149.12276845502564,2.5680319644292084,0.8667016502991531,1.197635668048279,1.6490799054963377,783.4383632420315,783.4198942341648,6.961033494580504,[-0.31708322  0.7145647  -0.62358281],[-0.81287895  0.13394206  0.56682214],[0.48855506 0.68662713 0.53838383]
26,89.95376386533714,36.163691130442125,22.86824139976974,3.570534368298324,2.217599571627887,2.1375416616209724,3.9111658100470317,508.42622145796474,508.3768591638729,13.391225548074472,[-0.2787014   0.90180598 -0.33025974],[-0.32691897  0.2342621   0.91555735],[0.90302244 0.36313528 0.22952831]
272,17.647890536459172,32.81768623776373,141.29496291498774,6.4827354605612095,13.13754228537521,6.108402629593745,6.142710119753957,2421.7472942760273,2414.3803114306015,242.56252598053598,[-0.98195769 -0.11629315  0.14911405],[ 0.14604507 -0.9673031   0.2073537 ],[-0.12012466 -0.22538994 -0.96683475]
654,181.81556207502945,95.60104798981088,68.01555153875718,8.786976976825382,10.424571289666286,11.60826602309557,11.430124053391484,5548.64325407124,5545.3986006395535,352.7455456165468,[ 0.29493295 -0.85849256  0.4195296 ],[-0.45606538  0.25934417  0.85131954],[-0.83965405 -0.44241511 -0.3150396 ]
313,115.6162229160583,118.90266290199266,107.95447574571037,4.814010261866761,10.502204061447262,11.659422656896798,5.696870045309541,3511.5601168794155,3503.8948839288555,271.9004417139318,[-0.81168074  0.42587332  0.39975779],[ 0.00775994 -0.67647533  0.73642441],[-0.5840498  -0.60084361 -0.54577724]
240,28.07693096436891,14.665944127098868,105.70207572770146,9.903550033017346,7.796739878695851,12.713434324816498,12.034597887907715,1727.1750882369276,1723.7621769653172,209.73870484661575,[-0.09254576 -0.98311959  0.15783269],[-0.96345997  0.12843128  0.23505382],[-0.25135667 -0.13031224 -0.95908214]
109,52.055687468591046,47.465324167873604,57.45662326455617,11.646224242708357,5.458835402659649,5.531137203867351,9.858262943122204,958.8743114391357,956.2001695991715,102.61802233417477,[ 0.18943312 -0.83486615  0.51683035],[-0.79334863  0.17999918  0.58154814],[-0.57854389 -0.52019113 -0.62824211]
112,179.74315480755882,170.10177342349263,158.09799650555198,7.926894753417845,8.539864542236604,6.170863432957313,8.955365707294655,3110.436258931466,3109.7793793179712,102.61851847933694,[-0.758025    0.23633059  0.60790291],[ 0.22496629 -0.78010787  0.58379951],[-0.61219953 -0.57929229 -0.53817486]
2486,94.4039186803416,124.86799421390552,154.3076639769286,14.33011769786377,31.068592736734242,20.44035951486631,23.876562500322105,11121.067858952167,11040.833354707314,1594.2078780269958,[-0.8927986   0.14924653  0.42501311],[ 0.13868266 -0.80661878  0.57457224],[-0.42857647 -0.57191924 -0.69945021]
21,74.19697961382083,78.15235024517344,51.75666081508221,2.18394625518528,4.721706694210627,3.0623480273190316,1.8788613922009045,548.4753354504617,547.9647934329704,26.320528336727023,[-0.70674562  0.2274231   0.66991743],[ 0.33973568 -0.7214947   0.6033449 ],[-0.62055644 -0.65400622 -0.43264948]
119,15.731196859430659,82.94048618834275,50.307928755334366,6.419617631407063,7.3896548955058865,5.1225827751251,6.5088372505358505,1077.8045947414291,1075.34661710471,97.45700305815645,[ 0.78479244 -0.42367267  0.45232985],[-0.59812456 -0.32661014  0.73182841],[0.16232018 0.844883   0.5097302 ]
345,15.5609058515432,187.79000723320726,107.44216844446981,7.189343376840862,6.405683608376151,10.462007649128836,7.0838667975307645,4035.5871239210574,4033.152040620226,229.0061549494413,[-0.9759862  -0.04132831  0.21387593],[ 0.20559107 -0.4992662   0.84170397],[-0.07199482 -0.86546244 -0.49577365]
64,146.46553298040166,28.765932505839004,89.57040792723197,4.288213300977154,7.086421084249064,8.31504617771545,6.755268774751201,1394.8132056640763,1394.5939370133797,77.1621309205983,[-0.53394797  0.09769794  0.83985396],[ 0.08836492 -0.9814145   0.17034443],[-0.84088716 -0.16516869 -0.51539121]
117,101.30563236759438,56.976577668566144,5.838405274778979,9.859657480714404,8.579893158345563,3.6021147318457802,7.3393558701581405,1266.6455073702489,1261.9636830293332,123.23471680183339,[-0.0532344  -0.00532283  0.99856786],[-0.48709579  0.87308844 -0.02131348],[-0.8717246  -0.48753281 -0.04907106]
7,128.55117649586916,144.48524270817373,196.08465315879772,1.6874201686201697,2.5189855615137757,1.1860813799415117,1.0035112837223454,728.7105054231578,728.6771300179228,8.195948936101736,[ 0.72569627  0.23292114 -0.64738911],[ 0.50546953 -0.81885083  0.27199976],[0.46676062 0.52462468 0.71197153]
174,127.73397651240613,89.79194855947648,21.66982791978712,7.978476088155657,6.197188904150579,10.921351682636091,7.159347388351656,2087.0262299490914,2083.106853013282,170.78311913002204,[-0.56952259  0.82087696 -0.04248584],[-0.13584417 -0.04301987  0.98979576],[-0.8106728  -0.5694825  -0.13601214]
157,168.906082258421,127.72082336588608,85.7657099692727,8.110115488000389,3.450560367936993,7.284726138352987,7.1838045862576925,2865.324364976366,2865.079468996217,111.11520501169007,[-0.5599319   0.82020845 -0.11719367],[-0.37353193 -0.12364121  0.91934039],[-0.73956079 -0.55854359 -0.37560471]
121,110.44069469335278,17.465917384549783,41.38157230044872,17.98299524910854,3.7217657456238644,4.007665762392422,16.816892932681807,1327.0687773510115,1324.979152932502,93.59699964049594,[-0.01958829 -0.90136744  0.43261189],[-0.36935356  0.40861031  0.83463499],[-0.92908248 -0.14343767 -0.34092725]
32,41.95423946737651,4.813438239106386,153.50558499949923,3.093000817097472,2.9020584115692607,3.063201880388026,3.0054634821219617,901.0101191815941,900.873290654933,24.219086914973282,[ 0.6190619  -0.77184374 -0.14498138],[-0.73981717 -0.6350931   0.22209751],[-0.26350125 -0.03023239 -0.9641852 ]
126,167.34858082390318,155.04212762117626,141.1194442425909,9.027675544561962,6.324912055974647,6.25836437410255,7.196505787821009,3014.1770354808023,3012.4403697879434,117.99155890636216,[-0.5935601  -0.08737691  0.8000323 ],[ 0.50798467 -0.81171058  0.28823169],[-0.62420989 -0.57748697 -0.52618514]
352,152.3893655658653,166.20363434014348,186.4059863335985,10.861549737457187,16.28307598220921,8.493313720556548,14.054798474179433,5501.09847075038,5497.869744773574,299.2708421982932,[-0.37129474 -0.5205693   0.76886138],[-0.76904885  0.63641387  0.05950842],[-0.5202923  -0.5691968  -0.63664034]
35,52.345811661982395,57.4430360681404,23.323172022260007,3.1517492482259963,6.307761793197189,3.333235144310257,5.415259721992385,482.05276498591195,481.27296847930717,33.506154672155596,[ 6.35996738e-04 -3.76723219e-01  9.26325651e-01],[ 0.76582832 -0.59548562 -0.24270118],[0.64304477 0.70956077 0.28812658]
65,93.6245202145213,45.774541981200514,40.62012940614436,4.900910372712457,4.143643403584717,2.796203864684858,4.7645425179932435,903.3865849018484,902.7615578316461,41.18602396788378,[-0.17629842 -0.42662561  0.88707917],[-0.51780623  0.80662203  0.28502213],[-0.83713534 -0.40908617 -0.36311559]
16,89.5878071259499,19.80113153640437,20.64655009763137,3.435012884224973,2.332507076171583,3.83351348660287,3.113324928469835,376.80684146409567,376.4300015866948,18.91777722455435,[-0.27672373  0.89887171  0.33978468],[-0.12512885 -0.38428761  0.91469438],[-0.95276794 -0.21060078 -0.21881629]
3,197.04549373559067,61.332882046517945,98.14677571939451,1.5604426647307919,1.137215863122217,1.1988409589160494,1.305751917552104,395.82434309972865,395.81858392433026,3.2190727761023497,[ 0.32504329  0.35708851 -0.87569096],[-0.38836612  0.8946909   0.22068064],[0.86227526 0.26835794 0.42949435]
13,4.3240514316328165,107.92310567999506,128.9219330439025,3.0505273686386416,1.163920611684707,4.002667121909058,3.539923087993588,606.6713572982907,606.5633923983062,13.615241673205029,[-0.56088521 -0.62552201  0.54233753],[-0.82748771  0.44408363 -0.3435896 ],[-0.02592036 -0.64149197 -0.76669172]
18,108.57158598933069,17.67590550965626,12.577087487945967,2.263456635339252,3.653008533437782,2.0783417747027473,2.473079378671012,470.1049622135863,469.9172313473083,17.384521639806763,[-0.08226177 -0.19155368  0.97802873],[-0.17808273  0.96838585  0.17468656],[-0.98057103 -0.1598     -0.11377354]
52,129.87768604578898,146.9628901149005,5.5534643995691235,6.432435412603881,6.0955880619369305,3.9909713864035,3.1468603905428605,1416.3843552601302,1415.254642512029,66.60812116079587,[ 0.17012179 -0.1869747   0.96752211],[-0.73003099  0.63557749  0.25118918],[-0.6619013  -0.74905388 -0.02837175]
58,17.497466512340285,51.09486908684701,114.60698783511155,3.157314497106205,3.417399078658059,4.38698755570948,4.225030643378134,965.8314772814298,965.69568264409,36.49090536794708,[-0.97062794  0.23675053  0.0427854 ],[-0.19693243 -0.88400286  0.42397708],[-0.13819922 -0.40309817 -0.90466173]
255,51.47520177705791,102.60898815715905,127.31587610612819,6.10769792034039,11.939239580304802,9.181149648372973,11.330820236442607,2748.0003889771574,2745.2158262608573,186.2517950200472,[-0.78852212 -0.28306345  0.54599263],[ 0.53754745 -0.74853046  0.38825879],[-0.29879025 -0.59964759 -0.74239286]
571,112.40228151882746,124.06650201489269,37.964709640801466,13.495091870114043,12.486967246419955,13.225003545189109,13.508102511528516,4127.2141600538625,4124.589837248804,438.40620332832003,[-0.74253917  0.66968823  0.01237941],[-0.13855395 -0.17165626  0.97536502],[-0.65531548 -0.72253152 -0.22024945]
40,74.345062299727,111.26672543438391,86.27566281505543,5.78126726437178,2.95465370629978,3.3064810342800532,3.7760042112050103,1007.930868540557,1007.3993231557301,39.31708769479545,[ 0.38875341 -0.71261049  0.58400093],[-0.79403965  0.06235649  0.60465916],[-0.4673027  -0.6987832  -0.54159969]
92,25.879484724540195,149.32524429993728,100.92528315551348,6.508366470070864,3.9983704733503127,5.448757857831554,4.663947673995171,1748.2957294528367,1747.5158593655642,78.27869086000219,[ 0.37285879 -0.56318196  0.73742959],[-0.91695597 -0.10200464  0.38572892],[-0.14201433 -0.82001289 -0.55444639]
147,74.39109973581589,137.30316884114364,73.0344050735062,7.637616828505648,6.24719170592332,7.304703061642543,6.977889266538329,2094.657469182728,2092.7681142209685,121.6055915690869,[-0.72938831  0.03203302  0.68334953],[ 0.53036765 -0.60444869  0.59443413],[-0.43209125 -0.79599979 -0.42388853]
12,45.89729587626146,119.56215844177599,76.68989458263805,2.5652611179496954,2.2759185977362133,2.9114191099001943,1.6356395651287148,517.2923033719024,517.1811100451027,14.502695695879822,[-0.72927493  0.54510891 -0.41353882],[-0.61127709 -0.24752175  0.75171358],[-0.30740592 -0.80099267 -0.513724  ]
29,77.53963764872746,18.509683370644918,116.46328548429743,1.7449822791635696,2.8552177476318468,5.341644774503164,4.615437944100139,760.6893434925709,760.5267578855645,23.233041532132045,[-0.30927875 -0.88557877  0.34654997],[-0.7765961   0.44552516  0.44542769],[-0.54885804 -0.13136804 -0.82552849]
34,159.04194572592982,103.42170931593309,28.050694149871546,6.763108209488262,3.504830276752229,4.030421144007414,4.891064500327952,1119.2492966983277,1118.6899908035202,41.42092943760028,[ 0.21605022 -0.55093846  0.80609498],[-0.5148549   0.63720125  0.57349717],[-0.82960637 -0.53892614 -0.1459859 ]
6,24.424539274320917,80.50584028319268,66.18453820012404,1.060594517161226,1.4087732216964144,1.809737498051395,1.331122800826372,262.2524433315695,262.24102150402825,5.255174619500595,[-0.95782953  0.05925334  0.28116124],[ 0.17481464 -0.65640615  0.73387384],[-0.22804044 -0.75207713 -0.61836684]
15,124.58459721908274,60.377176432032535,39.07458380083732,1.7038679797849512,4.555926180033638,2.593057184994196,2.009092364506847,557.4518863287132,557.2902836861173,19.82153648673284,[-0.29134486 -0.01782729  0.95645196],[-0.40651603  0.90736629 -0.10691647],[-0.86594624 -0.41996262 -0.27160358]
38,101.04289104660171,141.61111569062246,57.36956725004626,5.777412912363547,3.4267905437318165,3.2225119330848355,5.5537808430260664,1130.0346031200886,1129.8039313018417,30.59502079962765,[ 0.40872338 -0.57797205  0.70632395],[-0.72683559  0.26191248  0.63491092],[-0.55195582 -0.77288432 -0.3130409 ]
192,189.1801204945593,32.19632539502456,65.07140656390101,5.192203272435431,6.188221442917639,7.488993736745422,4.442634202926764,2810.573235804312,2809.7476269844988,140.1205185324045,[ 0.22291358 -0.95920187 -0.17390027],[-0.28035104 -0.23393154  0.93095614],[-0.93365563 -0.15876964 -0.32105976]
24,176.05538584728652,28.055455329002598,134.37498149871442,3.8775293070151875,3.4335327670806954,3.6409407639088016,4.756304589258118,1094.0944679035838,1093.9584996910824,20.485251020547246,[-0.57254229  0.50709151  0.64424648],[-0.22427197 -0.85268221  0.47184227],[-0.78860473 -0.12566322 -0.60192304]
60,184.66884150263184,13.684353063158655,110.14874906335118,3.129514985755852,6.8788077311840405,8.238112625271626,4.7564406211540335,1670.8836658719083,1669.6389550285937,78.4963274224439,[-0.28036395 -0.77491623  0.56648115],[-0.43278278  0.6288101   0.64598524],[-0.85679351 -0.06405232 -0.51166608]
50,10.884052885782973,159.1978144195028,62.8816256642916,6.588877833808263,6.599912701492225,4.712990149772732,6.349897864062282,1214.4960613282938,1214.128669908465,58.8208326383895,[-0.43384136 -0.30450658  0.84797253],[-0.89868993  0.21344659 -0.38314092],[-0.06432791 -0.92828675 -0.36625896]
48,7.29776762911069,41.09128606583622,185.79813605449962,5.566721122922497,5.754364081784983,5.052968432522901,5.371502224669269,1320.8801493411315,1319.912783184061,54.127273285636335,[-0.69446073 -0.69631179  0.18131239],[-0.7185176   0.68447137 -0.1234156 ],[-0.0381674  -0.21598343 -0.97565076]
9,181.01401340509392,154.0564458999612,103.71525127366348,1.7585631315675472,2.1317306975657755,3.2350759996924006,2.7521132342767425,778.105535036903,778.0721394547907,9.74865914396791,[ 0.7109055  -0.507358   -0.48703309],[ 0.08636436 -0.62428891  0.77640489],[0.69796459 0.59401281 0.39999277]
9,56.50532193941475,7.009131823172199,32.80849850487558,1.4477666989090068,2.711582376888724,1.936200964083344,1.1697481512475363,197.4125601011814,197.20555973066163,10.324203775622625,[-0.34155179 -0.6063658   0.71809672],[-0.37962022  0.78795089  0.48479056],[-0.85978536 -0.10702295 -0.49931475]
28,12.287203116597935,97.00849972459636,170.2564796432771,6.060335874930975,3.207103826276505,2.8544711706117885,4.019654054283206,1039.624098234811,1039.1866371034673,33.16497833366034,[ 0.08681699 -0.86821188  0.48853961],[-0.99424141 -0.04458559  0.09744819],[-0.06282385 -0.49418647 -0.86708298]
3,11.85628018529948,120.02456371921039,9.876010036962162,0.6275994235083895,0.5210059218744193,0.5950517903937972,0.5284883124499229,209.60633584996458,209.60224627195825,1.488596237605011,[ 0.74216854 -0.12745469  0.65798265],[-0.66301034  0.00392578  0.74859995],[0.09799567 0.99183663 0.08159018]
221,182.07521114356783,147.30227070118,184.85317908592492,7.953303068362515,14.243662929935756,8.123544667897928,6.094120744396733,4442.694937447652,4437.498141242067,254.42149129222605,[-0.68191371 -0.07091412  0.72798687],[ 0.40338783 -0.8667043   0.29343128],[-0.61014093 -0.49375586 -0.61962343]
17,31.08834374370186,68.90842555893742,4.993845824052486,1.9893070791899945,5.453365927782664,1.6910937910488573,5.395269683413287,313.2853739430798,313.2460774255259,11.185066710456459,[-0.14841688 -0.00452719  0.98891452],[-0.90021404  0.41457283 -0.13320677],[-0.40937404 -0.91000487 -0.06560505]
324,113.58300899605719,149.4201854482629,84.99507649540384,11.652134048094533,9.583954925658588,10.443646739243366,8.123591895647282,3719.2842033491,3715.427774063361,298.9508236039251,[-0.22620572 -0.34674753  0.9102731 ],[-0.80314885  0.5951605   0.02712765],[-0.55116504 -0.72494836 -0.41311859]
22,125.19471790064671,171.05932928249123,125.02118315338413,2.4735226745524916,3.5314575990002215,2.529944801729112,2.5899566044566806,1154.5065197319109,1154.4201831664595,20.04604060892009,[-0.38202907 -0.34657763  0.85670166],[-0.77158055  0.62983655 -0.08927138],[-0.50864256 -0.6951186  -0.50802842]
152,55.7742072850501,49.16298298592053,183.23657730416753,6.467966461638164,3.9557354412981187,11.68036254748684,9.830218735688073,2443.447702331538,2441.576302631174,121.04979415834246,[ 0.30461122 -0.93910083  0.1590649 ],[-0.91021297 -0.23781201  0.33905427],[-0.2805786  -0.24806267 -0.92722196]
23,183.6654149810928,90.6024528970513,166.02026743041696,5.254256912978515,4.278046343521059,3.0324134896417894,3.79943407234315,1264.7888814089727,1264.5626551898517,30.5454312001012,[ 0.48049387 -0.87534944 -0.05374944],[-0.5325922  -0.33994268  0.77510291],[-0.69675763 -0.34380566 -0.62954466]
80,62.29854219882473,73.25138013519299,171.9999773681489,5.866302603409499,5.511650965314702,5.308633299791818,6.626641728756724,1764.2466100197757,1763.9005427548173,62.473669277965335,[-0.73087177 -0.49089158  0.47418552],[ 0.6046795  -0.78792985  0.11631535],[-0.3165267  -0.37174187 -0.87270776]
56,191.55133458330653,47.72438121127531,104.23532126710741,4.41314131519637,6.612388968328574,7.119871418783697,3.2152954170980252,1672.097071706408,1671.0843178794723,76.10612498019714,[-0.12445241 -0.79551457  0.59301616],[-0.49841308  0.56690963  0.65589471],[-0.85796037 -0.21393933 -0.46704814]
77,11.509891429618467,33.687931599297976,92.77477255021607,9.01821610492372,7.062388737010882,5.390406264530901,5.606799241785635,877.9202343936954,874.4926030129444,99.3683430078506,[ 0.47617717 -0.84325543  0.24935031],[ 0.87187192  0.41584836 -0.2586687 ],[0.11443187 0.34057367 0.93322823]
20,142.81368512151445,156.78587625271362,70.32119245165391,1.8281505802387141,3.9376876311296733,2.116932678425706,3.420249908451934,999.4309971594232,999.3715031644848,15.252140862418194,[ 0.58243512 -0.17438007 -0.79395272],[ 0.50230933 -0.69071265  0.52019359],[0.63910458 0.70178888 0.31470257]
33,63.52571936415071,115.17274228737224,143.20660931432218,2.7437234946035884,3.7445282382021396,4.951958844561495,4.607488279743298,1117.5161612381096,1117.468203327712,28.605109299893062,[ 0.60948905  0.46376798 -0.64299484],[-0.72245929  0.65888282 -0.20958531],[0.32645929 0.59227755 0.73663535]
209,54.59052456373929,164.83417672410292,96.04885536701795,5.8142302554094805,9.911557938111159,10.100270298544995,11.07970363026016,2876.2749105110547,2874.2038860720186,151.39944469610634,[-0.93762365  0.343106   -0.05603716],[-0.21270176 -0.43866081  0.87311778],[-0.27499065 -0.83057508 -0.484278  ]
16,160.8197176646093,152.9108059538729,97.55494420328536,3.635779898961349,2.330316805757296,2.5484200208004215,1.2143380890561752,969.7998241922503,969.6842219217403,19.458557568107537,[-0.0330429  -0.51266269  0.85795404],[-0.74748908  0.58250949  0.31928479],[-0.66345176 -0.63076118 -0.40245756]
12,178.01249634172416,117.1149871484145,45.6321026025259,2.7751454626811647,2.345446047435046,2.178440436977018,1.5440143829336188,755.0004784398726,754.9158366066555,13.671188904486872,[ 0.13244746 -0.52813495  0.83876763],[-0.56134132  0.65747132  0.50262051],[-0.81691713 -0.53740574 -0.20938357]
9,61.18473074653376,164.90373110382862,187.08006495095455,3.090257337912804,1.3052587919145135,2.493963841099015,1.8010299924992192,770.4320723225559,770.3666116559046,11.311463680316276,[ 0.33566538 -0.75839795  0.55871397],[-0.91135799 -0.11145581  0.39623758],[-0.23823385 -0.64219168 -0.72858389]
44,4.301455536156116,96.96030708393941,84.71451858039852,2.5324713280287425,5.922024308573238,3.355627492960683,3.921305234125824,855.7529705898669,855.0835918594498,40.490378677620924,[-0.98521398  0.13535679 -0.10503314],[-0.16803425 -0.64375702  0.746553  ],[-0.0334352  -0.75316362 -0.65698299]
264,99.61471591108975,81.03688812681699,81.20075858494899,7.285352759230263,10.698758947431402,6.72850186783489,8.93237718658158,2477.324288522091,2475.5672473679624,186.9596849922977,[-0.56108382 -0.12898406  0.81764788],[ 0.5060633  -0.83513361  0.21552677],[-0.65504571 -0.53471017 -0.53385405]
22,133.53342677693755,135.99444440099703,137.41266481913428,3.9899529109744103,2.8083747498744662,3.3183320529624103,2.2089127699482862,1102.3338773748167,1102.2163121528536,25.672080713678504,[ 0.044556   -0.73139219  0.68049999],[-0.8216009   0.360683    0.44145185],[-0.56831921 -0.57876873 -0.58484189]
83,110.86914553552685,61.681839121193214,183.21247825159543,7.09750345051804,6.289549942502744,4.416974527822157,7.78094286179532,2032.0879183437532,2031.9557521276402,63.805888985610665,[ 0.7155189  -0.66673173 -0.20857014],[-0.49006949 -0.69182017  0.53029873],[0.49786002 0.2772249  0.82175529]
206,13.451974950676364,113.89041068449667,109.73018187661727,6.130785462831887,9.673127873272838,11.853661645903959,7.462799281331415,2288.8444879897183,2282.306656123437,208.76608045857512,[-0.99163699  0.12860083 -0.01085881],[-0.0967609  -0.68516133  0.72193579],[-0.0854015  -0.71694894 -0.69187484]
148,179.94125007796998,120.09556397990353,119.06486384342148,4.669147557550398,7.174604932322225,9.30274789704638,6.832648752772387,3007.2534397890086,3006.0708230653076,129.72957737366954,[-0.65666341  0.69645489  0.28938513],[-0.19526727 -0.5276264   0.82672914],[-0.72846679 -0.48637534 -0.48246779]
50,148.780065018953,171.68650725122552,4.024827951892144,6.1874624097850335,2.5560860268826464,2.5697454623127802,4.322520577171093,1607.3735576464744,1607.0610593431752,40.54083745901145,[ 0.08330254 -0.09541529  0.99194587],[-0.75100805  0.64827094  0.12542604],[-0.65501725 -0.75540764 -0.01765503]
3,175.71501409140964,2.085248124672656,177.31444396411803,0.20262542099435638,0.8157896199407623,0.7048859667626662,0.35714711577829555,432.3941508672402,432.3915476639429,1.7964575328202106,[ 0.5864481 -0.5710488 -0.5744405],[-0.4008083  -0.82087364  0.40684047],[0.70386883 0.0083503  0.71028089]
9,60.39486264662806,13.48495850381388,64.07893823707997,1.766812838674706,1.4237831363918925,3.8913786021893486,2.3996361125131553,267.5491675157947,267.3764581231194,11.463473518407326,[ 0.29802562 -0.9511148  -0.08100226],[-0.67245858 -0.26941996  0.68935647],[-0.67748076 -0.15097523 -0.71987936]
76,58.24990036905499,30.976972006390376,130.33343922075568,3.269379764715154,6.708046490982428,4.138134977922519,4.0974074617893255,1275.2893947030725,1274.3886473579062,65.04620751800195,[-0.90277644 -0.08067828  0.42247569],[ 0.1617289  -0.97383977  0.15962415],[-0.39854543 -0.21243145 -0.89220761]
7,43.47183417829957,64.21526778983012,24.218236940691078,1.0777865033853034,3.058460213004861,3.3079668574864542,3.301143118748372,215.25804857631294,215.1455342279714,8.702049933791105,[-0.6072669   0.60512769 -0.51482754],[-0.5880034   0.09346489  0.8034403 ],[-0.53430227 -0.79062304 -0.29905901]
103,125.40408046962087,10.155425969674567,101.52015788415834,7.045831194705607,5.175345888571582,4.211473960836841,6.241637749579569,1643.2647993005642,1642.3829608346907,74.85014816974552,[-0.43426993 -0.668862    0.60335169],[-0.45731597  0.74077647  0.49204911],[-0.77606168 -0.06224023 -0.62757822]
6,97.77690942296675,52.49765677698175,110.79403516674283,2.2206592622001193,1.060356759906131,1.6633193127913841,2.5567256878332,384.1886819516113,384.1756828997169,3.7045449900915126,[-0.53065278  0.84485345  0.06804608],[-0.57408832 -0.4173236   0.7044598 ],[0.62356253 0.33475909 0.70647443]
53,28.867356942760356,156.95624864927217,36.2427231507548,5.48476283528767,4.028118551658812,3.7040342058314644,4.010910401386779,1192.5451825406387,1191.9671294753643,48.14985837938981,[ 0.33513261 -0.27008847  0.90262858],[-0.92553742  0.08484914  0.36902725],[-0.17625726 -0.95908959 -0.22154127]
26,161.80764478958662,121.38389148353896,46.845700341085944,2.950151309378159,4.323032307092649,1.9590555141806258,3.928482897146325,1059.0605129204178,1058.9335625043566,20.22853198552886,[-0.34186298  0.09485362  0.93495053],[-0.52527833  0.80567568 -0.27380536],[-0.77923833 -0.58471317 -0.22560614]
2,132.81998761833282,37.87854847602227,38.911004070870526,0.1300784158536601,0.9295537388238273,0.5211840701801265,0.2662997386366186,202.9342376572785,202.92890728720783,1.4708503528916606,[ 0.11007961  0.4977595  -0.86030109],[-0.36208992  0.82616346  0.43167677],[0.92562053 0.26398755 0.27117745]
69,181.4277961756509,22.507171501028083,188.94538084741117,3.4532487861569616,4.315766727766729,4.627183646362163,4.483405667611387,2184.532155265074,2184.4347262236633,46.962021095494926,[ 0.71738221 -0.21269082 -0.66341945],[-0.09607875 -0.97336348  0.20816437],[0.69002292 0.0855929  0.71870872]
38,132.79596353474557,162.89084865070157,85.43981610434605,5.445677571896331,4.913213406983548,3.258734160170758,4.521020082278787,1399.241111861006,1398.8966192031853,41.086679592803506,[-0.48571448 -0.06123852  0.87196977],[-0.64910184  0.69338067 -0.31287387],[-0.58544705 -0.71796455 -0.37653507]
13,42.34783073559608,197.6141930680638,152.07816353986578,2.323689781749137,1.2188569425594247,4.086255021648772,2.33708805420863,912.0739462666053,912.0212572988518,15.35787592312277,[-0.96856917  0.24415881 -0.04754187],[-0.18396831 -0.57449617  0.79756492],[-0.16741988 -0.781243   -0.60135677]
31,16.194933386866666,23.97084403247341,166.31746699791591,3.3742304061991675,3.0753238339227686,3.6374367515977597,3.7621732049289944,940.3514190067797,940.2842036109788,24.835267559425784,[-0.29643326 -0.94076869  0.16456487],[-0.95022807  0.30782356  0.04807569],[-0.09588504 -0.14212292 -0.98519396]
63,27.187345121410626,108.29769745088278,193.7168850708246,3.9450516501171795,3.711050136085691,4.466702343273947,4.127378899892983,1775.3622169243667,1775.2427068974735,45.03395678802208,[-0.80947889 -0.45675526  0.36894249],[ 0.57441107 -0.74622532  0.33645162],[-0.12163818 -0.48427513 -0.86641892]
6,29.957949156926606,63.23633847556357,139.59547928145525,1.0196396559007797,2.106794567092566,0.7796509454188096,0.9202817002330448,382.5352353970327,382.5009448221596,5.602394596346565,[-0.88679771 -0.31870951  0.33468503],[ 0.4204639  -0.85696842  0.29801884],[-0.19183306 -0.4050054  -0.89396348]
44,46.47080869932682,151.61658076111874,185.8095520951891,3.0444822724445184,3.970823503692209,3.6870285442390593,4.3883704507825145,1620.794835791867,1620.7199552337772,29.222905211565113,[-0.11585113 -0.75517025  0.64521036],[-0.97490767  0.21076779  0.07163774],[-0.19008825 -0.62072122 -0.76063896]
60,93.35513341505545,6.7647305632451,152.16094553239137,5.154261519666374,2.894459935557828,3.497757875738554,2.7985802965256807,1384.6556160454031,1384.0901681045468,48.499166246670114,[ 0.2316393  -0.96774908 -0.09901993],[-0.82048434 -0.24904107  0.51457166],[-0.52263628 -0.03795072 -0.85171067]
5,167.00598548572805,165.01568380063947,8.787047299550222,1.3996900539100952,1.6304742866029458,2.1790148982573445,2.0391616125293415,525.3917745513176,525.3712690661439,5.10319550299596,[ 0.70328742 -0.71052983 -0.02311189],[-0.01033994 -0.04273077  0.99903312],[0.71083042 0.70236845 0.03739885]
7,42.48235456672601,14.279259636869442,135.4555796294899,1.4227771650535002,0.9405593823135538,1.876057902630483,1.654829942325697,377.5426455381686,377.5205817874986,5.081859975022937,[ 0.35365625 -0.93529439 -0.01231459],[-0.8867386  -0.33942812  0.31382034],[-0.29769432 -0.10006471 -0.94940252]
16,35.98703199860677,6.217105020943425,20.082676514831284,2.3935087394605925,3.611715385807129,2.258742455649857,2.2214813608916333,167.73176706138582,167.06482693245803,17.44865612691256,[ 0.38139456  0.43402848 -0.81618471],[ 0.33015936 -0.88864591 -0.31828169],[0.86344252 0.14808012 0.48222328]
2,18.980368900160563,142.7117863575187,10.550470637537513,0.5997556925358634,0.0847817016329202,0.430757275300353,0.13119090560444135,204.15079351436117,204.14817173588236,1.0346349307884959,[-0.59055935  0.1373328  -0.79522284],[-0.79621011  0.06140163  0.60189642],[0.1314881  0.98862002 0.07308446]
30,33.190810547336824,96.8862605247729,148.49866862081004,3.6980801543076516,4.570557699802941,4.245017197548018,2.667903019738156,988.620076053346,988.3576002383946,36.887330231582965,[-0.98005249  0.03616645  0.19542033],[ 0.07516468 -0.84280971  0.53293721],[-0.1839766  -0.53699515 -0.82327931]
6,191.3559188888362,64.35626223250287,81.98412526117731,0.6812346728126264,1.498966647946571,1.9047550306189844,0.6654444383723286,533.7669230940678,533.7566122272602,5.947715647368759,[ 0.34903099 -0.93353258 -0.0818187 ],[-0.3270801  -0.20317587  0.92289662],[0.87817764 0.29535825 0.37625461]
28,151.12290821081186,9.342910737835167,64.23184122069357,5.38023345308056,3.3143542976005063,2.6312561142701303,5.08792411134964,871.0115577252051,870.7739569297698,24.08400176064792,[-0.26076571 -0.65517325  0.70904813],[-0.29589652  0.75335094  0.58728836],[-0.9189377  -0.05666021 -0.39031158]
14,157.50810572414335,43.028632368033,64.47296066622114,2.632101433899935,2.2714699375384924,3.718921896453328,2.618816733676508,657.0822882760223,656.9482701305983,16.259053221804784,[ 0.05257795 -0.88521529  0.46220066],[-0.43847168  0.39537437  0.80710699],[-0.89720574 -0.24509793 -0.36735386]
12,183.49081720132787,144.52774144869827,67.32751100843552,1.8851697677813781,1.5452531713066757,1.8830834730298012,1.4816736494525877,842.1215803930621,842.1014459233936,9.35444527224906,[ 0.59807971 -0.45059264 -0.66277215],[ 0.26924518 -0.66594765  0.695716  ],[0.75485607 0.59454183 0.27696989]
4,150.42283515322265,72.2480874642233,198.59533684625706,1.4377493940216868,1.2208839936281637,0.857637312912637,1.7381632520910986,518.809579792525,518.8075220533278,2.259893280715772,[ 0.81164791 -0.2785916  -0.51343392],[-0.0702777  -0.91913263  0.38762901],[0.57990406 0.27853532 0.76559086]
37,63.19998462250132,160.97613136097448,46.62399580484164,3.4436217646507594,6.153226942400274,7.674058968769186,3.8179956073013517,1091.1316378964589,1089.966192882073,58.844048464585505,[-0.89280835  0.2399715   0.38119147],[ 0.2803325  -0.36638263  0.88723022],[-0.3525719  -0.8989869  -0.25983766]
11,57.06083828292856,125.94072803067166,27.799855816526236,2.333077411751337,1.933516015495938,1.3679905785327846,1.8453391452545223,467.85820359465225,467.80761123075985,9.184230524011515,[-0.14048018 -0.15231407  0.97829737],[-0.90364168  0.42350722 -0.06382276],[-0.40459489 -0.89299611 -0.19713172]
55,142.88138244988187,43.44737489535301,109.43096019445177,4.508535090314382,2.7231234427228674,4.130024089508055,4.778260434759956,1373.8142898575413,1373.653485991447,34.74489252829514,[ 0.03835138 -0.94493385  0.32500644],[-0.63477071  0.22815494  0.73824893],[-0.77174823 -0.23461744 -0.59106627]
14,181.93417451134056,88.977477203568,118.69624417831547,2.049411828435899,3.126793465413884,1.9801654111363494,2.6963632317319335,878.4659610812665,878.4150248051976,12.210082740873368,[ 0.62823558 -0.37561363 -0.68134753],[ 0.06837887 -0.8456968   0.52926482],[0.77501251 0.37909276 0.50561278]
6,108.88059782634271,62.501290152546666,41.162650117395124,2.078065067009929,2.5003526335732587,0.7674559623778988,2.90943304313006,323.72951367919643,323.70617358911534,4.066921569755987,[ 0.52834309 -0.44358744 -0.72393629],[ 0.20444239 -0.76110411  0.61556791],[0.82404908 0.47323432 0.31143602]
4,1.8177359958168715,108.33284522820756,67.77690417820085,1.0144685337666306,1.2798377487025598,1.964704308664194,0.3736039966444144,255.6490018785959,255.6059354872951,5.0554139118959345,[-0.94438108 -0.16289826  0.28567206],[ 0.32854607 -0.50489471  0.79820975],[-0.01420733 -0.84767062 -0.5303326 ]
29,112.00023811541008,188.50328224264547,156.26855451802305,3.7492726701321257,3.5626189618433575,3.706032413097052,2.7384753008115132,1450.27447212975,1450.1528652930238,30.95161882810372,[-0.08683263 -0.60474675  0.79167005],[-0.90526951  0.37963087  0.19070269],[-0.41586923 -0.70011554 -0.58042314]
2,83.20379301212535,138.99703679334226,65.02369782139223,0.7330744451459452,0.9448950959917539,0.5510807315079731,0.6082383581832147,246.87188014093164,246.86635523830932,1.6516221333563015,[ 0.07435321 -0.45873118  0.88545881],[ 0.87595469 -0.39433801 -0.27785052],[0.47662876 0.79628088 0.37250743]
35,126.38569362537972,115.65592792870946,143.26356255199605,3.4518785467616713,5.157858835686857,3.017252760052865,3.073423632615073,1321.7285129098802,1321.4433951382416,36.6152545036844,[-0.67877086 -0.14897831  0.71907967],[ 0.46800266 -0.84234806  0.26725129],[-0.56590072 -0.51793359 -0.64148357]
9,179.0854393673002,165.95303708419323,90.39583203596501,2.1504179927798948,1.8733970753504392,1.8106570310802874,1.605724590444179,781.1089140163668,781.0865789232028,8.913575631273241,[ 0.13127194 -0.57970245  0.80418452],[ 0.71387517 -0.50758748 -0.48242844],[0.68785894 0.63741668 0.34720319]
47,38.3154967325044,191.18155191265186,137.14690354490324,2.9922921225375743,3.6552089115362394,4.041815629235694,4.1760406016311595,1634.72275052013,1634.6648361634552,31.508225269688868,[ 0.91028171 -0.34575766  0.22768148],[-0.3815241  -0.48714143  0.78557787],[0.16070648 0.80196314 0.57535081]
139,130.30466506194864,12.764004538755833,120.97763383804565,12.681146503461479,7.450299642622234,7.8248716925024775,14.066062651432624,2110.1835678909088,2108.9555029798844,104.02987170773804,[-0.59473638  0.55425125  0.58231795],[-0.33272644 -0.82910031  0.44931702],[-0.73183451 -0.0734726  -0.67751016]
53,129.3707017486429,8.436121487392601,145.66909917439483,3.8833335588296847,3.4100878000169037,5.229815198473024,5.064134626423574,1420.5201854715506,1420.3003629032064,38.827072174803675,[ 0.43216356 -0.83714051 -0.33530646],[-0.61094108 -0.54528022  0.57395163],[-0.66331414 -0.04318848 -0.74709377]
9,149.70289557799086,160.40143210744517,113.75910994777763,1.7986918400922767,2.4804766666830718,3.0457031348573933,2.0104615847387217,741.5282099850057,741.4807542240162,11.444203740617656,[-0.78821879  0.41041623  0.45855169],[ 0.10868305 -0.64058354  0.76015836],[-0.60572199 -0.6490079  -0.46031469]
70,28.993927268011326,17.30367044906735,191.52244735119098,2.8265598487773387,5.332537194704062,3.702527104969503,3.6965628632604366,1628.0170541188313,1627.56164549172,50.498607150213594,[-0.98004092 -0.11916617  0.15912011],[ 0.13151556 -0.98887884  0.0694427 ],[-0.14907529 -0.08898346 -0.98481394]
4,164.21938455849403,157.35571954462498,5.46368794393876,1.180485131753461,0.4778861507914864,0.2781672501335961,1.1307157506438323,455.0177814910205,455.01667901498257,1.29603891975015,[ 0.03654901 -0.07274565  0.99668061],[ 0.69110037 -0.71856042 -0.07778939],[0.72183408 0.69164947 0.02401187]
7,155.31179943367968,89.91416872945801,34.64999057923567,1.0975095877922094,1.4795177915597533,1.9370780025611718,1.1018680444915092,483.615106352014,483.60334491540084,6.431119417595279,[-0.3720474   0.81433439 -0.44546631],[-0.37354746  0.30798339  0.87499059],[0.84973115 0.49194078 0.18960812]
46,190.41847712781387,11.634555753079647,141.69720690112692,6.206348337020351,3.776755297530793,6.320009059679164,7.8632032077535685,1612.9591887475071,1612.7494156520345,37.645798812575705,[-0.43520013  0.73157735  0.52478131],[-0.4106716  -0.68000757  0.60740312],[-0.80121763 -0.04882913 -0.59637742]
50,38.851096917449084,69.3352538463623,94.24441332432706,8.354859972263784,5.811954131308449,4.507854067692777,7.952915459029811,874.9475927203871,873.922507191175,54.73523447122323,[ 0.38655756 -0.81184479  0.43758576],[ 0.86577982  0.15593858 -0.47550864],[0.31780271 0.56266438 0.76315807]
27,46.368559377242,55.15816547315222,138.26625085695792,2.2701131895711537,4.176951563653672,2.8472355018984854,2.5842070744693526,810.5707160042302,810.3880681972091,25.41060358991457,[-0.95476737  0.11569325  0.27392396],[-0.005667   -0.92811795  0.37224314],[-0.29729976 -0.35385328 -0.88679237]
122,11.124447036810926,40.82022262734317,69.18292867431715,4.443188626742801,7.189276585563839,9.027886803638665,9.17228882956926,904.9352629356079,902.5574349663569,91.75895203623202,[-0.94633218  0.32097793 -0.03779656],[-0.29300789 -0.80270273  0.51943691],[-0.13638838 -0.50263455 -0.85367249]
