N,MEAN_X,MEAN_Y,MEAN_Z,SIGMA_X,SIGMA_Y,SIGMA_Z,SIGMA_R,LAMBDA_1,LAMBDA_2,LAMBDA_3,EIGEN_1,EIGEN_2,EIGEN_3
2,126.59402855971086,145.73277183814213,102.16055231773291,0.30981716613666066,0.44235597317866393,0.4226269317437854,0.27705701209707456,308.87323478565116,308.87196074206406,0.8871495391465783,[ 0.77938568 -0.62152033 -0.07918607],[-0.23788066 -0.41045905  0.88030458],[0.57962984 0.66725995 0.46775358]
92,171.2153660961406,28.997869115988873,112.64933659737407,5.660201854082833,6.1413677771652555,12.699815528892264,4.52209121832838,1990.1636983472206,1986.4533426500573,139.01743757068326,[-0.01942253 -0.96068993  0.27694335],[-0.56247762  0.23950268  0.79136426],[-0.82658435 -0.14040414 -0.54501834]
2,3.5021769385248147,190.09972095712277,21.00733422090091,0.5440105260112738,1.334052215513438,1.0402543099635082,1.2015295861678652,270.535154884347,270.5288193555584,1.8514660097552302,[ 0.90153022  0.03108583 -0.43159812],[ 0.43232945 -0.10686505  0.89536088],[0.01828972 0.99378747 0.10978139]
268,116.82365011186455,134.55781793715337,32.7429257605044,10.67629428212037,12.767095946749523,10.53686784823058,7.081732618117161,2981.019778257113,2970.8238812822037,300.4299432803213,[ 0.24850679 -0.42706368  0.86940266],[-0.72405411  0.51431055  0.45959799],[-0.64342057 -0.74370779 -0.18140755]
192,169.68151887819863,127.67291103210941,86.11701785602556,7.78075325158285,4.570751423202301,5.201712991068845,7.203923744125509,3177.670488744695,3177.4744378342325,104.52533816769909,[ 0.02172635 -0.57885413  0.81514162],[ 0.67145949 -0.59563053 -0.44087008],[0.7407227  0.55691308 0.37573622]
24,32.22550414096266,84.89985640265951,125.24138153068047,2.6094017396714526,3.1914060052391258,2.5231175312749703,2.7695159429969762,758.1731235810203,758.0560806083013,19.38184503644045,[-0.78099537 -0.40492491  0.47548085],[ 0.58877375 -0.73130387  0.34429656],[-0.20830673 -0.54884467 -0.8095541 ]
2071,91.3368406369007,124.77072856944308,147.170832683063,13.370497416717381,33.6895162659753,14.896819791603082,25.04977874115922,9862.60471537558,9798.829321195071,1349.5174656678494,[-0.8881877   0.13027842  0.44062471],[ 0.17203622 -0.79491941  0.58181326],[-0.42605885 -0.5925628  -0.68362503]
312,52.30799487049179,100.10639332027134,126.24040671997568,6.731557154437018,13.302693787663832,8.846678601123905,12.442555027207076,3005.9275442073676,3001.7858922087175,215.1949443800141,[ 0.7240548   0.36222554 -0.586973  ],[ 0.61761976 -0.71934429  0.31794594],[0.30706754 0.5927364  0.74456234]
58,173.8080817368121,152.81679603019592,6.471891080605855,6.382981476819294,6.647692862406309,3.4590981312465328,5.920062983421949,1764.6434297183966,1764.0143019497064,60.03307995343916,[ 0.06905376 -0.12013105  0.99035353],[-0.65702371  0.74154467  0.13576213],[-0.75070062 -0.66006063 -0.0277225 ]
63,58.989969960822755,50.39539301993203,168.978650527846,4.967904828847898,3.321048715062779,3.02725621464525,3.619924964146774,1476.5996719373707,1476.3259327972569,44.772766353189844,[-0.2527788  -0.89943033  0.35655008],[-0.91396587  0.34289003  0.21700879],[-0.31744175 -0.27101939 -0.90872395]
64,34.709272077437795,191.96273272357874,63.8183869407873,3.0922341044433055,3.4309183004153634,7.130930805810516,4.597509330584675,1643.2431729835967,1642.556384360504,57.29612649166457,[-0.98272859  0.18408372 -0.01891282],[-0.07499186 -0.30272721  0.95012234],[-0.16917663 -0.9351307  -0.31130347]
264,110.2281818205727,151.65963927419415,83.35194691993533,9.186620689703643,9.017286255273186,10.298700381633457,7.726396226868151,3342.4472669454676,3338.149518043168,237.2278412666902,[ 0.33503735 -0.62891485  0.70158113],[ 0.77457331 -0.2401102  -0.58513527],[0.53645705 0.73946819 0.40669477]
65,27.07016636073008,109.12498345612718,192.81294012809067,4.072330194105982,3.1462092294945037,3.8201172261409875,3.554510023063824,1800.0005598808782,1799.948706005241,42.98428323722989,[ 0.51242103  0.7145098  -0.47634067],[-0.85010613  0.50051122 -0.16373175],[0.12142591 0.48883972 0.86388164]
25,115.5757006059327,70.4343905496095,39.39825545888121,3.2931002141724424,5.464295828262279,2.7833310959559365,4.080577434567794,705.5140655855646,705.2804534228783,28.289707819605066,[-0.52134182  0.45034674  0.72483827],[ 0.23702638 -0.73956028  0.62997546],[-0.819769   -0.50023834 -0.27881964]
186,188.67210764343315,32.086376202525315,64.28779063078684,5.340452060936506,7.054896546749375,6.053125984807562,5.172476665450256,2756.061257863722,2755.5430151388973,128.22797260368506,[-0.29941507 -0.13277751  0.94483901],[ 0.19236149 -0.97833572 -0.07652631],[-0.93453072 -0.15883751 -0.31846974]
4,124.26147005079181,179.37662918918085,15.308073472243699,1.0196191673600732,1.0049791059880875,0.8054853028869123,1.3537153381507998,437.51027298104145,437.50734842583245,1.862693518275928,[ 0.79547609 -0.56888171  0.20878551],[-0.21100895  0.06294519  0.97545534],[0.56806075 0.82000701 0.06996774]
153,126.75735707391777,43.173065740146164,25.47316895519076,5.745990563875505,10.71996777042584,5.308481341265187,6.898120401389488,1692.8492589639404,1689.4259734406332,139.78760263020854,[-0.13557484 -0.17656087  0.97490806],[ 0.34351713 -0.93133218 -0.12089811],[0.92930912 0.31850688 0.1869169 ]
7,63.14046911292077,164.87841057431382,24.625152013311702,1.4486675933263942,2.129084023495257,1.8326238062410125,1.8546634772082928,471.7030921789854,471.68041997590575,6.762946271116863,[ 0.75101475 -0.19328893 -0.63136062],[ 0.55726734 -0.32733103  0.76309076],[0.35416092 0.92492907 0.13811682]
457,107.85071276299546,108.67558835849577,187.59550844099465,14.391859403876982,14.820084306066857,6.592158175924962,12.638126293133016,5192.658468212466,5188.115574847587,375.7972564694092,[ 0.63118946 -0.77098858  0.08471409],[-0.63431076 -0.45024401  0.62843471],[-0.44637397 -0.45039643 -0.77323563]
76,45.044502228605566,85.51958700917042,184.138798164397,6.845861637967361,5.678706253813481,5.3576094181643805,5.436950639530104,1814.8362796284941,1814.0549313440988,76.92361620677458,[ 0.61299682 -0.76319549  0.2043711 ],[-0.75974651 -0.49840369  0.41758713],[-0.21684131 -0.41124981 -0.88535498]
30,140.66687541826303,156.1133370992989,69.0102339307669,2.3392927777117296,4.564017802706989,4.514981306234869,3.4338124430403307,1211.978506118407,1211.6615416138743,32.29613674354009,[-0.70381228  0.36449363  0.60974803],[ 0.31665585 -0.60737259  0.72857917],[-0.63590671 -0.70586325 -0.31205725]
42,185.37090013049192,194.93892552237293,180.41061051024911,5.547632119762838,2.3445906744141576,4.863987399081402,5.284668452460434,2099.5869289899892,2099.521793439343,36.700119892006825,[-0.00572116 -0.67637813  0.73653235],[ 0.81996826 -0.42476358 -0.38370294],[0.57238039 0.60173792 0.55703874]
149,185.09127516189375,139.2243778476266,185.10149941577552,5.316508874495738,7.008913396555664,7.618582826968575,7.489349570910174,3621.370848140059,3620.757076879636,108.50172791064436,[-0.05633397 -0.77002353  0.6355236 ],[-0.77936241  0.43176728  0.45406085],[-0.62403583 -0.46972416 -0.62445056]
29,158.29332081874358,70.56612087880882,39.92178829149986,3.281155797448992,3.7970612528727345,3.619977149312594,3.6061927176637605,958.1754535727787,958.0904922243205,27.000431899699286,[-0.40597834  0.46553321  0.78642254],[ 0.20751147 -0.79109291  0.57542245],[-0.89001156 -0.39680075 -0.22456311]
203,118.35383425109991,127.23906468959473,100.6539134586028,7.975520967691554,8.724544495682792,6.7020781311082,7.474261752781916,2866.1256522707986,2864.899569418236,161.42973069348096,[-0.80667471  0.43138882  0.40395495],[ 0.04007777 -0.64201216  0.76564624],[-0.58963522 -0.63381707 -0.50060587]
682,180.56877446911528,96.43132766931507,70.58891057513955,9.750988485096702,9.660250168396086,13.837195614438585,10.103712279101787,5673.416204672319,5665.321770853507,433.9605314223435,[ 0.36526679 -0.88790948  0.27963714],[-0.41429956  0.11394928  0.9029792 ],[-0.83362824 -0.44568185 -0.32623862]
49,93.85843251092406,148.53101282737134,56.09841566151923,7.188304901638939,5.356641919731521,4.519344673933872,2.939004783705666,1292.802744030318,1291.4216990366124,67.25027895364974,[-0.47735133 -0.03000888  0.87819996],[-0.71625972  0.59223669 -0.3690904 ],[-0.50902625 -0.80520505 -0.30419912]
97,11.477702742019451,41.89487162471654,69.36640635407508,5.152008502715934,6.485577744211147,7.068799202982372,6.933706280520776,811.4932116604721,810.5937291591588,83.37536477883565,[-0.9644238   0.26435497 -0.00178762],[-0.22505878 -0.81747774  0.53016855],[-0.13869135 -0.51170949 -0.84789039]
166,166.45201240122424,153.46902437746206,138.71720156287358,7.448559871031303,6.543057085941241,7.2787157690759825,7.306122680722802,3423.8686900423136,3423.0888489932518,127.6649409911827,[-0.66440257  0.04635477  0.74593597],[ 0.40675471 -0.81488391  0.41293441],[-0.6269927  -0.57776764 -0.52255594]
85,53.22770835040321,48.743276692956385,190.1101824675608,5.840236160343488,5.662493898550617,6.588612369550894,5.673325505218105,1876.5394584167007,1876.2638924660225,80.79958258413592,[ 0.54057365 -0.83887855  0.0637409 ],[-0.79963124 -0.48877684  0.34883675],[-0.26147659 -0.23954117 -0.93501338]
242,13.993585731708505,116.07809287591836,108.81297826317012,6.7441428994918375,7.616686717553272,12.612221486154363,7.762490900407953,2495.4008149043393,2489.568585643302,221.4623383247028,[-0.98773122  0.15231814 -0.03444165],[-0.12895537 -0.67116535  0.7300052 ],[-0.08807699 -0.72549036 -0.68257321]
22,132.18017876566105,142.92965420258471,6.296900921580889,4.497256420855878,4.243969559487242,3.547152451184371,2.7751772344089973,914.0691927991436,913.8569200620262,30.74223139591155,[ 0.02245873 -0.06464638  0.99765548],[-0.73415538  0.67629417  0.06034966],[-0.67860997 -0.73378951 -0.03227178]
30,164.97987206670888,80.28500350002749,19.990943643497115,3.6386488966311843,4.339630764248082,3.672875349031646,1.8933663069726672,1011.3881951280359,1011.1345885622819,35.4282534209674,[ 0.07142322 -0.3765508   0.92363858],[-0.44240834  0.81797502  0.36768427],[-0.89396509 -0.4348866  -0.1081668 ]
454,55.817261586618976,35.441143121478284,106.79264639973002,12.732455909977624,12.91440901594199,10.438851137148637,10.180196796983711,2700.4986861694047,2697.7370027124807,389.8656373118057,[-0.64265732  0.76167167  0.08275164],[-0.62370687 -0.5828382   0.52085447],[-0.44495091 -0.28311817 -0.84962509]
17,4.549004477131449,173.51482818528436,82.85862207209355,1.2389231233364464,2.9315805019267613,3.341926694808322,2.5788334505074455,793.2413754764497,793.1125958425538,15.761277504099336,[-0.98798129 -0.04477274  0.1479472 ],[ 0.15275748 -0.42909581  0.89024825],[-0.02362467 -0.90214865 -0.430778  ]
29,66.9981955790742,53.024166647406055,58.074020404951355,2.8801429765198354,2.148816139734931,4.400863742678543,2.87029910103868,557.0040700455858,556.7361578723005,26.31508844762285,[ 0.48324663 -0.84826522  0.21660751],[-0.58834877 -0.1314408   0.79785277],[-0.64831969 -0.51300042 -0.56259412]
69,112.92109159299048,12.26541610685972,45.161439647079106,6.370176272255925,6.55121468768542,6.826381286426829,7.7264061039812555,1018.9697652403418,1018.1831579156184,69.55851298952668,[-0.30418924 -0.39882465  0.86510566],[ 0.23466244 -0.91152786 -0.33771364],[-0.92325643 -0.10027895 -0.37086613]
24,5.782183177302208,177.2020711383628,196.86292026993019,2.325229614577184,5.585649264330439,2.1997680469330034,3.433508680559383,1298.2381051222242,1298.0481042214838,26.666953761571477,[-0.97565274 -0.14798783  0.16186824],[ 0.21823613 -0.72838856  0.64947909],[-0.02178797 -0.66899156 -0.74295059]
26,163.9539465488904,122.41635384733792,46.93532350220673,2.675290899650156,2.7250844445122846,2.4823079444538485,2.741421161124848,1070.6148758324416,1070.5780917636491,18.533660030007706,[ 0.39160326 -0.17834223 -0.9026854 ],[-0.48650309  0.79256251 -0.36764034],[0.7810004  0.58312839 0.22360602]
166,22.344332392913042,12.59126169113067,110.68580920747011,5.025866100441924,8.991381596668448,10.6941542108894,10.555476595262217,1474.914918269034,1471.5669457852166,134.73213628141843,[-0.98052031  0.03382156  0.1934839 ],[-0.01177411 -0.99341284  0.11398375],[-0.1960645  -0.10948528 -0.97445969]
6,69.37912637545001,70.80796128617628,21.11116225993288,1.5439041925885397,1.0499069763319968,2.691968262001208,1.199071310629901,248.38691416160444,248.29812724788133,7.464133896074729,[-0.71599113  0.59077013  0.37195074],[ 0.13673084 -0.40380676  0.90456884],[-0.68458847 -0.6985204  -0.20834556]
13,134.76622911139003,12.246897602139903,82.18060036299241,2.173907450860763,1.894670519226738,2.948993985974019,2.705166554662411,570.988817460441,570.9589213978417,11.176951529411035,[-0.04735664 -0.97373539  0.22270323],[ 0.52275507 -0.21414351 -0.82514829],[0.85116655 0.077343   0.51916623]
20,63.12776817702941,163.95692032150515,40.94888668179331,2.6715043136375565,2.3244562923355696,4.189883819797795,2.228174343339595,807.0627659006602,806.9083646326916,22.45697231948353,[-0.88932719  0.39844482 -0.22436325],[-0.2943594  -0.12336179  0.94769954],[-0.34992812 -0.9088584  -0.22699497]
3,76.0450705604714,100.16876300311867,41.90617036016129,1.8471378657156114,1.0641702953378493,1.1713919156787358,2.1365407966127625,229.64069218930445,229.6369917720236,2.017282669668454,[ 0.2754671   0.18553771 -0.94323573],[-0.77133838  0.6282491  -0.10168662],[0.57372029 0.75556524 0.31617431]
2,100.01483072636776,2.6567486512919403,75.62439846150656,0.1464585016573423,0.5182653627606171,0.28506864755492956,0.2996655106509749,177.3665449542141,177.3649577786862,0.7503473596280659,[ 0.57761665  0.26201621 -0.77311481],[ 0.17437862 -0.96483074 -0.19670726],[0.79746542 0.02119331 0.60299232]
27,163.808651809584,76.17839653991335,159.93622213239888,3.8783802304950363,2.01270174301566,3.850335339804416,3.5252223574595107,1254.0268411318264,1253.927125754829,24.082446309055673,[ 0.25515367 -0.94802842  0.19010187],[-0.68843497 -0.04006922  0.72419041],[-0.67893586 -0.31565262 -0.66287972]
45,185.841954081254,183.75747708158482,10.122106682825079,3.2507460140684765,9.26826402658951,3.842032931925523,6.609792516643931,1755.7817932783475,1755.2267071506699,54.818570489267486,[-0.2199822   0.16942334  0.9606787 ],[-0.6687802   0.690746   -0.27496002],[-0.71016961 -0.7029692  -0.03864485]
57,92.49715359740718,6.0447231484029675,155.3489834881069,4.196846605359948,3.2976888916252944,8.058972323249257,6.771806709662013,1367.6000831009521,1366.8530903137093,52.431931143327496,[ 0.34630761 -0.92253421 -0.1702988 ],[-0.78693881 -0.38449237  0.48258982],[-0.5106842  -0.03310979 -0.8591306 ]
31,166.12152027470677,187.42907542850998,183.8727510697093,4.317989232135883,5.118473870617799,10.10882628248042,2.4104161638651562,1731.14826376389,1730.0433093386287,66.14097310437795,[-0.76359736  0.64487226  0.03253993],[-0.36208881 -0.46938852  0.80533603],[-0.53461273 -0.60317012 -0.59192486]
55,8.045295484147184,33.203231959199364,92.61295219590643,5.65113499505618,5.668259869918276,5.256447785116268,5.5499631108396414,734.603552889602,734.1724359227328,57.55266734144586,[ 0.26850711 -0.91347204  0.30573317],[-0.95998803 -0.22754646  0.16323475],[-0.07954188 -0.33732988 -0.93802007]
34,79.10228160707487,3.356627405991442,21.26290530972646,5.34489814661107,2.717393386751666,4.221390866928328,4.971892759798285,479.66673519389843,479.1400644642789,31.59863145836725,[ 0.06544372 -0.99401896 -0.08742664],[-0.25301066 -0.10128105  0.96214747],[-0.96524749 -0.04084664 -0.2581256 ]
15,41.566931107075746,2.9034280244023534,153.2052771558869,2.4954707304761032,1.6115142010227201,2.8658164411119067,3.006439036680861,615.0924306028346,615.0572944039935,10.947247522815145,[ 0.0943578  -0.99551566 -0.00672088],[-0.96048537 -0.09280904  0.26240111],[-0.26184817 -0.01830429 -0.96493548]
230,100.17850686663549,80.62487238401891,80.41062357255902,6.940972270615427,9.257547336929353,6.842096578612705,7.533279912470394,2306.5810224143515,2305.5069520241805,168.36771728044033,[-0.547868   -0.14136077  0.82453489],[ 0.51383881 -0.8346467   0.19832944],[-0.66015932 -0.53233638 -0.52991287]
22,81.16455121055102,55.273599613168784,25.93636549458998,4.271269177086648,3.2702132933490087,2.550397844977115,3.6266535490007983,477.01466979965676,476.86875794522183,22.290715560098345,[-0.4659998   0.29418517  0.83444549],[ 0.37898269 -0.78584313  0.4886949 ],[-0.79951004 -0.54397212 -0.25471165]
41,46.6416738794757,152.49512257839987,187.09674404217697,2.866731575605983,3.741437978542632,4.7283279154588325,4.631238317628906,1574.5777478449256,1574.5202343595145,30.80202049288007,[-0.65476994  0.65750011 -0.3727867 ],[-0.73167297 -0.42769148  0.53078684],[0.18955471 0.62030122 0.76111458]
37,16.29593883250264,105.39356070391543,30.449060979684628,3.0473422877506975,2.162567246466057,4.558912214712256,2.507588807055398,675.3137020634454,675.0596417480513,32.47383877897346,[-0.98908944  0.14431408  0.02958927],[-0.01156682 -0.276313    0.96099809],[-0.14686145 -0.95017081 -0.27496753]
12,198.0046287614273,151.07090369170479,180.5836315435656,1.2661447600143776,3.00260418285437,2.0335005607590886,2.2796374343685533,1065.7487514129052,1065.7146467420905,10.712521071734185,[ 0.73091148 -0.16694331 -0.66173888],[ 0.22697979 -0.85495942  0.46639529],[0.64362146 0.49109502 0.5870069 ]
37,33.19664526041306,90.87655714509582,149.66746829787627,3.413303257530285,4.434208316029803,2.7323549120500186,4.338581379946316,1084.5752213372757,1084.4972940538435,27.197067097633216,[-0.82568335  0.54451758 -0.1474707 ],[-0.53242709 -0.6657751   0.52274747],[-0.18646287 -0.51014128 -0.83963532]
305,149.12822617649573,162.38885688094214,185.23644441203257,9.67674687436253,14.630316944546491,9.20431468585678,10.564146809125072,5039.363861764866,5034.046681079958,291.40597367441484,[-0.31653373 -0.57213416  0.75661674],[-0.795389    0.59470928  0.11694963],[-0.51687787 -0.56478613 -0.64331477]
24,82.14684065272372,162.68734563120063,77.55800605179157,4.018302101102828,3.277032264226583,3.1785022470703224,4.07766502220609,970.750860008499,970.5631287045212,22.144976768557722,[-0.66237828 -0.02243561  0.74883353],[ 0.62378721 -0.57008545  0.53468878],[-0.41490303 -0.82127902 -0.39160726]
29,5.949356060056533,183.20142184183496,57.42196830620191,3.0983364380175344,3.0125153499962036,2.283100651483638,3.05832763091686,1034.657103642091,1034.5930042437417,20.564190753060235,[-0.12707329 -0.29288914  0.94766467],[-0.99140832  0.06737836 -0.11211469],[-0.03101492 -0.95376942 -0.29893472]
58,135.4944128198962,149.2307635471366,122.61957293494424,5.292208824031776,4.273204590254643,7.049651027497302,4.613985114072253,1798.1364514616782,1797.3634763681316,66.02508654673214,[ 0.30330031 -0.75412805  0.58249447],[-0.76057756  0.17666649  0.62474853],[-0.57404765 -0.63251864 -0.51998987]
236,118.16565221808644,35.25527352211329,163.70547473256667,13.85247185979728,6.21090300882246,6.675743381817707,9.408205665247474,3157.452874357193,3153.3444760280645,208.1801863712884,[ 0.06338683 -0.9840445   0.1662484 ],[-0.81366175  0.04550067  0.57955521],[-0.57787254 -0.17200613 -0.79779523]
333,15.359626855724866,187.79430498989586,106.64306117271832,7.655677450028663,6.447557533237757,9.436625646132551,7.569456689668076,3956.455887917846,3955.685321553163,209.83007858167323,[-0.99706417  0.07583446  0.01059134],[-0.02819889 -0.49226253  0.8699899 ],[-0.07118894 -0.86713709 -0.49295578]
17,180.00413239015737,165.0173221738162,88.30284367376728,2.666574757595279,1.9107826337626437,3.7033723444415236,3.375072646770207,1070.8272177827928,1070.7685090092455,14.911662463309113,[ 0.72024963 -0.62823689 -0.29420892],[-0.02673907 -0.44893264  0.89316544],[0.69319946 0.63543521 0.34014204]
218,17.556297779420703,34.33603966864515,141.29281111399163,6.996712979499353,13.139823402371148,5.88164113068199,6.4629180875417696,2172.816856042172,2166.969633014319,217.6754354282099,[-0.97990938 -0.12865456  0.15239954],[ 0.16003428 -0.96322141  0.21585536],[-0.11902372 -0.23590784 -0.96445884]
196,55.15495914807464,162.53066392307656,95.01832544643622,5.423453088302656,10.33299673156225,9.396029773892781,10.453814353079,2753.542302342381,2751.44254382701,149.5800375588103,[-0.95628512  0.28439805  0.06809199],[-0.0812967  -0.48220444  0.87227847],[-0.28090856 -0.82861126 -0.48424555]
149,179.08163729205262,120.17306191805181,120.96433324119664,5.4298024483083696,6.635171277072393,8.929835940509282,6.698649105438243,3021.4481571140077,3020.1523997970326,127.12596039405334,[-0.65066055  0.71665899  0.25107915],[-0.22869912 -0.50022837  0.83514567],[-0.72411157 -0.48597476 -0.48937814]
7,116.15990194307668,105.92740459408799,21.504677789551277,1.02117217730789,0.48906226167768907,1.7140071689727745,0.7899860245594202,419.8331227532724,419.81035829049324,5.013548306317831,[ 0.65879303 -0.64322747 -0.39019247],[ 0.17328331 -0.37496821  0.91069849],[0.73209605 0.66757566 0.13556586]
3,198.40005085173163,191.61765807091115,100.72872387737215,0.7648062889757059,0.7576855244031959,0.49644235457942887,0.7178504404803131,508.60786131774466,508.6068240385122,1.634635275079498,[ 0.64408483 -0.74888044  0.15598978],[-0.35867686 -0.1155426   0.92628333],[0.67565201 0.65255497 0.34302532]
174,31.53857980248222,29.2428221284136,190.94712050807132,11.897631372666478,15.38480138645032,5.052750633165956,4.887778286806711,2593.1489538826986,2584.964842940431,257.19193460214024,[ 0.83973447  0.49849064 -0.21529769],[ 0.51831237 -0.85405017  0.04416559],[0.16185889 0.14867882 0.97554923]
80,127.32384584291417,118.775385060381,75.47846334382282,5.482852549977585,4.136716523993343,6.338700707363839,6.688435522651488,1699.2736599025425,1698.696560884813,58.54825026386701,[-0.64635859  0.75649042 -0.09971362],[-0.36339489 -0.19027992  0.91199655],[-0.67094316 -0.62571223 -0.39789382]
156,85.34022979861031,180.81918577429906,102.0694739897082,4.7405100879413125,5.068823162210768,12.544394824506629,7.330988971267193,2809.157862879508,2805.8822333422963,153.4767217863666,[-0.80966098  0.52739687 -0.25749104],[-0.44765657 -0.2712336   0.85207742],[-0.37954275 -0.80516139 -0.45569994]
33,37.53572265109517,193.8287694734735,137.132716186396,3.294636511601045,3.597816201998932,3.936600058062641,4.072533693225004,1381.2406389743621,1381.2145111843743,27.422012047291663,[-0.33425065  0.5866337  -0.7376567 ],[-0.92947268 -0.07557258  0.36106691],[0.1560674  0.8063186  0.57052019]
64,75.7336630174297,109.84951452016335,86.48504028626947,7.527893012056508,4.837445621023948,3.6578385494156755,5.0400075573828405,1274.0918587686053,1272.9647996310703,65.79778912770857,[-0.08895686 -0.57746547  0.81155426],[-0.87459677  0.43517474  0.21378362],[-0.47662057 -0.69076521 -0.54376121]
11,130.1109622905685,80.40176889552244,51.74675254206574,3.0267128082318466,2.131873928110174,2.2878813580150807,2.910531777992226,535.6978047870512,535.6229946581924,10.737286392134097,[-0.50797908  0.85940635 -0.05812036],[-0.30418391 -0.11585182  0.94554244],[-0.80587183 -0.49799506 -0.32026789]
17,130.9367058269331,62.543238139474155,88.40893316459425,3.1760128195726995,1.9431867926228052,2.409798723945076,2.9037513867159284,700.7792663070891,700.7430687574744,13.84688207075411,[ 0.04618821 -0.84651295  0.53036071],[ 0.63559938 -0.38468455 -0.66935135],[0.77063615 0.36801308 0.52027521]
156,107.0389284461916,57.478534906053795,184.43600006098202,11.223570682916819,8.752523361317486,6.809257608811753,8.800234339466956,2764.9497836975224,2761.2762369706884,163.5072032865119,[ 0.55745611 -0.82763172 -0.06533323],[-0.67355759 -0.49687509  0.54720683],[-0.48534818 -0.2610381  -0.83444368]
18,105.23726270004869,18.846535553973396,136.2512893052552,1.8936834990578528,4.136026048742354,4.500205482182226,3.830863343216814,735.2551634519637,734.98450919847,21.75225499334684,[-0.55560001 -0.64959646  0.51897309],[-0.56782074  0.7523989   0.33387947],[-0.60736171 -0.10918025 -0.78688718]
11,54.926816468146654,99.44074589531564,27.40198786343514,1.2919888466037774,1.992778563834594,2.0424664506731687,2.049842202508715,387.68598018733195,387.6749089948659,7.867932913466527,[ 0.88129975 -0.43732907 -0.17903641],[ 0.04973918 -0.2909161   0.95545478],[0.46993272 0.85094718 0.2346319 ]
3,157.76111817178466,92.77970320030654,113.92869234253605,1.5427137001322646,0.294860225076255,1.7592941075614128,2.121800361807591,373.4244414288768,373.42031338802775,1.781085542943452,[ 0.67990329 -0.51459166 -0.5224241 ],[-0.04714276 -0.74162661  0.66915434],[0.73178485 0.43033173 0.52849364]
30,7.798772778804935,95.11636895955233,119.3795892123205,3.647551082403089,2.69812203178985,4.723455123484132,4.0601530364490745,837.8225947749874,837.4942061914952,28.219403726505007,[-0.71294356 -0.52510645  0.46473078],[ 0.69935628 -0.58077037  0.41666122],[-0.05111037 -0.62206832 -0.78129299]
34,38.83768579957711,34.17137042459223,148.2056336804362,7.102639125611719,4.36626784891287,3.031263110689397,2.1685523863402603,916.6376042309168,915.5393391286262,50.00004668818586,[-0.37473479 -0.87712013  0.30038995],[ 0.89359768 -0.42804914 -0.13511895],[0.24709721 0.21779399 0.94419741]
2,101.38619976048952,197.63952066208512,97.08904457408187,0.49198737332181963,0.7024034757042728,0.28789226490749087,0.48219283567846105,342.83419464777745,342.83248597613056,1.0823951295143073,[-0.06088599 -0.41476147  0.90789086],[ 0.90630199 -0.40408486 -0.12382296],[0.41822195 0.81528421 0.40050225]
2,38.17197774878143,8.370896855530063,129.57729298749157,1.2220747620404389,0.7741273900485512,1.1912737261262407,0.8436735058751879,191.42078534169804,191.40615799920494,2.366377149952414,[-0.39889376 -0.90001675  0.175652  ],[-0.87256782  0.43143983  0.22909622],[-0.28197371 -0.06188323 -0.9574243 ]
80,55.97165239084934,29.198171236387175,131.15587768217543,4.552575715595625,7.401644473181273,4.443349834560903,4.31815672855253,1304.187165933559,1303.1388493205109,78.23867824590043,[-0.90021496 -0.13468887  0.41409171],[ 0.20450121 -0.97033407  0.1289614 ],[-0.38443763 -0.20077523 -0.90105328]
8,147.3693336153188,9.87447483729431,9.174384042516447,2.0338816427603383,1.3583914214720951,1.2399889341377377,1.986327019511621,418.6281561761243,418.6078658556731,5.343608089836888,[-0.00138946 -0.66923937  0.74304558],[ 0.09102202 -0.74004646 -0.66636794],[0.99584791 0.06670762 0.06194379]
51,15.443176128421515,49.458414341399454,114.9271521129177,3.610054503377131,3.6837537240301175,5.867807019496182,5.188288210510857,901.77305555919,901.3144083482395,41.672016191773814,[-0.81410077  0.5651126  -0.13374488],[-0.56773289 -0.72605332  0.38797672],[-0.12214462 -0.39178352 -0.91191358]
14,143.85563876233192,82.13390618175174,40.541139965783245,1.7669352992647211,1.7381867353975464,2.946127383394753,1.0767717227605282,638.2293648701694,638.1535455137126,13.805119124014341,[-0.39851453  0.85797539 -0.32413639],[-0.3600446   0.17869532  0.91566144],[-0.84353664 -0.48160794 -0.23769673]
6,52.097965197218606,132.04364709425445,125.16371891518486,3.467189950642476,1.1782720800189683,2.3677845691555204,3.0108049211873316,463.6838537197263,463.63074187231626,7.756519231271546,[-0.08402486 -0.66789578  0.73949649],[-0.95764005  0.25925746  0.12534392],[-0.27543666 -0.69763945 -0.66138782]
106,187.00044846309058,15.29055479085043,111.47354633507646,4.703299331467747,7.417477081049148,8.777353694937995,5.387224069841959,2250.22474551417,2247.953456720142,115.30970738733076,[-0.26920304 -0.78393154  0.55944711],[-0.44021282  0.6168175   0.65249433],[-0.85658765 -0.07062234 -0.51114586]
5,135.46608674535796,74.15636602326308,162.324406637658,3.5222451790089915,2.0080575375455627,1.898022970550946,2.032976488896858,501.09196055914396,501.02051797762164,8.9498772949932,[ 0.49160808 -0.8707268  -0.01250366],[-0.62662856 -0.36368907  0.68925098],[-0.60469674 -0.3310062  -0.72441476]
56,145.21490337196354,40.90017003398195,107.88861089946968,4.5345032076351925,5.122804631356368,3.761639883453523,4.259951727756246,1389.0673308148534,1388.433348725294,48.866128234020714,[-0.35486221 -0.60958234  0.70885978],[-0.5109802   0.76139921  0.39896176],[-0.78292532 -0.22063686 -0.5816763 ]
49,147.3983572494545,137.08027335471513,18.10487070164584,5.117423777337591,4.7328167289783405,5.308270130031416,2.307974278443592,1415.6388448543323,1415.2033529060911,59.20595604538531,[ 0.24313782 -0.37942226  0.8927053 ],[-0.63946014  0.62932036  0.44164082],[-0.72936598 -0.67822904 -0.08961383]
7,35.11099786190006,71.53491534963099,18.14984100103909,2.3367432550092,2.331359591880802,1.2480055162738324,2.719695871490095,216.42088563287098,216.36492476657838,5.896229287573625,[ 0.62978538 -0.46659842  0.62101231],[-0.64691976  0.12746456  0.7518295 ],[-0.42995952 -0.87523637 -0.22157642]
25,189.79871460176474,64.18411048009652,135.82428170481904,3.091535934453792,4.720816635092081,2.109818629007918,2.633991140553094,1210.62668184036,1210.3856791581397,27.08647274811016,[-0.5724458  -0.04021035  0.81895601],[ 0.23964866 -0.9633887   0.12021119],[-0.78413923 -0.2650761  -0.56112417]
5,197.77386282992364,51.78328041706006,17.474919390891028,1.2300640466899702,1.368510072673172,2.8251683402117163,1.4318371723171883,458.8678366804766,458.825799069846,6.8327647973755266,[-0.26617323  0.90009102  0.34494631],[ 0.01034498 -0.35516784  0.9347453 ],[-0.9638697  -0.25237264 -0.08522475]
57,4.767798262363366,96.98766914339839,85.3405586371463,2.5325532367399672,5.649347701939729,4.68354038391303,4.2053013323916675,977.6102518487952,976.6780455698986,49.56144995283785,[-0.984427    0.14080015 -0.10525585],[-0.1719012  -0.64570388  0.74398688],[-0.03678935 -0.75049438 -0.65985205]
128,61.26391155242308,189.24247920944342,74.90926674097071,7.361452313613843,4.757260975794324,7.924178816306408,4.690852091617407,2407.4842712070963,2406.2644667473573,122.72659603825936,[-0.68957899 -0.06270205  0.72149101],[ 0.66439449 -0.45123241  0.59579298],[-0.28820269 -0.89020097 -0.35281928]
2,128.35105152571995,15.49670699551894,183.5100667259196,1.1355386014089746,0.8427507128620508,0.002308104248612608,0.5929733697248452,317.46522526796883,317.46003397477403,1.8155118224800963,[ 0.53678616  0.7220808  -0.43641716],[-0.62041974  0.68835672  0.37582491],[0.57178664 0.06902421 0.81749354]
126,105.6021585812214,55.29063674210883,6.362305007445718,8.846132841829037,6.5983304035523265,4.990688307500588,6.211179073140851,1345.5883816349253,1343.0601364612712,115.69596840480193,[-0.00875656 -0.09589638  0.9953528 ],[-0.46395099  0.88215825  0.08090917],[-0.88581759 -0.46108643 -0.05221589]
12,32.67290325123084,68.81490601723796,88.35020202332237,3.1910445047134575,1.7052263348367684,2.6342819692429247,2.492607664412543,404.355187193075,404.2540175972667,12.91224990784401,[ 0.50737526 -0.760807    0.40465177],[-0.81485353 -0.27082953  0.51250862],[-0.2803285  -0.58976612 -0.75735847]
5,66.7287733725149,116.32722715809568,147.06178441647802,1.4554365656888948,3.7028554637596804,1.9113407811735976,3.2334778626904512,445.1452027401419,445.1008132888679,6.7123142931335975,[-0.90587235 -0.01541267  0.42327028],[ 0.25882133 -0.81119185  0.52438469],[-0.33527124 -0.58457697 -0.73882539]
103,141.7549626979376,187.8516524847572,47.530014796820794,4.830238235575719,4.05080878080206,6.629072676133475,4.479128429460438,2438.2451308472864,2437.1789275664446,81.07125057647066,[-0.64727114  0.60555415 -0.46297327],[-0.48210493  0.14524201  0.86399051],[-0.59043621 -0.78243781 -0.19792968]
261,103.94001406006093,117.37654799087237,40.70287247175739,8.437490788425677,8.509682132249862,12.972357226345656,8.770018796193787,2630.3636123836977,2622.487795090092,250.05568151560868,[-0.70099981  0.4195096   0.57672434],[ 0.31105506 -0.54785646  0.77659387],[-0.64175074 -0.72378518 -0.2535567 ]
45,156.1083023840667,44.280546879860935,192.19083030652513,6.353236984382646,4.367225709652887,3.9181795092724574,4.7321330557009045,1688.2004808106851,1687.739593057033,48.52560099298763,[ 0.43088168 -0.8907349  -0.14468005],[-0.65496265 -0.41897645  0.62887413],[-0.62077766 -0.17621031 -0.76392736]
129,134.30994574398773,171.3157397166141,137.42649154768458,5.50305288078636,6.11490167082899,8.636340943420233,6.972446931098621,2926.6699253681404,2925.417170733477,109.57460385266593,[-0.842308    0.30247005  0.44612679],[ 0.13523151 -0.68263126  0.71814135],[-0.52175634 -0.66522661 -0.53408228]
28,149.39263754689924,171.54098798307294,3.8498055646204294,7.235081094887302,3.36408556282285,2.3194606426088367,4.570723689709018,1204.5963847342227,1204.1521092151816,36.769720640845804,[ 0.0683077  -0.08179339  0.99430574],[-0.75085017  0.65203734  0.10522035],[-0.6569308  -0.753762   -0.01687541]
4,49.5239249232909,18.45635552147162,39.14890128792734,0.6574065936187027,0.34187122804843534,0.8700172926061537,0.9784182270514147,131.56280109000977,131.5576626448225,1.1832380914168577,[ 0.64110959 -0.51679174 -0.56736655],[-0.14847105 -0.80884196  0.56897367],[0.75295076 0.28053697 0.59528494]
4,162.23847302949642,57.432884596933334,59.900345055862985,0.5340806090492135,0.5241103512965368,0.9750652842983123,0.8372882907387661,364.4683224147775,364.4653184586906,1.7990832445178246,[ 0.36467346 -0.92574124 -0.10008214],[-0.2727662  -0.20897709  0.93910978],[0.89028752 0.31516938 0.32871931]
3,73.89973960984643,84.70087437489387,78.46018730130343,1.1285468122663778,0.34672443785439866,1.0181938203372274,1.010703790096578,237.44716172074996,237.4398527353668,2.0515369709991162,[ 0.63833883  0.14359772 -0.75624284],[ 0.54943085 -0.77307967  0.31697566],[0.53911898 0.61784101 0.57238379]
8,165.758942639292,83.05737164820545,88.1416459800337,2.1653143624547675,1.352266738867242,0.832726132293624,2.1255235495497735,580.6873074003819,580.6825665243394,4.630244799649349,[ 0.5601715  -0.29766584 -0.77304782],[ 0.18496484 -0.86470219  0.46698836],[0.80746263 0.40458024 0.42932381]
100,41.00951299874733,54.3343010590796,78.92095798802323,6.4865725649913495,5.4554458032241255,4.885496192322347,6.051074256119787,1046.1241732690814,1044.6884143894054,76.7740555547507,[-0.60452474 -0.47327865  0.64074734],[ 0.69197288 -0.71047196  0.12807469],[0.394618   0.5208041  0.75699387]
7,4.180514177043913,43.546385292582066,59.587097436085735,1.7582388252041448,2.2471121044535796,1.8761718251070194,1.5389179325611773,195.7703933770787,195.6380064012816,8.024236668824798,[-0.84824199  0.45425958 -0.27227515],[-0.52655707 -0.66825608  0.52552019],[-0.05677306 -0.5891367  -0.80603646]
13,104.72462353013718,180.79738269897385,125.48604601704754,2.929156172972334,2.1936452888802216,1.7666514226441519,2.3974310504227154,878.868776866411,878.8192259237449,11.818309987557898,[-0.16636809 -0.4953929   0.85258873],[-0.88751519  0.45201154  0.0894559 ],[-0.42969576 -0.74180284 -0.51486902]
2,103.83162448864186,177.85656098178174,50.88998437388746,0.9142524587026841,1.7518127145776674,0.6878901226437399,0.8561715886066423,300.0271018956691,300.01495358173236,2.6999072697294824,[ 0.522203   -0.06147672 -0.85060252],[-0.69840599  0.54156409 -0.46790748],[0.48942119 0.83840858 0.23987069]
67,97.17711338807688,37.72545209476382,58.301200838809194,8.029203164494481,7.378812755616434,3.589066610092262,4.692599014392267,981.5315262958069,979.0068137653915,86.00469009129189,[-0.25899137 -0.55370567  0.79141235],[-0.51889949  0.77084861  0.36950744],[-0.81465747 -0.31496422 -0.48696073]
80,14.235456936904749,79.64488539270766,50.894866792376156,4.896817518433725,6.604442154679625,5.61380126038,6.672408971434944,858.8623872979043,857.7280595888343,65.68781750230524,[ 0.90133092 -0.33667011  0.27249918],[-0.40611795 -0.43819904  0.80190387],[0.15056819 0.83344756 0.53169012]
29,79.18056921976667,88.88682787933904,65.46879395510173,3.124106860250255,3.135476949216767,3.907592230820669,3.5025192807187056,732.1259427886552,732.0101451923113,25.633895840135672,[-0.67113011  0.72193785 -0.16849368],[-0.45820857 -0.22528713  0.85982011],[-0.58277722 -0.65425641 -0.48199508]
116,131.7050629008255,92.80927385883348,15.163506550456692,5.567252920838849,3.838224224191153,6.927612677567844,5.731075177271204,1745.5518079758663,1744.6322603332467,84.04799121376533,[-0.58052299  0.80886854  0.09340628],[-0.02291149 -0.13089707  0.99113118],[-0.81392144 -0.57323436 -0.09452115]
82,181.7776767664954,26.167366438383514,188.2422723237596,4.1679920592612065,6.86383375847627,5.409311511448781,4.596329915816683,2382.8926733302105,2382.0053054276364,77.33508894226894,[-0.63242393  0.56273335  0.53232617],[-0.34978173 -0.82061426  0.45193471],[-0.69115318 -0.09961636 -0.71580993]
13,78.3968389925206,117.53302923796393,46.50208693330897,1.5388298786406134,1.9074343032764554,2.069531641898451,1.9585861711819657,536.3914411830947,536.3336757587324,9.137162215562817,[-0.73974423  0.24550533  0.62650268],[ 0.41828863 -0.56153512  0.71394182],[-0.52707978 -0.79019329 -0.31270028]
11,179.0325200155474,120.12646657659634,149.68425943327378,2.811296803315506,1.7205341951029647,1.960064184256253,2.3096769281403273,870.5779601305583,870.5509646486282,10.154093260887572,[ 0.24571094  0.59111488 -0.76825083],[-0.68870382  0.66418255  0.29077239],[0.68213868 0.45765133 0.57029999]
2,89.10285321738678,92.61436549601349,133.43433192769794,1.3030692898753387,0.596831627658446,0.3141547096413433,0.1020854045528381,262.006156322507,261.99797902819944,2.070008703648796,[ 0.18638776  0.74442958 -0.64115849],[-0.85669933  0.44261983  0.26486591],[0.48096348 0.49991228 0.72025124]
128,75.36847060538354,135.7671353680813,75.26388442287555,6.8620140907104625,6.961596779143006,5.577569894246048,7.633166421601774,1955.884550341082,1954.814917417215,93.53813904668237,[-0.62761029 -0.08058264  0.77434603],[-0.64426567  0.61214455 -0.45847661],[-0.43706644 -0.7866292  -0.43610484]
49,118.61082131421877,150.2516554761605,170.38832096829213,4.784530645991115,3.7352746531183194,5.117250824368186,3.1077204132498957,1794.6190397994299,1794.2099771233172,51.03112060264165,[ 0.36116473 -0.80965098  0.46262871],[-0.80961178 -0.02609078  0.58638557],[-0.46269731 -0.58633144 -0.66492604]
3,44.08715328435008,13.532734706745593,134.6342893836286,0.6817012460033864,1.0120829765683153,1.7250295236173352,1.371187587508163,246.52050373147077,246.50735893405965,2.7883670661912725,[-0.66721924  0.73060499  0.14503393],[-0.67741724 -0.67615358  0.28969331],[0.30971659 0.09504047 0.94606709]
7,176.65027737162933,72.37306654046678,85.7737111372746,1.8605315708651378,1.5434132835884784,3.8839351689174193,3.191020829826937,553.8372214291049,553.792801144752,8.672809257617924,[-0.312898    0.9383015  -0.14725876],[-0.4356362  -0.00400728  0.90011391],[0.84398812 0.34579509 0.41001196]
7,159.32680651633993,153.57859187067157,99.72546055969813,1.0796500167424865,2.9228659389652423,2.3750859780851785,1.9346774466135463,642.2550426475929,642.2416972870577,9.006493926571274,[ 0.22363027  0.35695829 -0.9069566 ],[-0.72055465  0.68716245  0.09278338],[0.65634632 0.63276263 0.41087828]
10,155.51072810163612,153.83917459917186,72.99849334845216,1.9013514559545048,2.68065541230465,2.5680095053331455,1.5915626629125013,729.3322711310662,729.2812170955502,12.182926363755968,[ 0.17086574 -0.55804553  0.81202837],[-0.71840763  0.49346569  0.49028776],[-0.67431104 -0.66714076 -0.31658779]
4,89.36910796033155,197.17000362787175,175.66056636665547,2.6268053825098425,1.0371289724567114,1.1020478067320756,0.9375656525548848,557.5967054569869,557.5679354802259,5.769949992873756,[ 0.4771328   0.45408184 -0.75243204],[-0.81826803  0.54187025 -0.19186992],[0.32059589 0.70723851 0.63010472]
27,176.24201028193173,28.913467522113677,136.4903923062252,4.100160918711234,3.401702623816082,3.9112954533961184,4.39829261018254,1168.4245671456083,1168.3059909809951,25.5826236011157,[ 0.42080381 -0.82935822 -0.36754469],[-0.45626347 -0.54368459  0.70443645],[-0.78405854 -0.12873232 -0.60719041]
