N,MEAN_X,MEAN_Y,MEAN_Z,SIGMA_X,SIGMA_Y,SIGMA_Z,SIGMA_R,LAMBDA_1,LAMBDA_2,LAMBDA_3,EIGEN_1,EIGEN_2,EIGEN_3
46,79.10623859504062,147.81583710643778,10.481929523339495,8.521705169201569,3.876093716542869,3.3605328977263964,6.705498162539389,1141.1406907067021,1140.3450083385014,49.94800430411216,[-0.27480978  0.07930481  0.95822249],[-0.83765818  0.46950744 -0.27909057],[-0.47202581 -0.87935972 -0.06259491]
122,74.56640332714231,135.41655965772864,75.13437759833232,7.790472451175664,5.564875389929639,5.193456883673889,5.5289849808378335,1901.7154482938488,1900.0540121941685,103.45671092910287,[-0.48864669 -0.20178505  0.84882696],[-0.7567425   0.58223493 -0.29722596],[-0.43424096 -0.78758192 -0.43720649]
88,9.964408196488803,176.20740107307748,6.92375855085539,5.8951373967664935,3.8290774607977776,5.57727344887719,4.053269210869052,1658.3406668342134,1658.00371432145,75.14055194657685,[ 0.63646583 -0.06653121  0.76843012],[-0.76920686  0.01868212  0.63872669],[-0.05685116 -0.99760943 -0.03928573]
473,110.08239794210857,121.1358096841166,35.18730745760418,13.322589237178077,8.888521534429367,12.675738154466478,11.136080706751512,3660.3012847775335,3656.920878394475,374.57291735422797,[-0.75157736  0.64307304  0.14693038],[-0.02844864 -0.25413349  0.96675066],[-0.65903122 -0.72240794 -0.20929554]
16,90.29403200647255,66.403951322568,52.24829552815462,2.6571692786109695,2.065394827076726,2.065164478043031,2.68523566520927,494.8525293441338,494.8150972658149,11.580970953427887,[-0.62537358  0.77429339  0.09683817],[-0.27506274 -0.33487261  0.90122185],[-0.73023858 -0.53696376 -0.42239974]
812,175.46634080426858,95.58831322308221,74.99329968490757,15.267656256144239,9.317157181522735,15.570850850586721,11.766253428930009,6115.023645794752,6095.691460862815,578.6093024376476,[ 0.34553743 -0.88291116  0.31791787],[ 0.45112541 -0.14077994 -0.88128705],[0.82285463 0.4479385  0.34965892]
9,63.39734747671204,194.74555433074633,160.30907187022777,1.745251308554005,2.2956592040356516,3.0130592355040187,3.0757467170084505,780.3360631312969,780.3268546602495,8.466717534346767,[-0.29506147  0.66268656 -0.6883206 ],[-0.92387724 -0.01413585  0.3824278 ],[0.24369976 0.74876345 0.61641198]
2143,92.20929117024217,128.60222657079993,147.83379886827294,13.464570942133975,31.638915452023358,14.902637399547688,23.366060268219314,10158.144935084933,10100.96571332869,1340.8075518039072,[-0.88717367  0.12562267  0.44400656],[ 0.18140703 -0.7897972   0.58592821],[-0.424281   -0.60036599 -0.67789845]
26,55.930253618886596,20.969167406146987,171.8229440756198,3.147671606008012,3.6051973570806917,2.5945683155565513,3.190257601865125,927.920390975377,927.7580608035589,22.429245918344357,[-0.84227813  0.49478335  0.21390883],[-0.44265039 -0.8613295   0.24934337],[-0.30761693 -0.11532964 -0.94449505]
429,19.04714068939873,22.458352440290366,95.08770334416502,8.845518999594898,14.578948479967142,20.24617102350555,17.119034108808147,2127.8156947611906,2100.9050402169455,401.97355260252203,[-0.96832142 -0.11922838  0.21940423],[ 0.15857374 -0.97234543  0.17146061],[-0.19289373 -0.20082073 -0.9604494 ]
87,37.12067958839522,99.65647384108453,155.46951776421253,5.910066606504631,9.22183467726428,8.185657774939473,12.099268165020277,1761.3538036829293,1760.7494853549947,58.90879386790794,[-0.76173374  0.61264323 -0.21078421],[-0.6169067  -0.58644178  0.52489253],[-0.19795919 -0.52986254 -0.8246562 ]
186,50.01925355219176,22.189065791485397,124.01359551580975,8.811507307418289,10.076645880481509,9.985029978141373,11.525775096625747,1859.9573225586732,1857.9045348234658,165.80813549150162,[ 0.87376726 -0.39664876 -0.28142589],[-0.31597846 -0.90287819  0.29149373],[0.36971392 0.16577316 0.91423787]
8,193.4341864546807,7.854834467365731,6.563711166507858,0.8578152632324456,1.3513113868667304,1.4107523048279147,0.8143164089679205,547.902041893239,547.8960755397443,5.578545777977453,[-0.01076454  0.78380565 -0.6209129 ],[-0.05171875  0.61968134  0.78314762],[0.99860367 0.04054306 0.03386687]
256,45.85930944917339,49.431251970406805,182.63371614471464,16.656167461584438,5.132620918503658,9.482559232598923,8.263699255672515,3129.727949629261,3119.252535072297,286.8013012783388,[ 0.08418786 -0.96709417  0.24008595],[-0.96816955 -0.02239362  0.24929148],[-0.23571194 -0.25343123 -0.93819641]
15,39.6698326269259,66.0643731172517,64.24232735630056,4.767698879278604,1.6230533325829615,3.3737418336738103,2.8513681197939116,389.15345405592024,388.83021383274024,20.767399283316433,[-0.08283921 -0.66915409  0.73849202],[-0.91463123  0.34529915  0.21028124],[-0.39571122 -0.65802834 -0.64063354]
547,114.39471617684396,140.2340700179678,91.72078953915769,9.915570501820639,13.964685137145986,12.290864207520604,8.24531938295871,4764.808377250835,4755.050930825092,454.0575239555115,[-0.76437716  0.22944312  0.60256404],[ 0.3131798  -0.68477496  0.65802863],[-0.5636009  -0.69169293 -0.45156938]
24,141.79329046493663,132.84998630080005,148.38825428076373,2.5754857107954496,3.012658429014025,2.678766729118155,3.582896858433015,1197.9154563113732,1197.9084746591063,15.549004491419435,[ 0.63374742 -0.76907286  0.08301295],[-0.51188075 -0.33649446  0.79041102],[0.57995027 0.54341367 0.60692608]
431,104.7442636209218,106.10155964633145,188.23939020290499,14.403762116187362,12.184147587938194,6.739909436528159,10.512968749162914,4998.59075660681,4994.020270351079,353.9689975344775,[ 0.35438979 -0.88476725  0.30264631],[-0.82671718 -0.14520746  0.54355634],[-0.43697434 -0.44283372 -0.78291233]
171,42.478771732648084,52.10971752209443,72.3007550673059,6.0466265046126475,7.885448663856849,11.613130588796357,12.639383197238073,1304.8897971008396,1303.3721690164598,109.28288589264892,[ 0.56665576 -0.78908968  0.23714703],[-0.7044375  -0.31466664  0.63620179],[-0.42739801 -0.52756267 -0.73417203]
34,166.36436802283671,30.95226060109022,83.70593721614964,4.144798288500509,4.899497616654078,5.31895645970031,3.287207389740297,1101.7169773645899,1101.1784838010933,44.658606109981775,[-0.1582992  -0.78151691  0.60346722],[-0.44545426  0.60196798  0.66272548],[-0.88119911 -0.16390813 -0.44342108]
33,95.69870831617028,93.93433796754324,120.88754866306986,3.4574360508268644,2.6807663701841724,6.427932844811961,3.397405377810135,1037.9287497593284,1037.4945870719075,40.19329421826462,[-0.72263219  0.69030314  0.03583689],[-0.44381775 -0.50310113  0.74156258],[-0.52993256 -0.51997194 -0.66992586]
103,153.87288263899467,66.31005799075088,42.84704602889843,6.547754892435401,5.03680576854904,11.060176596140622,6.397367160907047,1760.3784664774153,1756.8683640098482,123.07966133371048,[ 0.40328418 -0.9145091  -0.03217096],[-0.21388723 -0.12838713  0.96838474],[0.889727   0.38365329 0.24737831]
156,170.45470416563322,127.90885493033814,85.92599613036208,7.583520578907108,3.7459951209921356,6.6553220560399176,7.42088593614019,2872.5232921208717,2872.016466302764,97.38889427310588,[ 0.4039325  -0.81631782  0.41287257],[-0.53507977  0.15523391  0.8304168 ],[-0.74197586 -0.5563521  -0.37409113]
2,92.83391885858714,71.49212060187477,67.11077226793543,0.7357583435991657,0.22127001273308622,1.1305239570143826,0.17318284534231054,190.97111791247667,190.961491152227,1.9174915016729939,[-0.36034895  0.84293923 -0.3995023 ],[-0.63047272  0.09555759  0.77030702],[0.68749748 0.52945463 0.49701611]
72,125.62088491669404,83.41199033744796,34.79110524898104,6.26818687462262,5.733689106775035,4.0027903426311795,4.0265071321048325,1315.101687621485,1313.9986775244865,72.18522100028606,[-0.12098894 -0.22139819  0.96764896],[-0.57096078  0.81293797  0.11461083],[-0.81201321 -0.53862297 -0.22476619]
288,170.83276644994282,156.92331700193964,145.36239420873366,9.451358523335799,9.386249994785656,11.116828438649982,14.681016688910804,4653.94726769093,4653.433608163082,156.7514092678161,[-0.73797867  0.20813462  0.64192481],[ 0.25724666 -0.79265184  0.55274516],[-0.62386829 -0.57304715 -0.53141821]
307,56.26587615473932,41.90616538484442,101.08120919762007,7.875642524988744,8.57059078873345,10.583109603786786,9.594587132572887,2170.3814371394333,2165.67252045137,216.43643974674816,[-0.08392135 -0.9026114   0.42219648],[-0.88699057  0.26074299  0.38113097],[-0.45409793 -0.34249928 -0.8224897 ]
163,14.250900022551026,116.48843683928706,110.78750399812341,6.227604001287074,7.061250555030419,13.66428207173082,8.38659510021138,2069.9893362037033,2064.689460990411,182.02158739645114,[-0.98460498  0.16780833 -0.0489223 ],[-0.15072058 -0.67332264  0.72382313],[-0.08852306 -0.72005346 -0.688249  ]
76,25.43768181700166,149.07347328746772,102.86871075326945,6.939319798905317,4.38545488034039,6.27512216122858,4.5714121847781275,1596.2943885106074,1595.68533989652,80.97305434920294,[ 0.28206831 -0.5771091   0.76640887],[-0.94933934 -0.05254245  0.30982916],[-0.13853623 -0.81497508 -0.56269294]
3,39.024499096963375,1.4689011158652843,135.00954292775586,2.5338392654612534,0.7927775952026571,0.70104852082825,1.0856125169201447,243.47227281183882,243.44044070128405,4.372794817629896,[ 0.08017954 -0.99670378 -0.01236179],[-0.95729804 -0.08045356  0.27768269],[-0.27776194 -0.01043055 -0.96059331]
21,42.23489883331566,45.69235948504778,4.176622945163027,5.035596031186526,4.030199448876044,2.6865075943298753,3.5625121112570026,287.35668944387817,286.44611425301343,27.6409335376081,[ 0.1874061  -0.25776576  0.94785852],[-0.71076531  0.630461    0.31198012],[-0.67800562 -0.73217193 -0.06505872]
50,157.01020046688402,55.046009262278396,172.09078133693313,6.70407105388127,6.712345701788553,2.663130309867041,4.204744662102201,1693.8571538789765,1693.0331819732282,62.8183842353978,[-0.59062274 -0.43662185  0.67862076],[ 0.46967803 -0.86984874 -0.15088314],[-0.65617629 -0.22961825 -0.71882414]
17,7.425283703644446,176.43636194065522,197.70857333406832,2.983065715240821,4.716009496089415,1.8862306949314411,3.020822591191116,1093.204341935527,1093.1383765939088,20.857169534237748,[-0.98977562  0.12286871 -0.07243959],[-0.13984665 -0.736069    0.66230306],[-0.02805579 -0.66566186 -0.74572593]
97,135.37687477112976,170.34852690320162,142.41056047413088,4.029362589521074,6.329983126473932,5.881056092580753,3.9646171451683916,2562.5421811839115,2561.8681574090865,85.68322897416695,[-0.84307933  0.4958762   0.20814427],[-0.13513384 -0.56995464  0.81048785],[-0.52053443 -0.65517822 -0.54752663]
12,108.59544067975048,40.87055477507481,92.86356219951698,1.5608525655843881,2.141887382909474,4.33950232763027,3.2946967756562127,515.0836968987617,514.9913271212475,13.474404153882189,[-0.52742094  0.8085895   0.26078759],[-0.43380555 -0.52022264  0.73565016],[-0.7305066  -0.27486619 -0.62514693]
5,79.10951122628884,1.305695747435518,15.619250213831885,2.012223333330479,1.083999831106938,2.1669789866374027,1.680045953307791,180.4536511500472,180.38766305591068,5.981272255532218,[ 0.00491217 -0.99831575  0.05780595],[-0.19382586  0.05575985  0.97945004],[-0.98102365 -0.01601551 -0.19322551]
65,80.216593309145,26.78136168084682,114.71211532978852,3.3928682199091615,7.605797816396277,5.681115304884237,3.682739680967369,1151.539963173073,1149.72019166297,75.61317074795778,[-0.77776289  0.45025203  0.43858637],[-0.28029405 -0.87299013  0.39915346],[-0.56260123 -0.1875136  -0.80518228]
85,5.554911199104642,68.7281157872307,109.21126613215795,3.851371422566034,3.891963022878609,5.472630666485968,4.7420133650965415,1192.3887737681077,1192.0760606702752,56.645996571511965,[-0.99111376 -0.08385053  0.10325992],[ 0.12582648 -0.84277663  0.52335003],[-0.04314187 -0.53169225 -0.84583813]
86,129.9704057883387,91.25686502462709,163.5162797666533,7.6781505470748,5.723799237081667,4.641469393942006,3.698893066095867,2115.7508237300194,2114.5304137487956,92.54070417199256,[-0.20298185 -0.77746024  0.59527636],[-0.79600357  0.48505459  0.36207784],[-0.57024265 -0.40034688 -0.7173184 ]
3,123.08470253306147,190.65361626084677,185.81795027763508,0.6151280945019393,0.4803415169110797,2.810820887302738,1.8248076636465131,508.04033207872817,508.027797062997,3.946334821408015,[ 0.88657487 -0.44319313 -0.13253243],[-0.19464843 -0.61732277  0.76224969],[0.41963911 0.64999419 0.6335697 ]
15,42.3948962912147,162.43193437558543,26.83644019808442,4.2177758018858915,2.7572063346548927,2.566701295041507,2.6487341696296975,658.7415333335017,658.5517718296758,19.4473932301153,[-0.34626963 -0.0643255   0.93592712],[-0.90438874  0.28806273 -0.3148029 ],[-0.24935587 -0.95544863 -0.15792263]
93,185.9101973613335,12.974296238929668,111.08066339796132,6.132981149830482,4.667067876200283,8.212219085550716,5.4310751968582025,2094.798830141211,2093.188018585326,94.68287004679328,[-0.122986   -0.9406912   0.31618746],[-0.50072008  0.33389782  0.79861859],[-0.85682778 -0.0601025  -0.51208773]
15,113.60844244753751,121.01987753145461,7.436052064079444,3.4495813520268834,3.597285396022961,1.8252825894898934,1.3421737297877874,643.8161675129671,643.577182588705,19.84487614695213,[-0.14120376  0.07188626  0.98736714],[-0.71595662  0.68139739 -0.15199906],[-0.68371604 -0.72837488 -0.04474843]
11,99.39283211156386,190.813944010439,164.7815361934328,4.800029246544029,2.1578837036962937,1.754563965551604,2.628127945076861,898.9829889866488,898.8687429272259,16.197072595098234,[ 0.4121799  -0.70893255  0.57229571],[-0.83396663 -0.04062439  0.55031748],[-0.36688881 -0.70410532 -0.60797064]
63,43.82561690924805,18.694899299450785,3.587087633622672,10.368991935554622,9.213567983497198,2.402980641333053,11.678821895875963,394.8652235968869,391.50210052720456,58.67456210199394,[-0.09172028  0.03292697  0.99524027],[-0.39868397  0.9146375  -0.06700256],[-0.91249026 -0.40293184 -0.07076336]
5,83.14791821829269,40.344060632181524,137.6898628228283,0.9231698021007361,2.446828707507537,3.3463182168949297,2.200960543682203,370.924771458174,370.8465124949227,8.076338415315181,[-0.80062078  0.49428108  0.33866294],[-0.32814729 -0.83463181  0.44239022],[-0.50132397 -0.24305547 -0.83042056]
371,15.347611214442756,188.51503615362657,106.05596113022669,7.72156445169984,6.145636765604358,10.276260604611695,7.465666136994894,4183.3116635834385,4181.587620679628,233.83705141696888,[-0.95550694 -0.08153548  0.28347566],[ 0.28627058 -0.48799418  0.82456706],[-0.07110301 -0.86903029 -0.48962304]
110,102.85877975398319,61.73553153682871,5.590140125873039,9.048753225418317,13.800669677657611,3.448514303033244,6.211489374537912,1271.4397558596572,1261.4846504904367,166.03635618134518,[-0.00142822 -0.08757834  0.99615661],[-0.51661957  0.85298946  0.07425093],[-0.85621386 -0.51452796 -0.04646294]
136,185.32531718474092,138.1724919247112,186.91664573111515,3.981854438948586,6.711600339974174,8.05953063301104,7.683848614541862,3469.019605061517,3468.299248361993,94.978356324259,[ 0.00942373 -0.80852172  0.58839088],[-0.78212301  0.36067139  0.50813359],[-0.6230528  -0.46498256 -0.62896457]
143,171.67737359890106,29.746881708946564,117.18873930943622,8.943851929673183,5.959323164124797,15.626169441499416,10.273106953732977,2520.44312583271,2514.807406296039,189.90059524494959,[ 0.02387004 -0.97680676  0.2127881 ],[-0.57661366  0.16042411  0.80111222],[-0.81666818 -0.1418191  -0.55941079]
24,13.35688148877987,33.15662859921253,183.66345299101283,2.7935881878799007,2.623848028912036,7.405963671401468,7.205739125157932,917.4573603573226,917.4239116657596,20.6078535215458,[ 0.7201136  -0.69009003  0.07219516],[-0.69019926 -0.70176172  0.17650914],[0.0711434  0.17693568 0.98164779]
24,21.617469903310177,108.9978827181181,158.03880069822756,3.835567723360353,1.9371930852110255,3.7134113242457754,3.2064653927978446,946.7903405620705,946.6620246884559,22.90866837681887,[ 0.13981969 -0.82400121  0.54906508],[-0.98384816 -0.0530164   0.17097384],[-0.1117732  -0.56410218 -0.81810481]
36,66.84817683693888,85.13782300012195,49.00382179700473,7.0077187269901025,4.857343379292279,2.1885765867226423,1.6416388793521415,714.7676591116274,713.1207629900512,51.74492411989483,[-0.30714357 -0.28198406  0.90892674],[ 0.76725806 -0.6384107   0.06121146],[0.5630079  0.71618207 0.41243829]
2,29.932713672333666,62.47261974904733,14.763629419877644,1.6191803672464964,0.24105097063379333,0.6462920267528265,0.7619806114167602,100.19838186081061,100.17326506625292,2.2433665529847784,[ 0.39100478 -0.38491654  0.836035  ],[-0.81752909  0.27202394  0.50759154],[-0.42280191 -0.88195364 -0.20831781]
83,86.86138227537536,78.38383497889929,30.140439115493475,5.429266493372922,7.527028401181085,6.37961739056491,6.280944680242977,1104.6789365527254,1103.0143413380677,85.21545221033963,[ 0.56706465 -0.3389626  -0.75069438],[ 0.40267934 -0.68097163  0.61165921],[0.71853117 0.64913943 0.2496617 ]
30,121.34621096708204,134.6743990552378,188.77792136948761,5.130588033095044,2.944646047980239,1.8575396990098336,3.194873657305814,1433.8605296767983,1433.6860194276915,29.104212819443134,[-0.20510227 -0.72959846  0.65239493],[-0.8618952   0.45047836  0.23282163],[-0.4637561  -0.51454382 -0.72123154]
25,56.99148527651139,170.4994012300596,83.14974841835868,3.4805361491214946,3.3177583878396812,4.606473550500002,4.235812604808857,990.8302174751011,990.662902634431,25.638834497903243,[ 0.56830218 -0.50636225  0.64855987],[-0.77092461 -0.05217961  0.63478543],[-0.28758978 -0.8607407  -0.42002091]
34,6.545976382622922,57.778951478337916,90.38506144176944,3.2410582075813297,3.243576172063392,3.875995502064851,2.8096907943648404,627.3800712529201,627.1670999180405,30.914270906620843,[-0.95722272  0.27021673 -0.10347745],[-0.28290611 -0.79894096  0.53071412],[-0.06073546 -0.53728602 -0.8412104 ]
62,136.680259376448,149.2913903153588,118.94095596258971,7.159803494698243,5.4730627310676745,4.281462358067037,5.0144203688720825,1850.0846626641132,1849.1565237816471,67.67522764244038,[-0.47200714 -0.24304334  0.84743094],[-0.66184723  0.73269006 -0.15850399],[-0.58238089 -0.63568484 -0.5066925 ]
3,161.71188418943112,86.50105203442217,19.827527072437203,0.7745394354716562,1.2037578760789325,0.8108304625284622,1.0407685313706307,319.5095276930836,319.5040061095066,2.2063684000779196,[ 0.34258718 -0.45159285 -0.82383125],[ 0.33778917 -0.7590467   0.55654881],[0.87665986 0.46894776 0.1074965 ]
29,153.6960026279331,105.61908350590515,29.921289006125498,2.9836467007034564,4.222597454975702,3.1427800022987014,3.5398820750271063,1017.5368671271232,1017.3931509483774,26.365060778240792,[ 0.09717329 -0.39972921  0.911468  ],[-0.57315716  0.72622252  0.37959415],[-0.81366346 -0.55930082 -0.15853823]
96,14.03992872482811,81.51238296937096,50.98629513443867,5.5636111461756474,6.899036220974241,4.676409062876801,6.483148104854368,955.9931553394833,955.2609693603698,74.19054685375005,[-0.87629669  0.35568981 -0.3249444 ],[-0.45889593 -0.41087742  0.78777806],[-0.14669231 -0.83944297 -0.52327513]
77,33.49388632776672,191.72583394512583,66.90563734937308,3.5542172247338297,3.714341292399479,6.100002493430914,4.658153202125574,1807.096124639952,1806.6365785297623,56.97603328827625,[-0.98382057  0.12839845  0.12494373],[ 0.07460841 -0.34042099  0.93730845],[-0.16288242 -0.93146518 -0.32533357]
8,131.39982045936782,130.13605226855458,48.4316744898297,1.4665520789572117,1.2955110713191313,2.418941533804433,1.4433484921569721,540.7704204102342,540.7514603266428,7.810836588660882,[ 0.71778482 -0.68995585 -0.0935194 ],[-0.11117023 -0.24616041  0.9628324 ],[0.68733262 0.68070991 0.25339275]
53,180.00020092073265,21.850130440382614,188.82469084027102,4.103746803888874,3.8810783922312178,4.365084374906106,4.851959883686826,1906.4067488579062,1906.2989369971592,38.19933380123189,[ 0.61024562  0.47197402 -0.63627101],[ 0.39349544 -0.87766001 -0.2736316 ],[0.68757663 0.08338726 0.7213078 ]
276,147.87979382346512,160.21235577049472,185.84910892317163,9.4508829714836,14.706304255078123,8.413722021288812,10.310199854386331,4768.622636512299,4764.500037356277,271.4274871214325,[-0.37698697 -0.53150836  0.75853786],[-0.76960463  0.63542903  0.0627588 ],[-0.5153538  -0.560115   -0.64859976]
6,124.17528729368341,102.69322310582318,38.41598324232768,0.9847152586270355,2.369735295165843,2.8207027513352987,2.3284197849950803,405.86041878867405,405.8218196041374,7.397638393070083,[-0.6114284   0.78270102 -0.11633756],[-0.25369953 -0.05464083  0.96573854],[-0.74952776 -0.61999476 -0.23197983]
2,152.6066248306688,120.90618158812171,81.63238762485577,1.5910415215584948,0.6875275973897672,0.3384194712269277,1.4129522599186686,298.57679760095914,298.5730394137482,1.4980657130219026,[-0.43391649  0.81168282 -0.39100828],[-0.53775444  0.11487813  0.83523839],[0.72286696 0.57269015 0.38663853]
5,198.60394351964416,159.40572078311354,144.12162227018206,0.9922185540320112,2.912494716697282,1.9660718458872823,2.5044356728553927,654.3546984839154,654.3434555359211,5.951339594839002,[ 0.5386973   0.0865616  -0.83804076],[ 0.49919263 -0.8340914   0.23473016],[0.67868397 0.54479228 0.4925337 ]
23,38.439127688113885,92.4993702106052,70.37280429902611,3.4672670559033985,3.8887363852558834,2.8522782621956884,4.329520340869419,587.755262945996,587.4820514352549,19.72081608595061,[-0.04253223 -0.59365844  0.80359235],[-0.94859901  0.2764661   0.15403383],[-0.31360953 -0.7557355  -0.57490253]
67,114.14540273922171,16.158523209974064,48.67692478736225,5.213251101477983,4.563461658225429,8.569159127491476,7.070975387731343,1027.5541844217494,1026.5938564438263,70.08007850106682,[ 0.12905139 -0.99130775  0.02558662],[-0.39072875 -0.02711739  0.92010635],[-0.91141472 -0.12873843 -0.39083197]
61,132.1909571394264,165.87698381043728,85.51762758343172,3.1144122421780684,4.475016439231706,6.663381490282307,3.835830837090696,1787.2820262608586,1786.6116280048805,60.31168347549348,[-0.81137271  0.46171967  0.358454  ],[ 0.08726798 -0.51067819  0.85533157],[-0.57797804 -0.72527425 -0.37405701]
56,109.67440825886658,150.60551404355533,42.05598131934193,6.553577729178528,3.5374050592515633,4.1761593923565865,3.738966656125454,1430.3969207362113,1429.861312919476,57.41998388562002,[-0.40328094  0.03865641  0.91425936],[-0.71221394  0.61405896 -0.34012189],[-0.57455704 -0.78831293 -0.22010664]
17,185.4595456650216,198.01632351732593,93.83335881069809,1.644775570117416,1.1055355649852778,9.149621532200353,3.5002751680525863,1184.2386101790084,1183.7341454449902,35.861939045794855,[-0.74127667  0.66909172  0.0531524 ],[-0.18226043 -0.27687197  0.94346333],[-0.64597991 -0.68967977 -0.32718767]
261,16.149507300791225,28.759915718793145,141.59492652356857,6.745187950849339,9.738130724179666,6.04844827998018,6.2414675962632415,2356.439538009328,2352.9770725684843,191.27615284160217,[-0.90288386 -0.38965429  0.18157719],[ 0.41551966 -0.89931965  0.1362629 ],[-0.11020051 -0.19847846 -0.97389021]
14,41.54375287895214,77.78821434283928,70.55353926058046,2.7379250753464026,1.836977441729716,5.3073336476771935,2.806855830529992,423.14895832140616,422.7703630460449,20.84759411849859,[-0.72417736  0.63362283 -0.27219341],[-0.5836423  -0.35289127  0.73132033],[-0.36732658 -0.68846922 -0.62536495]
21,17.16738554031088,54.32395192436599,141.1313991441378,5.452089492879786,2.2227780931916965,4.015765229899645,4.0610816296681325,698.1943456669765,697.7300975861885,26.715550416195928,[-0.19706694 -0.90670161  0.37290322],[-0.97390841  0.22471521  0.03170927],[-0.11254787 -0.35692473 -0.92732827]
17,63.14583763226948,127.98640212843539,155.57340748569814,2.280413279152837,3.2011405833588134,2.742315829773504,2.2418540338459696,870.662442168006,870.5390243344651,17.42592386842369,[-0.90447879 -0.06591009  0.42139528],[ 0.3040223  -0.79257055  0.52858525],[-0.29914638 -0.6062077  -0.73690139]
42,193.5179141279886,97.11865855664196,192.15368874096657,3.13913969778957,6.535919461386371,3.9721524056704567,5.588019450447764,1876.789524684553,1876.5391503415005,39.50853068084815,[-0.65531661 -0.15637866  0.73898975],[ 0.35188883 -0.92889084  0.11548183],[-0.66838192 -0.33571941 -0.6637455 ]
8,45.709468717498524,172.8423194102824,134.21858032907375,1.6869927323565996,1.1327385405405792,2.0774295621092973,1.1253058699503227,632.3643637110514,632.3354395124848,7.584389319342536,[ 0.85610631  0.15614472 -0.49264675],[ 0.47462266 -0.61474083  0.62994209],[0.20448794 0.77311871 0.60039333]
67,154.84445477521942,186.9677282686025,159.98649848337914,4.864625904074839,5.26711115410233,5.934578657583872,6.61764351946509,2380.918906687457,2380.5318199459866,53.32088054077472,[ 0.5725599  -0.7525262   0.32539126],[-0.62336406 -0.14178549  0.76896952],[-0.53253396 -0.64311833 -0.55027847]
3,60.13308536621944,149.72891020743958,186.17259376893787,0.5129500199073082,1.4272239904483304,0.5300080498599146,0.5659852500424283,426.7227204532962,426.71563374853577,2.60553263408272,[ 0.95670427 -0.27832055 -0.08517403],[-0.15855367 -0.74374609  0.64938624],[0.24408539 0.60776593 0.7556738 ]
35,78.14590221094711,88.54573256639135,64.66223377422595,3.6001364431546885,3.9618741050177855,2.2613846271840674,3.994657338949433,797.1569694509566,797.0349417392007,24.96770882450574,[-0.07186322 -0.54581756  0.83481667],[-0.81115916  0.51901954  0.26951723],[-0.5803934  -0.65780081 -0.48004333]
275,100.04878479817397,80.07927828125919,81.07341364466755,9.163499584174831,10.298022572078061,8.574368986153674,8.726590158444848,2525.0392067399375,2523.022669170884,225.65827249650442,[ 0.09565037 -0.76366557  0.63848719],[-0.74572258  0.36990265  0.55413885],[-0.65935487 -0.5291379  -0.53410133]
10,87.57550198279702,82.88846826399558,103.0457517899071,2.208164055928327,1.9837813068681192,4.527216754416443,2.7568094220770014,501.863164215069,501.66664051752355,14.763508218096138,[ 0.32296697 -0.85239452  0.41123706],[-0.76891759  0.01700568  0.6391217 ],[-0.5517772  -0.52262261 -0.64992887]
4,46.461095629177805,117.78926551260152,182.71197935993357,2.0439426793105184,1.1367062632291876,0.8260819516244097,1.0152826602883365,444.6195712372495,444.60656773157285,4.533160687072484,[ 0.32775668  0.75391119 -0.56937991],[-0.92134736  0.38840781 -0.01607496],[0.20903251 0.52986535 0.82191734]
88,178.38870862545707,190.73884673651483,183.73630131717684,11.352959782816967,6.161450973304263,7.009163959995308,7.301240565269711,2998.2341225158384,2996.6440457005306,119.1387131892003,[ 0.54818544 -0.78661478  0.28413008],[-0.62200213 -0.15633262  0.76725058],[-0.55911185 -0.59732512 -0.57497534]
11,107.12081755924832,15.918257713925852,133.51310583923905,1.4742103498728711,1.7776380486778838,2.2944446981692836,2.2091484857780648,570.2481351369992,570.2413997943711,7.948545460394269,[ 0.634791    0.5202491  -0.57129787],[ 0.45696826 -0.84897773 -0.26536168],[0.62307334 0.09261579 0.77666075]
43,91.4473206307559,6.883215550639628,151.39738954944477,3.9680107216675444,2.546970992056415,3.7364675321081715,3.0684394347232344,1161.2719886972834,1160.9853262858287,33.95418863929373,[ 0.20250364 -0.97618071 -0.07786844],[-0.8319458  -0.21343729  0.51216278],[-0.51658345 -0.03893251 -0.85535127]
19,56.24314236518997,84.86287037666331,9.402758506875468,3.048149118128146,3.9145946899987747,3.762161199729622,3.581543960490442,446.2713929785845,446.15403292206605,22.16343620759575,[-0.80958277  0.55672785 -0.18609096],[-0.20531188  0.02843889  0.97828332],[-0.54992979 -0.830208   -0.09127921]
15,162.3076491019041,64.30024950026889,185.00153109498282,2.916635693851931,4.320303564071336,2.808578666637839,1.3202680425871531,985.4192872752207,985.1993242844518,22.33300756940619,[-0.67098888  0.64585273  0.36420897],[-0.37761582 -0.72038301  0.58176852],[-0.63810674 -0.25282914 -0.7272532 ]
188,88.13399945413146,180.47424460388,96.79110649760125,4.555809721060505,5.986493309031214,11.415408930521703,6.169853939490445,3061.9059664578162,3058.8905014287375,167.50089958066894,[-0.8891146   0.45586059 -0.04082108],[-0.231187   -0.37034671  0.89966432],[-0.39500355 -0.80934198 -0.43466971]
57,101.79071678039702,145.1717673341841,57.31857566122373,5.9170154847174885,4.807197050292352,3.126168074480674,5.178338324593083,1407.967411868051,1407.5818198289614,48.4218873127164,[-0.30334481 -0.15807617  0.93967752],[-0.78060806  0.60677419 -0.14992044],[-0.54647322 -0.77899744 -0.30745734]
4,82.03057279105731,162.74870269506374,175.49107909192864,2.8439787836060217,0.5469860560902404,1.5978496222098473,1.4680777704716022,506.0553728549432,506.03027095650515,5.919482902009419,[-0.00163956 -0.73285524  0.68038262],[ 0.94597099 -0.22174935 -0.23657159],[0.32424713 0.64323434 0.69362337]
5,20.35380294762364,198.00089886306688,81.05844442147176,0.8396354790260127,0.7748415114619093,1.2163573546934894,0.7089873522458342,480.5795865796998,480.57337232301586,3.37494749392851,[ 0.96884724 -0.17239653  0.17780456],[-0.22883112 -0.34857046  0.90891966],[0.09471717 0.92129152 0.37716122]
47,74.63844754386041,109.75395581388291,88.53564040850291,6.213021743017488,3.8116487880407384,3.738066178333609,5.324794552479763,1095.0427945543615,1094.6167048528011,42.541399718595244,[ 0.34937055 -0.72072008  0.59875103],[-0.8115543   0.08663074  0.57781894],[-0.46831595 -0.68779189 -0.55463725]
5,52.57943461779489,12.17305062379744,20.389192395782697,0.6459320730380625,0.32001777596831216,0.561588859553082,0.6311044089368055,129.02115704956873,129.01442678090515,1.470258597438812,[-0.24863434  0.96647433  0.06409637],[-0.32800287 -0.14627686  0.93328302],[0.91136989 0.21102241 0.3533758 ]
21,189.98402518429052,15.168334378160832,179.48702289996532,3.9575616918523955,4.3326794589641136,2.056878839909959,3.0242475216585416,1200.0213048719602,1199.8412811739358,24.83720755641132,[-0.58694942  0.57199307  0.57298717],[-0.35887052 -0.81820448  0.44916965],[-0.7257426  -0.05801167 -0.6855161 ]
36,179.98535905459968,106.84002169927989,11.52848537936435,4.476547742542351,3.852877423897631,2.88197494889955,4.615444962424376,1258.264420232754,1258.1514706308717,28.10426332122241,[ 0.08798145 -0.25247948  0.96359399],[-0.50501391  0.82250519  0.26162216],[-0.85861529 -0.50964627 -0.05514045]
175,127.73579675829981,48.76079571996883,26.555896484070264,6.064281681126451,10.719363201652843,6.402747913803823,7.001196016807992,1850.197384532,1846.3492785166159,157.93352393322473,[-0.05037502 -0.37169818  0.92698588],[-0.39694511  0.85915723  0.32292947],[-0.91645891 -0.35169493 -0.19082384]
319,130.0428878999902,11.40358983436318,122.6052845208371,8.648396186071654,6.3310660347650085,15.426043305197071,13.671820411822855,3214.4152122729597,3209.664707228988,231.15563972664816,[ 0.20041418 -0.97211456 -0.12176793],[-0.65961947 -0.22578672  0.71688389],[-0.72438685 -0.0633532  -0.68647656]
14,171.63706573472285,42.386635603181574,40.139197282487075,2.3981565172790793,3.0281564987530527,4.1084996824743785,2.1550689768549702,678.6437515389523,678.4029893556144,19.500340222903706,[-0.30949676  0.8505174   0.42524336],[-0.0886493  -0.4710605   0.87763507],[-0.94675924 -0.23392768 -0.22118946]
13,176.9286604296012,147.56719178896242,179.44561166976487,2.6470796135696717,2.1587652484501656,2.02209874662588,1.6766673113789077,1053.0087832033523,1052.952046699769,12.983378460268035,[ 0.20363191  0.64816137 -0.73377168],[-0.76907333  0.56968911  0.28979396],[0.60585499 0.50531293 0.6144905 ]
43,91.98696418586586,13.406723561015182,42.834976183050905,5.466446721547157,6.47077130245038,4.090889026116344,5.550258801585841,673.700664121405,672.4638157569182,49.81011006918007,[-0.43083663  0.08540359  0.89837967],[ 0.08000178 -0.98797758  0.13228765],[-0.89887681 -0.12886633 -0.41882449]
121,177.81211251915485,120.32991082343504,118.18997618143602,4.467217100235143,6.695428047520713,6.916358334195541,6.196279816902231,2697.8532790195004,2697.3466043087174,94.69471393204141,[-0.6549485   0.27653884  0.70325581],[ 0.2118682 -0.8261099  0.5221631],[-0.72536496 -0.49098748 -0.48246965]
10,117.61964966421749,92.6834264637834,147.3707359789982,2.441350078726106,1.636497196663444,1.6048952101372314,2.782499434703227,664.4785739897072,664.4640195534447,5.893936687385049,[ 0.62854051 -0.77767476 -0.01260156],[-0.53988924 -0.44790325  0.71267264],[0.5598718  0.44114017 0.70138357]
233,51.44814948301808,100.28418441003099,127.2570745875218,6.0205507686957205,13.251081930871768,9.42726911549471,12.880702569551984,2606.7668987948537,2603.7762819248223,178.33912714045508,[-0.79980051 -0.27050675  0.53585935],[ 0.51933131 -0.75950289  0.39172739],[-0.30102182 -0.59159231 -0.74793342]
30,35.21907393919084,6.403008581045258,17.900608869142182,7.1156043491959755,2.5686503249894495,2.332403559092394,5.471635455654591,223.16397954764477,221.6028872266305,30.967749778732404,[-0.05884797 -0.89597271  0.44019293],[-0.45745572  0.41613673  0.78585271],[-0.88728303 -0.15512294 -0.43435664]
2,68.48070037981344,2.688960812523633,84.94618471777585,0.22771407885380768,1.5918276324851544,2.3621851559581373,1.7344221671376658,154.40762170626064,154.37423333148578,3.2108759396290485,[-0.51996759 -0.73074891  0.4423118 ],[-0.57983579  0.68219345  0.44542402],[-0.62723533 -0.02486216 -0.77843286]
31,88.50211494040386,15.883716439544441,57.689930412584545,4.607356726297774,4.595980131682384,2.798078915203453,4.748911226413887,595.9849985366903,595.5468261338114,29.082677630814644,[-0.47555903 -0.32167138  0.81876195],[ 0.29554385 -0.93506854 -0.19570553],[-0.82855141 -0.14891053 -0.53974829]
20,118.6880107069796,7.356100534936159,193.33446615650718,4.0584353022525965,3.6521963285279226,2.934271023984681,2.687647796240833,1015.411811446461,1015.1956022335332,24.907706250438558,[ 0.54579391 -0.7803067  -0.30533664],[-0.65471063 -0.62455303  0.42577871],[-0.5229369  -0.03248028 -0.85175233]
2,153.10993879981342,23.145117949580083,143.7961489150743,0.060929473207721685,0.6322623929255204,0.28082147922206957,0.1659860382113436,298.851684337988,298.8501625862528,0.9537053122893445,[ 0.68358892 -0.24023393 -0.68919797],[-0.08798801 -0.96451648  0.24892987],[0.7245442  0.10952454 0.68047048]
86,43.72586133984071,87.13883209884825,184.97127156877866,7.756248040035,5.544392989265481,6.064515269066633,6.4431707018512405,1941.4630168398135,1940.3795007693277,85.80837585290027,[ 0.50790722 -0.81938472  0.26577985],[-0.83555168 -0.39359048  0.38332743],[-0.20948422 -0.41676757 -0.88454573]
33,193.25971925360926,43.55006098056,99.36138320683642,2.468626819729765,5.927041839611187,5.264056672265652,4.3854914215754395,1274.00705850458,1273.4361588490233,40.55088436870276,[-0.24295259 -0.62142523  0.74485214],[-0.42536058  0.75834693  0.49394161],[-0.87180412 -0.19682635 -0.44857215]
8,2.370274498981406,179.58449109352682,143.64091965086226,1.4309660129296704,2.6823138053951454,2.9448594725782415,2.814455627748852,650.5702799104322,650.5291237631096,8.918956118227772,[-0.97046085 -0.14273418  0.1945063 ],[ 0.24103712 -0.60816276  0.75633271],[-0.01033696 -0.78087452 -0.62460238]
7,91.60432273797085,195.5946021708484,177.12167708394236,0.8157633863613227,2.5747825654823666,1.4362431981747263,2.139955421018545,739.0569327336017,739.041332913707,5.780216146901153,[ 0.94418432 -0.2650818  -0.19556994],[-0.03113428 -0.66283586  0.74811715],[0.32794301 0.70027156 0.63409236]
34,193.89301788787245,178.02579249231806,25.907737495556663,4.060001719834219,7.634363219740063,4.897780950105371,6.90608782151921,1543.2137058520123,1542.935593615561,41.970325192073396,[-0.58597639  0.55186499  0.59336052],[ 0.34569876 -0.49201781  0.79900616],[-0.73288747 -0.67332274 -0.09753178]
39,3.58904258389162,164.0566567480955,162.0642151222212,2.188404420650381,6.832488041375552,4.946186988437889,4.068699262359938,1441.279115871672,1440.5910293550874,48.29827178044622,[-0.99727255 -0.03963501  0.06226182],[ 0.07214288 -0.70159125  0.70891827],[-0.01558437 -0.71147648 -0.70253708]
5,196.2788078122053,52.22714604078344,19.494710362298314,0.6805763095571038,1.2951330873818652,1.0029745566414066,0.38472648059887943,456.2646680058835,456.25641657413837,3.871601845500992,[ 0.19584737 -0.40222323 -0.89434908],[ 0.19048369 -0.8790359   0.43704902],[0.96195622 0.25595381 0.0955399 ]
42,6.203202895375892,172.77370903505098,81.55578196965712,3.5502559871253507,3.862377032271994,3.89344204829419,3.4380034752758752,1239.382296923586,1239.2031925655544,36.06789978833723,[-0.88305812 -0.17395339  0.43583091],[ 0.46813779 -0.39085592  0.79251414],[-0.03248657 -0.90386496 -0.42658265]
299,116.61701583798252,35.42085356774701,164.6253220355095,12.907517940262158,6.787340181650999,6.643104259781354,9.343363495000943,3550.886503724112,3547.3741794362095,224.48916872374298,[ 0.21486922 -0.97495766  0.05734786],[-0.79267762 -0.1397927   0.59339716],[-0.57052029 -0.17296115 -0.80286427]
59,39.27619139173729,193.15512940502623,143.16558233909078,2.9096899518871973,4.1682427071259776,9.410054714980056,7.834143160286685,1872.9241726240764,1872.3100758998817,56.22324549033439,[-0.98689202  0.13392876  0.09004019],[-0.00742374 -0.59501664  0.8036791 ],[-0.16121116 -0.79247605 -0.58821142]
8,34.59222044351509,26.04818112156628,15.464363019510829,1.231179262887434,1.451494608233207,2.9418631839502907,0.907055930722365,130.340307868425,130.17129052865897,9.57549430685021,[-0.54067994  0.8226057  -0.17602573],[-0.3770629  -0.04993229  0.92484071],[-0.75198987 -0.5664156  -0.33717148]
3,162.99179948722818,53.92086410456985,49.67336306548473,2.125062995403089,1.7254419203272513,1.6919656810607822,1.9524726131205585,309.6033325408003,309.5735672994175,4.415128117123314,[-0.39133728  0.84303899  0.36897208],[-0.12285279 -0.4452201   0.88695335],[-0.91201005 -0.30176867 -0.27780091]
2,14.0083659631425,23.93568941931352,95.56886584528223,1.8305839921225253,0.13739042264684365,0.5311171662869398,0.7346051122189365,140.75661024060992,140.73449930892025,2.4948007324259796,[-0.14720916 -0.95417027  0.26055434],[-0.9790183   0.17808664  0.09903695],[-0.14089936 -0.24050832 -0.96036614]
50,7.286572863627755,7.709585352912179,154.6019696150104,2.828029804748341,3.6287492960967485,6.495049366507479,6.605806469883088,1097.0410476570496,1096.948316875291,31.153488015165955,[-0.9981375  -0.03635949  0.04898497],[ 0.03873756 -0.99807144  0.04850568],[-0.04712686 -0.05031289 -0.99762101]
20,52.60249424895412,162.8858050653811,59.1181449814746,2.1829730791472683,3.4922581279784444,2.5798745963016034,2.8252155033525055,810.0993016757027,810.014263602511,17.64120734429104,[-0.84378607  0.07987297  0.53070271],[ 0.45131789 -0.42948974  0.78220888],[-0.29040872 -0.89953259 -0.32634936]
15,60.22265843512507,6.442683315458354,88.33151284774279,1.1412773407154582,2.1921124573535944,3.125442310394823,2.441222644028863,415.06331699355064,414.9356289298422,12.212376011186894,[-0.62403731  0.6853202   0.37538468],[-0.54288008 -0.72577542  0.4225296 ],[-0.56201305 -0.05988537 -0.82495762]
4,117.52006008039457,13.041832517370011,22.894394087481817,1.1111508994296493,3.0669591078605434,1.4724751844072856,1.2574392624398203,240.97092753789403,240.89828408902218,6.720044978635496,[-0.21388191  0.2887746   0.93320081],[ 0.0462194  -0.95124565  0.30495159],[-0.97576549 -0.10835561 -0.19010725]
10,186.31397405715308,125.91125284886932,103.52266788360006,1.8660242947437118,1.576125503722285,1.1854379104072077,1.6518905238714667,782.8743979737327,782.8653898971477,6.823027060891701,[ 0.58656988 -0.22937536 -0.77673852],[ 0.29914224 -0.82987937  0.47097149],[0.75262853 0.50861299 0.41816639]
14,181.35446710294417,153.29920227382632,102.81490054381149,2.2658982335793985,2.153912312801664,1.9106159335566821,2.4431226707407,968.3047876463864,968.2794019208976,10.221863242755155,[-0.26720367  0.73446737 -0.62382681],[-0.66138796  0.33103521  0.67303912],[0.70083391 0.59243006 0.39731405]
34,18.762427757324854,23.27733845723589,165.99015360868367,3.0521633648424267,4.403573380020619,4.990907755968695,5.095450445399171,984.2305791558375,984.059813581699,30.508537739301488,[-0.97771422 -0.16220165  0.13328741],[ 0.17804044 -0.97704269  0.11700081],[-0.11124977 -0.1381239  -0.98414698]
