N,MEAN_X,MEAN_Y,MEAN_Z,SIGMA_X,SIGMA_Y,SIGMA_Z,SIGMA_R,LAMBDA_1,LAMBDA_2,LAMBDA_3,EIGEN_1,EIGEN_2,EIGEN_3
2177,92.3402511500886,124.81776001638195,147.29659833154292,14.268536778485863,32.8518768873175,14.892702477706091,25.3629925290325,10132.030065983136,10074.481504209853,1349.799066227576,[-0.88533045  0.12763243  0.44710172],[ 0.17702117 -0.79664522  0.57794455],[-0.42994592 -0.59081838 -0.68270063]
24,171.0341842116634,9.466922976733168,19.720048566820505,3.5021538749509213,2.6626840595865575,2.7758880298656825,3.3082995978389786,845.0002688630192,844.9766953436178,19.626526745757285,[ 0.10331608 -0.87149194 -0.47940336],[-0.07332213 -0.48734438  0.87012604],[0.99194236 0.05474714 0.11425016]
33,194.56163540688016,180.46283900433238,25.292076634554643,3.4927696882209736,9.177043447807964,4.472515867776093,7.587318552244959,1532.4677364811348,1532.0869642775535,44.11132398481326,[-0.48497153  0.41504214  0.76976791],[ 0.48223684 -0.60737438  0.6313034 ],[-0.72955483 -0.67737462 -0.09441067]
9,47.41754979421282,127.44135488113628,120.09265259953924,1.6996884455473986,2.4047498304412382,1.3943098247292522,1.8538138872127665,544.3220182649352,544.2934910962666,8.040434131241659,[-0.33760512 -0.57595794  0.74451006],[-0.90430326  0.41799315 -0.08670258],[-0.26126307 -0.70253411 -0.66195727]
427,112.49827278261414,141.57752460394195,90.7574796873649,7.485474959641049,13.219416836601127,12.340532195728146,7.420026790977325,4195.478240903474,4188.61901282163,375.1755178253762,[-0.80997402  0.33330784  0.48254323],[ 0.18864012 -0.63100296  0.75249596],[-0.55529901 -0.70052919 -0.44822078]
9,168.4676902418921,175.26000403522585,52.27343130924793,1.8308014597443731,2.4600850255199833,2.6250230920877136,1.7472390836123382,746.0449770813674,746.0096638003918,10.897508649587433,[-0.44615308  0.62103288 -0.64441104],[-0.58477156  0.34278726  0.73521365],[0.67748775 0.70485108 0.21022678]
321,119.05410587825891,33.592997305554725,165.93818231672824,13.553410801726868,8.144174153764633,9.08096961940646,11.02633556412143,3719.8148362395177,3716.2224245988323,260.81504854769855,[ 0.2186461  -0.97497803  0.04014638],[-0.78751228 -0.15201241  0.59725759],[-0.57621028 -0.16220381 -0.80104409]
350,15.39032553759938,187.2036812456416,107.38994012322517,7.698353737687666,6.530499600447681,10.582376153800473,7.431961474974645,4054.8107968358368,4052.5245556592013,235.70957154210913,[-0.95397445 -0.08622545  0.28722453],[ 0.29126149 -0.4944716   0.81894113],[-0.07141081 -0.86490636 -0.49682743]
93,64.12265033230639,187.58131067505872,74.04584646657749,7.191092563029248,4.654767810444274,7.711199658573973,4.687682665352661,2042.9248167009398,2042.0932217041507,101.65826773814794,[-0.74237968 -0.01077705  0.66989273],[ 0.59748807 -0.46301961  0.65469141],[-0.30311783 -0.88628251 -0.35017551]
419,49.43627550004431,53.78608451527106,90.8593668480271,10.533617565338727,16.21783057573524,17.64785309437211,11.65055689929773,2438.546393472599,2406.666941065402,475.59155541021255,[-0.8924011   0.06205733  0.44695543],[ 0.15290622 -0.89031182  0.4289109 ],[-0.42454677 -0.45110282 -0.7850263 ]
113,142.1880757861445,188.2299719712937,48.855340178834595,3.9420835486854893,3.687957152989109,7.401200329926207,3.6960166361500715,2562.521953155378,2561.3230535658086,89.1033800302735,[-0.69872932  0.62028787 -0.35639908],[-0.4043097   0.06859617  0.91204618],[-0.59017879 -0.78136901 -0.20285825]
22,135.6181614113593,134.51867346772204,97.53818132289435,2.339137946976135,2.192227524581383,4.348899869983913,2.011803696888556,1006.2736573034059,1006.0812570411373,23.525985633656468,[-0.7200274   0.69240263  0.04625078],[-0.28589481 -0.35671047  0.88939406],[-0.63231693 -0.62716524 -0.45479563]
20,137.8127151712909,68.38471173022825,11.72445543426139,6.141712167949525,2.6161508267748506,3.4508308773129515,6.02322564684473,690.7662149217875,690.6102543657441,20.23565761094814,[-0.40758465  0.8693663  -0.27942259],[-0.18912211  0.21899427  0.9572222 ],[-0.89336867 -0.44299407 -0.07515769]
189,86.23642636604411,178.02800467542454,97.63693478516014,4.758601523162973,5.908493059402528,14.846385708059076,9.561365238319912,3040.8861700972025,3036.0582948230476,187.87868910292005,[ 0.837665   -0.51121789  0.19228525],[-0.3821769  -0.29709681  0.87502817],[0.39020272 0.80646745 0.44424327]
168,9.868013810767971,37.77640611629273,74.73287048142126,4.765083800239824,7.1072792512162,13.724457407307014,11.371440739678695,1111.1714034534466,1104.3030046268073,149.9152546830748,[-0.95651224  0.29085248 -0.02211742],[-0.26896821 -0.85011583  0.45272417],[-0.11287358 -0.43898509 -0.89137627]
33,48.59203433391157,20.757132104979487,196.30477417212632,3.9253048427834503,5.379151593818277,1.9307879524453482,1.8302760435593908,1168.2901124468356,1168.0825475336778,38.4220068029155,[-0.92731653 -0.27095087  0.25820472],[ 0.28801845 -0.95715531  0.02998475],[-0.23901762 -0.10217308 -0.96562479]
5,71.3527042336541,19.76168723197048,154.2321180455204,1.2728321689225717,0.7833220447130338,2.188301870473956,2.1821599271883985,382.5935441472549,382.5883888104977,3.3641539384721066,[-0.19001125  0.98105518 -0.03776853],[-0.88880087 -0.15554737  0.43108934],[0.41704764 0.11548053 0.90151845]
5,40.16706299654912,8.732593216844839,131.90605763675927,1.6288972645735678,2.845380121450864,2.445980172496497,2.8675443710876016,309.0745002776756,309.009018378779,6.503439504505731,[-0.90054085  0.35523183  0.25067215],[-0.32319766 -0.93261535  0.16053622],[-0.29080827 -0.06355278 -0.95466832]
177,106.79885220136175,56.525100697740285,184.73727878849624,10.075506460670532,8.2102455847679,5.750583068706409,7.167095452032244,2942.3246631246984,2938.957710851764,163.72206160366096,[ 0.58208088 -0.80823355 -0.08910882],[-0.65311699 -0.52999915  0.54086883],[-0.48437593 -0.25663093 -0.83637343]
69,38.10732407533085,19.145583587186483,4.832890629889996,7.950250131484706,7.006393664033316,3.64262702569716,8.3960750992496,367.2913015184032,364.6283375210638,60.646720825315235,[ 0.06073099 -0.33970904  0.9385678 ],[-0.45738397  0.82630229  0.32867071],[-0.88719313 -0.44924637 -0.10519531]
26,42.10869438035857,4.164262591284642,153.38741501520565,2.8196711125775757,2.483276608943831,3.9723154442273034,4.058531258659883,811.7423821527138,811.6810499509701,18.662159527381938,[ 0.61801062 -0.77195633 -0.14881634],[-0.74028287 -0.63514185  0.22039985],[-0.26465854 -0.02604326 -0.96399046]
2,131.6119246803253,72.05944344625924,40.72857649240731,0.788943065459506,1.8433735006679086,0.056379883676871856,1.5369150129437799,219.89589667229768,219.8883420438973,1.8227469653903596,[ 0.35436693 -0.12331444 -0.92693993],[-0.39737815  0.87745039 -0.26864737],[0.8464719  0.46354542 0.26193694]
26,163.6596305305179,79.73589027824718,23.281289391283767,3.0612534062597327,4.95393290805899,2.9461562346850463,3.202194960481289,936.3212169254396,936.0901604838862,28.92194478900815,[-0.16403846  0.04881503  0.98524539],[-0.42193894  0.89932557 -0.11480877],[-0.89166076 -0.43454645 -0.12692702]
419,104.31817509760776,107.02872921200188,188.08159690391145,14.665513281346803,13.849967866393394,6.076972980914184,11.448700517351707,4931.79692512839,4927.541988512304,362.48018775406996,[ 0.48258999 -0.84864572  0.21658102],[-0.76009705 -0.28294621  0.58497343],[-0.43515442 -0.44692492 -0.78160012]
325,94.06951795516574,86.51297740485785,81.7765397640451,12.38456948342256,15.644477981842659,7.547253498646839,7.651370024636411,2758.2851796447217,2742.5551107321644,360.129795836037,[-0.3426801  -0.42052171  0.84007847],[-0.7071145   0.70419149  0.064058  ],[-0.61851389 -0.57208027 -0.53866941]
25,10.428046133332295,3.6551988503652866,15.518595919505207,2.503854504396163,2.742842699145518,5.487872011084142,4.69032291909592,100.31871383197858,98.85335883900227,22.498931970078377,[-0.24112083 -0.89989715  0.36338116],[-0.82022969  0.38909626  0.41931772],[-0.51873307 -0.19694978 -0.83194158]
7,74.01795610801369,53.0410713238934,139.01992220368294,1.215386977429221,0.7986836690545751,1.7045403967048118,1.696828975514324,439.72875311039644,439.7199545846369,3.8727636956066167,[-0.3401707   0.92456826 -0.17163169],[-0.82820579 -0.20812248  0.52034623],[0.4453752  0.3191529  0.83652995]
114,132.68926132047687,93.25485785086231,13.442732221149623,6.02801971735787,3.3293121784951496,6.465294865951054,5.7767943572034435,1739.9485211094488,1739.18469894002,80.14090964511884,[-0.57858484  0.80943647  0.10026057],[-0.00986269 -0.12985958  0.99148334],[-0.81556257 -0.5726684  -0.08311801]
137,185.67564936950654,138.7238329192053,186.32560195500096,5.380254781320448,6.075130018977315,6.750319506539407,6.067201752993294,3482.5030055436905,3481.9892765320014,100.9208112915278,[ 0.0123769  -0.80789905  0.58919092],[-0.78115223  0.36002772  0.51007964],[-0.62421792 -0.466561   -0.62663611]
8,88.99298176925626,194.63721826382937,177.3131995830874,2.199713608326658,2.6884892339227737,1.2982829793716866,2.4073464360901755,786.1496292058054,786.1420334847083,7.961926979834163,[ 0.94618438 -0.2696957  -0.17888361],[-0.04677358 -0.66090243  0.74901283],[0.32023015 0.70033721 0.63795018]
264,148.42876649648815,162.67741141207526,186.87430055812558,9.374081552171553,13.51582447977151,9.204931746209287,10.280879465307036,4701.097025919705,4697.484680991326,255.1703740741872,[-0.29351192 -0.59312289  0.74970394],[-0.80657085  0.57460633  0.13882014],[-0.51312203 -0.56394397 -0.64704944]
4,181.81084277276702,33.2839182288927,10.691487854099435,1.7356562170830452,0.44428794813629696,0.9539761550744892,1.7530268165999796,370.30458033630106,370.29959088267486,2.0415415645142803,[ 0.1878869  -0.96071399 -0.20427222],[-0.01874584 -0.21144581  0.97720994],[0.98201176 0.17977569 0.05773729]
21,123.39559547102648,63.981768599428115,132.82672874782483,3.0934578438777196,3.960577364225391,3.458365561112813,4.186305456875658,881.4120445208058,881.311673076893,20.37042348750532,[-0.60506988 -0.33374234  0.7228461 ],[ 0.47120005 -0.88193394 -0.01276861],[-0.64176394 -0.33287922 -0.69089107]
47,154.9201049954556,53.803827753029374,170.9783876701986,7.541685480715191,5.218581838485481,4.022403994829974,6.35329586919887,1625.5176504730046,1624.9364833437164,52.90437730126799,[-0.42700011 -0.67655549  0.59995297],[-0.62430194  0.70054592  0.34566241],[-0.65415441 -0.22695392 -0.7215081 ]
272,15.712481389023624,29.347672111387745,142.0622115556741,7.676506250940812,10.94355852855368,5.79770169304399,6.093409983310422,2415.5141808325134,2411.220546756036,220.16528552534342,[ 0.9047075   0.38647277 -0.17928505],[ 0.41247535 -0.89989995  0.14157745],[0.10662278 0.20203685 0.97355672]
155,73.95170041315681,138.3537317542747,70.23981683696793,7.390645463869229,7.694236043995491,10.491606955035204,7.675587630365338,2147.1249992530666,2143.0310521730153,159.35754588639549,[-0.85577608  0.22023522  0.46812791],[ 0.28649542 -0.5517027   0.78329082],[-0.43077566 -0.80443805 -0.40903759]
45,193.32127091460708,97.84794471965603,192.57970405238808,3.878178844250509,5.18496408622356,2.0824112449157766,4.587337327993932,1945.074786887531,1944.9405191566689,33.74588268143426,[-0.72956843  0.11458244  0.67424088],[ 0.15157083 -0.93425898  0.32277926],[-0.66690043 -0.33768481 -0.6642385 ]
23,165.07411727802034,174.6100361796759,173.57104188423463,2.4788527848279998,2.588930903843421,3.8740738140003446,2.6475028401905543,1421.7642156158681,1421.6825893386713,21.86611707316779,[-0.43714382  0.80731347 -0.39642181],[-0.70627964 -0.03524496  0.70705506],[0.5568432  0.5890694  0.58559619]
9,13.682615389696036,195.76594779883646,14.068113180486172,3.321995515916267,2.174646618432845,2.1581483827358463,2.385831532794467,590.3823185429421,590.2999037496077,11.494409167700915,[-0.46045478 -0.03158873  0.88712093],[-0.88494581  0.09475756 -0.45595166],[-0.06965848 -0.99499907 -0.07158589]
32,31.786252778133978,66.71116363273217,3.311646157094899,2.5305196890513297,5.434723011492173,2.2665884737966753,5.256795856995756,419.8300958181581,419.6836033603318,20.661182395129263,[ 0.31298447 -0.1944047   0.92964915],[-0.84756233  0.38452408  0.36575856],[-0.42857766 -0.90241235 -0.04442004]
337,129.447439193684,10.70676429891901,121.75685791223401,9.626107559014962,6.075800513706492,16.295041714357154,14.87539016751934,3286.9518263546684,3281.1389212984263,243.89518209625223,[ 0.19437998 -0.97349779 -0.1204926 ],[-0.6605188  -0.2207108   0.71763616],[-0.72521124 -0.05990648 -0.68591535]
30,62.862499708505894,189.04283983262746,140.7530029318102,3.3462474154373196,2.4665400012872993,2.952985054604777,2.8474733575378774,1336.2392586100414,1336.2283369835266,23.159742455307526,[-0.53333754  0.61211677 -0.58383571],[-0.80566773 -0.15725081  0.57111443],[0.25778008 0.77497435 0.57703049]
6,172.3363129402726,2.624447702077822,196.81019094036546,3.2361334167301967,1.0830519687340907,1.7721178643178597,2.9628182448646556,640.8802118305629,640.8627052771473,6.025240337329297,[-0.08439364 -0.99261766  0.08710847],[ 0.7475776  -0.12087219 -0.65308318],[0.65879089 0.01000427 0.75225958]
16,67.6935595043668,101.11695594568201,173.5888925672008,3.4786506737715572,3.171546360906615,2.292384341243925,1.7337455687424208,848.1724195897369,848.0423699515162,19.750696428425666,[-0.71108984 -0.45056218  0.5397638 ],[ 0.62637685 -0.75467496  0.19523766],[-0.31937952 -0.47692707 -0.81886342]
2,144.92455396618985,160.47083811522947,94.3972930036089,0.3156650350354653,0.3111614507068765,0.3231042759081717,0.14701061481125066,333.66200268040205,333.6611657548723,0.7473284393728215,[-0.1802736   0.61457623 -0.76798274],[-0.7682375   0.39961167  0.50012163],[0.61425773 0.68015187 0.40010107]
27,135.469073965016,18.478604413431835,36.39041199163193,4.41158543231161,3.817177041082356,5.082638435628793,3.663262623814067,736.0732413216398,735.6121422994422,35.406779704634836,[ 0.00789649 -0.90301448  0.42953754],[-0.28799653  0.40929659  0.86575649],[-0.9575989  -0.13054176 -0.25683302]
84,25.742392728051403,148.14321795317005,103.22337585749136,7.804209057046018,4.264107745123935,6.2488293623361955,4.75991059630729,1673.8547908073492,1672.8246494901096,89.95421522856924,[ 0.24113204 -0.58280212  0.77601355],[-0.9602438  -0.02737764  0.27781706],[-0.14066695 -0.81215279 -0.56623375]
8,2.8910808659037364,124.27854687034555,47.76827606841091,1.68276037859921,2.6966268185278244,1.699388627816777,2.8675376445674314,376.7892582823011,376.7822826452473,6.165134491600697,[-0.04975072 -0.35731935  0.93265629],[ 0.99852213 -0.03824508  0.03861175],[0.02187279 0.93319891 0.358694  ]
159,126.96434680551427,52.216898165682935,27.259227609679506,5.4298823372639475,10.004714223275741,5.056828747090318,6.8160527493796685,1770.6515859860287,1768.1791125059262,131.03731337036444,[-0.22235057  0.03227613  0.97443239],[-0.35882286  0.92659283 -0.11256943],[-0.90653537 -0.37467849 -0.19444703]
192,54.62930682337353,159.35776630697072,97.71844317750879,5.795443256934368,9.561283358690307,6.963408888513295,9.77834844118454,2704.024306852557,2702.6698591761437,121.90472578561923,[-0.80937622 -0.07934197  0.58190633],[ 0.51602696 -0.56915326  0.64014119],[-0.28040382 -0.81839442 -0.50160171]
12,17.16963259351247,73.1172364088659,189.92648521102748,3.386453056272447,2.6776665191886146,3.299696966125748,3.5452694132672966,707.6907293527217,707.6658961223183,14.259944745853746,[ 0.07310894 -0.93294367  0.35252119],[-0.99375611 -0.03827314  0.10480439],[-0.0842845  -0.35798222 -0.92991658]
7,66.05355679576493,10.033300894972497,135.43188771939234,2.6682277724394456,1.8534845459812261,1.2593767000393268,1.744192107877273,399.64439730337733,399.5846341098102,7.996747644756472,[-0.53755001 -0.78017602  0.31994588],[-0.72085583  0.62203488  0.30567872],[-0.4375007  -0.06631725 -0.89676929]
38,175.67091407801544,165.24318805342827,180.0585341970035,3.277418259460302,4.682049833162587,3.237865709082237,4.058357104296556,1855.7069374426364,1855.586589558632,31.863169599302584,[ 0.54988296  0.27486156 -0.78872039],[-0.59749599  0.78928754 -0.14150523],[0.58363282 0.54906858 0.59824445]
76,155.33849862769796,185.70424983633907,160.74568006014252,4.898124700709668,5.167082617494744,4.664670244421224,6.401464526314216,2534.491802073195,2534.201172420963,48.91129833440959,[-0.68340619  0.71184022 -0.16198608],[-0.49719667 -0.29136256  0.81725353],[-0.53455725 -0.63905505 -0.55304356]
146,10.579451513643624,112.57138741026856,108.60905834298217,6.905260770419534,6.965654131291489,16.335875039575715,8.977903724114526,1906.700323751792,1899.276421542178,201.6608528687462,[-0.99276304 -0.02023061  0.11837343],[ 0.09870263 -0.69893882  0.70833771],[-0.06840568 -0.71489527 -0.69587744]
62,26.46358431914137,159.46191881669208,38.396323603571965,4.100895129784994,3.652816353387205,3.563277205905032,4.053620983317326,1309.0330807806633,1308.75523286444,40.51613668152899,[ 0.45189574 -0.27917561  0.84726101],[-0.87773134  0.03045957  0.47818396],[-0.15930451 -0.95975684 -0.23127663]
8,184.65760770559007,197.08708940830408,87.8095979993943,1.2891429035919637,1.0823255387948227,3.4489908438519605,0.8452461592200388,803.320735187254,803.2655974210687,10.596812929497718,[-0.75518989  0.63486953  0.16318368],[-0.08306362 -0.33961886  0.93688818],[-0.65022202 -0.69397385 -0.30921129]
55,38.502192407657475,192.14604623151575,137.936732209725,2.998937980233188,3.2793828864407,3.784845072636126,3.8020501767219668,1777.638694654564,1777.600757364247,32.883002234979955,[ 0.9657595  -0.00734671 -0.25933494],[ 0.20369865 -0.59758431  0.77549975],[0.16067186 0.80177243 0.57562621]
599,180.52448945593133,96.21996035021306,66.37020572588958,9.36350124144079,10.901110761747645,9.989775188039204,12.076265898652844,5277.1667724820745,5275.721283302976,309.15357809716517,[ 0.33930555 -0.87423092  0.34726366],[-0.42561168  0.18654021  0.88547019],[-0.83888405 -0.44824442 -0.30878876]
12,13.600196937891438,3.1498439407353804,191.37647989026576,2.1107557882390586,2.118518860618604,3.5092487067326656,3.50566006445265,664.8730445493802,664.847864015446,10.373252344186906,[ 0.74445716  0.66461803 -0.06376835],[ 0.66389573 -0.74700586 -0.03499587],[0.07089422 0.01628261 0.99735093]
7,156.1950524591353,65.42513432501437,24.698335963064192,1.480329679373969,2.960650799503665,1.9022487914083268,0.5476345589217104,452.8733433999271,452.8054740823504,9.994927813388356,[-0.26087026  0.27334277  0.9258674 ],[-0.31449593  0.88269254 -0.34920796],[-0.91270971 -0.3822795  -0.14430304]
22,179.55538746598697,165.06748718865816,87.14614085442601,2.398515232958311,1.982964381176235,3.5049159586565444,2.8676137748610193,1214.9831027629439,1214.9411682414384,17.395912589982572,[ 0.70772877 -0.69017537 -0.15092362],[-0.1360912  -0.34280913  0.92949507],[0.6932526  0.63729103 0.33654268]
35,193.51447306123882,42.048388616031566,99.40302539539987,2.6193191757727443,6.9423856215775634,4.716608795580008,3.1936070114822357,1311.8444240170793,1311.0734410306673,48.40967641004487,[-0.27892099 -0.56014015  0.78002955],[-0.39962525  0.80629543  0.43610473],[-0.87321403 -0.19008074 -0.44873887]
6,102.69561359607262,70.29346509437075,53.833625408413035,1.9972388095297195,2.782132193829038,2.1119216985720555,1.867185212025729,332.2646782631774,332.1830992321135,8.7338152458818,[-0.59005677  0.28300879  0.75613427],[ 0.27961394 -0.8069554   0.52022978],[-0.75739623 -0.51839079 -0.39701629]
11,196.7293482651383,12.849625734815197,148.57295461854844,1.533859877042673,0.9691151419273599,2.6382230330298566,1.8448248570558248,818.8149664168169,818.782312171554,8.68971849872369,[ 0.09535126 -0.9946293  -0.04025782],[ 0.59654313  0.08947043 -0.79757842],[0.79689675 0.05203459 0.60187039]
74,97.5893082156259,37.5808395484353,56.22766744507529,9.606733983085542,4.272230791198656,4.436990857055022,7.492000531052759,1025.5820983910787,1023.8156109556987,75.45272423573626,[ 0.11901    -0.90813436  0.40140827],[-0.55469433  0.27449743  0.78547143],[-0.82349913 -0.31613785 -0.47106904]
80,134.81771254381425,151.07498044959084,120.68430575132439,6.1234604194432665,6.233078797420239,5.3829424846774865,6.0331043990339035,2109.95196418109,2109.4381232764035,74.10862556502616,[-0.17781519 -0.51248029  0.84008673],[-0.80085781  0.57144853  0.17909035],[-0.5718466  -0.64094503 -0.51203607]
6,40.641493312665666,107.85184200212757,39.234316348017266,1.7484501153543959,1.8677656737447723,2.0548217530931163,1.8500122690244045,298.3075363024493,298.286250729809,6.643042356828452,[-0.89088024  0.40820046 -0.19926061],[-0.30804663 -0.22054316  0.92545556],[-0.33382582 -0.88585162 -0.32222232]
6,24.92662661562812,80.81676259839212,64.88788675244852,1.8091343255641568,2.2477464380002004,3.075169463434459,2.411766166932285,261.2817702100747,261.21052418897074,8.471524683869632,[-0.83968707 -0.15850613  0.51942413],[ 0.49026133 -0.63266672  0.59948032],[-0.23360106 -0.75802944 -0.60895149]
11,169.28047515811895,196.52283415690854,192.96016546528872,2.6846625571832163,1.5702850269970468,2.680536078401508,2.533575860028652,1072.2688774077074,1072.2554864112906,10.702923411765184,[ 0.10448837 -0.7411654   0.66314104],[ 0.8455083  -0.28487797 -0.45161959],[0.52363908 0.60788025 0.59689506]
40,129.20185527423442,81.11045085281,34.04217198767808,3.324824962223895,4.038708706453301,3.154301867626372,2.5908792734413457,989.1410112699147,988.851444458096,35.066079928545264,[ 0.02582006 -0.42153493  0.9064445 ],[-0.56220754  0.74363735  0.36183721],[-0.82659301 -0.51895259 -0.21778935]
188,189.06726098286504,32.47278801418668,64.81113449994787,5.131423132132279,6.1605470697024245,6.39965936656053,4.640646111239186,2778.6197976475564,2778.410223694706,125.70977948596618,[ 0.29441909 -0.85229853 -0.43232466],[-0.20351665 -0.4979149   0.84300755],[0.93375499 0.16021225 0.32005259]
3,115.57847556320742,91.69524773990771,197.0091650785896,0.7855787530814392,1.0538380970486767,0.5176700917223925,0.38104149286578737,426.3121642576743,426.30791623497447,2.356880759255701,[ 0.50586219  0.62950586 -0.58976759],[-0.72359976  0.68185333  0.10714205],[0.46958155 0.37255658 0.80043411]
66,186.8742944188327,14.09254290380126,110.5272969601555,5.172219441873452,5.917277291919441,7.3661783758876425,4.61534030519551,1769.3098789305866,1768.3645229210713,78.82769652749415,[-0.18644393 -0.88407929  0.42853526],[-0.47712178  0.46277117  0.74712626],[-0.85883262 -0.06516635 -0.50809436]
33,18.199704456435867,23.739177814356424,166.46814802075474,5.382178315234724,3.059073874364035,4.0896864022201,4.00352247007575,972.3778130190002,972.033170444817,35.91866055874779,[-0.10604581 -0.98272609  0.15166977],[-0.98852797  0.12068756  0.09081286],[-0.10754882 -0.14029949 -0.98425063]
18,143.12840850824236,138.50468719565674,20.662641710007758,4.379603893607521,3.395737438532976,3.3134572778551723,1.9896910968196635,849.9178724878423,849.6624140998808,26.052011024792517,[-0.33911138  0.21373361  0.91614487],[-0.61153034  0.68993839 -0.38731856],[-0.71486651 -0.69159451 -0.10326137]
2,185.1361042022817,96.0655473061681,10.496792151322676,1.1231562583087396,0.8729610689778653,0.8223747950850786,1.4385576086942393,295.3535134214995,295.35137924754787,1.1227942799007378,[ 0.42119799 -0.84712755  0.32398636],[-0.19163424  0.26603059  0.94472432],[0.88649229 0.46000287 0.0502871 ]
81,25.538506306418803,107.51726101910285,192.78197139877716,5.252772913478602,4.13077085261397,3.025761312672421,3.393157071993471,2000.6757001076446,2000.4190238526567,58.50023213752006,[ 0.30421882 -0.84852578  0.43296063],[-0.94562754 -0.21409889  0.24484736],[-0.11506291 -0.48390667 -0.86752226]
70,69.673265830921,162.56605564935194,120.59985254683657,6.165742190450811,3.0498906900476137,7.1151226521916895,4.014014998683475,1792.8177761872398,1791.5012117350964,75.74559209094969,[ 0.49753399 -0.64419328  0.58092594],[-0.80425823 -0.09165547  0.58716946],[-0.32500558 -0.75935123 -0.56369946]
166,169.9841550771382,30.224490238901588,103.434031713222,6.0366144217637165,5.6863382717069335,14.112757814307187,8.534420616212122,2600.7220609638816,2596.3065799014425,180.63665264693523,[ 0.0551562  -0.97925517  0.19497974],[-0.53400797  0.13607132  0.83445796],[-0.84367842 -0.15014626 -0.51542489]
12,28.960370465685973,60.753542476310734,93.23028121408163,1.7936943576337325,3.783884537619106,2.433869170938191,2.0102515196149797,398.61381985006796,398.4408031173069,15.261481025247136,[-0.9508746   0.29106905  0.10543392],[-0.18024386 -0.7974244   0.57587019],[-0.25169357 -0.52857652 -0.81071401]
62,62.19332705798897,51.559027247423685,59.96450723701034,5.677413507846002,5.1628273086141965,3.9088981889192187,5.0768850570884965,794.5734225910768,793.7600050500922,54.1614106534953,[-0.64012653  0.76826231  0.00332496],[-0.45515659 -0.38272208  0.80396287],[-0.6189269  -0.51312458 -0.59467021]
51,132.13680049287186,165.61652147590854,84.39196902116652,4.333499744773269,3.685813632097557,3.5631975315289925,3.5025593477761334,1629.1542066202458,1629.0778182544343,40.95417594864522,[ 0.56599263 -0.03190895 -0.82379255],[-0.58641282  0.68676727 -0.42950055],[0.57945867 0.72617666 0.36999339]
44,76.34925683156483,143.433361300979,152.57610621564208,2.9357038827989936,5.835012473883898,3.0523958705536995,4.54895377540109,1479.1793975151825,1478.9298565101863,36.98970310613465,[-0.81455176 -0.15964887  0.55768958],[ 0.46824315 -0.74844962  0.46965042],[-0.3424234  -0.6436889  -0.68440544]
3,52.34913151941563,84.90867376965497,31.97546297123185,1.6856229194197765,0.7319194526361381,1.5110546648741152,0.2675846188234843,181.47675180441755,181.43163867520244,4.096223861079687,[ 0.43314221 -0.53906907  0.72235197],[-0.75010455  0.22875408  0.62049556],[-0.49973093 -0.81060231 -0.30527511]
18,168.73201919497743,106.96722734656595,158.50984932520763,2.7674279481717554,3.059249150290519,2.1917995447498746,3.6567629464995823,1082.132644641942,1082.120352431478,12.361981118572444,[ 0.62976669 -0.76077147 -0.1569098 ],[-0.4069979  -0.49521795  0.76753625],[0.66162423 0.4195068  0.62150416]
10,14.051639633757276,113.12922003051365,3.9950893959768137,1.2087454511737374,1.3369787155588588,1.7369663263844086,1.335281831090761,360.7924179565933,360.7517251211768,6.703086480520094,[-0.87412913  0.12512746 -0.46929881],[-0.46981059  0.02724533  0.8823467 ],[-0.123192   -0.99176651 -0.03497027]
76,43.82235083799675,87.25788690896708,184.3527469768978,7.9692449442113675,6.33429936693489,5.477130633124112,6.112820659842562,1820.9284107385902,1819.9892104512298,85.16083096751841,[ 0.55154421 -0.79704338  0.24600984],[-0.8071427  -0.43551822  0.39855306],[-0.21052231 -0.41838468 -0.8835353 ]
244,174.28653812688106,160.1202201801708,148.89183536114194,10.242319218797284,10.501655167065893,9.410398931180742,14.903912257502247,4375.39431495818,4374.6447823902245,141.31219328273255,[-0.68402857  0.06927088  0.7261587 ],[ 0.37895729 -0.8168589   0.43489413],[-0.6232947  -0.57266315 -0.53250412]
2,157.40761931628242,42.7006821542315,34.87432258436982,0.3219739105989987,0.006167417059497637,1.4920271313638906,0.6142553273190572,235.87732023733,235.86904253654927,1.9761010185244423,[ 0.27429958 -0.95956795 -0.06315928],[-0.18450387 -0.11697252  0.97584617],[0.94377861 0.25602106 0.20912951]
3,53.9720820788959,70.92643124991143,197.9024264484116,0.21140496245469415,0.62828955455611,1.0530391671489643,1.0209418048810501,375.94009303675375,375.93923520762587,1.2312573139862828,[ 0.88813717  0.29871307 -0.34926046],[ 0.38649869 -0.89665222  0.21594805],[0.24865867 0.3267802  0.91180237]
37,30.45513581915672,86.32999755064688,127.44938318939916,2.6043400546817104,4.524824233579326,5.2186540791802685,5.502639807387066,955.3904366393587,955.2604060691984,29.915745159684143,[-0.88940399 -0.2509772   0.3820615 ],[ 0.41406758 -0.79643059  0.44073387],[-0.19367132 -0.55018975 -0.81227007]
13,5.595206785048088,165.23572122441567,34.28367955432433,2.6020813911483427,2.8509038627841816,1.47207145463369,2.8170864192580622,608.9582593203207,608.8859691274291,10.90654497074942,[-0.42462382 -0.17008351  0.88925036],[-0.90476264  0.11568384 -0.40990465],[-0.03315388 -0.97861578 -0.20300732]
44,110.59099599971827,102.9668865599988,119.85985407300471,5.545829661988471,3.3585469052237555,3.305285838093177,3.895657145705425,1280.0960655357264,1279.7932318140354,40.62012114574389,[-0.5700736  -0.28465066  0.77070753],[-0.58812108  0.79640923 -0.14087561],[-0.57369825 -0.53357881 -0.62142093]
3,119.88889118833679,112.10412586901907,154.93076354207236,0.3482105021166581,2.493904493918197,1.2151398505873316,2.2222747838588846,390.9679777707571,390.9573601086539,2.9366202783301456,[ 0.6604727   0.26472296 -0.70263616],[ 0.53073343 -0.82654303  0.18747971],[0.53112883 0.49673773 0.68640643]
12,145.89063014737664,82.9231895823966,41.68348594082222,3.543736521628482,2.34656156617542,1.4296191300205472,3.3568846597103645,599.1592699142319,599.1107787707327,10.261852770029643,[-0.03597546 -0.39751922  0.91688834],[-0.53546957  0.78232957  0.318171  ],[-0.84378795 -0.47951946 -0.24100411]
4,95.88026334673059,44.67048928476912,104.29319329526055,1.583672057791572,2.659568526906319,1.348517963041615,0.883396081027801,297.1504990823294,297.1106544699821,6.5130574552499825,[-0.50947598 -0.51530952  0.68912286],[-0.5690878   0.80248063  0.17934298],[-0.64542489 -0.30080048 -0.70210097]
535,110.46037001792308,124.54469864533618,35.503080309635976,12.901410652275642,11.841936564531496,12.727948445044921,12.204631898515784,3958.713195620151,3957.1123413170085,415.7112915825885,[-0.73822557  0.67200734 -0.05855898],[-0.18244041 -0.11533129  0.97642931],[-0.64941398 -0.7315086  -0.2077418 ]
13,179.64791781955824,88.04710732654196,167.97844196526083,2.421663047550285,3.8347035505913465,1.4036601563860271,2.725906630086532,942.029455527864,941.9521540727006,13.989687696807986,[-0.71886917  0.43995923  0.53820349],[-0.10142572 -0.83232943  0.54492251],[-0.68770629 -0.33714032 -0.64295914]
19,148.304392668999,72.2424941072483,119.48896733286584,4.094377253085154,2.213260078046418,2.8693299253100073,3.8264912893559453,888.1430894778939,888.0859020893026,17.06194468588861,[ 0.38940829  0.49033465 -0.77970066],[-0.5640413   0.79617734  0.21899556],[0.72816111 0.35450469 0.58660705]
58,4.763071408526764,98.72084842748603,84.18337581587102,3.20108923029497,5.7749576284768755,3.8611191281792183,3.7951125138367483,990.1992642717195,989.4198285491178,50.587839740287116,[-0.96737696  0.1895708  -0.16806169],[-0.25069354 -0.62064643  0.74293388],[-0.03653168 -0.7608291  -0.64792323]
6,164.85510616603656,52.73704781398474,96.39742593665578,1.4482065546555736,1.0180141613700164,0.9366754815241579,0.7926644823112469,485.311220324826,485.2950035990982,4.505854094064498,[-0.11989142 -0.77022027  0.62640784],[ 0.54148743 -0.57957741 -0.60900032],[0.83211622 0.26617806 0.48655096]
21,81.85540588869783,34.44482569656844,110.7303252644827,2.8977773250222514,4.448147673917206,2.838033488202995,2.9246513625481207,650.955214920869,650.7078682726816,23.93344664771911,[ 0.81692952 -0.17127669 -0.55071812],[ 1.39230551e-05 -9.54879359e-01  2.96993955e-01],[0.57673751 0.2426308  0.78006675]
7,128.2980748357347,20.67036769332804,55.99652208330675,1.784020838741253,1.4589961375222424,1.7285246508715995,1.9154639789610242,374.44119799139406,374.4373104067874,5.697971888955458,[ 0.40995746 -0.08388721 -0.90823885],[ 0.09940771 -0.98572081  0.13591392],[0.90667138 0.14600487 0.39576457]
195,22.039613730467085,12.788950695013147,109.3192375288492,6.271822005780685,9.43318202227815,10.019168448221638,9.786344076269776,1579.2617986152597,1575.8767693273132,160.4317147741043,[-0.97952679  0.06893493  0.18914345],[-0.04587888 -0.99126123  0.12367825],[-0.19601632 -0.11246847 -0.97412958]
44,92.95749645036304,44.357209498937095,40.61210230171286,4.832798068892781,4.553406884890866,3.037118304717704,3.598925011863567,735.7994701436468,735.0036342524857,42.00571172771383,[-0.13063432 -0.50638592  0.85235437],[-0.52689571  0.76372139  0.37297527],[-0.83983069 -0.40037849 -0.36658079]
62,195.87649803511889,67.37843043288726,112.99163341509761,2.521962159667037,4.23603832555521,7.377455632282168,4.495209963797221,1859.0405189609362,1858.4367775802168,59.91466022677083,[ 0.06976524 -0.90538369  0.41882358],[-0.55353009  0.31414818  0.77130757],[-0.82990195 -0.28564191 -0.47924049]
43,8.550705493205122,39.72370133031595,184.10753726533156,5.12585469445977,5.72488971329538,4.430582289561188,4.335560778780256,1237.5901710499415,1236.758217257169,50.79246963228699,[-0.74903952 -0.63964123  0.17262354],[ 0.66098672 -0.73923459  0.1289526 ],[-0.04512589 -0.21069246 -0.97651029]
2,48.069904146125076,165.7451025604398,183.4700316173699,0.9704385494551673,0.29717155618661195,1.643101289214087,1.20716431028724,356.2222257322689,356.2158462481422,2.1318975987142883,[-0.57363553  0.67691545 -0.46122418],[-0.79657348 -0.3298347   0.50663572],[0.19082181 0.65802321 0.7284178 ]
33,184.13281970359503,162.9246352857064,128.64960282164066,4.361227707355845,4.829246497091685,3.745456957994881,3.2584505996603315,1594.539584745763,1594.2571290704698,38.87957178778832,[-0.33016104 -0.32636135  0.88570986],[-0.67135021  0.74079232  0.02270755],[-0.66353793 -0.58712435 -0.46368353]
97,128.63891592906964,93.42550605836918,165.07715945412312,4.560927458951456,6.44678886675394,4.5139312758507915,3.9975747080022845,2258.717434722192,2257.861971192174,80.61317413851927,[-0.79824065  0.49639399  0.34118158],[-0.21836825 -0.76638337  0.60412899],[-0.56136189 -0.40773709 -0.72015505]
46,146.19062313691134,61.593350236446845,57.507736130478676,3.5509408898308603,3.342269888094061,5.786843929681147,4.837863658340981,1145.451050834598,1145.0521080508922,39.28639469031462,[ 0.33600263 -0.93091192  0.14319649],[-0.36991003  0.00939044  0.92902012],[-0.86618058 -0.36512302 -0.34119844]
6,89.83532003993592,185.35369412808566,31.660472303373556,1.9719305814070252,1.3182349781894653,2.0507678488138645,1.4063223208513917,510.5169626361141,510.47872988105115,6.857546945470818,[ 0.60139219 -0.40874946  0.68647747],[-0.67267844  0.20455126  0.7110995 ],[-0.43108137 -0.88942828 -0.15194142]
93,43.89721508805332,16.6614522490204,111.78987757102051,5.997665353493758,5.136236299305204,7.9766572156855435,6.743260611233712,1173.3785796092827,1171.985519450348,86.9052436810714,[-0.08046893 -0.98072284  0.17806591],[-0.92942386  0.13837147  0.34208861],[-0.36013336 -0.1379712  -0.92264181]
191,168.6176432300996,128.4067365297528,84.31713473691704,8.550827029511012,4.952142176865647,8.54683262995214,8.526818849010972,3156.7411468829287,3155.4541895936864,136.36853374867331,[-0.67269425  0.63792892  0.37487217],[-0.0251093  -0.52602791  0.85009656],[-0.7394944  -0.56244229 -0.3698739 ]
63,110.27738765533668,50.91670022847638,4.8221365358523505,5.4641799118505645,4.392013479101452,3.253001523474857,5.8486749283743436,966.4617603833947,966.3127806361172,40.02751746706308,[-0.2261404   0.40742452  0.88479703],[-0.35486817  0.81144875 -0.46434847],[-0.9071544  -0.41899425 -0.03891935]
55,180.44114325723427,193.0188810672769,178.32181180102327,6.472847125461513,3.7565226047811384,3.9274250884864452,4.511302601702018,2364.792026484711,2364.3929919493057,52.89734439030157,[ 0.49496935 -0.79230198  0.35673927],[-0.65912163 -0.07483999  0.74830318],[-0.56618373 -0.60552171 -0.55926688]
65,165.73060276864928,97.84319582259059,101.77618418276448,3.80959615760164,6.3826304152098725,4.471670919861914,3.8583830267130703,1756.4406037744177,1755.7271442443757,62.46344324990086,[-0.62508535  0.31677371  0.71338819],[ 0.17257538 -0.83524407  0.52209682],[-0.7612398  -0.44946832 -0.46743149]
140,56.14906714493559,48.83858963473775,183.4485734247622,6.79420810872548,3.3825590793229963,11.747005049479466,9.638169071514001,2347.791251671178,2345.62810630966,119.31873460563057,[ 0.35360758 -0.92518564  0.13781585],[-0.89182091 -0.28901237  0.3480335 ],[-0.28216511 -0.24597434 -0.92729686]
3,146.51285445985502,63.872048991518874,22.189208223528777,0.8919971605410043,0.9502694049089963,1.911412297090039,1.439011829209431,279.5174956794041,279.500074680049,3.144459517410706,[ 0.350155   -0.89696226  0.26990772],[-0.23026549  0.19688054  0.9530036 ],[0.90794784 0.39584941 0.13760075]
66,33.70388273994556,192.51885066277,67.44592209980492,4.585028557603784,3.464085508607758,7.79818985732926,5.057606953728496,1681.1575509976744,1680.5838442842548,67.25859765896293,[-0.97537141  0.20195752 -0.08867791],[-0.14854076 -0.30422848  0.94094669],[-0.16305291 -0.93094478 -0.32673469]
10,82.74057972276087,184.998160512607,167.8706390827374,1.5867691312756713,1.4563094010805016,1.4545560804345068,1.501135030107806,832.2020019011401,832.1944150746189,6.697725300005614,[ 0.85248993  0.08651103 -0.51553541],[ 0.417605   -0.70591395  0.57209401],[0.3144312  0.70299455 0.63791197]
17,1.9896121044077877,92.09684250371185,68.63276411289438,1.4380576576485262,7.06113948216474,2.941576307539463,5.543121911616087,474.6903648456529,474.2334518731022,22.443286449510268,[-0.99913577 -0.00873283  0.04063802],[ 0.03782504 -0.59636717  0.80182009],[-0.01723302 -0.80266427 -0.59618209]
23,168.27481672819812,31.46798903655273,39.26397085191779,2.707664957484422,3.1102343981973264,4.188442318793276,3.4353269780606994,842.7116073191598,842.5711599640687,22.855009174273885,[ 0.03630635 -0.85013447  0.52531251],[-0.28445652  0.49512284  0.82093718],[-0.95800122 -0.1792338  -0.22385019]
136,17.266323626520077,89.28087246374514,47.05527184420922,5.398862908247335,11.265064665148946,8.536537386869078,7.820915428581073,1205.610117867824,1198.8730042951754,151.52216580258914,[-0.9834041   0.18038725  0.01941172],[-0.06490823 -0.44971673  0.89080963],[-0.16942047 -0.87476586 -0.45396189]
30,90.54187532259787,153.80678086301572,54.51365986357765,7.320578877072721,2.297217940197105,4.415773095951713,4.425212148444941,1023.0644402949963,1022.6521804939478,42.30207163336412,[-0.37737913 -0.1038655   0.92021571],[-0.7884335   0.55726611 -0.26043636],[-0.48575468 -0.82381214 -0.29219164]
21,77.49635062787092,19.778893961954683,118.9153773262359,1.97481378721378,3.0161180739643605,3.9526544816466727,3.671763277596731,657.1108757590416,657.0198257885016,17.833966648508017,[-0.697912   -0.47731099  0.53394106],[ 0.46981172 -0.86783078 -0.16169937],[-0.54055137 -0.13799983 -0.82991581]
131,134.71223135783723,169.46417318724397,139.9274615181143,5.3640094780179615,6.6434475381383695,8.407595161067412,5.850172632246187,2952.9785296644973,2951.597991317244,119.36427349413678,[-0.85202192  0.38021039  0.3598593 ],[ 0.03010106 -0.65068444  0.7587514 ],[-0.52264001 -0.65730497 -0.54295267]
3,52.49908981312843,76.72949612981945,35.83486219221013,0.6401000238474923,1.4836690611137056,0.4207930215636767,0.9427792487229826,172.60165171192548,172.5860916107346,2.383979080127148,[-0.23009567 -0.27811627  0.932581  ],[-0.81825533  0.5740347  -0.03069826],[-0.52679617 -0.77015291 -0.35965301]
26,175.59765087892563,165.13928814735704,61.7715513404256,2.552324757420224,3.725257995218339,2.580073662167048,3.3849799471334534,1269.0438316181153,1269.0281589316269,20.16202178006383,[ 0.19998157  0.14953048 -0.96832227],[-0.67977849  0.73291247 -0.02721245],[0.70562637 0.66368664 0.24821658]
5,89.6333206531497,113.24988985769487,78.28791247940714,2.668221451852842,1.3444804579881666,1.408862892061718,1.063357905787198,367.41342938704724,367.361042278038,7.001817467360991,[-0.44189555 -0.24652225  0.86252832],[-0.7120136   0.68125823 -0.17007015],[-0.54567844 -0.68928514 -0.47657217]
2,149.8893566238238,171.22364606091105,89.66715616355467,0.32415389255031357,1.1660599166504397,1.9787168323666648,0.28952546391896306,345.9188783103149,345.903567295259,3.254612708252401,[ 0.78764864 -0.5785392  -0.21190096],[-0.06374669 -0.41860158  0.90592995],[0.61281807 0.70004651 0.36659092]
