N,MEAN_X,MEAN_Y,MEAN_Z,SIGMA_X,SIGMA_Y,SIGMA_Z,SIGMA_R,LAMBDA_1,LAMBDA_2,LAMBDA_3,EIGEN_1,EIGEN_2,EIGEN_3
240,117.17884745483956,119.43751066502145,187.85700780746805,7.770762254068894,7.944219461224088,8.088804562175092,6.952422451553592,3901.7446069854973,3900.116834266222,183.46788116403525,[ 0.51288006 -0.83244267  0.20974567],[-0.72123365 -0.28532295  0.63119952],[-0.46559216 -0.47500528 -0.74672212]
47,9.666390081535663,99.48673567162952,170.90488031499368,6.060720498563395,6.740190618642779,3.95109206537961,5.94605114882303,1358.730806044545,1358.252380808571,54.28996276268088,[-0.52368889 -0.7228756   0.45077802],[-0.85052206  0.47383277 -0.22824272],[-0.0486023  -0.50292482 -0.86296259]
2,187.1996337468447,117.68149049649554,74.86011308429758,0.25917141351857254,0.5888052887556583,0.26204763122653674,0.0049594926481830726,330.1428634451275,330.1414019356566,0.9823500940850047,[ 0.46199723 -0.18286956 -0.8678233 ],[ 0.37883455 -0.84405823  0.37953932],[0.80189958 0.50410756 0.32067526]
2,131.05072616331506,117.24372989066012,52.88955195779664,0.4384817378868604,0.05572625648436258,0.5677348125058153,0.1138327539412387,259.6852226345203,259.6832789810948,1.004725020720453,[-0.48764662  0.74809746 -0.45005662],[-0.50283545  0.18074521  0.84527373],[0.71369271 0.6384993  0.28803013]
344,49.79978693483695,99.33857319083933,126.97282784483971,8.794206431240367,13.734476177488595,8.169342722161634,12.424931249813644,3144.1318814549677,3141.549247688056,248.10206797200004,[-0.77418639 -0.31340285  0.54992189],[ 0.56027828 -0.7435374   0.36502108],[-0.29448884 -0.59070364 -0.75122935]
573,53.56956724835976,41.773852412608264,99.61763564684195,11.809364234022057,15.221802337454022,13.93123057825875,11.672574141885706,2929.3538074207627,2912.9311456665773,492.467664943625,[-0.88747433  0.2934099   0.35538703],[-0.12069254 -0.89220111  0.43521314],[-0.44477255 -0.34334793 -0.82721797]
5,179.61317702793846,21.55551987018618,24.67611589878251,2.241248493553406,0.8417891297904332,1.9144819858075057,2.2888673336515475,408.3068464173576,408.29313852773595,4.543962813367876,[ 0.15320229 -0.9445953  -0.29029084],[-0.09347866 -0.30629425  0.94733604],[0.98376359 0.11799805 0.13522448]
119,9.352557421756023,48.253829058608076,72.72883708811483,5.401441015433647,8.651255287903181,10.183094352558184,12.338373770834888,969.3132288877312,968.000071046924,82.01117648713924,[-0.33439577 -0.76507308  0.55031142],[-0.93698185  0.33260685 -0.10694712],[-0.10121499 -0.55139448 -0.82808191]
173,13.716302678544368,117.82155726355823,107.01953725392137,6.863745945032984,7.228835098803136,12.69902737607769,8.121468767921513,2110.480365315203,2105.502841215717,184.2537487000757,[-0.96395386  0.23189144 -0.13045808],[-0.25170005 -0.63580389  0.7296578 ],[-0.08625565 -0.73619275 -0.6712527 ]
113,15.93277946630115,84.62505731314332,49.329323544615825,7.134338573934663,7.932458662101238,4.6664264597438905,7.336998307226071,1061.3007857701425,1058.670404678453,96.40819005338209,[ 0.70523566 -0.45167477  0.54647284],[-0.6898219  -0.25921359  0.67598377],[0.16367162 0.8536968  0.49438182]
2,191.67695649589103,21.801374637260786,79.4760043803989,0.4048690690903385,0.8216508041101509,0.865243762793007,0.787381736892911,295.0707662092303,295.0674867125778,1.3911708827799079,[ 0.22625691  0.65127114 -0.72432984],[-0.32378422  0.7516147   0.57466436],[0.91867927 0.10450479 0.38092933]
179,86.7198472767806,180.2747581286284,103.02141198917687,5.405012216683028,4.892978014563979,12.9747417737846,7.185088553967595,3016.439884958067,3012.705439141484,174.6741132563102,[ 0.81043516 -0.53110585  0.24722746],[-0.44170186 -0.27675167  0.85340962],[0.38483023 0.80083399 0.45887973]
98,131.17343425369765,92.41074817052957,14.175995461829567,6.129469085258641,3.5906587911171273,5.0619714085751175,6.29424708238825,1596.578265043002,1596.2196613135234,59.83276708262596,[-0.57499713  0.77748812  0.25473618],[ 0.07727189 -0.25835541  0.96295459],[-0.81449822 -0.57338007 -0.08847564]
8,178.12741261853506,47.92945520959659,89.11348916949316,1.1077419679244478,1.3197820640752926,1.6336382434349876,0.9677210605049738,579.4662466874995,579.4451064378409,6.1309629192555954,[ 0.39784985 -0.85367343 -0.33609101],[-0.29270059 -0.46529309  0.83536142],[0.86950668 0.23397438 0.4349875 ]
2,75.16078873858346,174.4377106502977,58.79051106639554,0.4873260795659746,0.6464378602412921,1.2787904596340063,0.373221407972153,281.19841367200354,281.1907628694494,2.074301942404637,[ 0.89520002 -0.427809    0.1248855 ],[-0.23605313 -0.21747233  0.94709277],[0.37801567 0.87731708 0.29566688]
1610,89.83484825382278,124.69804470192578,143.6271903453864,13.15759627914232,35.02730813739628,11.091934738507012,23.08555278295639,8570.20756897399,8507.104326114606,1251.2848984283053,[-0.88407968  0.11618821  0.45266258],[ 0.19424461 -0.78961313  0.58204823],[-0.42505546 -0.60250428 -0.67551199]
21,90.83752216176143,3.398962346571152,186.72098235284545,3.248662386940126,2.126515592394,3.2466463503446095,3.6431787197093666,951.9137307991875,951.8624978250592,16.08550442899509,[ 0.34389229  0.9207921  -0.1840652 ],[-0.83088671  0.3897109   0.39718093],[0.43745328 0.01634986 0.89909249]
2,14.840458489569574,152.83187597104126,65.31034857481393,0.6544802586409766,0.7147696945238238,0.8510325785845012,0.9295398451438075,235.98697696503103,235.98358945449388,1.2644387161709947,[-0.55889236  0.37115616 -0.74154058],[-0.82445967 -0.15282725  0.54489457],[0.08891337 0.91590771 0.39141727]
20,101.36891962447564,60.10310696984696,145.83103367565428,3.648225339097497,1.592393479279428,2.071548195873061,2.8760930141968126,838.7243509584758,838.6300275626883,15.358115385429427,[ 0.12781961 -0.94512086  0.30068039],[-0.8314142   0.06318685  0.55204878],[-0.54075187 -0.32055261 -0.77771039]
215,93.90411375586741,96.78382254999538,187.15957170833192,9.570387276419899,8.811588644859992,5.484354816083896,5.571881137766337,3388.3035399833216,3383.9125232050947,190.19139775046486,[-0.41192026 -0.70844198  0.57308957],[ 0.8154456  -0.56726894 -0.11512785],[0.40665732 0.41989987 0.81136547]
3,29.23125020234753,118.81480852116503,159.18057889951976,1.6625577745779365,1.4332300907008473,0.3331108880883753,0.9052793727341403,347.76475978623233,347.75884395882986,3.5102740780054322,[ 0.32040819  0.72996627 -0.60372828],[-0.93602139  0.34193653 -0.08332688],[0.14561094 0.5918012  0.7928233 ]
4,164.1649296874625,33.38892752308483,152.3007441662377,1.5657615434806693,1.2147589968387333,0.378131542141049,1.3682523269078153,452.830459470444,452.82671213828496,2.9657981629560983,[ 0.62679719  0.26324615 -0.73336673],[ 0.28522883 -0.9533904  -0.09844423],[0.72509986 0.14747277 0.67266781]
426,17.986521976007406,189.21818201563732,110.16186189940325,9.923323291419907,6.174049255991777,13.51723909824261,9.540687533759126,4546.533310640952,4541.151148647404,314.3668359566893,[ 0.84777108  0.20423884 -0.4894596 ],[ 0.52384296 -0.46671464  0.71257701],[0.08290206 0.86050214 0.50265626]
211,133.11784318179562,12.06068968812751,118.54483135345993,8.471016179351032,6.4173586435555015,9.378559795984058,10.70035764484888,2601.826682276472,2601.3641189782006,133.6858700362505,[-0.02730697 -0.99076887  0.13278319],[-0.66672628  0.1170227   0.73605826],[-0.74480226 -0.06843052 -0.66376717]
184,20.90670591678126,12.39594272567374,111.54155741557652,5.793938533865511,9.524834190372701,10.875218990703468,10.907068614904736,1561.2937682872623,1557.1616611933002,150.82197941951225,[-0.972913   -0.12230949  0.19616492],[ 0.14044898 -0.98674069  0.08134427],[-0.18361474 -0.10669207 -0.97719109]
22,86.73724813045997,19.394983540525928,39.88102700955203,3.506888985746715,3.6712809449062833,2.194148624829771,3.8292563879275345,457.6007089335381,457.3330047482916,18.831785864550092,[-0.44923102  0.53087155  0.71858673],[-0.07348575 -0.82354473  0.56247127],[-0.89038831 -0.19987366 -0.40897333]
67,40.467080507260675,80.44439816607942,67.38311066912121,4.27846506941886,12.36357726342975,5.428201311962391,11.351708043599064,927.5150054893141,925.6851459723068,68.72166946125694,[-0.65056103 -0.26777758  0.71067962],[ 0.67056405 -0.64184162  0.37199891],[0.35653079 0.7185642  0.59711916]
443,112.36076637933269,119.14033471553596,36.61666268137416,13.376114558008206,11.157721437928044,13.822025271936726,11.944520946691458,3553.6054312363563,3550.1269099103583,395.55929678724044,[-0.72103311  0.69202781 -0.03476732],[-0.17508191 -0.13341266  0.9754729 ],[-0.67041598 -0.70943539 -0.21735649]
17,132.4636224252779,77.07217176923437,197.62458448903018,2.711199978766236,3.768091044887436,1.698610837389145,3.081746478300733,1031.3000330781226,1031.2282178134137,15.950639497005502,[-0.79559556  0.50353299  0.33687125],[-0.29401419 -0.80709362  0.51201127],[-0.5297012  -0.30830897 -0.79016594]
92,88.34318730163795,72.39521387569089,37.82533784305318,4.542282174352104,8.06412122010014,9.416878089510833,4.597666347179056,1160.437040837829,1155.4092110906602,118.91550259547913,[-0.64967062  0.48774827  0.58312067],[ 0.19728484 -0.6325967   0.74893265],[-0.73417081 -0.6016004  -0.31475415]
7,134.37577383033326,35.527628774791005,38.56923420465135,0.6788688603555937,1.2508017263819142,2.6263682990396573,0.6929035824367504,381.7134241987305,381.6459272782705,7.6959755018111835,[-0.33033881  0.88058373  0.33977722],[-0.15180462 -0.4048671   0.90168619],[-0.93157481 -0.24628219 -0.26742   ]
65,108.07502479497491,147.83411240487342,40.418861813007986,6.697018850479503,5.918120071946255,4.164243165497024,7.333439574386253,1513.8400124241396,1513.2837880603784,53.340244400224236,[-0.57481484  0.2039689   0.79245479],[-0.58061809  0.5807412  -0.57063323],[-0.57660258 -0.78812204 -0.21539063]
222,188.65495749508318,33.52358148849405,64.68891284916621,5.715211846660264,6.845306755331811,6.739449939505048,4.77507596842015,3016.0981303259937,3015.8090212122697,150.85669431614795,[ 0.02775814 -0.91826706  0.39498745],[-0.35899496  0.35962085  0.86127549],[-0.93292663 -0.16570591 -0.31967084]
6,52.744701274671364,70.99110346052922,52.05205111520281,1.2092432595869929,0.9495745340638777,0.9718051626305116,0.8231098341125375,251.3988634168259,251.3888661057089,3.9781361909161146,[-0.09580779 -0.54131754  0.83534196],[ 0.85243807 -0.4779414  -0.21194656],[0.5139749  0.69177116 0.50723019]
276,16.312427406046346,23.34254218372579,142.07071885455136,7.446127090484725,11.539058462388153,7.702610437161355,6.385954552266732,2419.0032074424357,2411.851273330838,239.84133937271946,[ 0.91859073 -0.39310848 -0.04070382],[-0.3790963  -0.90556085  0.19038261],[0.1117008  0.15945303 0.98086577]
172,168.68412980433314,127.28547342121216,85.21912202948563,8.319818406936673,4.287888972182016,6.955611408663293,8.614749402977436,2991.448244162434,2991.2036202595937,102.89436524237456,[ 0.49608607 -0.82968015  0.25598722],[-0.45338205  0.00391338  0.89130769],[0.74050207 0.55822534 0.37422072]
109,16.90256804027138,47.8604398668877,185.14139218598763,11.275312578926936,5.683918512123406,4.0671401698863825,4.400052542479586,2008.6014366850418,2005.2219262581548,130.63571845276263,[-0.2980835  -0.9171728   0.26446227],[-0.95049016  0.31069324  0.00617843],[-0.08783333 -0.24952709 -0.96437624]
23,44.53016390102435,121.64180049677938,79.49157053060706,3.368566967572677,3.4121772258038776,7.41271186080553,2.79013288517897,729.9152944331338,729.1892458691271,40.326557877179745,[-0.94643763  0.32042624  0.03978494],[-0.13590184 -0.50708735  0.85111287],[-0.29289334 -0.80011839 -0.52347306]
3,147.42386329847048,146.33304085598172,61.16165247619449,0.1650469539533569,1.0885963559431346,0.8053991611299572,0.8532865281748077,375.0571248407604,375.05643772526395,1.843807676792743,[ 0.73002129 -0.65746451 -0.18657262],[-0.05961818 -0.33322004  0.94096232],[0.68081906 0.6757994  0.28245456]
65,28.751068046320075,19.073185273132253,191.77915980172915,3.454839233189275,6.582975869123855,4.652720643192671,4.356284001466586,1572.3554426384494,1571.6254763915006,61.20923194398428,[-0.97230527 -0.16808889  0.16238407],[ 0.18129189 -0.98092543  0.07013243],[-0.14749818 -0.09762904 -0.98423212]
34,7.504424006099335,46.76382804933219,150.0091154580481,3.705196210372467,4.497866390856005,2.870426790436858,3.540133164953615,917.93993540685,917.5869200876264,31.806957230207253,[-0.72974825 -0.64148828  0.23655925],[ 0.68206452 -0.70705684  0.18670463],[-0.04749201 -0.29759604 -0.95350989]
243,101.00398744332516,80.83931413424428,83.13351144707875,7.26598792852451,10.290867450677183,8.296651128236645,9.207593383143266,2405.5510444332194,2404.6306363403073,185.94204281185318,[-0.6662141   0.0677979   0.74267235],[ 0.35449405 -0.84736598  0.39535411],[-0.65611946 -0.52666341 -0.54049321]
99,75.1759248530615,136.30997629627527,75.78374878819216,7.078932195491656,6.127826423072915,4.880349559749212,6.39472105188608,1725.399466106005,1724.2821849340153,83.49675235524079,[-0.48850782 -0.20233211  0.84877666],[-0.75668947  0.58261048 -0.29662446],[-0.43448952 -0.78716374 -0.43771235]
48,10.135024104216301,160.7282443755738,61.48359800930094,6.872962662586331,4.826744791997932,4.536930278489557,5.483729722051329,1195.8733526362312,1195.180845539143,54.43349016672239,[-0.35436917 -0.31427724  0.88071125],[-0.93319199  0.17907828 -0.31158254],[-0.05979296 -0.93228793 -0.35674083]
177,106.99869167344526,56.665981463877415,186.43102092549657,9.952665935975851,7.761477937771175,6.258281773368189,7.706669556593598,2962.5926303434053,2960.070791034056,156.98475556155657,[ 0.5823688  -0.80805813 -0.08881804],[-0.65467494 -0.53096332  0.53803222],[-0.48192043 -0.25518623 -0.83823188]
32,134.98080448044936,19.26655576102575,36.7032009560627,4.1982464124439,2.8974490190606446,5.458390282431301,3.3442580169626375,799.7471183971492,799.1230958996005,37.68403044270535,[ 0.03806408 -0.93579608  0.35048085],[-0.29074883  0.32518902  0.89984288],[-0.95604197 -0.13615359 -0.2597036 ]
306,116.64774100754482,35.52929096706191,166.14483889867782,13.85831054002873,7.338401562307414,8.932638797199404,10.789171520096541,3616.9452176604027,3612.045582245753,252.42470354808688,[ 0.19251674 -0.97848117  0.07424213],[-0.80089413 -0.11295776  0.58805538],[-0.5670149  -0.1726706  -0.80540609]
784,178.39095170346567,92.93964770175357,68.20987343955123,13.104378496168694,14.135028248265925,11.046164446810248,17.037126528151855,5973.807598127421,5972.393294170626,395.33589891451373,[ 0.32618032 -0.87829145  0.34958621],[-0.43550146  0.18861183  0.88020682],[-0.83901423 -0.43935145 -0.32097575]
28,194.45129414111233,69.24799166322974,115.8151141695249,3.2521518422281246,3.1295215171957684,3.7982288265913042,3.3058886948590023,1252.7064178158025,1252.6406660839655,25.914214515041923,[-0.04033688 -0.82634308  0.56172062],[ 0.56871506 -0.48121818 -0.66707739],[0.82154495 0.29255116 0.4893646 ]
30,64.61825525077909,191.32022466964062,139.75623615947106,2.521610807645838,3.829836200190181,2.709294989121786,3.8504621405880823,1345.3802314955924,1345.3221092070853,20.189388509527372,[ 0.68598027  0.26369339 -0.67815696],[ 0.67839044 -0.56878184  0.46505229],[0.26309215 0.7790719  0.56906019]
73,23.4257905302301,148.7256872291092,100.99150402297649,6.365690904399545,3.7224697430823386,6.400753855239953,5.094391738022677,1550.9297528220857,1549.8666372311407,71.33648765892941,[ 0.5044535  -0.53807322  0.67528059],[-0.85380277 -0.19433785  0.48296339],[-0.12863709 -0.82018901 -0.55744281]
405,100.68691706021102,130.62888217766405,167.52859410016129,8.96297926168332,10.29808842070653,7.263344677604802,10.701079786453676,4738.966475154223,4738.367679718683,224.76923552015828,[ 0.15204618 -0.82125923  0.54992294],[-0.8907273   0.12727943  0.43635402],[-0.42835364 -0.55617734 -0.71216566]
3,43.00203291556618,70.59846241772591,145.2861746037365,0.9927380557715673,0.7115109049845023,0.21997918048925302,0.4775312083224198,289.53083314216167,289.52640881630424,1.9843972148356561,[-0.54580068  0.8057363  -0.22997966],[-0.79744185 -0.41521787  0.43781345],[0.25727052 0.42235428 0.86915404]
17,9.575678083909416,3.0215678386765203,14.006798159011089,2.426496451320369,2.16745311197579,4.723483898441027,3.3020090585763655,74.62721633814631,72.61461298673136,19.36150044592706,[-0.1724374  -0.93511244  0.30956433],[-0.83564306  0.30526184  0.45663539],[-0.52150361 -0.17994426 -0.83405878]
74,48.855080467252144,88.58623733587817,185.9079505064614,4.453018691934681,5.4682485086115,5.90908439129617,5.580698010656541,1822.1842928440726,1821.5498723830017,62.8663203509051,[-0.76742446  0.63325152 -0.10026069],[-0.59821077 -0.65097135  0.46731165],[-0.23065897 -0.41860342 -0.87838922]
138,185.55461463942945,139.242404144689,185.7446721477137,5.760202409629513,7.293216353244864,8.554784218588951,7.389038244803594,3493.686671342783,3492.8696217820793,119.93757010417349,[ 0.01478047 -0.80708154  0.59025496],[-0.78122653  0.35912113  0.51060466],[-0.62407263 -0.46866981 -0.62520553]
21,41.18859631331537,46.84605435260084,5.190761087409123,1.7657467873552801,2.4347729714239574,2.7018388094567016,2.49304510470254,287.34175990007145,287.16871524923835,14.534646729073254,[-0.74551856  0.66280885 -0.06990355],[-0.10722888 -0.01576525  0.99410936],[-0.65780243 -0.74862266 -0.08282554]
107,166.16406677322357,155.06087147897566,140.27088362217685,7.7079054448766176,6.925863408061186,4.53526250911633,5.969478116774742,2764.809675969746,2763.6867023649197,99.63217833911214,[-0.54174546 -0.16485119  0.82421838],[-0.56497725  0.797445   -0.21185417],[-0.62234442 -0.58043566 -0.52514938]
15,5.595080841008928,182.6112517407549,56.443341611691004,3.2679736012667924,2.90922717400805,2.3658452429947356,2.971471261773353,740.7802040889418,740.7217172671888,15.459342271525259,[-0.18457716 -0.28506473  0.94056864],[-0.98238203  0.08201531 -0.16792567],[-0.02927134 -0.95499298 -0.29518063]
51,145.33779563274757,38.57140279969687,107.23071133563273,3.884679919214218,6.325585343958387,3.383131377625468,3.114553517540759,1320.0558860253352,1319.2831691833646,53.630756712003645,[-0.42708422 -0.49458135  0.75695994],[-0.44540786  0.84360909  0.29989256],[-0.78689956 -0.20907652 -0.58058255]
44,48.72567821765904,20.44566569624677,196.50585644327455,3.675512907275058,5.572969763755826,2.0093418256902877,2.2840202316652976,1350.3803715391234,1350.0499616589314,43.71286193817601,[-0.94106551  0.26869703  0.20542058],[-0.23880913 -0.95795806  0.15901746],[-0.23951182 -0.10058953 -0.96566859]
550,114.98454890761438,135.94452936551875,95.2873194552534,9.745391940063728,16.919660156140946,14.074186558670146,8.767661937000252,4763.495805335671,4746.842731512416,523.5392975314584,[-0.7944032   0.30297601  0.52643052],[ 0.21237377 -0.67344978  0.70806975],[-0.56905267 -0.67429291 -0.4706465 ]
18,11.592383425545636,116.81635086105605,195.21246235179828,2.9358451144588877,3.501308161749611,2.743495170950734,3.236639043247875,966.6526979848475,966.573710641075,17.915311787170687,[-0.77987651  0.55645971 -0.28660987],[-0.62385148 -0.65369509  0.42835973],[-0.05100947 -0.51286969 -0.85694966]
20,7.773113616323937,56.48570735850378,14.156238824514151,2.978602792086901,2.4766819841767886,3.3470824799620993,2.563033136032893,263.5313221847525,263.1866723280843,19.763563971688512,[ 0.79324175  0.04295854 -0.60738957],[ 0.59425702 -0.27210939  0.75684548],[0.13276343 0.96130695 0.24137694]
6,85.10090093319423,82.58028110224556,110.93447056909292,3.3746106609995135,1.5757044910681783,2.176568371352308,2.230065499908883,397.868496437548,397.8187213575731,9.038755648681919,[ 0.32276091 -0.86094149  0.3931986 ],[-0.78806184 -0.01436797  0.61542838],[-0.52419836 -0.50850104 -0.68311256]
6,4.367230413577036,180.07443422365034,142.9541002103244,2.313143176912997,1.2740386456040698,1.3704161993532222,0.8050916609298133,563.3223462640422,563.2991437895465,7.015904427703665,[-0.46282865 -0.54424206  0.69970724],[-0.88624425  0.30100557 -0.35208916],[-0.01899404 -0.78306847 -0.6216454 ]
5,44.390659099665164,142.16695380702222,23.387834227286532,1.5251307236105676,2.1103713790538356,0.6815667329311663,2.4689923343829765,337.1647312930586,337.1591484885815,2.395079247566052,[ 0.41641919  0.01947659 -0.90896409],[-0.86014622  0.33231093 -0.386934  ],[0.29452255 0.94296877 0.15513336]
15,73.57578692721604,86.48041820782205,90.24354075791446,4.7391230750151045,3.4895740068896104,2.945902870021743,5.337411359233134,562.2442359654179,562.1758250417078,14.96254385274321,[ 0.0324434  -0.73462394  0.67769837],[-0.86095493  0.32385172  0.39227117],[-0.50764558 -0.59619437 -0.62197126]
74,17.084359462196492,50.90470362309166,114.03289373968339,3.7459524815143634,4.158911742260737,6.646196324037655,6.338754296811781,1086.5138071265133,1085.9322251309954,51.375767009003,[-0.85965194  0.50197751 -0.0949585 ],[-0.49256901 -0.765079    0.41476488],[-0.13555188 -0.40332705 -0.90496021]
47,8.519745953389442,195.04512890688207,139.29337274163203,5.077675866508092,3.1779238267587986,5.561184505440549,3.9008866620833067,1644.9022998564142,1644.6330037387593,49.34516747747376,[ 0.66667796 -0.45218472  0.59251117],[-0.74451218 -0.36641719  0.55806815],[-0.03524361 -0.81318351 -0.58093929]
5,174.4948707574477,132.45819668267882,187.67890323784815,0.8965397516796251,1.346791043155494,2.186995258024541,1.3583150867822964,645.0700113522208,645.0588747169099,5.270624105358342,[-0.26362753  0.8864094  -0.38049822],[-0.75142292  0.05863175  0.6572107 ],[0.60486702 0.45917392 0.6506114 ]
68,96.94787176215385,147.43216154158483,57.66689319920094,7.207209885846654,5.396730335062324,2.8923989372815084,4.001708139119443,1532.6565825150988,1531.2696383808993,70.58438507121191,[-0.34783673 -0.13412266  0.92791202],[-0.77852428  0.59279044 -0.20615393],[-0.52240746 -0.79410995 -0.31061204]
2,4.149212736392826,122.28677314742319,84.2589151561686,0.8332053205403978,0.3075731759681233,0.5048133378613855,0.056406145310077704,210.10416133578332,210.0992090341553,1.4425580872925434,[ 0.57837987  0.44945446 -0.68078441],[-0.81528926  0.34705041 -0.46352933],[0.02793119 0.82313225 0.56716236]
33,157.85996763185716,4.447182929143489,166.6856450102967,5.382044965744381,2.2217775241923503,4.789591646518243,6.579641238139869,1319.6953988467421,1319.6471902287026,21.164805553000893,[ 0.19458358  0.95820563 -0.20971221],[-0.69957944  0.28543236  0.65507021],[0.68755061 0.01924444 0.7258814 ]
47,167.85664423375673,98.70072847362586,158.02863406947668,2.3959827829986855,8.17627734425832,4.391648506249411,5.1920747241252965,1720.3923298859904,1719.7522518908338,55.391485235241824,[-0.57963387 -0.2540903   0.77424977],[ 0.46513649 -0.88331471  0.05833669],[-0.66908342 -0.39394574 -0.63018579]
33,193.42369631919712,126.40687804743386,52.13052373196916,4.507639590668204,2.019869569092886,4.455145587496039,3.546395347074462,1361.206749527062,1360.9528091126167,32.234081205164436,[-0.45127707  0.82793433 -0.33297709],[-0.35976632  0.17267184  0.91692564],[-0.81664999 -0.53358146 -0.21994005]
14,179.41594531741202,132.66801588785776,145.47442573545928,1.8015692083243657,3.137113962424083,1.8224683375737876,2.0258557217424644,996.7741460497272,996.7106285788471,13.116823431090829,[-0.7382559   0.41740492  0.52985975],[ 0.03597435 -0.76005213  0.64886563],[-0.67356074 -0.49809024 -0.5460971 ]
34,56.716811236318605,122.27421838153884,24.98195247404514,2.630307759386526,5.2094777154864635,5.05748674223496,5.695187896584403,800.4416459520697,800.1789093503463,30.164009617380213,[-0.87134227  0.44588274 -0.20481997],[-0.26434213 -0.07489569  0.96151645],[-0.41338346 -0.89195247 -0.18312537]
67,57.76543883832448,32.25435350149043,131.94766769067576,3.3730309278545456,7.382008475512884,4.694420230839965,4.938599825824435,1210.3940789857295,1209.1201392187545,65.2907506093452,[-0.9106928  -0.04767236  0.41032423],[ 0.13233107 -0.97463863  0.18046614],[-0.3913146  -0.21864786 -0.89390492]
25,42.536660532505806,60.58030867513983,20.993926870952777,3.9807040989868483,5.065161021236065,3.317283907776359,4.728485560628433,386.3154662924025,385.53857768372245,27.38594542207867,[ 0.2561452  -0.47184454  0.84365417],[-0.79381621  0.39534404  0.46212435],[-0.5515845  -0.78807729 -0.27329236]
6,27.938322148410904,186.664247552845,83.87937043251917,2.280336870343224,2.192697243914032,2.5132352178169732,1.1582160644575383,506.01751182313075,505.93495851242477,9.490274229754984,[-0.80004293 -0.14215214  0.58285854],[ 0.58449716 -0.40371346  0.70383131],[-0.13525671 -0.90377443 -0.40607562]
194,128.1497905158726,57.15716641407024,29.105015637835578,6.710258987018351,16.55587055721835,4.599940318665627,11.073856978563713,2011.498283953163,2002.640452404791,208.48029628644034,[-0.18714922 -0.07813356  0.97921924],[ 0.41149658 -0.91139205  0.00592407],[0.89198976 0.40405405 0.20271801]
125,146.4348530330069,175.4615615901038,191.18990655163142,5.306431704213362,10.061559858679212,5.059170343450484,5.7296283953779055,3333.7106140858127,3332.5370703195476,123.2633566326337,[-0.85828539  0.20256578  0.47150111],[ 0.14786927 -0.78220429  0.6052199 ],[-0.49140703 -0.58917193 -0.64140126]
30,66.95737918604328,51.73832601154114,57.3068899352591,2.436433541010938,2.2975530627701075,5.191175845454907,3.7459243820125487,560.6485321512354,560.2538480630373,27.057779561720363,[-0.57894995  0.81331154 -0.05780395],[-0.48595331 -0.2872572   0.82542879],[-0.65472615 -0.50597198 -0.56153898]
7,61.74216709998064,141.05703129488015,25.281308171671125,2.8037941556566537,2.071510962103329,2.838342478588998,3.1629642261938353,412.98516574114126,412.954414064343,8.449067921008439,[-0.91186349  0.36601986  0.18583443],[ 0.10861436 -0.22144105  0.96910618],[-0.39586348 -0.90387683 -0.16216899]
12,184.72625193492073,58.10577515839896,63.45225158269657,2.4906269360196296,4.711610454509766,3.5411909826086445,1.8402455059256912,706.2521713865134,705.9529316071113,21.239803810295147,[-0.0749652  -0.61704262  0.78335089],[-0.41558228  0.7334222   0.53794353],[-0.90646102 -0.28521971 -0.31141312]
25,156.37125338540952,11.750347019807933,64.22335259187756,7.147089566534867,3.6452853307859114,3.137609408322203,6.374663898896282,848.2350599981845,847.9903908879669,29.22648182349047,[ 0.25152748 -0.85295984 -0.45737669],[-0.29101212 -0.5173531   0.80477184],[-0.92306331 -0.06932007 -0.37835018]
263,177.17680778405193,26.56639686317099,118.58856173592066,9.607823792453964,9.397223023840361,20.608815199436624,16.54018157454606,3503.7383937813356,3497.9711380975014,294.8257626563685,[-0.0176747  -0.97043861  0.24070005],[-0.56864662  0.20776826  0.7959104 ],[-0.82239201 -0.12280579 -0.55550888]
80,67.92850476331918,186.71478269680694,76.88909779002988,3.7107228429777663,3.6792484583879275,7.745848398118756,4.717489291719328,1907.103520611694,1906.278585484553,72.15862827165778,[-0.93192049  0.35931506 -0.04916188],[-0.17288671 -0.32099617  0.93116682],[-0.31880149 -0.87627287 -0.3612637 ]
7,118.77116196090763,69.86412261491019,52.18089995333554,2.312505835732424,1.8454531936538014,2.0251674678123717,1.8570782552795277,389.91301292920355,389.90748982306707,8.12338449676101,[ 0.51136435 -0.25696288 -0.82004669],[ 0.29778425 -0.84214222  0.44957872],[0.80612098 0.47409552 0.35412201]
77,25.990801578103444,158.51759511529778,39.69895304007015,3.635383109852464,3.886683073565601,7.192963758621785,4.69671519932381,1453.818584924388,1452.8151788273044,67.006681833352,[-0.93418073  0.22300051 -0.27852673],[-0.32043185 -0.18099325  0.92981981],[-0.15693883 -0.95786858 -0.24053687]
42,52.676248072781824,25.53849370920964,5.295677096862995,6.93025702891346,3.6482345308945625,3.7695377212529575,5.889821921050802,384.379657419578,383.55986279571374,41.27906575692796,[-0.13896785  0.08017539  0.98704602],[-0.41630986  0.89963566 -0.13168822],[-0.89853995 -0.42921742 -0.09164263]
71,174.94813136559543,152.14266579923063,5.49628631526931,5.069774219499302,4.8133570871469455,3.1594978107231375,5.319195341730366,1955.0293905480917,1954.8524377524302,46.485666495692236,[ 0.0320385  -0.07259751  0.9968466 ],[-0.65566156  0.75124214  0.0757837 ],[-0.75437487 -0.65602199 -0.02353072]
2,139.10178012838455,51.09513224273819,40.72779993254602,1.7298833512134024,1.1906007834993524,0.5609680097171115,2.1102319613081306,217.3637328207088,217.36248361883167,0.7369265944467892,[ 0.24756888  0.09460977 -0.96423993],[-0.34569435  0.93834133  0.00331151],[0.90509948 0.33251247 0.26501018]
17,181.66867636011133,96.90649787966018,151.3637504479387,1.776550617578105,3.36361123250937,4.148564368204798,3.0068793331806454,1053.8800172447418,1053.760262171158,19.638636223286678,[-0.092772   -0.78428353  0.61342701],[-0.69726805  0.49097122  0.52226864],[-0.7107817  -0.37927115 -0.59240424]
15,56.56558038139829,83.62235899493754,9.759772625770445,2.940270553620011,2.556573202660495,3.5934700675325004,2.6185211759433336,393.2877543117633,393.03626859274516,17.848571400590565,[-0.71057086  0.53384589 -0.45836407],[-0.4288828   0.18782129  0.8836191 ],[-0.55780695 -0.82445845 -0.09549698]
130,56.83880859382618,49.272012634642785,179.56551536615902,5.552395003409939,4.521884591258892,11.614595507474146,10.141260741278073,2224.466451591778,2223.4620983934456,104.5532314928162,[ 0.43424969 -0.89432937  0.10771347],[-0.85256349 -0.36944873  0.36965273],[-0.29079669 -0.25235415 -0.92290556]
9,197.54893723776698,174.69781474836103,80.60903680493249,1.3205540781171732,4.3074625649698515,2.449931524562983,2.8144508059392117,827.3833386945511,827.353570661424,12.85888020648172,[ 0.16975443  0.2480843  -0.95374924],[-0.67681775  0.73280079  0.07014795],[0.7163108  0.63360649 0.29230404]
77,108.65632693428184,12.31101325832655,46.04780065004826,9.756065055430017,6.671796590188616,5.114334876860424,9.972000658091211,1046.5304770992254,1045.5163714928817,72.43467422108145,[-0.39822675  0.34551083  0.84972803],[-0.0457995  -0.93268307  0.35777744],[-0.91614293 -0.10355942 -0.38724357]
16,171.81578209664207,180.51309249604046,156.60218509047297,2.3726191289492182,3.4867767672998946,4.54412124512497,4.985001263583268,1177.553795323387,1177.5122155390359,14.774225899967526,[-0.45184183  0.78984281 -0.41471351],[-0.67465888  0.00161109  0.73812791],[0.58367316 0.61330721 0.5321465 ]
76,147.40866328866431,28.545956021581944,85.6512672515898,4.701340800237209,7.033927407143239,5.614320363521093,5.396409223061617,1508.9478167161174,1508.255481879577,75.64665749004836,[-0.46608939 -0.18841128  0.8644431 ],[ 0.23612651 -0.96811151 -0.08369212],[-0.85264585 -0.16510992 -0.4957154 ]
17,184.4086397859688,90.83080347178567,167.5629693944073,3.3548236622907295,2.0028080655812164,2.2416779142952015,2.092154266400072,1093.6092549334323,1093.5260543281984,16.428233866907863,[ 0.32134833 -0.93452696  0.15295297],[-0.64279665 -0.09665907  0.75991413],[-0.69537595 -0.34251479 -0.63177203]
2,116.64433398405163,123.1026927972627,77.01031515674279,0.06835513210508992,0.6526360972736356,1.029184173263232,0.04862435584870184,263.4093851457199,263.4037381268224,1.7247967018193378,[ 0.77899222 -0.5516514  -0.29808027],[-0.03107663 -0.50876392  0.860345  ],[0.62626301 0.66093873 0.4134666 ]
10,178.36487874648358,13.463958435334513,32.5595727334545,1.3599076385053583,1.4217263955416504,1.5415041188400804,1.165571217846277,574.9766527454881,574.9666681207423,6.985385665948422,[-0.12773858  0.94203218  0.31025509],[-0.14568731 -0.32724643  0.93364071],[0.98104947 0.07406171 0.17904413]
78,144.32458006165638,90.97512016869946,97.38077211044605,4.207728503625438,5.970783500306477,5.573882425134766,5.146120171377766,1736.2725650755249,1736.0563447901916,67.31403586273778,[-0.63865034  0.71892176  0.27436699],[-0.22925534 -0.51812852  0.82400535],[-0.73455275 -0.4633512  -0.49571961]
2,197.51801114839571,15.906547591540832,167.92995327674214,0.4515877831476445,1.582689600136555,0.6478050515566025,0.021505215011444534,367.34175009413127,367.333234691188,2.501210412554555,[ 0.60098396 -0.44360737 -0.66485396],[-0.24608602 -0.89412649  0.37413833],[0.76043406 0.06123987 0.64652125]
74,27.674395999926766,108.39866710787332,192.87436583987537,4.486768188948916,3.5348553414201125,4.151714217954135,4.267495257881598,1918.797882740876,1918.6767384055559,48.37655353178971,[ 0.22239557 -0.86323311  0.45317636],[-0.96700844 -0.13607436  0.21535655],[-0.12423722 -0.48611971 -0.86501603]
21,44.413695490493936,17.101195988541534,133.16795965891347,3.362495333760884,5.872125176148208,2.587654014769888,3.2458102905420754,648.8648950864214,648.2665186479187,29.596943838451725,[-0.86295405  0.44993478  0.2299326 ],[-0.39567601 -0.8847501   0.24628794],[-0.3142464  -0.12155636 -0.94152708]
18,24.70552751655397,80.54174886934473,67.41437464615589,2.141312866982427,3.031264282679787,3.7845488345330427,3.4221661043614087,458.1912909164635,458.1385308931203,17.162166753019626,[-0.82550261 -0.19195178  0.53075413],[ 0.51613454 -0.63724236  0.57230002],[-0.22836501 -0.7463757  -0.62511818]
37,47.02135221757302,150.82847125603195,185.83452624908122,3.0130279855781485,3.409767162143936,4.283119146198895,4.328724997638513,1484.0778513498776,1484.00069621441,27.43791555979148,[-0.20654676 -0.73352643  0.64751634],[-0.95929386  0.28208428  0.01355524],[-0.19259731 -0.61835866 -0.761931  ]
3,175.3956561857623,91.54626736254379,42.607046539319306,0.7247475598832426,0.7980415964950462,0.8328809691806864,0.7640022572219883,350.54915952976813,350.5437131444471,1.954737459289012,[ 0.46425239 -0.57654844 -0.67235528],[ 0.18275136 -0.68042989  0.70965985],[0.86664391 0.45233512 0.21052619]
13,81.36100366852529,3.1225076654368653,24.838129235451063,3.7436956080608574,2.3245083870578696,3.209247401209948,2.9409213024890275,307.4583468014352,307.2018181535022,16.515414894937116,[ 0.11028103 -0.96443538 -0.24021343],[-0.27141304 -0.26172408  0.92619408],[-0.95612397 -0.03694458 -0.29062354]
12,35.3301209839776,102.6273617379557,179.7626007167769,1.8086060487325835,1.596072320485295,1.4356929007506716,2.0476311068078092,727.4798036776215,727.4629151055302,6.663798492132115,[-0.3744393   0.83502952 -0.40313883],[-0.91185152 -0.25269023  0.32353432],[0.16829146 0.48874672 0.85604009]
68,65.15104423542266,74.2320599478089,173.39127388599766,4.9940677323204845,5.175162527993978,5.44905869119813,6.610937583287501,1647.0084654783864,1646.6182792384984,50.479983863824266,[-0.73627598 -0.47620281  0.48075832],[ 0.59259336 -0.79676168  0.11833827],[-0.32669679 -0.37202381 -0.86883111]
19,51.65136869890801,193.94472907436725,100.64736977365554,4.2150781352102396,2.661114906478783,2.4072259382344576,2.4035796045325926,978.9367241982619,978.7961266548484,21.758612148000395,[ 0.52531205 -0.49795948  0.68998812],[-0.8191891  -0.07661782  0.56838273],[-0.23016618 -0.86380904 -0.44817125]
5,148.6617531657407,133.54037109703313,25.133628622013187,0.8010833549214703,1.454780076192794,0.7575800425052284,1.499314424027448,450.37808184934397,450.3753367295007,2.329908659349528,[ 0.46106006 -0.36064393 -0.81077714],[-0.49257733  0.65597391 -0.57189667],[0.73809972 0.66304915 0.12479835]
17,135.23069611063275,30.17274878891122,195.6722278912715,3.5144374741568454,1.4568209849218878,2.984828549158512,2.183212974587943,988.7463619838782,988.6160980627402,17.775983034858307,[-0.12366539 -0.96431016  0.23412131],[-0.8164514   0.23297435  0.52832761],[-0.56401594 -0.12581283 -0.81612325]
4,189.39238703040596,136.85343326236867,117.67677836670629,0.9807327912735951,0.8235765583907576,1.7408465874550243,1.2482687586941281,523.2604809355983,523.2520123552343,3.5308601689652797,[ 0.61382412 -0.78598168 -0.07384272],[-0.31491312 -0.32955771  0.89006822],[0.72391276 0.5230913  0.44980642]
13,106.16343351234913,24.581252205322205,142.52265679910357,4.252319891947101,2.3850239045911454,1.8893213445129546,3.859181458556549,647.097857236561,647.0641332140242,12.70198461423945,[-0.39336274  0.90922798  0.13627266],[-0.70345853 -0.39308805  0.5921384 ],[0.59195595 0.13706302 0.79423037]
132,155.15408355218918,149.1797134490487,177.6029110591353,7.3315034901965,7.567327185651091,5.169728152234124,4.654391092656937,3208.4221476911894,3206.992734847681,123.74853042907749,[-0.3272157  -0.56311608  0.75883474],[-0.76414214  0.63009632  0.13807758],[-0.55589268 -0.53467646 -0.63647813]
59,154.15113669566486,53.54328583539361,169.9058855586096,8.328634375314296,4.778381984429931,4.799255698725413,8.667495243593121,1811.1991430539579,1810.9387565286186,48.54773482088649,[-0.37050837 -0.73479221  0.56815839],[-0.658885    0.63906458  0.39682114],[-0.65467099 -0.22732548 -0.72092234]
119,52.30734891988949,157.4055188984011,98.36259843056781,5.2121218644999905,5.58969249467168,7.244332232393806,6.499878618429625,2106.310618663713,2105.326116248762,90.19853715919457,[-0.8110034  -0.09189514  0.57777918],[ 0.51838429 -0.57068215  0.63686703],[-0.27120328 -0.81601297 -0.51046216]
26,156.78046703782678,166.54285664754013,8.07585650712739,3.2199576571633304,4.939576171835007,4.752283613169913,2.7182082893628206,1167.5276629883306,1167.2270859008015,36.04110882177723,[-0.50184777  0.43631349  0.74684628],[-0.5282316   0.52913191 -0.66407138],[-0.6849235  -0.72777054 -0.0350691 ]
8,19.155984585236418,74.69241750586005,191.9881424089785,1.4629193570339647,2.647516278928228,1.316264124901533,1.446352264268028,585.2450130753195,585.2160817825463,8.379593341596033,[-0.99500967  0.06839319  0.07265069],[-0.03723404 -0.93003418  0.36558181],[-0.09257094 -0.36105236 -0.92793956]
68,69.87006639053777,163.00841679798145,119.07227141705326,7.403537445553102,3.169549584693059,7.566811316198512,3.963193483504437,1763.7373301883808,1761.958285968927,85.22208158595903,[ 0.50140082 -0.64011168  0.58211189],[-0.80117968 -0.08948277  0.59169583],[-0.32666243 -0.76305299 -0.55771121]
18,100.1964041869878,57.763954504848165,18.872099503752338,2.551254332531329,2.2477148000296028,3.1566821029173724,2.046303598982045,497.4830040774894,497.32119857109006,17.73734066379273,[-0.46536878  0.59244106  0.65760588],[ 0.22849412 -0.63736524  0.73590488],[-0.8551154  -0.49272623 -0.16124058]
76,128.38575120510194,6.598923513105939,145.44695340503606,4.780990561229238,4.124578686153282,4.606512580555599,4.464051384201997,1693.4063431005884,1692.943388090538,56.172223588290635,[ 0.43910346 -0.82744255 -0.35003854],[-0.60806041 -0.56051867  0.56221113],[-0.66140055 -0.03402428 -0.74926075]
67,51.19122859362194,57.09771379577459,140.92274424140464,10.559659653300983,5.339480821824601,5.622057906550699,4.5196094212187425,1317.0017064243973,1314.2989689889682,101.34282831952596,[ 0.36335635 -0.90197257  0.2332759 ],[ 0.87514852  0.24457554 -0.41748996],[0.31951091 0.35584869 0.87822804]
9,117.9768499278356,109.65951728299306,67.69807449455534,0.9954745717546002,2.479499401005137,2.0994027393552623,2.1988307090739156,524.2336406679168,524.2220909529104,7.752076177574138,[ 0.72369321 -0.66537944 -0.18313473],[-0.14286917 -0.40406487  0.90350428],[0.67517148 0.62769561 0.38748121]
35,192.75790450060072,177.7046003613772,136.71885321341912,3.2716927686113477,3.9928673669384556,4.470685729359586,5.608394308281328,1749.692196157584,1749.6196501669442,23.092148615668247,[ 0.11165905 -0.67926941  0.72534497],[ 0.75009546 -0.42116414 -0.50987995],[0.65183514 0.60101068 0.46249012]
58,31.281587257663137,17.305152742832778,5.623535587273792,3.7249881564605896,8.248798525352145,4.264928079787069,4.6368504256686744,284.9536476353742,279.3839479156572,65.38834199950925,[ 0.00404158 -0.32272925  0.9464827 ],[-0.51971188  0.80794581  0.27771052],[-0.85433204 -0.49302069 -0.16446085]
70,127.31302471003926,92.8638133709649,166.34691855291794,4.7450364946580645,5.7281140874756975,3.3277757235859524,3.3232761614842996,1918.0303724985642,1917.5716001491453,62.26998403808307,[-0.73414338 -0.1705917   0.65721531],[ 0.39016304 -0.89815674  0.20269997],[-0.55570343 -0.40523197 -0.7259344 ]
