N,MEAN_X,MEAN_Y,MEAN_Z,SIGMA_X,SIGMA_Y,SIGMA_Z,SIGMA_R,LAMBDA_1,LAMBDA_2,LAMBDA_3,EIGEN_1,EIGEN_2,EIGEN_3
155,167.6455184598919,153.18590919001727,140.06755636152417,7.487433918871579,6.302887013107559,6.989052005780942,7.04144047709261,3324.6595043715156,3323.4844253590154,121.59274943741622,[-0.62674469 -0.02628487  0.77878122],[ 0.46068276 -0.81856011  0.34311913],[-0.6284604  -0.57381918 -0.52513719]
293,54.677715069898404,41.78463720856462,101.77951571835727,8.74058047103651,8.378142177996759,10.347541601644831,8.867769432041545,2117.494873071839,2111.867937213212,224.40373284498818,[-0.03455036 -0.91740271  0.39645749],[-0.8963721   0.20387128  0.39364141],[-0.44195399 -0.34177298 -0.82937802]
485,99.25628945380656,130.5329176404038,168.55932677083212,9.140529006917346,9.520910631287958,7.397222454366111,9.861548147103639,5187.370792068926,5185.901366960468,251.93834325025114,[ 0.01608526 -0.79477449  0.60669167],[-0.90642672  0.24453366  0.34437464],[-0.42205671 -0.55546089 -0.71647144]
95,145.20950412550192,94.63414337638395,96.58773868535494,4.270106164516598,4.523260878585932,5.72554039268692,3.807159004658932,1935.2473373296148,1934.782951297744,73.68436696024203,[-0.59563666  0.79471122  0.11683771],[-0.33114171 -0.37546014  0.8656644 ],[-0.73182111 -0.47693161 -0.48679986]
5,196.16120814122814,80.20647706977162,170.174103033792,1.5481645866570453,1.7075591892276347,1.3489383357277633,1.3786222245106035,607.7695550970224,607.7635698142096,5.115861332144438,[-0.15922949  0.95107828 -0.26475665],[-0.67361286  0.09138766  0.73341258],[0.72172826 0.2951244  0.62610695]
360,31.68868528990115,13.644267869830669,109.33800018699095,13.644563281662965,7.455079475481437,12.260182664853726,12.222413850475014,2202.812585880642,2191.7702488079913,300.9069115884571,[ 0.11950677 -0.98900472  0.0871079 ],[-0.95362788 -0.0899331   0.2872384 ],[-0.27624625 -0.11739546 -0.9538901 ]
71,63.28736890002787,72.83513905920263,171.64892006519003,6.253523199341456,5.751462009067123,6.10934250284699,7.579820789129639,1661.198107635081,1660.7583604732217,60.861884394261565,[-0.64469454 -0.58855961  0.48781814],[-0.69342227  0.71885598 -0.04910839],[-0.32176778 -0.36992387 -0.87156286]
62,28.022974183306122,18.00816376610121,190.22317960288564,3.00925676799488,6.295931102614238,4.615085597296289,4.690105433478637,1521.8376324694034,1521.2597566212517,54.48488172119809,[-0.98847584  0.05739036  0.14007805],[-0.04343217 -0.99396374  0.10074587],[-0.14501435 -0.09350096 -0.98500173]
753,179.0033651108016,92.22422337381532,67.48905557539305,11.98444417150304,13.271183654072434,10.369994068191335,15.464490761253973,5849.559293936335,5848.98632634516,373.5659643907369,[-0.5049625   0.84392003  0.18114044],[-0.18914233 -0.31295076  0.9307454 ],[-0.84216272 -0.4357302  -0.31764939]
141,57.36715692254776,49.595696753253236,181.4650218335603,6.650158879717075,5.164352683466744,9.856411823224615,8.321987716693311,2339.532266745872,2338.3474076897114,118.09730513983757,[ 0.2278743 -0.9552026  0.188842 ],[-0.92929118 -0.15545614  0.33503923],[-0.2906737  -0.25183603 -0.92308581]
202,189.12922629967576,32.242646958544164,64.87662462166189,5.119940317629243,6.710073988184705,6.239733578351258,4.609076629009105,2880.9256936747515,2880.6600170323277,134.23957439915628,[-0.35752427  0.39488647  0.84631027],[ 0.00815925 -0.90485172  0.42564866],[-0.9338682  -0.15908498 -0.32028448]
16,167.77185495232288,166.155846144098,49.784601475983706,3.3321987118926337,2.19918535998517,2.387067872704471,3.0023020644301006,965.4012000040358,965.3855040106425,14.181524388128484,[ 0.56294499 -0.34322366 -0.75185801],[ 0.44685431 -0.63887698  0.62622475],[0.69527992 0.68850107 0.20628162]
113,74.91405492051734,135.15647592453345,75.70915363201043,8.696791562864375,5.67520267474294,5.415188338209179,6.734397930921535,1832.9582302139906,1831.1462509024345,101.55256488503471,[-0.44402285 -0.23772463  0.86390434],[-0.78276315  0.57211169 -0.24488786],[-0.43603389 -0.78496829 -0.44011275]
87,102.64305159599219,57.22818417752806,8.742156215590862,6.668928230781668,7.016293954475896,6.882113823584014,4.522967467147066,1102.8169942144289,1101.9246316935598,102.25157076496437,[-0.10983231  0.0469733   0.99283955],[-0.47794578  0.87332459 -0.09419128],[-0.87149567 -0.48486872 -0.07346856]
389,161.72670041471642,179.17262212891208,179.71641119796956,13.668123286284372,11.454209784672427,13.166069277475357,10.699201346304811,5948.755380415679,5941.569850263546,381.0134349043724,[-0.69950939  0.71032519 -0.07826072],[-0.47043488 -0.37527877  0.79865942],[-0.53793832 -0.59548634 -0.59667277]
330,93.87826447042671,87.51070513530776,83.79877604319002,12.360193781641541,15.141860017857844,6.324662322277111,8.51626504081093,2806.6121454723784,2791.4136618216135,339.40168193225924,[-0.38352563 -0.38931052  0.83746368],[ 0.69203155 -0.72162915 -0.01853929],[0.61155574 0.572441   0.54617843]
31,152.76797379985257,10.890955654597665,65.73534179933378,7.182822284985036,2.3824900712639,2.3597718354553283,6.808007788566102,928.9168333972813,928.8276509454753,22.635536368921546,[-0.15710181 -0.8484696   0.50538931],[-0.3670856   0.52524803  0.7676996 ],[-0.91682451 -0.06491414 -0.39397839]
1828,89.88010864087184,121.84671062438358,141.05702325416507,15.515425513665207,36.968687804354204,11.806778681861227,25.56419403439544,9006.081831980877,8938.044387930104,1394.9685511040436,[-0.89009123  0.16585642  0.42453415],[ 0.14329145 -0.78238294  0.60608951],[-0.43267211 -0.60030707 -0.67262639]
4,42.92671512668227,21.822615197947563,162.73069317486153,1.515419215640553,0.8952712030990245,2.773128521823991,2.3377685542399074,339.47259596112116,339.4480710073094,4.618757101200376,[-0.06656317 -0.98646697  0.14984082],[-0.96523216  0.10170637  0.24079597],[-0.25277704 -0.12860303 -0.95893953]
90,59.9538193041045,189.30539144401143,73.31539433188445,8.387454557179053,4.477354378977905,7.692740980987309,4.424011025020111,2010.483312450765,2009.5413411672841,108.29960196804436,[-0.54430297 -0.14769732  0.82578434],[-0.78959949  0.42265096 -0.44485819],[-0.28331418 -0.89417653 -0.3466719 ]
3,180.04666363645188,174.89392553206747,199.21748783465202,0.8467495970670116,0.084066377614382,0.18270153493199287,0.5814411042384596,555.0487341637382,555.0477007994426,1.1222898500539555,[-0.00845785 -0.74766503  0.66402219],[ 0.82719763 -0.37833713 -0.41545769],[0.56184743 0.54576371 0.62166666]
75,75.47729650834894,132.74042454907857,10.36228329862273,4.466990077576262,12.469547984824388,3.0240973244833813,10.057047913655314,1330.4460707096962,1328.5325797629307,78.96634192229506,[ 0.00751966 -0.08223748  0.99658439],[-0.87142328  0.48828763  0.04686844],[-0.49047417 -0.86879928 -0.0679919 ]
74,141.0148687728089,188.60172599566192,49.97618629194988,4.472926389743255,3.930725563984316,6.105313495196852,4.566084312710851,2072.0436403954664,2071.3885837088383,62.09326536596847,[-0.71701926  0.62034069 -0.31790061],[-0.37777551  0.03744739  0.92513964],[-0.58580631 -0.78343801 -0.20749902]
7,16.67776037357596,60.06131517735806,88.292320960936,1.344305163302095,2.030778895863743,1.7910796932399105,1.2587902324098499,286.04766298556007,285.9831884410095,7.273514036610814,[-0.95231827  0.30393039 -0.02676259],[-0.26316046 -0.77384173  0.57612112],[-0.15439071 -0.55569352 -0.81692608]
42,158.08942056115504,103.44216185757429,27.03711968523695,5.868475487687788,3.7333284646197464,3.915043189669276,5.086205918347531,1237.7936045895785,1237.417669188047,39.92492258501323,[ 0.21417585 -0.54029085  0.81376563],[-0.51743852  0.64384963  0.56366216],[-0.82848421 -0.5417965  -0.14167025]
11,177.3992587296958,62.32905345138872,67.85589367305822,3.1115764112643527,1.514880929768598,3.61682686580891,2.066173117016637,663.1831947768144,663.0442409421978,15.097347022670066,[ 0.28761094 -0.95009729  0.12081008],[-0.36004822  0.00962847  0.93288401],[-0.88749379 -0.3118051  -0.33931158]
80,110.23843076797068,10.973043530258122,45.09554140781733,9.834675742647512,6.788383141715721,4.238515079532895,9.628409263722352,1075.181890681648,1073.8883712231423,74.26233039607092,[-0.38630486  0.25146325  0.88743157],[-0.01443539 -0.96365023  0.2667768 ],[-0.92225819 -0.09024675 -0.37589274]
19,3.4176440502440273,27.66802286395797,12.34560283898511,2.077879083332646,2.8185968938186705,2.309804049723888,2.534876138471027,133.8429677735139,133.67663456844585,14.513221815398719,[-0.98884361  0.14177175 -0.0457066 ],[-0.09866803 -0.39352924  0.91400184],[-0.11159276 -0.90831465 -0.40312721]
57,42.55917165700171,18.702944172234655,3.140562485287609,11.953285815054613,9.52366777970391,2.33290479980397,13.62538581127654,370.27769122879147,367.3756647090798,51.63469271624582,[-0.08479024  0.02480295  0.99609007],[-0.41100208  0.90981036 -0.05764031],[-0.90768271 -0.41428242 -0.06694898]
404,113.74272229144142,41.214808376816706,170.77523898826877,13.343058506299782,12.335797674731372,11.675040482613731,10.449670155700126,4224.823435609969,4215.7131658952085,382.3293800647443,[-0.29533565 -0.8645472   0.40661407],[-0.78619991  0.46173914  0.41071482],[-0.54283197 -0.19838122 -0.81607496]
7,3.9662228878692085,181.8775964815074,123.9062621450811,1.3760074818752044,2.974183151394242,1.863440057657922,3.3777063083960037,582.43535169458,582.4258381159915,4.416529000854708,[ 0.43025162  0.50180657 -0.75038237],[-0.90252915  0.2557171  -0.34648217],[0.01801857 0.82631648 0.56291775]
10,17.216484393128855,53.30778505184871,76.01179272086898,1.5904138870141329,2.3989180253220432,1.8840694097631097,1.6050092281470305,298.77502123284796,298.65687226525336,9.624783634659819,[-0.86785226 -0.29245917  0.40162182],[ 0.46217125 -0.77184564  0.4366372 ],[-0.1822915  -0.56455464 -0.8050142 ]
24,115.64008639463229,87.83358403292762,33.742881844262115,1.9965772202783816,4.755755385349615,3.5151351518522476,3.530784776101182,730.8322032551047,730.7274875933974,25.24484401950525,[-0.11357168 -0.22272331  0.96824367],[-0.62119403  0.77648879  0.10575035],[-0.77538342 -0.58945694 -0.22654153]
184,168.55953601743676,127.00803050098162,84.39296679357425,8.078399014599373,4.447086027726215,7.098201794080403,8.49532344553686,3086.5588778670776,3086.15554528176,107.4633116507391,[ 0.40756083 -0.81516988  0.41157288],[-0.53269639  0.15384196  0.83220623],[-0.74170664 -0.55841804 -0.3715381 ]
207,132.69916478597057,10.647505483240236,130.97124444443193,7.88291484813384,6.398324182249996,12.790835985505884,10.605437404602844,2696.2952305491312,2691.927264524616,180.42024007043668,[ 0.3258768  -0.91024833 -0.25544527],[ 0.62472266  0.41012733 -0.66446758],[0.70959559 0.05695212 0.70230375]
106,187.0571160502643,12.474655436393691,117.06749343901504,4.7130418812023605,4.769130462666472,13.920380642429846,8.000262681588072,2280.644449210011,2277.5026337931245,136.45378068593996,[-0.00334651 -0.99377678  0.11133959],[-0.53394161  0.09591606  0.84006337],[-0.84551473 -0.05663756 -0.53093976]
23,2.169111578165924,91.5329077388483,67.81035933278874,1.6072125669435822,6.238024447619763,2.798576921707017,5.123424531045014,547.4051474323093,547.011622935099,23.048725048621588,[-0.98758746 -0.07767334  0.13652057],[ 0.15592857 -0.58942477  0.79263152],[-0.01890227 -0.8040804  -0.59422   ]
384,15.991703507877304,188.35335227229174,107.72954370404197,8.093039242192246,6.53717454777212,10.073990799783655,7.422781389036655,4270.152273037396,4268.879473248449,243.72533320634224,[-0.99684802  0.04958173  0.06193286],[ 0.02902898 -0.49855716  0.86637063],[-0.07383322 -0.8654377  -0.49554641]
21,164.9533806559674,80.55662075322687,21.630666002882975,3.8123557331270326,4.087710739799774,4.181368580258004,2.4221353618080066,847.4423657091086,847.3481723312814,29.96178555452336,[ 0.10858884 -0.45888853  0.88183319],[-0.43783047  0.77432808  0.45685939],[-0.89247574 -0.43570328 -0.11683199]
19,129.22659957127223,146.38515954312936,4.552690247368841,2.761846263175627,1.5026535873576408,1.9671244654596172,1.916057608359047,851.4796138084098,851.4519570754303,13.829732372152,[-0.1025863   0.05965952  0.99293343],[ 0.74274091 -0.6593915   0.11635626],[0.66167363 0.74942884 0.02333296]
3,48.1117860412403,47.06765256700396,153.30032729728404,0.667246717541646,0.25382649910126737,1.449821873229146,1.1443818521509168,290.00113306001737,289.99604929098797,1.973154569735675,[-0.44124922  0.88733135 -0.13394851],[-0.8501411  -0.36554341  0.37899621],[0.28733122 0.28110692 0.91565259]
111,181.41079944698566,167.95383123176575,158.75693492755394,8.80983838817138,7.081282115947113,3.9943042077993494,9.246923173889163,3097.517283381608,3097.474512226739,80.34766589581719,[ 0.66924384 -0.02151007 -0.74273145],[ 0.41297853 -0.82020408  0.3958712 ],[0.61770658 0.5716665  0.54003333]
81,44.289200880405375,88.53570313454178,185.33210523250597,7.49846689320124,5.656389073808649,4.689752802344151,5.273913797068382,1892.9579994314017,1892.0690688724903,81.42896514205471,[ 0.55412125 -0.79490851  0.24712367],[-0.80518335 -0.43647783  0.40145595],[-0.21125675 -0.42143513 -0.88190873]
2,93.77198379450951,70.76510395253324,189.56970144772924,0.6929370386752112,1.1927068814409552,0.7392149065688614,0.541236788299372,315.4045203838224,315.3976840492411,2.07662585075633,[ 0.85016013  0.1894526  -0.49125907],[ 0.31690983 -0.92921185  0.19008811],[0.42047106 0.31729016 0.85001826]
269,15.71509254650753,25.48648817738509,143.33042770698862,7.457419205485347,11.015288819653792,7.140183134612017,6.379636799120126,2410.955014511459,2406.9135291454204,226.901082070812,[-0.98898944  0.12031953  0.08615739],[-0.10288915 -0.97751552  0.18405769],[-0.10636592 -0.17316645 -0.9791321 ]
468,114.50184223200556,141.24189014868892,90.72074327955924,9.954797574796894,13.026708850557046,11.678714202312841,8.37656542646138,4411.874044639466,4405.035677293201,397.373639208888,[ 0.74055277 -0.18537512 -0.64592388],[ 0.36649803 -0.694248    0.61943434],[0.56325908 0.69545365 0.44618766]
88,179.41641128412385,124.19368475847604,119.20737651577801,5.21061632424505,5.203143035677551,9.903879129978165,4.421338869499991,2335.005129760739,2333.248816313881,107.97242217505863,[-0.63964275  0.74586122  0.18587144],[-0.26490301 -0.44089005  0.85757936],[-0.72158406 -0.49930651 -0.479593  ]
29,54.03896295835143,4.3306121855020665,57.291549141420106,5.4536464536094815,1.9735324545322526,3.3545430945185295,5.095192639320225,426.16500982003544,425.7605638307207,23.441379267382793,[ 0.15401587 -0.98550349 -0.07114764],[-0.71087105 -0.1605314   0.68475691],[-0.68625175 -0.05488663 -0.72529028]
21,41.9122819160515,4.907869869089754,153.87238837455465,3.2039133218163287,2.3306085343968896,3.7230009832855577,3.717371776412847,731.5481997105389,731.4073195330786,18.28650867739769,[ 0.50054436 -0.85881483 -0.10905241],[-0.82490007 -0.51136947  0.24091729],[-0.26266941 -0.03063245 -0.96439952]
484,106.96845781954357,108.79785747503985,187.31693956343832,14.900736189465736,13.804425430128797,6.601297334355712,11.80694794908964,5330.905231360423,5326.283827327143,390.95373144357956,[ 0.50865196 -0.83805223  0.19733635],[-0.73778317 -0.30612752  0.60163273],[-0.44378956 -0.45161311 -0.77401319]
273,50.98401508297957,100.00515410062019,125.96220664104153,6.652070710017979,13.500628846441842,8.505839627097558,12.189173473813787,2800.6687506631665,2796.598436078751,203.44094805307333,[ 0.79766198  0.27170291 -0.53843559],[ 0.52271095 -0.75679221  0.39247778],[0.30084651 0.59451078 0.74568647]
4,55.21100242668662,73.11337099521978,51.38592348679403,0.5532922704344163,0.3260832453180587,0.7238074974337779,0.761148450603625,210.09707089955637,210.09509310555964,1.1945921371108963,[ 0.70687734 -0.67725385  0.20408736],[-0.4733587  -0.23853549  0.84795776],[0.52560058 0.69600865 0.48919933]
14,165.12958958191416,32.84168474878134,29.262095974774667,2.0287671478528675,4.216593086203991,3.017810755980604,2.2177055024817824,639.7358593454784,639.4661666789235,19.044920105826662,[-0.25391378  0.60235801  0.75676457],[ 0.04252789 -0.77469705  0.63090083],[-0.96629145 -0.19237801 -0.17108924]
18,194.44991623633135,138.18522570162435,5.5677034589447505,2.769630963420828,2.5245034743225236,2.2141319713530185,3.2952526113910228,1012.4964667874981,1012.4804675465551,12.066766682091787,[ 0.54879179 -0.78394057  0.29028391],[-0.18643348  0.22372668  0.95665508],[0.81490498 0.57912309 0.02337341]
138,129.3992477705964,47.80976197407273,27.57524557644605,5.7379968685235445,10.390483606182016,5.079001206402872,7.590107296330967,1658.6863608544916,1655.9214470397405,121.73779300434845,[-0.13002367 -0.20728517  0.96960131],[-0.37216692  0.91660347  0.14604745],[-0.9190134  -0.34186391 -0.19632483]
5,178.56158520003382,19.00941825744251,73.10382327033463,2.666354384402569,1.0464444270977258,1.1841159546245965,2.819153573993558,433.58266172867604,433.5798540531774,2.8841833542084294,[ 0.33356083  0.30157313 -0.89319137],[ 0.20128146 -0.94838837 -0.24504137],[0.9209902  0.09804666 0.37704629]
5,4.53076586209288,99.86901986883262,30.445024264337594,1.2958453784247237,1.7655712680365634,0.8848064325622371,1.885185450185784,233.739007631995,233.7185406994678,3.1619856689154577,[ 0.28325025 -0.29139823  0.91370475],[-0.95807165 -0.04304033  0.28327768],[-0.04322046 -0.95563309 -0.29137157]
32,63.97766251191504,162.99836078519317,38.55503470136323,2.9935451133591666,4.874918116032386,3.6336136876542477,4.4187975749097905,1014.8698787583935,1014.6957530372835,29.144125133050476,[ 0.65941087 -0.40792104  0.63148851],[-0.66182679  0.0834513   0.74499744],[-0.35659866 -0.90919542 -0.21494438]
30,163.54554084671858,79.92808523792101,161.68465329207405,5.483975914583036,4.9789286718044945,4.170756607341258,4.096329754138387,1334.2712474651948,1333.8035531049757,40.96397143062644,[-0.28309141 -0.7146406   0.63964683],[-0.68458218  0.61765953  0.38709681],[-0.67171905 -0.32830704 -0.66408433]
145,172.85129157482677,28.58146691092318,114.16379243740657,9.717988560716368,5.086659234013151,15.725327069083274,8.769083137501994,2528.080551010411,2520.7216538042394,206.03080255626716,[ 0.04556001 -0.98309575  0.1773331 ],[-0.56182987  0.12156471  0.81827209],[-0.82599727 -0.13691152 -0.54679407]
2,117.32749711901073,8.899066167126923,24.229019853704592,0.025183818710708294,1.3028905890905436,1.9829485299629805,0.5209430614924742,169.92710557714994,169.89556760087675,3.273731724467097,[-0.05005954 -0.83440249  0.54887751],[-0.20902686  0.54614866  0.81119012],[-0.97662778 -0.07412233 -0.20175249]
93,157.57675505324872,28.283085464209826,83.3158918958491,10.832753508050644,4.419112320179197,4.80639709005417,9.9614783269946,1744.2710216027604,1743.5620920634228,75.1004819313555,[ 0.04447387 -0.9684919   0.24504185],[-0.4844953   0.19359836  0.85310256],[-0.87366262 -0.15666239 -0.46061971]
528,113.19844477905372,120.42344894652247,40.925911381739056,14.395599790278853,8.422952407330918,18.357350963078414,13.402012831279457,3945.8773195740164,3931.5721463669565,486.3272550889607,[-0.74492482  0.61792773  0.25150015],[ 0.02745496 -0.3482645   0.93699416],[-0.66658325 -0.70489514 -0.24246569]
96,41.0378415164568,55.301560488820996,80.46016037880193,5.939797745681192,4.082802329179141,4.043304835803561,5.382872321969499,1040.4300923985345,1039.4048697708554,61.3788104171136,[-0.43873301 -0.62006894  0.65040592],[-0.81028046  0.58591915  0.01201323],[-0.38853432 -0.52174061 -0.75949182]
98,14.853490332267057,81.70195984515485,50.54692700967432,6.9006643827054885,7.616875479644055,4.921245801955441,7.129119835438922,968.0230944901061,965.9087617052342,88.12147813683004,[ 0.71997932 -0.45557332  0.52352912],[-0.67626342 -0.29111705  0.67669687],[0.15587678 0.84125134 0.51768582]
159,14.389585599581245,118.98122022127659,110.62995294082756,5.612343188575265,7.065553240753247,14.622869008151785,9.002301200453637,2066.8610184630493,2061.050652111107,183.47877198468424,[-0.99517748  0.09372187  0.02894813],[-0.04271325 -0.67971375  0.73223275],[-0.08830267 -0.72746507 -0.68043898]
20,5.050170213122387,62.715334292788135,88.93297428633983,2.2117143913873596,5.052145481789962,3.1733624885918776,2.875270285086346,487.9255060371269,487.4554481212378,25.435833336552978,[-0.99786263  0.06434364  0.01140454],[-0.04594272 -0.8149022   0.57777475],[-0.04646971 -0.57601588 -0.81611658]
13,24.579885336081457,79.83587056968483,68.17883359841575,2.744507906779511,3.194127771598023,2.8597808952539774,3.0655989659116107,389.1362296866652,388.9968195876158,14.551948944610366,[-0.36229791 -0.538508    0.76075578],[-0.90392459  0.40203946 -0.14589245],[-0.22728959 -0.74052238 -0.63242868]
38,32.86400030651174,40.36007749719518,184.9664239260441,4.482675749440353,4.560873699640201,2.7873168472564727,2.7800788897316617,1185.0964941725001,1184.7919728544862,39.38413163799377,[-0.6823926  -0.67948398  0.26952155],[-0.71070156  0.70296899 -0.02716413],[-0.1710077  -0.21008598 -0.96261116]
93,136.38203467248326,168.2062850468299,144.35311958150967,4.21895412104053,7.147769044046366,7.130828698285752,4.580594075591247,2511.581659331734,2510.5836691611394,95.96195005698031,[-0.83738718  0.5100133   0.19664473],[-0.15572152 -0.56743307  0.80856077],[-0.52395947 -0.6464566  -0.55458123]
7,96.23088190667457,52.88394140693333,110.82530002864533,2.0121412801266723,3.284189545854252,1.7759568399777477,2.238295647247526,412.8803816393867,412.8451689721787,9.553641629134592,[-0.78682798  0.24117977  0.56809687],[ 0.02135847 -0.90929106  0.41561231],[-0.61680268 -0.33914907 -0.71030441]
22,127.31063801748552,114.58833050101951,144.559418163742,2.569848685849328,3.558005156213052,2.8144964802816146,2.991611479868217,1051.5183454315631,1051.4198667194526,20.039554033620234,[-0.59019256 -0.29320674  0.752132  ],[ 0.57365686 -0.80785833  0.13521364],[-0.56797055 -0.51126777 -0.64499203]
3,65.34948801637212,11.8209182509992,155.5452538761748,1.0864783860078966,0.7593998134539388,0.18950457549258826,0.37071087220915433,292.94915105880534,292.94073360007593,2.2302192837573753,[-0.54987918  0.81799767  0.16885705],[-0.74049174 -0.57095852  0.35451142],[0.38639989 0.0699012  0.91967872]
94,152.74296715781404,150.74713256580898,177.93889875276525,7.834846267015642,8.082641545034333,5.013094457939395,4.408451339514945,2705.0651935089554,2703.6295605396476,111.44835345456725,[-0.27420074 -0.60470362  0.74776165],[-0.79043766  0.58459729  0.18290522],[-0.54774288 -0.54090622 -0.63827752]
59,196.11095790104497,65.95548698641711,110.85208453322986,2.283202534477112,6.913748869804465,9.030675093998505,4.83535066830713,1804.7516522888989,1803.826924544651,80.63063984711418,[-0.03330197 -0.83201771  0.5537486 ],[-0.549126    0.47816745  0.68543163],[-0.83507581 -0.28125153 -0.47280648]
9,93.4533407003671,191.1804317729511,145.42858418790897,2.805295305575708,1.3263458246558826,2.1751650219480365,1.4594257093880845,773.3081969795123,773.2632468920914,10.492952357698123,[-0.49460777  0.66629001 -0.55805088],[-0.78986528 -0.07672432  0.60846218],[0.3625962  0.74173513 0.56422778]
55,179.38487583325184,23.883698581081497,187.107865344176,3.9548746598501268,5.534886897392408,5.809045276166845,5.803737293683663,1931.4585922513013,1931.1062193110533,50.57438748212644,[-0.66115805  0.48587435  0.57166088],[-0.2967926  -0.869192    0.39549895],[-0.68904585 -0.09182259 -0.71887719]
30,38.97607279845934,39.83902095187218,67.69304363705359,3.6001128710629766,2.74655818583326,4.300560639685318,4.113830951368113,481.1947019550204,481.0927219144871,25.674979960514907,[-0.86837825  0.00722001  0.49584987],[ 0.21928465 -0.89123414  0.39700875],[-0.44478474 -0.45348602 -0.77234511]
7,16.323729091179494,165.71374467730257,63.69689389458858,1.5539307476625923,1.0163852729324239,1.1629102347395062,1.2239072037837884,471.72014556597424,471.7111835117823,4.807846971116188,[-0.0793623  -0.35084397  0.93306491],[ 0.99262923 -0.11381541  0.04163257],[0.09159063 0.92949156 0.35729063]
6,2.475544089815755,82.46685205207986,193.73227428317784,0.726946223307516,1.7281766318323448,2.0615382221336387,2.330347586887273,515.8279645243691,515.8196834982786,3.7408835986612727,[ 0.97624358 -0.20358155  0.07418244],[-0.21635645 -0.89730674  0.38474731],[0.01176305 0.39165694 0.92003613]
10,123.5766729209879,103.27053134268697,36.23727229823397,3.778241494600639,1.812967179630871,2.23921810100969,3.752749238997147,522.2132830745494,522.1516968955247,9.22747485409098,[-0.49118893  0.3009563   0.81740978],[ 0.4451223  -0.71991029  0.53253668],[-0.74873198 -0.62542344 -0.2196496 ]
4,62.67345092219211,105.17821654176647,168.1087361753127,0.9137675538604698,2.238855192186481,0.4523464366838193,1.1122157283538727,415.9631874721129,415.9466120906386,4.380177778893332,[ 0.94429718 -0.27586741 -0.17944359],[-0.13222651 -0.81736156  0.56074614],[0.30136188 0.5057838  0.8083092 ]
12,7.112965480868138,165.56828528251458,33.92205950102615,3.372966246415376,1.6239619861660262,1.46721300316082,1.5889992468502177,586.1273000639939,586.0192919711359,12.80477051711062,[ 0.25268187 -0.20459099  0.9456714 ],[-0.96663597 -0.01091932  0.25592123],[-0.04203309 -0.97878664 -0.20052412]
8,151.81412902734925,107.06281482140062,6.214553113082172,0.9901458957313538,1.1498462962795974,1.9741812681351874,1.1402684390989908,525.7690160772297,525.741765828508,6.267726328214826,[ 0.5617328  -0.78063324 -0.2739854 ],[ 0.13174341 -0.24254344  0.96115366],[0.81676186 0.57600731 0.03340132]
10,52.622034225256776,66.99796038028765,24.05442840993131,1.5470411961737958,3.0744198766701425,3.2793173660707686,1.2878236051937304,280.3291097532876,279.9775012226279,14.442628142042375,[-0.71996771  0.3504046   0.59905185],[ 0.35837144 -0.55148044  0.75328563],[-0.59432012 -0.7570244  -0.27147311]
47,10.609061390969678,48.381065242964155,184.889251042036,4.9684375967866785,4.060980856591217,4.8049907506734195,5.335879324795505,1313.2159043373815,1312.9136232894239,40.869261231871036,[ 0.44157486 -0.87388783  0.20330201],[-0.89548402 -0.41514888  0.16049851],[-0.05585709 -0.25292581 -0.9658719 ]
54,4.273698371080545,67.94904278117288,108.11143952912953,2.85070282249686,4.243984557350923,4.046531838784325,3.831005700675338,939.9215785461869,939.446156902018,38.84669081935376,[-0.91926481  0.34858209 -0.18287358],[-0.39222593 -0.77177985  0.50051442],[-0.03333222 -0.53183305 -0.84619299]
150,87.156430240958,179.8954363808818,101.03302221501113,4.4818055081936725,4.648673877818932,12.4047183586243,7.013924503758651,2748.0651625883866,2744.9471037265644,148.19000736576155,[-0.80634068  0.53371899 -0.25487005],[-0.44594423 -0.26555182  0.85476077],[-0.38852085 -0.80288621 -0.45213414]
2,135.92203277385522,67.22790812571486,129.00166874658007,0.13824612238060752,0.013920566586463679,0.6568057992158742,0.5152692296588555,281.55380254356123,281.55314478300204,0.6085963691525837,[ 0.53633919 -0.83384269 -0.13056276],[-0.49621605 -0.43666928  0.75039295],[0.68272242 0.33767781 0.64796897]
25,48.25406916937559,148.09197316960905,127.06981910099903,3.233181499049638,2.4577693330495776,4.562104915252895,3.9519081868037853,1005.4743080024631,1005.3189052137316,23.280704807201673,[ 0.50545126 -0.65085107  0.56649087],[-0.82884032 -0.18371092  0.52846383],[-0.23988069 -0.73664319 -0.63230853]
27,157.83150878478767,4.70092922398778,164.99554942710984,5.633756104236375,2.2155760367787507,4.904289957743413,6.904134335916362,1187.3270125081222,1187.2761784260215,18.816653466306914,[ 0.25475307  0.92849979 -0.2701648 ],[-0.67630893  0.37076315  0.63650681],[0.69116359 0.0205628  0.72240575]
20,54.600535942582084,128.22923071240552,117.17809938020619,4.273440433761738,2.363795359168859,1.653039286588965,2.4289032723055803,814.6076108061844,814.4026482739253,20.31023556770267,[ 0.15857542 -0.70195081  0.69434782],[-0.94069132  0.10621116  0.3222096 ],[-0.29992278 -0.70426149 -0.64347656]
2,81.35049146058353,54.33012732701222,120.69135189348606,1.7696336303088103,0.3901097607761699,0.8108116240261865,0.16031296958679775,219.72714362329356,219.70932309173037,2.7983908635308774,[-0.00986082 -0.90931878  0.41598331],[-0.85188005  0.22548762  0.47271102],[-0.5236441  -0.34970656 -0.77685403]
15,177.67138547567785,182.38604039095296,147.62103502742346,4.310613125083513,2.990860541939605,2.2892017969035474,4.72729426549336,1140.08981195713,1140.059467450575,12.466416080389926,[ 0.40895152  0.29930836 -0.86207491],[-0.68430111  0.72556586 -0.07270604],[0.6037306  0.61965207 0.50153831]
44,93.67831610025492,43.96433983265485,40.41197304751616,4.353184516136948,4.645622151445347,3.0963152753623757,3.8715647483317004,738.1553130224829,737.6042676715832,39.23671727226586,[-0.16564309 -0.45221076  0.87639477],[-0.51129608  0.7992847   0.31578518],[-0.84329039 -0.39578958 -0.36360958]
16,174.3051247154524,80.42741183330541,192.23212909914972,2.2593062941518114,3.6141514846061016,3.0291377084064743,1.99181295887832,1086.8509500740997,1086.7313750191943,19.340407568891703,[-0.73602894  0.49722217  0.45938166],[-0.21585085 -0.81556308  0.53690341],[-0.641615   -0.29601853 -0.70760386]
17,40.943626595344334,119.13068140833145,82.60026362586554,3.0404382550922784,2.0916587878763377,4.3658945023517886,3.187785263260005,621.423617028336,621.3406137343095,19.595297406734772,[ 0.62684608 -0.57791995  0.52256342],[-0.7302681  -0.20198528  0.65261815],[-0.27161093 -0.79070252 -0.54865019]
63,80.5449458482206,29.61811581469147,113.37069773246402,4.135782420890277,6.801853584189724,5.122634512173075,3.503246687341224,1130.697633451175,1129.3094097403125,69.97357833038794,[ 0.76977323 -0.47897435 -0.42193926],[-0.29426427 -0.85286779  0.43130625],[0.56644304 0.20784636 0.79745983]
33,192.35544114795564,47.48009963027005,102.4956641466907,3.234553515722707,4.920969042621613,5.880631364759367,4.902469787110168,1282.1783002119998,1281.9052483891226,38.61520219392004,[-0.1408043  -0.77084863  0.62126205],[-0.48673387  0.60033901  0.63457326],[-0.86212777 -0.21303864 -0.45972845]
8,147.02826388256125,43.62101326334397,87.39809275216214,1.4662733389766847,0.9721064706208029,2.859120560864346,1.404228959151422,499.34688374547954,499.2946098725955,8.623877919818586,[ 0.22885601 -0.96848287  0.09831508],[-0.50386702 -0.03143736  0.86320897],[-0.83291233 -0.24708829 -0.4951812 ]
16,10.35883727211603,4.475128176737095,18.72352435810464,2.625906412804408,2.577369272922825,2.4053920160631606,2.488570678255819,89.04630388621912,88.18644025829437,14.323556862586889,[-0.48453129 -0.749799    0.45058949],[ 0.73674541 -0.62748801 -0.2519226 ],[0.47163082 0.20990535 0.85644855]
26,42.007462913920094,46.76412360876301,4.0833369714476415,5.2900976480828295,2.957160917559222,2.5999468697235315,4.743788265939413,322.81153816344136,322.2340549690917,23.768601652232014,[ 0.34923622 -0.38795116  0.8529525 ],[ 0.65636218 -0.54836286 -0.51815718],[0.66874715 0.74080501 0.0631283 ]
58,144.18955894256223,41.11939212112829,108.1439709041004,5.127617108672379,5.846383807317696,4.792884347976263,5.38765587858042,1409.429629711486,1408.7324654777137,56.04029110734714,[-0.4027954  -0.53705133  0.74116917],[-0.47908395  0.81368524  0.32923379],[-0.77989386 -0.2224684  -0.58504135]
5,43.490753760221175,126.65335697442231,72.40935704646617,1.2373294148587624,1.0044393302559926,1.241580210818883,1.1699687240039003,340.4358342033691,340.4217766944854,3.6885790174684927,[ 0.61197422  0.22359249 -0.75861318],[-0.7374779   0.50781654 -0.44525129],[0.28568148 0.83194276 0.47566515]
6,196.50182229105965,176.77593689408957,82.12946011729055,1.024840662057889,1.21851167779482,2.4618415148634885,1.6115799429596214,678.0110181012386,677.9848491629298,6.00894362154244,[ 0.7041269  -0.65165858 -0.28203971],[-0.01324666 -0.40918349  0.91235596],[0.70995059 0.63867829 0.2967494 ]
59,172.97592278165178,6.868015925669824,14.453005089577703,3.544455969843585,3.0509632980090053,7.246120252329496,3.325040487833289,1335.7959156282266,1334.7547057919103,60.90758259521608,[ 0.02471586 -0.98465433  0.172757  ],[-0.08860295  0.16997211  0.98145759],[-0.99576033 -0.03956435 -0.08304227]
2,158.85750977219402,153.32530469820696,196.7129822962783,0.8663851767611135,0.7332470190495712,1.2005309011045284,0.7133872731459974,418.1939368872452,418.1886268730122,2.1074162659161915,[ 0.09039526 -0.81957013  0.5658034 ],[ 0.83859098 -0.24381997 -0.48715192],[0.53720934 0.51851385 0.66524395]
153,134.0158725402134,90.15798730643411,14.358909266296537,7.946952846943576,6.905902525737152,7.274283814594415,6.206723077620346,2010.5070844336583,2008.7121167432715,138.87249370519584,[ 0.22035811 -0.46506075  0.85741519],[-0.5176332   0.68928193  0.5068987 ],[-0.82673948 -0.5555258  -0.08884202]
3,130.71970990785067,155.3388575424035,127.88637841002848,2.433072317572487,0.6356685705339845,0.8342544205798531,1.938906998138958,415.61809619316796,415.6083713718448,3.1262054430545945,[ 0.25037064  0.48101703 -0.84020066],[-0.80028966  0.59121683  0.09999555],[0.54484034 0.64736796 0.5329763 ]
11,192.76977588841174,167.08371551922008,77.31511486452999,2.7407742742112466,1.6679151548088915,2.6782491047745527,3.2141336770302287,884.181325085661,884.1577764699132,8.824555214102467,[ 0.64137966 -0.76528006  0.05457614],[-0.25619918 -0.14658219  0.95544526],[0.72318331 0.62678552 0.29007897]
163,55.93920037816943,163.41437111760328,99.73409367965549,6.38586736830925,11.924700116032092,6.451733293794847,12.362541491622814,2552.873744739106,2552.034200914165,107.5568138737658,[-0.76873873 -0.1198053   0.62824156],[ 0.57479853 -0.56014794  0.59652405],[-0.28044147 -0.81968346 -0.49947132]
8,120.01919910185688,94.89629328725312,147.82088065573726,2.387376888066931,1.620753351517694,1.70672083610348,1.7493596591475924,601.7949775299783,601.773998972447,8.094833086746265,[-0.02382703 -0.83237465  0.55370093],[ 0.82532186 -0.32893108 -0.45896424],[0.56415964 0.44604573 0.69481444]
2,70.16460690127042,46.680158820742825,17.118474360036462,0.17549061609183525,0.81241154816788,0.6751741985661752,0.1633960459478132,121.62481755984794,121.61560886588993,1.4966384483807194,[ 0.49913014 -0.48753453 -0.71636526],[ 0.29182881 -0.68383855  0.66873073],[0.8159075  0.54283968 0.19904781]
52,17.740734120470073,50.85845753469219,112.77757187859113,3.0916759829003104,3.619909435895981,5.0032368722202,4.807452368468465,902.3881670644689,902.145603938385,35.766424412947224,[-0.94422412 -0.21798819  0.24682374],[ 0.29709353 -0.88721474  0.35296662],[-0.1420431  -0.40660934 -0.90249244]
8,47.546588427217415,149.60395208611385,148.44662522190342,1.6265212099695,1.2227055704247878,2.1789024005071975,1.3124519154459757,611.1309056965634,611.1125450808116,7.577725951782271,[ 0.79820949 -0.53271482  0.2812055 ],[-0.56074885 -0.48657953  0.66992618],[0.22005076 0.69242709 0.68711163]
21,189.81255934804523,172.90192795845203,29.359633574548027,4.102694788930179,2.888545671106905,2.5759954281135085,4.0403756679761935,1184.5330491510647,1184.4390598371353,18.118985035541925,[-0.40004514  0.56207432 -0.72390354],[-0.54812415  0.48630088  0.68049348],[0.73452284 0.66901713 0.11354421]
2,198.30637864472658,61.04236776202053,174.06790204390475,0.2880741292669171,0.4901769767321795,2.1315555968360513,1.269493529868015,383.0302645603366,383.0217663580273,2.5514829292526096,[ 0.09166548 -0.96768311  0.23491878],[ 0.6749099  -0.11308747 -0.729183  ],[0.73218444 0.22538992 0.6427327 ]
42,86.79387703501317,83.22582908708179,28.655124463544773,5.908377934177738,4.682373060746935,4.539479668348688,7.143929777356467,802.8939629977248,802.7140140034278,33.262125882111164,[-0.43214077  0.14286132  0.89041844],[-0.56577707  0.72592865 -0.39105487],[-0.70224687 -0.67276908 -0.2328757 ]
64,25.284481364307076,148.7230381325462,101.6342895781636,6.52855773235791,3.8943675160728395,6.471295466081149,5.153212019868269,1457.1120303662144,1456.0363898102892,68.73065000648165,[ 0.49572956 -0.54588918  0.67546814],[-0.85738754 -0.18372395  0.48076202],[-0.13834311 -0.81746591 -0.55911597]
15,166.4039719341093,2.4384012278397416,145.9177292259314,3.858007058208186,1.857364792924259,3.281032267304004,3.9924580399870075,857.4439655915587,857.385967501812,14.087789403269186,[-0.03704397 -0.99756562  0.05908108],[-0.65829414  0.06884097  0.7496064 ],[-0.75184877 -0.01112433 -0.65924174]
20,190.31698160354608,63.82621947726032,137.42789012698285,2.797532543323743,4.136333850734031,3.1785248503701373,3.0881112846451964,1088.2268433819966,1088.0648158537556,22.570402369301927,[-0.61807057  0.43931386  0.65191418],[-0.07713885 -0.85916857  0.5058448 ],[-0.78232881 -0.26235988 -0.56491498]
45,27.20947846177265,158.25741545956083,36.617896670166964,3.336019032925602,3.189256384783922,3.507385318443204,3.6285115725775783,1105.3971490711506,1105.2572500515264,30.413021333204654,[ 0.50371297 -0.27619019  0.81853052],[-0.84794516  0.02302545  0.52958364],[-0.16511284 -0.96082715 -0.22259592]
22,143.9320933904037,155.74568865280438,71.11332356586237,3.1126206538724195,3.1304610518283384,3.481581648147983,4.3675546289118365,1049.4205458745132,1049.3630038714618,16.630908937475837,[ 0.75961603 -0.52961283 -0.37748344],[ 0.09440128 -0.48447933  0.8696943 ],[0.64348418 0.69626865 0.31802214]
5,122.84441259928538,68.59327370180687,51.03846566420026,1.548223432290491,1.1899235605516518,1.8377118689194516,1.1558287853671803,334.71908742246575,334.68317227771655,5.415395700418982,[ 0.14801704 -0.74722931  0.64787292],[-0.55174637  0.4812757   0.68113849],[-0.82077213 -0.45828164 -0.34104405]
3,165.2837155752487,138.10838350351568,62.56272973623722,0.7528228838461676,1.613179012960533,0.2591587993542634,1.5039194918174879,388.49650332958885,388.4936488281724,1.7127509068022129,[ 0.52356233 -0.25888468 -0.81170267],[ 0.42761731 -0.7441781   0.51316897],[0.73690293 0.61577405 0.27892005]
102,183.81202508935175,136.98296493446313,185.21672842836836,5.0834196465528425,6.86345701153955,7.8026986499625774,7.023787827147258,2978.437555315167,2977.6446193857378,92.49485670602905,[ 0.01300111 -0.81001012  0.58627176],[-0.78180457  0.35730196  0.51099601],[-0.62338799 -0.46499345 -0.62862429]
5,196.51753744465583,74.98097724572987,145.06025653255247,1.8634301519144902,1.7408728300540988,1.3323321688977803,2.0952168440818473,571.3617449802093,571.3552259109834,4.406627070638986,[ 0.63859919 -0.38772285 -0.66472706],[-0.0250418  -0.87381116  0.48562019],[0.76913197 0.2934707  0.56772438]
14,10.035990665677923,137.88711796248282,84.96364904783947,1.9053298762049589,2.4643913144027816,2.2003240509558784,1.7282288946599615,607.3085075793518,607.2300481040662,12.747757355113295,[-0.91055351  0.26286072 -0.31905571],[-0.40873448 -0.45694708  0.79002246],[-0.0618743  -0.8497668  -0.52351501]
6,130.92232704665813,28.990996841412997,10.68682204096342,0.7307032206845657,3.059993408166343,1.7762405148451625,1.1040146364828693,329.59609845362303,329.53924331164586,8.427965262570682,[-0.11391012  0.15212726  0.98177481],[-0.19959736  0.96455391 -0.17261708],[-0.97323449 -0.21562249 -0.07950825]
17,67.1569608098738,166.02274772374722,189.32223296073238,1.8470822018007123,5.234065813614966,2.3883048008662393,4.481928262342168,1074.78958881738,1074.6864759664525,16.712595961111745,[-0.93200803 -0.03438589  0.36080277],[ 0.25487314 -0.76994695  0.5849969 ],[-0.25768336 -0.63718074 -0.72636078]
7,197.86527011572565,135.6258725335509,168.91057900419713,0.4900089259985142,2.2990574796034107,1.4497451815448168,1.2701150739124467,776.256760354377,776.2420297649774,6.488788345492053,[ 0.69473675 -0.13325432 -0.70681266],[ 0.25003679 -0.87665724  0.41103976],[0.67440526 0.4622936  0.57572752]
3,139.7824412060744,190.38336159193045,22.394517791187823,1.5085542609365512,1.3037121038490418,0.9682186653115068,1.2419678396237135,410.94276444130406,410.93097219363614,3.174199571829152,[ 0.44294538 -0.22306727 -0.86835499],[-0.67576493  0.55343822 -0.48687565],[0.58918686 0.80246317 0.09440187]
