N,MEAN_X,MEAN_Y,MEAN_Z,SIGMA_X,SIGMA_Y,SIGMA_Z,SIGMA_R,LAMBDA_1,LAMBDA_2,LAMBDA_3,EIGEN_1,EIGEN_2,EIGEN_3
2222,92.08685848598566,126.73714522877965,147.0757362107697,13.824039327890961,31.775696580905223,15.376170748492225,24.430996772381473,10268.256481453502,10213.797463344366,1350.4097646376604,[-0.87843898  0.09449207  0.46841884],[ 0.21519416 -0.79700469  0.56433589],[-0.42665728 -0.59653565 -0.67978584]
333,15.350333073529486,188.0318793136181,107.22120957618819,7.739955365325045,6.636915541058508,10.405182631656936,7.7688876595666345,3966.369989841223,3964.7419755071846,225.13189422052255,[-0.97654093 -0.04072136  0.21144639],[ 0.2032986  -0.49801461  0.84300126],[-0.07097524 -0.866212   -0.49461024]
451,106.86423936088264,109.71251517877319,187.17630084878382,14.028784317114846,14.508051233249446,6.809009462085417,12.148361493254868,5151.78134103366,5146.93552782015,370.1006651072244,[ 0.6290092  -0.77167178  0.09418111],[-0.63901796 -0.44424107  0.62793782],[-0.44272279 -0.45516209 -0.77254386]
99,102.62282899058062,15.937374572343282,43.96754352704328,11.34084900629334,5.608988604307903,5.923302472560129,11.847441628624278,1129.8002115056481,1129.2277082122664,72.9311450903373,[-0.41043839  0.42913332  0.80460234],[-0.05370421 -0.89219129  0.44845351],[-0.91030554 -0.14085201 -0.38923583]
107,140.6399805413794,188.39884883693878,49.31700459897633,4.114804933103367,3.864017839889418,6.689966888968535,4.397525002806309,2486.334498415551,2485.448989703483,78.3730774079278,[-0.70047159  0.61686952 -0.35890325],[-0.40817387  0.06624779  0.91049729],[-0.58543457 -0.78427242 -0.20538533]
126,53.535559751323085,156.51330416282633,98.31408699034462,5.289294588858366,6.450721740376572,7.781041013918818,7.546937426716891,2163.25076617591,2162.1981417863335,95.53882135889198,[-0.81762664 -0.07902347  0.5702999 ],[ 0.50413278 -0.57670619  0.64285311],[-0.27809499 -0.81312069 -0.51136866]
545,113.2353677883513,135.74297589070244,94.0482915421892,7.2287538210976,17.618824489448365,15.42028849945328,7.375556494463226,4704.495743971834,4682.737959643564,544.1402984959033,[-0.80737416  0.33732307  0.48410755],[ 0.17086228 -0.65165176  0.73902372],[-0.56475929 -0.67938437 -0.468491  ]
54,78.79899415628907,22.459469528071743,116.2998941436272,3.6255339981318366,5.635135828485638,4.47567182373737,3.342646176542813,1046.8792026414212,1045.941718212765,53.98938191955828,[-0.70309092  0.61479066  0.35734522],[-0.4461469  -0.77269059  0.4515553 ],[-0.55372927 -0.15805597 -0.81755868]
8,190.89084101138621,26.358340279032728,81.75157237623043,1.7616182195938859,3.0132808607425052,1.2399517229709403,1.8246078483735262,592.1452162307669,592.097093220284,9.1062214359861,[ 0.35107178  0.25317135 -0.90147262],[ 0.21245591 -0.9591811  -0.18663895],[0.91192713 0.12599951 0.39052916]
814,176.71077711215767,95.43008646250706,73.05307248790854,15.450490205070157,11.645938090134933,14.802697986965999,14.437491177017622,6131.713580490443,6116.802786031723,551.6395746717096,[ 0.34401834 -0.88180141  0.32261068],[ 0.44436511 -0.14977505 -0.88323671],[0.82715841 0.44720656 0.34031642]
41,183.82961611372116,163.7132060292437,129.54849225590107,6.07506433705618,3.5313445781574666,6.058429935696905,5.177850942801432,1781.9067922228282,1781.6975796445124,49.28663989464454,[-0.53340857 -0.06841463  0.84308644],[ 0.52785904 -0.80574646  0.2685842 ],[-0.66093883 -0.58829591 -0.46590535]
71,33.97065878412929,190.56398885665593,64.37794324895165,3.7762449230390422,3.298682535638384,5.89427037828564,4.502194522187951,1719.8422852787128,1719.5604546566492,53.16427161583688,[-0.97748135  0.11433906  0.17736063],[ 0.12953855 -0.33836628  0.93205581],[-0.16658324 -0.93404221 -0.31593541]
221,17.88814846143144,26.265788392888165,139.8788958453535,7.062348012258515,8.122974600371677,4.97202555861091,4.132053372673694,2137.1007808228715,2135.954573291169,164.9829864399462,[-0.98527062  0.13876338  0.09993266],[-0.11709198 -0.97336028  0.19712744],[-0.12462455 -0.18252256 -0.97527137]
76,40.975459605492034,56.12727592332367,77.98776042313936,5.572847918222308,4.6780470477264116,5.0933329971742864,5.743743760053381,913.0892413760527,912.8412587660508,59.19699841421975,[-0.75783023  0.64892619 -0.06773584],[-0.52071055 -0.53898815  0.66208179],[-0.3931334  -0.53701636 -0.74636423]
247,55.79865700822098,43.0341815437182,103.7865547074035,7.866520201539768,7.112613099396143,10.595864557640082,8.938191574108753,1983.8446491671243,1978.4515899868043,187.698080663818,[-0.09301228 -0.90107117  0.42357935],[-0.89241417  0.26410017  0.36585251],[-0.44152652 -0.34397944 -0.82869323]
66,158.46656819220468,28.55000864248742,81.79701662630751,10.041507014098988,4.622342724036583,5.4854157631510585,8.16995932265083,1470.2638789604316,1469.1156038668244,75.07677420832866,[-0.04901328 -0.909628    0.41252224],[-0.47610954  0.3843525   0.79094429],[-0.87801902 -0.157639   -0.45192094]
51,131.40472520044926,121.88190178565175,78.10247928236687,4.619392197920464,3.0717970662178042,3.952690964495341,4.854846091916295,1396.8979728246923,1396.7552940127787,34.17378799876348,[-0.67423361  0.73831283 -0.01741266],[-0.30577727 -0.25762128  0.91658689],[-0.67224199 -0.62331809 -0.39945621]
34,125.98049960461485,75.01839403057404,52.62100099444455,4.8563671519432745,5.398980915573414,2.9596487891540377,6.381699908987071,909.3925161418985,909.2309468834125,26.406444879576675,[-0.58824541  0.64895249  0.48252255],[ 0.01367538 -0.58860928  0.80830199],[-0.80856683 -0.48207861 -0.33737204]
6,155.9521017707688,61.24901030190571,40.11080798352202,2.384196053925431,1.009191569132864,1.392922212618101,1.9362423904960275,422.0592131795175,422.0390093725167,5.415436112386771,[-0.11245876  0.72875425 -0.67547781],[-0.40973507  0.58529601  0.69967546],[0.90524593 0.35545158 0.23277451]
37,6.164330408135272,183.29970884910443,56.87923094160728,3.3255162314993503,3.222245794356838,2.540937850179685,3.343371841497345,1168.3741194923064,1168.2792533710544,24.90247797775576,[ 0.25773282 -0.29426635  0.92031577],[-0.96568163 -0.04677005  0.25548296],[-0.03213682 -0.95457838 -0.29622179]
44,11.716972853663732,193.8186218877773,137.8928121820353,3.6192217735655956,3.1800792101305295,3.426070985837524,2.3397168640489445,1580.0382591967982,1579.9973021666126,35.9449887577538,[ 0.9419975  -0.23044655  0.24399817],[-0.33200534 -0.53342666  0.7779643 ],[0.04912406 0.81384912 0.57899606]
45,190.5222407731005,10.596705258071283,141.42436996993757,5.66479245480389,3.804647072867577,6.464846838619067,7.968305153892196,1594.3924806509222,1594.30603599289,33.485005348980636,[ 0.58420193 -0.26603501 -0.7667682 ],[-0.12435734 -0.96293684  0.23934888],[0.80202453 0.04447482 0.59563297]
5,35.41404306925297,187.0842477164408,22.0880618838306,0.5239689031523619,1.0984149538904888,1.3924621848310401,0.968997178774422,428.63547772141044,428.62443179335617,3.52852450197609,[ 0.98077569 -0.17560635 -0.08509669],[ 0.06282437 -0.12871244  0.98968995],[0.18474885 0.97601    0.11520567]
5,112.00194527911125,166.87772990867072,50.86343329612835,1.8879215555271107,2.234720788629817,2.1415807665477344,3.0336129415220587,463.6396119360464,463.62396885982025,4.425493955141245,[ 0.78771615 -0.38114699 -0.48397339],[ 0.29602102 -0.45478579  0.83996514],[0.54025441 0.8049204  0.24541459]
65,25.664567926012904,108.60473773960832,193.1027855606279,5.063228425787553,3.3444169350713455,3.6828172312136114,3.657829925059183,1798.8388221909006,1798.56342195802,49.023842093492384,[ 0.27010449 -0.85411928  0.44443653],[-0.95592137 -0.18268692  0.22986912],[-0.11514291 -0.48693506 -0.86581543]
15,91.5030596003749,66.0134486331398,4.614804831008983,4.108776716458897,2.772635597556921,1.5794755460743257,2.8639385557603476,437.77089091275724,437.54141735959814,16.808815878826252,[-0.03693695 -0.01825159  0.99915091],[-0.58444298  0.81140642 -0.00678385],[-0.81059365 -0.58419731 -0.0406379 ]
303,117.40644215187442,33.573562850378984,164.644109668233,12.962450328143536,6.555238715563956,7.187423519163759,9.368008886656073,3577.583420328732,3573.708111876889,228.63715192414747,[ 0.07581632 -0.98620074  0.14717335],[-0.81547923  0.02361019  0.57830457],[-0.57379918 -0.16386174 -0.80243618]
48,41.40950596012448,5.160593374280627,54.508075644012784,10.658815419149887,3.410566862026531,3.2396133743198785,7.696956098192948,481.91386081904943,479.281397883788,58.99193540986931,[-0.16026505 -0.96379076  0.2131255 ],[-0.77419872  0.25667724  0.57856127],[-0.61231647 -0.07227834 -0.78730196]
47,186.11209695177868,19.419513133211936,117.16069410007613,3.7609162972286794,6.688195666729409,4.729973828305565,4.306875586077329,1514.6365472435834,1514.0194875370685,54.36564373364657,[-0.42659153 -0.49141072  0.75929913],[ 0.32788998 -0.86643602 -0.37653258],[-0.84291627 -0.08834097 -0.53074292]
38,146.23184840535944,136.34011505359908,15.40771406237912,7.3187070782010615,5.237576098880798,4.156009051131439,2.964224320329837,1237.5093857137417,1236.360898415419,58.25599066346541,[ 0.20674352 -0.32601952  0.92247948],[-0.65200755  0.6570699   0.37834548],[-0.72948151 -0.67968406 -0.07672224]
55,137.26657389040918,132.8809202083791,143.04998175318644,4.402891510002465,4.36664249295022,5.211044202196821,3.035602914535749,1770.7600365944934,1770.431955878224,55.66688703612327,[-0.76122244  0.09584859  0.64136841],[ 0.29952375 -0.82523582  0.4788229 ],[-0.57517469 -0.55659581 -0.5994791 ]
333,95.752614823032,86.54779436275673,82.10438015525706,12.670571923804678,14.08404366137327,7.007724822467952,8.476404001578276,2812.610093591822,2798.9829174131423,333.4621319882752,[-0.30492825 -0.45502022  0.8366453 ],[-0.7183324   0.68668193  0.11165344],[-0.62531379 -0.56694314 -0.53624448]
5,2.279020972741468,152.3025289304994,20.335913425860937,0.7488350852326926,0.652166996277604,0.6906352009696285,0.6575620011948392,343.6279015006397,343.6238857806524,2.2709600785069997,[-0.65943907  0.10918871 -0.74378621],[-0.75161145 -0.07622546  0.65518692],[0.01484357 0.99109409 0.13233353]
19,185.0297759197399,183.4752150471247,10.49606344402274,2.9714085298929955,5.619005127849139,2.7242946617632997,3.5201900499828374,1137.1001097219835,1136.8833614474968,25.919102494849795,[-0.25247208  0.20037201  0.94663029],[-0.65804113  0.68169742 -0.3197976 ],[-0.70939392 -0.70366162 -0.04025654]
73,194.8043826619226,53.72953280840947,97.4925354772763,3.1161542460347573,11.013906963993005,3.684017271799303,4.3667726083674,1919.5063280864433,1917.6067335410469,95.33562915761999,[-0.45590913  0.03941911  0.88915297],[ 0.19633823 -0.96995331  0.14367279],[-0.86810032 -0.24007645 -0.4344711 ]
192,149.87054996177025,155.29422574875323,185.11264200557255,9.95003815253311,9.270255481960088,9.669275458605837,8.58067521361515,3945.9723258838435,3942.226714868829,198.0681380358518,[-0.10462518 -0.71867723  0.68742753],[-0.84370047  0.43009147  0.32123333],[-0.5265198  -0.54637383 -0.65134672]
53,145.76384404572332,38.68702358572847,108.39949564808674,3.9723003372031767,8.250109236837588,4.060139323756219,3.8195714390370936,1353.9131543237795,1352.5685501009634,67.0906377794053,[-0.47643066 -0.39944157  0.78323704],[ 0.39657798 -0.89270097 -0.21403478],[-0.78469085 -0.20864183 -0.58371984]
14,91.42839495822784,69.52352073159524,177.30586293773493,2.04377296995059,1.8991350787626167,2.8388781146494453,2.2117931435865406,790.5630258108486,790.5321982890691,12.396722220812952,[-0.48665863  0.86896649 -0.08978098],[-0.75888379 -0.36961039  0.53617493],[0.43273406 0.32906748 0.83931867]
28,7.161803546110006,159.6063078585719,62.00404961704093,4.866992132609199,4.436422974198383,3.491173007754921,4.678737287769334,907.5173378151924,907.3509089905045,30.91927445029057,[ 0.05467439 -0.36370078  0.92990992],[-0.99760791  0.01955484  0.06630288],[-0.04229865 -0.93131055 -0.36176163]
473,110.73573287180197,119.81445710525031,36.173386489649246,13.01556768133589,9.100647725927674,12.934220176317943,11.161550921155674,3654.2148890719013,3649.6645367334145,376.726528313409,[-0.70621569  0.69515049 -0.13425795],[-0.24583514 -0.0629352   0.96726638],[-0.66394615 -0.71610401 -0.21533824]
118,14.801424066312482,82.72069990541833,50.713991371389085,6.685168836688913,6.796600803591963,5.215854570157674,6.297656949825948,1071.675125574125,1069.4122513520697,96.4035291364781,[ 0.75021581 -0.4387415   0.49465355],[-0.64309056 -0.3103241   0.70009534],[0.15365796 0.84332962 0.51496057]
135,153.2565293380774,70.73946013121329,20.206527740750097,10.707883721440542,5.300344433566869,9.906886127813863,11.73248822661032,1982.9276576219395,1980.4265927498038,118.04475179315823,[-0.43066749  0.88906241  0.15522098],[-0.04255352 -0.19180015  0.98051104],[-0.90150691 -0.41566903 -0.12043482]
3,18.87806743597055,142.4956726470871,153.9729296759444,0.5755633663318801,2.7771070017059674,1.4336861768523084,0.9106177521598318,364.87860645670105,364.84352506297984,5.269387309684861,[-0.99396651  0.0141464   0.10876792],[ 0.0632448  -0.73627736  0.67371786],[-0.08961404 -0.67653199 -0.73094035]
10,51.51002409686312,72.3227458947801,98.68188291667329,1.7466702721826728,2.0472648726353873,1.2006047252122065,1.68177609995538,419.8751055114567,419.8326484851139,7.657579631879899,[-0.62193243 -0.44043271  0.64747129],[-0.68017154  0.71355179 -0.16795987],[-0.38802928 -0.54485124 -0.7433508 ]
8,44.36289726333493,128.4305178299233,101.25626686161182,2.4467211874605312,2.014124379753311,1.3614095517843927,1.3138425858837737,479.3720421848911,479.328859355424,9.020713936771891,[-0.33888489 -0.50751401  0.79220361],[-0.90368339  0.40985181 -0.1240074 ],[-0.26175058 -0.75792547 -0.59752457]
4,32.47715241195027,38.20207722014225,108.26707815946767,1.324141273349245,2.7499607634900776,0.8775503669894195,1.5500271905743828,238.7067755363726,238.65499395734275,5.563251855694217,[-0.82968319 -0.39950495  0.38989948],[ 0.48741855 -0.85891539  0.1571226 ],[-0.2721194  -0.32040622 -0.90735378]
12,141.86511369251681,53.77254710278967,167.2751148216263,3.799095030472268,2.998459508574629,2.5936933188683953,4.220751915899156,782.4929498338909,782.4555119618801,12.151319472578649,[ 0.39100381  0.72634506 -0.5652777 ],[-0.67262358  0.64473017  0.36318112],[0.62824639 0.23821391 0.74064877]
58,16.211864397827615,50.44576643825615,114.74855160874246,3.222581369007677,3.007949595399838,4.576139891894005,4.1541976550824415,963.4822396701895,963.3966046872652,36.50481733764578,[-0.83771517  0.53360752 -0.11617361],[-0.53086589 -0.74578799  0.40246947],[-0.12811985 -0.39882739 -0.90803195]
97,24.722365195397682,147.60583766463543,100.42410708034696,6.723896887330431,3.2422879210214886,6.991004452243412,5.163823356981167,1777.481696575211,1776.2407810987982,87.48315322682495,[ 0.50774929 -0.54129686  0.67021517],[-0.85059734 -0.19158418  0.48967301],[-0.13665584 -0.81871436 -0.55770241]
21,154.6351864051879,187.24572996278667,161.92196949703117,4.454858971780081,5.091149156696796,2.311114753150402,5.460131865831363,1337.9259740618709,1337.7990636285651,21.138482300332157,[-0.73523001  0.67346583 -0.07668509],[-0.42269687 -0.3671148   0.82858559],[-0.52987185 -0.64161554 -0.55458572]
19,183.6029052789926,151.5164904518219,105.18224152136119,2.412482805124398,2.093200377571234,2.5488631998936637,2.1584147917914547,1134.5173638671076,1134.4768506828195,15.136400529546904,[ 0.47781632  0.03051773 -0.87792951],[-0.52342948  0.81250235 -0.25663498],[0.70548788 0.58215857 0.40420076]
3,20.221520306531104,198.5992711869443,74.27674729340639,1.1649667103522756,0.26569980172575647,1.5047891554779933,0.7653583198988793,368.93151970318377,368.9282531468065,3.0535442970031874,[ 0.84677376 -0.25983406  0.46417718],[-0.52341299 -0.25123879  0.81419771],[0.09493699 0.93239762 0.34874294]
123,184.7310365264863,138.27886474449758,185.9331826153044,5.487968289121759,6.238903303398711,6.988515628953002,6.640725222933958,3288.4274559480923,3287.7581250220414,95.16457715313008,[-0.05995339 -0.77154217  0.63334688],[-0.77977092  0.43231743  0.45283435],[-0.62318769 -0.46671653 -0.62754505]
229,52.04846237264084,99.3268541489589,125.89552785788345,6.367693013775773,13.079744471402654,7.789228897148504,10.897825408916857,2562.1467760876626,2557.8588383768106,189.52360434701777,[ 0.76685752  0.31059605 -0.56165794],[ 0.56358004 -0.74458667  0.35772648],[0.30709458 0.59086444 0.74603762]
198,7.939518014001858,53.83474109333913,85.53713224580947,4.4945873483555125,13.985859582172619,18.481447733283357,21.870527391562188,1462.6072532639896,1462.079529837721,117.63095124400976,[-0.99711953  0.01200346  0.07489033],[ 0.02985012 -0.8456071   0.53297054],[-0.06972529 -0.53367082 -0.84281305]
62,3.5232940798915164,97.51566336055593,86.78767977328127,2.436019146176891,6.324156240724646,4.447898539964278,3.8585394365311707,1030.0857909989543,1028.8669784532083,56.37405843541977,[-0.99377615  0.0919102  -0.06294021],[-0.10806171 -0.65821185  0.74503679],[-0.02704849 -0.74720123 -0.66404722]
24,159.64652273916548,56.10284058881129,171.1089964061332,3.31590845328275,2.4957149399298655,3.3188282094560044,3.492875872969664,1179.1626474780917,1179.1353687636588,19.659596497072606,[-0.47607095  0.86458679  0.16076733],[-0.57727502 -0.44515488  0.68453684],[0.66340787 0.23308114 0.71102966]
30,157.9562808028244,4.373965027145684,164.70776523499435,4.904526942416089,1.942723041506103,6.9062753346186065,7.791478515371787,1251.0435263160462,1250.9408145042783,21.13419693667097,[-0.16263698 -0.96980924  0.18171202],[-0.70345477  0.24310734  0.6678699 ],[-0.69188192 -0.01920585 -0.72175518]
15,133.7845716176995,129.12667045365103,47.525759276728785,1.6436862295486518,2.3544108315589165,3.395707683711821,2.4504811063856735,743.4476210133188,743.3673824195274,14.319068905645048,[-0.65122986  0.73868073 -0.17392655],[-0.30000755 -0.0400788   0.95309452],[-0.69706179 -0.67286289 -0.2477103 ]
48,137.36446621507542,146.2078579979209,119.3238323361465,5.4898428498917236,3.783494337712998,2.773829873651869,3.0739130581375687,1617.8294309004602,1617.4160863355994,45.329499646707966,[-0.34098302 -0.38100981  0.85939636],[-0.73299307  0.68015175  0.01071252],[-0.58860152 -0.62627879 -0.51119774]
2,196.72295574484724,75.38249541708946,13.349267864946768,0.18640619588670404,0.11508973424976432,0.9979142494904956,0.19572133622973809,298.5353872176392,298.5320190311151,1.4181094427688852,[ 0.36263817 -0.91566676 -0.1733434 ],[ 0.00399211 -0.18447671  0.98282878],[0.93192147 0.35710324 0.06324285]
4,22.108036131791028,193.5149020569543,197.04953580650033,2.393846386830633,0.37610349213698663,0.5321549135935885,0.35902515192235235,554.1520928708804,554.1326642904878,4.9098481692414895,[-0.05290562 -0.70950456  0.70271208],[-0.99540595  0.09370285  0.01966671],[-0.07979975 -0.69844331 -0.71120247]
346,128.93726534852672,67.28882071272125,23.324319707840697,6.566103795399467,23.811487031873916,10.037364516703846,12.352986315735274,2777.9741686644766,2756.758421601384,434.8753914602778,[-0.22486596  0.09565981  0.96968268],[ 0.43714182 -0.87949557  0.18813443],[0.87082853 0.46619388 0.15595172]
3,149.83605837148124,19.697708620363812,92.367808095813,0.10903806337177109,1.1118151024313212,1.075492783948191,0.4973770115493731,306.78768203139043,306.7787830386245,2.5418863000321226,[ 0.48088355 -0.58171454 -0.65601769],[-0.2304281  -0.80575652  0.54558164],[0.8459633  0.11119632 0.52151843]
10,129.21661556050236,194.3674846177731,88.49384639237879,3.27564992038047,1.7777402730232246,1.7037795939897682,1.1728374167233868,789.4291972845116,789.3789760236542,12.430209155057943,[-0.07326306 -0.37248719  0.92514097],[-0.85242213  0.50491402  0.1357879 ],[-0.5176959  -0.7786624  -0.35450787]
54,111.82120527159898,53.859010665899554,4.268977735383992,4.6802042550124305,4.507386930477323,2.4149246631002814,5.451795582259121,913.844485052012,913.6560241825664,31.5361285303712,[-0.07880043  0.08541816  0.99322416],[-0.42818368  0.8968364  -0.11109997],[-0.90024954 -0.4340371  -0.03409643]
21,139.25502823517132,113.32563703402181,110.90334694874366,1.8285979388245721,3.343822157749129,2.635558195886222,2.7087065425583523,967.2641086069851,967.1826104303696,17.22697976338153,[-0.74244646  0.57366553  0.34594957],[-0.11564828 -0.61842012  0.77729147],[-0.6598475  -0.53708883 -0.52548726]
129,133.87289483543293,171.5892004395131,137.83647174200914,5.686536549032495,6.4577321274643555,8.532491840743647,7.1135753787948435,2928.6284355613307,2927.535954539147,111.30278416092338,[-0.84379865  0.30182069  0.44374329],[ 0.13392376 -0.68227484  0.7187249 ],[-0.51968092 -0.66588687 -0.53528163]
40,5.980794432361025,163.49386045833748,168.1458427539555,3.1156459640577485,7.264578657098012,10.265163809487275,4.45938102230239,1485.92617259843,1484.1244799695744,77.13152673182107,[-0.99259084 -0.06750796  0.10102529],[ 0.11877474 -0.71435493  0.68963004],[-0.0256124  -0.69651971 -0.7170804 ]
196,22.379462551795527,13.859967247973971,110.37322722012672,5.6210730621587155,9.326695318262104,10.014715523067727,9.552358012094034,1600.02098323465,1596.1517660418754,158.45025643185278,[-0.97907134  0.07728602  0.18827155],[-0.05270987 -0.98981854  0.1322155 ],[-0.19657308 -0.11952463 -0.9731767 ]
64,127.59018045631046,90.87596833531796,166.3054434761316,4.524217073015725,4.899477279927084,3.9728196632917374,4.288451989734651,1828.5148778858747,1828.2684324410209,51.6320249503178,[-0.80568663  0.46880603  0.36206347],[-0.19720168 -0.78866043  0.58234545],[-0.55855219 -0.39778842 -0.7278625 ]
50,58.43786856911454,49.855076187675486,167.86395406390332,4.738279316059489,3.216439648171679,2.8053640523011514,3.15162541626706,1305.9637578606714,1305.7041027099083,39.29581925730304,[-0.04730873 -0.95289971  0.29957306],[-0.94736967  0.13786933  0.28893383],[-0.31662691 -0.27013734 -0.90927071]
3,101.64634781359251,14.24457972744925,36.98791265055523,0.5443065762043994,1.1464751571165892,0.8433170462371707,0.37633282544539287,188.98337253746155,188.97257277522428,2.5583863513290357,[ 0.34278796 -0.62504302 -0.70129711],[-0.12030256 -0.76958807  0.62710565],[0.9316779  0.13059643 0.3389998 ]
178,87.85680273781645,179.3311115768865,99.58389143477865,5.507780075562896,5.222815662269351,11.276671762871919,6.131862382336344,2981.7197733905464,2979.268558439449,162.03382637956955,[-0.86533686  0.48779178 -0.11511431],[-0.31048711 -0.3414442   0.88713788],[-0.39343345 -0.80341461 -0.44691731]
165,41.038200978006984,47.61640181026708,187.5197568528331,17.411539450951928,5.351538628547961,6.327640751597243,7.565093083617655,2551.572101477379,2543.4478989618447,225.93717646296383,[-0.04848316 -0.96553421  0.25572069],[-0.97659877  0.09953266  0.19065174],[-0.20953334 -0.24049312 -0.94776518]
109,107.76077288858784,60.594125582077766,184.3823124904589,9.997151327769762,6.30550110486524,4.1570749381877015,6.964889681461213,2320.951499636696,2319.248191063773,108.27708458353924,[ 0.42745782 -0.90281132  0.04702697],[-0.76221941 -0.33194354  0.55572931],[-0.48610841 -0.27339571 -0.83003217]
9,195.4247266519734,189.53442288457526,181.67330787649712,1.1417125377630564,0.8724462960281893,3.063248887240288,1.5953017220241925,981.9215053415822,981.8878675757123,8.947431104712557,[ 0.77610966 -0.59198981 -0.21725991],[-0.20280923 -0.56055107  0.80290156],[0.59709482 0.57907734 0.55511009]
269,173.94404345712297,161.9738406709528,148.4593958925194,10.314678517616578,12.045720711447336,9.975442721070069,15.25766682962291,4605.606376249797,4603.855270296405,179.1494064206391,[-0.65798105  0.01636093  0.75285673],[ 0.4265424  -0.81581679  0.39051831],[-0.6205824  -0.57807897 -0.52981336]
16,48.36574726365233,149.33959482743134,125.42701218875892,2.341358066166318,2.634797973078707,4.703929499688296,4.360846849513828,804.0325900330163,803.9537058798796,15.732848790365104,[-0.7786124   0.53187568 -0.33297296],[-0.57954131 -0.40604386  0.70658351],[-0.24061296 -0.74312627 -0.62439471]
6,92.60915618738089,88.73850535580516,62.7939385685533,1.8684962861148495,1.0221964833266313,1.1998477828481808,2.0297838806901654,349.85239145623405,349.84631059507274,3.354862399786668,[ 0.49541382  0.09403393 -0.86355241],[-0.5779011   0.77788438 -0.24683235],[0.64853332 0.62133204 0.43971699]
20,88.06897274104949,19.31620223590572,21.40883601311284,3.147871360987234,3.1991844958964246,2.6364315900908193,2.927091168165771,414.9915768049808,414.7328053615565,19.141388077197465,[-0.30318435  0.45579798  0.83685569],[ 0.06868278 -0.86545433  0.49625746],[-0.95045354 -0.20793508 -0.23108674]
14,178.9176133643238,162.78238041448665,84.01549987542047,1.565321121847428,3.474283926224822,5.454119929201547,3.5425047978133803,958.3774016849155,958.2360096257987,21.12290931705811,[-0.51777078  0.76585351 -0.38128968],[-0.49383427  0.09638489  0.8641977 ],[-0.6985994  -0.63575023 -0.32829944]
44,32.29323352210941,17.371103996740974,6.692644707502387,2.9625226754923375,7.704712414391485,5.751069509381248,5.211839422192185,254.8991794323322,251.180217849847,55.757550468861105,[ 0.10204824 -0.52339582  0.84595684],[-0.50935684  0.70297107  0.49637413],[-0.85448333 -0.48154801 -0.19485828]
5,112.47071284449662,56.403957430996954,111.66604019453669,1.4319072849011798,1.3545335643621732,1.674466254967999,0.7839040228628054,376.1948509267258,376.18828234066876,5.515603160993104,[-0.12467118 -0.82945981  0.54447545],[ 0.7331331  -0.44677194 -0.51274818],[0.66856036 0.33524805 0.66380403]
20,16.049505681598152,106.30235254819658,31.239514917658067,2.5245811036915073,2.5711642603932696,3.9896707995962712,3.1695246490706572,501.15420441671125,500.9714204206146,19.378785945076466,[-0.9360803   0.22185393 -0.2730101 ],[-0.32118753 -0.22241811  0.92052635],[-0.1435     -0.94937401 -0.27945792]
52,32.05080171505895,95.58477760819925,149.39872131510202,2.497483438522862,5.591675201184543,4.004960525987508,3.265145820930323,1300.623701257177,1300.0081207177382,47.2051408740545,[-0.97298156 -0.03135658  0.22874365],[ 0.14731601 -0.84717043  0.51049021],[-0.17777763 -0.53039516 -0.82890053]
39,8.488885175883862,177.63676550906564,197.1538432026281,5.958717622000262,4.032724592821978,1.7698882962055158,3.4893885371456284,1658.6862746770605,1658.3413381911475,40.9231302375952,[ 0.19535916 -0.73272618  0.6518797 ],[-0.98020679 -0.12413345  0.15422561],[-0.03208506 -0.6691063  -0.74247378]
10,95.34579008382033,52.33438752825316,87.11832667841182,1.8789841763710333,2.965017863392665,1.9683154606418996,3.210579422434144,440.83999767534556,440.80807972450475,7.646556204562107,[ 0.60332004  0.19006979 -0.77451818],[ 0.40988468 -0.90699663  0.09670396],[0.68410488 0.37580658 0.62511594]
38,32.219299835834974,22.561720967256736,69.83192551214756,3.886698370809934,2.5987614540627564,3.780590493222374,4.0533158981535955,495.27135759821357,494.8885759046792,27.087550570680474,[-0.62597678 -0.61016284  0.48564841],[-0.66777512  0.741036    0.07029966],[-0.4027772  -0.28029797 -0.87132289]
40,27.88772391013838,12.662343020677245,86.92698348539369,7.1952034938593386,3.1343326080535934,2.684005278497827,3.510783004957309,585.0236638725593,583.5644078286114,47.462064760716274,[-0.28568454 -0.93103343  0.22707069],[-0.90870406  0.33843386  0.24437565],[-0.30437031 -0.13652571 -0.94271918]
29,162.77652992452445,79.79410019576953,162.32415019635425,4.228970315706725,5.110525648485366,3.926664237413858,3.742651771004194,1310.9476413771245,1310.671402229813,36.38537097396958,[-0.48170487 -0.49230657  0.72497908],[-0.5661423   0.80629921  0.17136067],[-0.66891204 -0.32789605 -0.66711383]
68,9.57706188566453,175.71442552644208,6.550713485046755,5.5945939330548535,4.676981302238135,4.414773236372229,4.8595138351419465,1453.3929724920117,1453.1278984733995,57.762268297067216,[-0.22812022 -0.02375354  0.97334318],[-0.97208449  0.0619163  -0.22631421],[-0.05489004 -0.99779865 -0.0372148 ]
4,191.5445238762637,10.803769377791873,128.97407813794976,0.7682497373292195,0.8430430531521543,1.770027668372516,1.4905740983731113,462.35977013134135,462.3556653232195,2.97728995466693,[-0.01004318 -0.99510693  0.09829206],[ 0.55980252 -0.08704485 -0.82404147],[0.82856519 0.04674815 0.55793757]
124,12.176535637852204,119.6306830900053,102.59293089149911,6.383414406423785,6.58579579050616,10.334745892004602,8.461607652818985,1765.5889003484624,1764.0420412333185,120.41956547720228,[-0.9945465   0.01377038  0.10338099],[ 0.06920103 -0.65448061  0.75290527],[-0.07802864 -0.75595337 -0.64995848]
303,174.6673089022271,124.48860415322297,102.62469382540014,7.668272861791076,6.746353464385918,19.363927714393323,11.058952075897244,4155.408682431592,4144.45601791944,329.36004378158907,[-0.66406183  0.68511299  0.29940285],[-0.14094545 -0.50797205  0.84976395],[-0.73427261 -0.52209634 -0.43388841]
3,42.422602220137414,196.00363057977097,159.4306432981401,0.3647878771832418,0.4994628041298334,0.8728342420256638,0.8647917731762399,443.74442238831216,443.7431116573297,1.0895437464538726,[-0.56694186  0.5901699  -0.57469681],[-0.8069447  -0.25765417  0.53146456],[0.16558136 0.76505805 0.62230941]
57,28.315682172438038,18.61737066160598,190.99891264665877,3.4903971011817925,5.439047822650656,6.061132953357646,5.782951253953577,1465.8059032635917,1465.4387463649405,50.53900563376461,[-0.96873022  0.21580197  0.12243883],[-0.20076604 -0.97172813  0.12424749],[-0.14579011 -0.09578074 -0.98466811]
21,63.50145354268758,191.3409873678529,138.2231866585102,2.914144857944507,2.5392738432400117,3.854434729252284,3.3000067154402033,1120.3540466731276,1120.3297833760826,19.916397713991827,[ 0.95942615 -0.27568122 -0.05917196],[-0.10959152 -0.55796228  0.82259819],[0.25979059 0.78273748 0.56553593]
13,7.565623724727347,196.36738996551324,33.29106385511633,2.47565861268343,2.32135005665421,1.4594726066153902,2.306714849555739,718.736565472032,718.7013027708211,10.432934233859282,[-0.17110167 -0.15824525  0.97246216],[-0.98452051  0.06552328 -0.16256094],[-0.03799441 -0.9852234  -0.16700684]
47,68.23126411704382,162.88448236890747,120.31385884988042,5.899903631633834,2.8876847415849056,6.4678261763371685,3.675300860006704,1466.2446330148446,1465.2761200852572,57.753591669769726,[ 0.49844723 -0.64039765  0.58432971],[-0.80611888 -0.09440568  0.58417456],[-0.31893997 -0.7622194  -0.56329289]
83,180.49211765348622,23.078851291067057,188.46421823612027,3.979139467531881,4.963401892435542,5.28302391927358,5.616637040447157,2387.675538607219,2387.398387340813,55.372643920898156,[-0.68749442  0.39394748  0.61004656],[-0.22965354 -0.91489625  0.33200015],[-0.68891993 -0.0881489  -0.7194575 ]
37,126.76016032203682,114.91015562314739,140.9400369703445,3.2143275484970553,6.19297946151511,4.558575938397641,4.194312967437469,1349.1189717192444,1348.7811780162872,43.75403408194732,[-0.51733556 -0.37379296  0.76983293],[-0.63690726  0.76900326 -0.05461804],[-0.57158819 -0.51856804 -0.63590418]
285,129.99692543074482,11.731329043795954,115.53483372565975,9.216244099239896,6.563212290511925,10.99517680849842,12.369480956428529,2952.8229761192183,2952.1780026201536,163.9492938101286,[-0.06265951 -0.98331785  0.1707624 ],[-0.6638698   0.16882195  0.72854378],[-0.74521854 -0.0677138  -0.66337332]
38,144.6947340032833,155.9887067558145,70.86964507649522,6.659936257355597,3.9278178001744064,4.344722563994755,4.824505445250135,1383.341741777308,1382.890469221885,45.99362551105027,[-0.41336562 -0.03007102  0.91006846],[-0.64228912  0.71807774 -0.26800941],[-0.64544059 -0.69531295 -0.31614293]
110,154.49667440183399,179.3055242662588,186.51709837450122,9.625372670830215,4.991889763843045,7.082574876966311,6.774059098983825,3163.1555098089075,3161.6241491439987,115.37413531594773,[ 0.13625668 -0.76821057  0.62552909],[-0.84765959  0.23639802  0.47496231],[-0.5127449  -0.59495252 -0.61897025]
84,14.44606060329067,16.327831250127073,160.95659652242745,7.021082281191725,8.008134223387652,5.930750444541456,6.908897322975549,1492.4525765843339,1490.4167412263218,91.8504931776574,[ 0.76449408 -0.64462319 -0.00312162],[-0.63830275 -0.75765742  0.13610598],[0.09010219 0.10205968 0.99068936]
31,152.98985670545585,104.8131424200724,29.755361546528057,1.8421030792331352,4.562895861019251,3.1185108726014032,2.9467573870154173,1046.1702018122733,1045.9588973167001,27.938891616891098,[ 0.14074652 -0.45504728  0.87927379],[-0.56298459  0.69376198  0.44915774],[-0.81439472 -0.55823498 -0.15854002]
6,183.6620069329704,98.96574674826438,118.07411896068989,1.162732439985842,1.407152547637953,2.6761388454793456,1.582292061210406,587.2537772093399,587.213982983834,6.932310760087745,[ 0.16353101 -0.86639697  0.47181978],[-0.62156375  0.28091061  0.73126447],[-0.7661045  -0.41285049 -0.49258336]
12,163.45095995656345,43.79505287375668,100.84843604057691,2.530188834841823,3.4824642474778553,1.74524065969418,2.8464488507724033,682.5518215465355,682.488831875853,12.685912829052501,[-0.46085437 -0.24436811  0.85316908],[ 0.31489106 -0.94381981 -0.10023868],[-0.82973301 -0.22245988 -0.51191282]
25,46.23355363923179,64.55099689179414,19.67635646331636,3.5319919642197033,3.94805238592958,2.795829805419437,4.532556314650248,409.95287804533,409.78200722333213,19.69431574492146,[-0.80826169  0.47247297  0.35140054],[ 0.16403815 -0.39248094  0.90501392],[-0.56551263 -0.78913118 -0.23972371]
46,196.0612797682154,68.21355144986669,117.22217061845116,3.136448014936397,5.384536228052554,3.9746584302096433,2.901391357753533,1617.5156788592328,1617.184750183507,46.08958678886098,[-0.55210314  0.19281789  0.81117408],[ 0.13721578 -0.93861478  0.31650295],[-0.82240741 -0.28604816 -0.49175451]
127,72.99755630231363,134.79442207603404,72.67048872618557,8.548962186984731,5.380065207713102,7.140846004305993,6.100290893017248,1916.384003086741,1913.5137629648991,121.31143775215897,[ 0.64081378  0.06525655 -0.76491782],[ 0.63524031 -0.60456081  0.48059959],[0.43107707 0.79388148 0.42886449]
7,162.46351096016335,126.32935314645667,138.82409518984394,2.2630330511484718,1.152868055835653,3.7313898424907164,3.4080779917871866,656.8883912265172,656.8715091886095,7.840619217530675,[ 0.67567472 -0.72555301 -0.13052395],[-0.33939781 -0.46333153  0.81861653],[0.65442555 0.50881895 0.5593125 ]
12,19.165556805723163,117.9325398404705,64.72907233270676,2.1880068216010455,1.6795029465443527,2.3351004726993363,1.9576695350376105,470.8701365400066,470.7963198928051,10.570083736154738,[-0.6679675  -0.27179101  0.69278357],[-0.73070695  0.41593837 -0.54135259],[-0.1410205  -0.8678277  -0.47643289]
11,89.78448320696498,194.88446654968308,89.67984270969288,2.354044124457177,2.0390549607105797,1.6756701675999917,1.7652839799275986,771.3851952340228,771.3477616658079,10.182944320915457,[ 0.61809906  0.07528434 -0.78248694],[-0.68475285  0.54045443 -0.48889932],[0.38609207 0.83799837 0.38560555]
13,186.49434363382267,91.00945196565327,166.55078086520092,3.7074849539545798,2.5551669612447556,2.3892638454894883,2.916075259983821,959.545375865491,959.4658983595126,15.03393674636641,[ 0.41487288 -0.90930332  0.03237218],[-0.58016481 -0.23695947  0.77926825],[-0.70092031 -0.34207847 -0.62585385]
5,54.521580328078656,119.43046282622353,43.32049570449571,0.9516553055990584,1.7046790359737927,1.69497330513135,1.6834206406947467,309.1856192618081,309.16160026757916,4.386125340174475,[-0.91029376  0.32056105  0.26192726],[ 0.12583418 -0.38851718  0.91280894],[-0.39437424 -0.86388368 -0.31332722]
175,53.81219213702217,81.43832997146919,178.31241928808967,10.920972502841698,9.593526144891383,7.884180886332148,8.587231325301735,2696.6378798310097,2692.9662105941547,186.9085211477012,[-0.28812073 -0.83498469  0.46881447],[-0.92056629  0.37633997  0.10452723],[-0.26371226 -0.40145833 -0.8770901 ]
18,99.76480759202887,27.941829487392262,188.01291437133239,2.662863019562667,2.9935537072255465,3.940435075577821,3.568728373693086,911.056974779893,910.9064957155093,18.321248107662438,[-0.66106048  0.70908123  0.24536268],[-0.58912437 -0.69301297  0.41553039],[-0.46468432 -0.13014158 -0.87586052]
38,94.44388866836239,7.218561928101761,150.5666981952039,3.855647028676115,3.6683137122243386,3.332806151490036,2.2995849589372637,1097.0195383913338,1096.8344750261774,36.02109980583546,[ 0.33801136 -0.92611717 -0.16749717],[-0.77711249 -0.37503707  0.50541406],[-0.53089029 -0.04067155 -0.84646401]
29,190.93076528554587,62.8639937452955,137.41057446315216,2.333906973347318,4.120314276782165,2.211165727514191,2.020223441746819,1311.492780420298,1311.3390087591727,25.90261678622517,[-0.61874728  0.2555856   0.74285113],[ 0.04756473 -0.93167325  0.36017017],[-0.78414884 -0.25818783 -0.56431343]
2,163.592332053579,144.08408392632296,15.357835533896747,0.31155541684492505,0.2459418843085075,0.2052117561097795,0.08549268076895089,309.0590141897027,309.05839179339455,0.620253167220285,[ 0.34789618 -0.30033476 -0.88812571],[-0.5644445   0.68928107 -0.45419601],[0.74857909 0.65931073 0.07027595]
2,51.845064885881584,182.1162892860387,152.99315561103953,0.4688227269149543,0.7597567814469954,2.5105411049585626,0.9095348312459777,344.2913274595137,344.2731086475107,3.5418675883565607,[-0.9405646   0.33113144 -0.07543342],[-0.26454778 -0.57508343  0.7741405 ],[-0.21296175 -0.7480849  -0.62850321]
59,129.2683821612512,6.115885847009937,147.7135176739161,4.177332020871134,3.9389188425967596,5.149072939171207,4.787305561125109,1509.4969601134192,1509.0296663501658,46.61596730497889,[ 0.48084717 -0.78618737 -0.38819508],[-0.57931927 -0.61720449  0.53239816],[-0.65816046 -0.03111326 -0.75223452]
20,30.1741325713584,88.3606608217164,127.14296075636544,2.943588315649117,3.4611076449028895,3.840740972498874,4.218247406062453,705.8997683042611,705.76584761398,18.777148815764182,[-0.35532757 -0.72602533  0.58875252],[-0.91504467  0.39879265 -0.06047878],[-0.19088106 -0.56022463 -0.80604763]
51,13.858307911616496,110.64411863115487,125.48403106685271,6.212422611246061,3.6794285109366633,3.8194969751658823,4.057192087225429,1200.1425459004322,1199.2963412759489,50.53807628556836,[ 0.33814964 -0.72399604  0.60123586],[-0.93749495 -0.20334176  0.28240988],[-0.08220728 -0.65915238 -0.74750257]
2,198.37658582337338,152.74982692127082,15.935922900918687,0.5880610771018411,1.337919421546772,0.2213565428498825,0.36366469711089167,354.8011215006188,354.7953362905399,2.0261205738181047,[ 0.03475287 -0.14824414  0.98833998],[ 0.61118494 -0.77929705 -0.13838017],[0.79072448 0.60886762 0.06352177]
22,7.038419040481762,46.469604755420136,148.90870697389207,3.295001138533024,4.04229108124878,2.0428986657926775,2.8227934796197807,732.7691829073575,732.6343647769394,22.764990513653927,[-0.75292931 -0.61723058  0.22830651],[ 0.65656543 -0.72820934  0.19655278],[-0.04493654 -0.29788851 -0.95354242]
6,124.44888158697658,64.51328209103917,168.09323692583072,1.109641674705443,1.8853143275510498,1.910123785090358,1.3768370905549143,536.1556447148606,536.1501519152685,6.264074438179229,[ 0.67145337  0.37310036 -0.64027064],[ 0.47527207 -0.87972402 -0.01421635],[0.56856559 0.29475714 0.76801784]
21,82.41250770350634,163.18328502257833,76.98887289918027,3.1150360440466587,3.8628516341195853,3.2098075579324883,3.778509163081394,909.3624688013957,909.2321483186131,20.862852217972332,[-0.68073433 -0.00184824  0.73252806],[ 0.6033329  -0.56854253  0.55923948],[-0.41543975 -0.8226518  -0.38814152]
3,48.809687709607054,193.92378954896833,2.9894018789150913,0.5406831134904709,1.894992812364897,0.19807149795230625,1.8650911555294407,346.4172351223889,346.4157295580386,1.1518161240178932,[-0.09595107  0.0088156   0.99534701],[ 0.96500647 -0.24433852  0.09519031],[0.24404077 0.96964992 0.01493743]
13,145.16651056924985,12.643365473777207,65.93131455885643,2.4473156146806603,2.296921457714185,3.9505092909228305,3.1291222060202233,576.9525011999065,576.7879745451364,14.931020895686851,[-0.13615636 -0.8735211   0.46735676],[-0.39726909  0.48030096  0.78197715],[-0.90754544 -0.07919523 -0.41241896]
