N,MEAN_X,MEAN_Y,MEAN_Z,SIGMA_X,SIGMA_Y,SIGMA_Z,SIGMA_R,LAMBDA_1,LAMBDA_2,LAMBDA_3,EIGEN_1,EIGEN_2,EIGEN_3
17,56.368457440836586,125.69232595249257,27.60317022209238,2.2054189063704452,2.1314897546962976,2.375872712839127,2.6142866201546444,579.4561245357957,579.3882090649219,11.841731503757105,[-0.84977447  0.44370209 -0.28462572],[-0.34178495 -0.05268336  0.93830033],[-0.40133078 -0.89462446 -0.19641967]
20,10.695576722299403,115.38879356255904,192.8086326265485,2.8255442592004307,4.7873034004225445,2.509803563890208,1.524388144234521,1006.3159618597601,1006.1238718739745,26.391232250289065,[-0.99427733 -0.05785918  0.0898048 ],[ 0.09565875 -0.85644171  0.50730365],[-0.0475604  -0.51299114 -0.85707532]
281,28.216094170308494,47.00431561054715,71.25071960555425,15.07584254477821,8.608502812350807,9.476295843028085,11.734534847077674,1539.4521359381831,1524.5219878718801,260.71849253705966,[ 0.20614629 -0.8520632   0.48113616],[-0.92432661 -0.00819919  0.3815142 ],[-0.32112929 -0.52337469 -0.78927493]
4,182.3019098359217,142.17405877248024,160.3831421432688,1.3537094741399978,0.9224410624838018,0.4541450331177983,1.0269426203336656,562.7538318007131,562.7481765273742,2.7101322028800197,[ 0.42568216  0.38036754 -0.82104521],[-0.63167007  0.77460302  0.03135414],[0.6479102  0.50528278 0.57000148]
324,95.42886911983581,87.55607714411552,83.6867988406542,12.408246757055442,13.794795223162314,7.035012962741224,8.766669525221126,2795.3287279613546,2783.134696561858,320.0594813090071,[-0.31153758 -0.45596514  0.83369067],[-0.72158006  0.68437494  0.1046573 ],[-0.61827708 -0.56896988 -0.54222387]
377,115.11190092146344,120.328397306461,106.94809240921347,12.17025124084647,13.120900652282579,11.797946473632617,9.763033151067741,3861.996201704872,3850.7527951817465,368.0629981055706,[ 0.76409345 -0.63601775 -0.10790095],[-0.27654647 -0.47405293  0.83594012],[0.58282351 0.60889674 0.5381092 ]
2,18.63565539082763,164.38760637817867,121.76176024674704,1.7402913746817017,0.2920103514962875,0.40573653138091004,0.1510577565415332,290.51601521164395,290.5048084385047,2.5517383407616046,[ 0.27587972 -0.59210684  0.75716568],[-0.95690073 -0.09483236  0.27449557],[-0.0907269  -0.80026016 -0.59274979]
187,127.20640443358788,48.25852342860323,27.08438516720474,5.054600114199768,11.472292050728953,6.488268366668985,7.214812561220205,1905.2088172995132,1901.2377145244568,164.99468673327345,[-0.09686714 -0.28072546  0.95488742],[-0.38945596  0.89359213  0.2231976 ],[-0.91593712 -0.35026608 -0.19588991]
9,52.0505484762202,84.92388169681118,28.305376513525584,2.0487558740280334,2.0294284048588853,3.395483127637893,2.7671524666883425,310.88898559215244,310.8069786151023,10.470385160049728,[-0.74389411  0.571579   -0.34629323],[-0.440534   -0.02974474  0.89724302],[-0.50254487 -0.82000774 -0.27392692]
52,158.5754296259843,103.26383918056375,27.639456215923595,6.409437441339382,3.495732891857513,4.198755534849836,4.348885540476217,1380.12902144321,1379.692844271188,52.106798009973524,[ 0.14234826 -0.45412525  0.8794926 ],[-0.54011424  0.70895963  0.45348965],[-0.82946584 -0.53957994 -0.14436034]
36,44.09662354433397,3.7725804354603363,54.71870465477807,7.374616031045045,2.106386925435061,3.8121562297938225,6.593314908531011,425.2065095363563,424.3626397454695,31.697562709435772,[-0.0727463  -0.98916722  0.12749978],[-0.7730835   0.13669315  0.61940043],[-0.63011894 -0.05350889 -0.77465277]
9,22.83256765048956,119.3178064847493,68.31089116080915,3.095470811582459,1.4146956895071066,1.6507691015318624,2.162148014490686,418.26025874600964,418.1737351234916,9.306250712159281,[-0.3171919  -0.42472852  0.84793572],[-0.93405815  0.29461356 -0.20183711],[-0.16408738 -0.85604237 -0.49017017]
255,110.90809705363009,149.94449248611414,82.41374538132116,8.534395072022003,9.400060554458246,9.850970013594997,7.993973776261703,3264.35728584626,3260.271388065539,223.72894932769597,[ 0.37159544 -0.64255319  0.67010613],[-0.7529605   0.21365909  0.62241487],[-0.54310893 -0.73584998 -0.40442243]
37,131.25748072288255,120.87893653343292,78.84199254418131,4.835464060226597,3.3811123477794798,3.4348428708660412,5.407795214480079,1187.320224618859,1187.1148540095437,25.3914507979428,[-0.55767521  0.78381185 -0.27319836],[-0.48593423 -0.04144877  0.87301198],[-0.6729534  -0.61961358 -0.40399596]
961,176.06342515462586,92.76244530796292,67.29898101288416,12.565592834697435,12.695265345121769,25.09150625666057,18.990182307969963,6576.960608773902,6546.427485105012,730.4525548106608,[ 0.41327446 -0.8968633   0.1576085 ],[-0.36216978 -0.00308579  0.93210704],[0.83548624 0.44229707 0.32609207]
2370,87.56306626590104,121.2881521391304,146.77532848395865,19.725667599987965,30.690833211132247,15.906834075462333,27.341337818931056,10361.444240707651,10313.878614800182,1399.5855834758115,[-0.88035776  0.07543732  0.46827281],[ 0.22113482 -0.80812628  0.54592244],[-0.41960649 -0.58415847 -0.69475843]
305,14.567996566585173,188.28566828874082,104.82718547461982,6.9395380933899995,6.487593600947064,9.023171297971281,7.3735611657478115,3777.1862497483203,3776.196151911937,189.52840642695628,[-0.99296438  0.10622772 -0.05232018],[-0.09718801 -0.47869136  0.87258757],[-0.06764777 -0.87153328 -0.48564753]
33,183.62748426501582,191.12530704606294,7.077660939577503,3.28828318725366,3.8254525514439153,3.2383493943164523,3.711748748325855,1523.4418327480437,1523.2970521799957,27.067226070488942,[-0.50969217  0.46288893  0.72522253],[-0.51046786  0.51582858 -0.6879996 ],[-0.69255791 -0.7208708  -0.02662387]
61,125.43688154817805,80.3131067510383,33.85296485936185,8.288881026621779,3.9893260050596013,3.6096036366130955,5.710915345514568,1195.1153330207871,1194.1525774633799,62.8411777009653,[-0.02512811 -0.35464205  0.93466443],[-0.56892692  0.7738566   0.27833094],[-0.8220041  -0.52476183 -0.22121096]
169,86.01854042910402,179.22208627601242,98.78704456319865,5.6958289176274945,6.517082480849487,14.533139536438663,8.97928202630123,2893.4208172508256,2888.996343018843,186.28607594549132,[-0.85380148  0.49632516 -0.15711259],[-0.34827888 -0.32024639  0.88099039],[-0.38694296 -0.8069099  -0.44628641]
238,125.4790334527439,127.63974237462435,27.156571557525158,9.451848150212204,8.896988344224635,9.981940839074863,8.001279423653719,2801.6810628719127,2798.2719509544813,220.2026953120953,[ 0.48188146 -0.60728014  0.63166533],[-0.53598986  0.36599879  0.76076261],[-0.69318477 -0.70516361 -0.14912797]
214,188.51540559587468,33.886587273715975,65.59001413409348,5.500084931268557,7.057271148338031,6.832330332400672,5.075828704104223,2964.717120143793,2964.11034077853,147.5961442675264,[-0.12989894 -0.67797293  0.72351846],[-0.34069664  0.71579131  0.60956427],[-0.93115631 -0.16731855 -0.32396363]
273,175.60209878728165,164.76705421996752,153.5802994800512,9.687929383270113,12.446404921136175,11.186365269405213,15.212979096508755,4728.206009047714,4727.250864517931,197.95730519168987,[-0.15075353 -0.58332858  0.79812351],[-0.77448477  0.57143476  0.2713589 ],[-0.61436692 -0.57722619 -0.53792491]
3,121.33555048984879,2.169310366814714,93.61126848277179,1.263956261382831,0.8346844141650499,0.5065351740629258,0.8923604953338816,265.4737079859631,265.4699736077321,2.292704031356437,[ 0.29929156  0.86257551 -0.40790692],[-0.53258682  0.50573108  0.67866586],[0.79169176 0.01412689 0.61075739]
14,106.66321355763996,23.666746070317487,142.92894031847345,3.704980376767624,2.321327029315865,1.8022413212790562,3.55187652403539,673.3444719655787,673.3050610615686,11.711469479710077,[ 0.59795685 -0.73266517 -0.32503747],[-0.53920346 -0.6677422   0.51320559],[0.5930491  0.13161347 0.79433662]
4,122.11220942496581,159.40866729389683,14.554620791033525,1.6100794738456148,1.1088607698872797,1.9785096833252969,0.6113374175242293,402.69991854818426,402.66606002028493,5.433803638811678,[-0.55242104  0.48506556 -0.67789557],[-0.57180344  0.37122625  0.73159545],[0.60652438 0.79177173 0.07228897]
439,115.44517110605521,43.630615097026414,173.12554044368085,13.178923631542421,12.966763054504005,12.073765002702086,12.127853674917036,4474.582000311899,4465.939191983238,387.86084835195123,[-0.36832028 -0.81256836  0.45174421],[ 0.75506823 -0.54493932 -0.3645725 ],[0.54241326 0.20681825 0.81425676]
125,52.22314537518693,155.5016030269015,95.41765068808996,6.111477065288133,5.672510262871467,7.273013790726159,6.915819467442293,2124.724837411822,2123.6685917213886,96.51694816964981,[-0.71504758 -0.17546937  0.67669599],[ 0.64260961 -0.54610393  0.53742291],[-0.27524508 -0.8191343  -0.5032486 ]
56,47.09860684575066,18.38257696348061,195.6185691213122,4.070544748628536,5.62553319658131,2.1754924324593863,2.531085335984333,1512.7054259709644,1512.3484991034088,51.09488613697222,[-0.91891749  0.34638013  0.18870997],[-0.31814848 -0.93365569  0.16452536],[-0.23317845 -0.09114744 -0.96815286]
2,183.33371830023833,167.034089100862,52.55555584349155,0.2359701073787761,0.0945585718746429,0.31220017383865084,0.29766017981968673,358.5355985944152,358.5353936206284,0.3833806942897143,[ 0.68645455 -0.65236041 -0.32125698],[ 0.07642503 -0.37461921  0.92402363],[0.72314547 0.6588523  0.2073024 ]
7,6.895946767848926,17.872923060490354,191.900966020836,1.3112793861779966,2.808408797539813,2.4214605869181103,2.689266659060744,510.34871597404407,510.2986873774295,7.5951325287151805,[-0.92647107  0.37636193 -0.001749  ],[-0.3746559  -0.92180899  0.09950446],[-0.03583744 -0.09284327 -0.99503558]
4,128.70804770710276,146.23913650902122,197.13722491946044,1.5411603672369503,1.2396268169024178,2.097688726990183,1.9356607945373476,554.3376017403903,554.3248094707343,4.264083568881423,[-0.05258862 -0.7853083   0.61686734],[ 0.88407953 -0.32386019 -0.33692426],[0.46436819 0.52764141 0.71130635]
25,55.41492205673667,21.703746389428353,173.07051270740877,4.443296541865232,4.1891676423140405,2.728539915889458,2.6574068505070527,915.6596778942065,915.2171890045516,30.742907351812644,[ 0.66497111 -0.73708495 -0.12049565],[-0.68270645 -0.66530384  0.30213029],[-0.30286191 -0.11864476 -0.94562048]
24,23.997873743393523,178.29747547619186,125.14992302224243,5.290537933405999,1.7486286634724033,3.5772048596226043,1.8354809855765808,1074.0418549782296,1073.7449786878285,31.194328968346266,[ 0.39749889 -0.56243159  0.72502782],[-0.91105698 -0.14769502  0.38491735],[-0.10940668 -0.81354588 -0.57111583]
57,79.65355934431547,25.62366082194976,114.3474532663631,2.9502698115007013,7.623775741185916,4.85919881580231,3.208099508246192,1071.851189589304,1070.3245886902553,67.69636927774215,[-0.80901766  0.32313301  0.49099438],[-0.17224359 -0.92899088  0.32757915],[-0.56198094 -0.18044668 -0.80722762]
7,33.0793033845331,69.1957764640421,20.467594329038928,1.6674612329798257,2.1999739189882286,1.6549448608638109,1.634136247710113,210.16680921587377,210.09134242995285,7.322789946642415,[-0.76627362  0.18454557  0.61544104],[ 0.48906    -0.45370265  0.74496592],[-0.41670739 -0.87183533 -0.25740651]
357,103.90996637916665,107.56376115111905,189.40855374752203,12.876574751838678,15.44010655551462,5.348656602937994,13.014933291606159,4573.160340108209,4570.178040366056,306.7491389981175,[-0.80741132  0.5788623   0.11404123],[-0.40238967 -0.6816534   0.61109017],[-0.43147366 -0.44751211 -0.78330288]
48,88.99198448791367,83.31721756059406,27.704368739801208,5.668768186257311,4.155147440897121,5.694576968086984,4.779212105809069,868.0007115006457,867.1708060210398,53.06633882179979,[ 0.35754298 -0.61617757  0.70177505],[-0.60438738  0.42019575  0.67686884],[-0.71195429 -0.66615369 -0.22217191]
8,101.19249753357,26.98989561805454,191.39392178620045,1.4732803250648896,2.302880987467856,2.4353397358706985,2.484425761706354,617.1694285956123,617.1377844343074,7.5812706586917695,[ 0.82245555 -0.42821069 -0.3744362 ],[-0.32932525 -0.89516956  0.30036036],[0.46380141 0.12372175 0.87725776]
275,103.69045917103948,116.54845384180882,41.6552487621346,8.588790791560044,8.926685815732501,13.833479607414818,9.063013665432196,2692.8939014971597,2683.9994557025643,269.901112995415,[-0.70901699  0.42932859  0.55943889],[ 0.29139482 -0.5440527   0.78682635],[-0.64217129 -0.72089085 -0.26063848]
347,172.17924699655052,124.77054465572517,97.73625939523093,8.700719152836523,6.482342342663807,19.184985824419364,11.81831825539789,4377.327346345932,4366.050053645875,348.11585391954185,[-0.66905653  0.66735293  0.32711379],[-0.10650615 -0.52168574  0.84646348],[-0.73554048 -0.53149229 -0.42011444]
33,173.76064516911765,165.5670916860167,61.298623606874365,4.410534330832509,4.045101474779289,1.5160892483511526,5.122060859058168,1423.412756906826,1423.3619698070431,19.837515648880327,[ 0.15471215  0.19599417 -0.96832352],[-0.69569073  0.71753256  0.03407992],[0.70148312 0.66838112 0.24736233]
11,95.79450781026179,5.13169787511,22.977026487857767,4.497133765894153,3.0392480872239416,1.314075895204512,4.635545700048605,327.6784840128369,327.54400005361157,10.340379931171178,[-0.22168289 -0.16303751  0.96139246],[ 0.08849328 -0.98521876 -0.14667285],[-0.97109507 -0.05256191 -0.23283387]
90,60.038805559640664,189.7293639732497,71.4365006594692,7.954661173414814,3.935696793409131,5.340328680613133,3.7439136536083093,2007.6045930538723,2006.8221387061808,91.71415840252828,[ 0.03396081 -0.3615912   0.93171802],[-0.95819784  0.25321136  0.13319499],[-0.28408373 -0.8972936  -0.33787664]
558,18.431556657905407,21.946470454218016,127.91309723236722,8.68000672265306,13.991620742023585,21.10719532861336,20.755530730055828,3150.712544695495,3144.881383227973,398.56583485758375,[-0.96201308 -0.21597566  0.16698907],[ 0.23934897 -0.96144881  0.1353819 ],[-0.13131225 -0.17020781 -0.97661988]
3,180.551522629308,18.23061841247783,3.2233300427526217,1.9138721236550584,0.29874656064221095,0.9090768341389164,1.8908158247991982,314.3854452023048,314.3816744210964,1.7354715561324732,[ 0.09782212 -0.98878857  0.11281845],[-0.02883942  0.11049808  0.99345783],[0.99478597 0.10043577 0.01770694]
17,77.11366577505538,137.5544537007761,150.987824524818,2.054994420461422,2.0095609118417963,2.581154461770049,2.134771275289502,900.2673463238098,900.2568921872153,13.265078751290751,[-0.31314944  0.77621253 -0.54720337],[-0.88159368 -0.02331967  0.47143268],[0.35317135 0.63003992 0.69160661]
123,15.088562313548577,82.97745264909592,50.40571934129378,6.469081611517722,8.054659389184522,4.292352866630732,7.535622210670347,1095.8120482032568,1093.7696255234923,91.93019118124917,[ 0.73775919 -0.44372085  0.50874669],[-0.65665432 -0.29690621  0.69329057],[0.15657743 0.8455522  0.51041649]
69,5.186053827358412,67.79298498189426,108.04098834450289,2.931104169110793,3.874927650128987,4.81942355007755,4.179001587547393,1061.6398128482408,1061.1958686283438,45.226414822340146,[-0.96095829  0.25269629 -0.11271087],[-0.27374386 -0.80894334  0.52026434],[-0.04029216 -0.53080624 -0.84653487]
74,172.75918489998185,157.3601150510643,7.281990944466684,7.213098548062171,4.812301480226101,4.655977778178182,4.715305926963996,2012.6834560201858,2011.9045008554842,74.19613648633768,[ 0.22463569 -0.28982564  0.93034397],[-0.635013    0.68063834  0.36536275],[-0.73911927 -0.67285403 -0.03114739]
330,129.45424021787886,11.083445627236815,121.85425771001843,8.617670588130757,6.236446788603301,15.874243861219943,13.790013138824513,3252.829400034386,3247.042748087249,241.69572982272862,[ 0.21608771 -0.96616931 -0.14079407],[-0.65416206 -0.25031406  0.71373305],[-0.7248297 -0.0621268 -0.6861211]
46,3.377069221689968,96.09766827467864,87.88898586664351,2.463852209163492,6.235102525036712,4.566560109884925,4.380495934779226,885.0990638432503,884.1712284225608,46.83419448088912,[-0.99655597 -0.0342337   0.07552644],[ 0.07882547 -0.67384975  0.73465166],[-0.02574362 -0.73807491 -0.67422748]
274,39.51434582043622,41.670160025863275,185.0314355820265,17.323257935220543,13.767143636251834,8.801629579610463,7.054250067736475,3224.024413766588,3216.341988056387,374.75541717388893,[ 0.45436515 -0.88495079  0.10205103],[ 0.86710683  0.41310667 -0.27833185],[0.20415203 0.21495344 0.95504815]
141,187.61821168384316,45.475979686597185,102.92090382919463,9.825143080424043,16.777962900759963,8.908628170919616,13.388623335402603,2608.589868842961,2604.204613307182,198.1658609545493,[ 0.4245004   0.2284875  -0.87612378],[ 0.29269442 -0.95031052 -0.10601833],[0.85681351 0.21143171 0.47028422]
25,20.556628621696806,110.72415610124965,157.5720767070021,2.7702799605922235,4.349569133534518,2.933858477441156,2.5225024350201073,968.7742817085633,968.5472705258413,26.856403142197045,[-0.91261837 -0.26889153  0.30793677],[ 0.39481802 -0.77511367  0.49327227],[-0.10604926 -0.57174832 -0.81354619]
33,77.24745487372374,118.4217527422317,9.218765430181858,3.2507976574777855,4.178314420089756,3.000793456438141,3.6686682608304957,814.5021747129852,814.4082202137016,27.86886287394975,[ 0.0108525  -0.08441295  0.99637176],[-0.83834227  0.54235456  0.0550797 ],[-0.54503621 -0.83589831 -0.06488104]
13,8.937960700046945,125.53952935422188,176.21602820011847,2.773639712212977,1.7327801389412525,4.25771689442385,3.0424585170445546,780.949783464549,780.9022620848568,15.949570568789506,[-0.9510382   0.27253202 -0.14578288],[-0.30629714 -0.76798727  0.56247455],[-0.04133294 -0.57958766 -0.813861  ]
14,50.16064223977081,7.995930915407699,131.15916647360694,1.529307332403928,3.2291049499723186,2.847527176821545,2.754009599869709,526.5198908783805,526.3953947304603,13.646485576858467,[-0.90627237  0.26352264  0.33049388],[-0.22699353 -0.962983    0.14538805],[-0.35657303 -0.0567412  -0.93254282]
39,127.32691235166804,113.84750707401635,143.38319830211088,3.287645057713451,4.113030670233439,4.664759370850336,4.587721743766429,1393.2344333123767,1393.1123985805148,33.20212160317059,[-0.49754738 -0.40795557  0.76551868],[-0.65313577  0.75694633 -0.02111708],[-0.57084172 -0.51049438 -0.64306704]
80,27.523663928129725,108.21216040005474,193.77512632897506,3.99417530875731,3.6525127843096126,3.8683292705408503,3.695814800079135,2000.9082991730338,2000.8999965544508,49.41896595193428,[ 0.84919335 -0.50316887  0.16028643],[-0.51352544 -0.71605305  0.47282095],[0.12313519 0.48382757 0.8664575 ]
6,71.38048231440656,52.32009000681495,143.48840554915134,3.0271608898158338,1.3993551657098522,2.5180355168363397,1.5248426202121448,413.0773295224608,412.9691468335662,9.539581608425955,[ 0.43748316 -0.89272979  0.10789814],[-0.79332366 -0.32667799  0.51373054],[-0.42337461 -0.31034661 -0.85113978]
112,136.1280854762801,169.40996807217644,140.75043577881524,3.77029904347056,6.380535935852976,7.669706548156587,4.52518713767496,2742.1245936116998,2740.9907127361107,102.22083844319087,[-0.84195999  0.49150229  0.22255084],[-0.12158203 -0.5747112   0.80927427],[-0.52566262 -0.65431837 -0.54364168]
107,103.46288161115208,58.28455778988722,4.070310611755115,8.715243202285285,9.855527394460344,2.733701618508614,5.380517981673527,1236.585967177319,1230.7049602397906,127.12369365370239,[-0.02020067 -0.03332052  0.99924055],[-0.48992679  0.87155304  0.01915831],[-0.8715295  -0.4891677  -0.03393057]
2,192.23040333586755,119.06962021238519,100.68638819700442,0.19752482133282,1.273734608423723,0.46708333650092726,0.26931956002967183,350.05636910389387,350.05120691022904,1.9010762461455726,[ 0.55257805 -0.21007448 -0.80655205],[ 0.30253839 -0.85115258  0.42896365],[0.77661317 0.48104885 0.40677264]
33,139.82124208371712,159.60078395561476,67.31985161214863,3.0018673055219063,5.325843214920525,4.4582268433613175,3.748033444633033,1279.3711802486334,1279.1193996420927,37.79958303613451,[-0.52745618  0.10626046  0.84291084],[-0.57225657  0.68887943 -0.44493544],[-0.62794299 -0.71704522 -0.30254547]
41,147.0800331594081,28.322630405208486,83.41827685840862,4.807653522432326,4.486741286591404,6.55594064518271,5.578498044507821,1098.9808683800059,1098.7613768435858,47.821187680606485,[ 0.04399622 -0.96721416  0.25012216],[-0.51222563  0.19311227  0.83685874],[-0.85772328 -0.16493761 -0.48693568]
3,195.54537189647795,162.08339666717237,114.20658640939274,1.1131404874074438,0.3806241613777146,0.5212551367624964,0.8444576120808616,482.3499333125828,482.34700895152895,1.6806894011923184,[-0.34565841  0.78222643 -0.51830693],[-0.62245638  0.22219512  0.75045145],[0.70218823 0.58202331 0.41009822]
9,78.9305070420309,120.22400152321931,48.95053220291557,1.8226252872427158,1.5460281594481802,1.4067792829251096,0.9822786615555269,455.81959008491174,455.79194038506296,7.776338095601504,[ 0.11501716 -0.43842388  0.89137846],[-0.84667324  0.42604285  0.3187976 ],[-0.5195339  -0.79137348 -0.32219953]
53,16.86033485533965,52.13959831393389,115.65880212458885,3.2802618935266614,3.4310029339005172,5.128050050544676,5.088461872978573,932.883020344461,932.7081135253252,34.871359213110765,[-0.75380222  0.6332217  -0.17553487],[-0.64378336 -0.65817527  0.3903182 ],[-0.13162524 -0.40722915 -0.90379158]
366,53.26280701056015,36.69435510173815,105.25202613245789,9.309486499742151,13.05375859999766,10.052196124889722,8.489126964244402,2383.2358476507866,2376.9826574291556,321.89762701605514,[ 0.78479089 -0.5907511  -0.18739372],[-0.44710064 -0.74904493  0.48890971],[0.42919027 0.29990803 0.85196883]
39,31.84058763488462,84.4759842194866,126.26185573301206,2.6405221837578594,3.605543631291971,3.9036168881522535,3.628986837884576,969.901882172408,969.7199315016692,29.35240614183691,[-0.86838279 -0.28234979  0.40766398],[ 0.45155232 -0.79001279  0.41470507],[-0.20496787 -0.54420436 -0.81352922]
2,30.44497767298889,12.44730803516012,51.38388447008815,0.19985561910530514,0.04934466399173498,0.5599516188373315,0.3617974784383655,86.28431664035023,86.28170882996238,0.6708349080192139,[-0.3284479   0.9439082  -0.03404817],[-0.80195765 -0.25964739  0.53800293],[0.49898487 0.20401112 0.84225505]
74,34.915798383619105,192.08765328400207,66.65287930166959,4.757690082030136,4.615701312356057,7.767068255181434,6.228570035425391,1776.559570389901,1775.700576355498,70.31553469751219,[-0.91157662  0.0232604   0.4104717 ],[ 0.37457218 -0.36458314  0.85251089],[-0.1694808  -0.93088027 -0.32363277]
15,37.16130159663214,90.58026074795133,68.03193449666504,3.5694984356481196,3.557682670051437,2.2639785304670994,3.4787754828520714,462.2002982883807,461.9918309278963,16.518343740748403,[-0.21388516 -0.52898589  0.82123509],[-0.92586765  0.37784131  0.00224464],[-0.31148393 -0.7598749  -0.57058557]
10,106.21630813250067,15.491612832205169,134.06440722540069,2.0129932465384774,1.7207133672679777,3.244056521038356,3.0187603524107915,543.2309317324946,543.20377188498,9.15119238433559,[ 0.12203293 -0.99236209  0.01803991],[ 0.77634159  0.0841126  -0.62467496],[0.61838637 0.09023605 0.78067647]
32,6.112053733916376,183.73474249990733,57.34696913817865,3.0741153285224634,3.836667244280279,2.9892633534420563,4.151728376099797,1089.7530080416018,1089.704490091133,22.549813105913575,[-0.3055044  -0.27446566  0.9117761 ],[-0.95165938  0.11999462 -0.28274675],[-0.03180395 -0.95408065 -0.2978567 ]
79,108.33293528171787,148.83969815796232,41.25212689239496,6.721397671469188,5.6214084762774075,3.7819662340391402,7.112496226600854,1678.703095073031,1678.2470402270067,56.696350810988896,[-0.3394439  -0.01353583  0.9405289 ],[-0.74480306  0.61456409 -0.25996034],[-0.57449651 -0.78875076 -0.21869156]
13,164.05941717124136,75.94710794728282,161.15672404840663,1.6865273312222713,2.3591612503836608,2.736966397349535,1.7693108832287052,873.3205695016251,873.2621654063261,12.89870213290885,[-0.69643657  0.56463433  0.44290426],[-0.23686229 -0.76346396  0.60084859],[-0.67740118 -0.31354562 -0.6654448 ]
10,15.187940297762434,195.91404657111252,14.318199284203141,3.9268492808066946,1.5681766768751921,2.1815280586199988,1.4589539587549187,623.1862205327938,623.0942651671392,14.324772826790374,[ 0.01794218 -0.07430137  0.99707441],[-0.99686915  0.07547635  0.02356294],[-0.0770063  -0.9943755  -0.07271454]
24,89.55485844142369,19.771950891717438,21.263176761523443,3.1462025051183877,2.3099999269338136,3.168281672908351,2.9993216663749616,461.7533406605136,461.55675664440946,19.80710598933262,[-0.26797909  0.92515295  0.26884795],[-0.15220965 -0.31620546  0.93640073],[-0.95132509 -0.21001456 -0.22555365]
87,42.823864903062464,191.33814010391575,148.59701865973943,5.522157727842622,4.507882970656963,11.554296072347624,7.013812949810672,2297.9906870883246,2295.8560020889445,108.38426272629728,[-0.92789441 -0.07588009  0.36503996],[ 0.32956693 -0.62475747  0.70785856],[-0.17434907 -0.7771231  -0.60471654]
13,21.22408965720371,128.5059303881515,12.23647953477786,3.9538992863058433,2.3315538504334006,2.3350080124611745,2.7046820062117733,472.00265923915435,471.82300236915165,15.788143531984417,[ 0.47834589 -0.16121576  0.8632466 ],[-0.86296219  0.09586317  0.49609123],[-0.16273128 -0.98225238 -0.09326735]
11,171.72305524941993,167.3223199189235,104.66640014004146,1.6562035971488112,2.468664173769934,2.829435522971181,1.6850526137859592,867.7626228561276,867.696810504986,12.429829548403623,[-0.75111568  0.50461481  0.42566316],[ 0.07036839 -0.57990689  0.81163803],[-0.65640957 -0.63958728 -0.40006822]
80,30.069863294507304,158.31716191469735,36.68715056458586,7.18507949586386,4.096117511207985,7.983032727145663,4.548221239540427,1481.3803357742156,1479.1790138031904,94.8562881704568,[ 0.70969752 -0.28429916  0.64459555],[-0.6806545  -0.0406336   0.73147683],[0.18176601 0.95787416 0.22234706]
10,120.3241322232022,179.43813715170342,190.64286087560015,3.2261555384584266,1.7022477946583179,1.1401151439169424,2.7940570975921295,911.2308540680136,911.2054484118037,8.241263475816114,[-0.2161751   0.77536791 -0.59335735],[-0.88251031  0.10479978  0.45846763],[0.4176648  0.62275326 0.66161507]
45,192.34162861660496,97.60030302475083,193.6447523625036,3.2879504668586126,5.398184108301235,3.2649705262210986,4.89062557615914,1944.9860042154485,1944.770366959749,34.63639775381417,[-0.63596459 -0.21637407  0.740764  ],[ 0.39406665 -0.91636236  0.07065056],[-0.66352129 -0.33684164 -0.66803982]
4,11.161343630058834,127.10819288689257,164.66344765545392,2.174693440344803,1.799519476739312,2.658610004725675,3.049011679820851,416.697024146178,416.67944626756054,4.803077495817746,[ 0.32007957 -0.76034521  0.56517628],[-0.94586979 -0.22268402  0.23609778],[-0.05366009 -0.61015325 -0.79046417]
12,2.155620757724256,22.68780413360021,108.65438196873434,1.0353820193019672,4.045324051959142,4.28540018440598,3.5717666907224515,385.12312452441165,384.79816791330967,16.539940201761073,[-0.99897494 -0.0360161   0.02742088],[ 0.04083263 -0.97844309  0.20243967],[-0.01953868 -0.20335182 -0.97891076]
19,179.17757155590516,28.002986790942952,135.725750382171,3.854689761060779,3.707909176610589,2.6296591596308754,4.3703639931447995,987.6733069303261,987.5877369134355,17.640894771255304,[-0.60759262  0.27332257  0.74573855],[-0.07146713 -0.95392833  0.29139869],[-0.79102696 -0.1237559  -0.59913339]
14,190.96871395470535,135.18505089222137,121.24155374395286,2.2498803286155833,1.2233239843290697,3.059246785865445,2.949382340989839,986.1139132534436,986.0748278026778,10.060352411169248,[ 0.65500729 -0.72016458 -0.22875409],[-0.21402523 -0.46715894  0.85787862],[0.72467831 0.5129576  0.4601259 ]
2,20.392939128670115,121.46043579916184,172.9906890932666,0.08092377991951771,1.1756726953169405,1.1750374240905472,0.2925360246647841,300.3233504464275,300.31441367774596,2.3168428430545283,[ 0.99485567 -0.02863948 -0.09716978],[ 0.03224662 -0.81977975  0.57177034],[0.09603302 0.57196236 0.81463901]
115,132.82870473419808,92.89139882718639,15.97813357043043,5.47958464042337,3.8678448886662284,7.013046853013371,5.853816321557011,1749.3070952608257,1748.1485209989178,83.08497709080203,[-0.57859355  0.80466698  0.13319364],[-0.00335498 -0.16565101  0.98617873],[-0.81560913 -0.57014979 -0.09854425]
12,27.6840199749408,167.29417137709078,103.1952778679365,2.428887865936212,2.1776421911623625,2.2261740475363623,3.0403851344027086,687.7609343628815,687.717263190588,8.743290515435882,[-0.4300325  -0.42136574  0.79845035],[-0.89196105  0.33501021 -0.30360112],[-0.13956191 -0.84274496 -0.51990711]
11,190.0826831439261,33.563258762744056,32.13618944238273,2.493771930025466,1.8787640016612934,2.801591712911795,2.451684282680791,649.1319817227688,649.0621519491135,11.292273673536933,[-0.2171455   0.92158708  0.32175314],[-0.09606408 -0.34819354  0.93248751],[-0.9714008  -0.17157655 -0.16414007]
339,148.6583392488003,165.02588006928673,186.96705925267037,9.765778130796601,14.51665977092515,8.529977855883748,11.055906156178922,5355.894583065715,5351.047591331895,293.002232676465,[-0.3498145  -0.54651757  0.76088656],[-0.78502403  0.61424181  0.08027628],[-0.51124074 -0.56923243 -0.64390011]
39,55.0034079778227,75.17489033966265,6.026969862466533,3.03092426761265,6.622677544289856,4.84707621738466,5.014318050989295,585.0268164856716,584.2361483323991,44.64360181153834,[ 0.44540608 -0.39018658  0.80583364],[-0.67573039  0.44396112  0.58846153],[-0.58736859 -0.80663062 -0.06591795]
19,66.02148240662487,132.96264097178414,102.11159767281322,2.988755126365309,2.9880316620303597,2.889095464637329,3.7182753214589797,785.6556435158584,785.5989647958928,15.26940729111688,[ 0.03891868 -0.62073113  0.78305696],[-0.92963959  0.26486205  0.25616075],[-0.36640902 -0.73793019 -0.56674815]
22,4.355212072231511,61.64676430861602,87.656698969372,1.791703472436021,3.6360231801542593,3.6218351967378175,2.0436114378890955,503.63957117402396,503.2099493107608,23.633678507216384,[-0.98860466 -0.09564562  0.1162443 ],[ 0.14497526 -0.8128598   0.56412864],[-0.04053389 -0.57455275 -0.81746324]
42,145.81265634555973,85.02537133561138,69.23695875238776,3.7815065950562228,2.8770287130977263,4.090120509533677,3.8714379520145146,1182.8997186541005,1182.7609867017802,31.876395722120087,[-0.57312854  0.40071257  0.71480984],[ 0.18083979 -0.78893587  0.58726243],[-0.79926256 -0.46584292 -0.37969689]
47,6.988403912455644,175.27822420582194,178.61232999951187,4.367486883387937,4.578351024921073,5.533754058702837,4.030731091981344,1717.0012157962371,1716.7790358733198,50.42165677090459,[-0.99294437 -0.06289288  0.10052843],[ 0.11525337 -0.71128571  0.69338972],[-0.02789516 -0.70008366 -0.71351575]
3,136.71666727310097,138.376044812492,3.492624164738737,1.9233279950911835,1.8868333430061575,1.2267716544592235,1.4519863490496387,337.01723207638696,336.9889532773023,4.457389286358561,[-0.33870836  0.31222427  0.88757684],[-0.62567196  0.62980167 -0.46030909],[-0.70271704 -0.71124248 -0.01796911]
39,145.30092716739486,42.3925703806252,108.69602632339175,3.808999682481402,4.338303853479029,3.4151735855115897,3.7091239677225825,1164.3254094688466,1164.1061330873727,34.775054497492185,[-0.32363616 -0.6509131   0.68671084],[-0.53600077  0.72420931  0.43384796],[-0.7797197  -0.22766865 -0.58327024]
8,52.43202670327893,122.36171400812955,87.23201289447857,1.7883540346642206,1.3257341358775667,2.1922383747943113,1.0559411958533884,450.23176662667004,450.1921896922731,8.332139563285619,[-0.68458537  0.5942615  -0.42213286],[-0.65026291 -0.2361814   0.72206405],[-0.32939493 -0.76881182 -0.54811254]
43,96.34154485327886,147.2307185429637,57.111811703888264,6.808089265489606,4.971227981965133,3.461082511808037,3.189821322540052,1214.3599607146534,1213.3799731115726,55.94216710837114,[-0.37246559 -0.113518    0.92107711],[-0.76805118  0.59480803 -0.23727787],[-0.52092875 -0.79581221 -0.30873316]
44,11.655065176065483,194.32315479100288,138.12903979087062,4.832857237843449,3.1485503726173083,4.25399196172741,3.360756390608313,1583.877547173516,1583.6849973041803,42.02999117616355,[ 0.41001939 -0.54460656  0.73163365],[-0.91078123 -0.20173686  0.36024962],[-0.04859683 -0.81406753 -0.57873345]
20,62.816460174056864,162.86211468146215,38.49566830960255,2.211066680470441,3.314467302468582,3.3998458542649956,3.2021148461614,799.6727198097159,799.5944604663008,18.581718661480473,[-0.91387078  0.38374654 -0.13258503],[-0.20344602 -0.150225    0.96749272],[-0.3513544  -0.91113722 -0.21535795]
3,157.7238925017089,33.11067403031705,189.7625364236179,1.056043388866756,0.9302129173747439,0.7926492553565941,1.3734783517639548,431.22676658334615,431.22470181732257,1.471260444382844,[ 0.74248293 -0.38160755 -0.55054043],[-0.21763496 -0.91470426  0.34051598],[0.63352515 0.13301046 0.76220345]
22,43.245321213938496,108.75143181173303,162.55383847880006,2.4363083359058617,3.3300014002925824,4.511501638014839,5.439262095851736,939.9009038277685,939.8790596279001,13.141418427687032,[ 0.82907213  0.33705869 -0.44612873],[ 0.51574805 -0.76917512  0.37732424],[0.2159707  0.54291903 0.81153902]
49,118.54984964896012,152.69816445917493,170.08978587852982,5.431108725114486,2.3930055642748753,6.359629650546455,3.232596330851603,1803.387988185626,1802.652999837404,56.390702772043554,[ 0.41131301 -0.80194364  0.43325282],[-0.78677045 -0.07236106  0.61298951],[-0.46023241 -0.59300108 -0.6607086 ]
117,142.1369770716571,188.92272089099993,47.930357109490814,4.625215417125312,3.5390518730581024,6.9844379616065755,3.9091465953735987,2610.9963418616762,2609.8072731480834,88.83576476974744,[-0.67361878  0.61194498 -0.41444067],[-0.44614636  0.11037536  0.88812764],[-0.58922929 -0.78316066 -0.19866611]
10,133.74004848400904,12.87640926954496,81.84255616357575,2.6253138818817856,1.0303212658085679,2.6156260588290228,2.855250821633755,497.63244564419824,497.5935798683957,8.16178158884832,[ 0.04524767 -0.99556289  0.08250568],[-0.52468977  0.04659702  0.85001727],[-0.85009016 -0.08175119 -0.52025326]
49,133.25150408468065,167.7473189816021,85.2055889587939,4.301356898698304,4.606548771605893,4.876688970235962,3.6844255726552695,1614.6270288002484,1614.2985909048757,49.443432976607866,[-0.68363982  0.18433518  0.7061566 ],[ 0.44563592 -0.66081882  0.60392641],[-0.57796646 -0.72755689 -0.36961568]
62,187.0802267134304,34.745767503013916,156.1410859598271,3.8096584580257735,8.273681812096795,4.673624158380353,4.340196342407473,1939.6223703919545,1938.6148532633845,73.05771956094527,[-0.64987724  0.16086175  0.74282102],[ 0.00265891 -0.97685851  0.21387   ],[-0.76003454 -0.14096434 -0.6344104 ]
82,23.14433474550755,150.0586749325812,103.35224171223084,6.799863386320996,3.8210678192435883,6.714325647456205,5.207719362656684,1665.2819451336666,1664.417660069648,80.33087891313717,[ 0.42417279 -0.55730233  0.71378677],[-0.89683545 -0.14923822  0.41643022],[-0.12555326 -0.81678765 -0.56311128]
24,195.52650497648173,139.83135076491376,5.896747263373665,2.2957253739888617,2.6268584267425523,2.5298004913910153,2.8874062664820186,1178.1390757102156,1178.094716393223,15.677517849482733,[ 0.52819271 -0.71952029 -0.45089135],[ 0.24457539 -0.37958801  0.89224202],[0.81313919 0.58155266 0.02451866]
35,29.337128586253716,21.759161876583114,5.3572511554143745,4.0663310126802035,4.375917087735319,3.7309041819687776,3.6958957447045244,221.48504700275367,220.4061991060656,35.15255315466337,[-0.10895179 -0.1090304   0.98804953],[-0.59799245  0.80118671  0.02246989],[-0.79406205 -0.58839802 -0.15249009]
38,79.16875404786919,89.33432812808017,63.880665854127706,3.140339555987101,5.151765209932695,2.283815467427379,4.775109227613039,835.3856465919424,835.2177094081126,26.70642910097851,[-0.30194011 -0.36248037  0.88172567],[-0.75312619  0.65775725  0.01250398],[-0.5844939  -0.66027524 -0.47159675]
14,95.87191823651055,190.1560233566072,143.5867503668082,2.3181359260726797,2.9906061624834614,1.9409844001573868,2.548862374676314,961.1253226985293,961.084188813182,12.75428734095055,[ 0.78657382 -0.5720699   0.23245999],[-0.49189602 -0.35291678  0.79591963],[0.37328263 0.74039569 0.55899401]
29,167.34779613505322,37.7116004509415,124.13596377445452,2.597920018134405,3.793805528261439,3.1289880354261346,2.634278625781362,1140.5804388969632,1140.4964546200092,26.36386598016418,[ 0.44524915  0.49034834 -0.74920738],[ 0.42095009 -0.85312291 -0.30819201],[0.79028742 0.17815669 0.58626443]
45,41.28391354948227,54.598716096147534,143.8143528980845,4.484057055497783,2.6581762318893594,6.471865488306927,4.966449718777939,1069.7309405684884,1069.1146074294484,44.72485343467795,[ 0.40274011 -0.88809781  0.22154613],[-0.87809801 -0.30655911  0.36737636],[-0.25834916 -0.34249641 -0.90330057]
9,46.49975054590081,102.46668305378226,53.60042520297205,1.5454866648199064,3.8058799154755887,1.666840552531436,3.2687146831811207,374.1258725265306,374.0673016800138,8.998756012635628,[-0.53530401 -0.18789273  0.82349617],[-0.75795668  0.5371128  -0.37015067],[-0.37276172 -0.82231755 -0.42993318]
5,190.90632334192725,187.0805518915619,185.46892096183038,2.4519640010799697,1.0935734414377638,2.2837321798936654,3.2424094856246213,727.5124103768437,727.5102209704788,3.095814673749533,[ 0.4609629   0.34160886 -0.81903394],[-0.66570609  0.74341258 -0.06459987],[0.58681224 0.57501402 0.57009672]
22,140.57111540321173,188.63810311498227,116.36359429947005,4.163238436777035,2.462043806267081,2.72278244831221,2.514393378147286,1231.261895775633,1231.1591939267107,23.222813338442418,[ 0.05456419 -0.55337539  0.83114284],[-0.84268921  0.42099244  0.33561921],[-0.53562826 -0.7187079  -0.44335236]
5,75.9136135170276,119.24781430523726,103.28889572256772,0.6405640529806266,0.7132538023513869,0.5955091630797607,0.6246499426136948,391.48796927486075,391.4851675690516,2.0998725676043857,[ 0.41858125  0.42754784 -0.8012444 ],[-0.79798556  0.59436931 -0.09972048],[0.43359981 0.68112258 0.58996885]
36,176.145398900635,166.08381783262186,179.87657479073107,4.966069288394169,4.0690271023663485,2.5902743438670033,3.8295997062628446,1810.0710206959743,1809.830874630364,34.67651708649049,[-0.16814392 -0.6366768   0.75257576],[-0.79412123  0.53980696  0.27924885],[-0.5840369  -0.55068238 -0.59636383]
8,47.10821926029123,121.90583663545954,68.66969041565329,1.6327424635572152,2.4230020808554555,1.648664738213173,2.109327889343132,417.652943345445,417.64045959307015,7.378542961649109,[ 0.81294717  0.01379645 -0.58217399],[ 0.48716075 -0.56383223  0.666909  ],[0.31904748 0.82577411 0.4650869 ]
16,169.70721629768096,66.35093460317248,101.39486385626564,1.9661101288900134,3.073230280595743,1.3131097928422615,1.811983172170855,834.2392268636054,834.1604873008347,13.683390520231345,[-0.53272958  0.07438442  0.84301018],[ 0.23207402 -0.94510271  0.23004895],[-0.81384326 -0.31819464 -0.48622147]
45,56.89116404507171,168.86917379403548,82.11106878099874,3.1662841240042034,4.818206813819627,5.819702907847615,5.703542095900898,1317.1698850260175,1316.8733421405848,39.42897230308084,[ 0.66207026 -0.49614068  0.56170046],[-0.69124256 -0.11468035  0.71346489],[-0.28956295 -0.86063514 -0.41888   ]
58,138.86000862495777,133.0043657430649,142.6501484630787,6.091708908588568,4.105936497661249,5.522068222015124,5.514104300372526,1824.4894046677082,1824.058245666063,55.86999121200609,[-0.69400859 -0.04596654  0.71849785],[ 0.4263085  -0.83044036  0.35865005],[-0.58018371 -0.55520796 -0.59592867]
20,40.69746494651772,4.983280370344593,16.278519074011026,5.358969701660826,2.6671048278818015,2.082368146783019,4.196475047828041,199.18341156780764,198.32191076255052,21.104395544923495,[-0.15189911 -0.77274743  0.61626948],[-0.34672871  0.62554143  0.69891138],[-0.92558406 -0.10751431 -0.36295291]
10,65.00560859655386,88.80429626255008,31.749099599849227,1.594436048324193,3.0662782953665744,3.6922267455111677,3.048172632972118,362.5354349783629,362.37542810193577,12.743399062083647,[ 0.52369931 -0.59972849  0.60503287],[-0.6357412   0.19762761  0.74617455],[-0.56707333 -0.77541542 -0.27777466]
7,31.56616308743011,5.136711944092673,1.6808956720689434,3.9083600048973057,2.452519154110273,1.032307378014171,3.936843906967171,85.6403211493924,85.36120498774689,7.145298906528424,[-0.0986031   0.28901886  0.95223187],[ 0.1351579  -0.94413839  0.30055788],[0.98590556 0.1583376  0.05403179]
