N,MEAN_X,MEAN_Y,MEAN_Z,SIGMA_X,SIGMA_Y,SIGMA_Z,SIGMA_R,LAMBDA_1,LAMBDA_2,LAMBDA_3,EIGEN_1,EIGEN_2,EIGEN_3
1869,92.93955532802585,125.70752488796084,140.68167699737378,18.883928473345737,37.11697481409988,11.892201150005317,27.104605772605673,9256.419596672407,9198.305753786542,1434.7417913991721,[-0.89484834  0.24614765  0.3723678 ],[ 0.06456178 -0.75406845  0.65361499],[-0.4416766  -0.60892702 -0.65888517]
42,131.6968569805138,153.620385329177,115.19656095173025,5.496329166218365,5.710981218428623,3.140331327205935,3.8543518534626275,1509.7854987394478,1509.3594372644218,49.23667403155761,[-0.50623277 -0.1956596   0.83990815],[-0.65095893  0.7255157  -0.22333707],[-0.56566851 -0.65980626 -0.49464618]
4,145.33038069304638,111.17593419259933,58.99861631530644,0.7293372267487528,2.1052325273416552,2.665704135565465,0.7587858885837325,384.56479564210935,384.51955083878113,6.778590037567065,[-0.65461696  0.66204156  0.36493507],[ 0.00790558 -0.47672176  0.87901869],[-0.7559194  -0.57830557 -0.30683633]
63,186.82752692484473,18.285105722340226,116.295309727624,4.601780240499226,5.159244311128616,4.4419135097755635,3.6977823187059506,1753.6417187087147,1753.2916232916118,58.43302839409546,[-0.28678181 -0.7618392   0.58082461],[-0.44934052  0.64243208  0.62078508],[-0.84607877 -0.08295817 -0.52656306]
506,18.822838454152933,18.71633211212964,127.06385242616261,7.751609508853974,12.932585293658931,20.735984611978402,20.473157590488963,2969.0186783451973,2962.9028152225906,351.2319921826333,[-0.99027609  0.03571343  0.13445379],[-0.01548653 -0.98877953  0.14857726],[-0.13825136 -0.14505029 -0.9797178 ]
883,104.44361022418498,118.81905796766603,178.16124433401743,13.113868055494613,17.26420115227937,11.715020107047952,11.391455855595876,7108.948939768447,7097.089054771675,647.0370855607171,[-0.89834427  0.22902461  0.37486704],[ 0.0160103  -0.83570711  0.54894197],[-0.43900027 -0.49914061 -0.74708595]
11,74.96088230798401,185.11808021699338,19.240235056628208,1.753416772422793,1.631178233167821,2.992908441542415,1.7579331868986543,665.5686348052681,665.5003291880508,11.29048709189151,[-0.8968785   0.33295594  0.29111733],[ 0.23666935 -0.19474893  0.95187209],[-0.37362625 -0.92261216 -0.09586566]
64,129.67082799029853,8.136216480710132,144.62789812385586,4.324652987835703,3.6244404865446427,4.319425650158895,4.3851796167579655,1556.1080187550842,1555.997347923963,44.736208428747865,[ 0.18798791 -0.97556858 -0.11369472],[-0.7209739  -0.21567663  0.65854402],[-0.66697615 -0.04182739 -0.74390408]
9,76.3743668333365,37.56857566257443,41.5296134474866,0.8386978802730869,1.7436593805455578,2.046534676305512,2.127054790275005,284.23092787380654,284.19943066333974,5.563351313987154,[ 0.05527784 -0.788906    0.61202261],[-0.58902597  0.46917243  0.65797084],[-0.80622129 -0.39686842 -0.43875129]
341,16.497786370164693,187.6783609991988,107.94242485277907,7.1471955078576626,6.2554785602900225,10.52018770015324,7.846962073250288,4016.3329427943,4014.077538196689,217.83048789792647,[-0.94574869 -0.09535267  0.31059183],[ 0.3158007  -0.49443731  0.80981582],[-0.07635008 -0.86396737 -0.49772588]
388,94.56488239451953,86.9419455297802,83.39077711752672,12.8787682522652,14.282228940296745,7.8105553991891155,9.242355557101947,3039.8512202754796,3026.7802494536477,365.6049684746859,[-0.29691847 -0.47167073  0.83028076],[-0.72896768  0.67359413  0.12197159],[-0.61680268 -0.56903222 -0.54383526]
30,30.48047200260155,67.3501921510779,4.056333882429282,3.4224830731496074,6.143404763886256,2.079592747272201,5.916382509693942,407.3466627905191,406.9701761371472,23.75767682218542,[ 0.13225034 -0.11820351  0.98414317],[-0.90229083  0.39666871  0.16889403],[-0.41034267 -0.91031965 -0.05419437]
160,188.93483637528675,31.950291895494065,64.73088317014636,4.89868401398792,6.676636894966782,6.702436423808219,4.558143799896616,2560.694522636485,2560.1846608540077,122.25805347388294,[-0.33427676  0.70107017  0.62988861],[-0.12494152 -0.69539947  0.70767874],[-0.93415666 -0.15786132 -0.32004865]
19,48.439100224428046,3.7372184088049694,55.119728582308866,2.3148293335105805,1.9298324749614613,2.978902881162813,1.4990080503096843,320.69611843491765,320.43775425046607,17.288933209926466,[ 0.11020127 -0.99348289 -0.02911049],[-0.74409287 -0.10188451  0.66026157],[-0.65892448 -0.05110076 -0.75047135]
649,179.972240483612,94.64093679046037,66.42502934597142,10.765532307474794,12.32154157876224,10.966141345257006,14.454347562413664,5468.894348761775,5465.863946947088,338.4602177958956,[ 0.17642521 -0.76692886  0.61700426],[-0.51231356  0.4636946   0.72285692],[-0.84048139 -0.44362984 -0.31110064]
115,41.883364932575155,59.170052904684894,76.31733851366323,6.3889524098207024,5.463568808308131,8.377415490514982,6.267503220871673,1134.395712158112,1132.4700775344477,106.64156522701307,[-0.91024081  0.33794239  0.23928352],[-0.11138673 -0.7564011   0.6445544 ],[-0.39881657 -0.56004671 -0.72614945]
42,96.50983416993665,33.857295747120645,57.59010224035006,5.138730257717138,3.6191516984037344,3.9306590429116612,4.751633303050728,761.8658474210176,761.6472616197349,36.67673935405023,[-0.34593345 -0.43172075  0.83303496],[-0.45152902  0.85488155  0.25553683],[-0.82246677 -0.28774072 -0.49066658]
246,111.08241043683157,150.9928892415419,83.33695749651214,8.974819222246422,8.699668716742245,10.455903874937635,7.2522407630330195,3225.7602687230906,3221.373067135024,229.8182651379214,[ 0.37122076 -0.64270754  0.67016577],[ 0.75486269 -0.21140419 -0.62087888],[0.54071939 0.73636627 0.40667832]
35,162.2404669903849,74.58260387401401,20.92635166009463,5.005263844337466,7.714633711632538,3.669817590744665,5.652685438686389,1064.9525665063854,1064.424946986321,48.055156072847254,[-0.09685388 -0.06672706  0.99305933],[-0.42020073  0.90721127  0.01997612],[-0.90224756 -0.41534949 -0.11590569]
235,84.37639600401577,175.6063401115618,102.25190502211233,8.058307243689688,8.43869564467951,13.670339180203097,6.285459868705937,3383.4560291024927,3375.234591020704,256.2694778570685,[ 0.84433853 -0.50687006  0.17371004],[-0.37401714 -0.3254023   0.86846101],[0.38367124 0.79824563 0.46432779]
42,93.5316324822182,7.192256511013101,151.65935905857225,4.8679098916822445,2.999083570512665,3.61261986246938,2.748306260699447,1156.3869554839862,1155.9644387630328,39.95078279632841,[ 0.23411433 -0.9672115  -0.09844996],[-0.81858097 -0.25073924  0.51677366],[-0.5245147  -0.04039486 -0.85044258]
19,195.668011141766,129.7446191002918,99.74691117699923,2.8242024306736857,6.558183937614675,2.971619373636013,2.633072798346941,1112.337929087192,1112.0228084450212,31.745631577788398,[-0.38918451 -0.1157019   0.91386459],[-0.51017955  0.85309971 -0.10925986],[-0.76697604 -0.50875727 -0.39104193]
145,130.5378190204699,88.5690951327334,19.992388783461926,4.930007269811534,6.5757625213070465,11.089435974866642,4.651097421256618,1921.0119257165422,1916.5373186714291,155.8741172755561,[-0.55973779  0.74154051  0.36988009],[ 0.11304955 -0.37384873  0.92057424],[-0.82092229 -0.55709496 -0.12542644]
135,166.401898054534,153.77881202288424,140.49142951841444,7.3832506863772265,6.144157603260235,4.600547965687552,5.568465671714165,3099.5798730199417,3098.775956600981,105.65991285853008,[-0.60167276 -0.07509133  0.79520512],[ 0.49813262 -0.813521    0.30007912],[-0.62438272 -0.57666704 -0.52687887]
70,143.98198359940616,31.79474434204053,85.21532546796509,6.501806185134039,5.818766194121862,5.894190959500752,5.176161068919088,1427.0554494549503,1426.034601246997,77.01915760566223,[-0.1547965  -0.81093542  0.56428874],[-0.51091934  0.55457361  0.65681774],[-0.84557641 -0.18663294 -0.50016864]
275,103.32825662701198,114.20626180301599,38.355745163591656,8.970974770695717,10.191724892177266,10.952842016933333,8.022536623099613,2644.9418844111306,2638.291825829736,257.10057901525147,[ 0.57105291 -0.25226399 -0.78119233],[ 0.5005059  -0.64729337  0.57489576],[0.65068611 0.71928727 0.24337915]
121,35.15119807846162,18.477904829727038,191.92453855787713,9.524160901601448,6.397410848772079,4.566249907813381,5.4450260077788855,2159.0320081123323,2157.8432300535947,122.1301534929931,[ 0.11450086 -0.99063664  0.07435451],[-0.97696357 -0.09871965  0.18919995],[-0.18008815 -0.0943052  -0.97911939]
427,53.17824916829084,35.02795180526807,104.05170546013095,9.239145637135092,13.418970554318491,11.540662291974414,9.548831715358988,2546.5231068590238,2536.5018472172633,361.5510738934973,[ 0.80206873 -0.55534774 -0.21971492],[-0.41053453 -0.77986456  0.47251737],[0.43375933 0.28879085 0.8534944 ]
90,16.063736081914243,48.852154508732426,184.4199832206053,9.786823088511753,5.112614144587962,3.5275240942872905,4.065809810504428,1819.1605134410518,1817.2050655869548,102.76941690236406,[-0.14855057 -0.95258289  0.26555333],[-0.98534017  0.16535846  0.0419682 ],[-0.08388968 -0.25542596 -0.96318228]
115,10.089953488877338,41.4930273894873,68.52383769147491,3.123623219122885,6.834246915537336,7.806482313398122,8.003899020360965,872.9392450880338,870.7790318683827,78.05726707559806,[-0.98669101  0.15452688  0.05061914],[-0.10517725 -0.8439103   0.52607333],[-0.12401048 -0.51374784 -0.84893142]
228,119.87282451769842,128.32346957067264,100.62748580909404,9.289884927914493,9.235920788808832,6.810100748724957,8.591538346640672,3062.3644280039043,3060.590675187667,181.42840557982316,[-0.74808166  0.66190817  0.04744897],[-0.29827793 -0.39925885  0.86696173],[-0.59279347 -0.6344052  -0.49611082]
5,110.37930088568734,122.56734726989257,138.5079366545916,4.625841789498164,2.0794051580055997,1.130075587248961,1.5437109093030166,481.74594903447826,481.6386000688663,11.09168935133508,[-0.03916599 -0.73259036  0.67954205],[-0.85775756  0.37349047  0.35320933],[-0.51256023 -0.56904854 -0.64301304]
2,58.21725826689048,156.42859987841177,127.95986345250537,0.36241557282694714,0.7381834592202949,0.238021803733659,0.5045453477319342,297.4344149188654,297.432806685247,0.9781029926244812,[ 0.9053438  -0.414077    0.09430185],[-0.32206887 -0.52471691  0.78799988],[0.27681085 0.7437825  0.60841051]
162,142.59433501203895,170.67301230409765,190.53863066773434,7.984532632928054,9.120892749145534,5.466582126382984,8.464611907410399,3730.702737661877,3729.7144869494196,130.43635154569338,[-0.85351585  0.47545334  0.21320137],[-0.18486663 -0.65885273  0.72920327],[-0.48717043 -0.58297273 -0.6502367 ]
186,169.56843078594093,127.03387050618497,85.08592616868836,8.068220379773027,4.459458361296632,6.290317083510583,7.87085378449301,3116.9176088412087,3116.4271982940577,107.9306988408186,[ 0.39208694 -0.81265866  0.43110756],[-0.54258734  0.1741457   0.82174951],[-0.74287738 -0.55611076 -0.37265805]
5,124.36348777631004,105.05143332718633,37.195838211895044,1.8414676947474797,0.9897511320945687,1.37684497308571,1.00124468246256,373.43425350032163,373.4156770685642,5.1346588325744005,[ 0.41661546 -0.17753232 -0.8915794 ],[-0.52129052  0.75683069 -0.3942886 ],[0.74477362 0.62903862 0.22276145]
3,38.06996674644619,180.07230939552437,37.92245844098681,1.7222361485716173,1.6641347184063713,0.7819655766805621,1.7973812526852784,325.51325848599004,325.5006504297038,3.0590179558669433,[-0.590029    0.28391337 -0.75581676],[-0.78153467  0.03413303  0.62292736],[0.20265572 0.95824221 0.20174867]
84,13.512500648591336,110.96635399406962,122.31997126436517,5.272290855017317,4.7420085874604565,5.861241860567263,6.25591729803254,1520.5845892076459,1520.2673923364227,61.82428484504572,[-0.18545966 -0.71764791  0.67125717],[-0.97926942  0.19160819 -0.06570918],[-0.08146232 -0.66952803 -0.73830624]
27,87.66757294517446,20.177357223836093,38.92234326499967,4.089727071789767,2.4291940346540146,2.9047953122079995,3.7196663180143346,509.9931925788236,509.8403301104248,21.491412019244738,[ 0.12527492 -0.96755194  0.21942979],[-0.42896671  0.14660575  0.89134411],[-0.89459139 -0.20579113 -0.39668155]
69,11.611215837740781,176.57680413470973,6.409493288214613,5.972115860626612,3.6091219842489775,4.145431700603013,3.8824824060813974,1472.0828522779327,1471.5947066602348,59.154670052552305,[-0.29786688 -0.01510199  0.95448795],[-0.95232193  0.07384863 -0.29602249],[-0.0660171  -0.99715511 -0.03637901]
136,127.294366110663,49.93361120633232,29.098476144230794,6.034511575543648,9.017242158664269,5.5263877286896435,6.674205371226359,1635.3550099018423,1633.371074515643,118.29577461563822,[-0.09893254 -0.29981759  0.94885287],[-0.40225709  0.88419919  0.23744688],[-0.91016569 -0.35819157 -0.20807983]
96,171.5740030005788,28.263586556916646,92.06078490094153,7.367897782949938,5.877468945370468,7.701806159731406,7.695979092638913,1930.424834491134,1930.2898252209784,92.3242725545046,[ 0.00568366 -0.95930536  0.28231353],[ 0.48947878 -0.24351552 -0.83732354],[0.87199669 0.14294554 0.46817556]
45,138.69317501769936,68.64376995279807,9.57968644929555,8.251980909580526,4.2358310753057316,3.3960500356624683,6.946039272574591,1042.0446190713437,1041.2961396953192,46.74191905489972,[ 0.15192555 -0.4303484   0.88978586],[-0.41935309  0.78712682  0.45229896],[-0.89502045 -0.44185022 -0.06088326]
4,152.56750280400001,176.4247971619036,146.41624919246294,0.9401757753367004,1.5789375078978243,2.194857653406654,0.5388467938642367,550.811699397828,550.7835956891082,5.622940938396165,[ 0.78780833 -0.60988392 -0.08602114],[-0.2691401  -0.4664995   0.84258046],[0.55400509 0.64064017 0.53165641]
24,156.7528419992758,27.75092173401788,127.84049740025539,1.7438174978475158,2.991327987471461,4.0047860032178635,3.244882373069612,1000.4881024156788,1000.4080809868695,20.518580585353938,[-0.26688201 -0.820589    0.50537875],[-0.58266477  0.55509123  0.59361224],[-0.76764299 -0.13604197 -0.62627217]
5,156.34366244487373,109.2782933105328,129.33822837452297,1.5678155132010099,2.447300638596945,1.6826851179556903,1.292644773498103,515.3827451345824,515.3447091103859,6.919487446621621,[-0.63872804  0.00313272  0.7694262 ],[ 0.36306109 -0.88044143  0.30497465],[-0.6783901  -0.47414458 -0.56122526]
73,179.82753444795586,121.29323371103554,123.87160748298417,3.417960101490812,6.5858861770327275,9.225437392825016,3.5693847990393115,2136.3533500317885,2134.659125662422,96.10977329492134,[-0.68869762  0.58844016  0.42359624],[-0.08633956 -0.6466333   0.75789898],[-0.71988963 -0.48539011 -0.49614047]
35,78.35705567332789,122.33480745560534,9.316749360292105,4.173646997785086,5.3959846508854135,1.9191711412729395,3.5328001693946858,862.1870487166299,861.5556540335613,36.621706493444236,[-0.09090455 -0.01760409  0.995704  ],[-0.83815919  0.54130097 -0.066951  ],[-0.53779693 -0.84064461 -0.06396175]
27,69.01512131793471,81.91561523287193,49.771032553920854,5.7231864977098335,5.311211377471634,2.0695346094585743,2.776107978606518,615.0385260011932,614.0219999117775,39.371293861527285,[-0.30885356 -0.28992808  0.9058428 ],[-0.75043607  0.65942237 -0.04480887],[-0.58434166 -0.69361649 -0.42123744]
181,54.80549098251363,160.6523308213765,96.39884415497596,6.173740433468182,9.195964619604437,8.6179723364827,10.9792452463094,2632.0698130304336,2631.373013859411,116.57532631417732,[-0.9503977   0.16680869  0.26252443],[ 0.13358174 -0.54332552  0.82882646],[-0.28089168 -0.82278323 -0.49409273]
16,145.7222816584254,87.0715183635713,157.55454112544442,2.280923730754518,3.8427445665535545,3.5223544667499973,2.854096374870566,926.6533418861687,926.51881420721,19.703487070202563,[-0.3024568  -0.68783679  0.65984879],[-0.71610054  0.62086091  0.31895413],[-0.62906271 -0.37604823 -0.68034391]
25,30.758229536719483,5.5451358824000865,53.333959350606676,4.692044992752445,3.465492234753529,2.762245863980039,3.7623998298535914,310.56065450012323,309.87875192385604,26.007826425483625,[-0.59860961 -0.68459089  0.41593492],[ 0.62611037 -0.72374744 -0.29013004],[0.49965222 0.08674654 0.86187163]
54,145.15792237538494,93.9681921677291,95.7126400421504,4.1399466088250945,3.717752254087747,6.072312501889676,2.913839939108036,1453.3055023469376,1452.8218116407807,56.63285533103465,[-0.48615916  0.8664925  -0.11331382],[-0.47355023 -0.15224605  0.86750869],[-0.73443819 -0.47540708 -0.48434353]
141,116.98776693236175,13.15735640754154,44.16196442476446,15.5084277475146,6.473635420922773,5.966852783397417,13.953530191983154,1506.6290744660687,1503.4469246414685,132.99168522604796,[ 0.20410771 -0.94329425 -0.26179381],[ 0.29774171  0.31457183 -0.90132926],[0.93257167 0.10602132 0.34506458]
4,129.28889793856513,63.47733527684875,92.42755892846964,1.3353393614764661,0.8224875121097402,1.5878314146314523,1.2145551757302004,342.3024278763981,342.2830883772842,3.7337478404516675,[ 0.49606515 -0.86230956 -0.10169367],[-0.4279882  -0.34473739  0.83545331],[0.75547698 0.37091558 0.54007052]
70,22.557706971399252,109.0230718163784,193.25927881431556,8.284551005137342,4.96664093157045,3.6928916472472175,3.734072342003489,1867.7631472276692,1866.561888365732,80.88914523928578,[-0.38160621 -0.7852791   0.48755865],[-0.91877648  0.37996379 -0.10713213],[-0.10112601 -0.48883971 -0.86649251]
9,196.21768387288546,141.08805778825808,4.237640054333144,3.1716458106306322,3.2547085705516214,2.376357593377193,4.2622917435909935,725.2925338230923,725.2613237375566,8.563430691773366,[ 0.50704236 -0.71942495  0.47469546],[-0.28977719  0.37639811  0.87997366],[0.81174948 0.58373984 0.01762316]
3,47.764751851522796,27.9403679207432,121.63846984907794,0.632069633094181,1.4442158181814908,0.29963639816852217,0.3329750685239861,231.4775894011006,231.46167812027758,2.7176541327095007,[-0.87319383  0.42056965  0.24627975],[-0.33131607 -0.88283465  0.33291536],[-0.35743839 -0.2091032  -0.91022725]
8,53.73960008820633,64.53414454285604,86.29226640722177,1.1051492302165706,3.2451087943568497,1.632622107619587,1.3890186347845703,340.73925161672145,340.6036637949198,9.993898650818316,[-0.86653018  0.05887255  0.49564047],[ 0.22349605 -0.84213749  0.49076874],[-0.44629023 -0.53603961 -0.71657977]
2,151.1882761826214,64.64644425599165,95.19396893304118,0.601876776717134,2.15388306055776,0.9342791487201083,1.6798236026044293,268.7185281169168,268.70717004131143,2.4706520823336975,[ 0.43573668  0.25292755 -0.86380623],[ 0.42069807 -0.9056533  -0.05296453],[0.79570515 0.34032303 0.50103249]
353,119.16396209442124,34.405861485796706,165.80125930169478,12.955416395032492,8.064437483362013,7.862383279203461,10.364498630996986,3900.5975769725555,3898.2689068197733,256.6038190140876,[ 0.0411056  -0.98382031  0.17437866],[-0.81601451  0.06765541  0.57405842],[-0.576568   -0.16589253 -0.80003063]
8,142.9447017564309,105.06706571623934,178.93632139885779,2.7059797245434316,1.6794080407690055,3.0618523349791715,3.858545318848641,712.7889305472211,712.7796061199291,6.098132006864029,[ 0.77846622  0.00973443 -0.62761102],[ 0.26858429 -0.90888537  0.31904524],[0.56732075 0.4169324  0.71015107]
36,175.03556843201778,165.92107981251013,61.22883472768381,3.8656455866989985,3.4888049169372337,3.0176122676042807,3.9559749118442347,1493.302924842221,1493.2795307062374,27.179722481447,[ 0.4983158  -0.21588845 -0.83968657],[-0.50678231  0.71328656 -0.48414251],[0.70345792 0.66679417 0.24603352]
4,56.525893068181645,10.877159594047642,118.08302680736111,0.713248159012161,1.98320016391249,0.6752212948650408,0.44661038386069013,262.7658347500331,262.7380065264259,4.331410330245432,[-0.88198533 -0.17351711  0.43817084],[ 0.19223772 -0.98134698 -0.0016652 ],[-0.43028657 -0.08276428 -0.89889017]
35,149.65662843030088,9.627921569324652,66.14049038203284,5.815907230428522,3.8328714826206,3.4224743364359265,5.2510343762825,970.5199408900061,970.3957001908639,33.83791388484423,[ 0.26490127 -0.8373244  -0.47824175],[-0.30954199 -0.54355197  0.78021473],[-0.91324207 -0.05864397 -0.40317466]
31,63.16634016372562,160.66177828228442,47.625494512537415,2.9606145073535997,5.7149757145323825,7.158263021143651,3.256600120941298,998.4045650017083,997.377548691648,50.352126963188155,[-0.89942483  0.24665144  0.36082967],[ 0.25834451 -0.36589647  0.89407935],[-0.35255226 -0.89737553 -0.26537532]
6,71.12581454085596,30.324119154198353,104.15195243978808,1.7372691618901004,2.0217920990840517,1.1629624142116284,1.007679811489038,317.79913859030836,317.7632964806422,6.666962749768556,[-0.73647274 -0.319864    0.59606621],[ 0.3961064  -0.91819863 -0.00331695],[-0.54836815 -0.2336628  -0.80292844]
3,2.120838640625089,106.59465149768215,102.67793826551507,0.6271444470576412,1.1507329257203267,1.603162329665681,1.6890235925920785,256.39948426880017,256.39573153969036,2.0782722746425666,[ 0.9806858  -0.14543268  0.13078491],[-0.19506785 -0.67843625  0.70828863],[0.01427909 0.72012054 0.69370204]
13,93.40931864217004,69.59191859501058,176.6413464903614,3.0241305478523395,2.449175759076411,3.3508682313862392,2.8156392550876093,763.1021569856422,762.9911486302635,15.437388047215256,[-0.07530036 -0.91351904  0.39976596],[-0.89417641  0.23929728  0.37839842],[-0.44133706 -0.32896775 -0.83486634]
25,176.44915746720304,166.59846088214584,179.72911422346883,3.436726606049397,4.251840094488095,3.0033214732890907,4.069578846329703,1510.1668964766202,1510.0912322643924,23.689990556965842,[ 0.32537811  0.51257493 -0.79460432],[-0.7434712   0.6579203   0.11996436],[0.58427704 0.55173166 0.59515756]
21,164.96288493155845,32.67943019847178,32.364777551813475,3.143540885671966,2.4675003708488616,4.76558109351214,3.3810890254514563,785.2532162463166,784.9895030841244,24.01928233592498,[-0.23986596  0.92785436  0.28557068],[-0.12095767 -0.32043002  0.93951788],[-0.96324118 -0.19081639 -0.18909136]
8,48.157331263529294,148.1963383540485,148.437692501382,2.389177895476763,2.4667873321427907,2.0097299788483327,2.409003214351214,608.798258429658,608.7510986049089,8.978032278534108,[-0.36294724 -0.59792666  0.71466986],[-0.90456392  0.41019891 -0.11619367],[-0.22368151 -0.68863674 -0.68974345]
78,63.76831733023549,72.35315142666299,173.78852559935996,5.425885197524626,5.398005552756116,4.862034520818598,6.111267980545579,1756.770261074694,1756.6175305400077,58.96065103601635,[-0.82765981 -0.34076045  0.44593896],[ 0.46028273 -0.86677415  0.19194368],[-0.32112155 -0.36412208 -0.87424028]
4,159.13650067494333,179.98023125021075,40.53705471910444,1.3720652326962266,2.478767726613328,1.187570646405228,2.4956173291704626,487.31740789655913,487.3077581948616,3.5900587631171335,[-0.20318129  0.38265321 -0.90127348],[-0.72947598  0.55484109  0.4000202 ],[0.65313257 0.73873398 0.16640299]
11,117.82185923214045,109.46461285846621,64.32397425902845,2.1807275942376916,2.31006185336642,1.933242128907573,1.3454216125312228,574.5703370710904,574.5316920953721,11.487087641765214,[ 0.50716568 -0.04002959 -0.86091847],[-0.52920746  0.77396074 -0.34774163],[0.68023705 0.63196709 0.37134237]
16,87.68260391496432,58.02683175333886,110.71558125916917,1.9932542509403623,3.688073229278664,2.1633922212909256,1.8306548948714974,611.0124224628082,610.8182322885693,17.390308221306785,[-0.7971629   0.46123642  0.38960528],[-0.1863055  -0.80171876  0.56792366],[-0.57430094 -0.38014207 -0.72503133]
31,80.28554656244962,196.04205772134216,24.376494969951686,3.3585079569175655,2.040871302365119,3.110467616463604,2.565865361500857,1187.496926341697,1187.4876057680108,23.97613633515416,[ 0.83294478 -0.39001801  0.39254166],[-0.40545686  0.05258843  0.91260024],[0.37657368 0.91930431 0.11433221]
17,82.5225745626227,76.6703689204628,23.671621391239416,3.352491627087893,2.3305425211327258,1.678033231999405,2.935836851010623,474.8805704097278,474.7850483172326,13.594086692614882,[-0.01416221 -0.28098287  0.95960828],[-0.69682883  0.69104435  0.19206065],[-0.71709763 -0.66596272 -0.20558368]
120,186.09343049045174,138.30473146857392,186.5444353521702,5.891596878252011,6.0165185182061665,7.337300707694946,5.614175082512609,3261.827928037564,3260.8493907996567,105.58554409216131,[ 0.13818595 -0.8564964   0.49731134],[-0.76817413  0.22425889  0.59968029],[-0.6251505  -0.46488909 -0.62694895]
7,20.481228024349186,98.47631741743673,171.2623757937832,1.5140740861740358,2.1866333470168877,1.6833573327850724,1.4551814293144807,525.5369194532443,525.514153913798,7.393591757827412,[-0.97606277  0.21733268 -0.00824483],[-0.19148987 -0.8407905   0.50636248],[-0.10311694 -0.49582037 -0.86228131]
52,32.008772171919155,92.56078019823414,148.9952255346523,3.1867264459552453,4.641895889758357,3.437744055565279,3.0541354319424805,1286.4620969933055,1286.1180053264218,42.09637805820892,[-0.97419728  0.21186683  0.07779533],[-0.13664558 -0.82800285  0.54381914],[-0.17963199 -0.51915674 -0.83558879]
2,121.08282757597331,114.94911893345738,125.83095456320726,0.45941223924269536,0.6192221458431462,1.3159177365873873,0.717617227331516,295.669093206645,295.66296765345555,1.903217273846335,[ 0.81456006 -0.36084876 -0.45418067],[ 0.03252137 -0.75332361  0.65684542],[0.57916688 0.54981062 0.60189202]
12,122.24029705263712,69.5617035260091,190.03729499492204,2.691877628678297,2.7538788595458277,2.164998408804893,1.7680316160501173,819.093677759657,819.0564627192415,14.040509246114308,[-0.4668728   0.88401675 -0.02332743],[-0.71742902 -0.36320691  0.59445466],[0.5170352  0.29427048 0.8037907 ]
22,3.640390762762692,162.8019513342779,164.05639293593018,2.3545929318353958,3.429544287964222,3.6480377530152706,1.2510888580213293,1084.4711497684239,1084.2727842611014,25.296233852727998,[-0.98048287 -0.12823375  0.14902834],[ 0.1959714  -0.69823665  0.68852073],[-0.01576545 -0.70428807 -0.70973922]
13,76.98051094254942,117.60255057289525,47.502862969836244,2.0221597113108283,2.4294872953947384,2.0238817298769534,1.8206940954698259,535.081331341645,535.0221351470465,11.851883830865134,[-0.03674497 -0.35356138  0.93468934],[-0.85414178  0.49662836  0.15427928],[-0.51874042 -0.79268823 -0.32024014]
4,197.1035252622974,14.688990210114511,162.253159369419,1.4484167805404426,1.0056442766914961,0.9023814212986113,0.8556436802331668,511.44700866490126,511.4428723276288,3.57274405530437,[ 0.00199495 -0.99614076  0.08774737],[ 0.63708267 -0.06636927 -0.76793281],[0.7707929  0.05743432 0.63449161]
3,13.708285612388673,112.33256331885566,108.79005627135852,0.35833585975424265,1.1225967082650652,3.1195491660221197,1.9326486664574163,271.95327617576504,271.91346257442956,4.689888723614674,[-0.98087785  0.18323005 -0.06561552],[-0.17395349 -0.67417152  0.71779729],[-0.08728592 -0.71548551 -0.69315342]
118,175.6358912537379,167.82180842588338,163.14243890829928,9.775332086935334,6.632581712414738,9.024071487590732,9.34674739109028,3182.5328706920222,3180.5183479305797,126.68257619998673,[ 0.17868417 -0.77561154  0.60539137],[-0.77969839  0.26366701  0.56793497],[-0.60011865 -0.57350366 -0.55762995]
37,79.17414383995711,90.10744426933537,65.50940202945118,4.866850973859255,3.514757299455876,3.331600064393376,3.5987593765342805,832.1737403400736,831.8588786488027,35.49615430172779,[ 0.16385566 -0.67014927  0.72391386],[-0.79835393  0.34097364  0.4963547 ],[-0.57946728 -0.65927    -0.47914584]
167,155.0780608209454,146.87646527642383,177.9241422345801,7.4801459850550325,8.38531773099967,5.75875577786347,6.140550003052487,3595.5072731432274,3593.950198430259,142.30919041755692,[-0.34391764 -0.55465997  0.75767604],[-0.75543819  0.64268016  0.1275749 ],[-0.55770404 -0.52850216 -0.64004037]
55,47.43245486136856,151.64799293633027,186.73090896222232,3.5311467964791037,3.55789931864216,3.9192420312994445,4.0940370583777845,1818.833024201864,1818.7033829841666,36.198824646863855,[-0.08415117 -0.7629483   0.64095902],[-0.97752472  0.18798712  0.0954267 ],[-0.19329768 -0.61852302 -0.76162016]
2,125.11394681079626,124.46526604571224,115.70434756755716,0.3542213456923662,0.2982773964908958,0.13871699717635977,0.3098788117507496,298.43871018690277,298.43824892232027,0.5247077294413199,[ 0.66130015 -0.74512187  0.08646105],[-0.4595369  -0.311322    0.83180794],[0.59288106 0.58980676 0.54828828]
3,31.334027565178218,147.37118683406575,59.86103459978798,0.6386611598453681,0.32860692384198803,1.060521722966245,0.7020860280345682,280.8116202576329,280.805650555106,1.8581550639705549,[ 0.8640006   0.02063677 -0.50306767],[ 0.4649116  -0.41627241  0.78139266],[0.19328777 0.90900572 0.36925388]
52,95.88315991421824,63.29207543890084,10.224915009810973,3.4977864161776213,6.356154191982479,7.12163959259055,3.1637038579761882,834.6892962119105,832.356536266245,69.58988833525956,[ 0.46737566 -0.6038555  -0.64569229],[ 0.30142516 -0.57776112  0.75850838],[0.83108535 0.54913626 0.08801424]
86,26.035136541384176,147.7352336635319,101.86807356959932,7.8757988256506355,4.906780941453716,6.793635501664372,5.462758911613483,1684.206097320716,1683.101346281003,94.00422744553934,[ 0.26410753 -0.57872262  0.77157459],[-0.95385925 -0.0382591   0.29780659],[-0.14282766 -0.81462652 -0.56212444]
52,3.7960487298468846,68.11502761278891,107.98475802056822,2.7660501105197115,3.6994963550569664,6.387482885795038,6.1401855177220614,922.6071205988803,922.3438776299975,35.731488872275705,[-0.99763322  0.06829492 -0.00798533],[-0.06201454 -0.84350948  0.53352222],[-0.02970116 -0.5327547  -0.84574835]
276,50.54040164477981,101.70392755692998,127.53133403079214,6.666637835007892,14.053821211844419,8.83672538498173,13.006597078526484,2851.113560381799,2846.6526302058996,204.82193290603144,[ 0.75858399  0.32866176 -0.56261157],[ 0.58132644 -0.73138324  0.35656433],[0.29429561 0.59754497 0.74587539]
47,39.1251243060932,86.08326354668446,66.31697172342074,3.9624057842757185,6.3645122440746,3.4368428480947446,4.293519649094227,793.4311787790363,792.7406661695799,47.88746203264266,[-0.62665887 -0.27661201  0.72854956],[-0.70230702  0.60562296 -0.3741466 ],[-0.3377329  -0.74612775 -0.57378556]
4,89.61478410198956,124.95407188340029,63.096052160948645,0.6622684669996204,0.25860320492442496,3.909926960310322,1.7561546437268745,332.51090633623534,332.438501289226,7.142501334319543,[-0.81205373  0.583578   -0.00233563],[-0.22341084 -0.30717577  0.9250571 ],[-0.53912553 -0.75171787 -0.37982088]
33,57.70380088987093,170.03535390266538,84.65248677785628,3.8587559770355733,2.7978606919186793,3.6555381039996697,3.194566544699151,1140.8005657677436,1140.619961534726,29.255828879056686,[-0.56302042 -0.20732912  0.80001415],[-0.77363015  0.47271405 -0.42194527],[-0.29069639 -0.85647888 -0.42654372]
217,122.29641052860882,128.10690273686487,27.28770331927352,10.177959100991508,7.722199923053914,11.906488336558967,7.260844958074587,2649.2349129785307,2645.0009862662123,233.82569413517925,[ 0.57510028 -0.65374663  0.49180791],[-0.45048884  0.24874281  0.85743036],[0.68287589 0.71466241 0.1514535 ]
47,17.008252620761546,51.78239922787751,113.65237628484488,2.9378573908370504,3.6050825930078223,4.6613901313916974,4.434280932995481,865.1448010823285,864.8262546012669,33.25897026433997,[-0.86169138  0.49790345 -0.09787814],[-0.48918395 -0.76383865  0.42101019],[-0.13485932 -0.41066126 -0.90175955]
117,61.8232522406742,189.49314770471412,73.34623157378765,8.050648478062529,4.426312752763306,7.109096170403022,4.343214390428016,2299.818044073177,2298.786829734691,116.62497634943644,[-0.51605401 -0.15772323  0.84190952],[-0.80554824  0.42348479 -0.41443053],[-0.29117056 -0.89206727 -0.34559469]
9,122.0631596148586,68.68403857112645,51.094149586870095,1.7699838508666421,0.799103501615147,2.3623743597748184,1.0769489689016338,447.3481562844686,447.2912925991789,8.59665261382162,[-0.41612127  0.88734975 -0.19862908],[-0.39557752  0.02003246  0.9182141 ],[-0.81875608 -0.46066161 -0.34267968]
47,168.53022460982694,97.3460124018397,159.93117297041047,3.401747884907682,6.30183426047829,4.595554138306287,5.179217350559594,1727.8552608264931,1727.4524403459677,46.438744369837686,[-0.69978768  0.03946452  0.71325995],[ 0.25062735 -0.92143925  0.29687646],[-0.6689418  -0.38651294 -0.63492095]
6,188.8805034410196,95.44625677981873,161.54207237048965,1.273971447183841,1.5628137681947578,1.4165312640483634,1.0836052394045212,652.1646182035246,652.1540567208225,5.4170459969145,[ 0.5898606   0.1691235  -0.78959592],[ 0.38567911 -0.9180873   0.09147308],[0.70944774 0.35848702 0.60677093]
65,192.13692759241488,98.38140562342734,193.6263389688223,3.7434507919359565,5.782949588268061,2.8679057372106844,4.720444764270786,2338.5192369683277,2338.30174226297,46.657517121355454,[-0.69014356 -0.06968702  0.72030937],[ 0.29102569 -0.93804466  0.1880858 ],[-0.66257522 -0.33943474 -0.66766619]
17,137.4159362208301,82.79596297714161,92.04581628263774,3.3112761400358695,2.327468343930952,1.5601407664455107,3.164193628261298,762.7949412902517,762.7576947403463,12.23040675336286,[-0.46797795  0.87893923 -0.0919917 ],[-0.478467   -0.16447467  0.86256444],[0.74301141 0.44767613 0.49751394]
95,55.35466139196607,27.935286058639278,134.5638752276543,5.504826806036346,5.859846610481958,6.517796427735772,5.481539158784143,1446.7397737291822,1445.9550236143134,85.92373756904469,[ 0.58701801 -0.80620829 -0.07374316],[-0.71850484 -0.56079116  0.41141715],[-0.37304243 -0.18852446 -0.90845907]
6,24.903070957566843,166.4263546108949,13.072874019707593,1.8786536173008932,1.8405617134596877,1.8935794569234046,1.8401999794037394,413.5132431177944,413.4681473931977,6.515712183968677,[-0.73669031  0.16178414 -0.65659217],[-0.65992973  0.0399025   0.75026698],[-0.14758097 -0.98601911 -0.07737037]
52,3.371716687064262,96.12779576727729,86.7176443847808,2.296293660042363,5.908537583010118,4.711466327812062,4.791448157663497,935.4935415007891,934.6282102831846,45.65378956102972,[-0.9874881   0.12328712 -0.09832362],[-0.15552422 -0.65834684  0.73647244],[-0.02606653 -0.74254948 -0.6692838 ]
16,1.6576039616382556,90.01692178755701,67.07319591100361,1.0964215875049723,4.79223977655308,2.6960659167113077,3.4656153556917344,449.61968119177425,449.3140574967985,17.675581499036035,[-0.99837316 -0.02112759  0.052959  ],[ 0.05509477 -0.59665246  0.80060628],[-0.01468324 -0.80222158 -0.59684582]
85,141.52540129806818,188.8871125419626,48.19733507358357,4.367685117059121,3.9485416051121414,6.285798299002016,3.8248839244401207,2222.1781948470743,2221.4189621125206,71.14839027146287,[-0.66368705  0.60829187 -0.43531655],[-0.4630166   0.12298714  0.87777548],[-0.58748203 -0.78412701 -0.20002426]
109,162.57165614015946,161.88086880858046,6.4552588131277435,11.653241211344676,9.076776471089383,4.510406825322823,4.532524919818209,2401.1561009890925,2397.144828538101,153.7879528120074,[ 0.00732967 -0.04716291  0.99886032],[-0.70547939  0.70767899  0.03859111],[-0.70869253 -0.70495823 -0.02808541]
52,34.21821692775774,192.37883014361003,67.16176466198118,3.4916472196156305,3.9328081665926873,6.167437086955208,5.162077407029653,1490.9693279269875,1490.5318401482684,45.19743700166209,[-0.9542417  0.0682172  0.2911515],[ 0.24884829 -0.35875309  0.89965035],[-0.16582313 -0.93093643 -0.32536142]
3,86.58328289083435,53.39742296200515,61.26937792464114,1.6246364587767896,1.3995492667385987,1.4593874683011931,2.4856629376459534,205.73221336508252,205.72864008453112,1.2918795102044214,[ 0.35788799  0.39212524 -0.84743966],[-0.5834101   0.80250852  0.12495094],[0.72907397 0.44968642 0.51597798]
20,103.34231112590571,61.98526353869622,145.7832519041101,4.98061714893669,2.3112271000302798,2.161068573916638,3.957165780176501,846.2513576367643,846.0807118610131,19.527369185902483,[ 0.3481629  -0.92586242  0.14683789],[-0.76156043 -0.18801374  0.62022298],[-0.54663361 -0.32776456 -0.7705596 ]
4,39.554153069931814,80.28742791562789,156.88459039569688,0.5166444991590283,1.7409075313476707,2.3186209571862326,1.3187087359103637,361.2861353578917,361.24937134479984,5.255858727109543,[-0.97561167  0.08611532  0.20190595],[ 0.0149276  -0.89167063  0.45243857],[-0.2189955  -0.44441832 -0.86863878]
10,31.614189821484615,168.51800636559813,80.79032055879807,1.1175086439123594,1.50678428937424,1.891490571800947,1.144016535473273,599.4226957276056,599.3943648950126,7.602214786314111,[-0.95972646  0.2455061  -0.13657186],[-0.22607009 -0.38629173  0.89424326],[-0.1667856  -0.88910374 -0.42623598]
23,42.895063619086834,44.81471843236922,4.4889853245557205,4.983395380180114,2.920876637244397,2.6239337783090515,3.523772866023773,299.7315808609419,298.883529172636,25.13937947609387,[ 0.30067534 -0.37500082  0.87690862],[ 0.65722737 -0.58481476 -0.47544073],[0.69111976 0.71928165 0.07062142]
50,180.52792836265724,194.207197910575,178.92639637945908,4.91049612526005,2.7453934168286867,3.8098511941516704,4.01800362273346,2262.3226718346364,2262.1131960049715,38.715957294014686,[ 0.37552567 -0.79223662  0.48097984],[-0.73513445  0.06142534  0.67513278],[-0.56440927 -0.60711454 -0.55933364]
45,171.29323489799836,68.05621381690105,98.60045423718451,3.6963167438231053,4.208454200325448,7.134247484684053,4.022749895669996,1403.3613986102566,1402.7027763249052,54.42828593009505,[-0.46010059  0.86445323  0.20255386],[-0.34197566 -0.38307582  0.8580825 ],[-0.81936567 -0.32553577 -0.47187537]
40,195.37290302064554,128.12181689071207,49.3155694648476,2.4723454825470124,2.5138883951738307,3.8792827968741888,2.0891106610801566,1510.4795653656804,1510.348501173359,30.349493572973817,[-0.55756677  0.82814435  0.05741285],[-0.14019889 -0.16210817  0.97676262],[-0.81820754 -0.53656116 -0.20649104]
11,135.4629628119162,67.90655284040376,77.9416041972698,2.588198876965087,2.8045674737843505,2.577621658266434,2.0836737792994984,565.3218190009076,565.2383630881206,13.579185454989068,[-0.16560478 -0.58285369  0.79552287],[-0.58362745  0.70816012  0.39735154],[-0.79495538 -0.39848567 -0.45744411]
2,149.04277249849093,62.4726822485471,78.35188498762503,1.315825209836433,0.5756271502878612,1.0244327084945084,1.7391075749144278,254.002811588581,254.00246634268333,0.41879199873929196,[-0.35530395  0.93231075 -0.06749637],[-0.4302229  -0.09899799  0.89727792],[0.82985985 0.34784487 0.43627581]
4,35.26039307854458,130.3262302380232,175.11548692691537,2.095335885636587,0.5192868513039092,1.8833578222015925,1.8091203085454537,442.2726484223579,442.25565348671967,4.443129361987168,[ 0.40657565  0.6918221  -0.59672307],[-0.89958519  0.41717631 -0.12926876],[0.15950774 0.58936077 0.79196664]
6,185.31202785876368,68.89958977823319,15.600232017748391,2.09836993011028,0.9138656201807132,1.0598711922949768,2.0122458486254806,485.8201898491352,485.8127482036804,3.7251817158676297,[ 0.28056567 -0.58179457 -0.76341207],[ 0.21942892 -0.73541684  0.64110297],[0.93441632 0.34738617 0.07867016]
52,54.692213316522206,26.099475411613227,7.125693484132869,5.790681254639313,5.183324842680645,4.123914048140353,5.79568766599503,443.6939024877787,442.9104368724228,47.20864982339388,[ 0.01767167 -0.30013764  0.9537322 ],[-0.44295972  0.85281128  0.27658561],[-0.89636733 -0.42735268 -0.11787828]
38,20.237175423194486,124.82063708342675,106.8248170263763,4.304935204843322,2.831157906159479,5.219221297663122,3.4855650825066773,1021.0616788224286,1020.9980404684027,39.76111925679442,[-0.97965335  0.19594598 -0.04341061],[-0.15922623 -0.62715357  0.76244699],[-0.12217331 -0.75384586 -0.64559283]
59,164.2975250078871,99.31378244737206,101.88052387747598,3.3799008560030677,4.071734657339215,4.113466631832755,3.3217393247476323,1670.0259170992124,1669.8006142492957,44.6390110988234,[-0.58640626  0.15420003  0.79520441],[ 0.29100083 -0.87607015  0.38447316],[-0.75594061 -0.45686261 -0.46886069]
59,108.11159361144014,151.48646277504727,41.33194332793019,6.232777150897215,3.167993861240921,4.1511070368868594,3.2797841959534377,1465.3339136617458,1464.9195039717697,57.193956226588185,[-0.32178895 -0.02837344  0.94638619],[-0.75798185  0.6066999  -0.2395386 ],[-0.56737588 -0.79442443 -0.21673588]
2,66.07901940194509,166.78201680142848,9.58675712428172,0.48666220385923253,0.36789734326391965,0.32578544431582834,0.5031596704951369,254.06716501880416,254.0662788282653,0.6710462356984407,[ 0.6787732  -0.30726801  0.66697325],[-0.63558888  0.20911033  0.74316865],[0.36782294 0.92836375 0.05335765]
