N,MEAN_X,MEAN_Y,MEAN_Z,SIGMA_X,SIGMA_Y,SIGMA_Z,SIGMA_R,LAMBDA_1,LAMBDA_2,LAMBDA_3,EIGEN_1,EIGEN_2,EIGEN_3
2870,90.35732158505311,122.11194078444835,151.90352700498207,19.462924268598616,30.689114708683398,20.928857347294723,28.44629473592639,11701.794250127688,11633.127965942313,1654.2563946868,[-0.89571139  0.14381259  0.42073632],[ 0.13945352 -0.80764201  0.57294598],[-0.42220117 -0.5718674  -0.70335897]
35,151.12475304561198,43.39264368912417,194.16337095126374,2.7537459751593074,2.566734691152507,2.925811439505663,2.9916644230583156,1478.3120235385093,1478.2329333203038,22.001546793047652,[ 0.62718456 -0.7052401  -0.3305691 ],[-0.49066376 -0.6873692   0.53551159],[0.60488726 0.17366632 0.77714311]
163,126.98814258409831,48.81533315793587,27.72310644623543,6.0450069069562185,11.171257133843854,5.551813196797709,7.112714714998462,1780.3028117183865,1776.209739340776,150.69569858330792,[-0.09759296 -0.28617074  0.95319564],[-0.39406054  0.89060224  0.2270329 ],[-0.91388835 -0.35345997 -0.19968511]
135,167.69825648843317,151.95426263151404,139.1326895050019,8.50715575316053,6.41175930285983,6.962527513698334,8.269826519748497,3089.4706119236475,3088.737433919439,112.66167594909427,[-0.61257605 -0.04630278  0.78905426],[ 0.47536306 -0.81914872  0.32097559],[-0.63149073 -0.57170921 -0.52380152]
760,178.78336262170893,95.04411977790473,71.68407080100572,9.9207674964294,10.707820059140234,15.615734840422169,11.248312844134444,5946.066220571366,5934.157415134575,500.5377283562225,[ 0.36899366 -0.89124961  0.2636623 ],[ 0.4146977  -0.09600245 -0.90488085],[0.83178693 0.44323545 0.33417486]
15,145.88388239857986,72.61468885919793,118.41300373374496,2.3027544713716184,3.0285048764898974,3.6683588369803144,2.473273688537891,780.3409115535424,780.306607626958,18.07733929347849,[ 0.68729364 -0.44705527 -0.57251117],[-0.05649445 -0.81868218  0.57146117],[0.72417942 0.36041792 0.58793119]
27,30.53679652162568,91.38178704119065,150.53617033445374,2.0877515485406537,6.907512620965533,2.65243152746873,4.715115134306529,929.5022932138676,929.0921970849449,31.54896715774341,[-0.98450949  0.12297928  0.12496861],[-0.03957495 -0.85022992  0.52492181],[-0.17080656 -0.51184487 -0.84192633]
49,48.763290259113546,88.10467802458803,185.94113874566918,4.864664311169074,5.181307017317221,5.265098232689658,4.30553298357776,1481.2916074592924,1480.7183597616101,54.094817369351446,[-0.71313644  0.68715491 -0.13876078],[-0.66208419 -0.5951432   0.45546579],[-0.23039302 -0.41668057 -0.87937271]
326,149.41903266134472,162.28017074105037,185.92396785957447,9.46285503482621,15.366313091592518,8.573743875699144,12.31614240562862,5219.413636031987,5215.696025522316,282.06857307571573,[-0.39296709 -0.51232     0.76361318],[-0.76034648  0.64805894  0.04350686],[-0.51715578 -0.56351382 -0.64420654]
9,164.78934455887273,29.862177235647362,150.32923171971535,3.6207537381433803,3.0994059726932477,1.1608506235460416,2.259955342350685,675.2767822530327,675.1994805160402,13.072011522940466,[-0.46754259 -0.61520293  0.63476711],[-0.49508319  0.77713574  0.38852628],[-0.73232272 -0.13260995 -0.66792068]
22,141.81625430746936,27.900808156059327,78.38155424213068,2.9740171168920244,2.0984706267445645,1.9692069287959115,2.4590924218226102,771.3994957820321,771.3279559629407,15.632328150864542,[-0.1574024  -0.80535434  0.57151454],[-0.48081955  0.56799801  0.66797516],[-0.86257582 -0.16965447 -0.47663436]
26,123.98176602944619,151.4103932680537,110.32860751926279,2.8171758257725656,5.2484353400416275,3.103006829321079,4.174429631745268,1145.969617835914,1145.7621260169412,26.756292947507905,[-0.21074936 -0.45707786  0.86409753],[-0.80700707  0.58019202  0.11007635],[-0.55165596 -0.6741343  -0.49114016]
233,168.45304109943567,127.51151984223506,85.41601730201212,8.729919418463808,4.859558538477705,7.186537113179574,8.62642940450604,3482.7618381297693,3481.832404149412,133.72948563841155,[ 0.4424544  -0.82329377  0.35555797],[-0.50742929  0.09707034  0.85620843],[-0.7394252  -0.55925371 -0.37481417]
27,86.30134246680498,19.09833861337474,38.53474765648936,3.98718649364633,3.2413471340972975,2.6628709861931936,3.9934080004432735,501.7170982455348,501.6798782535416,21.81988645647699,[ 0.38016266 -0.80762945 -0.45078933],[-0.23292953 -0.55527203  0.79838388],[0.89510904 0.19851359 0.39921444]
27,162.8166902596467,149.91491907880877,99.72790955702907,4.939473186382869,4.017372069870812,3.1110364919986595,2.1255990436129006,1261.8171350063346,1261.5395335427754,35.15010570428004,[-0.4008882  -0.1641582   0.90129947],[-0.62395882  0.76928012 -0.13741724],[-0.6707936  -0.6174627  -0.41082327]
440,54.02446079352351,175.2744668408135,84.93002171931336,11.132941112643053,15.779047531672923,14.95835074739899,11.331158259562855,4265.45181052563,4251.525613468309,453.9448721564232,[-0.90640434  0.07868448  0.41501797],[ 0.32732977 -0.49017573  0.80782608],[-0.26699511 -0.86806481 -0.41854164]
333,131.66638397696738,10.971825194498628,121.70209693635124,8.331404692810922,6.093743494290544,15.747285877185652,13.46713219709764,3294.2627248373055,3288.748196270093,241.75925170167957,[ 0.19045166 -0.97458767 -0.11792807],[-0.65514677 -0.21564225  0.7240726 ],[-0.7311025  -0.06064064 -0.6795674 ]
58,168.2348838941267,31.35243425088504,83.6298419342283,4.664534931490283,8.022507182929623,8.277512028141558,3.096303302490962,1453.4711990125895,1451.0017345252966,91.7702906676757,[-0.17621993 -0.7512015   0.63611543],[ 0.43489234 -0.63915289 -0.63431241],[0.88307145 0.16486324 0.43932326]
13,20.37280817823913,129.40625694431253,10.050827825964477,1.8202195744269007,1.6294386078576273,2.497285485682682,1.5159946526444583,473.85486658897565,473.7749886884175,11.37727289467858,[-0.84997535  0.09351873  0.51845555],[ 0.5034991  -0.14537436  0.85167773],[-0.15501796 -0.98494698 -0.07647803]
26,7.207184100869439,62.41679368565388,15.224689520816812,2.663897477393421,4.751076045519092,4.120512902558327,5.574143617254419,331.32401452914246,331.02706302418375,20.24557574989064,[-0.88192815 -0.01351807  0.47118998],[ 0.45773183 -0.26338405  0.8491822 ],[-0.11262462 -0.96459634 -0.23847346]
203,116.19566449997276,125.35727397490854,102.20135291095185,6.622307213387668,8.200367080965023,7.057674361789839,6.6113738746274295,2841.931787921482,2840.30894099377,154.1525848931885,[-0.73377128  0.13778139  0.66527889],[ 0.348086   -0.76469256  0.54229274],[-0.58345166 -0.62949311 -0.51314967]
187,13.838394211643283,117.6732263799722,106.66137764975628,6.429543074853799,6.624861695611173,12.870172711700105,8.60778556045185,2189.2180300323025,2184.863287069304,181.06304932953537,[-0.99491733  0.03135807  0.09568795],[ 0.04944357 -0.6756931   0.73552306],[-0.08772027 -0.73651579 -0.67070832]
2,161.96135008836882,58.26489925719419,186.16571802709234,0.529632804894689,1.7224111241738704,0.06491592415576974,0.10515192734835921,358.57273572179713,358.56369876071835,2.5457285885675476,[ 0.69428035  0.2390724  -0.67883664],[ 0.3315413  -0.94341597  0.00683212],[0.63879196 0.22980579 0.73425754]
33,189.59198800426805,11.426761599406902,140.21733295037745,6.024358100818007,2.6285292149155595,4.381068684360346,6.418566400385623,1356.885064748785,1356.798473395558,26.34582699757251,[ 0.01613949 -0.99809914  0.05947797],[ 0.59560558 -0.03818309 -0.80236902],[0.80311488 0.04837524 0.59385716]
268,110.95010328147222,150.9085719678784,82.8389350285797,7.957278940666089,8.707013291790728,9.09911282373116,7.5243958715481245,3360.307284783321,3356.4190710866405,211.1520983951456,[ 0.31828025 -0.62498685  0.7128037 ],[-0.77851873  0.25672022  0.57271573],[-0.54093092 -0.73721514 -0.404855  ]
341,15.984493945792714,187.7044663752238,107.00533299027349,7.168408677378017,6.17410609564502,10.612193263111507,7.318527872815142,4007.2281831774867,4005.1757175299986,225.10430565823475,[-0.99437439  0.02627674  0.10261139],[ 0.07587445 -0.49925753  0.86312513],[-0.07390962 -0.86605511 -0.49445517]
3,139.8642585222418,64.19545270708079,18.557187894314676,1.0753216685761513,2.0655432844762585,2.018058473867557,0.637945702732436,268.53330108852765,268.48485671843827,5.228488370252857,[-0.36062125  0.57297389  0.73597095],[ 0.23619048 -0.70724791  0.66634409],[-0.90231168 -0.41412717 -0.11971764]
25,10.468758279138378,4.3892342906569235,15.392423566462252,2.6839211536132668,3.0445107423559454,4.140855311539413,3.545298780081278,98.99655715415828,98.28483469669868,22.58495157206336,[ 0.15102076 -0.97085913  0.18607868],[-0.83262368 -0.02346201  0.55334198],[-0.53285134 -0.23849964 -0.81190355]
9,136.97995859405347,75.06213163278048,162.70653206426945,1.86745187107024,1.6933514863928272,2.5261495297631047,2.3516019617391346,676.7203479645906,676.6802900477967,8.066997347427055,[ 0.56656548 -0.81797544 -0.09959786],[-0.5569345  -0.46920344  0.68532627],[0.60731172 0.33281272 0.72139322]
66,87.19561953308592,75.91642236486425,31.10092028880471,4.997025227780244,6.0679908141096295,6.118153415734059,5.168764970660866,975.4117543339344,974.12376391957,69.23524438892089,[-0.57860789  0.36508019  0.72933488],[ 0.36734715 -0.68173773  0.63268454],[-0.7281957  -0.63399536 -0.26034766]
44,50.36780872590332,24.002071042133164,4.788224867967974,5.873846014866972,5.651524756315295,3.837920276401938,6.7021793735540465,375.572144314026,374.86543112357526,39.083419081415514,[ 0.06366885 -0.32743658  0.9427256 ],[-0.43513125  0.841012    0.32149588],[-0.89811306 -0.43067864 -0.08893162]
374,116.92506087786404,32.616856271984425,167.52855635198486,14.663781664680469,7.467642199518798,9.816745640471115,11.6644109605107,4015.0438014937254,4010.2648059260946,295.1154366440499,[ 0.06615884 -0.98721135  0.14504055],[-0.82148538  0.02861966  0.56951092],[-0.56637865 -0.15682688 -0.80908624]
510,113.36050779128206,120.09458948686074,42.278012916485416,14.70588078224858,8.55924405469025,19.592706988577508,14.309483413201932,3886.7335856506907,3869.921640432599,495.81718316871144,[-0.74501857  0.61854357  0.24970218],[ 0.02003699 -0.35342057  0.93524992],[-0.66674271 -0.70178184 -0.25091113]
94,180.47724975541567,29.074200533285968,98.16399313751974,10.063667806902387,6.916103258556806,5.459258179285549,8.218032942178382,2015.2211245254703,2013.9765395164547,102.3675346169131,[ 0.29549739 -0.91603493 -0.27122187],[-0.39411135 -0.37550318  0.83885255],[-0.87026291 -0.14098713 -0.47197997]
236,129.9571056684445,86.3073128448237,26.417454613650296,6.2020364352510375,9.031167152589186,14.76212692324831,7.2730451083853245,2445.912323343446,2434.6191058504874,257.86933721838375,[-0.57011975  0.77214847  0.28062469],[ 0.0258656  -0.32453564  0.94551974],[-0.82115434 -0.546318   -0.1650521 ]
49,71.30749370877989,163.16001931942287,118.43639423813754,7.437430272785428,3.8630262499494745,8.513738697140424,5.028086748805132,1499.1986800253164,1497.4720981598375,76.25052049624743,[ 0.49874198 -0.64122453  0.58317025],[-0.80032982 -0.08238831  0.59387232],[-0.33275909 -0.7629176  -0.55428163]
116,23.44271667754939,18.64939354174198,106.6546023146839,5.969543829643699,8.37038684502572,4.693145894546372,4.968635818707766,1198.64930306247,1195.0305580478037,109.58546751407988,[ 0.77716038  0.5682768  -0.2703391 ],[ 0.59303382 -0.80508084  0.01247922],[0.21055318 0.17001859 0.96268429]
3,102.95013171731604,50.96189729909673,122.88488944890015,1.7183395806619581,1.719979441042915,0.8656681987880104,0.3016828060013237,291.3918825361802,291.3593866011787,4.4367726975405795,[-0.38240173 -0.69518623  0.6086748 ],[-0.69225453  0.65186548  0.30960469],[-0.61200701 -0.30296452 -0.73052031]
60,28.66463058571922,19.054225154832967,192.71104108971224,2.9631325408852014,5.733012223180713,3.7687149117699574,3.6771785738273213,1517.2769160222497,1516.8095546683599,50.33903600144211,[-0.98652066 -0.05925283  0.15253224],[ 0.07318087 -0.99348373  0.08737637],[-0.146361   -0.09736104 -0.98442841]
294,17.639178074675403,25.496098461401274,143.12164855169922,7.872197474620618,12.322409853513737,7.68022486437113,6.449433949242586,2523.9324719657225,2516.072908727666,263.0715942056124,[-0.93077086  0.36217556  0.04994469],[-0.34547833 -0.9159893   0.20398119],[-0.1196258  -0.17260494 -0.97769996]
7,127.51070071296395,192.60220986469108,39.041950565046434,3.3081416408776003,1.3728077859732213,2.2048240431147126,1.9638952584737346,619.8854178917335,619.836595863668,9.819035737415415,[ 0.49118603 -0.47338541  0.73119254],[-0.67999515  0.3162224   0.66152097],[-0.54437384 -0.82213724 -0.16657576]
47,144.251216180801,93.3358731209115,97.87739566098509,4.189010369070906,3.5863848559774043,4.961023465276663,4.809482640585121,1356.3713846746543,1356.2184830327951,38.71113358312871,[-0.67670609  0.39263382  0.62282225],[ 0.0994508  -0.7894356   0.60572351],[-0.72950559 -0.47183696 -0.49516813]
9,43.73399374826298,21.804824781205166,159.38550908114803,1.0032689913556867,2.301392736777004,1.3047067198698097,1.644553713639407,500.1929309998881,500.1570079227404,6.888314000046255,[-0.95723378  0.16053277  0.24069215],[-0.12196981 -0.97831126  0.16742295],[-0.26234871 -0.13090572 -0.95605274]
223,189.33249207770018,33.60767182340107,64.65414026605364,5.356911104445273,6.75408115652072,6.420755136521059,4.748877390273151,3032.157591536019,3031.921948302457,144.1061202915317,[ 0.17706868  0.55978373 -0.80949914],[-0.31238748  0.81193133  0.49313444],[0.93330635 0.16555873 0.31863704]
100,127.38239443215824,92.74645243455505,164.5503954679234,4.454413555976351,6.205319728358361,4.943388006134589,4.338399813707632,2279.7179190452985,2279.039235094017,80.16015167449743,[-0.81964109  0.40240768  0.40774568],[-0.12463099 -0.81995726  0.55869241],[-0.55915615 -0.4071095  -0.72222313]
24,88.87720925468295,17.937139085392136,21.79719206481108,3.0638109794346065,2.7309012472143563,2.7084530097819317,2.668574505336786,457.2684675607764,457.2405855925151,20.15112647129097,[ 0.30187361 -0.56254672 -0.76968403],[ 0.01642513 -0.80415971  0.59418632],[0.95320645 0.19201133 0.23351469]
96,49.26466189289283,24.128971388344684,126.64057250125086,8.105056559368935,9.90513601596415,7.258151517245893,10.307177988145574,1359.2313762465612,1356.6977605517432,102.27231649444421,[ 0.86882113 -0.42234123 -0.25841388],[-0.34102313 -0.88882458  0.30609489],[0.35896111 0.1778166  0.9162577 ]
8,81.10952245849145,56.128490795631734,27.513134522421684,2.8956748742463634,2.702148168880379,1.5061631317976154,1.7815899708737988,289.8595589965736,289.7029664381418,10.911611961960924,[-0.05104604 -0.37907258  0.92395794],[-0.60816527  0.74564044  0.27231479],[-0.79216747 -0.54801854 -0.26860077]
24,194.87920680868783,101.41875740203318,92.15650811513342,2.0149028468161854,1.980673606084315,2.461791030230987,2.225390398496092,1167.2214652932043,1167.2022937301076,14.78282291917311,[-0.36819404  0.90419729 -0.21647267],[-0.44193858  0.03464045  0.89637622],[0.81799966 0.42570801 0.38684526]
7,116.67957464030694,180.8201425534992,46.534651173422354,0.8991783609572228,1.3025113567846593,2.411084744792612,0.6642209885304329,582.5640012815802,582.5271580662937,7.419155132813156,[-0.83212166  0.45555009  0.31630313],[ 0.16349437 -0.34348653  0.92481706],[-0.52994636 -0.82127408 -0.21134271]
19,187.2739936948235,41.98850242438587,153.87005830191532,2.1206884367281367,4.83612680681845,4.610389459450987,4.702045390366492,1072.643198534337,1072.4720406215647,22.574624531038822,[-0.47892154 -0.50233146  0.71992865],[ 0.43734082 -0.84760898 -0.30048633],[-0.76116172 -0.17094481 -0.62562825]
44,25.55316305416361,82.61148883586432,74.77624214706253,2.561594279744964,3.2769254889300377,10.106376622050169,8.611711486384642,761.5977040470497,760.6515786827024,44.38795699073025,[-0.95988396  0.27975952  0.01890466],[-0.17015446 -0.63475196  0.7537489 ],[-0.2228682  -0.72029477 -0.65689056]
43,5.845843374987177,184.35386492509062,56.67753593178352,3.8037815424515795,3.3249925553482345,2.775359902158695,3.4043645444335278,1265.7542051370922,1265.629493555573,30.530969730555015,[ 0.01365213 -0.29423926  0.95563428],[-0.99944823  0.02492606  0.02195278],[-0.03027957 -0.95540669 -0.29373661]
11,146.42688099326756,152.24708950896118,56.573598589695145,1.9810016950579759,1.6254141678818688,3.2349229790641583,1.1652650515818606,725.3752922361319,725.3179499558843,13.114720783399536,[-0.7326341   0.67634672  0.07617348],[-0.12193149 -0.24053138  0.96295242],[-0.66961182 -0.69620383 -0.25868945]
65,196.5026325516613,65.03966486990063,106.22359506375881,2.7411280479710585,5.692197664372695,9.043816368859128,4.980472143208982,1877.5615850826518,1876.3799283084734,79.23946907966052,[ 0.03843992 -0.8823133   0.46909019],[-0.53457017  0.37845784  0.75564833],[-0.84424944 -0.27980869 -0.45711048]
12,157.09294631773076,52.85026843844181,15.017156483403236,2.1749606283191105,2.454680500708889,1.301990621636628,2.1449622984876204,576.6198394301808,576.5743948509182,9.746056922512233,[ 0.12830732 -0.10116852 -0.98656077],[-0.30417656  0.9428226  -0.13624305],[0.9439353  0.31756965 0.09019795]
7,42.99247672274481,35.748386002600945,108.79533147464846,0.8433878754671819,1.807989271756186,1.9765500515784993,1.4253541955102857,323.70761515908134,323.6677793650277,6.411324979286041,[-0.89894256  0.37073196  0.23336686],[-0.26157558 -0.88158968  0.39290948],[-0.35139791 -0.29215998 -0.88947291]
174,16.820908002927368,89.60237770187621,45.12106519322442,6.205054993209221,11.01294984707654,9.80045838595885,7.132816398575253,1356.0519142526687,1347.2163064273534,189.92521597373425,[-0.98514628  0.12929328  0.11300468],[ 0.04320536 -0.45028256  0.89184019],[-0.16619298 -0.88347545 -0.43800802]
95,62.19216593108575,74.10292355017768,171.40571790048602,5.505124850117445,5.8722077036154,6.064593170217532,7.1366894162694345,1920.6063719540882,1919.945418667693,69.2406233940225,[-0.7648129  -0.44191227  0.46880142],[ 0.5613019  -0.8142365   0.14818604],[-0.31623    -0.37647373 -0.87078477]
53,27.72168474161189,13.565837004889339,86.79372142974285,7.929893027849466,3.6512789572383566,3.3129951388373517,3.742833058965342,673.5988701799176,671.6402812537659,62.35032566846803,[-0.2511719  -0.9410476   0.22658794],[-0.91940497  0.3051464   0.24815352],[-0.30266677 -0.14599689 -0.94184804]
102,141.5428826990795,187.92280497126302,49.443375210398564,4.329950998699801,4.234142463143811,6.397459913287181,4.26575897123536,2429.401261315931,2428.5290724802057,77.88738522738872,[-0.65411421  0.61021783 -0.44695503],[-0.47490085  0.12860336  0.87059196],[-0.58873066 -0.78172589 -0.20567169]
145,108.69757286706235,57.88539825574074,187.56865478525117,10.972021777505962,7.899644304457027,6.296543715610477,7.932104095182026,2707.118672796634,2704.424494941527,151.62082472294227,[ 0.56920666 -0.81851718 -0.077675  ],[-0.66374782 -0.51321239  0.54410649],[-0.48522428 -0.25815243 -0.8354129 ]
49,171.24616149461022,8.25436159489868,21.15763573097191,3.2748848731700466,4.13885821259513,3.0450028893879155,3.268283928017486,1209.8024330562307,1209.6062748818113,35.91538870993904,[-0.13035572  0.23505983  0.96320001],[ 0.01711415 -0.97081124  0.23923344],[-0.99131957 -0.04766979 -0.12252795]
137,180.48329686182868,169.36374938755364,159.3082833859764,7.355343248345163,7.964085388092199,6.1396260540696375,8.89971231112117,3447.8377482873266,3447.200243484324,102.03909135947148,[-0.54182081 -0.19220672  0.81822172],[-0.57484507  0.79495218 -0.19391794],[-0.61317481 -0.5754195  -0.54121072]
81,186.61033351797371,12.81796862472092,109.01420345230021,3.553530538159863,7.664906034496922,8.319640065786658,4.024014321695961,1951.0854876800863,1949.1450500787078,100.5441487993956,[-0.29437179 -0.750076    0.59222566],[-0.41328268  0.6586552   0.62878514],[-0.86170916 -0.05966    -0.50388293]
37,147.49960512616204,74.20157738811375,6.3512461875123245,3.3541500529533024,6.415299236307761,2.437447260398981,3.803712573386284,1006.0449525520282,1005.4514225778273,40.40181398220886,[ 0.01105054 -0.10664705  0.99423553],[-0.45089462  0.88694087  0.10014957],[-0.89250878 -0.44940216 -0.03828541]
35,10.502873045206096,8.164041406650595,190.65026977847498,4.286347725032304,6.869536141558654,3.3654137977944,3.332392409315207,1131.7799742009604,1130.8712799826278,47.96456740714511,[-0.86296816 -0.50053238  0.06894414],[ 0.50225967 -0.86466698  0.00928689],[-0.05496533 -0.04264216 -0.99757729]
53,4.376529721026816,96.21718632359644,86.7939026970275,2.6257403323013775,4.913145460964788,5.127288936319585,4.228978897541586,945.3213506633253,944.5636242076696,45.95698918828623,[-0.9873648   0.12843173 -0.09282266],[-0.15486157 -0.65786243  0.73704472],[-0.03359539 -0.74210668 -0.66943934]
3,152.62266111014685,22.81415055726053,23.88941043143096,2.093549564125162,0.3651647510091597,1.3487852051899312,1.8182298031256197,270.5057370450816,270.4898246884194,3.0183687417832976,[-0.08417192  0.9320848  -0.35232516],[-0.19395306  0.33149212  0.92330666],[0.97739311 0.14605103 0.15287837]
11,164.2665125836764,2.5379188523886076,144.62163657666622,3.4865052801146716,1.185250753804183,3.3474153411039906,4.06296089425651,726.0959854991205,726.055347922717,9.524106777592756,[ 0.05904537 -0.99701915 -0.04966338],[ 0.65821658  0.0762876  -0.74895336],[0.75050955 0.01153297 0.66075897]
2,145.51307350723522,80.75419413713789,16.110899332300733,0.14209595430499178,0.939189924482001,0.8189935043175218,0.25102625632649733,236.45899656765317,236.45261060324694,1.7378137675509515,[ 0.39555248 -0.56890705 -0.72102913],[ 0.29343895 -0.66562763  0.68617304],[0.87030559 0.48299548 0.09635118]
7,132.71181241644922,74.85079909663399,196.70832526366505,1.3779788279035459,2.1949143839637513,1.24329358283403,1.7894877396546045,658.3474477871464,658.3222369893169,5.949533261484718,[ 0.73225645  0.30365884 -0.6095833 ],[ 0.42345277 -0.90403839  0.05832963],[0.5333744  0.30084199 0.79057311]
35,153.34942064040254,53.18398662333427,170.01186842122942,7.780779330831765,5.110048359119206,3.6121015911195924,7.010102209607776,1391.6966761013532,1391.3230774217257,42.22143128466668,[-0.49232227 -0.59880763  0.63170262],[-0.57580134  0.76831313  0.27954918],[-0.6527416  -0.22610693 -0.7230519 ]
37,146.23268876634546,42.36905376435824,110.2817084393144,2.707174615168677,3.718403372215917,4.010727624953056,3.167253265024143,1144.0336270031373,1143.762761730449,31.588076051303005,[-0.1956112  -0.80018515  0.56695677],[-0.59737593  0.55571252  0.57820895],[-0.7777392  -0.22558219 -0.58671494]
117,42.148896941453344,54.009827557078545,77.33534385445925,7.84463421389293,8.674774139334852,7.859425729423861,11.78458758292719,1126.797648376011,1125.9264951582397,82.92656891417705,[-0.14050909 -0.77243618  0.61935413],[-0.90175769  0.35811319  0.24204962],[-0.40876677 -0.52449718 -0.74686842]
10,58.31088865805267,12.564063501942362,68.11413098662271,1.9166276232698958,1.1576547102526114,1.3455431437193484,1.4534221922443413,286.4160482396555,286.3670146667701,6.875159841891029,[-0.3119623  -0.85034183  0.42379039],[-0.69842365  0.50764831  0.50447755],[-0.64411484 -0.13860725 -0.75226598]
41,47.0192696938864,17.513381465943223,196.2779115148229,3.3347568917214616,5.30138079098765,2.544579477619144,2.4870184372334774,1297.7579118851452,1297.4735732982788,40.28822202851377,[-0.95084179 -0.18978542  0.24470674],[ 0.20503151 -0.97801082  0.03816951],[-0.23208183 -0.08646576 -0.96884555]
21,165.78605861412626,171.75895055866425,172.78830525005307,2.5743321835929707,2.2597169472731466,3.6568173879857535,3.2113659624516813,1350.6126393792836,1350.5374641259978,17.621483227677228,[-0.41890077  0.81239522 -0.40563055],[-0.7127871  -0.01744687  0.70116343],[0.56254484 0.58284613 0.58637335]
122,185.48466874359508,139.48737072815328,186.24000244311026,5.575331512602008,6.594341120518192,7.0224002525021545,7.24900299235777,3288.728975379752,3288.042621991627,92.96330480307778,[-0.00137882 -0.79967579  0.60043046],[ 0.78211556 -0.37501045 -0.49765693],[0.62313189 0.46891982 0.62595595]
38,6.279543130496973,176.8626783934258,197.757555642453,4.436298616375582,4.229867688560151,1.5818270486958976,2.802749339356619,1636.2515201567544,1636.1593224869314,35.05693134154771,[-0.25237318 -0.71719281  0.64957082],[-0.96734023  0.20342601 -0.15123071],[-0.02367802 -0.66652256 -0.74510873]
78,107.51964305626211,147.0415774588814,42.19791076040229,5.539070098085156,5.942535544785003,4.154937153707135,6.578894784439952,1653.0757334288744,1652.6839112274888,55.618693874130194,[-0.73866298  0.38098409  0.55608284],[ 0.35147759 -0.4862469   0.80001716],[-0.57518737 -0.78639372 -0.22526521]
37,18.78863627011235,22.906696015907976,164.97631082591062,4.078269698883143,3.862935533057875,4.7147444447279865,5.140673627773907,1020.3439832327513,1020.2469548311582,31.58823945743753,[ 0.42014395 -0.90410297  0.07795433],[-0.90048231 -0.40474278  0.15910655],[-0.11229725 -0.13704415 -0.98417896]
71,12.242769806929633,176.0919632551865,6.323048891432491,5.346666129946641,4.193616820314744,4.077376570107717,4.434795837866453,1489.416597505716,1489.1818378241364,55.17174387395971,[-0.03684412 -0.03332724  0.99876514],[-0.99687784  0.07107047 -0.03440298],[-0.06983615 -0.99691438 -0.03584172]
2,156.06804680090264,115.87043810521175,0.6925879622717845,0.7570152009053857,0.6396926116559172,0.019023049258692915,0.226415532835901,274.89873036285974,274.89534227974406,1.3648252688962978,[ 0.00938827 -0.0186212   0.99978253],[ 0.59603405 -0.80269622 -0.02054737],[0.80290428 0.59609733 0.00356294]
54,181.93106620356048,129.49498562311717,113.86868284901011,6.192861885995876,4.650812508049901,5.2832502159236,6.396004123814227,1843.1812690296595,1842.7492928424397,50.16052110551238,[ 0.2273398  -0.80333099  0.5504325 ],[-0.64926626  0.29623337  0.70049918],[-0.72578918 -0.51662859 -0.45423008]
402,97.24712736563882,85.85468778152736,81.24906273691303,12.706396130923153,13.665756224632915,8.766021670926085,8.475757173231983,3091.2773081303335,3079.2319675168474,375.95876370574126,[-0.27270855 -0.4794893   0.83409835],[-0.72291966  0.67418462  0.15120272],[-0.63483637 -0.56175182 -0.53048815]
52,144.32762272052906,90.96581612867443,65.42576637287104,4.4306563486825805,7.858755592399736,4.712525799834908,4.556506321885248,1319.5218690942402,1318.120161713348,65.6959546563492,[-0.51577693  0.22328184  0.82711509],[ 0.33187402 -0.83798827  0.43316889],[-0.7898315  -0.49791653 -0.35811357]
60,39.88092520823357,77.75701854699375,65.76730884966186,3.2260525759957464,10.569398049523164,4.767795902871717,9.560545685658228,851.8827135806785,850.8167518326217,56.80315423767288,[ 0.77696825  0.12402202 -0.61720246],[ 0.51479368 -0.68948819  0.50950319],[0.36236419 0.71359973 0.59955619]
59,44.5672493391928,88.90350940847041,91.91714624803758,3.969087163963323,3.41415534294909,3.4264935716515073,2.920431646097487,1041.0287796959196,1040.7019053460701,42.43847419973818,[ 0.04778935 -0.72942823  0.68238599],[-0.94319747  0.19191269  0.27119743],[-0.32877759 -0.65658509 -0.67882348]
122,15.73225346500376,45.699676717858,185.39169246528505,9.538086494664926,6.977713481681123,4.757218002291179,5.345071096188404,2119.69560332839,2118.130102485113,127.63241697725174,[-0.23565105 -0.93865711  0.25177652],[-0.9683556   0.24870146  0.02085727],[-0.08219501 -0.23889416 -0.96756062]
24,43.522834611745544,118.52287963100004,80.76781460646953,2.6870323846874538,2.594363776983699,4.6051982194123475,2.3876824353655426,734.716989178749,734.5096416517302,26.66366050235617,[-0.89558345  0.42289037 -0.13818109],[-0.33722513 -0.44268064  0.83085081],[-0.29018871 -0.79069437 -0.53906671]
11,177.47683076800638,134.70655945481298,142.3727151458441,1.9176714990527717,2.1642964644173976,2.2485907091820536,2.345634493446173,877.0324773828335,876.9990954832416,9.327906421224801,[ 0.69344697 -0.17485965 -0.69896738],[ 0.26192262 -0.84255529  0.4706348 ],[0.6712137  0.50943565 0.53846772]
8,55.150392712170955,73.21153456186431,50.73002308213864,1.0483914258017437,2.550263684731766,1.3929723146013608,1.7713302109410638,296.4154604677887,296.3778640179476,7.155948212090739,[-0.38828209 -0.30909404  0.86815776],[-0.75653515  0.64484345 -0.10877261],[-0.52620488 -0.69902632 -0.48422167]
3,80.03413028211156,21.895351976973842,57.71058937979404,0.2272554176242331,0.5579707407098382,1.9196388808008822,1.270626500299098,175.093099670006,175.07609705099068,2.7088884820502335,[ 0.2430881  -0.96951678  0.03074703],[-0.56038371 -0.11449146  0.82028154],[-0.79175645 -0.21663082 -0.57113292]
12,183.155425403927,116.1942572595778,43.43722115170337,3.707597951366966,1.4909044826281406,2.952615725171552,3.0504380463799,766.4579477182276,766.3956907463697,13.554592537844867,[-0.34660843  0.7547197  -0.55701056],[-0.44071735  0.39316624  0.80696253],[0.82802827 0.52518424 0.19634334]
55,25.84526633658089,157.08108573925298,36.46998557357154,3.0084766118852047,3.5785920001659766,3.537010235900964,3.7417745528107775,1211.809511997343,1211.6737701439934,33.472267958968445,[-0.74497826  0.26474537 -0.61230489],[-0.64806996 -0.06961689  0.75839226],[-0.15815408 -0.96180215 -0.22343659]
59,23.441243038045695,4.904546447126394,124.15011707536125,3.3126028181105536,2.9488401923960095,6.713751316812831,6.352780815163375,972.8979509260431,972.6755619784104,38.12770760309013,[ 0.09421293 -0.99531837  0.02157016],[-0.97832159 -0.08854702  0.18720655],[-0.18442015 -0.03873984 -0.98208372]
255,56.84769114531507,43.641856597176314,102.75452747125604,7.937594698389941,6.953300919564618,10.275280813545612,8.688311733240159,2012.8218180692068,2007.0497059708925,187.79424733152547,[-0.10301955 -0.89373866  0.43659843],[-0.88670333  0.28140918  0.36683249],[-0.45071519 -0.34934236 -0.82147169]
18,131.84674823024895,72.15255533915723,7.952480009806897,3.1325507208833234,3.751040880758716,4.565895016439057,2.237078206117153,639.0996738964586,638.70633574228,26.774232434544118,[-0.38157899  0.62203531  0.68371745],[ 0.29480023 -0.61915984  0.72782822],[-0.87606524 -0.47928402 -0.05288223]
17,194.75037461296154,188.9267583467483,20.74479274854413,1.819362372919802,2.542531742002187,1.22826477418714,1.8993715242376579,1122.069018430868,1122.0344793692361,11.406941224171641,[-0.05014991 -0.05777903  0.99706899],[ 0.69665231 -0.71737918 -0.00653157],[0.71565392 0.69428286 0.0762284 ]
56,79.6005067523184,26.186723883916958,115.22618126997129,4.084604800212341,8.070089989128347,4.2521573132620105,3.8679243435689528,1068.508005860984,1066.8599605048362,69.1576397441495,[ 0.79300988 -0.40413796 -0.45585944],[-0.24280941 -0.89595108  0.37190758],[0.55872973 0.18423942 0.80862657]
3,182.9873252391371,48.95570961116457,60.8180416367569,0.5369194949860226,0.8590939126212501,0.4661270516958492,0.5308474832531783,344.5907040689792,344.58810379990086,1.699507632472644,[ 0.39215868 -0.54718786 -0.73945724],[ 0.01469676 -0.80001792  0.59979608],[0.91978018 0.24608287 0.30569209]
45,135.95537427397286,149.79718727700404,121.56432892474443,6.138658678029845,5.092530025701199,4.124298638009936,3.5285393640272047,1584.2329952187422,1583.4981214193974,55.50835165206837,[-0.14860585 -0.53840638  0.82947868],[-0.803848    0.55431465  0.21578617],[-0.57597283 -0.63470769 -0.51517128]
3,14.621714727393893,192.2430294240927,33.89620631128222,1.0139863122996284,0.12510355421130642,1.0451661481278571,0.20305057789757777,339.0675402017382,339.0582706125464,2.5075277452260982,[-0.70094144  0.17521315 -0.69136202],[-0.70929727 -0.06973811  0.70145134],[0.07468922 0.98205751 0.17316054]
8,31.1891381066426,123.20842850500048,7.785018076073921,3.4180696694469077,1.8783340013451884,2.5971161318152056,2.357583106278155,360.3784804129034,360.23095414973466,11.457892314675279,[ 0.62796578 -0.20637581  0.75037857],[-0.73857984  0.1458409   0.65820229],[-0.24527292 -0.967543   -0.06084192]
22,50.462624180049694,71.39395259564121,100.99882020073018,7.8546651388396915,3.2231347817276235,3.183243127401678,3.4536116933980145,627.9011787498287,626.8561444643677,39.493940249870406,[-0.33856181 -0.68043094  0.6499151 ],[ 0.86142559 -0.50203406 -0.07686188],[0.37857872 0.53383101 0.75611019]
12,137.6666889533578,29.905763183572727,192.2763116692977,1.6824160759124283,2.0976477667414124,3.4581700096767323,2.054754734803558,825.8391137884037,825.7546600852361,13.386425786350328,[ 0.50620186 -0.83026217 -0.23329037],[-0.64052474 -0.54308047  0.5429472 ],[-0.57748397 -0.12541263 -0.80671181]
48,47.69879401714818,152.60832925446815,185.80971446282868,3.7026754613226633,3.9943173977244104,4.5483436580336845,3.6092266765496546,1698.8490274098262,1698.6956876358702,42.33813523393736,[-0.88936619 -0.21404493  0.40399573],[ 0.41374855 -0.75277159  0.512003  ],[-0.19452486 -0.6225108  -0.75805038]
3,167.6438977691462,67.30424089010025,192.70919817243103,0.1320851023682017,0.5195133035208982,0.161913293494705,0.09197763161517546,457.5089577578089,457.50798239462785,0.9566206376309927,[ 0.76461301 -0.3439542  -0.54503436],[-0.11206039 -0.90375364  0.41312446],[0.63467268 0.25480357 0.72956544]
5,15.531551226913331,144.8778810548728,50.295113557830746,1.6176848655571963,1.0129517750475676,2.894067050020868,1.270938872178083,344.76094378662776,344.6913682665932,7.226187208884183,[-0.87917446 -0.06943055  0.47141453],[ 0.46572043 -0.33445065  0.8192968 ],[-0.10078067 -0.9398522  -0.3263757 ]
12,189.1826736574205,168.28334139495692,30.51184309529647,2.386215329331624,2.153020196809487,1.7563569112339312,1.2781296130619875,883.5244373281758,883.4780179590659,11.885015021829645,[-0.14217843  0.32908831 -0.93353424],[-0.65536149  0.67549903  0.33793843],[0.74181306 0.65984995 0.11963041]
2,197.49083893108815,63.994407519965264,172.62288830931573,0.1895012590196501,1.0209329901822564,0.5153227078221789,0.22610424795905715,381.8322170696908,381.8288316739084,1.607885223970296,[ 0.68154939 -0.22497183 -0.69633189],[ 0.02120554 -0.94509781  0.32609883],[0.7314648  0.23701856 0.63936019]
32,191.55788906447668,64.57660890746939,137.4556469002117,3.702343865710727,5.22184014976862,1.747504763854042,3.1841750761936054,1383.3204645247863,1383.009214677884,32.85430053155554,[-0.53160534 -0.18312771  0.82695828],[ 0.32139801 -0.94693917 -0.00308831],[-0.78364474 -0.26414098 -0.5622548 ]
9,82.05347420815399,41.56657848022461,137.19817212871632,0.8617340788844168,1.455187823854904,1.6327120416472856,1.0947646175723318,495.5782935182907,495.5530438495732,6.232915812619188,[ 0.83903062 -0.38398077 -0.38546905],[-0.22196902 -0.88840573  0.40182709],[0.49674679 0.25158305 0.83063145]
10,31.230911486561705,27.644068124763102,98.28561799317652,2.385154354701048,2.422629797925411,2.685412626074071,2.9003717905805115,337.884017809128,337.7873604421465,10.100552666917471,[-0.78733625 -0.48107084  0.38558071],[ 0.54260605 -0.83762863  0.06290435],[-0.29271199 -0.2587453  -0.92052733]
128,75.75989902084999,136.8439838885385,75.3570824538389,7.290227931716256,7.083566481331267,5.383092123477377,7.391553032992058,1967.9919179200278,1966.7017592179288,99.80236512920332,[-0.61402253 -0.09132666  0.7839871 ],[-0.65744763  0.6087926  -0.44399795],[-0.4367367  -0.7880552  -0.43385487]
21,62.48755695648502,129.71891349958003,155.0399446504891,1.9487244322018602,3.3235451506321145,2.3730490666597657,2.5467404239305074,969.8055382606904,969.7137263150497,17.13566429746644,[-0.94266697  0.06226539  0.32787497],[ 0.15539917 -0.78754339  0.59634429],[-0.29534738 -0.61310557 -0.73271515]
18,171.99955813874837,43.687182506883715,36.69433065048171,2.5197496398204957,2.9328870443245183,1.833045866988476,1.997451236355066,769.0182925752065,768.9041902800232,16.016056288557763,[-0.06870883 -0.46896597  0.88053961],[-0.30717024  0.84969163  0.42856806],[-0.94917097 -0.24102916 -0.20243371]
75,189.18564567753745,181.10559335018198,140.50441456400577,6.886295476358014,5.577249310203771,7.735581171352221,5.259983121789325,2575.712799620618,2574.4764027797823,91.21387978863436,[ 0.20464668 -0.72450137  0.6581926 ],[-0.74373254  0.32207966  0.5857701 ],[-0.63638168 -0.60939516 -0.47292271]
2,177.8450676256026,95.95864978771777,25.941026976108628,0.0048039479769101945,0.0632777096898991,0.41550818041553583,0.01890794284567221,288.1320672976428,288.13145536690564,0.5938294049896676,[ 0.48524684 -0.86522849 -0.12615534],[-0.05074737 -0.17190525  0.98380551],[0.87290332 0.47098646 0.12732455]
28,67.06057049894038,51.741513653378355,58.47017037351499,2.7154763980907553,2.646201552357087,4.062259674373038,3.464332754055894,545.2266592202891,545.1063455617564,22.973640849586836,[-0.69794986  0.69068747  0.18925328],[-0.29755907 -0.52006343  0.80062015],[-0.65140202 -0.50247869 -0.56849853]
2,191.75836863200308,47.25375358366524,4.630065780238346,0.07238840986408945,0.2775853307593863,0.02126351743163557,0.004366435276310199,279.37684021091366,279.37654409899244,0.40675980398045447,[ 0.04030335 -0.06586277 -0.99701441],[-0.23694226  0.96873393 -0.07357272],[0.97068739 0.23920008 0.02343755]
32,74.05326785166719,146.38081722483076,11.64039583446761,3.412439792229452,2.8964237337831262,4.115963249880186,2.643532250112191,930.7600147730675,930.6362989561228,30.9667135461336,[-0.7514433   0.33479921  0.56854415],[ 0.48228254 -0.3093272   0.8195854 ],[-0.45026272 -0.89007088 -0.07097403]
3,108.71830569482813,26.476080477844732,145.6626867098486,1.198975886669022,0.7973118270146013,0.6668594163815271,0.673640886076706,318.1546101584661,318.14493627727967,2.4855666989242864,[ 0.38811428  0.81133695 -0.43714947],[-0.7064175   0.56653008  0.42428525],[0.59189663 0.14413887 0.79302104]
11,166.5298030020496,162.78794898440617,55.18713760661444,1.422771113504867,3.446445439743308,2.5686170683220033,2.777729475368058,793.8700662811697,793.8449741147261,11.880040070989155,[ 0.59688399 -0.36898455 -0.71244642],[ 0.39954988 -0.63333786  0.66275414],[0.69576533 0.68024521 0.2306015 ]
18,129.6930210815915,193.58139890612622,90.12434768294678,1.7513927978736024,2.830678512127517,1.9759959840270989,2.228776768218653,1060.0677340678128,1060.003199964703,13.444373920669367,[ 0.67263225 -0.10994679 -0.73176332],[ 0.52735322 -0.62249741  0.57826946],[0.51909964 0.77486043 0.36073104]
120,135.55919172613784,170.06039443628353,137.73209374250249,4.864579015674993,6.395521942386754,8.333162237158216,6.7468621365481285,2822.3791449467208,2821.313174577347,102.96019592814275,[-0.8469167   0.35275775  0.39786188],[ 0.07396986 -0.66280884  0.7451261 ],[-0.52655538 -0.66048952 -0.53525043]
64,113.42490711127734,106.75665576859397,120.16765607942226,6.7733588604086705,5.957896546577379,3.787590950413061,7.692938328018119,1575.4676121297086,1575.359716768593,48.068014657292295,[-0.7141893  -0.02753114  0.69941095],[ 0.39640208 -0.83945158  0.37173435],[-0.57688736 -0.54273665 -0.61044074]
3,44.56186934337578,39.889219541401125,77.97304009071809,2.10361188467753,0.9131362553270589,1.1708298069611935,1.4762099769786199,170.25645942341157,170.23348146345364,3.648145922497323,[-0.51383609 -0.60834783  0.60488461],[-0.72810985  0.68212697  0.06751923],[-0.45368328 -0.40572862 -0.7934455 ]
3,101.42418171739435,86.3127662341683,121.19566508689292,1.2563756817046894,1.4349110154665285,0.46566537027018784,0.36866525713457204,311.90824379059376,311.8911709169592,3.3400073566733806,[ 0.52956856  0.41585872 -0.73933664],[-0.63427598  0.77285815 -0.01960246],[0.56325049 0.47932432 0.67305058]
21,180.33560236535055,107.55613097735345,11.081597193752375,5.029157438353095,3.448567427498185,2.2839682537896397,4.457914480624853,963.9769618351476,963.826862436564,21.75477412005462,[-0.14034573  0.1341735   0.98096919],[-0.4945674   0.84881582 -0.18685502],[-0.85773315 -0.51137968 -0.05276983]
198,9.843383447105447,37.48959083509431,80.42665502942808,6.085791098532433,7.063416042868993,13.90396080753406,12.368608774216138,1275.5154442444446,1270.8913429873778,159.10446281376363,[-0.9363337   0.34785057 -0.04774069],[-0.33432137 -0.84173479  0.42392426],[-0.1072773  -0.4128953  -0.90443853]
