N,MEAN_X,MEAN_Y,MEAN_Z,SIGMA_X,SIGMA_Y,SIGMA_Z,SIGMA_R,LAMBDA_1,LAMBDA_2,LAMBDA_3,EIGEN_1,EIGEN_2,EIGEN_3
7,7.32519627711623,151.5847166106606,44.87584778780799,2.1218525051430035,0.6225581042489314,2.7345481302042804,0.7508319526024153,418.7943634130641,418.73353279505784,9.089955975681336,[-0.82880682  0.19530128 -0.52434403],[-0.5576178  -0.21079128  0.80288818],[-0.04627794 -0.95782276 -0.28360872]
308,187.2915669574957,30.699351847589902,71.44933643790847,7.049808571628432,6.452953862770871,14.643058876829414,5.118742448411627,3570.6356553922433,3561.762159508752,293.465543682465,[ 0.19786891 -0.97513362 -0.09981145],[ 0.32848412  0.16190024 -0.93053022],[0.9235508  0.15133652 0.35235093]
19,7.670062720293011,57.87960010806408,13.857282283480842,3.11147536353888,2.634487201177373,2.344144787336955,2.9529926965350137,262.2570263192859,262.0034777029224,15.81626009420722,[-0.28781643 -0.18764813  0.93912187],[-0.94908856  0.18698747 -0.25350856],[-0.12803361 -0.96427375 -0.23191276]
81,37.07025548565372,86.47849629070865,88.57669789032155,8.786393360789528,4.087731357714954,4.983539555441647,6.70535473842173,1166.703000027627,1165.0421514697553,76.71608087468971,[-0.14470258 -0.67709017  0.72153314],[-0.9463719   0.30758656  0.09884699],[-0.28886222 -0.66853528 -0.68528768]
1664,99.14991935762578,134.0312315255607,159.50309203276126,14.609129415299149,22.758596032401744,23.327029205970824,17.474795504404554,9513.014637289987,9449.679989108536,1273.3888919943086,[-0.90167459  0.24556921  0.35591952],[ 0.03623365 -0.77729432  0.62809288],[-0.43089449 -0.57923165 -0.69196866]
70,21.00102802391667,47.201421869387,183.8209563385989,10.560105256455026,5.788121977437391,4.290087002004644,4.540431311143335,1600.8519459525658,1598.2621166324348,99.9653559161005,[-0.39134737 -0.8795434   0.27064857],[ 9.13640496e-01 -4.06523117e-01 -1.44947281e-05],[0.11003765 0.24726983 0.96267822]
500,114.32877891226418,141.73484512252628,90.6002967682921,9.08644080292427,13.128366058020694,12.282182312356905,7.722379021149209,4563.964057735053,4557.4648030312865,416.8522963646585,[-0.80062307  0.32265645  0.50487179],[ 0.20856984 -0.63984177  0.73966285],[-0.56169505 -0.69749217 -0.44497568]
34,133.82713038888943,18.624410928189793,36.04905817422188,4.314422450732635,2.936285766548358,4.486990355039965,3.3560490183086467,816.30225662552,815.7561715551188,35.052421184661426,[ 0.00191879 -0.89138383  0.45324517],[-0.28964302  0.43332203  0.85342776],[-0.95713282 -0.13291685 -0.25735165]
17,5.723365454525213,177.74820788609364,197.83129828128114,2.840879698573911,4.821711114027151,1.701471599857594,2.765369945712726,1097.0148274969188,1096.9321060200125,21.248120434658308,[-0.99969039  0.00516407  0.02434051],[ 0.0124265  -0.74388526  0.66819181],[-0.02155714 -0.6682874  -0.74359078]
272,151.41421194774932,163.1907677024883,185.81497970923712,8.299081185141745,14.414959365189333,9.330334063771462,11.334182820037437,4791.166318988036,4787.6039733085845,252.01749171280406,[-0.3469878  -0.54604041  0.7625217 ],[-0.77969177  0.61980088  0.08903719],[-0.52122952 -0.56363707 -0.64080655]
35,6.619828903717088,174.189315195257,178.8090477838333,4.669430283733308,4.650256047280613,2.659426392574369,3.073452965998037,1477.7911998666125,1477.605650452262,37.9321532785106,[-0.63176241 -0.54340984  0.55279472],[-0.77471196  0.46692485 -0.42638313],[-0.0264128  -0.69762951 -0.71597167]
10,152.86787478479823,108.8224208065463,168.63798234038262,2.404285480719649,2.0454694578830575,2.0973792362791697,2.2884678359786057,797.8854852931253,797.8522922495795,9.552631492953221,[ 0.30463365  0.65039698 -0.69583195],[-0.73488629  0.6252485   0.26269079],[0.60592118 0.43133291 0.66843956]
4,21.422566575292414,58.761478654984515,34.31859479895961,0.20474797898559677,0.7276463126682371,1.6016788716576673,1.1714947177929402,142.72541819718018,142.70356709341016,2.6590447524564325,[-0.92762895  0.36959909 -0.0538614 ],[-0.22222721 -0.43024857  0.87492928],[-0.30019928 -0.82357919 -0.481246  ]
226,24.753419723645404,13.052694756462376,106.8191787828722,6.560817014910984,7.639655416182003,14.582042232594484,13.455990176839297,1677.3430202193092,1676.3366155467115,172.62590742192512,[-0.76992663 -0.58975708  0.24372029],[ 0.59929456 -0.79946061 -0.0413372 ],[-0.21922367 -0.11423364 -0.96896422]
6,190.59898438285268,169.26648360048952,30.547474894979235,1.776497834389883,2.9408758789309704,1.915617993651101,3.103935437499062,628.9314645205054,628.922148831347,5.915875879650851,[ 0.6668592  -0.74430681 -0.03614103],[-0.06471758 -0.10616334  0.99224038],[0.74236813 0.65934567 0.11896573]
225,51.43578970130604,100.69488191203955,126.06963847843383,6.938777465349005,13.716860192855206,8.6555395682549,12.276754637915785,2552.3680380712576,2548.414297214609,190.90255198130285,[ 0.75965176  0.32062466 -0.56579947],[ 0.57589653 -0.73582676  0.3562333 ],[0.30211321 0.5964552  0.74361872]
10,178.69975891512328,165.44077698711573,85.47840897143926,1.927535821512278,1.1252648874443572,2.645221864931731,2.3028931311682905,816.2176045410124,816.1970672123949,8.185617139877277,[ 0.7083673  -0.51663503 -0.48094075],[ 0.13713605 -0.567652    0.81176653],[0.69239401 0.64098319 0.33125683]
15,23.997305527859194,178.08992815394907,156.01627539941472,1.9356731869612658,3.0234851280452384,4.22956606278934,3.55737386658327,921.8970783028686,921.8163848266692,16.51655241758494,[-0.99166675  0.12871007  0.00554818],[-0.08023762 -0.65075     0.75504064],[-0.10079181 -0.74830352 -0.65565453]
87,141.72143167716695,188.64692743965708,48.031407269408575,5.253200239525259,3.664363829602108,5.205283959704793,4.591292727183551,2247.05475846884,2246.546269542501,63.91704572068806,[-0.63239888  0.59991555 -0.49007448],[-0.50352713  0.16241548  0.84857624],[-0.58866976 -0.78340446 -0.19936239]
5,132.22501324180743,76.19246236161243,3.3915089162314644,0.8192126739047466,1.143484427242473,1.2884191910749172,1.1622817385127566,341.34830215131836,341.33376031874394,3.386057901121768,[ 0.42434473 -0.75839607  0.49473928],[-0.26381585  0.41912065  0.8687572 ],[0.8662175  0.4991726  0.02222527]
10,142.5602300435671,140.08458024097106,100.4177901495012,2.466358149567259,3.884255122639452,2.1595771324685495,2.486589944349575,707.4718149646734,707.4042657501393,14.012362469406595,[-0.29081044 -0.34400875  0.89279744],[-0.71365069  0.69951973  0.03707878],[-0.63728485 -0.62636262 -0.44892973]
4,51.74250896077872,80.69661172896181,37.85221404742879,0.5709536303101855,1.5144864028642089,0.09471903182688035,1.2889774173119828,206.1507052644167,206.14361475537584,1.9722413893157513,[ 0.47887875  0.10191394 -0.87194535],[-0.72019253  0.61356567 -0.32382076],[0.50199388 0.78303941 0.36722122]
42,33.28723112544188,98.19833409036463,149.64506991760314,3.2613610633249235,5.972588935201614,2.9837611741404544,5.044078958565863,1180.7262873045665,1180.4289127728252,35.45576067474906,[-0.94468342  0.32794529 -0.0050118 ],[-0.27217165 -0.77531132  0.56992539],[-0.18301864 -0.53976314 -0.82168116]
10,176.10073400755755,81.79619787350825,192.05591355296508,1.2486753202470813,3.256171034691853,1.858880564551025,0.9635036475506434,863.7202851150347,863.6571520864106,12.13041514720552,[-0.76203691  0.18039967  0.62189687],[ 0.05938561 -0.93689111  0.34454085],[-0.6448047  -0.29948457 -0.70323246]
25,89.00572311037278,19.709412955572205,19.494412330516685,2.7297375086590328,2.805781042520979,2.619318701422097,2.5736133816372404,466.53723096249104,466.4616526266362,19.782943718979705,[-0.29396635  0.56831071  0.76850941],[ 0.04366018 -0.79521183  0.60475775],[-0.95481808 -0.21133169 -0.20895297]
119,52.295317574581595,156.21931723001717,98.09474148556299,5.141272055684533,6.9257718546001605,7.866003902721632,7.614776020273055,2094.9412670604024,2093.727254155448,96.3400842326022,[-0.82133164 -0.08025086  0.56477795],[ 0.5011553  -0.57445511  0.64718212],[-0.27250266 -0.81459261 -0.5120363 ]
12,14.515666881856042,186.52844714965616,35.113050216520854,1.8389789262137823,2.757820802548381,1.6222572680631124,2.552807308703826,659.5241555739465,659.5037275495947,9.241228601964428,[ 0.53967876  0.11502246 -0.83397642],[-0.83842127  0.1630206  -0.5200712 ],[0.07613547 0.97989495 0.18441603]
12,181.41118688171858,22.024666826217928,26.809384620863813,3.9926706067365814,2.0472983426252664,2.429597547498132,4.033260894951428,640.054991418889,639.9770473284854,10.779265907718182,[-0.18772938  0.5951522   0.78137797],[ 0.00649035 -0.79475271  0.60689867],[-0.98219935 -0.11900413 -0.14533569]
123,61.67419818051334,188.244775691908,73.71200156927475,7.512278694568872,4.138130023206791,7.872076296073563,5.0063206460598515,2346.6026680189016,2345.8050757582737,116.69054822426956,[-0.70355406 -0.04732685  0.70906407],[ 0.64788776 -0.45267515  0.61263909],[-0.29198141 -0.89041865 -0.34914393]
174,13.518848007575377,117.01174319819108,108.30684492291921,6.003274617486298,7.128708752217395,12.970311250033241,7.587132637443838,2119.878063624181,2114.456323164461,185.63370530260477,[-0.99166821  0.12808163 -0.01375728],[-0.09692789 -0.67155952  0.73458342],[-0.08484781 -0.72979649 -0.67837891]
33,191.81584641580548,63.48139178342053,136.25504249166494,3.3047210348469287,4.876120392091219,1.7891521665053252,2.9094591512590564,1400.309753898569,1400.1130917412117,31.1072100100078,[-0.5788574  -0.00088102  0.81542831],[ 0.21295138 -0.96546029  0.15012711],[-0.78713138 -0.26054877 -0.55905145]
15,57.17585552018461,22.997277425679293,171.63940282039454,3.071737218600846,2.6697556581913013,2.9951542140819276,3.2512878778128123,706.5104750311513,706.48802783913,14.99244205141324,[ 0.94790966  0.01654717 -0.3181092 ],[ 0.05563305 -0.99190107  0.11418074],[0.31364349 0.12593041 0.94115317]
16,9.35238888520911,95.04253021095816,166.95293078478613,2.1066436092039886,3.5084280225700795,3.075847790869938,3.4331179455050105,769.57386442491,769.5230393587915,15.218304846676,[-0.99450066 -0.05685757  0.08795254],[ 0.09281829 -0.86748558  0.48872643],[-0.04850977 -0.49420237 -0.86799241]
800,88.29741847086883,89.22896607385141,143.1281107015363,12.950692219173831,14.480740836987637,11.619609040274671,12.423408531076802,5413.456718689064,5405.74720406979,531.5123584181383,[ 0.71026162 -0.70393546  0.00181771],[-0.52937427 -0.53242607  0.660519  ],[0.46399495 0.47010355 0.75080713]
572,182.8888463536942,97.15748005175877,67.60132661417012,8.547404013685531,9.73283156580411,10.328239331188955,10.066505226188987,5221.321535903298,5219.635056071743,314.5904468960372,[ 0.34121395 -0.87696001  0.33839943],[-0.42343544  0.17800859  0.88826537],[-0.83921122 -0.44637885 -0.31059693]
206,86.8060705092967,181.19538335365544,101.94989341510309,5.912417124581232,5.999977089851491,12.421749976229247,6.568663540364412,3239.514012355574,3236.4070794872405,193.62463903609924,[-0.86987666  0.48013672 -0.11306334],[-0.30853836 -0.35078157  0.88416988],[-0.38486189 -0.80400312 -0.4532773 ]
3,31.61192192882979,54.52855282837765,191.1935373439952,0.8947306265395968,0.3912981481984577,0.8413388490718968,0.7319752866537013,348.6942397868242,348.690104158905,1.8384429583921649,[-0.01655741 -0.96079694  0.27675818],[ 0.98745834 -0.05917859 -0.14636916],[0.1570092  0.27086367 0.94972679]
90,15.944987373517993,51.531449511811815,113.61302293725917,3.3751781178384723,3.7449210221219387,5.3081999394215,5.195294679319031,1194.8538301158153,1194.4671954766154,48.95476167103603,[-0.83687268  0.53311931 -0.12420917],[-0.5325138  -0.74032952  0.41029411],[-0.12678    -0.40950703 -0.90345494]
30,4.8475623755155395,166.1804441389454,161.9446710027014,2.4371212368224358,5.888295024889047,5.867412403072681,3.530088858620642,1272.0226557736194,1271.4187356766936,43.42774048058199,[-0.99881487 -0.01574112  0.04605515],[ 0.04396027 -0.6978947   0.71484997],[-0.02088911 -0.71602738 -0.69775959]
92,127.15641552015481,93.22894761224568,164.91496064808732,3.9217990810265566,6.097026929622812,5.615426920054724,4.7493293584223135,2189.9546952248047,2189.1649709435105,75.34484755956134,[-0.83016674  0.28990896  0.47621002],[-0.01503338 -0.86549498  0.50069196],[-0.55731247 -0.40849876 -0.72286345]
7,110.80302836424201,133.3493449636964,152.89431189664387,1.2342903125542197,3.5335043764697165,0.9784388065070495,2.100111488428145,611.6787402397326,611.6281666207262,8.6051259366025,[-0.82864402  0.04922222  0.55760762],[ 0.28915159 -0.81530303  0.50166954],[-0.47931247 -0.57693859 -0.6613633 ]
13,98.53375278674443,170.65940679669626,56.31724278287423,2.363294574379104,2.3335769446805847,3.283728441614976,3.5181371544393447,739.136578063242,739.0920276600119,11.024882728801948,[-0.86997101  0.41381207  0.26816043],[ 0.10950277 -0.3681158   0.92330921],[-0.48079059 -0.83261655 -0.2749365 ]
206,168.61345945098506,127.59264126466368,83.69126249269439,8.764948641436892,4.341078511658628,8.136065866147392,8.847524598580698,3268.067444167533,3267.3589724405833,131.1771202356304,[-0.67052154  0.63278114  0.38728399],[-0.01602204 -0.53425276  0.84517293],[-0.74171703 -0.56050157 -0.36836643]
2,68.90898443491088,91.15343137697282,161.29689612716732,1.3549165350561196,1.6762635198955707,0.21325889746258042,0.12663299189760835,279.5667220019862,279.5499988469249,3.057808957421579,[ 0.67808102  0.47694402 -0.55922315],[ 0.64705878 -0.74824699  0.14642875],[0.34859872 0.4611408  0.8159829 ]
2,40.92054669198166,113.36064952330509,181.31766548193798,0.15903275581236898,1.5878634535507032,0.47479893712856835,0.46122365661345555,307.90906402225795,307.9007520873248,2.2624259375085356,[ 0.9811367  -0.13857105 -0.13479186],[-0.04521739 -0.84242562  0.53691197],[0.18795257 0.5206891  0.83280051]
162,133.37404954359457,12.978790235033282,123.72007933250183,9.236349115665616,5.948047194208446,6.10229182401108,9.830357324380511,2326.1962051871737,2325.428271921214,99.07638993194897,[-0.55600056  0.63806691  0.53266688],[-0.39428676 -0.7666316   0.50676813],[-0.73171124 -0.07173987 -0.67782893]
506,113.68321828702794,43.066306399114595,171.65266725778332,13.318146607047774,12.663102972866888,12.935895743217896,12.323028230967061,4753.499409286555,4744.380460164769,424.68867090618096,[-0.26368063 -0.87917877  0.39688439],[-0.7995557   0.42937246  0.41994043],[-0.53961394 -0.20660102 -0.8161696 ]
29,78.44950189955432,3.5553246218518004,25.166775464502113,5.170929396384245,1.767661967143752,2.914019349058868,5.160005991059776,445.2325207277228,445.0504274673597,18.490610929173965,[ 0.10477831 -0.97607675 -0.19051425],[-0.28936894 -0.21320268  0.93317213],[-0.95146578 -0.04264729 -0.30478531]
4,177.16859291785897,64.39001789802042,69.09889958266803,1.577318144280534,0.5652765403190544,0.7555183942812121,1.6159396697097679,401.56036995240714,401.55793406285915,1.749931274702337,[ 0.46372815 -0.47004978 -0.75100559],[ 0.07906994 -0.8223181   0.56350766],[0.88244215 0.32069633 0.34416525]
81,26.192325347229193,158.065924419134,40.274482616425196,3.7623045906332035,3.273987079809084,6.818000876220469,4.018900183893137,1488.429214686285,1487.6450890057258,67.09603590666624,[-0.96775438  0.19957828 -0.15368788],[-0.19577988 -0.21203937  0.9574495 ],[-0.15849824 -0.95666494 -0.24427545]
38,23.432026486365885,112.88940589561507,158.24400247331366,3.9558884631801496,5.127502353844632,2.832381153537387,4.3028842956992905,1207.5100978433584,1207.4419922062527,34.68095672049975,[-0.93373453  0.342019   -0.10565427],[-0.33731233 -0.74185664  0.57954217],[-0.11983411 -0.57677702 -0.80806439]
42,193.00188051123882,176.72350622893748,136.80988093147658,3.5170045788551545,2.792285508942273,3.6733664516754567,3.4749788181127883,1913.9976466027229,1913.9368688164477,30.115226667625116,[-0.14928723 -0.49825384  0.85408222],[ 0.74197849 -0.62739353 -0.23631604],[0.65359103 0.59843167 0.46335548]
191,169.47747736951837,167.6910049057572,5.916396770200393,16.60478827079375,14.593637503758979,3.553731019923892,16.561012317460808,3310.1686209986756,3304.517389957163,204.4711372829793,[-0.05627734  0.0215608   0.99818234],[-0.7009276   0.71111804 -0.05487837],[-0.7110087  -0.70274196 -0.02490727]
124,186.00709386684636,140.36714285943142,185.18127200432136,5.87956017489479,6.546892160504268,7.672906847909033,6.685539830243874,3316.6714707983815,3315.6299042026385,106.41511528398816,[ 0.01588524 -0.80442298  0.59384453],[-0.78072385  0.36107406  0.50999587],[-0.62467425 -0.47173    -0.62229646]
26,42.39237282798349,5.502005406040579,152.41787835332605,2.9688808177462405,2.8253206763288183,3.5319177598770883,3.305069200025857,807.5540004393397,807.4331644090456,21.846263681769898,[ 0.58256549 -0.80181569 -0.13307537],[-0.76743591 -0.5965638   0.23484838],[-0.26769307 -0.03468774 -0.96287963]
3,93.57051001199227,82.27175490001453,8.175496462894289,0.4090569931672644,0.4621095568560731,1.213485239260586,0.07131063577348919,216.2820105004916,216.27110371634942,2.3551201271180005,[ 0.58798245 -0.70766408  0.3917757 ],[-0.30447709  0.25508744  0.91772768],[0.74937997 0.65889449 0.06548056]
5,74.50888019704743,31.4013310851033,196.51011628228488,0.8094935724729991,0.7773738379901061,1.3992528072498993,1.3545323155628852,475.1664268819647,475.16370663346567,2.6305665075329765,[ 0.93585964 -0.01848576 -0.35188778],[ 0.03489526 -0.98885234  0.14475282],[0.35064092 0.14774753 0.92478193]
18,83.78870684743146,140.16275471221246,110.45068269877282,2.512924066455002,3.4145697512330586,1.71535553330854,2.43394236694348,836.6008550857393,836.5048077853738,16.421234203442644,[-0.41465252 -0.3972476   0.81869263],[-0.80467628  0.58018174 -0.12603662],[-0.42492277 -0.71104395 -0.56022954]
52,126.52969283782998,10.21523346134504,102.4382483010072,5.376239671012813,5.180092209049689,3.8538766688788666,5.081831760023271,1177.4810628513897,1177.1928228437841,47.94219414074469,[-0.61440693 -0.15171021  0.7742662 ],[ 0.14339274 -0.98646741 -0.07950196],[-0.77584963 -0.0621776  -0.62784656]
4,42.004594980991286,77.40177663138795,156.63936233740233,1.9192154128019754,2.1718044920382074,0.8940153938701593,2.044817793903607,359.44132908533237,359.4244271195172,4.4826435542881224,[-0.6705781   0.72059114 -0.17627653],[-0.70402703 -0.5432755   0.45738132],[0.23381821 0.43081334 0.8716243 ]
24,65.46720076964759,113.00080112177822,139.50171132041484,2.6078103611251344,4.178667970807893,3.2759424919877196,3.591469772872695,936.5480058106081,936.370683127774,22.997715901724234,[-0.8336831  -0.16690629  0.52641693],[ 0.43315781 -0.78892869  0.43585071],[-0.34255919 -0.59138297 -0.73001327]
10,14.529446314675496,195.21669786136064,12.993820271029785,1.9789558240709628,1.8235376350763106,1.208360507571471,1.934174155507565,620.4603747055287,620.438103454002,7.041520078568885,[ 0.25980308 -0.08341302  0.9620523 ],[-0.96281427  0.05407433  0.26469727],[-0.07410153 -0.99504685 -0.06626256]
45,12.021036571264775,159.99818201450938,65.56317222145972,7.783082040464977,3.4160641491386965,5.251754899487186,4.611647836307977,1164.518050509688,1163.2540587086564,59.522237988806715,[-0.46233932 -0.30630208  0.83211861],[ 0.88393492 -0.23330661  0.4052494 ],[0.07001004 0.92290144 0.37861793]
2,143.14612085640644,149.91503539076615,126.55885677665673,1.1475827588525362,0.0008556336672853603,0.9238847231211906,0.19441860248038267,343.4665762223976,343.4603668034855,2.0652886362833165,[-0.39020776  0.7823763  -0.48541243],[-0.70733923  0.08276837  0.70201183],[0.58941421 0.61728172 0.52110859]
91,24.377981050106296,149.32041151980744,102.58062212827717,6.846089765693713,4.667255751306866,5.919623514766001,4.289624655651073,1745.5185873992455,1745.1548927331507,88.07305218106677,[-0.00700028 -0.56555945  0.82467782],[-0.99107535  0.11370956  0.06956863],[-0.13311895 -0.81683086 -0.56130802]
30,7.825234082817447,95.18258342595793,119.06164197869742,4.4161324042636805,2.861812828177885,4.24748681082194,3.1768330500179913,836.7457043673564,836.2588904713872,32.705945523543285,[-0.67149977 -0.55669678  0.489057  ],[-0.7392175   0.54907435 -0.38996775],[-0.05143487 -0.62338275 -0.78022331]
32,191.85907991432185,97.31304368365625,193.39591168461578,3.8817352975753496,5.894622796369243,3.255027934660259,4.99594824345704,1636.8837247472495,1636.7567147058767,33.690078992668326,[-0.71993119  0.04276058  0.69272694],[ 0.20457736 -0.94068151  0.27067767],[-0.66320975 -0.33658555 -0.66847812]
273,16.775409060610535,31.23298509394791,141.67924444945427,7.198704950504313,11.886852490653661,5.8969801120989835,6.174179510755089,2423.3955208693183,2417.676341835491,229.2645806240527,[-0.93527282 -0.30615804  0.17757252],[ 0.33512017 -0.92742249  0.16607829],[-0.11383855 -0.21483665 -0.96999278]
58,86.03702983048406,83.06680621537893,26.368323186465062,5.145244620136248,5.443206609078426,5.788958205653884,6.212269403660347,934.7385470225967,934.5653850424592,54.64431779154721,[-0.69341841  0.58323657  0.42309101],[ 0.16087156 -0.44705102  0.8799237 ],[-0.70234695 -0.67821861 -0.21616723]
13,194.6263336064627,38.89255515563635,97.04788373863245,1.7737584069324333,2.3963428620347123,4.199518466386503,2.887049981398379,796.7728817668088,796.6653051924452,15.350801700740915,[-0.38760955  0.80098448  0.45627042],[-0.27167271 -0.57224039  0.7737796 ],[-0.88088182 -0.17596814 -0.43941147]
33,94.8580741018791,67.06099177495382,3.6115871686941707,3.7884018688628704,4.092604108309285,2.149239562915586,3.137208141489166,668.4380838068378,668.0127282181736,29.209502301087934,[ 0.06419285 -0.14377051  0.98752687],[-0.57420919  0.80402147  0.1543803 ],[-0.81618814 -0.57695712 -0.03094192]
21,194.2554972130566,189.07612075441847,114.41264045098976,2.7832322728641103,3.6495411449219564,2.965428653962617,2.3758312769829906,1348.5046721871074,1348.4948007973885,22.597987459224246,[ 0.70514609 -0.35201006 -0.61551435],[ 0.25868419 -0.6805243   0.68554297],[0.66019049 0.64263178 0.38880961]
53,10.89114775115498,40.537540125195996,68.15783538657521,2.5908019907252204,5.359522472818313,8.118862002671992,5.4421132994189145,587.0210675536946,584.4085239300434,61.649833796484906,[-0.96914878  0.2463683   0.00730124],[-0.20671073 -0.82856657  0.52033461],[-0.13424352 -0.50277241 -0.85393125]
8,83.65090867632212,88.8757447312062,123.97142378257959,2.1403025646471705,0.9754030091585807,1.290934580752443,1.5763376196744685,492.1114190487938,492.08577122448264,6.14077426119566,[-0.09327717 -0.77831633  0.62090503],[ 0.871815   -0.36504505 -0.32662014],[0.4808721  0.51084811 0.71259822]
43,134.45090825194637,76.87061152073272,33.50661304036171,4.980664335570638,5.208284484384445,4.4208118649090755,3.7536227079611377,1040.2351929639253,1039.6847447685207,49.72752868830821,[ 0.12039793 -0.56563303  0.81582082],[-0.515192    0.66686769  0.53839083],[-0.84857618 -0.4851255  -0.21112012]
305,173.2205547454458,160.35134573712435,147.78512303259097,10.345103889723338,11.921383455724937,12.45151959778789,17.29028017865319,4875.179047129223,4874.193620768131,178.92478776301377,[-0.7711487   0.33102376  0.54383173],[ 0.13734765 -0.74758827  0.64980566],[-0.62166334 -0.5757908  -0.53103639]
323,14.903113599001905,188.66156042652597,104.93355135697396,7.362319196934862,5.879163931455538,9.755035744996112,7.622620864821496,3894.519756886158,3893.6592734791284,201.90450200310082,[-0.99328172  0.01478164  0.11477334],[ 0.09285021 -0.49014943  0.86667893],[-0.06906702 -0.87151307 -0.48548399]
44,30.83195564443898,14.587965902081338,5.0019128319674655,2.6919379745735794,8.974468523264145,3.328109069762337,4.5752107248790335,237.44118187357114,231.26844192823083,58.473129779270835,[-0.03963607 -0.24939547  0.96759025],[-0.4685893   0.85990701  0.20244507],[-0.88252652 -0.44537831 -0.15094738]
140,135.83390142435076,171.16015963422325,138.26073115806022,5.3316361292216286,6.356884040053306,8.418360358596273,6.3424592717986,3062.1205871959055,3061.0837576076356,117.69126471685495,[-0.8500437   0.37940926  0.36534138],[ 0.03884079 -0.64658433  0.76185307],[-0.52527812 -0.66179855 -0.53488838]
2,93.0115614995054,72.5925663793773,154.28464777364127,0.3715647325355249,0.08942374405466325,0.16166860785280335,0.016090999985067356,274.6807455882278,274.68011964348557,0.5864039095875873,[-0.02558797 -0.89851882  0.43818853],[ 0.87750849 -0.23016456 -0.42071738],[0.47887796 0.37374886 0.79434734]
134,54.97699476562164,49.47299723996874,183.16071623063507,7.062878140659041,4.612477132002679,11.686125205666517,9.836295152763523,2291.9551720631866,2290.0988750124116,121.88034011814253,[ 0.37946515 -0.91556872  0.13319208],[-0.88276998 -0.3151902   0.34838527],[-0.27698981 -0.24977804 -0.92784027]
111,15.860103241584987,83.23978210232131,49.00219204966092,7.938764481657383,9.080228599782389,4.299721230725619,8.474409694544306,1039.2444348575898,1035.9375609869976,101.60409436276976,[ 0.67252806 -0.46644877  0.57457075],[ 0.72112284  0.23846641 -0.65047338],[0.16639668 0.8517977  0.49674221]
47,48.28036599018697,151.72825493175935,185.69371039532268,3.7384841804174065,3.2954995680856363,3.5176666969192953,3.5449182885438564,1677.3631629813729,1677.2711436358559,34.14048035805007,[-0.15359751 -0.74525303  0.64884955],[-0.96823259  0.2446322   0.05177591],[-0.19731565 -0.62028462 -0.75915316]
29,160.1751261430372,52.86605456261284,172.41863543440252,4.180148992450858,5.539881004255486,3.411310680967289,3.4592997026126695,1299.4756103816476,1299.1675996946033,37.1696804493209,[-0.59686245 -0.42041783  0.68337696],[ 0.45028326 -0.88046855 -0.14839176],[-0.66407846 -0.21914373 -0.71482573]
4,92.7418056212956,39.071749857954124,118.48388450599148,1.03069962272306,0.6859564449342026,0.5969557686212467,0.8943268127620712,310.9207428949734,310.9141989921056,2.0896535178422004,[ 0.39401549  0.73562769 -0.55100245],[-0.69916181  0.62903207  0.33984028],[0.59659414 0.25133754 0.76217116]
59,27.983100300987402,107.75364028922799,193.39394150604892,3.9841033978663996,4.054497633367473,3.241048024624576,3.386328016048258,1714.520263809098,1714.481742548805,42.99794753737137,[ 0.92261923  0.2643406  -0.28088753],[ 0.36472819 -0.83482373  0.41236234],[0.12548746 0.48290102 0.86663689]
2,87.46334657508737,0.6526682501318049,107.92214893059577,1.3107980884648143,0.23235818079075932,1.092480239006683,1.6751238864441973,196.47095915061746,196.4701467715423,0.5649930373637231,[-0.43896632  0.8272145   0.35074883],[-0.64098647 -0.56186646  0.52291723],[0.62963872 0.0047178  0.77687375]
17,112.68292060782608,99.51045173204417,88.66263152664744,1.8901457000681265,2.5430522801892486,2.7381438583730393,1.5972542137740273,719.7747169708533,719.6761469784993,15.974392267110419,[-0.6808133   0.73109727  0.04460971],[-0.34592237 -0.3746194   0.86023137],[-0.64562447 -0.57022547 -0.50794877]
104,178.137090221251,119.08154359007634,122.27826205597736,4.505917914238577,7.039511354164056,8.493307887763788,7.211499485735028,2518.401072985482,2517.5036832257356,96.5908791982192,[-0.68282048  0.6134625   0.39676183],[-0.11268992 -0.62501159  0.77243867],[-0.7218429  -0.48272589 -0.49590176]
31,88.61498857695814,36.57281980673365,22.150545171221584,4.039373510261958,3.1103262455330314,3.1699040167342294,4.4780473079621235,548.7117004018922,548.5162776715687,22.169494161127318,[-0.42992853  0.83853232  0.33470138],[-0.06408138 -0.39811655  0.91509387],[-0.90058594 -0.37197683 -0.22489597]
53,143.08145972332983,89.9883113912192,96.96000174321276,4.722127945121471,6.437345113889188,3.959014495214924,6.34672390002032,1419.878965479122,1419.5983586520058,45.549328645969,[-0.55611642 -0.01113107  0.83102986],[ 0.38958344 -0.88674091  0.24882784],[-0.73413846 -0.46213272 -0.49746766]
3,60.69728670664633,73.1149037571275,110.42116937414067,0.13652186637583905,1.2734428554657231,1.876889990146316,1.996780575976446,252.3540084236026,252.35216655598362,1.8769651839886092,[-0.40788528  0.84834284 -0.33755597],[-0.81246121 -0.1685582   0.5581173 ],[0.41657699 0.50189896 0.75799805]
361,119.89817413415605,129.8608181622122,37.10330817500316,13.248084029083008,12.715445943136377,14.802526271583341,10.493279104315564,3452.439636578615,3445.108551024627,402.9117889729635,[ 0.55206469 -0.65508072  0.51584283],[-0.50426087  0.23039245  0.83225014],[0.66403732 0.71957527 0.20314004]
446,50.252078419307736,45.451961498133414,91.86117895643933,10.48304373759805,8.501343485716488,17.283653219947258,15.976261551287227,2445.404721716404,2444.152191161266,312.24949418239447,[-0.85934268 -0.08157132  0.50485273],[ 0.26377301 -0.91644782  0.30091061],[-0.43812551 -0.39175186 -0.80905903]
8,170.37197971937508,168.039280199313,104.0426130734505,2.2375769955622262,1.872745301017358,2.5889987310697555,1.2168516521114687,738.1030520229978,738.0758727980183,10.496857048365921,[ 0.73029477 -0.39566828 -0.55688075],[ 0.20084553 -0.65479844  0.7286289 ],[0.65293999 0.64396088 0.39872767]
31,149.77314005249733,155.57810973733834,72.88349851202966,5.794898362851541,3.002731677471112,3.349112871451126,4.028721609737272,1269.5666653604605,1269.3251826039902,34.06427457305843,[-0.03086351 -0.3995881   0.91617509],[-0.75301918  0.61204815  0.24157646],[-0.65727435 -0.68244151 -0.31978746]
41,59.49788139095596,178.3201275555468,101.50422821128035,4.199477395728248,3.510066927781546,3.6398024181287467,2.4042151673882737,1368.4070966725062,1368.2282273949654,39.14805127789034,[-0.53399141 -0.27666486  0.79894288],[-0.79833513  0.47615373 -0.36869857],[-0.2784137  -0.83470604 -0.47513329]
136,130.91538725755322,92.93671382796974,15.527432182355918,5.973318769043725,4.693641123057532,7.149068511338535,6.573090417254063,1884.3502287356234,1883.2296603236657,94.55279405541991,[-0.58272664  0.80997265  0.06613604],[-0.04034368 -0.11011364  0.99309988],[-0.81166622 -0.57603758 -0.09684343]
41,180.496993075042,23.309446825531364,187.45012458743608,2.9614545603139426,3.264352899500453,5.341127139178443,4.697073725251265,1673.3904867821755,1673.3084083124197,32.54344186363605,[-0.33448559  0.91922882  0.20769634],[-0.64107644 -0.3834822   0.66480253],[0.6907535  0.08921764 0.7175652 ]
40,187.6016302651251,162.5236175227269,128.28010087245306,5.723679930068939,3.4967252155790667,4.8769041779825235,2.813204693109133,1767.674840959657,1767.3476645949522,49.35797224532907,[ 0.25725565 -0.7640098   0.59169972],[-0.69490803  0.27922904  0.66267184],[-0.67150752 -0.58165296 -0.4590833 ]
2,29.68876202908849,111.65432728294557,87.12816021393716,0.4749894891604818,0.34716209008718124,0.3270794286970329,0.5622595949262603,204.64545346318718,204.6447841215638,0.5234070997509385,[ 0.11711495  0.59142242 -0.79781176],[-0.97169244  0.23420926  0.03098087],[0.20517768 0.77159934 0.60211011]
132,46.32724974624427,16.7890284180923,111.10072619020508,7.505690240824547,5.7401252148457225,8.035190645693866,6.725367000202898,1402.0342766022045,1400.0349818818954,120.34375547834833,[ 0.18859012 -0.97961965  0.06913101],[-0.90557233 -0.14623515  0.39818844],[-0.37996384 -0.13769754 -0.91469496]
35,20.05368042926129,24.23003802202244,165.30934705225943,4.201194864727603,4.049698700289367,2.91631017922972,3.1755784712613364,996.0412670570873,995.9427044078825,33.5935373365487,[ 0.58911781 -0.80668865  0.04683612],[-0.79919346 -0.57312655  0.18115122],[-0.1192896  -0.14415053 -0.98233936]
11,78.21062779314418,145.02691392719547,13.453849887366989,3.8407993698451777,2.7668151224612316,1.5769668950924645,1.7699860856378968,548.5355772192415,548.3550372113898,15.45474143566474,[-0.19053857  0.01166447  0.98161041],[-0.86018072  0.47986882 -0.17267035],[-0.47305833 -0.87726271 -0.08139997]
45,37.87958398285583,193.33307875630942,137.85246568641088,3.0607626609481686,3.9728287930944868,4.373411128016412,4.399333925019449,1613.48343970898,1613.3679605692269,33.55701014064775,[-0.92810433 -0.07780642  0.3640996 ],[ 0.33735482 -0.58948621  0.73396031],[-0.15752486 -0.8040225  -0.57335307]
357,91.58567308278114,88.04919781581765,82.5560740304629,13.223267271837061,14.16552099385404,7.766954798547429,8.375307146227309,2886.3315869208427,2870.634976288448,361.0999320852111,[-0.25748488 -0.50407827  0.82438258],[-0.7547504   0.63764201  0.15415739],[-0.60336835 -0.58250988 -0.54463645]
34,125.7566512506192,118.68254983225354,144.58623669651573,4.315790419303382,5.044061517878881,2.943206894836608,2.7634500027154543,1314.86628604901,1314.5149254599744,39.170709140545064,[-0.58710414 -0.29585623  0.75351033],[ 0.58652722 -0.79701475  0.1440601 ],[-0.55793777 -0.5265326  -0.64145839]
13,127.5278762664557,62.71914831945965,163.90430793941738,1.7745588825711693,1.704269652868223,3.6230745234234183,2.5557864067989797,782.3184946503999,782.249955162067,12.843838034367435,[ 0.25250216 -0.95286709  0.16818729],[-0.76862368 -0.09193993  0.63305978],[-0.5877587  -0.2891217  -0.75561124]
13,148.83763329170466,160.42275691190798,112.36703432175864,1.1771068204499082,2.759141442556084,2.3964445367774676,1.6008425407187292,887.0468102497449,886.9886213488796,12.577005873243733,[-0.78723977  0.40413107  0.46575919],[ 0.11915668 -0.64137858  0.75791504],[-0.60502499 -0.65215918 -0.45676381]
14,165.01098749728177,75.34075955217382,24.763486310942945,2.131849619349357,3.1329296809641245,1.7065487313967962,2.9465298735828482,685.1716915027727,685.1350484516279,10.943510936007277,[ 0.22069575 -0.16743589 -0.96086347],[-0.37288286  0.89583236 -0.24174938],[0.90125011 0.41164258 0.13527242]
2,93.45015234058016,107.07623908414854,113.77601251573253,0.020747376081807545,1.0890653197388076,0.537526078244035,0.3152551857531023,257.46731210339135,257.46196754840736,1.65893575764032,[ 0.84973222 -0.24626956 -0.46616142],[ 0.12027435 -0.77033026  0.62619915],[0.51331203 0.58816885 0.62495453]
5,49.520094242506715,130.33007301262182,120.71322795888325,1.9830211060497207,2.087263587635791,2.6620673829129826,3.2677987854182367,412.45470436259444,412.443883579726,4.840133202378974,[ 0.28735007  0.58985484 -0.75465304],[-0.91941128  0.39075324 -0.04466318],[0.26853832 0.70667049 0.65460216]
10,164.4987273216989,81.76137104278281,106.77605159301717,2.2305015366517136,1.929340839012304,3.8448130585882128,3.335565536650636,672.0736334543022,671.9972600196071,11.13018127986939,[-0.56063666  0.78544025  0.26224061],[-0.29388111 -0.48480635  0.8237698 ],[-0.77415788 -0.38476799 -0.50262627]
88,4.692061908076494,65.56785996609504,101.98401243150157,3.276313957150393,4.9582987042835684,9.888809429802764,9.89376911182184,1142.9327914192063,1142.3960319913288,55.830080054430574,[-0.99709533  0.07609925 -0.00313156],[-0.06571718 -0.83882486  0.54042031],[-0.03849875 -0.53905636 -0.84138938]
19,57.3802721406568,171.89796901461,86.07569557807676,2.3026520693527983,2.3803902680378157,3.62738111413875,3.222049298423992,874.7284998492047,874.6559382880401,16.133422952269843,[-0.73416314  0.48370628 -0.4764795 ],[-0.61582196 -0.17882827  0.76732247],[-0.28595069 -0.85676641 -0.42916607]
5,48.71740425567394,102.77324559785397,54.2770547244083,1.7453347721420236,1.5361615549830259,2.470890457927432,1.5826941001299883,281.88998538548793,281.8245014828137,6.733567748384709,[-0.80238222  0.06712028  0.59302415],[ 0.45465799 -0.57494127  0.68024161],[-0.38661206 -0.81543694 -0.43080588]
63,142.02614204724551,40.30098096782299,103.49520635749153,5.217530014278319,3.993947092330177,8.13552884715599,8.211184737400679,1433.3241987024355,1432.6959104727766,51.05873161943393,[-0.05424093 -0.90316492  0.42585332],[-0.61432455  0.36639898  0.69882554],[-0.78718693 -0.2237072  -0.5747102 ]
67,164.31629506388887,99.77303240229496,101.15268127318654,4.444601727121908,3.642489950839285,3.362969133071045,4.345189174943649,1778.7180446452364,1778.590962283236,41.11013279062228,[-0.59957939  0.20267811  0.77422616],[ 0.26118054 -0.86488298  0.42867489],[-0.75649804 -0.45923743 -0.46563043]
2,24.28213493552117,165.60860051198864,123.38449718373272,1.9666874042551523,0.5024257273631179,0.20228121025127166,0.05045551347765809,294.0874903646683,294.07334912262075,2.8839772526881755,[-0.22518797 -0.56065718  0.79683995],[-0.96729248  0.22666635 -0.11387545],[-0.11677171 -0.79642067 -0.59336201]
108,79.21411129066576,176.91639514324063,148.68724448880732,6.348122043302427,6.153176004420277,7.204187926500597,5.5556443842818375,2541.3059947103957,2539.7646829391256,103.94131849112118,[-0.78850332  0.56237533 -0.24899099],[-0.52253241 -0.39903862  0.75347731],[-0.32438003 -0.72422522 -0.60850261]
25,37.85416622978727,88.29156877807186,69.04177025788792,2.8189080034418623,5.440029211441114,3.075615548818069,3.8002160222531565,592.3497914695137,591.9762462819143,28.126142132925303,[-0.79914567 -0.1184098   0.58936009],[ 0.50921232 -0.65439228  0.55899334],[-0.3194824  -0.74682653 -0.58325049]
68,33.31044931340574,191.7765253392842,65.90021091803126,3.3362321093988343,3.9329301255445244,5.259667523952314,4.554865604662802,1695.5057389953706,1695.2078463493608,47.74973697438364,[-0.96734454  0.21451994 -0.13500276],[-0.1948028  -0.28846284  0.93746523],[-0.16216171 -0.93315078 -0.32083204]
4,115.34780406527942,80.20633048823852,10.846508514233937,1.584026280023048,1.504815876333229,0.6817599382063847,1.549465744747254,281.85576163247003,281.8412357512762,3.3614756372858317,[ 0.23570652 -0.21075797 -0.94869569],[-0.52378025  0.79473035 -0.30668862],[0.81859433 0.56919658 0.07693226]
36,153.8857528066719,184.31198457311154,161.71744742761223,3.6714926725265378,4.786935610689356,2.7406698534197687,4.689933478889637,1737.3055898872865,1737.2529816105955,28.101527920087463,[ 0.76347329 -0.64576843  0.00957405],[-0.36678202 -0.42133884  0.82942422],[0.53158206 0.63675483 0.5585372 ]
65,194.81298435301625,62.30304581365127,109.15407966404324,3.8987507434807065,7.694033575391757,10.24491694359847,6.406217627390022,1871.618885555851,1870.4820525513703,94.5812259580444,[ 0.05571455 -0.9064723   0.4185736 ],[-0.54000633  0.32526167  0.77627187],[-0.83981489 -0.26928202 -0.47137897]
172,126.719040082443,47.89449182069356,26.59829757710994,5.301501381656867,10.84758915855378,5.636661641198988,6.902141524589972,1817.587506148598,1814.2798448514432,148.86184540313255,[-0.15746918 -0.12734961  0.97927807],[ 0.36618593 -0.92848323 -0.06186085],[0.91712121 0.34885667 0.19284113]
12,168.16882195373014,185.04118917355171,184.55917159838998,3.1578628175040544,2.266788518263599,1.719614480157686,2.9928001866785316,1076.647529857824,1076.6371983481054,10.489621782088966,[-0.14402661  0.76136108 -0.63212787],[-0.82849703  0.25655125  0.49776915],[0.54115525 0.59540807 0.59383518]
25,167.5273277878845,36.15025222696759,122.85222874912253,1.947557675187413,4.124912075705719,3.487608545636254,3.5165434882174242,1054.664969378918,1054.5448964386756,22.610804441301447,[-0.50177395 -0.35521767  0.78869723],[ 0.34235059 -0.91889099 -0.19604951],[-0.79436703 -0.17163843 -0.58268454]
2,144.10378899053546,197.91568590446815,66.73047018934025,2.3454822713790264,0.11287632104192369,1.4345229124304097,1.0427283344868243,358.8789441142814,358.86087521921775,3.6012172217973735,[-0.45103887  0.56213761 -0.69322814],[-0.68849625  0.27510031  0.67103855],[0.56792328 0.77994944 0.2629487 ]
3,93.78468000174819,187.5595977541893,164.80529962621472,0.37936856545462444,1.4068859157256939,1.3037523347896829,0.3078465118287646,461.96995008428996,461.9580695945866,3.3435689277378318,[ 0.92763346 -0.35051881 -0.12896792],[-0.1258942  -0.61854349  0.77559951],[0.35163449 0.70323574 0.61790993]
21,176.91015455167232,28.462687751765436,134.74117016026307,3.9207670078307904,4.721840918151646,2.8970176419619706,2.726322609250061,1027.7748237817145,1027.5363580399683,28.424210946373865,[-0.53069685  0.6335271   0.56303133],[-0.30915258 -0.76321884  0.56738143],[-0.78916762 -0.12704494 -0.60089437]
18,179.1414689638517,117.59524959487915,44.40148003325167,3.672716349287212,1.6472118937447802,2.9062544935881767,2.309775288778533,928.6772930715347,928.5487595016967,18.65029534817141,[ 0.29734874 -0.69869302  0.650701  ],[-0.49130178  0.47240101  0.73175122],[-0.81866128 -0.53727586 -0.20280128]
