N,MEAN_X,MEAN_Y,MEAN_Z,SIGMA_X,SIGMA_Y,SIGMA_Z,SIGMA_R,LAMBDA_1,LAMBDA_2,LAMBDA_3,EIGEN_1,EIGEN_2,EIGEN_3
310,16.665956447295237,187.87174676472026,109.25218482297848,7.0450460072539025,6.886073383979914,9.38610598621134,7.481440176948604,3843.271338580352,3841.8886151045817,199.73522341925872,[-0.98393209 -0.01595955  0.17782837],[ 0.16124573 -0.50710118  0.84666889],[-0.07666452 -0.86173875 -0.50152654]
51,39.98353041290177,79.35929875565876,66.34099647799673,4.115651664770472,10.421426219219805,4.7137550557965895,8.698148961190531,796.248296888069,794.8660292119686,60.1239803813399,[-0.55684401 -0.34941867  0.75354584],[ 0.74986874 -0.60166158  0.27513672],[0.35724167 0.71826871 0.59704979]
303,150.96408981399978,164.49736526350864,187.10165672508643,8.499715294168347,14.141392439316656,9.186363487629869,11.849552865235419,5079.820961998135,5076.429963523197,253.90291567331153,[-0.30048071 -0.58264923  0.75513656],[-0.80126691  0.58367382  0.13151509],[-0.5173806  -0.56554819 -0.64224027]
36,40.8910292127951,56.34265367945512,140.8691896169512,5.0290742091560885,3.5298500988999817,8.386412984334463,6.233223935329786,944.6834281725993,943.7052928186777,50.05901042589626,[ 0.65195639 -0.75014596  0.11060696],[-0.71253992 -0.55621158  0.42768627],[-0.25930626 -0.35764467 -0.89713464]
735,180.31426442358128,96.24281651900199,71.69048268105854,9.939260504429464,9.565589225211632,15.273222402050784,10.794519267939872,5893.647772204849,5884.394411239875,476.6003852858814,[-0.43119987  0.89464711 -0.11693251],[-0.34863239 -0.04567651  0.93614588],[-0.83217914 -0.44443244 -0.33159867]
2061,89.07546248720894,116.34856855312196,134.26673779562742,21.430655836707878,31.717583261688464,17.26108835433577,24.672023930039945,9179.023447499943,9137.517897167145,1527.7810141823886,[-0.87678585  0.43704727  0.20058978],[-0.17308049 -0.67598472  0.71630147],[-0.44865323 -0.59332482 -0.66833819]
206,12.535181076649613,115.22048258343692,108.79229087455788,6.481586637574223,8.500838379072098,13.10578434522176,8.631760610467927,2293.0787739375637,2286.244566703548,208.34511086742665,[-0.96345458  0.23225428 -0.1334662 ],[-0.25581754 -0.64997579  0.71560384],[-0.07945226 -0.7235948  -0.68563686]
121,62.78596804590482,187.8797695445883,73.17368256280525,7.113019614241169,4.27891816022089,6.454438505974649,4.216737675980356,2324.778937389267,2324.4248187309054,106.13575494386751,[-0.38079722 -0.22239743  0.89751482],[-0.87552448  0.39891888 -0.27261807],[-0.29740605 -0.8896084  -0.3466216 ]
65,26.342909438663206,108.19465943774149,192.91887601165817,3.531111928843905,4.347049262395598,3.7480416764266145,4.030542674095354,1796.4734306227037,1796.3828700903177,43.587965096352896,[-0.96677158  0.25539492 -0.01123176],[-0.22664057 -0.83594324  0.49983292],[-0.11826567 -0.48576983 -0.86604902]
12,10.80627930099302,136.56938301711762,81.28777677054536,3.0420178921822525,1.9888012273447966,3.8978484187166367,3.369624113453448,552.091271758774,551.9837196689797,14.389299318161878,[ 0.62637558 -0.43481958  0.64698189],[-0.77657492 -0.27597834  0.56636326],[-0.06771285 -0.85718603 -0.51053608]
7,186.605218553242,18.675453453793494,30.44388412863963,1.6940693571774457,1.1740967196012617,1.5731659719441113,1.8644379963837767,502.71161363611185,502.7045799948512,4.775687928494814,[ 0.17181719 -0.81537902 -0.55284347],[-0.07636292 -0.57052403  0.81772308],[0.98216473 0.09828214 0.16029056]
7,113.07588605555631,60.54442799262517,55.16554223417826,2.075618716463994,2.061628660151311,2.4451406519538414,0.8639134132371111,369.52783178112435,369.4408746889652,9.820089778673358,[ 0.09738196 -0.76352737  0.63839071],[-0.57849091  0.47852889  0.66057427],[-0.80985494 -0.43363124 -0.39509357]
33,136.66790012326922,17.503805281032992,36.71838985518993,4.279723395695167,4.108167025522023,3.4199538451161624,3.5954655054827978,819.9267837225344,819.548801805451,33.39522674435243,[-0.11120732 -0.67003614  0.73395129],[-0.26228733  0.7321349   0.6286365 ],[-0.95856053 -0.12259714 -0.25716075]
117,144.05158296537894,68.91637651123335,65.7136053756002,4.418977358462217,11.714707528663336,9.228243445206404,7.688289046079234,1872.8674074900093,1872.2753765821521,145.31204314286938,[-0.35599336 -0.13816839  0.92421763],[-0.42318242  0.90562359 -0.02761425],[-0.83317787 -0.40094314 -0.38086642]
94,130.91563425630324,93.11192192208044,14.329456243164534,5.396643060615097,4.472676104242359,5.365799308327569,5.869924682658624,1565.5958568244253,1565.2742088605423,64.18582977689796,[-0.58113115  0.78284461  0.22235313],[ 0.05845437 -0.23236591  0.97087032],[-0.81170788 -0.57720049 -0.08927438]
48,143.63136432729763,67.04363468216759,9.373608182537426,6.628249729478119,6.042254934400023,3.293474046046448,6.431257050958874,1101.8708106441948,1101.2145084886351,48.87347721626279,[-0.16348316  0.21668035  0.96245669],[-0.39356916  0.88026338 -0.26502773],[-0.90464168 -0.42212084 -0.05862953]
289,55.666608005082594,43.10495814026876,102.64162875385543,8.44719305170459,6.528079280154465,10.948346981514842,9.813152623621551,2130.1549571003547,2124.368665719925,197.72865136524857,[-0.0233698  -0.9171927   0.39775797],[-0.89542663  0.19614157  0.3996744 ],[-0.44459532 -0.34682277 -0.82586256]
208,131.02339334071743,14.2215044832119,116.84173429806984,8.740244955799282,6.097005039813545,11.017718981743037,12.358908913290147,2548.3662521486435,2547.874077028083,129.61183165245998,[-0.01298373 -0.99068499  0.13555325],[-0.66887027  0.10937406  0.73528897],[-0.74326576 -0.08112075 -0.66405982]
12,67.9478293287349,140.82988036217776,58.01194307905939,1.7737267300475512,1.8589810716102506,1.7323494249071905,1.95381405533046,577.8187489541798,577.8016252431988,8.342909459490725,[ 0.90600865 -0.42155901 -0.03789879],[-0.11461566 -0.33055035  0.93680292],[0.40744517 0.84440776 0.34779874]
32,181.64033271805766,88.22701140082798,167.8270899500572,3.846695317511115,6.487587867408088,2.6452793833339165,4.229750686458528,1485.8572609043154,1485.6663006609404,38.390871839221525,[-0.68942094  0.04421036  0.72301052],[ 0.21487228 -0.94072807  0.26241302],[-0.69175767 -0.33626795 -0.63905805]
58,77.41540127531317,120.39490178855961,7.918708334008411,3.634952896948455,5.2630058429068525,2.6420002300093968,3.927812099414432,1092.8500438883393,1092.3468720551593,43.627824035835744,[-0.0053073  -0.06221899  0.99804841],[-0.84190811  0.53883494  0.02911433],[-0.53959482 -0.84011053 -0.05524244]
11,72.5869886921302,26.894888732037668,74.34052453044252,2.523971410558621,2.569207684610343,2.5879900621754826,3.4606501436565567,356.21629948700433,356.18816391893273,9.191682149308214,[ 0.45719909  0.59424907 -0.66169255],[-0.57763706  0.76413004  0.28712492],[0.67624287 0.25094489 0.69261984]
75,125.68756033485421,93.69280385570397,163.51095362256183,3.5547674836622174,6.612560391596908,4.302447337356029,3.457963814188995,1962.784255768434,1962.3186992194035,68.88204235454432,[-0.8162545   0.10266972  0.56849583],[ 0.16110587 -0.90458217  0.39468468],[-0.55477336 -0.41375117 -0.72182857]
3,53.271511848481445,115.18281908458,18.360791507278645,2.067146986265932,1.0240007209580628,1.0720778832103337,0.16220363110797772,222.1372381418774,222.0964902201401,4.398786578446524,[-0.41098371  0.04492998  0.91053483],[-0.81147246  0.43714055 -0.38784093],[-0.41545738 -0.89827025 -0.14319821]
814,118.88785136650176,100.10052622140556,36.07768023255394,14.107343733922152,30.931887189078207,16.83497580596576,18.573434866090054,4656.096499938898,4612.066121196606,913.8269661243291,[-0.12062948 -0.20634323  0.97101545],[-0.66682461  0.74145906  0.07472214],[-0.73538661 -0.6384833  -0.22703657]
11,52.8951248695578,6.818775520145263,33.175113287204475,4.895135275030627,1.7183614963378417,2.6584479569511736,3.23002506538731,209.13602859377883,208.67377121748245,15.953387438308916,[ 0.08642944 -0.99402183  0.0667125 ],[-0.52975116  0.01085658  0.84808363],[-0.84373791 -0.10864042 -0.52564588]
90,11.763530273942953,41.67333442829302,70.82770222196126,3.9161723632472327,6.946518317968115,7.546388442411455,6.553473889331362,793.5187649177298,790.8885353073994,83.72680259351775,[-0.97834744  0.20260591  0.04227457],[-0.15183879 -0.84141442  0.51862005],[-0.14064592 -0.50097167 -0.85395908]
107,76.00478759990705,136.24464381101575,75.87805341117888,6.948473645250163,7.309184797716353,4.545924338733784,6.542635783280865,1797.7142207772506,1796.2747848991714,92.3315985009515,[-0.5974545  -0.10867833  0.79450434],[-0.67150806  0.6093618  -0.42161015],[-0.43832071 -0.78540894 -0.43704433]
33,186.48330356365082,176.36158685953677,10.078070562512771,2.5435326778902625,4.020080560476628,2.361283997676122,3.5339072583180484,1475.8603763993895,1475.7797793704983,22.754382453741467,[-0.27302092  0.34005654 -0.89990062],[-0.63124818  0.64256178  0.43432717],[0.72593754 0.68664103 0.03922726]
30,144.82822388913402,44.12661328340066,110.12985869133142,3.897150572363105,3.0299843248886065,2.8390169676122228,3.4105815341670076,1025.8002969219435,1025.7260136507152,24.962064381113954,[ 0.07295788 -0.9551758   0.28690825],[-0.62942007  0.17905189  0.75615528],[-0.77363268 -0.2357533  -0.58814357]
53,8.365659246005016,195.05177010908744,140.81564911560685,3.8453842980414343,2.781331851246788,5.917377639982818,3.9567588785572743,1753.1742249774777,1752.8088826872142,47.201464539314244,[-0.85426339  0.32784839 -0.40342223],[-0.51868837 -0.48592796  0.70344608],[-0.03458953 -0.81017865 -0.58516161]
181,170.60816938591057,127.41201293442788,85.43088592007688,8.248242524982508,4.670036534758801,5.918647160816083,7.637134725753568,3089.5025134369857,3089.267326645288,109.86448002481667,[-0.40777065  0.81824852 -0.40520667],[-0.52950954  0.14962544  0.83500412],[0.74387011 0.55505097 0.37225754]
65,135.44629247551129,149.41684358696978,120.27543600251323,7.023905510395714,5.834860451990933,5.6461382466403025,4.8047816343204,1894.7452047143115,1893.880657760637,77.36770035627049,[-0.36985981 -0.35589097  0.8582222 ],[-0.7283256   0.6845743  -0.02999754],[-0.576841   -0.63616008 -0.51240102]
8,161.0021092378682,56.002472909257236,64.24412235479488,1.968117140864084,1.334633232934246,2.2084693985933916,2.25769605034124,515.3254670577085,515.2950433003332,6.588548434900579,[ 0.40936454 -0.87310468 -0.26478085],[-0.22652809 -0.37838926  0.89750019],[0.88380184 0.30742445 0.35268188]
7,180.14849002746246,185.7462466286714,150.5249497501247,2.390382185486329,2.3545729283929235,2.329481660052675,2.67625943058029,792.0870678338752,792.051446947577,8.177017700715382,[-0.20135687  0.72712879 -0.6563072 ],[-0.77286977  0.29369641  0.56250755],[0.6017705  0.62050475 0.50283807]
10,55.53162148255907,63.9052315096575,86.78412429052116,1.7832694116993806,3.0739536862812717,2.2033230613481347,1.3082105367391375,383.6112990308367,383.4278718866952,12.553578809436036,[-0.80772116 -0.08953729  0.58272601],[ 0.37118719 -0.84514293  0.38464723],[-0.4580465  -0.52698814 -0.71587492]
20,168.37269725049583,197.13014019273027,193.46546114137988,3.083137554972134,1.7764352560642709,1.9279981772254369,2.2097125971035116,1446.7351278767328,1446.6941432301674,15.177332582810168,[-0.28046473  0.783601   -0.55435459],[-0.80646822  0.12082097  0.5788016 ],[0.52052718 0.60940279 0.59806329]
29,161.11886478260502,120.6937212670225,47.20170754326137,3.3056161898602743,3.5253827127268997,3.196443521046284,3.876543421127072,1113.8758871906725,1113.7500422968212,23.14921590538863,[-0.50833058  0.37533643  0.77506295],[ 0.36668162 -0.72001622  0.58916995],[-0.77919484 -0.58369445 -0.22837729]
88,76.8068922195278,176.05995003351566,148.21250578083402,5.441913242319455,5.48871032464193,7.549102334355658,4.5097332061648965,2278.0405961575657,2276.505443362405,92.45670650727659,[-0.80782001  0.54380801 -0.22737564],[-0.49719785 -0.42148893  0.75838076],[-0.31657722 -0.72568584 -0.61086736]
106,170.21197016296802,29.48768222997215,111.38668130351166,9.08191475848689,6.472703555441023,13.431733708913114,5.073177850748959,2123.3038609842297,2117.349517153065,172.44323700989844,[-0.02481625 -0.95619414  0.29167949],[-0.56035757  0.25492911  0.78804222],[-0.82787894 -0.14388856 -0.54213701]
2,43.49290707387942,73.0962120044514,29.040915045960038,0.6588463833032456,0.5456258162902543,0.30316691966624276,0.026966179134177537,127.11323784809242,127.10676338548224,1.2829411104008985,[ 0.46612757  0.07294871 -0.88170492],[-0.74064712  0.57727621 -0.34379358],[0.48390798 0.81328388 0.32311361]
262,14.223484970556655,27.702890759614295,144.33553321045173,7.433000437495216,12.844774188982615,8.08311330922114,7.268488124358247,2402.363501963565,2395.9511130016417,249.44113784644296,[-0.9915534   0.1048905   0.07628792],[-0.08831078 -0.9767823   0.19518595],[-0.09498984 -0.18680024 -0.97779476]
3,110.74320366871228,136.73356210088852,18.457792509726826,0.483246472343812,1.1363223482228553,0.5867109133746774,0.5699198590367275,306.44366605731,306.43717771975014,2.152943128694115,[ 0.41208012 -0.21419839 -0.88561223],[-0.6621137   0.59732538 -0.45255701],[0.62593564 0.77286574 0.10432223]
47,46.920508446913125,152.61694071537823,187.63783194254373,3.922515688375885,4.335999814846258,3.750213596448529,3.5031595946077934,1689.5426580449712,1689.4448074507084,41.12176045904438,[-0.78877726  0.55836844 -0.2570119 ],[-0.58445308 -0.55178043  0.59493946],[-0.19038128 -0.61948611 -0.76157201]
12,77.17738095527612,116.95751363566336,45.681658899658764,2.989744734306794,1.8625613254980062,2.792403809494385,3.2492167695574645,510.758915521238,510.71391006040733,10.718573799447247,[-0.71658918  0.21352693  0.66400768],[ 0.46059828 -0.57003014  0.68037847],[-0.52378351 -0.79339265 -0.31012729]
26,134.14078800448718,137.7145236196989,142.71289621879112,5.596211125880388,2.3411402267689656,5.360785899894797,6.4253640728466515,1221.4631426988058,1221.3733582362802,25.207598307236342,[ 0.63002514  0.17132415 -0.75744066],[ 0.53758801 -0.80009051  0.26618472],[0.56041722 0.57489409 0.59617894]
37,38.31759023783136,193.67820269055701,137.90987590321782,3.617843250365667,3.0795907370271536,3.6631430286416573,3.4771296618679317,1465.243650403007,1465.1743237636022,29.771086570209267,[ 0.54960122  0.40972645 -0.72805408],[-0.82013527  0.43058992 -0.37678968],[0.15911205 0.80418689 0.57268386]
104,101.6844087072148,60.272122460010465,6.114342396740507,8.80286372644787,11.937919359164196,4.208124937734005,6.295994435282329,1216.4849927351931,1209.4088757458796,144.85823226683084,[-0.05276524 -0.01125712  0.99854349],[-0.50886094  0.86067716 -0.01718646],[-0.85923011 -0.50902662 -0.05114214]
337,114.98308961165445,35.12270534968273,164.8072989343593,13.740682961745065,7.097469532278743,7.657712643424044,8.93684150611553,3756.1037468513578,3750.803701371392,270.5183579368647,[ 0.02892519 -0.98154098  0.18905192],[-0.82479918  0.08340757  0.55924011],[-0.56468545 -0.172106   -0.80716162]
252,94.78140394567497,98.10753826435324,187.10088130057557,9.692525233917817,8.621310354512405,5.291932158925545,5.039168333874311,3681.6681633608664,3677.3898579273373,207.79757025646975,[-0.39007453 -0.71929634  0.57485184],[-0.82495988  0.55031774  0.12880832],[-0.40900251 -0.42398486 -0.80805556]
18,51.198367802685176,4.650395867932645,56.78203713263782,4.281052851416476,2.029043954874394,2.8438408548841445,1.9954339560780667,325.7141353291911,325.18251685039246,21.93937679483836,[-0.0795782  -0.98512203  0.15232171],[-0.73905434  0.16084861  0.65416084],[-0.66892899 -0.06051708 -0.74085876]
149,55.90978108415309,49.60146046317535,183.88367353428987,6.436210304318542,4.060106235432863,10.784340489563647,8.91674765882926,2427.7257163002328,2425.9066411665285,118.59642542461091,[ 0.40216216 -0.90735873  0.12233451],[-0.87154347 -0.33845671  0.35476617],[-0.28049525 -0.24929337 -0.92691706]
54,25.844439780997753,158.13892523307732,37.58077325398793,3.647173704060129,3.7495831546042298,3.16235463739027,3.7475377152162994,1210.1109779116769,1209.9309065096613,35.4396703920104,[ 0.47132133 -0.27606091  0.83764347],[-0.86788133  0.02385817  0.49619834],[-0.1569656  -0.96084399 -0.22834324]
2,71.43678246196274,91.95491776792656,118.26441187019734,0.1766799206512104,0.5373085007345111,0.08482405955890471,0.1612051296629744,234.7156535749927,234.71437064180625,0.7760459759408139,[ 0.78336315  0.16289277 -0.59984008],[ 0.44841699 -0.81638807  0.36391306],[0.43042348 0.55405457 0.71257222]
118,135.97148485410045,169.80396951501612,142.32908875308,3.9359612474626204,5.60962316250105,6.089723419680927,3.5902342363733477,2825.203671890737,2824.591327761465,91.83819630511582,[-0.8149304   0.57145532  0.09657772],[-0.24976954 -0.49666657  0.8312265 ],[-0.52297573 -0.65326957 -0.54748082]
164,189.44301188943504,32.62337722151009,65.05428598915758,4.629119676298264,6.4230863607882025,5.929167294066076,4.325428947247433,2600.995450937027,2600.48433101646,114.34702578351491,[-0.34665059  0.6331624   0.692054  ],[-0.09163861 -0.75713292  0.64680144],[-0.93350722 -0.16079523 -0.3204827 ]
2,89.82156719464464,176.37078281837694,38.53362910568458,0.10339672875431205,0.6240887102485431,0.5232222529639294,0.49194215283371534,285.16690367730746,285.1653890273051,0.9294373612484418,[ 0.877815   -0.38469851 -0.28539076],[ 0.1761117  -0.29487064  0.9391677 ],[0.44544977 0.87467615 0.19109196]
5,66.06001887051097,93.84673606068894,158.83519758174708,4.069826029906145,2.148386043656688,2.8869881594747295,2.7957943679520496,438.3433476925002,438.2227492540056,10.422503244437147,[-0.65023869 -0.50417549  0.56832801],[-0.68073389  0.71879607 -0.14118633],[-0.33732925 -0.47868495 -0.81059836]
53,155.9341247915048,187.84814255188977,159.89403547581293,4.621796838343919,4.217245805999022,5.0684760062115215,4.9041464761378935,2125.3124241890905,2125.00029318508,46.39128810940052,[ 0.56608872 -0.75382504  0.33360361],[-0.62773949 -0.13189565  0.76716795],[-0.53430955 -0.64370129 -0.54787038]
14,12.013996186492255,94.97319141759453,121.5903815523238,1.937483526752671,2.696660464646197,3.5690011802950066,4.036848811627294,579.2816536929672,579.2672265597139,10.228422717690574,[ 0.64701645  0.56861414 -0.50798393],[-0.7585177   0.54780374 -0.35293337],[0.07759259 0.6136685  0.78574192]
3,18.684084445640654,121.57419935861105,171.7022349485585,1.1078814695476995,0.7745432206488156,1.0716385072612316,1.2245313512541254,365.8442092120526,365.8382923492331,2.107958346008748,[-0.31742832  0.78987028 -0.52473251],[-0.94414827 -0.21163597  0.25257525],[0.08844941 0.57559983 0.81293391]
277,109.87070858568438,150.03926369967917,83.01381935096279,7.847176807604366,9.042876660275319,9.380353043691011,8.214443625889242,3397.2952553846685,3393.780611179004,213.90822556018466,[ 0.39299279 -0.64814866  0.65227294],[-0.74518835  0.19111552  0.6388812 ],[-0.53874948 -0.73714189 -0.4078858 ]
25,16.27469529371394,108.17210671700389,33.377137977776755,2.0041226747902714,2.233399513482395,4.057389817213705,2.4723791995858018,572.3304168006581,572.046129951715,21.901022279720546,[-0.97746116  0.08795933  0.19191885],[ 0.15581458 -0.31281486  0.93694647],[-0.14244825 -0.94573253 -0.29205902]
11,187.31828763814212,115.28973118244768,39.49066905760002,1.3758165665985345,2.1219834746041086,1.5721649487502711,1.194288739517375,741.2160302520185,741.2006464066058,9.041655101504267,[ 0.14740086  0.09762793 -0.98424681],[-0.52504091  0.85105732  0.00578664],[0.83821539 0.51591688 0.17670524]
100,185.42386942511854,15.183940511057195,111.84673971662124,4.8302091677487216,6.637903534626191,8.874643100976373,4.543848267129193,2173.7090653494156,2171.6719875893314,111.85432406581835,[-0.2099784  -0.85989219  0.46528969],[-0.4760632   0.50559521  0.71953965],[-0.85397476 -0.07041951 -0.5155271 ]
7,196.4158142713102,52.09528721803195,19.322046514716792,1.144002549661536,2.404247105115102,1.5394089165955018,1.4470459885774996,540.1092364638967,540.086022661339,7.1820025893623125,[-0.01353453 -0.30249448  0.95305504],[ 0.2719122  -0.91833664 -0.28761357],[0.96222688 0.25525458 0.09468119]
26,175.78663651312925,166.09073779820966,178.2554882453149,3.482810710879436,3.714071908959049,3.5122813162534476,4.149708640790876,1532.191682634161,1532.141786833936,23.42252549612275,[ 0.26172219  0.5637624  -0.78337312],[-0.76758009  0.61362671  0.18515688],[0.58508316 0.55284195 0.59333252]
29,189.8937172230443,33.1642819325997,157.22007829081457,5.591530458023971,6.95187929009815,3.8822680494936757,5.5442836263421755,1340.5321124221273,1339.96369469305,43.18640731248114,[-0.61941536 -0.1264403   0.77481447],[ 0.18280168 -0.98304606 -0.01428273],[-0.76348422 -0.13279044 -0.63202733]
26,154.20765079023963,107.09408088078932,30.859838096621495,2.859193572395491,3.412107175304404,2.5338925862845953,2.7762164515379313,970.4388938662697,970.3652118395775,21.922544132551582,[-0.10968178 -0.1261483   0.98592926],[-0.57542788  0.81684913  0.04050004],[-0.81046447 -0.56288907 -0.16218272]
6,170.0255325269508,170.055026266365,48.197761490481504,1.9160315444274063,1.816681160745623,1.8037068625294952,1.8299249930070054,600.7971650393534,600.7739985596669,6.409532832640177,[ 0.54682898 -0.32845338 -0.77012755],[ 0.4694295  -0.64137237  0.60685866],[0.69326331 0.69336849 0.19653529]
105,107.31176146890587,58.92736598846544,185.37201649283256,10.416027769852631,8.112749936885509,5.263554484051571,6.021886162736608,2280.4889429796503,2277.759956993783,131.60522922636002,[ 0.5771956  -0.8130807  -0.07579587],[-0.65793426 -0.51801453  0.54661088],[-0.48370212 -0.2656327  -0.83394936]
30,22.912865500534146,112.97443463863124,158.17158354732308,3.7412902187015336,4.038284604597139,2.678743170400744,3.627985466853088,1072.3804869383844,1072.334845642951,27.115261549176186,[ 0.35626233 -0.78393578  0.50845044],[-0.92701556 -0.22832884  0.29750308],[-0.11712941 -0.57733061 -0.80806563]
15,158.7641298200627,152.38137320346584,100.4521941575793,2.5294217368499377,2.4394282171129253,2.901449224326161,1.713079852007549,937.0189720942217,936.9392553252724,16.326278313239435,[-0.70107604  0.71257034  0.0271275 ],[-0.27876015 -0.30888174  0.90933209],[-0.65634226 -0.62994887 -0.4151858 ]
80,23.838445044210506,5.377758812897914,123.04729258528205,4.455545048218679,4.077966062586813,12.121464261010646,12.458108055973144,1128.1533226265944,1128.029164188261,47.102157792627466,[-0.9160614  -0.35127791  0.19348213],[ 0.35297255 -0.93524939 -0.02681343],[-0.19037301 -0.04373113 -0.98073733]
5,84.2724423145124,51.742298160434416,10.043223904501982,2.651878784484668,0.7797232771965252,1.7782725170432443,1.8111565073504707,222.36794596614195,222.313281499533,6.090262034087791,[ 0.30566879 -0.63555825  0.70896566],[-0.43291779  0.57041427  0.69800412],[-0.8480264  -0.52028192 -0.10078663]
2,23.37438701697042,39.45145701868841,92.07183897282661,1.840570592702651,0.5645519203438027,0.9306742562025363,0.1982314548800801,145.49622355719953,145.4650630945671,3.0110609924380465,[ 0.40499974 -0.87313624  0.27130854],[-0.88563552 -0.30088696  0.35371848],[-0.22721122 -0.38353637 -0.89513961]
48,84.73216232856095,81.98099192624763,25.375837395581907,4.121535637742499,5.455945515008306,5.21580302184325,5.143867748030518,837.0914567139956,836.861671751956,47.94399550546606,[ 0.29312476 -0.54624185  0.78466408],[-0.64891448  0.48905537  0.58286778],[-0.70213095 -0.68003286 -0.21111001]
18,19.971909678573518,54.26984862782953,145.5580784744579,3.107247921245405,2.2296472166982446,3.571905891250128,3.100065400085752,664.8235464777365,664.6804875560936,17.896315761170246,[-0.70289834 -0.62955377  0.33105282],[ 0.69974464 -0.69554619  0.1630121 ],[-0.12763765 -0.34623337 -0.92942514]
30,195.509279453505,178.3600436532633,139.32917417890167,2.570599663947321,4.266083420159995,3.681571004577638,4.559095198739037,1638.4353327561066,1638.363061618932,22.933855615146914,[-0.06118623 -0.57195802  0.81799772],[ 0.75434478 -0.56316773 -0.33735154],[0.65362084 0.59641104 0.46591166]
55,129.0405136067455,6.996519859453579,144.78332279150382,4.347724086281394,4.110100405709649,4.8475086198115065,4.154199871921472,1440.2304402769507,1439.722145232153,48.44089368047868,[ 0.44355363 -0.82277194 -0.35539628],[-0.6010042  -0.56722024  0.56307651],[-0.66487151 -0.03615997 -0.74608199]
7,82.42186297800149,184.95221679635947,166.608519718809,1.2538448468336463,1.7680015832906404,1.0408720300435002,1.2728907920114978,693.7903683814769,693.7823306940596,5.397154674357927,[ 0.86390595  0.06491771 -0.4994519 ],[ 0.3935313  -0.70588779  0.58894444],[0.31432407 0.70534256 0.63536781]
36,90.3856797888957,35.77566061070376,21.582131397480623,3.3315949303863825,3.7181959143272287,4.398764165184914,4.0478956995644975,598.5925349144158,598.1637019542048,31.199310983815437,[-0.4186379   0.73053417  0.53950175],[ 0.03507786 -0.58061385  0.81342308],[-0.90747554 -0.35945429 -0.21744139]
5,194.15622409190127,187.70362346229317,114.17744624536356,1.3747590640041807,1.6992535764103505,2.8494317555794924,0.8778494751846471,655.6570561849037,655.6217747208278,7.788999183661651,[ 0.74899891 -0.55024449 -0.36909571],[ 0.02201134 -0.53609403  0.84387125],[0.66220551 0.64018294 0.38942222]
135,39.29970675062558,52.632706733765424,74.92847561080701,6.977419384368066,7.912626527176429,8.07513298501588,11.169091801964093,1166.699280184613,1166.3342488190374,83.35412468457542,[-0.53373492 -0.53308466  0.65646613],[-0.74760478  0.66026612 -0.07166408],[-0.39523932 -0.52902684 -0.75094373]
7,144.34476521355919,51.15567383780023,163.65844753708038,1.8227014813270601,2.4512217921649713,1.8202623176517985,0.9544994348941634,593.0534617263212,593.0363947542327,9.059053701173259,[ 0.74159917 -0.42057835 -0.52263231],[-0.18782526 -0.87808379  0.44010286],[0.64401269 0.22821636 0.73018145]
30,157.78934489631095,71.77400607824367,41.10225958344127,3.2365695805279713,3.676263527281482,2.225220507017174,3.215475839607045,976.1233544488242,976.0453763417311,23.621973278519807,[ 0.22042217  0.07212315 -0.97273445],[-0.40859841  0.91237344 -0.02494093],[0.88569826 0.40295529 0.23057674]
409,99.08180437080512,128.74683270546439,166.93241153680898,9.137903870084925,7.519072717124012,8.332334288858682,8.287734442681597,4718.197992837354,4715.596930387987,239.3108524165997,[ 0.05000711 -0.80497518  0.5911973 ],[-0.90375215  0.21549161  0.36985864],[-0.42512508 -0.55279139 -0.71672194]
3,32.35010381741263,150.5315021797585,62.46551548468312,1.0477813424690714,0.7263332994424417,0.5679717609686623,0.6498799925461738,287.8019555404076,287.7957140898955,2.137116400224321,[ 0.5278638   0.22625595 -0.81863793],[-0.82671003  0.35783727 -0.43416934],[0.19470576 0.90595846 0.3759374 ]
75,79.30247042850029,29.020784516495194,113.78924616039129,4.01259270241098,7.827847715895067,5.287576081607239,4.078276997407077,1229.9433638702776,1228.1263271999746,81.28514013216946,[-0.79306705  0.41378639  0.44701843],[-0.24076145 -0.8870374   0.39395251],[-0.55953425 -0.20480595 -0.80310394]
260,100.25067835543453,81.87992387502287,81.66126955538148,7.275205882953173,11.358819085498405,7.184084366650896,9.438800109506333,2477.407829621406,2475.179223910672,193.37553391962518,[-0.68074467  0.11128346  0.72401843],[ 0.32913358 -0.83653608  0.43803936],[-0.65441407 -0.53649174 -0.53284035]
34,59.306803573480714,165.47985919248708,80.6304152814092,3.3724436804236473,7.492590432196834,5.076384827178412,7.219940390368311,1128.9327589417233,1128.6240084989934,37.51907760728694,[ 0.18095456 -0.48234838  0.85708546],[-0.93475841  0.18657324  0.30235269],[-0.30574854 -0.85587994 -0.41711792]
2,58.012633125438924,134.47460530473523,41.74515604303774,0.42279862591047035,0.5491056787549127,0.4476585212351303,0.20110035544999505,215.37048916202434,215.36751644876517,1.131574381345047,[ 0.68214786 -0.0682799  -0.72801934],[ 0.62414864 -0.46431692  0.62836954],[0.3809367  0.88303321 0.27411598]
4,108.96976412900325,38.73071316261931,95.43567460704998,1.3142830022952108,1.1606894103050904,1.0545567152079065,1.4897373905567148,299.9083179071844,299.9002362121435,2.811974323212882,[ 0.56042187  0.3128321  -0.76685292],[ 0.39718426 -0.91401415 -0.08260023],[0.72675442 0.25829094 0.63648551]
39,32.589330309967195,94.70599020594638,148.37572792405695,2.857810018451547,5.824998492235257,2.953150924116536,3.4778610491882733,1118.7309469273368,1118.2736372258412,38.824838353359375,[-0.98324478  0.10303992  0.15037449],[-0.00579921 -0.84218175  0.53916256],[-0.18219792 -0.52925672 -0.82866836]
29,147.68390164274166,172.7522183446544,6.0034502798873834,5.124878180661162,3.1080439539016336,3.436302229302985,3.299673168419829,1224.764581625643,1224.607992759267,32.71035499437182,[-0.00934844 -0.02673468  0.99959885],[-0.76014706  0.64966995  0.01026665],[-0.64968381 -0.75974615 -0.02639568]
25,187.041291467237,13.103862263406532,136.03831625548102,2.19690511045788,3.512114964868006,2.855023956370752,2.2396562587101676,1158.4432622614413,1158.4018653212183,22.55930604715229,[ 0.58921416 -0.1284693  -0.79769814],[-0.03027993 -0.99009583  0.1370889 ],[0.80740932 0.05662048 0.58726852]
31,3.539302365875662,164.33707064796434,160.9407801373528,1.5976669459280457,3.790805633961121,5.101241183820517,2.870821238995208,1281.3312995784509,1280.9728266343543,32.736088656832585,[-0.99850047  0.04774302 -0.02678477],[-0.0525369  -0.69821658  0.71395622],[-0.01538486 -0.71429281 -0.69967785]
4,144.79762557480944,133.36739075261426,6.528596948867244,1.277343890483753,0.7918624829146258,1.8747134958936753,1.1134527899398592,393.96233783492016,393.9396249097569,4.25686023505736,[ 0.60442866 -0.63252243 -0.48433602],[ 0.30696018 -0.3761079   0.87425299],[0.73514723 0.67709543 0.0331712 ]
129,167.87015619820673,152.66679141671514,142.60138775352686,8.251305986661212,5.716672666772718,5.861208364878238,6.890923568901876,3046.2070364250644,3045.385388759899,106.61213991023682,[-0.6285797  -0.03426232  0.77699013],[ 0.46060745 -0.82138309  0.33640839],[-0.62668042 -0.56934692 -0.53208621]
43,81.09714057018962,88.60064484068693,63.810130206698254,4.267651686312182,3.4424210764622503,2.3822242175298354,4.057128540850546,892.6080381139318,892.391306681436,28.94300725142909,[ 0.26244751 -0.7103154   0.65312582],[-0.75854083  0.2664968   0.59463877],[-0.59643701 -0.65148406 -0.46886182]
35,112.8570944771406,187.53424281183462,154.50894785100374,2.494493292502563,2.793249283070897,4.4445364571356905,2.887418146156246,1585.325092589813,1585.1619485268,29.809736899481397,[-0.90367968  0.26998942  0.33236839],[ 0.07690957 -0.6612241   0.74623562],[-0.42124571 -0.69992028 -0.57677001]
84,10.492730593877974,176.1238388040379,6.315857617962761,6.026427646056236,4.61488162060644,3.974330674290158,4.88668975413362,1619.6579635200271,1619.0628630368167,64.56199818184643,[-0.30128297 -0.01622938  0.95339665],[-0.95164437  0.06804613 -0.2995709 ],[-0.0600131  -0.99755017 -0.03594574]
184,86.85602666777595,180.4561711587222,100.07423831644583,4.616147298530118,5.844380744801817,12.10319363732193,6.379430391555579,3042.3962329448977,3038.688998613955,172.82889502680518,[ 0.84786605 -0.50217465  0.17012873],[-0.36189225 -0.31360011  0.87788893],[0.38750118 0.80590049 0.447624  ]
2,11.426092954947176,183.7223402227844,69.42383067246305,0.21786892070357933,1.0566362164923362,1.5852208026239865,1.5587788686878241,278.23658650272495,278.2321049430749,1.5791920826891126,[ 0.99177833 -0.01359904 -0.12724312],[ 0.11402622 -0.35741324  0.92695944],[0.05808413 0.93384733 0.35292406]
12,121.95041342426613,155.33784366937962,4.967865568566832,1.949745787160105,3.061548415609064,3.7757891501063385,1.9814468854031755,684.5279026454823,684.4207305063868,16.806279246410607,[-0.64127192  0.52143654 -0.56291586],[-0.45584331  0.3312403   0.82612756],[-0.61723351 -0.78637383 -0.02527826]
3,168.4134943001626,153.03880120374671,15.24403184733542,0.8376585853113622,0.9758164651757707,0.3774846401779354,1.2878975589463169,395.03714947219345,395.03693231585146,0.6421905966769322,[ 0.61702422 -0.7123264   0.33447303],[-0.27205269  0.20573733  0.94003164],[0.73842294 0.67101658 0.0668454 ]
212,118.62208368068042,118.58305020232332,188.44178438285215,9.732353476891571,8.440836897315295,7.666917812751408,7.068318734814261,3677.9065050411095,3676.444576631928,192.02270007384257,[ 0.13845769 -0.87506001  0.46378815],[-0.87165528  0.11464176  0.47652317],[-0.47015586 -0.47024169 -0.74687765]
3,79.96375841810901,118.33837870892313,106.32438772567052,1.3584756179320112,0.44110139928865255,0.6366866322799858,0.23895728199477012,308.40887202219864,308.39873484134665,2.675845739496906,[ 0.03920431 -0.68235575  0.72996825],[ 0.89262025 -0.30441894 -0.33250292],[0.44910144 0.66462    0.59715003]
89,25.682962129053287,148.81539423531336,100.90669182140688,6.6752920453279945,3.9739564148465463,6.188696402689154,5.220902489434117,1715.540438073148,1714.6164708759557,79.9948378674808,[ 0.34274081 -0.56717656  0.74889217],[-0.92879962 -0.0850007   0.3607023 ],[-0.14092553 -0.81919816 -0.55592658]
63,133.53217777703605,164.66392674579876,84.62682827540735,5.352900706321074,4.697353091017099,5.6855376196204155,3.6535545309549002,1812.7060228755072,1812.6235348699142,66.38530875396967,[ 0.6587722  -0.15597674 -0.73599623],[ 0.47306332 -0.67480464  0.56643604],[0.58500452 0.72132514 0.37075566]
7,68.3493123926162,47.35534454276639,21.344126683470417,1.5565022698450799,0.7320928889673375,2.790291473211011,1.5307457269270306,227.28852276071544,227.1744974448536,7.635522642908416,[-0.56529379  0.82466837 -0.01910524],[-0.21563272 -0.12537704  0.96839203],[-0.79620692 -0.55154572 -0.24870035]
2,120.67201378347906,166.04899262744829,44.879880847069515,0.07861164017541,0.05746066744131895,0.4194205371977766,0.18014437219345325,297.14774763778036,297.1472329341715,0.5530694090510705,[ 0.81616511 -0.57299948 -0.07447214],[-0.06353822 -0.21710214  0.97407882],[0.57431472 0.79027733 0.21359856]
61,52.985992362902486,27.372811166672676,7.723543736177312,5.1234635641920026,4.283691602891748,5.19202431299982,5.832701874758012,473.632175837061,472.6344782029963,47.16738737122562,[-0.43477461  0.88577189 -0.16241677],[-0.18899388  0.08658971  0.97815313],[-0.88048416 -0.45597192 -0.12975846]
33,71.67771656377855,88.20378640040741,87.26101359759986,3.913798037342949,2.2557558640811077,4.965105788963473,4.258878784765464,823.8475896649013,823.7035678328938,29.65160638105347,[-0.79606125  0.60359165  0.04431253],[-0.3404895  -0.50718698  0.79172487],[-0.50035326 -0.61517354 -0.60926852]
31,45.19501214364028,83.32083572314214,190.58255987638773,2.820389013803126,4.702303344351618,3.5410523256854667,4.35268066347632,1185.5835141596751,1185.461260905099,26.9807241230212,[-0.81553351 -0.43379061  0.38305456],[ 0.53839915 -0.81144307  0.22734665],[-0.21220613 -0.39164506 -0.89531151]
7,107.38126760708758,57.945075917611284,100.40595440274049,2.5220866877057384,2.0158457467138446,2.4130197910749516,3.591302497190302,418.20368353137803,418.1938695583733,4.813057222726083,[-0.29781227  0.92940156 -0.2179922 ],[-0.67048326 -0.04109379  0.74078573],[0.67952929 0.3667752  0.63538642]
35,128.50439304262864,162.4451563667525,182.904613645289,3.046631355972353,3.2544304712808154,4.804775702182755,3.4226010200339663,1635.072428343791,1635.0442300464047,33.000741241299956,[-0.27735169  0.80682481 -0.52164142],[-0.84076754  0.05893259  0.53817924],[0.46495804 0.5878441  0.66200705]
8,101.58031445304154,136.79456789103745,40.69930093945035,3.6472173660489235,1.3360535111919676,0.9194709675667562,2.966569066066273,495.6081084519416,495.5538844776941,7.6044694009534615,[-0.16746379 -0.16483816  0.97200013],[-0.79719435  0.60269939 -0.03513717],[-0.58003194 -0.78075721 -0.23233837]
48,3.6327116158238404,95.00376539901673,86.45677332413406,2.2535883706930617,4.669370366169216,4.749566327851916,3.8208087806466255,891.5689037352313,890.7771692054124,40.999957312929666,[-0.96160013  0.20396683 -0.18363745],[-0.27298711 -0.64172041  0.71670981],[-0.02834113 -0.73931891 -0.67275875]
22,10.197495159914276,9.135925738289794,188.4959920202601,3.5467400274563645,5.609475277943199,3.3378668637885336,3.3532981102962482,887.1150433332663,886.6201442413798,30.989339396570806,[-0.84350891 -0.53234279  0.07144137],[ 0.53441697 -0.84512985  0.01241149],[-0.05377006 -0.04864868 -0.99736758]
109,59.12006749288765,78.0005995031858,173.69351577408574,6.458360981526417,9.296986218961184,6.363395776535773,8.015419836770619,2085.549915696965,2083.4727771257394,107.72718951560007,[-0.66887747 -0.56595426  0.48197376],[-0.68190774  0.72528392 -0.094684  ],[-0.29598101 -0.39199363 -0.87105467]
15,33.37807014963287,85.41411537063132,181.02111222587848,2.158743166818253,4.005916356879938,2.686916880021466,2.551035240364216,786.1579175739091,786.0171175978377,17.886407545011977,[-0.96623436 -0.11302478  0.23155248],[ 0.19828928 -0.90002767  0.38811282],[-0.16453728 -0.42092232 -0.89204926]
57,179.61734096969334,194.18968714650347,178.90552903836243,6.460066461813169,2.8907955942188712,4.083119191704438,6.017330549802319,2411.646238678979,2411.5305989781987,41.515351365553954,[ 0.02736788 -0.69094063  0.72239328],[ 0.82627282 -0.39109042 -0.40536589],[0.56260486 0.60798794 0.56020214]
48,92.65199887740073,12.629049681224037,44.35357462084547,5.329972520500171,6.530579462248992,4.892468038236183,6.060804913911185,719.9890244507108,718.5018249442027,52.51977408551598,[-0.44589432  0.2350748   0.8636655 ],[ 0.00252055 -0.96456349  0.2638388 ],[-0.89508206 -0.11982114 -0.42950087]
29,179.07617436701713,162.01638171069723,85.62635753833216,2.1081565301895466,4.82082040786141,3.8789388635722544,4.548268067704723,1380.1632846697057,1380.0937460262771,25.248130926039995,[ 0.03369503 -0.49591028  0.8677198 ],[ 0.71455246 -0.59507216 -0.36783679],[0.69876993 0.63242559 0.33430294]
2,75.11503537773396,172.64431536156152,57.93805989765131,0.27694677494221054,0.4356255173280488,0.257607374651748,0.5631568146994539,278.58743611954685,278.58737981832087,0.1771147235363095,[ 0.77966763 -0.13393998 -0.61170129],[ 0.49670685 -0.46256463  0.73438156],[0.38131443 0.87640975 0.29411776]
16,111.77750403451611,19.07435065476541,193.50547093847263,2.305796772603658,2.385125291903745,1.296726544913601,1.823917447416943,897.2106089269889,897.1881969396326,12.227861317801079,[ 0.81066048  0.30699886 -0.49857927],[ 0.30726893 -0.94790217 -0.08406708],[0.49841287 0.08504806 0.86275804]
159,23.7892100220417,16.97053083017827,101.50965371250338,6.779822356722848,7.269752361564588,10.42976431418969,9.986057452142367,1343.0968795673857,1339.1616881443952,130.5336909927211,[-0.55298422 -0.7912833   0.26091988],[ 0.8033601  -0.58941302 -0.08488132],[0.22095475 0.16267459 0.96162153]
67,9.470018395288829,97.26230842978583,169.70328308238948,4.924783867384286,6.118400054732362,4.495862996808431,6.093378148164688,1604.3577191459528,1603.9737947618762,54.99067168182656,[-0.61180278 -0.67097159  0.41892062],[-0.78954124  0.55025801 -0.27173653],[-0.04818694 -0.49700427 -0.86640913]
4,3.0416113575485517,83.41008829292356,194.84361899469923,0.8506522968661309,1.0709328991020612,1.9178958811694133,1.8172686648553984,423.96162879573126,423.9530456613225,2.9972931396802327,[ 0.8362039  -0.5087614   0.20475563],[-0.54823166 -0.76572254  0.33631985],[0.01432056 0.39348549 0.91921928]
93,140.1222962109271,188.54960213043614,50.365584390832794,4.473630045726254,3.68348149355134,6.436583202484009,3.9618834466800483,2318.2801832498435,2317.3840682268515,74.39069103899202,[-0.66879177  0.61037509 -0.42445238],[-0.46104108  0.10737951  0.88085797],[-0.58323125 -0.78480054 -0.20959346]
80,178.96572965831496,164.37503695426813,158.46034148322084,9.047923182259378,4.954101601499774,3.8954196196504305,8.689613842442016,2596.340703600579,2596.1525756122146,60.58321614176356,[-0.05459423 -0.66146819  0.74798349],[-0.78487074  0.49150116  0.37736524],[-0.61724986 -0.56646839 -0.54600016]
