N,MEAN_X,MEAN_Y,MEAN_Z,SIGMA_X,SIGMA_Y,SIGMA_Z,SIGMA_R,LAMBDA_1,LAMBDA_2,LAMBDA_3,EIGEN_1,EIGEN_2,EIGEN_3
64,27.989882611984374,109.77531146205791,193.8292679158866,4.448141151558602,4.272708500219677,3.7560056928566308,3.8626554988639175,1796.7421872804823,1796.57884526541,48.870526724930954,[-0.57947771 -0.67043036  0.46338831],[-0.80539889  0.55804931 -0.19978386],[-0.12465236 -0.48898272 -0.863341  ]
34,21.03487138593468,23.092652378449834,163.98998046908062,4.582998859800488,3.4688516277626062,3.941119140342585,4.093018199727869,974.0945587281954,973.8743664432773,32.64695478508042,[-0.19402401 -0.9676303   0.16138862],[-0.97287876  0.21091747  0.0949776 ],[-0.12594288 -0.13858363 -0.98231002]
119,10.708771519885369,40.283897952620805,68.94129438492908,4.231636225656694,6.802098712750326,7.779496262798127,7.097209510808985,885.9416330499765,883.5870371939479,93.63540782322893,[-0.98542475  0.15984707  0.05819775],[-0.1078704  -0.85170247  0.51280296],[-0.13153722 -0.49905092 -0.85653146]
2601,94.4401340727872,120.94999011989862,151.8420222148599,14.769458626147834,29.644218486712067,21.98950314468758,24.424889773448214,11171.43933790182,11103.452027140038,1602.183340789548,[-0.89038672  0.15593164  0.42766436],[ 0.13154861 -0.81127036  0.56968006],[-0.43578256 -0.56349422 -0.70183176]
696,181.17999374137992,94.45601663878587,66.86477653333307,10.728146831441745,12.244799306953007,12.652993188143274,15.066268517421262,5693.394257693758,5690.229425930861,367.71364018817644,[ 0.30411243 -0.86464079  0.39988989],[-0.44610032  0.24164686  0.86174318],[-0.84173044 -0.44045782 -0.31222872]
38,128.77375434753313,166.94162519607912,125.07583842128773,5.579429032116233,7.218748526156198,2.6098292887042787,3.29633560191917,1512.1729928265197,1511.4489784904156,54.829279185540514,[-0.53420967 -0.20267068  0.82069765],[-0.6623946   0.70353658 -0.25742898],[-0.52521751 -0.68114674 -0.510084  ]
3,82.01019900845499,198.95387919933603,158.40123848094962,1.0926367083970308,0.36339505615241197,0.42053863897014815,0.8539245191847075,462.8199622211995,462.81745880027205,1.5250686482089892,[-0.11449899 -0.58945618  0.79964454],[ 0.94482053 -0.31330788 -0.09566785],[0.30692694 0.74456671 0.59280374]
17,177.2430642662264,28.040317631803838,136.88812340560816,2.8673857598639403,3.1280220837256887,2.2767841157560125,2.7423855181050247,930.757087303128,930.6787881026596,16.347386344429665,[-0.55969766  0.56117895  0.60976776],[-0.26456549 -0.81831231  0.5102647 ],[-0.78533027 -0.12427045 -0.60647607]
189,149.54877306780915,153.52878057079832,182.67214604752436,11.271673792302275,8.443496952952572,8.9540946668833,6.886110241070361,3877.638212908084,3873.390526360277,208.20935899676675,[-0.10534706 -0.71725127  0.68880521],[-0.84099206  0.43390473  0.32320122],[-0.53069233 -0.54523142 -0.64891321]
10,30.53159293131706,9.564610481256615,181.29407631166208,2.4744193525616534,3.1887522906311876,1.8787691051526225,2.01165721095219,582.3213174365462,582.2068653928239,12.550035343184188,[-0.82722278 -0.53629476  0.1676019 ],[ 0.53681298 -0.84243913 -0.04613175],[-0.16593461 -0.05180964 -0.98477483]
68,52.13031336083734,24.272630091049933,5.881988260313547,5.875685188048345,5.552019476131538,3.8582647034423334,5.993462577443078,481.4563332956273,480.29996248990955,53.33176050914179,[ 0.00957    -0.25766298  0.96618746],[-0.43269823  0.87001914  0.23630264],[-0.90148802 -0.42032902 -0.10316423]
182,41.19734432017853,54.92808683661807,74.1211538807835,6.252111327945628,9.43242029630172,9.046237550311332,10.582240565073084,1375.1075583064305,1372.6164674750412,131.19350421980252,[-0.8994038   0.09923836  0.42570477],[ 0.15898934 -0.83291618  0.53006889],[-0.40717956 -0.54442849 -0.73335014]
145,166.86667049011686,153.6108608401247,140.16663763185204,8.100339322394584,6.090414702969332,7.662041522800892,8.099886543163327,3213.744924480962,3212.4788720325387,118.31928227540567,[-0.67706557  0.06679075  0.73288554],[ 0.38680044 -0.81492374  0.43160714],[-0.62607318 -0.57570678 -0.52592211]
198,188.3142632306498,32.45239048852807,66.2060701236063,5.034746115741366,6.022590507549604,5.208454538095983,4.711086150176534,2847.970210371021,2847.2644615645813,114.74174909760247,[-0.24068485 -0.40439731  0.88234552],[-0.27378604  0.90043999  0.33800745],[-0.93118849 -0.16022062 -0.3274406 ]
9,187.54299707513556,93.4162063495751,18.94601383754249,2.8431667825381597,1.9268657987481685,2.6011607965729837,3.452351443275829,631.2511852495859,631.220027626601,7.733582727899826,[ 0.43966729 -0.89581472  0.06487425],[-0.10962057  0.01816886  0.99380744],[0.89144602 0.44405617 0.09021147]
62,69.26511346048235,163.36143458541858,120.25394553876265,6.7771477941774485,2.88025312794083,6.264624956405301,3.1800516807065433,1689.3807964053685,1688.1032358251916,71.74950475844966,[ 0.49712752 -0.64113667  0.58464347],[-0.8053455  -0.09017168  0.58590758],[-0.32292856 -0.76211077 -0.56116336]
35,48.64512021368303,187.12586973839439,158.8378538759259,4.673893260807779,3.1833063824547994,3.335725797932237,3.3736131599178614,1480.7798634409648,1480.5492330061154,33.3999471083992,[-0.3057885  -0.56872149  0.76357662],[-0.93205316  0.34251755 -0.11814668],[-0.19434583 -0.7478219  -0.63481659]
182,55.3480023579924,162.21156394702888,93.56010223501086,5.882277548737364,9.795317047466966,9.645451841617977,9.331113324539631,2640.8887603437133,2638.4917328145793,156.79705564824266,[-0.95873901  0.25756956  0.12032221],[-0.02340721 -0.49332405  0.86953061],[-0.28332245 -0.83083651 -0.478998  ]
4,3.7891859031529087,104.15155547843395,102.1018249421021,1.4235890554913089,1.3851168557523912,0.9571448504700765,1.118869301637822,291.8227274113951,291.8175023111935,3.798436036377156,[ 0.48009999  0.60509956 -0.63510512],[-0.87682874  0.35247502 -0.32700569],[0.02598769 0.71387385 0.69979194]
26,171.7161383331748,9.056819509548252,18.756755533858573,3.509681309240898,2.780970055073082,4.783806591021177,3.305608095929103,882.5106636065684,882.282796277866,28.964481979501464,[ 0.04933325 -0.99837711  0.0284496 ],[-0.10961835  0.02289998  0.99370992],[-0.99274873 -0.05214154 -0.10831072]
478,112.41836781057737,41.96745231984485,171.66387356704567,13.309341156683962,12.66751088755345,11.950371782059824,11.542139776090396,4598.7811220457515,4591.258391131372,410.2459993375167,[-0.2652051  -0.88144598  0.3907931 ],[-0.80136129  0.42688854  0.41903013],[-0.53617752 -0.20203754 -0.8195697 ]
29,77.66253988573953,196.27013432684404,26.93844889646087,3.409400870817325,2.4248928635950184,5.472932658035436,2.4728884292840605,1146.4279897920421,1146.0569648094536,34.6052616529257,[-0.84344282  0.38515012 -0.37451782],[-0.39417552  0.02998141  0.91854601],[-0.36500668 -0.92236679 -0.12652915]
293,49.79005276184318,23.447664705286876,124.57736117319031,8.499260987241,9.185801687662458,13.981006576095588,14.384236591072424,2349.961828343275,2347.3990508248526,207.50558172552087,[-0.34496433 -0.88708048  0.30673739],[-0.86547536  0.42709219  0.26181034],[-0.36325199 -0.17515843 -0.91507787]
12,163.22988087390564,80.90818857509367,104.61299347411058,2.9057335699303977,1.5049797909514573,4.78693695265249,4.756781096835317,728.0080394163589,727.938723766923,11.516892398333127,[-0.53640238  0.81906827  0.20346905],[-0.32972074 -0.4253088   0.84285032],[-0.77688913 -0.38501895 -0.49820045]
173,183.91927450788728,144.6158324125596,184.8082847321037,6.045158729122595,11.741362139240781,6.817210892241452,5.761214798719688,3925.553700613109,3923.1887123494703,180.04132415043958,[-0.63589496 -0.15716076  0.75560446],[ 0.46409649 -0.86012211  0.2116705 ],[-0.61664581 -0.48527358 -0.61988508]
173,12.363343358417596,114.67860364417193,111.91755852423867,6.29489122516067,9.319694465050391,12.724291633260632,8.723229977121536,2124.2481346382797,2118.5533391028794,190.04537543555327,[-0.98736409  0.15181067 -0.04544977],[-0.13824565 -0.68498132  0.71532422],[-0.07746161 -0.71256867 -0.69731312]
49,46.241598468187846,19.32792875257963,195.64465876431882,3.838381147949368,4.489750049124427,2.1020161979112157,2.0616753189700665,1414.1936642921307,1414.029783711429,41.46907347348451,[-0.83050702 -0.49988775  0.24570373],[ 0.50777591 -0.86078078 -0.03492948],[-0.22895787 -0.09575326 -0.96871544]
9,167.02310561788343,3.460225987854463,149.3491807643926,3.144357787924374,1.57756450561039,1.5372151393680866,2.338223939382987,672.3359188792839,672.3061821696265,9.15120289599612,[ 0.08044619 -0.99450948 -0.06692767],[ 0.6617355   0.10350011 -0.74255899],[0.74540897 0.01544763 0.66642841]
322,15.235393439949357,26.67123237521532,143.3809613536728,7.530241754858789,12.073647853410334,7.364347658318558,6.546900891638003,2643.205097819456,2637.353088138173,264.895807490292,[-0.99061407  0.10767721  0.08419842],[-0.09006836 -0.97755273  0.19046878],[-0.10281754 -0.18109744 -0.9780758 ]
570,111.60286273978538,123.19138255319379,43.7555019215807,12.145368606644798,12.83213294011612,18.108081788318298,13.687564079630931,4139.129885410147,4124.744990900964,515.7998382131237,[-0.75239489  0.55517647  0.35451519],[ 0.11154682 -0.4230367   0.89922036],[-0.64919892 -0.71611384 -0.25636248]
226,51.095366046212206,100.40198540649006,124.81217552892197,6.272073195723153,12.809932551037903,8.182055991855302,10.747490324445163,2538.1400972413126,2534.2518530049165,188.0984058991574,[ 0.82167727  0.23053322 -0.52124937],[ 0.48301641 -0.76714165  0.42212419],[0.30255845 0.59862185 0.74169418]
30,30.880520222830974,22.391590552331213,69.09461595922681,4.627766022354052,2.7712626885209426,3.406878747800694,3.983742648549497,433.53509331590726,433.02424176657627,26.88594175227096,[-0.60749871 -0.63489048  0.4773462 ],[-0.69035615  0.71924805  0.07804247],[-0.39287875 -0.28212818 -0.87524281]
10,52.18659857089658,74.01995920636483,197.31061461051434,4.5380353067127706,1.7785758654032127,1.5520327963185319,2.196392543279605,686.7208461782291,686.5866761078466,14.629253171201956,[-0.01636308 -0.93471217  0.35502875],[-0.97052468  0.10023589  0.21916799],[-0.24044561 -0.3409779  -0.9088014 ]
36,123.31284500739801,63.31546718086976,134.30748299791316,3.2020601715297667,4.533021876155558,3.194073499801439,4.378985324170196,1158.6392167284343,1158.4304996696812,28.13256589189333,[-0.75879699  0.1198349   0.64020834],[ 0.12670834 -0.93699079  0.32556606],[-0.6388835  -0.32815828 -0.69580171]
6,198.78912151262736,4.1038139157786535,69.95937137435509,0.565679597943892,2.5481408330030497,3.229745031106444,1.44245208081127,516.382392965763,516.3370482021745,9.562701914511113,[ 0.17945255  0.81058126 -0.55745385],[-0.27998916  0.58530048  0.76093983],[0.94308157 0.01952845 0.33198763]
167,132.5867559505356,88.58434021993736,22.618553355633807,5.376829345753054,8.156512696140194,10.237275502296368,5.267439443464928,2088.0640987352795,2083.5825567485917,169.86822022000678,[-0.52937253  0.6544633   0.53985416],[ 0.2053955  -0.51853217  0.83002233],[-0.82315091 -0.55027464 -0.14007287]
272,129.60460249420126,58.4930749508612,29.32101978645853,10.795379318218883,18.658354740090438,11.657063773550975,11.51644882324513,2422.9833256414877,2407.626252964361,354.8313365414691,[ 0.00173484 -0.44652642  0.89476877],[-0.4542666   0.79676787  0.3985007 ],[-0.8908641  -0.40715491 -0.20145977]
11,167.98556166634054,197.97469562800896,142.56249430168626,2.0668877944789137,1.27847211400815,2.3277426198667146,1.6983942009665092,982.4446526659343,982.4342860050922,9.63275582549633,[ 0.15266002  0.48896596 -0.85884062],[-0.80935988  0.56054931  0.17527424],[0.56712565 0.66835377 0.4813229 ]
24,133.68513581574996,12.364916350387361,83.18764570079951,4.58129919021962,1.739919075398777,2.3387208315569787,3.502422268811905,774.1558341516453,773.9739122205203,20.3074215238303,[ 0.04668649 -0.99622478  0.07318855],[-0.53013661  0.03738804  0.84708755],[-0.84662598 -0.07834747 -0.52638971]
83,127.10332477027008,93.07991588836362,165.6989218846085,3.659564636455389,6.530887128934445,4.264080214738319,4.0257618811603235,2084.2142774842728,2083.5652020941757,69.4374113439894,[-0.83020253  0.22834976  0.50854709],[ 0.04159886 -0.88433427  0.46499724],[-0.55590763 -0.40719687 -0.72467746]
3,56.01094876025346,124.50739483147102,100.31681574994487,0.24730903985272085,1.0766447506426016,1.2237657812375222,0.8202075756359308,293.45577338757215,293.4460543191365,2.473351157766962,[ 0.93098819 -0.15103584 -0.33233894],[ 0.15480549 -0.66113569  0.73412183],[0.33059984 0.73490664 0.59212834]
160,168.20164019096242,30.524077205170478,103.13110424767414,7.137853509509491,6.250462175045245,15.11611795350584,8.20346437090315,2534.1412790391987,2528.814639139572,200.50059445922454,[ 0.11260994 -0.98774309  0.10808602],[-0.52813909  0.03264062  0.84853031],[-0.84165795 -0.1526374  -0.51799008]
2,167.03039629836076,177.82084748633935,83.82003436775776,0.7701453515465317,0.8054168870169036,0.6027065529700764,0.8580175283169638,364.81998389664165,364.8176022701302,1.31822768099852,[ 0.72646813 -0.68712653  0.0100592 ],[-0.23019412 -0.22952952  0.94568857],[0.64749882 0.68932817 0.32491836]
13,130.3985425545477,197.13093277472555,87.96834547186687,1.4699532055941609,2.052178275683147,1.7136358563879026,1.66975084690037,909.3562428856674,909.3413485320806,9.205225825394738,[ 0.76644626 -0.24136907 -0.59523197],[ 0.38108396 -0.57509756  0.72390456],[0.51704463 0.7816673  0.34879949]
7,12.34273443333633,184.91860206874597,36.10107818010186,2.5350095314010463,2.702259618614782,0.7468102792988435,2.640500358049632,499.6509927908069,499.60507276272796,7.1377992436362305,[ 0.10640559 -0.19733807  0.97454376],[-0.99217755  0.0432751   0.11709384],[-0.06528055 -0.97937988 -0.19118969]
15,10.616526718301698,177.56140446608998,197.61344219774546,4.932634867651834,3.8373619390414846,1.2129723018010234,2.9816865669913524,1029.9874882537422,1029.8647868128264,21.798783514341014,[-0.04115301 -0.74204352  0.66908732],[-0.99835382  0.05731485  0.00215944],[-0.03995104 -0.66789702 -0.74318066]
91,105.92138297617728,160.58841794455014,90.76092811875698,4.674183038807381,5.48882726577433,8.466853131023935,3.5186802724803248,2031.512018173375,2029.7798952923608,100.72117794141835,[-0.85585851  0.3487812   0.38191346],[ 0.13943319 -0.55547982  0.8197564 ],[-0.49806084 -0.7548469  -0.42678046]
19,178.2220330029859,165.58094492608464,87.06069270446386,1.8533533790841636,2.35869004529635,4.9476602319501755,3.2631490191828574,1126.5030190644231,1126.3661329009492,20.767395490388775,[-0.62285066  0.76248365 -0.1751449 ],[-0.3692676  -0.08916021  0.92503616],[-0.68970899 -0.64083472 -0.337094  ]
27,88.3999968213552,55.400639739576086,112.23868696316192,3.9046731961945538,3.6679908070531977,2.035267105942907,2.7605991997234134,796.6079849936231,796.5500826029298,26.231933253811142,[-0.67364029  0.71769415  0.17641957],[-0.46174579 -0.59509126  0.65776684],[-0.57706116 -0.36163726 -0.7322697 ]
34,12.136083232495826,95.70002343498005,168.41267716230809,5.096620976253287,2.8416354905810017,3.386622175256253,4.229857017425833,1132.3260885555599,1132.0117746970238,30.78486042402952,[ 0.0642852  -0.86960429  0.48954652],[-0.99594812 -0.02499343  0.08638674],[-0.06288683 -0.49311633 -0.86768746]
31,63.08289006910019,162.56192850898898,46.21941438595633,4.02337777721796,4.810291563559555,6.896356204747241,2.7668188464660335,1005.5182144490566,1004.7318956005641,49.4162713935122,[-0.89082104  0.23523105  0.38872127],[ 0.29015712 -0.36383658  0.88511682],[-0.34963797 -0.90127093 -0.25585931]
78,44.63837047461756,86.78992026017093,184.9986296267229,6.745493614313181,5.165218917946572,6.1121217950620235,5.975264143153865,1849.240373350942,1848.4117683332452,75.52878397658084,[ 0.52057605 -0.81439807  0.25643001],[-0.82670196 -0.40569001  0.38984547],[-0.21345831 -0.41493541 -0.88445698]
24,174.09719938629965,165.90005364722234,61.867564855779484,3.5562154065226403,3.5216447868445306,2.376926193707429,2.6237249534603406,1216.755328191717,1216.5936256729178,23.923632329935263,[-0.39270431  0.07015182  0.9169853 ],[-0.59514353  0.74077259 -0.31154477],[-0.70113301 -0.66808285 -0.24915419]
65,60.828211938587565,49.94843988422915,58.95688449027941,6.458996961654754,4.727118407015234,3.920161306539298,5.816398828099932,795.5536785373314,794.8017375043108,54.02673771123107,[ 0.53680592 -0.83038556  0.14932926],[-0.57250614 -0.22849655  0.78741732],[-0.61973876 -0.5081822  -0.59805913]
103,123.26869483496836,10.574469025907847,105.34155067605158,6.823452114057309,4.989735883695851,5.610121086403056,4.678027482794556,1651.509186299719,1650.638680707667,91.11850056969662,[ 0.00733672 -0.99584943  0.09071983],[-0.65119124  0.06409098  0.75620256],[-0.75887821 -0.064624   -0.6480182 ]
5,133.86462689351202,107.93029312761607,77.42963249599038,2.341589205690112,0.7415294845301471,1.4974598024002865,1.8279848195814374,421.72901602593134,421.7145425385338,4.957775299844207,[ 0.25875988  0.33031222 -0.90770984],[-0.65506563  0.75061497  0.08640712],[0.70988192 0.57225083 0.41060523]
411,18.272265992536624,189.05833604505113,110.80007741330424,10.76634460478908,6.471270357215125,15.72513995934768,12.004118963030287,4474.493607505015,4466.201570397279,334.0180347257345,[ 0.82520689  0.22401715 -0.51850738],[ 0.55843501 -0.46133145  0.68943718],[0.08475801 0.85848099 0.50579292]
30,179.90094417271493,120.06679938001979,128.86859762932903,3.7170895188110364,4.36879135727127,2.624867839239767,3.054021280143358,1379.3121340454124,1379.2093912613311,30.28468754448893,[-0.63649835  0.1397278   0.75851565],[ 0.29024282 -0.86776839  0.4034069 ],[-0.71458306 -0.47692155 -0.51177816]
323,81.9492538872349,163.99767903272559,89.92361148002668,8.18533261838793,22.087289982758005,15.905455442876093,25.52947223565729,3703.084980398988,3700.547623938238,226.5900438279908,[-0.86924152  0.48472274 -0.09727819],[-0.29217222 -0.34493214  0.89199619],[-0.39881646 -0.80378211 -0.44145186]
58,34.220229994396064,91.00168195295356,150.8268522061443,4.4081213301473365,7.744935824252917,2.835881847464683,3.9983630115039,1368.2090961553547,1367.226432069812,64.5362733798247,[-0.91157503 -0.22599626  0.34344818],[ 0.36421302 -0.83144554  0.41957977],[-0.190735   -0.50756674 -0.84023578]
33,196.2520379160584,68.05162460718789,117.4707353846926,2.941127138534098,3.671365075190927,3.4532761281268236,2.482495117866348,1371.1113100117716,1371.046896675944,30.313403874366333,[ 0.54511261 -0.64258364 -0.53845939],[-0.16276246 -0.71117036  0.68391893],[0.82241147 0.28517186 0.49225642]
92,177.8121953430762,165.96539612058217,157.50629957481962,9.32896405991971,5.247930940074539,3.479927324009736,8.059596044828957,2781.2166883802984,2780.8112207613017,75.48413314198362,[-0.16973358 -0.57644102  0.79931612],[-0.77086137  0.58297618  0.25673238],[-0.61397333 -0.57258582 -0.54330675]
2,114.6416478352489,81.76409984324131,9.777344297934798,0.21528240199989312,1.9123064166010977,0.22310018825331035,1.2670620453788786,199.63679490071317,199.62603885975514,2.072314501450036,[ 0.17858323 -0.13382775 -0.97478108],[-0.55546309  0.80402383 -0.21214722],[0.8121384  0.57934085 0.0692488 ]
39,5.417383056890459,172.05872253156517,83.10405343949922,2.3402267452672834,3.078695421930807,3.9579559966963958,3.5382032079075314,1194.1871679049325,1194.0276344476326,26.657046659514656,[-0.93730435 -0.12721203  0.32446517],[ 0.3473551  -0.41678672  0.8400198 ],[-0.02837215 -0.90005885 -0.43484375]
13,101.29236422286216,115.56499123367394,136.90469227122,2.8151989880553883,3.0724805937442574,3.2855838872391523,2.736118101862102,742.2858223709238,742.1546565123481,16.31956624509779,[ 0.01982514 -0.77116327  0.63632866],[-0.87037817  0.29987502  0.390534  ],[-0.49198455 -0.56158898 -0.66525862]
56,138.2442346353269,146.4216497640102,118.7158907469058,5.811671273751682,2.709168631528722,2.976848256448794,4.263223044165916,1750.0006106840426,1749.703641703832,42.264125838636105,[-0.25064335 -0.45582275  0.85405125],[-0.76629681  0.63252492  0.11270056],[-0.59158018 -0.6262091  -0.50783369]
17,118.00163328515843,6.662240630278864,194.49243512248523,3.5048010714488624,2.7039969509764434,3.2953953714314057,2.0960321756952296,938.623018170497,938.4283620706777,21.003905352125752,[ 0.43063337 -0.87236526 -0.23137361],[-0.73876124 -0.48797812  0.46487545],[-0.51844646 -0.02926103 -0.8546093 ]
92,63.49853461901934,73.05875202578764,172.27618736046796,5.3133585100743685,5.579694584775392,5.468350822890074,6.511512586001472,1897.2102503284268,1896.7555462515238,65.59882191574798,[-0.82117876 -0.34944152  0.45117189],[ 0.47140874 -0.8609399   0.19119697],[-0.32161972 -0.36969326 -0.87171535]
4,3.1940824799250924,124.67122744884847,129.50074245849655,0.5525669947790903,0.8758737998870363,0.8221028881560104,1.1805041455736434,359.5846750979625,359.58295153427093,1.1934897504243924,[-0.3032221   0.69021974 -0.65700309],[-0.95275428 -0.20673752  0.22252839],[0.0177663  0.69343803 0.7202972 ]
147,22.64107394079458,36.7243953870175,186.69896327224515,10.399614248643612,15.129093886881414,5.643574441431257,4.292717286058788,2333.072213857841,2325.663629093465,227.04775697059688,[ 0.88670828  0.4212981  -0.19041098],[ 0.44685758 -0.88662772  0.11920395],[0.11860326 0.19078572 0.97444039]
39,89.57817211810898,35.241850760766674,21.19723476616586,3.525473218504303,3.607927968143081,2.7781393222722293,4.150621599604052,616.381272627009,616.3225174045425,24.922775851078445,[-0.09414581 -0.32613883  0.94062215],[-0.40689391  0.87490782  0.26262836],[-0.90861098 -0.35800807 -0.21507281]
30,165.9234813045632,101.96399000700336,26.529119381703865,5.0512406593395465,2.97358484855227,3.400603435991789,5.430655534707254,1077.1090731143454,1077.0151072499648,22.200198859583132,[-0.4784378   0.61552468  0.62628001],[ 0.24160377 -0.59340715  0.76778615],[-0.84423036 -0.51864952 -0.13519533]
65,45.05634356626307,88.57484297618433,90.49524744932243,4.173443742657059,4.744475767384432,4.004078751596709,3.8696734492731557,1084.9290632105929,1084.4326848857206,51.528589340085645,[-0.41120468 -0.54082208  0.73377257],[-0.84789153  0.52246099 -0.09008039],[-0.33465008 -0.65920103 -0.67339686]
39,193.6108030548859,177.80218464055952,137.6211575337978,3.040120688588078,4.1346121118955175,4.057770716579452,4.542430628584939,1853.3485407457165,1853.257750963262,29.398395801243,[-0.11351986 -0.52794148  0.84165969],[ 0.74928314 -0.60180011 -0.27642613],[0.65244772 0.59926156 0.46389392]
59,145.27468428831537,82.65763621142752,68.03803313554614,3.899666854427356,6.12239129055631,5.800761691862935,4.513421703896161,1387.642579555383,1386.9387468734144,62.03087016746693,[-0.5684528   0.41289053  0.71160581],[ 0.17017993 -0.78722879  0.59271378],[-0.80492249 -0.45803083 -0.37723673]
85,55.44893049758217,49.07106159780857,189.9407153819028,6.314553786857197,3.619629762021381,5.466962117862396,4.385800660797732,1881.0451693573436,1880.309092969347,73.47319722522765,[ 0.11819172 -0.96926408  0.21577271],[-0.95508427 -0.05149796  0.29182528],[-0.27174391 -0.24057245 -0.93181551]
205,117.0967364443085,129.97266965971883,100.87662791354407,9.552650001366192,5.074726521094875,6.941263146142993,8.047061987111901,2896.4051434221556,2894.436723085335,144.43061271391946,[ 0.48349881 -0.76555874  0.4244393 ],[-0.65516906  0.00506259  0.75546533],[-0.58050185 -0.64334609 -0.49912264]
99,62.17346058575938,187.83220358351377,73.67587590595505,7.5700945283342325,3.8246147999504814,7.311069282193591,4.403725676992556,2102.7140094071565,2102.06263734504,102.59502089598655,[-0.58419206 -0.12160571  0.80245354],[-0.75624807  0.44048152 -0.48380252],[-0.29463281 -0.88948754 -0.3492899 ]
10,75.00018003599239,5.873122239420977,198.15540524995671,2.2910223164896926,1.0300098153482216,1.317589419251459,1.1384358634387683,670.3138827751708,670.2794197638483,8.21077997854444,[ 0.01257093 -0.99961167  0.02486941],[-0.93521673 -0.00295234  0.35406349],[-0.35385257 -0.02770919 -0.93489067]
113,14.527907582752439,82.04100689476218,49.840138220026404,5.940344317123299,7.059537290074802,4.102834080675942,7.342443743436002,1036.8372469350272,1035.7421518911867,74.06732434576573,[ 0.54944093 -0.50282192  0.66729663],[ 0.82159813  0.17988841 -0.54094055],[0.15195783 0.84546453 0.5119556 ]
2,116.41520989042306,32.084811870905305,2.388577014879334,0.1001017098592385,1.5316830937025312,0.6209305535865184,0.29809731978150467,170.8237874242512,170.8082576523487,2.303360096610827,[ 0.11987295 -0.36624622 -0.92276443],[-0.23791982  0.89178413 -0.3848574 ],[0.96385924 0.26567794 0.01976356]
36,164.9687861471793,80.30042342551806,22.39629115528171,2.315509035684368,4.401162257835062,4.624428763679274,1.8236086812959615,1109.4856018713058,1109.3531348581193,39.221414177693894,[-0.3974321   0.6304544   0.66676456],[ 0.21331688 -0.64323358  0.73535465],[-0.89249293 -0.43448568 -0.12115511]
3,122.81725173958269,24.36780115830238,172.1792787360381,0.7348316996045613,1.0633617909702,0.41391694072577245,0.8354764393453049,368.74955937116664,368.7449132625044,1.8520720434897593,[ 0.7768414  -0.38284549 -0.49994676],[-0.25239571 -0.91669223  0.30979308],[0.5769002  0.11447568 0.80875304]
49,194.15298561480793,55.57273654533118,101.84798959661651,3.619348233928092,7.024647764477067,6.58485432207697,3.5270489271893184,1584.3907045616534,1583.9380489998398,67.63316594142552,[-0.47770213  0.70328017  0.52649566],[-0.18721152 -0.66702338  0.7211322 ],[-0.8583429  -0.24592033 -0.45030064]
76,24.763120825309,155.1022703685735,37.1391388847028,3.542550055788857,7.858745858825081,3.1528553513594604,7.750887758420231,1409.1862890192247,1408.7904656596409,42.35831791864128,[-0.7660782   0.26254205 -0.58668207],[-0.62413435 -0.08578575  0.77659328],[-0.15355943 -0.96109962 -0.2295801 ]
4,60.83427436806304,166.31047859250944,23.203062116065663,2.426392224907286,1.6755760842931484,0.8266438276542676,1.6320252850067907,357.2490942058423,357.22285809329543,5.183733540047613,[-0.04655448 -0.12125847  0.99152865],[-0.93904032  0.34380095 -0.00204508],[-0.34064051 -0.93118059 -0.12987207]
36,140.49399280932565,190.44182676499906,117.7034873459789,4.088386145062832,3.2619291581141256,3.765864163484243,2.6909265835302816,1586.2215692307132,1586.073740237996,35.16763260363305,[-0.10505027 -0.46567527  0.87869846],[-0.84050819  0.51383075  0.17182534],[-0.5315171  -0.72050295 -0.44538193]
11,135.00087602001352,112.57739355795451,189.29649409600725,2.55808429795222,4.903404805372721,3.977511644447064,2.5150558046503777,857.0585380698834,856.8187734526808,20.946005356280683,[-0.82497978  0.04155317  0.56363259],[ 0.21509545 -0.8991556   0.38112091],[-0.52263019 -0.43565185 -0.73284729]
32,29.70476516715125,87.46176966216234,127.23887079731796,2.2376764201247914,4.9350260267591635,3.921955125980484,4.708010219464248,890.1379728287593,889.9307224492245,26.9778192161515,[-0.90384317 -0.22384979  0.36463515],[ 0.38404671 -0.80013087  0.46075884],[-0.18861507 -0.55649066 -0.8091616 ]
64,128.2533405252601,6.82067954825239,147.053322167268,4.74784362811583,3.8012061634333443,4.396819051515831,4.283713769572189,1562.8805503172666,1562.5460997432624,49.38498623743741,[ 0.38344142 -0.87554052 -0.29394129],[-0.649175   -0.4818866   0.58852113],[-0.65692047 -0.03484404 -0.7531543 ]
94,144.37544222912138,90.94366807152505,97.34631779134602,3.93817978468906,4.984329662170442,5.191896423158962,5.045525160715682,1905.9319364994487,1905.6007000498835,62.70947424612425,[-0.67415465  0.41856917  0.60853542],[ 0.07424907 -0.78133402  0.61968075],[-0.73484868 -0.46294385 -0.49566159]
7,117.32103310502104,30.23864727649241,15.043646741389137,0.9115209837668563,1.5106159082864712,2.5491622951229718,0.8738175359826628,323.09039873379504,323.03859894521014,7.872695936843328,[-0.22786753  0.96121909 -0.15535203],[-0.15689755  0.12121699  0.98014774],[-0.96096803 -0.2477182  -0.12319151]
3,65.1659486374789,155.05537459697894,146.0263509744723,0.7641676373420053,2.0248473025973657,0.40997198166368404,1.7698676747553468,385.81154898606064,385.80849265452844,2.2714031661208582,[ 0.93104293 -0.05101392 -0.36132622],[ 0.21809769 -0.71607202  0.66307937],[0.29256187 0.69615978 0.65556778]
170,113.67935828699382,145.09286377005986,76.82536167436317,7.8608131212921295,5.817168080833023,6.492090664058491,5.398479720006146,2607.4076804582405,2605.3653148892076,136.18393415411845,[ 0.5388962  -0.68296104  0.4931076 ],[-0.62064676  0.07387916  0.78060199],[-0.56955113 -0.72670908 -0.38406436]
11,149.14935330562048,189.59116570180876,196.06650064038894,2.881791043377779,1.6242047615431034,2.03723235475759,1.6587101917462002,1031.0574107588322,1031.033556907279,11.642174434322225,[ 0.39523001  0.49157367 -0.77598232],[-0.78330442  0.62161678 -0.00517406],[0.4798202  0.60987533 0.63073343]
19,117.54548133873804,179.38043975512704,83.05215398724518,3.329353314428666,3.367228366508821,3.5169339332203844,3.9303949111601697,1002.7793205672905,1002.6386197403614,19.113737305439756,[-0.69701851  0.13024506  0.70512511],[ 0.50289611 -0.61217831  0.61019114],[-0.51113667 -0.77991919 -0.36119988]
37,191.61847692154453,97.12374613699335,192.70539988521313,2.8809048813469422,5.151902129698413,2.836227399423994,4.36194843069907,1755.8483230894913,1755.6922140315187,29.691432159810283,[-0.58395182 -0.32433411  0.74418254],[ 0.46712807 -0.88399155 -0.01871627],[-0.6639214  -0.33669915 -0.66771405]
28,153.73425635669443,10.360534632974474,66.1631841622332,8.024461424572651,3.256014732694834,3.093990671450167,7.627625892451572,888.492817877601,888.3991314664582,27.100711528035585,[ 0.17939414 -0.94617213 -0.26939939],[-0.35616471 -0.31773019  0.87874582],[-0.91704113 -0.0616913  -0.39399206]
23,113.31966462712228,187.41955689304993,152.9015183333202,2.869956330345654,2.837468414735321,2.6879110655717726,2.4237700996443095,1281.1651260332874,1281.1021651943392,20.125967838856226,[ 0.74753113  0.08539917 -0.65871405],[ 0.51107446 -0.70738214  0.48827594],[0.4242642  0.70165339 0.5724355 ]
19,120.41282706764486,177.31427414396958,47.90392559627528,3.4782595081170093,2.8291182108493858,1.6632284085290225,2.090893237630992,957.5211437015166,957.3810053322643,18.723605576770996,[-0.21427745 -0.11650976  0.96979928],[-0.80838405  0.57845345 -0.10911846],[-0.54827038 -0.80735189 -0.21813416]
21,92.48683129386369,69.68689161201198,177.53232590492286,2.353701085706577,2.7004774029498444,3.524573147345978,3.417416357554161,971.5643514641664,971.4975260901459,16.84434267095015,[-0.01592139 -0.92785977  0.37258926],[-0.89970004  0.17586591  0.39951347],[-0.43621823 -0.32885776 -0.83759551]
53,16.902649586907508,50.754810527408594,111.70328426313598,2.9555043347614642,3.2562691757280695,5.11980019995646,4.867074021554397,902.7167193866736,902.626987152472,34.191618817346665,[-0.95942608  0.28144279  0.01707487],[-0.24689133 -0.8678041   0.43123162],[-0.13618467 -0.40951923 -0.90207967]
40,55.56423879920764,71.39540343663695,4.320560724165363,3.991327661357335,7.591322693988382,3.8461983523314176,5.789332788894047,575.4924250756256,574.388454233007,47.148516627089656,[ 0.17978504 -0.19825666  0.96352044],[-0.77076601  0.5802097   0.26320421],[-0.61122589 -0.78996899 -0.04849647]
15,158.28367350487255,154.34531670253003,100.50276865679385,2.0866190718954636,1.4642533186742457,2.2373498540034444,1.2493084484315622,940.6313523948075,940.5949766392143,12.206521556651692,[ 0.63623641 -0.75519698  0.1577363 ],[-0.41276527 -0.16047687  0.89658909],[0.65178835 0.6355507  0.41382032]
9,33.42370502109092,169.24368291535404,80.78241790374997,1.1064488907161634,1.665538552506267,3.3197697362704472,2.083070111786942,571.5818883490448,571.5094219353697,9.802102191736935,[-0.97579217  0.09983745  0.19458194],[ 0.13052468 -0.44803371  0.88443717],[-0.17547922 -0.88842461 -0.42415653]
27,31.841807853427166,66.12726612289333,4.248737718781144,1.9966067141733757,5.135214956667844,1.8146958259984212,5.062036720378113,383.09967329031537,382.99950837693183,14.851902067790402,[ 0.3994085  -0.24832913  0.88249957],[-0.80855818  0.35828335  0.46676193],[-0.43209549 -0.89998094 -0.05768713]
143,22.679001914419228,14.071217369368203,100.01325918531835,6.644903466800302,6.809945506347518,9.521416725206725,9.200088422150369,1245.9787543507255,1244.9712639721204,117.8548570291139,[-0.28896645 -0.9367044   0.19769487],[-0.93258095  0.32208602  0.16295205],[-0.21631265 -0.13727879 -0.96662473]
78,10.937151451599266,176.77370475736578,5.875396439186478,4.925724319248188,3.3980573017145,3.8895157967933645,3.6082997977444164,1566.0192750008507,1565.7119673318064,54.37941129153174,[-0.4074806  -0.00514546  0.91319937],[-0.91110432  0.07022119 -0.4061501 ],[-0.06203612 -0.99751817 -0.03330182]
2,119.63200726122577,17.688202504016193,194.22968185042552,0.24012383181486285,0.6737066603610629,1.3122596148446064,1.1874404693469955,323.5802606659009,323.577715673135,1.2833597968246253,[ 0.74200686 -0.53146132 -0.40862536],[-0.41957952 -0.84354904  0.33522835],[0.52285644 0.0772909  0.84890946]
87,178.64948948933795,191.6094529488128,176.09594340279247,6.593197864404993,5.631279848729912,7.272316470962565,9.197142798935305,2945.95119404636,2945.7073443478794,61.27585850148719,[-0.78565871  0.60213203  0.14204722],[-0.24973496 -0.51874072  0.81764327],[-0.56601488 -0.6069144  -0.55792658]
5,19.6325981326587,175.1449126055822,139.2818766785951,0.7956548225452691,1.6864955583768837,1.360947053569844,1.9693025615819952,502.32394134603817,502.3175273302958,2.694386109103195,[ 0.72222551  0.37910232 -0.5785082 ],[ 0.68611484 -0.49836162  0.52998314],[0.08738845 0.7796904  0.6200372 ]
14,69.14211504037438,142.3302398777414,53.83987613448661,1.5905918112526967,2.4748818027987554,4.139450822154568,1.5615985060140167,625.6603706087824,625.4489348356697,18.115605954042596,[-0.90730558  0.35633993  0.22320043],[ 0.07530871 -0.38453202  0.92003463],[-0.41367279 -0.8515615  -0.32205255]
2,41.266659962642706,72.48918579545183,169.83075131595837,1.3790782492002371,0.1365267180561176,0.0933897785102289,0.1646429801245688,267.5893592515058,267.5822508481995,1.9504398587679226,[-0.06291086 -0.91229113  0.4046815 ],[ 0.97389506 -0.14473144 -0.17487488],[0.21810694 0.38311578 0.89758101]
85,24.990842070225742,148.6501914701422,104.93850513855749,7.91048547240845,3.7924988532768285,5.630682898972605,4.356399172441255,1695.5160718211969,1694.3304119544757,87.40387082263524,[ 0.10031845 -0.58518422  0.80467114],[-0.98567691  0.05174012  0.16051163],[-0.13556266 -0.80924804 -0.57161208]
107,152.30839408490937,179.1471429440691,189.54284504171903,6.887162244938317,4.7414445483859815,5.452502162086555,6.716374813714283,3125.4313707017313,3125.346487826217,76.6262422744256,[ 0.21134165  0.61988404 -0.75569735],[-0.83717957  0.51383524  0.18735987],[0.50444532 0.59305743 0.62754904]
9,168.66956456143507,90.55276960976225,119.1943606240479,1.4869716155091341,1.151049499372259,1.7346994468100119,0.9641966455452015,676.5763119663305,676.5568908322701,7.1043216882699305,[-0.21833765  0.90079181 -0.37537019],[-0.6268366   0.16535021  0.76140343],[0.74793352 0.40153881 0.5285471 ]
6,77.66232968431501,66.36265109691936,48.394236186022404,1.526314202061376,1.449249422737155,2.168040531658255,1.6927626512992728,276.9595918164193,276.9384185316851,6.111730510239346,[-0.63600902  0.77082515 -0.03634707],[-0.35140669 -0.24736891  0.90295181],[-0.68702683 -0.58705809 -0.42820197]
14,31.61990854787864,17.909008152624157,5.114119902697122,2.5280345200727807,3.929230692139965,2.2107270334722897,2.3763093651567115,138.48742737418712,137.76888797310235,17.22779845821649,[-0.01448046 -0.25371793  0.96716985],[-0.50898387  0.8344438   0.21127936],[-0.86065425 -0.48921443 -0.14122147]
23,175.71274174654442,110.94633905035471,113.34047478094624,2.154098181747416,4.148088459309471,3.940482768905553,3.841830414732554,1135.5360065613208,1135.4041256963274,22.808480297339685,[-0.05808772 -0.66691933  0.74286232],[-0.66767344  0.57916073  0.46774463],[-0.74218461 -0.46881922 -0.47892645]
6,28.658897029446322,167.8019841346642,103.29406794729165,1.5099955807277963,0.8495700890045865,2.136730502987292,1.8073882267100998,487.7754531650544,487.77254357390956,5.088760432865197,[ 0.96317763 -0.23961792  0.12195126],[-0.227081   -0.48214294  0.84615153],[0.14395513 0.84268703 0.51880197]
52,133.10043471308097,165.81871882017907,88.1157317861184,4.255400374397808,4.655816347839842,4.988940710510507,4.177604798035454,1660.449385629823,1660.3221961740442,49.6342972648167,[-0.80549689  0.42966219  0.40812395],[ 0.12953999 -0.54437973  0.82877627],[-0.57826823 -0.72044508 -0.38283774]
2,33.15329572632285,176.45077665783023,159.28908080323959,0.49603796675706846,0.7626911127890423,1.3847724856014736,1.5482419777925998,339.44005129048736,339.43902529324913,0.8345825649512643,[ 0.8673505   0.23370873 -0.4394125 ],[ 0.47814333 -0.63633715  0.60535443],[0.13813789 0.73515662 0.66367361]
19,62.31032056876379,188.37317498156176,113.76331357721244,2.899267781756504,2.018996008680219,2.8795081603377577,2.542784515424389,997.065275729184,997.0579432360875,16.500804599564525,[ 0.73337506  0.15687961 -0.66147548],[ 0.62282541 -0.54505023  0.56125641],[0.27248768 0.82359519 0.49743485]
50,60.25656347319017,49.32831400504175,168.54304258371667,4.731904157520158,2.7684682532289937,2.740079158942804,3.082459845882693,1313.4336361545422,1313.1376572574354,37.5131175465629,[ 0.06499828 -0.96371697  0.25889154],[-0.94360401  0.02504328  0.3301277 ],[-0.32463316 -0.26574883 -0.90773943]
4,90.04777468687347,195.5906817431138,8.275240967305901,1.2625218661104687,1.1259783146787525,2.1720096296022824,1.3053607011018322,430.9948836485572,430.9789586033716,4.853021376051208,[ 0.89236774 -0.41804594  0.17005122],[-0.17042569  0.03675308  0.98468487],[0.41789341 0.90768211 0.0384485 ]
4,196.82516426647206,180.97951133484605,80.28723074909844,1.2041934331098632,1.2312866071228081,1.239773441712909,0.9388774245798637,558.3664421743894,558.3606301928423,3.8071329087735424,[-0.110316   -0.30034775  0.94742895],[ 0.70055814 -0.69967986 -0.1402369 ],[0.70501679 0.64825869 0.28759694]
34,157.56407781102794,46.72451733172875,191.709351412958,6.737234370357726,3.4923549146012327,4.619433295944128,3.7772064754252583,1473.2366818582775,1472.6077381197756,46.7924024647537,[ 0.37290839 -0.92430388 -0.08125064],[-0.68659016 -0.33378077  0.64589809],[-0.62412602 -0.18507492 -0.7590876 ]
53,146.23603458736187,38.893395634393826,107.85374236807175,3.156774124448329,6.545634492921689,4.1518918848971325,3.5593270425282286,1354.02232011767,1353.2199559579394,55.0951587168001,[-0.42381055 -0.50020785  0.75510048],[-0.4487091   0.84013259  0.30469226],[-0.78679398 -0.20968866 -0.58050487]
61,176.59022565662525,154.38471733963246,4.965836929971204,5.286706799693966,4.064996130805679,2.619704732686922,4.941130284139073,1833.1359817287027,1832.9007748837237,40.57169914707498,[ 0.10949562 -0.15679324  0.98154296],[-0.64913464  0.7365442   0.19007069],[-0.75275157 -0.65796544 -0.02113156]
70,5.887355775758506,66.91326895725005,109.41249368671996,4.66507495960905,5.156581339071084,5.944102212931582,5.593412266284538,1076.21056570026,1075.830595146313,60.95059549980816,[-0.983152    0.17480986 -0.05341971],[-0.17682756 -0.83552835  0.52021572],[-0.04630516 -0.5208972  -0.85236257]
7,132.74124667796696,75.82416573715668,197.43645484283712,2.862673913727778,1.8598172065701284,0.879949496031049,1.8561437979037607,660.7089538131631,660.6697920095272,7.927639258760013,[-0.53410254  0.84470749  0.03469498],[-0.65732802 -0.44073158  0.61129007],[0.53165247 0.30368559 0.79064576]
230,98.82191439420289,82.14662405108855,80.8317459399898,8.11913552925758,11.37342268758158,6.785585737244845,8.621293636256011,2311.6726473177723,2308.84155961619,195.77431368160904,[-0.44640129 -0.2936076   0.84529313],[-0.61467141  0.78711929 -0.05120816],[-0.65031142 -0.54243691 -0.53184326]
