N,MEAN_X,MEAN_Y,MEAN_Z,SIGMA_X,SIGMA_Y,SIGMA_Z,SIGMA_R,LAMBDA_1,LAMBDA_2,LAMBDA_3,EIGEN_1,EIGEN_2,EIGEN_3
46,160.1841742914824,103.82329871263941,28.285389516063784,5.9320241604801005,3.376633383735014,4.317609813515651,4.451334428907377,1309.8319659489662,1309.26366148116,45.76906607793321,[ 0.26573728 -0.61285721  0.7441705 ],[-0.48991754  0.57896672  0.65175021],[-0.83027977 -0.53777651 -0.14639645]
291,118.78047445575731,35.803273355056916,165.06367331281476,13.711287473094668,6.562675531826391,7.662394952500634,10.844191238157075,3532.8267514171407,3528.9208112953092,221.4945714584933,[ 0.05254345 -0.98302084  0.17581018],[-0.81542811  0.05939512  0.57580311],[-0.57646872 -0.17361524 -0.798462  ]
5,2.236752680747318,120.99572818360134,83.82057779288381,0.8537381278184462,1.7741949528380443,0.7228661735631393,1.4937318759184008,329.20142599602826,329.19327131639534,3.284598930268091,[-0.91342527  0.24303972 -0.32647505],[-0.40672225 -0.51508983  0.75449286],[-0.01520776 -0.82195752 -0.56934573]
43,19.047724658433072,22.43377692075886,165.58432043909386,2.852449986494713,4.195173370824075,5.532113418504998,5.717136823722107,1103.7662617017684,1103.6229372141706,31.74653814114875,[-0.99152296  0.07877441  0.10332867],[-0.06374689 -0.98789309  0.14143403],[-0.11321906 -0.13364821 -0.9845403 ]
2,32.72927949642147,111.45788587040607,23.40391267198885,0.9147528692495026,1.0887979029244903,1.0089269249596864,0.9706494572495075,167.59981727101342,167.58730040994868,2.0482896725518627,[ 0.50672302 -0.31713036  0.80166085],[-0.8166946   0.1212451   0.56418929],[-0.27611901 -0.94059979 -0.19756097]
91,24.25184836981409,43.75513326910445,186.1639126135737,8.964283848250924,8.032645246451084,4.267273587773637,4.027721612138937,1842.4033993616545,1839.817658837828,115.59661975949389,[-0.59872416 -0.75888624  0.25616607],[ 0.79111778 -0.61028188  0.04109366],[0.1251481 0.2272613 0.9657589]
9,191.63744217880466,36.643097995917636,28.67337497490715,1.4344004906335932,2.3115661318520493,1.437400465396389,1.7599599756974311,591.6784115448337,591.6469021365127,7.562762706092079,[ 0.21625174 -0.45472325 -0.86398029],[ 0.09448497 -0.87101906  0.48207715],[0.971755   0.18588317 0.14539487]
2124,91.58250728507343,125.68087859232114,145.7817685479947,13.659224390069951,32.923462761077175,15.044486921037125,24.66955176977412,9965.635782804473,9909.850021602677,1359.8095126435205,[-0.88156973  0.10875557  0.45935503],[ 0.20060727 -0.79454558  0.57310911],[-0.42730731 -0.5973856  -0.67863017]
217,23.82049743765964,13.699340042019932,105.48809484128891,6.734005902756578,8.536818715008156,10.992004921176832,10.229167403541027,1618.137524300667,1616.6782091729926,169.929491078722,[-0.9180403   0.36389631  0.15742135],[-0.33274362 -0.92301823  0.19318136],[-0.21560076 -0.12496733 -0.9684521 ]
7,131.6556128862223,61.403359143774786,88.45467799201195,2.2868604657887444,2.468417487611943,1.8789743228706524,2.5248862200635425,450.1016403690916,450.0520544675977,7.671396925563825,[-0.50621446 -0.14046939  0.85089087],[ 0.38020693 -0.92193672  0.07399581],[-0.77407339 -0.36097235 -0.52010514]
70,11.61639901593015,32.83259797686337,92.71768573086796,7.898593331598089,5.868051922752233,4.777473616474373,4.553953619483201,832.831316260443,830.3714784254655,83.39172809516974,[ 0.46605951 -0.85043372  0.24403078],[-0.87712071 -0.40796491  0.25342433],[-0.1159646  -0.33215527 -0.93606896]
325,15.866565870276183,187.90726854771023,106.34743769740854,6.864714931721563,6.534151928396451,9.961738876752486,8.07983255290375,3909.1302433969922,3907.3300503723863,200.7295754030709,[-0.94062146 -0.10348771  0.32329795],[ 0.33139058 -0.48633788  0.8084898 ],[-0.07356328 -0.86762075 -0.4917547 ]
12,112.78082849216872,84.66386028572396,31.516627131412744,3.475725272015484,2.078754836624355,4.000969565983963,2.4120582731778595,500.91198122506074,500.6863394246178,17.804023604575317,[-0.52765089  0.80441786 -0.27294035],[-0.33496817  0.09823821  0.93709422],[-0.7806285  -0.58588493 -0.21761889]
237,131.71551085911793,12.194458234834515,116.18657310741236,7.897916451541415,6.344078885135803,11.378436847453237,11.897195156519352,2718.9607418485098,2718.2124377580876,145.47854742037148,[-0.07274195 -0.97985317  0.186001  ],[-0.66054939  0.18706073  0.72710576],[-0.74725036 -0.06997175 -0.66084858]
91,101.41071305517525,14.601502859457486,42.64407840346051,9.555965651923154,5.62683564643656,6.5153919397734255,9.561860649393916,1064.333329370165,1064.0438390085071,81.23188335890703,[ 0.03965462 -0.97084007  0.23642562],[-0.40350141  0.20090303  0.89265032],[-0.91411932 -0.13079578 -0.3837686 ]
155,186.56499983858905,140.12380468274557,183.86399979033487,6.172184439924941,7.0221695087985045,7.480860355245323,7.027878329385728,3700.872172613377,3700.013658281358,120.43819386724711,[-0.09051082 -0.74569738  0.66010848],[-0.77306918  0.47046807  0.42546897],[-0.62783106 -0.47179998 -0.61905811]
35,85.45863403477102,83.54870062661493,28.514974861360475,2.876184433209249,4.489086897736156,4.061396570104936,4.994940379454696,727.8295274090646,727.6559497024706,26.307003324688363,[ 0.49116552 -0.68569569  0.53719443],[-0.52497523  0.25910141  0.81072034],[-0.69509528 -0.68021164 -0.23271158]
5,168.4434123068527,43.87087400490481,178.5991618390655,1.5450878917826107,1.5095701143780196,1.4425870563883785,1.3042161076091545,557.6774088843998,557.6675951751574,5.020550009736271,[ 0.2542183   0.85604897 -0.45005913],[-0.69223045  0.48603465  0.53346727],[0.67541843 0.17592749 0.71614207]
53,154.6158549458116,185.25224286476336,161.20473018311597,4.332557877087966,5.661355528211842,4.480299757390158,5.871281519719989,2113.4025666017083,2113.181677400798,43.798494236317325,[-0.80753416  0.57981513  0.10818039],[-0.25296951 -0.50615622  0.82450731],[-0.53281799 -0.63845148 -0.55541399]
30,90.01877464627545,56.620105159929224,113.13631347606909,4.519731281796585,2.7060240274208858,3.236826975451263,2.1843941421314854,850.9892419647837,850.6770636261601,31.654226765783683,[ 0.38383349 -0.91106667  0.1504306 ],[-0.71859127 -0.19239909  0.66828825],[-0.57991244 -0.36460952 -0.72853377]
102,45.5628035099246,86.73019109456521,184.23638527482834,8.656619870186587,6.3551268882641745,5.699975926947838,6.497754883300672,2110.3864373058113,2109.038387012567,103.79319993675743,[ 0.48292849 -0.83225209  0.27228026],[-0.8478755  -0.36671942  0.38291513],[-0.21883146 -0.41578039 -0.88274541]
200,170.11551368558935,128.40792355389587,86.76857104902228,8.062010779300548,4.239264473288064,5.186645349626878,7.043573181753936,3257.1221008662696,3256.6522141124087,109.48307960651714,[ 0.18475659 -0.70659925  0.68306845],[-0.64729766  0.43549562  0.62557917],[-0.73950709 -0.55772848 -0.37691936]
35,130.71657127171383,27.901550040682633,16.336766591992436,2.2941423303925634,4.409016380003607,5.468515286431256,2.166226927134322,797.4566650151257,797.1190749398529,41.72698084834233,[-0.23806679  0.89691147  0.37265806],[-0.031553   -0.39062921  0.92000719],[-0.97073612 -0.20726468 -0.12129609]
213,188.56014938435584,32.42073653137509,64.00115693713956,5.524818014069395,6.754903704436325,5.717021599089232,4.776383960811675,2947.2100744082372,2946.368699962637,135.49278228527567,[-0.19952453 -0.50147256  0.84185226],[-0.29416768  0.85015327  0.43669761],[-0.93469532 -0.16051384 -0.31714345]
2,33.65751301535376,71.7069415955296,20.103624151147702,1.084223684261623,0.2052990124870533,0.11153668901140534,0.2389361567796442,115.58632694647797,115.57617808111216,1.5316778842647183,[ 0.04373044 -0.28866888  0.95642978],[-0.91018944  0.3831745   0.15726563],[-0.41187719 -0.87740959 -0.24598698]
42,182.54473419404002,194.76800908561032,178.78067783859473,4.688421881506555,2.2145173248061414,3.7081319770663654,3.6259939176223295,2082.4558961466814,2082.327536657299,34.00977946264367,[ 0.30834951 -0.78383105  0.53900786],[-0.7629137   0.13469453  0.63231327],[-0.56822818 -0.60618996 -0.55646245]
36,56.747315036917385,11.8175435764412,113.4974708139754,3.4725002980635797,4.40206633332447,4.034545160230522,3.8842613281481997,765.6593913303606,765.1358027169999,34.09754519385794,[-0.7317708   0.61094526  0.30208837],[-0.51604025 -0.78620345  0.33998028],[-0.44521226 -0.09289789 -0.89059307]
81,141.6178013980222,189.00877604291279,49.32343472298612,4.456106824691342,3.620826716809151,6.532817201209857,3.7948551971248072,2172.703387287012,2171.891221646935,70.45344443180754,[-0.68137293  0.61434089 -0.39788968],[-0.4372585   0.09429305  0.89437902],[-0.58697183 -0.7833863  -0.20437705]
100,13.489258791215573,80.22058501209882,50.42038272778639,6.125671640511219,6.775255395326172,4.26702437441944,6.810856127082141,961.564057200788,960.272951759143,74.16859532724017,[ 0.59725814 -0.4966409   0.6297861 ],[ 0.78913017  0.22350769 -0.57211703],[0.14337468 0.83868476 0.52540611]
270,51.081225004436384,101.73099280572605,127.24260180091044,6.116077504899535,13.796024901024984,9.241304542304349,12.894798918237973,2818.8306614710914,2814.9440606673916,199.82018860194188,[ 0.7475831   0.33947433 -0.5708561 ],[ 0.59400982 -0.72623311  0.34603151],[0.29710579 0.59778144 0.74457068]
14,91.30243910817113,40.33960753577768,196.59338387422017,2.703870630200715,2.2577320167292125,1.8476256649574312,1.8102897792175945,825.0912687634224,825.0080766429173,13.254010937481626,[-0.50669388 -0.76744704  0.39279302],[-0.75616098  0.61445193  0.22509864],[-0.41410371 -0.18295865 -0.89165254]
590,181.3294243741899,96.56670020914935,68.35791136963509,8.641931456412008,9.458619703590065,10.098299491327351,10.673182530617833,5270.648508590266,5268.890358070957,299.11444942818974,[ 0.31745672 -0.86712249  0.38382263],[-0.44548593  0.22093952  0.867599  ],[-0.83711619 -0.44641272 -0.31615213]
5,150.56886901822313,63.72810406790235,78.51517623629162,1.3778616022616537,0.9295666995660685,1.3765433606998112,0.9183858220803645,405.594741509893,405.57281474000615,4.365425224579529,[ 0.43261599 -0.89572207 -0.10259328],[-0.35166055 -0.27242564  0.89561104],[0.83016761 0.35137765 0.4328458 ]
601,114.51632146035706,140.09034746495516,92.15067990844483,10.106098236645352,14.669276280626365,12.170322017183608,8.546438526236468,4998.920241548928,4989.3736682971485,485.91593426721965,[-0.75108326  0.19997802  0.62919212],[ 0.34393043 -0.69497446  0.63144466],[-0.5635475  -0.69066584 -0.45320516]
2,169.08220922940592,21.779271193954706,48.396036529926434,1.466732972901596,1.8942968612285949,1.664274473748108,2.0865829418995645,250.6544073387844,250.63783219630918,2.8825319238546174,[ 0.15344487  0.582487   -0.79822526],[-0.25730112  0.80347895  0.53685911],[0.95407065 0.12300598 0.27316427]
59,93.73368133248236,6.867114198908788,152.09423233036804,3.590028933700995,3.263782701856173,4.605796277535836,3.4992076661942577,1374.052709193024,1373.7926699175039,43.81871916030184,[ 0.19041883 -0.9789757  -0.07312491],[-0.83010787 -0.20033223  0.52037287],[-0.52408167 -0.03838723 -0.85080246]
11,103.46430559340247,191.17989282267473,163.90226951678588,1.2405727193218432,1.7445909509867876,1.7896274916020338,2.0338884803316324,902.9821843794713,902.9744242424424,6.335315253737263,[ 0.59273512  0.31479575 -0.74132902],[-0.71010271  0.63857637 -0.29660472],[0.38002529 0.70222778 0.60204396]
9,173.5195522299903,61.50256055799941,28.260260632278936,2.2309666537046158,1.720912030986852,3.825335687159091,2.204194563253181,558.9236207582959,558.8167182526388,12.606260543339905,[-0.33134671  0.94332586 -0.01859215],[-0.14921829 -0.0329358   0.9882556 ],[-0.93163472 -0.33022954 -0.15167464]
194,84.51594179696637,177.65878149895366,102.59528772399895,8.06066401735293,9.34048575606575,13.68978783248458,7.3096263393395216,3100.0986392739705,3093.2420484658815,234.0805444805862,[ 0.8472805  -0.50239777  0.17237238],[-0.37018417 -0.32582919  0.86994196],[0.38089295 0.80089438 0.46204842]
66,192.8948752497134,54.325299128386234,100.16797807548305,4.4119732325197845,9.55571591594061,7.7890490119981575,3.6184446606709435,1821.9928874815093,1821.5587169975036,102.03733231551884,[-0.49769888  0.21931063  0.83916546],[ 0.10562991 -0.9449777   0.30961182],[-0.86089381 -0.24273443 -0.44714858]
101,51.827334305746966,155.94505267758342,96.31194148733039,4.952147264762614,5.564788029146682,8.360193044789352,7.395916769475023,1917.0434045219001,1916.2100965374032,84.6000900546011,[-0.8815511   0.0008955   0.47208777],[ 0.38587305 -0.5747393   0.72164862],[-0.27197363 -0.81833608 -0.50631651]
129,135.74298205322296,170.15930275276466,137.55826270513631,4.724171958773195,6.741638124438931,9.838532859406888,6.990592070501896,2927.626976153775,2926.1960844130494,122.10889586654713,[-0.82341016  0.55267621  0.12862622],[-0.21041288 -0.50789406  0.83532631],[-0.52699347 -0.66075156 -0.53449533]
87,52.495012518833974,49.23405261231456,190.99718050917787,5.0597460551590405,4.522405766422473,5.534122545171439,4.654522202354174,1905.0904847106992,1904.728172650086,68.99765242871895,[ 0.64190513 -0.76649552  0.02103394],[-0.72240141 -0.59532588  0.35174323],[-0.25708756 -0.24098073 -0.93586018]
24,41.708803591771805,71.76773587160964,63.49174773101927,2.9630901571559667,6.569705727880761,4.471504209242882,7.342896742718908,513.4696378977238,513.4114888035372,20.95975556298072,[ 0.61759951 -0.69035275  0.37680754],[-0.67821417 -0.22487962  0.69961039],[-0.39824163 -0.68763525 -0.60709256]
302,15.744157588201931,26.701920415841364,143.76402454144355,7.655019353744414,12.196000366801655,8.008916523449166,7.191422038350957,2567.96458655768,2562.321443594533,260.650493543418,[-0.99180956  0.09006234  0.09056808],[-0.07170693 -0.97941609  0.18868556],[-0.1056973  -0.18064579 -0.97785233]
307,94.39986499575072,87.53777959082353,81.90130248803482,12.231243310195508,15.369149455126983,7.480112010698527,8.971162300453132,2695.5238041170533,2681.377616582803,332.8222207088535,[-0.31574994 -0.44317779  0.83898476],[-0.72074667  0.68710655  0.09169968],[-0.61711118 -0.5757413  -0.53637277]
5,153.91747192662257,90.66138927603488,36.639201328399466,1.0904662389896016,0.9465852997888171,0.7372398273469549,1.099347450050591,407.76770510565945,407.7618562548203,2.668580683178266,[-0.16983334  0.60324519 -0.77926368],[-0.50863637  0.62362627  0.59361546],[0.84406497 0.49717754 0.20091991]
23,152.61939323673496,109.45902885676685,168.466093243916,2.2513578604440254,2.592969818505283,2.338880179671206,2.9667199926700567,1210.1285347255996,1210.0861509058352,13.94694695505856,[ 0.77382179 -0.51806803 -0.36442469],[-0.18780657 -0.73713413  0.649124  ],[0.60492027 0.43386494 0.66770703]
19,172.57196557659753,189.99921419567008,38.23017264140024,1.7404854149224624,1.7196600577927446,2.7539518927053606,1.690327688674779,1131.2396564558169,1131.2018546282225,14.264059130804265,[ 0.74444167 -0.63405961 -0.20922478],[ 0.05976731 -0.24881772  0.96670451],[0.66500712 0.73215993 0.14733424]
32,44.51461601412214,110.83086603019807,165.54048393094243,2.539564548555117,3.5670636474706994,3.2036474656695324,4.2940986340834675,1155.0705034347225,1155.049436435647,18.778654561317648,[ 0.97196337 -0.04612894 -0.23056307],[ 0.08779167 -0.83845921  0.53784643],[0.21812801 0.54300854 0.8109019 ]
522,110.9026410442398,121.08655834141848,37.58329520882903,13.483356025125614,9.195439229471805,16.779270438493505,12.43313629713017,3877.8472121689265,3865.9441458906304,459.44475851816276,[-0.74589858  0.5889616   0.31106195],[ 0.09094935 -0.37258214  0.92353168],[-0.65982082 -0.71715185 -0.22434282]
58,182.7225031191565,25.189400226979224,190.3562239369678,4.286252361625814,4.960308867213633,4.055340942878655,3.890381027989095,2019.3175352121884,2019.046444233299,50.719093769956785,[-0.62854077  0.57127315  0.52781009],[-0.36012589 -0.81524585  0.45352348],[-0.68938077 -0.09497992 -0.7181455 ]
317,135.12285446246432,62.63926741326811,25.789296113916595,12.823295736452344,14.545829056591572,9.190026487520395,14.61901476804605,2712.0516002522627,2709.9958761162475,278.5795927196514,[-0.18360203 -0.00174683  0.98299911],[-0.41068013  0.9086821  -0.07509101],[-0.89310253 -0.41748507 -0.16755327]
2,113.9119815188456,198.88134915673044,119.43668308240044,0.5183847684824343,0.4370652293415134,1.4203828483258076,0.7642452931838193,365.50603025913443,365.50085073951425,1.9458325936679217,[ 0.64759537 -0.62911049  0.42993049],[-0.62158129 -0.10979249  0.77561737],[0.44074589 0.76952297 0.46214442]
49,131.16254182310485,8.084011058985599,144.03785991246147,5.089702499753572,4.1647290051501376,4.433045170159449,5.7502358964106195,1365.8245311839883,1365.5644541776373,38.426464327097946,[-0.61157127  0.59304437  0.52371648],[-0.41632958 -0.80409977  0.42437394],[-0.67279288 -0.04149625 -0.73866623]
9,10.81598735149463,187.37952304602243,36.43865872872899,2.1924685668463595,2.1935860029251737,2.00514168078226,2.2026875358469833,573.6781023988693,573.6420101934563,8.890137052136135,[ 0.70262089 -0.17474069  0.68977502],[-0.70930455 -0.09480042  0.69849834],[-0.05666512 -0.98004009 -0.19055312]
3,166.50577497440167,138.52692492571592,72.681743322488,1.0691597554233596,0.535408794798457,1.2760429256308474,1.0095574351304193,395.72478365410035,395.7186228885909,2.4743594937615727,[ 0.67800368 -0.57412044 -0.45901713],[ 0.09566478 -0.55023256  0.82951334],[0.72880673 0.60632487 0.31813659]
21,133.93119031873374,134.41420959326467,138.61564819345773,3.3834843404177697,3.556121175904182,3.256636004325719,3.2239032632141837,1077.097756836528,1077.0361963127918,22.59597364843508,[ 0.41375732  0.42047489 -0.80746873],[-0.70991727  0.70427882  0.00296989],[0.56993189 0.57200718 0.58990289]
10,161.474636958068,142.77318213130866,128.23567007687487,1.831665855086187,4.150817858145358,1.5339633685153766,3.40861913669279,793.2485413738817,793.1927990479094,10.640569866805963,[ 0.59758715  0.04324435 -0.80063695],[ 0.47795588 -0.8209535   0.31239964],[0.64377618 0.56935515 0.51126015]
35,76.96203262950647,121.51710631399669,9.719569377959429,3.6238553289016218,6.736355832526827,2.906928441742144,5.512491364853839,854.0830875336471,853.7154948009945,35.79693572842603,[-0.11396643 -0.00688983  0.99346071],[-0.83829416  0.53732466 -0.0924398 ],[-0.53317404 -0.84334734 -0.06701268]
5,118.76863853288062,29.351645677214975,15.313477924562605,1.3068799207823925,1.2156065060774475,2.2497254324698086,1.4363303158954033,275.7640475430889,275.7277163996892,5.567546186520459,[-0.26137283  0.93735942  0.23030754],[-0.06164588 -0.25432543  0.96515199],[-0.96326737 -0.23806699 -0.1242581 ]
41,32.645806687345946,92.42246102359229,150.49882478736708,2.932278718298971,4.8499341385226415,3.1013830671139573,4.1895992229706795,1150.6400924013146,1150.4684120698632,31.49598207482629,[-0.94196599  0.33570293 -0.00189975],[-0.28223177 -0.7888389   0.54596558],[-0.18178365 -0.51481718 -0.83780545]
4,118.10365226496411,107.0784779939704,182.36153180250483,0.7389354794614834,1.2423160590225988,1.4250840620909557,0.7157526170383799,484.4535253950903,484.44122213223113,3.8022651295656216,[ 0.85816732 -0.40132393 -0.3201374 ],[-0.16063153 -0.80219876  0.57504319],[0.48759242 0.44205911 0.75288603]
165,181.44856636853098,172.77185661192038,155.43543792484988,7.40619020945388,12.600607903920807,5.2436826135182715,8.925350453931465,3791.9612355470094,3789.7208268157146,163.69014843294872,[-0.75441563  0.24475598  0.60905794],[ 0.2283055  -0.77210369  0.59307039],[-0.61541341 -0.58647284 -0.52660796]
12,120.3527110402814,179.89109531365818,83.58276949644238,2.462190284054736,3.40311433972217,1.6308617760225674,3.3587349159222217,803.865983382213,803.8269721480068,10.431314323644365,[ 0.81030023 -0.58023607  0.08209525],[-0.27260774 -0.24921576  0.92928818],[0.5187471  0.77538223 0.36011644]
78,42.61614448461573,16.897630149441436,112.60422705221445,4.816044332412203,5.663260179856735,9.06946633401776,7.423123033875621,1077.6864152579972,1076.7845989033615,80.4690150270652,[ 0.41935285 -0.90756481 -0.02166345],[-0.83849054 -0.39636201  0.37393953],[-0.34796093 -0.13864801 -0.92720004]
64,39.16781359345345,16.620650501636696,193.59403348892812,10.32093901003834,5.532846635967347,4.839027130022694,6.025492367655291,1588.4840310743073,1586.925584150783,89.04965135029965,[ 0.24136827 -0.96981273  0.03470781],[-0.94992906 -0.2288039   0.21279931],[-0.19843419 -0.08433296 -0.9764793 ]
14,60.572105214244495,131.35147243057855,153.9458392209179,2.3667388671317986,2.722410247775538,4.5119847458425095,4.834140828043794,790.6556155806334,790.6083270533169,11.78373386832404,[ 0.70550702 -0.65172531  0.27841329],[-0.64811296 -0.43438286  0.62550869],[0.28672188 0.62174404 0.72885178]
126,178.54559645057762,120.57503921284098,119.45669742379583,4.286693532080763,7.317945592566258,10.029096711109055,6.358077706752194,2768.529609163343,2766.7759649227637,129.35998503339658,[-0.6614501   0.69164309  0.29002345],[-0.19363392 -0.53108192  0.82489872],[-0.72456171 -0.48947096 -0.48520976]
129,11.015280394098147,41.41834742505521,72.45914873086744,4.605916864678227,6.786241490175154,6.738474663233507,7.152397854043331,962.1130556448871,961.1815790747058,89.563783021834,[-0.99155611  0.05262033  0.11852251],[ 0.0131137  -0.86859999  0.49534038],[-0.12901362 -0.49271205 -0.86057558]
12,154.9963569397489,29.200958342685144,126.51967541978014,1.4376200438495965,2.213906407098671,3.7192513215815977,2.7698720433106105,700.5811468193881,700.5272331857233,12.56793667792076,[-0.19991446 -0.87235225  0.44613424],[-0.61038668  0.46705975  0.63975252],[-0.76646089 -0.14441862 -0.6258442 ]
23,161.14363001535713,130.61997021653687,68.5431623864727,4.460069882639266,5.13158111209221,4.748940108879138,5.105214340040989,1048.4134277062112,1048.067054303908,31.480604739641247,[-0.65701192  0.74276448  0.12898164],[-0.15557421 -0.30099257  0.94085075],[-0.73765304 -0.59808394 -0.31331071]
12,160.14365977726857,67.81178243623715,55.84528561682959,3.918445498476307,2.200629771159207,1.699915724484064,3.7880313683569353,632.9183321195703,632.9114956768316,10.320708242373522,[-0.19174507  0.85279792 -0.48576695],[-0.44095442  0.36732491  0.818921  ],[0.87680843 0.37122515 0.30561228]
74,5.740212835126656,170.62702049749785,179.54538200636046,2.925799127540934,9.134823360836764,4.698895459212722,7.731387429566212,2133.116604373171,2132.4644594113693,63.1542201367318,[-0.98889073 -0.09073492  0.11773829],[ 0.14685149 -0.71900374  0.67931455],[-0.02301672 -0.68905791 -0.72434069]
39,185.9445354277375,184.08177030032732,9.498556689979583,2.846390955886729,8.2246217954137,2.8197433371429454,4.8477062380659195,1636.0170923856367,1635.4380127968193,48.485732711596455,[-0.18770003  0.1394336   0.97227927],[-0.67883888  0.69700312 -0.23100743],[-0.70989188 -0.70338107 -0.03617456]
35,13.229283843791416,96.61505642599964,171.0870787041211,5.403795825250198,4.456253578475332,4.460821833210529,5.794186897643993,1165.9902880977556,1165.6220540800962,35.18458730935369,[ 0.24833845 -0.85148896  0.46183825],[-0.9663311  -0.18463281  0.17920641],[-0.06732179 -0.4907925  -0.86867169]
245,54.57232211373334,42.203728854347695,102.48600955040051,8.869550036695832,7.458181508151403,10.522128549684314,9.556395446583476,1947.234523066697,1941.6804255326763,192.1455186276069,[-0.03649015 -0.91674507  0.39780265],[-0.89771291  0.20496545  0.39000089],[-0.4390672  -0.34288138 -0.8304531 ]
6,54.341488159225435,80.95284182895564,13.643752974622828,2.9404249140730454,1.8542785290757688,1.6207628082174852,1.9881058983368136,241.3146812831486,241.22335530436465,8.074432342593838,[ 0.24139862 -0.31664246  0.91731361],[-0.79805801  0.47302543  0.37329659],[-0.55211422 -0.82218276 -0.13851137]
15,45.234669337917474,55.07970954264369,137.38836277573623,2.7044857713585566,3.3921984073768368,3.279810104737831,3.1374005382722556,599.7724103879941,599.6067447733201,17.248703643699734,[-0.80766916 -0.40524235  0.42830967],[ 0.51210847 -0.84215202  0.16889313],[-0.2922592  -0.35575078 -0.88770825]
3,48.19288374752653,186.2868232012555,54.61231606454649,0.8531076709446608,0.14732963374550295,0.47113132642868405,0.19478108379889997,346.44762128584813,346.44496027043465,1.673809661918971,[ 0.35854138  0.17600701 -0.9167713 ],[-0.90188343  0.3187858  -0.29151654],[0.24094472 0.93134159 0.2730357 ]
26,181.7100537681619,88.35650124314778,166.79741502644598,4.785427194275132,4.863223312179177,2.7459271764068323,4.232967963872715,1336.4148115271612,1336.2257818210699,30.693299089889845,[-0.6022861   0.75631203  0.2554282 ],[-0.3951695  -0.56049028  0.72779923],[-0.69360834 -0.33740592 -0.63644695]
411,105.4994928008899,107.43110736793369,187.56767489740352,13.974086178789971,15.706901611571649,6.850104960737498,12.991647748691749,4892.182230114423,4888.08282560877,361.1446496853793,[-0.70340892  0.71067806 -0.01235269],[-0.55864684 -0.54202067  0.62779559],[-0.43946514 -0.44849781 -0.77828023]
20,168.3238134139759,29.42391221097164,82.59433723920726,2.1350893329708884,3.9921064399690613,2.6800862821270717,2.843640797107737,849.0331579144324,848.9254484943067,19.882344215881645,[-0.40999277 -0.170115    0.89608416],[ 0.21311462 -0.97312519 -0.08723258],[-0.88684164 -0.15520391 -0.43522828]
70,14.430215813343285,111.58668636359074,117.16827041218208,5.282976153602789,6.444159522438887,6.239470925396793,7.325537334072311,1361.532426594695,1360.8604631037197,61.73358946403572,[-0.70924448 -0.46472154  0.53010014],[ 0.69932554 -0.55870863  0.44585698],[-0.08897218 -0.68693417 -0.72125266]
84,40.831295248479215,19.47767884899023,4.868245064521906,13.30949912412378,8.60403409817748,3.85310356835437,13.477266396972661,441.9068606442805,437.09612447830256,78.50180780428987,[ 0.0490361  -0.3243957   0.94464961],[-0.4332626   0.84526165  0.31275591],[-0.89993276 -0.42461768 -0.09910019]
81,143.31975319795808,92.14066340313981,96.4234333437973,4.872596451970933,5.81461216926848,5.668250881525509,6.140210871998871,1763.677392794586,1763.2004577521163,64.95770647620873,[-0.65332994  0.69011854  0.31128184],[-0.19328721 -0.54958757  0.81276907],[-0.73198363 -0.47083957 -0.49245311]
124,168.21979747850486,153.57336495607237,140.17351043610182,8.52155238609901,5.202858062556932,4.647824645863588,6.330863601435749,2980.2958488266136,2979.5237706029156,100.57204824147954,[-0.50614281 -0.20900316  0.83674198],[-0.58973775  0.79179736 -0.15895387],[-0.62930823 -0.57391169 -0.52401959]
284,149.84067955346214,159.11555259596233,184.0963397586948,8.445541791917933,14.512641799834414,8.810757663682699,10.386630455577777,4824.980882976884,4820.39959550118,266.9248440053438,[-0.36820625 -0.5338315   0.76121488],[-0.76845379  0.63560783  0.0740369 ],[-0.52335736 -0.55769761 -0.64425961]
70,133.0048537898427,165.420939897284,87.0741416733785,5.474032487609312,4.201664492160574,6.340170315189878,5.125612505738743,1920.7464681731954,1920.360674500533,65.74254732509395,[-0.78881486  0.61331882  0.04013893],[-0.20385151 -0.32267301  0.92429795],[-0.57984108 -0.72091758 -0.37955523]
21,44.491098540723584,119.67767919705209,88.41774362527418,3.6883104693100863,2.605878599193023,2.467720300398386,3.182201567791148,711.9928975898688,711.9481937638468,18.549820764993406,[ 0.26162513 -0.6345955   0.72721444],[-0.92158348  0.05961583  0.38357508],[-0.28676851 -0.7705417  -0.56923573]
2,43.282372169086436,119.95900861837288,58.161060803856216,1.1362940686076044,0.7618454853374104,0.5350189247975017,1.2248855770656206,198.23417617111232,198.23086000019532,1.1466236621246553,[-0.17484321 -0.37775538  0.90924734],[ 0.93490418 -0.35336568  0.03296777],[0.30884305 0.85582333 0.41494867]
8,6.735440957228697,137.8189833542962,15.731081647732555,1.9566361876403469,1.9320576341381432,1.416014214125761,1.7153187286245286,392.88624277126297,392.8501250811748,7.26124196960762,[-0.54253653 -0.06899353  0.83719413],[-0.83863692  0.10190389 -0.53507357],[-0.04839672 -0.99239886 -0.11314711]
7,149.34564052838726,71.99231984645722,117.87715594900278,1.8981737855239464,1.83396424100586,3.045889715262315,2.9462676359082045,538.3168749696385,538.2729214131708,7.29083280171036,[-0.6764989   0.45441024  0.57953479],[-0.05830371 -0.81751403  0.57294981],[-0.73413209 -0.35381088 -0.57954115]
22,51.366301539264015,3.67283698411636,54.739812365241114,3.9293971892161523,2.260324545517034,1.5429381773400044,2.438210541176496,353.1015715182994,352.8167609952156,19.48363983098254,[-0.234787   -0.92997552  0.28287911],[-0.69039487  0.36439918  0.62495452],[-0.68427333 -0.04856709 -0.72760652]
10,110.77020495610358,123.05281364903313,6.779030211898965,3.08260686063859,3.0268384072001933,1.7054565882326358,2.0713631320914847,524.1814703160244,524.073804203405,13.101906582422187,[ 0.03006039 -0.08187861  0.99618887],[-0.7431301   0.66469535  0.07705679],[-0.66847141 -0.74261429 -0.04086546]
15,57.688338073562086,22.774777148097655,176.39626654216605,1.6914850044301468,4.830782726564333,4.954147792533133,5.496737391591888,724.6765930492859,724.5162869837845,17.622443243261962,[-0.94624402 -0.06217386  0.31742191],[ 0.09750453 -0.99053127  0.09664715],[-0.3084074  -0.12240186 -0.94334652]
7,172.3726549862217,6.721561156662207,190.14879558306114,1.3430095089865126,1.6802324203974681,1.350339170953092,0.7607374379495144,679.2891747304506,679.2734619564177,6.414767214455742,[-0.51122595  0.73989455  0.4372689 ],[-0.53654075 -0.67221288  0.51015083],[0.6713956  0.02618976 0.74063624]
136,73.55474686905463,137.81264639312036,70.74802049916616,8.014989751719392,7.07539186650695,8.516860276940823,7.952313999207364,2005.1704095827588,2003.119453922427,128.7447923538409,[-0.76945236  0.08602723  0.63288418],[ 0.47276094 -0.58956196  0.6549151 ],[-0.42946498 -0.80312888 -0.41296953]
53,34.24117732446504,192.2582161514054,66.15474630512833,3.1630378263766543,4.428981525969996,5.998843173440781,5.452179175639359,1502.0420010614177,1501.7334671781814,43.664175312223826,[-0.98605525  0.15353868  0.0641944 ],[ 0.01053704 -0.32736555  0.94483902],[-0.16608437 -0.93233989 -0.32118267]
2,157.14110527379563,167.39693733682032,19.106662517613785,0.5496318905598088,0.39000043447636296,0.5362185702525775,0.04704806244509996,325.82470095095175,325.8224312798655,1.2161515754533747,[-0.41544404  0.47830278 -0.77371358],[-0.60182813  0.49326781  0.62808421],[0.68206242 0.72657644 0.0829309 ]
19,133.2809169509429,126.97542876778935,52.939729586884205,2.014025822986633,4.469483691470431,4.902465277541509,2.2757489779624236,835.4017948602252,835.0487170049144,28.508865096960708,[-0.69875256  0.53581768  0.47396654],[ 0.16625248 -0.52277848  0.83609974],[-0.69577653 -0.66302494 -0.27621178]
14,1.637359418871228,93.0068190328353,67.4623329283352,0.81702527073174,5.502788560846356,3.0984946629001553,4.026388453127081,430.59965272561027,430.2340993599481,18.252862929109863,[-0.99988388  0.01470413  0.0040031 ],[-0.00537972 -0.58634978  0.81004012],[-0.01425815 -0.80992451 -0.5863608 ]
43,92.15599591486232,35.32856231343356,21.56278132175585,5.323051805027435,3.254227489446521,3.8691487638845152,4.964417890546558,663.9565850780722,663.4969231978731,35.584798063264486,[-0.37120427  0.48656947  0.79085874],[ 0.17159158 -0.80109829  0.57340897],[-0.91255889 -0.34855656 -0.21387988]
4,52.06570749209884,70.51952741144859,198.13402942903002,1.7835723724987211,1.0364710358679041,0.9816189575883706,1.1158700834804265,433.3408710749661,433.32317631371296,3.9935245962988195,[ 0.32358312  0.86135651 -0.39161068],[-0.91517631  0.3900218   0.10166274],[0.24030457 0.32549647 0.91449755]
202,179.80100762928703,22.56139329752996,116.11331931377514,9.377251974303393,10.43091475382576,11.348466066538903,6.564221144137963,3068.6598265646603,3061.266431366921,238.0214094731584,[-0.26243756 -0.78674446  0.55871252],[ 0.48299025 -0.60835622 -0.62978023],[0.83537234 0.10457471 0.53964542]
3,19.22007562762631,177.3207346302471,138.35951284715722,1.079088279064413,0.5764859208973112,0.6892390838782658,0.8674991130978551,390.9885568703164,390.98409988033177,1.9149775397830835,[ 0.07855368 -0.61854803  0.7818105 ],[ 0.99326732 -0.01841739 -0.11437149],[0.08514317 0.78553112 0.61293678]
4,88.44943153101642,129.92566681234274,63.03056086392344,2.026907713310631,1.960131808453747,1.343337422410946,2.5493384585462264,338.74223272038387,338.72302343182366,3.621171887168481,[-0.58397552  0.63988018 -0.49952572],[-0.62139032  0.04359552  0.78228735],[0.52234726 0.76723711 0.37215664]
17,156.80249072061025,50.859942243160525,14.2912300080273,2.781860774517487,3.531676775309765,2.4298460087830223,3.353700905145196,682.5253120036234,682.3820836429959,15.925476897564229,[-0.26772003  0.61758855  0.73953388],[ 0.17427532 -0.72385212  0.66758237],[-0.9476044  -0.30760768 -0.08615927]
2,70.72126564270508,9.593741416232925,119.17781798570353,0.32896224175144084,0.30492483614223964,1.9760812329938915,1.8417219451298195,196.47389485961062,196.4702612562619,1.194907193678004,[-0.47109738  0.85657153  0.21060024],[-0.72037468 -0.51139146  0.46854999],[0.50904575 0.06902159 0.85796763]
4,105.78485543165345,57.79387630853687,98.85226442715097,0.8819464273257875,0.6255068106272867,1.1939577484827366,1.548518963431667,311.8004579973408,311.7998536687087,0.8867415233720044,[ 0.70829946 -0.5589239  -0.43117972],[-0.19457424 -0.74173089  0.64185368],[0.67856668 0.37072815 0.63411978]
23,14.210839019393735,35.09887363721106,187.8517727260891,1.976324892059119,1.7202513268229107,5.369530698881974,5.273071704229528,919.4539899785259,919.3938545200677,13.455925632779358,[ 0.66205208 -0.74416297  0.08892988],[-0.74578804 -0.64242767  0.17631473],[-0.07407588 -0.18305238 -0.98030842]
16,31.16704411658994,65.48450945550803,4.267485498927222,2.710460646319833,5.404994491322162,1.5357524989409075,5.488088178312151,291.60336253420866,291.48260540183924,11.871244615582466,[-0.01548829 -0.05777274  0.99820961],[-0.90354056  0.42836713  0.01077293],[-0.42822257 -0.90175602 -0.05883469]
9,11.361461084295275,19.394598033358964,50.146940312666466,3.626969911035206,2.1194539659469,1.372044185732117,1.5315696423113287,165.30953903332602,165.00709705842704,12.490981102483522,[ 0.32768217 -0.90370959  0.2755601 ],[-0.92177403 -0.24181695  0.30307952],[-0.20726077 -0.3533179  -0.91225514]
68,145.03672611262556,30.44639844778597,82.51224359108481,7.269325810457978,3.3771963379458416,6.333342814581173,4.918153895574036,1401.0816627980294,1399.4872925428801,73.76695040371644,[ 0.0037052  -0.94026107  0.34043413],[-0.51798128  0.28940128  0.80494862],[-0.85538393 -0.179321   -0.48596535]
49,143.6651366180954,154.63152420542448,67.08653388590051,3.5865944158256378,3.268370765667078,5.358119488792293,4.07089258562602,1551.0155469764372,1550.7233204642296,41.77192733835912,[-0.58775063  0.71246038 -0.3833398 ],[-0.48357076  0.07050234  0.87246131],[-0.64862047 -0.6981616  -0.30308721]
82,56.85409459261936,31.54969011251839,132.00879091240236,4.1105406274736005,5.9171270604030095,4.517599705000097,5.111394152289281,1334.4641977584095,1333.6277871248537,61.42796526918022,[-0.89239754 -0.15856359  0.42247392],[ 0.23279055 -0.96380015  0.12999168],[-0.38656848 -0.21435219 -0.89700499]
10,197.2029077584093,4.3952476474028295,71.95114439794818,1.7300363069698446,1.923283902819469,2.1236723241848146,1.288646456928289,664.0309661382811,664.0007706492055,9.764087769933372,[ 0.14821334  0.87559076 -0.45975388],[-0.30965039  0.48259977  0.81927657],[0.93922811 0.02093525 0.34265475]
86,173.63646527043892,154.31316795303763,7.126260816015486,6.6839297199908625,5.279608590169015,4.012722029919238,4.957367176540372,2156.8002759806304,2155.9677739081994,74.1117323866035,[ 0.21744159 -0.28768382  0.93271495],[-0.62797381  0.69031848  0.3593178 ],[-0.74724029 -0.6638512  -0.03055396]
30,181.03116667975038,107.89705648673285,11.83682684063193,4.18203054888172,2.6444231730955874,2.499329524164849,3.9332534234581966,1156.47540281272,1156.3741217984666,21.386628282391115,[ 0.31321136 -0.4327848  -0.84533778],[-0.40774075  0.74262682 -0.53127477],[0.85769816 0.51107995 0.05613516]
53,45.21036633256111,88.05069359718337,92.18977985662546,4.06789523297883,4.503265660384164,3.3901144557514793,3.69813731338664,985.7095253808759,985.4065733754686,42.818499421080894,[-0.23328824 -0.64342571  0.7290953 ],[-0.91330051  0.40240149  0.06289054],[-0.33385443 -0.65121148 -0.68151656]
36,193.38286783026095,177.7719885558083,137.00878596030293,3.4314137387299963,4.391733682378661,3.290013449479273,4.954841300338402,1777.9435247051485,1777.8752641865217,24.901286127298413,[ 0.48403775  0.1392981  -0.86388859],[-0.58282119  0.78772054 -0.19953902],[0.65270738 0.60007699 0.46247236]
85,125.57778064528675,91.47203304119516,162.66328874854298,4.3575724480433315,4.3385001891482355,7.003614182067679,6.224768289081223,2075.395117760987,2074.8045225878527,63.651562770886336,[-0.82912227  0.24214336  0.50390759],[ 0.02953365 -0.88110706  0.47199376],[-0.55828669 -0.40622277 -0.72339411]
27,168.21481602727184,101.42271579790446,159.2087378273993,2.576948258855592,7.740467100057763,3.2915107249066744,4.821505432102808,1314.5468645403196,1314.1232594456171,38.17303606404489,[-0.56227305 -0.28562106  0.77606033],[ 0.49143399 -0.87017894  0.03579446],[-0.6650877  -0.40150868 -0.62964206]
17,41.51193068941925,4.734927070127907,151.65539473500542,3.41494664497171,3.0237457874502707,2.2576882449416042,2.5334088043598064,648.8164639017895,648.781494483743,18.195424088403175,[ 0.45894115 -0.88304365 -0.09801494],[-0.84833572 -0.4683178   0.2469918 ],[-0.26400668 -0.03020512 -0.96404778]
2,44.477172999074696,48.668135140040825,67.0608967071366,1.2031013494299572,0.09899201390355472,0.5816420427141651,0.9324905597645952,133.00951637312127,133.00255549350948,1.3607637589061685,[ 0.38617472  0.6056993  -0.69569925],[-0.79190474  0.60446039  0.08668638],[0.47302851 0.51745144 0.71308347]
72,141.72116399535454,81.72837728358326,65.66527217322124,6.62082210210128,4.8259222948834335,6.260305615354393,7.55944760420322,1498.1542778942194,1497.4501833324598,58.98961509531976,[-0.56428327  0.3961354   0.72433496],[ 0.18765245 -0.79285644  0.57979757],[-0.80397198 -0.4630933  -0.37305985]
15,114.45919623984945,143.6516777533708,128.45038672272798,3.1924494212532792,2.263173941896819,1.9778879411495007,2.1953129931383435,868.2183695924994,868.1269853973208,14.683019776675565,[-0.03205334 -0.65190643  0.75762167],[-0.85918108  0.40526177  0.3123632 ],[-0.51066667 -0.64092192 -0.57309566]
53,79.26659059579417,26.350837073478004,113.42005727361769,2.5008009430701508,7.5448762067234,6.387119232209126,4.430302922711058,1027.95538532983,1026.2033750936666,66.72705855355531,[-0.79421544  0.39289725  0.46352302],[-0.23025471 -0.90053842  0.36879985],[-0.56232073 -0.18617817 -0.80568796]
7,73.5351053692302,192.78775795513474,36.24982155779536,1.561228568517514,1.7071995300647462,1.8789927547330885,1.620494218597227,554.3131280774397,554.3083756275579,6.608288681873882,[ 0.53684378 -0.04632073 -0.84240913],[-0.76720781  0.38858648 -0.51028691],[0.35098566 0.92024721 0.17307261]
15,183.46870338311723,152.72590487383158,106.19353599326277,3.196921994733951,2.479348366059246,3.1286511826430115,2.2146365138505115,1012.071035618984,1011.9637137537563,17.81476441836004,[-0.57005304  0.11956279  0.81286178],[ 0.42648029 -0.80256626  0.41713543],[-0.70224931 -0.58445885 -0.40651416]
5,74.41470777179188,28.191347676986673,74.52920222320202,1.0815737284636582,1.4624282957400203,2.2480534624569626,2.0522850196895974,243.87154076555862,243.84164335454335,4.535967738017621,[-0.09007182 -0.89838844  0.42986658],[-0.72543651  0.35490939  0.58972976],[-0.68237009 -0.25872288 -0.68369111]
63,16.57431376345262,51.13197403635032,115.36430605914188,4.256281435344229,3.5172341587479083,5.533802218410294,4.632048365630215,1011.7570078824662,1011.1838929854432,50.165329350396604,[-0.70290844  0.68221431 -0.20125446],[-0.6993379  -0.61123335  0.37056753],[-0.12979303 -0.40121992 -0.9067394 ]
