N,MEAN_X,MEAN_Y,MEAN_Z,SIGMA_X,SIGMA_Y,SIGMA_Z,SIGMA_R,LAMBDA_1,LAMBDA_2,LAMBDA_3,EIGEN_1,EIGEN_2,EIGEN_3
2445,92.87972351303524,122.27084192491755,155.23085377124005,14.39262224241452,32.02161451246086,20.196048156971248,24.860936413694066,10964.577714789652,10881.984606682963,1582.7453007511697,[-0.89677294  0.15462688  0.41459476],[ 0.12463252 -0.8107574   0.57196082],[-0.42457629 -0.56459097 -0.70779376]
103,128.8537092486086,113.9771800498107,181.40583800245238,5.7402464798938295,7.5203947695297515,7.339230256893652,6.3207771767828875,2540.0032226974595,2538.2592298814147,102.96542546311541,[-0.81196287 -0.01091535  0.58360701],[ 0.27371587 -0.89020348  0.3641667 ],[-0.51555399 -0.45543234 -0.72579988]
107,136.34447051293125,170.6482445414615,140.6814923559772,3.7015798310535786,6.439424295882388,5.979633406737188,4.127579974639028,2688.9071676283697,2688.2536602604487,89.10195666440065,[-0.81708219  0.21002917  0.53690263],[ 0.23894535 -0.72415628  0.64691792],[-0.52467305 -0.6568755  -0.54150971]
15,91.7197902960716,64.54312531726943,51.85245313458305,2.679595846084007,1.9578734223183785,1.6266375132808109,2.4957011538193457,478.7141059413415,478.68664707870204,10.584793286244938,[ 0.33197828  0.25720934 -0.90754272],[-0.58192829  0.8130505   0.0175602 ],[0.7423947  0.52229517 0.41959249]
8,29.140176176606197,123.05087810016154,9.827699772045392,1.5512374202926156,1.1271093675173722,1.7582976750708381,1.3994748167368258,358.8069760262054,358.78046409782365,6.201624240236089,[-0.86407045  0.24004289 -0.44244962],[-0.44783508  0.0347497   0.89344065],[-0.22983907 -0.97014013 -0.07747343]
8,130.47566443094865,195.87860324138563,87.91210264480404,2.5627833252301593,1.626004015433941,1.907467011429087,1.404060848200256,710.669769081156,710.6342481022787,9.320499466921886,[-0.22076273  0.5179639  -0.82642435],[-0.82556618  0.35193849  0.44111198],[0.51933062 0.77964908 0.34991858]
25,163.17982971976255,77.09042310456486,160.10594974229693,2.5299808196784506,2.042284060008108,3.8815711343743753,3.5315367964505118,1206.515966572518,1206.4399242850063,18.141466631383924,[ 0.617143   -0.73766672 -0.27382901],[-0.40210155 -0.59479678  0.6960827 ],[0.67634966 0.3194755  0.6636916 ]
46,77.61269696430243,120.57043785400496,8.594019561379286,3.5322394991206325,6.391342355161727,3.0482599138580353,5.0331241980105315,975.5243486647895,975.086307609823,41.509910835982005,[-0.03354133 -0.04946142  0.99821268],[-0.84122888  0.54067716 -0.00147592],[-0.53963779 -0.83977484 -0.05974341]
41,84.84258860955507,80.7341221502165,25.077582659757713,5.12116646858514,4.010420368796694,4.129176121610522,5.4605661010243995,768.1521107592839,768.0485257878534,34.8351037532396,[-0.08391052 -0.21496125  0.97301114],[-0.70068583  0.70701304  0.09577022],[-0.70851845 -0.67373899 -0.20994613]
8,163.82243908748595,53.805847940475616,48.65510751327842,1.6251321521475244,0.6947493606222919,1.3569508171405342,1.5097191767492857,506.7936091568137,506.77509566241787,4.643900750605471,[ 0.35317123 -0.91956251 -0.17226398],[-0.19795731 -0.25341117  0.94688736],[0.91437574 0.30031246 0.27153165]
2,48.298870004333,68.37219025157802,4.2198019625242615,0.8517130198265156,0.8479197831570033,0.03444192878369057,0.20259531148070664,118.54779239926513,118.53594419728863,1.6760119320977616,[-0.01231387 -0.05292826  0.99852239],[-0.81720767  0.5759803   0.02045287],[-0.57621176 -0.8157483  -0.05034592]
352,149.68938790303116,162.98759362078874,185.51396795092566,9.64062100564822,14.03381190422474,8.421358034559274,11.364947109840456,5427.870820911785,5423.66068069502,284.2398566771317,[-0.33136671 -0.55968111  0.75957433],[-0.78879701  0.60605583  0.10244809],[-0.51768271 -0.56520207 -0.64230151]
248,58.26069151540313,62.96970887066399,178.56885833015178,6.647238500084792,16.723444952352963,9.935172422022506,9.54287445468601,3134.131024660924,3125.563848195831,289.56186517045035,[-0.95592369  0.08377541  0.28140997],[ 0.01420662 -0.94411167  0.32931948],[-0.29327131 -0.31880218 -0.90130855]
15,180.56883515155414,17.33956990448958,1.625799090057494,3.214637230554869,3.6256866728826402,0.938185587145508,3.391606908974135,702.8381816525974,702.7154934084941,13.873011436445921,[-0.02242992  0.14085146  0.98977662],[-0.0935405   0.98538705 -0.14234657],[-0.99536278 -0.09577702 -0.00892684]
468,55.48351518167036,37.63003903117583,108.40076484264475,8.398414922076642,11.536322040814646,13.559504056798689,11.672533159718881,2782.44619626799,2776.9038924811916,339.05004374563157,[-0.83958291  0.47593743  0.26188567],[-0.32837595 -0.82868562  0.45326524],[-0.43274678 -0.29455679 -0.85203669]
9,178.7736917887521,116.76806183035039,46.424221730865575,2.7367063360992328,2.231021112522897,2.507507998680553,1.7091381226408129,655.6695415734499,655.5856195262218,11.954823653966702,[ 0.20464877 -0.61583254  0.76083452],[-0.53737246  0.57899171  0.61318793],[-0.81813796 -0.53433968 -0.2124415 ]
22,53.24672370734846,162.25294394032207,58.5419155133399,2.485354744120742,4.5961820217686835,3.3949958515261334,3.7191965794399673,847.1490249911417,846.9834497284897,23.559115027628888,[-0.95485305  0.28993868  0.06473956],[-0.03573469 -0.32843441  0.94385056],[-0.29492148 -0.89892514 -0.32396747]
199,20.97013028286017,12.604852312602842,111.63194890402603,5.3475225173729095,9.662102278999125,11.528006251463424,11.061879604420113,1625.9126489091523,1621.511538701393,162.92692653023465,[-0.98211056 -0.02759124  0.18627285],[ 0.04689488 -0.9938783   0.10003399],[-0.18237248 -0.10697968 -0.97739226]
37,139.6740308464239,69.35746066531037,8.998612305070145,6.58887409469152,2.4707142496600323,3.8045347732342587,6.282633363002305,951.320947179792,951.0169032780776,30.174556025714093,[-0.37072513  0.80631791 -0.46088427],[-0.25023609  0.39117385  0.88564379],[-0.89439632 -0.44366028 -0.05675186]
726,177.41958708353494,90.87397079505759,67.23156064429946,14.054156976507645,14.75411715952871,10.42453573355392,17.92397203504323,5696.028235133205,5694.989057747867,377.56106658683865,[-0.5103071   0.83276185  0.21469597],[-0.17237131 -0.34362672  0.92315157],[-0.84254068 -0.43408337 -0.3188994 ]
36,45.05247071205921,89.29316842271456,92.64857795668291,3.522475865244033,5.081030381357095,3.037314380476863,4.078819421665531,818.8703185318423,818.5435434640015,33.17467059834344,[-0.34501217 -0.58626788  0.73297788],[-0.87874292  0.47616962 -0.03276232],[-0.3298143  -0.65540252 -0.67946306]
59,195.52054876544054,66.18629179122752,107.79408438934394,2.96565953069712,6.811174098301158,9.020769447745433,5.062268003286416,1790.7675369658614,1789.3453727421984,80.43043544482539,[-0.02851546 -0.82788372  0.56017444],[-0.54310103  0.48330312  0.68662899],[-0.83918302 -0.28465178 -0.46340611]
61,47.43644907456872,153.18281591395632,186.26249022061054,3.5725600641175217,4.033485315455747,3.905519055892984,3.897155430574291,1920.111001727255,1920.0752213914266,42.12301895061168,[ 0.38282061  0.66333915 -0.64298488],[-0.90346057  0.41414505 -0.11064754],[0.19289216 0.62326964 0.75784403]
3,41.82027120522679,78.95603502426731,29.98364615449317,0.2865745264915858,0.777586491888245,1.2690838884235278,1.0885403464275145,163.25612516583,163.24805946407506,1.8303654598904457,[ 0.87876266 -0.47638614  0.02885179],[-0.17578217 -0.26686714  0.94756665],[0.44370802 0.83775783 0.31825307]
79,165.95631197631099,99.12031618795748,102.45511212390532,4.764837367880031,3.5602153953673183,4.45379598755663,4.993059630516998,1945.438144245529,1945.2541478888522,48.94359505321028,[-0.64801961  0.59914455  0.47020888],[-0.06761484 -0.66019573  0.748044  ],[-0.75861639 -0.45295408 -0.46833084]
38,37.81316766964333,19.549326603654126,119.47771310970343,2.679497794941118,6.43341116601155,4.137235276180699,4.077464089190544,783.3349901935503,782.3874470113306,43.07398681166915,[ 0.87184492  0.35798126 -0.33426913],[ 0.38896724 -0.92081451  0.02837466],[0.29764227 0.15475804 0.94205044]
349,57.18989604989428,171.30240043493768,88.37386031962217,7.471425517050952,15.693255901348099,14.56481212272551,12.400357020664945,3777.767167466602,3765.29866623153,355.923390518502,[-0.95840753  0.26405167  0.10831304],[-0.0231542  -0.45019467  0.89263018],[-0.28446245 -0.85299559 -0.43758387]
81,186.0821880507753,13.67191482862015,109.70973189372326,4.081429983143999,6.447858733272627,8.378475965366565,4.583428209457136,1950.3445716460672,1948.825525958354,93.25710290104276,[-0.23245216 -0.83507056  0.49862126],[-0.45526109  0.54645388  0.7029406 ],[-0.85947852 -0.0636028  -0.50719952]
233,188.9241634527206,33.11209055313175,66.17933560518811,5.914933864494831,7.519021323175578,6.832964905944046,5.322240326652314,3100.875795324168,3099.6712266613767,159.7309553710292,[-0.16703327 -0.60432556  0.77903177],[-0.32415866  0.77986713  0.53547028],[-0.93113965 -0.16308854 -0.32616113]
4,196.30433305570847,189.59945499233405,186.5192920354732,1.1692511054593095,1.4079004336522931,0.7474765430491325,0.37407570412998614,661.1387448700841,661.1309098173665,3.8821423680455065,[ 0.42385776  0.37307242 -0.82532513],[-0.68388156  0.72927433 -0.02156285],[0.59384393 0.57356422 0.56424593]
70,143.17188302701203,40.00766113890802,105.6289442691234,4.839173931268999,5.320327404810531,7.25585071246896,7.437353981017575,1527.8610316937777,1527.3310301145734,58.232287298460584,[-0.30283214 -0.6802771   0.66746967],[-0.54092809  0.69930371  0.46730196],[-0.78465884 -0.21953904 -0.57975263]
144,127.5425257594405,47.11338557250835,27.46387819264997,5.696683512969051,11.840927376071667,5.739539844543312,7.76861436883473,1672.142512003554,1668.4714763452503,144.12788597154946,[-0.13789335 -0.19225899  0.9716079 ],[-0.37067361  0.91970722  0.12938198],[-0.91846965 -0.34230849 -0.19808684]
45,70.01544879513683,163.40600379966799,119.8300670247447,6.114285818287654,2.8334530580203543,6.1911208243807785,3.237824356267213,1439.3346823762888,1438.482044485836,57.32061562501514,[ 0.47088589 -0.64396092  0.60297663],[-0.81963402 -0.06654897  0.56900906],[-0.32629212 -0.7621585  -0.55914925]
304,100.9305862699726,80.49644682937708,80.2699542821359,7.621164214546462,11.653398115920359,9.153620696756802,9.170314013310657,2662.403806632699,2659.5418709350874,241.04650713257863,[-0.73413722  0.5986567   0.32039459],[-0.14534746 -0.59947884  0.78708274],[-0.66326213 -0.5312582  -0.52711296]
3,159.8943408863884,103.29040678943413,55.91858216084328,0.8393483749655489,1.3510736949856692,0.5388643703004146,1.1897169119696223,343.6487277807863,343.6425940865509,2.053871101983861,[ 0.48505455 -0.30772566 -0.81855177],[ 0.33943602 -0.79639501  0.50053788],[0.8059189  0.52063413 0.28184185]
204,171.2835495492118,127.04079941278178,90.66097204803765,8.72003360671457,4.472458888670474,11.838696791578219,9.467016461604493,3315.8728559605747,3313.4847612742738,174.58858041409243,[-0.62513995  0.77444602  0.09712567],[-0.25039228 -0.31685031  0.91482763],[-0.73925892 -0.54757578 -0.39199109]
176,169.34169373304704,152.07525715107982,140.8491009287438,8.58430435776081,6.199459324660662,6.643684089725836,8.023516067030943,3554.1839698647527,3553.099455518505,127.41885282513354,[-0.55593183 -0.1398294   0.81938242],[ 0.53886235 -0.81118356  0.22717526],[-0.63290376 -0.56782829 -0.52631156]
21,48.69395302598117,186.24674790567192,158.7254992710479,2.5776391235287504,4.1027483057626215,3.280252720646217,3.030085512123083,1143.658625202559,1143.4903449527565,22.970647463428246,[-0.89665685  0.39859862 -0.19268014],[-0.39738653 -0.53275508  0.74716529],[-0.19516773 -0.74651936 -0.63609622]
2,57.125204674521,33.59369205087023,184.25836229811745,0.3061798817996184,0.2966560402124365,0.028193299256557225,0.16674604797118775,276.9229198794757,276.9223610904972,0.5563116382042638,[ 0.69733787 -0.71150704 -0.08647325],[-0.65468416 -0.68141372  0.32720634],[0.29173368 0.1715607  0.94098798]
45,8.50785135095814,8.139355950178585,157.11538035423933,2.6861889687216416,3.8790993836158427,3.6008720204863804,3.5712604369293244,1057.538616183678,1057.315810912642,31.855516603657158,[-0.94062096 -0.33255414  0.06811717],[ 0.33513745 -0.9416745   0.03052904],[-0.05399164 -0.05154487 -0.99721012]
26,31.032124880002318,66.54215892876326,4.3025386067251,2.048546680706468,5.483891944203048,2.4505597380680983,5.213906033325856,376.20418903642627,376.17695989427733,18.50672939156361,[ 0.6138448  -0.23729648 -0.75291762],[-0.6680487   0.35200572 -0.65559355],[0.42060135 0.90541833 0.05755127]
40,113.69859326253129,18.156976210534893,43.51167824403913,4.762835002199655,2.5796782597380576,3.614644189135141,5.045321998543356,779.430810917331,779.2425912523839,26.190785455978347,[-0.01408514 -0.9091455   0.41624041],[-0.3828459   0.38946306  0.83770373],[-0.92370484 -0.14755676 -0.35354827]
28,6.338562916216103,173.5802501302399,82.87769897224737,3.2172201116717445,3.1693212532895063,3.6388103374944767,3.251986722585192,1018.7249390431203,1018.6377519654872,25.374967435469628,[-0.81577487 -0.22472157  0.53292736],[ 0.57743324 -0.36886058  0.72836305],[-0.03289701 -0.90191024 -0.43066889]
11,8.261126660313076,16.711309377669952,189.9929820992859,1.5784728648425124,1.5829070599289161,2.3172716449025774,2.3865262269081238,633.2390705460128,633.2231229312562,7.174219228844798,[ 0.71722935  0.69073824 -0.09199317],[ 0.69548882 -0.71778481  0.03286739],[0.04332854 0.08755367 0.99521706]
143,26.00373087590112,34.96185373919762,187.01438316057985,7.519435921131849,13.805545800450023,6.22107203766473,5.271994616693485,2303.67381275974,2298.5670106133734,192.55318592074443,[-0.95325078 -0.24430026  0.17784917],[ 0.27026542 -0.95252887  0.14016186],[-0.13516489 -0.18167588 -0.97402481]
5,17.818443269450505,143.93826846923702,51.86386081175967,1.4618288265795816,0.5772572524581113,1.0977565998995913,0.8320745444747403,344.445833867153,344.4339088768477,3.86308492584011,[ 0.42382987  0.26014829 -0.86757773],[-0.89832082  0.24310037 -0.36595343],[0.11570631 0.93446513 0.33672983]
191,169.56847109452625,31.54166532037907,112.13625737240085,6.934713375074903,6.176588853118155,18.25862657554283,11.445434371687112,2856.063780600945,2848.9537915039264,232.373479846159,[ 0.08081451 -0.98473451  0.15416538],[-0.56302494  0.08253082  0.82230869],[-0.82247914 -0.15325343 -0.5477604 ]
459,114.33182516192383,42.62074855072221,170.99945201796925,13.174582593337913,13.079841745165876,11.972711859660958,12.546359243047343,4521.209668391878,4512.661767133153,391.2148743480933,[-0.38120614 -0.80372732  0.45684162],[ 0.74767462 -0.55866952 -0.35898612],[0.54375044 0.20472117 0.81389477]
384,15.982507594875843,188.65847230499207,106.12556937879788,7.669245055135107,5.977736684147554,10.379195723799306,7.592268015993354,4259.876459448404,4258.37414154451,235.8089916917145,[-0.97187209 -0.04739208  0.23069163],[ 0.2236352  -0.49281941  0.84090209],[-0.07383721 -0.86884004 -0.48955597]
13,7.838909869898358,176.01822245250776,163.71393704857456,3.2557227183712123,1.9567292934691356,2.2611221703269013,2.223997454640239,867.2976792471101,867.2440950660497,13.766287899514923,[-0.09899338 -0.67535062  0.73082272],[-0.99455582  0.09116768 -0.05046954],[-0.03254278 -0.73184014 -0.68069889]
101,121.95997124633553,10.219549407825339,106.93933922739384,6.990365407974054,5.8129880007266586,7.047291714817197,5.33215575460676,1636.3764028367584,1635.3437633686096,102.08015751505329,[-0.03159438 -0.99100316  0.13005588],[-0.66014937  0.11839052  0.74174558],[-0.75046959 -0.06242132 -0.65795058]
119,15.658230140569184,90.15431570343166,45.45858096819118,5.333774925014568,12.256829284532335,8.975165528879494,8.889264495904166,1127.3093269013946,1119.7027436395147,147.40792978025436,[-0.98451019  0.17524921 -0.00523428],[-0.08135138 -0.43016015  0.89907964],[-0.15531141 -0.88557888 -0.43775382]
42,9.133968058551673,162.437219400509,59.74196651569322,5.5069185940078755,5.182264242310304,3.2057203830775984,4.876004105565878,1124.1900828673067,1123.9358451546507,43.0755633683537,[ 0.19845853 -0.34794335  0.91626941],[-0.97865761 -0.01948657  0.20457163],[-0.05332439 -0.93731302 -0.34438468]
29,79.14523956335921,89.35958345465102,64.20394565485442,4.615041157166337,3.8349794017201453,2.70298565733562,5.022102867674889,730.645701292584,730.540778510327,22.6198482993063,[-0.32531346 -0.34431359  0.88069252],[-0.74357477  0.66852049 -0.01330111],[-0.58418124 -0.65918776 -0.47350161]
253,16.578905668521934,29.391162355748197,141.18802956931432,7.014843793870294,9.754757869979926,6.12124174059493,6.357043315663506,2316.698060927392,2313.2935858891346,190.8062425744596,[ 0.87984506  0.43424276 -0.19314732],[ 0.46158251 -0.87757158  0.12965227],[0.11320004 0.20322734 0.97256588]
2,199.08226029836783,149.86805447274304,172.51026537169935,0.3449088546520329,0.41602909772585406,1.2657567702610493,0.7413041210976701,428.616065863369,428.6129286978067,1.6398991678347186,[ 0.74398206 -0.54771471 -0.38275225],[-0.12249785 -0.67490116  0.72766937],[0.65687515 0.49448663 0.56920823]
11,163.56637727770246,82.16937321672475,89.07982902491572,1.8888316545308856,1.5935651221157814,2.771790792183298,1.4862031473543813,675.2588273884891,675.2062491678959,11.269943655578281,[ 0.5041897  -0.85221423 -0.13972703],[-0.31652351 -0.33289834  0.88825197],[0.80349587 0.40362061 0.43758976]
2,49.940598486610924,11.655930924071834,55.228960631532715,0.6120526513346825,0.4078722030090294,0.8995739575689434,0.31668781523656264,106.59748962179304,106.58576387741545,1.5810541850695115,[-0.14290456 -0.93436138  0.32641554],[-0.73522507  0.32100493  0.5969924 ],[-0.66258764 -0.15467595 -0.73283898]
225,9.486964217231515,39.493263085082766,79.3033634680969,5.726596844605677,9.477733321093712,12.778036763589968,11.543178044684185,1357.3775666970466,1350.5318709340268,186.22381745907487,[-0.97785552  0.20907748  0.00922937],[-0.18254147 -0.8736554   0.45100428],[-0.10235813 -0.43933228 -0.89247407]
458,114.21555715132963,121.81584285938901,34.592838404588505,15.181658291605723,9.71128657290888,14.452548517613321,13.505784442253438,3675.878274251542,3667.4753210142803,405.63612756381553,[-0.69091341  0.70076901 -0.17765544],[-0.26699499 -0.01897549  0.96351108],[-0.67182761 -0.71313584 -0.20021224]
22,178.08299732246365,131.09629714029498,143.0022477152466,2.8794407266254325,2.8770846638593275,2.450570090415157,2.6766737122802327,1235.3557495402551,1235.2839109928111,18.39215339609142,[ 0.73475852 -0.40300912 -0.54563134],[ 0.05278186 -0.76796964  0.6383077 ],[0.67627213 0.49780145 0.54300067]
13,74.51809445687402,146.11713377954612,13.35704412800994,3.3180856500192486,1.5363822899167021,3.691840329203102,1.456232818314025,593.5840315247867,593.4280827809075,18.000646576990622,[-0.68738846  0.28966518  0.66602641],[ 0.5677917  -0.35750437  0.74148716],[-0.45289036 -0.88785399 -0.0812749 ]
89,177.70165883319729,152.69759769416007,5.712118250065037,9.767021083671414,7.545916677560433,3.833053608222042,4.69694539982932,2214.0670980389323,2211.7068611000723,114.05275298272853,[ 0.0081256  -0.04690981  0.99886608],[-0.6515586   0.7574963   0.04087466],[-0.75855478 -0.65115192 -0.02440938]
69,61.557447936537294,48.98475776636676,59.31346587037558,6.87261341606205,5.694498935485682,4.864716914589651,5.516302747964318,822.2676128866626,820.1784419568388,70.68408963657598,[ 0.59892596 -0.79983997  0.03929016],[-0.49928393 -0.3346077   0.7992204 ],[0.62610163 0.49829079 0.59975248]
8,71.81251387901511,27.570651306843686,76.13542449972783,1.8195816260733233,1.1590800221201651,2.195178384612845,2.5772293474019867,306.2380099360961,306.21527173223586,4.74892503833772,[-0.70471049  0.52848444  0.47337862],[-0.25126054 -0.80986047  0.53008883],[-0.66351433 -0.25461779 -0.70350445]
13,14.753577543487316,195.1424160281407,11.733479753024138,2.9892186263672382,2.3465929133077976,2.092075478495767,2.2059919417785414,707.0197300614038,706.9404949981272,13.455764334615079,[ 0.41493108 -0.0858135   0.90579702],[-0.90674711  0.04318547  0.41945761],[-0.07511239 -0.99537483 -0.05989215]
48,13.485018102659145,96.61912638217423,169.74116455455555,5.778588395168723,3.786689260338441,4.966563432168368,5.665651705560345,1357.5074751570162,1357.124228622809,44.01413208645451,[-0.04643975 -0.86653286  0.49695487],[-0.9965119   0.07471884  0.03716347],[-0.06933526 -0.49349558 -0.86698024]
3,166.97790124359685,195.5713197169573,168.85222136238272,0.24112449846713938,0.4153097538940601,2.373872795796074,1.1606509265326217,532.8598031483583,532.8481044052047,3.677328300231692,[ 0.76677404 -0.64174253 -0.01496956],[-0.34272891 -0.42899854  0.83576142],[0.54276557 0.63570966 0.54888866]
64,78.14649146218241,27.44606139371913,114.21818452264145,4.170899340758407,6.989473594970478,5.396556294221004,3.851725482363607,1130.8024692044828,1129.7211427996765,72.01145592025043,[-0.79301828  0.41968158  0.44157602],[-0.25407207 -0.88664636  0.38640085],[-0.55368709 -0.19423081 -0.80975614]
94,14.293501263907105,121.44140963455804,95.6679645055138,5.9229905617858,4.493949115350571,9.124276010427355,8.04370455069424,1508.6772431464121,1508.1919166014197,83.50739312704836,[-0.97139171 -0.06474096  0.22848797],[ 0.21846332 -0.62087898  0.75284996],[-0.09312315 -0.78122845 -0.61726022]
122,39.36689061975202,51.54619460204643,75.42742187270034,6.00443136847338,8.811139844869858,7.827059632695062,10.848824721894067,1107.5708466092415,1106.2463118995022,82.65876637892319,[-0.463762   -0.59872095  0.65303754],[-0.79337279  0.60871266 -0.00533986],[-0.39431514 -0.52057864 -0.75730671]
8,88.14887619008309,128.08498580562613,62.94456868998035,0.8880364016423956,1.6976609996632153,2.081383787585621,1.6827215105903213,474.51137348204924,474.48265295162554,6.4281135294943175,[-0.84526268  0.41823977  0.33257555],[ 0.09699297 -0.49196321  0.86519626],[-0.52547442 -0.7635756  -0.37527182]
12,47.06692948131846,73.6299830327079,99.14871438932441,3.027455200456624,1.6171775178262464,1.983215369440766,1.3285956332101878,457.98420187738856,457.8983043836416,12.96359051204422,[ 0.04820762 -0.81274599  0.58062034],[-0.93319358  0.17060749  0.31629549],[-0.35612607 -0.55707903 -0.75022475]
3,107.63925111654669,196.52071054083578,107.73108966258087,0.22971033045622463,0.8465264447787275,0.5928146134266713,0.9767598772367322,430.62861947056643,430.62829719702796,0.7077838380806061,[ 0.75382117 -0.58106266  0.30678955],[-0.49428293 -0.19382042  0.84741845],[0.43294114 0.7904428  0.43331529]
60,145.17339895529662,92.31761688098761,96.16382363158573,4.464923011916963,5.723552211237737,5.870525060069461,5.994039737170774,1528.0890850507706,1527.6654694994845,55.5119340971738,[-0.61834735  0.75884646  0.20444704],[-0.27441969 -0.45224674  0.84862637],[-0.73643763 -0.46864158 -0.48788798]
96,141.26505692009528,188.16600515008577,49.03707952610639,4.4571267336783,3.8221766105034143,5.787612445452753,4.137046320198558,2356.127417763155,2355.4330994297447,69.95173921414732,[-0.63766516  0.60348243 -0.47874013],[-0.49792439  0.15128535  0.85392274],[-0.58775373 -0.78289316 -0.20401922]
55,15.15871020565502,109.55913389645498,118.2488834077289,4.542869290621929,4.586620062853876,6.36815589586449,6.944905209568691,1202.5322785876688,1202.0188245785134,42.99677865873863,[-0.60482595 -0.5441728   0.58143059],[-0.79081986  0.4963736  -0.3580743 ],[-0.0937525  -0.67637949 -0.73056229]
67,130.11877065873045,6.742705307009433,146.43019901118075,4.205577535175548,3.9798017860632546,4.773473309105388,4.611234159949753,1605.3024558908896,1605.0631911515536,48.53477926555892,[ 0.46719782 -0.79910006 -0.3783719 ],[-0.58402263 -0.60021628  0.54649609],[-0.66381003 -0.03434403 -0.74711226]
25,47.51303957884339,20.97036075655286,195.14303483517958,3.6223245442543806,5.480767702141717,2.616789743376471,2.439438798835696,1010.1442795603167,1009.9050083407997,33.215068289379204,[-0.93277264  0.30351222  0.19446217],[-0.27309995 -0.94714687  0.16831289],[-0.23526925 -0.10389005 -0.96636186]
50,48.69350725722571,25.12318115482386,4.64009938810695,6.150604914400318,4.9107981440264945,4.499422239989331,6.836011539288012,393.06103992048486,392.89664645259586,41.599907964489915,[-0.45093499  0.88854077 -0.08457497],[-0.11613966  0.03553851  0.99259689],[-0.88496848 -0.45741918 -0.08716927]
12,72.6757570586567,12.67086345615696,181.17510945507627,0.9227683916799788,3.6646238334594603,2.538429435098025,2.4561541870324053,677.8193346355946,677.7044320894279,13.293761721187154,[-0.88377269 -0.28100985  0.37413807],[ 0.28454766 -0.95750787 -0.04702461],[-0.37145452 -0.06490104 -0.92618   ]
2,120.16407425540356,74.69689826296397,39.826861882274756,0.2804970319675206,0.8482740568002143,0.5042577828267696,0.06513861962642409,207.87622664714425,207.87118377787263,1.4479502204103165,[ 0.47477503 -0.32840177 -0.81654207],[ 0.32597633 -0.79617588  0.50974838],[0.81751337 0.50818919 0.27095322]
79,33.275046424208696,191.56146974998205,65.1653602057899,4.012585776818068,3.6627182187411536,7.516872498775073,4.774537223905847,1824.1992449387837,1823.3767704221739,70.81113743017583,[-0.96270133  0.22067386 -0.15655411],[-0.2164332  -0.28085913  0.93502664],[-0.16236629 -0.9340349  -0.31814461]
5,46.30698450282718,39.1979662791326,47.20297677692053,1.6971979802398813,1.5978208359033543,1.5175877556889448,0.9111038151387479,171.97672400888078,171.91949934505874,5.868722333990451,[-0.68046758  0.73021349  0.06125459],[-0.41702079 -0.45463123  0.7870223 ],[-0.60254256 -0.50999872 -0.61387602]
170,85.21688890263522,181.18796850727878,100.4985943439643,4.660631174491564,5.480018586985761,13.754552204752597,6.546222195976799,2927.4863729214103,2922.8436570319313,183.45656140643052,[ 0.85861333 -0.48897656  0.15389957],[-0.34422521 -0.32749486  0.87991825],[0.37985808 0.80848565 0.44950951]
75,186.622970378589,174.741309182622,156.83558334576705,4.324200820384774,8.559869880950565,5.2037585674697056,3.8503794745642317,2599.1350027096587,2597.798457564603,88.35469141197473,[-0.70834207  0.13462697  0.69291204],[ 0.33333234 -0.80149727  0.49647928],[-0.62220661 -0.58264715 -0.52285871]
56,8.886697520418021,195.80284624882333,139.6739530824041,4.606899652683039,2.65610462730458,5.366344654950786,4.105925418182582,1801.7879678399504,1801.5189987849394,47.48206014583851,[ 0.62731606 -0.47095233  0.62022453],[-0.77789709 -0.34135725  0.52759013],[-0.03675166 -0.81343661 -0.58049134]
48,93.86525347344862,6.962392961167754,151.24685832689343,4.622237699066792,3.323999451686148,3.235837925959193,2.3126365409981187,1234.8439574414606,1234.5097778560341,42.439802314778525,[ 0.20445613 -0.97543898 -0.08195417],[-0.82494627 -0.21676875  0.52199133],[-0.5269358  -0.03911654 -0.84900445]
19,40.76291186150908,4.9797828385085525,151.63636331306236,3.254406153027623,2.3891836582335695,2.8445010338287555,2.4670202889340866,685.0620538890432,684.9153568636876,18.64867568459203,[ 0.4309435  -0.89823193 -0.08641236],[-0.86430025 -0.43838603  0.24658216],[-0.25936994 -0.03157676 -0.9652617 ]
2,35.391283668948574,134.27227478774958,64.25130006400713,0.5604978835869083,1.4643912667865209,1.209287782683564,0.9068887067723637,216.39656777744463,216.38224955478339,2.4893018036464394,[-0.95225947  0.29262906 -0.08700656],[-0.19922498 -0.37970238  0.90340219],[-0.23132513 -0.87760716 -0.4198742 ]
302,110.27168273159315,151.63908414436577,83.89108332025548,8.233714228009642,8.747841567650587,10.204580641694568,7.7776243659076245,3577.814023463866,3574.365142569067,239.11400163460075,[ 0.39028791 -0.64635259  0.65567041],[-0.74850661  0.19192495  0.63474614],[-0.53610932 -0.73850738 -0.4088932 ]
3,148.22504950657486,166.4225028167711,156.44268834225454,0.9934118666853542,0.381085291768469,0.34628183706595195,0.9318395303786072,471.62271258071377,471.6216249092621,1.0718237256726213,[-0.11376198 -0.62480424  0.77244927],[ 0.831094   -0.48586104 -0.2705953 ],[0.5443721  0.61119449 0.57454357]
15,121.29886235307599,177.1775411715047,47.18218941036936,3.6514734159506395,3.0753896114229877,1.9309287781961693,1.5318342679128008,851.6560497045408,851.5036587649489,19.044897207402204,[-0.01334373 -0.24876503  0.96847194],[-0.83392564  0.53718479  0.1264932 ],[-0.55171548 -0.80594569 -0.21461959]
64,77.30353656136313,108.56088391034132,86.93248144598343,7.075250893160886,4.62647923869592,4.305225664687303,4.250156677640719,1274.7406111526361,1273.863873624258,67.8418008845006,[ 0.10555481 -0.66618432  0.73827951],[-0.86753658  0.3011876   0.39581095],[-0.48604368 -0.68226423 -0.54614747]
2,112.14058213526219,188.83223585697945,9.459705020820463,0.8291657183855818,0.6641620005020741,0.5381331142558228,0.1706915678833667,310.8827035834012,310.8782353808281,1.6667794777180744,[-0.3679678   0.26319864 -0.89181061],[-0.77740742  0.43910806  0.45035744],[0.51013469 0.85901722 0.04303495]
124,136.97728856785935,14.203144810368597,124.22123611269333,4.741945467000391,5.7684524039282765,4.767948945657732,3.9280755782897168,2066.84310809973,2066.3684985848527,88.38647792729753,[-0.53426415  0.67258693  0.51204359],[-0.41114606 -0.73602176  0.5378019 ],[-0.73859376 -0.07680357 -0.66976151]
122,187.0184138130733,139.92802165666893,187.04417583399686,5.959611524337184,6.756211812584139,7.9024165875934935,6.312112748171715,3307.472461984558,3306.2314257894172,112.11081718655298,[ 0.03835344 -0.81810181  0.57379303],[-0.77992054  0.33447025  0.52901191],[-0.6247023  -0.46780239 -0.62522632]
13,170.69935473156718,42.8890524468155,39.627623757067646,2.2903565379959465,2.8201355013870346,4.751546928289269,2.1513240043376194,650.8318075033864,650.5333548111889,20.11982725300486,[-0.31324572  0.84326709  0.43678111],[-0.08132713 -0.48205855  0.87235626],[-0.94618339 -0.23773972 -0.21958327]
253,50.39071544700155,102.24477802538802,128.01189688670962,6.1877457620684355,14.499637307161846,8.861797302071317,13.541050645159629,2740.2835455080035,2736.051155857336,191.77059521862057,[ 0.76773069  0.31817251 -0.55619767],[ 0.57029713 -0.7350388   0.36671399],[0.29214855 0.59873552 0.74576471]
30,122.59423553835092,63.29095504970242,133.93385099945291,3.298594174670569,4.594091879803623,4.293914306196599,4.031628071714629,1053.7658297958803,1053.5557685479644,32.02102519573481,[-0.75812447  0.10701098  0.64326972],[ 0.13712714 -0.93822681  0.31768946],[-0.63752916 -0.32905789 -0.6966186 ]
7,51.75330355335344,181.2573810943987,28.13354587940079,1.10875693113123,1.3521023898418254,2.4827286074451917,0.9233868945481659,504.31187139098694,504.25978506934274,7.6584923334425605,[-0.8900079   0.18977115  0.41457551],[ 0.36627375 -0.24392014  0.89796799],[-0.27153173 -0.95104673 -0.14758266]
105,104.34290575083587,57.94901263090242,4.680116905512867,8.74252315798017,8.79281090143777,2.8933559924190084,5.673046358527619,1230.5365375578356,1225.7754339382602,116.01713140424417,[-0.05574156  0.02046905  0.99823539],[-0.48187973  0.87508869 -0.04485211],[-0.87446258 -0.48352953 -0.03891519]
29,30.96894127702806,85.78216721154563,127.80393144738572,2.2933712043049916,4.854828035576954,3.5567124415832896,4.476427809986926,846.1391528496696,845.944222288218,24.894176954183663,[-0.87599996 -0.27464939  0.3964742 ],[ 0.44025143 -0.79106377  0.42473144],[-0.19698414 -0.54661305 -0.81388661]
21,132.1007708047775,12.890990382527429,83.15260162899001,4.383333201617404,1.9774574570699037,2.8879882545946023,3.7498060781972145,718.1587334903456,717.9923021741646,19.098265255698998,[ 0.14797763 -0.98557782 -0.08209128],[-0.51625722 -0.14777699  0.84358784],[-0.84355267 -0.08245191 -0.53067936]
26,85.68825687592897,19.794310615890254,37.474338385461664,5.545962847960087,2.5246797898406013,1.8614998600642376,5.0956246316248155,488.3902329594175,488.2762345190027,19.505915244778276,[ 0.16590371 -0.97659498  0.13688757],[-0.41003544  0.05792833  0.91022813],[-0.89685389 -0.20713898 -0.39082802]
27,56.922722085963144,125.36884424805505,27.790656964956842,2.6514288289195345,2.0488058092923627,3.1548765798974556,1.784202657978815,730.1438333581019,730.0410213060247,22.057119154731215,[-0.80009714  0.45094071 -0.39559707],[-0.44227318  0.00208627  0.89687796],[-0.40526411 -0.89255147 -0.19776977]
5,192.0185976348953,178.7580268352742,32.83134502482084,0.7103863472642619,2.245095521492037,2.039904660334264,1.7906680085753977,591.233422776191,591.2210102774853,5.703687771482784,[ 0.5234224  -0.66097965  0.53771265],[-0.445655    0.32550082  0.83393096],[0.7262373  0.67613247 0.12419447]
6,189.8896449863305,57.31679076442478,67.59428867931292,1.3396480644497168,1.3505829688817952,1.9338268739427114,1.5929721640501464,513.3358552959022,513.315835904435,5.3673972242156145,[-0.10364348  0.88306121 -0.45766902],[-0.41005131  0.38128524  0.82854058],[0.90615449 0.27354061 0.32258268]
52,35.54519371086073,83.49316388301033,67.78793193080668,6.100764495349298,6.586623654103302,3.805393849583972,5.271121784911522,819.1445838532126,818.3721051789755,58.77384207500203,[-0.55727598 -0.36653358  0.74504806],[-0.76868933  0.56700134 -0.29601723],[-0.31394299 -0.73767379 -0.59772668]
6,8.275247164908945,177.46179212427865,147.7352257883058,2.887298828319241,1.601275227477392,1.8016888742019204,0.8582099467241437,566.0368637605145,565.9803585068123,8.979665064131087,[-0.58895481 -0.50066992  0.63439882],[-0.807372    0.39929453 -0.43441263],[-0.03581464 -0.76804525 -0.63939331]
21,191.3411243498945,190.74908214560077,117.18063887722974,4.664125946102155,3.773372192413005,2.1153021346215777,3.880438421371243,1349.8133440518457,1349.7204149067093,23.061702983437137,[ 0.15098434 -0.62288807  0.76760288],[-0.74498762  0.43870041  0.502529  ],[-0.64976702 -0.64772865 -0.39780701]
76,159.9528732459669,180.4996346056304,167.06737648982258,8.875191122608417,6.658142413807524,5.597034336992896,5.245229049917757,2559.6557643731785,2558.4381459722,98.30959867769303,[-0.57492503 -0.2198679   0.78811123],[-0.60987248  0.75727843 -0.2336342 ],[-0.54545098 -0.6149695  -0.56946971]
32,31.55418969445499,21.97869189650875,70.54910768246455,3.1665465809257265,1.8177637139947935,2.8196729804352834,2.6908082830458127,455.1348096755747,454.91114287747496,21.170805917544843,[-0.23239262 -0.89441192  0.38212692],[-0.88975809  0.35418379  0.28789647],[-0.3928412  -0.27309551 -0.87811995]
18,140.8023848712307,186.63256436740173,114.70399751609843,3.5263002654992675,2.807165677283893,3.034334681113549,3.7327009161772473,1105.035569280306,1104.9811947049675,16.760830042775847,[-0.1413359  -0.4388328   0.88738376],[ 0.82925682 -0.54207022 -0.13598901],[0.54070075 0.7166489  0.44051908]
2,140.60887104730585,116.48095009775845,139.22553100030706,0.0733914832709246,0.6184144070818149,0.8324874656587724,0.23600071441475734,324.7260251142831,324.7228681004621,1.431893547684288,[ 0.78744248 -0.45954569 -0.41079447],[-0.07025454 -0.72902457  0.68087258],[0.61237133 0.50728781 0.60635009]
39,181.19387784493316,111.07812148864042,12.390777598046743,4.362286192061962,3.3286972268963213,2.4034708819544988,3.725007188368027,1329.9618061463757,1329.7921201997237,29.250550877548147,[-0.1277182   0.09816918  0.98694016],[-0.50912399  0.84748912 -0.15018308],[-0.85116439 -0.52165602 -0.0582595 ]
16,118.83933847993423,7.584827154404029,196.26976020414665,3.0532384271022828,2.0570105281619595,2.6154243177660117,1.876688645230433,918.4404348686165,918.3244908560832,16.37928409146894,[ 0.38290201 -0.9025518  -0.19694239],[-0.76513119 -0.42931079  0.47986093],[-0.51764884 -0.03305295 -0.85495449]
12,8.408007817467091,114.6395719589501,191.15596600254648,1.876865341070246,3.8600668679232943,2.3641727354710977,1.7129791015628086,772.8501820536256,772.7297017261818,15.887065649707825,[-0.97448729 -0.17097246  0.14540614],[ 0.22125446 -0.84059455  0.49441608],[-0.03769608 -0.51397394 -0.85697713]
12,72.96934826230071,85.87531760630912,91.95433749660589,3.3091879880972423,2.442058635412563,2.687810451152532,3.492315512438495,504.1052960168904,504.01081322305697,11.957715371708746,[ 0.41195691 -0.80571857  0.42556913],[-0.76059976 -0.04687362  0.64752673],[-0.50177634 -0.59044089 -0.63213927]
64,130.8080577603831,121.07235021061175,76.73702006234745,3.83950991347844,3.028094767292958,6.551274640199365,4.886092894667736,1553.7097195370918,1553.0607459431023,52.395037204481326,[-0.68817158  0.72494976  0.02945696],[-0.26848799 -0.29216448  0.91790746],[-0.67404308 -0.62376899 -0.3956996 ]
3,159.69788913408624,45.460971314228516,97.06459275525839,1.5559807285683909,1.0330641377636727,1.259589102776504,0.8076336965452979,333.1489238303119,333.13489758360424,3.6454049044158627,[-0.33603827  0.93479414  0.11505738],[-0.44453339 -0.26511389  0.85563116],[0.83034231 0.23637797 0.50463562]
70,94.7805509921707,43.96614651819211,40.85419481548441,4.898626763596785,4.915705217257654,2.562740572004057,4.444124142724581,940.4637314696422,939.536707984818,49.217158740268964,[-0.22899883 -0.35003864  0.90831299],[-0.48329859  0.85086139  0.20605183],[-0.84497456 -0.39180076 -0.36401945]
10,81.46406525911286,164.40679890384098,75.99500340244616,3.0925526673788606,3.431287506744562,3.1511857851203695,3.702936475850577,628.2534195635992,628.1493480821534,13.266084444236595,[-0.76480949  0.08375373  0.63878929],[ 0.49674084 -0.5547352   0.66747089],[-0.41026208 -0.8278008  -0.38266285]
7,87.72764410879654,194.5470323374734,8.970893294380058,3.7369594580210306,1.0590563197323402,1.5869122331395873,0.6831965736323764,565.2386002289212,565.1405736931896,10.964624605781053,[ 0.30207891 -0.17938605  0.93625262],[-0.86025051  0.37188728  0.3488107 ],[-0.41075222 -0.91078016 -0.04197764]
5,155.34748758233985,4.621525426074622,160.09477497326424,1.0151966438202324,1.3472401396537335,2.721169920308127,2.137307793197323,498.9665866294785,498.95057406985745,5.343052846991621,[ 0.25836962  0.92534727 -0.27744833],[-0.66974975  0.37855176  0.63885354],[0.69618993 0.0207606  0.71755737]
17,101.11143396843966,28.282357053779734,189.87801866320365,2.7507214214029294,3.400565093526682,3.0640272120324856,3.3859685586284143,894.8299530676427,894.7516577819077,17.0009919057921,[-0.8407979   0.37317689  0.39217075],[-0.27544835 -0.91855626  0.28351827],[-0.46603336 -0.13035878 -0.87511113]
3,40.668390023895746,63.58492473895918,125.08400444860403,0.9074729671098446,0.6205347972678503,0.07081020392258576,0.49612709930568055,253.0463250727658,253.04100856719413,1.7027857347103907,[-0.5327226   0.81171599 -0.23942383],[-0.79919014 -0.38945722  0.45784079],[0.27839135 0.43524731 0.85618808]
34,24.263132310181796,113.50926565854381,157.20744049012768,4.404616466840712,4.4094003037995275,3.217536299842163,4.36604769058199,1140.0178680837548,1139.9164244651686,32.045773629791555,[ 0.3133093  -0.79217162  0.52373792],[-0.94147775 -0.18690249  0.28051221],[-0.12432589 -0.58097468 -0.80437025]
9,41.21113528579384,108.50021414868925,40.82387145357409,1.1411945838882158,1.65718785624099,1.2869977060740474,1.773392163168871,369.16504990112577,369.14410449793615,4.780431290135907,[-0.86278667  0.42860951 -0.2681288 ],[-0.37865506 -0.1964214   0.90445507],[-0.33499181 -0.88188011 -0.33176493]
7,195.8880432721604,84.15532691456932,5.021952680062257,1.7900678905847076,2.221882224818935,1.0881839902696,1.9924501784436133,564.2817387010482,564.2621972996765,6.111406831080911,[-0.04328755  0.04109366  0.99821716],[ 0.39296308 -0.9179182   0.05482878],[0.91853481 0.39463589 0.02358614]
71,78.96381328975936,136.5139369802082,78.15915409873843,5.206169539769588,6.581089521238347,3.6831131624059648,5.2539559741784485,1484.7469733771893,1484.125067285161,63.337942802019654,[-0.57345264 -0.13103752  0.80869106],[-0.68554833  0.61719793 -0.38612201],[-0.44852598 -0.7758195  -0.44376633]
12,58.21511158562105,20.156101478004363,174.40193997128836,2.0245099460374827,3.244264575069216,1.772701025071256,2.115195306732056,640.8785712410324,640.7903977868687,12.649867402344048,[-0.90892003  0.32079725  0.266371  ],[-0.2734388  -0.94085492  0.20005808],[-0.31479455 -0.10900062 -0.9428803 ]
