N,MEAN_X,MEAN_Y,MEAN_Z,SIGMA_X,SIGMA_Y,SIGMA_Z,SIGMA_R,LAMBDA_1,LAMBDA_2,LAMBDA_3,EIGEN_1,EIGEN_2,EIGEN_3
570,110.15824794928955,104.87401000180769,183.61338360501614,16.33002943500062,13.46696996782335,10.613941416666973,11.533314270834767,5714.890713264806,5704.766632463009,490.6453873566432,[ 0.14631592 -0.89354071  0.42447219],[-0.87475999  0.08350198  0.47730743],[-0.4619379  -0.44114897 -0.76941599]
2045,91.52013424616689,127.42777205745809,148.11096474356833,13.66424131983069,33.08851229196245,13.692110121939177,23.693472650797663,9894.361265723688,9833.396992236925,1344.0046175688212,[-0.88731637  0.12031468  0.4451899 ],[ 0.18441493 -0.79224518  0.58166889],[-0.42268286 -0.59822399 -0.68078429]
633,181.788425761807,95.84532018679779,68.46646958097945,8.804719307089307,10.293525590484187,11.999657512295467,10.755821015038562,5464.324627276008,5461.131565455517,365.7619916396012,[ 0.32240591 -0.8727294   0.36660309],[-0.43880653  0.20536738  0.87479887],[-0.83875101 -0.44290816 -0.3167477 ]
495,111.58649261749201,120.73935047159206,40.13099013966829,13.291775862661048,7.970186524027983,17.511670709358636,12.57956504359173,3794.383572372963,3781.4519620284664,445.29961657615246,[-0.74887291  0.60365832  0.27347028],[ 0.05001128 -0.35999831  0.93161155],[-0.6608239  -0.71133526 -0.23940326]
69,4.157960509283648,67.32567260195214,110.40327932057374,2.890057431533777,4.454094339712186,6.279913814834059,5.821203238580878,1076.6240586925367,1076.0231834757199,48.562496670530074,[-0.98219482  0.17458056 -0.06938995],[-0.18510118 -0.83618489  0.51626775],[-0.03210749 -0.51991967 -0.85361153]
397,113.6508773555768,42.28143077086798,171.38463976102813,12.635060352200952,12.229129623446875,11.182647347895983,10.664223355902054,4199.545229491286,4192.534402806383,358.2670223956436,[-0.30650403 -0.85619518  0.41591477],[-0.78332181  0.4751264   0.40082645],[-0.54079776 -0.20294019 -0.81630452]
181,54.32685016238447,161.83584267999754,94.6171323773372,6.01385375345885,10.06675779839463,8.171045449425032,10.3877051555348,2631.8747937483176,2630.6163942912326,131.53569807405577,[-0.95188207  0.30553384  0.02386604],[-0.12824488 -0.46784919  0.87445433],[-0.2783411  -0.82931671 -0.48452041]
58,182.3299917375179,194.05795709456427,179.2653204571037,4.400451702882202,3.7257453686665,3.6561829315940955,3.7079446674343703,2445.0984327005126,2444.89332550365,43.53031697390238,[-0.67713673  0.72897692 -0.10039175],[-0.4677508  -0.32108131  0.82347798],[-0.56806252 -0.60456551 -0.55839549]
36,184.61954606995337,163.21688300085376,132.0310250019537,5.461170940260703,4.507760629194056,4.020848400314497,3.801381936944643,1678.0101038585342,1677.6314916692731,43.17504710073116,[-0.2722513  -0.4001129   0.87509365],[-0.69982437  0.70650959  0.10530931],[-0.66039767 -0.58374127 -0.47235691]
12,162.37900140327227,3.7053689534127456,170.73880561916215,3.720033681485178,1.3791543136252409,3.4738012769592994,2.154210238592097,816.5175008476268,816.3731649887452,16.71074498304643,[-0.03556816 -0.9978257   0.05548669],[-0.7238261   0.06400409  0.68700746],[-0.68906507 -0.01572712 -0.7245288 ]
429,113.78434913578154,119.24657874764853,107.65583893906295,13.357808593748862,14.546601541793523,11.377755083345,11.181682493436009,4101.310040025285,4087.869828381837,409.0132071610569,[-0.75791281  0.6467131   0.08561744],[-0.29960991 -0.46166141  0.83492673],[-0.57948432 -0.60714983 -0.54366075]
4,81.65321370491621,86.89027437703103,165.0240631389339,1.1111829583670878,2.5258744422672073,0.6320534034937804,0.6396420667605224,407.2196248036439,407.19375737403976,5.5139144774855575,[-0.84021222 -0.18114085  0.51110803],[ 0.36497378 -0.88601011  0.28597243],[-0.40104559 -0.42681856 -0.81054818]
61,179.29303966521442,18.94167482870369,190.1938800116389,4.377198664735635,6.1001175880585325,4.213004744121216,4.59904465704428,2047.721976442258,2047.2956518313767,56.86921514056495,[-0.69707202  0.35745879  0.62154148],[-0.21448583 -0.93112665  0.29495591],[-0.68416842 -0.07229367 -0.72573218]
41,80.32191611198579,88.43140351848213,64.52882626776153,3.344150896539761,2.9242223041045032,2.597996949656281,3.385077882183291,869.9107387493127,869.7900641451824,24.880628226418434,[ 0.30787853 -0.72721468  0.61348971],[-0.74511631  0.21666221  0.63076079],[-0.59161854 -0.65131889 -0.47515388]
68,40.4520210608848,20.77828731953566,4.789364665605258,11.015142435507046,7.269252231320881,3.8678791945384337,10.465039268370301,392.64306516373017,388.4249365424067,71.14479038067604,[ 0.06253677 -0.32607319  0.94327378],[-0.45271048  0.83303243  0.31797829],[-0.88946185 -0.44691526 -0.09552159]
63,187.54042758758146,187.71418127870535,11.796958740846797,4.814180388578711,6.442898800569431,5.428070829958328,5.93387266094742,2109.4360807672642,2108.8766994027033,61.05731373642254,[-0.51169489  0.46561264  0.72206178],[ 0.4896324  -0.53255609  0.69039417],[-0.70599465 -0.70681602 -0.0445272 ]
11,172.09230174512348,76.99947310149125,76.99275780936672,1.8437072697285068,3.2078966398801585,2.60041925793299,3.0124763843709177,675.5724843328092,675.5167161205719,11.195356504376141,[-0.10443139 -0.57674769  0.81021984],[-0.52452291  0.72409857  0.44783589],[-0.84496734 -0.37821074 -0.378136  ]
172,23.700994997232783,34.28221504584724,186.9326010924262,10.611306897596789,15.457375593983164,5.175751600295585,4.469249424187256,2522.2746320413044,2514.9364627057516,248.12042857271524,[ 0.89010523  0.41476242 -0.18890424],[ 0.43861611 -0.8921807   0.10784016],[0.12380867 0.17884553 0.97605619]
61,128.04366193381787,6.789919898437378,146.4606999279393,4.245256811688108,3.772580840159449,4.992377410147079,4.281169939524539,1521.3358467152568,1520.8416050433013,48.78664540241269,[ 0.42471834 -0.84215616 -0.33224591],[-0.62211236 -0.5381069   0.56869779],[-0.65771616 -0.03484209 -0.75245962]
2,121.91903932302864,191.01579232193185,183.6145900178657,0.04086705263899404,0.7495730207193958,1.0328441467322023,1.1582230808390648,412.4735943793623,412.4728941956517,0.7600092719239426,[-0.38060729  0.75550824 -0.53324047],[-0.82486632 -0.01671221  0.56508075],[0.41801154 0.65492595 0.62955409]
21,128.1449623336724,115.23849430645525,144.89298871646508,3.229828158661928,3.8826673651383805,2.4447587608340533,3.251048294913633,1032.079543052344,1031.9327646741417,20.970174176653522,[-0.56543535 -0.32458311  0.75824051],[-0.59696675  0.79540774 -0.10467679],[-0.56913405 -0.51183233 -0.64351698]
149,135.13638737429173,169.49378246098794,140.40747441447914,5.218330121125962,6.823057636154764,8.297378192636938,6.008098831191572,3155.477109862098,3153.971561459249,125.6846242256795,[-0.84838966  0.34100864  0.40490503],[ 0.0802491  -0.67319067  0.73510163],[-0.5232543  -0.65614589 -0.54376237]
12,117.33165734545516,17.8946079816577,51.87572435503728,2.0011882082078025,2.6527565870042826,1.4521405282677093,1.6616117404811472,448.8522638638344,448.770605041873,11.172170339873764,[-0.42177004  0.38080702  0.82285846],[-0.03884034 -0.91428335  0.40320886],[-0.90587055 -0.13810131 -0.400408  ]
26,158.00552677909587,53.058659154858326,170.81252984975157,4.5981427881235994,5.810519332396092,2.7751745806342596,2.0624028254594524,1217.5502166721026,1217.0128667989645,38.94716574128713,[-0.49069867 -0.59324183  0.6381841 ],[-0.56646278  0.77372121  0.28368186],[-0.66206853 -0.22230523 -0.71571339]
21,146.76960601394956,40.650607699127555,92.02566199372005,3.70378220798103,3.478397058100203,3.701730588217131,2.840496659149784,815.8963558790007,815.5613828217723,25.65341775274536,[-0.44438035  0.82751723  0.34313459],[-0.3493629  -0.51278855  0.78421519],[-0.82490707 -0.22861133 -0.51697697]
5,126.05301088935755,147.33362970017794,197.21847923231925,2.533778963078669,0.8789762929852367,0.3425210365934958,1.2167936203975285,618.4606209024457,618.4394416603909,5.394664589027111,[-0.1345148  -0.75070298  0.64680044],[ 0.87986094 -0.39072828 -0.27051088],[0.45579655 0.53270673 0.71307296]
277,17.615736055434496,29.648984964647596,141.47594520480388,7.172122716572177,10.900352771557806,6.217410816625358,6.068701723931262,2432.703420199086,2428.383510497756,219.35256962758416,[-0.94651407 -0.27165638  0.17410895],[ 0.29945054 -0.94052513  0.16044267],[-0.12016857 -0.20399826 -0.97156792]
150,122.59687677916585,10.094273596330591,105.47914207162542,11.311972911767871,4.973847132828767,5.242102256712979,8.42014593823063,1990.4812625609452,1988.2721929264014,127.01683853128445,[-0.09848307 -0.97337444  0.20698622],[-0.64493329  0.22083372  0.73163756],[-0.75786683 -0.06143839 -0.64950996]
12,152.55331571619286,173.07533764518612,7.639241785932216,3.773128319204618,2.307828587284413,3.3339336122775465,0.9656170733090819,799.8593481398093,799.6669458841355,18.88742718331508,[ 0.43325439 -0.4171381   0.79892831],[-0.61276898  0.51370473  0.6005178 ],[-0.6609121  -0.74973546 -0.03304446]
8,24.051762393130794,179.20934331552303,157.46791279563024,1.6606366119491802,1.612617241553308,2.7813238235942017,1.5746094348456703,678.2377801757564,678.2093594290588,9.219303108780737,[-0.99488408  0.08334857  0.05708486],[-0.0120762  -0.65913611  0.75192669],[-0.10029871 -0.74739053 -0.65677056]
115,103.33523744157587,57.02629398509987,6.572640435530448,7.654735225967701,6.985633841527798,5.810340189286372,5.220587940391276,1272.5040839572232,1270.45137902571,114.1358317266725,[-0.11459625  0.09552249  0.98880896],[-0.47043581  0.87146459 -0.13870692],[-0.87496163 -0.48106644 -0.05492938]
53,133.5060659505101,167.2386026391236,85.32456429352754,3.1487696875793705,4.984278745516356,6.0078733150981165,5.142063935228396,1678.1354791072097,1677.7180603097659,48.59310982309212,[-0.81429366  0.5348329   0.22556509],[-0.03437894 -0.43235782  0.90104651],[-0.57943414 -0.72596177 -0.37045322]
2,194.89126659206545,120.38236472061737,122.39957785440538,0.2941688235099349,0.6795877126983569,1.0418163959006392,1.026700662758543,367.30861668270904,367.3070386499296,1.0766836046145716,[-0.21359244  0.84473317 -0.49071799],[-0.6255544   0.26756028  0.73286642],[0.75037321 0.46350553 0.4712777 ]
68,108.37965919890193,148.49497293133305,41.17571948758134,6.606052442999137,5.617167144509179,3.320980752358929,6.552681464389826,1555.1621068779818,1554.7369257148234,54.30717892030005,[-0.33199186 -0.01881595  0.94309457],[-0.74735156  0.61527222 -0.25081016],[-0.57554066 -0.78809013 -0.2183275 ]
84,153.54671790631505,176.95383676593693,182.47057490226393,8.631813268530639,4.88179975158854,6.926456677179116,3.1733349839689926,2723.683293428074,2722.090136226966,106.75353181290379,[ 0.18097987 -0.77773663  0.60197344],[-0.8366801   0.19995859  0.50988526],[-0.5169262  -0.59593816 -0.61452828]
28,179.29667035055164,165.47611370420682,88.41036251834547,2.2426487501273513,1.8337749003841828,3.1691407651857073,2.420731245067376,1373.3447985112898,1373.3112386707783,18.72211723587816,[ 0.64080634 -0.75831231  0.11970661],[-0.3347099  -0.13563915  0.93250807],[0.69089545 0.63762407 0.34073306]
61,4.677687315108072,97.21959670510213,86.74009130581912,2.531901420132121,6.062573142620084,4.493706934082362,4.223754993605071,1019.9766447010512,1018.9434867500767,53.02102499461912,[-0.98885756  0.12264067 -0.08438007],[-0.14449706 -0.65446018  0.74216068],[-0.03579569 -0.74608387 -0.66488911]
5,188.6780329913168,184.22242300777162,157.68915646897236,2.258864442521806,1.763191471946194,2.2043888481589553,1.6173860190006002,687.0794925065003,687.0456353516995,7.24470515073034,[ 0.680759   -0.07337574 -0.72882315],[ 0.3993037  -0.79696922  0.45320705],[0.61410401 0.59954655 0.51324476]
3,126.52625837623184,66.50842061371203,105.77810230851519,0.6650626940931296,0.6108036754321249,0.36856670032827743,0.7767349210594835,308.0042725129509,308.00269541350275,1.0203492652887534,[ 0.62359529 -0.72625828 -0.2892712 ],[-0.32381487 -0.57676478  0.74999088],[0.71152853 0.37402046 0.59484103]
80,192.4074381707177,44.85271973285218,101.91855330508487,3.680602888155514,7.916480266989536,7.638468182788116,4.2757248823519545,1990.8958326036307,1988.8999533107149,96.46651546272193,[-0.19054703 -0.71376459  0.67396731],[-0.46375002  0.670558    0.57904049],[-0.86523277 -0.20221791 -0.45878118]
88,23.673665712612305,148.9759824605626,101.51948183725298,6.479012641072931,3.0390418311369682,6.830469470779321,4.782250302421584,1707.955596355301,1706.4965426397325,81.41581689729138,[ 0.5804092  -0.51963064  0.62698418],[-0.80392776 -0.24299432  0.54282034],[-0.12971249 -0.8191079  -0.55878163]
198,127.70599576129123,48.765909900146305,27.984047239839175,5.1421205242147465,9.328906394679736,6.0011234959728315,6.428116221467857,1969.3337168047026,1967.185514294211,145.73264205755643,[-0.10114039 -0.28205769  0.9540514 ],[-0.39140385  0.89291712  0.22249053],[-0.914644   -0.35091661 -0.20070846]
9,34.32258855069953,68.16277637856382,192.76291487487686,1.3719985921143418,1.3726137743121838,2.1452944226191804,2.023759893033083,622.0088238435707,622.0036450629135,6.208478403974084,[ 0.93220045 -0.35986329 -0.03873924],[-0.32186223 -0.8731657   0.36604148],[0.16555067 0.32875533 0.92979186]
356,16.153389594818496,188.872367372181,106.49271389100264,7.474432378238613,6.354991538376196,9.730868316613709,7.787543346640142,4108.397540985124,4107.331671289513,214.9911626726357,[-0.97423876 -0.04147071  0.2216732 ],[ 0.21282659 -0.49417793  0.84290748],[-0.07459004 -0.86837109 -0.49027337]
145,184.40235583623024,138.17357066569346,184.9643565296131,4.348045739990952,6.982844698294218,8.259857413478365,8.076114228332361,3560.497444508476,3559.6988291743864,100.61840970486243,[-0.02819553 -0.78713542  0.61613542],[-0.7811463   0.40194653  0.47775458],[-0.62371104 -0.46782136 -0.62620102]
3,199.05973003187728,177.18802880560952,2.188259715837878,0.5292596351424959,0.21911169547917939,1.009044879073985,0.38380521001891726,461.6053347286298,461.6015278755498,1.8960786920736181,[ 0.61522564 -0.69574567  0.37072277],[-0.25218653  0.27185413  0.92870732],[0.74692662 0.66485584 0.00820606]
45,180.19140136146825,109.64549955078587,11.203218809521317,3.4479933596005186,4.360238918750458,3.347368163249113,3.6488474021486983,1417.4984097087602,1417.2815771103267,35.96737068472223,[ 0.20525088 -0.4274301   0.88044057],[-0.47979944  0.74013169  0.47116618],[-0.85303257 -0.51914216 -0.05316804]
151,11.519062392439615,41.61662358106334,72.38218276045403,6.057526684987011,6.547619316169132,9.298674840682361,9.167602216356455,1045.7386210603418,1043.529945824399,113.87943730006752,[ 0.88959697  0.32036498 -0.32555107],[ 0.43545771 -0.80995416  0.39287511],[0.13781802 0.49126423 0.86003817]
21,32.06591984339474,67.53125599619702,3.5809712009412378,2.698980118227794,5.2445719088981315,1.7337775881174264,5.43068019984609,344.0693653105011,343.9341707686862,13.293195652315838,[ 0.3737656  -0.22510641  0.89979241],[-0.822936    0.36703252  0.43366285],[-0.42787337 -0.90255982 -0.04806404]
74,101.04178839225956,35.96033500154115,55.24168560716119,9.247815764540354,5.047144958153474,5.708297104127661,6.918289869244646,1042.0992122793918,1040.2099179116801,85.25769623279875,[ 0.28538008 -0.95334173  0.09847715],[ 0.46329487  0.04727425 -0.88494238],[0.83899707 0.29816889 0.45516946]
201,24.3172011751569,13.214284795037095,106.47923568652432,5.3037554999987035,8.280107187783234,13.917385434312981,13.026919702690499,1575.9596249113492,1573.049416799047,155.93921816348498,[-0.94707368  0.26514239  0.18097227],[-0.23603362 -0.957246    0.16723703],[-0.21757661 -0.11567025 -0.96916501]
159,54.97234367352555,49.33507294352524,182.5398605541834,6.171450536700145,4.896139276856834,10.991447960066298,9.573329467638485,2487.973047103745,2486.8925179803623,120.42437973048018,[ 0.25097815 -0.95089841  0.18111371],[-0.92720583 -0.18241796  0.32712848],[-0.27802756 -0.25003178 -0.92746147]
2,19.54899683181882,79.03791679215757,77.9743443377499,0.12968199092492405,0.8142145078721725,0.37718680821738104,0.8542122242314889,159.43635705477206,159.43577786685606,0.42975212306758054,[ 0.98297819 -0.0799279  -0.16542496],[ 0.06069921 -0.70855936  0.70303573],[0.17340557 0.70110995 0.69164684]
121,14.48333645202964,82.13488095889136,50.51736927338355,6.435017427676067,7.2487694653499775,4.594256584242683,7.316753732974518,1078.2334588518409,1076.4234222274638,86.51215326587165,[ 0.66999655 -0.47168393  0.57325291],[ 0.72672409  0.2590616  -0.63620687],[0.15158074 0.84285311 0.51635445]
120,133.08732160396306,91.99136180317285,12.82113322302754,5.40733400719897,5.102422016672401,6.944025580517684,6.133115258157842,1780.642387711418,1779.7704289460205,89.07796841047545,[-0.57109484  0.81952216  0.04726628],[-0.03840835 -0.0841933   0.99570894],[-0.81998505 -0.56682882 -0.07955885]
43,145.44866943528214,84.6539687444888,67.0550876618568,3.1744729213699037,2.8969297761779598,5.0939427041546494,4.045862515496956,1188.6217821968246,1188.3345697455436,34.73721071032418,[-0.59557422  0.65682611  0.46246169],[-0.02732001 -0.59193104  0.80552546],[-0.80283558 -0.46711574 -0.37048336]
182,172.23488039952684,128.6764683661127,86.11972565712766,6.469314534334866,4.788269783560589,6.071811188668184,5.786809913740684,3126.657217823712,3126.21951349324,111.33718339292908,[ 0.14037164 -0.67377905  0.72547749],[-0.65357235  0.48734996  0.57907961],[-0.74373314 -0.55543839 -0.37195325]
6,149.05388445294693,26.315571887102575,103.82528783531255,2.760963589872624,2.1887429276826404,0.6853279544932536,2.5859284876066946,449.67858430461706,449.64170060888245,6.101838321827845,[-0.52577355  0.60023596  0.60272628],[-0.25300286 -0.78685089  0.56289896],[-0.8121279  -0.14346591 -0.56556679]
27,45.39203086988553,191.77212857421262,157.68648039885878,3.6339696427844195,4.854031963400927,3.343663200397823,2.6649525263583698,1311.8674265844893,1311.638808605353,33.24595582683718,[-0.84286968 -0.20844545  0.49610603],[ 0.50720208 -0.61572465  0.60301676],[-0.17976861 -0.75989055 -0.62469961]
57,159.12472710547038,104.29074009784948,26.740628082873233,7.875059405995579,3.1775522558310003,3.7303911723534626,5.780569121232712,1452.0515664067195,1451.333418306643,54.65263003261922,[ 0.16173278 -0.46951318  0.86798611],[-0.53588345  0.69679601  0.47676435],[-0.8286564  -0.54224781 -0.13890959]
4,116.88269593781858,27.965940082417813,14.400548595397083,3.245224488051386,3.576282739940527,1.1331111271671586,3.8200431120823564,242.28141190195677,242.20909279690315,6.291923036162594,[-0.20865954  0.41646093  0.88488502],[ 0.15566367 -0.87912376  0.45045559],[-0.9655206  -0.2317363  -0.11860972]
51,39.24721891955183,82.25646646451985,185.0678061356955,6.058399398159939,4.701602915122123,4.870624862217423,5.851076394879281,1474.4877663144841,1473.9867726132893,49.3616442503213,[-0.4927656  -0.75145772  0.43874065],[-0.84903336  0.52564654 -0.05327356],[-0.19058968 -0.39875682 -0.89703321]
25,40.966563144559,65.97345439835503,61.410490157590004,4.176183449341284,1.9603100682421608,3.020803972093377,2.6772081198719953,495.6369489670553,495.36110297164726,24.125414561496505,[ 0.00243878 -0.68238955  0.73098465],[ 0.91025801 -0.30113967 -0.28415711],[0.41403432 0.66607762 0.62041614]
4,47.13615742894825,100.03836192816604,51.438379209267396,0.6373187773830223,0.9767573443440228,0.6575792855427943,0.9593883737024627,243.94303943204383,243.93820632235958,1.8629371970440796,[ 0.6522314  -0.56635396  0.50382278],[-0.65210361 -0.08035802  0.75385906],[0.38646486 0.8202352  0.42173349]
6,181.397548616579,132.41939045392047,143.13673744791313,1.670230027328268,0.6104879573368692,1.255756878762121,1.3207063216031447,652.3741094056656,652.367987876238,4.242154702115812,[-0.47935765  0.85769238 -0.18595707],[-0.5534246  -0.1309696   0.82253764],[0.68112954 0.49720293 0.53744934]
2,197.94091843277153,175.0752456588691,159.22193550584066,1.0046867746341235,1.2856072685464852,0.2966861983162232,0.06816211044420584,436.31714104080964,436.31084842137454,2.343313006409184,[ 0.50202671  0.19804491 -0.84187137],[-0.57994506  0.79922203 -0.15782228],[0.64158624 0.56747014 0.51608597]
36,46.019272287418254,88.5155235788227,91.64316566713565,3.725854734299269,3.6939145649269247,3.3172649081354786,3.2213118560242813,813.5048620912319,813.1790409689243,31.832359199830147,[-0.0703193  -0.69959602  0.71107005],[-0.93807853  0.28877937  0.19135087],[-0.33921067 -0.65358388 -0.67658276]
57,94.34690172812658,43.77001570338447,40.89752750287424,4.222162251492005,3.5908410698866904,3.084824847282035,3.5708829799665103,844.9521746331035,844.3420630497386,39.52141507296781,[-0.03770151 -0.63758775  0.76945465],[-0.53452197  0.66345264  0.52356171],[-0.84431325 -0.39155135 -0.36581782]
7,12.73640187329767,3.141500919145782,13.435173750335041,2.7431508603739556,1.9804159594502935,3.412622719248349,3.978525189167979,51.243103443979365,50.842595855893265,6.979943228962487,[-0.73363071  0.1972676   0.65028569],[-0.04788842 -0.96956695  0.24009713],[-0.67785889 -0.14500147 -0.72075092]
105,137.00995709573493,15.030615627495449,124.69444042327835,4.757732679620547,6.180554119888076,4.645235545218314,4.526218070324581,1906.2812834760173,1905.6865378308453,80.567212903214,[-0.6264994   0.45395198  0.63358196],[-0.25317004 -0.88733122  0.38541957],[-0.73715903 -0.08106116 -0.67083952]
18,155.6133165772835,153.61546352554763,72.19882618933099,2.0519378351837623,3.4061832043997473,3.0893031585032698,2.2493741360126163,977.1698847748012,977.0466070820027,19.069537284088877,[ 0.20306323 -0.57738409  0.79081789],[-0.70867392  0.47066038  0.52560449],[-0.67568232 -0.66716296 -0.31360323]
38,33.77893202001012,108.91377606630043,162.5114549432776,9.586494765844316,2.430818434343038,4.370010201404006,5.812908894078323,1225.5744135565187,1224.380131194146,56.11375023028337,[-0.09602147 -0.81752417  0.56783282],[-0.98054776  0.17580099  0.08729315],[-0.17118983 -0.54840519 -0.81850216]
7,28.90756650338552,135.0129445310986,49.156879698182465,2.1779462664346716,1.00393333198081,3.1155744056695207,1.6747536274457322,387.89781096116434,387.80203678354826,9.42667566684987,[-0.74462558  0.36334597 -0.55992183],[-0.63770047 -0.13947719  0.75755147],[-0.19715695 -0.92115461 -0.33556418]
21,132.3239477559965,67.44689806209651,12.785952990896227,3.226278269486575,2.0834432382168138,2.282854843811153,2.877273136039592,683.3554057123027,683.3377095458463,15.664714393557592,[ 0.27337391 -0.36816055 -0.88866446],[-0.37042521  0.81231294 -0.45048068],[0.88772285 0.45233339 0.08568921]
15,64.48651597164763,62.88016965166852,92.6184481330222,3.683854669766753,3.1090991978259366,5.371232187764945,5.801426079111765,501.0587858081909,500.94368085572506,16.62067049451078,[-0.72712454 -0.21523435  0.65189269],[ 0.47134938 -0.84690794  0.24612336],[-0.4991189  -0.48623155 -0.71725812]
2,190.49059940359243,84.65455859569035,4.019016963910593,0.5936811220848028,0.5975273839953132,0.04937022908683142,0.7859858619647468,294.8556500499733,294.8553307165359,0.4339521110240175,[ 0.02779053 -0.10970505  0.99357561],[ 0.40554254 -0.90724823 -0.11151638],[0.91365362 0.40603627 0.01927715]
100,61.5473365129834,75.94549850136535,174.16681578840655,8.017646590019197,9.10140767627299,5.256465575211438,6.967969425632562,2000.912077346991,1999.1015195930013,113.43868004441134,[-0.58537284 -0.64652981  0.48922167],[-0.75002197  0.66098048 -0.02391331],[-0.30790531 -0.3809252  -0.87183159]
7,110.84608253364787,53.535780869454,40.99615922702794,1.2364452520986697,1.9989834601162437,2.0339986652041753,1.3303149444950266,343.36414671968754,343.2950319273096,7.450839008525537,[-0.51128418  0.55824461  0.65341521],[ 0.09319724 -0.71980611  0.68789057],[-0.85434347 -0.41260406 -0.31599862]
33,193.49471221340553,100.89240141819491,193.56596301713896,3.2310979389737238,4.277784676451762,1.8837331868590106,3.446777761721873,1675.9261895154618,1675.8555614570635,25.881663506805232,[ 0.72808672 -0.09366035 -0.6790563 ],[ 0.17278161 -0.93356175  0.31402067],[0.66335227 0.34596272 0.66353112]
30,165.37452901771965,79.90661056407792,18.893448362732308,2.976601450088634,4.116733695884605,4.048939337711838,1.8257062706659373,1011.7304335854718,1011.5410131130274,34.120687657261726,[ 0.17367426 -0.55211299  0.81548053],[-0.40934403  0.71266915  0.56968425],[-0.89569789 -0.43275158 -0.10223187]
9,185.1982354726065,83.24168028466767,80.90543590632235,1.8236679381609933,1.4069807587106942,1.0491601057959683,1.391149856620053,655.7507619242782,655.7321891066006,6.33276134822567,[ 0.3807719   0.05023144 -0.92330361],[ 0.3701948 -0.9232888  0.1024383],[0.84733026 0.38080782 0.37015785]
34,52.911685467663126,193.38963937930114,67.30550049599356,2.6044374979897285,3.455587937596595,4.30503563872202,3.277222137082019,1233.6486164748023,1233.4232806504435,29.986949287306004,[-0.90112006  0.34009724 -0.2689173 ],[-0.3541282  -0.21948305  0.90907668],[-0.25015168 -0.91441843 -0.3182186 ]
210,52.3845858507482,97.71737121442915,124.06330566633915,5.663903435672353,11.152682622730504,6.679678797891219,8.511579075471639,2418.901075803593,2415.2740885471776,165.30681566814803,[-0.8913338  -0.08688777  0.44494333],[ 0.32646171 -0.80401145  0.49697922],[-0.31455812 -0.58823134 -0.74500811]
67,27.370734879125816,82.68026294736516,80.27736092473832,3.873567757555325,3.3510580681809627,9.988992838515973,8.507996723862274,973.4835764911095,972.4648261646461,59.15426319031308,[-0.96510122  0.07534628  0.25080385],[ 0.12324178 -0.71435609  0.68884457],[-0.23106513 -0.69571424 -0.68014013]
54,10.27657272726056,119.08706106150903,93.70977052221104,5.485969738547495,4.200847040724449,5.518325958006881,4.21931728392805,1117.8800985530056,1116.6698604138076,57.22001135391318,[ 0.69893891 -0.47851992  0.53151019],[ 0.71199261  0.39546538 -0.58023587],[0.06746055 0.78398075 0.61710879]
16,19.289285635899766,107.13196708358853,33.06663274805221,2.6598185857632153,2.631470298875291,4.474725498009782,2.5822011966067913,455.5865889993405,455.26219637336754,20.82061814752597,[-0.90659923  0.03326754  0.42067934],[ 0.38643948 -0.33505036  0.85930541],[-0.16953574 -0.94161273 -0.2909005 ]
17,189.99088459776013,172.5984680076062,30.331081649427894,2.24372715464507,3.5763150882591206,2.155116000581697,3.6486339758783166,1065.8511135058,1065.8326581711365,12.462534219984903,[-0.27620136  0.45298158 -0.84765589],[-0.61924894  0.59061754  0.51739895],[0.73501262 0.6678163  0.117379  ]
39,19.28075208726794,123.9725359301034,109.96049330210052,3.5087402609088474,3.7724383746748513,3.921495666580743,3.0421693397055334,1042.4673732830745,1042.1949171443193,35.729835393182334,[-0.85452734 -0.26397607  0.44732501],[ 0.50640363 -0.61491756  0.60450952],[-0.11549195 -0.74309692 -0.65914231]
116,179.84549864769966,123.50715616478489,119.08793340889491,4.549494532768635,4.661717414864663,9.971279308552448,4.191601975058014,2679.724758127555,2677.807766818496,119.8922727555119,[-0.61295741  0.78169255  0.11506506],[-0.31755713 -0.37707937  0.87003944],[-0.72349201 -0.49675739 -0.47936564]
84,178.19018577767397,164.6949458690966,157.80946652489826,7.642765458443132,6.011356212552135,3.429528250421895,7.55691656370348,2654.2039475309734,2654.0479096387485,64.26791495331615,[ 0.49115799  0.26363251 -0.83021788],[-0.61605684  0.77894779 -0.11710814],[0.61582287 0.56898    0.54499904]
12,187.96590553773197,56.47061761613565,62.324356128798655,2.3281447256014087,3.2983001974269173,2.483938867992915,2.3934034340370927,713.4991152785332,713.4175275476506,14.149336364777348,[-0.16634098 -0.42729738  0.88867746],[-0.37305056  0.86151834  0.34441172],[-0.91277815 -0.27423184 -0.30270933]
20,55.47805242319839,21.152610533285486,171.8684139944135,2.781801672368269,3.4971156092662046,1.5980352671150098,2.278460709728461,813.4482893800524,813.2747990778919,18.623059984928375,[-0.80703281  0.55849268  0.19179147],[-0.50551496 -0.82129282  0.26444798],[-0.30520921 -0.11646474 -0.94513666]
52,11.273169246019775,159.66657457367702,63.675464439253524,7.6584421513616645,3.3826840773862776,5.006342655683026,4.586415988749239,1244.0898435911035,1242.758175129124,62.415202914199085,[-0.46183583 -0.30018097  0.8346251 ],[ 0.88448799 -0.2261473   0.40809116],[0.06624701 0.92668699 0.36994939]
65,67.47336340811819,185.59273548094077,72.39406474433875,3.5233794369212483,3.0940314958274135,5.490152693583844,2.6256626080261403,1696.5245641847487,1696.0587181735834,54.17055057183926,[-0.9287977   0.36428032 -0.06807854],[-0.18544088 -0.29780776  0.93644125],[-0.3208528  -0.88238902 -0.34415563]
153,167.44614257713644,153.22352850868018,139.78523034395766,8.747625039721244,5.81875372774153,5.538879768583272,6.79883009571445,3299.8062020617863,3298.916602981205,120.81701148988331,[-0.54888537 -0.15004479  0.82232075],[-0.55110164  0.80463091 -0.22103412],[-0.62849967 -0.57450471 -0.52434006]
288,55.30523826707492,42.856917113821,103.62689368359811,8.805254863488924,7.057838630381522,10.48012414933322,8.522453345674895,2135.776270431002,2129.3045188538063,215.1128233198885,[ 0.01782771 -0.92706828  0.3744684 ],[-0.89813283  0.14973115  0.4134465 ],[-0.43936272 -0.34369317 -0.82996109]
99,141.69753824573152,189.5675993587963,50.358005804297335,4.621804941650312,4.061518597090126,6.546589188908056,4.259871431689954,2409.0403982300504,2408.151236099572,78.82065285124811,[-0.64393053  0.60553992 -0.46762686],[-0.49240071  0.13979538  0.85906856],[-0.58557238 -0.78344027 -0.20814977]
6,105.3302759621953,84.3442938154157,96.30057655319791,0.4544071935833263,1.6017206173412561,1.5270374550600812,1.1816065210088404,406.0952864574447,406.09410557359195,4.709302471069597,[ 0.75351623 -0.24380216 -0.61055205],[ 0.16902347 -0.82563632  0.53828964],[0.63533012 0.50880761 0.58092208]
20,145.5494907689559,62.80909090566073,57.839259476122585,3.8297551088794215,3.2315661533508773,2.146480532514385,4.6102479959042615,755.0134947629737,754.9682643646969,12.918337535580656,[ 0.15485943  0.45056908 -0.87920763],[-0.48180748  0.81137936  0.33094574],[0.86248485 0.37235874 0.34273729]
87,27.536471444996696,107.56041966396519,193.50707465968193,4.043625640524873,4.089097204639923,3.9106061159203835,3.741153733158446,2081.658406145273,2081.4740607279095,54.70403641839887,[-0.84192163 -0.41175457  0.3487494 ],[ 0.52527248 -0.77333571  0.35502212],[-0.12351838 -0.48208926 -0.8673714 ]
67,133.44656736779822,82.91582417994296,34.436163586279704,7.1946538800459505,5.570979760376736,4.32432325601399,6.413709485703326,1318.6831605561968,1317.9846335722827,63.40797528241041,[-0.21086137 -0.06584957  0.9752955 ],[-0.51645507  0.85461263 -0.05395754],[-0.82994677 -0.51507387 -0.21421314]
26,22.125377795478794,21.605234936162255,163.63754957940802,4.7817755690756885,3.9424729093731576,2.6949449530113627,2.987553946490827,849.6442633712711,849.5116932720204,30.900662144624796,[-0.26377583 -0.95098651  0.16139074],[-0.95537133  0.28064309  0.09222294],[-0.13299597 -0.1298619  -0.98257211]
2,158.70325841827298,50.65572944549821,60.048155136197366,0.22410764479607792,0.300384032127063,0.3180237457663928,0.007079701441540465,250.4346209588425,250.4336564586175,0.6950450102502599,[-0.02215044 -0.73454759  0.67819554],[ 0.44308347 -0.61531448 -0.65197019],[0.89620667 0.28605581 0.33909539]
2,107.81160768195423,184.2037020813277,90.65839387159195,0.7210464493574946,1.0796993439859932,0.3772897862065534,1.0453876030351381,327.94852948915366,327.94628784583915,1.2125519503558928,[ 0.84185178 -0.53335658  0.08256117],[-0.27409262 -0.29072667  0.91670674],[0.46492883 0.7943606  0.39093787]
33,77.33279887340066,120.11640743399562,9.375551406691864,3.579328738332356,3.8266361054069966,2.4486201390982814,3.3578827825360187,822.9765419137831,822.7600651373245,27.080391231317623,[-0.19449139  0.04878262  0.97969044],[-0.81882817  0.54184512 -0.18953707],[-0.5400866  -0.83906145 -0.06543963]
40,138.57585821044282,132.68166694902945,140.86926830682134,5.601120669650665,3.9336791010682335,6.111361352611347,5.634751033432272,1506.3130435322232,1505.925087065656,45.75778484922257,[-0.76425119  0.12700384  0.63228961],[ 0.2770589  -0.8206777   0.49972641],[-0.58237315 -0.55709797 -0.59201636]
3,96.33106522216364,1.6042819743518066,70.12327143157925,2.1587963929305443,0.26432557179079924,1.6531311469796175,2.6054798732371958,206.44820324307184,206.44371128922126,1.4277199166269032,[-0.17892715  0.95803858  0.22393559],[-0.56077027 -0.28632448  0.77688802],[0.80840694 0.01342994 0.58847078]
22,145.1672082632431,71.80871627479713,7.180630912683712,3.8808247481940277,7.722880632360793,1.7895284966623417,6.4788938246688526,761.4779041994541,761.0292327206768,28.335927848747964,[-0.00290986 -0.09363926  0.99560194],[-0.44620614  0.89111867  0.08250817],[-0.89492548 -0.44400361 -0.04437545]
20,119.65447936331877,8.03037259509387,193.25056995481182,3.2390684740904647,2.8259328642137502,2.213582817439988,1.5549750208294693,1017.2909882409799,1017.218560448018,20.472080205880335,[ 0.36637938 -0.9110659  -0.18901078],[-0.76744633 -0.41074705  0.49225298],[-0.52611052 -0.03529571 -0.84968343]
8,71.7227334788837,26.799804557957245,74.78514836021648,3.802342312349545,2.2364782250969295,3.026506911489008,4.997026846523715,303.09576220937265,303.059839727462,5.364480182784525,[-0.65904335  0.63373433  0.40502181],[-0.34112015 -0.73180972  0.58999286],[-0.67029762 -0.25066977 -0.69847388]
59,78.1337498646548,28.440295111812656,112.96640104965607,4.207542104366749,7.595662086687788,4.779645114453735,4.180052666126896,1079.623001079971,1078.3749935274884,69.143360511825,[-0.82754572  0.21701084  0.51775899],[-0.06990834 -0.95492276  0.28850536],[-0.55702863 -0.20255571 -0.80541312]
4,3.5739337119462533,118.92346210611123,84.17937793837282,0.5361747195905406,0.13718673159140665,0.3821231562814036,0.22826794624327346,291.4932861182851,291.4918964541863,1.2653517976660669,[-0.26967965  0.5617346  -0.78212987],[-0.9626378  -0.13658173  0.23382452],[0.02452267 0.81596548 0.57758027]
72,29.327810182926125,156.858654868989,35.12330771254176,7.339844268291217,3.2034604099092654,4.502695504484545,3.6697553670560548,1388.4465777742298,1387.0099808135142,71.72661814850528,[ 0.44418308 -0.27415949  0.85295836],[ 0.87770855 -0.05790406 -0.47568353],[0.17980291 0.95993942 0.21491212]
9,102.53927567776317,72.20402182067306,54.57449878805856,1.1566506700443806,1.4821565169439337,1.8215659063311813,1.3579358112031223,410.3734942425203,410.3431764717128,6.724377568020911,[ 0.31380033 -0.81446172  0.48803839],[-0.58267534  0.24064995  0.77625836],[-0.74967913 -0.52795806 -0.39905073]
44,98.69910514496934,144.69847541903619,57.75173269585809,5.581943630865773,3.4295826695933815,2.88868254436669,3.0034075210932736,1224.1728466721347,1223.6470452057135,43.23675326270355,[-0.09534499 -0.31230044  0.94518663],[-0.83929628  0.53577149  0.09236163],[-0.53524862 -0.7844854  -0.31319573]
25,140.9655761679312,169.8004664176069,3.792522520018658,3.614491759091411,5.555777263887982,3.179737990338132,5.4979518439089325,1104.1054913334406,1104.0592329551814,24.4976683618688,[-0.00784775 -0.01592797  0.99984234],[ 0.76955007 -0.6385731  -0.00413258],[0.63853825 0.76939632 0.01726873]
15,52.07069585171501,49.87341180275018,22.55158183454961,2.8140482475197888,2.779101128247646,1.8138383237327003,2.9389632810487956,293.0054082720108,292.88130167406644,12.44968644886174,[-0.55400109  0.21537524  0.8041743 ],[ 0.46666829 -0.71958783  0.51421208],[-0.68942259 -0.6601567  -0.29814365]
13,3.8394760548261724,27.204833308397006,9.830258848249004,1.171248725420245,1.936241105582294,1.7450685342137704,1.7622780785310213,105.6794467042855,105.43329516226478,8.150791781564985,[ 0.87919625  0.04711081 -0.47412502],[ 0.45801633 -0.35775347  0.8137773 ],[0.13128216 0.93262695 0.33611303]
26,51.515042151055304,147.40688836554932,124.75179434165001,4.495538517788973,2.4256489577888667,4.132754081112155,2.725495238319922,1019.5221097536107,1019.3425645403332,30.52279568524695,[ 0.36744908 -0.67234415  0.64259982],[-0.89363739 -0.06381291  0.44422982],[-0.25766916 -0.73748306 -0.62427986]
11,136.31757391990536,76.48720247414097,160.7690733909978,2.085680917179106,1.6108984142394067,1.5222629241869987,1.8773024245356973,743.7460146743509,743.7277779819152,7.932641182884542,[-0.29438357  0.93548148 -0.19548073],[-0.73738797 -0.09221993  0.66914458],[0.60794514 0.34113031 0.71696082]
61,68.06456220819067,164.1800700830398,121.67678496508621,9.23162753735349,3.394127727440612,12.281477249551136,6.4852314718815975,1686.5721351720247,1683.103436231191,113.14762140869807,[ 0.58347843 -0.62566224  0.51778344],[ 0.74861819  0.16719256 -0.64157419],[0.3148392  0.7619668  0.56593539]
10,6.857426001854321,123.13723461981374,162.39089057948146,1.2847312669741922,1.1764780273255437,2.1869485844383765,1.7465466564102297,644.8796017621319,644.8651649155549,6.902867445621815,[ 0.97863955  0.14177791 -0.14887466],[ 0.20280734 -0.78439935  0.58616281],[0.03367225 0.60383498 0.79639783]
21,66.32503487280692,88.68448488765064,35.496882868925574,2.4196093326508503,4.917961402090183,2.8677427047167114,4.358992407352303,533.5151807912787,533.4530580785697,20.088159266781517,[ 0.28920769 -0.53366373  0.79470871],[-0.76918626  0.364635    0.52477977],[-0.56983454 -0.76304937 -0.30503156]
259,110.41513584617223,149.89328922358297,84.2839921815047,7.547912799529511,9.1663042765631,9.954014952296909,8.435070856876463,3296.716154162025,3293.2196457631903,210.0254317786242,[ 0.46358216 -0.66808368  0.58202729],[-0.70287793  0.1226748   0.7006522 ],[-0.53949439 -0.733904   -0.41271142]
23,76.34192676876684,143.61602061813142,12.539155730501118,2.2689041309018996,5.251640069999418,3.1016468256529963,5.061416943210733,782.8763774569151,782.7961466957474,19.578688133699284,[ 0.56922419 -0.36687182  0.73579134],[-0.67620135  0.30017114  0.67279196],[-0.46769173 -0.88051255 -0.07721455]
7,181.56924982156306,147.2631324323132,68.61399050994403,1.3930382242382544,1.739091161632532,2.0636225238823105,1.8363579318736232,644.6616745455257,644.6417840907568,6.423230697192157,[-0.3030689   0.68322844 -0.66434038],[-0.59398077  0.4097118   0.69233163],[0.74520875 0.60442959 0.28165365]
28,11.65691987282233,194.34681115658285,135.92211618253518,2.9407790981290005,2.9317359720293683,3.584096670577031,2.6234224137851347,1256.6908161140818,1256.6319712052996,25.436577828306078,[-0.99602286  0.08276049 -0.03300247],[-0.07438757 -0.56855047  0.81927825],[-0.0490403  -0.81847484 -0.57244562]
7,137.10419995528565,69.42940831297787,80.06450673190706,2.4213745399499347,2.2110488515695987,1.8005867661210542,2.860876345144829,458.57355503169873,458.5435280812069,6.376272733699587,[ 0.43412816  0.16422397 -0.88575574],[ 0.43075499 -0.90139572  0.04399869],[0.7911908  0.40064477 0.46206156]
53,94.24907612583212,8.293443438057567,152.23001194805843,3.96032988934571,3.355827421930619,3.4400903299369423,3.172997528590589,1305.495350966512,1305.2202193840499,38.87460064671944,[ 0.4692254  -0.84861785 -0.24428521],[-0.70943913 -0.52697854  0.46796339],[-0.52585515 -0.04627482 -0.84931443]
22,29.361377071424496,22.96407236812827,67.70039617738252,5.262627650173786,3.0954919363309585,3.977767766844042,4.555623971812075,363.99313488267825,363.2386604341806,26.561463585127413,[-0.63322796 -0.60683974  0.48038306],[ 0.6730262  -0.7382245  -0.04539078],[0.38217547 0.29456768 0.87588343]
3,74.30001444692817,178.68719579255648,126.08235920232424,1.5367123181565658,1.9723359937821114,0.48876833296513905,0.8752929351413603,400.07157735347624,400.053428143296,4.139431119745648,[ 0.58473887  0.29112504 -0.75718337],[-0.74472236  0.56275165 -0.35874667],[0.32166605 0.77366452 0.5458701 ]
11,196.91315306494462,126.10055606024012,50.04630433636774,1.9427759178926876,2.187646732293119,4.038652576555259,1.9814413623933302,793.2438995891731,793.1323647606504,15.143513446675998,[-0.49756761  0.84847381 -0.18032935],[-0.2726419   0.04437994  0.96109147],[-0.82346394 -0.52737332 -0.20924749]
