N,MEAN_X,MEAN_Y,MEAN_Z,SIGMA_X,SIGMA_Y,SIGMA_Z,SIGMA_R,LAMBDA_1,LAMBDA_2,LAMBDA_3,EIGEN_1,EIGEN_2,EIGEN_3
413,51.20424871724752,45.84991609218673,94.16961868607494,10.153733549117282,9.7173267966538,13.732329612724843,12.272574337440396,2396.2488502623814,2389.599099639569,306.1458674317948,[-0.80286017 -0.23518023  0.54781913],[ 0.40319005 -0.89108152  0.2083543 ],[-0.43915069 -0.3881546  -0.81023619]
391,101.26869574887407,105.29232934087793,188.66552215873338,11.99397025551431,13.790610411104284,5.95995700431402,11.557745071362179,4729.245708196633,4728.11655991748,304.1179229751423,[-0.7107704   0.70332495 -0.01180937],[-0.56056935 -0.55620219  0.61351538],[-0.42493228 -0.44268854 -0.78959446]
40,186.42210432390962,36.77011932482274,154.01851463771533,2.9385976988804106,7.4891009169277645,5.726896998207708,4.89349133179404,1548.0871586700862,1547.3919613476376,54.41924960968643,[-0.64420952  0.27385536  0.71414097],[-0.06524552 -0.94997487  0.30543539],[-0.76206109 -0.15016989 -0.62985069]
131,136.45253737559526,171.7759986291121,141.13918796239858,4.112851634847373,8.194966396638995,5.943965115788674,4.510622239924052,2987.784185124387,2986.577497609085,113.94192959558589,[-0.84563953  0.32175444  0.42587306],[ 0.10651489 -0.68010625  0.72533445],[-0.52301851 -0.65873331 -0.54085309]
12,87.2192233336839,191.69185911673503,88.95535413275665,2.102749429538831,2.0233567989401684,2.652784591399958,2.600640805739823,792.0634303887128,792.015086136395,10.261374937848576,[-0.80923172  0.09951297  0.57900016],[ 0.44673777 -0.53581627  0.71646793],[-0.38153556 -0.83844982 -0.38914332]
2561,87.68290070441766,122.11838702388546,144.29436621912023,19.82715259141284,32.26229453540927,16.484877959147116,28.654060834006433,10721.608907580068,10676.440541976954,1484.9919695023748,[-0.88547206  0.10605041  0.45242959],[ 0.19543604 -0.79832912  0.56962739],[-0.42159694 -0.59281019 -0.68617206]
112,53.106620636241395,28.176555317681096,136.0819578293933,6.506963927980453,5.541817841262645,7.64489764733391,6.338000591775858,1578.1406946778648,1576.7998930885146,101.56867211275757,[ 0.17582707 -0.97528323  0.13381874],[-0.91786631 -0.11328392  0.380379  ],[-0.35581776 -0.18970863 -0.915098  ]
66,35.084755134996925,192.40177809623415,63.85860043053262,4.6214555052885515,3.685424035923105,5.9513994587596315,3.6655170982172707,1672.5463068441506,1671.916237040091,61.454511086337156,[-0.86766224  0.29189082 -0.40244501],[-0.4669473  -0.20060448  0.86123055],[-0.17065302 -0.93517784 -0.31035457]
190,13.442340218887747,116.40558317416354,107.44615087580755,5.665443155266595,7.025108149870335,11.870599891536783,8.031830847471824,2199.874834135085,2195.4917712863303,172.05703388978145,[-0.99141046 -0.00523076  0.13068258],[ 0.099063   -0.68241966  0.72421677],[-0.08539215 -0.73094189 -0.67707617]
641,179.71693554303965,92.67628258034411,67.09111104280115,11.468242036947458,13.33169712206601,10.751626852810391,15.119546455606612,5414.083438060531,5412.585663881428,352.2243588098518,[ 0.10214282 -0.70439244  0.70242304],[-0.52856797  0.55975865  0.63818975],[-0.84272341 -0.43646482 -0.31514396]
99,107.44275769719184,60.05470198391359,184.07113055639485,10.069285230982855,6.120374390896228,4.285413694629784,6.611008928452543,2206.4527044705796,2204.541662086971,105.66201028392616,[ 0.45184771 -0.89167944  0.02722911],[-0.74815331 -0.36213948  0.55598708],[-0.48590151 -0.27159304 -0.83074481]
41,155.43225813674718,68.17467931101265,40.70133869339319,4.318752711649796,5.635793792312073,3.649660760267695,4.853212767020158,1118.5781313545592,1118.2122479785216,40.29231290267032,[-0.43915581  0.60473924  0.66440396],[ 0.11909055 -0.69382183  0.71023145],[-0.8904828  -0.3910265  -0.23267715]
17,53.435171734337665,162.98487282041953,59.64502540854239,2.048784341670975,3.378004971525152,2.342087481350535,2.3544179115851254,748.9360965543361,748.8402068001625,16.290522946252054,[-0.71611096 -0.0205973   0.69768248],[ 0.63299976 -0.44033985  0.63671981],[-0.29410269 -0.89759488 -0.32837028]
184,22.49163178387034,11.245073700989668,111.8117335171049,5.313231967583789,8.822587228744297,9.148066119831078,8.808315631835393,1564.024759825234,1560.8581850680382,144.08283406743436,[-0.96575248 -0.15434917  0.20856292],[ 0.17076878 -0.98329171  0.06305107],[-0.19534631 -0.09650776 -0.97597442]
278,149.93853713246318,165.87732505635012,187.5259242620324,7.960860349794867,14.07320022248986,9.053898389006706,11.147187853695002,4873.8750263985985,4871.015340506114,244.97809304679075,[-0.33461753 -0.55671542  0.76032825],[-0.79052734  0.60500163  0.0950766 ],[-0.51293044 -0.56924597 -0.64254291]
288,115.9765556980502,33.836346723900974,165.8638544994073,12.726115601394138,6.35987446013025,8.72706856078353,9.75809456187881,3492.162115343841,3487.880888400081,230.56354815015928,[ 0.13813333 -0.98492494  0.10412519],[-0.81278836 -0.05265618  0.58017446],[-0.56594546 -0.16477317 -0.8078091 ]
87,59.291327996881726,173.9064517111925,94.12829632036654,3.884758487698429,7.625541483714714,11.135097194323839,11.537152084871737,1929.730648639004,1928.9131599553168,73.93759032139361,[-0.91999247  0.3751268  -0.1135506 ],[-0.2671709  -0.38826026  0.88197147],[-0.28676395 -0.84174453 -0.45741948]
25,13.201654021839369,33.475066622774136,187.79652321176584,1.7320786268815107,2.703638636970928,6.1685201219034305,6.1494800674784305,956.6520601147271,956.6049670153376,16.176746704507657,[-0.9958887   0.07008048  0.05739711],[-0.05878416 -0.98206831  0.17912635],[-0.06892114 -0.17501587 -0.98215036]
87,38.09604696997203,102.97345229927251,156.81209754308662,5.3856329280826305,8.797646647014473,7.440586183109439,11.184078202503247,1789.2235306710188,1788.8289062408373,55.90848763607961,[-0.86133828  0.49476503 -0.1153427 ],[-0.46711014 -0.68200379  0.56274235],[-0.19976107 -0.53858927 -0.81854573]
80,62.66467774297969,73.32591287388699,171.24541861132624,6.229649564690573,5.3697015007473565,5.1531449050758384,6.237877612245483,1759.7538684453984,1759.1222305993217,66.28723919358812,[-0.67213797 -0.55895342  0.48559409],[ 0.66806364 -0.74058993  0.07223248],[-0.3192515  -0.37295794 -0.87119507]
71,126.46801437972171,116.24139822973021,144.26243674545876,3.9898905229889654,4.7330636423974335,2.4593397498016274,3.29310444368349,1890.800259081212,1890.4841119596747,48.810741255834195,[-0.60197781 -0.27520908  0.74958834],[ 0.56544901 -0.80974028  0.1568059 ],[-0.56381746 -0.51824766 -0.64306238]
47,93.410915411715,44.69440596081332,40.27468176308018,4.81085418248104,4.342377002341,2.9139709790992194,3.5758070176299706,763.0498985811428,762.3567176939257,42.02123257779668,[-0.14569248 -0.47650374  0.86701666],[-0.52107008  0.78192158  0.34217631],[-0.84098732 -0.40192392 -0.36221194]
138,183.65048557003865,140.24690642102823,187.10783210336785,5.599581877427622,6.9219353589624495,6.169467094990316,6.577579783503114,3494.6480017458784,3494.2439244512193,100.71796481891711,[-0.38808009 -0.51318797  0.76552723],[-0.68411649  0.71698792  0.13383924],[-0.61755847 -0.47176946 -0.6293291 ]
17,25.245044812742226,128.8697873875923,7.803013445984934,6.175251363249263,2.9291615935244946,2.7027752528416196,2.46420806413737,543.1671153296932,542.5764327925056,28.426456761972783,[ 0.2233932  -0.10252662  0.96932129],[-0.9556897   0.17255063  0.23850257],[-0.19170987 -0.97965023 -0.059437  ]
122,130.94016366656925,92.48665532936982,16.157288402258985,5.350063542981723,3.816258569942723,6.3142707576804975,5.999939526642306,1782.1439627452676,1781.2180183475648,75.97135638863529,[-0.58245629  0.80473927  0.11462713],[-0.01539119 -0.15190979  0.98827452],[-0.8127163  -0.57386247 -0.10086671]
3,197.37084102072663,195.1957562401834,197.08113994759412,0.9663540233250623,1.5825593787587964,1.3711097836273098,2.1199897922748425,589.6681492249174,589.666488148396,1.5695149061386324,[ 0.75497083 -0.11080222 -0.64632957],[ 0.30644288 -0.81176834  0.49711662],[0.5797515  0.57337164 0.57890686]
74,151.19136950851936,26.114424332080997,85.00631590230871,7.838819936257534,5.560342657840707,4.648626016393387,7.757938882996369,1511.1267839730613,1510.9039494739989,63.479269646204884,[-0.48428677 -0.03878682  0.87404914],[ 0.1487744  -0.98811817  0.03858309],[-0.86216733 -0.14872142 -0.48430304]
463,112.55422301916771,140.34135429254428,89.80178598330565,7.804063809915979,14.803199276526001,12.74825852175391,7.419901024558652,4344.708495267721,4334.852198954015,423.2864978472318,[-0.79641233  0.30300565  0.52336887],[ 0.23077882 -0.64765836  0.72614033],[-0.55898885 -0.69908956 -0.44587582]
13,172.71526981960935,43.72045747461812,36.68578895421269,2.3083601807870973,3.960742640750645,2.2089810077746947,2.458249128380861,656.0502328718694,655.9720399006773,16.03742695702882,[ 0.2236678  -0.06804247 -0.97228748],[ 0.22011832 -0.96826132  0.11839737],[0.94948441 0.24049997 0.20159148]
18,194.5356036863517,50.7308002589954,106.22236638330706,1.875125816002629,2.88965113044445,4.616548678118539,3.7404431356567085,964.9271925695759,964.8835055621711,18.50390255936488,[ 0.04167012 -0.92915587  0.36733223],[ 0.51621305 -0.29475792 -0.80414044],[0.8554459  0.22313032 0.46735979]
104,64.29644414769804,188.3291636888421,72.70777457376843,7.31960168737103,4.608316796815434,6.374622825399512,4.24826334818697,2162.664843658523,2161.824866682878,100.89323076241247,[-0.43227141 -0.19278046  0.88089564],[-0.84916765  0.41571352 -0.32572469],[-0.30340688 -0.88882955 -0.343404  ]
68,155.58118154846173,187.982481107503,163.35857497342417,5.59181997260061,5.019759659394442,4.05590469908915,5.9107996329749435,2422.34000810812,2422.1346689408133,50.845143309835485,[ 0.47171679 -0.76752594  0.43403595],[-0.70477232 -0.03238225  0.70869412],[-0.52988606 -0.64019944 -0.55620629]
255,96.4704476298214,82.96254924822739,83.38303539842344,11.278427563389782,9.334374954893654,8.033810515906982,8.975711058493244,2440.9174259732595,2436.6151245226274,222.50224842446278,[ 0.10994375 -0.76449063  0.63519009],[-0.76502692  0.3428997   0.54511797],[-0.63454407 -0.54586983 -0.54715624]
166,86.8278400692904,179.70262942353466,100.83027092233274,5.028943300176711,5.276016643757756,12.322450171338692,6.589190156320158,2886.2984867250934,2882.712517591024,164.06831905735268,[ 0.80866423 -0.53173859  0.25162715],[-0.44238769 -0.26774293  0.85592456],[0.38775673 0.80347233 0.45174874]
60,44.66112838969297,89.18683782196918,91.78400383500812,3.3720839497727515,4.2937007953415245,4.250255123211788,4.197801007119163,1051.0064132413684,1050.7605408643449,42.63564340428381,[-0.05514809 -0.70256484  0.70947962],[-0.94277519  0.27065407  0.19473397],[-0.32883678 -0.65814058 -0.67728675]
23,28.663104806392944,22.864597559285027,67.93867918695429,5.065332427724928,2.84682764218632,3.7165850079611245,4.207844602140094,371.6315559611357,370.90968626009845,25.80133091289599,[-0.57350522 -0.67233814  0.46803119],[ 0.72928847 -0.67925878 -0.08213308],[0.3731355 0.294226  0.8798869]
86,110.28274207525197,52.76869321141933,5.123106712396341,5.453996717030305,5.154339528689602,3.163482494924373,5.778139894107002,1136.8912477741999,1136.431697833374,52.683606912119906,[-0.0441971  -0.00444241  0.99901295],[-0.4311685   0.90214567 -0.01506356],[-0.90118829 -0.43140869 -0.04178765]
199,188.5597966728399,33.466998929015354,65.1555514978559,5.7170659999192415,7.106023006659246,6.304175335087327,4.971539411783396,2856.332029357263,2856.0182213280573,140.15559545271466,[-0.23705293 -0.39321745  0.88836138],[-0.27349146  0.90445398  0.3273613 ],[-0.93220616 -0.1653573  -0.32194508]
29,83.51447984169364,141.87709386559592,111.71448237676258,2.965380938693148,2.9604699123977753,3.3054349695518237,2.862125168828462,1071.7301536681985,1071.5989289818986,24.262831756520068,[ 0.3926366  -0.70039454  0.59605703],[-0.81836762  0.02965965  0.57392921],[-0.41965573 -0.71313939 -0.56153475]
50,28.030721051954632,78.18968381652654,73.6414595060347,4.1048087626566385,7.258658712285647,10.1196453166229,10.110636442597084,789.511763747454,789.1375808752457,58.04125460480548,[ 0.29248318 -0.70969148  0.64093025],[-0.92346036 -0.03555603  0.38204284],[-0.24834362 -0.70361478 -0.66577149]
56,128.55088727595574,79.42240697500836,33.21176567868455,7.116072260771631,3.9702338882654287,4.2226323797817935,4.209515171344163,1159.461153859374,1158.5452820335688,60.98321688322274,[ 0.06608448 -0.4742632   0.87789935],[-0.55164215  0.7157738   0.42820417],[-0.83145883 -0.51258393 -0.21432203]
61,28.165548101555377,19.60393742354769,191.36766384257766,3.236963466450969,6.623937970609889,4.541788743665161,4.279740441544354,1519.752529872719,1519.0704592244483,58.539303139151,[-0.98047875  0.14841142  0.1289786 ],[-0.1330823  -0.98377422  0.12032202],[-0.14474298 -0.10080841 -0.98432065]
38,162.07918118347197,55.53792721082713,172.00527121623838,2.8890707130084046,3.970139151975357,4.059990363228104,3.5832291420008175,1496.9566963851807,1496.8591404569825,32.45742242100501,[-0.70819144  0.48884258  0.50940928],[-0.22982485 -0.84184212  0.48834659],[-0.6675668  -0.22876796 -0.70853355]
32,8.791465970194755,32.46037819028593,74.30063894721965,4.322366617062974,3.5901590095976244,4.648578255887897,5.149913108191457,463.0451932583473,462.4381226198818,29.034497967876572,[-0.26562878 -0.87142075  0.41239208],[-0.95819354  0.28581446 -0.01323771],[-0.10633201 -0.39866774 -0.91091028]
33,191.4990941244954,97.08846334419452,193.3075215678205,3.6042882372468457,5.044998826232968,3.43645245915324,4.598084316076452,1660.0284624746705,1659.9431413440664,30.957620011115964,[ 0.47965435  0.49551387 -0.72415309],[-0.57500118  0.80089327  0.16716342],[0.66280113 0.33620822 0.66907301]
106,187.21403235342896,16.236227775290885,111.39319355563241,4.831783718679766,7.1089103727635825,8.490148276995615,5.279599445502155,2252.2445790662728,2250.0662291528374,111.46892806644989,[-0.26264589 -0.78817064  0.55660056],[-0.44380698  0.61089132  0.6556273 ],[-0.85676864 -0.0748254  -0.51024372]
38,7.124529462434761,185.24175169628595,57.85799687261704,4.114020997903662,3.2035304301949195,2.6479269908378775,3.252112157142394,1197.575649041065,1197.3657164686012,30.014370939803467,[ 0.35987612 -0.29075044  0.88654011],[-0.93227596 -0.07463118  0.35396572],[-0.03675215 -0.95388384 -0.29791762]
154,127.23912159878059,51.21121900820537,27.716113410654746,5.345948926300971,9.229289769243897,5.769122220332229,6.787645943673755,1741.517598923926,1740.0728942474232,123.95944553460545,[-0.14841966 -0.15871459  0.97610516],[-0.39016411  0.91636795  0.08967573],[-0.90870434 -0.36753156 -0.19793176]
92,144.03138326139333,91.51036246685426,96.55044843428382,4.9697630168979945,6.34953099145503,5.1999176470569815,5.865893084577556,1882.2568358227832,1881.9996441349233,72.80592670645045,[-0.6706269   0.61033978  0.42159805],[-0.10357916 -0.63982796  0.7615061 ],[-0.73452768 -0.4670177  -0.49230433]
129,51.76691354668605,157.10105483934663,96.73796614838015,5.41406646117506,6.214200691102911,8.038965317543209,7.764915361351806,2179.688246646972,2178.8383464003546,96.27514707111473,[-0.85600772 -0.03587387  0.51571683],[ 0.44078058 -0.57189572  0.69184374],[-0.27011714 -0.81954155 -0.50535966]
67,127.01204444348191,93.09369325577244,165.58104271985192,3.996987481872451,6.393471698962835,3.897449306342291,2.933173535457122,1871.445350381873,1870.8182491349814,65.36340200336326,[-0.81812725  0.42253144  0.39004485],[-0.1471884  -0.80957129  0.56826922],[-0.55588072 -0.40750645 -0.72452406]
49,47.39695239791587,151.40811529030685,185.767565532602,3.096797118087468,3.1442685302567064,3.8160915565341593,3.057890664334065,1710.392955176418,1710.3707460200578,34.79107398112994,[ 0.98083768 -0.13722729 -0.13829723],[-0.01864628 -0.77270879  0.63448675],[0.19393238 0.61974978 0.76046067]
23,61.7338744183722,192.87432112888672,140.10234467051632,3.399089125049149,2.6139251226867666,2.575652164652974,2.99276889765171,1181.1645242065604,1181.1366731358244,19.198843135132737,[-0.10664482 -0.56177742  0.8203859 ],[ 0.96215583 -0.26639714 -0.05734735],[0.2507649  0.78322328 0.56892729]
29,143.3682185467272,138.28575812644573,20.18299678638324,3.6045079879691677,5.323752956374544,2.956351239327767,2.6991309305291766,1078.772228166303,1078.3471991315087,35.18037240265242,[-0.30778935  0.18283755  0.93372167],[-0.62660866  0.69953308 -0.34353319],[-0.71597996 -0.69081394 -0.10074124]
76,19.7451500121524,48.819661678574654,185.0561169865295,7.422670640227436,4.582491187089284,4.296703289196785,3.950261205447835,1679.2086723618747,1677.9594670355086,77.2684931898102,[-0.41223612 -0.86917532  0.27312201],[-0.90530661  0.42447231 -0.01559459],[-0.1023783  -0.25368782 -0.96185299]
242,132.30221702457473,11.5166104620691,127.03464155347318,9.110708749607827,6.979751389163548,12.37348869636891,10.969348088897096,2869.5947111701694,2865.187590650933,201.8594785251259,[ 0.31729735 -0.91561956 -0.2469073 ],[-0.61808287 -0.39713406  0.67842325],[-0.7192329  -0.06265272 -0.69193835]
14,3.881969092423616,27.578772035766814,11.096379113659639,1.583736476050279,1.816046609723765,2.172102977547713,1.4895709054523736,112.66235713595127,112.48158863456257,10.762375946815812,[-0.97839498  0.05667841  0.19882359],[ 0.16201309 -0.38722465  0.90763915],[-0.12843294 -0.92024162 -0.36967601]
36,9.492579170404229,194.54742158194298,140.45394150815454,4.372225789594231,3.056294996400622,4.197103738764736,3.551535057222018,1441.2859679889452,1441.0973696665249,34.79768906915127,[ 0.55359003 -0.50504499  0.66216889],[-0.83185694 -0.29773395  0.46836793],[-0.03939672 -0.81011361 -0.58494773]
2,52.22442951075004,188.31974601332558,198.04742901283356,0.4173649720475616,1.3061716106556247,0.3049789121236586,0.7453147549595371,393.48818331628047,393.4845802042853,1.6839094405687969,[ 0.95418384 -0.29757483  0.03134355],[-0.23302614 -0.67329724  0.70169056],[0.18770192 0.67684566 0.71179206]
36,54.93058584833508,45.19413499702986,61.915769410914535,2.464714112659298,4.227355363072617,2.5553312033448288,2.38475299305197,566.6583092589476,566.1475441058218,29.95528256936383,[-0.66004893 -0.19281608  0.72605604],[ 0.47467865 -0.85615376  0.20415906],[-0.58225045 -0.47939827 -0.65662905]
14,191.62435434175637,34.32786381695354,31.04770672104587,2.412159402911467,2.9155570375371305,2.375377900551666,2.449005894465081,737.7858602760156,737.6849370331418,13.965368756261501,[-0.23210366  0.61161787  0.75634084],[ 0.03541953 -0.7717455   0.63494435],[-0.97204596 -0.17416215 -0.15746174]
330,15.734771175113162,187.77816519842537,106.89860931329056,7.349566752540176,6.576745238472571,10.216972920563922,7.265612931158781,3941.9661472765188,3939.838726410196,221.63018764003675,[-0.96073459 -0.07198173  0.26796955],[ 0.26774174 -0.49397312  0.82722724],[-0.07282451 -0.86649246 -0.49384958]
32,45.280795391196634,57.2230007278373,138.25785416227737,2.5242994698199652,3.3473542171374375,4.656739726236479,3.9620861362817688,884.9320547168331,884.7673519821227,27.538702603946074,[-0.76310105  0.646037   -0.01769148],[-0.57790511 -0.66985749  0.46617231],[-0.28931379 -0.36596057 -0.88451704]
49,30.394064807297973,12.458387614897866,86.93574394691615,7.060751637526118,2.730402279576716,3.4855344776213086,4.397358519697375,652.916994699507,651.5655187151556,48.76916426152397,[-0.26999463 -0.93548732  0.22796134],[-0.90481578  0.32746474  0.27216768],[-0.32925872 -0.13277921 -0.93485741]
4,145.74469394465822,2.3057404080616015,72.86458103734616,2.942180264846436,1.2568765773880863,1.1151752354379225,2.2294209753855525,325.98801040640024,325.95484936921207,5.072164305850335,[ 0.20481845 -0.90152907 -0.38117546],[-0.39753943 -0.43248478  0.80927085],[-0.89443379 -0.01422133 -0.44697422]
5,184.96400152446407,172.00603267512327,8.434958702810938,1.5730544187345417,1.917859531672912,1.5385633939826915,2.3055763468008346,565.140825879962,565.1318866216524,4.006609934980609,[ 0.65596525 -0.6904144  -0.30502058],[ 0.18456989 -0.24512139  0.95176124],[0.73187673 0.68061991 0.03336141]
131,15.002695362052604,82.75412216370701,49.672807066236324,6.519212745580713,7.922923765969878,5.568128258530434,7.491346248330858,1124.9967561071594,1122.0598006167297,103.61251932636355,[ 0.7915846  -0.41416318  0.4492913 ],[-0.59071442 -0.33050642  0.73608558],[0.15636588 0.84807686 0.50627595]
72,42.03775804711327,15.02324667932438,110.51846202329267,3.705640734683218,5.763682331347842,7.67495486997063,6.638965632951046,1014.3060729188459,1013.8060361218278,66.78994440626266,[-0.54326641 -0.7794316   0.31200638],[-0.7628524   0.61346762  0.20423931],[-0.35059638 -0.12705846 -0.92786762]
2,188.031593038646,112.06810796396353,38.09752860372781,1.226057859230167,0.3768226449244736,1.0500175770643558,1.0475933694294923,314.22702060477707,314.22176886469344,1.8167139835847195,[ 0.46257071 -0.85537633  0.2331516 ],[-0.26424478  0.11800985  0.95720864],[0.8462878  0.50438577 0.17144083]
6,126.0734549685598,62.48238624691829,160.2982302727237,1.481507602768878,1.2350115627023732,1.7534676424756765,2.2363825859092814,522.4976250937713,522.4902536296845,3.2788789713738513,[ 0.63319219 -0.74571262 -0.20731702],[-0.49969299 -0.59840571  0.62627272],[0.59107916 0.29295613 0.75153319]
2,138.67776043737564,2.242202344237565,66.56593360697165,1.7068330681949249,0.5841838874969363,1.9300594834380291,2.365113969197523,217.59849221809006,217.59212599417128,1.6644881864636696,[-0.23863486  0.85062451  0.46849903],[-0.3613331  -0.52557332  0.77020197],[0.90138327 0.01451283 0.43277891]
65,183.87641150994597,195.19515665500978,178.96091512997262,4.421386825333666,2.947551258548644,4.512208027547011,3.669445610819056,2599.7126635135887,2599.531969842037,47.699852237462125,[-0.70960885  0.70356093 -0.03817457],[-0.41365104 -0.37212223  0.83091387],[-0.57039293 -0.60541479 -0.55508994]
63,150.40592456120973,170.65370313505582,4.591518987929137,8.349250379905671,6.117537353943052,3.335797964137543,5.861552603318518,1807.826534867865,1806.6229874921896,72.50600219149304,[-0.19278566  0.14391576  0.97062966],[-0.72495111  0.64573533 -0.2397327 ],[-0.66127118 -0.74987608 -0.02015662]
11,8.850633353835299,57.5467896617171,14.603607767558897,2.3068997451520286,2.003098614312127,2.5147833152090313,2.3013892516970493,199.4170602140961,199.33725373985453,10.634100419639315,[-0.72184305 -0.06415586  0.68907665],[ 0.67611252 -0.2778742   0.68239123],[-0.14769722 -0.95847272 -0.24395814]
11,47.823377015703564,193.2733182355619,102.15194507923738,1.7335357376869718,2.4666328107540796,1.41340198846442,2.422718157446416,742.2515130550943,742.2504848758664,7.588400317118136,[ 0.94812229 -0.29595826  0.11607252],[-0.23534376 -0.40797073  0.88214126],[0.2137228  0.86369474 0.45645807]
24,51.18632831547264,146.51443209088268,124.66040259424915,3.4991709413066907,1.9156146580450648,2.579222945189743,2.304322766148966,975.4526663828939,975.3167048534957,20.39305186819458,[-0.01783334 -0.64433567  0.76453483],[-0.96622878  0.20770604  0.15251277],[-0.25706792 -0.73599575 -0.62627976]
9,189.46078451591598,95.36905294484549,20.87484928633388,1.7403095040062193,1.7589520512869183,1.2340843386264848,1.990894192242707,639.4493420832513,639.440600134941,5.75830571676432,[ 0.17864871 -0.1417268  -0.97365197],[-0.42179333  0.88299835 -0.20592303],[0.88891789 0.44746779 0.0979671 ]
29,89.98728254790817,17.634306381475675,21.526200693262624,4.320575158440249,3.2303964269670167,2.9643054507267403,3.774069541645838,508.033024616231,507.93514302853373,26.101043103508466,[-0.29352764  0.53913266  0.78941592],[ 0.02443461 -0.8212904   0.56998687],[-0.95563825 -0.18659598 -0.22789793]
8,53.16322936073685,72.83735670925778,196.4282970151093,4.35563200422154,1.9979446415944722,1.5213780732693478,2.7989521137685114,611.4813199318792,611.396863004824,11.827233683715388,[ 0.18605217 -0.93659143  0.29695299],[-0.95120134 -0.0959721   0.29326671],[-0.24617188 -0.33702499 -0.90874285]
8,24.889051833830948,16.477950014414336,159.17931619318347,3.104018588827909,2.051192362121095,2.596030334730944,2.1563937235811546,458.2138798240828,458.15506968814657,11.311880533206335,[-0.07232376 -0.99087077  0.11377342],[-0.98550003  0.08855057  0.14473593],[-0.1534893  -0.10165586 -0.98290748]
326,171.5098830624111,124.88912667721064,98.02399184156859,9.249657065032755,6.429994569394433,19.493868179194237,13.047298120372835,4238.1615846391205,4227.423308856755,332.70463470771057,[-0.67075104  0.66735042  0.32363014],[-0.10935572 -0.52056267  0.84679149],[-0.73357643 -0.53259546 -0.42214654]
21,168.2230555296887,65.97129045392545,100.29408180187713,4.266705958002128,4.271340339036713,5.973687417160987,5.579653387369258,947.817562686133,947.4336858640787,29.420185652566392,[-0.5673915   0.61604161  0.5464061 ],[-0.12480283 -0.72022769  0.68241947],[-0.81393559 -0.31900598 -0.4855348 ]
18,124.32721601145636,156.052849971548,113.4775464453799,2.1764440346572784,4.095488011984373,1.771473862425252,3.7085981075513677,974.0441745220177,973.9918180461699,13.917344823472371,[ 0.43962363  0.27213977 -0.85596204],[-0.71653915  0.68088752 -0.15153823],[0.54157429 0.6799501  0.49433304]
29,57.149071921600765,12.260761016410237,112.56185790382946,2.782538458874858,4.090643983194319,5.029350225521114,4.7734263398748356,683.9198806909881,683.6542740307559,27.837890805028756,[-0.7552917   0.57162482  0.32059244],[-0.47628119 -0.81475608  0.33064898],[-0.4502118  -0.09704428 -0.88763266]
286,15.70052303393804,27.33435624480337,143.0828823576041,7.953361211755708,12.384255450827757,7.507470669763627,7.197340155948003,2489.538372762182,2484.3806847936175,254.8968260613852,[-0.9943017   0.00884409  0.10623518],[ 0.0111662  -0.98243006  0.18629678],[-0.10601626 -0.18642144 -0.97673313]
10,178.91721866405783,120.0932323294888,148.74041973851433,1.9469291338957129,1.5232054470438734,2.357631382996195,2.1460967894044947,828.0558752728286,828.0311519955135,8.403690852643916,[-0.355227    0.88860324 -0.29016901],[-0.63788568 -0.00352057  0.77012302],[0.68331225 0.45866315 0.56807789]
83,5.862419842503245,67.14510651597675,102.71202156495585,4.342471356761791,5.019118856820348,9.512958490804973,9.68981411612606,1123.6710570080406,1123.2061915115162,58.9581087967875,[-0.87807528 -0.37601005  0.29597339],[ 0.47605558 -0.74913469  0.46061731],[-0.04852719 -0.54535646 -0.83679833]
16,155.34415340836176,70.81682498290098,10.259532794248388,5.092892818458174,2.9896080587780762,4.534701036539146,4.126966047864016,684.7115080057574,684.3957912099544,24.766288153126798,[-0.33179784  0.62565863  0.70601804],[ 0.25424275 -0.66141412  0.70561461],[-0.90844417 -0.41362137 -0.06038661]
8,33.36725657478982,1.603102939053172,59.33364893464535,3.184947822195942,1.1326107011796727,4.907602269444464,5.6631703620405505,193.30419325149288,193.27946351372847,5.246746616438358,[ 0.40232324 -0.89277369 -0.20270949],[-0.77318323 -0.44991344  0.44695143],[-0.49022821 -0.02308737 -0.87128829]
6,197.12814313464074,176.52108884710023,2.2631718737759967,1.7534288022267326,2.048358181719777,2.620125372657089,2.5600836464676338,648.2484005716004,648.2204538783,6.762933117029046,[ 0.66710944 -0.74473192 -0.01842176],[ 0.00589691 -0.01944871  0.99979347],[0.74493639 0.66708029 0.0085828 ]
3,46.9259522950573,104.19750427555907,171.10778490085252,0.4399044157440829,0.5291240486822405,1.262506124521537,0.8428913429446643,356.3943142828865,356.3897706573347,2.015508677948883,[ 0.97324877 -0.14297021 -0.1798509 ],[-0.0278203  -0.85037235  0.52544544],[0.22806328 0.50638562 0.83160131]
70,10.965531275950935,175.64044703251193,6.517337652005972,5.659872617067555,4.45784873215137,3.745341158349802,4.725278277814429,1474.6523940348654,1474.2089549033792,55.3080787711361,[-0.26579336 -0.01910585  0.96384068],[-0.9619801   0.07042268 -0.26388432],[-0.06283451 -0.99733425 -0.03709733]
84,141.64107344309912,188.28230199694522,48.67719604814112,4.592647580683339,3.801482219890106,6.372754798044009,4.309858395164534,2206.3429856503526,2205.483012560234,69.6183012180171,[-0.66500758  0.61121174 -0.42916795],[-0.45950061  0.11815536  0.8802832 ],[-0.58874792 -0.78259793 -0.20227795]
44,161.80935735930714,120.20183041059268,46.46094628398694,3.5963007406778824,3.230700408747141,3.2681218116716146,4.192770552398163,1372.6000737351417,1372.4805436575868,26.964368361436286,[-0.58288059  0.5553358   0.59317145],[ 0.21991113 -0.59494807  0.77309501],[-0.78223354 -0.58106708 -0.22465916]
7,120.87094154309442,68.6021906456535,51.51440506941838,2.09233583304294,1.4419942791460376,2.396630049822014,1.7830384671484159,392.246261831257,392.2083163030113,7.951568561764442,[-0.57613312  0.70606282  0.41175954],[-0.05486065 -0.53603866  0.84240897],[-0.81551268 -0.46275031 -0.34756469]
112,167.6551838491508,30.30872422961368,113.43903946613875,8.212590113620474,6.139254151227844,12.922304295864476,5.720532732399094,2172.5280373115347,2167.690515021212,163.52804316753108,[ 0.01064389 -0.96975123  0.2438632 ],[-0.57408207  0.19375409  0.79554329],[-0.81872857 -0.14846516 -0.5546545 ]
54,10.478877149956988,45.029536211117765,65.94513007303992,3.5490983236931326,4.68176294637986,8.06837611013154,8.036668221420987,595.9400634073542,595.1534965144341,43.80026071411946,[ 0.70332397 -0.63358375  0.32234612],[-0.69950705 -0.53608848  0.47254526],[0.12659096 0.5578358  0.82024018]
71,165.40674764255192,99.01469382862473,103.47559598531475,3.9956834681818907,3.829400130605877,6.340511743440904,4.28956880591792,1844.729965943724,1844.1545611540203,61.110860297662285,[-0.64547346  0.63524872  0.42405552],[-0.1087562  -0.6259899   0.77221029],[-0.75600007 -0.45232258 -0.4731471 ]
18,49.87454736655239,2.683820898058797,55.26537546084195,3.444310456810102,2.249363017820718,2.429224837534821,2.2509845248483193,316.5653671478771,316.30325287481713,17.942949852066334,[-0.19471466 -0.95538932  0.22207532],[-0.71648584  0.29316463  0.63301069],[-0.66987629 -0.03585736 -0.74160637]
40,133.7242825583075,162.68742180851655,88.57585558906167,4.5725850052764505,3.46581014923596,5.719270151297738,3.341493255718395,1445.5576880451301,1445.3496728851264,46.72023010308974,[-0.80939732  0.54087273  0.22876336],[-0.04684678 -0.44776789  0.89292177],[-0.58538992 -0.71201166 -0.38776028]
14,171.46693356615137,188.42196226929514,37.4518193732486,3.187684677046882,2.963798712025203,2.5550120459259036,3.088904118018488,963.6263697190004,963.5841611964801,14.892716822292106,[ 0.25498626 -0.03993305 -0.96611974],[-0.7011194   0.68043383 -0.21316986],[0.66589308 0.73172068 0.14550344]
7,135.0756622387953,31.993050898929432,197.08091547234977,3.276901311517793,1.2674391946571433,1.5452435811971186,1.6291656954409,637.8571398541687,637.807333769459,9.198091889841177,[-0.12195117 -0.96310487  0.23991024],[-0.81920594  0.23414107  0.52352611],[-0.56038339 -0.13269127 -0.817535  ]
5,78.91881419886118,61.32143107593024,42.0429778229668,0.6101565178754172,0.4766588638875835,1.0644952456521022,0.5140570630105286,242.4637443326706,242.45081705630426,2.711405622440496,[-0.47501947  0.82367075 -0.30971438],[-0.49455507  0.04123099  0.86816778],[0.72785424 0.56556741 0.38776502]
46,195.0007366562971,67.80254137953546,112.4915666455844,3.219692519081506,3.9829190797868343,8.8654509637023,5.723449362366223,1595.836343414832,1595.3506568441144,57.22339704834492,[ 0.37860271 -0.91993525 -0.10187796],[-0.41133132 -0.26583856  0.87185802],[-0.82913602 -0.28818222 -0.47904538]
34,44.69956836205696,119.00471476645863,86.61335285080358,5.904560648650461,2.1595362722599942,4.586560933753839,3.8727865722248267,897.8406631594393,897.470861810494,39.5689777482933,[-0.31975302 -0.47634711  0.81905521],[-0.90170912  0.41846934 -0.10864658],[-0.29099601 -0.77328962 -0.56333337]
35,7.674263417050685,96.3834226874586,120.24358606735285,4.006238999664168,2.8465731418353797,4.716351639339115,3.9603079603253457,913.6031370629696,913.2407822891821,32.72396915699283,[-0.68834541 -0.54402452  0.47981029],[-0.72366779  0.56048771 -0.40268904],[-0.04985506 -0.62441241 -0.77950216]
24,127.47502170020852,162.86361310665384,184.74415987379425,1.992491967814709,3.6813803186886767,2.11201164414313,3.092151349716656,1358.7455074213972,1358.6754781645652,17.297720659570526,[ 0.84179757 -0.04912597 -0.53755325],[ 0.2829918  -0.80786058  0.51698832],[0.45966563 0.58732267 0.66615283]
19,9.546062916951534,138.61612092750212,85.5447927379091,2.66330282769335,1.4698213074506634,3.3738760399523327,2.3499436477869557,711.4560261609691,711.3507779731532,16.922262134794753,[-0.71716516  0.40113588 -0.56988081],[-0.69445154 -0.34281459  0.63262565],[-0.05840539 -0.84945168 -0.52442411]
59,180.33084734109084,24.899776288532333,188.0571967179618,4.38969565298129,6.8216451640872275,5.7454149369563545,5.337625978128644,2011.7415612740158,2010.9582629588563,64.49869376905302,[-0.63929848  0.54696818  0.54048429],[-0.34156768 -0.8317228   0.43768563],[-0.68893321 -0.0951998  -0.71854577]
204,173.1404735399939,159.46776112491455,148.91051893304999,10.686782365871782,9.612372559981146,10.638323522130358,15.39790471876942,3985.7737099687943,3985.076971508291,129.10447891340286,[-0.52748962 -0.19906385  0.82591058],[-0.57913886  0.79552735 -0.17814156],[-0.62157291 -0.57228474 -0.53491803]
24,103.10126115035818,40.932393456404206,99.96988301322955,7.553914858156479,2.555472735496302,6.436106381180882,2.855817101151311,733.181147362682,731.7927301305331,48.29445043725662,[ 0.11416381 -0.95513607  0.27327955],[-0.71412092  0.11233558  0.6909501 ],[-0.69065038 -0.27403613 -0.66925799]
92,23.711329031123025,148.48653572398146,104.44167524872424,7.1654068889736875,4.825709576835869,6.706639511950368,5.61075329027326,1758.4621056701321,1757.582782184355,90.1868076254546,[ 0.3217928  -0.57863964  0.74941682],[-0.93800081 -0.08711127  0.33550872],[-0.12885599 -0.81091787 -0.57079623]
7,164.66793208897795,169.34361250102225,93.05227567454567,1.093117303510156,1.7613047028779183,1.49697627097988,1.3259040261415376,671.717115151209,671.6958595416628,5.7882187761850235,[-0.12681021  0.56955897 -0.81210945],[-0.7504924   0.48025102  0.45400453],[0.64859874 0.66705438 0.36654895]
75,107.7108145305912,147.62873911313883,40.750691486180855,7.026368880369135,5.745001214504061,3.2588577482350933,7.812387742728438,1623.4437103956889,1623.0909630801186,49.27431323260488,[-0.23903947 -0.09228225  0.96661477],[-0.7819933   0.6084251  -0.13529736],[-0.57562715 -0.78822768 -0.21760172]
25,195.33787178136478,125.85850293766369,50.680261911526465,3.3085428508245243,2.507788396857018,4.022852200521725,2.6100791807572667,1189.4362599352671,1189.3424557346966,25.76120167364517,[-0.56838314  0.79073306  0.22733638],[-0.04818552 -0.30782555  0.95022186],[-0.82135179 -0.52913577 -0.21306474]
88,74.84841193976308,134.61299369175987,75.03749012372086,7.487022165999223,5.10155285943832,4.515059878814218,5.640664897604529,1609.6427790731852,1608.4561935836311,78.61892086665704,[-0.41803441 -0.2537074   0.87228423],[-0.79624071  0.56457573 -0.2173821 ],[-0.43731906 -0.78542142 -0.43802424]
25,3.9442517086641384,45.63788507434619,182.5739736373381,2.6016726926741787,3.3932837133017775,4.497284757138891,4.614262937128663,941.5821774081868,941.5405838330728,20.766336128690384,[-9.96106027e-01  8.81602509e-02 -7.43154860e-04],[-0.08568957 -0.96613871  0.2433789 ],[-0.02073835 -0.24249487 -0.96993101]
45,77.50343320390583,122.0426209456164,8.564443751273409,3.654677458060435,6.832536308197497,2.559940305271705,5.140739159125444,972.9108532830783,972.2736770126744,42.775825413318636,[-0.06153616 -0.03091939  0.99762583],[-0.84303123  0.53670063 -0.03536642],[-0.5343329  -0.84320604 -0.05909251]
5,197.54136476918558,153.6027795981688,56.459187254619145,0.9513977023017163,2.663021962854838,2.4904376054102704,1.630458961136477,573.6609036650526,573.618309060122,7.592071757681185,[-0.61499752  0.60505215  0.50565793],[ 0.16966444 -0.52471094  0.83420166],[-0.77005975 -0.59882412 -0.22004009]
46,67.12911704290691,53.48694938080391,53.2586558930677,2.743381345008556,2.2560358759563117,7.142174360162916,3.4159783666291292,687.0038904488638,685.748064502829,48.634199077375705,[ 0.62194191 -0.78306031  0.00219518],[-0.41515724 -0.32735715  0.84881197],[0.66395235 0.52882308 0.52869029]
53,191.58663619704643,178.039792057409,138.6566516178731,3.9105033877717257,4.601022262092148,5.2844609674607295,4.882068073399405,2155.7454336898836,2155.4890327058533,46.44020611960164,[ 0.096615   -0.67426141  0.73214554],[-0.75626337  0.42850132  0.49442121],[-0.64709447 -0.60146336 -0.46851955]
19,92.25190074365382,63.97095058032016,52.534791239961514,2.520216284460112,2.1850021009751863,2.3799423256443193,2.5587339231593607,540.4938860568398,540.4536894977998,13.891829230976327,[-0.6296199   0.33067476  0.70301706],[ 0.22261306 -0.79016437  0.57103739],[-0.74432668 -0.51603728 -0.42389069]
13,68.93707599833718,92.89913813833753,155.78202266513023,3.8245546543276805,2.3000619510443268,5.086735941644366,3.739037425847768,699.9360050848396,699.8437086850662,20.366777433354468,[-0.89576083 -0.07116548  0.43880293],[ 0.26706318 -0.87526405  0.40322462],[-0.35537275 -0.47838093 -0.80303294]
19,86.28087665348265,154.8031283159164,53.579019721269454,2.711364481235848,2.002394007595596,2.5961597382493617,2.8921339931511767,807.2003229770124,807.1780297981405,13.611504897104522,[ 0.72962139 -0.17815177 -0.66023828],[ 0.50042459 -0.51892167  0.69303357],[0.4660771  0.83605158 0.28946483]
429,110.45490853861568,120.37838132820028,34.28906950113836,14.488375144166703,8.651636236627692,13.048110623778284,11.717738273335112,3477.3792910985026,3474.222762365985,371.3279483827878,[-0.69106643  0.69431097 -0.20089667],[-0.28647132 -0.00792215  0.95805607],[-0.6635973  -0.71963152 -0.20437491]
31,152.1100321076343,8.90090349044753,64.752280033344,6.02274573739766,3.0042309405378447,3.0494820454733818,6.198187630914977,922.6532813348284,922.4914413210258,22.302171158198018,[-0.28692959 -0.58959764  0.75501393],[ 0.27099943 -0.80591799 -0.52636061],[-0.91882029 -0.05357991 -0.39102235]
3,35.3779942979808,53.422775082933924,153.54329244150043,2.4501477800387135,1.244280263777529,0.676574607771404,0.48764239843770973,288.2075402120914,288.18050095237726,4.826602465510482,[-0.33688458 -0.86247107  0.37769356],[-0.91721291  0.39122442  0.07525905],[-0.2126717  -0.3210718  -0.92286708]
76,41.24305480053102,191.95665682202912,145.39727718713056,4.447800871815928,4.470661021750916,10.736791862529396,7.895422978779382,2132.4198137930166,2131.1893413992307,84.08273280212705,[-0.96074541 -0.00374861  0.27740622],[ 0.22004564 -0.61926322  0.75371943],[-0.16896207 -0.78517451 -0.59577916]
4,2.977417274433108,110.37932971104215,61.86472988124123,0.4565921197531431,1.685793429451618,0.773260176091354,1.670135918023999,253.16575033415376,253.1610133595168,1.8548813017582562,[ 0.89853709  0.19591764 -0.3927434 ],[ 0.43826946 -0.44837781  0.77902325],[0.02347303 0.87210872 0.48874881]
2,35.598420549450324,130.63743053704152,42.962903252645674,1.241975160349849,0.8215675902681596,1.666563411551838,0.5626764956846984,200.9188481354654,200.8955629699405,3.0588094208167216,[-0.82347268  0.36675559 -0.43287768],[-0.50899672 -0.14051842  0.84922136],[-0.2506294  -0.9196439  -0.30239047]
58,49.31926433732066,45.27797137424313,192.5864037858832,5.974640551799294,3.948366673710105,3.9763049879025063,5.141638257070563,1553.823784145116,1553.5184574727639,48.45779832499648,[ 0.28715815 -0.94623635  0.14891933],[-0.92672538 -0.23510993  0.29309282],[-0.24232266 -0.22217132 -0.94441497]
13,114.29738191457423,10.989371008139953,60.62697754443757,2.0558991424346478,2.222296039189908,3.297215302360632,2.772587400639037,468.3944226118822,468.3295214436836,12.750605606731053,[-0.10695829 -0.92323739  0.36904287],[-0.46253093  0.37476622  0.80350197],[-0.88012787 -0.08475254 -0.4671102 ]
