N,MEAN_X,MEAN_Y,MEAN_Z,SIGMA_X,SIGMA_Y,SIGMA_Z,SIGMA_R,LAMBDA_1,LAMBDA_2,LAMBDA_3,EIGEN_1,EIGEN_2,EIGEN_3
29,193.65935552450844,176.75911464763794,135.9238200032578,3.509781251640312,3.587444527949427,3.4184370438569895,4.02223854162054,1590.7172161174128,1590.62625808568,24.503771337488796,[ 0.42083848  0.21643527 -0.88093742],[-0.62684592  0.77134714 -0.10994442],[0.65571271 0.59848088 0.46028413]
73,180.0837843030621,20.957799844504166,191.05899271957304,4.328668656109487,7.296335800914182,5.115481758909091,4.431142236442713,2251.7606892614563,2250.9197069590873,75.57695305074198,[-0.66394672  0.48040961  0.57304568],[-0.30287414 -0.87342367  0.38131137],[-0.68369731 -0.07960971 -0.72541043]
107,151.99333458343185,27.590898156704792,84.82790006190884,11.280952113068025,5.217455515877702,8.222131893955602,9.620723344540709,1828.5511994950064,1826.5349456847214,119.68164774820471,[ 0.06150816 -0.97660663  0.2060491 ],[-0.50124857  0.14829537  0.85250124],[-0.86311449 -0.1557176  -0.4804013 ]
2223,90.9625852508935,127.18180892379155,148.5333779406811,14.638845999948565,31.562860969508236,14.856647974105318,24.32514365981048,10308.431757604758,10250.752576818026,1346.1016830376568,[-0.88498372  0.10451463  0.45374058],[ 0.19898242 -0.79612688  0.57147877],[-0.42096296 -0.59603581 -0.68376275]
33,28.72493635349162,12.829201613141263,85.70822886096346,6.023391086919651,3.223062999970373,3.812925530808998,4.551450263937215,526.060940539116,525.4726222689925,36.447787455377025,[-0.3167659  -0.91690379  0.24278965],[-0.89416444  0.37406493  0.24605972],[-0.31643218 -0.13915054 -0.93835377]
177,86.80145600831004,179.7521974517377,101.06922712565866,4.782993855987052,5.067792711586285,11.027201798415375,6.010901404471111,2980.945900213599,2978.586228918804,153.55786517326408,[-0.84155295  0.50857254 -0.18205109],[-0.37631818 -0.3101968   0.87301923],[-0.38752194 -0.80320105 -0.45243212]
5,80.6263889246915,83.58548137757376,14.301635290277787,2.5408961096793052,1.6064979157360673,0.8705774698500839,1.1696121878277617,261.73887527332477,261.65952339613443,6.4687344459281135,[ 0.15118053 -0.30661583  0.9397506 ],[-0.70869081  0.62913989  0.31928098],[-0.68913118 -0.71426167 -0.12218212]
10,84.16857695755166,41.379058631174004,137.86568246620595,1.5603836702932354,1.649564594879606,1.5707855297691646,1.357574094409321,527.343227819462,527.3273545431801,7.608588618141432,[ 0.80484331 -0.4815812  -0.34685269],[-0.31211706 -0.84054426  0.44279599],[0.50478726 0.24812275 0.82681614]
293,110.04950114003162,150.0614858156227,83.41159404300952,8.274390552106755,9.10577398810628,9.767656847649564,7.619533428831379,3498.8848113811373,3495.212934505447,236.21028473047,[ 0.38292494 -0.64686644  0.65949397],[-0.75030641  0.19867938  0.63052898],[-0.53889589 -0.73626783 -0.40926875]
55,91.85368172506485,6.40943101497918,151.01404917956077,5.231712045384001,3.0750628610132043,4.518536532603757,3.6240812734193284,1312.745524219391,1312.1495210495113,49.357468654576266,[ 0.20991596 -0.97390476 -0.08628335],[-0.82842156 -0.22403849  0.51334634],[-0.51928124 -0.0362806  -0.85383295]
68,142.94778157632743,40.06409810057386,104.23577377702061,5.189868788945134,4.651121549071997,8.613468178664458,8.782123756476572,1498.3928637612032,1497.804902044256,55.48830176512189,[-0.1057876  -0.87114644  0.4794923 ],[-0.6073198   0.4384188   0.66253424],[-0.78738278 -0.22111726 -0.57544376]
68,33.499832949736344,92.49215912123347,150.14631621895,3.971474375208371,7.771474011599464,4.731789510057693,3.21286058168294,1482.2357377323333,1480.6814225787684,77.54667920661636,[-0.94217924 -0.14730654  0.30099677],[ 0.27832214 -0.84423912  0.45803612],[-0.18664153 -0.51532619 -0.83642325]
4,27.86554069400069,117.34701538651588,157.7839517246739,1.3822456760769026,1.86989907723379,1.8774850459413943,1.2809386976263633,397.2408459688646,397.218656687927,5.402969579531092,[-0.98292838  0.17956766  0.04009066],[-0.11897537 -0.78654373  0.6059652 ],[-0.14034481 -0.59085058 -0.79448028]
80,195.27270185249102,62.01029197058424,108.4195973775376,3.3563127387284077,7.79406319040774,8.42424110347357,6.215440839293036,2075.5401841385337,2074.547054756626,91.13965030383613,[-0.11310668 -0.76082174  0.63902829],[-0.52750001  0.59101112  0.61028648],[-0.84199205 -0.26805995 -0.46818078]
337,95.49210455072476,86.41378762627353,83.06865519389297,11.808609344701921,14.802158963944413,6.439351619590773,9.41169098418098,2834.5746419858287,2821.3136545818516,323.84552908545845,[-0.35157536 -0.41602444  0.83864082],[ 0.69961486 -0.71200403 -0.0599109 ],[0.62204004 0.56566239 0.54137995]
747,177.7968612979372,93.21870847628378,70.27491507301086,12.701962167768958,13.225681368788331,13.34819001503812,15.336104170627998,5840.840795523251,5833.8859652114,455.5199654056036,[ 0.31263818 -0.87374373  0.372598  ],[-0.45237298  0.2079604   0.86724343],[-0.83523413 -0.43968668 -0.33024169]
332,14.799375831383006,28.36264327255396,143.03877437200686,7.704766897448801,13.129599594840775,7.253448235309275,6.531730299974413,2684.4023143606405,2677.0384793163375,285.2092763124552,[-0.99100669  0.10704002  0.08030052],[-0.08896723 -0.97531163  0.2021189 ],[-0.09995284 -0.19315707 -0.97606341]
37,42.80418382858645,108.91896020423697,164.44792860162906,3.9846001820790584,3.7119302100663423,4.2055856059653705,5.507166018640091,1228.382152606668,1228.2581404295165,24.967019170817668,[ 0.25308105 -0.83558709  0.4875902 ],[-0.94387529 -0.10268947  0.31393362],[-0.2122485  -0.53967499 -0.81467876]
48,96.1788703897567,7.891870182513556,44.024179075933354,2.797562812664624,3.486961195249751,3.1988497089007586,3.5201998537397547,735.7003842227152,735.4343478688668,29.283939330387007,[-0.41723092  0.30557022  0.85588855],[-0.06329845 -0.94926219  0.30804967],[-0.90659344 -0.07435142 -0.41540366]
3,165.65907099568415,41.83676856482297,2.8818536461836004,1.5868175242785543,0.29574700680198995,0.9994736524758336,1.4797985451185827,295.9982938421529,295.99273217712636,2.0560857124322687,[ 0.21791034 -0.82720581 -0.51792435],[ 0.11279998 -0.50577422  0.85525938],[0.96942831 0.24479171 0.01690464]
13,26.14295988446179,139.87783704787245,38.60616687573862,4.7106865187410065,1.7300539965838575,2.060848633524407,1.9523303725014107,531.9289621516157,531.7100478606809,18.259183249940104,[ 0.17184065 -0.29181273  0.94091239],[-0.96900122  0.12202762  0.21481597],[-0.17750334 -0.94865937 -0.26179758]
94,136.5295469853663,169.61572524225562,140.2897641130398,4.212024690613007,6.747341234599583,7.018496127289096,4.24674354278593,2512.7011119431713,2512.31726607781,94.14713585845026,[-0.83020097  0.53312375  0.16292768],[-0.18206722 -0.53554264  0.82464878],[-0.52689457 -0.65496042 -0.54167237]
67,10.05110567677398,175.99419126221167,6.3249684010155915,5.343739485559039,4.342431876796265,3.8654040109394647,4.52412284010866,1444.9752572232708,1444.6471889642414,52.956785456146335,[-0.2624213  -0.01962147  0.96475389],[-0.96324368  0.06481646 -0.26069225],[-0.05741677 -0.99770428 -0.03590948]
37,92.84158585630915,72.98881371167973,4.377157874739655,3.130040681073595,6.7307440188454315,2.249311950050003,4.646652995610975,720.2950297995266,719.4839837065128,38.21085562497179,[ 0.0797823  -0.16032272  0.98383505],[-0.61451631  0.76920827  0.17518087],[-0.78485953 -0.61855902 -0.03715172]
2,110.21897152597779,23.50965171035594,82.43597521092875,0.695552060986806,0.09210077611704293,0.40956953199388124,0.7753395257374649,197.4703797494068,197.47008164161926,0.34312508960488136,[ 0.50832445  0.35999796 -0.78230923],[ 0.34424866 -0.91763596 -0.19858779],[0.78936628 0.16836187 0.5903856 ]
140,181.1427429114363,169.65071928115404,157.50863468853572,8.479177855798785,9.558336499755349,4.913137541098388,9.105258585131883,3481.2043149279257,3480.208467455084,121.18214126673803,[-0.74344624  0.20268038  0.63734476],[ 0.25940787 -0.79097897  0.55412979],[-0.61643754 -0.57729796 -0.53547346]
4,97.93274103619092,172.4166346063911,52.103149074920736,0.9911692940471838,1.2649139567934613,0.7554313121276519,1.2405859396129093,410.0527343456715,410.04874127148963,2.5408729159344885,[ 0.77454732 -0.53964076  0.32994589],[-0.41460675 -0.03921209  0.90915546],[0.47767948 0.84098172 0.25411032]
26,91.71806694548758,6.947677080396174,190.03971823888145,2.3933164621051377,4.609680999910794,4.379489684242414,4.5213651813923645,1077.0464804283497,1076.8602970164761,25.932797044164623,[-0.8926128  -0.11811355  0.43507652],[ 0.12075607 -0.99244542 -0.02168087],[-0.4343505  -0.03318551 -0.90013241]
450,109.35797019275017,119.74661140676663,36.53640920811666,13.169918151047966,8.978196659498437,13.702474120149573,11.227020328499792,3546.868162911613,3541.567921723461,380.325385420479,[-0.74434135  0.58301705  0.3256487 ],[ 0.10611407 -0.37818823  0.91962681],[-0.65931461 -0.71907217 -0.21963482]
273,128.71637887990508,11.533112111476159,121.95297448201173,9.09331619531934,6.2841917081064445,16.69941226956504,14.706611128368099,2952.944004425666,2947.363947674537,226.3684115452623,[ 0.22531069 -0.96319818 -0.14657545],[ 0.65386614  0.26102108 -0.71015989],[0.72228399 0.06416589 0.68861351]
142,74.24206011601386,134.97593620813757,74.83615894940304,7.59957296923089,5.4470816338139425,7.723725552242653,6.2947793795209295,2044.9965855945982,2043.1619330000658,123.31626168408374,[-0.6976015  -0.01360732  0.71635675],[ 0.57013599 -0.61607267  0.5435066 ],[-0.43393214 -0.78757178 -0.43753124]
25,145.91221837973563,156.74801950394806,72.25244296764198,6.102548826505061,3.038626746378153,2.980621528786834,4.933132001423207,1130.6200302629584,1130.3639813335797,27.931525663100103,[-0.33518536 -0.11882881  0.93462853],[-0.68598806  0.71077003 -0.15564815],[-0.64581046 -0.69331499 -0.31975485]
202,152.17285698503906,153.35433203268855,182.08752854275107,9.292261416707033,8.151099003445484,9.751901741802023,6.71697232555389,4021.366657862166,4017.337465754834,202.66947701199,[-0.01596977 -0.75824143  0.65177826],[-0.84283413  0.36091315  0.39921465],[-0.53793643 -0.5429656  -0.64483545]
29,57.525155174755994,22.000601430545153,173.64548063724288,3.538557096593039,3.273371123200552,3.591485978795835,3.99598118157112,992.5956460238848,992.537799827609,24.123921716717543,[ 0.74772119 -0.64284369 -0.166328  ],[-0.58597073 -0.75662738  0.29009189],[0.31233206 0.11944452 0.94243392]
427,115.2444902964599,42.59381718377901,171.4787685579576,13.302450055688483,13.000894382975131,12.79120917260729,12.180581160792574,4380.011639939192,4370.106306180693,395.32706967889425,[-0.33193982 -0.83818975  0.43272843],[-0.76963322  0.50589311  0.38953417],[-0.54541788 -0.20374027 -0.81302475]
57,8.648729550576654,32.0297093580535,91.00227571026932,7.120744747302279,5.157323804396782,4.500516265255603,4.7103434448042645,734.3005635742055,732.9507563898962,65.33589267317491,[ 0.19422247 -0.93058398  0.31030806],[-0.97702471 -0.15521273  0.14605383],[-0.08775159 -0.33154558 -0.93934934]
62,54.00755472183837,49.57571350411789,189.4139732454292,5.219308548669323,4.539878408706239,6.448200804444443,5.606604687240861,1600.5667835457243,1600.313661931648,59.55627025583714,[ 0.31545505 -0.93619278  0.15501995],[-0.91100832 -0.25305088  0.32562109],[-0.26561618 -0.24394328 -0.93270559]
20,171.87887057902748,8.604900284955693,20.442308315857225,2.342942830871596,2.967333369632327,2.188728481406087,2.1942053129938874,775.232191760931,775.1554019535454,16.843043088202215,[ 0.12766546 -0.4401163  -0.88881898],[-0.00778066 -0.89656877  0.44283619],[0.99178677 0.04961929 0.11788526]
6,148.04542626283012,8.727427461131805,8.62739638523467,1.410919694325135,1.6515790425724444,1.0942861434259583,1.4404580694969027,363.9257322123377,363.8992419957667,4.792900691768778,[ 0.08052906 -0.53352587 -0.84194134],[ 0.01852803 -0.84373747  0.5364362 ],[0.99658004 0.05879822 0.0580602 ]
50,15.787666671407779,51.136495703478616,114.05524849044187,2.9561629382433243,3.7617988949045356,4.550658693646053,4.1712043053812815,891.9219879010753,891.5138747181934,36.29274252587087,[-0.86374769  0.49353475 -0.10180067],[-0.48814689 -0.76929848  0.41218014],[-0.12511013 -0.40571332 -0.90539724]
132,167.1481202424311,153.39649718725764,138.8267315922294,8.641574931307712,5.920391222414481,7.257670005821367,8.519284864874175,3058.74998955399,3057.9062436179197,109.44368787167971,[-0.55855643 -0.13252202  0.81881172],[ 0.5411156  -0.80638536  0.23861381],[-0.6286562  -0.57635107 -0.52212146]
19,88.8296083926601,151.51397863589472,12.117868669216982,2.083371491935455,2.459058445406942,2.9302017077656797,1.5722766650358462,767.5523998202049,767.4919915353676,17.70324853561865,[-0.69641959  0.35854319  0.62164824],[ 0.51036558 -0.36153228  0.78027007],[-0.50450642 -0.86066323 -0.06879006]
22,185.96091954658712,11.622116802542605,134.00073353704894,1.8589270021781232,3.7908136746841503,3.946209995500199,2.0390245801595204,1076.6810113130668,1076.6549154369839,25.337943568047724,[ 0.29905432  0.82107584 -0.48621083],[-0.50410135  0.56856419  0.65008967],[0.81021499 0.05068741 0.58393703]
9,4.241742905975783,168.5914076561941,160.02829877736113,1.2237400447737374,2.572135404561064,2.0155048783523863,1.98135611316377,697.5311617382921,697.4934838249156,8.619058631988233,[-0.97484614 -0.14004386  0.17338605],[ 0.22213081 -0.67416478  0.70438608],[-0.01824582 -0.72518244 -0.68831499]
17,193.32778774321415,188.59109504605792,116.46360930954371,2.9828158293300135,1.8666568692266976,1.517321380259022,2.25513847878798,1212.7655877823313,1212.741095844776,12.73384241537613,[-0.02346466 -0.50774969  0.86118503],[ 0.75323089 -0.57538017 -0.31871757],[0.65733754 0.64119257 0.39595386]
4,180.77062166332198,100.63460556112764,171.11865366504964,0.31915250747741514,1.3743951591835126,1.2203169798977518,1.229570730581384,536.991490702072,536.9875203776928,2.804072834680206,[ 0.71892646 -0.13046971 -0.68273157],[ 0.17275039 -0.91786959  0.3573132 ],[0.6732771  0.37482406 0.63734204]
592,47.27935029940638,41.89041442902285,93.00422818726808,10.039420587796695,13.972599544826767,20.06783562273601,17.20697044477969,2801.460115451335,2777.2700838952996,481.2270632586171,[-0.89533835  0.31948908  0.3103159 ],[-0.15347485 -0.87537425  0.45843799],[-0.41810848 -0.36283143 -0.83278968]
65,28.393941263090596,17.58988935387569,192.24218296831452,2.8731336529175198,6.063692059110029,4.427541074505517,3.970204882879628,1574.2706013842574,1573.647717599419,56.16383482396081,[-0.97460964  0.18445922  0.1269285 ],[-0.17032763 -0.97871547  0.11447505],[-0.14534286 -0.08994906 -0.98528403]
22,131.25648242069786,13.224939891435882,84.18068387864756,3.9048990603066427,3.7031897841715447,2.5150559365125735,4.36734250684843,734.4779123148171,734.3590965854057,18.756075199700433,[-0.54337513  0.06693297  0.83681745],[ 0.03506914 -0.99413649  0.10228779],[-0.83875719 -0.08492711 -0.53784177]
100,141.78585819585086,188.12257998417203,49.33720381873668,4.674242899345665,3.938233374426311,6.122130765291846,4.761390175702773,2408.214545935662,2407.4353913419905,72.27830252190479,[-0.68507718  0.61765252 -0.38623129],[-0.42847183  0.08713396  0.89934396],[-0.58913593 -0.78160926 -0.20495322]
77,77.30245156574692,25.540783321240998,115.17125780274218,4.017115760647491,7.9597317346123875,4.727317153531251,3.7440275793308793,1240.2129420376993,1238.6502945030215,82.05821842154079,[-0.8299844   0.23901163  0.50398348],[-0.10398665 -0.95400409  0.28118139],[-0.54800792 -0.18096862 -0.81666253]
253,120.63943764091992,127.98885856761277,100.00336455277382,9.939219335578539,8.569719883187755,6.594042718167416,8.459668334034646,3224.455146028883,3223.1976974930813,191.0398036008017,[-0.66729176  0.73288562 -0.13266642],[-0.44546358 -0.24997284  0.85969517],[-0.59689522 -0.63276556 -0.49327867]
454,22.34131492059977,189.3024185061726,116.54480212138272,13.59834877799754,6.032042558144193,18.813301575651703,13.76813979332631,4785.618047797879,4771.126066684749,425.8877733951321,[ 0.79290672  0.24883947 -0.55621746],[ 0.60064407 -0.47286926  0.64468703],[0.10259456 0.84526539 0.52440516]
4,129.85704667685025,102.36664765172738,185.47260541343985,1.7242578151365708,2.056258897689437,1.468210303320551,0.6015122099780996,496.9896963982473,496.9659163004734,5.994899698501635,[ 0.70356087 -0.70288836 -0.1046425 ],[-0.4815364  -0.57983767  0.65719934],[0.52261343 0.41199057 0.74641743]
2,88.44780508309384,181.5725579981356,122.585225202505,0.26173418539898563,0.18207870386665093,0.007701419818459954,0.045944114524928636,334.12227461425624,334.12197650205934,0.4463314483209472,[ 0.28058623  0.4394301  -0.85333027],[-0.88381063  0.46504237 -0.05113082],[0.37436631 0.76852897 0.51885748]
313,173.6521090129655,125.57003956104153,97.17087273296877,9.042319144052613,5.499103522562028,18.4046432547568,12.066286899244476,4178.725328654946,4169.30234932416,309.62097475667593,[-0.66762722  0.66566792  0.33340683],[-0.09914564 -0.52333544  0.84633927],[-0.73786451 -0.5319833  -0.41539106]
39,147.10613210885938,68.43534648005362,9.90084980054446,3.26230685339189,5.822616761273801,4.739694668889594,4.410655818719935,1016.2110699193113,1015.6679636722994,42.99042967177635,[-0.33491899  0.61652722  0.71254716],[ 0.26294524 -0.66502452  0.69900085],[-0.90481438 -0.42146954 -0.06061645]
25,162.087034254777,72.91748806734465,22.95384895213757,5.1032814191017986,7.498472007659689,3.5167041308762856,6.997575605602887,897.1661846661053,896.9302078808194,33.811594583194044,[-0.22340971  0.19657728  0.95469654],[-0.36418944  0.89168279 -0.26882681],[-0.90413171 -0.40774892 -0.12761922]
2,52.86607048602987,126.59050555450948,83.54457835395561,0.34252945765471665,1.5861919532176927,0.8509412268378185,1.8054476650090834,227.16967891791262,227.1692485504988,0.44219076112754513,[ 0.49370092  0.32591519 -0.80624977],[-0.8049492   0.52213346 -0.28183938],[0.32911425 0.78813447 0.52012294]
103,60.51417880494394,54.83736273599134,62.402016278436065,5.908051863933852,11.116999834044718,5.551107766402343,9.165987444281043,1050.5265920858349,1049.023552117838,104.60531255888958,[-0.54689167 -0.2881087   0.78606799],[-0.59750986  0.7919913  -0.12542627],[-0.5864226  -0.53827796 -0.60528123]
69,28.12010986485611,107.18750524388876,192.9251953554107,4.557883327705866,3.063296897654727,3.7376109354778144,3.4071061327287278,1848.6866263046654,1848.5679794484054,47.41685083285916,[ 0.15893922 -0.87272939  0.46160777],[-0.97914843 -0.07942349  0.18697664],[-0.12651751 -0.48170044 -0.86715512]
54,46.881408959413726,19.68324640578635,195.0204222978349,3.766049666508157,6.084272371079194,2.7780674092352915,2.6170789933175937,1481.8154667388033,1481.399970391571,53.03390158746768,[-0.94243625  0.26847608  0.19933517],[-0.24028511 -0.95830321  0.15465454],[-0.23254458 -0.09785477 -0.96765049]
80,40.24835496202311,85.74287255981154,92.65187615645343,8.076270476978795,4.901885558052887,4.679778372095233,5.714775473761704,1188.1942216357693,1186.9584583386845,78.04723316711471,[ 0.06660381 -0.74653539  0.66200366],[-0.95008849  0.15521901  0.2706269 ],[-0.30478811 -0.64698684 -0.6989365 ]
29,45.60907566843586,121.29969385717688,72.59770309022457,2.8715417334735576,4.281696006928967,3.9129133016660655,3.4366248364518506,800.4857213961512,800.3172730649885,29.492496518899536,[-0.8287924   0.48164465 -0.28481851],[-0.4679942  -0.31763509  0.82467531],[-0.3067321  -0.81677805 -0.48866046]
4,170.45549296235987,160.7087738158556,26.031563647626534,1.327357248799115,1.1124253722799864,1.5432501954478022,1.6354084363281616,471.4455642345847,471.43557426445153,3.2933474800604605,[ 0.68765454 -0.72568186 -0.02273905],[-0.06463046 -0.09237863  0.99362422],[0.72315568 0.68180057 0.11042574]
8,19.19467265634291,186.8527103543296,175.49486518719078,1.981201521960319,1.5752741489963136,3.5379258933022775,3.082520205644825,727.1682742033706,727.1496996086014,8.688437747487347,[ 0.90330358  0.24073021 -0.35509381],[ 0.42244909 -0.64325577  0.63855993],[0.07469548 0.72682252 0.6827515 ]
108,62.77849001062304,188.32838434595467,73.46929357086965,7.8423961911764835,5.381000012808131,7.733829831079077,4.527445722111782,2202.8282659519277,2200.9430195889427,118.53449536073587,[-0.69736167 -0.04661865  0.71520165],[ 0.6524312  -0.45435877  0.60654071],[-0.29668204 -0.88959812 -0.34726785]
482,105.42765414881113,109.72588944925239,186.86435821355735,14.615865199863922,13.804535463217789,7.443820020099569,12.035275097590985,5308.150588762556,5300.790615213346,388.11009673489906,[ 0.58070341 -0.80129354  0.14391735],[ 0.68596983  0.38638902 -0.61656218],[0.43843921 0.45676272 0.77404062]
4,22.75675060944799,162.48026813820204,71.10297144812013,2.69872669139179,2.3038350566524852,1.7514856344745418,2.3181724365118814,357.70523322252336,357.65573149477166,6.428839233136874,[ 0.28309111 -0.41747411  0.86346673],[-0.95063683 -0.0028493   0.31029259],[-0.12707884 -0.90868435 -0.39767288]
38,144.1742369907168,82.11301966076512,68.2117638626112,2.6766957762985513,4.851844986837496,4.671790121540564,2.8736198968011264,1106.514410363821,1106.2306911153278,40.9109569274954,[-0.57434712  0.42897885  0.69721054],[ 0.15599195 -0.77873915  0.60764451],[-0.80361178 -0.45775811 -0.38034934]
151,127.27022270862903,46.425300751031166,25.69808313071728,5.36149217880748,11.016867325884641,5.15885734185161,6.382425384004124,1701.047491897313,1697.5037355369393,142.6215105793791,[-0.13853782 -0.15972373  0.97739225],[-0.36059267  0.92730114  0.1004267 ],[-0.92237747 -0.33852759 -0.18606148]
14,139.84023322988034,50.7536863413154,163.30413282218623,3.400517261211164,2.355652950793982,2.868164567103333,2.0717393963433395,826.7552254017402,826.6046766258339,17.177950373033408,[-0.19818317 -0.87501285  0.44167401],[-0.74834364  0.42609317  0.50835657],[-0.63301282 -0.22977622 -0.7392548 ]
5,189.64891748867456,98.1880196423746,109.58495845572902,1.6495099102013553,1.4757119174995545,0.7524133425116667,0.6208227173194192,536.7573202490845,536.7359426901452,5.037517703059657,[ 0.21188886  0.51661996 -0.82958238],[-0.57519073  0.75218817  0.32150986],[0.79010046 0.40904374 0.45653531]
5,76.14161649440196,173.73237958388032,12.197218730038237,1.4021127888453317,0.7037168154742058,1.369098122468723,0.4960863656092027,425.04990694199097,425.02712257755206,4.522563995744636,[ 0.63282938 -0.2253403  -0.74077576],[-0.66261336  0.3373588  -0.66867973],[0.40058771 0.91400809 0.06417707]
13,131.24072807368242,68.33129520576264,12.77056771062497,2.705064956147206,2.7380749165628564,1.747456737154636,2.174587976588609,535.6555455378613,535.5678605551506,13.065391284250358,[-0.11877391  0.04272853  0.99200153],[-0.4526716   0.88687696 -0.09239958],[-0.8837314  -0.46002557 -0.08599585]
8,50.70861156613195,194.85598580909212,87.68336851033393,1.5459483574636301,1.6844834125062622,1.1498631139462425,1.2862829056499536,621.1835717565533,621.1714146346645,6.2692526795975505,[ 0.70634592  0.12933429 -0.69595121],[ 0.66914778 -0.44270338  0.59687098],[0.23090407 0.88729159 0.39924548]
28,10.530687813985965,189.92517614991266,35.693694186897396,2.5671079689786565,4.570264363536083,2.0671327294092636,4.287824217210261,1024.4777415373753,1024.4090902762043,19.33462621557846,[-0.60020534 -0.11546208  0.79146829],[-0.79800667  0.15351128 -0.58276894],[-0.05421159 -0.98137801 -0.1842778 ]
2,5.157696088558151,49.669260450644856,43.007447164303485,1.0400314730740212,0.8105884994998434,1.0113208049738454,1.1893037438643788,93.23131730483439,93.21687717353046,1.6408340591424653,[ 0.20097901 -0.65307702  0.7301355 ],[-0.97648916 -0.07425339  0.20237428],[-0.07795095 -0.75364238 -0.652646  ]
8,29.9764727020698,89.4653010562655,131.8932251153693,1.2360818195903536,3.1202923253565777,3.557563818287078,2.0770247061151528,458.88263685253395,458.72414409378683,12.523609163007762,[-0.96649813 -0.04794329  0.25215631],[ 0.17806765 -0.8327817   0.52418179],[-0.18486016 -0.5515216  -0.81341911]
20,33.56222262561494,4.00806177635132,53.40488905484591,4.324300006655733,2.8504402298816958,2.839310989814289,2.7443634137103676,283.630872916285,283.1800221786991,23.255849048185766,[-0.28479512 -0.92617976  0.24714932],[-0.79755409  0.37197334  0.474914  ],[-0.5317887  -0.06186176 -0.84461465]
24,41.59360214274467,4.060739809014272,152.84157824650904,2.733181212689403,2.0352201916345605,3.482146120520762,3.7702261209393826,776.555286600385,776.5402295012069,15.023617136495318,[ 0.11053999 -0.99386455 -0.00376398],[ 0.9585451   0.10761089 -0.26383934],[0.26262561 0.02555686 0.9645593 ]
2,195.73985099793242,54.74318901481887,182.83688428414422,0.21949106515350536,0.4563468860365951,0.4418213162657878,0.3612550350990773,386.6282035801891,386.6273729917745,0.8014094605472522,[ 0.69469001 -0.29918638 -0.65413553],[-0.06910864 -0.93294807  0.35331557],[0.71598169 0.20023838 0.66878607]
14,110.93507730636598,42.10339641789502,96.783081750777,1.7392293215313244,1.9758207024626382,4.032490816514514,3.5063660300834516,573.1943918340392,573.0960215042546,12.390183993965856,[-0.58915244  0.72309169  0.36060757],[-0.35809534 -0.63371906  0.68568788],[-0.7243391 -0.2748428 -0.6322929]
80,24.761259709542855,148.90699081276958,102.84386691868129,7.570833480125106,3.479746981488132,6.54062302820934,4.988035240775713,1636.132982768859,1634.673084745458,83.60246000708658,[ 0.40131911 -0.5648874   0.72100291],[-0.90594538 -0.12884482  0.40331374],[-0.13492936 -0.81504677 -0.56346502]
62,46.856260842215164,62.53924951484184,23.54684552590208,6.061411300797087,4.247658324555923,3.418329885782598,5.907480886015733,645.3601686693132,644.7878405864504,44.49658018394551,[ 0.03517672 -0.37528582  0.92624141],[-0.81704482  0.522913    0.24289865],[-0.57550009 -0.76532513 -0.28823097]
3,46.77417068126349,66.12299196901445,153.35229203203392,2.673578336479727,0.7878462063436317,1.3525226323052237,0.8025147104427118,300.4325242104307,300.38808080477577,5.1844996277257,[-0.04864472 -0.9117066   0.40795192],[-0.96173357  0.15301218  0.22727914],[-0.2696335  -0.38128513 -0.88426208]
9,56.88372782920746,87.76625237174362,7.740885266103255,2.90659357216428,3.7587240850864556,2.556834683533376,2.834726780524373,314.94321949656114,314.8309144746645,13.820913677193747,[ 0.11226674 -0.15889127  0.98089232],[-0.83280611  0.52344515  0.18010875],[-0.54206104 -0.83711334 -0.07356014]
110,19.715915435913924,48.20460236141022,185.19367080929746,10.47257530594937,6.331579152219394,3.9132486096005934,4.015847367441259,2021.5435981465037,2018.7453838049782,127.85471269006658,[-0.37645998 -0.88597783  0.27077881],[-0.92075125  0.39013349 -0.00360577],[-0.10244525 -0.25067735 -0.96263484]
17,108.08208774357605,18.491868952358463,14.061608238181275,3.4179775705394437,3.687831804459895,2.372071497667753,3.757759577004041,456.2994507599378,456.1692740522032,16.71703116562838,[-0.09097923 -0.208983    0.97367802],[-0.18998567  0.96341765  0.18902877],[-0.97756239 -0.16778718 -0.12735477]
201,188.99637089052422,33.67190716959218,65.05604357388155,5.110479031511183,6.19686757339566,6.0283820017407805,4.671856573193343,2876.119859382213,2875.589149730579,126.19153930083024,[-0.11525342 -0.7050484   0.69973095],[-0.34247774  0.68943764  0.63826699],[-0.93242997 -0.16607982 -0.32092343]
102,164.0963786307199,30.676595177367844,119.60204719164847,7.058366642650332,4.8993475632323875,9.951599809262824,4.900128934473914,2077.8497866774287,2075.1037827667787,122.90613127988328,[ 0.20136398 -0.97920777 -0.02459035],[-0.56670461 -0.13693989  0.81246129],[-0.79893581 -0.14966497 -0.58249632]
42,88.86757598509604,35.00015366820272,22.206769293897782,4.062170605134866,3.44184570453655,3.5577751100852573,4.647335709813863,636.6207055692838,636.4421428193124,28.462330498937245,[ 0.2760692  -0.90509011  0.32341567],[-0.3206162   0.23049792  0.91873607],[-0.90608557 -0.35732703 -0.22655317]
37,52.43930181565474,26.79862085870382,4.814185688882536,6.31416097654054,5.199190825511637,3.782365280987879,7.269654142000768,362.94765314133605,362.80197807402675,31.67801976603015,[ 0.20560534 -0.54853998  0.8104507 ],[-0.41438177  0.7014422   0.57988498],[-0.88657442 -0.45506344 -0.0830847 ]
86,187.0811462849676,13.835622235346706,110.81906461735018,4.378230734276587,6.728349582365928,7.896054237246797,4.290503783657795,2022.995685380986,2021.1685369883305,96.41846679329348,[-0.26754206 -0.79072277  0.5506167 ],[-0.43754643  0.60883217  0.66172238],[-0.85847211 -0.0638818  -0.50886614]
64,59.18748666067173,17.254024125736407,122.96015702187796,3.969304513756896,5.463038665319936,7.745458833790955,7.5187549643952725,1103.0161037394707,1102.5155038247772,55.66463338630326,[-0.53511352 -0.76188672  0.36494129],[-0.72758256  0.63517187  0.25919168],[-0.42927514 -0.12682794 -0.89422454]
112,11.223743634882469,41.54293549600828,70.33350827811628,4.352895485979074,6.9522832032236686,6.879164015741751,6.780013658223794,878.7164674950084,876.7932510057145,87.44526968351641,[-0.98204414  0.1823752   0.04825559],[-0.13125292 -0.84425351  0.5196236 ],[-0.13550641 -0.50395963 -0.85303148]
2,5.558035918467386,86.97559799670643,121.90068957062462,0.7723189379165718,0.3030551748156185,0.44179433028670445,0.21213431291920415,211.9259683434787,211.92201175091287,1.2949879409122569,[ 0.5492562   0.66821082 -0.50180866],[-0.83483016  0.46542481 -0.29400399],[0.03709755 0.58040852 0.81348001]
35,191.23529369835188,64.80827041231119,137.57174531198427,3.331059220427877,3.7750452179767935,2.5192559800896928,2.8477458344261333,1445.7879754454939,1445.6424713432066,28.739270058372007,[-0.48766809 -0.30077317  0.81958241],[ 0.38669855 -0.91608314 -0.1060939 ],[-0.78271583 -0.26519272 -0.56305306]
2,27.859661560929272,114.50487184656961,58.015765239383384,0.18465391963313849,1.3496199409756642,1.9791004526538565,2.089730204584356,185.79089237557847,185.7833314313338,1.676141995468924,[ 0.95258683 -0.28532009  0.10569185],[-0.21818692 -0.39844799  0.89086119],[0.21206789 0.87168322 0.44180942]
3,116.85481088508436,16.016397170224014,71.40937627160883,0.3542354328453656,1.8546648061073177,1.7641937165285715,1.0256677038463724,238.8569459786769,238.82145553883086,4.118560840885717,[-0.31841304 -0.6694114   0.67119409],[-0.42476245  0.7337402   0.53028499],[-0.84746091 -0.1162484  -0.51797328]
90,151.37687860289793,177.69787051180595,189.6476896674465,6.506295128864417,4.344467302937053,5.362506644298986,5.691692485825828,2854.319572227169,2854.161965371709,72.1493321726432,[ 0.51975035  0.37595583 -0.76714847],[-0.69022417  0.71395098 -0.11774803],[0.50343834 0.590704   0.63057008]
96,42.83287440009579,86.23413676920427,183.4027438968461,7.659823169326549,5.125065972491529,5.488672473573652,5.135386184885339,2031.6893677290682,2030.7847834479985,92.15805529284071,[ 0.38641373 -0.86617313  0.31690462],[-0.89881353 -0.27655135  0.34007879],[-0.20692671 -0.41624927 -0.88539137]
20,55.79790392502362,161.23547265580487,58.238566907285175,4.048480862345652,5.776982071555958,2.8358121861634347,3.976495605036846,806.8472674978401,806.5690648337371,28.92453276845351,[-0.50202886 -0.13476196  0.85428698],[-0.80773684  0.42607077 -0.40746152],[-0.30907639 -0.89459651 -0.32275202]
230,51.16713908081606,97.92306799389898,123.94343247335162,6.340851936536998,13.058795992829591,8.190094611401069,11.508880266012046,2529.4774939833696,2525.3332577630313,184.28455358621497,[ 0.83045116  0.2161099  -0.51346604],[ 0.46477545 -0.77692175  0.42470741],[0.30713946 0.59134517 0.74563815]
26,21.83690750849058,108.79853051353732,157.10992175727264,4.244289002709295,5.72445048990278,2.737051726635821,2.6984484114718943,981.5018073611952,980.9325404820815,36.41088199309158,[-0.79819086 -0.43760847  0.41399296],[ 0.59163485 -0.69883705  0.40198877],[-0.11339992 -0.56579643 -0.81670978]
112,187.0642977290411,139.2356702996031,186.03777917795756,5.532104208473021,6.638140836824611,7.621532169158438,6.776844632427373,3158.945690679189,3158.2905280256196,98.43075970821089,[-0.01409929 -0.79367608  0.60817718],[-0.77901001  0.39003253  0.49093588],[-0.62685295 -0.46685426 -0.62378079]
29,19.1713516712621,21.77175230759935,164.0751639530586,4.578844282663332,2.527327411187569,3.999775888616489,4.4457991668538925,897.8816864833282,897.688300100639,26.205281285091555,[-0.06050968 -0.98853823  0.13831394],[-0.99145647  0.07556444  0.10632065],[-0.11555365 -0.13069882 -0.98466501]
4,78.79812654117954,1.4275257048445789,20.62076273141193,2.987345792482786,0.5736354136560655,1.0185426067102503,3.051170756792141,163.0525237555271,163.04443101000876,1.9751554333639465,[ 0.09665384  0.89662327 -0.43211658],[-0.23455063  0.44244064  0.86558205],[0.96728695 0.01769139 0.25306714]
5,95.43829172084347,63.93229021654217,196.0148264318044,0.7206907137705353,1.8003705503232719,1.7085939842678877,1.963551903253633,508.0551767594748,508.04403228734003,3.764737910886169,[ 0.649342    0.57093371 -0.50238399],[ 0.63397144 -0.77124837 -0.05706275],[0.42004188 0.28144386 0.86275963]
7,28.01628533395071,96.32321708032525,44.49100479617539,1.740542704491334,0.9075673246280849,2.26005221179843,1.544286999938123,290.43395501696745,290.3833372710505,6.813505776046445,[-0.80072154 -0.04312558  0.59748239],[ 0.54187127 -0.47736093  0.69173844],[-0.25538313 -0.87764841 -0.40560169]
2,70.46920896389551,197.7120146969579,102.22376484168018,1.0567613978164943,1.0660365544788135,0.6778491568236902,0.924943413758541,330.1768039217813,330.1711793738314,1.9272153215605272,[ 0.76375612 -0.48967764  0.42058579],[-0.57057906 -0.20744531  0.79461058],[0.30185448 0.84686614 0.43783743]
22,176.45931513349717,134.69099992896008,141.7126234748569,2.1725067515677168,2.2782628206067623,3.2840480360918045,2.447217658428778,1235.4634700146378,1235.372825922924,17.988836205163626,[-0.6945057   0.68783796  0.21104685],[-0.2621873  -0.51511099  0.81603829],[-0.67001466 -0.51140944 -0.5380899 ]
65,94.65447373999626,44.168488350500915,40.25992418453381,4.861394410054961,4.637515193930562,3.5191220562751675,3.6643314857283973,904.0654342513612,903.524806541532,53.300450280524146,[-0.18374757 -0.41699823  0.89014005],[-0.50079179  0.81893738  0.2802662 ],[-0.84583947 -0.3942766  -0.35930704]
86,156.3891489239816,186.57970628185706,160.06573213567438,5.481511751197298,6.058015185619782,6.778652194239828,8.666110160438548,2703.590681775406,2703.3229654307456,56.63829739017532,[ 0.55261379 -0.75884364  0.34463651],[-0.6376358  -0.11866552  0.76114327],[-0.53669226 -0.64037084 -0.54944208]
40,180.51136246232934,193.0541477752307,179.66638711694858,7.951403597088925,3.9438358511883176,3.083746067486795,6.243726900802504,2021.9948724305868,2021.7258867408816,44.33458731556078,[ 0.33063416 -0.78987459  0.51650671],[-0.75589364  0.10604742  0.64604856],[-0.56507155 -0.60402986 -0.56199828]
62,4.072645231349045,94.40431753583692,85.99322326435937,2.6287980496882835,6.467646110081118,3.9726683160147815,4.668648309809332,1007.8020373880595,1006.8711304219474,51.694853221750265,[-0.98921188  0.11949995 -0.08473258],[-0.1430137  -0.66249349  0.73528869],[-0.03173218 -0.73947423 -0.67243657]
92,4.729428038567302,67.85100742728005,102.92420011152146,3.1286010403180278,5.461745680181719,8.588930604126283,8.231637799308873,1187.370296454142,1186.2542604213413,64.86409404098255,[-0.97051765  0.21928445 -0.10004904],[-0.23801669 -0.80648825  0.54122524],[-0.03799391 -0.54908199 -0.83490445]
74,134.01801412030315,151.31941090590928,117.31637990596448,8.602415884974972,7.709474072099976,4.643753299687658,3.7495568783364277,2013.103950065338,2010.953196050369,102.00861345178332,[-0.51850085 -0.18753404  0.83425886],[-0.63409124  0.7388802  -0.22800076],[-0.57365945 -0.64721482 -0.50202371]
29,61.49298220674432,63.240565149813726,138.30463392354972,3.2290410620998373,3.1299148000456483,2.3933389587729548,2.767945092931072,883.7436068479316,883.5660580862747,23.048463246649575,[-0.53521951 -0.65255083  0.53639304],[-0.75697903  0.65231828  0.03825719],[-0.37486374 -0.38556229 -0.84310076]
34,59.65653892890514,178.0399619130021,100.73146765420415,4.02542574610966,3.1054652316876163,3.0372782431315035,3.297361511843581,1242.8288932145297,1242.7427396271673,28.653448374990127,[ 0.4068852  -0.54930058  0.72987212],[-0.86948798  0.01207675  0.49380644],[-0.28006265 -0.83553757 -0.4726964 ]
52,128.7017118516196,119.53103935087023,79.29592298317,4.583454266818564,2.8641893325816414,4.459660961114152,4.8913803905821025,1390.5300693660358,1390.2359250397988,36.04905924385803,[-0.58820971  0.77858667 -0.21865988],[-0.45595443 -0.09597344  0.88481335],[-0.66791833 -0.62015474 -0.41145255]
22,62.03581717355594,128.49361368981312,154.54206450083495,2.802157437533946,3.628178209669933,2.97450902381164,2.971001096543646,986.8508181653493,986.731720992837,21.47587457464259,[-0.95116538  0.26084986  0.16505084],[-0.0908126  -0.74750024  0.65802467],[-0.29502119 -0.61090158 -0.7346848 ]
22,31.62637602939048,27.271044753929427,97.70150567807849,1.3943334567114993,3.1911738949947983,5.193134522774195,5.449708025923273,499.1572773273058,499.09122342841835,14.462437831094936,[-0.70676304 -0.58837953  0.3928047 ],[ 0.64212099 -0.76657033  0.00711064],[-0.29692867 -0.25725368 -0.91959443]
2,113.67434652057429,122.09907451958766,8.69645772141212,0.2760421670214157,0.5223675970124475,0.3250281606225869,0.5865667198530247,236.246160361642,236.24569200544187,0.4704194814614418,[ 0.63243846 -0.62171065  0.46205786],[-0.37009487  0.28149252  0.88532014],[0.68047879 0.73091575 0.05206523]
56,34.0635562132096,191.61308539825768,64.08405483240169,3.2367736229500395,3.1889996958228557,4.514628972070183,3.7410758650592246,1533.8899384330546,1533.7254758574402,39.0081046025289,[-0.89719835  0.27509237 -0.34548417],[-0.4091488  -0.22330955  0.88472035],[-0.1662299  -0.93512408 -0.31290667]
9,122.34893497377819,173.15033433408504,123.19619547063287,2.392228844841759,2.4473629635376613,2.8267880860473973,3.373151950616903,735.7293720962292,735.7164381062429,8.66709563501923,[ 0.81346894 -0.58153195  0.00942785],[-0.29883768 -0.40400908  0.86456504],[0.49896325 0.7061142  0.50243249]
98,143.76269793279283,91.86148267624772,96.20228358773386,4.691692545071355,5.381978775912963,5.975332037287711,5.523012739659681,1940.6550328716662,1940.127669194413,74.3830160460846,[-0.62816771  0.74387137  0.22816816],[-0.258339   -0.47600687  0.84064167],[-0.73393889 -0.46911922 -0.49118313]
26,51.92170758583767,148.22406021650698,124.48587915483782,5.518076050774133,2.050731843656256,3.201817238072011,2.052893241791936,1022.3746149831062,1022.0076491119916,32.55874281425877,[ 0.12166473 -0.66302843  0.73864131],[-0.9581865   0.11572017  0.26170112],[-0.25899098 -0.73959593 -0.62122583]
11,3.1627537023829677,166.8056116899418,34.52431600386486,1.5752749850002425,2.9219578982047287,1.7735767210038351,2.710489789069536,565.1687184534339,565.1497367413858,8.641734405295619,[-0.9985681   0.00804593  0.05288672],[ 0.05015183 -0.20322319  0.97784719],[-0.0186155  -0.97909938 -0.20252868]
7,139.41506365262438,73.03506438422481,29.731326882920143,0.693152324991509,3.6812866837186826,0.4222716358653386,1.742790391422991,423.88823424394826,423.7977933227638,8.831641488651425,[-0.16615853 -0.08282623  0.98261445],[-0.46360766  0.88603283 -0.00371011],[-0.87032137 -0.45616405 -0.18562079]
155,103.30681092148852,105.28487667456528,121.58615821578648,10.883672594957396,9.241948419183789,4.813184009008224,10.48458115818981,2386.0870041607536,2384.6389804608298,134.12437507504862,[-0.25180445 -0.61440523  0.74773039],[-0.80227848  0.56462445  0.19377429],[-0.5412428  -0.55109477 -0.63509904]
9,47.360273660970655,149.9844044565545,150.41444945056872,1.7153865106814854,1.1964945076747087,3.4636841099203104,2.5538058904505587,652.9937267867554,652.9449568755506,9.358706844366816,[-0.73985586  0.57833551 -0.34371695],[-0.63662182 -0.43663513  0.63565905],[-0.2175453  -0.68911378 -0.69122806]
