N,MEAN_X,MEAN_Y,MEAN_Z,SIGMA_X,SIGMA_Y,SIGMA_Z,SIGMA_R,LAMBDA_1,LAMBDA_2,LAMBDA_3,EIGEN_1,EIGEN_2,EIGEN_3
7,166.27177768882157,38.63359874955381,4.094077661655913,1.4027959481630365,3.0416439188071007,1.2477385451436076,1.735729420319228,451.8521028497978,451.7955128875509,8.2490244861168,[-0.0709222   0.2015575   0.97690563],[-0.21629466  0.9529621  -0.21232016],[-0.97374877 -0.22635768 -0.02399036]
1927,95.68524682613666,124.94436312986969,135.16647213855768,16.60371723507109,32.82088375577463,20.328296073439443,23.251175324125764,9248.090389170962,9212.878249814772,1505.309131344188,[-0.87718451  0.43060223  0.21243599],[-0.1488107  -0.66445309  0.7323643 ],[-0.45651145 -0.61080588 -0.64692618]
158,17.868825036034746,41.92360118694986,181.50465759604919,9.173045925432167,10.15120714926944,7.734817209689192,9.014855734139172,2358.4261247168633,2357.219551448679,161.18509745420573,[-0.6135672  -0.75369526  0.23553927],[-0.78389121  0.61730553 -0.06669667],[-0.09513074 -0.22556006 -0.96957352]
56,92.04750687528178,15.111797216490757,41.697072139836614,5.430863949042795,5.5041640587935925,3.9868797411698895,5.723467145313297,767.1571778323442,766.009750833372,49.27805593151986,[-0.42948017  0.16669108  0.88755894],[ 0.06139641 -0.97515376  0.21285118],[-0.90098683 -0.14590829 -0.40857497]
266,49.87997035790394,100.49387536194254,126.31631365155157,6.0994054904608825,13.559297964053815,9.82103920131264,13.321090163393274,2769.274263751722,2765.350367007897,194.07337146421756,[ 0.78559628  0.2947844  -0.54400427],[ 0.54470796 -0.74652838  0.38208456],[0.29348206 0.59648766 0.74704133]
234,174.1895279046291,161.4091747042663,149.36414246511666,10.249497299459378,10.255575971397274,9.406951871954815,14.614522262905256,4299.030710931011,4297.912633449028,140.7730371328039,[-0.53328095 -0.1879799   0.82478784],[-0.57458671  0.79606629 -0.19007516],[-0.62085549 -0.5752756  -0.53253774]
4,23.11688082820098,159.30572958085736,52.005224684406016,3.6185932432271524,0.5803154380450866,0.7946494242517739,1.0623022109849134,338.4131958781603,338.3418951630146,7.194640168221145,[ 0.01666679 -0.31248464  0.94977659],[-0.99046467  0.124763    0.05842888],[-0.1367551  -0.94169398 -0.30742559]
216,87.21451453672499,181.1760879796462,97.50122103716974,4.958303420544494,5.8781858778711555,11.735644468459382,6.249791593001999,3289.9481444064227,3286.348733543469,185.08434384492662,[-0.86300557  0.48718427 -0.13368945],[-0.3212019  -0.32488094  0.88954017],[-0.38993683 -0.81061943 -0.43685858]
91,140.99122982032287,188.59517191041485,48.4937159030342,4.418964193431008,3.2191316172651714,6.2197883787868,3.6262858164634775,2294.6216122344986,2293.780788485415,71.09068398826608,[-0.66000813  0.60718092 -0.4424032 ],[-0.46950618  0.1263429   0.8738429 ],[-0.58647525 -0.78445446 -0.20168785]
30,67.4746737336729,56.71396177667002,139.80050983120864,4.362851231410966,4.256137593816654,3.644055344059176,3.6344300997055603,905.9586211376405,905.5140456173149,33.440175216378634,[-0.63955314 -0.55376469  0.53321333],[-0.65133955  0.75875625  0.00676308],[-0.4083241  -0.34297758 -0.84595378]
159,144.01071129622702,34.34911430795405,95.25650002148657,5.452504650320679,8.000052478389039,11.978684338677015,8.932068606329649,2227.814970886824,2223.2537535458423,158.46984187940373,[-0.16056907 -0.82622731  0.53996852],[-0.55428644  0.52813939  0.64330034],[-0.81669095 -0.19600309 -0.54276945]
419,110.99559182165609,119.95562551746747,35.45508993402554,13.669524389843286,8.823685264505478,12.780792114155602,11.358251320100786,3441.52294445367,3438.5184647417173,356.51176613697146,[-0.74185126  0.66580205  0.07977682],[-0.0834499  -0.20971048  0.97419589],[-0.66535166 -0.71605107 -0.2111351 ]
121,136.07053424718163,171.4764327998056,141.54950705526466,4.150479261969387,7.482163584560902,6.245851231572079,4.396666825458379,2869.375691053377,2868.4133197492624,106.32726500357917,[-0.85099752  0.44528463  0.2784328 ],[-0.05850803 -0.60726265  0.79234392],[-0.5219004  -0.65799215 -0.54283174]
245,130.08144078482493,50.36206173496807,21.631002792198526,8.618483807716375,14.613838550039848,7.621463101575667,11.115623083739239,2225.450186200338,2219.5580518679208,232.15092785825152,[-0.25550874  0.26105944  0.93089379],[ 0.29668331 -0.89522609  0.33248949],[0.92015993 0.36113463 0.15128611]
25,163.3073462676055,182.8353840210901,193.87581690673662,2.287719086256148,2.8072691643698024,3.624986793671656,2.998110117534046,1562.8968920981993,1562.8598694108061,20.737634261480707,[-0.15192007  0.77975942 -0.60736772],[-0.83902415  0.22307891  0.49626029],[0.52245456 0.58498808 0.62034682]
2,11.628642627726093,101.53607183458115,178.15310557392482,0.4884454921322945,2.065384912436407,0.9490621760073452,1.8718953950463941,290.47799693417,290.4714531474266,1.9497716045816174,[ 0.95908628 -0.2683195   0.09032252],[-0.2773913  -0.82677408  0.48938604],[0.0566355  0.49441811 0.86737717]
2,12.624717248939366,73.11336105408114,64.47001855577034,0.3222784950122737,0.2536110321092053,0.32923687664700196,0.3631963556432609,139.00796323755247,139.00692254966782,0.5378909958217593,[-0.20653331  0.66694215 -0.71591352],[-0.96997449 -0.04352382  0.23928054],[0.12842699 0.74383724 0.65590599]
142,73.0965582533793,135.55050263493197,71.77880928194858,7.827094431530966,5.334907578221947,9.5018470492959,6.595088522748006,2029.66591065003,2027.5910868583278,138.99090042660845,[-0.82335569  0.15506587  0.54593038],[ 0.36949897 -0.58366671  0.72305165],[-0.43076202 -0.7970494  -0.42326863]
14,8.034474552601537,59.28219493618867,89.94815466516577,2.77985712624898,2.7938139179792834,2.4294120385501454,2.2762195811968597,404.49429814756854,404.35975812906224,15.052723887021482,[-0.75115387  0.58004506 -0.31514377],[-0.65591267 -0.6019559   0.45544227],[-0.07447439 -0.54881402 -0.83262041]
13,43.391243843216564,101.48431654398847,38.33825230286458,2.443324582790776,4.304568817711337,2.0935175776141874,2.792220778099079,421.65507110546116,421.45799771470314,16.582513983417297,[-0.58871313 -0.05299337  0.8066031 ],[-0.71825332  0.492084   -0.49189988],[-0.37084905 -0.86893328 -0.32775898]
733,180.14060632796568,93.57440869577157,65.88191913091552,10.89549758364984,12.403260893180272,11.765313476048494,14.887185710696558,5799.862175469091,5796.491894397204,370.1584062745912,[ 0.19872633 -0.78980597  0.58027095],[-0.49965324  0.42770701  0.75326845],[-0.84312187 -0.43962853 -0.30963247]
20,61.97949877912017,161.67596753300563,39.268694904144034,2.7017505305742624,2.9873943009614043,3.2366785877564777,2.9536540089245182,794.3116542333413,794.154232734476,18.98260204898434,[ 0.65163905 -0.40547803  0.64105703],[-0.67346986  0.07957483  0.73491918],[-0.34900559 -0.91063462 -0.22122316]
2,189.7067360916509,69.56005516166027,13.727739990386489,1.336421913417837,0.2905573244327613,1.3495396585577417,1.060540574400818,286.4241244806854,286.41516274451334,2.26575253749408,[ 0.27701958 -0.84556455  0.45637785],[-0.21402719  0.40873307  0.88720327],[0.93672435 0.34344995 0.06774674]
55,50.69890702943478,23.982583712707992,4.895769012242631,5.344608462752206,5.6033779245352004,3.8719877828790015,6.150188366629443,421.51793752152923,421.0318640567483,44.1154203991396,[-0.03303974 -0.13471891  0.99033287],[-0.43624729  0.89344424  0.10698457],[-0.89922004 -0.42849529 -0.08828993]
12,171.49440502132336,43.389749035242325,37.796563480715186,1.663038320653941,2.6428136023522577,4.485981161566076,1.5637323523371147,626.8980133492205,626.6611372703467,18.155881908794804,[-0.31177366  0.83088079  0.46090596],[-0.06309227 -0.50211726  0.862495  ],[-0.94805936 -0.23982361 -0.20896909]
304,149.2386010799753,160.16739121517594,183.98946426122578,9.47993368339777,14.382420494550454,9.165579969522577,10.31583533925935,4995.934573590551,4991.0307739194095,287.54608505115027,[-0.30672722 -0.58042391  0.75433845],[-0.79660212  0.59029626  0.13028967],[-0.5209064  -0.56094422 -0.64342684]
207,93.6934666445744,97.36410830742724,187.92262392699615,9.802941261063634,8.681417454603517,5.314631212059981,4.963964200618441,3335.903643073309,3331.2925384680716,190.2631079878829,[-0.4067781  -0.71236937  0.57189287],[ 0.81915822 -0.56154412 -0.11682468],[0.4043654  0.42094903 0.81196708]
49,178.86801011611377,194.2305755465733,179.0063902699965,5.180339932120002,3.2191865507337187,3.979654739288881,4.348153885012264,2233.490523423924,2233.3338678435616,40.857139118809435,[ 0.61740706 -0.75904176  0.206553  ],[-0.55164897 -0.23058744  0.80156899],[0.56079581 0.6088391  0.56109092]
479,102.0817023981918,132.56403374035835,168.5138226228956,10.139036598612634,10.738327350399258,7.546655812463055,11.191159849183753,5207.60424282345,5205.237152995061,268.82503298480026,[ 0.47626834 -0.8076226   0.34772719],[-0.76695121 -0.1881341   0.61350746],[-0.43006315 -0.55888397 -0.70900944]
69,185.7745210281416,12.908005449249366,110.93899642568584,3.9468513455935823,5.045182083772957,7.00029011528583,4.62762923239333,1802.142968525968,1801.1420498012671,68.52351179513833,[-0.24020326 -0.83249224  0.49925851],[-0.45615138  0.55079521  0.69896392],[-0.85687123 -0.05984404 -0.51204529]
69,180.3132985250481,22.716261812559825,188.5644463351711,3.824989752227664,4.256674643861633,5.003394992532767,5.513828532545939,2176.176751448809,2176.0353624856143,43.51005315230781,[-0.70100782  0.33431311  0.62993872],[-0.18603964 -0.93845539  0.29101673],[-0.68846009 -0.08681143 -0.72006005]
6,97.82029632674067,51.34390505275346,85.51458062372264,2.453041092920583,2.212947403191834,1.9795755425276946,1.8857920186151125,342.3130130076479,342.26404723759396,8.253956208347125,[ 0.09676555 -0.89819728  0.42881007],[-0.70736985  0.24102411  0.66448121],[-0.70018878 -0.3676262  -0.61203484]
15,131.2851100522993,59.346639721033334,88.56140770925532,2.4092631784230534,2.994175666251968,2.0092992342099065,1.5173867196683222,655.1736844375781,655.0511261503254,15.731308069523923,[-0.26467665 -0.57249424  0.77601328],[-0.57212288  0.74101111  0.35153654],[-0.77628711 -0.35093144 -0.5236654 ]
329,16.34282853227051,188.1603179637736,108.82450710836045,7.74759820499123,6.300100666873622,11.025250511036871,7.538880424921508,3960.716754915276,3958.352706110473,232.56338750391456,[-0.96171835 -0.06961628  0.2650498 ],[ 0.26349184 -0.50066664  0.8245635 ],[-0.07529855 -0.8628363  -0.49984362]
69,173.53097724100925,151.7460884621576,7.813023580200974,6.772846468088971,4.9639495497700485,6.412184489569861,6.881998645734936,1917.6293007656377,1917.1473045203104,66.14816583327409,[-0.62767234  0.73149211 -0.26635827],[-0.19955864  0.17953063  0.96329907],[-0.75246514 -0.65779028 -0.03328916]
41,192.5908316858062,172.835217907075,137.68681032180334,2.75661139742384,6.4007499401862304,4.040480744827255,5.093779059474339,1877.5429710340054,1877.2517818312817,39.914196119820595,[-0.70855561  0.27010627  0.65191376],[ 0.25760783 -0.7610706   0.59532324],[-0.65695293 -0.58975771 -0.46967935]
35,176.11169376051322,165.22470984672353,180.38494319852836,3.2189796235052865,2.9361040194043766,4.208899006634724,4.316415783008281,1783.5096372416067,1783.4674272611244,25.187425414460023,[-0.09170917 -0.68815081  0.71974849],[ 0.80637943 -0.47539786 -0.35177988],[0.58424451 0.54812894 0.598509  ]
199,12.052421243062014,115.45901800629929,108.32990017580812,6.817641767948216,8.804018337689666,13.984277447536899,8.031157248101673,2252.1301606602206,2244.811040144118,223.73374954261445,[-0.99605388  0.08649231  0.01989357],[-0.0447074  -0.68262063  0.72940409],[-0.07666761 -0.72563638 -0.68379377]
65,158.8558620423193,114.56151457612584,39.00282487906513,7.294162018144892,7.30298196007042,8.484627996572925,10.489597677443818,1613.317641450451,1612.6068294932707,66.41467119548098,[-0.48279861  0.79496396 -0.3673388 ],[-0.36719045  0.19704623  0.90903463],[-0.7950325  -0.57376396 -0.19676953]
13,116.64444005036617,27.608458162451846,14.121514001096735,2.537047411831724,2.970917329493722,1.3347346168248904,2.8225079585717987,435.39949539396304,435.3293593927127,10.75137243441223,[-0.10274984 -0.07272087  0.99204543],[-0.23571885  0.97069658  0.04674164],[-0.9663742  -0.22904111 -0.1168806 ]
40,140.88854854062626,187.903831774973,116.07613829378234,5.036801992509109,2.5296749792680218,4.095103348242042,4.150751198340049,1657.361439101173,1657.1876768127872,35.40315019699229,[ 0.13037943 -0.59009375  0.79673745],[-0.8328961   0.37074975  0.41088771],[-0.53785248 -0.71717082 -0.44314864]
63,27.696562515225832,18.502613851482977,192.3725609803735,3.3634462118911435,6.128096582649832,4.0661343455057715,3.8893725187318284,1550.7161730788448,1550.1792805661485,56.228412459934006,[-0.98967454 -0.00743897  0.14313966],[ 0.02088476 -0.99547846  0.09266318],[-0.14180313 -0.09469583 -0.98535505]
38,4.474886211260726,174.08057722247767,180.35097464348382,3.6692145051053995,4.521916949063176,3.846216452751035,3.3284990240744046,1545.852006448774,1545.7215796854443,37.80731768834332,[-0.99783034 -0.03326228  0.05681761],[ 0.06338218 -0.71881248  0.69230869],[-0.01781344 -0.69440783 -0.71936113]
150,52.96680372625236,157.80858711649364,98.87536181089968,5.02898041376619,8.189846736906652,14.372032509065725,6.240272586299105,2379.9911676446095,2373.090689328885,198.4171845738343,[-0.9539034   0.29801897  0.03539769],[-0.12350663 -0.49731906  0.85873155],[-0.27352223 -0.81477509 -0.51120166]
22,132.2441482598589,144.0670679657767,6.929685549499973,4.254915018856656,2.3404979248838735,3.520167713313853,2.8936808258241595,918.1841178211824,918.0178841628148,24.608410917652314,[ 0.46600126 -0.46397402  0.75337304],[-0.57093733  0.49279268  0.6566475 ],[-0.6759241  -0.73612736 -0.03525807]
358,116.11253998936081,40.480742906721936,169.01935356343776,12.003692446977134,12.799062229833982,10.401701992143668,11.916458589965755,3969.7188646167565,3964.9285906644,315.37716518874953,[-0.4883283  -0.71020173  0.50709859],[-0.67310895  0.6763707   0.29907695],[-0.55539159 -0.19528486 -0.80833409]
52,128.01782475508315,6.943719827760038,146.06532526279972,4.451424111901613,3.5638888691483404,4.550072550439133,4.712360372621658,1402.2837319368336,1402.0662719739944,40.23149224898503,[ 0.41815587 -0.84774079 -0.32631461],[-0.62550683 -0.52921354  0.57330117],[-0.6587009  -0.03561724 -0.7515614 ]
4,119.03280344226448,62.11150044773117,81.52320649869506,0.44517359140126994,0.8473853919373329,2.6237513417344496,1.4821697628229011,314.1965756667606,314.16855703307044,4.740459922289223,[-0.5583561   0.80456925  0.20225427],[-0.33769944 -0.44311188  0.83042817],[-0.75775824 -0.39537348 -0.51911681]
134,152.0436506700935,95.84853456959452,99.90004553198303,9.97985116776448,4.82277617601762,5.162364549664757,9.911251654925728,2383.9572910459633,2383.730291385498,82.5807630577315,[ 0.267242   -0.86569845  0.42325868],[-0.61732781  0.18346261  0.76501494],[-0.73992438 -0.46573348 -0.48539081]
33,6.0334093819250745,173.39807008151226,81.03986828034847,2.7330719006068542,3.1922558704370467,3.7693573331609818,3.3903834103974697,1100.429219626913,1100.3437409248434,25.9265316919668,[-0.97306982 -0.06902345  0.21993382],[ 0.22835713 -0.41876427  0.87891382],[-0.03143476 -0.90546797 -0.42324887]
53,10.289664064637659,160.21989277611436,62.175095467566926,8.134778275646898,3.9350513982535587,5.241695841108072,4.7248123814513345,1255.5102788274044,1254.0617184871112,68.16883978539569,[-0.46602264 -0.29373515  0.83459126],[ 0.88269188 -0.21900733  0.41580144],[0.06064611 0.93045981 0.36134001]
10,87.79505091918438,185.60517592282824,166.75828871660786,4.426313902864068,1.319752906202126,1.9338020943438197,1.5201738749833325,836.6013652146889,836.471338407134,15.063552829784271,[ 0.34970724 -0.7122369   0.60862422],[-0.8760737  -0.01841912  0.48182529],[-0.33196343 -0.70169746 -0.63041332]
16,165.0828926173195,77.56028335877737,159.41772914087073,4.5210470084573,1.448843086093334,3.8641609917717528,5.369689968566727,969.2612590331576,969.2348020402782,11.77529874915149,[-0.43666972  0.89950133  0.01472801],[-0.58722674 -0.29739977  0.75280683],[0.68153085 0.32007927 0.65807671]
25,15.639379941353097,2.2408998258183086,100.21543679522706,4.525197448248427,1.5897988276363884,5.975991276352404,6.2942576708678315,508.65000074005314,508.30577115831153,21.76160393502173,[ 0.00847253 -0.99974119  0.02111327],[-0.9878412  -0.00509019  0.15538294],[-0.15523525 -0.02217305 -0.98762866]
3,140.49406339213033,16.322185632431758,21.644885702246683,0.5436229605356688,0.6371162169938186,0.4331277273211469,0.5331556434530379,247.8367630097563,247.83348436790868,1.3480350694789685,[ 0.1890063  -0.64502991 -0.7404141 ],[-0.01309566 -0.75559302  0.65491045],[0.98188855 0.11408599 0.15125894]
15,178.3688450382636,181.10880291712425,171.99196503716584,4.196020082185513,2.5976485530015716,2.1813809465785203,2.1649436655471144,1188.8417574370824,1188.7281419361423,19.142785981584872,[-0.49532321 -0.28986287  0.81892273],[-0.64562606  0.75355532 -0.12377953],[-0.58122449 -0.59002873 -0.56039646]
2,113.03208313587527,68.29088666661818,37.644375817334364,0.4447044175713586,0.9003827754899945,0.8375524718913354,0.1478739056236975,194.20971137267873,194.20101915815135,1.8374301060200295,[ 0.51055878 -0.43678786 -0.74063898],[ 0.24857953 -0.74960491  0.61343353],[0.82312693 0.49730156 0.27414085]
65,109.75159877691425,52.1877302432295,4.938665527238675,5.8003843407811,3.5502310277124565,3.26189701228151,5.326096295856862,982.1496759532175,981.8735111398919,42.885096144310815,[-0.17571452  0.28121525  0.94342058],[-0.39292811  0.85865035 -0.32913078],[-0.90262501 -0.42852952 -0.04037996]
77,26.394636735844315,107.53357237663305,192.34455642213987,5.6597318476223,3.760100579288637,3.3831955121046913,3.4993145833362496,1948.4274118806543,1947.9531775111745,59.11435914807339,[ 0.41532478 -0.81711559  0.39978424],[-0.9018453  -0.31232534  0.29854302],[-0.1190814  -0.48453586 -0.86662831]
3,50.78420579615611,85.87239896091512,31.016960576777677,1.140282239435526,0.6298228270554074,0.9232111846263243,0.5929438792694037,180.97603834965153,180.96213705528817,2.5713346132173664,[ 0.29159845 -0.47282113  0.83151099],[-0.82383323  0.31759697  0.46950077],[-0.48607526 -0.82193208 -0.29691498]
23,96.81084866923938,68.4207644911552,52.32795864841622,5.444574796296964,3.9586360618466307,2.4936441871542714,6.026214587708659,622.3142426109631,622.2325779109427,18.764410994632613,[-0.59802566  0.79908285  0.0619025 ],[-0.28952624 -0.28740601  0.91300183],[-0.74735525 -0.52807612 -0.40323162]
2,145.67771724112265,137.27782062225242,150.15778480238407,0.39260573269233134,0.1126198435574679,0.042490655771487695,0.19227967335619667,353.87773679644,353.87736475724785,0.5131399771595316,[ 0.25049775  0.58112523 -0.77430249],[-0.77351092  0.6011012   0.20089349],[0.58217843 0.54860806 0.60008122]
37,26.201221440911503,158.94068730439506,37.2408022094037,3.4250681121928364,3.312224263700542,2.579108598378814,3.300580708847165,1006.15010232792,1005.9738411579515,26.067453489926432,[ 0.35780812 -0.26853102  0.89435141],[-0.92026834  0.0610252   0.3864998 ],[-0.15836516 -0.96133606 -0.22528529]
16,85.83017318403333,154.15175332119344,53.67988851201062,2.50619847662799,2.8335517822811003,2.9226492689585863,2.9144599503961546,737.9204315513929,737.7861155865163,15.22936379921799,[-0.76816921  0.21813838  0.60193996],[ 0.43963501 -0.50376239  0.74360239],[-0.46544293 -0.83584634 -0.29107349]
27,144.0632631517985,157.91458664409436,70.58286286665401,5.806475321791197,6.105944786099908,3.2518321402959307,3.245031917720959,1170.5838732306127,1169.8540540818578,43.949478182606306,[-0.44544182  0.00624684  0.89528909],[-0.62607086  0.71265947 -0.31646763],[-0.64001317 -0.70148233 -0.31353736]
19,5.300441018512764,177.66697888987522,197.0482428728283,2.280840840117573,4.783668547655668,1.313932531036656,3.6646609397023706,1156.931293907528,1156.8729842911657,17.630194967305318,[-0.96158856  0.21620999 -0.16911734],[-0.27376624 -0.71053829  0.64821863],[-0.019987   -0.66961824 -0.74243649]
9,144.4144988439702,60.090292235580755,47.189300595610725,2.6480002545801424,1.5711654745247015,1.5682126374353245,2.5919553470524597,490.2339012288226,490.2210267515987,6.852505378803657,[ 0.0740229  -0.71987736  0.69014288],[ 0.46171041 -0.5886648  -0.66354898],[0.88393671 0.36776397 0.28880019]
72,62.447169348627185,49.032491338309306,57.22780814618771,6.242440623042956,4.429355090743833,6.027908822127138,4.874257217173741,833.9963198032194,832.1123408517449,71.15746748910692,[ 0.49271541 -0.84917518  0.19008694],[ 0.59119997  0.16637423 -0.78917818],[0.63852496 0.50121964 0.58400749]
25,169.36715992689335,101.810378491862,157.32649092222945,3.3670491233953266,7.790254231769881,3.401430693855233,5.4273715503335715,1263.7130719775519,1263.3167168597245,36.7494762799176,[-0.57011856 -0.25720939  0.7802616 ],[ 0.47497483 -0.87811311  0.05758713],[-0.67034599 -0.40343611 -0.62279656]
35,109.03449587942191,189.88732140102806,157.65539143348647,4.858901262171892,3.405000516679021,5.460144209674049,3.30473235056522,1596.8417222424075,1596.5021901169325,43.521254502380955,[ 0.28907089 -0.70432723  0.64835267],[-0.86792277  0.09293643  0.48792714],[-0.40391595 -0.70376557 -0.58443642]
34,76.11774706154435,19.112032954992863,118.05645541916614,2.2884517531480215,3.0534395638489498,4.305474822384229,3.995378158487413,827.2318946163736,826.994142409378,24.109237426886448,[-0.52051699 -0.72396545  0.45269868],[-0.66413719  0.67649633  0.31823657],[-0.53664127 -0.13500649 -0.83294021]
23,129.22896514650344,81.04761052891502,50.756715492433294,2.40902944231032,2.9948612165512425,2.3488146635272407,3.0332693700230964,771.26483471836,771.1698847277803,15.961902272211903,[-0.59157855  0.62179172  0.51323473],[ 0.06254    -0.59926442  0.79810457],[-0.80381812 -0.50423924 -0.31562512]
224,166.92082887006092,127.0620902200116,83.69191818667277,9.040520637471374,5.045266937729097,8.143506129982406,9.000513504799276,3384.8908296629975,3384.208219141345,143.55594648075683,[-0.62136545  0.78166205  0.05393906],[-0.25946241 -0.27023431  0.92717457],[-0.73931335 -0.56211908 -0.37072618]
2,70.17123346567006,11.418007493729299,147.34853537254503,1.278118959857622,1.0888582587193376,0.7826676716585581,1.3290578801778423,231.3845091907492,231.37731259703165,1.8249133731326963,[ 0.71761979 -0.63190166 -0.29278342],[-0.54865893 -0.77189547  0.32117093],[0.42894664 0.06984038 0.90062595]
5,86.52707302004701,4.425049987557759,107.6132102246298,1.4781890608876926,2.3037351481024997,0.8591202311741825,0.8137806782513838,308.98765245283823,308.9374449050676,6.146015363209288,[-0.67111644 -0.48627335  0.55958999],[ 0.39664106 -0.8732225  -0.28312247],[-0.62632148 -0.03194823 -0.77890995]
154,40.2885898192609,55.14718735433008,78.87528040700182,6.7665238991966765,9.55481459410511,8.828839166266844,10.758777363301036,1305.8343737313767,1303.1581458258586,124.89037266236473,[-0.29084978 -0.70742659  0.64416925],[-0.87693556  0.46634956  0.1161986 ],[-0.38261003 -0.53109858 -0.7560052 ]
2,198.738392936242,15.116450327491105,25.750923170697583,0.48199571210530223,0.11776355882872025,0.32023307343116336,0.4267542925347385,284.21440737186566,284.2138211356218,0.5772635702674765,[-0.02204313  0.92711846 -0.37411958],[-0.14693136  0.36714286  0.91848642],[0.98890104 0.07521621 0.1281298 ]
148,56.936656257932086,49.167642063906825,181.33155950301034,6.675073605270338,4.12849181904917,11.156528142036315,9.386504582761157,2393.425621808688,2391.6681597847723,120.2683717272211,[ 0.35221363 -0.92538076  0.14005715],[-0.89023685 -0.28506731  0.35526747],[-0.28883196 -0.24981408 -0.92421265]
35,4.9848902270600615,32.26229208238286,94.1773037728142,2.8419497339335287,6.468138312869786,2.954131811882652,4.1790243429483755,591.1942764778289,590.4450233638415,37.731559309327146,[-0.98800122 -0.12232674  0.09428556],[ 0.14618665 -0.93764671  0.31535396],[-0.04983032 -0.32535338 -0.94427862]
6,167.38755330060192,197.62513807428806,142.60325416769527,1.6106340414085119,1.1189475079203561,2.093879351461644,1.5172363875998547,724.221009794264,724.2146082164827,5.967578276797343,[ 0.82428868 -0.45818658 -0.33258567],[ 0.00130311 -0.58589412  0.81038656],[0.56616824 0.66842586 0.48234883]
2,6.561570400634431,12.214509356228554,90.1172048626517,1.4826695826997804,0.1040065481955672,1.2056685153912454,1.0987172786443153,128.97303454765688,128.95399916332238,2.215793360615194,[ 0.03747432 -0.99060256  0.13153797],[-0.99671783 -0.02760014  0.07610388],[-0.07175823 -0.13395818 -0.98838553]
279,112.77609123150127,150.428204994907,81.64428419255766,8.858204345818248,8.418139724073082,10.378357767306118,7.36655783135094,3432.485585002618,3427.4543329485386,239.200864406145,[ 0.39091177 -0.64771741  0.65394965],[-0.73840904  0.20346587  0.64292591],[-0.54949074 -0.73420964 -0.39874319]
7,151.59512605795115,94.91653508903075,142.6541113627433,2.1733381932482705,1.2029892698734455,1.3236227286286824,1.5963616760807056,605.3306455122267,605.3213239329681,6.147304788174382,[-0.33076919  0.90907231 -0.2533363 ],[-0.67192814 -0.03836886  0.7396218 ],[0.66264947 0.41486789 0.6235225 ]
218,189.45969162326165,33.180905673424846,64.66926014579889,6.316205164774975,6.50544395812346,6.326715183294025,5.648315615372627,2998.962193271083,2998.9061029941186,140.42817057715365,[ 0.35211793 -0.57923661 -0.73518563],[-0.06445264 -0.79863362  0.59835624],[0.93373381 0.16330731 0.31854655]
35,1.858717227165973,91.81466696919964,67.85377172975046,1.3353114457353763,4.510332269259659,2.324114696294972,3.6067641162558846,676.1779733627318,675.8930262450683,22.482404315470486,[-0.99799672  0.04941672 -0.03950368],[-0.06112186 -0.59194543  0.80365709],[-0.01633008 -0.80446168 -0.59378004]
291,54.85464072161678,43.60311157674631,103.28460362981595,8.639143010697236,7.218834614632983,10.639834818018805,9.42069262737911,2142.7044897884666,2138.151574666141,207.74386814650572,[ 0.12627379 -0.93600069  0.32856907],[-0.89036475  0.0391003   0.45356562],[-0.43738488 -0.34981977 -0.82844468]
39,5.2301705900310065,182.9487459248653,57.333749578341454,3.0456995754469767,2.9962598131516183,3.2512781733344056,3.3255797386037775,1198.1203471918177,1198.027169306086,26.418136217827115,[-0.68727442 -0.1992617   0.69853321],[-0.72588262  0.22460952 -0.65011151],[-0.02735488 -0.95385813 -0.29900899]
52,148.30750671105145,172.0495694440009,5.071324510227845,8.075044604974593,3.3522153209155787,3.940864547521016,4.047839326129462,1639.6169894535337,1638.8821005610941,62.95533982527549,[-0.08879475  0.04719435  0.99493125],[-0.75204717  0.65177772 -0.09803498],[-0.65310071 -0.75694022 -0.02238206]
12,56.57827872468647,62.24207466652623,84.43904066532605,2.2003738885169284,2.0181774179818386,2.2081346192198956,2.0087348197283026,413.03997282004144,412.9600088435669,10.774168095404628,[ 0.12532731 -0.8368072   0.53296038],[-0.87125027  0.16413247  0.4625835 ],[-0.47456931 -0.52231623 -0.70849822]
48,137.83378552452274,148.23618342198634,119.7579660447329,5.318108368769851,4.676729019677678,5.282746539179673,4.255180285691045,1630.4186802708184,1629.869884418105,53.902943086368495,[ 0.09049535 -0.6754612   0.73182153],[-0.80530964  0.38268789  0.45279837],[-0.58590697 -0.63031908 -0.50932394]
20,113.568855749671,4.944571705238533,113.96343579839024,3.2106173723956477,2.2809863583662637,3.6039688553628273,1.7408259774379347,720.2002749075922,719.9602199400507,22.555870165973616,[-0.15747746 -0.96728336  0.19890641],[-0.69098749  0.25182949  0.67758262],[-0.70550489 -0.03073785 -0.70803816]
87,170.1122991390098,32.09684824240718,113.78307540526382,5.281858092454003,6.80978754036806,12.563233312429162,4.999599831245036,1937.2507195952142,1933.0497203627926,134.06410276677818,[-0.10597247 -0.90431959  0.41349233],[-0.56183208  0.39755042  0.72546425],[-0.82043558 -0.15543402 -0.55020516]
51,93.57692903888018,48.79304934432703,190.85561775107416,4.2763291644451575,6.205511894266833,4.962805963997807,2.7186068376539465,1558.5584250736265,1557.8426375486572,61.48851400864504,[-0.80210091  0.53986417  0.25530532],[-0.41544215 -0.8115413   0.41086316],[-0.42900111 -0.22348912 -0.87522035]
56,74.70017059696315,110.12173608148133,87.83344403187792,5.579693197296775,3.9308738306836437,3.5244290051179377,4.374263111127074,1194.3306312119112,1193.8144178476073,47.03527283141236,[ 0.23155662 -0.69768004  0.67795582],[-0.852479    0.1902239   0.48692343],[-0.46868016 -0.69069344 -0.55070998]
43,76.52431215922029,122.01968497787531,8.537374232331269,3.9560161629337496,7.446837218383467,2.0081474403597834,5.163038664186754,947.7504845615853,946.8094408114149,45.843136645669965,[-0.02486814 -0.05435185  0.99821213],[-0.84808354  0.5298063   0.00771949],[-0.52927864 -0.84637531 -0.0592702 ]
30,90.80627669874916,18.754405806813853,20.239644012538644,4.111760192585613,3.9889985512989354,3.9019119615802436,3.8695413436167603,521.0439469149248,520.4308178994862,31.251143166364024,[-0.28917415  0.71387375  0.63777941],[-0.02568853 -0.67179063  0.74029552],[-0.95693177 -0.19769071 -0.21260285]
42,15.79312231765654,51.622212079664365,114.2261263765262,3.2840047077779557,3.4503631657619005,4.153358337184269,3.878216051218498,819.5321586711217,819.4381918446209,32.26865590150718,[-0.86041363  0.49837146 -0.10636859],[-0.49407376 -0.76470454  0.41366421],[-0.12481789 -0.40847626 -0.90419447]
6,7.710045662709227,177.20437149543253,164.8510726005064,2.5341908953465233,2.381040787378423,1.1748067198216845,1.775099084702334,593.2112671039459,593.1616706274054,7.861774550511839,[-0.59609384 -0.53282572  0.60064039],[-0.8022847   0.42489618 -0.41928807],[-0.03180234 -0.73181964 -0.68075593]
28,119.74715109876857,3.935178418478245,48.27347134945135,3.3595645435101686,2.1012417908441483,3.3320163128603277,3.9311353497666683,684.0013468360082,683.8842041632338,17.788917844971156,[ 0.23398519 -0.82579457 -0.51314157],[-0.29328891 -0.56315829  0.77255055],[-0.92694797 -0.03026665 -0.37396709]
76,10.49578171300177,44.11420172896194,65.551420206648,3.9271889758801537,5.914226715979506,9.317422769210696,9.253755429058243,701.8211370395403,700.0372164000953,62.76997822451236,[ 0.7959637  -0.55266611  0.24698574],[-0.59175431 -0.6244139   0.50983734],[0.12754849 0.55196689 0.82405335]
38,128.10686310314057,80.21664862682907,34.05283228938763,6.116981643325543,4.993131123267181,4.0052179648088115,3.8820573631138626,956.3044364537161,955.7555440096505,49.011328971662856,[-0.11617975 -0.22489695  0.96743146],[-0.54982971  0.82572989  0.12592629],[-0.82715751 -0.51729248 -0.21958812]
7,43.08006429990171,13.914323112400632,134.54004813961745,0.9305477061859091,1.9258689079867584,2.3382844293329876,2.109241262823446,375.6564376313052,375.6211391124015,6.240476956172931,[-0.91985974  0.28957063  0.26458818],[-0.24856736 -0.9521412   0.17788029],[-0.30343421 -0.09785693 -0.94781417]
14,170.9605223857916,61.02374714089804,31.039855163508715,1.426820718283232,2.0447794754674957,2.3921266731734443,1.5096195524581162,689.1507441885142,689.1204124378276,11.61817139825012,[ 0.32585896 -0.9434876   0.06039112],[-0.17899877  0.00115249  0.98384862],[0.92831857 0.33140583 0.16850757]
16,169.0627898305729,197.41912051751598,194.53149869072507,2.546646558018863,1.6154963925789974,1.7797492562089097,2.1998752766528664,1298.6683699943069,1298.6543971215192,10.904610667049585,[-0.49417687  0.78705237 -0.36923947],[-0.69612306 -0.10381627  0.71037657],[0.5207705  0.60808777 0.59918891]
16,23.456227601954268,39.03857256856463,88.9523303062259,2.2424864926308485,4.021370472963417,2.915556419189294,3.370094020166579,400.26880089468926,400.027341687701,16.98622306819996,[-0.92315033  0.37640727  0.07817308],[-0.3043937  -0.8398684   0.44940576],[-0.2348147  -0.39107369 -0.8899008 ]
34,181.5810407338604,16.356545835988648,136.3663989976328,2.8225325383945887,10.184381489900735,3.1970889451919007,2.9963770651892587,1329.0181278901562,1327.759902004648,61.92500790903323,[-0.59845507 -0.03115798  0.80055025],[ 0.0760434  -0.99694121  0.01804494],[-0.79753929 -0.07167565 -0.59899389]
161,54.97993543859601,80.18919259858703,177.6234144522988,10.678813316763687,9.658741356421379,9.00044500500254,9.195030067271116,2577.1480689257296,2573.185804973555,181.35608574156706,[-0.34835606 -0.80915133  0.47320416],[-0.89758705  0.43344478  0.08039349],[-0.27015837 -0.39673637 -0.87727687]
48,31.455993741294957,16.801399540968287,5.72016085965267,3.0179551487014957,7.7951407612432835,3.87571880213634,3.8161739407135538,257.4245465668394,252.77884178424546,56.709493594224845,[-0.0164799  -0.29963427  0.9539118 ],[-0.50581095  0.82545831  0.25054715],[-0.86248693 -0.47837004 -0.16516177]
7,2.949963481341809,159.12914094937315,165.2412884844903,1.2183392670543007,2.677970215566398,2.634720275291971,3.5343286406654024,607.0815259420084,607.079306852284,4.655283996594255,[ 0.66344386  0.5330239  -0.52509787],[-0.7481167   0.48455608 -0.45335065],[0.01279263 0.69360719 0.72023983]
5,51.45805714296979,21.336553012992955,124.69843508289759,1.530311071620851,1.3745498742922344,0.9969651061535372,1.0154021806820699,305.43485176730684,305.4009536579704,4.567180041684329,[ 0.64645389 -0.75029768 -0.13838626],[-0.66341535 -0.64237026  0.38371933],[-0.37679894 -0.15624928 -0.91302175]
229,23.853932550226304,12.409359449458284,109.57699142697756,7.107274282522716,8.120539131113512,14.094012288742894,12.746455638202411,1724.1875901179592,1722.1513737984526,189.95052609171114,[ 0.6527734  -0.75552096 -0.05545235],[-0.72924412 -0.64651771  0.22409343],[-0.20515821 -0.10584393 -0.97298878]
14,120.25325620935948,183.23574471989852,24.77489453958528,3.8556025973915875,2.5352267892070257,1.462397324926379,2.588449706124265,825.4725322795477,825.3583125262944,15.30547150779738,[ 0.09063934 -0.19163174  0.97727263],[-0.83336255  0.52267137  0.17978182],[-0.54524432 -0.83071771 -0.11232412]
29,171.343429340442,7.8480405756837675,21.511807185675053,3.8089980566890334,3.904587535499544,2.6993105873876284,3.5268423742814843,931.3633744209087,931.2414404672222,26.634140092251688,[-0.13149638  0.23973319  0.96189225],[ 0.01372941 -0.96978437  0.24357704],[-0.99122157 -0.04523572 -0.12423174]
104,163.49011873958412,187.18203440019883,158.88948832056684,12.181973523061151,5.831255086179348,6.98568814614316,8.486401478455264,3011.9196456570908,3009.6967577610903,129.04410367394158,[ 0.25649185 -0.74584463  0.61475826],[-0.7915945   0.20286128  0.57639002],[-0.55460805 -0.6344786  -0.53837424]
238,100.20096427492047,80.67001799026633,80.13596499359777,7.729849138428569,9.753910383458404,7.15586598218504,9.046793126695386,2345.608605855287,2345.3272683077575,170.93573588928427,[-0.56415762 -0.11122238  0.81814165],[ 0.49507278 -0.83857023  0.22738276],[-0.66077918 -0.53331938 -0.52814896]
8,59.577345400941795,12.526445237843571,66.41399545786436,2.749344042764439,1.4791270885942096,2.8252280054261893,2.409624910377185,255.05762078101318,254.97078759293115,9.706536457427235,[ 0.11992209 -0.98967614  0.07848464],[-0.74048732 -0.03650838  0.67107799],[-0.66128453 -0.13859395 -0.73722079]
7,51.0222756158086,180.8242301375117,26.6858977394788,1.2629938208118907,1.4559355094307451,2.1010705799489986,1.528721837958913,502.13601770328023,502.1077687741096,6.355090741064258,[-0.95397904  0.28358973 -0.09747237],[-0.13274464 -0.10790251  0.98525931],[-0.26889191 -0.95285566 -0.14058175]
2,190.8516913964952,77.45875997166141,169.39653836568868,1.1929071866803724,0.5617217994231609,0.8076450978453664,0.17753342660520843,377.1519737852867,377.14571808715397,2.1722473759883076,[-0.07957129 -0.86960789  0.48728896],[ 0.69390686 -0.39927414 -0.59922736],[0.71565472 0.29045186 0.63519764]
30,29.005649323877424,86.58270311599017,128.35966645784166,3.272795372844551,4.097425699994593,3.9087702239160196,4.305047945249731,863.425643395653,863.2356297520948,27.071919633957787,[-0.53023861 -0.64260495  0.5530876 ],[-0.82770752  0.53367772 -0.17345993],[-0.18370432 -0.54976992 -0.81486549]
55,48.81902020024069,57.21512028299741,22.501304052973243,6.7326639172074785,5.6285570772003135,2.7855907950243393,6.369669701528922,585.8259210011818,584.5167074449893,49.214697742358055,[-0.2978023  -0.11677723  0.94745811],[-0.72318238  0.67546677 -0.14405517],[-0.6231541  -0.72808497 -0.28560679]
45,137.4964523839416,18.51545350843298,36.35271049672141,3.8265780917063834,3.439719493605071,4.690046814887067,3.5557440528074697,963.0098932937282,962.6225456415939,39.97000903928562,[ 0.03098097 -0.93302172  0.35848382],[-0.28270486  0.33583126  0.89849615],[-0.95870649 -0.1291814  -0.2533654 ]
35,123.31384288185473,63.068849938254075,133.58752991155274,3.7030622908842115,3.1646264712678396,3.4433757613055502,3.775546443620265,1138.8592059025048,1138.7772361808497,27.38337255888652,[-0.7103776  -0.08963465  0.69808975],[ 0.29092627 -0.94055234  0.17528036],[-0.64087875 -0.32760789 -0.69422439]
23,109.61224792018518,33.81383729803854,54.31559115350147,5.332834967142679,4.1603992409290775,4.608737833730878,6.115304361347334,609.9022832892339,609.4172057497597,26.418300746812974,[-0.47585032  0.71135467  0.51724366],[-0.16644554 -0.65030009  0.74121904],[-0.86363323 -0.26661642 -0.42784732]
43,178.9888947167858,117.8074276980286,130.11465974830594,3.8427523963243284,5.017106533250772,3.6287396764921827,3.6154705175072204,1644.4102211208008,1644.222280037961,41.50888603712587,[-0.69968346  0.50577574  0.50461268],[-0.02528519 -0.72337977  0.68998723],[-0.7140054  -0.47001342 -0.5189255 ]
124,184.76077090446228,138.29213258944347,185.12910202994638,4.479626838865376,7.54044562018104,7.756502023757977,7.655432632952583,3296.7204846073637,3296.119800079524,98.32817956583538,[-0.27516198 -0.6182468   0.73624506],[-0.73122852  0.63177284  0.25723127],[-0.62417204 -0.46758312 -0.62591956]
40,174.920569192512,164.68936732608412,62.834543014283305,4.240717984867065,3.399753985345738,3.2027471007946975,4.886313071918302,1571.0047255636875,1570.9639032792652,25.266141008825226,[-0.02677528 -0.33151659  0.94306937],[ 0.70929623 -0.67107693 -0.21576518],[0.70440183 0.66313838 0.25311174]
12,148.63166445036646,9.198430515631395,7.898846219014871,1.8384925599967825,2.285261112216149,1.8056404478157648,1.7560923700102629,516.6942124587962,516.6503808443687,10.255339533590499,[ 0.07611503 -0.48115032 -0.87332747],[ 0.02835706 -0.87446948  0.48425097],[0.99669573 0.06162378 0.05291627]
17,117.47550769989812,16.97232394573075,96.05021072673732,1.9704345750780152,3.0850727965171907,5.5109532710414175,3.3330095695761095,630.0482032817903,629.8013189703356,23.674697350930607,[-0.10500827 -0.9493688   0.29609482],[-0.63054427  0.29380158  0.71839721],[-0.76901703 -0.11126325 -0.62947065]
10,169.06856634490643,170.02843356455944,47.99078337857929,1.5839599648418823,2.7731553739571764,2.146856877649901,2.3145203067881317,773.3690381927368,773.3313465222784,9.715876208629945,[ 0.64111472 -0.46520803 -0.61037152],[ 0.33313488 -0.54779313  0.76742676],[0.69137042 0.69534464 0.19622122]
89,37.9294964889219,97.33359102739949,155.75785577406222,5.766768088477909,10.292279492902662,7.642059278443717,11.275006551917597,1773.78915552851,1772.9786437171658,78.61662423585122,[ 0.97918648 -0.1091795  -0.17109552],[-0.00163266 -0.8472      0.53127158],[0.20295609 0.5199346  0.82974504]
270,15.538813836351546,29.906188352668952,143.42213030636924,7.86806893090869,13.886085263254362,7.108224016390803,6.4753684915193865,2434.239753883665,2426.5182036273495,269.1202314183808,[-0.98718357  0.1398894   0.07680854],[-0.12061819 -0.96916599  0.21486865],[-0.10449807 -0.20285029 -0.97361795]
126,132.64639858838768,93.17046906200775,15.432785006618209,5.420902282228287,3.426168137695206,7.096008261812525,5.762406721940894,1830.6186866539435,1829.2078672584378,86.06856029895128,[-0.57349924  0.81909229 -0.01365464],[-0.08554528 -0.0433021   0.99539285],[-0.81472733 -0.57202514 -0.0949032 ]
