N,MEAN_X,MEAN_Y,MEAN_Z,SIGMA_X,SIGMA_Y,SIGMA_Z,SIGMA_R,LAMBDA_1,LAMBDA_2,LAMBDA_3,EIGEN_1,EIGEN_2,EIGEN_3
130,14.89051990247387,81.14810872700853,48.969386565747925,7.423500466336348,7.594138665310643,4.461288136091449,7.723028360569729,1100.7423181049583,1098.34892775,98.6247036444075,[ 0.54844226 -0.50358295  0.66754423],[ 0.82102182  0.17294322 -0.54407151],[0.15853789 0.84646019 0.50830196]
200,86.57815451813116,180.77583430164034,101.07606766823905,4.892885280726689,5.759442983006407,12.436833268649272,6.568942591893598,3180.474371110526,3176.8296447599973,184.04059475992807,[-0.8679632   0.48211386 -0.1191894 ],[-0.31339824 -0.3455459   0.88452223],[-0.38525502 -0.80508649 -0.45101477]
56,155.18241126679678,43.87838302635779,192.94548173342986,7.420198110704515,2.830562324633249,2.8743457868028255,4.776367937132573,1882.78725602265,1882.201879800993,52.16325395935011,[ 0.25064026 -0.96790288  0.01853296],[-0.74566039 -0.18081035  0.64132535],[-0.6173897  -0.17456124 -0.76704519]
6,155.8703457719846,76.32746614991203,85.7089232261299,2.361746288521905,3.0064450946463603,2.249604927297858,2.2622659941128593,474.2566911317223,474.1714264292574,9.368684046424328,[-0.57902066  0.68368549  0.44419503],[-0.12743836 -0.61401197  0.77894079],[-0.80529159 -0.39441532 -0.44265337]
1870,92.34007407566558,122.6272795588619,143.64754778145524,17.106880584157462,35.608842725586136,12.733488041919033,24.03174269196041,9242.317617502515,9176.046765642719,1458.172456999049,[-0.84920288  0.02460049  0.52749339],[ 0.29593146 -0.80514906  0.51396456],[-0.43735459 -0.59256208 -0.67645484]
4,118.41191513910547,128.08709431473392,168.21294844162787,0.4454966884394827,1.27419764998789,0.5712347907937532,0.7319699405167653,484.66576437289325,484.6607830753129,2.541701277162366,[ 0.63842067  0.32567197 -0.69739288],[ 0.59469097 -0.78392889  0.17832035],[0.48863248 0.52857664 0.69415058]
2,125.38659866263961,46.10518682412076,136.30641450836492,0.4946609974747247,0.15676542916097702,0.3190566136772901,0.5149654644470019,269.915901993284,269.91550975581305,0.4601544389794193,[ 0.5809578   0.44153657 -0.68376421],[ 0.48050686 -0.86411372 -0.14973524],[0.65696362 0.24156354 0.71417495]
140,106.96818168927896,12.195230467449099,47.00395690083048,12.315182116851911,7.256401364776148,6.844722994437908,12.854225263542014,1401.1678624168505,1399.6348139012523,110.26747233962253,[-0.38313803 -0.15094684  0.911274  ],[ 0.15286415 -0.98331517 -0.09860947],[-0.91095434 -0.10152009 -0.3998198 ]
36,90.14993118428944,106.4138917180169,121.35256722423034,3.3827177697598207,5.595214802659644,3.3828092911285847,3.3108417758856166,1109.94857690602,1109.5660654859594,39.36947706285475,[-0.64717377 -0.2664199   0.71427344],[ 0.58615167 -0.77297302  0.2427734 ],[-0.48743444 -0.57578915 -0.65641033]
35,189.46138534865975,10.7914728210518,139.57320774774888,5.072618602365907,3.9240606541471204,4.248019622431636,5.946338614642507,1394.3051245742197,1394.1692162047177,28.989395813728336,[-0.5893028   0.18947335  0.7853802 ],[-0.07654523 -0.98083197  0.17919117],[-0.80427796 -0.04548075 -0.59251031]
68,126.05315975540145,116.73940904894278,75.71229363554332,4.995223002333883,4.90729534781448,6.293215603346444,7.929482175174937,1550.0123166281485,1549.756710306599,41.82141139438461,[-0.73514326  0.62802382  0.25524591],[-0.09491157 -0.46815947  0.87853201],[-0.67123482 -0.6216211  -0.40377101]
172,150.3177306704632,152.55162242410938,184.60916360743053,11.066016946233018,9.846410093909318,9.794863370949649,7.297869143867635,3714.9365979830686,3710.1113540415186,211.89159186892869,[-0.08811397 -0.73149381  0.67613071],[-0.84282665  0.41653152  0.34080013],[-0.53092294 -0.53983173 -0.65322472]
75,35.0732307610497,92.35844183239249,150.35808591130228,4.4895035778694075,7.015337124611721,4.4036066904949305,3.108430895390901,1559.8319806017498,1558.6779917916613,76.98413132942389,[-0.91639736 -0.20842464  0.34172364],[ 0.34963157 -0.83244342  0.42987873],[-0.19486828 -0.5134171  -0.83572079]
129,61.935691849879845,187.98734283115093,74.35861773088637,6.648399043971224,4.529971520841568,8.35930274697253,4.458130215514381,2403.993309331642,2403.011220382182,121.79714941926561,[-0.86844435  0.09340221  0.48690907],[ 0.39997156 -0.44833479  0.79938643],[-0.29296274 -0.88897241 -0.35199558]
224,119.55132278204182,130.0896970897175,100.08441282737166,10.427118613055482,6.32721400672855,7.074763261399811,8.68360743892672,3045.337412883732,3042.8948218579562,167.46599957894225,[ 0.55757553 -0.76353576  0.32576476],[-0.58436117 -0.08229109  0.80731047],[-0.58960288 -0.64050084 -0.49206415]
270,111.44051061100795,149.4762606555188,83.51332731770076,8.342267557685952,8.253849621394536,10.204296863035882,7.25455046212653,3365.1680739781136,3360.446151602818,226.74975531594615,[ 0.38114221 -0.65080467  0.65664595],[ 0.74703325 -0.20165224 -0.63346484],[0.544676   0.73197654 0.40931455]
309,56.24255325719489,44.25558908314882,103.09543942732653,8.174993198538719,7.264983544758056,10.801415656129711,9.767903313809866,2219.8377900742125,2215.6890983665553,206.98501585972772,[ 0.11128071 -0.93361874  0.34054757],[-0.88812509  0.06033569  0.45562422],[-0.44592648 -0.35315103 -0.82245603]
130,136.66656234235586,168.32756723651048,142.22593769765942,3.46907900848961,6.807945111524521,7.469332829324118,3.9705245932987836,2958.5312466168384,2957.431148300721,113.20107445277203,[-0.8445957   0.4721312   0.25248808],[-0.09504761 -0.59631058  0.79710705],[-0.52690042 -0.6492348  -0.54851629]
5,178.9502438825837,172.8882817264402,132.9690915367837,1.2005442037726026,1.6953055500586907,2.241333396867054,1.5913867168944635,630.8838881107697,630.8630482871752,5.830431861397843,[ 0.77094755 -0.54676413 -0.32663261],[-0.05753739 -0.57054241  0.81925015],[0.63429435 0.61280531 0.47131765]
13,26.40239668969502,133.88376687402572,55.96079174223693,2.980872430905484,2.3769951216797165,3.4354860824004136,2.2871763023976297,532.0525787734879,531.906317908671,16.524894004948905,[-0.7336137  -0.13398647  0.66622712],[ 0.65559374 -0.39763888  0.64193472],[-0.17890724 -0.90770642 -0.37955401]
56,40.23255356788481,46.837678105356595,52.88198964957713,3.2983485171312443,4.128828698854511,2.8402410308612644,3.3326434333316466,609.6346846014718,609.253269057507,37.249952438211174,[-0.3663605  -0.54019449  0.75760801],[-0.7882583   0.6128121   0.05576897],[-0.49439744 -0.57675926 -0.65032294]
764,179.265462705478,94.7289091142044,68.75261081426662,10.904893480172102,11.2200084145613,15.064691715582795,14.189449804502253,5944.198444980663,5934.719810557648,452.4989982436814,[ 0.35148665 -0.88504785  0.30520064],[-0.42051744  0.14200882  0.89610188],[-0.83643423 -0.44331004 -0.32226386]
106,14.431549243400648,121.95897921719458,99.57951136664357,5.522293892839407,4.294552404556047,9.600519189236183,8.622153455407606,1631.678548601784,1630.9805857902138,84.20737914622238,[-0.90778851 -0.19548483  0.3710872 ],[ 0.40919244 -0.60703883  0.68122346],[-0.09209548 -0.7702529  -0.63105379]
171,173.50786803675902,29.236100590786275,104.39303733121783,7.400111397196247,6.59070153779692,19.759051936526923,12.03158841292765,2689.78843786555,2681.13222573171,242.87328607849153,[ 0.04566637 -0.97930601  0.19716571],[-0.53096109  0.14338842  0.83517668],[-0.84616482 -0.14282681 -0.51342536]
2,139.2688352319546,64.68179900662325,196.9236802269478,0.3346573292459709,0.09775290131443626,0.41255248682050194,0.16401285111831498,353.1537092384444,353.15295928016104,0.7278052875413208,[ 0.05785219 -0.95988245  0.27436983],[ 0.82802002 -0.10739611 -0.55031712],[0.55770599 0.25902076 0.78858878]
266,16.42867604043262,27.15571126485497,142.4792708872047,7.491058810100837,11.358062185471823,7.081256112097821,6.394448622846686,2390.4490008247526,2386.2009760046535,229.44245194625054,[-0.99359972  0.03796655  0.10638675],[-0.017336   -0.98191818  0.18851037],[-0.11162017 -0.18545953 -0.97629181]
217,49.91545098906047,24.00779126378504,125.06313182572565,9.03796780622626,8.26831178258157,13.906376746502195,14.324075627163388,2031.3383718102166,2027.8224828752273,173.87830532814394,[-0.25877174 -0.9236377   0.28271997],[-0.89524028  0.3392438   0.28889181],[-0.36274237 -0.17834527 -0.91466439]
6,28.32825020536823,108.16764141878066,136.1167399034734,2.447075496460274,0.4661752793778715,0.8406811901617282,0.63214655368671,431.5340734977726,431.4952145242751,6.254092015982846,[ 0.17480587 -0.78824931  0.59000502],[-0.97137711 -0.04017811  0.23412013],[-0.16083974 -0.61404295 -0.77271071]
11,72.56309333087103,10.242427454526519,178.4729125538804,1.5370862893031705,1.9543989896762743,1.7166810855276806,1.6146767010305056,639.943938534983,639.9252228828784,8.4792108392342,[ 0.74206668  0.58058933 -0.3350419 ],[ 0.55488347 -0.81246061 -0.17891921],[0.37608693 0.05313923 0.92505937]
243,130.65493576519296,12.711130660187008,117.80505716890357,9.452240341857424,6.548372209400777,10.675571215289981,12.508842044737067,2758.785429048111,2758.062336677328,146.4894859033627,[ 0.47353683 -0.76148604 -0.44260805],[-0.47707402 -0.64417531  0.59786165],[-0.74038048 -0.07195271 -0.66832594]
105,11.490457800256408,41.64677005285202,69.86490400815113,4.66734219313431,7.2648974096797305,7.90228215315112,7.077832679219688,848.6979910737111,846.4106206370643,95.21718717593666,[-0.98528598  0.15776758  0.06573379],[-0.10102945 -0.84783325  0.52054955],[-0.13785714 -0.50624912 -0.85129738]
345,15.800234685687723,187.6074243849389,107.33938612595828,7.1112440434167885,6.522359806150619,10.520380635042157,7.835694191379955,4032.113522881112,4030.0564235931342,221.803748808449,[-0.98009186 -0.02965307  0.1963177 ],[ 0.18458262 -0.50032547  0.84593361],[-0.07313821 -0.86532948 -0.49583837]
8,174.4074492077135,81.42090528290976,194.8565653577242,1.2294157119013904,1.3652762781759429,1.8056769843909661,1.7744025212033738,774.7080025968397,774.7053196443775,5.272999319617694,[-0.0561056  -0.90237826  0.427277  ],[ 0.76901288 -0.31199165 -0.55792508],[0.63676632 0.29727879 0.71144499]
60,27.65928570556094,16.57259706813806,192.07007494557521,3.3591741173887413,5.205759120076178,3.91004000875049,4.074880745159333,1509.4463408287797,1509.123503947891,47.231037019591426,[-0.97282554 -0.17202456  0.15497749],[ 0.18285825 -0.98139787  0.05849003],[-0.14203286 -0.0852395  -0.98618502]
24,172.37651457290784,9.268490683281511,18.03665678702718,3.539881968017545,3.672928612354193,3.89823006835565,3.404768810732322,850.7008466582906,850.627210245438,26.730303202620764,[-0.01972753 -0.80067376  0.59877571],[ 0.11501387 -0.59673377 -0.79415402],[0.99316798 0.05320081 0.10386068]
92,18.07689712970631,46.72806384135169,185.30774705669705,11.883560612251937,6.107814877096311,3.924797199303741,3.8452212641846186,1845.28229163365,1842.413265932133,128.02716754978314,[-0.20442957 -0.94423525  0.25812468],[-0.97433272  0.22166887  0.03922576],[-0.09425656 -0.24348041 -0.96531497]
58,17.024626086831294,52.270076745497406,113.33099802468568,3.0875307260808302,3.295545494438836,4.312381949725517,4.111468798690337,960.160145299935,960.0911416637929,35.86590301784615,[-0.94565562  0.32507146 -0.00799924],[-0.29582777 -0.84985071  0.43616476],[-0.13498655 -0.41482806 -0.89983127]
53,78.86667267147243,25.183381048151865,113.80891197984094,3.315441838386361,7.603721649562112,5.145077291529952,3.682711214395891,1026.667108908096,1025.2945259187713,65.78433995043109,[-0.80751843  0.33553764  0.48510667],[-0.1847334  -0.92492687  0.33224065],[-0.56016744 -0.17867504 -0.8088805 ]
285,173.57102173283144,124.28595537940939,101.03107431219159,9.006243937431886,6.592198703880594,19.503322964760656,12.713678528210002,4004.249256655615,3993.766559127809,314.4964742287612,[-0.66843899  0.66808143  0.32688916],[-0.11602311 -0.52778607  0.84141578],[-0.7346618  -0.52450841 -0.43030567]
36,89.56947836547812,35.96434388232617,21.53170197768323,4.413563120768356,3.03571611665041,3.6166405841811917,4.89080768041163,594.5120945267984,594.1945789745425,25.24367020447569,[-0.41717303  0.8564203   0.3041561 ],[-0.07568675 -0.3662449   0.92743527],[-0.90567002 -0.3638804  -0.21760717]
21,9.813312765269071,4.680503506911954,13.553104525886692,2.7586093016133053,2.6502745904824665,5.758963036334826,4.099286517200762,84.95908660157801,82.93258902318667,24.316743790847575,[ 0.18515214 -0.96197782  0.20079181],[-0.83116789 -0.04428652  0.55425503],[-0.52428867 -0.26951322 -0.80776482]
13,44.232784378943556,16.599788716115885,137.68588097197105,2.307705510446107,3.518046085918273,2.93679790368781,2.644738979446807,525.0941011203098,525.0106684614215,15.85332001431922,[-0.80681234 -0.49724373  0.31906507],[ 0.50680279 -0.86005419 -0.05880247],[-0.3036524  -0.11426051 -0.94590684]
196,188.3035299717643,31.778234773152764,64.85344507903959,4.778565442703623,6.024858933247817,5.849773587785275,4.728846602181799,2825.866669228876,2825.130832821015,118.04033622386055,[-0.15529561 -0.63128276  0.75984561],[-0.32274874  0.75939046  0.56494193],[-0.93365761 -0.15750621 -0.32167572]
18,42.081202050105034,5.547834562771609,153.53792720518763,2.94803341598054,2.5996200683392265,3.029444097408037,2.811449585923432,676.1368303468074,675.9744998699167,17.379733040798644,[ 0.59421098 -0.79303811 -0.1341785 ],[-0.75971632 -0.60817736  0.23011174],[-0.26409171 -0.03479732 -0.96386966]
256,173.58473260147554,159.4964569263759,148.89095240083972,10.497633219709744,10.64938892733362,9.386133218135814,14.877975959906431,4469.102880125811,4468.362128360323,151.56999845408893,[-0.55130118 -0.16372735  0.81808335],[-0.55543808  0.80369393 -0.21345869],[-0.62253959 -0.57207467 -0.53401782]
96,141.99747777497575,187.88624461653512,47.82665283883693,4.670076164213234,4.119634982022852,5.8721646694487335,4.265475498946549,2355.900204474174,2355.1833167760583,72.66146506522466,[-0.67204243  0.61342621 -0.4148099 ],[-0.44630546  0.11146914  0.88791107],[-0.59090643 -0.78184584 -0.19886348]
2,125.13951347263865,182.3916659067514,14.507864797595172,0.03648921218919554,0.3975577578216871,1.0909194979456975,0.4191082829871249,313.4914520505414,313.4877076554657,1.532206800050413,[ 0.80447907 -0.56622872  0.17943928],[-0.18470863  0.04864005  0.98158895],[0.5645318  0.82281175 0.06545743]
54,46.695893118784,152.70260376746631,187.01648675424673,2.962158427671941,5.216469242362541,4.198025211005868,3.601210018730188,1807.767327310299,1807.409606844247,46.94115133961107,[-0.95760861 -0.05381413  0.28300141],[ 0.21666602 -0.78196761  0.58445059],[-0.18984624 -0.6209917  -0.76047861]
9,157.5327898742926,177.84707290109102,148.87428872652706,2.3061412715483898,1.870489276062087,2.0565186309551953,2.4709467575888873,841.1882890896483,841.1596363304764,7.9014495666199815,[ 0.68786386 -0.00170974 -0.72583771],[ 0.45948657 -0.77309011  0.43726853],[0.56188558 0.6342939  0.53099515]
497,100.80242021075425,130.73033111643545,167.58659037611608,10.461816865228744,10.348842062237802,7.645751427540782,10.396956502335923,5254.769425353474,5251.913135173281,288.0175760175327,[ 0.18963348 -0.82579001  0.53114029],[-0.88342177  0.09257675  0.45934248],[-0.42849167 -0.55632761 -0.71196522]
8,156.3406965039098,116.19525012588747,43.33936572380003,0.7460435342929069,2.54281534203964,3.667369272675659,1.218918879432126,564.5637727234163,564.4432971974246,12.323420474911469,[-0.61564211  0.67942794  0.39920228],[ 0.08494418 -0.44641661  0.89078431],[-0.78343428 -0.58231425 -0.21711942]
142,56.15908744846274,49.26923760922169,184.36730373507652,6.015653256554018,4.465416165102789,10.86537924292115,9.213500616929988,2375.008626943627,2373.7666625839024,112.48849463442492,[ 0.41372022 -0.90309939  0.1150959 ],[-0.86587181 -0.35127036  0.35619537],[-0.28125005 -0.24702353 -0.92729596]
59,7.645399750545373,96.88573503300026,118.52316780432307,3.9474471853634547,4.5259975051355905,5.482111043762504,3.6574417654724396,1178.763896263573,1177.8778394904568,55.68041430104616,[-0.89855482 -0.30963422  0.31100785],[ 0.43600451 -0.71056791  0.552262  ],[-0.04999299 -0.63183851 -0.77348613]
9,186.37484286644505,187.38605094500656,184.4153952442954,1.9519261978466504,1.8184879244780476,1.5894413566464571,2.537209881623495,966.8524734871739,966.8442108810664,5.374318450643541,[ 0.33935357  0.46641091 -0.81688434],[-0.7418794   0.6666115   0.07241595],[0.57832008 0.58145505 0.57223764]
5,72.53972349395319,192.68030734057356,37.165677561431,1.0793631890108415,1.9288120373051463,1.74077548877944,1.787404521646013,467.8470318701489,467.8298277645239,4.8541245549687995,[ 0.74070366 -0.38502655  0.55055667],[-0.57546268  0.05929081  0.81567598],[0.34669986 0.920999   0.17765149]
149,21.48479281479441,18.312319575167876,105.08925417426816,6.7895310520304495,9.017266362471425,6.375700968607707,7.181064076687216,1335.140848175242,1333.7965536073812,130.3545364136906,[-0.979475    0.07450507  0.18729049],[-0.03979397 -0.98236688  0.18267938],[-0.19759851 -0.17147686 -0.96516865]
19,181.83483820788672,92.69645110376378,167.18908600128216,5.2473844178387,3.596171583626638,2.0566950768235106,2.9410857783491986,1150.3148099077507,1150.183604634156,26.149434161208767,[-0.11123901 -0.81284251  0.571763  ],[-0.71588123  0.46459732  0.52121339],[-0.68930396 -0.35133514 -0.63358004]
73,41.81740800084893,55.01977915253998,80.20035294153107,4.614250898687474,6.2726313836884575,4.430239578376284,5.399674106912607,907.3539228104386,906.1428989692517,60.7935788303369,[ 0.70655643  0.35506947 -0.61213044],[ 0.5873393  -0.77674138  0.22738815],[0.39472846 0.52019083 0.75735787]
6,65.27534100305955,169.82717324254983,8.341959136153898,1.065541100731419,1.6738683942814483,1.6581261285559392,1.5545940696211256,446.1664342181253,446.15099560899,5.07617989761798,[ 0.84498244 -0.34481797  0.40878508],[-0.39694839  0.10784341  0.91148328],[0.3583806  0.93245395 0.04574915]
53,144.77755553882585,61.067080346690204,64.52156261549757,3.7968149857084064,4.163874780816243,7.3397468405884645,5.716404110632757,1238.22463027249,1237.510857388939,53.25043644919139,[-0.45033637  0.87399352  0.18257183],[-0.26686728 -0.32689005  0.90660066],[-0.85204402 -0.3595528  -0.38045076]
124,52.12893533732007,157.30810763703093,96.91456914626484,5.583125191828269,7.567487291795625,8.324396331514693,8.791265955379954,2141.7280181081196,2140.660623959452,99.52305141416068,[-0.79431624 -0.10597709  0.59818941],[ 0.54357709 -0.56366417  0.62193782],[-0.27126678 -0.81917737 -0.50533432]
32,195.55291258946247,126.1250935494338,51.93836468896555,2.6955959088030585,2.4519825037459344,4.429544466625793,2.567257798927112,1349.0516803657777,1348.8773087365014,29.049934986904578,[-0.5711156   0.77919331  0.25823391],[-0.03316544 -0.33623206  0.94119502],[-0.82019938 -0.52896671 -0.21786966]
90,186.5096789658324,16.10004783867529,111.90886961935135,4.8717407970862565,7.080802491229754,8.710452419376882,4.769837781558554,2071.991967145056,2069.9785090378805,106.54654699222888,[-0.24168637 -0.81866764  0.52093281],[-0.45899873  0.56944216  0.68194999],[-0.8549315  -0.07428948 -0.51339381]
3,51.86593064193672,84.20435602994606,25.71994468875692,1.6536902751085627,0.9184272858697133,1.3142839593134101,1.198964853962649,177.02668715148965,177.01285840798377,3.408312335947439,[-0.08365689 -0.24374395  0.96622483],[-0.85752436  0.51151717  0.054792  ],[-0.50759581 -0.82397759 -0.25180831]
10,4.238036799078403,42.34909596868302,109.40932160035497,1.916563649449814,1.3420407474610507,1.7539369913865295,1.8500077250024727,371.3439545312149,371.29454514922855,7.153365169324504,[ 0.49019486 -0.8190968   0.29797555],[-0.87085816 -0.44603745  0.20653487],[-0.0362638  -0.36073677 -0.9319624 ]
10,51.217892546617534,3.045918487086696,130.2047595531799,2.4395259213721427,1.3429421311297258,2.614759443966312,2.0726130533227782,442.70324584674785,442.62770738607753,10.147642515966318,[-0.02598451 -0.99909841  0.0335733 ],[-0.93031627  0.03645898  0.3649416 ],[-0.36583663 -0.02175096 -0.93042488]
15,136.97656631847954,28.7576847865617,195.78637438760293,3.2435493746114776,1.71832370009145,1.8830767878846046,1.8993512660029175,932.2294253320451,932.155937745551,14.171788835077917,[ 0.27625554 -0.95965942 -0.05231324],[-0.77441071 -0.25450386  0.57923729],[-0.56918444 -0.11950558 -0.81347863]
72,34.59413609640085,192.31027885793705,65.87429392775779,3.5237962712167534,3.711385125345199,8.06505190633079,5.2425973615486505,1751.3480813435494,1750.4564283669852,67.94680268900662,[-9.84234049e-01  1.76868417e-01  9.48849923e-04],[-0.05570965 -0.3150947   0.94742375],[-0.16786832 -0.93243386 -0.31998021]
6,161.28039109787406,85.65447969013245,22.523032477938816,2.5863580379960056,0.9638354072270758,3.631385643507743,2.016345504968858,450.8255990263526,450.7437143713014,10.007132695447467,[-0.43859408  0.8772534  -0.1950941 ],[-0.19811936  0.11736313  0.97312621],[-0.87657513 -0.46545931 -0.1223261 ]
13,151.5976841788218,26.000746052914682,71.05035755438634,2.393456900462639,1.944441858479207,4.088613314540525,3.891747218831729,611.1537269501893,611.0523309371663,12.056206805589,[-0.03585905 -0.91136912  0.41002495],[-0.44543553  0.38185474  0.80979883],[-0.89459562 -0.15360106 -0.41964913]
419,115.42769621839693,42.26252798083846,168.77117547984284,11.87909596164733,13.163565138882719,10.088599659925297,12.224290719542207,4290.434871788335,4284.784246280363,335.85812095473943,[-0.49634558 -0.69791278  0.51629335],[-0.6694876   0.68633005  0.28414331],[-0.55265488 -0.20461873 -0.80790083]
46,94.86826727401933,64.11373455284405,8.977363010246725,3.279612015232712,5.991555339482111,6.756849622007473,2.4403205826253713,781.2614383314232,779.5661722306264,63.13183726297702,[ 0.45833401 -0.58406315 -0.66992549],[ 0.32856453 -0.58901564  0.73831289],[0.82581795 0.55850766 0.07806347]
293,50.58327912124893,102.52605999174168,126.45964252798464,6.530225952955192,12.884411489612095,8.880815896533587,11.960494697648215,2930.68562707001,2927.0307508690303,206.322736814063,[ 0.74790252  0.3370496  -0.57187358],[ 0.5946285  -0.72310323  0.35148067],[0.29505721 0.60292561 0.74123003]
105,131.67637117923155,94.6382916754443,14.660424686047293,5.310439713568552,3.14742957171448,6.391582123107677,5.200905303642343,1670.530292536605,1669.5975909369183,73.85199669308398,[-0.58574997  0.80961593  0.03766986],[-0.05104542 -0.08323664  0.9952216 ],[-0.80888277 -0.58102815 -0.09008304]
6,113.37932728882392,33.842028205350466,52.75543811672106,1.948452616782451,1.2308860234770254,2.944253615570117,2.1462336023909105,317.4519953663938,317.3885881731617,7.481218381370017,[ 0.3343653  -0.93491052 -0.1189208 ],[-0.34974329 -0.24026498  0.90551222],[-0.8751454  -0.26118011 -0.40731495]
23,185.3506020828171,191.53559852845765,8.644742146888158,2.435214104179169,3.025062745685591,3.694961638264589,2.8236265736916666,1279.1659592042577,1279.0189928170041,21.86130273794299,[-0.61866028  0.57450565  0.53591298],[ 0.36632173 -0.39250362  0.84365236],[-0.69503083 -0.71825077 -0.03237249]
8,153.12989146327112,109.6264021609614,127.39325933344074,2.5035089696401296,2.7727974984880444,1.2083413591879637,1.7190582746687446,643.175985341199,643.1201754063189,9.990817771579962,[-0.33166636 -0.48026874  0.81199715],[-0.66060924  0.73270121  0.16353706],[-0.67349303 -0.48217308 -0.56028231]
7,159.32367781106038,93.27519092235015,112.94164564187972,1.540039940015619,1.3062321602463378,2.7857526664377956,2.4107754943565642,572.6778763803493,572.6475956757321,6.486190155553809,[-0.41552263  0.89642018 -0.15418105],[-0.534288   -0.10336355  0.83895906],[0.73612314 0.43098356 0.52189644]
56,93.31600999395222,44.242976955748865,40.90449648470154,5.609988675808416,4.39931861007232,2.875606722482608,4.843462962321888,833.0554303077131,832.2177511162346,44.30045279403947,[-0.14188406 -0.49371374  0.85797183],[-0.5230862   0.77323641  0.35844982],[-0.84038666 -0.39793491 -0.36796477]
9,131.53570830061878,62.18182258037359,89.32402573032715,1.8013143476492899,2.237969605520654,1.5523943328273115,1.508465656307744,512.2541611145612,512.2090427824961,8.692835432705966,[ 0.40971847  0.34590035 -0.84408751],[-0.48839638  0.86470448  0.11728235],[0.77045425 0.36419654 0.52322187]
44,38.456908701710866,83.7377041478214,186.4324947309415,5.834931246792648,3.902105482046961,4.6806593248922,4.704580885760386,1380.4937703322998,1379.9247046945407,46.19287624634873,[-0.58976413 -0.68419934  0.42900994],[-0.78604411  0.60819303 -0.11061596],[-0.18523749 -0.40245806 -0.8965013 ]
516,109.52378115595558,124.15293564270621,37.83493308512709,11.757519825187508,12.615547758982894,12.778635991514077,12.75295781160391,3879.2097139858197,3877.376150247882,396.1233842728154,[-0.76441833  0.61801672  0.18362993],[-0.00334781 -0.28862208  0.95743725],[-0.64471188 -0.73126782 -0.22269701]
30,136.73089618450348,17.492016608922377,35.18919530400877,3.343785186503577,3.3688848222245107,5.383039029314532,2.608457603061775,780.109754606515,779.4630005842075,36.49561693006356,[-0.00182969 -0.89263724  0.45077201],[-0.27606905  0.43370558  0.85772102],[-0.96113606 -0.12287484 -0.24722306]
16,40.764113681269336,162.4780479090307,28.725464291651694,3.1337681472449077,2.0507910770952975,1.7257721090869014,2.119704858242911,680.0076231907863,679.9149462534988,14.171997482093172,[-0.07108783 -0.15639453  0.98513312],[-0.96820488  0.24829869 -0.03044769],[-0.23984541 -0.95597516 -0.16907296]
44,126.61513477998734,80.66465576355009,33.075230438700615,8.91642428615348,4.405476706746517,3.076557315649441,5.410773082290636,1021.8835082691844,1020.520387197286,58.809181203975584,[-0.01444943 -0.3599032   0.93287775],[-0.56557205  0.7723276   0.28920293],[-0.82457229 -0.52343077 -0.21471089]
70,10.537726530473684,34.30707828952365,91.84546342739931,8.773957042749116,5.057647070774497,4.945231096554594,4.881763435177546,829.61116235756,826.831909535987,84.74630301206173,[ 0.19696948 -0.92526493  0.32417252],[-0.97477868 -0.14943579  0.16575729],[-0.10492643 -0.34864559 -0.93136282]
13,88.12714083113555,155.25789917115844,12.581221427656203,2.663431050447258,5.14459833939015,1.2116170081454307,3.9425787333208953,645.622458287636,645.4474453354343,15.876509831880782,[ 0.07317334 -0.12172505  0.98986296],[-0.86746744  0.48194892  0.12339157],[-0.49208323 -0.86770286 -0.0703267 ]
33,55.87123551941376,77.64540891374024,5.137075008791892,3.4953323245848997,7.50616811742112,4.009286854722013,6.743159135392904,552.394506029581,552.1427063155369,35.3978840067531,[ 0.05972521 -0.10968335  0.99217058],[-0.81137477  0.57364551  0.11225781],[-0.58146701 -0.8117268  -0.0547332 ]
51,130.16315567546815,151.0387855523992,114.46936282285382,6.1708368898984265,5.236094961734309,5.197912372426534,6.018732070906258,1643.1553739531569,1642.6041995443425,53.71024236876168,[-0.44271823 -0.26739221  0.85586329],[-0.69529353  0.70508274 -0.13937447],[-0.56618678 -0.65677983 -0.49806906]
2,76.2295567777152,67.13807038330128,55.850762813393395,0.6487747399713797,0.28957548184782667,0.9365125652166384,0.1431277299716882,163.94606031598119,163.93775658984774,1.6500477020881603,[ 0.58445222 -0.79572987  0.1588382 ],[-0.47536743 -0.1771295   0.86177198],[0.65760278 0.57917105 0.4817878 ]
40,12.034432176318884,97.33728399634835,171.03803600733923,6.035492964664232,3.6355597943712645,4.906806744406274,5.664532022871126,1248.0458776873334,1247.5902409408923,40.84739533504398,[ 0.04961951 -0.86953734  0.49136822],[-0.99688278 -0.01290263  0.07783473],[-0.06134026 -0.49369863 -0.86746702]
7,94.83886615080597,197.90368033037066,70.5178661539479,1.5457781032171207,0.664568125129485,1.4276816726866133,1.092491946423432,609.8840113698461,609.8742381042424,5.072544104067806,[ 0.68138161 -0.06681936 -0.72887192],[ 0.60532982 -0.50835852  0.61249279],[0.41145463 0.85854923 0.3059384 ]
227,95.87531285701023,96.94716040571858,187.6423184593842,9.395829281729007,9.303334912799372,5.576169902233138,5.9515896202332605,3500.8003859557825,3496.3616881958455,196.86217529449763,[-0.43821725 -0.68740885  0.57916726],[-0.79841335  0.59366201  0.10050642],[-0.4129186  -0.41837122 -0.80898934]
58,47.44414091692328,87.97990037935713,90.62255406759124,3.4437137119737544,3.7619627958620794,3.9229025427257005,3.6769548820414384,1028.4467735500511,1028.1663294958612,40.26274368113202,[ 0.08040437 -0.73585106  0.67235285],[-0.93286203  0.1820778   0.31083133],[-0.35114609 -0.65220464 -0.67180766]
64,181.25637672370786,23.806380004906448,189.2718567091717,3.6898030180521877,5.036154362664058,3.9511656379030935,3.679104309084613,2105.8003076450614,2105.5288708566673,51.2904892379946,[-0.6762366   0.43768365  0.59256822],[-0.26123453 -0.89457059  0.36262926],[-0.688811   -0.0904239  -0.71927945]
354,95.29248111850164,86.78246697667446,82.22937072695817,12.285190534123739,14.688742968890923,6.495564414306422,8.886661620428795,2898.0799246224565,2884.9074720335925,341.1467345314204,[-0.3606175  -0.40031153  0.84244032],[-0.69444394  0.71819971  0.04400904],[-0.62265772 -0.56915715 -0.5369893 ]
20,151.84560895842395,128.74347010794654,10.313663811992418,2.7886919355510544,5.549121046173459,1.6707617772029797,3.2716397466872573,891.9332811063523,891.6461883542203,24.702331740929164,[-0.0247139  -0.05093758  0.99839601],[-0.64763055  0.76161254  0.02282584],[-0.76155361 -0.64602763 -0.05181115]
20,121.07274851245514,72.04154993227334,48.02612336249745,3.1730908788108496,3.8507515369364147,5.6770508729064755,2.9208434265091823,666.4774955550935,665.82488828713,31.211360350536722,[-0.57175051  0.56339052  0.5963996 ],[ 0.10641759 -0.66986927  0.73481321],[-0.81349656 -0.48359724 -0.32304343]
63,146.04988547722974,40.45687456522425,107.6865733834626,2.9992212227785604,6.4129656539056485,4.002135769656234,3.391615892400121,1476.8188782240668,1476.129851565537,58.391560465502,[-0.46257596 -0.41517589  0.78335973],[ 0.41124114 -0.88324996 -0.22527814],[-0.7854325 -0.2179415 -0.5793076]
48,25.839800170876728,82.54443879404968,77.12759762443405,2.5788528771545836,3.5624859469189736,9.462604268668976,7.884992328837427,805.9510026656204,804.9235721367995,47.629538918607075,[-0.97471875  0.17602562  0.13761667],[-0.0197947  -0.6815208   0.73153098],[-0.22255682 -0.71031288 -0.66777547]
2,149.17983754769207,85.05447536537821,8.08002018176046,0.5621399730483745,0.9938063813847222,2.01429107645481,1.0740880761746894,243.14413609045496,243.12683286826197,2.90069898850167,[ 0.46309062 -0.83929004  0.28484962],[-0.18044178  0.22537932  0.95741575],[0.86774872 0.49476903 0.04707194]
3,63.37215794751044,8.06830275990124,7.527461684622083,1.1671602390016194,1.1172338143646678,1.8146093639635423,0.8958538839783406,111.49473877782243,111.42553112562956,3.929055636480468,[ 0.04261319 -0.83975488  0.54129092],[-0.16581056  0.52832548  0.83269385],[-0.98523651 -0.12523549 -0.1167266 ]
7,159.54133560418742,62.579337268588844,69.72625177413467,1.8181360973445837,2.0161611008788114,1.8068665648857138,1.585311914424695,489.5815878206469,489.53151960955586,7.530865453351782,[-0.07613991 -0.64917509  0.75681862],[-0.50064544  0.6812984   0.53402868],[-0.86229743 -0.33823689 -0.37688055]
50,141.36441579081855,69.16938486912238,9.029997274370679,6.671510625101405,3.341726268789903,3.524332862809642,6.1746892949900785,1116.065446807571,1115.6712204084124,38.33572795420674,[ 0.26838007 -0.64177928  0.71839509],[-0.35125752  0.62921289  0.69333202],[-0.89698957 -0.43841817 -0.0565616 ]
26,18.848812901040773,162.81610151402003,63.26995334399507,3.8277657072019093,3.0083597237256603,6.533173060936178,3.2868126541409657,896.7264111108681,896.1017133649206,37.98326233028088,[-0.89771367 -0.06545277  0.43569038],[ 0.42729772 -0.37032654  0.8247878 ],[-0.10736307 -0.92659278 -0.36041502]
40,21.811612218133494,112.4803502661435,157.53057668271035,4.430921373085861,5.361056627358173,3.0410952578937924,4.137865312307845,1232.6091995932493,1232.5322554799445,40.31423547558455,[-0.98365204  0.17990493  0.00793003],[-0.14088304 -0.79622956  0.58836252],[-0.11216344 -0.57762678 -0.80855838]
106,74.05677922804432,135.24569228224678,74.79833488873258,7.396245194886055,5.96739742968048,4.715996649104715,6.446234438845291,1767.4946215542063,1766.033107449939,86.70379563688033,[-0.50229177 -0.19116671  0.84330201],[-0.74874001  0.58399858 -0.31358262],[-0.43254061 -0.78892392 -0.43647184]
29,179.8191295267312,92.2943528026095,117.22030750601091,6.515222174553975,3.1508442645363677,2.245419056712536,5.265851054281363,1258.8495496772719,1258.6576043042521,29.11340565530438,[ 0.13579926 -0.86890614  0.47598392],[-0.6236749   0.29832105  0.72251932],[-0.76979749 -0.39497681 -0.50140317]
58,155.7579839690561,187.833137907158,160.82783249275755,3.777912543229471,4.371798365050748,3.7586441083422915,4.327838848036795,2226.1887146822783,2226.0260332739126,40.806050332189216,[-0.76295948  0.64625111 -0.01588512],[-0.36581301 -0.41135538  0.83484585],[-0.53298563 -0.64276454 -0.55025455]
55,3.3463641051299238,96.30123415147744,87.90815503869615,2.063914788693817,7.287863652667703,4.875440718296263,5.240469722737373,969.5073030733593,968.199093774193,54.75806602174032,[-0.99824841  0.05480531 -0.02228205],[-0.05336454 -0.67153098  0.73905235],[-0.02554091 -0.7389469  -0.67327939]
55,187.64083694687002,32.88887837725726,154.9100079191101,4.2376445020875755,7.928981203529419,6.219338568134853,5.762833683326213,1822.5653410587222,1821.6235438640563,68.95610327555237,[-0.64386351  0.21714504  0.733681  ],[-0.03912291 -0.96697303  0.25185821],[-0.7641395  -0.13345857 -0.631094  ]
39,73.77820139972705,144.80073859415273,12.321584311352536,3.253523565338178,3.172052729043473,3.5417512472795725,3.1097253192400673,1018.3146923572851,1018.1191408747414,30.27865542579852,[-0.6725128   0.28441737  0.683252  ],[ 0.58550032 -0.36021784  0.72624547],[-0.45267639 -0.88845364 -0.07572465]
5,67.37074447144389,116.1800651574014,31.431736412144193,1.46648157911442,1.2754911392496435,0.6063123604507435,0.7240162323670025,308.45173517491764,308.42607839526244,4.256745674751027,[-0.2998639  -0.08322555  0.95034475],[-0.81946297  0.53250822 -0.21193264],[-0.48842818 -0.84232328 -0.22788024]
148,186.0176763318174,138.18782405306604,184.7071660541842,5.439991423701823,7.122036871550308,7.955628514503409,7.170973699044823,3607.3983993774964,3606.7822584483474,116.62919197569921,[ 0.07933946 -0.83481584  0.5447823 ],[-0.7745839   0.2923741   0.56083613],[-0.62747512 -0.46647604 -0.62343811]
166,118.11411270327793,115.46104121139982,185.39151458296976,8.95922069610978,6.163400161053834,8.27719580769271,6.507172452383337,3202.9681870242434,3201.1764245727127,154.93376366627112,[ 0.14480891 -0.87868632  0.45490739],[-0.86770756  0.10817491  0.48516161],[-0.47551443 -0.4649823  -0.74677807]
11,66.05785306032803,158.0553019582877,53.13831156348188,0.824850119184854,1.8018828470924781,2.998145954053939,1.7168504946299257,594.972119265135,594.8918050119918,10.47087976334247,[-0.92360519  0.38325866  0.00813954],[-0.10638033 -0.27664664  0.95506537],[-0.36828885 -0.88123745 -0.29628346]
44,139.85883008218786,83.55211477176339,61.936350145128515,7.704022657961785,2.900782954077244,6.799565216128688,9.048057262525806,1158.141662045906,1157.8217858160262,37.601983385416126,[-0.59640342  0.62733865  0.50074861],[ 0.01618702 -0.61431545  0.78889449],[-0.80252161 -0.478605   -0.35622509]
40,110.09250515596698,50.50157896794505,6.143854067125233,5.162485183237725,4.250006826478943,3.9632473699603246,5.436781304174163,768.2914155648134,768.1276554015191,34.97407701467148,[-0.36919291  0.73636797  0.56697337],[ 0.19920303 -0.53319169  0.82220726],[-0.90775258 -0.4164959  -0.05016386]
56,125.89717399310669,114.57548545132639,143.05629683804676,2.8264666339758717,4.251841661393988,3.2376741273021694,3.51537642996176,1664.4232771820095,1664.339380497261,36.74920335737122,[ 0.79121444 -0.12082712 -0.59948355],[ 0.23121584 -0.8484142   0.47616445],[0.56614393 0.51535828 0.64334042]
54,41.409802834003905,82.08379644325031,69.06462808296091,3.8892381620612206,9.370466606045635,4.006449154027722,7.815752097513493,848.4990667601661,847.2727672174277,55.24839162723399,[ 0.82705841  0.05321781 -0.55959115],[ 0.43230932 -0.69650707  0.57270111],[0.35928129 0.71557373 0.59905858]
75,152.80126178960836,168.77066218821076,6.091959055814052,9.202374323084463,5.199085583302445,3.422173503532133,3.9288754149529983,1974.5192240411416,1972.8218290018472,89.95988552633102,[-0.1364143   0.08793045  0.9867418 ],[-0.72853716  0.66604133 -0.16007045],[-0.67128589 -0.74071397 -0.02679696]
25,164.1723856272456,68.23105560883869,14.424738492998795,3.575708924263798,2.8251685271904767,5.051860943030492,4.303469952201186,892.4427792566725,892.1683992413889,26.49477881429144,[-0.35857344  0.90837148 -0.21514259],[-0.15622988  0.16882287  0.97318604],[-0.92033543 -0.38257037 -0.08137937]
2,140.3509606645892,43.96376718919021,46.624282004664025,0.8472344683821831,0.6949453295791344,0.4728238249305683,1.1115971896490606,218.20381745062926,218.20295289150653,0.6142470630563682,[ 0.17330695  0.40079795 -0.89962531],[-0.37747839  0.87072239  0.31520247],[0.9096564  0.28496233 0.3021948 ]
34,30.075139315399618,23.518502284815657,9.629285804915915,2.9839950200781478,3.448619284720191,4.80473451068626,3.519238111363908,231.9035127635714,231.4992486376045,32.20502016588968,[ 0.52246981 -0.7960277   0.30555719],[-0.38310717  0.10098957  0.91816666],[0.76174418 0.5967755  0.25219992]
29,194.32060589085265,43.965707602636485,100.03819213778034,3.022744738783525,5.766315929587961,6.198980412970518,3.908527700597613,1201.4711269502013,1200.7962076913557,43.67932806805442,[-0.16202245 -0.74804834  0.64356228],[-0.46293416  0.63357825  0.6198956 ],[-0.87145894 -0.19748996 -0.44895103]
3,34.523054745315555,68.2115015051636,19.652936764169166,1.2620686725974792,1.4384981684680367,1.3623849341415553,1.4329036463214333,136.7809682552099,136.74461880234455,3.211556300638111,[-0.82813448  0.49493113 -0.26312823],[-0.35042172 -0.0907438   0.9321857 ],[-0.43749046 -0.86418097 -0.24858268]
4,30.481359903489764,1.3809529854919456,54.80469703365395,1.3434683182269798,0.8513441954968064,3.157239564294744,3.316940266008875,125.65042986963422,125.62829325560087,2.4668705682404375,[-0.64629353  0.68198705  0.34234244],[-0.58864103 -0.73104826  0.34506548],[-0.48559903 -0.02149679 -0.87391731]
31,147.23621661560395,11.595196783743969,64.16441329597515,2.804184472651475,3.555465390824511,2.5663611765282783,2.2211003326427736,896.967912876855,896.7188305341543,26.17312015308994,[-0.27888852 -0.60142763  0.74866949],[-0.29344913  0.7956837   0.52988211],[-0.91438985 -0.07191837 -0.39839547]
53,11.818936629482854,177.47315478405343,7.778249629859801,5.779846317941761,3.1766072099057414,5.736155980452904,3.3399756479018707,1297.2707762628077,1296.7668269556802,58.78089803061625,[-0.71917877  0.07833976 -0.69039466],[-0.69161495  0.01469141  0.72211698],[-0.06671334 -0.99681846 -0.0436152 ]
42,95.41036096845212,7.674918752410047,149.84214465339875,5.103677392404491,3.1511605978849535,3.5062203394925664,2.836803155022788,1153.0354413256198,1152.611928638811,41.05341055566102,[ 0.23353418 -0.96727865 -0.09916555],[-0.81083024 -0.25001527  0.52919437],[-0.53667131 -0.04317855 -0.84268589]
33,37.60951555013775,37.171377249754975,64.16064583160274,4.38237773273891,3.5519900730947147,4.484973666044218,4.695802944683325,479.1864342188918,478.6309755750477,31.04449643696692,[-0.17659446 -0.8033587   0.56870836],[-0.87442915  0.39330273  0.28405391],[-0.45187173 -0.44713282 -0.77193535]
5,171.25107236698844,77.23664814783828,76.72014548429055,1.054064844586843,1.8792126953581039,1.8419197742704734,0.8450801756901518,453.77837991382114,453.7764386843628,6.0481818470446385,[ 0.42515575 -0.90429732 -0.03858673],[-0.32720239 -0.19330325  0.92497159],[0.84390828 0.38063132 0.37807224]
