N,MEAN_X,MEAN_Y,MEAN_Z,SIGMA_X,SIGMA_Y,SIGMA_Z,SIGMA_R,LAMBDA_1,LAMBDA_2,LAMBDA_3,EIGEN_1,EIGEN_2,EIGEN_3
6,117.34763356574852,30.10384969561628,13.85007540693586,0.7536694976397619,1.8581663493167706,1.867177965938165,0.8859385224428054,298.7335456540218,298.71478216616663,6.343103566701337,[-0.09873674  0.70705257 -0.70023404],[-0.25324797  0.66265024  0.70481212],[0.96234948 0.2469237  0.11363171]
488,18.394912256195028,19.034042969112246,129.561601250713,8.24946577866023,13.137212568618324,18.87426987834445,18.723846058212512,2963.149071539913,2957.527195806956,350.0351058139799,[-0.98896248  0.0843427   0.12181757],[-0.06491983 -0.98571117  0.15543133],[-0.13318644 -0.14580737 -0.98030688]
202,37.14000516765958,48.819638682889796,187.74441617052855,18.753236664899138,6.039427996422961,5.407478358585576,7.196277572419889,2820.872466487896,2810.5072205772417,269.59418140905734,[ 0.01870284 -0.9685285   0.24819902],[-0.98149911  0.0295258   0.18917643],[-0.19055104 -0.24714525 -0.95005764]
327,14.490617453966777,188.0648697931178,105.7914286947435,7.123498788193727,5.738935209362928,9.584829993244849,7.551307174354651,3915.9835512965433,3915.2042771193687,196.8949529478043,[-0.99624091  0.08533017 -0.01492715],[-0.05476594 -0.48690292  0.87173748],[-0.06711743 -0.86927804 -0.4897458 ]
4,157.52429865670157,176.3930665176258,52.02314838789663,0.43733535166771065,1.8962589418535245,1.0553497686996975,1.4268877425645823,484.3097664483502,484.30399988444253,3.3918745487651347,[-0.05001715 -0.24118475  0.96918946],[ 0.75785    -0.6412126  -0.12045653],[0.65050877 0.72847534 0.21485349]
131,127.3556513199701,49.85087109805888,27.173570847274014,5.205446274019198,8.585223537979145,5.220075166140114,6.780261421525177,1600.1413083710154,1598.9074482603335,103.20666073708702,[-0.26272062  0.15098511  0.9529855 ],[-0.31265236  0.92106913 -0.232121  ],[-0.91281235 -0.35893614 -0.19477801]
301,117.16637229117826,34.05990999912734,163.70791263697652,12.610055388570625,6.3569812709786655,7.968204779105647,9.760664308913798,3551.9779587873186,3547.963548781542,223.71870003448808,[ 0.16865444 -0.98211483  0.08370267],[-0.80077378 -0.08700683  0.59261384],[-0.57473213 -0.16697386 -0.8011259 ]
8,137.44312462468707,71.74774911933038,79.05735650859143,3.4698144413163736,1.2213968552653642,1.8377670317812977,2.828066397059351,492.3571760346409,492.33938241815986,8.459713062407449,[-0.35169096  0.91105789 -0.21514413],[-0.50244325  0.01020583  0.86454995],[0.78985078 0.41215212 0.45416559]
540,110.69630927389373,123.47077503392866,37.098661426065824,13.322362751125851,13.481631948168062,13.720045780275964,12.636735745165067,3972.803595016431,3972.402670073672,461.67467158945124,[-0.69299063  0.45320247  0.56068843],[ 0.30884971 -0.51611258  0.79889903],[-0.65144136 -0.726798   -0.21768973]
4,69.04432795865893,30.56697403011854,112.44141843388884,0.6334928612778989,1.8981765959123302,0.7480321882646006,0.4490999925194706,270.9134749858454,270.88961905568243,4.179534581776106,[-0.83587009 -0.09848145  0.54002092],[ 0.20363291 -0.96920973  0.13844182],[-0.50975958 -0.22568541 -0.83018749]
53,108.91336745669419,52.27849097380244,5.2823373497209785,3.5307781157444595,5.101663370691025,3.0818576699636373,4.705484662640289,881.5664150549798,881.2516365416084,36.98919856217618,[-0.22620194  0.38024869  0.89679631],[-0.37177313  0.81726412 -0.4403    ],[-0.90034295 -0.43300148 -0.04350048]
18,138.33216362807244,16.207483835094795,177.95818833819587,2.0036532833899985,2.7521844318542965,2.9396108423123497,3.1294112798187332,958.9304777821109,958.8670869555058,13.69928573361082,[-0.79069097  0.06853836  0.6083669 ],[-0.01042479 -0.99507691  0.0985559 ],[-0.61212672 -0.07158516 -0.78751283]
2,135.1861983453809,61.9214427776171,89.25572994859436,1.0861260380857374,0.39899720445631814,2.658420411007299,2.072238064729291,245.29396525400375,245.27720632847064,2.867306354968771,[ 0.56940229 -0.7463228  -0.34464954],[-0.26115803 -0.56175894  0.78499896],[0.77947259 0.35697221 0.51477502]
77,145.6735158731281,93.0313380895716,95.84704420617463,4.513527608823321,4.177070527175168,6.5457670697645725,3.4476521959671858,1735.599921395263,1735.0462569239553,72.92452730695545,[-0.57759967  0.8112692   0.09066924],[-0.35085585 -0.3470056   0.86976278],[-0.73707449 -0.47056286 -0.48506886]
10,168.6952332255882,66.58775150961975,100.66942591773423,3.0394832389384803,1.6260396626769509,4.634084126514769,4.242489774590005,656.1928116671119,656.0888364159513,12.347072627385428,[-0.56828261  0.61747532  0.54385578],[-0.12537622 -0.71821645  0.6844311 ],[-0.81322548 -0.32076371 -0.48556664]
2296,87.84019533476925,125.19505304588228,145.37462945262473,18.405789449203024,31.95886909230449,16.234961479619443,27.866067660840447,10272.535717759727,10221.699480406289,1378.337508699852,[-0.89058586  0.11974868  0.43876768],[ 0.18127702 -0.7913182   0.5839128 ],[-0.41712763 -0.59956298 -0.68302912]
39,175.99426264274558,165.3716956456905,61.52290120298074,3.6042827077034176,3.4663432617232157,2.822079443607831,4.290682293520713,1556.6732375568677,1556.6323539727186,23.870519388101698,[ 0.68379336 -0.72965708  0.00521346],[-0.18355269 -0.16509128  0.96904761],[0.70621176 0.66358527 0.24681884]
147,106.59917453270882,56.08128618933106,184.95506310465416,10.49142717335728,8.254449401379071,7.817126863845941,8.814999910453267,2681.669659030774,2679.1785812832145,154.16846578628264,[ 0.57117817 -0.8167477  -0.08172331],[-0.6633194  -0.51792755  0.54014668],[-0.48349031 -0.25431133 -0.8375935 ]
51,155.06768948179956,68.92146753193522,58.527328246484174,7.612539091896879,5.140028618136553,7.32281167826422,6.914766716844621,1284.541934047378,1282.9421263109596,68.48836819174335,[-0.45287084  0.8753499   0.16932385],[-0.21925362 -0.29342479  0.93049973],[-0.86419665 -0.38427132 -0.32480716]
52,3.368810185599258,67.24960814895101,109.93682659948806,2.237645749052273,4.667409370280701,5.345314236584709,5.406560168035413,931.0823106555816,930.5781567382995,36.66342981144188,[-0.96556095  0.2340198  -0.11369603],[-0.25887534 -0.82048517  0.50969367],[-0.0259925 -0.5215734 -0.8528104]
4,86.4436996964395,41.720248690573534,175.8546100928325,1.7993967856270479,1.620773709452642,0.5622016599296981,1.3827967865265196,400.71954707790127,400.69906057699905,4.1284342101894405,[ 0.68046632 -0.71393294 -0.16512222],[-0.59225032 -0.66852002  0.44980056],[0.43151494 0.20828045 0.87773237]
14,1.9469953260932689,92.17656326931787,65.78339036328255,1.0035474828865447,5.101343769656713,3.3687436564595923,3.5670726605619105,424.403641024575,424.01131785898485,18.653802074897467,[-0.99021415 -0.06649983  0.12269357],[ 0.13849129 -0.57664962  0.80516792],[-0.01720767 -0.81428066 -0.58021626]
24,41.159183194207465,32.06415750960077,147.2113879581274,5.406646928193915,4.33278920985855,2.5391906632689163,2.2637673694427107,765.8892126443869,765.3282134729832,34.38686528267995,[-0.48798748 -0.81446229  0.313878  ],[-0.83217157  0.54262332  0.11423841],[-0.2633604  -0.20545344 -0.94256575]
122,62.530828400591666,188.4845817442388,74.31525420589745,7.979618966447794,4.583254111460608,7.533932351447876,4.557317272125061,2344.4704931948677,2343.7756618746203,121.46707054368494,[-0.57644908 -0.12714749  0.80718026],[-0.76201159  0.44030754 -0.4748343 ],[-0.29503356 -0.88879851 -0.35070274]
73,62.86229710041746,72.50853727753893,172.02250333027524,6.217733288870498,5.753441523676725,5.032757524428186,6.404188048852696,1684.5625767270722,1684.4213132890327,63.87608559801325,[-0.83347722 -0.32912652  0.4438372 ],[ 0.45076427 -0.86956566  0.20166094],[-0.31957363 -0.36814576 -0.87312164]
2,176.59085121954485,62.34822748257039,198.96009806331926,0.19151021045321667,0.6614036826561929,0.5901206363793818,0.4025546861513192,386.4131809330138,386.411472084278,1.149191207458861,[ 0.7583915  -0.29773867 -0.5798224 ],[-0.084499   -0.92697603  0.36547964],[0.64629889 0.22818224 0.72816936]
24,68.46825408370297,57.369627597681934,138.35640367253856,6.803090534517676,4.710189951480071,2.6098337871085824,2.5320243802436155,807.8078763537541,807.003459056684,40.56392712687244,[-0.47837047 -0.70191786  0.52770542],[-0.77334636  0.62143034  0.12553783],[-0.4160494  -0.34804547 -0.84009954]
3,161.30554171156624,25.953799300376982,176.02287363241234,0.10436483254784625,0.4782181847336928,0.13668498014234384,0.12647262677386154,415.9713351568009,415.9704896683709,0.8525364036726379,[ 0.73219184 -0.24773974 -0.63444474],[-0.11301401 -0.9627804   0.2455234 ],[0.67165686 0.10806909 0.73293801]
56,147.0201457162705,37.978934040181684,106.36204156198993,4.468590121130509,7.224551759998715,5.058406009037338,5.312926744870308,1389.117342715248,1388.118947712971,62.369230306356954,[-0.44914021 -0.43981618  0.77771125],[ 0.4119177  -0.87435149 -0.25657997],[-0.79284102 -0.20511265 -0.57387449]
159,10.545100589557943,39.47990318845507,76.38113443185932,5.933326906376348,6.870280578541216,13.324258351881188,11.870799964673758,1108.4922668530733,1104.620218630202,141.32619157109028,[-0.98700683  0.14977262  0.05818657],[-0.10657188 -0.88122605  0.46052479],[-0.12024953 -0.44834006 -0.88573768]
12,79.45434104732108,197.67550795752206,23.158938111945194,3.7338003431742366,1.9087298833893585,2.1404102882718457,1.2512829033917734,742.518816256809,742.394913945165,15.685161277784013,[ 0.31569515 -0.23458377  0.9194058 ],[-0.87342884  0.30676308  0.37817783],[-0.37075414 -0.92242445 -0.10804861]
112,156.78087531617828,148.14200896740567,176.8394147223245,8.132956060041558,7.040703352839566,6.040614547981365,5.696086662722845,2954.41675219633,2952.791944658246,115.73290907794681,[-0.257779   -0.61597727  0.7443937 ],[-0.78594785  0.58180222  0.20926573],[-0.56199284 -0.53111032 -0.63410241]
183,190.05155711568779,32.363144706431704,64.35017055031585,5.064499497682633,6.531477583228113,7.041513732128242,3.9777538955743648,2751.8625826290863,2751.42466243788,136.96348727416847,[ 0.22655368 -0.95544625 -0.18919804],[-0.272284   -0.24863147  0.92953957],[-0.93516568 -0.15907501 -0.3164811 ]
133,138.08050802638505,169.08488573954295,135.62660994632088,5.235059051058619,6.23715087519387,11.980514520536495,6.813083022703681,2967.8517016521537,2965.746856774976,146.46896536425703,[-0.66973655  0.71305087 -0.20739191],[-0.51315299 -0.24251697  0.82332225],[-0.53677459 -0.65783279 -0.52832666]
13,148.50827187471302,43.19707999082535,89.8073154499475,1.6211860444756567,2.1493617367254707,2.5628139642470558,1.6330397186842411,644.9515871570402,644.8947048303719,12.031036239625445,[-0.45404473  0.81570875  0.35841683],[-0.32303851 -0.52561556  0.78700343],[-0.83035505 -0.24155232 -0.50215831]
11,145.35140848784488,86.94781384853161,154.71878582934704,2.5968779235540067,2.484246951912007,2.3237329486101723,3.079087872083555,760.9614733322946,760.913925066321,9.870052886925462,[ 0.47130859  0.50223198 -0.72500431],[-0.61352046  0.77724434  0.13958469],[0.63360939 0.37901751 0.67445153]
84,155.4523679986636,186.08977614469887,161.04542807025615,5.307537705423912,6.0358920415347965,5.804655344138218,6.847930603362076,2669.1913877968627,2668.7794318448164,65.32177924226451,[ 0.56436874 -0.75675352  0.32986669],[-0.62955379 -0.1360669   0.76494955],[-0.53399433 -0.63938244 -0.55320896]
2,168.59791982980917,153.26109250574595,191.5404384790092,1.2020903404389003,0.49798667328562374,0.10055803612185343,0.8725690078984769,420.96000699248526,420.9577698833543,1.3723927813143608,[-0.38356413  0.85578841 -0.34713794],[-0.7294182  -0.05019083  0.68222428],[0.56641649 0.51488549 0.64347905]
164,53.76048841427262,163.14071713061776,98.08736787575124,6.110070459888653,10.577648455283036,7.709629643868407,11.434948376759003,2539.128034720689,2538.104783262228,112.65619796741318,[-0.88525659  0.01238192  0.46493812],[ 0.37736249 -0.56522859  0.73356267],[-0.27187923 -0.8248414  -0.49569986]
30,162.95667550038058,48.73572243806867,171.50736213823726,2.3283372742147495,6.708968531122631,3.4891760499401245,3.371131816589287,1323.668727609876,1323.181570560902,39.2099043320157,[-0.72888243  0.0298639   0.68398724],[ 0.11678143 -0.97898387  0.16719056],[-0.67460544 -0.20173927 -0.71007659]
104,141.6347466549092,188.37528121154207,49.087764344629946,4.193198853022627,4.022503633352436,5.603273278739428,4.2048248199468015,2456.2342063147644,2455.6507426698618,70.28257640033608,[-0.68599014  0.61646146 -0.38651363],[-0.42811593  0.08755625  0.89947243],[-0.58833177 -0.78250187 -0.20385425]
86,79.67379020642505,27.0256193258561,112.82201291802924,3.5163946307046228,8.54762045701694,4.90418206088608,3.8577154252948858,1308.4725416759577,1305.9217137582186,90.11151323806773,[-0.8045704   0.34033708  0.48665917],[-0.17948464 -0.92052314  0.34701932],[-0.56608457 -0.19185362 -0.80171095]
51,70.73623196452081,162.81483312546837,118.80055052984368,6.415429927368391,2.402312471275336,6.0207497604949,3.018501824801404,1526.7435143084583,1525.6450875504156,61.50384664397869,[ 0.45006259 -0.6456669   0.61689377],[-0.8294399  -0.04629473  0.55667427],[-0.33086722 -0.76221457 -0.55637742]
453,51.4401583354947,42.889454873628644,97.86257049650689,10.162314506807329,12.511982611344209,13.730457057639363,11.629708521522618,2554.6892456651153,2546.3557752578577,369.62742659380217,[-0.87813872 -0.04009119  0.47672328],[ 0.20396085 -0.93275759  0.29725958],[-0.43274977 -0.35826803 -0.82726758]
262,174.00164457256545,158.37382785285203,148.4860490456001,10.15531911056818,9.836783451398995,8.906289039045719,13.50757258655776,4510.590250159686,4509.640138348327,158.968382845157,[-0.47505766 -0.2649051   0.83913379],[-0.61902256  0.77835936 -0.1047271 ],[-0.6254049  -0.56919416 -0.53374781]
188,87.18009681807813,181.18058022317823,97.83776980050335,4.244330080251202,5.37033597794605,12.560612158924451,6.0760487487835935,3071.5787773286775,3067.639088238755,177.64352512422286,[-0.8767511   0.47187671 -0.09295089],[-0.2821094  -0.34805661  0.89401951],[-0.38951481 -0.81005491 -0.43827988]
51,53.435850040205715,24.08238181312161,5.423188971904279,6.178325453726126,5.147534996365696,4.121669339471064,6.653638537959094,424.5555267721073,423.7793310896319,43.57104216986714,[ 0.13764488 -0.50090205  0.85448875],[-0.39708966  0.76242969  0.51090193],[-0.90739941 -0.40963168 -0.09395848]
94,24.66603031710572,148.26738348371012,101.79486660900122,6.871929302300383,3.7982640274511845,6.352234358994882,4.897121814661762,1762.160768963902,1761.2321868207132,85.70823582654836,[ 0.36293916 -0.56784767  0.73879915],[-0.92191979 -0.10359935  0.37327079],[-0.13542184 -0.81658814 -0.56111027]
598,182.47529823994532,95.4513245225386,67.30124185433728,8.550070347186784,11.19086221107178,10.503811573306617,10.761983378694802,5310.559192505198,5309.437119596008,338.2789258352496,[ 0.26323886 -0.83836333  0.4773387 ],[-0.47133039  0.31995611  0.82187332],[-0.84175588 -0.44133323 -0.31092123]
5,114.51412711511378,16.663815245176053,64.60135612869512,1.3761744777329024,1.9429301881299297,2.0100154535633274,1.9712113193341219,296.42799777967474,296.38382389199114,5.403113834067035,[-0.47501372  0.5243992   0.70665935],[-0.16685656 -0.84214787  0.51278245],[-0.86401438 -0.12566795 -0.48753125]
90,170.9493636403846,30.161367177351224,111.8126442772995,6.879474666622963,6.378022705439257,13.11670356579823,5.369598563376699,1964.537765482986,1959.8096817574722,144.67211603398192,[-0.06485332 -0.93402011  0.35128406],[-0.55793993  0.32579966  0.76325462],[-0.82734339 -0.14649581 -0.5422563 ]
25,64.75293555915127,132.44930762374153,102.84580760951299,4.614212358173852,2.8744224545650825,2.268267076370662,3.152055860680872,899.211657291297,898.991625748469,24.86889278166957,[ 0.01814485 -0.61869538  0.78542141],[-0.93265093  0.27262546  0.2362998 ],[-0.36032347 -0.73681163 -0.57208008]
54,160.58782569737738,119.54441475882638,46.25082843445829,3.947848200606847,4.0949677210918995,2.9570416114127003,5.159981710691379,1510.556045401491,1510.4538354822823,27.955586880078695,[ 0.52006646 -0.40821035 -0.75026341],[ 0.34462993 -0.7034331   0.62162053],[0.78151206 0.58184721 0.22515045]
51,72.7444066495137,110.71066509579745,88.22570992746647,5.658247625384059,2.9866884748441827,3.084642513623045,4.243459923927283,1137.5940976322956,1137.2195110485998,40.740788970982486,[ 0.29803151 -0.70701363  0.64133372],[-0.83778202  0.12826675  0.53072491],[-0.45749154 -0.69547061 -0.55409577]
3,137.95262406542483,163.95395291400322,64.89519060238204,1.0443395183132724,1.3558892029202285,0.2934554555793253,0.4332543181421198,387.7868371153028,387.7760141919051,2.913505351791114,[ 0.31962525  0.10385609 -0.94183524],[-0.71983718  0.67298457 -0.17007708],[0.61617704 0.73232895 0.28986234]
3,112.83224656659138,58.32486814305074,192.2897019798236,0.6608240422606637,0.9843900827937566,0.63163225004736,0.786288061566865,399.1615219528776,399.15756356316643,1.886915954790773,[ 0.84698288 -0.36535542 -0.38618056],[-0.20711398 -0.89580193  0.39324637],[0.48961598 0.25308955 0.83439911]
12,109.89069183475425,154.52854294166545,55.38347419152577,3.210271942725968,2.0285705637796907,1.8057524446143371,3.4854182060330916,684.4355328741707,684.4288986540739,8.135064728555589,[ 0.63873793 -0.18683121 -0.74639665],[ 0.53144257 -0.59437106  0.60356593],[0.55640152 0.78218741 0.28035728]
83,27.07604338792488,107.58804753765136,193.00318016027853,4.258612613148435,4.145367197662862,3.7718560636063003,3.890723036130418,2028.8203653493251,2028.784489492748,53.495519554532436,[ 0.7390084   0.53896933 -0.40420124],[ 0.66261083 -0.6898842   0.29155907],[0.12171065 0.48329272 0.86695713]
25,127.93906301950705,145.2844688959513,6.677033458890288,3.4826886426625387,6.059204411065581,3.669764673257111,2.9077145282190298,969.2051735437972,968.7312332725509,36.67176072721827,[-0.31016483  0.23080163  0.92224096],[-0.68403821  0.61951174 -0.3850934 ],[-0.66021928 -0.75029049 -0.03427362]
17,142.65390114162827,139.98782666901386,17.49330274828059,2.1705659610911554,2.705903306039487,2.852996886089853,2.9542531545664956,827.40466926237,827.3371598278302,13.923670604433566,[-0.68301383  0.71474691 -0.15042926],[-0.16721382  0.04747126  0.98477714],[-0.71100749 -0.69777026 -0.08709204]
30,41.13973022741345,66.76919989051636,22.48133636779254,5.6484517948880715,3.0736774677246803,3.520593478300631,2.8059176817869074,448.1933804295396,447.5845200367534,37.10057203628488,[-0.04723007 -0.29223001  0.9551811 ],[-0.86172949  0.49552298  0.10899204],[-0.50516493 -0.81796002 -0.2752268 ]
2,72.48919855912592,106.17306329562115,126.46565884147225,0.31596876245143335,0.18532435675398773,2.216843996793358,1.318439741882841,255.05299340415584,255.0400156084387,2.572913303568975,[ 0.78880805 -0.61157486  0.06130291],[-0.46500654 -0.52857621  0.71019441],[0.40193379 0.58871333 0.70133148]
4,18.559914792354334,133.24931290160387,142.4725739769846,0.8812208584807915,1.2651307918713126,2.2825837280943793,1.4003299150844513,391.9434997177869,391.9244298267604,4.74404706284563,[-0.98735148  0.1574441  -0.01866557],[-0.12717017 -0.71613971  0.68627375],[-0.0946826  -0.67996711 -0.7271038 ]
6,32.55269558095227,142.65225250262463,39.79364577760082,3.0836197147736786,1.284549484779285,1.9321075232971934,1.415625628061353,371.544435687267,371.44367923086634,8.806577843839118,[ 0.5527922  -0.33855546  0.76144664],[-0.80516151  0.01852802  0.59276611],[-0.2147923  -0.94076401 -0.26234967]
35,111.7962049278591,188.57017918823362,155.14189702115468,2.476474790797489,2.5871614254024116,3.1649623057748015,2.379816474122266,1589.0123245204998,1588.9830001708747,24.489565517534174,[ 0.87324801 -0.1317069  -0.46913878],[ 0.25331137 -0.6997578   0.66796136],[0.41625864 0.70213412 0.57769925]
256,99.64263334364051,83.13523547531153,82.00703818307892,8.230464685008396,10.932184591693973,7.281156404152738,9.195600149029149,2465.687588884193,2463.5894529799425,198.87310901350511,[-0.55447141 -0.14336953  0.81976011],[ 0.52130696 -0.82766987  0.20785003],[-0.64869139 -0.54259355 -0.53365881]
459,107.47183047466841,109.02188780104211,187.94972773532734,14.869791987554363,14.121914132286427,6.497325359842135,12.238780752206784,5209.002652991467,5204.8988547866065,377.8715213965863,[ 0.46859135 -0.85336433  0.22845453],[-0.76355694 -0.26117663  0.59056547],[-0.44430052 -0.45117191 -0.77397736]
5,3.86740989606738,183.68972391963248,196.96561796889063,1.4845653568080321,0.8398104317509201,0.9402765539921676,1.1189670853778986,602.3118079809609,602.3030564504147,3.5650335473066384,[ 0.25382023  0.7048822  -0.66235668],[-0.96714473  0.19512054 -0.16296944],[0.01436513 0.68195972 0.73124865]
42,25.886476959831903,157.11008151768354,35.903576849968445,3.797437843891293,3.4308874253420023,3.510029544552077,3.5571700586047243,1058.4768079952546,1058.1903805573038,32.95929094704619,[ 0.55902005 -0.27119644  0.78354902],[-0.8138695   0.0011398   0.58104658],[-0.15847085 -0.96252335 -0.22008135]
10,137.5692405677815,114.08563652975374,109.69362575146597,2.247341606479511,2.732538162621916,2.443858857643622,2.3710577047418724,663.2473332899149,663.1848674704895,11.357834845317681,[-0.73505673  0.30342309  0.60632172],[ 0.17113587 -0.78228435  0.59895217],[-0.65605191 -0.54402722 -0.52309681]
43,84.17618592129514,83.33021933422448,28.86926078355521,2.9008962342182434,4.474439334922826,4.234605298208051,5.044514717787648,800.4800390768778,800.3349572087913,30.007000830962145,[-0.71182844  0.70043091  0.05193082],[-0.13076314 -0.20481     0.97002777],[-0.69007339 -0.68370271 -0.23738012]
5,107.88100313559589,5.937603275228502,33.16413780399531,1.4979944642295873,2.0865367177649468,2.2362849631166104,1.2735896764488068,252.8080021192648,252.76192889006083,7.054598945878898,[-0.22448493  0.77404215  0.59200107],[-0.19607649 -0.63095968  0.75062899],[-0.95454729 -0.0524274  -0.29341241]
50,15.688494438639868,50.97614276067121,115.2837148361508,3.543310394369779,3.7549914291147846,5.708323463224999,5.518880896441877,899.5272051668453,899.3572684496437,37.873433155809806,[-0.91392365  0.4023622  -0.05336878],[-0.38663358 -0.8229992   0.41615718],[-0.12352346 -0.40097005 -0.90772516]
85,44.70878051064918,87.4351616529544,185.1319713587584,6.94085328791227,6.3719860962988495,5.06629949130893,6.103910774805652,1934.4013537079447,1933.1368321930618,80.78391119343578,[ 0.64477165 -0.73946249  0.19355811],[-0.73390206 -0.52810291  0.42719443],[-0.21367566 -0.41749555 -0.88319883]
32,31.130829070166076,16.0315748253659,5.695876167665165,3.6570135155703776,8.785834921728704,3.7357699023403867,5.310968801475743,208.44849859112975,203.53036026844606,48.6131889079076,[-0.0114713  -0.3177549   0.94810349],[-0.5011571   0.82231021  0.26953195],[-0.86528028 -0.47205692 -0.16867809]
200,134.68505233214282,11.362337492624533,130.68258055456477,6.751747669719938,5.951831324050086,11.656865279863228,7.434197790065245,2666.212037528984,2661.6057630437176,181.01505897254017,[ 0.28965673 -0.93217127 -0.21715362],[ 0.63566225  0.35697275 -0.68447349],[0.71556445 0.060226   0.69594565]
34,192.49438260082331,97.42147587749334,193.2778324015144,3.439081546553905,6.001681992076907,2.8493992229794047,4.236220686954713,1689.42373790074,1689.2753202563729,35.971838058961154,[-0.72735941  0.08661457  0.68076884],[ 0.17130549 -0.93768344  0.30233127],[-0.66453196 -0.33652293 -0.66719532]
7,157.46009235556446,91.54311973948464,58.88716285265779,0.8448218623841659,0.7371683814173123,1.3345739318529466,0.9688092729493476,506.4677935678078,506.45783030333894,3.8308063475172807,[ 0.50901026 -0.86044092 -0.02345157],[-0.25348877 -0.17588175  0.95121452],[0.8225886  0.47823324 0.30763772]
31,63.753823752233934,162.69091638080673,43.45883926902875,3.003814299279178,5.374593850227137,6.431727443820517,4.666162275476489,1003.6412291272994,1002.9858221031977,42.13389004315766,[-0.91574544  0.28251274  0.28565162],[ 0.18999694 -0.32194215  0.92749901],[-0.35399358 -0.90362592 -0.2411405 ]
6,107.42063633200092,135.72473513884674,50.43840170384425,1.4236677805997755,1.0501565767755785,1.1579801809041486,1.0594122358641207,441.6460976494977,441.62826026212724,4.472309300361947,[-0.30264457  0.53313831 -0.79004418],[-0.74391151  0.38605331  0.54548923],[0.59582038 0.75281231 0.27977079]
74,35.491303410368594,192.392384929856,65.64299775764485,4.225971896300127,3.792723942010387,6.932700999510154,5.109170943226383,1776.535991893692,1775.9811979950841,63.63044933265908,[-0.9756958   0.11691736  0.18533226],[ 0.13552581 -0.34263872  0.9296405 ],[-0.17219312 -0.93216363 -0.31846584]
2,157.10639071307259,58.98960977353516,38.44084250556722,1.0112355335475627,1.2227586177125715,1.0150943104904826,1.1150697209060354,243.48896726160345,243.47950226053186,2.1468947542590726,[ 0.40894894 -0.75890994 -0.50677063],[ 0.0042404  -0.5537439   0.83267624],[0.91254742 0.34267097 0.2232349 ]
16,10.044328107779156,4.195610594975239,13.286345443989042,3.367658840219212,2.4231406876107138,5.886610589302968,3.5294016404605104,73.99035667731282,70.69158164938932,25.067941648597436,[ 0.05347655 -0.96433268  0.25923492],[-0.84401069  0.09508865  0.52782961],[-0.53365364 -0.24702355 -0.80882208]
31,154.3263066593594,43.22892467438099,192.79049514000909,4.914555512266481,2.9990444319705416,2.376030879861484,2.856969332988296,1396.2314193249433,1396.0327974313236,30.88488800381945,[ 0.31856826 -0.94693952 -0.0426593 ],[-0.7207409  -0.27121013  0.63794798],[-0.61566779 -0.17248368 -0.76889697]
3,122.28217011093757,73.15635214184601,17.861826146813943,0.9723676960845686,2.284067328090671,1.0325696803958078,1.0095994356530846,248.78127710944858,248.74813574224606,4.3090619209265135,[-0.31471129  0.30677428  0.89824626],[-0.41948449  0.80395016 -0.42154111],[-0.8514632  -0.50946412 -0.12432514]
21,13.868835523729079,113.7304490786864,4.75443711282921,2.9115789988439364,2.7845970521608074,2.347237438415474,2.8623284608240973,525.8542219460039,525.7271094447043,16.827314059876812,[-0.52320833  0.0280879   0.85174181],[-0.84356463  0.12489002 -0.52230374],[-0.12104447 -0.99177293 -0.04164954]
48,45.602215431895196,88.6918468827667,89.9834264644163,4.387982286075079,3.3751096544708954,4.3694666315098285,4.109481376090186,931.732439814572,931.2177488477932,39.924933613329614,[ 0.09739782 -0.73313739  0.67307001],[-0.93572898  0.16290335  0.31284784],[-0.3390058  -0.66028181 -0.67015147]
74,13.028181824911355,80.53891470430831,49.430382444925065,6.290475023931101,7.325922838028777,4.799571551016302,7.524713580495306,825.2423797750823,823.6491237926032,67.29470518787448,[ 0.6976853  -0.45422065  0.55400254],[ 0.70261125  0.28282051 -0.65295482],[0.13990228 0.8448054  0.51646025]
8,113.00041332658006,85.90329228027062,60.2855755275168,2.3455762530805826,1.4835250044247577,2.2669262416319067,1.5828461186663794,436.2987424757649,436.22343554133215,9.115948350625658,[-0.49370054  0.83046644 -0.25804121],[-0.46826984 -0.0038361   0.88357718],[-0.73279133 -0.55705545 -0.39077627]
13,191.63401574569974,61.61000801852332,139.0055557130148,1.941629518805777,2.590577282686597,2.514593307070626,1.9677910353963275,882.1202788401037,882.0561185173965,12.96148412666787,[-0.56632153  0.66596641  0.48556016],[-0.25613132 -0.70217884  0.66433548],[-0.78337518 -0.25186032 -0.56823385]
96,184.27473173327553,139.59509218510297,187.34680275758194,4.479405674000876,6.79160807544469,7.600440838722299,6.967474747530717,2917.116789989401,2916.7198807117697,84.79698465013611,[-0.13026483 -0.72943278  0.67153473],[-0.77449697  0.49773153  0.39040717],[-0.6190198  -0.46924529 -0.62978039]
34,189.76025668165764,191.00659869497224,14.808151949323287,5.115178311577354,2.8630891000004413,5.9545658621617505,3.8617016082742586,1573.0370924847612,1572.5251900853752,43.19746705287776,[-0.59158192  0.54142348  0.59740392],[ 0.39328209 -0.4530507   0.80004641],[-0.70381818 -0.70824126 -0.05508444]
50,94.66492803326764,44.82952527384757,41.6589631928962,5.65929815115896,3.518922202030327,3.2131980358605285,5.118640235493922,798.47808399097,798.211157490253,37.75743001909503,[-0.2602556  -0.30229118  0.91699894],[-0.47573869  0.86658895  0.15065288],[-0.84020219 -0.39704362 -0.36934624]
3,171.03987510785058,114.95663567237973,195.5940223182461,0.3914206164838893,1.9986373049272308,2.174904763456035,2.043745267862771,492.1415718115331,492.1341183023831,3.7525859024887027,[ 0.39093591  0.60241232 -0.69589403],[-0.69628902  0.68802872  0.20444578],[0.60195574 0.40461817 0.68842822]
13,128.1252713913293,80.66147781909756,51.68014887620464,2.160456970703328,3.019976876003796,2.8606377507675167,2.7128407546372806,577.0246944985175,576.9286874550309,13.789875718694843,[-0.59583118  0.7251249   0.34522325],[-0.0600588  -0.46888567  0.8812146 ],[-0.80086088 -0.50432144 -0.32292683]
644,113.08558214622967,131.8857260027434,98.23068479006197,11.038301540226547,18.841160568619483,16.201555326275468,9.931435242116189,5104.060588102717,5078.977748265799,638.5307070361772,[-0.82233473  0.41852383  0.38549111],[ 0.05041889 -0.62122318  0.78201003],[-0.56676585 -0.66251004 -0.48975189]
62,57.610629785366754,50.291895769934456,168.9868712949556,5.538064449097209,3.405317152905913,3.0659479111324472,3.7507087951859077,1461.4419118464507,1460.977294189746,48.34725837723627,[-0.07331939 -0.94871054  0.30752654],[-0.94767217  0.1623438   0.27488533],[-0.31071164 -0.27127992 -0.91096953]
11,37.63498226025893,52.943406209196354,151.4777571649255,2.6963585524884217,1.89658617013599,2.7984808539962747,3.174188732549329,546.8135886334769,546.7539878525675,9.71117683755965,[ 0.17416138 -0.94222856  0.28613484],[-0.95787548 -0.09472229  0.27111298],[-0.22834704 -0.32129896 -0.9190346 ]
134,76.31784549434641,138.43685555616284,76.23848010002007,7.950130569851853,10.906491533369055,5.013968737268133,10.32760272955071,2037.5579370799314,2035.9645453347014,116.44152766973355,[-0.57164513 -0.13005376  0.8101283 ],[-0.69583162  0.60004739 -0.3946663 ],[-0.43478754 -0.78932195 -0.43350969]
179,145.40914032997514,170.57362080270016,191.6756440966917,7.3726539771134805,10.509758187006316,5.95314344025747,7.658018383149808,3949.5049091009128,3947.9339524679885,159.072092465975,[-0.86350847  0.23507976  0.44619572],[ 0.10546729 -0.78098952  0.61557454],[-0.4931833  -0.57861289 -0.64959784]
4,179.77468374134014,140.1867293240292,162.55395323580603,1.4117092260861563,1.4237011682060359,1.1221267550633924,1.171242091582016,559.9972527906943,559.9910764752757,3.956375849707249,[-0.32224737  0.8633881  -0.38822368],[-0.69562911  0.06218395  0.71570476],[0.64207225 0.50069367 0.58055928]
6,55.92518627440385,120.39723518051302,85.73738581373807,1.5568427174373112,2.041793636187465,0.9530772481275658,1.476170814751761,387.1480556108295,387.12111349460304,5.646172658232907,[-0.43631175 -0.37860386  0.8162666 ],[-0.82730781  0.52552256 -0.19846365],[-0.35382741 -0.76189576 -0.54251361]
57,94.04075301444053,12.268988630653052,44.27660022323069,5.112138786372375,6.403002853655517,6.0804614198466975,6.255806839835386,793.552436510679,792.0158705343011,60.65212087438798,[-0.43673752  0.34569941  0.83051325],[-0.05186614 -0.93135481  0.36039994],[-0.89809256 -0.11432466 -0.42468768]
10,178.13933607802517,133.7316119767743,145.53540268128432,1.1163735280754818,1.2605413849069829,2.6091496448784275,1.5466570887494888,841.4658529020606,841.4403573001886,8.52129738155543,[-0.45686307  0.85920552 -0.23030853],[-0.5857306  -0.09571453  0.80483439],[0.66947428 0.50259786 0.5469914 ]
48,25.98863282424267,14.030074466573438,85.76100296040615,6.6972475829510545,2.645412908130116,3.6007721732541293,4.606050453321107,630.6837047434209,629.4078915698365,46.016859201423905,[-0.29731761 -0.92386543  0.24098737],[-0.9100709   0.35055124  0.22109901],[-0.28874416 -0.15357897 -0.9450081 ]
22,55.04635279976034,45.69765461841069,61.32660728288484,3.0387096861841387,4.177805654423227,3.123108110538359,2.6695836179927577,442.7048559288759,442.3303645919216,25.498667367529517,[-0.5078066  -0.40751184  0.75899049],[-0.63350001  0.77369666 -0.00843877],[-0.58378951 -0.48510575 -0.65104702]
36,80.67434633871466,89.09024426410794,64.75341840200821,4.690749758431396,3.286432165651749,3.0199780709222064,3.340886790696759,819.9376623865185,819.4951831202432,33.39382458388157,[ 0.30597435 -0.72513396  0.61689581],[-0.74632811  0.21960376  0.62830609],[-0.59107872 -0.65265223 -0.47399474]
6,14.198680889533323,143.25311262161944,3.078622492105213,1.3369348014170548,0.752443293888697,1.796815260574259,0.8434464675623414,352.73195523817026,352.7156533752791,5.407191560233604,[-0.95312135  0.08828898  0.2894214 ],[ 0.28605596 -0.04892517  0.95696307],[-0.09864929 -0.99489265 -0.02137604]
71,58.42302408328253,29.721678622094732,131.77504707089435,4.243725557437406,6.948960993826394,4.93905321859117,5.2358377626884804,1242.422342821913,1241.2482577461928,66.86549823692802,[-0.86551034 -0.24227744  0.43839878],[ 0.30543603 -0.94896551  0.07857027],[-0.39698952 -0.20190617 -0.89533972]
19,182.7654057894591,91.46560364600361,116.20725716757052,3.52215372267055,3.4562537282578174,2.2447082263026865,3.3607682915747876,1025.017868609793,1024.936886929111,18.54952851262569,[-0.56736861  0.77297869  0.28389576],[-0.27149377 -0.50107295  0.82171591],[-0.77742137 -0.38913988 -0.49415196]
19,121.61977538691445,3.799501336004701,51.23199182617299,3.5792714411164255,2.2718948801838073,3.311882179841305,3.776474462356465,575.8872761727338,575.790569427811,16.694475397448702,[ 0.14979446 -0.9467545  -0.28498689],[-0.35918374 -0.32065442  0.87645181],[-0.92116701 -0.02892497 -0.38809108]
42,77.4118841137063,120.33266529960775,8.512038197794405,3.749599445091572,5.327866162182565,2.9249501549842862,4.349370648115017,929.8789246279496,929.5335228171589,36.83901345492854,[ 0.10851556 -0.13915062  0.98430761],[-0.83482676  0.52481643  0.16622875],[-0.53971164 -0.83976474 -0.05921591]
58,186.43138260608214,192.99231645883776,183.93293715536092,6.9277937768565865,3.8678636148171974,5.478546035973507,6.936818911874904,2478.412868258142,2478.390952703369,50.78073646044858,[-0.37561487  0.80341149 -0.4619994 ],[-0.72824982  0.05245546  0.68330127],[0.57320648 0.59310909 0.56538123]
20,157.01104041310595,68.35902812117162,23.165486839558298,2.1788890570037505,3.0759914067489014,2.654760840297517,2.5643011078823603,773.056027763112,772.9331647485496,17.073807823564422,[-0.38840048  0.68219409  0.61948067],[ 0.15378064 -0.61484684  0.77350816],[-0.90856843 -0.39569507 -0.13389856]
28,51.490129541560314,147.91550319460003,123.96125694695493,4.82151893290836,2.748197436291658,4.133659698875651,2.4165068302431125,1057.3899033707773,1057.1845163856785,34.351477584377534,[ 0.32438517 -0.67139363  0.66633689],[-0.91015506 -0.02965004  0.41320533],[-0.25766652 -0.74050757 -0.62069034]
2,119.1634875679554,48.30727596638941,1.591265704743794,0.319058487404682,1.1166090921058576,0.34414494984598143,0.7193681571030766,181.8654934676929,181.86027250157505,1.3780420531805098,[-0.11849342  0.32322435 -0.9388745 ],[-0.35673787  0.86854874  0.3440366 ],[0.92665927 0.37569816 0.01238906]
11,113.57980258368553,119.76652834834962,7.194707473098789,2.5696631863809367,3.089579160061461,1.3519194397598382,1.9914143154236021,548.1211079005235,548.0140930400795,12.43912100566391,[-0.11977983  0.05405441  0.99132785],[-0.71631298  0.68667421 -0.1239929 ],[-0.68742164 -0.72495286 -0.04352984]
45,44.4069112147701,108.764783655203,163.2088503444824,2.678301044316784,3.9709426291288863,3.7769986951223213,4.9114232691174875,1349.5163844571982,1349.4672622613402,24.322221787423025,[ 0.82631175  0.33825109 -0.45032777],[ 0.51810786 -0.77004418  0.37228512],[0.22084643 0.54094193 0.81154709]
15,147.88375851384188,71.16919455986728,118.73135941379925,2.815269707944773,1.9212729428873334,3.648194318566993,2.985572625386103,784.7009327377483,784.6700792111203,15.459089373840472,[-0.43218675  0.90178174 -0.00207613],[-0.52937788 -0.2518438   0.81014428],[0.73005046 0.35123268 0.58622686]
24,155.93937011612485,27.174826314636345,125.14593925724353,1.8228763768536664,1.4361082441067186,3.938064276121923,2.5151415913422728,988.7642930677767,988.6434843164327,18.74091176860394,[ 1.71083187e-01 -9.85256325e-01  7.19134880e-04],[-0.61125624 -0.10556807  0.78436037],[-0.7727201  -0.13463045 -0.620305  ]
61,164.9803874797403,98.6432889091803,101.64363089074992,4.089465776456864,3.422161624656642,3.2070998430438773,3.9999090067860497,1698.8257832353129,1698.6915026722816,37.11419982315959,[ 0.49116297  0.07294038 -0.86800843],[ 0.4278037  -0.88822861  0.16743339],[0.75877726 0.4535743  0.46746916]
53,17.456853532383256,159.4913631340928,67.09913359267391,10.81859913329214,3.280625672210496,6.1036252300706115,4.410893771573447,1269.368813713551,1266.669280012649,87.56829482851147,[-0.43557618 -0.30818168  0.84575259],[-0.89443003  0.25394841 -0.36811022],[-0.1013327  -0.91680655 -0.38626083]
18,56.42197729412729,168.07286290802216,20.470894281323606,5.896203232255858,3.9386607084123995,4.555885918209635,2.3151833946977214,757.999085915177,757.2614339396767,34.42640526838855,[-0.56990744  0.09188435  0.81655544],[-0.75852293  0.32331092 -0.56578531],[-0.31598811 -0.94182127 -0.11456092]
44,166.21494469576646,101.13229601738838,157.93605167937213,2.809752623834235,6.851693646504873,2.874251648757206,4.366428494538373,1663.0524833739573,1662.5820140514331,44.01870241924565,[-0.64519886 -0.11835011  0.75479247],[ 0.37935638 -0.90716747  0.18203273],[-0.66317958 -0.40378265 -0.63020029]
8,167.79070241952866,32.74242395304534,41.36901905785164,2.536601417624888,1.017732581486759,1.2479855603541579,2.556731091341484,497.557757390943,497.549797805126,4.452908528503478,[ 0.11685181  0.49167176 -0.86290471],[-0.27623602  0.85066216  0.44728911],[0.95395981 0.18609882 0.23521886]
21,92.11051116454357,70.37842593507769,177.73551983427438,2.8651181281814964,2.360431310744419,1.7581922056248849,2.0470986634872204,972.5398345570301,972.5012090657566,16.322256349523723,[ 0.09507285 -0.94142164  0.32355287],[ 0.89583249 -0.06082475 -0.44020961],[0.43410288 0.33170115 0.8375733 ]
4,44.94319846136069,175.09525603838335,128.94891883361447,1.3914921645367955,0.8092595521714148,1.036629176036833,1.277190128138825,444.11479151875125,444.1077851511034,2.8566907601697142,[-0.35729328  0.61158755 -0.70590522],[-0.91179392 -0.06459993  0.40553507],[0.20241877 0.78853504 0.58072293]
7,134.76595255300518,32.660162418359015,89.15068119333704,1.3746917844398985,1.7746402427816406,2.3823937247016866,1.555704601900038,436.22194014598574,436.201805918966,7.609354672062977,[ 0.01916136 -0.94781079  0.31825704],[ 0.57566796 -0.2497989  -0.7785929 ],[0.81745902 0.19812928 0.54083782]
2,50.61787012862463,185.38051066555104,0.7228422752581731,0.5015579713829723,0.3731296385454357,0.06851419614833931,0.22757893097725912,271.76835905695344,271.76709442118846,0.8290804388312338,[ 0.11513488 -0.02756559 -0.99296732],[-0.95779128  0.26198112 -0.11832902],[0.2634005  0.96467924 0.00376108]
32,8.762937552388326,195.54094673075028,137.64107663088487,4.452007590123149,3.0142066408955115,4.272913944475202,3.3211213834344444,1353.983536399633,1353.924659414413,33.97870160210058,[ 0.10703618 -0.57554206  0.81073707],[-0.9935861  -0.03200954  0.10845295],[-0.03646791 -0.81714547 -0.57527678]
43,142.6215961222484,58.964337390163955,57.895479646425315,4.05421714313921,2.9504131960280855,10.477628717705663,4.499795416593513,1083.4312887580327,1081.3868577922974,70.48381298149573,[ 0.39717108 -0.91664688 -0.04487339],[-0.30648608 -0.17856707  0.93497598],[0.86505573 0.35759236 0.35186119]
15,9.157280684868693,114.25506289099548,193.0904426977657,2.953398207591521,3.2619509549626176,1.5174150436619802,1.46740470669841,869.8068821835122,869.7428152728729,17.123475102638885,[-0.81611383  0.51348719 -0.26512097],[-0.576447   -0.69093476  0.43625452],[-0.04082982 -0.50886154 -0.85987956]
