N,MEAN_X,MEAN_Y,MEAN_Z,SIGMA_X,SIGMA_Y,SIGMA_Z,SIGMA_R,LAMBDA_1,LAMBDA_2,LAMBDA_3,EIGEN_1,EIGEN_2,EIGEN_3
1980,93.98580388015031,125.8706251700542,135.8612668062854,16.691578216709186,33.217121000478635,17.546780503341868,23.16482428535254,9381.564290033015,9342.183626853222,1488.7846545810828,[-0.88992036  0.2423799   0.38638547],[ 0.08021659 -0.75074861  0.65569949],[-0.44900673 -0.61451485 -0.64866359]
59,126.75404378691879,81.66010261827124,33.648780121075035,9.120675155729012,5.634750094887414,2.8664692480539675,5.2115433721493245,1189.5039299374123,1187.562034531535,75.09064150147978,[-0.08373482 -0.26564116  0.96042868],[-0.5641616   0.80711121  0.17404935],[-0.82140743 -0.52726299 -0.21744786]
180,11.66255007673037,37.74996780755877,77.10042348843014,5.829166010820502,7.048419400376372,13.36577010456177,10.650797767587365,1180.038901275076,1173.387611802514,164.6117173958722,[-0.94621649  0.32317018 -0.01534261],[-0.29573176 -0.84469913  0.44612342],[-0.1312139  -0.42666663 -0.89483993]
12,169.2632050941377,196.98302688075884,194.05827760420888,2.149465386350191,1.2057424258060163,2.914321927502983,1.4652154843338088,1123.1603551379642,1123.109317980004,12.204321662576604,[-0.57680112  0.76849662 -0.27697186],[-0.62828215 -0.2006569   0.75166372],[0.52207472 0.60757695 0.59857184]
172,127.58495608806065,50.382471440922124,27.605640225403217,5.946486034202735,8.839617253689878,4.352253042380543,7.352162748264305,1840.374505625494,1838.5144097321563,115.80625774514665,[-0.20998254 -0.0036289   0.9776984 ],[-0.35413121  0.93237373 -0.0725969 ],[-0.91131686 -0.3614776  -0.19706731]
232,112.02906346183333,149.7759885632402,81.90332505171381,8.757583321343686,7.554419535195019,9.6996284162331,7.034189463813943,3117.5225133028075,3112.8420433558035,204.5745056862924,[ 0.372195   -0.64386268  0.66851457],[ 0.74906007 -0.21693788 -0.62597681],[0.54806924 0.73374301 0.40154863]
264,148.76189822103848,160.65744242427246,185.09805150698264,7.364105688971435,14.68237441680007,9.115197033923083,10.650428877778923,4666.752929673833,4663.444236582539,250.5882819677918,[-0.41390317 -0.4960626   0.76328636],[-0.74867877  0.66247767  0.02456467],[-0.51784578 -0.5612889  -0.64559315]
31,161.04776163212247,72.48920611415917,23.179373980780188,5.911827184884752,4.927685745264583,3.817796392188138,6.93200381735988,992.8351320883984,992.5796264278566,28.245992661827362,[-0.42298706  0.80876405  0.40863512],[ 0.06161404 -0.4242499   0.90344659],[-0.90403853 -0.40732387 -0.129621  ]
467,100.77061223991137,130.98848127230534,167.3353017980125,10.536325852426618,10.47451074289086,7.009891198051724,10.565734652197172,5092.369196931844,5090.025412276441,273.06576382265797,[ 0.45632414 -0.81275198  0.36221885],[-0.77968351 -0.16905384  0.60292157],[-0.42879121 -0.55754373 -0.71083267]
208,189.37490908732377,32.58126218545699,63.6356183853097,5.1153115375312,6.5244589007015845,6.2382162795280225,4.673433220388138,2921.83985137962,2921.436826497011,134.08272916574487,[-0.32846354  0.72337012  0.60732806],[-0.12955301 -0.67143121  0.72965481],[-0.9355895  -0.16098382 -0.31425546]
538,109.6792623961012,104.82486973677025,182.52859454030988,15.647071334977957,14.055280380671794,12.445436638763184,12.42762400509398,5528.928803360475,5518.660819274219,483.6265203137888,[ 0.19554841 -0.89580145  0.39912476],[-0.86536593  0.03386839  0.49999473],[-0.46141372 -0.44316215 -0.76857315]
421,115.97988322142135,39.391317756470166,168.56766987229867,12.052227000940015,12.699381429783323,11.891957117411835,11.008364526835894,4291.867559160948,4286.584369072879,374.50523660484635,[-0.32427493 -0.84661246  0.4220108 ],[-0.76534595  0.49699677  0.40894961],[-0.55595984 -0.19037215 -0.80911501]
256,130.92570338032348,12.125920185233909,115.75562638255244,9.147864962027318,6.34681861587332,10.802327597135728,12.031373549541152,2812.147614561004,2811.2475162558576,155.4209858693649,[ 0.03984876 -0.99738694  0.06026089],[-0.6637695  0.0186557  0.7477045],[-0.74687491 -0.06979444 -0.66129162]
12,111.8379366601938,119.72874109111258,128.35903181510815,1.4896765777269667,1.5734433459357373,3.6635836460662574,3.242280203993901,721.1187522730758,721.0966860926898,9.580865947408972,[ 0.73581326 -0.67711776 -0.00950677],[-0.41220353 -0.4589851   0.78703299],[0.53727748 0.57519059 0.61683766]
101,106.96685178523362,146.76151317585123,40.94170838991017,7.3236770440584165,6.185818130095624,4.441611900489852,8.472899592126543,1873.5392270706052,1873.2482089132761,63.79294231798623,[-0.55209579  0.17540792  0.81512104],[-0.6038006   0.59007491 -0.53594443],[-0.57499137 -0.78806324 -0.21986646]
58,27.720447814326665,108.8941625531409,192.95571845039692,3.5441286912715753,3.641169259518336,3.3943670625053355,3.3601738749554304,1700.9598463296024,1700.9169132912477,38.83591626624078,[ 0.8717581   0.36235314 -0.32975448],[ 0.47394143 -0.79427124  0.38014828],[0.12416657 0.48768165 0.86414655]
11,197.59013674945894,7.5158396748090714,146.9158414408472,2.251689211952611,5.146677023799114,2.755099287653479,2.4995103780048433,817.254569778393,817.0754490208496,19.012466593386854,[-0.54833564 -0.35796451  0.75577076],[ 0.23659247 -0.93323498 -0.27036361],[-0.80209228 -0.03055966 -0.5964177 ]
532,44.66834184675969,33.270483253955625,105.46421494793127,14.97981614741193,14.302690894258706,9.813096358982895,10.56935718150094,2792.6080902446542,2771.669097346049,461.8927719921493,[ 0.6288774  -0.77728595 -0.0184328 ],[ 0.67994176  0.56130814 -0.47181816],[0.37708411 0.28418255 0.88150318]
20,136.5793740486495,74.59776112602654,158.18233710831606,2.337597176000789,1.8041560410888173,3.6319272103293048,2.4276340195482877,992.5765877609942,992.4537132824432,17.885188218594124,[ 0.46112844 -0.88710304  0.02021799],[-0.63920774 -0.31629299  0.70097947],[-0.61544621 -0.33616506 -0.71289482]
641,179.706018362023,93.72549531826665,67.50615618232743,12.230062169347507,12.874406376959806,10.546711751664134,15.817930980828507,5429.336095727021,5427.933761525154,334.3513516981935,[ 0.331086   -0.87887379  0.3434573 ],[-0.42887816  0.1840567   0.88441317],[-0.84050318 -0.44011815 -0.31599118]
2,16.978179982406594,101.23300941259038,190.67205576179163,0.5532933005061622,0.03775016863794889,1.5046473773975466,1.3858831984640005,306.2508290958714,306.2487040437149,1.1408739867869617,[ 0.83071404  0.45766122 -0.31695486],[ 0.55114867 -0.75631787  0.35244635],[0.0784176  0.46747138 0.88052325]
40,142.7100177700171,188.96129578521783,118.28464153761183,3.940861916896584,2.835306609127674,4.467369783063275,2.833793372797786,1674.49664403871,1674.2837135611298,37.67396396565567,[ 0.39613469 -0.68320706  0.61343738],[-0.74326227  0.15366516  0.65111306],[-0.53910899 -0.71387333 -0.44692993]
27,43.5133829030609,109.72963246872466,165.36534809323564,3.5681241247922872,3.7469803477594006,4.848993408056043,5.620964000210089,1056.2801041999562,1056.2128519003882,22.498206980236933,[-0.72374792  0.6473654  -0.23897067],[-0.65594083 -0.53783846  0.52959552],[-0.2143142  -0.54004428 -0.81389287]
388,110.86940952784617,121.23981722495945,36.88340964968122,12.2706028900697,9.28186639510369,13.944901971991822,11.26437284963802,3335.8837500538916,3329.7237188214035,346.6757040116668,[-0.74782813  0.65725227  0.09366186],[-0.07616345 -0.2250831   0.97135819],[-0.65950907 -0.71927537 -0.21838208]
21,54.547440047220356,45.81335145903419,60.54626881928849,2.2903426258667747,4.793005952812725,2.7339548969233514,3.051070936229659,429.2398835946511,428.69807934167403,23.57848584175493,[-0.69609269 -0.10941431  0.70956569],[ 0.41879515 -0.86463564  0.27751727],[-0.58315142 -0.49034041 -0.64768873]
35,152.3743071825835,9.275619440003053,64.81912251707058,7.005845836933493,3.1907628419714356,2.8784763756000804,6.753724316140024,982.2820816964648,982.0754028565628,27.60752443117656,[-0.25509976 -0.67149642  0.69571307],[-0.30081866  0.73892776  0.60290455],[-0.91892995 -0.05548267 -0.39049894]
201,167.11806145639272,126.7964450827062,84.3552859978901,8.015438920988279,4.718675117199439,8.044914249580742,7.783294766098687,3209.4170242484633,3208.2887277361287,134.92472357962964,[-0.67308515  0.62884544  0.3892426 ],[-0.01662412 -0.53904463  0.84211313],[-0.73937813 -0.56034302 -0.37327694]
2,166.43303376936316,18.967015777519613,51.93161335426135,0.17369086188861615,0.28955502587880666,2.3001859268470426,0.8145789503033711,248.0403182899173,248.02120323160327,3.079325398720268,[-0.15362526  0.97888773  0.13482613],[-0.27533804 -0.17344845  0.94557104],[0.94899328 0.10814083 0.2961711 ]
8,41.990056893374486,14.47460527071446,134.7058608585654,2.219184020379765,1.8387684498937478,1.359055043640565,1.619248070613789,401.2489705708892,401.24144956882714,7.783136407417348,[ 0.15087116 -0.98679202  0.05898646],[ 0.94316099  0.12581323 -0.30760101],[0.29611695 0.10204185 0.94968532]
291,15.77358664458352,25.753170695749763,144.08552816020932,7.893824745540741,11.025408165975623,7.056360266398491,6.485532252449799,2520.9770332816806,2517.393975352898,238.51556744721623,[-0.99377613  0.05177074  0.09863467],[-0.03348132 -0.98331869  0.17878301],[-0.10624504 -0.17436787 -0.97893199]
193,133.96622570977405,168.17275244338703,134.47701540896605,5.5534815807155535,10.890491812576812,10.491668215681663,11.447554505849807,3528.6371815167154,3528.3570669486703,156.3454854711445,[-0.70175952 -0.01180668  0.71231607],[ 0.47881383 -0.74817474  0.45931675],[-0.52751388 -0.66339669 -0.53069195]
66,97.18707533976881,36.772910120062214,57.93116015436157,7.343122017388047,5.399099753058372,4.594461304923293,5.21786965542463,969.6044589807316,967.8608806748532,71.68515594387627,[-0.1568868  -0.69334209  0.70332302],[-0.55398319  0.65133711  0.51851962],[-0.81761186 -0.30828025 -0.48628606]
40,193.00769389289766,177.04318231753683,135.73116544359377,4.038679367950018,4.409694405176,4.829221985712814,5.618033406170417,1866.2178374966509,1866.1174726270608,33.15698115228095,[ 0.54966007  0.0406633  -0.83439817],[ 0.51946251 -0.7988676   0.30326434],[0.65424193 0.60013087 0.46022868]
39,25.48171902592361,156.80952507637753,37.4537945850221,3.5791889751734227,3.6113246903932352,3.428204226212324,3.842666864532816,1019.9079890561491,1019.7322032955035,29.849497735597833,[ 0.59343868 -0.27701267  0.75570795],[-0.78959212 -0.01824039  0.61336088],[-0.15612433 -0.96069312 -0.22955158]
102,41.80802538400692,56.65454792972658,80.55669494222415,6.546997715601503,5.070299250152556,4.0818775976910135,5.86323373672415,1083.5618611848936,1083.1615773095932,72.36218983725001,[ 0.08005066 -0.83421381  0.54559987],[-0.91641379  0.1537419   0.36952564],[-0.39214495 -0.52957601 -0.7521779 ]
15,111.52176021388395,119.47545619608061,8.240170023172189,3.9073162326975974,3.458013652791263,2.532434744299898,3.8950321442139537,634.1303206634029,634.0275202329087,16.692130657285244,[-0.32664038  0.24190498  0.91366736],[-0.65483358  0.63915394 -0.40333017],[-0.68154167 -0.73004399 -0.05036598]
5,177.51809895155895,15.817644218919128,2.216948166280477,2.241057030159952,1.3424290292861742,0.8320252130591316,2.3050190288234056,398.590591057533,398.5819026317777,3.3251510249727168,[-0.02664682  0.42594776 -0.90435527],[-0.08560658  0.90038076  0.42659818],[0.99597262 0.08878624 0.01247165]
142,131.87415596877216,92.93263586437662,14.657174911681535,5.957853194720873,4.141703892684214,7.172045989703465,6.390210228633175,1933.7367863308095,1932.331020669523,95.27025137765598,[-0.57753106  0.81600143  0.02448539],[-0.05986689 -0.07224541  0.99558855],[-0.81417064 -0.57351745 -0.09057543]
2,167.98078724044223,3.186526429542025,46.49134864296121,0.12931400792989223,0.3446463221425278,0.2134917770299971,0.07397073612837346,246.5332651517241,246.53255283219417,0.592638516858015,[ 0.22864933 -0.57321227 -0.78685906],[-0.13848798 -0.81920299  0.55653171],[0.9636081  0.01828008 0.26669323]
47,48.329051488600165,152.31359069553977,186.0348033558726,3.2870808865332446,3.912807691332236,3.6975988994020135,3.377015836550936,1681.68179012514,1681.6332665946893,36.59205027025377,[ 0.86792576  0.24939144 -0.42954486],[ 0.45597082 -0.74300101  0.48993887],[0.19696571 0.62109049 0.75858494]
9,141.9030679451863,158.1625259322825,4.2037490234045976,2.580754754504153,1.3765497620156069,2.233193778831455,1.0210061561087087,637.6699703716891,637.6202287854763,10.62437580189947,[ 0.40899704 -0.38892438  0.82550545],[-0.62199687  0.54311172  0.56404748],[-0.6677135  -0.74415555 -0.01977866]
177,86.15576181896424,179.9032634362873,100.49248389115918,5.2842306431214885,5.307495235617791,10.936654054216717,6.503744012934493,2976.045791759795,2973.500943787038,153.4535211188282,[-0.80719045  0.53077043 -0.2583144 ],[-0.44717528 -0.26417113  0.85454542],[-0.38532823 -0.80529272 -0.45058383]
20,4.756196009665817,53.636213741860274,88.0519560049513,2.345342961450948,4.551004621142886,4.712790740686191,6.013091277945387,462.5709586706878,462.41061059183,15.681632237808177,[-0.78695123  0.54480625 -0.28964445],[-0.61527814 -0.65769896  0.43458588],[-0.04626626 -0.52020979 -0.85278438]
130,179.18832130436533,121.51714735986576,119.73380317446735,4.968961142283767,7.0424432986923104,9.151145159720476,5.647964090846403,2823.796000281051,2822.360702828356,128.13422177083558,[-0.66026542  0.69647198  0.28102734],[-0.19913249 -0.52314336  0.82865389],[-0.7241518  -0.49116983 -0.48410367]
41,157.98764594729653,69.35068068803626,39.757562330477,2.8557009682032577,5.29574268583012,2.7511511614931035,3.2496379782301337,1134.4137377906702,1134.04770586333,36.78341399820727,[-0.33251036  0.23374653  0.91367358],[ 0.30558742 -0.88982699  0.33885729],[-0.89221813 -0.39188071 -0.2244467 ]
17,3.3266562647709432,42.59469218007016,183.35995094601202,1.5798737135666545,2.212869939137518,2.642844953740323,2.470536248211097,776.3994677860048,776.3526683919673,11.899536614655625,[-0.93821904 -0.33294226  0.09431054],[ 0.3455923  -0.91541826  0.206338  ],[-0.01763495 -0.22618324 -0.97392513]
71,53.301988726941346,47.768830561715795,192.52382482728618,6.8264647084661885,3.3835654751519226,5.352642673057793,4.706772393782119,1732.2018603080621,1731.4643225762288,67.60368454177954,[ 0.14914069 -0.96861474  0.19885306],[-0.95416725 -0.08820548  0.28598014],[-0.25946465 -0.23239036 -0.93737549]
165,15.219880270387696,118.71568984672521,108.21550455657255,6.110450271369825,6.4710836686680935,13.185158620480923,8.370358367888036,2081.4138099829515,2076.7308523984993,173.72921984323887,[-0.98128562  0.18254463 -0.06128608],[-0.16773243 -0.65400491  0.73766077],[-0.09457461 -0.73413557 -0.67238427]
10,167.5017803703111,102.63916242499795,25.236546501451024,3.3120074163888233,2.7113303825952024,2.7055508973347293,2.8856084813026555,626.5042795623384,626.4212027314886,13.123493439128985,[-0.38553318  0.42821926  0.81730804],[ 0.36889495 -0.74037697  0.56192389],[-0.84574268 -0.51814111 -0.12747196]
86,181.62790803310725,167.34910669256612,158.37195805867708,8.38779125665505,7.639769634761706,3.7987345187082284,10.121172136011195,2722.750991175612,2722.6539668392466,59.103814334521715,[ 0.75814562 -0.61321443 -0.22177305],[-0.20428101 -0.54632778  0.8122778 ],[0.61926125 0.57052083 0.53946407]
17,145.6103079198692,85.10284317071834,154.2626884664423,2.915080875258401,2.3151499421675643,2.341270879875604,3.290439972220951,942.5510247871151,942.513580320039,12.064882825021245,[ 0.45027029  0.53090093 -0.71791425],[-0.62560663  0.76126121  0.17058055],[0.63708164 0.37232456 0.67490844]
41,95.43744363003881,44.342871385308364,40.09302489598429,4.520027229498086,5.06379296633708,2.521306763758994,3.6539097015207624,722.3743696665541,721.667804165848,39.97369433543115,[-0.24137253 -0.3110526   0.91923097],[-0.47252559  0.86503253  0.16863652],[-0.84761953 -0.39365594 -0.35577541]
20,153.25410729037065,128.48259233036566,11.82405931727242,3.0168357930497236,4.8637165481930555,1.6431692232578619,2.379268889616146,896.2964911018674,896.0214891992771,24.343892282979933,[-0.03335489 -0.05212391  0.99808344],[-0.64328946  0.76540014  0.01847421],[-0.76489615 -0.64144036 -0.0590606 ]
28,178.90473125474563,109.92841595543898,12.997997705432423,3.4611377028655053,3.221230434415784,2.472839578034262,3.7752720830709183,1113.5276474876916,1113.471285302308,19.956280630418217,[-0.17041764  0.38473972 -0.90715664],[-0.49781608  0.76088057  0.41622098],[0.85037461 0.52252856 0.06186215]
24,183.02134410004905,92.68865925544823,116.12820043161965,4.161809602189445,3.773835829309067,2.9244469880865407,3.9264043952376997,1155.2901204308089,1155.0655163713147,24.37891718603633,[-0.56361642  0.78292943  0.26335915],[-0.28193689 -0.48200782  0.82956618],[-0.77643295 -0.39330646 -0.49240421]
122,15.59000495925446,81.73099308025601,50.495262287168444,6.265268518341924,6.776641000125756,4.851514957027753,6.63072682426013,1080.0951350791352,1078.5904894464056,88.99598537865803,[ 0.68956275 -0.47159942  0.5496337 ],[ 0.70582709  0.26764053 -0.65587855],[0.16220769 0.84021577 0.51742258]
5,189.15894433794332,196.54790366911965,142.29571346259468,2.259557814117661,0.8494970972046413,2.0935256805288245,0.9576577883522486,688.0010191958276,687.9773669049077,6.810908468985102,[-0.36099085  0.74933673 -0.55513968],[-0.7012013   0.17435364  0.69131581],[0.61481895 0.63882335 0.46249582]
78,43.68532799638053,23.88601197229876,4.6985595255437005,13.205861146578538,4.444520404010336,3.606156931085034,11.93502551935142,458.61950916270655,455.40991990392814,68.89009356589126,[ 0.0781918  -0.32771501  0.9415354 ],[-0.45943816  0.82631323  0.32576529],[-0.88476134 -0.45804947 -0.08595386]
81,10.458683155824739,176.4091777359264,6.361239418802489,4.977533961934804,3.6626573827257856,4.500253919093173,3.8184162891922453,1592.4871485023943,1592.3717864563546,59.600776142169174,[ 0.34645895 -0.05443886  0.93648417],[-0.93617899  0.04320982  0.34885788],[-0.05945674 -0.99758174 -0.03599409]
7,54.32978601988575,83.12244873774058,165.7984646377725,1.7334722613547175,2.0548724256901654,0.8297373732892915,1.516977326285912,511.3643373750937,511.35187833175047,6.274200421056893,[ 0.92710727 -0.35259912 -0.12706679],[-0.24782657 -0.83105911  0.49791842],[0.28116561 0.43013326 0.85786437]
70,172.78346025082925,155.30993634996133,6.387577179816619,6.2554446757137185,4.786367405626801,3.992015004371671,5.055234991311022,1945.742924188711,1945.1470658347794,60.48340409378441,[ 0.28655639 -0.35526045  0.88976145],[-0.60418366  0.65374555  0.45560822],[-0.74353718 -0.66813678 -0.02730759]
2,120.04573091524749,157.79148242926544,12.08191739361083,0.08118068159315328,0.46435148507892166,0.4718611966521351,0.3485120290008865,280.9111853654136,280.9100340989363,0.8042424611100683,[ 0.60946786 -0.51014339  0.60687944],[-0.51312962  0.32969811  0.79246271],[0.60435662 0.79438837 0.06082928]
19,166.01471090855296,173.59979604604638,170.3023551091338,2.038304657399006,2.4429782003653537,5.111894157803442,3.69281635254223,1283.7322828131712,1283.589343768691,20.803310647911985,[-0.62508436  0.76231504 -0.16776571],[-0.53987414 -0.26700733  0.79827502],[-0.56374237 -0.58956159 -0.57845628]
46,165.64700855585167,31.128826180986447,34.68393723874501,2.8339593478933596,3.6054383670825874,6.062205094630697,3.376089599447576,1168.1748302288804,1167.3611411329393,46.4237015374538,[-0.26111738  0.8177418   0.5129484 ],[-0.0724798  -0.54649244  0.83432169],[-0.96258215 -0.1806775  -0.20196844]
2,101.77583013666305,182.78294548382706,107.39862404895973,0.19601212518102784,0.712083498428953,0.2283998134179157,0.7426107867888163,332.57476409823147,332.57462524691215,0.303902731430535,[ 0.68722829  0.04341824 -0.72514284],[ 0.58345132 -0.62768316  0.5153624 ],[0.43278382 0.77725717 0.45669405]
15,157.04837297154057,26.604888508725175,124.96625364089151,2.01068444551598,3.260192899854408,3.5548656950751925,1.5356478906485775,784.2778501508499,784.2256055386305,19.36490672387335,[-0.13820443 -0.91897003  0.36931507],[-0.61583031  0.37177904  0.69464623],[-0.77566266 -0.13143222 -0.61731111]
7,6.213998001185469,55.469817581508096,134.95155437050667,1.9940905933830229,2.3995107272051657,1.1108902925538526,1.5866974365877855,386.47994238897843,386.4086379158809,7.699538463041768,[-0.74604492  0.62727945 -0.22346693],[-0.66452779 -0.67983852  0.31019736],[-0.04265901 -0.37992115 -0.9240347 ]
29,189.6325985988367,15.273951175992915,178.82170150471526,2.913586617620297,3.405736696875824,2.138359666015916,3.004854350124302,1406.255732933846,1406.1797088003452,21.277677981485365,[ 0.68548549 -0.13529772 -0.7154049 ],[-0.05078786 -0.98907466  0.13839045],[0.72631277 0.05853076 0.68486781]
59,128.64080269340957,120.35972288086323,76.35963787863108,5.329615829964888,4.582405045682828,4.781707271811918,7.3765027455259355,1476.1356931063965,1476.0248843777401,32.49225004877627,[-0.70447883  0.70580732  0.07446879],[-0.23413025 -0.33016922  0.91442403],[-0.66999448 -0.62675698 -0.39784807]
14,173.35441241904826,69.88497810053137,95.25530970446327,3.615108564885289,2.45760619410739,4.362224304941544,3.039180647600363,785.2594393373945,785.040726416215,20.12839250011488,[-0.4472413   0.87816252  0.16972273],[-0.34212731 -0.34329593  0.87469813],[-0.82639223 -0.33313435 -0.4539795 ]
264,51.64841080232243,101.9894881658492,126.048449276894,5.963837470854154,13.066093726955598,8.018934720533117,11.111582859676473,2776.324679694151,2772.299411800692,197.17230199542556,[ 0.78126037  0.28892426 -0.55331276],[ 0.5463773  -0.7451641   0.38236411],[0.30183454 0.60104346 0.74002883]
44,58.04464877630758,49.81665416506828,170.21638165547938,4.330705055166637,3.1129514498664945,2.823084371249439,2.92281523840852,1238.319586894356,1238.1836466799746,35.016091415337456,[ 0.2032487  -0.95623023  0.21050821],[-0.92837451 -0.11988604  0.35177849],[-0.31114423 -0.26692898 -0.91210646]
269,94.85099692877621,84.90949748153588,81.77345345721024,11.34063111495838,15.017874495470853,7.181372681349924,8.027430914091275,2500.62019021761,2487.881488646832,303.61128800155956,[-0.34367191 -0.4227903   0.83853323],[ 0.70060236 -0.71002527 -0.0708552 ],[0.62533667 0.56312741 0.54022362]
137,194.7107488119027,55.68373574684685,102.95798624921706,3.7431305286669727,12.836324280151207,9.041466487459411,7.3055956370429955,2664.8363730774636,2661.5429607865435,168.12490359049337,[-0.30250435 -0.47271192  0.82766814],[-0.41842775  0.84606602  0.33028852],[-0.85639321 -0.2464056  -0.45373444]
50,77.67649622714522,121.74777948468608,9.506323168324686,3.6463426960046106,5.901529753146451,2.2833452963707566,5.209018918641671,1024.588504463819,1024.151947774018,36.30349004892973,[-0.25760175  0.08923178  0.96212215],[-0.80375571  0.53287179 -0.26462126],[-0.53630038 -0.84147807 -0.06554815]
64,24.172946627056092,148.34403945744734,102.86684092401387,7.12462249283681,3.4471873569126603,5.899991061938971,4.2887400682081624,1458.6234209438412,1458.0168098144618,71.26271235176311,[ 0.20523638 -0.58029575  0.7881211 ],[-0.96968624 -0.0114536   0.24408485],[-0.13261458 -0.81432527 -0.5650555 ]
36,132.3307183891802,166.03829274578675,88.1211400314778,4.819548697245125,4.188909676357272,4.025173916464827,4.094156086714489,1379.8718167671184,1379.666516996734,38.081314795579026,[-0.44454109 -0.11708762  0.88807303],[-0.68627516  0.6816797  -0.25365172],[-0.57568188 -0.72222107 -0.38338896]
17,101.3232532901001,61.69840381479036,145.59466074930364,4.854519349679052,2.095746206003735,1.875765140068005,2.649620213728591,774.6408575876819,774.4656046113238,20.380991150441893,[ 0.21098557 -0.94411639  0.25323769],[-0.81497731 -0.02685761  0.57887016],[-0.53971945 -0.32851622 -0.7751    ]
24,83.84053569540215,141.7719152852454,110.68239874178346,2.183369739857441,3.4654082320788953,2.585388701847837,3.066883739046449,972.3719750419814,972.3577658177029,18.337003804781265,[-0.64051779  0.67067527 -0.37407437],[-0.64132927 -0.19922027  0.74095078],[0.42241417 0.714497   0.55772781]
16,142.047152718388,142.1573938061939,18.462887395267703,1.535360279507154,3.2726844284278873,2.6520630072099722,2.7824002198198308,807.4111834815488,807.3399036382534,14.020901355024074,[ 0.508318   -0.58936846  0.62789938],[-0.49628077  0.39539403  0.77289648],[0.70378848 0.70449157 0.09150633]
29,187.1663396589389,12.615827546417059,134.4665722050755,3.537754943130771,3.299944963034074,5.284925829438809,2.754502777420669,1243.4030489773315,1243.1482255613687,35.56571204377608,[-5.55697871e-04 -9.95559318e-01  9.41346639e-02],[ 0.585213   -0.07665564 -0.8072482 ],[0.81087942 0.05464024 0.58265685]
6,95.96688661778818,76.79814727904987,19.662656618172747,0.9421615121329109,1.0130961222580612,1.7653190116506878,1.084489711610512,304.944214942461,304.9213162250616,4.796571562489411,[-0.61953199  0.78402418 -0.03855131],[-0.14764642 -0.06815289  0.98668927],[-0.77096086 -0.61697753 -0.15798126]
41,144.45278483240347,157.0034356567762,70.060533541397,6.556664112993244,5.330999085022988,2.6201532403251035,4.396674698089289,1438.891093777333,1438.2020234829565,49.4908327240787,[-0.34645672 -0.09744631  0.93299087],[-0.68261774  0.70838858 -0.17949549],[-0.6434289  -0.69906354 -0.31194457]
125,185.48369744053792,137.94398052328887,184.8366938863894,5.8472842197477695,6.06545012638483,6.657213665118336,5.851660719837102,3310.782808575199,3310.1012974910495,100.5391423805301,[ 0.01472331 -0.80833594  0.58853737],[-0.77922958  0.35956133  0.51333899],[-0.62656563 -0.46616377 -0.62458534]
5,51.432961940479586,69.57991303635312,21.728624557852914,2.2902679743310546,0.9452482329219184,2.667167759777063,0.9015655988714228,199.6423151911325,199.5029670540962,7.9062095481743535,[ 0.5375976  -0.58659728  0.60571648],[-0.61528005  0.21828779  0.75748327],[-0.57655814 -0.77990645 -0.24357061]
15,59.31342181992531,12.95187837589519,66.4590739275237,1.3543128749498037,2.047349109693846,3.4048979828127846,2.724432683228907,348.9884770504706,348.79938571772493,12.403847468886987,[-0.59241058  0.70418033  0.39138188],[-0.46401801 -0.69537142  0.54876759],[-0.65858712 -0.14348748 -0.73869774]
49,70.49034577860067,162.74337596236356,119.35856775291698,6.156740581020299,2.037263722436681,6.4908693863223155,2.920205096132764,1497.7383846298978,1496.665809045381,60.797298093296284,[ 0.506539   -0.64175067  0.5758249 ],[-0.79679987 -0.09324435  0.59700541],[-0.32943621 -0.76122373 -0.55857875]
3,175.98132846694693,98.43401666048096,189.73327098822108,0.9622684447248494,0.8002808974527492,0.8849800527766929,1.0196568920735847,479.56091813298775,479.5579979837038,1.9840152973156253,[ 0.75729982 -0.45957702 -0.46398916],[-0.14998069 -0.81387693  0.56134671],[0.63561212 0.35551835 0.68527654]
79,28.01193666432008,20.22859594780114,191.84546317648193,2.8157394234420026,7.445146476777665,3.767149164711322,3.692254888118499,1734.1675367377354,1733.1060662131417,70.91935604862903,[-0.98582215 -0.0721985   0.15146637],[ 0.08679242 -0.99196398  0.09205723],[-0.14360279 -0.10389819 -0.98416635]
3,170.03955752872682,143.3683987913328,49.88519294702163,0.3875951419124818,0.5897745266231237,2.3429913453271656,0.4625411408827863,394.8253860034174,394.8042409283073,4.164153979292414,[ 0.66591851 -0.70070277 -0.25606281],[ 0.00769117 -0.33676999  0.94155553],[0.74598484 0.62896868 0.21887214]
20,155.7988408390561,5.2102668770229945,165.887271427568,4.688343033376608,1.5859421087187793,5.482230635334047,6.4647828336329445,1018.5417551182102,1018.4592097730732,16.001765708602505,[-0.11798673 -0.9828567   0.14167512],[-0.7195239   0.18294407  0.66993792],[-0.6843716  -0.02289485 -0.72877386]
2,87.3875105355585,10.402794238015979,126.35934057448694,0.3064655410983548,0.18511717519604787,0.6865253951953392,0.7497844835435075,217.7708776792467,217.77070626933215,0.2732327683521319,[ 0.54618253  0.71489793 -0.43658401],[-0.61613834  0.6959572   0.36880499],[0.56750171 0.0675613  0.82059569]
11,106.27490726474343,168.44896609894533,78.15276505008673,2.421623856243518,4.044945567311786,1.5941791131481464,3.6927414508129437,709.7887390756437,709.7334249175117,11.095771968549748,[-0.75158454  0.17980619  0.63465772],[ 0.43405569 -0.5896752   0.68108649],[-0.49670549 -0.78737087 -0.36514486]
74,57.65748934087908,31.44202101369688,131.82837305165128,3.937204043755984,5.850016235443814,4.860386309157989,5.112319701686525,1268.7821171737617,1268.0320516834784,59.28486396635169,[-0.91274951 -0.03298343  0.40718598],[ 0.11636806 -0.97643382  0.18175662],[-0.39159521 -0.21328171 -0.89507771]
5,1.1572850179511596,21.21407927252975,112.29382503724621,1.075127522900306,2.4973431674039195,4.239532661786861,3.768962402577074,255.79034569977335,255.70013720074175,7.429506711408113,[-0.98789189 -0.15027842  0.03854872],[ 0.15480617 -0.97121262  0.18105551],[-0.01023027 -0.18483085 -0.9827171 ]
298,15.685318112721939,189.5264032355732,105.66093741045738,7.276115906479106,6.01194714833809,9.362554111174736,7.945912532416787,3760.588711057748,3760.0966947560973,184.32109810941168,[-0.95980662 -0.07183353  0.27131383],[ 0.27119808 -0.48629114  0.83064585],[-0.07226929 -0.87083918 -0.48622657]
18,120.52039066068303,7.852298730664476,193.36349907329648,2.067074173113742,2.219910462568178,3.4626867315696965,2.4866963497002517,967.428314851839,967.326277524463,16.455332746659348,[ 0.46285283 -0.84926956 -0.25398517],[-0.71161476 -0.52683772  0.46480797],[-0.52855623 -0.03439808 -0.84820108]
5,116.35813416078489,187.13859282480385,65.4129371867163,2.1140970393489744,0.4067778051923638,1.67592590058989,1.1349010004897204,514.030505342048,514.0091687331494,5.554877968633444,[-0.47535937  0.53871913 -0.69556823],[-0.7195658   0.21683855  0.65970152],[0.50621984 0.81410242 0.28456763]
12,57.69402407269814,88.18453481604458,6.76954949929235,2.2321864064543053,3.170665012512407,1.7130550372610842,1.9014807068859054,366.0602120908771,365.8988750501543,13.106020196176864,[ 0.18516728 -0.19496961  0.96317181],[-0.81706175  0.51402492  0.26112926],[-0.54600658 -0.83532343 -0.06412161]
29,72.05393584735168,80.24140833178235,49.6382262300853,2.9523989829802675,4.459370330912514,2.6585257216137834,2.370121480105943,640.05413400242,639.5484216413641,29.20614358926833,[-0.64338669  0.10918519  0.75771509],[ 0.46663231 -0.72871297  0.50123019],[-0.60688373 -0.67605917 -0.41789489]
65,171.21789085956365,28.16903764442701,90.99489748461029,7.449278528941711,4.974952220755501,7.802845363575664,8.188466236948642,1582.0765865187618,1581.505060835698,69.34710862037522,[-0.11114031 -0.87151501  0.47760802],[-0.47349757  0.46896838  0.74556603],[-0.87375505 -0.1432838  -0.46478152]
145,171.03986924835203,153.4531512110158,140.96178285028893,9.394407406903367,5.851486397086282,6.407342292158158,7.434114574611624,3248.7244503018446,3248.4520902379368,125.97431401472141,[-0.74777347  0.62268923  0.23041911],[-0.19435294 -0.53712444  0.82080708],[-0.63487147 -0.56899513 -0.52266889]
5,53.347338861294645,164.23547352433988,41.89967801603511,1.1973708699355858,1.1171658460254117,2.100139519803056,0.9658129759690618,397.377490465188,397.340187512784,5.563482374566677,[-0.88609242  0.36175566 -0.28978106],[-0.35311666 -0.12188128  0.92760637],[-0.30024797 -0.9242715  -0.23574002]
85,18.509533676778084,2.9314273955359647,121.88375698654066,8.220139359215628,2.048522542306959,14.652189573051494,14.282237456626154,1147.4345193830907,1144.4462253432266,86.59030363753219,[ 0.05811779 -0.99819016  0.01545101],[-0.98759325 -0.05522535  0.14700247],[-0.14588313 -0.02380277 -0.98901544]
18,157.47456457977808,42.67534601346411,61.2982911077119,1.4261608930493377,2.627105062915994,2.7369414464542716,1.9256951517979652,739.5767754519255,739.5648638290961,15.162689344085509,[ 0.36261394  0.00094568 -0.93193897],[ 0.22853439 -0.96955605  0.08793802],[0.9034839  0.24486766 0.35179066]
2,169.277588518992,61.136321032066554,107.4663402665901,1.1540641423172673,0.8403835118652481,0.18431626199198806,0.5923460043141517,296.45788265927973,296.4520767871697,1.8553596409551794,[ 0.28742145  0.5644238  -0.77383117],[-0.51503436  0.77225267  0.37197502],[0.80754475 0.29163604 0.51265963]
35,194.6422426989245,126.29525618752092,52.20509936769864,3.341603434091121,2.9505058364946293,4.749763745548769,2.870499432536863,1407.40552748923,1407.2266406315985,34.58007144859573,[-0.55962983  0.82328018  0.09499582],[-0.13024606 -0.20057426  0.97098194],[-0.8184439  -0.53101762 -0.21947634]
2,57.1361442401992,165.6906563377583,186.95064512253043,1.0079301190543681,1.549816705960808,0.5890889035471076,1.2070853704035898,362.4147932099007,362.4084255243228,2.1483589915122336,[ 0.49354432  0.57050139 -0.65646186],[-0.84066168  0.50640835 -0.19193366],[0.22293935 0.64659009 0.72953362]
10,191.93168224671967,189.3334831123531,112.33890306855794,1.3843909668980956,1.2709926495960042,2.280584558534647,1.477492516147566,923.6469598435806,923.6258872413172,8.094870254106727,[ 0.74966042 -0.50888235 -0.42314064],[ 0.07855435 -0.56641906  0.82036496],[0.65714417 0.64823468 0.38464703]
2,61.413734387062746,164.03175993233157,103.44583279957726,0.13263474959141774,0.25379608416240274,0.21354129880943873,0.2732049055841941,287.677711913093,287.6775278069955,0.3254633740506367,[-0.18740892  0.57322036 -0.79768184],[-0.93473535  0.14552115  0.32418116],[0.30190681 0.80637585 0.50853737]
12,129.2535730887316,143.24257399258755,8.447681830206976,1.3616577205309621,2.6592800301780426,3.6046111272707333,2.044766737044696,669.162017740805,669.0636276453348,14.592545411407167,[-0.72308805  0.63664158  0.26801338],[ 0.1710647  -0.21087079  0.96242941],[-0.66923878 -0.74176884 -0.04357125]
17,80.99817636152503,196.5788356167676,24.035888084286835,2.5732929601601477,1.8893574053731523,2.3026928230388086,2.092214324456528,882.3219397906561,882.2821200444437,13.774228531800102,[ 0.61438909 -0.15865908 -0.77288637],[-0.69224258  0.36163004 -0.62451895],[0.37858453 0.91872249 0.11235098]
18,98.54306581387567,117.86494931506559,138.20627550501538,3.3388104191779258,1.7544709693144052,3.11648457771862,1.2801503502634908,876.9446056227767,876.7942321638754,20.016308159530183,[ 0.37909647 -0.81993039  0.42895223],[-0.79304552 -0.04901189  0.60718749],[-0.47682772 -0.57036128 -0.66882236]
95,158.69687594360536,186.1510687837174,161.6515307434903,8.73060781768214,5.815746871801012,4.836594126286399,8.29406568440863,2859.695144351975,2859.2453846297167,78.47814557879913,[ 0.203948   -0.73519617  0.64644551],[-0.8155755   0.23765842  0.52759366],[-0.54151806 -0.6348268  -0.55113803]
6,138.71248638227962,141.2006886276225,3.7194155536375213,2.3914885902676852,2.0741277491834094,2.2756100891794486,2.9458212241985686,485.01494394726814,484.99009723129564,6.242918056851828,[ 0.70493538 -0.69612072  0.13594875],[-0.11003818  0.08201533  0.99053778],[0.70068375 0.71322467 0.01878435]
2,41.87276983101968,173.39747784637586,130.09656594724225,0.30105762019314497,0.041939080620380764,0.1613079970194775,0.18508594166527814,312.23468437352756,312.23441483922045,0.41026314232483957,[ 0.35151558  0.50605132 -0.78762228],[-0.91676993  0.35650883 -0.1800954 ],[0.18965678 0.78537476 0.58925104]
3,32.83684895248424,71.71783403303563,18.831584057086587,0.8381003159060909,1.2665812598190453,1.3819565653686183,1.1008683981388447,140.50203729675863,140.4760008582051,2.9964841239771474,[-0.91356863  0.40174358  0.06320168],[-0.0373014  -0.23752716  0.97066444],[-0.40497033 -0.88441107 -0.23198296]
29,93.63390693748401,66.58052438130218,52.46226167924909,5.684115500031146,3.909340823952156,2.8417584330344914,6.945411932935868,681.2747300995416,681.2705084594971,14.582708787241073,[-0.35981652  0.83462443 -0.41705411],[-0.56629602  0.15988562  0.80854524],[0.74151257 0.52710402 0.415115  ]
20,53.99425184683364,4.449171668269728,55.57178682761164,5.151257954891652,2.625641011684574,3.6842874234532914,4.159362805042269,348.25827422364915,347.7605614459574,24.38887758318093,[ 0.06687166 -0.99763175  0.01609589],[-0.7144947  -0.03662027  0.69868181],[-0.69643772 -0.05822244 -0.71525146]
39,16.467805989451115,52.51259922450231,114.95410809652996,2.46473873681501,2.991188429930509,4.8456651941852975,4.585518879303484,796.7318453040152,796.5660090944348,25.97000060991841,[-0.91774513  0.39418852 -0.04857249],[-0.37559734 -0.82162562  0.42878664],[-0.12911437 -0.41176055 -0.90209907]
45,33.163719606903754,92.87564021530713,149.43777973280845,3.1030721612212058,4.707462713337504,2.973784757777436,3.9403028409310235,1201.6831146343857,1201.5222366377327,33.495716519065326,[-0.93371769  0.35768973 -0.01514336],[-0.30635066 -0.7763826   0.55079881],[-0.18525804 -0.51892978 -0.83450066]
33,84.23367588623954,3.8624943148075404,21.743422211123626,3.967275704939343,2.1458660753679535,5.069253930756626,3.483969091501596,501.60420000306635,500.7706269606644,33.75240845361269,[ 0.02375744 -0.99616203  0.08424248],[-0.25168736  0.07559219  0.96485195],[-0.96751696 -0.04412518 -0.24892551]
3,186.41312275465648,51.2518805047989,118.37696047642878,0.31548421089047113,1.3560354640863144,0.736750936634793,0.6580459814007943,392.6526223880636,392.6460712753154,2.478306407217136,[ 0.55958673 -0.15474518 -0.81419692],[ 0.1032732  -0.96173702  0.25376475],[0.82231219 0.22608811 0.52219425]
25,4.527505143609455,177.52862675825105,196.46945729488095,2.6119279488454707,5.866328051501778,2.6540540970867457,4.908580966644373,1324.570533008184,1324.4549645162508,24.574629094258494,[-0.96055041 -0.19495799  0.19832873],[ 0.27758208 -0.71584743  0.64071104],[-0.01706137 -0.67048776 -0.74172439]
39,136.71222711466484,17.70179258239697,37.10979328146118,4.027892836763687,4.59866146158269,3.016785048693873,3.6028787477383504,892.3504867823854,892.0371341219928,36.07820972776487,[-0.18871938 -0.41071601  0.8920187 ],[-0.21724592  0.9032959   0.36994692],[-0.95769995 -0.12397127 -0.25969582]
2,80.94443147427877,124.61831769866285,62.28767623240972,0.6254536462041784,0.054224937631111914,0.5602963210252874,0.5727410920318334,227.86921146897993,227.86754374037022,0.8718057267101152,[ 0.66895098 -0.06438069 -0.74051314],[ 0.54783498 -0.63062275  0.54971972],[0.50237577 0.77341455 0.38658571]
5,77.63488759821476,9.800745723547214,68.82036089131282,1.79497079735861,1.3057829523111246,1.6277373109166462,0.9414643233972307,233.09589703451655,233.0306638210104,5.788117873893111,[-0.26681084 -0.86537628  0.42418849],[-0.61136449  0.49222586  0.61963471],[-0.74501372 -0.09400853 -0.66039152]
36,6.762859895120655,183.66636034713852,57.61350565067762,3.6817501777781607,2.746351674616381,2.7186698749530596,2.78688477967791,1155.9955111252402,1155.881855809704,27.31993600824151,[-0.32485466 -0.27212169  0.90576997],[-0.94510743  0.12908312 -0.30018244],[-0.03523345 -0.95356559 -0.29911749]
53,143.03491094371861,29.51031370228384,87.39008723737092,6.594122378395752,5.36265516999517,5.23068028203815,5.673921320420007,1240.976021244801,1239.940892143164,59.7591576085344,[-0.26960142 -0.68854797  0.67321376],[-0.46986799  0.7042903   0.53216467],[-0.84055883 -0.17284925 -0.51340432]
59,167.33542798049717,100.08882541910486,100.80126234173585,5.863599986390293,4.148618432051084,3.3489723810344083,5.192335305726384,1686.8867949306978,1686.691803553744,45.96763372133524,[-0.58008745  0.16752299  0.79714152],[ 0.28645558 -0.87415683  0.39216456],[-0.76252328 -0.45583538 -0.45909951]
3,27.076496508206247,192.15242029336915,180.9423812885747,0.22110105188255594,0.5749242917477864,0.3741848883345527,0.5557502564204305,459.5528685473597,459.5526670223633,0.7947798681773245,[ 0.98961167 -0.00412177 -0.14370716],[ 0.10126526 -0.68955234  0.71712127],[0.10204941 0.72422413 0.68197165]
48,89.34565960976762,36.80688804623702,21.304675675507678,3.6006760742680144,3.4837790906164545,3.618049600483887,4.083137443187693,686.7259023899992,686.3055545078291,31.96589079064102,[-0.42993528  0.77385545  0.46508428],[ 0.00673083 -0.51236202  0.85874319],[-0.90283462 -0.3723344  -0.21507382]
