N,MEAN_X,MEAN_Y,MEAN_Z,SIGMA_X,SIGMA_Y,SIGMA_Z,SIGMA_R,LAMBDA_1,LAMBDA_2,LAMBDA_3,EIGEN_1,EIGEN_2,EIGEN_3
166,193.20394193524405,52.71162950039191,103.63899148559007,5.378721530181776,14.646565007423655,10.45151798479923,9.230490626611195,2913.2046894078294,2909.9769352557914,208.98513207952024,[-0.3619318  -0.36237061  0.85889051],[-0.369202    0.9017343   0.22486692],[-0.8559762  -0.2357176  -0.46015427]
85,89.32836266221051,76.44685740976338,31.74260467259999,4.891882331209597,7.379732581927638,5.578017177695829,5.459836313500183,1126.2741396669671,1124.5799737335417,82.20987166827112,[ 0.54573101 -0.31500396 -0.77649866],[ 0.40579193 -0.71140431  0.57379161],[0.73315112 0.62823277 0.26040933]
65,27.780657964976026,108.49600584951688,192.5598886671879,3.893559859162756,3.821345585122411,3.7429344732280505,3.817912192504313,1796.5210458703302,1796.4478416517793,43.55818961394958,[ 0.74484569 -0.62153704  0.24268625],[-0.655466   -0.61357333  0.4403318 ],[0.12477672 0.48705183 0.86441384]
6,150.0317427151068,22.08721350951889,22.837692611252304,1.7029287758051619,2.023125114807481,0.8379382462376052,1.6764325171771541,375.70718760138317,375.6786589353668,5.398558105870451,[ 0.10091808  0.2962252  -0.94977164],[-0.18092181  0.94419204  0.27526111],[0.97830611 0.14405558 0.14887965]
562,162.54836480931436,158.76500902086698,185.1733870870411,16.970219102084457,18.138680339196313,8.697107797097656,10.696902270668442,6973.674883260192,6956.3697148242345,571.4509302426266,[-0.38431774 -0.50638078  0.77193159],[ 0.73834583 -0.6705388  -0.07227138],[0.55420692 0.54217729 0.6315841 ]
1878,93.67176946569565,123.94845899232257,148.7655700336176,15.154087637186759,30.158891463107732,16.045195194803185,23.990570894705787,9447.03287422884,9394.920422671275,1233.1026233879295,[-0.88885754  0.15622797  0.43072625],[ 0.14309626 -0.79839623  0.58488197],[-0.43526514 -0.58151206 -0.68730487]
127,78.43340971325715,101.36683240139725,87.47201418504025,7.672177340546315,9.550928524934688,4.085605117010632,6.700388014840116,1753.3561869797036,1751.750146163577,124.03535086045899,[-0.50788982 -0.30177321  0.80683385],[-0.69762487  0.69355065 -0.17974155],[-0.50533896 -0.65415627 -0.56277182]
31,53.19978575263988,164.77842813506336,57.57571664921071,2.7547889425303467,2.8927587842982674,2.404880777717628,2.5437427734418825,1016.2320787538415,1016.1534280269226,21.75639829544795,[-0.5492198  -0.11203949  0.8281333 ],[-0.78318661  0.41468656 -0.46330745],[-0.29150702 -0.90304054 -0.3155019 ]
21,193.91873668667526,188.66648690027768,114.7022238790815,2.0119865055337116,2.6812048664365986,2.4847446875024506,2.0044071461804163,1346.7542600727554,1346.721867111331,16.777026477858787,[ 0.73150737 -0.43033068 -0.52887851],[ 0.17159194 -0.63451811  0.75361991],[0.65988876 0.64202981 0.3903134 ]
132,127.86284773074127,49.603622002038705,27.614635951217963,6.233033504918493,8.415164665145138,6.678747682021079,7.754444427704061,1611.9478714220681,1611.5118728092577,111.3011051613197,[-0.17306042 -0.10009208  0.97981206],[-0.36843634  0.92917384  0.02984367],[-0.91340284 -0.35583361 -0.19768077]
69,144.32916970527435,93.72425722341657,98.51692076015496,3.402322956137441,4.329761903025024,5.135756583571435,3.9268864792641165,1648.0584239223513,1647.764781727082,53.47625599141818,[-0.68568737  0.48900218  0.53917502],[ 0.01178149 -0.73317778  0.67993496],[-0.72780082 -0.4725751  -0.49696956]
6,17.82660377989849,132.05265212915344,145.17326427546706,2.26031953893446,0.9553924945698594,1.2978265668556679,1.1637555529554293,482.72839993402334,482.6999441875231,6.175647307952099,[ 0.12917601 -0.74139344  0.65852056],[-0.98748979 -0.03561684  0.15360782],[-0.09042941 -0.67012477 -0.73671929]
241,188.59740999726958,32.13661794364196,65.35893139099518,5.214857477641952,6.299348937271463,6.906561770886425,4.967776682022802,3141.3200576478753,3141.113927303088,147.58633588758286,[-0.21353149  0.96664618  0.14141949],[-0.2901375  -0.20097505  0.93564377],[0.93285826 0.15875831 0.3233748 ]
8,159.2050092108816,63.21279118592314,185.1814251845393,1.717636587550395,2.98804188423841,2.1575895491086605,2.062787586103644,713.5835297604406,713.5214465615453,9.913007696802845,[-0.76024578  0.38766583  0.52128836],[-0.15396505 -0.88709122  0.43515967],[-0.63112686 -0.25056811 -0.73409435]
61,17.085086039135785,51.455522764772155,113.06144409260287,3.266921266088805,3.5701552321213,4.940358669307,4.844491120998378,980.4839051483413,980.3750303456627,38.615182612845466,[-0.92709309  0.37363022 -0.02998122],[-0.34923092 -0.83195405  0.43114989],[-0.13614763 -0.41018645 -0.90178207]
2,51.73929692231067,93.84782889849656,6.971142282411991,0.3561434695662733,0.4642729342332217,0.7394724485453863,0.5292883632807701,151.8805837935098,151.8765738055726,1.103658705315618,[ 0.86665599 -0.48612976  0.11218401],[-0.1295748  -0.002178    0.99156726],[0.48178601 0.87388393 0.06487775]
13,4.536868370843277,175.64656644804384,143.75123263598786,1.4443478457209098,3.4135253361065625,1.4106766084039313,2.7245652789415877,818.6336460716427,818.5931953790752,10.377638287104991,[-0.94582683 -0.19064221  0.26280632],[ 0.32405728 -0.60409334  0.7280509 ],[-0.01996231 -0.77377438 -0.63314668]
53,180.7678353634143,25.53210911285419,187.39094780794287,3.408585479892017,5.152813574915689,3.6493183438031536,3.7003381709649066,1905.1995843914362,1904.931066503516,44.744453651034355,[-0.69230674  0.37458607  0.61676305],[-0.20807429 -0.92203487  0.32643036],[-0.69095331 -0.09765741 -0.71627269]
107,61.678456122552944,188.83236437891242,74.15966926495355,8.627928667582152,4.559075752354737,7.544536935805067,4.9780252769112385,2196.0712089336416,2194.980618775618,116.88635980027604,[-0.5301468  -0.15443861  0.83372243],[-0.79636637  0.42827715 -0.42705888],[-0.29110988 -0.8903524  -0.35003947]
44,193.70284723847007,178.8268892486201,138.01113483126227,4.013861337138765,3.9796676892884606,4.651405289424919,5.4861005832103436,1974.3629054195474,1974.2607660802528,32.096252115356805,[ 0.34622276  0.30885912 -0.88585317],[-0.67560842  0.73722731 -0.00701204],[0.65090942 0.60091759 0.46391269]
664,179.1191477812379,95.06090518754067,69.27662266788614,10.517173271898704,11.595576313200672,13.653826645433245,12.607712238077767,5543.830753974771,5535.338304742579,424.36526129609155,[ 0.29398157 -0.85831911  0.42055101],[ 0.4647581  -0.2561101  -0.84758924],[0.8352094  0.4446301  0.32361911]
24,55.143983856707145,129.91374099504492,119.36503416332255,4.656588865582971,2.548198123056553,2.598208429720748,3.26153847266298,905.9745513489283,905.7007334529724,24.134001609739553,[ 0.242669   -0.71019004  0.66086448],[-0.92307476  0.04050596  0.38248169],[-0.29840364 -0.70284378 -0.64572896]
6,25.806610950333354,159.20135984156857,53.28067615613457,3.3029919236130523,1.2891440857976595,1.9979835306643643,1.6900903855674478,416.1593762376331,416.0848180710478,9.065093801268668,[ 0.41212228 -0.34859649  0.84180503],[-0.89835466 -0.00129993  0.43926896],[-0.15203333 -0.937272   -0.31369901]
365,17.48798414552339,25.551611207487888,140.9715763626881,7.801484255567406,15.638945604309484,10.13682110449485,10.385014297456769,2779.740442359547,2769.096011221735,332.0745006598746,[-0.98331725 -0.11537957  0.14062272],[ 0.13792767 -0.97695607  0.16288892],[-0.11858816 -0.17956725 -0.97657178]
387,101.22771687111143,107.62466780475464,188.56587715049918,12.614449423160966,14.062176159274953,5.669086734315013,12.068731646137229,4724.73466633087,4722.397986115119,307.6230279388204,[-0.6950717   0.71796671 -0.03740514],[-0.58109403 -0.5304057   0.61725159],[-0.42332619 -0.45077001 -0.78587616]
125,16.830950504686484,43.750823861905616,185.77101809845885,11.263696553893192,7.114040113147202,4.337619260116018,4.301679080710132,2146.418640342475,2144.017394184851,149.07024497922086,[-0.19014503 -0.95160951  0.24142122],[-0.97780928  0.20559295  0.04025594],[-0.08794244 -0.22840945 -0.96958509]
113,152.69454050818925,68.70985973587769,26.602317037229337,5.5477967812789775,4.703898009335984,14.412876341708307,7.477747853660992,1809.8227016919736,1804.686145742752,150.91936440224853,[-0.41793685  0.90675193  0.05594402],[-0.12245174 -0.11724411  0.98552493],[-0.90018574 -0.40503674 -0.16003398]
15,21.839957483451208,162.52752155296855,69.07590596094433,2.2797621350748773,2.5456824680610595,3.070056322503985,1.8511826717091793,689.348670959318,689.2578468422424,16.276237494721357,[-0.95761362  0.00630105  0.28798689],[ 0.26059995 -0.40702714  0.87545221],[-0.12273475 -0.91339433 -0.38813268]
21,47.115076279970154,119.81493857570024,73.10419008617481,2.679175287618979,2.869744040827864,5.146218626727416,2.008099180122015,679.0255012210488,678.6131516622481,28.186490685276947,[-0.90841737  0.40926951 -0.08530148],[-0.27113931 -0.42146027  0.86536392],[-0.31821589 -0.80924021 -0.49383088]
33,91.27095215962753,18.860098589617394,61.91110104104766,5.395463117857597,4.620399385635204,5.266772009191554,7.374623472046867,644.6059584366499,644.2829667102628,28.33018639621675,[-0.39166796 -0.54260015  0.74308902],[-0.42667965  0.82263423  0.37578904],[-0.81519365 -0.16987644 -0.55371591]
126,141.3315081363412,188.66630564899552,48.41603375722595,4.560958294303544,4.109447073205011,6.728072768289356,4.824463259421984,2703.089003076292,2702.0189476878663,86.92837330075285,[-0.67916671  0.61255624 -0.40436053],[-0.44027334  0.10080121  0.89218748],[-0.58727504 -0.7839732  -0.20123135]
3,55.88715635121335,130.78877934808156,197.0119653331086,0.4085256275099584,0.4024058045395553,1.0083202651476981,0.7209637671088271,420.87099038280223,420.86810511194415,1.5754208146642574,[ 0.93328525  0.11413388 -0.34051741],[ 0.27582112 -0.83502447  0.47608492],[0.23000294 0.53824492 0.81079655]
28,118.77181561545062,151.76866827764044,170.0567558489162,5.406869897506268,2.529577128042147,5.8331736940506405,2.9297941099150155,1360.6887582175686,1360.1732023178504,41.26928652375395,[ 0.37130994 -0.80636838  0.46032484],[-0.80543505 -0.03306651  0.59176092],[-0.46195596 -0.59048847 -0.66175529]
2,163.4115904129555,143.31802369099893,18.030502526499845,0.4968402516151542,0.06337275247769014,0.43156567469071483,0.44957403456356815,308.44428972706334,308.4435278495982,0.6855603013624451,[ 0.57419334 -0.5822901  -0.57553474],[ 0.33005087 -0.47868739  0.81358762],[0.74924524 0.65711234 0.08267376]
220,102.91879999652978,81.12563594862212,80.65679128072611,5.877095061088379,10.067968560614501,7.157421272933309,9.776797365561924,2290.0557737097056,2288.4238352803077,141.1825277093257,[-0.74377387  0.49559124  0.44854181],[-0.02234359 -0.68909483  0.72432664],[-0.66805778 -0.52871319 -0.52360401]
45,183.27587224675375,195.35317659439602,178.0669180130048,5.332051193489676,2.1529122443590767,4.06337412808963,4.086900917285168,2158.095486193243,2158.025473251825,38.44612021750608,[-0.37457585  0.79160683 -0.48275414],[-0.73138634  0.06775114  0.67858957],[0.56988328 0.60726304 0.55359249]
230,130.23831088913425,11.966836818553613,115.14595044687277,10.07395991459622,6.246708691291578,11.248698576332123,13.224004143294765,2652.7099198111546,2651.8792130819415,144.42515733864448,[ 0.0866097  -0.99622086  0.00653934],[-0.65921598 -0.05238714  0.75012657],[-0.74694916 -0.06927908 -0.66126195]
123,55.73480983422802,48.947704909548094,181.61849251533988,6.157440163826592,3.6582154554994353,11.947308687669242,10.121695518758346,2180.7936864514927,2179.1236587351764,105.93563399292867,[ 0.44100405 -0.89138737  0.10461353],[-0.85178154 -0.37895463  0.36174798],[-0.2828138  -0.2486402  -0.92638783]
202,167.68427899606993,127.12966842316976,84.40757208270442,9.12533379048586,4.191372527189685,7.028519755449148,9.174422258771877,3226.268181484372,3225.8402465713675,115.35499899350694,[-0.51427915  0.82791425 -0.22377433],[-0.43368328 -0.02594784  0.90069169],[-0.73988902 -0.56025415 -0.372397  ]
205,83.55084256535743,176.0118053893404,105.70548752424644,7.78047180113324,8.497697959744755,11.914527202520748,7.521420895452169,3181.716813921847,3176.519460503047,210.22698734009464,[ 0.8366527  -0.5127689   0.19256248],[-0.39732848 -0.32618078  0.85775065],[0.37701768 0.79414996 0.47663772]
8,9.22993378527955,65.78077468919054,195.27932853112938,1.525529466704113,1.3547048411648703,1.7737091564043084,1.4982343191321406,583.4488064569209,583.4422888322651,6.372783224391037,[ 0.809248   -0.5672413   0.15282335],[-0.58576173 -0.75931049  0.28342683],[0.04473103 0.31888067 0.94673875]
208,135.29555463081326,164.04482266250824,133.37562870105356,4.774822949258934,11.393403597730472,11.92771637906817,12.295478796964574,3627.078002770212,3625.9263234077393,171.95121746045322,[ 0.24770374 -0.72584678  0.64170812],[-0.80587778  0.21328981  0.55233003],[-0.53777678 -0.65395253 -0.53211111]
39,39.194724601890165,82.16363271206406,185.57110672114717,3.4435011278663534,2.5996438737677026,3.655827959787581,3.953711489135576,1291.2730180522267,1291.0938007045222,25.21554633437501,[-0.47238691 -0.76466696  0.43833212],[-0.8607467   0.50723504 -0.04275205],[-0.18964633 -0.39748844 -0.89779575]
10,3.7939657512384217,27.021371750073325,9.122164511869476,1.0151754969747027,2.569435097328656,2.457547703201881,2.218647781142882,91.6855479839078,91.31954548482682,9.121136604783677,[-0.98978287  0.10845524  0.09255991],[ 0.052857   -0.32381265  0.94464359],[-0.13242362 -0.93988448 -0.31477159]
346,15.602447894724023,189.10041769980808,108.43792594687513,7.540077906359775,6.861752054361511,9.730429246551155,8.272279846072175,4071.3536959912494,4070.283160176436,212.2726948910984,[-0.96674068 -0.06219511  0.2480811 ],[ 0.24547564 -0.4979171   0.83175734],[-0.07179258 -0.86499152 -0.4966241 ]
15,24.651569411703147,135.31385117854745,53.65673624476991,2.7022569913016006,2.8987957647673213,3.1813034035499044,3.7133560151083054,572.0769307919719,572.0303798168471,13.472677711129197,[ 0.25965598 -0.39671696  0.88045126],[-0.95116709  0.05252003  0.30417562],[-0.16691295 -0.91643729 -0.36370698]
164,10.888598451126962,39.04699463618165,72.82848831785908,5.436291124696355,6.70141600962953,10.41328748036626,9.281440591555482,1079.0959317013794,1076.1083441211397,127.36222183037808,[-0.97358992  0.22712607  0.02316052],[-0.18821787 -0.85592097  0.48163609],[-0.12921569 -0.46455682 -0.87606522]
51,38.646114948805746,193.4309311148752,137.06165283167766,2.787730164577088,3.768673037707237,3.5787374730458335,4.210765275818764,1715.7594433906374,1715.7300183485609,29.530605606166723,[ 0.9126388  -0.34150344  0.22464599],[-0.37577866 -0.48464003  0.78988254],[0.16087517 0.80529463 0.57063101]
66,11.004191214697748,176.61411053849906,6.187996971651866,5.89351388387574,4.529644615455271,2.8976656697057646,4.711334543469915,1439.7548864951382,1439.1765337043169,52.27524564674791,[-0.08748276 -0.02944882  0.99573065],[-0.99419901  0.0653652  -0.08541501],[-0.06257076 -0.99742677 -0.03499631]
51,48.23043507869925,60.349481866584696,22.19902213722414,5.458822160215969,5.491696355761941,2.9474186285362496,6.533066266002297,576.5805837766978,576.4338954829517,36.135338341144696,[-0.1985988  -0.19283139  0.96092381],[-0.77442165  0.63179446 -0.03326946],[-0.60069095 -0.75076748 -0.27480643]
27,191.63966314796022,63.08564617964684,137.29104301349892,3.111870275133791,4.438206386519923,1.5636582012152886,2.662883946836752,1268.3535398051206,1268.175226800954,25.817934253865445,[-0.51141716 -0.24120218  0.82478725],[ 0.34892354 -0.93540407 -0.0571978 ],[-0.78530558 -0.25853575 -0.56254281]
17,106.3321359860371,14.903642080202355,42.47370754460888,3.377726236723269,3.6913140469969408,2.6671350860487086,3.783978332667315,476.60565968609365,476.3902688421084,17.39999353386975,[-0.38665057  0.17911655  0.90466491],[ 0.05060006 -0.97535965  0.21473983],[-0.9208371  -0.12880537 -0.36806005]
378,60.67325327287189,39.20074424923144,103.50900548726011,12.337901957140277,10.055073230821653,10.765529035075126,11.160507123810682,2477.944375764638,2467.44144725951,308.6955414837078,[-0.46150065 -0.70658993  0.53642132],[ 0.74542843 -0.6366984  -0.19736161],[0.48099232 0.30878118 0.82054894]
34,161.50969001837572,120.76022196391087,46.8585339212314,3.422887179266562,3.715501543106852,2.7788117617601005,4.654374430453541,1207.6131346722452,1207.599490782291,19.88904408608585,[-0.27641625  0.64582986 -0.71168662],[-0.56135879  0.4925704   0.66501933],[0.7800451  0.58333369 0.22638781]
337,117.1577798554618,42.84140628322181,169.6285888918291,11.912298239161094,12.342131707636758,11.200217801514915,12.731898237477406,3880.236998393716,3875.7061732122916,295.7057658326188,[-0.45176511 -0.73881856  0.50005541],[-0.6975556   0.64195888  0.31828444],[-0.55616947 -0.20502665 -0.80538165]
102,171.563133619658,33.2545247635173,120.19290826698274,5.04072543185862,4.494133518802424,12.211978936933932,9.308797727230877,2146.1653079400244,2144.7693683973953,104.07407741716679,[ 0.16308063 -0.98582329  0.03946069],[-0.56607215 -0.06073519  0.8221153 ],[-0.80806375 -0.15640867 -0.56795184]
7,68.45782402607304,136.69176228102273,105.44379221007532,1.2960293485999654,2.0118747324098116,1.882442534359777,1.7309269895438404,491.4098428885938,491.3810748530517,6.623183253503068,[-0.80525231  0.55797154 -0.20059031],[-0.4644393  -0.38325068  0.79838278],[-0.3685985  -0.7360616  -0.56775741]
589,114.35740092879583,135.04198097459727,93.588436596487,8.250759560426843,17.62230403484535,15.603317755421182,8.355104608718609,4890.042222089595,4868.530647282564,568.6895340031689,[-0.80973339  0.36884331  0.45638411],[ 0.136626   -0.63787225  0.75792634],[-0.57067082 -0.67607219 -0.46611287]
37,27.603163422123803,157.57847855721027,37.01033106435678,3.6349266011006742,3.0470176113175604,3.7745198057388336,3.18832927553729,999.3479454824713,999.1357947923295,31.43944016866228,[ 0.59175998 -0.28113691  0.75550126],[-0.78842934 -0.00661541  0.61508977],[-0.16792648 -0.95964487 -0.22557132]
5,143.67583163215312,51.986674259762125,61.547378383801274,1.1404447982454846,1.125424935960029,0.4630585945136419,0.8069650385907743,368.3474573514467,368.3363707491745,3.2667494418765757,[ 0.26325216  0.34089891 -0.90248891],[-0.41218296  0.88554762  0.21426763],[0.87224051 0.31558414 0.37363504]
45,88.4478914051257,129.16095043011953,24.587882185596854,3.7508079387080415,3.5980965671947134,2.6870248005674884,4.086540206987385,1063.5571738789595,1063.506893584551,28.16704011082313,[-0.11558535 -0.1087002   0.98733191],[ 0.82159006 -0.56909194  0.0335281 ],[0.55823812 0.81505744 0.15508569]
26,141.97389783930612,82.17342814077476,156.63924638537617,4.303674361544726,5.898617587610857,4.9364477087587835,3.9220075044895606,1157.3179297229806,1156.792116895646,40.27737253855403,[-0.67352188  0.69762162  0.2443202 ],[-0.39312634 -0.61798829  0.6808393 ],[-0.62595523 -0.36251146 -0.69048207]
47,130.94328728363598,120.46704681798491,78.67842694804592,4.161269962403958,3.1525403822822344,3.8414380711283584,4.93508416673692,1334.3846036215862,1334.2871275564314,28.75821888037558,[ 0.62630005 -0.76807194  0.13346811],[-0.3932878  -0.16347267  0.90476593],[0.67310694 0.61914633 0.40445626]
28,10.396199706284785,95.23755132916395,168.7487775710325,4.435192899052699,4.998399608085182,2.8923464658542137,4.466365128398931,1027.3822342271808,1027.215903536024,30.496274082966305,[ 0.61539663 -0.70207231  0.35830359],[-0.78636784 -0.51572849  0.34007314],[-0.05396856 -0.49103828 -0.86946466]
26,129.69049322621987,23.860108466584936,16.66910091281884,3.3104722187843083,4.160861820939078,4.341317310336557,3.0876717053307368,678.3305854336113,678.244941592374,31.21807172356894,[ 0.11793032 -0.91295985  0.39063634],[-0.18438299  0.36640901  0.91200184],[-0.97575374 -0.17957937 -0.12512353]
28,42.01645991098773,3.9707286875066887,151.18174532586002,2.8176278410739832,2.0856130850205923,2.960118781186023,2.9573582100283615,830.8802760993925,830.751811051943,18.55158260337735,[-0.50203478 -0.84958415  0.1617648 ],[-0.82237824  0.52685012  0.2147626 ],[-0.2676847  -0.02521356 -0.96317661]
7,36.74232967390369,6.486583139895695,16.331331596746843,1.584601362790263,2.8148797688348037,1.5534419292638937,1.1145988868953838,108.07932784850054,107.88803440593533,9.050734643484834,[ 0.35230724  0.26380626 -0.89793422],[ 0.24824412 -0.95142344 -0.18212165],[0.9023605  0.15874411 0.40068172]
76,76.48924941542903,176.95138070651007,149.4032431108294,4.938997239977655,3.84072608125658,7.020781639363652,3.349925072693263,2127.635854898942,2126.5569613709777,76.74463195454001,[-0.77444472  0.56872506 -0.277105  ],[-0.54947532 -0.38759344  0.74016768],[-0.31354783 -0.72548131 -0.61267008]
64,95.79729616512333,149.29218348423962,54.81892422427984,9.564791756776783,5.210226218047961,3.719582793899773,4.386361587393001,1487.9210345251702,1485.940108260795,85.08230877742366,[-0.29985576 -0.15320931  0.94160152],[ 0.80205493 -0.57489517  0.16187474],[0.51652145 0.80375522 0.29526791]
2,34.192307927256294,187.9447877431977,24.97657433701763,1.7998341689155382,2.617847276041246,0.6994766491538407,2.7824789617893515,272.4950209520149,272.48460433757543,2.3826125648036873,[-0.60640848  0.21216185 -0.76632637],[-0.77507111  0.05751298  0.62925116],[0.1775768  0.97554067 0.12956416]
126,131.06276881352719,89.95799244670378,12.209235592774098,5.389127299021099,8.907643040311966,5.537297414133311,7.2481895200788795,1793.5490881816,1792.52317854572,103.24607024289827,[ 0.05337882 -0.21057932  0.97611836],[-0.56780725  0.79770241  0.20313982],[-0.82142902 -0.56509044 -0.07698805]
2,108.0628335946998,193.1559813476644,48.923990183612005,0.8368505063503591,0.5290384676940931,0.2485243835219073,0.001783600724451162,320.5663984737661,320.56314808025775,1.4435800345815706,[ 0.31933129  0.06087761 -0.9456857 ],[-0.81899358  0.51976534 -0.24309155],[0.47673582 0.85213726 0.21583571]
174,55.2586948381563,24.103970854587295,121.344134070009,6.1250103791008055,9.038787643132506,12.934876465557872,14.106670285435666,1800.1554867107004,1798.0389419468884,122.93422089541717,[-0.78939611 -0.42415781  0.44378366],[ 0.4601812  -0.88733383 -0.02952862],[-0.40630905 -0.18091111 -0.89564732]
196,54.38301982912809,160.68877245298182,97.7059292121256,5.431671479535071,11.223174503412293,6.727110717452262,11.764497457170894,2747.420935744678,2746.1980945502237,109.97114906840257,[-0.85687258 -0.02289974  0.51501939],[ 0.43429108 -0.57035467  0.69719926],[-0.27777803 -0.82107926 -0.49866643]
34,39.127718696706694,46.581665433923945,52.84351166587868,2.8124835717606484,3.45603982953721,3.16272435054771,3.1388978176505544,470.68016124184476,470.4709629504357,26.261642715104863,[ 0.60525733 -0.76337454  0.22566099],[-0.63104795 -0.28733243  0.72056822],[-0.48522371 -0.5785321  -0.655636  ]
63,3.6030395497931864,96.31032370002738,87.54696490821756,2.588304485850322,6.332843268937416,5.480937547301605,4.458615038330682,1035.6134394484895,1034.2289072366298,60.43497793089331,[-0.99359858  0.0939684  -0.06270412],[-0.1095535  -0.66605867  0.73781019],[-0.02756622 -0.73995661 -0.67208951]
14,5.313774290971584,167.09841580111734,35.83961978969561,3.07527791920275,2.609916188274614,1.7046883305552016,2.4714160409622195,639.9240973260924,639.8586998035761,13.548276691301268,[ 0.14106267 -0.21183271  0.96707199],[-9.89512141e-01  5.15350436e-04  1.44448802e-01],[-0.03109736 -0.9773058  -0.20953835]
10,126.72625012958488,106.06170576842969,106.92705495746603,2.0367193368113448,2.21967155604125,2.0391925782302556,1.6752849786679234,622.5183065234044,622.4722384376895,10.21761128349477,[-0.76338023  0.40431733  0.50376395],[ 0.05180969 -0.73904429  0.6716616 ],[-0.64386829 -0.53883304 -0.54322424]
40,10.77778361112099,195.50337325822838,138.60764628458202,4.376826599208912,2.911170840079119,6.379294162524416,3.93814203156464,1517.9811669560943,1517.5811457227162,46.16850929983171,[-0.83924055  0.3444678  -0.42073415],[-0.54192089 -0.46626406  0.69922784],[-0.04468826 -0.81482499 -0.57798201]
189,170.17509474939553,155.699645407368,144.8896340716772,7.99717451296729,7.2296323721669555,8.051553681698422,8.76777776202867,3748.4997111057364,3747.4166462510625,140.5197363177509,[-0.5906617  -0.09986364  0.80071594],[ 0.51063313 -0.81460677  0.27508112],[-0.62479802 -0.57135197 -0.5321507 ]
21,108.00643338019935,17.11331139792033,13.56108066889615,2.925650973565315,3.6231077090038935,1.5780558974045773,3.232477139438956,505.42152269049444,505.2168479813372,17.06088321209966,[-0.10314107 -0.13064361  0.98604978],[-0.16961275  0.97912762  0.11198494],[-0.98009869 -0.15569636 -0.12314709]
78,98.78026912682328,35.29559947670563,57.79377890583721,8.614267644203728,4.059429825196136,4.047850967788124,6.683996567689791,1061.2420145331564,1059.764203207835,70.32075759962032,[-0.08068435 -0.78337198  0.61629407],[-0.55789244  0.54787646  0.6233678 ],[-0.82598188 -0.29352977 -0.48124236]
120,20.786871838695998,16.482256521734794,106.24152726874925,5.3357157674673985,9.261876482264734,5.580000426816584,6.527237255148579,1205.4978332965688,1203.0701095444658,110.1616086610961,[-0.97142508 -0.11367973  0.20835123],[ 0.14228817 -0.98153096  0.12787121],[-0.18996682 -0.15386322 -0.96965907]
5,182.49020637927256,32.6489006378833,10.49457608227467,1.1084178185129185,1.1274059831937977,1.1069004449770756,1.261086111411772,415.22367531682204,415.2149672645151,3.271343541634466,[ 0.1733243  -0.77219454 -0.61128903],[ 0.06386259 -0.61056481  0.78938722],[0.98279207 0.17585848 0.05651137]
41,173.3962716986356,6.8041744306399075,17.38386960636359,3.8371574223919036,4.30499474630349,5.197812776249011,3.5977956567180813,1117.4733600437312,1117.2570004326838,44.080600738580685,[ 0.01216127 -0.96621034  0.25746784],[-0.10609357  0.25478663  0.96115968],[-0.99428178 -0.03900461 -0.09941017]
46,32.74936070323922,93.4985963501546,150.14393645472498,3.0853626545893285,5.452320376777987,3.2863685902122795,4.282390666966595,1220.7790179328745,1220.5604879039915,38.00466270941702,[-0.98170169  0.14444916  0.12408158],[-0.05601698 -0.84183238  0.53682432],[-0.18199971 -0.52005066 -0.83451987]
3,149.49529282946668,59.94987608588707,172.4586649033412,0.3472202467528384,1.3951100556984302,1.3174702673645302,1.246344890478394,408.73572596208965,408.7298432303048,2.6010061812510386,[ 0.77373584 -0.20780396 -0.59845666],[ 1.69556616e-04 -9.44602517e-01  3.28216479e-01],[0.63350835 0.25405432 0.73083758]
51,30.631603791976804,15.804010774023803,5.9670565393045045,3.3512357819917975,8.42555936640476,4.16509502010024,4.379321652609679,258.67732009261215,252.99494352620235,63.63747023386802,[-0.06201322 -0.25558192  0.96479648],[-0.49629327  0.84657482  0.19236438],[-0.86593726 -0.46689287 -0.17934242]
448,114.71135148083515,120.33963529258813,36.11555734633448,10.555399269585774,10.659390383988269,16.2191122113296,11.704376307281459,3627.122855457207,3613.072553342047,401.788760986709,[-0.73103938  0.67989503  0.0576557 ],[-0.10228276 -0.19273453  0.97590555],[-0.67462558 -0.7075282  -0.21043807]
245,51.806765366697384,96.86355593397988,122.32357718903641,5.961593290493954,11.924458929603837,7.195470529355339,10.235936530650754,2583.1126460270634,2579.433514167978,176.036303771541,[ 0.85795017  0.15817496 -0.48877621],[ 0.40617291 -0.7913996   0.45684817],[0.31455535 0.59048062 0.74322781]
27,177.51414789209193,167.07593571743325,64.17955193544567,3.8343420488911044,4.327178874756004,2.0919566543487322,5.409998571554082,1310.2010655418446,1310.1884301252512,15.238827328007037,[ 0.70947737 -0.67093109 -0.21562313],[-0.02785418 -0.33242435  0.94271851],[0.70417754 0.66283144 0.25453579]
13,8.84605523894227,18.286776385592688,191.99884030451625,2.7066869400790012,1.8381030691893565,4.546481009952823,4.711123764877385,696.3950689495518,696.3557972955477,10.946280854755535,[ 0.27359211 -0.95862227  0.07868106],[-0.96074141 -0.26844319  0.07010137],[-0.04607934 -0.09477134 -0.99443204]
55,29.259812633198113,18.056602929179736,192.17160856276644,2.745541087253673,5.623809916141791,3.4724047155358795,3.5329271226489043,1448.6606764883775,1448.1781096471225,46.134946655540865,[-0.98627461  0.08362533  0.14236996],[-0.06915116 -0.99219669  0.10374897],[-0.14993504 -0.09247993 -0.98436119]
32,22.64750165030354,112.41980280375475,157.99451593497662,2.9370470770435304,4.581046715088959,2.3569213858783433,3.5353133576437172,1104.753908512298,1104.6717904127925,26.955639408866283,[-0.96279131 -0.13501444  0.23410253],[ 0.244096   -0.80621332  0.53892228],[-0.11597429 -0.57601318 -0.80917166]
8,118.49379391992268,73.81881744932451,39.19605638886962,1.4125637606937005,1.419526326928896,1.5410510521217216,1.2137934238350747,410.18467910734563,410.16179520190553,6.264180337753184,[ 0.08441725 -0.56967383  0.81752398],[ 0.57018505 -0.64523176 -0.50849286],[0.81716751 0.50906552 0.27035081]
2,138.0315520274213,2.051142935929151,69.3912243784684,0.4236343156230049,1.0090807121898693,1.491794049842845,1.0350072094166052,218.5199383241241,218.50917607368908,2.168736216454452,[-0.308432    0.74497712  0.59150553],[-0.32678886 -0.66695879  0.66960811],[0.89335253 0.01323115 0.44916165]
4,119.78910450330221,195.44172465441403,106.5395032496627,0.35437664926722995,1.2167303068121487,0.9899873374118222,0.9183426175375159,505.56920547737064,505.5630511283952,2.6406249230588856,[ 0.81581303 -0.20529883 -0.54064914],[ 0.33148851 -0.60004518  0.72805299],[0.47388233 0.77317409 0.42147047]
42,13.501449289275302,111.02236501900242,126.72065941082445,7.064854468118039,4.138111121606075,4.588840649744625,5.0287633097854165,1096.8956782641433,1095.9709932601017,51.41255127969096,[ 0.18743281 -0.7485372   0.6360511 ],[-0.97909193 -0.09026206  0.18229579],[-0.07904389 -0.65692071 -0.7498048 ]
61,10.76264779641887,116.55592428794803,97.71911600783903,4.877026589307691,5.158830159149164,9.52424012378737,4.708711779666436,1193.9857860361292,1191.9745435185184,85.60134830529626,[-0.97974008  0.17399358 -0.09917461],[-0.18738902 -0.6216732   0.76053125],[-0.07067336 -0.76370718 -0.64168264]
15,160.2129587888526,56.71007123197436,64.28223789371813,2.5736962241622394,2.6867459739493142,3.35474728381119,2.8636626250939194,703.9807122868474,703.84977484935,15.889307329660781,[ 0.03308957 -0.78898361  0.61352258],[-0.47070152  0.52921634  0.70595336],[-0.8816718  -0.3121457  -0.35386424]
10,5.346891737433507,25.64153694577819,92.91483045127276,3.7284459841631987,2.2395722508909572,2.1931460765096076,2.23481267811327,305.59211831913035,305.4232737142992,13.76540864801932,[-0.37139658 -0.88928227  0.26691126],[-0.92677898  0.3724343  -0.04871774],[-0.05608309 -0.26546135 -0.96248894]
5,196.59381399441355,15.951923926124072,109.26445356751533,1.7303464578721341,0.7471758596283387,2.0421424028333983,0.6348423717055409,504.2308085430435,504.1974238395013,6.049841658628768,[-0.03764693 -0.97689796  0.21036417],[ 0.48824826 -0.20165713 -0.84908659],[0.8718924  0.07074444 0.4845605 ]
7,131.87193338377529,63.5527761250723,90.14360975966568,1.3444892322339659,2.8653973651029347,1.925239697707616,1.8482396409162236,454.92425352254116,454.90023313495357,8.503113626801218,[ 0.47385742  0.22453036 -0.8514959 ],[ 0.43259065 -0.90158546  0.00299823],[0.76702312 0.3697699  0.52435269]
3,171.5327299407958,176.16619529652675,3.8465208686680135,2.0450731633875763,1.7220939711265602,0.7732393806834341,0.18743871577887974,425.9592706839138,425.93291286585156,4.8101576010275515,[-0.17242855  0.18900129 -0.96671966],[-0.69548769  0.67163113  0.25535954],[0.6975423  0.7163729  0.01563969]
39,164.02096212201883,79.15416361818497,19.256683939075184,4.1068002859796575,4.689574906207637,3.9126352427434075,2.6354625922801116,1144.3930512774477,1144.0281203940383,42.86312292791317,[ 0.09294427 -0.41283502  0.90605111],[-0.43484313  0.80178825  0.40993543],[-0.89569683 -0.43209124 -0.10499685]
27,89.31096187955949,19.171633602720682,20.0815366926138,3.750997160306947,3.064324733980614,5.563438854904948,3.3989619883308837,487.4262352653575,486.3681268478932,33.94705150401578,[-0.27077789  0.8975079   0.34807888],[-0.12042108 -0.39032768  0.91276671],[-0.95508015 -0.20524101 -0.21377098]
4,197.53823347069837,137.36315584787758,198.25015179165558,1.5377493714052648,1.420898624825982,0.6919835233823615,1.0598997984398684,623.5278902519132,623.5237146179463,3.866619437525436,[ 0.03303853 -0.83662583  0.54677754],[ 0.77293051 -0.32544536 -0.54466847],[0.63362993 0.44061609 0.63590139]
59,128.35873274801068,7.379621386060419,145.3313295236624,4.906298966895119,4.327577667840451,4.63845273191602,4.68153046224003,1491.4151922553958,1491.189913243738,50.13486111143477,[ 0.41671061 -0.84896348 -0.32498198],[-0.62347911 -0.52708253  0.57745806],[-0.66153313 -0.03801343 -0.74895187]
133,72.50434425314744,136.1816923367276,71.617722260256,7.46586555885527,6.569832451072391,8.342726052666023,6.996502273493655,1966.3515082175888,1964.2336279560657,125.81944489652058,[-0.79961809  0.1162195   0.58915528],[ 0.42246689 -0.58837222  0.68944895],[-0.42677001 -0.80019445 -0.42137418]
27,44.354480417893456,108.75559859434063,164.3708741102615,1.9668506449982355,3.5076971491344686,4.125691692292907,4.92857140379197,1050.124545477736,1050.0889997057002,15.483985013762988,[ 0.95028998  0.07074572 -0.30322268],[ 0.22080326 -0.83973934  0.49606831],[0.21953331 0.5383613  0.81361676]
2,128.56194827604654,178.97948521986825,14.926052616650587,0.6823457373954795,0.8183538171164031,1.0320925591192243,0.1962165443379007,312.3677903835249,312.36086894859886,2.079427508220082,[ 0.60640046 -0.37720433 -0.69999669],[ 0.541741   -0.44841748  0.71094195],[0.58206113 0.81033244 0.06757351]
116,141.51085281505428,87.1430184422548,64.76429156402669,7.025174327663894,10.37127128854894,7.71930449270745,8.973336874395956,1927.060290556591,1923.9815258073356,125.40841546989428,[ 0.56537268 -0.36929705 -0.73754554],[ 0.22650565 -0.79028648  0.56933512],[0.79312604 0.48894476 0.36315851]
5,129.3757018641574,146.66856023349965,196.82694177709084,2.0559596487952407,1.4910829858954278,1.8335293491620202,1.3151692104906054,620.4847840659337,620.4532211869425,6.355499741016459,[-0.02456981 -0.79380968  0.60766974],[ 0.88432063 -0.3007449  -0.35711276],[0.46623314 0.5286007  0.70937152]
77,23.965574670228857,147.99801606426288,101.91964018916626,7.113575002497092,3.8238681782141772,5.149361258016221,4.01706824084864,1592.5393842799235,1591.6636376627555,76.29514538144002,[ 0.28242734 -0.57474233  0.76805342],[-0.95016387 -0.0574332   0.30641484],[-0.13199782 -0.81631653 -0.5623201 ]
4,83.49267528719116,81.81647781830216,177.107166969653,1.0244384141754963,1.350975398982693,1.175834970989803,1.791559884814536,424.4341300278479,424.4299938830095,2.049102613844016,[ 0.79807517 -0.59388351 -0.10187438],[-0.45636332 -0.70614096  0.54138476],[0.39345716 0.38557401 0.83458022]
36,133.24429805998895,166.64215717041213,85.5795055447614,3.919270276018755,3.449998500452776,4.578846410502095,3.2549704923231224,1379.7595912256845,1379.6368707299084,36.85511970513381,[-0.63040371  0.10925402  0.76854064],[ 0.51637592 -0.68020985  0.52026   ],[-0.57960942 -0.72482971 -0.37239067]
16,151.48457591641528,93.68484801632667,85.94604898964161,1.740900557445002,2.3166936661404804,0.9656150762932748,1.4968173970935628,791.1445886947868,791.09560345393,10.647972698061487,[ 0.37583038  0.2184512  -0.90057237],[-0.52156114  0.85314666 -0.01071276],[0.7659801  0.47372973 0.43457408]
15,144.37841404814773,143.84871160203255,102.29686803625758,4.065006575369128,2.509381735190485,1.8931249037181843,3.962829379816583,883.4026401310858,883.3454128183412,12.634771596378824,[ 0.47955601  0.13516394 -0.86703906],[-0.60749442  0.7641425  -0.21687961],[0.6332271  0.63072732 0.44856047]
35,98.64816205691979,169.3094234222492,52.63304079747283,2.998744381071368,3.8996685609171595,4.016094996560537,5.0513033761247605,1200.8976930364188,1200.7761591933304,22.821260319402583,[-0.87055031  0.43674312  0.22671038],[ 0.0757893  -0.33621891  0.93872937],[-0.48620791 -0.83439337 -0.25959502]
5,119.1449220866738,23.625589879202504,172.9958628108259,1.6527138908690007,1.3346542955712228,0.7477600701098317,1.202167450390063,472.68444636081796,472.6674676218415,4.253631754599791,[ 0.59206247 -0.74555824 -0.30594925],[-0.57596175 -0.65699828  0.48643738],[0.56367553 0.11178625 0.81839705]
95,6.487664599938468,68.85085869093018,107.74264574787198,4.918378622616858,3.8203714239841045,5.712452174015429,5.042901096584955,1249.727303930621,1249.6418424603662,66.61741195932854,[-0.7376625   0.58860734 -0.33074981],[-0.67322309 -0.60406217  0.42647341],[-0.05123193 -0.53726186 -0.84185806]
88,13.85473751646884,81.1658676790305,50.64680113313275,5.4047585159255815,6.426510221754392,4.564287017901381,6.168948682883398,910.4057477395551,909.5289737587403,68.60207581285317,[-0.78953275  0.41667628 -0.4505762 ],[-0.59632033 -0.34733665  0.72371218],[-0.14505207 -0.84008221 -0.5227062 ]
85,126.8903586446721,92.86336114387447,165.31828328056582,4.648540490599935,6.535821841288189,4.024470156304634,3.5228333949943744,2104.6278918744015,2104.220683904703,76.28125993250539,[-0.82819358  0.3439404   0.44249338],[-0.06901462 -0.84612261  0.5285012 ],[-0.55617657 -0.40716279 -0.72449023]
10,6.191397509254051,8.092505798728283,21.055552471113646,2.737425104410983,2.0726344349066355,1.394490287497116,2.393145854206153,74.84194837093779,74.4164823345425,8.872149681494733,[ 0.51876809 -0.83777859  0.17031351],[ 0.8104499   0.41851729 -0.4098954 ],[0.27212244 0.35067122 0.89609099]
37,192.82649784930354,97.9232315153966,193.83400172913312,3.6418195724095184,5.723467490069339,2.537787885579599,4.191171449442404,1766.9779674556044,1766.8432066392359,35.93433768746445,[-0.73637417  0.13973837  0.66198661],[ 0.1300688  -0.93094895  0.34119813],[-0.66395421 -0.33735329 -0.66735116]
101,162.0504046065696,161.5829106086855,6.7539390282169265,12.316384890786475,9.046435053229143,3.717251527118881,4.8804444532496065,2305.9759980930626,2301.713449552541,149.6050982557379,[-0.04846206  0.00691879  0.99880106],[-0.70424763  0.70887797 -0.03908072],[-0.70829846 -0.70529721 -0.02948114]
42,92.83097732937392,74.90023582225115,4.692417376798629,3.2316135817341407,9.543343022302535,2.403225759734095,7.016349825638639,776.4122734825079,775.0430386820547,49.75900433324855,[ 0.06388359 -0.14092981  0.98795631],[-0.62768275  0.7639663   0.14956557],[-0.77584357 -0.62967792 -0.03965431]
2,179.60501819477088,93.63979551546939,170.74066888539159,0.5005963474082478,1.5613973318071146,1.431719622405225,1.8140554004749845,374.655810727024,374.65194730337464,1.7014386010269855,[ 0.41580879  0.53862297 -0.73279489],[-0.60619661  0.76480358  0.21817687],[0.67795923 0.35349792 0.64452347]
3,55.13163881091311,72.45251215695238,52.76510587248024,2.1208461373494245,1.3970013802978618,1.4475227861969366,0.638388471822546,182.31813455875337,182.27732649122186,4.946380503311671,[-0.46045031 -0.26637585  0.84677589],[-0.71653877  0.67460796 -0.17741557],[-0.52398254 -0.68843881 -0.50149207]
9,136.17532976655522,66.5873283859261,129.7065682253106,0.7065243992536399,3.2555553728440176,1.915509288380437,1.2418621772548593,598.6093887493739,598.5304015195097,10.905157829699515,[-0.7306805   0.32988587  0.59773014],[-0.01494908 -0.88303425  0.4690704 ],[-0.68255588 -0.33380508 -0.6501474 ]
5,168.68180839365172,136.85289455847965,63.17692760280435,2.169447667683319,1.8877695927350011,1.0185865895374762,1.7780124566748692,505.8787998291815,505.8508271370464,5.529164485451405,[ 0.06547846 -0.48362283  0.87282388],[ 0.66308797 -0.63255454 -0.4002363 ],[0.74567212 0.60496588 0.27926578]
27,26.267708219314766,84.1887406382568,83.54401377775797,3.5334034968958683,2.9326677916798434,6.163272995861372,5.066451677923777,632.3724511117115,631.8876750228266,30.152942271395393,[-0.93170668 -0.06370892  0.35758052],[ 0.29135308 -0.71894752  0.63105296],[-0.21687793 -0.69213845 -0.68841   ]
