N,MEAN_X,MEAN_Y,MEAN_Z,SIGMA_X,SIGMA_Y,SIGMA_Z,SIGMA_R,LAMBDA_1,LAMBDA_2,LAMBDA_3,EIGEN_1,EIGEN_2,EIGEN_3
82,50.97980818655335,17.154921773359675,105.0701692432176,6.055332800125351,5.566649706462967,7.075624471339821,7.420649309533559,1072.746196999914,1071.6771431391692,70.97284999658358,[-0.74615599  0.61154705  0.26317568],[-0.5062944  -0.77790673  0.37219229],[-0.43233923 -0.14446913 -0.89006262]
88,137.76006890682194,169.3373310542007,143.10371077830257,3.8636920600609135,6.057277493421898,5.6152384459574,3.741156645122554,2449.691827273546,2449.222612876543,78.24048674929782,[-0.8344332   0.51671623  0.19163915],[-0.1589049  -0.55854778  0.81410909],[-0.527703   -0.64886726 -0.54817955]
2530,89.72659903746172,122.27611073460614,130.04941577251512,22.30386097142604,32.25675340645252,22.391848529097327,24.67417038736753,10252.247461568099,10182.843496296791,1868.4135780648828,[-0.84616939  0.52627855  0.08383469],[-0.28725894 -0.58293789  0.76004324],[-0.44886487 -0.61904306 -0.64444241]
531,112.36691414746204,120.60451893752563,40.666457061167286,14.199178023328258,8.981403504906794,18.84807521683363,13.974889932700512,3947.907913628752,3931.8183059247876,494.5749127599689,[-0.74572542  0.59910433  0.29149203],[ 0.06132171 -0.37393347  0.92542607],[-0.66342539 -0.70798853 -0.24211359]
155,184.66086596913627,144.1389574448448,184.98564544415294,6.153281555627744,11.275401688885342,7.553163762558219,7.47592666612231,3720.0683243170233,3718.03275292066,160.37962526367966,[-0.60105795 -0.21739597  0.76906978],[ 0.50629134 -0.84814656  0.15593746],[-0.61838372 -0.48310082 -0.61985093]
216,149.15018382982046,152.49460729385785,183.59562983847172,10.803895914290697,8.8728736859173,9.195638774456398,7.182530507026824,4142.750262591405,4138.478442466048,222.09078993665779,[-0.09119518 -0.72846528  0.67898584],[-0.84338791  0.41904281  0.33630337],[-0.52950946 -0.5419792  -0.6525935 ]
11,53.614593217119506,163.48532840167016,58.79086162900392,1.924142493875414,2.696105839281992,2.498469321693204,2.1854961971551083,603.1453827146327,603.1093909512804,11.702478604838332,[-0.94541826  0.22539014  0.2353372 ],[ 0.13874975 -0.37502521  0.9165722 ],[-0.29484372 -0.89919707 -0.32328285]
101,73.71518864583122,137.9818206579837,74.8699648073137,7.838190256590067,6.451728588544521,4.725925099595081,6.727116067576337,1745.8583241161436,1745.0177522230765,89.7962999433607,[-0.2145689  -0.37446829  0.90207189],[-0.87918773  0.47633944 -0.01138748],[-0.42542816 -0.79553393 -0.43143555]
26,142.8035693235841,156.26779359046944,71.62930576598814,3.9533924847765447,3.7659545140646205,4.410955441573778,3.449639809769438,1140.0262860855214,1139.7285491073044,31.13421570985821,[-0.61453621  0.21334436  0.75949288],[ 0.46258799 -0.68240063  0.5659874 ],[-0.63902864 -0.69915203 -0.32066935]
5,105.87879059437894,84.96613633905488,94.82730331255935,0.7847908999043964,0.6246045940203212,1.8803029722005131,1.5632889755568664,370.3109258905175,370.3005402412466,3.2472278713982003,[ 0.75670761 -0.55198133 -0.35030017],[-0.13639595 -0.65733617  0.74115134],[0.63936667 0.51305533 0.5726993 ]
30,190.6096893103551,62.20871894141102,137.6092170343684,2.379776456082882,3.4436075859711424,2.7349479848872824,2.5105160055016573,1332.1962743168544,1332.10006520301,23.64539300718647,[-0.61617783  0.20693704  0.75993549],[ 0.07727435 -0.94432706  0.31980476],[-0.78380709 -0.25578012 -0.56588247]
58,94.31056211766798,44.0269323112878,40.67327488183391,3.8318741096635467,4.6357068347752595,2.40556108687266,3.321846775645977,852.2944846572178,851.5784242978214,42.274584412617834,[-0.19971797 -0.3986389   0.89509763],[-0.49780824  0.82810725  0.25773112],[-0.84397849 -0.39411344 -0.36383363]
202,188.95629187755807,32.04378512368347,65.57588753221246,5.591865545695759,6.48338109568483,5.799027423557256,4.73906079159224,2881.744065634774,2880.6947367977896,130.64441495261622,[-0.16038791 -0.62236554  0.76611804],[-0.32245746  0.76661762  0.55526445],[-0.93289705 -0.15798277 -0.3236426 ]
71,42.18359298397522,191.8094609631267,145.7172516710181,4.8190140272702875,4.597195531587674,11.339665564878848,7.044178012751428,2063.3588352302886,2061.6736146545422,93.57367328520846,[-0.95512199 -0.01474339  0.29584561],[ 0.24067514 -0.62085391  0.74606695],[-0.17267735 -0.78378764 -0.59653959]
669,179.60223812212186,93.15417850388928,66.99480208708945,11.37484418900637,13.220742117442828,11.202405603730588,15.32740168313326,5533.499227618172,5531.941777089648,358.9363866370663,[ 0.25999422 -0.84032572  0.47566342],[-0.47304196  0.31860187  0.82141594],[-0.8418042  -0.43857215 -0.31467468]
4,158.20224631792053,33.303153453193204,29.906688105713265,1.6728462864777922,1.1292750098543147,0.11235513213478523,1.38326479100026,328.8497278580825,328.8367092215526,2.9413715681972743,[ 0.13515031  0.2245982  -0.9650337 ],[-0.23626027  0.95318087  0.18875202],[0.96224502 0.20248923 0.18188632]
65,115.72704521941185,11.530609361423178,47.42023249243505,5.948250553636695,7.700576925825281,4.0465494212990265,6.196506576886638,1015.8251530645716,1014.1070634627409,69.23150294962605,[-0.38591356  0.10376109  0.91668117],[ 0.04381983 -0.99047139  0.13056127],[-0.92149365 -0.09055417 -0.37768955]
176,125.91928776009445,46.466501048320076,27.376822742791976,6.763617677733449,12.814853358676997,6.914699085293293,6.836941819946903,1828.245891160451,1821.1727988272241,191.3540547761825,[-0.05121866 -0.39812294  0.91590107],[-0.3919693   0.85152886  0.34822214],[-0.91855142 -0.34116963 -0.19966614]
62,27.764861986121506,107.27303643090481,192.79603148837234,4.732573556351074,4.58500699805429,3.6725326355592913,3.5310967493501115,1751.6108791990046,1751.5133686623017,52.49501168849546,[-0.86466579  0.48149015 -0.14324912],[-0.4865474  -0.73174209  0.47731032],[-0.12499881 -0.48241139 -0.86698013]
18,120.4683862763048,9.14234779898509,191.64508411510315,2.745617017443896,2.0094250539889424,3.854746147878475,3.984171927968639,961.368546755808,961.3523058227663,13.778055588907574,[ 0.21883451 -0.97147735 -0.09134119],[ 0.81815131  0.23369341 -0.52537208],[0.53173291 0.04023863 0.84595565]
2,52.465233947881686,165.8486898891081,142.60056126765016,0.03322925196264137,0.47536202161415986,0.5514462542714398,0.006854364620537012,318.1001098748457,318.098440209856,1.030649526100543,[ 0.9714473  -0.14758819 -0.18576296],[ 0.04340194 -0.65920656  0.75070832],[0.23325184 0.73733605 0.63397881]
42,47.1757648302746,20.98925290409756,195.68834396873427,2.839261573589164,4.898308960092664,2.089951503162123,2.147934896404864,1312.0669372962486,1311.8109175439417,36.53019989148949,[-0.97051707  0.08747686  0.22459834],[-0.06127671 -0.99074795  0.12109364],[-0.23311324 -0.10376079 -0.96689809]
9,174.78619282153562,44.83353746708198,35.47612372765561,1.896163268021969,1.311140020347583,2.327190097069919,1.9077497383681574,551.7735074408687,551.7371242383044,7.996984878720172,[ 0.25444984 -0.96655386 -0.03207672],[-0.17861735 -0.07956791  0.98069608],[0.95044785 0.2438085  0.19288933]
70,166.1118291541841,99.09535458887697,102.61170986842927,5.1700249512402126,3.5850617763321977,4.91587608342904,4.774551975414492,1832.8521876655855,1832.6510691974415,53.61419575906564,[-0.6081069   0.23389441  0.75861677],[ 0.23349029 -0.86064534  0.45251727],[-0.75874125 -0.45230852 -0.46875229]
9,6.78724097549034,152.74344088639324,46.245994037982584,1.808091183057779,1.6935998428483527,2.265209034828815,1.5966534050583636,479.29369409716185,479.2469584801647,8.857500116067609,[-0.83272143 -0.12627199  0.53910148],[ 0.55206361 -0.26396902  0.79091474],[-0.04243571 -0.95622996 -0.28952283]
195,85.52590628300959,181.2340310816986,101.14376923245052,5.198756500179639,5.725277652632568,12.37480944840903,6.772863222948436,3140.6566383946856,3136.7082613900875,180.79264189382744,[ 0.82475188 -0.51694919  0.22923324],[-0.41833429 -0.28499031  0.86242503],[0.38050067 0.80718279 0.45130387]
43,184.63227219902015,185.05620416232247,9.701158554686325,4.52245383444288,6.425272165347539,3.185891279064971,3.9636049372097215,1716.1664227219296,1715.6412965346321,49.22287834029359,[-0.22986659  0.17929031  0.95656486],[-0.6701764   0.68355448 -0.28916582],[-0.70570882 -0.70753676 -0.03697021]
41,12.617519645145357,97.27623688975008,170.5041922361062,5.572794873112402,3.4074195847402184,3.1586553863388893,3.9682422558274046,1260.3087790727598,1259.8777610231448,38.955031446532104,[ 0.27089478 -0.84458943  0.46182759],[-0.96045178 -0.2050483   0.18838145],[-0.06440801 -0.49459468 -0.86673393]
32,116.45506668219653,5.9586718235810485,112.8537325318825,5.082255075502565,2.1648789443296836,3.949166490849639,3.461963629904972,918.7002417152713,918.2476603200579,33.02231599964749,[-0.07603664 -0.98849553  0.13074793],[-0.6921085   0.14671632  0.70672494],[-0.7177773  -0.03675476 -0.69530198]
1018,105.09696337585652,117.82484378828235,177.02973577548903,14.093999802145245,16.413899975235427,12.2046206365546,10.909238425589175,7597.731465591311,7588.886104776998,707.3437074039758,[-0.80279742 -0.1503213   0.57699203],[ 0.39882794 -0.85472759  0.33223038],[-0.44322971 -0.49683423 -0.74612544]
20,140.90219015094448,187.7438023403173,116.096793901523,5.120308789530923,3.321863306512798,3.194363174479079,3.088920222559879,1171.4789178485582,1171.3081176281848,27.528399975852146,[ 0.14017026 -0.5947002   0.79163374],[-0.83114982  0.36383573  0.42049202],[-0.53809132 -0.71690672 -0.44328601]
85,38.085806340762566,86.44742644010323,90.91710520235965,8.913586785339486,4.468409691554739,4.600748291475294,6.405823363211344,1212.4180232111528,1210.8410870884802,81.48008896869526,[-0.03218837 -0.71753985  0.69577329],[-0.95574046  0.22578356  0.1886318 ],[-0.29244501 -0.65890693 -0.69304948]
42,47.43298699715193,46.957419365047194,57.36650918685322,7.594075646822441,4.100142532463329,5.0385319682874306,6.667212497630926,573.7505523209153,572.3212719568944,47.90718666097547,[-0.58859816 -0.31414304  0.74489352],[ 0.59990111 -0.78737766  0.14196858],[0.54191408 0.53042489 0.6519038 ]
39,80.319442483664,89.97843519695519,65.40998551544108,4.095942814608942,4.156464493794184,2.473427416921206,4.531174272082325,857.6502315034836,857.4493304794787,27.609410346170527,[ 0.06465871 -0.62362632  0.77904394],[-0.80815695  0.42524858  0.40748741],[-0.58540721 -0.65593739 -0.47649192]
56,111.21435535549611,52.07248365250373,4.973528442359661,4.5234763094393475,4.538649648281692,3.232350682163688,5.3682269919623735,921.0653466456132,920.8112626394511,35.55938841313343,[-0.32345829  0.62309971  0.71212463],[ 0.27724957 -0.65714425  0.70092375],[-0.90471399 -0.42415585 -0.03980463]
8,73.43327565283616,185.93147027665793,18.486460013416995,3.263971750927197,1.7865060343345507,2.6289866908644686,2.3588078056572006,567.9714281101643,567.8861754180473,11.007482050192067,[-0.61517046  0.16634531  0.77064554],[-0.69836008  0.3386449  -0.63056549],[-0.36586679 -0.92609334 -0.09215541]
127,64.00670028209396,188.0255375141071,74.14097369714777,6.026004907576665,5.282357036610715,7.560822503032509,5.025043223269199,2391.578043290806,2390.726925203593,110.6153682595507,[-0.8281879   0.06206409  0.55700346],[ 0.47223808 -0.45794282  0.75317964],[-0.30182114 -0.88681251 -0.34995367]
347,16.121624128406612,187.2937786498797,106.85426741194044,7.178304189668518,6.628411518868877,10.967369211988387,8.128810798856657,4035.2345900494756,4032.829365813551,228.14009224943385,[-0.97526303 -0.03994586  0.21740824],[ 0.20799328 -0.49882237  0.84137687],[-0.07483857 -0.86578321 -0.49479149]
42,126.87932290347192,115.53596329406926,144.06178515296406,3.4214801647289175,4.694062745053842,3.2404588057724633,3.6876327433808798,1452.5802388761342,1452.3417361485835,35.92807529492634,[-0.63205366 -0.22901499  0.74031095],[ 0.52902707 -0.82559621  0.19626832],[-0.56624953 -0.51569664 -0.64297623]
9,144.81663232696047,72.5656069383653,114.8381267990946,1.952123007618743,1.7655655284881986,1.8662622647810456,1.5006396899708137,595.7419744681564,595.7037022408367,8.576134713620073,[-0.44395497  0.89602624 -0.00640012],[-0.52053179 -0.25208142  0.81578282],[0.72934946 0.36550231 0.57832294]
119,9.115381457705103,40.254372310297,74.85780110066719,4.163593680475447,6.384677922642114,12.614591918117886,10.957260529449842,944.9762796632901,941.3530253187938,108.10593622593366,[-0.96903955  0.24627215 -0.01767421],[-0.22482638 -0.85053285  0.47544397],[-0.10205611 -0.46469764 -0.87956845]
85,20.988961024861133,4.651559655404256,118.39179314733062,6.110686650559065,3.822523775099708,12.560005793398728,12.76298296965902,1116.8801408280813,1115.9988398900944,64.5730413484181,[ 2.15309990e-01 -9.76545562e-01  6.10887820e-04],[-0.96089362 -0.21174739  0.17845587],[-0.17414094 -0.03901033 -0.98394773]
2,100.6289533419582,130.37725394909978,69.41147302792669,0.9295922306322524,0.03833057935953832,1.3656829304053915,0.02096584145888869,252.7650999909901,252.75429818523085,2.3367760582956127,[ 0.61193814 -0.68385129  0.39734005],[-0.55544285 -0.01394032  0.83143786],[0.56304081 0.72948823 0.38837092]
10,13.280710909745101,141.92926930915547,2.6768209985232057,1.3120939957597384,3.2251404652128963,1.498149819105215,3.1866271696135344,450.9996123718224,450.99190851996525,6.4963352914469965,[ 0.8756706 -0.0729084 -0.4773734],[ 0.47385385 -0.0608076   0.87850154],[0.09307808 0.9954832  0.0186995 ]
8,169.38873208735868,187.95155967828785,37.29453298585112,3.1868367577974133,1.6584791027900223,2.4550731602454023,3.294199762421705,723.4645710245356,723.4532891609007,8.044331802241146,[ 0.66911981 -0.49264294 -0.55640059],[ 0.33699192 -0.4661597   0.81800463],[0.66235574 0.7348456  0.1459    ]
4,159.85641702137664,21.711049931976284,176.56781877061803,0.933084006837627,1.3636078076982459,1.3550192484485128,0.6413786812573703,478.3542167981857,478.341147930889,4.077460091561606,[ 0.53263676 -0.75121051 -0.38984721],[-0.51920037 -0.65379058  0.55044423],[0.66837793 0.09077802 0.73826167]
99,186.77022393808323,16.3383830638394,112.17780550525693,4.671786473693519,6.321481156402871,7.951835364721742,5.129293997136782,2176.291560831253,2174.8759802372406,98.6873286349238,[-0.22769595 -0.83488649  0.50111785],[-0.46659222  0.5452544   0.69641176],[-0.85466148 -0.07524755 -0.51370376]
97,63.18546260572903,71.90964107191628,172.5835481311071,5.782650549991914,5.450972956031701,5.461238777704079,6.60481026992152,1945.660992289287,1945.1694908110549,69.00519024663157,[-0.81594554 -0.36263338  0.45025538],[ 0.48108309 -0.85779842  0.18094454],[-0.32061182 -0.36425114 -0.87437358]
121,133.010650034741,93.2550914933966,15.486680126532372,6.180826247478738,4.556252381742089,7.2343461817171555,7.019887151376728,1798.312062945217,1797.0769515821387,86.84675935279938,[-0.57870738  0.81043614  0.09105504],[-0.02539131 -0.12950165  0.99125406],[-0.81513989 -0.57133403 -0.0955216 ]
62,4.315328432411784,66.32166374337234,108.89540458520396,3.05218498146172,3.5763301413902675,5.79894534751726,5.2618408945307245,1005.9890923083047,1005.6341786829634,41.781803681700644,[-0.94910873  0.28431279 -0.13549487],[-0.31314216 -0.80586091  0.50252381],[-0.03368392 -0.5193789  -0.85387994]
305,118.3532475460741,34.84782189753976,164.33442143452513,13.46385751642558,6.613326642463022,7.035222785236789,9.292511888830361,3598.7202191395863,3594.3204225512554,237.48074942369547,[-0.04901022 -0.96928252  0.24101741],[-0.81521287  0.17824192  0.55105154],[-0.57708403 -0.16947334 -0.79890726]
27,9.988018195079967,112.74367652533995,192.48080828088254,2.299448467590867,5.099182053157777,3.8696521636295427,3.2632072605150984,1160.7508625044964,1160.4417296782951,30.945349058181055,[-0.9883949  -0.10297503  0.11167656],[ 0.14515264 -0.85700056  0.49444994],[-0.04479088 -0.50492195 -0.86200209]
185,169.55867362952884,127.43532628234446,84.37380074744823,7.895012705783569,4.794356190109231,6.901631055679663,7.99292619321644,3107.8490242547455,3107.7248244057932,113.0692209066798,[-0.16330936  0.68692208 -0.70814413],[-0.64914598  0.46569733  0.6014445 ],[0.74292634 0.55791043 0.36985998]
4,120.84042672535178,185.05154331186782,65.47197410310784,1.0026012732678293,0.7186162887610478,0.8223347476098711,0.9845016610750702,461.02080098567853,461.0173211118044,2.2199027462602197,[ 0.68432145 -0.59567183  0.42057013],[-0.50682332  0.02611503  0.8616543 ],[0.52424639 0.80280326 0.2840293 ]
93,163.6287885324755,31.400920376548328,121.63529043178455,5.809806834965166,6.14540276828808,7.006357219466898,5.483676607957361,1991.4936026222251,1990.8200411312,91.3940821334543,[ 0.04430571 -0.97995044  0.19425275],[-0.60749626  0.12793436  0.78395223],[-0.79308594 -0.15274138 -0.589648  ]
59,70.87101479897272,162.32119498949493,118.21079969538935,7.123881566130351,2.76466869809939,5.8867321688590435,2.515848197064661,1637.209880750009,1635.8734651006482,71.49618074845411,[ 0.52675275 -0.63855378  0.56105313],[-0.782166   -0.10570824  0.61403755],[-0.33278806 -0.76228265 -0.55513716]
48,18.687162897188067,22.24909947779268,163.32287689614805,4.549359151950446,3.8554587187519584,4.073988076860595,4.372534814040655,1150.1139884549798,1149.9771454242266,39.78299759575288,[-0.08213194 -0.98616892  0.14396248],[-0.99021646  0.09709869  0.10021576],[-0.11280824 -0.1343231  -0.98449561]
43,175.70225395472983,101.71108923482721,154.72930214890175,5.514318328333879,5.347143377197728,6.581754849148099,3.6444504178645114,1675.0819728515576,1674.102381576968,61.913872947368866,[-0.04315985 -0.81163891  0.58256288],[-0.72431925  0.42703735  0.54129541],[-0.68811253 -0.39859928 -0.60631656]
12,4.367243853794425,179.71127094754618,145.2193114023135,2.094137240200021,2.963990809329979,3.74831225229497,3.208194903066339,800.7239637893558,800.6153529841785,14.218769123085577,[-0.88403438 -0.28059984  0.37382742],[ 0.46703881 -0.56263522  0.68214101],[-0.01891982 -0.77762802 -0.6284399 ]
11,4.266644953112085,163.79904579177352,97.47793276064861,1.1234814365723444,1.635251668503582,4.38890005369023,3.4146811979805207,632.5316261643023,632.4507580404002,11.23791856282748,[-0.99485609 -0.03138109  0.09631509],[ 0.09878508 -0.51103284  0.85386588],[-0.02242493 -0.85898816 -0.51150412]
39,6.172874191135022,184.17313007371447,57.381316722306366,3.1045535155632273,4.27289058678547,2.793691365972309,4.217552127455422,1205.758135489949,1205.7217799831358,26.513507870927345,[-0.58822645  0.25846331 -0.76628087],[-0.80805905 -0.1502437   0.56962041],[0.0320971  0.95426597 0.29723093]
33,83.15648116741053,141.4113335025982,110.36585075456735,2.37250059666538,2.8041776482691527,2.9993194669153294,2.519173700154608,1136.0458672946559,1135.9906899268753,23.088315262318698,[-0.3441014   0.69501549 -0.63130634],[-0.83951807  0.0733628   0.53835611],[0.42048024 0.71524218 0.55823382]
63,132.62709264927318,166.1416295388331,84.75509698469605,4.122143997864315,4.874801399808506,6.708006002645592,5.250681152401248,1817.785613273654,1817.2019355791585,60.54377176884543,[-0.81457748  0.50188005  0.29082632],[ 0.02518944 -0.47029793  0.88214814],[-0.57950757 -0.72590376 -0.37045203]
191,14.394362839260697,117.83693616218063,107.34783192281162,6.930625295004173,6.493152044272121,13.668028771601453,8.27621454718703,2222.138050203444,2216.6228101108263,199.82340385773557,[-0.97407517  0.2058097  -0.09391452],[-0.20740462 -0.64667466  0.7340267 ],[-0.09033767 -0.73447549 -0.67259561]
54,180.50934205169176,193.37528874828382,178.69567536495836,5.972271292706394,3.7394341185604354,4.448611892788698,4.392286311303338,2346.5920241834247,2346.1814872239224,51.89477308316356,[ 0.56146065 -0.77985859  0.27673547],[-0.60408474 -0.15771545  0.78115777],[-0.56554715 -0.60576102 -0.55965169]
158,168.23655004382485,150.23463812953747,141.76115408517953,7.415547703437877,8.834013503498378,4.879222726315969,5.597561647170406,3351.854114466053,3349.83541215208,140.79394854948183,[-0.5593806  -0.14376802  0.81634803],[ 0.53684502 -0.81322443  0.22464073],[-0.631578   -0.56391204 -0.53208311]
3,124.78828946504063,90.95043312663266,79.6502235326693,0.8755744945883348,1.3111332687408033,1.130235764569397,1.802151354824592,300.95784582050703,300.956713449234,1.2449767478747908,[ 0.02393217 -0.67701588  0.7355792 ],[ 0.69543489 -0.51731451 -0.49875446],[0.71819048 0.52348371 0.45844   ]
15,15.462691771121326,196.44990764965056,15.025506127901318,3.1553688312982353,1.1582748904542093,1.5013799361757802,1.0030574873836877,765.5274143113662,765.4470138983946,13.7119036462904,[-0.11793772 -0.06650135  0.99079174],[-0.98993701  0.08644753 -0.11203367],[-0.0782011  -0.9940344  -0.07602757]
26,16.76765583918494,104.46620117155865,30.835553148861763,4.076030847166801,2.430587380664705,4.6987045563361685,2.514886413593093,562.5934736292697,562.4628500766838,31.5006550670887,[-0.85494373  0.26826718 -0.4439639 ],[-0.4959719  -0.17207648  0.85111783],[-0.15193124 -0.94785147 -0.28016869]
23,171.95853854475598,61.13334078014122,28.66193506574832,2.5465939025050397,2.3534411210965396,4.486278575241066,2.6737255656439376,886.3407213108522,886.1254487362503,23.940721627405708,[-0.31524961  0.94170481 -0.11751486],[-0.18499003  0.0604751   0.9808779 ],[-0.93080415 -0.33096045 -0.15514125]
25,5.72195764351147,176.8971656279765,197.12122541016168,2.7509665322165513,4.82495707497051,1.451298396528504,2.849621228804064,1324.8363524103943,1324.741675738991,24.94237980382463,[-0.99450097 -0.06191399  0.08446586],[ 0.10247336 -0.7417185   0.66283699],[-0.02161101 -0.66784753 -0.7439843 ]
42,48.29842071091035,152.03394804716527,187.52887921552866,4.608986265232196,3.4890136672020593,3.7952558575822533,3.8915887538975382,1596.0726440565732,1595.864291218585,37.06559582329303,[ 0.01249999 -0.77830083  0.62776712],[-0.98051152  0.11356082  0.1603156 ],[-0.19606352 -0.61753684 -0.76171343]
10,196.40851827915975,185.86918214814673,19.729307231003087,2.1110977029750617,3.7493064356939656,1.5051484140254394,1.347638186897615,857.5100251934456,857.4150447089394,13.772351168158922,[ 0.09610732 -0.20495131  0.97404227],[-0.6826947   0.69855823  0.21434633],[-0.72435581 -0.68557374 -0.07278261]
303,94.98856567087623,88.22143735544022,81.83178797557686,12.223576417319912,15.015593388013947,7.541048612202033,9.514878984542579,2690.0865025067915,2676.6007752423543,321.3605537242726,[-0.29908718 -0.45484894  0.83884403],[-0.7269568   0.67806148  0.10847319],[-0.61812674 -0.57736043 -0.53345503]
22,9.783050358232918,5.453097309266314,16.970131684541386,2.7429277402384433,3.0646993048430415,4.022995931602726,3.84957465298969,98.32117863981875,97.92297517889484,19.783011084685818,[ 0.22439107 -0.95617447  0.18809317],[-0.85312379 -0.09946238  0.51213967],[-0.47098668 -0.27538632 -0.83805365]
34,192.00544788074941,98.64923939374238,193.78680796236705,3.287377919290464,5.574589896580708,2.248474147783919,3.839317868372324,1691.887294663508,1691.7116432534644,33.09280220180729,[-0.67785304 -0.10884378  0.72709579],[ 0.32006236 -0.93403286  0.1585645 ],[-0.6618726  -0.34019943 -0.66797381]
89,26.200000478322977,148.62288278182288,102.19053441004806,7.3899424053128895,4.715869378501664,5.834357932239726,4.807073367237063,1721.6400876851978,1720.662879230487,88.52196099005005,[ 0.22763627 -0.57865209  0.78316249],[-0.96316331 -0.01554894  0.26846725],[-0.14317178 -0.81542626 -0.56087596]
35,54.68338618847521,74.80892298143804,5.715161905761933,3.797018606127248,7.7000029067815525,3.8817305051370163,5.964255114977698,551.7776452698487,550.696527012725,42.90436191182678,[ 0.24673291 -0.25230172  0.93566378],[-0.77137785  0.53330704  0.34721723],[-0.58659959 -0.80742024 -0.06303556]
56,26.013731735433502,158.0902882413334,41.23080136120278,3.5408226651956705,4.691181306569653,7.4891870564701435,5.7885425370264985,1239.757485248725,1239.0594275884423,56.90334869556621,[-0.97909115  0.18376053 -0.08725018],[-0.12932603 -0.23122207  0.96426715],[-0.15702008 -0.95538915 -0.2501525 ]
71,40.86658747609174,55.94475236417971,80.41579091181679,6.172765574596869,3.7118929150978626,4.697209154189754,5.7838709174045455,896.9637121311468,896.0521883094494,53.87879687108766,[-0.46300826 -0.59972852  0.65264773],[-0.79776022  0.60285576 -0.01198161],[-0.38626673 -0.52620398 -0.75756675]
71,145.5530318260444,94.12107364378922,97.38332295475861,3.9391652786224043,3.5127960345910525,6.753618376905986,3.629178418518199,1676.5438377153655,1675.800436455917,65.56157585684558,[-0.58320452  0.80712887  0.0917359 ],[-0.3520621  -0.3529168   0.86689216],[-0.73206883 -0.47327869 -0.48998216]
344,16.3046873379407,32.67549593812603,137.49063545230695,6.348165457705628,14.739640000568205,12.352923641068768,9.582065456748648,2662.385606641096,2647.56156978654,327.8749262392253,[-0.98764946  0.13142769  0.08529541],[-0.10796189 -0.96539005  0.23741583],[-0.11354636 -0.22527496 -0.96765615]
42,31.357569576128054,22.224295369430138,69.23095472776332,4.534828900949989,2.739999660183376,4.5258205686606425,5.16533174745474,515.0020807168471,514.4485646346612,29.76692736560184,[-0.64776504 -0.58944719  0.48265149],[-0.64993074  0.75810259  0.05357703],[-0.39748017 -0.27898471 -0.87417221]
30,169.44745040484992,24.37406681114792,80.05303519961011,3.426459875667029,4.041688125109548,5.1371812362128795,2.083006151316186,1035.814805914232,1035.2529969367242,38.835960574325846,[-0.13430729 -0.8324391   0.53759343],[-0.42192457  0.53891462  0.72907523],[-0.89662769 -0.12890375 -0.42360667]
123,15.62061560394085,82.86142747458183,50.45337817907622,7.409490466491613,8.810021844594633,4.966351918161264,8.084318097061946,1097.7977769405074,1094.191721395628,107.33010225374777,[ 0.73367428 -0.44908285  0.5099477 ],[-0.65978654 -0.2913532   0.69267239],[0.16249239 0.84465254 0.51005716]
40,27.1258110391503,12.81112376658488,87.20923774617908,6.295686849195039,2.619280165165665,2.2216612710846206,2.9865151067127016,584.8427307797019,583.7882630475116,41.178438562539434,[-0.21148461 -0.95541543  0.2060476 ],[-0.93164443  0.26079268  0.25303327],[-0.2954876  -0.13845046 -0.9452611 ]
126,178.64632860522138,119.81533797897967,117.88812432759372,4.856560823399566,6.957010929925512,9.22708238719902,6.404554539374146,2756.458081979868,2754.8331311243896,121.34018928267072,[-0.64609384  0.72336747  0.24352054],[-0.22878244 -0.48792538  0.84237012],[-0.72816299 -0.48853692 -0.48073936]
2,179.61912757239557,141.8865376862169,1.1843877125089053,1.2082496891981975,0.9039324965116435,0.08337839372800637,0.38822624234988723,323.72366998392494,323.71708040383794,2.065517532298027,[-0.03858822  0.04051583  0.99843348],[ 0.61866741 -0.78367521  0.0557118 ],[0.78470478 0.61984807 0.00517481]
8,73.20666171584277,194.0278389016599,34.45489221621837,1.6384171530617908,2.6543284332795114,3.157170532817813,2.618119195884573,594.7175194973313,594.6549278067672,10.112633215434917,[-0.75309725  0.3795657  -0.53737735],[-0.55824275  0.06356828  0.82723885],[-0.34815165 -0.9229783  -0.1640167 ]
69,108.07288929873941,150.11392567776335,40.54335270103,5.032263080091505,3.6269935619119846,3.826979582954213,4.2948481360973805,1573.8048358794647,1573.6684783665896,48.99113046240206,[-0.4169652   0.05529878  0.9072387 ],[-0.70726995  0.60718596 -0.36206965],[-0.57088461 -0.79263312 -0.21406425]
9,181.3020717057906,21.635220380461767,26.421108053625673,1.7732768834915842,1.8737309929668735,1.6304873130087396,1.7424554931489558,553.5353678357463,553.5057062275812,7.513976486493535,[ 0.18201198 -0.47140056 -0.86293287],[ 0.03359824 -0.87409792  0.4845864 ],[0.98272214 0.11719355 0.14325807]
8,28.340289549089395,139.74306651837912,33.046117086533464,0.741230744841664,1.6433473879341627,2.5869660606477356,1.2058349174314213,414.0777543492933,414.00978016238093,8.250690560847401,[-0.96955604  0.15100557  0.19276516],[ 0.14995973 -0.25616776  0.9549294 ],[-0.19357988 -0.95476458 -0.22572425]
110,149.58799834262115,180.6781368552264,191.0582445161759,4.5419761998072365,7.892269584975021,4.966342081909665,5.445690944188481,3174.4643549302536,3173.8288918974345,92.86941958400648,[-0.74595952 -0.08143043  0.66099431],[ 0.44627517 -0.79782683  0.40535271],[-0.49435095 -0.59736206 -0.6314869 ]
58,178.19709482769625,109.10985972420744,11.218873327200681,4.044561293632055,4.117429926222714,2.95024479773413,4.380507104140174,1594.200391926993,1594.0939226337464,36.42636741145168,[ 0.00645191 -0.11273657  0.99360396],[ 0.52417762 -0.8457917  -0.09936917],[0.85158452 0.52146608 0.05363701]
119,162.63929848002763,161.74240233205768,6.433526676989741,14.192384225891606,8.20524863667909,4.176231577334207,6.208879955658197,2509.5317028768504,2504.513102901275,171.2303035494992,[-0.04183376  0.00250009  0.99912146],[-0.7032684   0.71023845 -0.03122345],[-0.70969254 -0.70395674 -0.02795371]
142,53.841883225232095,30.935701077733977,135.44168732792204,7.776816970813703,6.983617074704327,7.704522679176896,5.940784758189029,1780.3909306477658,1778.7469741775978,138.09689665583028,[-6.34700337e-04 -9.74799590e-01  2.23081501e-01],[ 0.93291756 -0.08090653 -0.35088311],[0.36008947 0.20789394 0.90945901]
5,171.29439349951954,60.43997109085181,125.01722510466448,2.002152029758312,2.080815457964352,1.4302599493740902,2.4586791650713145,493.1248519452131,493.10310199110694,4.659497849244564,[ 0.56801978  0.08370419 -0.8187473 ],[ 0.27186672 -0.95805437  0.09066596],[0.77681531 0.2740902  0.56695021]
12,94.64933046913994,41.960072574198165,106.62185855965834,2.136880678936198,1.425437463376971,3.116395626612006,1.7550343498391099,514.9937069791937,514.8884895789331,12.629586273684094,[ 0.36317159 -0.93069042  0.04383763],[-0.68015282 -0.23266343  0.69516896],[-0.63678767 -0.2822819  -0.71750846]
4,4.564519825237961,83.88892144401345,34.18696402352825,0.7674979778448402,1.41931436135873,1.3691061453694662,1.4735887640741263,181.44934224150424,181.4338256777256,3.033594526992131,[-0.96765115 -0.04820718  0.24764355],[ 0.24720923 -0.37720812  0.89252542],[-0.05038703 -0.92487302 -0.37692313]
15,194.91638647088965,39.96063966528381,94.94395721684391,1.6305305028223098,2.4913551199754513,2.254193776848535,1.8446289695143518,853.9257104261305,853.9198710095927,12.581913089132087,[ 0.38711855  0.23198521 -0.89236881],[ 0.26169382 -0.95567448 -0.1349171 ],[0.88411287 0.1812985  0.43066842]
2,178.8676040098014,18.86454445556155,3.8258194643800536,0.653314888147122,0.5427980584998053,0.3386501635243233,0.7136811536131802,254.4207689254384,254.41948450294444,0.8084342071605538,[-0.0419273   0.56469933 -0.82423102],[-0.09845138  0.81860653  0.56585393],[0.99425823 0.10487141 0.02127346]
9,189.0586653978772,62.37341389397929,79.28053382481322,1.4550311953963861,1.627082213165775,2.641768524190718,2.093518837157808,642.9340560340074,642.9020888514115,8.156696333410268,[-0.10099766  0.8846779  -0.45513128],[-0.45984683  0.36416033  0.80989391],[0.882236   0.29108807 0.37003698]
36,193.2005165851488,178.35018989811675,137.7597406737762,3.5782761680622603,4.366290324821006,4.272322759872578,4.504534441539792,1781.4548599004638,1781.3181247062178,32.66994884442643,[ 0.50119796  0.11924479 -0.85707717],[-0.57029478  0.79044451 -0.22352035],[0.65081831 0.60081458 0.46417386]
7,83.24117836956111,18.205522494412033,56.48771173756034,1.4625215325905792,2.293869967998823,1.9388743375994286,2.0730103615798865,270.6165042263772,270.54451204349283,6.940092102827076,[-0.40686118 -0.50399681  0.76187348],[-0.41431963  0.84511858  0.3378074 ],[-0.81412728 -0.17821842 -0.55266171]
466,50.25673698793402,35.81219796802807,104.37311423485473,18.685520381161314,12.365778376367484,9.444500715021153,11.68771141049256,2659.546104225082,2641.0578699033927,452.709651981143,[ 0.37072623 -0.91859241  0.13693082],[-0.82768685 -0.25989583  0.49738178],[-0.42130338 -0.29772831 -0.85665706]
3,116.69437442463459,14.745408273334341,24.070867339481257,0.7345812729181804,2.357367766634951,1.7289162210730558,0.7761659229027893,208.0142171195237,207.95583254596585,5.043540476607937,[-0.2351072   0.51743146  0.82279359],[-0.00283488 -0.84688351  0.53177089],[-0.97196531 -0.12269064 -0.20057527]
3,196.13630822722044,77.9444540791677,196.26049655201598,0.8497469373928755,1.1378708586814876,0.7615395106800589,0.8018448036259356,499.1960238269109,499.19022728955355,2.4204027630509852,[ 0.70156219  0.02758508 -0.71207412],[ 0.21135401 -0.96234315  0.17095365],[0.68054388 0.27043434 0.68097378]
5,45.61579019156783,103.26709594623826,53.484659120237964,1.2292666388776763,1.4995590356287574,1.3878234411464831,1.7377879371213811,279.38238275663286,279.36358027942566,3.654354555959688,[ 0.61085045  0.1343539  -0.78026326],[-0.70252069  0.54646889 -0.45589081],[0.36513889 0.82663219 0.42819716]
10,12.60038787301507,197.3206195258345,31.132492368974432,3.2410751288630606,1.7350783308576467,2.871012419643007,1.755292198608948,633.1128182578427,632.9967887977049,13.673155673072667,[ 0.6321522  -0.15997225  0.75815069],[-0.77228701 -0.0506534   0.63325114],[-0.0628997  -0.98582103 -0.15556515]
21,164.46112586190856,40.81186798522398,95.1109020022007,2.2252488755170488,3.5906092385980966,5.658313128367021,3.307809517187606,891.0115041531183,890.6530729892611,28.53468259701264,[-0.04729948 -0.885658    0.4619228 ],[-0.53083416  0.41402169  0.73946003],[-0.84615475 -0.21022832 -0.48972053]
15,131.8047764721585,128.51110947274955,49.55648091515231,3.4390224115334216,3.377619316656815,3.5118313874062443,3.5675664931899167,738.6728698009205,738.5083542109516,18.39351456265321,[-0.67743129  0.72990688 -0.09122936],[-0.25099249 -0.1127851   0.96139601],[-0.69144025 -0.67417762 -0.2596053 ]
13,17.425949695077712,72.94576992460364,190.8966461524296,2.597259875951614,3.3205059655935147,2.3562648246042706,2.7158405667791574,739.6531138728681,739.6193667683618,14.356800344427441,[-0.95462531 -0.23849463  0.17835592],[ 0.28541542 -0.90365207  0.31929763],[-0.08502093 -0.35571513 -0.93071918]
18,109.09869427979078,15.812150021270611,14.13879756017582,2.8552475682556726,3.471889675360128,1.4018537836846012,3.2022338385592994,471.91740557851784,471.7668436162745,14.715944332537344,[-0.13500741  0.04683503  0.98973708],[-0.13544774  0.98863299 -0.06525885],[-0.98154313 -0.14286808 -0.12712908]
26,20.937255475304067,111.10554276101288,157.65642072174398,4.262031484390456,3.7223613945669483,3.4131024922102173,3.3258138411649325,989.7793514225036,989.4220976082839,29.08909796325,[-0.66207934 -0.5683589   0.48848655],[-0.74161483  0.59078073 -0.31778228],[-0.10797406 -0.57266595 -0.8126471 ]
27,144.89450957459553,101.74997787213785,65.44767403179657,3.94926514999479,3.3846401786573637,3.4532836305407213,4.506580496636787,981.298501499574,981.1835338215757,22.453591774151924,[-0.6108259   0.45148486  0.65042535],[ 0.19400572 -0.71109952  0.67579528],[-0.76762849 -0.5389795  -0.34676736]
100,43.39846468044861,22.00195687060328,5.15428074719836,10.442483833753402,5.008264280547786,4.4344362921769145,9.443665394036126,503.14466863738335,500.4127254241819,77.50431085425099,[ 0.04441321 -0.31831435  0.94694427],[-0.44796476  0.84089707  0.30367696],[-0.89294739 -0.43768493 -0.10524667]
20,100.6515931488904,56.97534169855008,18.82507300251949,2.4965879659221413,2.7518006995661315,3.1292080266471682,2.1559207221643617,524.3579805609877,524.2763164968687,19.483064054903327,[ 0.29821665 -0.73001102  0.61493962],[-0.41625898  0.48029657  0.77203864],[-0.85895011 -0.48620892 -0.16064121]
17,5.087928352349246,26.958074114064992,9.589334615749157,1.8741867345905954,3.966280439125171,2.6437285896961087,2.9730310149698354,121.4031398838985,120.80424836775953,16.591136201976422,[-0.98389402  0.14921247  0.09842865],[ 0.04378992 -0.33266567  0.9420276 ],[-0.1733061  -0.9311655  -0.32077376]
2,146.64722179555082,60.81930943617513,133.4522334520466,1.0349756757521646,1.1745497018560407,0.8246515260191813,0.5455999662940627,293.3156165831512,293.3059576364759,2.3803668843418,[ 0.59269032 -0.74208437 -0.31309577],[-0.38567127 -0.60275039  0.69853392],[0.7070897  0.29326225 0.64344495]
56,29.294347466557156,18.4272100518614,191.4017740878286,3.007392768702134,6.0878037888256396,4.794132509733731,4.582773837742848,1456.685679216488,1456.1410056191194,51.79327463602941,[-0.98450029 -0.07631922  0.15790678],[ 0.09004705 -0.99258222  0.08168269],[-0.1505015  -0.09463568 -0.98406981]
7,180.25420066496645,40.18798505248359,142.863741243676,1.8281484408698623,1.6447614623965203,1.7642333876975802,1.284393087176161,617.7994129616634,617.7648743234754,7.244147680580949,[ 0.26407628  0.78877597 -0.55506412],[-0.57816093  0.59009308  0.56348922],[0.77200625 0.17211225 0.61186904]
38,1.856308401349167,91.84868258730431,67.86270919508104,0.8798270323508722,8.007906393907689,4.4844860584834825,7.112497208596221,706.336104501416,705.4640278003394,35.898037112590096,[-0.99971088  0.00255753  0.02390866],[ 0.01773239 -0.59313672  0.80490645],[-0.01623968 -0.80509769 -0.59291988]
27,186.58143179469505,30.429524222167228,157.6329956001471,3.405777446018743,6.4017761385261025,3.1473306053643464,3.411578936456384,1279.5902708135047,1279.1944467753556,37.00044785632065,[-0.65016324  0.06532888  0.75698078],[ 0.05161895 -0.99019685  0.12979088],[-0.75803908 -0.12345981 -0.64041739]
24,139.09155351589047,67.22872190757494,16.354284131335174,6.349870153778732,2.277672755597716,3.3428282758564616,5.9564704664102175,761.877438276976,761.6906708785225,22.46842179986299,[-0.31927497  0.45860732  0.82930261],[ 0.30987585 -0.77647467  0.54869304],[-0.89556711 -0.43216481 -0.1057976 ]
6,72.61890448861328,13.973512301774903,183.50846169983515,0.6924218304259643,1.0444127071786125,1.6122518131996828,1.4809397952788017,484.65134144000996,484.64486844683296,3.4499503705878807,[ 0.65021718  0.69357663 -0.31011141],[-0.66521789  0.71691095  0.20862368],[0.36701877 0.07064096 0.9275274 ]
2,175.58141480699098,11.057559608327727,34.03485037821234,0.37332021803229054,0.032484837120106747,0.45210561987201103,0.27792293323382466,253.41593759321853,253.41488169729826,0.7315467137031203,[-0.04200525  0.9934712  -0.10606849],[-0.19523684  0.09595374  0.97605095],[0.97985618 0.06170774 0.18993161]
55,61.78249506018355,179.96095784400478,102.77651797040227,4.060028330367633,4.597625173041841,4.630167459901252,6.077785289859116,1604.6435681175694,1604.5776557797153,34.787066014599056,[-0.1563503  -0.44895016  0.87977175],[ 0.94546174 -0.32572818  0.00180445],[0.28575635 0.83207266 0.47539289]
5,198.37896350237423,186.81774933190266,100.7789802819402,1.0494316315671344,1.746179439180781,1.9999931520352376,2.062056928322776,649.6879689496467,649.678690991451,4.418214282671766,[ 0.73051512 -0.60864346 -0.30967854],[-0.01200396 -0.46485268  0.88530666],[0.68279101 0.64301254 0.34688805]
19,118.98173352284168,180.06705282469943,83.51254370502949,2.400059219275617,3.4119657998096655,3.0144038822352566,3.4582325803983074,1008.9710624638076,1008.8612722813664,16.681158827162996,[-0.83926459  0.36968551  0.39870736],[ 0.17684815 -0.50782037  0.84311518],[-0.51415919 -0.77810738 -0.36081746]
6,1.0709998716591729,21.097647493102794,114.00356483400564,0.5338130343430589,0.9780939807648408,3.267491805054511,3.0873859056655997,284.1270821707464,284.1082339276979,3.765222200821364,[-0.99985223 -0.0125955   0.01169892],[ 0.01451084 -0.98327617  0.18154177],[-0.00921666 -0.18168471 -0.98331364]
2,7.967816005148943,42.77166092313385,126.50831895203402,1.6020782070819921,0.17297804025111319,1.6367734671333452,1.5075578662058857,189.22225787391787,189.20639168638897,2.4503509789889315,[ 0.20760167 -0.93057577  0.30154649],[-0.97640732 -0.17840338  0.1216593 ],[-0.05941629 -0.31968887 -0.94565783]
14,24.483025313176945,41.42377652811304,90.08190423725249,1.2914331670927655,3.43381573125686,1.5782584683714342,1.6040290202138223,382.4014374828501,382.1947141610275,13.625656430237173,[-0.9458264   0.30251253  0.11789233],[-0.21894799 -0.86241815  0.45639534],[-0.23973779 -0.40585847 -0.88193236]
