N,MEAN_X,MEAN_Y,MEAN_Z,SIGMA_X,SIGMA_Y,SIGMA_Z,SIGMA_R,LAMBDA_1,LAMBDA_2,LAMBDA_3,EIGEN_1,EIGEN_2,EIGEN_3
1560,89.13220975567722,120.92103296745283,143.194243071327,14.111462223742196,35.79833491872201,11.277702573941282,25.357277700275684,8335.877671380475,8272.703037256728,1213.931791546429,[-0.89986104  0.21209587  0.38113706],[ 0.0817543  -0.77631202  0.62502471],[-0.42844644 -0.59359497 -0.68123319]
115,60.76074720337427,188.1646414280267,74.36718772639894,8.941507324964263,3.9047519685376373,7.442623216571082,4.406764271375703,2267.923444917635,2267.2796960532432,122.90659220707732,[-0.14510836 -0.32299659  0.93520948],[-0.94660526  0.32035211 -0.03623541],[-0.28789242 -0.89053227 -0.35223604]
4,109.94316197836639,126.22588181447225,6.733901164544548,2.5603128364872476,0.643606128096093,0.8065133498055771,1.231038790405933,335.09888875363725,335.0699357400399,4.936832906934622,[ 0.03210516 -0.08111794  0.9961873 ],[-0.75378108  0.65254797  0.07742882],[-0.65634087 -0.75339301 -0.04019501]
342,14.889963689160071,188.299098281536,106.74561988761668,8.07820871855725,6.351302311185207,10.797730130599142,7.690677554570963,4019.270421419035,4017.423584341777,235.80753292225253,[-0.94892236 -0.09543321  0.30073053],[ 0.30790177 -0.48815445  0.81664052],[-0.06886832 -0.86752391 -0.49260473]
509,110.57823967786466,125.5743367018948,36.81476726611103,12.867085198424931,13.027509067216561,12.484967670760401,12.941500396132804,3887.241975859699,3886.208433212647,408.46942710163466,[ 0.19498832 -0.4297729   0.8816319 ],[-0.73855638  0.52713715  0.42031048],[-0.64537898 -0.7330905  -0.21462593]
18,98.07572759761683,57.85122813781152,18.81541150452391,2.4789419206331034,1.388851006181302,3.333534218356708,1.8891815623416088,489.923728556508,489.7877880375425,16.737762698218873,[-0.52117779  0.75353424  0.40069923],[ 0.07772765 -0.42564572  0.90154541],[-0.84990125 -0.50101085 -0.16326665]
719,178.5937836155113,92.5970638018695,64.2224247945565,11.91328277267117,12.952469708866875,14.677749392755358,17.092243357404858,5691.651754686229,5685.8365036291,397.93862389869,[ 0.27021766 -0.8430035   0.46511022],[-0.46291244  0.30982564  0.83049392],[-0.84421235 -0.43971943 -0.30651644]
15,18.3265366646566,76.89879089732246,189.8169952659945,1.3949372782291978,1.8871740438529934,1.1811686432072677,1.2748081072598905,796.4167616018784,796.3928560440002,8.897422159198289,[ 0.8805325  -0.46277637  0.10247213],[-0.46552996 -0.80371742  0.37056736],[0.08913118 0.37400045 0.92313558]
21,91.15738276142181,3.7841206933533273,185.98256262711843,2.240983538092354,1.8862026453487966,3.1179957697143177,3.1448542030633937,949.4812043906851,949.444161345169,13.302791057792595,[-0.50926375  0.82853761  0.23275709],[-0.73961527 -0.55963604  0.3738673 ],[0.44002238 0.01824637 0.89780141]
49,167.6249348326773,98.89135169569465,157.31488535479005,2.7896383239035942,6.996536920542522,3.285441347005924,4.57544200792301,1752.622370135989,1752.1271102065373,47.865331276203165,[-0.55948106 -0.28800339  0.77719688],[ 0.48838706 -0.8721655   0.0283798 ],[-0.66967083 -0.39545086 -0.62861721]
19,137.044965223736,82.03703729990583,93.56720493898617,3.672028211257623,2.810649171876278,2.6108841854635525,1.9389696126942788,807.1252635569566,807.0146231324123,21.544603910197093,[ 0.38951129 -0.89562076  0.21481249],[-0.54774897 -0.03775729  0.83579032],[-0.74044042 -0.44321309 -0.50528224]
303,15.463846623358261,30.10297017482194,143.26389253586967,7.6119793959745845,13.99768271780931,7.26444535999642,6.631989916560969,2576.883506186858,2568.337559341666,284.74500981819165,[-0.99002233  0.11475101  0.08178012],[-0.09498388 -0.97215461  0.21422761],[-0.10408576 -0.20432232 -0.97335427]
160,170.00375015248312,127.15567671400768,85.13098036619753,8.340658866496849,4.333715896935114,6.153492475598402,8.06070200017825,2896.125786246978,2895.60229702189,99.05038262245338,[ 0.39753793 -0.81469219  0.42218506],[-0.53775518  0.16595566  0.82660636],[-0.74349375 -0.55563959 -0.37213128]
487,106.35759294471178,108.53855670714631,186.92522102037506,14.835041810584105,14.126799435660324,6.756014761512894,11.989389580679106,5333.4085248437705,5326.88450303282,396.19039853935476,[ 0.59168447 -0.79617557  0.12654622],[-0.67382506 -0.40224521  0.61980528],[-0.44257121 -0.45199918 -0.77448529]
3,145.7920018582793,103.33886577767147,181.73306189604128,0.35050592366286565,0.4558679865803498,0.5131523149333855,0.3800540441176688,441.45797501771983,441.4565431601642,1.1616364697809172,[ 0.79297182 -0.05105502 -0.60711537],[ 0.20974886 -0.91269203  0.35071166],[0.57201496 0.40544622 0.71303033]
116,13.628341255562587,122.040809448414,103.79964430381969,6.822388780733399,5.521504703941605,10.2330243108385,9.144960024969185,1736.5367153523055,1735.9410073404686,106.09211852910208,[-0.951267   -0.13054792  0.2793713 ],[ 0.29616203 -0.63915231  0.70976924],[-0.08590191 -0.75791924 -0.64666784]
501,114.62638626094738,43.604087763273235,172.80766250617023,13.264062942640146,14.23679096233737,12.688942075057088,13.31981589875335,4765.785175739271,4757.8522905396385,428.55860673501655,[-0.39101503 -0.79591795  0.46219246],[ 0.74516246 -0.56851488 -0.34860256],[0.54022233 0.20809963 0.81538603]
105,37.65913174058156,19.309439600497875,193.91530200981498,9.664005302556589,6.284422731154138,4.11960648615569,4.997453089625502,2036.6627488945446,2035.46848131757,114.57315652698878,[-0.1455145  -0.98130395  0.12596862],[-0.97084914  0.16614216  0.17276788],[-0.1904665  -0.09715629 -0.97687418]
182,172.15776084078334,168.38855100331907,7.6838064410350135,16.11474679329201,14.463479803104876,4.979282671931256,17.235660484202672,3263.6507753885194,3259.5622560161364,185.67719200076368,[-0.01646284 -0.02993684  0.99941621],[-0.69914297  0.71491337  0.00989815],[-0.71479233 -0.69857187 -0.03269963]
5,21.33436212188884,140.73085314555505,154.36281972772306,1.1185487802815957,1.5202094081372441,0.4672965767847784,0.8808572962409079,469.5308088047755,469.5164453908779,3.8748054030120724,[ 0.79771494 -0.49643625  0.34234766],[-0.59441062 -0.55164306  0.58512045],[0.10162129 0.67025441 0.73514089]
19,155.87542218776815,26.107048462187358,125.64139421272644,1.5590672490423647,2.344845587320475,3.9706652694703704,2.462390934915351,880.2824404878763,880.1806001255896,18.324543150728402,[-0.08084502 -0.95114969  0.29795696],[-0.63054596  0.28032034  0.7237626 ],[-0.77192997 -0.12936295 -0.62240609]
113,106.28872050125246,106.97516418462378,118.47394388597439,12.812003680647331,3.8664803711338114,6.4003887809023094,5.998789546417449,2043.905207521808,2040.3893777421017,143.56445568706798,[ 0.16989598 -0.80259294  0.5718216 ],[-0.81401133  0.21276123  0.54047961],[-0.55544658 -0.55729457 -0.61717247]
13,63.34581391058535,155.680620513224,149.35200866686597,2.483058392465672,1.4569970241297598,2.318649964458157,2.3502371497418038,810.7795994709486,810.7527990754132,10.297790809517457,[-0.45803     0.70539339 -0.54095165],[-0.84309757 -0.15182438  0.51588356],[0.2817712  0.69236517 0.66425557]
59,148.77079815487625,61.67519819390789,11.483713386002258,9.665257723327201,6.035033782254965,3.3796220838136537,7.7768999334948905,1243.2926750002443,1241.8693161914762,68.77870203070806,[-0.12989885  0.13160396  0.98275464],[-0.36451955  0.91540392 -0.17076637],[-0.92209099 -0.38041563 -0.0709377 ]
43,47.19901432955789,151.6585386090283,185.35610716550693,3.6607028415710285,3.6741103375882864,4.277039819683674,4.306271136087606,1601.152432638768,1601.0486720109798,33.85205125407331,[ 0.21082271 -0.78217071  0.58631285],[-0.95824041 -0.04681396  0.28210594],[-0.19320738 -0.62130301 -0.75937703]
447,101.02877452237041,131.80669799740727,167.97775705049764,10.070789629287907,9.951688268359229,7.34463502252388,10.089791898972427,5003.084675126803,5001.019087162287,261.37914857715185,[ 0.29344479 -0.82949272  0.47521782],[-0.85490459 -0.00523677  0.51875882],[-0.42781806 -0.55849297 -0.71067384]
4,82.12688543581844,162.629605973219,175.47390593070602,1.2852770615964866,0.7610897067908354,1.0401658037516401,0.4045556938623343,505.9123621584988,505.9061598938303,3.548241392810749,[-0.44166287  0.75162231 -0.48989571],[-0.8363748  -0.1473304   0.52798764],[0.32467076 0.64292896 0.69370833]
50,70.08789078871267,163.61395231537352,119.29135936642179,6.702411330244857,2.9397354372040185,6.61358995206903,3.671905488613905,1516.5934732597393,1515.494912601985,64.62526481638908,[ 0.46131495 -0.64322124  0.6111096 ],[-0.82486387 -0.05724004  0.56242615],[-0.32678451 -0.76353782 -0.55697565]
18,148.73349534412853,42.38603100923075,90.55303332517116,2.4012249675387976,3.437038461669517,2.681286994816134,2.2832417721149123,760.6106019932238,760.4379035876711,18.661556235054675,[-0.52849801  0.62339788  0.57625075],[-0.17861689 -0.74525322  0.64241236],[-0.82993124 -0.23658554 -0.50521424]
94,131.58140221513963,91.71004403771306,163.64376564549943,7.797869576115826,6.3756557622271135,5.20179153488561,3.687247119230195,2223.481457341162,2222.6537259083934,103.88983542119975,[ 0.13030657 -0.90582343  0.40311798],[-0.80818133  0.13848357  0.57242051],[-0.57433713 -0.40038257 -0.71402426]
6,178.1585629197941,165.94695577404045,188.34510720113846,2.335704757683774,2.2811750421322423,1.457983258192927,1.7107597155794607,754.041429631283,754.0218054632427,7.681154229794287,[ 0.58252067 -0.79839029  0.15245529],[-0.57067905 -0.2681696   0.77615108],[0.5787876  0.53912709 0.61183894]
191,32.202757012450995,18.52120159648696,109.26582717592845,11.507562504506295,6.675982942745225,7.204415510057714,8.087314126187271,1606.8928546083332,1600.7373388761193,175.66954813551806,[-0.30564107 -0.91954578  0.24702044],[-0.90973419  0.35859591  0.20926701],[-0.28101112 -0.16076235 -0.94614387]
286,51.14983515092252,101.21997816408475,125.67169197142886,6.656393192719487,13.664085309341653,8.875430011970879,12.306853814903539,2876.302593836855,2872.137056999135,213.69268487921786,[ 0.7632139   0.31523495 -0.56403144],[ 0.57209234 -0.73544586  0.36308364],[0.30035794 0.59978855 0.74164601]
22,92.41170539844387,20.25239327374098,19.624364552851844,4.0210909209390255,2.7143937032855745,3.259304020015571,3.787172241720666,453.95065726650466,453.5911774268491,20.87156088183034,[-0.27969031  0.85588545  0.43500967],[-0.08168892 -0.4726639   0.87744844],[-0.95660872 -0.20987836 -0.20211587]
3,105.86640702306842,84.66756666032383,95.18173112510368,1.5381998866772395,0.9357675598625211,1.6873336071547027,0.7046942934299186,286.92305804531657,286.8973140273616,4.092966366903328,[-0.59856558  0.79977224 -0.04564668],[-0.48289134 -0.31476692  0.81715221],[-0.63916759 -0.51116157 -0.57461173]
409,113.03208102991171,142.312590581105,88.59415140634121,8.106577948475215,12.45451784844847,12.466474163458166,7.4996525446953255,4101.789990975636,4097.514498593517,362.9125408054695,[-0.82206948  0.39874858  0.40644967],[ 0.11170348 -0.5870225   0.80182724],[-0.55832257 -0.70455954 -0.43803168]
122,13.49530415340629,38.881806439321835,73.58732638595643,5.118688571125551,6.269306442780946,9.859220557934362,8.290037334667925,940.4400840550916,937.198582815657,107.3846412005691,[-0.9859763   0.113276    0.12255315],[-0.04320145 -0.88257006  0.46819197],[-0.16119665 -0.45633171 -0.87508686]
3,133.59116844736172,148.14564963276294,34.43594298613151,2.418086136758013,1.5334060442451505,0.47220990741491153,0.6166200852967736,350.66175289568434,350.6282920227703,4.906363215429702,[ 0.01788934 -0.24164645  0.97019945],[-0.75109961  0.63723671  0.17256521],[-0.65994647 -0.7318035  -0.17010081]
40,177.0609064607416,168.11326965544183,63.26905755729679,2.903671895504844,4.593330824776737,2.4061590001909514,4.504079731545827,1595.5613251418633,1595.5121759713315,24.480523348537712,[ 0.33208187  0.00522278 -0.94323611],[-0.63008153  0.7453875  -0.21770334],[0.70193938 0.66661098 0.25082045]
2,130.01007825861285,54.218149841696,101.510432982541,0.567763148946554,0.5054856536938388,0.656643095686249,0.9668808407521539,245.5508308935838,245.55052876559535,0.38519536070268134,[ 0.33219023  0.58648537 -0.73870465],[-0.57356453  0.74734222  0.33541517],[0.74878127 0.31227314 0.58464699]
46,89.12143436976012,35.60240680337934,21.50018241685137,4.273052965826806,3.1434996975266354,3.8884878298880112,4.409405241182118,668.2429851578563,667.9798112292856,33.1189049018978,[-0.41956972  0.83340977  0.35970738],[-0.05206899 -0.41771894  0.90708308],[-0.90622848 -0.361855   -0.21865702]
16,65.5521112508279,87.45755494050177,33.97745321247187,1.4023894430877704,2.864240721649785,2.398813830709796,2.4904325598094976,458.0403517232482,458.00122856135596,12.464509227623655,[ 0.1694561  -0.46472896  0.86908666],[-0.80223416  0.44717719  0.3955413 ],[-0.57245523 -0.76423789 -0.29704455]
17,105.22040842831242,61.61262759221424,146.65199198550343,3.3000649184304014,3.018409071596658,2.0283626920394804,2.4764398157111387,786.5886421003447,786.4588744163722,17.475999968387434,[ 0.58497538 -0.80703775 -0.08058463],[-0.59443814 -0.49421506  0.63434595],[-0.55176726 -0.32317418 -0.76883765]
391,92.40320283532269,87.19740971763905,82.84048615381477,12.561688327229652,13.93464521772004,7.426171048323502,8.391152373541532,3021.8207421874417,3007.4301304646765,362.8799579138602,[-0.25858848 -0.50609737  0.82279855],[-0.75049751  0.64152733  0.15873301],[-0.60818212 -0.57646174 -0.54571639]
311,130.6881684421153,10.283499712077283,124.2751920137113,7.734780876622994,6.15440414141391,16.03849184577082,13.034141220797544,3201.354119532966,3195.3189816198233,239.93765731792718,[ 0.22140178 -0.96316864 -0.15260218],[-0.6561309  -0.26289813  0.70737318],[-0.72143849 -0.05648667 -0.69017082]
12,13.659552187551641,3.123927456549795,185.77564425352935,1.778261782837785,1.6208677643439309,3.983538650998498,3.8954890167809504,645.5571362479195,645.5327006935025,8.813809085284523,[ 0.49685094  0.86633277 -0.05105561],[-0.86474646  0.49918438  0.05503192],[0.07316212 0.01680749 0.99717843]
62,177.8526698774457,126.57225203876882,112.9559577664078,5.191544991394147,3.4033814323766034,5.204938999053804,3.419918994761577,1936.2382725273992,1935.6523499567418,57.89915614085135,[ 0.30000811 -0.83429196  0.46254953],[-0.62156839  0.19686045  0.75822074],[-0.72363518 -0.51497854 -0.45950978]
129,53.24852008914833,26.235276527332953,134.96741631825947,7.927389264964677,7.5958434135151345,10.931326322326784,8.940665573553296,1681.897446845449,1679.6984393210466,143.72428993087888,[ 0.00290629 -0.98173892  0.19021106],[-0.93354556  0.06551753  0.3524204 ],[-0.35844698 -0.17859493 -0.9163076 ]
56,48.60678585180077,58.707815900154856,22.784040973845492,5.131616220365956,6.154638595872937,3.48438244886165,6.1182200065425345,598.3827331431426,597.565329610013,46.68495835121585,[-0.34326933 -0.0786347   0.9359395 ],[ 0.71368015 -0.66965239  0.20549041],[0.61059545 0.7385     0.28599115]
295,149.824463194902,159.6090011158597,185.3230773736611,7.973935210233631,14.253987266556088,9.076146100338216,10.003547725674915,4934.882305440484,4931.222515865821,271.16167129991,[-0.40536188 -0.50456523  0.76229632],[-0.75085241  0.65942181  0.037196  ],[-0.52144262 -0.55729418 -0.64615848]
61,40.29873030952866,193.8289545729354,139.40315729671042,3.425927852990411,3.4219688094221086,7.492986714597387,5.939929669950098,1892.2156597541434,1891.8198835259664,52.233927807327774,[-0.94227283  0.30119793 -0.14629328],[-0.29058641 -0.51846785  0.80420807],[-0.16637744 -0.80029425 -0.5760622 ]
31,21.13623331180974,110.30657992161261,158.2151120369447,3.538724073066076,4.11331173980021,2.686867997114463,3.024278635434004,1080.7177461056663,1080.5278242152558,29.199146031078865,[-0.73660439 -0.50465352  0.45026525],[ 0.66750381 -0.64963363  0.36388847],[-0.10886985 -0.56859561 -0.81538113]
226,188.92359797143897,34.18382904455125,66.37353104752984,6.2274669627164485,6.734647278529666,6.883795980601101,5.452091711858274,3057.238941810657,3056.4707616681653,151.67366838357754,[-0.08889246 -0.7598407   0.64400329],[-0.35644367  0.62801176  0.69177246],[-0.93007851 -0.16805755 -0.32666592]
118,56.03187816472957,49.358406801735136,184.08177041191442,6.235055809865054,4.31652777116967,11.253697794851085,9.44242622251934,2162.2718090365825,2160.9908428142066,105.70299148153492,[ 0.33750911 -0.92988098  0.146318  ],[-0.89846487 -0.27185927  0.34475124],[-0.28079972 -0.24781827 -0.92722038]
162,128.15987043915771,46.83116581414153,27.947617872390104,6.26669871660473,9.87824748287059,4.594073419244258,7.607978122670763,1779.0593686329846,1776.347312665926,126.68959635522397,[-0.19212268 -0.05879116  0.97960833],[-0.34273332  0.93937018 -0.01084125],[-0.91957748 -0.33782727 -0.200624  ]
74,185.7465055882662,16.004917338345194,112.18787103461327,4.738221307374362,8.299165596072841,7.42237980146573,5.971886455036884,1874.2732205543994,1872.8459373308629,90.19912883230717,[-0.37331647 -0.60371859  0.70438531],[ 0.36371153 -0.79373809 -0.48753847],[-0.8534335  -0.07418692 -0.51589492]
7,168.8692650666973,197.50842177869472,195.24834871650313,4.129410252593988,1.720402539864766,1.7374789596709104,3.0209248507869138,860.049005694635,860.0098064728471,9.88898942996398,[-0.30333991  0.78840779 -0.53516171],[-0.79874752  0.09586805  0.59397956],[0.51960302 0.60763679 0.60065816]
4,140.49533165738666,23.828830237643427,171.92680591347647,0.2890093499402101,1.3413043211657427,0.866922469758795,0.6339268391694548,446.6237283078827,446.61393726700356,2.9888884657022796,[ 0.74356397 -0.37118399 -0.55617899],[-0.22643696 -0.92240845  0.3128721 ],[0.62915731 0.10670095 0.76991946]
51,16.81301961760329,52.28084885931666,113.89273277844484,2.6711406954391377,3.0308667993084026,4.076362389354123,4.0320754508095265,903.7089813740682,903.6306518031832,29.126634301371503,[-0.98543365 -0.04207782  0.16477252],[ 0.10601339 -0.90959789  0.40173727],[-0.13297251 -0.41335352 -0.90080918]
6,104.30152028499019,13.639032043248152,13.855067089889237,3.794544496686186,1.4761309447927657,2.106341405345464,3.668798881062531,260.11276170215973,260.0569979177547,6.737807057235986,[-0.1534524   0.96702973  0.20323842],[-0.09957276 -0.2197598   0.97045912],[-0.98312646 -0.12868227 -0.13001249]
415,51.81255344639504,46.064223495562366,96.17616190580802,10.221395138878622,9.110765296942668,13.188471040734557,11.534100534938744,2438.7192781759045,2434.6482034779824,303.06629532084895,[ 0.7261722   0.38325037 -0.57078287],[ 0.53114141 -0.83987363  0.11180827],[0.43653492 0.38435848 0.81345302]
41,164.04101408942864,100.50735156329148,100.36661429399003,5.651417199146493,3.290020603418505,4.768028961231674,5.498411925651427,1390.2376967133566,1390.0019291602591,38.01245771039698,[-0.55506616  0.07896494  0.82804957],[ 0.34670822 -0.88292335  0.31660664],[-0.75610513 -0.46282923 -0.46270308]
18,161.14314633614163,147.08156279511445,126.87953692062143,1.9100925883375914,3.0019661120260257,2.6584526145845846,2.491129605021308,1070.920568910823,1070.8605708457712,15.606585115020176,[ 0.71965414 -0.22044368 -0.65840907],[ 0.27287702 -0.78216534  0.56013883],[0.63846382 0.58277094 0.50273451]
42,135.84072582167548,16.836737383417717,36.8367656719145,3.883736729882608,5.337460460753797,4.326687016310765,3.2192312803555354,919.5997559591458,919.3564858336342,46.637405760138186,[-0.19675731 -0.38449354  0.90191534],[-0.20679264  0.91547783  0.3451625 ],[-0.95839625 -0.11859621 -0.25963738]
4,8.062974130331208,154.0456549931955,44.066178847044604,1.3773526382487398,1.0639657782173417,3.2879339406080508,0.4782458450241486,320.93452623420507,320.8621600777939,7.378963604008323,[-0.95801077  0.12407656 -0.25849638],[-0.28229489 -0.25015117  0.92613929],[-0.05024901 -0.96022362 -0.2746737 ]
111,75.74121822745258,137.22521176783243,76.61923222348646,7.660561852474268,8.11550118738949,5.838514307785132,7.6069158419562815,1842.1671269588815,1840.5282999882456,106.43323931546267,[-0.63272633 -0.08032765  0.77019793],[-0.6410749   0.61224376 -0.46279645],[-0.43437353 -0.78657806 -0.43887879]
20,146.20276171732377,9.917669368424082,63.46668194664098,2.58044689885191,2.9384297106328416,2.8899137283248413,2.083682362641852,714.4494797030219,714.2722596152545,19.69679762224574,[-0.21819906 -0.75335613  0.62035773],[-0.3378671   0.65467852  0.67619661],[-0.91555174 -0.062053   -0.39738449]
6,146.85700238486967,58.82192694991149,72.04638697585112,0.8822328149046319,1.360163741202143,3.0183464752663105,1.724678160925598,425.8691391170515,425.83527300322214,7.267981229610049,[ 0.39004355 -0.91973856 -0.04412492],[-0.36637321 -0.19897889  0.90894338],[0.84477021 0.33836132 0.414578  ]
6,22.206149876813992,25.444750746947133,61.35700263327623,2.4588969915529826,2.104499698291661,0.8227135172726419,1.047232195808889,171.73378757828232,171.59199454781725,7.763986284592534,[-0.6264836  -0.61318948  0.48116209],[-0.71189594  0.70151391 -0.03289991],[-0.31736802 -0.3631486  -0.87601406]
12,92.47728675292059,64.85597940768191,51.87278121618248,2.815695122243494,1.8920135070293433,2.5730898922961045,2.091783642330898,430.74854354848566,430.70238229076455,12.86106863629484,[-0.65158043  0.70450721  0.2812695 ],[-0.14723998 -0.48118928  0.86416275],[-0.74415276 -0.52165742 -0.41726515]
120,134.80934237363445,169.59575817377666,137.78184098023976,4.060369667076644,5.406720670240898,9.143267608162674,6.2908427833328995,2814.9484776167137,2813.751647384044,103.59033369189198,[-0.84713545  0.46640714  0.25460932],[-0.08231787 -0.58855355  0.80425648],[-0.52496218 -0.66035528 -0.53697822]
32,167.6416774960636,174.52455557378244,169.32839988699118,2.6203786692007727,4.410309617522785,6.192842838012223,2.2759374375245947,1671.3600341540484,1670.8697102495587,43.66970700480697,[-0.77048568  0.62664928  0.11688668],[-0.29019199 -0.50806615  0.81096079],[-0.56757416 -0.5909141  -0.57330629]
27,9.542569467394776,95.57018782068975,122.31440456078771,3.3759482826717315,2.3054733824973543,3.9999588276476965,3.9163543840305906,808.554521840333,808.4290171287572,21.62040894107462,[-0.45295214 -0.68508995  0.57051391],[-0.88940882  0.39140296 -0.23612639],[-0.06153301 -0.61437405 -0.78661186]
102,3.1157492803815683,94.1401928868775,81.63007769152914,2.4125443626748866,6.079296726680449,10.213944505725705,8.790157869214017,1264.5450589288891,1262.2198522640117,83.59855692449051,[-0.99906351 -0.00398393  0.04308389],[ 0.03509243 -0.6570954   0.75299015],[-0.02531037 -0.7537969  -0.65661984]
2,120.27908307728288,181.671272583216,24.798647435537703,1.839341144401864,0.2601418856684745,0.6567471354494092,1.1501011219171176,310.1301797277888,310.12192729940926,2.2624292454155586,[-0.35848937  0.35519094 -0.86332194],[-0.75537982  0.43302509  0.49182374],[0.5485314  0.82844956 0.11306917]
139,185.15667225963708,140.20809481835005,184.49507413088497,5.7329043669646245,7.525826971130573,7.690389298642937,5.877025807485407,3499.2653487282523,3498.434364832998,125.6549745607605,[-0.14135289 -0.71475333  0.68494309],[-0.76854513  0.51533928  0.37916199],[-0.62398537 -0.47281403 -0.62216488]
60,32.22212949362,191.20316787400031,64.93086167009271,3.6962616539421953,3.5638276846197257,4.793214839485672,3.775037488925153,1584.6409014907322,1584.386775855898,45.87366083269031,[-0.92894021  0.24953479 -0.27350041],[-0.33497626 -0.25187591  0.90793691],[-0.15767368 -0.93503525 -0.31756589]
11,164.33003221351694,1.6870963233581826,145.9940590074148,3.0890941748123493,0.9880657929109606,2.6862897347624455,3.2249896263115723,729.1923897578862,729.150348271803,8.986646158729165,[-0.06668466 -0.99400877  0.08660087],[ 0.66082243 -0.1090281  -0.74258104],[0.747574   0.00770903 0.66413379]
2,191.43530266344493,5.926986914503551,125.77181608012815,0.17591611315016564,1.0317560182349084,0.27577600315918005,0.325035691640025,324.04421154893964,324.0409222685112,1.460045802920406,[ 0.54165021  0.1296429  -0.83054667],[ 0.09265118 -0.99122312 -0.09429995],[0.83548238 0.02587354 0.54890778]
19,114.36131836254316,15.741626198765193,64.25841780734272,1.7906229506142206,3.263003070685475,2.026110111662924,1.8249105724700085,576.1553099121179,575.9823522078448,16.70558267714018,[-0.37751266 -0.48273439  0.79022257],[ 0.3290675  -0.86760303 -0.37279962],[-0.86556269 -0.11929999 -0.48638332]
54,181.95197815445394,25.260672380191576,189.48289016221864,3.0285926352236485,4.621604729429766,5.928051436195775,5.35186747400035,1940.1637609504394,1939.8161988338998,44.68218691118646,[-0.61865971  0.59348602  0.51481502],[-0.37693831 -0.79913955  0.46828783],[-0.68933132 -0.09565731 -0.71810306]
45,155.3189800514268,44.986057367054514,192.6615396465512,6.336041721125646,3.663691020492908,2.771659571147126,4.5733207900428825,1687.9964367741798,1687.696857808255,42.636130699112165,[ 0.36972224 -0.925518   -0.08198724],[-0.69407938 -0.33377198  0.637848  ],[-0.61770485 -0.17892094 -0.76578588]
68,143.18495479602151,41.09922554565916,105.15453591747706,5.438582854126006,4.482201032593686,8.814278747229924,8.435205701141381,1506.260508731715,1505.5079499518615,61.232164295154156,[-0.05981516 -0.89962268  0.43255194],[-0.61705054  0.37394261  0.69239841],[-0.78464691 -0.22549048 -0.5774801 ]
14,69.4039518179434,172.5923602729397,162.5323295673335,3.0618142364977396,1.4273922309411315,1.396686547809592,1.349771952292375,924.3660194623938,924.3214540564979,12.711361301199831,[-0.31919793  0.71457574 -0.62249031],[-0.90506661 -0.03508591  0.42382001],[0.28101086 0.69867767 0.657938  ]
18,84.06180538152167,86.05081617439676,29.851850699831896,2.1378979472403805,3.810441114925448,2.9782611983002636,2.3586254858122073,526.2723348850202,526.004510234949,20.117641328681394,[-0.61449967  0.35611371  0.70396959],[ 0.40318577 -0.62523167  0.66822645],[-0.67810868 -0.69445546 -0.24062468]
89,44.1468095323959,87.31264090155344,185.24136851848414,7.130405770989951,5.428165256176017,6.135187763040811,5.838525623996469,1978.359788582988,1977.758964316959,86.06787172725161,[ 0.53931513 -0.80407655  0.2502001 ],[-0.81524679 -0.42409939  0.39435059],[-0.21097835 -0.41665407 -0.88424404]
7,94.42972010068499,133.81015356594523,35.7226552333898,1.9288196785926228,1.8800955460292825,3.319611187166117,2.798847148884899,443.6258081195383,443.5694920502591,8.568527940794384,[-0.77381049  0.60019554 -0.2024417 ],[-0.28962908 -0.05103133  0.95577759],[-0.56332258 -0.79822373 -0.21332266]
6,170.19735039989698,141.8045823135107,53.4917828448761,0.5929730372223719,2.0178040517469156,2.303074867655497,1.3907744977606193,558.2763740786459,558.2491949429705,6.829048395073922,[-0.39058068  0.69603655 -0.60247809],[-0.53829841  0.35822677  0.76282921],[0.74678079 0.62225935 0.23475891]
131,86.99600286911821,180.56329465689748,99.95333327809217,3.9850948322982385,5.033745578934724,11.309898908257265,6.192829123962157,2567.206035849766,2565.0055585472073,130.29468199665976,[-0.85702054  0.49393616 -0.14677488],[-0.3391251  -0.32621033  0.88237236],[-0.38795614 -0.80598628 -0.4470751 ]
3,42.61246173621536,110.3821026481662,179.39597185722815,0.8808040710427227,2.48889137936677,1.4812861143648843,1.4648963771689965,372.2530344684917,372.23552950702765,4.587779713330164,[-0.97269965 -0.00170952  0.23206135],[ 0.12062985 -0.85798654  0.49930705],[-0.19825194 -0.51366932 -0.83476943]
4,86.22210746895038,196.73544312676324,10.633374420428716,1.4122998853454765,2.1262925672682247,1.808045376263377,2.2065600434102137,430.16958265673406,430.1510426190566,4.441734526306777,[ 0.73409533 -0.35308918  0.58002766],[-0.54806858  0.19621611  0.8130929 ],[0.40090508 0.91478263 0.04947575]
44,193.6931600927261,68.56746445873449,105.022523141176,3.7948488717153537,4.710366531224936,10.104046957552347,6.614210774323917,1532.421147697084,1531.5217674026048,64.63688645712045,[ 0.14223171 -0.92836737  0.34337175],[-0.52528453  0.22322922  0.82112416],[-0.83895549 -0.29715776 -0.45590674]
13,3.927329054224081,47.45105069380483,82.20131052139715,2.3356036357400853,3.2327623478238365,2.0754519966339267,1.6118251986732988,342.8611189469656,342.5946406949688,15.060943577477445,[-0.85389398  0.46731964 -0.2290795 ],[-0.51880529 -0.72937639  0.44592729],[-0.0413054  -0.49962228 -0.86525802]
21,55.38961932033997,168.91330079420882,19.57602584697,5.071695728170686,2.2951029135223697,3.0000830545010557,2.2502190661211974,820.032110467931,819.6190408249518,27.106705883715716,[-0.47365261  0.0534069   0.87909095],[-0.82441589  0.32425551 -0.46389309],[-0.30982518 -0.94446073 -0.10955498]
26,81.28186816054505,195.8149729373575,24.01205123944381,3.6613102416145558,2.439106418430067,2.8951672361715786,2.1484461436381705,1088.2210128647637,1088.122196939686,24.541202779454085,[ 0.1712641  -0.18969769  0.96679025],[-0.90860386  0.34899684  0.22943458],[-0.38092995 -0.91772327 -0.11258942]
24,181.22866306509647,110.7663098384012,11.033979732494947,4.234152321075189,4.502355840832143,3.9385136498677578,4.605382534961039,1042.466828789619,1042.2697774201533,27.979868223171735,[-0.36370372  0.51758841  0.77448166],[-0.37641365  0.67885672 -0.6304493 ],[-0.85207533 -0.52082222 -0.05207537]
19,64.39034259669441,191.36708787032535,140.13514977776893,2.0851072002288022,2.3866263631376983,3.410211986142702,2.8942200461701915,1071.4574316822184,1071.4255867903523,15.89459082850871,[ 0.95975168 -0.14819044 -0.2385714 ],[ 0.10124945 -0.6097727   0.78608257],[0.26196425 0.77859929 0.57022617]
4,138.9491859044654,75.58777733703357,162.32286878100194,1.2935170510484002,2.151229527912999,1.9389635558904506,2.445661455184628,453.3350732409552,453.32582294538645,4.038645949794856,[ 0.74808888 -0.5365777  -0.39044513],[-0.25405276 -0.77512852  0.5784747 ],[0.61304178 0.33355682 0.71618407]
5,75.57333678623105,185.92642214799383,18.16552842531412,1.5926528504866482,1.9460341430810209,2.676085006266659,1.596414528611291,450.66184909823096,450.64797854298257,7.392463681119301,[ 0.92689773 -0.37145078 -0.05371146],[ 0.01604779 -0.10375522  0.99447339],[0.37497076 0.92263707 0.09020952]
2,8.156481210216292,43.16143209817296,123.97420094231886,1.4961380816781995,0.6592352517055033,1.0111309328967764,1.07654976443321,186.02545692363867,186.01182330738067,2.2521575238693825,[-0.18182748 -0.92488364  0.3339596 ],[-0.98137916  0.19206551 -0.00240582],[-0.06191702 -0.32817844 -0.94258432]
106,13.87116467379269,82.67310176920085,50.16304812926448,5.933539333186726,8.326524717531413,4.612059815581893,8.150767978868855,1011.6948728764434,1009.9448121953318,79.97455355787488,[ 0.79158695 -0.40937193  0.45365704],[-0.59354821 -0.33867673  0.73006752],[0.14522607 0.84717926 0.51107406]
36,91.24833477991038,39.81108113567034,60.63210521185996,3.1446523658477434,5.598440885092638,1.8254531818854167,3.3431919884221672,700.3831972092003,699.8219912592234,34.875699171424465,[-0.52157998 -0.09505959  0.84789033],[ 0.33952464 -0.93482408  0.10405268],[-0.78273709 -0.34215146 -0.51986059]
83,44.57838412533031,43.61532541144019,60.930932144557964,8.556063964652274,4.543977676948374,5.135988480585551,6.896571252102243,799.3106369499317,798.1079827508325,77.68240621461354,[ 0.27703013 -0.8663874   0.41548427],[-0.811342    0.02073139  0.58420405],[-0.51476059 -0.49894196 -0.69719327]
9,115.16942795753003,18.428642829266536,110.5882072117408,2.052180531541734,1.0085905776729245,1.5868417068906997,1.828956300490292,482.2519334333868,482.2169259971777,6.316276008881131,[-0.22550023 -0.89535242  0.38404908],[-0.66005888  0.43034858  0.61572914],[-0.71656955 -0.11464794 -0.68802902]
48,27.112458526067687,13.06329683132678,86.82809759327688,7.101412672831494,2.7231273257694686,2.7000336268696845,3.448558860495844,638.8819444643018,637.3665108090555,50.52491986186859,[-0.15452024 -0.96875665  0.19399499],[-0.9424249   0.20346677  0.26539892],[-0.2965785  -0.14181621 -0.94442012]
6,137.1215121276335,30.364020871451924,193.0945560267763,2.071711149748822,1.786364697194957,1.3250085858972278,0.7930482093796422,584.9001218995628,584.8663432306781,7.180375189269283,[-0.52213507  0.81775141  0.24219331],[-0.63051782 -0.56134513  0.53604004],[0.57430153 0.12717811 0.80870482]
4,53.53992409329864,83.69630552213592,27.953033235805414,2.1741412504198863,1.4945777650896992,0.9681222117981791,1.7132574592369019,206.49813072468837,206.4596853921374,4.454256316147901,[-0.17826822 -0.20727378  0.96190333],[-0.83610002  0.54732692 -0.03701364],[-0.51880363 -0.81084575 -0.27087261]
29,98.88064656078542,144.71121872454154,57.938033517094844,6.855164579867862,3.4403175286919803,2.013761791607151,4.310219181005167,994.9517429459507,994.3846131764507,36.035804677599636,[-0.03385446 -0.3514486   0.93559487],[-0.84354528  0.51209296  0.1618399 ],[-0.53598995 -0.78373764 -0.31379944]
36,76.72781917826691,143.85796160547798,13.304312826757306,5.012808532593362,3.429938259404747,3.5027559259429943,3.673945867951119,982.249620361663,981.886836379843,35.93700500526456,[-0.41345528  0.13722793  0.90012401],[-0.78032386  0.45601959 -0.42794953],[-0.46920081 -0.87932623 -0.08146148]
5,6.876357723902927,118.97148299562441,189.48299115736896,2.969786847798629,1.4962626618137271,2.492804806280861,1.4164138812210536,500.6022510122688,500.5467167636439,8.724433049832282,[ 0.60719    -0.68264929  0.40658364],[-0.79396564 -0.50155028  0.34360716],[-0.03064105 -0.53144827 -0.84653639]
101,5.730773195814066,64.9899310157718,103.58846791925652,3.7159441488272416,5.003162622324313,11.271686890770592,11.251219960951603,1236.6103378557414,1236.0286707473758,62.71254108680043,[-0.91765651  0.35756057 -0.17336948],[-0.39469245 -0.76953623  0.50202775],[-0.04609123 -0.52911665 -0.84729639]
91,137.2040131399545,190.00625316629436,46.524001827966046,8.511643015723395,4.399799246771091,5.937688848539852,4.822166174656774,2281.223351595687,2280.4528784253657,96.89010986176342,[-0.323737    0.00219618  0.94614456],[-0.75172695  0.6066474  -0.25862236],[-0.57454412 -0.79496799 -0.19474329]
28,161.2307307862341,181.11084562669365,196.1279405554321,4.829458951356997,3.404412688191572,2.492367146285756,2.9648459945511454,1650.5810042987923,1650.3604388342249,30.07558037548393,[-0.23332488 -0.6112557   0.75625787],[-0.82357722  0.53771161  0.1805181 ],[-0.51699136 -0.58071739 -0.62887777]
3,197.64756729013638,15.496203288693115,165.8109935786647,0.9719815260735003,0.4348229015421644,2.4082274145797014,1.7524678390070907,447.6762966870762,447.6649063804009,3.3967383789751966,[-0.13174092  0.98917681  0.06460317],[-0.6307633  -0.13392504  0.76433091],[0.7647104  0.05994435 0.64157984]
10,31.977184837318635,169.51847940379164,77.9986535151115,1.1367841111103276,2.2471191720396497,4.365504098858012,1.8522079744481077,598.8935944391833,598.7242090583811,14.855174012097349,[-0.97996655  0.1078078   0.16746054],[ 0.10551854 -0.43207091  0.89564533],[-0.16891238 -0.89537266 -0.41203932]
9,149.321038398691,8.453837465377369,9.214767032055924,1.5283523128634346,1.9591633708793676,1.6097412970025198,1.532836812273198,449.6069268381072,449.5670867031866,7.5866009556083345,[ 0.01685721  0.58563725 -0.81039796],[-0.08174891  0.8086068   0.58264239],[0.99651039 0.05642742 0.06150606]
84,182.71551068342666,168.09896326853655,159.2222955844167,8.99880653218025,6.450984595481595,3.5176813660592363,9.546430531434774,2705.047261771841,2704.942505568173,60.53930111359411,[-0.02344664 -0.67373407  0.73860182],[ 0.78443558 -0.47041118 -0.40419568],[0.61976695 0.56990852 0.53953054]
8,23.269139763222014,179.55398402917965,155.78624493096655,1.3206196024374628,0.8281440693248162,1.7795821448321858,1.0804044571706313,675.6028515496467,675.5900332479234,5.956910924220739,[ 0.80341116 -0.44619226  0.39426256],[-0.58740289 -0.4856151   0.647407  ],[0.09740814 0.75172498 0.65224321]
37,3.554710656240984,30.516574325065278,93.12984702616556,2.112805554529119,7.110398153686333,3.9237616270318756,5.591347546668616,598.5771891294906,597.598874450046,38.140502929441794,[-0.98625558 -0.14208753  0.0843271 ],[ 0.1612785  -0.93877425  0.30445387],[-0.03590502 -0.31386948 -0.948787  ]
15,188.76132677591423,95.60429065794256,20.034171499366696,1.9908510310545562,2.3032299649430845,2.519377860279596,2.2232648976461666,823.2650061360769,823.2341409965123,12.663118845676992,[ 0.35478521 -0.80137355  0.48158892],[-0.29218904  0.39426032  0.87131186],[0.88811768 0.44984357 0.09427484]
3,179.3528568971067,70.78909540323731,108.77298249102552,1.446448552475297,1.206253044062317,1.5155282257169267,0.9375760287351493,383.46456552272826,383.4523742252581,3.859838617974484,[-0.32071309  0.94334211 -0.08513973],[-0.49070441 -0.08859494  0.86681032],[0.81015572 0.31977586 0.49131569]
36,146.09630980250975,80.98071842366019,70.02435359980733,3.4231031035145674,5.3787681459484205,2.8709716538909076,4.458826690092773,1087.4664506624254,1087.15128349645,32.07981867399804,[-0.46906812  0.08607768  0.87895719],[ 0.35988652 -0.89022843  0.2792401 ],[-0.80650902 -0.44730747 -0.38659958]
24,178.44395440569323,164.3593574976131,85.72893897930051,2.556428946603304,2.4737496410986974,4.642399586467471,3.5709416360207236,1260.8106227518729,1260.6980158601184,22.634676620224887,[-0.58648525  0.76916742 -0.25380411],[-0.41849616 -0.01948245  0.90800958],[-0.69346666 -0.63875027 -0.33331979]
41,193.7364088262525,100.35168029716161,194.11386165357018,4.213713782567903,4.827473033999974,2.0754576779592795,4.184680952987416,1870.3186964133376,1870.24387468345,33.772989522828105,[ 0.74806723 -0.28612178 -0.59877354],[ 0.01566599 -0.89441439  0.44696474],[0.66343802 0.34374005 0.66459971]
37,31.652688713133955,91.224408249267,149.1486084509065,2.692525694674284,5.217387251886049,2.461958459386402,3.382610832999188,1081.347853159057,1081.077322161022,32.72432407747419,[-0.96766169  0.24625469  0.05467621],[-0.17858812 -0.82187333  0.54095334],[-0.17814921 -0.5136953  -0.8392735 ]
25,168.65121716467274,77.17845735393648,160.30845181641914,6.202939460468231,1.5842978623135302,3.4666844100147296,5.94430361410349,1226.247584988047,1226.153288164474,21.036750688068015,[-0.05536906 -0.87567531  0.47971556],[-0.72347303  0.36630684  0.58515474],[-0.68812865 -0.3146618  -0.65380954]
22,137.32511407235867,137.76280337859623,97.78021250468768,4.413439950534356,3.99003673166582,4.594313444239147,6.381703751787263,1021.7233145444764,1021.6286034773995,18.53692768232644,[-0.73901061  0.31326544  0.59642945],[ 0.23659747 -0.70823668  0.66514844],[-0.63078123 -0.63266545 -0.44927661]
4,189.00602736037877,50.8101086836331,56.18780888364223,1.613391532211145,1.0121538432543897,0.9700641873028941,1.4369677501446432,407.264806138859,407.25672330436026,3.1638935694030135,[ 0.34736937 -0.31580509 -0.88295054],[ 0.13314019 -0.91543577  0.37980395],[0.92822853 0.24948846 0.275948  ]
65,13.873499017651199,110.04431784196157,123.23492675670072,5.521123907243041,3.678339307189409,7.140885697842091,6.275426413894018,1338.4557425580351,1338.2394392256995,59.84650568345251,[-0.32715336 -0.68671914  0.64914367],[-0.94127123  0.29754466 -0.15961094],[-0.08354134 -0.66323751 -0.7437317 ]
126,131.4862185613011,93.4079710436062,14.541999683634874,5.690010102755387,4.478954602262849,6.245687258790042,5.950653073131442,1820.2935507456755,1819.6771773066184,84.18506428347573,[-0.58313479  0.79490877  0.16755257],[ 0.02481485 -0.18872446  0.98171651],[-0.81199633 -0.57663084 -0.09032625]
20,66.5084589937196,52.98919523409241,57.080172963218295,2.377695805449552,1.8830338582111243,5.1281157531023,3.89542477280164,458.72201864890695,458.44054561709413,20.032267313438748,[-0.64619908  0.76178731  0.04590033],[-0.4015007  -0.3904961   0.82843828],[-0.64901767 -0.51690704 -0.55819636]
21,183.51592706311948,60.1643415061004,65.78839610769056,5.08389273295568,2.660008523916652,2.8160030622232637,3.5088137257850143,935.3557965502803,935.1572293266315,24.421858680453504,[-0.01511667 -0.71655358  0.69736824],[-0.43638666  0.63224632  0.64018065],[-0.89963224 -0.2946448  -0.32225188]
