N,MEAN_X,MEAN_Y,MEAN_Z,SIGMA_X,SIGMA_Y,SIGMA_Z,SIGMA_R,LAMBDA_1,LAMBDA_2,LAMBDA_3,EIGEN_1,EIGEN_2,EIGEN_3
4,194.56760749357906,21.158677997941865,150.03477865047066,1.397813394271229,0.9960502655160974,2.0368445742065204,0.5483407814213055,493.23711173514187,493.218191508964,5.210739527634446,[ 0.02606423 -0.99398578  0.10636222],[ 0.61387031 -0.06805969 -0.78646749],[0.78897649 0.08579128 0.60840444]
3,22.40936073088947,27.258376246500585,61.24512039353099,2.420650421933583,0.8856062940755536,0.7634634007353508,1.2560936769812452,122.50844542566111,122.45384415687512,4.132428644652974,[-0.31761409 -0.81765368  0.48017053],[-0.89347067  0.42764647  0.13721758],[-0.31753969 -0.38543605 -0.86637613]
228,16.96308933743655,37.93398849858215,73.71477409637579,13.273508904401728,7.826007615227694,13.059652539969047,8.906251059490309,1308.0306637609858,1290.4037046119488,274.20892964823946,[ 0.55734355 -0.78443521  0.27208375],[ 0.80742847  0.43571763 -0.39775547],[0.19346171 0.44137461 0.87621973]
710,180.093093171968,96.90013293630933,72.23269059864215,10.620507129118414,9.554905039862993,14.604624869424333,10.490506289123546,5800.420841764646,5790.401134780791,465.7073048782039,[ 0.37554164 -0.89003264  0.25847703],[ 0.41205815 -0.08946882 -0.90675433],[0.83016658 0.44703158 0.33314593]
249,109.6364934395791,150.28967229108494,84.26831569520198,7.548762551860636,8.035305736050441,9.584125464253948,7.239013051623484,3229.6242800746486,3225.859044070012,200.9164107132454,[ 0.43959083 -0.66114632  0.60798474],[-0.72063695  0.14443117  0.67810178],[-0.53613645 -0.73622359 -0.41295585]
2701,95.31651869107975,123.5813254683907,155.03337184364028,15.05050438381644,30.423426106957095,20.37760406407142,24.15284840200626,11598.790151573365,11518.915381289942,1633.4256743459466,[-0.8916883   0.15409392  0.42561372],[ 0.13235343 -0.81042033  0.5707026 ],[-0.43286781 -0.56522027 -0.70224747]
311,117.205375567881,121.91151795227391,104.96764286395722,7.955078927016634,11.698547537906789,10.26229314811814,7.203980729465773,3521.5680520901683,3514.536395920506,280.729876854252,[-0.80678999  0.48227321  0.34132456],[-0.0446374  -0.6257969   0.77870774],[-0.58914973 -0.61301777 -0.5264141 ]
29,150.27225251184143,10.24477956236065,63.54632906243881,5.122138901087896,3.0961790821317217,2.720207731667236,4.522807184854988,880.9924204626083,880.7615083788326,25.67493780417939,[-0.21828706 -0.74061272  0.63548686],[-0.3273015   0.66903434  0.66728313],[-0.91936091 -0.06233653 -0.38844519]
287,102.70650752135002,81.99134157132846,81.15573752921804,6.715730693103257,10.780818221213913,8.634046747789089,9.752606625628806,2627.1826632277907,2624.3949534513026,200.0907380000468,[-0.74537822  0.52464915  0.41128406],[-0.05651734 -0.66446066  0.74518308],[-0.66424175 -0.53219856 -0.52492627]
97,96.65408835460046,155.52611324273093,55.040172990361086,7.436225940606374,9.64006526198126,3.66620291054467,8.039633328198356,1886.9190595297516,1885.249662549409,96.62434416262685,[-0.41060235 -0.06612658  0.90941354],[-0.7590555   0.57740458 -0.30073028],[-0.50521327 -0.81377591 -0.28727742]
50,127.31653526049274,115.54501341501783,143.94797574709017,3.7183890031018065,4.429431510206656,3.2357394253916083,3.45738519197096,1586.1466370501391,1585.8909080585258,39.96876596447233,[-0.62704437 -0.23452724  0.74284072],[ 0.53332701 -0.82430831  0.18994239],[-0.56778311 -0.51527933 -0.64195759]
31,9.561014229954315,194.93751879146595,139.84677616143026,4.448350165198113,2.727968461266007,4.430089073924825,3.206127539229985,1337.2861428646413,1337.0415042128295,33.75440321889315,[ 0.62973707 -0.47293736  0.6162479 ],[-0.77579535 -0.34239637  0.53000595],[-0.03965858 -0.81184665 -0.58252229]
23,90.65827325798814,17.770843539456887,58.89816661863339,3.473421087011375,3.3036152733240214,2.6683654041720932,3.8447355317448713,525.9897878467615,525.8728487380171,18.658073433339673,[-0.41810567 -0.46053456  0.78300419],[ 0.37487224 -0.87261624 -0.31306821],[-0.8274409  -0.16263094 -0.53748742]
289,51.15703599873055,99.26305185379668,125.69412123787666,6.448294068838901,13.723989373386106,7.6627104060845985,12.025820739048191,2871.2984268966793,2867.017007658874,205.665015719617,[ 0.80408085  0.26148169 -0.53393006],[ 0.51150931 -0.7619937   0.39714459],[0.3030053  0.59244656 0.74645486]
2,114.17044234192687,155.6648148484207,193.34536192959686,0.8164997397228291,0.4334198445072417,1.620825214624432,1.0527163295331832,386.3996249092229,386.3934827301616,2.178677039981721,[-0.4003336   0.81469691 -0.41952586],[-0.81555609 -0.10800321  0.56850996],[0.41785317 0.56974051 0.70766834]
27,164.27101410003146,76.50127359700227,161.0896277606732,3.9509765954760208,1.5129348831358242,3.989849560875406,3.626908538299453,1260.1671725774709,1260.0622095639244,23.68910547817491,[ 0.18751947 -0.94760277  0.2586222 ],[-0.71118228  0.05063374  0.70118185],[-0.67753688 -0.31541277 -0.66442348]
230,127.63283879782745,87.16631280368598,25.11110461397251,7.878409739482395,8.0344093828148,14.816113418769792,7.412172898701219,2389.788461689875,2379.176964077526,257.3757737207892,[-0.57887905  0.78605334  0.21683908],[-0.00335048 -0.26821601  0.96335297],[-0.81540653 -0.55693834 -0.15789828]
304,173.26669221113787,124.14856990531132,99.41299921432224,8.14667768319926,7.0798203547194305,19.145303294761455,11.064234380041778,4117.37375749724,4106.512836804152,332.119242139548,[-0.663693    0.68383433  0.30312077],[-0.13097259 -0.50521889  0.85299476],[-0.73644944 -0.52642614 -0.42487379]
67,147.56428962140927,28.64003800974008,86.00568627300636,4.509188269487517,7.124753883652653,5.99371218321492,5.574948821732025,1419.6436802788598,1418.7206265008383,71.91966291290184,[-0.37071562 -0.4796235   0.79531832],[ 0.37005789 -0.86170369 -0.34716552],[-0.85183747 -0.16561414 -0.49693548]
2,60.26172944923084,128.47834361644092,84.63260079891751,0.708522479325854,0.04676434313185496,0.11512500069856202,0.1630761417092259,233.67222931875656,233.6701287174285,0.990807740175474,[ 0.0935831  -0.57792937  0.8107033 ],[ 0.92640291 -0.24774451 -0.28354947],[0.36471886 0.77757334 0.51221075]
30,176.25075337697362,165.41167772103535,180.55179066975109,4.135511581348599,5.1346631935328455,2.379970336994614,5.080578646807291,1652.888519351907,1652.7754175618052,26.436129537342396,[ 0.45729233  0.38672648 -0.80082854],[-0.67053587  0.74146132 -0.0248345 ],[0.58417923 0.54834089 0.59837855]
83,183.8451611363097,175.61800962971574,157.72766675865608,7.0968376949360765,7.3560256727787205,5.683178024516314,4.343058978525911,2727.6731990367753,2726.322797567792,98.89019812969987,[-0.63715167 -0.02479579  0.77033949],[ 0.4650879  -0.80937124  0.35862439],[-0.61459825 -0.5867737  -0.52722445]
286,15.447971480937992,188.32340912499407,105.60574336093624,6.6205047960988335,5.794206744820384,9.132435463787095,6.958136482282242,3665.4576547020647,3664.20081557936,179.4185593104418,[-0.96574403 -0.0619593   0.25199109],[ 0.24942151 -0.48959511  0.83551513],[-0.07160567 -0.86974575 -0.48827754]
109,164.88045500871937,29.714608127537716,124.08373126903177,8.638338199040678,4.791478210990611,7.65581266802061,9.82840156931458,2180.033592677205,2179.5642615994852,80.23075234057478,[-0.05446907 -0.9522587   0.30039387],[-0.60958478  0.26998505  0.74532843],[-0.79084734 -0.14251818 -0.59518824]
184,87.17981435578977,180.9084322365438,100.59640905981568,5.055135052685027,5.418787623096303,11.207490179603615,5.538412532752509,3051.283632631913,3048.4972015506346,166.02275678340897,[-0.86481773  0.486214   -0.12524474],[-0.31888567 -0.33922384  0.88500798],[-0.38781727 -0.80530934 -0.44841347]
69,58.07043042465355,27.327757586512345,127.4560988232829,3.304340813831888,8.7029063814244,7.672944282895858,8.040016121431828,1189.240467057841,1187.6649672529613,74.02653572461791,[ 0.83316651  0.32346479 -0.44855781],[ 0.37567191 -0.92627251  0.02983053],[0.40583764 0.19336436 0.89325586]
14,197.17924301982458,150.2029576556269,179.65510897508625,1.298591620399232,1.6402889503563982,3.324046878109057,1.6776436345110153,1145.5180221803914,1145.472475893992,13.279159255536033,[ 0.69864366 -0.68974817 -0.19011704],[-0.31153005 -0.53247871  0.78702951],[0.64408545 0.49062601 0.58689015]
127,75.04748451702847,135.46560951011892,75.75443899388138,7.843835940101678,5.143014891993873,4.740814272141981,5.859308184385284,1945.9098073239047,1944.5204206883081,98.31113005064718,[-0.32365436 -0.31886858  0.89082584],[-0.83986287  0.5304163  -0.11527751],[-0.43575018 -0.78548162 -0.43947743]
68,46.705280993036695,88.0957005269136,185.74273684100274,6.880306908266387,4.961650649609742,5.545061386681256,5.592390155973229,1740.2464097034513,1739.2135677132608,69.57001376333066,[ 0.53328483 -0.8083604   0.24932056],[-0.81638375 -0.41457397  0.40205224],[-0.2216413  -0.41794961 -0.88101831]
18,40.17352329772411,4.066026973413987,152.02513836797755,3.7914971775848705,1.7303288827247258,2.4022213135696444,2.6859311455123045,667.6255438130347,667.4874588552364,16.87637315694023,[-0.12323594 -0.99061632  0.05909485],[-0.95890971  0.13420301  0.24996343],[-0.25554856 -0.02586215 -0.96645025]
20,45.50670112235569,119.31006835221201,74.84035331743112,2.9872303804286306,2.9823489338559734,4.884914479017434,2.1983012190037834,662.4872260048679,662.0498686892279,27.22296870434149,[-0.84315999  0.47706329 -0.24797551],[-0.44112129 -0.35010874  0.82633883],[-0.30739753 -0.80612312 -0.50564046]
35,22.28756422499158,110.54557593005993,157.0493535372848,3.6541649430875864,4.071505515476871,3.3663401020932002,3.7420284393971497,1144.398943038399,1144.1112582774012,30.951626513528872,[-0.69843079 -0.53481669  0.47556865],[-0.70634125  0.6221038  -0.33774089],[-0.1152236  -0.57180239 -0.81225953]
318,14.753100638498744,29.32541063162723,141.92346481273606,7.70008043904155,11.513494934462196,7.690035461908684,6.786649850829592,2609.1730260359273,2604.1524990936737,257.08596725101,[-0.99137637  0.10308779  0.08090618],[-0.08424861 -0.97426967  0.20904733],[-0.10037466 -0.20042835 -0.97455293]
53,94.62396130756511,43.65231130452317,40.15032064708665,5.709405424486794,4.570024505092384,2.7891489872647104,4.534811188962113,814.7601227037877,813.9253282543891,46.25483452085829,[-0.14209097 -0.48495065  0.86292122],[-0.51103589  0.7825408   0.35562932],[-0.84773373 -0.390452   -0.35901917]
70,160.30499664435263,71.30413812093202,44.377901132734785,4.829189816923241,4.4540670472522255,6.146794239222798,6.013504664345035,1515.6632502557486,1515.3119152213708,55.843860580725895,[-0.40452403  0.91448706 -0.00858628],[-0.22805924 -0.09178113  0.96931172],[-0.88563497 -0.39406806 -0.2456849 ]
215,28.46893285333148,15.984678755194766,104.68584732733999,9.993223560511908,7.359508442147498,10.563336111980224,11.440204628870003,1623.0763715724584,1619.089271194935,170.83888349553638,[-0.36668514 -0.89919138  0.23874016],[ 0.89302359 -0.41214285 -0.1806852 ],[0.26086562 0.14694602 0.95412578]
19,169.8340231414702,189.16962083368608,37.73542382263329,2.6879516380911546,2.315220298548501,2.7265584407470094,2.410027061653248,1120.3861423929782,1120.3700956752273,16.407210479020787,[ 0.31335739 -0.09272888 -0.94509709],[-0.68200194  0.67056476 -0.29191823],[0.66081806 0.73603278 0.14688515]
33,87.70287486480898,61.82186801228271,52.76572167055904,5.568297091107196,5.104245275623259,6.19103749141766,5.053573542588295,688.9927703044851,687.7244278317337,47.80156236539312,[-0.66780032  0.43030887  0.60735246],[ 0.1233477  -0.7407033   0.66041197],[-0.7340491  -0.51593886 -0.44156429]
335,151.24169204695815,165.86820950078007,185.97076012417853,9.822860008526796,13.790225816066869,8.887474516524119,11.217707425233206,5344.526363963227,5341.574432894724,281.89627162237133,[-0.24281112 -0.61705798  0.74852001],[-0.82004703  0.54277486  0.18143406],[-0.51823318 -0.5697674  -0.63780834]
50,145.98484254298438,154.3124516970116,68.96986928117036,6.383894042696466,3.8120353315510096,5.6678428463446675,5.259028146193274,1580.2466444125791,1580.0766217707105,54.72124844782806,[-0.52362588  0.11824774  0.8437022 ],[-0.54619647  0.71342231 -0.43897383],[-0.65382364 -0.69068522 -0.30897989]
8,56.122468319821856,101.19533927528097,28.264703143749674,1.3022085055854293,1.029825814502418,1.9005274331128281,0.9857853782309662,336.9838630169122,336.93679472917387,6.581069051770863,[-0.79282017  0.52577422 -0.30821688],[-0.38656299 -0.04284112  0.92126744],[-0.47117431 -0.84954465 -0.23721016]
6,195.42514843880096,162.68186438698183,15.889640276462108,2.0537259859563584,1.2010628677120894,1.551574326275965,2.020373327882617,624.0945709976849,624.0874740987474,4.889126567869361,[ 0.58496022 -0.73599641  0.34077973],[-0.26348515  0.22493056  0.93807346],[0.76707048 0.63852606 0.0623487 ]
188,188.52566818145044,32.569048834858656,64.12108249475263,5.479064610904156,6.775628611384636,5.480628353193388,4.745985698735123,2769.046240382237,2768.57990953492,125.39823663451276,[-0.27448134 -0.24233428  0.9305558 ],[ 0.22708132 -0.9566882  -0.18215862],[-0.93439503 -0.16131269 -0.31762265]
53,182.51794530755566,105.05842337965908,13.436791267286281,4.3825239305602,6.160710859180329,3.834752474350262,3.510913019881889,1537.3960888377442,1536.590737404653,56.264673421863904,[-0.26010435  0.33612783  0.90518717],[-0.42925621  0.79947212 -0.42021833],[-0.86491897 -0.49785783 -0.06366122]
64,149.47987122554864,66.02097524365982,10.873362517579883,5.488109321669286,7.562370187550045,5.574049509822301,4.164694306054601,1312.4712060184256,1311.1683296260398,80.78992555868945,[-0.21146748  0.32810219  0.92066849],[-0.34925881  0.8544099  -0.38471029],[-0.91285256 -0.4029053  -0.06608732]
152,133.92824815772465,172.35950656176624,138.48193697227705,5.8134697175382914,6.028418343932515,8.596380300720703,6.499918568080321,3189.8204007747595,3188.612654514866,124.16115892353312,[-0.85175751  0.34525504  0.39409148],[ 0.07765294 -0.66068009  0.74664037],[-0.51814975 -0.6665589  -0.53592916]
2,106.382355186596,41.5196368374871,24.068564971954444,1.2322940102142041,0.6690910314455927,0.6920495682042773,1.5040326037629015,165.06257432812504,165.0614657201367,0.6049612780548711,[-0.25295649  0.88051604 -0.40087969],[-0.32425098  0.31323276  0.8926066 ],[0.91152308 0.35577626 0.20627393]
61,77.71092568209728,107.93728382075783,86.78238501993965,7.6731683186993,5.0915774069266275,4.144043714533579,4.786914294142823,1242.382285040165,1241.407041591527,68.93692125716672,[-0.04556368 -0.60567641  0.79440546],[-0.87071308  0.41388956  0.26562034],[-0.4896761  -0.67959659 -0.5462287 ]
16,195.7436837606786,192.04943897740424,21.176997857694197,2.0026675208719187,4.239161659216402,1.251488488345482,2.305444367123878,1100.320651658042,1100.2104964980624,17.034873202261373,[-0.04153324 -0.06759169  0.99684821],[-0.70132849  0.7125824   0.01909639],[-0.71162725 -0.69832491 -0.07699983]
46,79.84729615517541,88.03441820293315,64.3933054632197,4.1919039407580145,3.435246808288629,2.6236885703774067,4.033256252862127,917.5493150779255,917.3634041453665,30.34480574698547,[ 0.32339397 -0.73185877  0.59983254],[-0.73911237  0.2004563   0.64306312],[-0.5908716  -0.65130639 -0.47609951]
9,178.85739145624277,31.513643841757997,107.26579259259647,3.7479695674628197,2.400471545580633,3.0788792263019,4.860943594042468,632.9664206684002,632.9552253687702,7.132490266895814,[ 0.40456773  0.43740311 -0.80312108],[ 0.34257153 -0.88674176 -0.31037688],[0.84792081 0.14955795 0.50858895]
23,55.85178777158773,44.083943957910094,61.14107850527022,2.6559260353758547,5.007551008746476,3.375323543540569,3.6213261353192108,450.93848223518785,450.33054059883654,26.591626577779497,[ 0.7436587  -0.01475005 -0.66839672],[ 0.30455204 -0.88252741  0.35832027],[0.59516367 0.47002957 0.65180703]
6,137.19678591295062,55.22982644346666,38.068962516765616,0.9594569371924834,1.7124275770252186,1.9603174137148753,0.8714875543275858,374.1197539074255,374.1063674256274,6.452729741586317,[ 0.4054807  -0.90103644 -0.15400889],[-0.16889146 -0.23942652  0.95611224],[0.89836578 0.36167428 0.2492602 ]
26,3.973275681235395,185.04110521600094,57.400322398886004,2.868292318764182,2.667303808537787,3.1643435928538564,2.440604538723537,988.3334519729136,988.2561397064169,22.50666749919655,[-0.8792417  -0.12374598  0.46002278],[ 0.47593185 -0.2698708   0.83705354],[-0.0205647  -0.95491187 -0.29617631]
75,111.14403254830727,51.57666114088681,4.766464813115014,4.975995386519658,5.018366720313103,3.4885001871206436,5.369194133094505,1063.7788402299625,1063.2858912119593,49.94885092976873,[-0.22623923  0.40635846  0.88526189],[-0.35694465  0.81102193 -0.46350183],[-0.9063147  -0.42085179 -0.0384375 ]
59,17.282291301266326,51.84574274609018,114.74532798039924,3.292807849301854,2.892021599578343,4.50890857581834,4.3563486768721855,977.1645754999466,977.0738591622078,34.8275999856366,[-0.16517572 -0.88930835  0.42643598],[-0.9768766   0.20703432  0.05337507],[-0.13575378 -0.40775907 -0.90294156]
244,41.64116261310569,153.7302362269285,99.48973974322396,15.265374415047647,6.25146726868054,8.193391158357759,7.632098044700786,2945.7845524418813,2937.580220708625,260.64331452861074,[ 0.33058258 -0.57464136  0.74866713],[-0.9169655  -0.00782607  0.39888974],[-0.22335942 -0.81836793 -0.52951346]
3,72.16837243365181,35.95093323809312,128.7531491946803,0.6916749729199928,1.4765593141484559,2.0171363301538117,1.0589326669465553,263.1619553889813,263.1312350542399,4.099427562615974,[-0.72500172  0.65110871  0.22456613],[-0.49874265 -0.72117084  0.48079973],[-0.47500344 -0.23657993 -0.84758579]
51,58.93127308230025,179.0627015982096,101.3814376476381,2.976919028518148,3.06859031164177,4.185918440788473,2.71476381285788,1529.0222122328466,1528.8475087273403,38.0955319594682,[-0.96112939  0.22893603  0.15433275],[ 0.02066768 -0.4977523   0.86707295],[-0.27532372 -0.83655899 -0.47367279]
24,67.38327225689278,86.48757669822346,34.07026830852414,2.930503778010381,3.237724953917359,2.5070813089720247,2.6933523166196847,562.861787289323,562.742855704691,20.75760908469459,[-0.24163774 -0.18684772  0.9522075 ],[-0.77281968  0.63048254 -0.07239828],[-0.58682275 -0.75337886 -0.29674797]
8,170.57538515228572,1.6186445416393664,192.85398444140037,2.1625978388193587,1.0976275024489335,1.9904337709883986,1.0059076265081874,728.2850489165294,728.2495937944387,8.412684232922107,[-0.028114   -0.99905168  0.0332467 ],[ 0.74853138 -0.04308435 -0.6616982 ],[0.66250311 0.00628321 0.74903281]
59,24.85239548301698,159.09847624873225,37.74302778436297,4.398955223894481,4.507376616901764,4.1089009559994745,5.053495180918995,1271.5232616139222,1271.1842643137277,42.70170296143284,[ 0.5346383  -0.27349445  0.79960157],[-0.83159907 -0.00192877  0.5553731 ],[-0.15034921 -0.96187165 -0.22846893]
72,43.50346426210831,87.30705372490992,90.46935707943686,5.781863824941656,4.204856106189007,4.38151115142745,5.519461521952557,1130.9425841099612,1130.0569490459259,53.221691344265984,[-0.26476738 -0.62722239  0.73245498],[-0.90711378  0.41970487  0.03150248],[-0.32717399 -0.65607918 -0.68008624]
34,164.82210983336356,40.1518812533165,93.12068192736649,3.1555941638930376,4.773288921296867,4.1978353411314435,3.974934912717937,1128.981473100979,1128.8233755025317,34.363336576329445,[-0.42953078 -0.24995543  0.86777047],[ 0.30041808 -0.94575022 -0.12371542],[-0.85161745 -0.20755436 -0.48131996]
112,14.266401134876292,82.73696943373047,49.885945981460104,6.950326089921435,7.826757060467644,4.901686166151638,6.950851969481811,1039.716427727256,1037.04498450291,99.30672459839826,[ 0.75463942 -0.42958922  0.49595609],[-0.63899576 -0.3095117   0.70419239],[0.14900925 0.84832518 0.50807542]
45,23.992046189916064,5.255681630329759,126.73484075865967,3.942657184020046,4.577364704042829,5.841207661961229,5.618589979491921,867.3969074040793,867.2208817701794,41.86244070316417,[-0.88205889 -0.43355761  0.18439065],[ 0.43309598 -0.90022739 -0.04492789],[-0.18547235 -0.0402298  -0.98182563]
34,67.17602056826557,148.8402788966963,52.34704629755798,2.4913973103186136,7.30867234503059,4.03182980335189,5.737257595554121,1000.966300233039,1000.6949776930085,38.229319262676555,[-0.88084602  0.25748605  0.39725459],[ 0.26653381 -0.42376986  0.8656667 ],[-0.39124163 -0.86840085 -0.30464726]
9,53.63872523992887,165.05599942849943,55.06428085552895,2.3655811351461122,2.140733378173994,2.139942577745794,2.243812462712022,546.3416039875284,546.2935374726889,9.377772996595708,[-0.69462382  0.42046363 -0.58370205],[-0.65626846 -0.0380556   0.75356717],[-0.29463446 -0.90651095 -0.30237135]
11,183.60543494217396,3.794328529967849,141.20760173814227,2.5898257824066486,1.8830050854475473,4.386627716063214,4.572850814397743,768.5067881944242,768.4919537268479,9.746825984417503,[-0.20076301  0.95094813  0.23535479],[-0.57591165 -0.30891462  0.75689995],[0.79247712 0.01641395 0.60968073]
9,59.7686086991706,90.03868667367016,48.6791891299638,1.888946101410282,3.520663963653648,0.9792566361980944,3.105864195261927,355.78278445852726,355.72146402154243,8.119189947646545,[-0.28846183 -0.29994208  0.90929892],[-0.81408162  0.57675489 -0.0680067 ],[-0.50404453 -0.75986087 -0.41054911]
272,53.73149026438959,43.14792107245814,102.37605329361489,9.239756046838727,6.238080103030766,11.131468005942049,10.10942187265457,2049.817435859825,2044.320493420197,197.38995792796112,[ 0.15714566 -0.93688976  0.31231845],[-0.88730852  0.0048982   0.46115031],[-0.4335768  -0.34959059 -0.83054053]
23,145.9424245495055,161.09730169254658,116.77064114766725,4.22159319723435,2.2381419814563346,5.876646378045251,2.1847447739964827,1183.908754085424,1183.4632753933704,34.808717832902545,[ 0.4037289  -0.74781208  0.52704846],[-0.69808671  0.1205502   0.70579217],[-0.5913357  -0.65287422 -0.47336808]
422,112.0497096352242,120.31465529888816,35.05260954752779,12.57644969634239,9.442364052918265,13.234784303111834,11.205639207069593,3472.2623945624687,3467.50382745348,356.8682033248921,[-0.72571126  0.68720441 -0.0330646 ],[-0.166245   -0.12851996  0.97767337],[-0.66761199 -0.7150054  -0.20751268]
10,7.554179888299714,17.42469861797224,190.90542565232147,2.051724952354995,2.2683829699398794,1.7066740705374477,1.8862639523257398,606.7505359107228,606.7315655507798,9.343338787620471,[ 0.81649468 -0.57699505  0.02032621],[-0.5760032  -0.81167494  0.09697473],[0.03945567 0.09088731 0.99507927]
2,191.4468434431127,77.51798349826088,169.20778880628603,0.5516388747528111,0.016459404235234842,1.5302548676948362,0.5694371726850136,377.61052336766596,377.6043741867872,2.1549832963230813,[-0.29839668  0.94946365 -0.09735607],[-0.62997018 -0.11929871  0.76740172],[0.71700558 0.29032154 0.63373212]
39,68.75773622957425,162.4766036246754,120.46903093627304,8.311287124638294,3.4809255343955856,6.756679815840396,3.5066013173506905,1335.9038640645763,1334.4108425466147,66.70347431561258,[ 0.45343703 -0.64661798  0.61341669],[-0.83125637 -0.05849483  0.55280304],[-0.32157068 -0.76056791 -0.56402904]
55,137.26072881989748,148.30047301202515,118.15169977204069,5.301393752627329,3.785821304055082,3.946215072410406,3.2814713543453324,1736.704493253248,1736.344823579927,51.1377810850474,[-0.00107357 -0.62254075  0.78258665],[ 0.81001587 -0.45945616 -0.36438211],[0.58640697 0.63351642 0.50476114]
67,160.9350746345101,117.74621810710909,44.69160054254585,4.677194379865632,6.452796550953924,6.535180925905272,7.768892377199849,1674.5985524811929,1674.2298476861727,54.43963891435221,[-0.47219745  0.79206348 -0.38686563],[-0.39676602  0.20092797  0.8956588 ],[-0.78715075 -0.57642293 -0.2193862 ]
75,128.2410351541946,91.12109805373247,167.84962746863087,4.6212042548772665,4.623783450837787,3.336436276083691,3.7873136413805932,1992.9370797715897,1992.9029248718775,54.47010080229008,[ 0.81178433 -0.44405319 -0.37923999],[-0.17372566 -0.80367073  0.56915091],[0.55751736 0.39614407 0.72955073]
7,33.51425569910093,170.28496427246708,59.13391982836183,1.9976983184059276,1.8739355372725295,1.0221230331634046,1.7131305368956735,485.15242923112254,485.12421785943843,6.2611619055765955,[-0.23261405 -0.27787959  0.93202663],[-0.95524527  0.24534832 -0.16525942],[-0.18274895 -0.92875569 -0.32251463]
17,105.71853705822596,15.586507259510922,12.66208748766794,2.6041626345425137,3.3964793876294026,1.3894969501724828,2.8578428847942448,444.04740290952816,443.86190526175574,14.351628616449615,[-0.15203108  0.25489831  0.95494157],[ 0.10870924 -0.95599838  0.27248741],[-0.98237918 -0.14523753 -0.11763167]
49,193.31694117311147,178.21855796206944,136.0389296080109,4.524506001883332,3.804920705328708,4.232824040084989,5.0652902066316585,2072.8166538498162,2072.6782399216227,36.40772713737785,[ 0.44632323  0.1844096  -0.87566471],[-0.61185567  0.77695422 -0.14823891],[0.65301471 0.60194289 0.45960477]
100,40.812640720784295,59.17026002991062,81.73357638048728,7.949126570706122,5.192239026508715,6.67218758497447,7.70153875499846,1093.9059638019155,1091.7394362217317,88.55348423962425,[ 0.13838619 -0.83380473  0.53443329],[-0.91655422  0.09661293  0.38806483],[-0.37520346 -0.54353989 -0.75085734]
84,3.9055103974625873,94.13264270130797,81.49273515395642,2.759835461769595,7.219397186622286,7.631626588899955,8.647662313538083,1145.7565911888692,1144.7077216642151,60.069173818259934,[-0.99945183  0.03017186  0.01362685],[-0.00945296 -0.65455324  0.75595681],[-0.03172812 -0.7554136  -0.65447965]
87,42.14718830826955,19.879985013010767,4.95530483552358,9.877015293517097,8.480714990615793,3.3410959539256457,10.604271141222881,453.763804268028,449.7531145051312,73.36833715342084,[-0.03083189 -0.17333602  0.98438002],[-0.4403227   0.88648998  0.14230751],[-0.89731004 -0.42905726 -0.10365595]
24,167.5389846779607,101.74403608381492,25.33782227220188,2.2824659612177247,1.7731029358113322,2.7099559756553746,2.192275206845082,968.4172102706889,968.3454155688152,16.145669565708186,[ 0.4927453  -0.67443226 -0.54985743],[ 0.19651847 -0.52932019  0.82534879],[0.84769249 0.51474388 0.12828165]
11,76.90436951860293,167.05770763653055,71.82605370479834,2.7923282756769305,3.1536085462459584,2.439359975145577,1.8755546387054234,655.0194690528429,654.8596516049915,14.949642962663692,[-0.64323842 -0.03280504  0.76496285],[-0.65921433  0.53191899 -0.53150602],[-0.38946219 -0.84615957 -0.36377628]
57,34.38766737625921,193.2209117945624,66.57896625974706,3.061735382110303,3.578267493707983,7.251048113773554,4.698445673042789,1565.8717146254278,1565.1820789852475,55.01273799619772,[-0.97147572  0.21056892 -0.10906722],[-0.16939758 -0.29434922  0.94056526],[-0.16594996 -0.93221203 -0.32162298]
5,46.359560594376696,2.040423340142432,14.305178910078073,1.819564271804641,1.5322972422444385,0.9635739136441972,1.8506241379037955,108.7216616182049,108.67415030537241,3.937623982919521,[-0.29149982 -0.06973207  0.95402583],[ 0.05952959 -0.99672867 -0.05466423],[-0.95471675 -0.04085815 -0.29469736]
36,91.72736912519015,19.429764962296318,19.94339191934328,4.280363979359579,2.14260348361226,4.345564763970937,4.169481601651281,576.3209113195207,575.8656699208408,29.36215380786701,[-0.21220963  0.97689779  0.02525412],[-0.19804859 -0.06829941  0.97780977],[-0.95694505 -0.20249911 -0.20796702]
38,54.03006000318408,5.549471135708523,61.79179140477962,5.6073262136109046,4.9351594539303685,5.461792967303084,7.4485675748494184,510.1089746619464,509.427301441841,34.18992767972556,[-0.70858887  0.3972225   0.58319474],[-0.25718664 -0.91503276  0.31075728],[-0.65708207 -0.07020925 -0.75054235]
253,130.8526787528334,10.888551169001772,121.57942821494596,8.435724173946015,6.315054496916641,17.176207326311346,14.245689260348048,2862.6851489427877,2856.835329523648,228.90984799887494,[ 0.16264784 -0.98284657 -0.08693851],[-0.66505598 -0.17429177  0.72617004],[-0.72886639 -0.06029101 -0.68199617]
8,109.55902338600183,60.58740454686514,115.75153165147668,1.678730119292759,2.419734230497105,1.842707726004653,0.9433155273730277,482.3424194481078,482.29496686554876,9.45202926359514,[-0.76249282  0.20914629  0.61226018],[ 0.07553221 -0.91106555  0.40528317],[-0.64257263 -0.35527087 -0.67888366]
37,14.155796750977258,104.80952831327592,31.4459979931004,6.3161265428445645,3.999448075102669,3.9963008058224627,4.507985102807202,672.7529581984703,672.1240778946263,43.204181632163895,[ 0.17705818 -0.30505819  0.93572961],[-0.9756252   0.07082957  0.20769842],[-0.12963743 -0.9496961  -0.2850815 ]
22,170.35714902717748,69.99358366260549,93.61049692748658,5.9570696538649255,2.4657741297047053,4.258157974457235,5.247324296757022,969.6881450892744,969.3805549074447,26.65944055790835,[ 0.31398083 -0.94025541  0.13166552],[-0.47038068 -0.03359162  0.88182403],[-0.82471695 -0.33880876 -0.4528251 ]
12,8.076309797236414,167.08857892501092,33.30161456436279,3.6090449352828626,1.7201431770851232,1.5333067854363065,1.9058286156282693,591.0338818380219,590.9075517619328,13.224194703648426,[-0.20488774 -0.18183809  0.96174629],[-0.97763842  0.08557577 -0.19209348],[-0.04737227 -0.97959772 -0.19530532]
23,100.30087500832022,8.121839946577563,48.97771109632476,2.662250722589118,2.1898278069285038,3.396588709623028,3.477243474502927,537.1383934304815,537.0783641134543,16.0810737139171,[ 0.22837553 -0.9214077  -0.31440814],[-0.3807181  -0.38174769  0.84221282],[-0.89604595 -0.07263993 -0.43797842]
24,88.20692006663866,54.67550711399709,114.94057373191568,5.662679458929323,2.483472631330852,4.26870872291304,2.2681588626921942,759.4403811149696,758.8313780155778,35.11495378848808,[ 0.10838769 -0.92743493  0.35793374],[-0.81473381  0.12343533  0.56654439],[-0.56961472 -0.35302716 -0.74223372]
32,141.7656424536713,188.27435242002917,118.35549149384023,3.7993342603880738,2.782755869550136,4.341628474128694,2.1770600298905802,1492.182738759669,1492.0559524747262,34.08261548440368,[ 0.38711475 -0.68175809  0.62076411],[-0.74914718  0.1599205   0.64280942],[-0.53751342 -0.71388469 -0.44882956]
58,140.83121875722807,40.98854420849624,103.27034339453823,5.655608959016099,4.5033810510756656,7.9076128294799135,8.491866468751425,1368.385197756289,1367.8761564826332,49.30488338866562,[-0.11043722 -0.8630657   0.49287038],[-0.61010432  0.45034396  0.65189189],[-0.78458673 -0.22870922 -0.57629485]
23,99.8331094203651,118.03156415177314,138.5740610847279,3.7301530864462165,5.287559658934054,3.143848796841018,4.2217052478446755,996.1800705642537,995.9265563105898,27.863515686432848,[-0.27947326 -0.62208864  0.73136886],[-0.8311952   0.53805507  0.1400403 ],[-0.4806342  -0.56877277 -0.6674491 ]
20,131.95725129174338,137.12522742417923,137.629526161011,2.15617085313495,2.3252405043223634,3.083337700443599,1.7180209925631973,1050.4511804717542,1050.3903776363866,18.223856666605364,[ 0.79123511 -0.58600402 -0.174775  ],[-0.24137404 -0.56188731  0.79121503],[0.56185904 0.58385096 0.58603113]
116,185.25186272910508,138.69428923023986,185.3087403952322,6.357917340376704,8.163009442933426,8.16790239539236,8.773414694206139,3195.78280009106,3194.9125364118,105.62649053727763,[-0.0968313  -0.74791228  0.65669698],[-0.77495242  0.47068155  0.42179097],[-0.6245578  -0.46806634 -0.62517314]
14,32.66347725788044,168.77780216289923,79.56678356207726,1.9568814672886565,1.2588864217318405,2.944928058234476,1.962051015871532,708.8922672028358,708.8491527451764,11.970226263241575,[-0.87814921  0.33225237 -0.34418357],[-0.44623064 -0.30957647  0.83966697],[-0.17243021 -0.89093814 -0.42011552]
3,86.91395094685168,179.16854010957613,70.4846248890118,1.5907499778922967,0.5548689722506043,1.0028551009388407,0.2187258564065918,365.8973397813635,365.88483174454063,3.374762261561017,[-0.36352648  0.48841798 -0.79328203],[-0.83580071  0.20509553  0.50928675],[0.4114434  0.8481649  0.33366244]
157,167.32710784458556,152.85741948770482,140.9167759569191,7.411575910709224,7.095705583377568,5.38478181829249,5.846630551325371,3346.539816701482,3345.235001525318,125.38624319631103,[-0.60155987 -0.07453311  0.79534303],[ 0.49477864 -0.81643011  0.29771795],[-0.62715215 -0.57261392 -0.52800898]
83,119.13082887991337,12.641028263145463,47.32357784467776,7.2783873332272675,7.455454127150703,5.883701255976884,6.806281249502169,1177.4514078241168,1176.151842848693,90.7002591632891,[-0.35759975  0.54798811  0.75619538],[-0.12696549 -0.8307493   0.54197358],[-0.92520386 -0.0977989  -0.36665132]
12,143.26065334389568,87.60565325054348,155.39450960100672,2.106447444035015,2.2693302429959,3.4429394904717467,4.006447061993721,792.7114892580844,792.6903556215176,8.045360380625217,[ 0.12508077 -0.90913842  0.39726833],[ 0.76964893 -0.16376884 -0.61710639],[0.62609531 0.38294528 0.67923308]
61,108.49817084718954,150.23542070758617,40.88009111205287,5.285115600782986,3.1902536921166935,4.495241648481819,3.891964244829947,1483.190369881564,1482.665049339636,51.36941670171169,[-0.62556781  0.25098169  0.7386969 ],[ 0.53058449 -0.55729263  0.63867443],[-0.57196593 -0.79147528 -0.21545734]
3,7.53703493507738,181.6782672037435,126.79797593899286,1.0483083508756283,0.35551357217864976,1.5608823544660868,0.9852223696757173,383.97336038289535,383.9629360373163,2.837368845573477,[ 0.78381673  0.33321195 -0.52402398],[ 0.6200597  -0.46617629  0.63103536],[0.03401903 0.81954223 0.57200808]
23,182.91350617881182,190.58395762058598,7.275258615266106,4.099019793945925,2.595096487241728,2.9023859152334768,3.592467528227872,1267.5881887456183,1267.4963740887624,20.963116581236793,[ 0.46606022 -0.41760098 -0.77999826],[-0.55100323  0.55276598 -0.62517614],[0.69223068 0.72115129 0.02752274]
74,75.86847579687655,130.79200984327616,9.742243270252757,4.21205354523734,11.084766319640861,3.281698946612998,8.624553566456525,1307.4061083240902,1305.7716574874928,75.91027208749772,[-0.06319212 -0.03787488  0.99728243],[-0.86458858  0.50120712 -0.03574917],[-0.49849106 -0.86449807 -0.06441853]
46,180.70594669478353,192.9505699134869,181.05673313238236,7.908203727968228,4.484673377429442,3.7463156619378903,6.498781651253836,2173.9694092049044,2173.8307907104877,49.932916840688044,[-0.38765886  0.79729753 -0.4626416 ],[-0.72895886  0.04204151  0.68326531],[0.5642159  0.60212055 0.56489934]
5,26.813363697306624,120.13783467339604,98.789606126131,0.5211877341723403,1.882553584219443,2.071177591858938,2.239953886447342,352.9804418909657,352.96592110468885,3.916772547426372,[-0.97089711  0.02039674  0.23862687],[ 0.16886514 -0.6482482   0.74246807],[-0.16983337 -0.76115586 -0.625938  ]
32,145.75567048138637,59.69880049736258,58.146114859584266,4.098937829640322,4.385656939584469,4.538300656734626,4.649964229225301,950.5502356307321,950.3210596192106,33.24234752776304,[-0.47367668  0.80236392  0.36310128],[-0.14863199 -0.47920399  0.86502721],[-0.86806621 -0.35577475 -0.3462447 ]
35,12.10112865118156,112.7488729787726,125.78273537688435,4.629698871998837,3.959319140883445,3.426806019658762,2.9432980875542993,1002.5947082446326,1002.2099873673292,37.43898997860221,[ 0.62815277 -0.60834219  0.48512254],[-0.77482004 -0.43195099  0.46159749],[-0.07126006 -0.66583641 -0.74268693]
91,142.1282607903165,189.1537820733432,49.33556170860009,3.9522830210567443,4.303519610481763,7.026340371224848,4.007968503267494,2306.992007850472,2306.104552944268,78.37437916312825,[-0.67253969  0.61330941 -0.41417622],[-0.44942391  0.1061677   0.88698735],[-0.58796983 -0.78267489 -0.20423393]
67,130.54130836797833,120.45869540577785,77.55067740628756,5.475229139659313,3.6461166240793355,4.1183616625648645,5.643915740666699,1587.5617129552086,1587.322783236389,43.521696407087774,[-0.59582397  0.7769158  -0.20345917],[-0.43718052 -0.10124646  0.89365673],[-0.67369652 -0.62141048 -0.39997752]
31,74.55918430206809,87.3030795905167,89.57833793153979,4.17789331835848,3.5771291182650633,4.444033514912591,5.527170391534102,811.5940245319265,811.5057177014,24.38583125087803,[-0.76801494  0.6402414   0.01562028],[-0.38450001 -0.48046594  0.7882336 ],[-0.5121648  -0.59936919 -0.61517785]
2,57.94344731276295,1.127719864247012,94.9027325517582,0.514784034288418,0.4174772714638286,0.6053304284670844,0.780621191656941,157.26442190890774,157.263173522386,0.6266195104433308,[ 0.81795556  0.27966098 -0.50273098],[ 0.24376012 -0.96004554 -0.13745389],[0.52108513 0.01011459 0.85344478]
24,53.05888508432192,191.17626367372227,68.11674412297047,2.848194381365014,3.21544099897893,3.842726261192467,3.208770701381092,1027.9751714593892,1027.8531669982954,23.39582845718865,[-0.85176791  0.36892424 -0.37200315],[-0.45883099 -0.18250915  0.86957722],[-0.25291414 -0.91136454 -0.32472931]
34,154.94470396649967,45.52675390475973,191.61020148035567,6.457261986893723,2.7331285617613297,3.9510312589101417,3.9798209306881875,1461.8726767142941,1461.4138914034668,40.787558559380095,[ 0.28768489 -0.95771145 -0.00511723],[-0.73125326 -0.22310375  0.64458776],[-0.61847075 -0.18169617 -0.7645132 ]
148,32.48891164534754,47.285551955907636,189.37560867920783,17.143532936584332,4.720057586377334,5.611934190638957,7.708690856190402,2417.339679608512,2409.6764594445303,206.38186811857813,[-0.11988471 -0.9581464   0.25996755],[-0.97866741  0.1580631   0.13124842],[-0.16684648 -0.23868709 -0.95665601]
7,54.60701761797469,168.20657401209291,147.4075403936842,2.637044882296216,1.4395011605248993,2.183360735616596,2.7987240474483674,609.1944137432506,609.1752509641848,6.468187492194168,[ 0.08682123 -0.6724126   0.73506691],[ 0.96755541 -0.11882182 -0.22297512],[0.23727327 0.73057694 0.6402802 ]
360,115.23685794418279,39.813253176328885,167.6487394916814,11.5127386562245,12.116829973193195,10.622832361813929,11.49463434823447,3947.207016844359,3942.826869946798,308.1968563108085,[-0.41537173 -0.77778106  0.47172338],[-0.72026129  0.5979488   0.35168296],[-0.55559878 -0.19368493 -0.80857662]
4,186.91884651572036,171.3881090760222,8.106003479110385,1.1175297162841566,0.8994559793895011,1.5474679402407323,1.334625957318604,507.4743754096631,507.46493819894556,3.269016660770258,[ 0.65349428 -0.72327096  0.22321366],[-0.17387904  0.14356453  0.97424602],[0.73668942 0.67547638 0.03194306]
8,180.27593022446015,155.105567272509,102.59006116433449,1.253817279234941,1.853222565267023,2.1891868893288318,1.6505098034610715,732.6100789224306,732.5931211768174,7.5149338366779785,[ 0.63135349 -0.24769831 -0.734873  ],[ 0.3419589  -0.76159193  0.55049237],[0.69602937 0.59885163 0.39613108]
2,159.67971193470453,36.86573239393826,79.18283987932452,0.9320196417882869,0.4850733253034427,0.2761787346682283,0.7957784767903462,257.4016122376995,257.3994873504712,1.045894010726531,[ 0.36098621 -0.8758885  -0.32016915],[-0.31619209 -0.43793753  0.84156597],[0.87733205 0.20255876 0.43503843]
75,9.276029414389427,175.26584364161698,8.063598434621063,5.076775990919578,4.256016167322562,4.593245844179915,4.473187849866281,1522.6628960571245,1522.576323040677,58.1736549416928,[ 0.03200367 -0.04774442  0.99834675],[-0.99806849  0.05168511  0.03446652],[-0.05324525 -0.99752149 -0.04599808]
4,97.87043712863316,40.0654420484456,104.20440402526805,1.306933136453568,1.4965846764303163,2.155130145302675,2.383383884207039,296.9885200708775,296.97523019722047,3.4103417256332484,[ 0.16153369  0.86074462 -0.48272721],[-0.73447101  0.43156364  0.52374149],[0.65913519 0.26994725 0.70190405]
12,3.9904977874166314,169.24719059287693,158.47655914169104,0.7431300831311141,0.9520996784687799,1.6739786488210084,1.2578858154237031,803.3364659656186,803.3237861516536,5.675303832428708,[ 0.98824817  0.09140776 -0.12251602],[ 0.15188504 -0.67748833  0.71968083],[0.01721876 0.72983162 0.68341007]
63,79.72524462554826,28.053941566992947,113.42065266255828,3.93950014077057,7.386090125632696,4.838947615622738,4.576735994645708,1125.0702836366015,1123.5360362599556,67.77550716584189,[-0.80062065  0.36998753  0.47129162],[-0.20320357 -0.90762151  0.36733025],[-0.56366202 -0.19832404 -0.80184331]
32,96.05973984728939,7.810556609504258,149.5386131648665,3.127002759321494,4.156610034302564,3.4861180640263685,2.5429956362178823,1006.8125957391229,1006.6819598453477,32.354178438263766,[-0.66224694  0.63862112  0.39190823],[-0.51959535 -0.768264    0.37388647],[-0.53986078 -0.04397147 -0.84060505]
