N,MEAN_X,MEAN_Y,MEAN_Z,SIGMA_X,SIGMA_Y,SIGMA_Z,SIGMA_R,LAMBDA_1,LAMBDA_2,LAMBDA_3,EIGEN_1,EIGEN_2,EIGEN_3
483,113.97259008359754,120.75604150204452,35.4664196117419,14.912329591094103,8.927599032699048,14.290010673838335,13.216287199840647,3757.894544995165,3749.0541873059324,401.65115973834116,[-0.67279094  0.70424586 -0.22669387],[-0.30674223  0.01330654  0.95169961],[-0.67324702 -0.70983146 -0.20706943]
72,133.6929539153143,149.73312573191208,119.91156642804764,7.372709351384834,5.082460273237081,6.054502241384216,5.41585869605858,1985.7667624315304,1984.9695387064517,79.41167121947724,[-0.15842956 -0.52740904  0.8347094 ],[-0.80495092  0.55856537  0.20014679],[-0.57179899 -0.64019093 -0.51303166]
628,181.04316538833396,96.53663344973694,68.38516163295769,9.443451312389485,9.823915060188193,10.222970542250382,10.734321270057935,5432.265365520181,5430.642393037593,330.66349340015825,[ 0.24440449 -0.82220804  0.51404317],[-0.48983926  0.35282023  0.79722982],[-0.8368536  -0.44664507 -0.31651893]
24,34.13499002340001,84.23450580266434,179.84346781204655,2.5857747109886913,4.727396535588078,2.2364745245353777,3.2599945246839925,987.523556206477,987.3590653810728,23.675348297216168,[-0.92942417 -0.23340854  0.28581668],[ 0.32782691 -0.87785335  0.34914612],[-0.16941144 -0.41820324 -0.89241572]
30,89.83438219965687,70.46414090704039,35.697576669077186,3.7827163084198485,2.2040557921004194,2.5306687742517524,3.224093007797979,655.6564870547024,655.5762102303399,21.269002008684495,[-0.5386116  0.2855806  0.7926798],[ 0.38151813 -0.75616292  0.53165925],[-0.75122664 -0.58877955 -0.29832395]
120,59.50238986410266,188.53118874029389,73.11039537567845,8.420505907827376,4.776447097567861,7.733867206724215,3.7016447122247564,2311.9857773649906,2310.3842935182406,129.6746059699745,[-0.66668383 -0.07704231  0.7413482 ],[-0.68974286  0.44071824 -0.57447561],[-0.28246674 -0.89433323 -0.3469591 ]
22,195.9514918003574,71.06636254432478,114.07586614113393,2.6287845200473225,2.681432669734148,3.715828811269787,2.7679279504449634,1114.7353251104212,1114.6389504957783,21.088367306320926,[ 0.11957575 -0.92175412  0.368878  ],[-0.55289138  0.24677657  0.79587213],[-0.82462886 -0.29911648 -0.48012141]
27,7.576149312141273,178.07144068008583,196.88017685268719,3.185797392200691,4.261882077692848,1.5762996046798639,2.8207896050085157,1380.1702412980471,1380.1170361689028,24.8336208221164,[-0.85216283 -0.37131815  0.36870225],[ 0.522499   -0.64219865  0.56087048],[-0.02851871 -0.67059953 -0.74127118]
23,30.277758188897632,144.74870846757912,191.63178947838472,2.773978286881774,3.85760406526807,2.727841594980438,4.093957723036823,1161.131585663775,1161.0619102871342,17.50642569484084,[-0.4369573  -0.68315758  0.58511882],[-0.89075431  0.41904954 -0.17593816],[-0.12500029 -0.59807458 -0.79163232]
83,106.54804775234268,147.21670323665123,40.31828817693445,7.909797545663356,6.19681566177964,3.964483086955469,8.924984856816026,1698.4207378267176,1698.14766029089,55.36283882551492,[-0.36339522  0.00822299  0.93159878],[-0.73463739  0.6124222  -0.29197082],[-0.57293265 -0.7904881  -0.21651039]
57,26.469191514092632,157.83834583733406,36.16447037558317,3.719798156340418,3.9275984899054697,3.49815704289123,4.16755426358938,1239.562823199889,1239.308173961129,37.05847071155356,[ 0.64623616 -0.27184798  0.71307608],[-0.74586962 -0.02734668  0.66553037],[-0.16142283 -0.96195158 -0.22043556]
96,156.33405200074313,149.5858535825358,176.8127644298147,6.8263179643162415,7.597143212193101,6.185237014507532,5.1274504014772395,2740.069761393075,2738.505291468861,105.60133559519204,[-0.22660829 -0.63563256  0.7379837 ],[-0.7974852   0.5560799   0.23407798],[-0.55916549 -0.53548706 -0.63291987]
314,15.923750678127693,29.010518796974598,143.13858705172274,7.380084072992385,13.88513467686249,7.044222520287862,6.9145341977189,2617.8973749048064,2609.158543873308,282.8319857764641,[-0.98491277  0.15468236  0.07759001],[-0.13536561 -0.96797331  0.21143279],[-0.10780998 -0.19773983 -0.97430794]
151,127.47153235594216,51.90886888562724,26.91679153574655,5.724262627493328,9.417394029613025,5.412009441384337,6.81791741177694,1728.8743823217296,1726.467884342069,124.79441381320507,[-0.28524189  0.21538506  0.93394129],[-0.3054195   0.90320033 -0.30157601],[-0.90849105 -0.371266   -0.19184777]
65,144.87067552991851,31.689599585937376,86.01907211124008,6.524202583559397,6.111210966982425,5.322388394380318,5.8801291376050635,1384.3364579388026,1383.3775826278613,69.16185487014145,[-0.27323524 -0.65730604  0.70234698],[-0.45946691  0.73063689  0.50503455],[-0.84512287 -0.18471196 -0.50164612]
275,98.9749680783307,80.00283405075587,80.83911469620483,7.676310867237331,10.760569789877177,8.236365376664834,8.829041022454803,2509.4541099296484,2508.579379478999,213.01882750629287,[-0.44639323 -0.29930048  0.84329847],[-0.60892547  0.7921578  -0.04117996],[-0.65570028 -0.53188837 -0.53586557]
191,24.985010715076577,17.715958339092005,100.24685009042155,6.021644894034552,6.9254463844907095,9.269790992461688,8.859647021595894,1457.5962223650145,1456.011916903721,132.96368257858185,[-0.57489934 -0.76951911  0.27808467],[-0.7836186   0.61560581  0.08349477],[-0.23544136 -0.16991123 -0.95692086]
20,130.56418581102463,81.62796517930676,53.672035127598384,3.339239332991394,3.446975803918855,2.9856018623798977,3.8169316404160716,729.6616334459626,729.4920758815807,18.595642627526857,[-0.59705945  0.62198378  0.50661247],[ 0.04901193 -0.60206773  0.79693932],[-0.80069835 -0.50065021 -0.3289856 ]
121,75.59031594630038,134.94350787592174,74.7655966581844,7.872062615288195,5.6044033330201675,4.838748235173411,6.602034880573717,1893.0864383430062,1891.545651473953,93.91127281475967,[-0.47287474 -0.20914743  0.85594792],[-0.76306224  0.58294858 -0.27911822],[-0.44059676 -0.78512949 -0.43525416]
12,172.27745799267066,24.000623566227475,48.678326932308885,3.0593088890447753,1.3684455331030383,1.5723233916018056,3.286768350735984,625.825011402059,625.8119375088331,5.877293479606882,[ 0.15390297  0.55438708 -0.81790516],[-0.25810899  0.82158288  0.50831223],[0.9537786  0.13287791 0.26953633]
8,82.72044050468105,53.09218797237378,121.49260375305767,3.0403690262986007,1.0155895665525232,1.7768630407868824,1.7565797392850504,442.1230835230104,442.05148123093477,9.113647596372626,[-0.02945383 -0.90843266  0.4169923 ],[-0.84786347  0.24365151  0.47091557],[-0.52939588 -0.33968227 -0.77740334]
43,179.55895164844242,92.57005873131934,118.70653295867037,6.083628047913713,4.672182410940878,2.366966731652622,5.712089543732957,1537.203069263914,1537.124221548953,36.865230932743735,[-0.07029657 -0.73200904  0.67765859],[ 0.63845104 -0.55498411 -0.53326627],[0.76644547 0.39516504 0.50636541]
88,56.624823674147386,29.727539237157313,130.851402150555,3.37429396624824,6.4367792714427035,3.887969291664583,4.545395413913843,1368.2155304741232,1367.1684618886568,64.32691413793154,[-0.9210637   0.10710863  0.37439205],[-0.01967733 -0.97300258  0.22995388],[-0.38891447 -0.20443513 -0.89830496]
482,115.84109688858547,141.0129085818788,90.63929237144588,11.167209851087629,12.635834284797081,11.772661229856734,9.280992923517916,4490.204535290494,4484.023009492109,404.880020753443,[ 0.74325262 -0.20087447 -0.63814182],[ 0.35240882 -0.69323758  0.62867296],[0.56866824 0.69214963 0.44446071]
2008,86.13445168814773,122.21077825724142,138.09158406131766,19.635580421004978,33.76579606981573,13.483674333902185,26.556735295402095,9273.825161494173,9232.135461219594,1406.9600878693298,[-0.86893695  0.06231685  0.49098389],[ 0.25735135 -0.79048742  0.55578765],[-0.42275153 -0.6092998  -0.67084641]
248,173.25582523109009,33.762723063668524,108.17733708914383,11.27326862162631,9.571517674529646,18.879066090936877,13.140252969138936,3279.097688765946,3269.663949216618,317.104654475951,[ 0.21926566 -0.97459375 -0.04571203],[ 0.50336754  0.15313506 -0.85039448],[0.83578927 0.16345235 0.52415612]
7,132.39853977983276,135.27306417435767,138.8638882248899,1.5185680553838279,2.578875239503644,2.2614448250301122,1.757779344740057,621.1717528785412,621.1480200011226,8.760542266724697,[ 0.80982596 -0.24570005 -0.5327414 ],[ 0.16164737 -0.77947651  0.60521607],[0.56396103 0.57623593 0.59152355]
24,52.94150167288735,164.82448508091795,58.45002570414393,1.612197387603527,3.4104127093674923,2.445748618613597,2.8260878778076304,895.3681709292135,895.285445366323,17.125614265186723,[-0.93066628  0.18748012  0.31418384],[ 0.22348175 -0.3886162   0.89388666],[-0.28968291 -0.90212452 -0.31977361]
10,93.2163152007112,20.987802532453934,60.45990600938194,2.004295745203775,2.478119789743847,1.33575692426608,1.361825468818949,357.66960449992075,357.6507750393844,10.03084405232591,[ 0.56495673 -0.21526571 -0.79654539],[ 0.03288429 -0.95872743  0.28241873],[0.82446499 0.18574819 0.53456066]
9,165.31109181874712,179.15194398093402,194.05287337051573,2.232383071245362,1.3783247592244048,3.2280843462701783,1.9908621243837987,934.7919853582143,934.7672546598546,10.958138885548763,[-0.58217401  0.78123426 -0.22526974],[-0.61610539 -0.24308308  0.7492161 ],[0.53055403 0.57496404 0.62283929]
51,166.0147788155707,98.90720753858177,102.16243111461004,3.64449285765122,3.8115819648946605,3.6115237786802963,3.8636537904104533,1561.5367500530422,1561.4370107938173,36.28218919110843,[ 0.55802543 -0.08383228 -0.82557845],[ 0.33435299 -0.88783837  0.31615044],[0.75948384 0.4524546  0.46740682]
30,80.09543690647247,34.42771346389456,110.49540326897024,3.532235279957156,3.583123144860296,2.9434320911493406,3.7665463874248464,771.4516691600506,771.2936012565561,24.37405345474505,[-0.71927734 -0.31441409  0.61950294],[ 0.3983245  -0.91723951 -0.00304637],[-0.56919039 -0.24457201 -0.78498843]
337,15.658221098117444,187.84675341802756,107.22080051657304,7.584658361525461,6.55430312273447,10.715558198370532,7.758597856050365,3987.8959814529517,3985.7724577113145,228.50570436479168,[-0.97165795 -0.05055163  0.23092284],[ 0.2249715  -0.49770203  0.83766373],[-0.0725855  -0.86587368 -0.49496881]
49,192.73388174389183,177.63234643153552,136.8952248633154,3.946908073305045,4.259945742742008,4.61707816227999,5.137459470234193,2070.4721290916564,2070.3254506793655,37.44716868410833,[ 0.51324866  0.10019851 -0.85237086],[-0.55839243  0.79319217 -0.24298988],[0.65174666 0.60067166 0.4630549 ]
209,133.76554725078827,11.297426499458156,130.36915066427696,6.331216111449218,6.758740684118882,10.953692927460828,6.495349411526427,2711.950511626068,2708.1066841277398,185.95266227486397,[ 0.30040084 -0.92622978 -0.22772292],[-0.63230743 -0.37213308  0.67948825],[-0.71410549 -0.06012795 -0.69745106]
90,178.41392301690314,187.49279037215453,177.71490781925576,10.371315504973715,9.434806316200282,4.610813547980421,12.3521511367053,2981.4228940528383,2981.0519402187497,76.40189813388855,[-0.59407889  0.77374089 -0.21998933],[-0.56899816 -0.21088976  0.79483747],[-0.56860475 -0.59736968 -0.5655423 ]
24,111.25719605745276,22.35056464438669,14.360887820905686,6.631642193405064,6.708266285787342,2.3452675102106486,7.726580548450938,562.3060425800311,561.7329424754113,28.8527051865451,[-0.1272804  -0.00505672  0.99185389],[-0.19696649  0.98020048 -0.02027857],[-0.97211311 -0.19794305 -0.12575631]
35,52.31479595401888,26.318373452529787,6.642912054655624,5.906172489193405,3.326874399063714,4.547804158248359,6.174369099771554,351.6705121752134,350.98188169464197,30.943811481743833,[-0.459498    0.86879642  0.18453824],[-0.01604235 -0.21585598  0.97629342],[-0.88803391 -0.44564445 -0.11312293]
82,25.74750715536574,149.08011151197286,101.56916612076826,6.55475560224647,3.3586659005189468,6.380451876198148,5.018379875928047,1652.0902630549813,1651.016817949058,76.07807649886738,[ 0.47129206 -0.5508923   0.68876808],[-0.87064901 -0.16583078  0.46310954],[-0.14090454 -0.8179351  -0.55778857]
83,62.06581356651677,74.45730032196923,170.92234224066914,5.670858936839849,6.321947694364739,5.931443598524778,7.2166695761497115,1792.4546912965288,1791.5641428728402,67.53137588451868,[-0.74624788 -0.4667595   0.47460476],[ 0.58581641 -0.7990801   0.13524099],[-0.3161222  -0.37895456 -0.8697472 ]
61,41.76041316299487,69.26680461223737,65.77189027591834,4.010308126328403,5.2862462805883705,4.9965419678115754,5.703610161405517,816.2278976665685,815.9809430222484,47.237549474689494,[-0.32151884 -0.54311106  0.77566489],[-0.85834766  0.51305694  0.00344473],[-0.39983113 -0.6646826  -0.63113558]
32,19.332364822402667,22.988008991032224,163.84008834427775,3.2931801887224452,4.108224734631009,3.300283736876298,3.7839600560005824,942.7567021216202,942.6753128451556,27.807154713817326,[-0.99243771  0.05552738  0.10947196],[-0.03947116 -0.98882943  0.14373028],[-0.11623006 -0.13832237 -0.98354334]
61,12.00782391442845,111.25054642138157,124.37759984187018,5.565144750784227,3.579788262406969,6.365664237722213,5.858536023322659,1308.3844887332214,1307.7609661679305,55.11095423878922,[ 0.42446733 -0.69492861  0.58043235],[-0.9026428  -0.27439208  0.3315795 ],[-0.07115805 -0.66466775 -0.74374278]
29,184.14228297180756,190.73891182616237,8.400761984587247,3.4419021055497927,3.0373496516010743,2.770799479117532,3.836729211555206,1428.7048964782111,1428.6213625339944,20.183200413318737,[ 0.56094755 -0.51295057 -0.64978424],[ 0.45098824 -0.4688628   0.75945854],[0.69422435 0.71906146 0.03167277]
64,71.30883879157888,162.36933832799724,118.58544706313477,5.844382704559558,2.8707621613073604,5.705047150472595,3.627282413680109,1707.9956053983465,1706.9935378984114,62.916575552965604,[ 0.5004374  -0.64311395  0.57962648],[-0.7987151  -0.08459506  0.59573305],[-0.3340907  -0.76108352 -0.55599935]
27,179.821924426995,108.63744888965526,11.774406037460661,3.7641275383181254,3.7576809404035467,2.2241342915413163,4.03368992341765,1093.7275644192632,1093.6336729586585,21.437684181014927,[ 0.00770289 -0.12038185  0.99269778],[-0.51927612  0.84790033  0.106852  ],[-0.85457181 -0.51630732 -0.05598014]
109,136.22254687843756,172.02765133509143,142.47875756933513,4.205643260447683,6.460541992603724,6.4181148681189555,4.008625432749417,2733.073246278667,2732.2457621564045,96.13552719600871,[-0.82240844  0.55759179  0.11285277],[-0.22938035 -0.50653809  0.83114609],[-0.52060447 -0.65765535 -0.5444818 ]
83,158.11414968654222,70.50090789728509,14.325812165182496,8.799000157232475,10.213002106965511,6.779466580804016,10.454017527855934,1587.6619444852765,1586.3634477981736,98.69994157755353,[ 0.04422657 -0.29590607  0.95419265],[-0.41290864  0.86431404  0.28717189],[-0.90969801 -0.40669502 -0.08395653]
44,124.12774339940925,116.37152585257085,143.08169756769647,4.493829163406218,5.147853624645237,2.5016906445836278,3.5289528961402055,1475.24021955007,1475.0316943688222,42.17782145928102,[-0.55236742 -0.34410036  0.75926621],[-0.61894897  0.77941149 -0.09705618],[-0.55838374 -0.52355771 -0.64350208]
15,86.976005740864,19.715939065045596,20.931318658277412,2.568766107263423,2.0635551154018237,3.1560373038480027,2.462802838407638,355.16855049868,354.97746858107183,14.857224167236511,[-0.28778119  0.88720923  0.36061305],[-0.12502884 -0.4081247   0.90432407],[-0.94949975 -0.21516042 -0.22837735]
135,54.9256428062602,48.87877511326377,181.71999991714836,6.397300494929114,3.992900945992446,11.595302980957447,9.647131193592447,2282.7896805834066,2280.9776668144514,115.1550910379193,[ 0.42137305 -0.89964334  0.11439674],[-0.86295605 -0.35897333  0.35559107],[-0.27883976 -0.24855585 -0.92761435]
14,136.84627801345314,30.30066425791141,193.2385364807408,2.6579903794282185,2.2599914095176605,3.995742922139102,2.9853479568788837,893.3900315547838,893.3007875228079,16.385356131225404,[ 0.41643893 -0.89594857 -0.15444992],[-0.70571226 -0.42565367  0.56638252],[-0.57319178 -0.12686652 -0.80954065]
157,55.16656102327996,163.7662214455396,100.56848507193621,5.6960019759521865,11.965303247956353,7.193077220842112,12.421244410074907,2511.8210529778494,2510.6915211916944,106.15988728982869,[-0.86374843 -0.01811048  0.50359771],[ 0.42174378 -0.57295052  0.70275165],[-0.2758094  -0.81938984 -0.5025231 ]
7,90.55444698330521,2.2985231358159552,187.08943186935,3.7697543154110016,1.2312216446813196,1.1298132724369554,2.3646190242857212,550.059764508893,550.0026121604028,8.904069735755508,[ 0.17242181 -0.98243345 -0.07138097],[-0.88338447 -0.18628345  0.43003529],[-0.43577815 -0.01109062 -0.89998578]
112,179.33263433740282,121.49753138029693,121.1765741835601,4.093386354335442,6.826637700700735,6.6272813268704684,6.624509153497451,2628.710455283424,2628.0220283065664,84.07108433801808,[-0.66095783  0.2810822   0.69579275],[ 0.2033336  -0.82543333  0.52660731],[-0.72235047 -0.48954327 -0.48842317]
198,87.0799732342633,180.7107830897181,98.96967602181049,4.650469573647711,5.62692438542959,12.405958429952006,6.568726449069132,3153.2392002103506,3149.6181499039412,180.61860300853402,[ 0.86713835 -0.48338208  0.12005348],[-0.3112163  -0.33766387  0.8883285 ],[0.38886436 0.80766631 0.44323767]
5,50.02046591774391,178.75413787009444,30.23716071024935,0.7590843793409356,0.8307893010075944,1.1636864177286788,0.7636368766350776,420.5462986352228,420.53605571324994,3.192091944845141,[ 0.75304905 -0.30898116  0.58090254],[-0.60181665  0.03341609  0.79793489],[0.26595834 0.95048093 0.16078606]
11,177.75154805907266,50.511354971279935,88.49457384820795,1.2186160807679713,3.2567224660857335,1.4128670184191008,1.4837657221962692,679.6305178519862,679.5617183671526,11.43422332996294,[-0.48589208  0.23497343  0.84184106],[ 0.10611246 -0.94019995  0.32367299],[-0.86755347 -0.24659997 -0.4319021 ]
120,167.11754359124424,152.10312633058942,140.9306958329225,7.892786078140303,9.448867837082839,4.7620310941394575,5.723936197490317,2920.5818861886232,2918.404987448295,130.2216168056244,[-0.54981215 -0.15607523  0.82057731],[-0.55122119  0.80590135 -0.21605139],[-0.6275841  -0.57110728 -0.52912633]
339,102.05224231922547,105.7063746884158,188.34992024056731,11.831833501823224,14.40535704229361,5.968917038240555,12.04937495714972,4409.215948460773,4407.62006257059,284.5809912534409,[-0.7984493   0.59390424  0.09877487],[-0.42370251 -0.67085306  0.60863154],[-0.42773228 -0.44411026 -0.78728087]
108,180.91959934958436,169.09433323252318,157.74784275277548,7.472277260193081,10.671113305941658,4.101050265978604,9.71843551000325,3054.2936408593987,3053.3079776317422,100.36238656616605,[-0.78074665  0.35772821  0.51231357],[ 0.10324585 -0.73477519  0.67040712],[-0.61625885 -0.57631236 -0.53673932]
52,129.4788595823018,120.11503823040644,78.59931510843748,5.218237561094776,3.124307248092496,4.781387031485036,5.476319496767701,1394.9965588376467,1394.68802609648,39.50443345364873,[-0.65501656  0.75234769 -0.07018736],[-0.34946179 -0.21927009  0.91093199],[-0.66994759 -0.62120333 -0.40654231]
9,180.1654025903704,101.30986926694736,157.78092662250387,2.0845928342552256,1.3678862199506956,2.082146282841494,1.556096556144029,780.1563111864863,780.127142865684,8.555426808280654,[-0.37100763  0.91415339 -0.16333073],[-0.61830728 -0.11194843  0.77792266],[0.69285601 0.38960382 0.60676141]
7,25.151209311485342,7.227830250501983,20.74955829095442,1.3650970957066366,1.396686864616213,1.9299319895597036,1.5620868750969175,88.5901881897999,88.52774881914726,5.943628471600271,[ 0.11308197 -0.97278171  0.20225781],[-0.64878787  0.08188085  0.75655127],[-0.75252027 -0.21677472 -0.62186973]
15,134.8851341497055,112.41105114987701,188.61385129204012,2.647473504242443,2.3707033182057415,1.5596433149949567,1.4214466584749694,998.1094365076273,998.0967069198073,13.972599841299246,[-0.35810219  0.89208429 -0.27558745],[-0.77314891 -0.11784268  0.62318044],[0.52345352 0.43623242 0.73191372]
26,5.499611089200039,184.74656269511974,58.38738800726241,3.5195012639017444,3.24393230340441,2.786382851313412,3.306099329542716,988.6566526749332,988.5901753852855,22.694574503332802,[-0.06929298 -0.29875154  0.95181195],[-0.99719305  0.04787012 -0.05757147],[-0.02836378 -0.95312956 -0.30123003]
62,76.47722465540164,110.68309747910563,87.65354654641185,6.027351829113409,4.18130015755982,3.2477853413303897,3.729661718579395,1265.6442923536451,1264.944131701735,55.59826259121425,[-0.05903249 -0.59427888  0.80208963],[-0.87724395  0.41433571  0.24242312],[-0.47640132 -0.68931744 -0.54578683]
478,115.82905592484246,41.3273742473854,170.10967623395211,12.402068770176367,12.94590787178323,11.678749884414565,12.140590688592292,4608.436993686389,4601.310066689117,388.36128756841737,[-0.38835012 -0.79848005  0.460015  ],[ 0.73843801 -0.56827771 -0.36300104],[0.55126536 0.19872106 0.81031873]
428,100.58158604663628,132.05158922754157,168.26163118110782,10.876132352627085,10.203702889240137,7.258960092260576,10.61442011167518,4899.518510077497,4897.128073909055,264.29669386035414,[ 0.48222608 -0.80549473  0.34443613],[-0.76549705 -0.19625069  0.61278049],[-0.42599563 -0.55916357 -0.71124104]
5,87.84615316701743,55.0237556702963,60.00821108701889,1.5682423531431176,0.8183942805461573,1.2031790247470293,1.6211291389604605,267.8615610488224,267.84639464144976,3.1173774562275423,[ 0.53962673 -0.84170714 -0.01822319],[-0.41330557 -0.28370756  0.8652679 ],[0.73347222 0.45938994 0.50097843]
3,143.12533708250865,111.24340942973436,96.5938507118019,0.8713028474711197,0.604054776128519,1.0018351432259125,1.2241489658776952,355.777140338026,355.77449243043264,1.3728826752280328,[ 0.71503589 -0.4728817  -0.51488501],[ 0.05646644 -0.69503664  0.71675352],[0.69680357 0.54157822 0.47027419]
18,191.72862463267745,13.743540454113397,179.5159554161533,3.6526374214024826,3.5339297635134517,1.9668219900743036,3.4460607660287295,1116.0730636969743,1115.983804772234,17.901193322007618,[-0.61922093  0.47534376  0.62499099],[-0.29170943 -0.87824236  0.37894057],[-0.72902061 -0.05233217 -0.68248831]
8,68.7273134800495,2.6111475671952102,87.70375878130595,0.9563469398855375,1.251800778447027,1.3003358430328766,1.4170524204499941,315.28878294423464,315.27411811415135,4.165293633158113,[ 0.73415753  0.34372305 -0.58554861],[ 0.28423833 -0.93877702 -0.19469535],[0.61662086 0.0234983  0.78690949]
65,99.6155268502774,34.167281638182,58.91332583885999,8.544800169571168,3.3425859058699743,3.59297015625104,6.691107320802121,975.7374958709954,974.7407819816383,58.53148275400435,[-0.13039302 -0.74634892  0.65265684],[-0.54722492  0.60310408  0.58035364],[-0.82676632 -0.28147602 -0.48706129]
50,44.672973346953775,90.65038722278678,88.37591071951796,4.233440170953332,5.333821215614998,5.609802235842941,5.147568125379769,950.9025371808415,950.4413643302506,50.76038800126547,[-0.8214881   0.55023972 -0.14964478],[-0.46329853 -0.49105825  0.73771015],[-0.33243312 -0.67535031 -0.65832376]
62,5.343405437294955,170.46404786352133,85.03721100925608,2.823758376841471,4.448933862849106,5.834239343323918,3.493023682159591,1501.690929222562,1500.978894582153,55.376108114963195,[-0.99010949  0.0861672  -0.1107177 ],[-0.13748348 -0.43866203  0.88807315],[-0.02795513 -0.89451151 -0.44617001]
5,20.49279021635519,123.57882701939779,171.96555955963677,2.5051416553891594,1.0787267368038835,1.1009338768470485,0.6273000790690967,475.77038464155487,475.7373909860793,6.429343719819614,[ 0.33847666 -0.78277829  0.5221989 ],[-0.93603438 -0.2233007   0.2719861 ],[-0.09629743 -0.58085707 -0.80828947]
129,164.42186331919896,161.0832613125213,5.559340140576342,13.405049019775154,8.769671646728602,3.6127450203572904,5.129340065853918,2621.4148291787224,2616.1084252899827,176.51100815762558,[-0.02384731 -0.01013775  0.99966421],[-0.69889919  0.71515815 -0.00941993],[-0.71482251 -0.69888915 -0.02413987]
80,48.33781829421377,88.61229329395827,186.74317385337437,4.777144285708226,5.001627974011368,6.315219568648838,5.265140687863609,1900.2240524172175,1899.5424189184898,69.23612075789593,[-0.69431342  0.70298996 -0.15405839],[-0.68280818 -0.57584286  0.44964207],[-0.22738044 -0.41738485 -0.87982272]
62,127.84261753033185,10.419105288898832,102.80618837782168,5.73219590245986,3.5983643684638933,2.787158038239471,4.863977062396172,1295.4474264753226,1295.092772873016,42.98995469456905,[-0.37983988 -0.74531669  0.54792763],[-0.50044064  0.66372263  0.55590596],[-0.77799796 -0.06305    -0.62509509]
4,55.08471352650884,20.351904857479465,25.805665578218356,0.425798886742233,2.095301790964062,1.134877277728135,1.3558717151260342,128.3791475830116,128.31819676639842,3.9718689231704896,[-0.24478535 -0.43571877  0.86615777],[-0.45066006  0.84210298  0.29625677],[-0.85847868 -0.3178234  -0.40249552]
2,140.93185641630896,112.22847629663374,45.941202437906355,0.3300115454903363,0.31242077683393177,0.0531994078115865,0.4518826650657104,262.9365796947654,262.93656012146994,0.1014547698264099,[ 0.6284634  -0.57456797 -0.52431422],[ 0.17451664 -0.55272592  0.81488527],[0.75800904 0.60362712 0.24709634]
89,41.17319025431962,191.13330099031475,143.34004453252874,5.0494298715634045,4.164382452601553,10.520181099223802,7.246524103173842,2289.875917524466,2288.3261565406774,95.1151615217321,[-0.93347295 -0.06361938  0.3529601 ],[ 0.31574185 -0.61254694  0.72463324],[-0.17010391 -0.7878698  -0.5918833 ]
55,47.330128936686386,153.02159567543254,187.03195085222075,3.6072047221849806,3.635040795537294,4.283927483317193,4.041440459013305,1826.6791495206035,1826.6435320779824,39.462236661719906,[-0.56059242  0.70477621 -0.43477193],[-0.80549313 -0.34227145  0.48376758],[0.19213786 0.62140224 0.75956718]
20,80.05848970618686,163.79811562669505,74.26639900675345,3.2945091169161715,4.285436874444116,2.8684226329830786,3.6182454917382154,880.778770102669,880.5825003341331,22.099359531643398,[-0.69212905  0.01113507  0.72168787],[ 0.59630983 -0.55452816  0.58044216],[-0.40665951 -0.83209046 -0.37716509]
98,104.28374759278796,57.237325032556356,4.62921172477589,8.68294087993273,8.279033479090284,3.3010691751323304,5.70944073942623,1184.4889002687512,1180.4289955132801,108.43577434797959,[-0.05516539  0.0205927   0.99826485],[-0.47744395  0.87753532 -0.04448639],[-0.87692876 -0.47906963 -0.03857772]
51,33.99283291161477,89.95171712840951,150.94859038583215,4.242559036657076,6.904832673430826,2.903614651060994,3.4632429302875827,1279.4364200745115,1278.5619050223052,56.351773374922196,[-0.8880842  -0.27813699  0.3659867 ],[ 0.41857056 -0.81839975  0.39372648],[-0.19001352 -0.50285352 -0.84322785]
69,148.81114735169663,178.01001263854172,189.46313241688026,5.104585783445365,5.248672256600616,5.955544859014911,4.425385139811259,2489.1288986532186,2488.8281752528083,69.35945247926725,[-0.79944565  0.02964511  0.60000651],[ 0.3377596  -0.8037852   0.48974259],[-0.49679483 -0.59418054 -0.63256966]
150,185.50795204483438,139.49721394535027,187.32457641110508,5.636488845839406,6.896816150225875,6.371609783715623,6.620851612365255,3655.053544580368,3654.33479228196,106.54496135260966,[-0.27744943 -0.61843027  0.73523181],[-0.7323818   0.63144071  0.25475385],[-0.62180279 -0.46778909 -0.62811994]
184,170.48935643804532,128.7563711978238,84.63767018061219,8.325181472502994,4.023066589864684,8.291659246489614,7.626803921353021,3120.5640479881154,3120.0385300124103,132.95857872161736,[-0.66503337  0.68337495  0.30121305],[-0.08332462 -0.46870974  0.87941355],[-0.74215068 -0.55974089 -0.36864957]
87,6.116466415251773,66.41347823681761,103.47373498498958,4.0730952648723475,4.934321107800559,10.206912793223239,10.377894464351423,1153.226016519883,1152.7915733298905,57.94533259376176,[-0.92247859 -0.29776429  0.24570243],[ 0.3827405  -0.78856135  0.48133222],[-0.05042789 -0.53805894 -0.84139741]
3,18.286343681281664,60.177136620050554,89.39272339166462,0.5284094162737976,1.7328861399959674,0.2235541286959955,0.7889065787295809,189.33974889804665,189.32171816908476,2.8568925626432238,[-0.96610462 -0.07385882  0.24735951],[ 0.19660944 -0.83146516  0.51962527],[-0.16729191 -0.55064559 -0.81780368]
12,49.8588138367982,5.324558055742009,131.680234476807,1.7882969835363127,3.1774067256323164,2.4297945576407196,2.1803745745534178,488.3045699841642,488.2018212845351,13.147229264514573,[-0.86882984  0.38329073  0.31340538],[-0.34637845 -0.92285574  0.16840207],[-0.35377491 -0.03775587 -0.93456825]
2,197.08594618553522,105.7342693071634,23.00023945638322,1.4679715406221021,0.3217200096991846,0.39902464920681524,1.4788957810842192,317.9749504904366,317.9742255513709,0.6789877771350554,[ 0.32228665 -0.41573253 -0.85046915],[-0.35741033  0.77847408 -0.51598059],[0.8765781  0.47026011 0.1023047 ]
87,60.65389573539996,49.545125089212185,59.632175885875924,6.741522370764499,5.357482503903828,4.349145791980958,5.632113857411106,921.9430848579732,920.2924570510506,72.58434879386968,[ 0.55084375 -0.82507874  0.12576261],[ 0.56164118  0.25499118 -0.7871078 ],[0.61735755 0.50420687 0.6038585 ]
84,141.64491561668464,188.80555766266764,49.43819704471994,4.7966269304137,3.5209137270905675,6.700158367038408,4.027525048885932,2211.561508629188,2210.688859556357,73.3000872241309,[-0.69031368  0.61688945 -0.37804025],[-0.42239056  0.0806004   0.90282323],[-0.58741232 -0.78291186 -0.20492872]
9,156.0871078851839,83.32373624725548,192.35259225678428,1.5280309615448178,2.5508522659104615,1.90223499641777,2.2807352398572314,784.1278459209017,784.0933813455588,8.079290603853151,[ 0.58659765  0.45219329 -0.67188126],[ 0.54703652 -0.83298199 -0.08301843],[0.59720536 0.31884517 0.73599152]
315,55.33456074795457,43.65109840244872,104.33434830557496,8.188897823442106,7.472481402734165,10.55388510578677,9.37096743464972,2248.5351140284524,2243.7383530299135,211.4411540817148,[-0.0180907  -0.91873703  0.39445531],[-0.89932013  0.18735259  0.39512317],[-0.43691651 -0.34759354 -0.82962804]
43,141.4149263614386,132.3443294571871,145.274609459253,3.8803905029125403,3.4408350809433026,4.960895869076825,5.2907184886458705,1588.224547533079,1588.1129941360712,31.78406853849595,[ 0.37966401 -0.83739414  0.3932255 ],[-0.71746629  0.00181654  0.69659086],[-0.58403542 -0.54659652 -0.60011238]
7,121.12396124200548,71.01934070019472,51.1660140430052,2.1890656202813537,0.8059950078496291,2.6454648847553774,1.372582140633707,395.49394624541003,395.40258683549894,8.57897230056226,[ 0.32856107 -0.85281021  0.40590932],[-0.48484098  0.21652838  0.84737518],[-0.81054109 -0.47521596 -0.34233454]
19,141.57133497032274,22.313251823323046,188.11286091147792,3.4104410072518805,2.8323752155219757,2.2260378219096215,2.3679826128541763,1030.9836867825386,1030.9528334192357,19.009990787662566,[ 0.35580621  0.858387   -0.3695588 ],[-0.71762186  0.50426274  0.48035191],[0.59868256 0.09429128 0.79541709]
3,5.369859165993432,58.24183246953328,62.351381458867706,0.4172367039150726,0.4565689861545908,0.07858776661424148,0.3544637267409467,148.0771971924373,148.07610695438817,0.8886886577167892,[-0.34670525  0.70015291 -0.62416455],[-0.9358685  -0.21365482  0.28018169],[0.06281426 0.6812764  0.72932629]
5,106.79186042687293,127.67894618120374,35.851765294499025,1.3121868976804665,1.4119152755025435,2.199026850085292,1.8009472904623332,380.7901090799946,380.75660261710715,5.143076342743438,[-0.73228729  0.65981175 -0.16853424],[-0.26530009 -0.04847814  0.96294638],[-0.62719311 -0.74986554 -0.21054804]
10,113.36570628315319,5.774636032546064,116.11371397925109,1.8993521152737545,1.596571200964697,1.6914770966152646,1.7570407854984949,513.5611130860307,513.5430747471955,7.702862480229707,[-0.36428349  0.87747769  0.31197828],[-0.61633963 -0.47829391  0.62558805],[0.69815686 0.03560682 0.71505884]
18,46.963322050010895,59.97028748487571,138.37293935499923,2.826909095615201,2.652526564664863,3.282732546047162,4.061608158911392,670.440692438853,670.399260643046,13.006801615770888,[ 0.50168865 -0.84277943  0.19501623],[-0.81230599 -0.38145874  0.44118954],[-0.29743482 -0.37975264 -0.8759683 ]
32,95.10966132779298,7.88739787855509,151.62118546574573,3.3728178996010114,2.867885592923276,4.032239641696228,2.545015666517614,1013.8986814303261,1013.6939626766598,30.655449002329394,[-0.01037133 -0.99823767  0.0584293 ],[-0.8474908   0.03978734  0.52931684],[-0.53070876 -0.04402857 -0.84640989]
43,144.62681849295515,84.62856423083007,67.7210303710603,3.544940802475692,2.9187432001674254,5.5270314983409286,4.406515760144121,1185.9313325990174,1185.674141161162,37.126478477961044,[-0.5321618   0.84248958  0.08375641],[-0.27674721 -0.26659097  0.92322275],[-0.80013424 -0.46812452 -0.37502617]
146,131.78561946543803,92.8038425454969,15.185390207271997,5.79413348304237,4.566562617925782,6.910257627198861,6.203426443110336,1959.3350853895902,1958.3116643399123,96.70580095410128,[-0.57966244  0.81179313  0.07059304],[-0.03604973 -0.11209582  0.99304327],[-0.81405889 -0.57308502 -0.09424266]
92,143.47769808720986,91.87624829261736,94.79283122212907,5.305960181406589,6.333415241176264,5.412995109920749,6.588816523189908,1871.9154333274612,1871.6905127776186,70.78195528347216,[-0.61716858  0.76237495  0.19464682],[-0.27877853 -0.44320279  0.85197055],[-0.73578902 -0.4715461  -0.4860646 ]
138,39.45553356727926,49.81991862110695,75.3111809904331,7.011472366577034,8.028604213066277,7.9169231095315675,10.907339792102086,1167.3835211749374,1165.404557429879,88.39796414795627,[-0.48672629 -0.58828458  0.64576991],[ 0.77638567 -0.63016021  0.01110888],[0.40040332 0.50677348 0.76345126]
2,178.77934801067573,171.69374049208687,198.68843339550037,2.380293809478218,0.14967738326198798,0.4438030035987879,1.1428611469697785,449.27446962294465,449.2642777131919,3.0261899844671047,[-0.15584077  0.81243938 -0.56183263],[-0.81177462  0.21872766  0.54146115],[0.56279269 0.54046319 0.62543099]
46,48.14187312331958,19.70988844393635,195.60624867517353,4.118293205622943,6.0769152796586425,2.5385774219599697,2.4576721590669055,1373.4890244395292,1373.1838521863708,49.93720081797203,[-0.95627933 -0.15086075  0.25054115],[ 0.17023373 -0.98372964  0.05741494],[-0.23780309 -0.09755528 -0.96640191]
149,26.592086053469803,32.12221439801841,187.8059201113017,7.548822975179027,15.672694702929125,6.160200346451753,4.955593060564321,2357.7026604104854,2350.4730049465315,216.78388342669592,[-0.95352337 -0.24427815  0.17641248],[ 0.26787136 -0.95530388  0.1250577 ],[-0.13797866 -0.16650129 -0.9763397 ]
11,56.82646546148454,65.26112054201779,3.51581603643039,3.1030726917902345,2.4192074870852203,0.8797281162049149,2.9474298477880425,287.53882242861283,287.42282197764064,8.99182335303725,[ 0.10181931 -0.14164371  0.9846674 ],[-0.74754968  0.64216794  0.16967561],[-0.65635532 -0.75336406 -0.04050061]
6,88.22727273260978,131.3487011855173,53.203789771859476,3.0530883373124484,1.1986154882887377,2.395101626099578,2.321149759495651,409.0134800922926,408.9566494779087,8.153579492178432,[-0.52440088  0.00728878  0.8514403 ],[-0.6675055   0.6172904  -0.41640002],[-0.52862097 -0.78670162 -0.31884233]
3,131.6466699829003,126.26804227177047,52.65003862931149,2.1199349311402638,1.801749756968293,1.2872205315861784,0.8127241382346246,328.8793239305861,328.8579197033668,5.117404001229299,[ 0.34452478  0.03197033 -0.93823268],[-0.63283223  0.74611839 -0.20695584],[0.69341621 0.6650453  0.27728813]
2,193.17222195168162,187.56730077002837,143.82939474541547,1.083725274375979,0.6446665967091008,0.9691754976795295,0.7463161982115878,431.7092164903901,431.7046477771197,1.9861244621513157,[ 0.64031142 -0.07311764 -0.76462743],[ 0.43536756 -0.78556706  0.43970386],[0.63281623 0.61444138 0.47117451]
29,112.3534447655125,188.286254436623,156.16314765258036,2.425220419635315,2.75034481425767,3.1914315429491706,2.011391234837269,1449.8093779903372,1449.7061334202733,23.83199831514836,[-0.79778747 -0.02367362  0.60247383],[ 0.43512938 -0.71429813  0.54812463],[-0.41736984 -0.69944102 -0.58015918]
25,63.73412709060136,192.06196985390045,142.40758799914283,2.643167654718675,2.761619104707633,3.3287542340648493,2.781858593951334,1237.4550094280967,1237.3483206845492,21.140575660381046,[-0.8544521  -0.09514495  0.51074362],[ 0.45117174 -0.62333112  0.63867236],[-0.25759594 -0.77614803 -0.57553329]
4,15.021364213698835,21.96723162368229,174.4432657931559,0.44427930898977,2.4527543712852973,0.9256811009118278,0.9822420415358157,352.961898681608,352.92941960849413,4.951168732588051,[-0.98974937 -0.10363399  0.09826583],[ 0.11468419 -0.98679059  0.11441974],[-0.08511003 -0.1245164  -0.98856054]
56,181.0693187682103,23.59878098380163,189.45244750006526,3.450350672498612,3.618366449621882,4.438605243132124,4.687978987063556,1969.5507191492836,1969.5046411821006,35.68624129371271,[ 0.72410928 -0.14861596 -0.67348278],[-0.04660215 -0.98481887  0.16721253],[0.688109  0.0896944 0.7200423]
49,27.491636667585304,108.29172761826388,194.40760181365076,4.060147564178393,3.5476071953975055,3.446111904907752,3.4980399798028947,1570.048788040112,1569.9426301186006,37.491886474355425,[-0.45927215 -0.74682231  0.48096313],[-0.87979061  0.45717538 -0.13022734],[-0.12262782 -0.48295664 -0.86701517]
48,78.12433949192739,119.20118260976325,8.343280142821026,3.669544737434573,4.640390097281329,2.4243684862723196,3.8806104174018037,989.9535999370888,989.616645020793,35.23611695652228,[ 0.01451745 -0.07917202  0.99675525],[-0.83700684  0.54437763  0.05543054],[-0.54699981 -0.83509567 -0.05836455]
15,137.57991835746745,17.723763065802473,177.57029931550215,1.89089428145348,2.2911696032460633,2.7885379484886075,2.362998561759297,872.806542045935,872.7823790954715,12.844950086320017,[ 0.57242623  0.6438805  -0.50768702],[ 0.5473291  -0.7610785  -0.34812408],[0.61053998 0.07859652 0.78807583]
52,168.60530548228752,89.71213910190906,159.6280514308133,3.660173430734112,13.062830039749207,3.6712731314849223,6.699277739888409,1797.6095232746095,1795.7349813474173,89.54828232590421,[-0.66607823 -0.06952644  0.74263441],[ 0.31293323 -0.92982975  0.19362187],[-0.67706173 -0.3613623  -0.64109649]
4,7.437620849176508,4.224827534595738,4.753040839427042,3.103518048581729,0.5184066567941946,2.8656099298726367,3.281745329519602,21.27170605752924,20.92411116709198,4.5458292822909385,[-0.63448156  0.37757362  0.67444149],[ 0.05324796 -0.84914387  0.5254706 ],[-0.77110169 -0.36931404 -0.5186611 ]
3,57.296809182322455,71.33355147329411,37.771175103533835,1.1366662487505779,0.7599370882691584,2.7837760411202024,1.4836635291222307,171.52942877398988,171.46924901070966,4.694114561026231,[-0.8120798   0.55172935  0.1900556 ],[-0.07371113 -0.42006744  0.90449434],[-0.57887224 -0.72051237 -0.38179688]
9,155.56262128900096,154.00784361728958,74.04844798273058,2.752485818717118,3.430276583024608,3.099795588418148,1.878066359593561,693.4354669663707,693.2987629110049,15.13035384975529,[ 0.18383957 -0.57054202  0.80042789],[-0.71634384  0.47984387  0.50655835],[-0.67309324 -0.66650706 -0.32048997]
98,103.2498330248028,12.995936355651823,43.68702307264967,12.672516832089356,7.34842836470928,4.487694994443297,12.08165070077497,1126.5118463251947,1124.6969790221146,93.16059816403761,[-0.387608    0.00321868  0.92181868],[ 0.10102659 -0.99382203  0.04594994],[-0.91627161 -0.11093876 -0.38488819]
57,93.86620001629461,43.09579496396325,40.538324778970434,5.096434975468912,4.725481401617439,3.459871602270012,4.382079529944649,839.6016166729004,838.5320431720447,48.07965203333307,[-0.09631603 -0.56260329  0.82109729],[-0.52431347  0.72988039  0.43860005],[-0.84606064 -0.38826815 -0.36527967]
73,20.096715166790208,4.386545931710048,114.11554722063683,6.465535109851644,4.098885743847588,13.367039844065841,14.060997709407543,998.9369001792576,998.4790067265974,53.36335799966753,[ 0.41162325 -0.91057769 -0.03761072],[-0.89418974 -0.41149848  0.17633409],[-0.17604265 -0.03895209 -0.98361157]
41,16.502777852079177,49.27849104433129,116.8092172020089,3.716490173277513,3.7659023465552934,3.0088308463793614,3.185131991443075,819.2749108087888,819.1564797375407,33.2827756000782,[ 0.5565772  -0.79064498  0.2551516 ],[-0.82072555 -0.47558522  0.31658848],[-0.12896276 -0.38561536 -0.91360243]
