N,MEAN_X,MEAN_Y,MEAN_Z,SIGMA_X,SIGMA_Y,SIGMA_Z,SIGMA_R,LAMBDA_1,LAMBDA_2,LAMBDA_3,EIGEN_1,EIGEN_2,EIGEN_3
9,73.35425701248339,29.272059823947473,76.16136373279002,2.2295801564828723,1.0759711620901284,1.693452006706929,2.199297449467851,329.2688206227968,329.2345901505089,6.093833496292519,[ 0.09365891 -0.95620099  0.27732234],[-0.73767701  0.12041725  0.66432847],[-0.66862593 -0.26679459 -0.69408933]
330,149.66032276305614,159.19862410472675,185.02544183957207,9.227352507565133,15.316693527191758,8.813096700140417,10.751296427543888,5211.744024181526,5206.942042943665,304.1050298652876,[-0.39478584 -0.51377568  0.76169462],[-0.75623881  0.65251959  0.04817721],[-0.52177293 -0.55700335 -0.64614261]
341,15.087325945918463,188.65078204059674,106.23175710085032,8.234200792808736,6.32081559919042,10.797148293082731,7.696977933166657,4014.7487773303637,4012.72519129939,237.36278956577735,[-0.92298467 -0.13008667  0.36218332],[ 0.37844452 -0.47763652  0.79287016],[-0.06985014 -0.8688733  -0.49008177]
552,113.03278461408328,122.58003540585565,34.95547297258581,13.268072627729584,13.711168288288398,12.532007852822858,13.436347124874032,4027.545254669742,4025.749344893289,436.09296758755,[ 0.45246762 -0.60297354  0.65703574],[-0.59588323  0.34372213  0.72579493],[-0.66347286 -0.71991528 -0.20377869]
699,179.4791726861298,93.12077346840286,65.31908836986257,12.50885663256031,13.256886797391338,10.91629903463075,16.313151618956287,5640.549858617633,5639.894557419791,357.3324431098713,[ 0.27187616 -0.84466905  0.4611047 ],[-0.4626084   0.305443    0.83228483],[-0.84384644 -0.43958931 -0.30770833]
73,63.153996325683416,73.66968299177285,173.0526700044248,6.408463861242452,7.753830029604722,6.887240499289041,8.982751721960712,1697.915459319885,1697.2888430511973,70.51763040397017,[-0.84674382 -0.3017736   0.43812966],[ 0.42596228 -0.87795703  0.21851222],[-0.31871779 -0.37165058 -0.87194886]
260,98.79254847398062,78.86725478021867,83.14799742669756,6.98480122295302,11.772738043967687,7.62750119629701,8.591047659390775,2449.743438905328,2446.8308878073917,210.09823075561616,[-0.6677943   0.05334367  0.74243197],[ 0.35883149 -0.85080549  0.38388798],[-0.65214319 -0.52276617 -0.54902167]
312,57.16618290051529,171.6641310789218,88.58178192873049,7.6169445103074365,15.707082663340241,12.688668851513443,11.233397930135279,3576.6800899423692,3565.841699119439,326.67325304100285,[-0.95742201  0.27714623  0.08082738],[-0.05210122 -0.4412593   0.89586589],[-0.28395168 -0.85351051 -0.43691102]
231,130.5329847982067,11.62952902249386,114.52642316120314,8.994657171586308,6.357328044014708,11.256261085954147,12.46901430267339,2654.400955235875,2653.690406536851,144.35273908722172,[ 0.07606811 -0.99697933  0.01568014],[-0.65781416 -0.0383599   0.7522028 ],[-0.74932915 -0.06753327 -0.65874508]
58,93.59300073335997,46.55940661789891,42.024716929200274,4.922662892743587,2.2401779262275507,3.1641087652327013,4.320705342408359,859.2024359806387,858.823884819383,34.550619046753106,[ 0.12782786 -0.79396821  0.59436901],[-0.54134209  0.44628858  0.7125835 ],[-0.83102875 -0.41284499 -0.37276029]
1955,92.96226049718835,124.3289670472118,148.0704971942014,13.580795858210621,30.970435773941855,14.694216263835486,23.80127879604187,9611.604099352919,9559.089777070447,1229.8742399574528,[-0.89518398  0.18803224  0.40409097],[ 0.10800538 -0.78810745  0.60598803],[-0.43241239 -0.58611477 -0.68519267]
29,53.90430428936972,47.30601133121261,60.636682201544794,2.289646484206754,4.96600291399957,2.5861924682988953,3.154891564427086,506.69280631564243,506.15488111258907,27.779366715106438,[-0.74267186 -0.01210368  0.66954612],[ 0.34545548 -0.86345142  0.36757605],[-0.57367153 -0.50428677 -0.64544236]
20,66.40903389639917,58.392299919335926,140.64281237552848,6.161723271318725,5.151326770374607,2.859260392523499,3.102166584348735,743.8838434732835,743.1594415125859,35.59287273236123,[-0.59954472 -0.59837904  0.53149661],[-0.69319516  0.72017224  0.02885149],[-0.40003323 -0.35113312 -0.84656892]
412,112.5991501607766,43.63987323738916,171.59823874026955,14.263237620564562,13.873343632894864,12.769929848270559,13.79961716668428,4280.685891345174,4273.4251119113105,392.4684488356111,[-0.29007017 -0.8635161   0.4125521 ],[-0.79274497  0.45830247  0.40188836],[-0.53611072 -0.21047278 -0.81748793]
106,171.89103033661482,28.909381835131803,109.48110381995552,8.130817964086894,6.01571855935423,12.951962545559194,4.666731401661703,2125.5682144818015,2120.117314501022,162.51858226242098,[-0.03581336 -0.95081125  0.30769362],[-0.54935786  0.27592909  0.78871356],[-0.83481935 -0.14078743 -0.53221758]
177,9.572086630080113,35.02866624833483,77.25899029798384,5.276851455902799,7.448163980227831,13.192031186066677,10.802094767443716,1154.0472627419451,1146.4748908061695,157.08861512960308,[-0.93696194  0.34704958 -0.04072972],[-0.33191696 -0.84749294  0.41423043],[-0.10924034 -0.40163703 -0.90926027]
63,74.26091295136786,110.61414786939795,86.30564312187197,5.220428653583265,5.244495442195367,3.665483688249439,6.294881787824429,1261.4564808926987,1261.186707421689,42.207291388554,[ 0.06937281 -0.64202931  0.76353505],[-0.88102758  0.31959439  0.34878336],[-0.46795066 -0.69689152 -0.54347437]
72,35.10169997316122,193.58422922153116,65.30907648157675,4.150404080419927,4.073059995197893,6.876864154992191,4.761144862157783,1760.351059334121,1759.7148124765956,65.21169754867232,[-0.97156453  0.21196254 -0.10551889],[-0.16534601 -0.28838188  0.94313127],[-0.16947877 -0.93376002 -0.31522877]
225,52.89274636726571,97.1268374905363,125.02902242435262,6.069350893641687,10.82171735783957,7.351791095639713,9.58725862260887,2512.0623266018924,2509.040440905032,162.6087457661444,[-0.86826255 -0.13970585  0.47602775],[ 0.38194248 -0.80060059  0.46169107],[-0.31660715 -0.58268429 -0.74849111]
40,145.47352235886848,84.61915686759035,67.13258066232002,3.609597280233516,2.3067490079636404,4.756162944472124,3.82173611807682,1146.5003667386254,1146.3593510129688,32.454910251726396,[-0.57739393  0.76366284  0.28885173],[-0.14830957 -0.44599695  0.88266131],[-0.80288263 -0.46680381 -0.37077444]
14,50.26469378497766,194.3217146350014,101.41596348800286,3.425849621208141,2.5869256916592174,1.8000371489876992,2.4471845868775874,841.6003487744423,841.504254130572,14.859777159261522,[ 0.59516706 -0.48740077  0.63891835],[-0.77185948 -0.12546959  0.62328992],[-0.22362717 -0.86411681 -0.45088027]
2,54.52506625981073,113.37590527040928,30.10645774866969,1.5137187584057799,0.13253028740033557,1.103699215764319,0.4972758351022861,182.95903697499892,182.94111033282408,2.5611249505855223,[ 0.5511772  -0.45141547  0.70173198],[-0.72007239  0.16755131  0.6733664 ],[-0.42154412 -0.87644203 -0.23270135]
150,135.6181119450672,170.89114779748348,136.2456039025984,4.72247906832563,6.1969195816657905,9.196980995681725,6.787014451859714,3153.0243029685735,3151.9582895053973,121.89950760732157,[-0.83614059  0.51678885  0.18384286],[-0.15177701 -0.54006027  0.82782766],[-0.52709833 -0.66427719 -0.53000298]
10,144.53400575859746,13.57790371276496,66.76429104923974,3.4586591573392242,1.239567277366812,2.2674683179126203,3.2915912404394705,505.46278548271647,505.4111442666006,8.827795988168996,[-0.07058369 -0.93663108  0.34313285],[-0.42041338  0.33987936  0.84126964],[-0.90458307 -0.08487773 -0.41776218]
46,144.0179036845643,41.03453921187904,108.67528139881871,4.7247487810960225,5.376649114906449,4.097317298516767,3.3416257997216405,1255.9852846376803,1255.30965965096,51.03578460782679,[-0.31158118 -0.6756609   0.66813136],[-0.54503151  0.70304824  0.45679736],[-0.77836869 -0.22182319 -0.58731308]
19,85.59367238810438,151.72793768011002,12.013034855756418,3.3504356273315277,3.443200528269572,3.672025490404684,2.3066624122806965,761.4410382506511,761.3794316904844,24.346027210366604,[ 0.4019371  -0.29510818  0.86680893],[-0.77348277  0.39722572  0.4938989 ],[-0.49007241 -0.86897807 -0.06860134]
34,66.47333545528952,54.140825690268,59.022616274749105,2.3985047323914066,2.5540259949477377,4.072207917372632,3.4834314547440592,607.5660191524925,607.4098583276933,23.75217594246915,[ 0.46968032 -0.84724118  0.24815877],[-0.60987965 -0.10814371  0.78508073],[-0.63831591 -0.52008395 -0.56750813]
32,146.88126065796843,28.772095205150983,87.4282122107901,2.635606765113883,4.549817042336156,4.811440561968731,4.151017596853588,981.1713318561423,981.0191026070605,32.798032022641806,[-0.36811156 -0.50137036  0.78302084],[-0.38312935  0.84912835  0.36358348],[-0.84717518 -0.16615899 -0.50466366]
12,133.10766055981165,113.02870561993423,161.9409201371319,0.9614771881657511,5.7723191917779255,1.4352423459979293,3.298152850144613,825.2501411039399,825.081633733699,17.486565115425094,[-0.79429829  0.07088705  0.60337821],[ 0.23830504 -0.87722004  0.41676816],[-0.55883892 -0.47482631 -0.67988163]
83,170.95130929066016,155.2985730923854,7.927368231206053,6.897523568544964,4.402522006417405,4.424778472288517,5.3020928737277675,2106.791961379352,2106.218494471486,69.56893288706189,[ 0.27833775 -0.35187401  0.89370732],[-0.61239845  0.65179864  0.44735519],[-0.73992988 -0.67182082 -0.03406693]
8,134.51582119871122,129.88112486670016,48.94886140483532,1.7665166896684674,3.1859091735604714,2.0433069336099225,2.1297059701838346,546.8040175633322,546.749519156357,10.15487182822472,[-0.49480423  0.19311197  0.84727595],[-0.52048286  0.71491234 -0.46690249],[-0.6958925  -0.67201794 -0.25323018]
20,143.87162124520802,131.09947159669193,144.92613144652069,2.9069904617795057,2.981477294201273,3.361472467480083,3.841272239403808,1085.4797786421254,1085.4443247901777,16.666643041612286,[ 0.76911009 -0.15998499 -0.61876852],[ 0.23871503 -0.82618401  0.51032844],[0.59286154 0.5402081  0.59723563]
405,103.69592130894178,108.48445671629472,188.2029862243563,13.398752862902231,14.662433651905408,6.269245285115145,12.425026363240658,4858.232762834711,4854.803315327236,336.06572486867174,[-0.68331189  0.72877425 -0.044418  ],[-0.5888789  -0.51413528  0.6236077 ],[-0.43163237 -0.45227537 -0.78047452]
487,115.55819865272007,134.38423669055825,93.99710988693516,8.34762705482136,15.593631240102741,15.31803632321372,6.951931849222763,4452.891880990527,4434.464232009312,492.2951193658015,[-0.80710423  0.37517572  0.4558793 ],[ 0.13023247 -0.63999285  0.75726393],[-0.57586653 -0.67056121 -0.46768088]
7,189.24121710962578,196.87506022509572,142.49792340797123,0.8967797942217605,1.2578783782000713,2.175416372727383,1.4543854066388693,814.9723714387095,814.9676275341446,5.921598059236532,[ 0.67307418 -0.73051299  0.11542064],[-0.41173892 -0.24048339  0.87899875],[0.61436326 0.63915453 0.46264379]
10,158.76554725727544,10.097509383515971,66.01670393356268,2.779937130752697,1.6578738222815412,1.5183617653645214,2.1818630330866684,544.774171726149,544.729200839358,8.950851430152571,[-0.21724591  0.89685756  0.38529305],[-0.32101076 -0.43840803  0.83949419],[0.92182228 0.05869347 0.38314327]
31,173.0823232475235,165.14677058496468,62.361401732597415,3.4132843790766816,3.7112603085773013,2.6536082763367697,4.39500236255352,1376.814863402415,1376.7421527609438,20.198479869355122,[ 0.61304391 -0.3811934  -0.69200344],[ 0.3661153  -0.63910242  0.67639314],[0.70009767 0.66801174 0.25223711]
177,169.73951120038055,127.45470330967682,85.24000234978685,8.12338089406769,4.060335669378195,6.272501693555905,7.201953133707302,3045.956751347034,3045.472407935803,111.26162003506585,[ 0.304702   -0.77586026  0.55244688],[-0.59676379  0.29654222  0.74561095],[-0.74231373 -0.55686944 -0.3726483 ]
13,41.886764238825805,160.14087772763835,29.64180383707642,2.4882975777514096,3.38156862995671,1.680019274868111,3.341326183548937,606.5008056135716,606.4676872564224,10.935661146727936,[-0.64241257  0.2985723  -0.70580498],[-0.724725    0.06274411  0.68617552],[0.24915811 0.9523223  0.17607521]
146,15.37543465855066,82.29627758403751,50.82164252033257,6.3816585239756325,6.472937572254382,5.09990438131535,6.160328137511838,1189.1088639753857,1186.6516335348383,102.17545396999559,[ 0.72412347 -0.45568128  0.51768695],[-0.67106628 -0.29236802  0.68131563],[0.15910767 0.84075889 0.51750289]
188,40.37774434033588,53.53462472615678,69.55863712059327,6.1465444934829145,8.58950214414432,11.209933768325428,11.647000956070716,1339.1205366499528,1336.7813592120845,137.19657413244647,[-0.85889052  0.49988253  0.11146535],[-0.29903664 -0.66615152  0.68324171],[-0.41579341 -0.55349761 -0.72163442]
58,144.93059012948686,93.93446554941019,98.6574064645591,3.5937694320910127,2.8752264214180823,6.005520735905763,3.754625262843668,1515.665743210394,1515.276610489211,50.08813799380566,[-0.53210398  0.84633945 -0.02397679],[-0.43130087 -0.2465777   0.86785886],[-0.72859105 -0.47213236 -0.49623192]
49,146.22014784561208,172.02951320345088,4.421921544343312,6.386259459950409,2.9539014245231203,3.235895152753922,3.559396688453712,1581.5053695944914,1581.0760863763498,48.30182650033236,[-0.1117683   0.06953613  0.99129843],[-0.75363154  0.64427979 -0.13016549],[-0.64772474 -0.76162214 -0.01960544]
67,51.24299720360234,16.00379699575088,108.90479177486503,7.759466183936109,4.477623368279414,6.3654763988086085,8.966661510316865,997.4348762173117,997.0309101292393,51.910688009287576,[ 0.4732109  -0.87584882 -0.09465882],[-0.77209049 -0.46407591  0.43417718],[-0.42420245 -0.13237219 -0.89584032]
52,49.16379188570397,57.38247560342996,21.767996580190978,5.573487542605864,5.629425799962037,3.5767366823103317,5.823824171986083,570.0500775201798,569.1105834484928,45.98823888667599,[-0.27228507 -0.12866552  0.95357539],[ 0.73138996 -0.67163464  0.1182186 ],[0.62524361 0.72962463 0.27698075]
31,139.53649645028014,188.01980575550255,115.3687093114984,3.0123689697583673,4.702007708870893,3.5407346004471387,3.8691597941906517,1453.666231614109,1453.5632444259163,29.864394169370374,[-0.33766136 -0.29743876  0.89303695],[-0.77480557  0.6265575  -0.08427358],[-0.53447277 -0.72038593 -0.44202146]
5,132.14958761598308,19.99125136469909,42.295529321736325,2.966153173663586,0.8317159552685438,2.047957845303647,2.556751797736568,313.5729000385613,313.51748172761256,6.034805283617474,[ 0.0486294  -0.9531141   0.29867825],[-0.32997246  0.26691227  0.90547005],[-0.94273716 -0.14258806 -0.30152162]
3,1.2198204719199228,120.79571000942263,63.19574157070332,0.6063492503993463,0.34850560042301837,1.1888664336733532,0.4507837164659813,236.14806821755278,236.13801356919063,2.2590189267940337,[-0.89655417  0.2124033  -0.38868426],[-0.44284383 -0.41212829  0.79626604],[-0.00894175 -0.88602207 -0.46355683]
26,57.491885472599364,20.94597789673905,173.43400022257143,3.0690231826267365,4.423989983779021,3.1960031139752405,3.5526856572849006,938.2337535760049,938.019958617785,26.29857081012006,[-0.94009734  0.17889843  0.29019364],[-0.13568196 -0.97726602  0.16291572],[-0.31274175 -0.11378259 -0.94299847]
36,161.9324364881603,120.10425172042193,46.85046444619335,3.774305112034712,4.379290504313819,2.59972153147136,4.6714899991419,1242.4118792690338,1242.287521697931,25.68191469763227,[-0.42282418  0.22793056  0.87707889],[-0.45740737  0.78183601 -0.42368734],[-0.78230315 -0.5803276  -0.22632205]
104,14.568018903276412,121.53373816966891,98.0540350380245,5.342911759579402,4.317433055232573,9.377527995253866,8.456279055297806,1603.0673692092298,1602.4548629223038,81.55779431224366,[-0.93387606 -0.14984681  0.32468669],[ 0.34512602 -0.61537599  0.70866101],[-0.0936138  -0.77385937 -0.62640093]
16,60.00897685721142,160.10141147352545,76.5240590283644,2.2514261889454708,3.7710893736451516,2.2324550784785946,2.854304391516532,749.5243386411972,749.395211623391,16.121876520594906,[-0.73245038 -0.04999817  0.67898205],[ 0.60078894 -0.51660556  0.61005847],[-0.3202641  -0.85476247 -0.40842629]
24,143.18144117806298,82.87952161189129,154.5554291223377,3.3440392331402444,5.1708428651578195,2.8057266720299303,4.181054722801764,1109.5709327880952,1109.3805961534351,26.009056495172313,[-0.748721    0.51500778  0.41735339],[-0.19862196 -0.7749688   0.59997723],[-0.6324288  -0.36632    -0.68252727]
82,37.88166034935879,100.30650193845996,156.22180866616253,5.67788800575992,9.202711521848716,7.487951012325576,11.48738456670185,1719.6759985854478,1719.1955199582858,57.675007763309104,[-0.85580236  0.50415664 -0.11588095],[-0.47674171 -0.68170422  0.55497451],[-0.20079755 -0.53019378 -0.82375658]
7,2.2349638353042947,51.50632447571695,32.324545925327506,1.5143527849672627,1.2661134501692366,1.9318951602761527,1.2197493485104045,161.11414656282517,161.07503829944952,6.533168938114476,[-0.94927743 -0.13671047  0.28316534],[ 0.31230035 -0.51478489  0.79841406],[-0.03661768 -0.84634908 -0.5313684 ]
58,182.4795018198978,194.2114627201785,178.3394333462154,4.4893316497425415,2.885830405375144,3.9518742078228573,2.5419740680998077,2442.491170068625,2442.232993882839,46.69991982273939,[ 0.40117594 -0.79490314  0.45517783],[-0.71777026  0.03592504  0.6953526 ],[-0.56909025 -0.60567184 -0.55614557]
93,140.58020954564222,188.6469316812635,49.29459333385059,4.192315910316088,4.112199912567204,5.797647413518584,4.334524568795722,2319.322576346012,2318.6176397985687,67.66764144372299,[-0.65547036  0.6061327  -0.45051277],[-0.47786236  0.12905919  0.86890235],[-0.58481294 -0.78482283 -0.20505353]
3,43.08266017782457,129.08194355581952,74.34576038522535,1.0174520875065602,1.109187785876548,0.21391222742104768,0.5587140618617231,268.59542811025005,268.5846271818771,2.448818628686578,[ 0.47886153  0.31264956 -0.82033035],[-0.83277547  0.45747621 -0.31177001],[0.27780686 0.83244566 0.47943464]
57,26.812340044986104,147.26805307327714,99.98258391032975,6.827327380080762,3.764346695108687,3.6371137816204286,2.92795865103741,1360.233951732169,1359.5761919481126,61.06921435782902,[-0.13113761 -0.54035924  0.83115271],[-0.9801165   0.19660146 -0.02682385],[-0.14891132 -0.8181441  -0.55539685]
156,165.4880976969073,152.73223471928702,139.03556785594733,7.231701331414018,6.222013934321372,7.506892555738089,7.2243400832350595,3308.452203567595,3307.4179939873725,122.2312665626557,[-0.64115549 -0.00409769  0.76740005],[ 0.44477546 -0.8168885   0.36724375],[-0.62537543 -0.57678105 -0.5255751 ]
4,9.359523608833465,165.37354662601234,145.40419773442852,0.7609270973681934,0.46357514530184085,2.249304370117628,1.725585460040575,440.8342041728266,440.8260841075329,3.3948277969396385,[ 0.99217472  0.04593445 -0.11610064],[ 0.11741363 -0.65951966  0.74246068],[0.04246613 0.75028251 0.65975206]
4,86.26293691027081,26.006024600777877,132.8718267994384,1.4786515067820742,0.9415785700827415,0.441804955800458,0.7842239870529486,321.0950642462771,321.0821731431861,3.2531275213113173,[-0.4863301   0.86129241  0.14716798],[-0.68900041 -0.48159058  0.54161697],[0.5373653  0.16200584 0.82764282]
4,114.1454156425691,45.15099300772595,198.9238351820061,0.4021163307698322,0.8878441086804595,0.4557218114262621,0.17391997596524353,467.50138477141473,467.49871374085114,2.1239930755626917,[ 0.8598432  -0.27303761 -0.43141643],[-0.14902709 -0.94241165  0.29941812],[0.48832428 0.1931599  0.85101625]
2,182.26577663415952,167.81578980946279,9.291874584334302,0.017119946032423172,1.0944908570506726,0.49111438747743197,0.771811711173342,350.63009275128803,350.6276865405474,1.2989896075192626,[-0.31724676  0.39236785 -0.86336664],[-0.59909846  0.62280656  0.50318289],[0.7351432  0.67687477 0.03748362]
20,42.28420688464743,47.80238749907899,4.698647456666017,3.214409362385401,3.689241655890672,2.206177082585592,4.344436863214718,287.0364339972,286.9972170055822,14.109449305521377,[-0.74760911  0.66361623 -0.02634627],[-0.06758625 -0.03655684  0.99704348],[-0.66069109 -0.74717943 -0.07218156]
55,39.46659562996294,16.38223431672133,120.18572628633956,3.8619216649684893,4.932147859293795,4.5975439184945674,5.067800177293336,947.5839737223582,946.8692599307016,43.93896949026293,[-0.80786343 -0.48704672  0.33187673],[ 0.50152674 -0.86386771 -0.0469416 ],[-0.30956034 -0.12852266 -0.94215408]
22,163.92057844507409,180.5076804128187,193.47625286602658,2.3980465633932053,2.906719331368564,3.149183315920626,2.480993380340879,1460.101942645519,1460.0523532214688,19.90762396007918,[-0.00654271 -0.72840634  0.68511415],[ 0.85010079 -0.36483396 -0.37976944],[0.52657938 0.57993136 0.62160581]
10,3.3973960049524776,163.03235284685718,97.19031845887142,1.912097559004112,1.5439993829241847,3.4171703285692274,2.8053022804852237,600.4267365249585,600.403484990495,9.934731622282005,[-0.98756724  0.09521597 -0.12507945],[-0.15617085 -0.50349978  0.84976387],[-0.01793362 -0.85873272 -0.51210985]
28,64.42636537794006,190.60859998742558,140.38285780270124,1.6790846275209077,4.353591997570596,4.275648694601071,4.538541214062848,1298.5849904196168,1298.4608799563791,23.343954315679394,[-0.96397277  0.18485745  0.19127004],[ 0.04282401 -0.6018275   0.79747713],[-0.26253116 -0.77693718 -0.57222898]
17,192.26232019749023,189.42978883356386,115.52275913001499,3.8102286727498558,1.4592074555151981,2.780398138548179,1.8120207626948452,1210.6326181425156,1210.551232416424,18.91050699344987,[ 0.27589887 -0.68885636  0.67034076],[-0.7035409   0.33045761  0.62914861],[-0.65491222 -0.64519353 -0.39346574]
6,89.72675985504243,135.22118873692202,146.00714297842944,2.4653401284482848,1.9402108428864957,2.05562273146954,1.7524428599381656,534.7921632974192,534.7383478308278,8.125374586441076,[ 0.08651662 -0.75686934  0.64781454],[-0.90754101  0.20835493  0.36463343],[-0.41095522 -0.61946511 -0.6688638 ]
17,100.49544615252107,29.68647772403733,187.36603855159734,2.416716229571583,1.668751424966563,3.565060222533827,3.607943716061706,885.3129684419263,885.2974634167776,11.873243250865972,[-0.59414487  0.78033264  0.19512261],[-0.65411067 -0.6099079   0.44738303],[0.46811441 0.13817855 0.87279757]
9,2.4804828975600586,105.33933529955414,172.2197020006736,1.9662214537232245,3.464503891971804,3.241288444838034,3.050988196544605,605.873711351799,605.7692237803753,12.41826199807101,[-0.9139423   0.35195018 -0.20209041],[-0.40565765 -0.7771175   0.48117591],[-0.01230195 -0.52174655 -0.85301184]
40,5.357279128455918,172.82016786873731,81.44487874080626,2.7031214561028274,3.429550209270237,4.192235084500216,3.099527082923579,1209.2685687597523,1209.0547114557007,33.01583456201635,[-0.99580919 -0.01184156  0.09068541],[ 0.08704657 -0.42687722  0.9001104 ],[-0.02805282 -0.90423206 -0.42611903]
315,55.4884032708419,43.043703868864334,103.07993383609556,7.331316478917571,8.417889000626312,10.575311037809517,9.728487821269397,2227.670365797246,2223.4622693454967,209.0334063504075,[-0.14303039 -0.88325196  0.44655154],[-0.8856913   0.31558616  0.34052357],[-0.4416936  -0.34680159 -0.82742699]
51,15.116502716617266,49.9180121427115,116.19014570817522,3.6287001214371917,4.360387013951057,5.428077765991428,4.242665536088055,911.0760598092501,910.2000475621227,47.451138057680616,[-0.85478755  0.50783894 -0.10694792],[-0.5053092  -0.7674263   0.39461308],[-0.11832524 -0.39135212 -0.91260213]
91,105.35709512116665,56.68165195908328,4.170973552639344,9.164829879776219,9.280079673541275,2.8241800576440963,5.864892270103136,1148.7106402651425,1143.7459327479726,113.31585674259763,[-0.05634609  0.03252524  0.99788137],[-0.46949671  0.88120496 -0.05523272],[-0.88113447 -0.47161417 -0.03438196]
9,197.42522887126466,3.4333525081028924,70.34403796953406,0.7867701866808738,1.7270515310491552,1.4049424908593746,0.9418948039469988,628.861471290338,628.851145758571,6.489474770998376,[ 0.33191567 -0.20067195 -0.92171729],[-0.05226197 -0.97952178  0.19443703],[0.94186022 0.01636594 0.33560614]
29,157.58999422878583,3.810517017014189,166.03837865820313,4.98374871069425,2.0396159041039086,6.254012009984616,7.4444585204075056,1233.6812161777093,1233.6323949391156,19.199182848907082,[ 0.05735637 -0.99785209 -0.03164573],[ 0.72321513  0.06338016 -0.68770839],[0.68823696 0.01655779 0.72529699]
92,127.28289075693873,45.52962682150822,26.192338918432885,5.91283310984495,7.269222800837764,4.443113951009555,6.77686705205215,1324.1001661451676,1322.733690352131,74.4832911804379,[-0.33751586  0.47617565  0.81199741],[ 0.1789722  -0.81441918  0.55198764],[-0.92414933 -0.33162955 -0.18965719]
11,2.6800604670935257,27.098489005337793,12.80375433230709,1.3927115237098864,2.946057960536886,2.059209598396201,2.5136038618728818,100.55226464728851,100.20401945297063,9.753615524742619,[-0.96228009  0.18880247 -0.19588427],[-0.25635103 -0.38811221  0.88524181],[-0.09111076 -0.90206571 -0.42187236]
6,97.71001705563258,137.0441567917762,42.2991267226837,2.589733720967494,1.762351861292099,2.445380612937328,0.7970046262552528,425.1996844325154,425.1056471304444,9.52368698216927,[-0.59408542  0.18170116  0.78361164],[ 0.5744684  -0.58605953  0.57141954],[-0.56307066 -0.78963214 -0.24378785]
132,18.645327841531827,45.058462543807515,185.00735078613593,10.077016729239777,7.182122050816166,4.461596912650749,4.707747360825151,2202.0973446349817,2200.088435609674,141.2322455780717,[-0.27938723 -0.92599946  0.25390505],[-0.955241    0.29483911  0.02417722],[-0.09724923 -0.2357857  -0.96692693]
8,10.477277690334502,55.11989994068007,135.8499741193868,2.796502341372411,1.3532193532133747,1.68499784859023,0.9229065636093302,415.8347495438042,415.73957669964415,9.643336403648751,[ 0.51401133 -0.80793644  0.28815113],[-0.85482378 -0.4545898   0.25024871],[-0.07119448 -0.37494911 -0.92430759]
2,186.784497205273,73.69298196078708,45.057898028015885,0.6392513368099202,0.2095793727603592,0.7221024685121087,0.6632664424625148,291.03364808544995,291.03181301937497,1.033503062910284,[ 0.41662755 -0.70532232 -0.57353457],[ 0.05094037 -0.61179298  0.78937597],[0.90764892 0.35809184 0.21896043]
196,83.61812676993942,177.12366848197703,104.36382413205023,7.953223578341022,8.694512576106588,14.043361535626222,7.5709911715458125,3117.1272796966737,3109.6486244927137,232.21663034391327,[ 0.8242345  -0.52041112  0.22318098],[-0.42280932 -0.30345081  0.85390274],[0.37665603 0.79817909 0.4701493 ]
31,114.35493354061833,17.290120185424083,47.889707291344465,3.9854097420030907,2.5316620726573897,6.168719747633999,5.427510841824795,698.1475888985506,697.7504209606836,31.304559124684634,[ 0.20043667 -0.97127158 -0.12828355],[-0.35496278 -0.19404011  0.91452166],[-0.91314105 -0.13776779 -0.38365801]
45,172.35658227814895,8.804737493033244,17.35740459432109,3.4887200166092045,3.1323858972708893,4.46997626683184,3.4102614691194315,1164.2061997070543,1163.929228444113,37.052665708601005,[ 0.01211242 -0.93508488  0.35421681],[-0.11146672  0.35077222  0.92980322],[-0.99369435 -0.05074556 -0.09998214]
18,177.3691719668363,188.27686618054662,151.0281851746049,3.882483054850602,3.4772094480233533,5.048979235950554,2.680831020420909,1271.10991979754,1270.9001144515967,28.611701424974775,[ 0.25448147 -0.73958041  0.62310513],[-0.76465383  0.24058558  0.59784873],[-0.59206731 -0.62860115 -0.50429842]
29,78.04355430622567,119.69253746070622,8.204848482036054,3.477333568037837,4.4971236344328505,2.1117322251179043,3.4282639765184917,771.3509532673035,771.0562099074826,26.820277044063335,[ 0.02421344 -0.08395052  0.9961757 ],[-0.83806511  0.54156222  0.06600931],[-0.54503264 -0.83645841 -0.05724292]
5,7.594264399642978,196.56254932202174,34.06764170054775,1.6441064678167499,1.4111778937386525,0.6853098996153068,1.413358931578623,446.42951551458395,446.41648236206134,3.9726727204303147,[-0.07796197 -0.16732672  0.98281417],[-0.99623063  0.05068288 -0.07039734],[-0.0380325  -0.98459789 -0.17064734]
14,49.718288768235816,168.7082208390768,17.15837422929108,3.232616686901222,1.9510397723399875,2.2516128860743914,1.590904333072947,661.3977166330818,661.2595990572108,15.356617367260156,[-0.51292634  0.06412336  0.85603433],[-0.81102049  0.29062299 -0.50772438],[-0.28134025 -0.95468658 -0.09706282]
25,81.70490174512017,34.70373972374538,108.9101174097177,2.7293951650466757,4.044398776597787,4.599218630488029,4.503300433194641,703.1995579654946,703.0028514618475,24.860828532802913,[-0.80241137  0.01596708  0.59655767],[ 0.134864   -0.96892922  0.20733515],[-0.58133269 -0.24682223 -0.77532644]
2,7.305104282419461,54.24548732685575,121.95624000035463,0.25252692082531336,0.27924431450765397,0.2861844265554794,0.1615761653041119,189.04753670803586,189.04649177577244,0.6285560030981048,[ 0.83449198  0.48316955 -0.26489681],[ 0.5483033  -0.77580757  0.31222765],[0.05465006 0.40579526 0.91232866]
5,36.307973981419785,50.85654104192285,153.4669915382357,2.4461143231457676,1.1671174469036023,2.1381080845945357,2.6771255454326237,370.59579764736554,370.56960796495747,4.882027919200891,[-0.01419546 -0.94812461  0.31758182],[-0.97556674  0.08277488  0.20351377],[-0.21924421 -0.30693329 -0.92613386]
185,188.20561399994315,33.05472842771279,65.07451199476988,4.678477449099384,6.078190731168141,6.2528712373833555,4.3280798450431455,2747.685196360147,2747.4985189552026,121.31249857454443,[-0.06239316 -0.80550967  0.58928879],[ 0.35613732 -0.5695384  -0.74080512],[0.93234827 0.16364656 0.32240735]
3,86.47428978099033,186.91444435059847,73.3837411752096,0.9304876341210986,1.9939054401110103,0.8735928302940171,2.203665577882522,378.70397787155616,378.70120097409176,1.496636838537026,[ 0.47776294  0.12060929 -0.87017008],[-0.78441721  0.50452787 -0.36075099],[0.39551514 0.85492984 0.33565272]
2,18.57079760119572,55.76831769441689,167.8460372376028,0.3583759323734341,0.5982866782683445,1.0290916636733414,1.1214435123909539,251.51070517291015,251.509561077959,0.7586191053205681,[ 0.45104137  0.83084959 -0.32596112],[-0.88637513  0.45972524 -0.0546977 ],[0.10440699 0.31359475 0.94379951]
64,45.281955076948115,87.57700621346481,187.94618245947413,4.8564614978464915,4.719168170069406,5.158053657591724,4.9490788582216805,1699.0478797943738,1698.5518856800732,55.30890386044087,[-0.69250276  0.70325086 -0.16086686],[-0.68914809 -0.57892876  0.43579399],[-0.21334205 -0.41264963 -0.88555375]
43,88.42039319872664,34.01801003778751,21.80926771518902,4.83997061064097,3.3831960651326214,2.5539800505689083,5.155787437973097,638.7267609645799,638.5410121170328,25.345919653615454,[-0.40907842  0.65963768  0.63050217],[ 0.07316157 -0.66502749  0.74322663],[-0.90956156 -0.3501665  -0.22378827]
100,129.20489101822218,72.77007126492894,32.853854204884776,6.046651293684957,9.202632419507873,4.763656681230553,6.864159938526719,1522.7247419572484,1521.2281298827477,98.56715149105779,[-0.10675848 -0.24414427  0.96384449],[-0.51542222  0.84255583  0.15633173],[-0.85026029 -0.48009713 -0.21578736]
75,39.01557275020348,19.490663101339404,4.904561087542064,9.89225936057149,8.972182925650397,3.8896723427446043,10.46310123125415,397.5162094137506,392.98710298663457,74.08305965920431,[ 0.04284   -0.3055865  0.9512001],[-0.46132329  0.83845035  0.29014105],[-0.88619724 -0.45124041 -0.10505496]
14,4.455198372456637,179.314753252954,145.5981340934863,2.753779530643499,2.6301932005911755,2.7523398607478406,2.880642157542803,864.5819161507897,864.4955575358758,13.862858681958475,[-0.66542987 -0.46047265  0.58751002],[-0.74620983  0.43073944 -0.50757702],[-0.0193384  -0.77616266 -0.63023611]
19,196.0655427721525,158.57818586529942,96.1298934448826,2.4947620253641363,2.157867662753881,2.4334687770580756,2.0700002005410156,1176.4393919954503,1176.4011049463143,15.416374271064534,[ 0.57180872 -0.22952884 -0.78762383],[ 0.38103161 -0.77592621  0.50274589],[0.72653266 0.58758406 0.35622363]
6,12.727413727123169,94.82350818471069,126.26045266998791,1.867325395583727,1.3819839575845172,1.678693819399116,1.8575851647178807,388.0903047984818,388.0694684443058,5.368483990962513,[-0.25832763 -0.75979388  0.59664068],[-0.96271239  0.25381889 -0.09359934],[-0.08032247 -0.59857267 -0.79703141]
78,100.97675703669408,35.54851613513818,57.12951375244462,9.774763931304339,3.7901995605922765,4.71648624443837,7.225806058071981,1075.8098844892997,1074.169984645955,79.49012952599348,[ 0.11863568 -0.92367307  0.36435373],[-0.53908128  0.24823978  0.80484059],[-0.83385667 -0.29189909 -0.46848477]
3,183.74842029652655,179.5623094157044,171.95330144928857,1.529952124044935,0.6810755896220118,2.7457292551890933,2.2728345149291997,535.4924821063174,535.4797270596854,3.947431595440725,[ 0.62324056 -0.76978685  0.13783835],[-0.50824187 -0.26474434  0.81951244],[0.59435797 0.58080861 0.55623732]
52,155.32425870493833,183.13539390205875,163.63368501778555,5.946907364313731,7.42405255466667,2.6400609158160515,7.983464013674649,2096.488049487643,2096.4033611039467,41.76873787031075,[ 0.84437788 -0.37087416 -0.38662431],[ 0.03498495 -0.68194279  0.73056833],[0.53460458 0.63040177 0.56284239]
39,6.895208940685727,185.00797355162166,59.277301102080614,3.634558869067105,2.8691660997577153,4.32825688895888,2.8688927426067856,1214.5222241084273,1214.242557839222,35.345788630470594,[-0.81973759 -0.14678521  0.55361032],[ 0.57163503 -0.26967621  0.7749246 ],[-0.03554807 -0.95169787 -0.30497129]
100,178.53519970371136,122.42181572856181,123.33022353848828,3.9095052064757856,6.727709020183409,8.276606055551541,4.389609301132239,2493.8155334382645,2492.022870731291,104.7296802869602,[-0.69700889  0.53051391  0.48242472],[-0.02572265 -0.69084469  0.72254548],[-0.71660098 -0.49121138 -0.49517111]
2,82.73476211336127,59.361168642132235,198.14293548656156,1.9038460250477982,1.1086970749747849,0.1330204646183546,0.5299133803644906,315.0691467633128,315.05457605910306,3.030073659296792,[ 0.47678095  0.76726048 -0.42894205],[-0.7967078   0.58336718  0.15792221],[0.37139818 0.26644718 0.88942076]
6,92.95836906061254,16.60317205703239,58.75537180649197,3.2129806274045443,2.7760092974852038,1.0401342974275714,3.2523522982187436,272.61178238636336,272.56225605273727,7.1678378913723435,[-0.5316461   0.45985214  0.71125835],[-0.13621448 -0.87526271  0.46406982],[-0.83594141 -0.14983722 -0.52796852]
7,26.396513029670693,116.908926865992,99.46085236524401,2.0562017707228213,4.020714089350816,0.989699196153142,3.846749407748235,412.24541024140194,412.193119775952,6.845698843314553,[-0.8128766   0.47284269 -0.34007562],[-0.55717097 -0.46119197  0.6905523 ],[-0.16968246 -0.75081407 -0.63834638]
11,40.93735226657955,75.08757718427738,71.52463265418531,2.1870565054448616,2.374772394336326,2.233395424477382,2.364207083710824,369.9504328679354,369.89526874453264,10.414234045990998,[-0.5726585  -0.37988626  0.72646313],[-0.73299749  0.63410642 -0.24621886],[-0.36711977 -0.67349498 -0.6415821 ]
8,104.51782341571364,30.61584450734601,27.718067042764392,2.011079837054018,2.023323890193656,1.5739182254490192,2.6115382828673117,317.97999714719725,317.9648183458688,5.521694064251746,[ 0.30642538 -0.20357816 -0.92987064],[ 0.20326483 -0.94033761  0.27285269],[0.92993919 0.27261899 0.24676303]
14,138.60997053755347,112.5609427731561,110.71508330146203,1.6299873889421082,1.90381061817384,2.3044345465464766,1.3502058519796054,786.2012087557122,786.136508944248,11.668874210104292,[-0.71801969  0.65633523  0.23167174],[-0.22173637 -0.5312093   0.81771001],[-0.65975807 -0.53576184 -0.52695212]
22,168.72829272562035,106.14705002160926,160.59248933504526,2.35336149967906,2.3351804339384,2.0215082112270477,2.30908127828213,1200.7712282926468,1200.7320613838765,14.667924566040098,[ 0.27838976  0.64041598 -0.71579782],[-0.69859537  0.64646044  0.30668128],[0.65913856 0.41467611 0.62735961]
79,77.56435703097264,175.18161865237656,148.53540646116733,5.426486178853953,4.462872232523231,7.834926398285242,4.330841811128386,2156.446258718049,2155.271252397802,85.5805647634002,[-0.79108362  0.55965778 -0.24692081],[-0.52140076 -0.40582968  0.75062875],[-0.31988743 -0.72255481 -0.6128512 ]
14,138.44979915389231,10.966781317244026,83.34390671285897,1.7068876336673424,1.0433924559458707,1.3393863705711906,1.7069306714862928,606.0961979232692,606.0893705599307,6.358872024877838,[-0.11755889  0.9909404   0.0649387 ],[-0.50549208 -0.11599847  0.85499831],[0.85478516 0.06768665 0.51454917]
15,165.40416965345196,76.90871351213671,159.43702091447983,2.9453217276024084,1.4511486574691785,3.8126913117122236,3.169286973289666,938.4817766045128,938.39855786437,15.139958168322691,[ 0.37527341 -0.92516557  0.05690818],[-0.62695241 -0.20813059  0.75074119],[-0.68271557 -0.31741192 -0.65814066]
3,122.42947601109402,149.47074276177543,198.4233021373424,0.41806410382256565,1.7391594176877951,0.5316129174856029,0.9184902074445158,479.705333052389,479.69730725000164,2.810242974969825,[ 0.89639773 -0.29471797 -0.33107766],[-0.03246183 -0.78857507  0.61408109],[0.44206033 0.53971351 0.71644399]
47,27.044225904602694,13.098645585968304,87.22620364758389,7.268065059254422,2.7605399501598624,2.8449004072319988,3.553063511290978,634.7846572512984,633.235601015892,50.7251050996122,[-0.1855215  -0.96168747  0.20183902],[-0.93733359  0.23484582  0.25739695],[-0.29493647 -0.14143783 -0.94499091]
10,8.025228429341198,172.8680745055694,161.94165266777838,3.9002987438699095,1.3470647811582992,2.484251941655465,2.0176669156159166,749.6260232317547,749.5272597544255,13.826332732592839,[-0.38097395 -0.62262485  0.68351821],[-0.92396154  0.28353913 -0.25671118],[-0.0339694  -0.72934481 -0.68330244]
10,73.08371972378063,87.55458757926688,81.97896451491698,2.6243067481370836,2.6331956473062377,4.030762550520759,1.1767111681346278,444.48214173342234,444.1869737520723,16.93054706376644,[-0.73884282  0.67134603 -0.0583592 ],[-0.42815988 -0.40079787  0.80996307],[-0.52037525 -0.62342247 -0.58357007]
171,54.93790110310817,49.67331013114021,183.04333074058883,6.02260331570827,4.294210595804867,11.663898147042746,10.132530207852232,2587.713825371169,2586.2524190603617,122.54100508028866,[ 0.3943184  -0.90996565  0.12835701],[-0.87622158 -0.33018205  0.35102074],[-0.27703563 -0.25088312 -0.92752839]
6,139.5569169439863,99.78048745430677,50.29127055189698,2.0272262544127493,2.2461677677588834,2.5003942830165076,1.4194615900642131,438.00679109641504,437.9409437900304,8.975021044072442,[ 0.21125975 -0.65921504  0.7216681 ],[-0.58825455  0.50389483  0.63249236],[-0.7805933  -0.55814473 -0.28133355]
31,186.54289581717526,31.49949926467124,158.98205441753845,2.6343529439674813,8.64641381184838,2.3176432707313293,2.7334052454176097,1376.8121346253922,1376.0063710001268,49.70546893523045,[-0.6558343   0.14077327  0.74166317],[ 0.00405622 -0.9817878   0.18993755],[-0.75489398 -0.1275759  -0.6433191 ]
3,133.20120869499905,52.04365453561874,196.05398837812945,0.1903861615148146,0.2788524190868636,1.7163655959442379,1.3722317618861166,420.3259592014414,420.32194747862314,1.8788275363783467,[ 0.2150035  -0.9702299   0.11147843],[ 0.80777678  0.11251743 -0.57865059],[0.54888083 0.21446159 0.80792082]
18,62.408089718623664,164.66050969847532,38.564138868989204,3.5137357435165533,1.8138356788752459,3.5452768525631413,2.0296297204914575,765.0540857014754,764.9160786446496,20.80104754256856,[-0.76082253  0.40682498 -0.50561104],[-0.54881926  0.0124382   0.8358485 ],[-0.34633294 -0.91342144 -0.21381012]
177,23.394696040371034,13.35409543143679,111.86516753082954,6.069101677636634,9.33430659346666,11.056435560892552,10.259985845944321,1542.4172787627028,1539.3915659673994,158.5837639902996,[-0.97716424  0.09195026  0.1915599 ],[-0.06786102 -0.9893547   0.12873291],[-0.20135771 -0.11279375 -0.97300187]
32,177.47554270157445,166.07463758616012,180.50029641407562,4.441915432810555,4.352736804664702,2.3264711722642635,3.699886770039172,1712.993032838774,1712.7934870449424,31.18548485725923,[-0.44048661 -0.40179064  0.80282988],[-0.67993239  0.73324953 -0.00608885],[-0.58622819 -0.5485521  -0.59617708]
10,118.55601821844866,183.65469295649206,24.56164049565802,1.5960564475923655,2.3827882339742152,1.4056521221269256,2.005051140692394,695.6769861964187,695.6525883657706,7.875502864379149,[-0.29321134  0.31019835 -0.90432521],[-0.78967485  0.4546256   0.41198203],[0.53892554 0.83492069 0.11165445]
