N,MEAN_X,MEAN_Y,MEAN_Z,SIGMA_X,SIGMA_Y,SIGMA_Z,SIGMA_R,LAMBDA_1,LAMBDA_2,LAMBDA_3,EIGEN_1,EIGEN_2,EIGEN_3
6,43.42664964961627,130.68773236754205,103.90813261579699,0.9912473539323075,0.5507535307960969,2.3357387924658064,1.2094038406374807,422.6224497447289,422.59232617178344,5.619388626827426,[-0.952092    0.08217485  0.2945643 ],[ 0.17362681 -0.64766638  0.74187734],[-0.25174305 -0.75747974 -0.60237022]
411,152.7070009669927,166.34159179464646,185.82906507908757,13.34144558065132,15.21344611562923,8.834994960177585,14.089207358272105,5941.855758876162,5939.164787755946,346.3862582314684,[ 0.42585948 -0.8188719   0.38482791],[-0.7388637  -0.06925003  0.67028716],[-0.52222997 -0.56978351 -0.63452549]
163,23.658637203436797,35.631554761346116,188.12423119625709,8.647648247805128,15.940564086544619,5.519445302725686,4.6301054938636765,2473.5783551715917,2465.160343252366,235.12378171185003,[-0.92048659 -0.34630346  0.1810479 ],[ 0.3711086  -0.91980626  0.12741603],[-0.12240438 -0.18447318 -0.97518553]
2311,94.05157605124617,126.01050122383427,142.5265403372038,14.766424825667062,30.95580542567009,18.932783252082917,23.498236845023403,10341.489988865878,10301.901881169684,1477.9839654763366,[-0.89728729  0.26195984  0.35532037],[ 0.03834449 -0.75560696  0.653902  ],[-0.43977861 -0.60036253 -0.6679518 ]
33,162.96301856191246,74.14275382767349,162.38084335890835,3.5502432202343455,4.058375567806742,3.493520561167957,3.089988102643105,1388.9064869637134,1388.6854981500076,32.302976823418156,[-0.68838056  0.59042538  0.42134317],[-0.26739729 -0.74653566  0.60924806],[-0.67426322 -0.3067285  -0.67177879]
28,77.17020281328473,87.77901666805872,65.15290176563937,2.8276809402840017,2.789859682406155,2.9152065699398677,2.1285467665017754,708.3872089821338,708.3020991380646,23.49145209735955,[ 0.26946459 -0.71535331  0.64471581],[-0.77127214  0.24057303  0.58929103],[-0.57665252 -0.6560444  -0.48690617]
446,112.3061590415637,121.52625319033203,34.500246766120675,14.168180635204312,9.93271665451272,13.891256353574992,12.890601394893212,3593.4559892936077,3586.6968661801266,384.3287628072464,[-7.32989066e-01  6.80240139e-01 -6.18711676e-04],[-0.1378409  -0.14763891  0.97938891],[-0.6661283  -0.71796665 -0.20198261]
129,132.90546715743233,92.97108484857922,14.820999861441628,5.479600414100526,3.6462494006488,6.6550613589833265,5.544497137248076,1852.43084078426,1851.4029491307003,86.1097203411728,[-0.5775949   0.80071772  0.1588561 ],[ 0.01750571 -0.1824052   0.98306759],[-0.81613582 -0.57059572 -0.09133918]
5,107.14584457950806,186.6058338286916,91.04083948268287,0.48092082619864596,1.1608380092559338,1.1258852641793957,0.8217052787639779,522.4602227537721,522.452814360625,3.2975313433130973,[ 0.87413853 -0.32648656 -0.3595669 ],[ 0.15996193 -0.50549594  0.84787147],[0.45857825 0.79867414 0.38964806]
46,60.836021614807535,49.68896743725637,59.295252684861914,5.777733463160566,5.117244962706573,3.959428830593905,5.7802469716296185,669.5854579930742,669.1630136817902,43.65115790980533,[-0.7833724   0.45088751  0.42781788],[-0.05521255 -0.73606403  0.67465644],[-0.61909552 -0.50488632 -0.6015069 ]
31,139.20020650780796,138.36776860158645,97.72154334368278,4.825878277364649,4.3925816976759355,3.587743103162764,5.774688349951225,1221.3483286466508,1221.2770608933936,26.129434569480956,[ 0.69393746 -0.21235304 -0.68800944],[ 0.33953513 -0.74610861  0.57274588],[0.6349541  0.63105319 0.4456514 ]
32,142.63254741230418,100.55783737520645,60.23121515839679,3.033646286749806,5.537301904521453,5.949746185862931,6.021232955259009,1045.3313443871473,1045.089933242606,35.27744279503283,[ 0.38490349 -0.81028822  0.44190757],[-0.50555549  0.21548228  0.8354526 ],[-0.77218065 -0.54497742 -0.32670578]
64,25.975791390281636,157.80545606700912,38.16511278753739,3.9924823234670654,3.7538463025555666,6.0213525110045065,4.318951766033831,1316.728627301322,1316.0485061883778,55.348815956507345,[-0.8383356   0.25464198 -0.48202789],[-0.52182578 -0.11893801  0.84471984],[-0.15776969 -0.95969329 -0.23258872]
275,55.62544847155163,43.9561283621211,103.05232941433893,8.050407567149538,5.763184643695664,10.627012572629178,8.084545684273575,2086.4509377671916,2080.5470600617095,198.58377436687508,[ 0.0796176  -0.93179996  0.35413256],[-0.89361831  0.09070324  0.4395671 ],[-0.44170957 -0.35145662 -0.82545193]
377,102.36550805054189,107.00645592899936,188.8291302226015,12.76006565672192,14.129753711584678,5.748079883811061,11.92236693273173,4671.872065130511,4668.554241525054,309.69097046196566,[-0.70391151  0.70996503 -0.02140682],[-0.56731178 -0.54382891  0.61839103],[-0.42739436 -0.4474369  -0.78557895]
53,128.40562188800857,6.698761199916609,147.24611392743256,5.243619210639361,4.399441003803078,5.121322623506714,4.438443575880239,1424.1754141770375,1423.8497142704236,53.27288636810992,[ 0.27123628 -0.94277459 -0.19392511],[-0.70353752 -0.33168867  0.62850424],[-0.65686059 -0.03403956 -0.7532433 ]
166,86.65660697416473,180.2199644035505,99.92449302286023,4.908451567741048,4.892020203639255,11.933883176105432,6.169654171002357,2885.0921815359447,2881.9239729537994,158.70926188221574,[-0.82870239  0.51709802 -0.21415414],[-0.40414546 -0.28815577  0.86812021],[-0.38719349 -0.80596271 -0.44777819]
13,162.20474501426068,45.243513991278256,190.75593029708068,2.630901828235688,2.001635219113019,3.052347582369037,1.4172678447421272,917.5648731808833,917.4632290604478,15.393900217772888,[ 0.4090959  -0.90263203 -0.13377579],[-0.65290918 -0.39197157  0.64812644],[-0.637456   -0.17780242 -0.7496907 ]
47,31.518255361072264,17.861108226642553,6.3409175545103995,3.5243406469101983,8.055914547453368,4.1440980414987605,4.4094579410748445,259.9437217046517,255.08574510674953,58.22132125843631,[-0.01335735 -0.31913176  0.94761622],[-0.53021691  0.80575205  0.26388191],[-0.84775681 -0.49891738 -0.17997177]
28,53.58023458328294,4.460581774270233,56.32910163546925,4.366510856283772,2.657458714125083,2.796691159996591,3.4711537472391574,412.97670881251867,412.67732392182137,24.827414910357007,[ 0.2357144  -0.9603452  -0.14891544],[-0.68559266 -0.27292812  0.67488736],[-0.68876805 -0.05698534 -0.72273871]
22,170.1359267760483,188.3018135050831,37.99227853122644,2.357276273017178,1.9586223229130102,3.142114348906981,2.767999300979379,1203.7439960386553,1203.6907224165186,15.950038435977017,[ 0.73565653 -0.67531353  0.05254626],[-0.13858465 -0.07412477  0.98757269],[0.66302622 0.7337964  0.14811846]
12,82.74090381654015,163.4942919950607,194.00755708749713,3.891256621265925,1.9686888409750358,0.7968321101138477,1.3631696814979806,924.5597579564155,924.4546445398794,14.610775340329141,[-0.27721785 -0.67318287  0.68554729],[-0.90939904  0.41410206  0.03889558],[-0.31007038 -0.6126535  -0.72698834]
203,55.31365115197864,165.14223413867919,96.30441508649173,5.883114469210225,10.25572209780592,8.589831149773763,10.885356826815675,2842.234173750606,2840.6610358361745,138.33798852295158,[-0.94622756  0.32331738 -0.01092137],[-0.16546047 -0.4546783   0.87515169],[-0.27798604 -0.8298997  -0.48372539]
705,179.82993808462473,93.45180190392283,68.34089019331843,11.791153635272119,12.7178704098046,10.853338373839854,15.129760941202308,5699.310798440623,5698.388680774775,365.1916461993411,[ 0.2339476  -0.82461202  0.51505683],[-0.48931845  0.35791176  0.79527771],[-0.84014045 -0.43808012 -0.31976528]
12,149.80189709618833,161.19454914836766,114.1082304677285,1.984513770897536,1.4240352802521008,3.3515223851879954,2.4046685723432737,858.7940686872284,858.7366094497212,11.681591013071715,[-0.7952169   0.52784421  0.29834641],[-0.04901557 -0.54641111  0.83608156],[-0.6043406  -0.65024256 -0.46038794]
39,132.05450302591643,167.7570787943668,87.25397849587435,3.132240092020271,3.848458535644014,5.172025566998891,3.879690599463651,1440.9313068479132,1440.6408036018684,37.63938527405193,[-0.79201526  0.37134097  0.48457994],[ 0.21191123 -0.57717007  0.78864969],[-0.57254298 -0.72731052 -0.37843619]
11,13.613235111372722,4.237771420507972,190.05068410631927,1.147353386805352,2.359740050542911,2.2903469511723853,2.2655570595507997,632.1930555667226,632.152990447235,8.793105314013985,[-0.97912191 -0.18919765  0.07432723],[ 0.19031678 -0.98168841  0.00820957],[-0.07141295 -0.02218389 -0.99720011]
226,51.43095857844287,99.8099668599118,125.3415456056788,6.450167301438362,13.906161562572146,8.18383713433704,12.633184998844833,2541.910593242282,2538.1096583429,181.01359209984648,[ 0.72185949  0.3657643  -0.58748221],[ 0.62182989 -0.71538778  0.31866583],[0.30372101 0.59534595 0.74385263]
72,41.128645742620186,192.45829380598653,142.52717584438824,5.3900672824756315,4.5450295164120105,9.566064317882079,7.23506523512977,2064.2059840260354,2062.8938261153876,80.29476568891562,[-0.87049119 -0.1590532   0.46577588],[ 0.46208188 -0.58997959  0.66212116],[-0.16948577 -0.79159723 -0.58706763]
3,171.67623298463513,29.792839836933023,33.81804128543859,0.7927390050547005,0.2731515551433219,0.9991924014178011,0.9554306035251781,307.43615983155314,307.4327100928286,1.5356267499015641,[ 0.20517673 -0.95870035 -0.19696737],[-0.14962286 -0.22960807  0.96171364],[0.96722051 0.16785043 0.19055372]
64,52.2243242585249,24.704094736957657,4.798764090389991,5.568955658425234,5.596962263368671,3.434936226449531,5.809402358111208,468.09877387812094,466.8984460420319,50.4847435750802,[ 0.01077283 -0.21149168  0.97732043],[-0.43473842  0.8791811   0.19504642],[-0.90049234 -0.42697994 -0.08247229]
6,24.452520129949747,46.89455088439157,23.718110542358374,1.7581924204029993,2.104249913804027,0.301790595259673,1.7411728289282857,142.13034586517847,142.04716295045216,5.269861935856134,[-0.2734386  -0.31651049  0.90832397],[-0.86455371  0.49480307 -0.0878453 ],[-0.42163753 -0.80931516 -0.40893858]
267,130.67408096868712,12.636083572843175,115.20080897689724,9.422730734136222,6.112128467579759,10.779199575050187,12.404860366120534,2863.7317213587776,2862.8246260211745,152.3641903257683,[-0.1116101  -0.96607397  0.23290398],[-0.65460154  0.24780833  0.71420435],[-0.74768978 -0.07274689 -0.66005143]
24,174.33761542954508,164.94842861775405,61.95411118802301,3.3267092131606293,4.249253211878107,1.8246495142039838,3.9469064526966715,1214.6092075326662,1214.4930887384367,20.098190298366838,[-0.16507445 -0.18909703  0.96798385],[-0.69146224  0.7220421   0.02313393],[-0.70329964 -0.66550547 -0.24994416]
3,61.02636648318836,167.1364026516534,160.10408039609715,0.960516195695705,1.0805861439427122,0.3065094904540146,0.7995054695339423,414.58760370164265,414.58201529695805,2.154768211399294,[ 0.75059826 -0.57901545  0.31834471],[-0.6095842  -0.42089116  0.6717572 ],[0.25496932 0.69827769 0.66887884]
29,44.15466298014745,110.91808336584239,165.3403374524267,2.394271480092148,3.222723225086043,4.647871333691422,4.8285964906248555,1098.6637605608648,1098.598611462237,20.49526523569538,[-0.96424517  0.24911683  0.09039943],[-0.15282075 -0.80137416  0.57831244],[-0.21651113 -0.54382007 -0.81079138]
33,68.99290700308045,71.08114849894852,173.87841359127904,3.6529356844728187,4.727905092854681,2.8711380714353147,3.5156087158234737,1150.04502411438,1149.915936079068,32.28917000868169,[-0.71377941 -0.50189328  0.4884896 ],[ 0.60966499 -0.7885447   0.0806589 ],[-0.34471372 -0.35538767 -0.86883373]
336,117.94796679139706,35.07131313982342,164.28048710950975,13.058103023710112,6.406202614238091,7.622087800642268,9.058069120072728,3772.606623153824,3767.9798153269826,249.39216913566557,[ 0.03969685 -0.98263419  0.18125732],[-0.81677405  0.07258406  0.57237375],[-0.5755904  -0.17076771 -0.79970875]
49,94.07468309013373,45.07333030828383,41.34325484269126,4.818312846844977,4.156881201056357,2.679513059801587,4.5373620877091465,786.8148602913029,786.2470797942051,36.329929708203686,[-0.16723157 -0.45367368  0.87533639],[-0.51860245  0.79556578  0.31325164],[-0.8385017  -0.40156603 -0.36832   ]
13,153.66497581681807,111.01050857820445,168.9762944172711,2.5665462898291294,2.1895523424215346,2.5968052785969156,3.0024070173259,915.7356237303462,915.6973726646789,10.87309497071561,[ 0.79611598 -0.32833814 -0.50832412],[ 0.00371259 -0.83733925  0.54667101],[0.60513268 0.43710073 0.66540017]
42,143.73895933327432,43.79074238225481,108.90026997640098,4.618576749290215,3.7392021799409476,4.401254654799909,5.458869109069104,1203.4788958550541,1203.3148242998602,32.24103057780913,[-0.35276578 -0.60901546  0.71039177],[-0.52504717  0.75724875  0.38845822],[-0.77452035 -0.23595443 -0.58689329]
394,94.99077240272771,87.34862691974045,81.58312642900604,12.347617469567938,13.520235791463087,8.412705739504199,8.653733455089231,3052.2568127226145,3039.979613299247,359.95817492139304,[-0.24462235 -0.50563653  0.82734008],[-0.74439506  0.64469395  0.17391294],[-0.62131788 -0.57332487 -0.53409988]
30,56.42071093949565,74.03582715024169,165.63689370288012,2.640294806656693,5.127984823766811,2.3606425004326788,2.4001749692744228,1041.1293839451591,1040.862137374145,31.573260293944582,[-0.94724232  0.0048518   0.32048159],[ 0.12068958 -0.92089299  0.37066175],[-0.29692762 -0.38978528 -0.87172325]
121,57.07181417921155,48.36072654584131,182.12390433775238,6.030065711703442,4.6577618529494,11.040163483667381,9.251178656840603,2170.112497462404,2168.850102977677,106.739894816879,[ 0.31057037 -0.93836322  0.15172511],[-0.90570657 -0.24367648  0.34686795],[-0.28851629 -0.24514534 -0.92556043]
13,190.855035097711,161.21384477238084,128.8110105885088,4.177531768869438,1.4506736929518573,4.208884070210845,2.9124270202941043,1013.692623744011,1013.5208621252639,19.370360294633347,[ 0.48484537 -0.81906663  0.30668359],[-0.55120305 -0.01391326  0.83425513],[-0.67904357 -0.57352967 -0.4582178 ]
16,188.50895898190353,4.452931165388203,97.6296529916389,1.6124766405138375,2.2302121573930442,3.7950592346289307,2.121293732469191,849.5235093168095,849.423074245576,16.663261854987,[-0.15554041 -0.92650346  0.34263468],[-0.43328245  0.37569778  0.81921761],[-0.88773504 -0.02103615 -0.45987388]
11,149.03211056605244,21.993345156904244,23.040513924978704,3.5792976657173585,1.1211681840846244,1.463588726268145,3.5627847713853837,505.6127391610343,505.5954883861178,6.222986876091837,[-0.08557912  0.93640391 -0.34032915],[-0.19061916  0.31988413  0.92808323],[0.97792666 0.1442978  0.15112112]
5,158.41099082342913,54.48671388658852,11.886968110678813,1.1052754670783005,1.3657594596984426,1.1698719182714066,1.4661801933322234,375.5513340105841,375.547148240548,3.3956514472313626,[ 0.33104817 -0.9015759  -0.27851032],[ 0.02657052 -0.28612937  0.95782253],[0.94323969 0.32448556 0.07076727]
7,110.09262617828017,64.72879969820453,42.172869392957466,1.4000888858136382,3.174526765618174,2.301948166600986,1.7905230349666357,355.9999996829705,355.8796344609269,9.948283886541534,[-0.56386691  0.56922693  0.5983601 ],[ 0.10972132 -0.66646823  0.7374153 ],[-0.81854465 -0.48145695 -0.31334305]
8,139.07746306396226,115.62780664780384,107.9483471621634,1.8283241093772222,1.7061188149189919,0.6229685112582881,1.8816546386352342,595.7932120533737,595.7807112329954,4.987656560067024,[ 0.38833375  0.3345011  -0.85866519],[-0.64280384  0.76599223  0.00768963],[0.66030306 0.54896714 0.51247922]
309,15.456400438026362,27.827500036755154,141.75932671156204,7.019068493157789,15.842787117288259,6.934902698643184,6.6549550010163605,2571.6981036113425,2559.7280151315617,307.8828329256954,[-0.99437503  0.00959066  0.1054814 ],[ 0.01092441 -0.98129369  0.19220654],[-0.10535162 -0.19227771 -0.97566916]
77,143.10395346217908,90.62395579397005,95.35293479646235,5.122878140380981,6.863046557657977,5.713786567877819,6.981779037862641,1707.6547522652606,1707.1930359893956,66.39508756972361,[-0.65879004  0.66039356  0.36038316],[-0.1556781  -0.58832092  0.79350036],[-0.73604348 -0.46664637 -0.49038878]
154,53.05908677491724,29.930712079308062,136.83194182360415,8.945131391640826,7.634274743269136,8.271072496414792,6.041539308055279,1865.034733728743,1862.3817156044272,162.93254528841564,[-0.05728673 -0.97038559  0.23467008],[-0.93405548  0.13508966  0.3305921 ],[-0.35250331 -0.20025633 -0.91413282]
57,193.758785893745,176.46327489948249,136.86555506528032,3.782832667496768,3.8225335491500183,4.050152508076455,5.201215895401188,2232.6707755814823,2232.598632351399,32.252020466643636,[ 0.45025286  0.18349935 -0.87384229],[-0.60648773  0.78110757 -0.14847084],[0.65532053 0.59682405 0.46298603]
57,3.2902508296523405,68.0097695553483,108.10448322933932,2.395613041112697,3.8344377234880382,5.226308988176045,4.962360488236491,965.8401402876796,965.4347655574501,36.3922323073308,[-0.95782803  0.25541938 -0.1316298 ],[-0.28620161 -0.80726399  0.51615258],[-0.02557537 -0.53205807 -0.84632152]
91,141.7248384276342,187.98314892182495,48.955402842610006,4.612475889057218,4.065210634634438,6.668850860377351,4.3837145630670316,2295.2699624341594,2294.3954780630565,75.76406006193996,[-0.66362136  0.61225233 -0.42982994],[-0.46069204  0.11821258  0.87965256],[-0.58938063 -0.78177546 -0.20361138]
50,68.94975434301465,162.5337080764025,119.72413748394435,7.274694400922334,3.318448978057686,6.232604613625369,3.307375605106602,1509.9786801694304,1508.6898243498797,67.90921674369075,[ 0.43133567 -0.646461    0.62931528],[-0.84243279 -0.03895469  0.53739141],[-0.32288781 -0.76195191 -0.56140249]
102,183.42539580230718,19.88298536870349,186.94003131392168,5.464843074860229,5.0192279988354365,6.820678205692389,4.3556825944122615,2654.290089235562,2653.3685321753524,91.6821520590197,[-0.23828371 -0.91309677  0.33087031],[-0.67503175  0.40064948  0.61952573],[-0.69824996 -0.07572508 -0.71183755]
31,97.79171095466492,55.158651478144456,17.967361588140633,3.348536254928242,4.280731886337114,2.22225675517301,2.393695028514892,633.8089707402921,633.3312256476269,29.725208775677302,[-0.07510151 -0.18604383  0.97966701],[-0.50458877  0.85446863  0.12358611],[-0.86008717 -0.48504747 -0.15804751]
32,85.43969910955806,80.17281453003326,31.727391970735862,2.359405113966864,6.660005787606487,2.9486639258739005,5.274173598285316,687.8941797132477,687.4431516012403,31.096464275198674,[-0.53524659  0.25082333  0.80659702],[ 0.4681025  -0.70678415  0.53041136],[-0.70312953 -0.66147095 -0.26089278]
102,185.1694762557443,138.90439305110974,187.87021103470678,4.9801980695652786,6.410905648319878,6.801924522464766,7.175535056425218,3012.536310908626,3012.0296270879167,78.55355145951542,[-0.02627558 -0.79120115  0.61099127],[-0.78344116  0.39593126  0.47901814],[-0.62091025 -0.46608924 -0.63026287]
312,15.00116660686403,187.60343484372024,106.74332582254999,7.405966884263164,6.4580411204966754,10.08262774200408,7.58322453833278,3827.727723185421,3826.275317197504,209.46923581539923,[-0.98250608 -0.02623362  0.18437351],[ 0.1727655  -0.4980062   0.84978933],[-0.0695261  -0.86677657 -0.49382639]
68,110.38899130502782,52.10779705965643,6.0042565064339,4.309164706414629,4.387575554802363,3.830551292100735,5.086809629138643,1009.2104125766186,1009.0904748890899,42.4522425391497,[-0.42848264  0.88693452  0.17248127],[ 0.0302017  -0.1767273   0.98379638],[-0.90304512 -0.4267489  -0.04893765]
40,109.42233917629764,189.82686610033505,157.7569571710714,4.950969134180637,3.7948366237022886,4.9924137933944,3.2972710126648614,1708.1991007646557,1707.8103945990738,46.10910460413486,[ 0.22371116 -0.69599253  0.68231057],[-0.88648715  0.14565618  0.43923207],[-0.40508499 -0.70312067 -0.58440352]
154,8.963487890483176,37.962970540491895,79.08683638500366,4.568065967078225,9.466440132857413,11.462939158106192,9.163701450084828,1109.9621677724797,1101.484742987657,155.8911287300376,[-0.96558847  0.25951459 -0.01706137],[-0.24069074 -0.8668438   0.43663463],[-0.09852352 -0.42571588 -0.89947713]
51,128.8051951327147,117.60537583920399,179.7046165138588,5.215845761077906,6.013981738694091,6.1984823183829185,5.3507204272444895,1789.7834799955565,1788.9371876324158,61.22203778993596,[-0.79411771 -0.05512753  0.60525864],[ 0.32358069 -0.88134616  0.34427385],[-0.51446341 -0.46924397 -0.7177308 ]
152,168.76717320228673,152.38208777439047,141.6460164388907,7.831882242916397,5.875478644636089,4.824422836544975,5.927232493542127,3304.961527778538,3304.1749739745746,113.20343807117717,[-0.58550351 -0.09908105  0.80459218],[ 0.50988357 -0.8166139   0.27048195],[-0.63024152 -0.56861647 -0.5286501 ]
4,27.46502391580797,112.59076518308939,55.77317965432602,1.550307686180165,0.6474171470476621,1.2894680762339013,1.2018007764735084,257.26337091330794,257.2403491358144,3.476708923925983,[-0.59064698 -0.23788426  0.77106889],[-0.77814095  0.42087613 -0.46621877],[-0.21361838 -0.87537099 -0.4336967 ]
235,110.20954020201728,150.60028653251473,81.79244440302288,7.819480568273473,9.10974869785057,9.02501817296515,7.104428066927379,3130.114539257079,3127.2426539758553,203.8601602628803,[ 0.36063403 -0.63450841  0.6836243 ],[-0.76037674  0.22446464  0.60946111],[-0.54015768 -0.73960443 -0.40151585]
129,43.62464014130311,56.55574834332205,80.51702564180107,7.418942360281702,6.123580246331263,4.799314403164083,7.205845615357598,1227.3578356454311,1226.437366912097,90.01306955924713,[-0.49701343 -0.55884386  0.6638307 ],[-0.76630383  0.64159876 -0.03360762],[-0.40713154 -0.52539945 -0.74712739]
19,29.92180714913998,120.16107433368751,17.553886137500943,3.030118369363601,2.261170202982769,1.9536972701746675,2.3691619174153282,545.4232215195311,545.3118413139744,15.42579921360718,[-0.35115834 -0.04912209  0.93502665],[-0.90520915  0.27307887 -0.32561376],[-0.23934119 -0.96073667 -0.14035969]
120,179.3934334700913,123.11475492915716,119.37233331294911,4.116336321623347,6.3471747373084115,9.248770811992701,5.515437955547249,2721.397269220107,2719.591695632101,115.94418791793753,[-0.66986607  0.67408661  0.31126627],[-0.16997651 -0.54731677  0.81948297],[-0.72276375 -0.49603588 -0.48120782]
130,47.48607081621836,15.07211260418929,110.15458349597843,8.08276035962617,5.464082075714904,6.836542576122997,6.5492324974048,1384.001151620457,1381.4668060974004,114.82216989782519,[-0.19316137 -0.9573691   0.21478615],[-0.89929243  0.26029279  0.35145524],[-0.39237967 -0.12526798 -0.9112333 ]
101,109.4901466870595,60.06355641156474,183.60807919715364,9.002491284607284,5.321115870932962,4.776533626592791,6.145877426606556,2234.226703253525,2232.848716516726,97.27348414091853,[ 0.38081627 -0.92164749  0.07446389],[-0.78192317 -0.27800415  0.55795148],[-0.49353331 -0.27070204 -0.82652603]
5,178.0242063761378,114.5834854363092,29.811737321240837,2.083211423065814,1.7183034124080658,1.3208666379331662,2.718426527924163,478.118582705339,478.11307384698495,2.8650421729869366,[ 0.49909213 -0.83535193  0.23042178],[-0.23999515  0.12225609  0.96304505],[0.83265201 0.53594831 0.13946336]
65,155.18462242324222,186.36048885287022,163.6401703994027,5.599127687640377,5.936401211212868,4.261542654875176,6.9706851595561625,2359.7479350378067,2359.4547838179037,48.57048738782507,[-0.72363539  0.68393458 -0.09265699],[-0.44146413 -0.35547647  0.82386036],[-0.53052921 -0.63707925 -0.55916794]
40,74.88836849904683,143.06883908993956,11.29959300837686,4.979407483692927,6.021924097209561,3.61295219351538,6.198599750385132,1025.085230718612,1024.7318309810773,37.751348193199206,[-0.34155218  0.10441738  0.93404449],[-0.8181793   0.45603477 -0.35016414],[-0.46251999 -0.88381519 -0.07032753]
23,57.465227927987975,123.29639930827427,26.861153088682983,2.1605279838990885,3.482356107083025,2.121784448700909,3.2504914658079747,665.2767730594944,665.2251385193722,15.737682296913789,[ 0.25508626 -0.31776179  0.91321325],[-0.87367425  0.3289065   0.35848824],[-0.41427564 -0.88929633 -0.19372076]
49,183.79304791420824,25.636758007006776,95.30009149888323,6.498351497038253,4.660692750337398,3.506346028948622,5.671390311987648,1461.35061587186,1461.0395618620796,46.63529621998098,[ 0.32070372 -0.86518676 -0.38548799],[-0.34736031 -0.48606017  0.80192663],[-0.88118667 -0.12327762 -0.45641285]
20,143.62321178768622,185.3250830750316,117.26453845122656,2.3669815393219484,2.036554834342428,3.389579218830793,2.233618445574461,1172.5443889726644,1172.4433815018265,18.032293443424905,[-0.7588659   0.64501141 -0.0899046 ],[-0.35207221 -0.2901868   0.88985211],[-0.54787564 -0.70693133 -0.44730345]
3,184.2724925783567,95.40080615816906,32.96349215663958,0.565082590715424,2.024345430400159,0.9102907709493018,0.558884449244308,363.933859603167,363.91531048698477,3.848515394880932,[ 0.02332355 -0.3664399   0.93014935],[ 0.47985981 -0.81211421 -0.33197151],[0.87703511 0.45408404 0.1568984 ]
6,95.70791102864376,111.23496055107238,65.29670393313961,1.6335694431369365,1.2705407094658885,1.521970528683871,1.0446008391830923,393.4598477250479,393.44382539728696,5.749592317991157,[ 0.69564999 -0.19226354 -0.6921747 ],[ 0.40119384 -0.69528853  0.59633662],[0.59591492 0.69253779 0.40654251]
5,74.68732266578066,8.139355504671531,197.071768506972,0.755038190591081,1.31313794867579,0.6105504933162791,0.463431017639029,471.61365781998074,471.6060300199198,3.5006056285876452,[ 0.8669762   0.36107486 -0.3434781 ],[ 0.35064193 -0.93173831 -0.09441379],[0.35412215 0.03858332 0.93440293]
4,57.68077902294809,156.14738416004664,151.07041969041435,1.8884380810116017,1.0245501303758355,1.6440930855079858,1.2500285995773726,449.6156243327436,449.59102824068526,4.8005897609675685,[ 0.46372887 -0.69854264  0.5449713 ],[-0.84801302 -0.17182619  0.50134786],[-0.25657252 -0.69463223 -0.67205402]
200,189.41036017207523,32.374182171183,63.644476142423756,5.347963207328949,6.903541352441424,6.065152281282576,4.5291183884122574,2865.1313345867156,2864.902336827706,136.2788481018933,[ 0.29840075  0.11565787 -0.94740712],[ 0.18778058 -0.98034384 -0.06053428],[0.935786   0.15984118 0.31425364]
23,179.51243333841708,163.14524871182033,83.84996943941456,2.442538904528933,4.1755821252839365,4.536932832944029,4.687457512124042,1231.214735555831,1231.1520134935931,22.491474236683977,[-0.46660619  0.75237686 -0.46498142],[-0.54151436  0.17265235  0.82277176],[0.69931457 0.63570451 0.32686222]
196,13.798092963165232,116.26752545274792,110.44142876588988,6.574863097945519,7.335249293139452,13.313713063333577,8.566556019714673,2263.506267691649,2258.334073039785,197.67417376670485,[-0.99261506  0.12127685 -0.00269554],[-0.08535677 -0.68248587  0.72589755],[-0.0861949  -0.72076693 -0.68779755]
32,46.68016960779065,152.70162196327,186.95417974944485,2.6589001485721755,3.638643267841613,3.4173718282855545,3.690147563710871,1391.119913239334,1391.0295072140993,24.199447322531153,[-0.73943955 -0.41909114  0.52686977],[ 0.64591804 -0.66226574  0.37972882],[-0.18978682 -0.6211012  -0.76040401]
3,84.16125952403591,87.50676394692998,122.43519822092514,0.7500804374003667,1.4379093989432106,2.0410068834351818,1.7519707916709444,298.68214226946424,298.67063826601014,3.343326711271564,[ 0.83892709 -0.04828646 -0.54209755],[ 0.24080937 -0.86031539  0.44929753],[0.48806985 0.50747004 0.71011406]
15,191.60860535681064,53.971985394393506,110.0987510622282,5.595844112444006,2.5485939426177553,2.8446229840095745,4.467816482029428,881.3741164474623,881.2639936160243,19.684919918407907,[-0.20186674 -0.69383643  0.69126031],[-0.49955213  0.68002172  0.5366732 ],[-0.84243545 -0.2369841  -0.48388124]
160,168.35232436971674,128.49146915850488,83.90179432908747,7.950038362400947,3.7420545352794283,7.241818874758621,7.421456902457771,2884.125066579176,2883.902145244355,109.00761021265481,[ 0.49845342 -0.82596851  0.26328732],[-0.45282321  0.0109183   0.89153347],[0.73925322 0.56361052 0.36857545]
43,155.46909265942662,11.83910189000377,63.48331408385687,8.180707112763683,3.584860705786788,3.511628121187272,7.399035024316031,1105.5337049681286,1105.1778410367283,40.23298244708127,[ 0.19364757 -0.93393022 -0.30045793],[-0.33022289 -0.35043363  0.87644116],[-0.92382545 -0.07050261 -0.37626575]
3,166.2631848414612,150.19939566343365,186.35111518214592,0.26484616552811774,1.5771768244407978,1.6447077797621907,0.707970247108338,504.78297372247397,504.7689384596926,3.7820226220477307,[ 0.82082462 -0.38400473 -0.42283249],[-0.02762845 -0.76610492  0.64212142],[0.57051171 0.51538687 0.63944723]
35,120.4670737355059,3.881223279418749,48.96372042633206,4.53328647407308,1.9579713845099533,3.0153307087533787,4.47954078865998,770.3280596309721,770.2003760565258,21.615201786840096,[ 0.05789984 -0.99628617 -0.06372964],[-0.37292707 -0.08080009  0.92433584],[-0.92605238 -0.02975239 -0.37622039]
9,161.13505526048027,145.0808269608635,126.2599296354395,1.46494854405209,1.7611811922847103,1.3100285003403118,1.5224781031634003,752.7594537546665,752.7404420221823,6.464037352437981,[-0.0465762  -0.6258275   0.77856958],[ 0.76512446 -0.52343184 -0.37497156],[0.64219563 0.57823788 0.50321539]
3,193.83075680769562,77.66136795262555,171.62431800423371,2.2737289825633296,1.26872695611979,1.7577402485653058,0.634939980537511,468.1814285064883,468.16269209263186,5.329168073645512,[-0.25875204  0.95571094 -0.14022831],[-0.6471174  -0.063731    0.75972194],[0.71713768 0.28732378 0.63494771]
13,67.73916657367414,99.98572472334337,174.51710857341075,3.562819558377287,3.073860957186411,2.414787888759931,2.0724761457190777,765.4169425918034,765.276219760208,17.535938725394985,[-0.6874344  -0.48217686  0.54308325],[ 0.65231533 -0.73866574  0.16987537],[-0.31924701 -0.4710397  -0.8223156 ]
25,5.409298104178675,178.43874758092187,196.4207285694505,2.120288869928474,5.944285562033217,2.038996868035608,3.469901085742936,1327.5139359379232,1327.2711505120603,28.19421760242962,[-0.96773666 -0.17265709  0.18350825],[ 0.25114225 -0.71974076  0.64722547],[-0.02033031 -0.67243049 -0.73988102]
16,143.38814262377554,82.91727321800752,38.378223659646125,2.9590321477519903,3.060865445224831,2.123135507805184,1.9185479432783943,680.307199407449,680.1990056788494,17.37700946167895,[-0.25737843 -0.00208191  0.96630844],[-0.47164145  0.8730649  -0.12374175],[-0.84339237 -0.48759957 -0.22568999]
27,6.528025829385957,95.31918080093067,119.88844224293518,4.295893812311814,2.7545618760228296,4.774882333821747,4.088179647459925,797.291511390812,796.98150859604,29.505512749019747,[-0.60575335 -0.60659011  0.51488961],[-0.7945145   0.4957526  -0.35067944],[-0.04253918 -0.62151251 -0.78224844]
2,197.3336994468475,54.01150589025009,123.24240672812336,0.8968564265261563,0.47773675336110344,0.6768762065856606,0.9822116115924615,337.7810334145653,337.77947622522095,1.0256586308370996,[ 0.55094537 -0.13300608 -0.82387413],[ 0.11766765 -0.96497506  0.23447271],[0.82620428 0.22612499 0.51599803]
3,88.00641739104208,193.05007021137968,76.58983873263638,0.36511261462770334,0.7553512324990951,1.5487864135995624,0.2638477594594315,390.70137101589256,390.6900757751964,3.0156318964368265,[ 0.91492803 -0.40176344 -0.03863718],[-0.1033469  -0.32572926  0.93979778],[0.39016165 0.8558543  0.33953984]
202,24.172797443602313,13.946384797402,104.35043031267216,6.00891116708008,8.686147000657352,10.207374482488408,9.624292030322037,1546.383999079442,1544.3417369884783,157.07757703118193,[-0.96859977 -0.08585087  0.23333264],[ 0.11301255 -0.98796301  0.10562795],[-0.22145577 -0.12868072 -0.96664296]
55,46.81669124782436,18.903568303086605,195.38012156186068,3.165758364553498,5.733025139086552,2.2628919217147065,2.2936636724404824,1497.2690795193741,1496.860773037461,48.513834171675626,[-0.97269936  0.01649635  0.23148182],[ 0.00573093 -0.99545866  0.09502219],[-0.2319981  -0.09375463 -0.96818746]
7,114.21764711917376,19.948231996437517,65.16771278125766,2.271074502907221,2.2602366160881355,1.7958327345712877,3.019421456292006,352.0284482379984,351.9947575380402,5.5329981338758625,[-0.44681366 -0.2488809   0.85931126],[ 0.2510444  -0.95681217 -0.14658508],[-0.8586817  -0.15022907 -0.48999691]
66,9.726608425904027,175.9273494764733,5.478942785082473,5.280534883130727,4.050363860035932,3.1878992983485355,4.220969678446683,1433.1480776660414,1432.747546725746,49.15692748097797,[-0.15026711 -0.02249918  0.98838939],[-0.98708328  0.05959312 -0.148712  ],[-0.05555531 -0.99796916 -0.03116345]
9,170.43867704183793,22.81864464048165,47.82603160889835,2.545155504036212,1.8537107842219946,2.0352482607822466,2.8014755965574123,535.5700853725601,535.5316603211502,7.4874769050465275,[ 0.10836583  0.69024172 -0.71541821],[-0.27646756  0.71219131  0.64525128],[0.95489399 0.12786674 0.26800665]
30,78.73107279668254,118.04198774952474,8.58627163928593,2.84907020177481,4.02810251027193,2.333798578765758,3.836492730406934,779.0488861334408,778.9678759063498,21.26622424852326,[-0.10476843 -0.00245196  0.99449362],[-0.82607967  0.55700624 -0.08565295],[-0.55372914 -0.83050469 -0.06038218]
69,106.51112083681838,147.36422993052622,42.442120124583155,7.188736417583137,6.499298044344178,4.8117449367793395,8.370669583093203,1553.1465403745142,1552.9220258009634,57.4819843326231,[ 0.11792614 -0.35275912  0.92825343],[-0.81265047  0.50293774  0.29436854],[-0.57069487 -0.78905933 -0.22736036]
25,50.092746675797805,114.58674577379375,145.43816924452582,2.49921406430532,1.7500165253585214,2.2797208963563786,2.4458504371416585,959.2112176602477,959.1712397483486,14.59428138652495,[-0.2039834   0.80192317 -0.56152472],[-0.94348973 -0.0080061   0.33130504],[0.26118556 0.59737353 0.75823938]
38,10.387947629063857,160.15323414296853,62.47859614263902,7.569812806658256,4.101941345700595,4.143835916524064,4.929097401292645,1063.1143392358222,1062.242984924467,50.672972402337756,[-0.29520182 -0.33043516  0.8964756 ],[-0.95346678  0.16207896 -0.25422727],[-0.0612942  -0.92980806 -0.36290495]
5,196.94608967221853,137.8868814201997,198.32249301721328,1.9148012463194015,2.820475775991513,0.4723380679024011,2.574235184393771,696.9363669024534,696.9187734562393,5.1015306531924205,[ 0.76437101 -0.49147666 -0.41735795],[-0.12805997 -0.75011384  0.64879108],[0.63193165 0.44247025 0.63630376]
6,165.09422729314383,97.66141602705613,137.6471732690278,0.5127101846780642,1.4262875610303754,1.0805155877699681,0.5762902161753367,578.3273655557247,578.3143224361605,4.333981505734183,[ 0.7113348  -0.48350376 -0.51012441],[-0.07087244 -0.77143403  0.63235009],[0.69927098 0.41365886 0.58301496]
42,138.2791114521787,145.70058978140136,119.19615167765949,4.663940439629576,3.2752411580006786,3.479092986728854,4.239912543111786,1514.2318059622023,1514.120832854088,33.39046311685399,[ 0.54120335  0.16143186 -0.82525068],[-0.59707826  0.7648236  -0.24195539],[0.59211189 0.62368631 0.51031255]
12,165.77888922335967,64.57996975489546,12.13687340667864,1.914320066407234,4.136738471911787,1.4972477025587692,2.8634571134091464,617.9459507667341,617.8426855275818,13.344083551279786,[-0.112103    0.10197133  0.98845069],[-0.35124102  0.92644158 -0.13540954],[-0.92954971 -0.36236425 -0.06804036]
71,79.95496619742956,28.473556987802727,114.12160023857703,3.975219379080961,7.770409609585332,5.057787609864012,4.638668125611689,1200.9735272684916,1199.4502061210458,75.5369652249706,[-0.80586765  0.35114426  0.47673372],[-0.18616754 -0.91459724  0.35896176],[-0.56206671 -0.20052333 -0.80241598]
123,136.9360543202406,170.87867308471343,139.79920526069773,4.6672995969412945,7.311909185321854,8.215087993740495,5.225557261060495,2883.516428413276,2882.7071061364263,119.04529400143812,[-0.77892267  0.62710663 -0.00409202],[-0.34018739 -0.41704363  0.84282095],[-0.52683206 -0.6578844  -0.5381785 ]
3,121.25943625479381,22.70988013899141,174.99342064899307,2.1850598723883796,2.014132390993098,1.813054641138865,2.6912097700354933,370.89308421786257,370.8775374850576,3.821440819527549,[ 0.74818142  0.34967354 -0.56387319],[ 0.34560109 -0.93084645 -0.11867927],[0.56637836 0.10608156 0.81728958]
3,150.0088732674321,45.8735942124568,138.03387106967153,1.6960941863336738,0.4992054022647347,0.7673286713216082,1.6123693129008514,361.9286289624888,361.9240178286836,1.8305380149803294,[ 0.45318498  0.57293956 -0.68290822],[-0.52838733  0.78965459  0.31185326],[0.71793468 0.21951283 0.6605936 ]
10,183.4410881753866,17.259860877335463,1.886177919918579,4.393643551641881,3.5005222603936197,1.123258125474781,4.475206201924915,582.9548765821543,582.8659929500648,11.362280371809094,[-0.01038435  0.00130856  0.99994522],[-0.09373786  0.99559431 -0.00227632],[-0.99554276 -0.09375636 -0.01021594]
6,160.48583030812088,187.19496951999315,61.78835098057283,1.816509453974117,1.4360252536315257,0.9507550316493772,2.110750174133302,622.678602832462,622.6726346806588,3.292603779203029,[-0.4785362   0.61660536 -0.62514074],[-0.61023736  0.27837289  0.7417    ],[0.63135843 0.73641454 0.24306412]
4,47.59276174774862,177.44536582851327,129.0293096614572,1.0455355171346747,0.9396920594184184,1.960364868882127,0.5446232571120796,449.0217228806024,449.00769256863026,4.697933204793997,[ 0.9768968  -0.18767198 -0.10223439],[-0.02706025 -0.58314866  0.81191464],[0.21199148 0.79039032 0.57475451]
116,127.27134346227805,91.69389606764955,165.30810442350088,5.403150506086251,5.480242460311186,6.205407809258622,6.125173589871446,2456.299970325122,2455.735694064395,83.51686619707435,[-0.82366773  0.16571345  0.54231957],[ 0.09785241 -0.90046955  0.4237682 ],[-0.55856636 -0.40211147 -0.72547225]
4,19.082266971873384,76.5156379695062,80.1543512109703,0.7741057215524765,1.1360742825587775,0.5343112543332519,0.739540158309292,224.90447417266074,224.8929406813572,2.5518915014942607,[ 0.6922943   0.43248981 -0.57765143],[-0.70138835  0.59148774 -0.39773941],[0.1696555  0.68051071 0.7128269 ]
4,117.891057511233,17.607217459100866,88.93320556912649,0.9757091064856435,1.235171390898534,0.8141642321160891,0.4059769319807232,297.45653291827824,297.4429299059168,3.4472362777032894,[ 0.49410174 -0.69931403 -0.51654947],[-0.3570127  -0.70494032  0.61286301],[0.79272025 0.11840196 0.59797623]
21,171.19759019369712,42.1165961161582,39.74964993815004,2.5527417851005594,3.7717291985084005,3.3671795500355666,2.5892484520657058,828.542399481098,828.3454682344155,23.06197945424899,[-0.3198948   0.72833563  0.60596578],[-0.01872914 -0.64430959  0.76453539],[-0.94726793 -0.23322168 -0.21975239]
219,128.83655544413838,52.207911504261716,26.240381435654715,5.91284675260114,16.3731684465241,7.621877871388702,9.56405275591947,2110.555047582541,2100.128168268993,242.74709237292538,[-0.06827041 -0.30789455  0.94896791],[-0.4122994   0.87486907  0.25419149],[-0.90848685 -0.37390514 -0.18667241]
28,45.47544624553575,57.324654152148646,137.20582972358727,1.8354455747825984,3.7758976159969584,4.048000740239003,3.9126673643874463,823.3354917721708,823.140247380876,22.793230447708673,[-0.95602804  0.09039894  0.27899537],[ 0.02307204 -0.92517751  0.37883274],[-0.29236632 -0.36861172 -0.88240996]
2,198.1091037960581,21.214936174359487,146.20698676785867,0.9067445737763222,0.29313479163847056,0.2698155944035676,0.8613405591667771,349.49893967701644,349.49825583788504,0.6913766231779706,[ 0.40211468  0.65486781 -0.63988432],[-0.44235628  0.75085265  0.49045002],[0.80163876 0.08583969 0.59161376]
35,137.48371111955825,19.21068295851345,35.810833432914144,2.7740974234065208,3.3256453903786447,4.2752203258845585,2.906140010446393,848.7130195252503,848.5324904818774,31.5867512525875,[ 0.02615065 -0.91935721  0.39255376],[-0.2823942   0.36989997  0.88511442],[-0.95894195 -0.13400122 -0.24994802]
124,16.12474714768492,84.46023465674118,49.07184840915916,6.816219709600096,7.382574905192439,5.1017873850623525,6.708418244209885,1108.4758237323601,1106.0292952981165,101.32877860144667,[ 0.76096885 -0.4289072   0.48679054],[-0.62727767 -0.294787    0.72084905],[0.16567782 0.8538965  0.49336763]
24,166.45873162401503,173.5525655699483,172.0185207966488,3.1104035677422646,1.6567333287368173,5.077652821320389,2.7142599922654167,1448.7775907779494,1448.5401080403774,27.178766194268984,[ 0.41788312 -0.809526    0.41236071],[-0.71309481 -0.0110353   0.70098075],[-0.56291162 -0.58698031 -0.58188025]
