N,MEAN_X,MEAN_Y,MEAN_Z,SIGMA_X,SIGMA_Y,SIGMA_Z,SIGMA_R,LAMBDA_1,LAMBDA_2,LAMBDA_3,EIGEN_1,EIGEN_2,EIGEN_3
63,29.31007870624776,154.98171523082544,36.40564817963089,4.5021124943914455,6.774527091730022,3.691992247922481,6.35813665674127,1286.49422064554,1286.1559259126313,49.66272513840147,[ 5.47790703e-04 -2.28705072e-01  9.73495603e-01],[ 0.98360041 -0.17545703 -0.04177391],[0.18036056 0.95755356 0.22485829]
6,131.11338701009188,139.332995585517,10.899100305984867,0.8832606603343143,1.2833339517184164,2.038215070317666,1.154301048677137,469.44058609451514,469.41612570419136,5.598718080874306,[ 0.72504729 -0.66971248 -0.16059773],[ 0.07872167 -0.15106995  0.98538356],[0.68418516 0.7270922  0.05681197]
600,112.21693901613153,133.45989844691573,97.47169623736785,11.6295124777418,20.69842442729531,16.032066743235912,10.868588983281363,4935.3694002485945,4909.356177443933,641.1620385257024,[-0.82432783  0.4043528   0.3962101 ],[ 0.0697684  -0.62198041  0.77991842],[-0.56179712 -0.6705514  -0.48450471]
321,16.473032828259246,187.85347038189352,106.67068717648668,7.487060886414167,6.689406382029604,10.297911598908291,7.698454497984099,3888.085267704564,3886.242133346899,217.94920579406184,[-0.97785592 -0.03143942  0.20690422],[ 0.19483382 -0.49769935  0.84518349],[-0.07640402 -0.86677962 -0.49280372]
2072,92.41304184760554,127.80410243459063,149.53034469067356,14.0666189957286,31.748451656460603,14.625518981885499,23.941064948679507,10025.301986994033,9970.578860487594,1303.6170806950847,[-0.87962134  0.09042802  0.46700007],[ 0.21588686 -0.79893257  0.56133734],[-0.42386219 -0.59458349 -0.68323592]
27,77.23319037037511,117.46753152473111,10.110534448788153,2.18996366813261,4.228499966345189,4.594664773945032,3.681055339240596,733.0457433282689,732.7676918788576,28.524860038145853,[-0.83247235  0.53452965  0.14583496],[ 0.08343799 -0.13926351  0.98673389],[-0.54774801 -0.83359686 -0.07133294]
77,160.9196443822475,74.3701225679049,27.918975342096918,5.179614941429757,5.4176721587149705,9.028920220104668,5.2949381911789795,1577.6590583519508,1575.8725526814565,92.04916717860523,[-0.41833501  0.9082354  -0.01021182],[-0.14475587 -0.05556723  0.98790588],[-0.89668364 -0.41475384 -0.15471812]
105,180.38552065399293,167.02178229622007,158.38782856617397,8.99266705960073,7.311305019209449,3.776177680823778,9.6973831007774,2998.8023461770454,2998.7102850103984,75.66946206726615,[ 0.76111999 -0.60783022 -0.22635985],[-0.19968868 -0.55163425  0.80982967],[0.61710679 0.57117605 0.54123666]
40,4.517686199662373,97.26375452737045,86.63305240359595,2.3050625087535788,5.585315944027392,3.8259284380039866,3.9883125467033667,825.4004729301928,824.7786667301683,37.69098069060119,[-0.99261526  0.10304884 -0.06399909],[-0.11624146 -0.65718544  0.74471151],[-0.03468239 -0.74665135 -0.66431084]
365,118.20572485453326,35.14461215983484,165.1215543912788,13.920125798516679,6.719037212668654,7.922926837575968,10.214748314219372,3949.3797739644433,3944.240944496903,266.0572681385402,[ 0.04080702 -0.98278293  0.1802013 ],[-0.81733369  0.07090424  0.57178512],[-0.57471769 -0.17061744 -0.80036821]
160,86.76780153173779,179.7056993093051,103.24555895289936,6.138543164672913,4.19177620081477,12.405958764524462,6.565762422717402,2847.3596857466378,2843.7924865398854,163.39442614844586,[ 0.76891833 -0.55435749  0.31851588],[-0.50990124 -0.23117549  0.82858833],[0.38570108 0.7995284  0.46042265]
90,128.04499072729206,94.99711715805144,165.5080600670567,4.762356300472967,7.0024086133259305,4.546784638818157,4.120205100049729,2181.7502090937937,2180.845817136412,82.62799438710456,[-0.83013058  0.25883938  0.49384755],[ 0.01774314 -0.87300358  0.48739094],[-0.55728664 -0.41336053 -0.72011435]
72,10.417663322985518,99.21142830911953,171.10846981898823,4.542897803456066,4.435117883059302,3.977023695084948,4.986840731646677,1681.6146709923232,1681.3823712559818,47.55726875876927,[-0.14267072 -0.85238074  0.50308263],[-0.98837533  0.14966895 -0.02670991],[-0.05252884 -0.50104518 -0.86382547]
47,126.90127331462328,113.83565163463055,142.02594331856452,3.0878574170237245,5.256620168235715,4.961162060738066,4.76776256064939,1521.9812282708147,1521.6883953859083,42.74905186918164,[-0.31772291 -0.58096205  0.74935655],[-0.75648956  0.6317776   0.16905803],[-0.57164299 -0.5131668  -0.64022194]
20,164.75882739785243,172.47953424162694,176.51288917305442,1.8399746865064772,2.1704124749359455,3.130595172721046,2.6837370318548754,1327.1597369631465,1327.1049794398546,14.619108704694597,[-0.2749513   0.80330079 -0.52830826],[-0.78495979  0.12974919  0.60580795],[0.55519357 0.58126843 0.59488412]
49,27.51812949537301,13.342791007243878,85.92982361037043,6.8743776350705454,3.427875902820139,4.5249932571639935,5.595790557536851,641.2762368839943,639.9078632212081,48.526609229668416,[-0.45141895 -0.84848316  0.27621957],[ 0.838786   -0.50909744 -0.1930229 ],[0.30439935 0.14455491 0.94151203]
52,13.968062178676432,52.242412536776634,187.58253728265157,4.918624698587837,3.376945562733599,5.021225876152021,4.30998616108549,1408.6211698695429,1408.3756676359558,46.83333233420683,[-0.47536799 -0.83784699  0.26839839],[-0.87688022  0.47598992 -0.06719137],[-0.07145884 -0.26729387 -0.96096182]
4,196.6352008033302,152.22196880611477,56.616222416013045,1.0813098229433016,1.0699549924659773,1.6620703505899503,0.8912542068567322,510.08519538084926,510.0737035811577,4.139498848805175,[ 0.63636558 -0.7091197  -0.30362492],[ 0.02381428 -0.37536113  0.92657267],[0.77101993 0.59686956 0.22197973]
58,185.68024792670414,14.110766369621228,109.78339880707323,3.2335940561669085,8.963724329052214,9.549312069956363,5.092907307575797,1649.2578696501323,1646.9809038734054,95.07133367721079,[-0.31245549 -0.71880745  0.62103737],[-0.40654208  0.69205903  0.59647116],[-0.85854243 -0.06610714 -0.50846312]
40,193.73412117540056,177.71084719512228,136.94858862299017,3.5430073942500235,3.4605005994922085,4.1651925164701735,4.506456486187302,1875.1280041921034,1875.074672213686,29.287413954581897,[-0.08000417 -0.55234834  0.82976541],[ 0.75265881 -0.57924591 -0.31301579],[0.65353198 0.59948768 0.46207194]
44,5.203046603227862,183.39955181196163,57.16344287236222,3.0372075140367776,3.396938526401314,3.051469299151537,3.301405413472289,1275.1012610979737,1275.0574429922456,29.035291329807688,[-0.83432154 -0.14225333  0.53260825],[ 0.55060934 -0.26260389  0.79238157],[-0.02714609 -0.95436009 -0.2974221 ]
60,115.46348796346959,62.627963666262694,183.46935578009234,5.54968598726667,5.0386455286452705,4.759434952577927,6.3627417227583605,1748.9196697384036,1748.7828789147904,48.053520864067394,[-0.8414135   0.35284917  0.40929304],[-0.17322745 -0.89354694  0.4142054 ],[-0.51187457 -0.27761723 -0.81296562]
173,22.36673936285343,11.668757481851307,111.27634689726483,5.486306196267639,9.319725615828998,9.416876715702898,9.388602961665756,1511.2032422844095,1507.1627627247876,142.82491237846313,[-0.95580461 -0.20256288  0.21308645],[ 0.21901809 -0.97408763  0.05643019],[-0.19613421 -0.10060602 -0.97540238]
63,194.67150176089345,46.84239324993205,96.7258441247015,3.7232175050365854,9.98499109431317,4.569381765396597,4.543620864059101,1766.9179263497836,1765.806474454585,84.8635173581181,[-0.43074239 -0.06778148  0.89992592],[ 0.21968444 -0.9750555   0.03171006],[-0.87532836 -0.21135859 -0.43488827]
786,49.32927389228852,43.25172615396979,102.13512256026162,9.599333001830585,19.32417514824275,23.290516292541938,16.11680154769337,3506.0359279504123,3448.6373272845326,750.7966301141871,[-0.91209459  0.22753373  0.34104526],[-0.07779926 -0.91280215  0.40092331],[-0.40253042 -0.33914691 -0.85026386]
323,94.95150820330349,86.95210548940035,82.92510693931685,12.55403495871943,14.6507785803764,7.338719863120151,8.583332927967861,2774.055415302883,2759.8215586130927,337.5261671365791,[-0.31215972 -0.45393165  0.83456717],[-0.72072816  0.68548345  0.10326351],[-0.61895656 -0.56926136 -0.54114165]
466,106.72255584390852,108.47487151202243,187.1004020224232,15.056154891925937,14.130179915819504,7.020585422142221,11.674447025340486,5222.993855755363,5216.742555639968,396.48603052087367,[ 0.56973818 -0.80893823  0.14497359],[-0.69185257 -0.3769031   0.61586043],[-0.44355205 -0.45117955 -0.77440209]
49,135.84133314711903,17.020624182705937,35.77586258257351,4.378494193118827,4.762391168624694,4.525530034905872,3.623244744285187,991.6685051469883,991.2109204024453,49.05342134651949,[-0.09177599 -0.71783883  0.69013374],[-0.26409346  0.68578655  0.67819721],[-0.96012073 -0.12001759 -0.25251528]
629,180.82080158383624,94.56187308479569,67.00191577063144,9.296654116298523,10.876394233657566,10.708272175956516,11.694958540491255,5401.093186693717,5398.524767562277,337.8518409287304,[ 0.25718153 -0.83502714  0.48640244],[-0.47531894  0.32893185  0.8160121 ],[-0.84138551 -0.44105953 -0.31230902]
144,72.43281291638199,137.6396170949544,72.08377818814012,7.697316957567655,7.380742666436609,9.072481306589147,5.71616632534305,2063.1856375467505,2059.03777341817,153.66711138952508,[-0.77993532  0.08600701  0.61992233],[ 0.46134769 -0.59031992  0.66232975],[-0.4229175  -0.8025741  -0.42073222]
3,66.93041215210395,156.41046347769728,147.20058865077513,0.22589615756182024,0.14108539857857258,2.2207042234715058,1.3857912352147526,389.68022906728424,389.6685889187571,3.046864677738766,[ 0.9331417  -0.35663861 -0.04533725],[-0.20184548 -0.62408447  0.75483573],[0.29749784 0.69521758 0.65434513]
27,148.65635901816398,10.075478208405846,63.1943663161363,3.787477988974652,3.4057135368867875,2.988389101994127,3.4413201777155633,841.4667758884657,841.2256236078107,24.8830965346143,[-0.24980286 -0.67419834  0.69502168],[-0.30634882  0.73593547  0.60377925],[-0.91855807 -0.06209329 -0.39037865]
76,146.84985308718902,30.880927511321495,85.86731806302288,5.165267938921207,7.85338222636234,5.3916735672297555,6.078885759667084,1509.7333776443465,1508.5913231644272,79.02897389624748,[-0.42555189 -0.32511888  0.84451365],[ 0.31264989 -0.92858703 -0.19994043],[-0.84920883 -0.17895207 -0.49681034]
45,188.82919084271546,32.55636147529942,156.0582838460887,3.7943206203652977,7.183733939844211,5.876089057573551,5.152089190500731,1659.0455663445775,1658.210995243181,57.47206478935348,[-0.6336299   0.33686321  0.6964455 ],[-0.12138916 -0.9323634   0.34053364],[-0.76405355 -0.13123136 -0.63166487]
170,169.3797818035849,128.09490793552771,85.4648774654472,7.900604375701303,4.0542086936547586,7.521560169916558,7.883650528430316,2987.64334155277,2987.361938908811,111.36842986545037,[-0.65334338  0.72947296  0.20251328],[-0.15935183 -0.39401509  0.90518457],[-0.74010096 -0.55912548 -0.37367   ]
28,144.0690826150274,84.71760876030362,66.81564418048384,3.1487206646930503,2.749673172562833,5.673649103451075,4.051766539165964,953.0198059407475,952.8151460459287,30.44407153314951,[-0.55419246  0.817053    0.15904439],[-0.22880893 -0.33324059  0.91465687],[-0.80032318 -0.47050516 -0.37162845]
308,52.79503313653383,101.79491535583033,127.94938950964523,7.400981366891862,13.1604784872749,10.127143716924632,13.981936810189325,3030.6845652121115,3026.7964873399196,204.28087213436373,[ 0.74433362  0.33785957 -0.57603679],[ 0.59340587 -0.73029124  0.33844376],[0.30632816 0.59373868 0.74406817]
3,78.50754913637955,26.77054969917602,184.273667305344,0.7271301840511004,0.10563526711990558,1.0134969665100322,0.9131280700062593,350.0218494990316,350.01886571007145,1.480955148045613,[-0.01400433 -0.98864888  0.14959036],[ 0.92134722 -0.0708844  -0.38222337],[0.38848832 0.13247188 0.91188158]
196,12.65340210605356,117.60895209054127,108.90679244275955,6.430302772062658,6.935186803247484,13.03546005358397,8.563972025230004,2260.635945063252,2255.894594007046,190.73917022384364,[-0.99520126  0.09712705  0.01186587],[-0.05728298 -0.67662683  0.73409454],[-0.0793292  -0.7298921  -0.67894359]
613,112.57542248390857,124.84554035348015,40.45188276506363,13.507954397521132,12.377926220375219,16.94670719801403,13.616961416611923,4314.2064928798645,4304.240276771079,526.5531660915426,[-0.73666541  0.52708263  0.42368382],[ 0.18135882 -0.44958299  0.8746337 ],[-0.65148527 -0.72115119 -0.23560115]
10,94.7198853758014,42.28477175607585,104.1199347583175,1.9582705116544867,3.0684893531882276,2.2392502301540675,1.223679480185827,464.9317651194044,464.8141871701767,12.95791145170668,[-0.43425763 -0.6249075   0.64877648],[-0.62944655  0.72572486  0.27770573],[-0.64437362 -0.28777428 -0.70849743]
201,150.50310810619112,153.41365575257927,184.57474544790284,10.916597239081112,10.013895544347664,9.993656029221375,8.002791069458056,4023.6707091632056,4018.6816637026054,225.9602531722895,[-0.09592142 -0.72570462  0.68128693],[-0.84220546  0.42398799  0.33305277],[-0.53055542 -0.54183668 -0.65186192]
20,65.54817849662635,88.42217186753344,34.44630225455529,2.6303223456628824,2.8536987841234716,2.5313302951193295,2.3094941936929483,516.0796031071546,516.0043399348477,17.99539618243957,[ 4.73359832e-04 -3.63292511e-01  9.31675012e-01],[ 0.82286542 -0.52927    -0.20679887],[0.56823611 0.76674104 0.29869031]
70,10.960115466188356,39.8420387043265,70.47103572133078,4.006070937837151,6.061689361595241,6.025254753870538,4.531524553541132,687.3126343386289,685.2943768839101,69.00376915286017,[-0.96332015  0.26834836 -0.00185687],[-0.23255148 -0.83132305  0.50479877],[-0.13391826 -0.48671464 -0.86323505]
174,173.93159031045494,112.76812910308728,113.31069570653287,8.484347148473306,12.05892010879926,12.211875806380109,15.76074090399118,3124.8406128168317,3124.642187251883,144.1388396170161,[ 0.57639049 -0.81401385 -0.07180147],[-0.35676497 -0.32971882  0.87407337],[0.73518213 0.47819133 0.48045842]
20,180.65025463632395,99.31822592734004,151.59703581191607,2.241566109473824,3.5618693734033733,4.40787623058685,3.102933207173624,1144.6294680307233,1144.5397604686825,23.43468707073612,[-0.04800065 -0.8083524   0.58673873],[-0.7067179   0.44259993  0.55195572],[-0.70586525 -0.38816453 -0.59252219]
15,157.8535667327589,41.12674559675995,61.70372584548109,2.2910848903507084,2.7096688992749183,4.737103068645425,2.902567331750561,675.7824066448462,675.621551882604,19.995715454559633,[ 0.19482859 -0.96960395  0.14802024],[-0.37812851  0.06499746  0.92346855],[-0.9050197  -0.23588875 -0.35397154]
4,38.940911755413254,69.41104004987653,169.51845548881417,2.1623123710607586,0.9006067062625078,0.9013322799632227,1.2097714145368041,374.57600036122324,374.5533219674649,4.40140626209993,[-0.33914462 -0.84069643  0.42214979],[-0.91745374  0.39479373  0.04915834],[-0.20798933 -0.37063112 -0.90519225]
31,157.33452070105284,46.09746794978023,190.55172761759533,6.8085348687009715,2.576611206235589,3.144345373982144,3.983096722986397,1400.2260726274997,1399.8396135655012,37.923522069944156,[ 0.20963412 -0.9757535   0.06291781],[-0.75102718 -0.11948092  0.64937084],[-0.62610839 -0.18338326 -0.75786467]
39,66.02984382227717,54.74465227460252,59.89980629686986,3.0101851033961027,2.7525560142620304,4.493134600141463,3.2751288285290836,654.2163570196014,653.8812874126627,31.861651580113815,[ 0.32623223 -0.84885921  0.41594539],[-0.70405932  0.07542176  0.70612466],[-0.63077176 -0.52321085 -0.57304223]
125,185.76268425401574,138.60505024250472,186.0304301573082,4.621275508582849,8.17891789862074,8.25556312584067,8.123435532150571,3325.1896852729424,3324.5490269645998,105.84217424248067,[-0.29068771 -0.60528945  0.74102992],[-0.72475088  0.64492972  0.24249086],[-0.62468937 -0.46657297 -0.62615721]
311,15.197788684547202,26.05517097502615,143.6295805408806,7.850770964951533,13.1241993648315,7.761761371126048,6.789069956748193,2601.8774073829572,2594.7442299533072,279.15382708266236,[-0.98760522  0.13580292  0.07869873],[-0.1190314  -0.97484324  0.18844677],[-0.10231055 -0.17674339 -0.97892509]
35,139.8907356846308,156.28438160146302,69.10474978782571,2.922001756438745,4.727802268183486,3.4855000739725477,2.756344001526029,1307.0117934015543,1306.6646257957468,35.19820148692334,[-0.58191483  0.16905886  0.79548365],[ 0.5100956  -0.68594348  0.51892583],[-0.63338583 -0.70774335 -0.3129245 ]
339,57.695722272801966,173.58288385762899,89.76591275322168,6.751323316500899,13.564732630390795,14.089483510678095,11.790454381601194,3769.345796663561,3759.4114757682974,313.25648262293277,[-0.95566393  0.28933804  0.05468038],[-0.08059636 -0.43563073  0.89650995],[-0.28321489 -0.85235519 -0.43963617]
134,127.36389225386769,50.618608164716164,27.653081424179177,5.795638016453151,9.094331134565849,5.166002673512945,7.294637121899668,1623.3323822208934,1621.785565613282,109.18126683951387,[-0.16725307 -0.11388751  0.97931407],[-0.37853334  0.92459406  0.04287578],[-0.91035099 -0.36353192 -0.19775141]
54,92.41919374399251,46.06370179938412,41.61660218325046,5.06784038911009,3.271245143466361,2.7662153492869495,4.600924546173219,819.3796228789828,819.0405746336469,34.8959084188412,[-0.09674361 -0.55325481  0.82737524],[-0.54870822  0.72318785  0.41942654],[-0.83039747 -0.41341076 -0.37353926]
282,129.5092099162173,13.402207322899603,114.96254744289719,11.168990696979309,6.165458414582772,11.231768078031015,14.101280754408242,2929.1169431543444,2928.065449754951,157.37529538852434,[-0.22389311 -0.90657047  0.35777347],[-0.62789265  0.41493085  0.65847036],[-0.74540103 -0.07721636 -0.66212909]
5,197.77925918276512,108.2689821491795,27.3174176418921,0.5888529086718188,1.0486735616780403,1.4089826097085252,0.7930587130562389,507.8772056533465,507.8696042172645,3.7440220358805174,[ 0.48407151 -0.87410318 -0.04022927],[-0.08594426 -0.09324718  0.99192669],[0.87079754 0.47670597 0.12026245]
67,46.83433146456741,86.37550452502238,185.6374014983129,5.183798952629762,5.1684619015813125,6.390866980115236,5.05927721213233,1720.825653293427,1719.9698297543239,67.70117194591751,[-0.71378639  0.68635058 -0.13939823],[-0.66401133 -0.59990633  0.44631979],[-0.22270597 -0.41113899 -0.88394954]
57,26.35553845883053,108.33219054833876,193.78062518132978,3.2434240503533633,4.2678115957144644,4.028141827533518,4.05534152429743,1688.4672285013949,1688.33212572109,40.237627931406585,[-0.98383708 -0.06147126  0.16818407],[ 0.13477919 -0.87258705  0.46949592],[-0.11789474 -0.4845752  -0.86676854]
18,12.534993343561938,2.5776645271249707,17.773956465760293,2.8569313778516796,1.6807938483758211,3.537500789447843,3.4280457364975265,94.92176493216505,94.33947045088023,14.303218295983477,[-0.02172079 -0.98720101  0.15799486],[-0.82186678  0.1076149   0.55942294],[-0.56926549 -0.11769962 -0.8136852 ]
101,15.039631553637712,81.85768196606881,51.33545444958375,6.229104882312243,6.501618869438032,6.9715256698049854,7.9842780406787135,988.2225724741054,987.0761978565233,82.79715263023249,[ 0.83556251  0.17133723 -0.52199507],[ 0.52654547 -0.52090942  0.6718655 ],[0.15679658 0.83623976 0.52546922]
4,171.90109702404197,70.23927774089842,96.54264348793876,1.9678680280201108,1.6896703138589997,3.8987828829402598,1.857367167679879,418.6868566932876,418.61062084263847,8.607589367226863,[-0.49539747  0.82050435  0.28522615],[-0.28282293 -0.46280911  0.8401303 ],[-0.82133583 -0.33552993 -0.46133191]
86,141.6963213179498,189.05833622780622,50.71550036874066,4.500981313914282,3.8010884399787375,6.40219386667004,4.440666169292908,2242.248321543308,2241.4507194429816,69.50186563955786,[-0.73496222  0.62280284 -0.26822966],[-0.34047453  0.00315768  0.94024844],[-0.58643638 -0.78237245 -0.20972773]
5,136.49854071389396,139.42577190459565,73.74065350225987,0.8666427988364522,2.07760326395156,1.0705765323084906,0.8474558927498134,466.44643316865444,466.4259191009793,5.247669801542531,[ 0.48753153 -0.01558151 -0.87296634],[-0.57802603  0.7435938  -0.33608653],[0.65436909 0.66845005 0.35351891]
6,141.48269727547162,75.92794605796428,27.709583127285967,1.1644009652430465,1.4421419094907444,1.591509388668572,1.4892253360769625,399.1643919100796,399.148587198576,4.748372871799525,[-0.3040402   0.77082967 -0.55980458],[-0.39197994  0.43435365  0.81098004],[0.86828065 0.46600271 0.1700888 ]
34,154.31081463603374,105.75080905637033,29.08769349703484,2.9729483560614294,4.099164533738861,3.6890476910267433,3.4990082985063737,1104.456875869948,1104.1431478109193,30.174579139685974,[ 0.29116703 -0.62421587  0.72496641],[-0.50100687  0.54607983  0.67140818],[-0.81499318 -0.55870508 -0.153736  ]
31,77.87761354103141,17.86593844474469,116.08910059118281,2.534938682666761,3.1184352494747842,3.910618385653276,3.34280354898678,785.1923579345055,784.9612888041793,25.04881776262492,[-0.6224149   0.72015052  0.30656635],[-0.55444311 -0.68214138  0.4767347 ],[-0.55244234 -0.12675318 -0.82385745]
172,158.8154970309552,184.56687409307187,186.24703678717248,15.765165846523626,6.971940649931582,6.4824327620100375,10.091367548273068,4027.2334157374617,4022.9252132805295,204.02198140024953,[ 0.41323643 -0.79810545  0.43847845],[-0.7482205  -0.02313006  0.66304682],[-0.51903925 -0.60207366 -0.60671704]
158,169.0268209003637,151.63221472691535,141.7698939105262,8.542551492833613,8.421946756887662,5.393219802053697,6.598314098160661,3368.5236165342867,3366.333309351747,142.90114328678152,[-0.56308769 -0.13449093  0.81537994],[ 0.53291168 -0.81320456  0.23388774],[-0.63161491 -0.5662248  -0.52957727]
19,167.90213558943077,101.41955730567658,26.458959057109006,2.374894304047795,1.968779075152502,2.1163808159367754,1.6614743763460422,862.8712505655868,862.8455783267021,14.611066582710976,[ 0.24874022 -0.16274767 -0.95479919],[-0.46743841  0.84321386 -0.26550277],[0.84830987 0.51235103 0.13366669]
92,53.837080339115396,49.253053392201984,190.89193767400783,5.644439423061394,5.668478146633151,5.636894224929815,4.437884106261417,1961.7547352749252,1961.31117818439,83.53801179498709,[ 0.65148289 -0.75856764  0.012049  ],[-0.71155027 -0.60543917  0.35656643],[-0.26318481 -0.2408704  -0.93419227]
4,136.62158118560518,136.08616806279886,1.9543802667287669,0.4739416000017629,1.1813524263412583,0.5228665344169987,1.1718311266322743,385.6965225514382,385.69550987797805,1.4437685916475105,[ 0.51399107 -0.52573706  0.67780065],[-0.48364999  0.4749729   0.73517579],[0.70844609 0.70569207 0.01014089]
83,62.90793464608311,73.66981211297157,170.70243691787613,5.5415135317152675,4.905044288806188,5.625926521982375,6.17990653878932,1789.9246264239664,1789.2723883464264,63.23719860340867,[-0.75574348 -0.45209493  0.47377416],[ 0.57087863 -0.80928828  0.13838381],[-0.32085726 -0.37505021 -0.86970568]
2,115.96651100310217,31.00333946594912,136.52460464555259,0.9170487016754691,0.41101439681537855,1.0914980167088828,1.4747936163375783,257.10156625339346,257.10146411705006,0.22916984386736697,[ 0.75606013  0.04675857 -0.65282978],[ 0.14645533 -0.98423899  0.09911837],[0.63790588 0.17054985 0.7509919 ]
3,93.74711456250309,20.781912272224588,60.754668624277905,1.4764292724303971,0.7638729309856097,2.656855566914637,0.22280690262935093,196.8815654609728,196.81583919923295,5.4168938751035505,[ 0.17372051 -0.982444    0.06800717],[-0.53776402 -0.03678449  0.84229256],[-0.82500366 -0.1828953  -0.53471326]
16,77.57937554156507,5.41391457035324,25.72039187065805,3.208843774140991,2.9941140611975787,3.09073675929894,3.131079250791405,328.25689769670635,327.97368454038866,17.42969381583659,[-0.26659961  0.70492261  0.65727373],[-0.17827706 -0.70625506  0.68514311],[-0.94717577 -0.06548206 -0.31395886]
72,10.080006828087173,176.37017725313666,6.335635105088858,4.930084857693616,4.0289619662764276,4.1578034705844145,4.210715152107396,1500.945360211171,1500.778121869751,53.79366903262756,[-0.28613175 -0.01800439  0.95802112],[-0.95647005  0.06525081 -0.28444221],[-0.05739045 -0.99770646 -0.03589099]
7,99.91063766746232,20.176707708362205,69.07514316559448,2.567915249429143,2.5285237087397783,1.0861829489088544,2.102979052961937,325.9049863104689,325.82942292221225,8.24725686363762,[-0.49652706 -0.31292096  0.80965508],[ 0.30800613 -0.93557812 -0.17270147],[-0.81153749 -0.16362778 -0.56092143]
5,20.94170395016339,58.92833370226653,34.634352203865014,1.4234286597235435,1.2391271652742666,0.9513182656600075,1.529351243626443,159.92086473534525,159.89310038532795,3.2554089046463126,[ 0.38842242 -0.56561728  0.72746485],[-0.87364458  0.02501256  0.48592131],[-0.29304125 -0.82428846 -0.48443304]
81,142.57679659344848,91.63784155198165,94.76699226538156,5.465286614962594,6.070883855783084,5.511348612195281,6.60193524239275,1749.47258750201,1749.0449341916055,66.01269707687321,[-0.60850821  0.77634901  0.16431667],[-0.30114573 -0.41749605  0.85732625],[-0.73418595 -0.4722068  -0.48784396]
47,46.70918516386241,151.5617232394211,186.3475877668231,3.2471748751466087,3.5813690485879124,4.235177116937233,3.4582924059522036,1677.9817587853486,1677.922354029478,37.156846896080886,[ 0.97774455 -0.050943   -0.20352004],[ 0.0872528  -0.78346116  0.61528494],[0.19079451 0.61934919 0.76157996]
166,135.43957384835818,170.19646877631726,138.5011685758534,5.414533013265032,5.941528167138935,8.642361114672141,6.403415731177086,3325.242680481405,3323.9374122409426,127.37394410003587,[-0.85077514  0.39467762  0.34700323],[ 0.01689195 -0.63941366  0.76867733],[-0.52525834 -0.65983312 -0.53733037]
109,110.67186559515258,10.728909008840398,49.740863523828686,9.268844693825699,6.622132765858801,6.74185212494899,9.916487548892233,1277.7588396999104,1277.3078688577662,92.7071052969766,[-0.41703608  0.24624791  0.87489592],[-0.02370565 -0.96521782  0.26037012],[-0.90858073 -0.08784375 -0.40836813]
25,27.939443887851883,16.83770637272662,192.7988476484152,2.6237543192921975,5.0888100615956535,3.9045211736270433,3.9618256614887457,978.2320776597281,977.9753440163398,28.34296213594786,[-0.98768957  0.07637296  0.13651553],[-0.06354736 -0.9933544   0.09596237],[-0.14293723 -0.08610583 -0.98597907]
22,5.188723934965563,61.70347815614746,88.50944081217193,2.1941476675496463,3.7512333775535933,3.082944979317038,1.896377695742983,507.1848434121009,506.8212828404727,23.325689737733363,[-0.97623038 -0.14668321  0.15955651],[ 0.21132926 -0.80761841  0.55053832],[-0.04810605 -0.57117119 -0.81942009]
51,173.5154462027736,165.51323673480456,58.798242917941785,4.990365626668757,3.7032513051121883,5.839556205665761,5.505193955334555,1764.1675352395446,1763.7574445161658,46.435892422477615,[-0.68416048  0.54515345  0.48449164],[ 0.19478824 -0.50358419  0.84170096],[-0.70283851 -0.67023181 -0.23834292]
29,100.45100765161273,23.726188695303964,189.44745714378735,2.196979377548582,6.326793424080121,3.8651839537379313,3.0941401449690344,1162.5043038336719,1161.9507376833203,38.15134918918159,[-0.85354214  0.31794205  0.41276952],[-0.23390948 -0.94173661  0.24169921],[-0.46556651 -0.10974976 -0.87818154]
5,197.5623805461086,194.01886576336798,88.1155638342162,1.143719715063369,1.645676630558784,1.4028207169085252,1.8558658350803363,649.7836864163618,649.7799238548891,3.567160668748391,[ 0.71665113 -0.69263278 -0.08167615],[-0.15549802 -0.27284562  0.94940804],[0.67987611 0.66769387 0.30323815]
74,24.490979293851385,148.11961177474166,102.32924157685561,6.767146546632796,4.036718756451121,6.345906449599313,5.585566080755194,1564.983068362914,1564.0514869394779,72.62489848471752,[ 0.3579849  -0.57025848  0.73935924],[-0.92401265 -0.10243256  0.36838592],[-0.13434073 -0.81505389 -0.56359536]
4,106.41507750451775,5.411074565393914,32.754690192957,1.0380931975849639,2.0379239719222477,1.2648340182092976,1.1533623921241694,223.00647817065874,222.96061124283506,4.676169881261956,[-0.28592531  0.42519142  0.85875431],[-0.0834201  -0.90380991  0.41972459],[-0.95461395 -0.04837252 -0.29389164]
45,88.47860243472674,66.0148541400061,46.22304217388371,5.778524459066674,3.754255900904327,5.864207203735287,4.969775630893833,804.7002238791387,803.9424036832154,50.7180100481585,[-0.66519368  0.68476514  0.29768117],[-0.10029256 -0.47700587  0.87315909],[-0.73990457 -0.5509647  -0.38597814]
40,49.00424745426413,20.21529032494984,195.48449292982164,3.216176936930635,6.725362801528799,2.5211301087981757,3.0611177283736573,1281.8405768817963,1281.2774258300635,45.91537642920152,[-0.96495788  0.12875665  0.22864386],[-0.10139317 -0.98661889  0.12768158],[-0.24202421 -0.10002442 -0.96510072]
18,7.673513311341789,123.83056761800884,169.39634416379897,2.5965667824782295,2.5162612206767854,5.325655067127392,5.008757094365377,891.2178079650665,891.1210772509827,17.153587071316743,[-0.80821722  0.49231714 -0.32312346],[-0.58774901 -0.64032234  0.49450824],[-0.03655171 -0.58958556 -0.80687845]
2,69.35530951352578,102.37789452053157,68.20457230191647,0.41178736000704674,0.31906489695562357,2.0914894482823954,0.9809532394378948,199.7393382707173,199.72089801431156,2.7140650657266927,[-0.87033142  0.43157985  0.23719625],[-0.03652877 -0.5368981   0.84285591],[-0.49110984 -0.72489949 -0.48304436]
80,4.704587267064226,65.51533462302827,110.2047510418985,3.0276369973011907,4.4941162663093905,5.9402328146725445,5.356589713020701,1149.4555464687908,1148.7983724068888,53.61855808433661,[-0.98947783  0.13901823 -0.04009436],[-0.13990813 -0.84872445  0.50999267],[-0.03686921 -0.51023597 -0.8592438 ]
16,169.36144075561285,91.0863496848271,155.161354993185,3.1782339331532876,2.016423850986884,2.2196529071383484,3.1655938361682274,988.5109614642038,988.4706590184901,12.040792066204116,[ 0.37011994  0.56629689 -0.73642315],[-0.62703978  0.73718897  0.251741  ],[0.68544317 0.36859225 0.62793902]
32,7.3673302982234095,30.382310807288512,93.0911312795299,3.8377160185190253,6.00291740419979,2.0530151968999095,2.837482780003661,556.6613626925295,556.1553035568721,38.865721069589405,[-0.9929749  -0.06408285  0.09946977],[ 0.09160421 -0.94844099  0.30342767],[-0.0748967  -0.31040791 -0.94764836]
16,189.5349138860617,159.59021549884392,128.8687874297453,3.0016490866148935,2.5620300817015442,3.3803806942851526,1.376136681223491,1117.2981118123685,1117.18259573984,20.04793638065048,[ 0.20905305 -0.75253965  0.62448451],[-0.70410702  0.3273245   0.63015235],[-0.6786237  -0.5714392  -0.46144026]
7,57.82631597916586,117.55286187553392,102.23616129623409,1.4242762352685496,2.2413961889400955,1.4352886234496367,1.8668037213224913,439.71954249818356,439.7066966647034,6.27623430132538,[ 0.81102185  0.1020375  -0.57604852],[ 0.47028915 -0.69937543  0.53823983],[0.34795354 0.70743364 0.61519589]
3,31.94973757878006,134.0584215052976,106.34095265547343,0.3042139640567445,0.4041191928160482,1.4411936504961504,1.1483632253520746,301.51196264966154,301.5071320667672,1.7461370824033962,[ 0.87920431 -0.4065738   0.24838987],[-0.43967801 -0.49154714  0.75170783],[0.18352938 0.77011632 0.61093192]
7,43.01767053385297,14.279041578997468,136.4633864185434,2.0995471404466333,1.42804925233886,1.9740285856654836,1.6381573645285694,380.5221597439976,380.4834243580174,7.307834706347814,[ 0.1518306  -0.98684849  0.05547544],[-0.94207434 -0.12750275  0.3102241 ],[-0.29907092 -0.0993635  -0.94904346]
216,188.3956891580611,33.594264930692525,65.40860084744187,5.4065629311876435,6.408179420939785,5.69732554760531,4.8494964897507185,2974.866128365568,2974.244434038549,130.93289757004766,[-0.18261025 -0.55540567  0.81128173],[-0.3142844   0.81483775  0.4870983 ],[-0.93160014 -0.16602405 -0.32335306]
235,132.5197261487374,84.20521959291486,17.661576213010527,8.94676564589702,11.453708389015224,10.487271890275572,7.625222275266513,2432.45217761824,2430.2519483846936,247.12161300272808,[ 0.15767252 -0.432211    0.8878812 ],[-0.52149501  0.72707825  0.44654246],[-0.83855967 -0.53343309 -0.11075562]
10,180.66397027650862,152.34825359557834,102.42597184014657,1.315479583302154,2.2315926183613275,1.6578713671198206,2.04738578516278,814.5492825495569,814.5285033576083,7.2642171106563325,[-0.04428719 -0.52069928  0.8525907 ],[ 0.71139144 -0.61561881 -0.33902169],[0.70139922 0.59151141 0.39768504]
83,129.03018570147526,7.238136809611285,145.29334701022069,4.297875302844953,3.9569155783397343,5.138140949324699,5.088358662221717,1772.736501026612,1772.361082855718,53.583291520328466,[ 0.49953979 -0.76552081 -0.40550942],[-0.5569832  -0.64233885  0.52646986],[-0.66349809 -0.03713071 -0.74725604]
3,115.76895035365709,164.41848393725823,6.301305964751003,0.4170981086054686,1.3252172866213905,0.07697014261085565,1.0825284334985592,348.4717797931943,348.4685087297051,1.516174944441291,[-5.45395857e-02  1.33112222e-04  9.98511600e-01],[ 0.81603862 -0.57627023  0.04464957],[0.57541846 0.8172592  0.03132092]
30,1.7960704630257263,92.26695802873004,66.37771922073304,0.8865226380545193,9.868505187853057,4.098483964293574,8.355177027214445,625.3802969360323,624.2992684772499,37.32696302857239,[-0.99963564  0.02561855 -0.00850134],[-0.02181176 -0.58113588  0.81351419],[-0.01590062 -0.81340321 -0.58148292]
12,9.12042396135399,166.46135588626336,32.424470587922,2.8141842765487346,1.6567284817558268,3.737624223454289,2.1017323582959073,588.5244843524971,588.4235193541175,15.549556699569605,[-0.81547024  0.15338895 -0.55810403],[-0.57631712 -0.1259836   0.80745694],[-0.05354301 -0.98010202 -0.19113655]
27,101.10185330940365,144.10355289375133,58.91787133408746,5.657481135810346,3.045563583922039,2.180512385929412,4.070045948653034,965.1538024982348,964.8529951329045,28.18675946485232,[ 0.0299758  -0.39621503  0.91766829],[-0.83797501  0.49051165  0.23915729],[-0.5448847  -0.77615202 -0.31731482]
27,42.85259814502251,3.8921244555624095,152.61808915116583,2.1770574670499534,2.583066086410911,4.927259472604817,4.771023079780355,824.4665647380726,824.3761075031164,18.70847797272049,[-0.74266232  0.64149679  0.19218361],[-0.61279356 -0.76674087  0.19129163],[-0.27006799 -0.02429621 -0.96253466]
7,189.1755326642734,31.71511159206789,31.834726097443674,1.746663339955421,0.9713026531158058,2.1872345379755735,1.6462798315144322,514.495397651257,514.4594303606403,6.511479883371241,[-0.10619588  0.94472469 -0.31018977],[-0.20524973  0.28440887  0.93647431],[0.97293113 0.16311608 0.16370144]
58,69.32977886696796,162.42765838428355,118.35494239642756,7.377501700690163,3.037573116101269,7.715197706883111,3.7276932672831533,1621.1744924412956,1619.4494338991924,79.66857155810926,[ 0.52939995 -0.63547836  0.56205244],[-0.7833606  -0.11181638  0.61142724],[-0.32570211 -0.76397929 -0.55700429]
26,30.43526847592416,22.631517888036,67.26702094177266,5.4724458710734964,2.445859760839293,2.5023774868044315,3.5916456835721173,395.0258413855154,394.31771801723295,27.494456503610728,[-0.38562179 -0.80756878  0.44623817],[ 0.83326137 -0.51249966 -0.20741162],[0.39619606 0.29185059 0.8705469 ]
127,166.92417172198702,160.11799808366268,6.148431437553248,12.73263184796387,8.198962565648317,3.810952632386979,5.932637746617285,2613.157557172393,2608.8212630805165,162.39506639865903,[-0.02646061 -0.01068747  0.99959272],[-0.69131226  0.72247873 -0.01057538],[-0.72207146 -0.69131054 -0.02650561]
18,144.90093574600874,86.56089787453577,157.49151399969958,1.2239014538740376,2.54961883943645,3.979125563453574,2.8152192365861106,979.5881220857323,979.5474694144616,16.94446986639553,[ 0.58304496 -0.80712957 -0.09273846],[-0.5159414  -0.45601954  0.72515561],[0.62758509 0.37495071 0.68231146]
4,155.63380599848904,33.96761926237037,32.17757699249983,0.9167864389724243,0.23208865363697664,1.0401685206937972,0.7156114591095462,325.041733645738,325.03302383532747,2.4151235757533445,[ 0.20702155 -0.97784691  0.03094332],[-0.20004938 -0.01135018  0.97972007],[0.95766504 0.20901336 0.1979674 ]
47,94.38006455020599,5.607368074367641,151.69285828309677,3.7801947521797876,2.759336775900658,3.5290764043767675,2.8068020632265345,1225.9447485213407,1225.6928109417622,35.26958850911691,[-0.19723343 -0.96745419  0.15852878],[-0.82604573  0.25108657  0.50458298],[-0.52796537 -0.03143139 -0.84868406]
9,94.4309594758286,2.399766544672064,70.26966784028704,2.4510202225142126,1.5127698818808635,1.7713478400091347,2.161717231323508,353.3163652411456,353.279527371552,7.821056069511707,[-0.1828827  -0.94298987  0.27807196],[-0.56843035  0.33219492  0.75268418],[-0.80214765 -0.02041162 -0.59677677]
44,45.252872778356064,88.2819696712638,91.23689211499925,3.786937459013255,3.9257161745987976,3.873020631053625,3.6736690188302665,894.8476026530803,894.6491473423715,37.019049994586204,[-0.12038172 -0.68295684  0.72047082],[-0.93435777  0.3231374   0.15019249],[-0.33538606 -0.65509707 -0.67702586]
26,32.730074497713886,22.198488594061516,4.970730404245685,6.291869392130718,3.3151010832228502,4.0337573888031315,5.987616923485072,207.14837151518554,205.70893781976636,29.392814636404367,[ 0.30174271 -0.616779    0.72700413],[ 0.4779977  -0.56191175 -0.67510991],[0.82490578 0.55121579 0.12526617]
22,177.97202613112862,108.02382468148606,10.94363612440166,3.7081203605803847,4.890245730769215,2.7573395768150597,4.695259704740943,978.2794505193873,978.1703438681859,22.66615762346882,[ 0.06077491 -0.1992894   0.97805427],[-0.51739756  0.83165696  0.20160967],[-0.85358431 -0.5182957  -0.05256797]
3,149.51466117318117,170.6996839857618,89.85624670827292,0.808036110199783,0.6439342427253335,2.3253106283146736,1.0668079711691034,422.75395586630736,422.73504274790196,3.998854563644467,[ 0.67945577 -0.70397711  0.20677546],[-0.40381452 -0.12349689  0.90646696],[0.61259586 0.69940314 0.36818685]
15,56.239656947429445,123.70687037540743,27.972032444288082,2.332565253855947,3.4028019174208963,2.0900956303196283,3.465105677356552,537.6002049190281,537.53900950408,11.882225906387093,[ 0.46707144 -0.3915457   0.79280277],[-0.78587296  0.22713344  0.57516441],[-0.40527517 -0.89168513 -0.20161764]
20,130.99324327005402,26.596586248197053,16.37002640840757,1.6598674310078612,3.2083595796671696,4.5829423927164745,1.7331231159485523,602.6555914894598,602.4382883076122,24.89715631979175,[-0.22334825  0.93929154  0.26047448],[-0.06274497 -0.28052504  0.9577937 ],[-0.97271714 -0.19757808 -0.1215906 ]
50,16.893124463396568,51.431098838507815,114.32054136984476,3.473491501220266,3.2355205065452832,4.69126087670578,4.191664992168981,895.508253754742,895.0618022386107,36.81956279238101,[-0.72387761  0.66289649 -0.19123141],[-0.67692649 -0.62885133  0.38251346],[-0.1333107  -0.40634253 -0.90394358]
9,179.00590914986654,50.71401535180668,90.21158066381147,3.2171992716850197,1.460637517089246,1.520723609434397,2.7975179004657553,620.402286650682,620.3721930151804,7.905146748741213,[-0.33804455  0.92935799  0.14839006],[-0.36898731 -0.27592708  0.88753175],[0.86577956 0.24527123 0.43619695]
4,108.27966680704091,132.6484663921218,47.622404074814945,0.8309198650247969,0.858367034691177,0.41064745885820925,1.0485294338815103,355.4688172639087,355.4668281309816,1.4081461615829882,[ 0.11601772  0.25037065 -0.96117346],[-0.78445536  0.61666925  0.0659456 ],[0.60923697 0.74634681 0.26794916]
45,46.26307262703367,60.16752695016779,22.465842870847528,5.583121716585571,6.755767983890209,3.468032466988054,5.057422733587643,534.3276989633856,532.4655270749978,53.201776442204995,[-0.21657204 -0.19150932  0.95729866],[-0.78308369  0.61963678 -0.0531995 ],[-0.58298926 -0.7611665  -0.28416383]
9,158.78966017152413,87.27653925420634,192.94739550563733,2.5864756479735056,1.5740219463567247,2.9781563779443183,4.038038465230769,794.1663126179526,794.1598857187971,3.933061361710434,[ 0.76256386 -0.5113216  -0.39629104],[-0.24206366 -0.79361849  0.55818893],[0.59991795 0.32972704 0.72895715]
3,162.45976909913642,8.60081281434642,69.21421786609538,1.6269649726883368,0.45936657700515415,1.0751347896128052,1.9271918764259377,306.2434689435409,306.2428346917262,0.947989508914477,[ 0.22838048  0.74356326 -0.62845527],[-0.32169371  0.66689218  0.67213687],[0.91888819 0.04866716 0.39150478]
12,50.65694097532114,187.4429610116655,155.01855900024944,1.40564676184401,3.257689911804777,2.2047920898592417,3.3310644697631155,860.7986599916109,860.77291320002,8.733681826209045,[ 0.96906517 -0.06500307 -0.23809095],[ 0.13907195 -0.65313541  0.74436089],[0.20389137 0.75444598 0.62389067]
