N,MEAN_X,MEAN_Y,MEAN_Z,SIGMA_X,SIGMA_Y,SIGMA_Z,SIGMA_R,LAMBDA_1,LAMBDA_2,LAMBDA_3,EIGEN_1,EIGEN_2,EIGEN_3
676,179.15632241499037,92.40734646806071,66.4628881998318,12.261119508903333,13.399566999858758,10.191549139661433,16.284043092665268,5540.797351881624,5539.460648956533,335.55506273023394,[ 0.0044438  -0.58849875  0.80848591],[-0.53762772  0.68029901  0.49814625],[-0.84317061 -0.4368781  -0.31337013]
3,135.3789279979791,118.05862097789878,163.9166124261818,0.42140056214857574,1.1084509437308983,1.3731724283150617,1.6759068991788615,421.20247521159126,421.201221862633,1.2018393791196704,[ 0.17861864  0.72250546 -0.66789314],[-0.81128331  0.49221859  0.31550002],[0.5566999  0.48549637 0.67407603]
2,80.16009170179686,18.70131496572237,81.91981165141695,0.7214116504744581,0.8740102138628068,1.6654677266426887,1.8135013015982793,164.25768253243515,164.25300110628606,1.2401203589332555,[ 0.3971881   0.73056963 -0.55543643],[-0.60488089  0.66355841  0.44023783],[0.6901889  0.16111566 0.70546512]
209,189.24431702529904,31.324108557920162,64.91937301432633,5.2015920110682305,6.696771879269764,6.847203111569284,4.572343932614147,2930.199614855208,2929.9927579024475,143.3345872063414,[-0.24416683  0.93378097  0.2616021 ],[-0.25885932 -0.32273933  0.91040166],[0.93454503 0.15457175 0.32052015]
159,154.59159715855697,96.04830978547929,101.66546219666795,11.325680985494492,5.889367476695237,5.647137402094314,11.012894632034467,2633.736512578646,2633.185834260646,109.14125352069779,[-5.27106432e-01  8.49799273e-01  6.45988126e-05],[-0.41375207 -0.25670509  0.87344818],[-0.74227221 -0.46037342 -0.48691712]
311,130.6173705879164,11.343293816766218,121.71058188016438,8.641401598319044,5.923452025416894,15.85761097767488,14.036235276397335,3171.0358002112953,3166.0596697728056,226.20101697930696,[ 0.18666529 -0.97635817 -0.10899908],[-0.65940937 -0.20676078  0.72279268],[-0.72824128 -0.06304529 -0.68241478]
237,110.97200385202069,149.57986353104795,81.56213613366303,9.163766973945103,9.334545610985753,10.613208958232883,8.067590704662118,3139.152520063097,3134.262718230918,228.89569377501013,[ 0.41810521 -0.65354406  0.63092646],[ 0.7267454 -0.1760496 -0.6639636],[0.54500382 0.73612954 0.40135288]
3,138.2270142445187,48.60860427366856,174.89564938248972,1.1699334141905695,1.8330138888117091,0.8428601536444256,1.3388234522150217,395.2087183395281,395.19577504264066,3.3098665886433287,[ 0.76573347  0.10532738 -0.6344749 ],[ 0.21590674 -0.97134927  0.09932205],[0.6058354  0.21304163 0.76653554]
88,11.189961874691653,110.35553176428276,120.05738948986142,6.704978036296036,3.8058962875849116,9.725871970197515,8.092602454066727,1536.7441936928715,1536.2651826094218,87.5649269360318,[-0.68231058 -0.50612738  0.52752947],[-0.72783086  0.53806044 -0.4251508 ],[-0.06866228 -0.67403712 -0.73549946]
6,182.87769412995928,41.28201749697393,145.19095111654175,3.9684029117136994,0.4014367495725754,1.9251567487184287,3.570183556008575,580.9383275225265,580.9057194144227,6.403996180475757,[-0.12144273  0.98445237 -0.12690625],[-0.62479165  0.02353177  0.78043683],[0.77128922 0.17406834 0.61221986]
2307,86.7197654929452,124.52219154242182,144.789273995849,17.831065786650537,32.90411159991538,15.032798237260632,27.787251105207396,10237.02322726262,10185.757836549068,1388.8379806055882,[-0.88857914  0.10296367  0.44701856],[ 0.19830863 -0.79249634  0.57673498],[-0.41364332 -0.60112231 -0.68377713]
151,40.995096274171374,50.6553339536097,72.48587420170699,4.770364754227116,8.134382359742533,10.93357867632946,11.697672680056787,1209.0639017484752,1208.396469134217,100.64812964588215,[ 0.22786074 -0.85353045  0.46857791],[-0.88016953  0.02524122  0.47398784],[-0.41639053 -0.52043122 -0.74550001]
17,167.28503815966155,167.17720054153946,49.46287746897803,3.1033726579874816,3.4317304693847994,2.5946727804240273,3.7558761351062597,996.4162625921593,996.3737031367215,15.473887953252136,[ 0.63775467 -0.45412865 -0.6221223 ],[ 0.33751301 -0.56125873  0.75569412],[0.69235392 0.69192182 0.20467105]
330,95.04637661691154,85.2332961765073,83.38249958605006,11.689267947093116,13.55567017081194,7.33046489484726,7.977722107267554,2788.423658895319,2777.517551006923,320.6059255022876,[-0.31087508 -0.46364385  0.82969336],[-0.71815921  0.68639707  0.11448324],[-0.62257854 -0.56026194 -0.54635385]
661,22.688483153945995,17.66967237506398,125.50653312711286,11.598613596305537,12.582384831833888,21.026303469100245,20.46271596065459,3369.521417022867,3364.9975903114523,460.4260392335316,[-0.46018699 -0.86457471  0.20183785],[ 0.87174055 -0.48309394 -0.08178421],[0.1682152  0.13831421 0.97599837]
2,115.02241070634919,22.042426327230366,61.00872030577778,1.3816742734768752,0.20220114586491,1.5009928150183427,0.5437106665310125,186.77414363327802,186.75322342724502,2.7954014877757225,[ 0.17401221 -0.98435734  0.02757509],[-0.45932278 -0.05636472  0.88647933],[-0.87105817 -0.16692409 -0.4619459 ]
22,19.335874539491428,45.190731362538195,74.30666368686322,2.442839348700467,5.713814428012769,2.0342488762292725,3.7241448163513065,418.90444024819755,418.3457863945274,25.29017774146264,[ 0.85093858  0.32037071 -0.4162525 ],[ 0.47876206 -0.79905393  0.36373026],[0.21607968 0.50879802 0.83332715]
58,38.83816191130522,194.10271983787757,139.2032872375243,3.274380891812004,3.1717224006094358,4.6341069002195034,4.500090670808618,1843.5064853998645,1843.4420281470161,35.757919690815434,[ 0.95762395 -0.26778525  0.10605387],[-0.23911927 -0.53391376  0.81102286],[0.16055634 0.80201444 0.57532122]
51,4.741594224778935,34.568920094993665,96.46304800290588,3.146390439890916,5.765359311357812,5.24011184980329,6.181069186148704,734.7837426837982,734.154833078752,40.21197679633173,[ 0.89000469  0.41356441 -0.19197952],[ 0.45367466 -0.84526014  0.28233774],[0.04550779 0.33837815 0.93990918]
178,54.897220221364016,161.28446268676245,97.94078381893645,5.415762211018307,10.938437848515452,6.8980063429208895,11.684136614106169,2627.936153749093,2627.103963396197,102.6555806395274,[-0.8362653  -0.04703823  0.54630372],[ 0.47190678 -0.56908926  0.67338057],[-0.27922095 -0.82092924 -0.49810727]
91,16.697737595325073,122.7110749815216,99.15254427513679,6.395601718731983,3.998526984973017,10.03652295756913,8.869682933639433,1517.5133422321376,1516.3730590230757,83.89584110507462,[-0.79193843 -0.31505348  0.52304381],[ 0.60123613 -0.55180134  0.57795363],[-0.10652997 -0.77217652 -0.62641422]
18,55.56091330677485,67.94755792543943,2.57398219713018,3.3244083911269775,1.5883128920826555,1.575774893935923,2.535907538468829,372.87125393337067,372.7628164382272,13.091222430168223,[ 0.05274435 -0.08069285  0.9953425 ],[-0.77220646  0.62869205  0.09188845],[-0.63317866 -0.77345651 -0.02915159]
4,11.21275175621464,125.81165308825013,120.83120987725592,0.33646480456598676,1.4124233336438596,2.198908509523376,2.3197623809088896,349.6364580142003,349.6275266654783,2.513897612282331,[ 0.96171062 -0.22953903  0.14974817],[-0.26645604 -0.65522157  0.70688462],[0.06413938 0.71971975 0.69129561]
36,107.14114805874634,33.015549096320086,55.48730954920693,4.60106242280347,2.137806997446748,5.477576099935233,5.610918706708392,751.7866106485963,751.4056176454903,29.71171201920914,[ 0.34581947 -0.93135645 -0.11394764],[-0.38360901 -0.25116378  0.88868492],[-0.85630195 -0.2636132  -0.44413405]
3,70.2131609140107,48.398216933720846,18.66746677223609,0.2981564217016511,0.7087573165440132,2.67403708241158,0.953644545001981,151.27900040113857,151.21165976945193,4.5438243780600125,[-0.50881229  0.82844591 -0.23406715],[-0.3071714   0.07928579  0.94834566],[-0.80421128 -0.55442866 -0.21413331]
66,78.81275486059396,26.563286561218575,114.57631515518554,3.5375703782901753,7.276746774627596,6.431505738879714,5.076951418097928,1153.0205189050382,1151.1572982293058,73.44677042332941,[-0.77571803  0.46615842  0.42539143],[-0.29786155 -0.86471095  0.40441744],[-0.55636322 -0.18700615 -0.80962255]
125,14.898802358931691,83.46056420644699,49.97647486814091,6.504296956932437,7.831326316318827,4.592294768797849,7.872439191314099,1106.6821013829456,1104.4136765736707,89.6011740403944,[ 0.69943143 -0.45552403  0.55072092],[-0.69777494 -0.26853562  0.66407737],[0.15461502 0.84875584 0.5056755 ]
336,15.063835032165747,188.2203660513639,105.72178335322687,7.754751580015423,6.329073905632736,10.107687921934698,7.3868514687043785,3972.8593781337263,3971.514073454001,223.2222007770808,[-0.99737097  0.07030409  0.01756354],[-0.01910683 -0.48893268  0.87211224],[-0.06990045 -0.86948385 -0.48899055]
182,115.27245213528323,123.38105620736862,102.4226916658752,5.859796863260768,8.642589636547758,7.203190873843369,6.018352013752394,2668.582427031718,2666.6445749755803,150.41214878767477,[-0.77667047  0.24322274  0.58105566],[ 0.23700738 -0.7418241   0.62731532],[-0.58361844 -0.62493176 -0.51850729]
22,134.53313514686826,14.33681429544195,83.57227980271564,2.8254820310235846,2.27174592674934,2.1924989425681387,2.560715430534284,746.1068102772848,746.043649427597,15.839174020568159,[ 0.29629839  0.73995575 -0.60388141],[-0.44323583  0.66659629  0.59932578],[0.84601966 0.09008261 0.52548631]
309,54.469805868766265,42.79016193332847,104.13417035425235,7.593345595961888,8.016363013845027,10.10921707126723,9.03576560047519,2211.2862572769855,2207.3352862104352,207.53858073794052,[-0.11414815 -0.89630316  0.42849835],[-0.89423704  0.28059809  0.34871883],[-0.43279361 -0.34337349 -0.83353725]
167,184.76633194124415,137.59467634438474,184.18781958322285,5.189424378223459,7.828950174924111,7.919760860483605,8.148473157566258,3814.4097258298807,3813.575226279052,118.39446833648918,[-0.17484332 -0.69664905  0.69578008],[-0.75988144  0.54484576  0.35457481],[-0.62610703 -0.46671533 -0.62463332]
612,120.37981260435743,104.255898493085,31.347577017268733,20.333743397754713,20.937165861889593,14.467688910184782,11.071249385686103,4084.0779799899656,4035.559862673071,759.9684583752024,[ 0.04504842 -0.33641616  0.94063532],[-0.66943654  0.68873544  0.27838502],[-0.7415021  -0.64223646 -0.19418282]
77,11.875651555138456,176.47731462404485,7.37947992080773,4.951068220896503,2.8090340418526947,4.45101527993051,2.9608257146819166,1554.2387181101153,1554.1411111071461,57.85369142025873,[-0.04663049 -0.03861427  0.99816558],[-0.996643    0.06911417 -0.04388567],[-0.06729278 -0.99686116 -0.04170747]
40,162.91211642074123,122.60915797802363,48.071555461342825,4.012888151140478,2.6863858299280268,3.5780321807375137,4.2798745614332,1325.3526048489223,1325.2751566374463,26.74007615898908,[ 0.5682442  -0.49821254 -0.65489144],[ 0.26882669 -0.6398008   0.71999108],[0.77770865 0.58518305 0.22963026]
9,44.89587516522522,139.9942855160358,22.20768855711058,1.4931489776677738,3.1078233837697673,1.6238438348774704,2.9410085010049243,446.19227135050085,446.1512236040024,7.278025415316218,[ 0.33026345 -0.25034274  0.91008492],[-0.89435437  0.22524725  0.38651512],[-0.30175538 -0.94159024 -0.14950419]
14,55.51029112416183,9.366218511868677,109.71916603426851,2.6814492928956595,4.401057530501131,4.053429739246539,2.4288418749407015,462.03574205044856,461.53584666250197,22.78019112197691,[-0.69647038  0.65341761  0.29660484],[-0.55919223 -0.75323925  0.34631587],[-0.44970329 -0.07533963 -0.88999488]
26,177.61916522083948,28.626310555144865,136.96012422123735,3.547077137854858,3.9899871080165275,3.939447659070429,2.437057903203775,1153.3478066436185,1153.1017997160695,31.49354790353736,[ 0.43027139 -0.81527139 -0.38755527],[-0.44470592 -0.56505582  0.69494501],[-0.78555915 -0.12666683 -0.60568337]
48,6.492975997804436,173.80693364889737,180.05907862245974,4.530783560728558,4.4803998239759135,3.0877994918083465,3.225848857160525,1734.885981128849,1734.8241929909414,43.67726509794141,[-0.55328737 -0.58924447  0.58878183],[-0.83258851  0.41315322 -0.36891841],[-0.02587398 -0.69433088 -0.71919063]
6,99.9350512313906,13.676394901650715,194.20667177092716,1.9262596856804473,1.7954978787991451,1.6973764146554733,0.7167594435371978,536.0960351078054,536.0471330425663,7.4680677937358695,[ 0.54827294 -0.80534769 -0.22541491],[-0.70062564 -0.58950094  0.40201039],[-0.45664044 -0.06247996 -0.88745466]
122,195.8223486289823,57.615168231494245,104.27054866759613,2.729141111206769,11.072440392290202,8.200317655544488,6.48608544692985,2535.7191036364447,2533.529421236949,137.21858287606466,[-0.28898549 -0.49778588  0.81773872],[-0.43307517  0.82976016  0.35205677],[-0.8537759  -0.25240303 -0.45536735]
26,6.53046858601192,94.38461069964109,117.76435008282988,3.169384372939403,3.4859543315443515,2.071546181635096,2.9473079822184958,770.6605896900521,770.4632880559193,21.499900417604668,[-0.58918719 -0.61425702  0.52492549],[-0.80685611  0.48178625 -0.34185556],[-0.04291471 -0.62495625 -0.77947932]
371,157.45043875588667,168.0125710708493,184.60731539534245,13.919220150418548,17.2984656292714,9.223567661312105,15.882944113843676,5699.58747066169,5696.360266433018,349.79162397229436,[-0.64822731  0.75001703 -0.13143744],[-0.54318005 -0.33450364  0.77010568],[-0.53362607 -0.57059773 -0.62422868]
7,2.4182842086328273,160.12348577368132,93.40068524126427,1.1360782758441221,1.0994666341381705,1.4614326248994294,0.9508913101123745,490.5181004773767,490.5075759351739,5.112752294432739,[ 0.94784382  0.14978377 -0.28134839],[ 0.31846759 -0.48120835  0.81671104],[0.01305714 0.86371485 0.50381163]
21,78.98297591705932,136.01564650719487,150.5330294721003,2.548796431934299,3.470056089074959,3.253192123115972,2.73663891288222,997.9340985398785,997.819279278326,21.33541420706549,[-0.7976008  -0.17559033  0.57706238],[ 0.4819287  -0.76083298  0.43460086],[-0.36273638 -0.62474092 -0.69146301]
13,20.65654930466931,98.05670694897165,170.59927158150182,2.091833877407717,2.0347259320295765,1.7519588642438666,1.7023922705017827,713.4645886742295,713.4076162366616,10.632452631088638,[-0.71110042  0.64332681 -0.28366672],[-0.69529363 -0.58352245  0.41960494],[-0.10441721 -0.49561292 -0.8622441 ]
78,21.297239692460984,149.07676752142493,101.26427125652994,5.686559279573331,3.233873654970643,5.777135815780853,4.688123991081754,1604.3040173486531,1603.5100009488024,64.99571446604494,[ 0.51355632 -0.53126206  0.67381046],[-0.85003094 -0.20784501  0.48399159],[-0.11707823 -0.82131667 -0.5583293 ]
118,61.879851178787895,188.93050659996047,76.14609720625381,8.036167209548232,4.848686068134276,7.576400067369656,5.466861633545572,2315.0666449367504,2314.553388639191,116.85903271560619,[ 0.09263236 -0.39851532  0.9124718 ],[-0.95232951  0.23206177  0.1980299 ],[-0.29066777 -0.8873178  -0.35802147]
51,155.22117512919203,52.714903491465236,169.4788673967786,8.136058191617538,5.927786231955738,4.7301697112773855,7.703120561992819,1685.5420670393835,1684.9365080272514,57.46631995586023,[-0.51704323 -0.55947438  0.64780763],[-0.54672092  0.79818277  0.25298321],[-0.65860651 -0.22336673 -0.71857134]
221,94.82513910384615,98.25869567817492,187.2335734891979,10.22054933892793,9.069932972469037,5.211621644930203,4.911704303537013,3451.334838303084,3446.3894068995196,204.8073180001091,[-0.42859144 -0.69239903  0.58042481],[ 0.80569471 -0.58361046 -0.10126628],[0.40885866 0.42424334 0.80799269]
8,42.55990077119995,79.31710879182225,69.96088895735315,1.8227269610180532,3.3704501740773005,1.7363755443492803,2.6582232886569743,322.6619775232404,322.5555280223195,9.139695944426261,[-0.90814321  0.40916776  0.08864346],[-0.18925555 -0.59008243  0.78484716],[-0.3734411  -0.69597735 -0.61331662]
111,168.23358111692275,153.94844304884845,141.80731075535002,8.116092699641884,6.614217178091346,5.379520277085552,6.167509158275279,2831.4624141018053,2830.4131010043984,105.83224695517798,[-0.61214652 -0.05719257  0.78867335],[ 0.48214094 -0.81752876  0.31493942],[-0.62675095 -0.57304078 -0.52802227]
109,130.91928888924957,92.2551328756154,164.4335118721486,8.158824904709574,7.686165251923901,5.047557666789944,3.9082880952026215,2398.5250502541694,2398.2095372689314,121.94043700124703,[ 0.01832492 -0.87801658  0.4782793 ],[-0.82106802  0.25975221  0.50830708],[-0.57053615 -0.40201452 -0.7161514 ]
41,5.46422814133714,185.03134197337147,57.665801859385816,3.302135968082296,2.6714035709629522,4.126631806416422,2.860713393443922,1241.979943126449,1241.6866303638324,33.21806165455794,[-0.81072167 -0.15218397  0.56530559],[ 0.58474727 -0.25718378  0.76936801],[-0.02830195 -0.95430422 -0.29749363]
2,188.0524827245294,141.35273388260188,92.53583539358729,1.1481552555305115,0.28710184379937687,2.8980438225037872,1.7542823458050663,357.53884212177786,357.5200431330019,3.666385680496812,[ 0.66556532 -0.66941822 -0.33000313],[-0.06056879 -0.48915038  0.87009386],[0.74387783 0.5591164  0.36610738]
5,45.85510360513792,12.325680508840575,179.52800453424638,0.2420725261648152,2.1233248729655068,1.6033026722629633,1.5077141813074082,415.2826771960907,415.2548225707658,4.92753592807669,[-0.9689983   0.00806967  0.24693558],[ 0.00857661 -0.99776542  0.06626161],[-0.24691849 -0.06632526 -0.96676379]
29,94.57153633498909,44.248540866133496,40.962071765198445,4.5662328722706675,3.483573981529766,3.020721265419281,4.233436541569733,604.871543235918,604.567723955768,26.220300798324338,[-0.15688563 -0.46949668  0.86888421],[-0.51399233  0.79005771  0.33409683],[-0.84332602 -0.39418483 -0.36526639]
51,4.432348851203627,68.406576049062,106.42459558956092,3.182186223600075,4.363612325111408,4.5580557331296525,3.992401818084124,905.3042022361843,904.6261376155298,41.840880579196316,[-0.89239595  0.39567073 -0.21696576],[-0.44988508 -0.74269202  0.49599595],[-0.03511234 -0.54023444 -0.84078171]
5,56.03585239632842,70.27788859028774,99.05776050020742,2.063203742771637,2.67030947091606,1.3978066129866389,1.025002304677757,299.1969780891339,299.1107331065886,7.857024734188067,[-0.7522514  -0.25593168  0.60713821],[ 0.50850922 -0.81147015  0.28798362],[-0.4189704  -0.52537146 -0.74057318]
14,92.07510212367751,56.33570596032934,112.77449115947402,4.2781459787011755,1.9983987843160584,2.1199571852721535,2.181338246705711,584.3842323384714,584.1985557958742,17.511815236717357,[ 0.07102846 -0.91428614  0.39879294],[-0.80429215  0.18397455  0.56503762],[-0.58997381 -0.36087978 -0.72228573]
172,53.49490024323385,79.98645000072662,177.82347471976098,11.508500179903788,9.061108489121018,8.24673278239349,8.116301976257196,2659.7398912105937,2654.9536139663433,192.80617257477,[-0.29584856 -0.83465965  0.46456097],[-0.91824408  0.38252183  0.10249323],[-0.26325168 -0.39625789 -0.87958981]
20,145.972869571795,69.26297414183036,5.605975095969363,2.8936782469251883,3.7973880055796103,1.870529146593055,3.557889810223303,723.3219526750856,723.2276589023132,16.53512376389834,[ 0.00620176 -0.09362631  0.99558809],[-0.42995034  0.89863295  0.0871868 ],[-0.90283124 -0.42859415 -0.03468155]
104,169.88711163594886,29.650273974408414,112.41089145167277,6.888146270892151,5.550133903209069,12.736350117183953,5.228572060376536,2104.897821679795,2100.38308158781,149.07796798757036,[-0.02290977 -0.95755163  0.28734998],[-0.56498602  0.24952642  0.7864651 ],[-0.82478236 -0.14433099 -0.54671988]
18,96.82419038507916,55.64176214096901,18.168655516613285,2.6774859968214186,2.0769716264093483,3.440503363019126,3.24349358148064,480.415209586951,480.257331617767,15.188803610907412,[-0.51040234  0.85333177  0.10636892],[-0.0849935  -0.17314763  0.98122169],[-0.85572516 -0.49177718 -0.1609026 ]
324,115.65732259415907,35.28039724918289,163.89694089423148,13.271231363923203,6.339709406322156,7.936166158418525,9.351606079399582,3676.721094793383,3671.824673576065,248.4743535764877,[ 0.1231017  -0.98450119  0.12491345],[-0.81317578 -0.0279178   0.58134822],[-0.5688507  -0.17314155 -0.80400925]
23,153.81593444287253,172.6205177750111,151.6644768706048,4.5945995407693445,3.902021908618023,4.497126538456039,2.634091232706115,1326.4991195667606,1326.2686159239906,33.780799591583815,[-0.70827039  0.70139919 -0.07995146],[-0.43455453 -0.34392854  0.83239144],[-0.55634109 -0.62430148 -0.5483906 ]
150,108.6906525104688,57.76144646387127,186.9256135399126,9.897416615619202,7.5095466639517525,6.669769126306689,7.738973097814786,2745.711113578182,2743.6131703563124,143.7947624753465,[ 0.61541916 -0.7793827  -0.11756647],[-0.62032569 -0.57094689  0.53778778],[-0.4862667  -0.2580354  -0.83484276]
3,180.07967386173382,184.10409724751602,73.84248176472306,0.7688361394896474,1.193746436176429,0.3882444688555055,0.7882311184963577,464.0405730506631,464.03559773940276,2.1517158968697543,[ 0.4345334  -0.06472459 -0.89832703],[-0.59948169  0.72358884 -0.34211239],[0.6721625  0.68718987 0.27562231]
48,127.19665168237653,116.21029441324235,144.0433357428942,3.3641826482441775,4.464785481434839,3.217532892866539,2.9879395122034214,1556.3833897265074,1556.1483656748208,39.6000237811393,[-0.71764616 -0.07295704  0.69257581],[ 0.40518802 -0.85258093  0.33004307],[-0.56639796 -0.51747757 -0.64141275]
4,84.05522186534834,75.51361407105462,94.43368302733907,0.5088340500327625,1.760420476451241,1.1174795533813962,1.641357269532708,294.5490233583279,294.5378578692326,2.762413389837597,[ 0.69225748  0.11948515 -0.71169016],[ 0.44160786 -0.85012662  0.28682263],[0.57075571 0.51284308 0.6412721 ]
132,50.29607213245471,31.467549746906965,140.29865489101655,7.792964212678498,5.300665547770317,9.488400412394403,7.063517530612449,1755.6651216058046,1753.1159168681143,131.13719075024702,[ 0.2733187  -0.95491877  0.11587503],[-0.9041421  -0.21390881  0.36982439],[-0.32836557 -0.20584741 -0.92184755]
29,61.953469005764255,189.62001971424394,142.37005754951187,4.329373357627324,2.5785933127553586,2.4062665144669317,3.2582013738512954,1320.0863967522275,1319.9451963689905,24.326867607023175,[-0.2892962  -0.51248484  0.80849675],[-0.92322542  0.37253069 -0.09421098],[-0.25290815 -0.77367963 -0.58091075]
47,187.35530682251994,169.2015007622751,160.77813311882423,4.085528576199463,4.477979096085099,4.377924078448802,3.9010559451031748,2052.4716744431666,2052.145774959678,43.65068467183875,[-0.65250164  0.00237839  0.75778358],[ 0.4270525  -0.82492246  0.37030947],[-0.62599343 -0.56524091 -0.53724756]
124,113.53383981448863,119.34182600866357,191.25477479836442,6.435922922202891,9.057038520741587,5.927581672505683,8.187425276466536,2813.8610073104,2812.527615768655,107.14931367507992,[-0.8142224   0.5657736   0.13016189],[-0.36689325 -0.67522166  0.63989456],[-0.44992357 -0.47326097 -0.75735912]
37,53.450028315504035,80.26276166443058,6.866700849495154,3.182386580505481,3.2316657476721913,4.848775939229092,3.701335560213157,589.2268779548112,588.6953685184454,33.58484026529418,[-0.79748021  0.55214486 -0.24323109],[-0.24149363  0.07732589  0.96731667],[-0.55290699 -0.83015466 -0.0716736 ]
33,109.68344168920925,189.92155628497716,158.12470786688448,3.6804808708515635,2.5555164827126604,5.60816735366834,3.593955959847064,1553.6550298289994,1553.4313526056856,35.73649662208307,[ 0.50414141 -0.70569028  0.497838  ],[-0.76248747 -0.0930229   0.64028088],[-0.40552966 -0.70238734 -0.58497669]
17,72.39821249125418,80.72580765585059,50.258618652590464,2.9042798329864783,3.3823357579637587,2.252743513735375,1.1880329837644914,493.14499666683633,492.8650088353214,19.982833336826193,[-0.53090111 -0.05053939  0.8459254 ],[-0.59262471  0.73568125 -0.3279772 ],[-0.60575569 -0.67543975 -0.42052489]
30,9.269839562368075,195.2112292412889,139.74727587992103,4.199967419134549,2.204088358706314,6.14283762428743,4.035250540684384,1316.5302340397088,1316.2057948860884,36.3824589214535,[-0.78740172  0.38310454 -0.48293834],[-0.61524528 -0.43964868  0.65435639],[-0.0383637  -0.81236688 -0.58188338]
118,179.849962701126,122.61175953806571,118.65811849075318,4.2362258398049955,6.442641680388903,8.584947639267252,6.5244397541298405,2695.385265774793,2694.4509558140103,103.32282071423768,[-0.65216601  0.71648011  0.24766056],[-0.22061759 -0.49193656  0.84221511],[-0.72526366 -0.49462579 -0.47889242]
2,173.75833084437963,91.3103455524417,44.123412735333076,0.31668846625100855,0.11414385162419904,0.0696642884456935,0.23698556386048608,284.5225139339956,284.52229598565145,0.3521681048768924,[ 0.22749547  0.03729803 -0.97306457],[-0.44981086  0.89029428 -0.07103713],[0.86366428 0.45385564 0.21931498]
34,131.93515175684772,166.28630002528263,87.56228553637693,3.5448134550537382,5.856697557726364,5.464234309250734,4.382512426728902,1339.7510307044854,1339.2651367741444,44.32841018735649,[-0.79336763  0.37837618  0.476864  ],[ 0.20114072 -0.57641957  0.79201193],[-0.57455219 -0.72427339 -0.38120577]
22,36.65510377081984,92.06885294575687,68.93671625678387,3.7700831133084485,2.4962185185071095,3.2859786238735933,3.707311397301719,566.7312666181648,566.5665752455028,19.607630259259306,[-0.03566418 -0.59006022  0.80657114],[-0.95207514  0.26539151  0.15205354],[-0.30377788 -0.76249347 -0.57124663]
22,60.25981696375289,70.7605747719495,68.4387508618202,2.527552646732994,5.716719305192611,3.2039429166034936,4.5532210992777316,542.2815411062301,541.911440165385,24.673840041754037,[-0.79124043  0.08840556  0.60508102],[ 0.31894659 -0.78457824  0.53170486],[-0.52173907 -0.61369491 -0.59259337]
2,62.57866114051811,2.0730141262499946,137.5069358907142,0.5648709684152671,0.746500929906746,0.686308571537424,0.40087882007303227,213.68149661617917,213.6759432238303,1.5405465058466952,[ 0.61502538  0.73286822 -0.29094322],[-0.67097757  0.680232    0.29508225],[0.4141653  0.0137333  0.91009807]
50,132.69526118854336,112.45374664364155,183.59886750047838,4.085915789574762,5.083014387508322,5.802376713449582,5.20492186582625,1789.3094212571043,1788.7962619999548,49.41479811730086,[-0.8407997   0.13726402  0.52365489],[ 0.13305745 -0.88524439  0.44568832],[-0.52473953 -0.44441079 -0.72604922]
14,7.060940160044742,174.56956207627735,197.02426567513618,2.594199030301122,5.600855263051922,1.2406706041516193,3.6821125989520285,985.5278137038209,985.4347665010619,19.124260984189686,[-0.99006089 -0.08574341  0.11147873],[ 0.13806153 -0.74361475  0.65419884],[-0.02680399 -0.6630876  -0.74806175]
5,120.70947882261616,158.54900934542175,9.827974078221722,1.5348062829085067,1.1337611942449761,1.5606773803676557,1.6342912121296924,446.15290448787425,446.14225633500433,4.12282441560269,[ 0.79484299 -0.60645885  0.02079127],[-0.04636338 -0.0265311   0.99857225],[0.60504137 0.79467211 0.04920554]
21,43.392994853113564,45.565923769549364,4.306341115558096,5.49554840129009,2.729621489990475,2.0937907699777427,3.7544879246366403,290.42458295189977,289.6370475627774,24.391539135017116,[ 0.16589197 -0.24735853  0.954617  ],[-0.70448854  0.64765309  0.29024363],[-0.69005489 -0.72066583 -0.06682081]
27,56.45602807020713,44.945034740268866,61.4888903904276,2.7866915998788278,4.7540124060685205,3.5090363078536644,3.254571780838501,493.65347245445025,493.05723204642516,29.488147555963504,[-0.72343133 -0.03520021  0.68949841],[ 0.34965695 -0.87982346  0.32194827],[-0.59530423 -0.47399538 -0.64879985]
4,176.13508830286912,24.202615837147498,21.673949721488544,1.5282530251515496,1.2049720734667335,1.7878945665450416,1.5957370862545992,358.2490546686676,358.2296388434467,4.21683172529758,[-0.0475305   0.83585122 -0.5468945 ],[-0.17507792  0.53206612  0.82840411],[0.98340662 0.13512362 0.12104972]
11,176.5723788908374,48.39680804601996,88.06684082738003,1.6365400906834022,3.290153444292822,2.8050565826193656,2.711215092642268,673.9603702581547,673.9153349425659,12.403899518671844,[ 0.48226125 -0.2126501  -0.84982588],[ 0.11031035 -0.94762774  0.29972203],[0.8690545  0.23828891 0.43354663]
14,175.29530089634142,171.21031285473484,62.10965662059332,1.1103255741869904,3.921705463438098,0.8959066972419202,2.8639280723025378,945.9500219872451,945.8911368665127,11.348536599564628,[ 0.32659275  0.00848166 -0.9451271 ],[-0.64229703  0.73558144 -0.21534734],[0.69339145 0.67738321 0.24568331]
35,125.84481739258322,64.26297388308768,131.38039258377196,6.553393029774992,2.938203598946119,2.252025956208884,4.674963570010392,1142.2164938037358,1141.9289576975996,35.031851548277665,[ 0.26149888 -0.94203643  0.21020393],[-0.71111365 -0.04077831  0.70189351],[-0.6526375  -0.33302325 -0.68055845]
44,177.07926206951277,154.62527864723668,4.487903717173084,3.8075999742136286,3.747180686816219,2.63840762441652,3.105478378909743,1560.0825330248026,1559.9081475247694,33.72254523449209,[ 0.06839064 -0.1071316   0.99188988],[-0.65431706  0.74570737  0.12565708],[-0.75312144 -0.65760424 -0.01909863]
123,101.87691217369992,147.52923016943444,49.548879463168255,8.640840098119055,7.6221475971595805,8.028072555139477,6.941934075756614,2067.3887423017054,2065.7327791181156,135.9704311955166,[ 0.46729853 -0.55371     0.68922951],[-0.69399917  0.25323169  0.67397245],[-0.54772004 -0.79327104 -0.26593948]
43,183.08857984310865,23.282360593625572,189.8177515835387,4.41279090581764,4.8534742264239545,3.3920956419664248,4.547882548605148,1736.668356914068,1736.4666681753997,38.2652189328862,[-0.69361679 -0.19610522  0.69313671],[ 0.20149389 -0.97663858 -0.07468134],[-0.69158945 -0.08786258 -0.71692691]
51,93.66086494154638,7.085226094427687,150.88001988574598,5.390053887057903,3.2788173323753105,3.83092706091955,2.3979426065467626,1270.1235274732223,1269.5536590031456,49.851230209576286,[ 0.14045967 -0.9892483  -0.04072926],[-0.83818148 -0.14070493  0.52692877],[-0.5269942  -0.03987373 -0.84893298]
33,31.877893714134085,65.84503718538741,3.53378988426467,2.290201105673537,5.036358497990467,2.1314228068887093,4.659939388523681,421.95256053696215,421.74591721634073,21.15303814980098,[-0.38288413  0.13669979  0.91362624],[-0.81548894  0.41463994 -0.40379637],[-0.43402481 -0.89965932 -0.04728188]
15,34.22534255705779,65.55761629922571,192.76076625583337,2.3589600377260345,1.931371971876175,4.078551455059775,3.820164255508751,799.8443965585824,799.7712820242704,13.014068251482525,[-0.83505362 -0.4584412   0.30416625],[ 0.52457049 -0.83012985  0.18897151],[-0.16586516 -0.31735799 -0.93368767]
5,93.00500119754577,186.13431422916204,27.482118298645368,1.4876867192599117,1.860228630131858,1.2441416742596276,1.849817241782268,469.3442019040967,469.3410760011629,4.3577632347851605,[ 0.88018979 -0.45811603  0.12407914],[-0.16999913 -0.06021823  0.98360259],[0.44313229 0.88685031 0.1308828 ]
35,180.21548107201636,111.29847113808663,11.694463947722038,4.935148457669972,3.541777624717345,3.315514912194627,3.770929367733878,1255.5405458958853,1255.3518367474578,34.398614053386474,[-0.14945168  0.13908796  0.97893755],[-0.50575821  0.83998426 -0.1965581 ],[-0.849631   -0.52448164 -0.05519219]
56,26.58844018379062,107.84696147924403,193.71559847440133,4.083547995177787,4.035355048674295,4.151287577450112,3.7715313604154703,1671.604178920588,1671.5477841780116,44.914683415769964,[ 0.96114397  0.16308879 -0.22272026],[ 0.2490408  -0.86034142  0.44473736],[0.11908379 0.48292306 0.86752773]
143,127.53218238802957,44.56222498899321,26.246593386347055,5.047045738090825,11.038366209810194,6.190520333100285,5.767737338259579,1652.7923777791073,1648.1285645538092,147.08810519683487,[-0.04953825 -0.39719858  0.9163947 ],[-0.37408642  0.85811204  0.35171449],[-0.92606982 -0.3253875  -0.19109596]
36,84.65466154075997,80.5802738590478,27.423093631037254,6.660318056960317,5.237287089532722,5.230680723464573,8.49517541015677,722.5051387982934,722.352055209237,31.130085178009942,[-0.63186165  0.44753797  0.63281958],[ 0.32141244 -0.59165383  0.73935093],[-0.70529774 -0.67056358 -0.22999909]
43,171.48223922127937,9.84961798502465,18.701606499519404,3.3867668708999448,3.173106030120622,2.9886227884775365,3.406250079502395,1133.4540183963124,1133.3328727097519,28.468917128308092,[-0.12161104  0.55507999  0.82285902],[-0.01336879 -0.82985288  0.55782208],[-0.9924878  -0.05683669 -0.10834002]
23,40.57472627322627,64.74798407017569,61.54133945293167,4.869775265530668,1.7358430840795345,3.165107692713407,2.6335027713077412,471.30285754899444,470.8168464885509,26.247845501142088,[-0.03461962 -0.67738485  0.73481375],[-0.90971121  0.3257868   0.25746549],[-0.41379584 -0.65955495 -0.6275032 ]
78,186.1704464816243,15.158290098483215,109.84663325358422,3.410568563960152,8.53860555318696,9.431261785428957,4.9320287524985345,1917.0068396737227,1914.5623827341112,107.96559896169857,[-0.29429849 -0.74269531  0.60149155],[-0.419424    0.66588673  0.61699138],[-0.85876185 -0.07070036 -0.50747369]
5,155.25827893908226,110.26914022984923,130.5735107842132,0.7448728296104199,0.9994250712278778,1.9254322191181363,1.3998528478519996,516.3247726847168,516.3172145747437,4.056432536246017,[ 0.7342098  -0.52722302 -0.4277521 ],[-0.09388861 -0.70283904  0.70512567],[0.67239936 0.47754912 0.56553155]
135,86.62515702548917,179.2651454666409,100.48603848383743,4.160369475353927,4.604298778683833,10.824146523517886,6.576340061866198,2595.0379160328903,2592.6423824936924,122.88333297198723,[-0.81928771  0.52504276 -0.23042946],[-0.42211406 -0.28031207  0.8621165 ],[-0.38805587 -0.80358898 -0.45128417]
22,100.29764205358583,116.60242503498381,137.62409188446065,3.7926741955630523,3.4439646807526745,3.1605196807536875,3.234815953637317,968.3956862691123,968.2305989285446,23.73742622543911,[-0.09028133 -0.72642471  0.68129026],[-0.86934744  0.39123165  0.30194838],[-0.48588508 -0.56501764 -0.66683638]
37,174.5404101262663,103.40908809158954,156.5954879283247,6.319547111433545,4.130079461335406,6.3168543547273535,3.3647646948673833,1559.9783388086169,1559.099752473305,56.227709885970185,[-0.00199043 -0.83349335  0.55252591],[-0.73231798  0.37746442  0.56677243],[-0.68095992 -0.40349654 -0.61113348]
61,15.089543851411538,51.49483460998826,113.73942148115746,3.0735429983895544,3.4310021801155663,4.295156374880945,3.7785017683302176,983.2283857345554,982.9132939104306,39.28211538588354,[-0.85371959  0.50751475 -0.11658313],[-0.50677302 -0.758251    0.41016646],[-0.11976625 -0.40924833 -0.90452852]
14,157.13448204180057,41.414343476727105,61.31314372704901,1.9626831994838012,2.2325414882432346,5.302059374848001,3.1041940408021294,650.228905384568,649.995298612605,19.557320887312375,[ 0.15947683 -0.95797258  0.23844427],[-0.39535967  0.15934267  0.90459972],[-0.90457607 -0.23853394 -0.35333226]
10,9.8574410347227,110.62750180351983,194.51477539613236,1.8358488492341865,2.651844150469382,2.6465062773425054,3.1316599648229966,708.4289006571854,708.4012049001568,8.751046569594601,[-0.8319499   0.49938481 -0.24181433],[-0.55309755 -0.71179923  0.43292604],[-0.04407343 -0.49391969 -0.86838982]
147,170.72710810862444,127.94145779761462,85.44449869884166,6.900210242247488,3.4143068646723536,6.167965338611516,5.745983366136306,2788.396891491457,2787.8925125018645,97.2659583285318,[ 0.33874928 -0.7918885   0.50809599],[-0.57718881  0.25156945  0.77689503],[-0.74303567 -0.55643995 -0.37185021]
33,93.69174940552209,68.30278812575972,4.053046327015185,3.0419358490644957,3.8906379489646805,1.7436067373231257,3.3854936602128567,667.0727876493444,666.8164025269418,23.016736890738166,[-0.12076889  0.10717412  0.9868782 ],[-0.57743908  0.80106662 -0.15765906],[-0.80745215 -0.58890235 -0.0348574 ]
2,55.447271265901705,115.96697281920935,87.9907945474632,1.140633025268155,0.03451906374766622,0.7945052807979422,0.01708249061691447,220.30457133107757,220.29579611348737,1.9663072228557046,[-0.43942981  0.6667988  -0.60189767],[-0.82474337 -0.03397456  0.56448569],[0.35594917 0.74446296 0.56486733]
10,160.02372361288514,80.86470185912162,85.94431073288048,3.197475845444389,1.7597834482765529,1.5281903734512314,3.523910222850375,628.8713824100752,628.8592055218697,5.686702443975241,[ 0.50362465 -0.08274511 -0.85995085],[ 0.31395565 -0.90981798  0.27140945],[0.80485655 0.40667492 0.43222847]
38,5.787024497086216,172.51898822335556,83.01536968088224,2.684297773461289,3.3312971687081427,4.513770353016718,2.9730225979547504,1181.2432348762716,1180.9923489149571,33.719236374139534,[-0.99172521  0.08106843 -0.09954401],[-0.12479486 -0.42683615  0.89567692],[-0.03012214 -0.90068797 -0.43342109]
145,153.14927877402891,30.784567200267716,84.94999164104347,11.512386421304186,6.761415425161335,7.7089297351822,10.78263148692553,2148.6194774871888,2145.691330208381,133.59950354979756,[-0.15382055 -0.80698479  0.57018837],[-0.48356375  0.56471086  0.66878079],[-0.86168749 -0.1728502  -0.47709273]
81,52.97700071040397,50.38490227073065,190.96698790883593,7.105265329733482,5.57245694176488,5.223877086089056,4.380624020480453,1841.936294518836,1841.6113983068892,84.67447016144997,[-0.37782808 -0.86411394  0.33249517],[-0.88884874  0.43906395  0.13103729],[-0.25921779 -0.24602834 -0.93395727]
40,64.0600709060223,160.56255849614215,42.973080248878865,3.0180242633987295,5.451414243710994,5.880392014443365,4.483034456637238,1127.7207718007878,1127.1436058126637,46.072385135624536,[-0.88187275  0.24357563  0.40369712],[ 0.30519616 -0.35773522  0.88254224],[-0.35938246 -0.90149677 -0.2411386 ]
2,95.45304106172271,109.9205964474327,78.94977755714618,0.5770094975192563,1.0689131789879767,0.010461119018550846,1.0470195454173847,234.21513005095377,234.21351040393884,0.87102758235561,[ 0.81605826 -0.43681198 -0.37847617],[ 0.04298251 -0.60715741  0.79341816],[0.57636917 0.6637433  0.47670055]
39,156.8144975646215,4.554106289927691,164.85349829626742,4.470758653167029,2.077853763084464,5.683763736669014,6.554240731113557,1421.9011751777348,1421.8161584208453,23.048969573102568,[-0.14486098 -0.97561304  0.16490753],[ 0.71013214 -0.21857046 -0.66928267],[0.68900482 0.02015319 0.72447651]
37,193.77048251733677,98.76860768184241,192.75155460525045,3.533256620215926,6.619643004082021,2.7938761813924993,5.061746686006587,1768.318422149629,1768.0713193776614,37.648700945381016,[-0.69858374 -0.02491675  0.71509434],[ 0.2597269  -0.94005963  0.22097471],[-0.66672535 -0.34009858 -0.66318193]
57,46.88458485834949,21.014000606026187,196.30447674635832,4.043471573626605,5.532337195126814,2.2074203097342675,2.00448108533619,1532.6307381612212,1532.3851555109725,52.15446250027929,[-0.970543    0.09436302  0.22167974],[-0.06831654 -0.99013019  0.12237263],[-0.23103925 -0.10362351 -0.96741048]
4,197.54598854220802,13.238055110180287,162.78894888700754,1.5272244355537248,0.9949705830135336,0.964408191354682,0.6768477385899621,512.6524599899958,512.6456480733393,3.893464535597381,[ 0.06461225 -0.9979067   0.00273397],[ 0.63390151  0.03892748 -0.77243351],[0.77071015 0.05164174 0.63508975]
50,146.58525347181268,38.221679877718955,108.07451084133399,4.019915007930165,8.462013530724514,4.173686875597813,3.4674227521674132,1317.6597628526579,1316.2412734702875,67.9962404759551,[-0.45370205 -0.44416861  0.77257278],[ 0.4169844  -0.87198629 -0.25644478],[-0.78757759 -0.20580128 -0.58083334]
17,184.4966882350999,13.572357495383262,135.94950815716652,2.96757442110436,1.9732648376892403,3.042988125866755,3.106620354176714,946.7291311323929,946.6939121488789,14.436824600541584,[-0.06651614 -0.97991836  0.18797767],[ 0.59139414 -0.19045531 -0.7835686 ],[0.8036346  0.05904894 0.59218633]
56,143.21784857835158,171.8215619006608,3.2095927995478877,9.04608274733826,6.3102825771298,3.095391853792727,9.26380202879382,1676.1075789617369,1675.6318831244496,50.805040631174386,[-0.122695    0.08377765  0.98890204],[-0.75800774  0.63526373 -0.14786567],[-0.64060144 -0.76773778 -0.01443957]
2,180.23176353609057,151.79076939916652,101.99200646359998,1.7529410367554448,1.3593875194472673,1.057941925078758,0.0065877555925624165,363.1317546632749,363.1151213816294,3.4756105698799677,[ 0.03476758 -0.58549449  0.8099305 ],[ 0.71138362 -0.55471482 -0.43153772],[0.70194341 0.59117482 0.3972251 ]
41,67.7255784375079,52.73333160998537,58.882244736198906,2.3598973570752033,2.324395548375188,4.148858723192121,2.8141143291555712,667.1486597279752,666.9615781093792,28.80274898386253,[-0.71427312  0.66120892  0.22938327],[-0.25823307 -0.55361731  0.7917219 ],[-0.65048413 -0.50627132 -0.56617997]
