N,MEAN_X,MEAN_Y,MEAN_Z,SIGMA_X,SIGMA_Y,SIGMA_Z,SIGMA_R,LAMBDA_1,LAMBDA_2,LAMBDA_3,EIGEN_1,EIGEN_2,EIGEN_3
184,9.957371006324534,111.68399438290761,94.24896822655818,7.195637927988684,14.22266144609853,13.34544601069666,18.346337532290082,2005.1350693149825,2004.2419719355594,130.55762886145152,[-0.92645428  0.28990794 -0.24007468],[-0.36952628 -0.5791116   0.72669119],[-0.07164352 -0.76196007 -0.64364902]
5,9.022861580214869,113.95108645884727,6.467940552386682,0.6069720668750089,1.8564926138134037,1.775333325080286,1.9332510151717,256.07389613335096,256.047805252877,4.038928068084634,[-0.99033175  0.07166601  0.11877292],[ 0.11415289 -0.06545506  0.99130457],[-0.07881713 -0.99527866 -0.05664134]
4,53.611913102317025,122.55345185880586,116.07591587290898,2.135765864147819,1.996903748749015,0.8344575809776837,1.614391205640752,354.2638571408874,354.23456310590905,5.156512542156127,[-0.46928128 -0.4902837   0.7344365 ],[-0.82954221  0.52987704 -0.17632369],[-0.30271241 -0.69199149 -0.6553724 ]
93,56.29867277761573,29.65956004539052,130.87095341017738,4.901761279724751,8.033848488502848,4.721121931068507,4.775896114021504,1406.091674603283,1405.0783060292492,89.98953435898652,[-0.91608502 -0.02715885  0.40006328],[ 0.10629367 -0.97845919  0.17697253],[-0.38663922 -0.20464607 -0.89923862]
39,192.545128162164,98.70674617121927,192.9860016979309,3.1910085666373362,6.4958781600194255,2.6508934561267985,4.818128661121401,1811.1862359509903,1810.945886286198,37.579346553677944,[-0.72584495  0.08022343  0.68316419],[ 0.17935439 -0.93674707  0.30056104],[-0.66406409 -0.34068921 -0.6655447 ]
231,173.18818911828967,158.91149987637473,148.53130165659147,10.309296311213632,9.76029581140178,9.786363153615609,14.675732578671818,4233.331393286763,4232.504790364958,136.83804538732454,[-0.63231013 -0.03448275  0.77394757],[ 0.46065051 -0.81995504  0.33981589],[-0.62288442 -0.57138837 -0.53435038]
10,122.27664352664048,189.4257141208346,70.2119019176877,3.5453314147418,1.1578748018859646,1.4923266171977634,1.8757527866246761,746.8464144576056,746.7825817887824,11.258257674117408,[-0.13336084 -0.26763399  0.95424679],[-0.8449991   0.53383156  0.0316288 ],[-0.51787199 -0.80211964 -0.29734271]
70,134.80145319933078,166.994615306709,84.36818177396961,5.1236261729564685,4.892751459651668,5.600812288697446,5.282648557448701,1930.4867460019605,1930.1847008322206,61.266432052748236,[-0.77837191  0.3734219   0.50467144],[ 0.22880082 -0.57985004  0.78193613],[-0.58462583 -0.72410636 -0.36589975]
2,121.63668552609741,59.58955403945776,75.82820600131421,0.3517352347938001,1.3804359014042191,0.298744064863655,0.40022162169887565,219.53784917750966,219.52892859556653,1.9790733108248577,[ 0.39991338  0.29005723 -0.86944585],[-0.47547056  0.87663433  0.07375627],[0.78357963 0.38389979 0.48849148]
11,60.6964415324825,3.33821071088352,89.04620952705972,3.4504242181576013,1.742707377813674,2.7417638626117466,2.614149195961111,357.89654572126545,357.728349467623,13.116578483414024,[ 0.23421737 -0.96428809 -0.12365558],[-0.79253361 -0.26305163  0.55017663],[-0.56305657 -0.03085972 -0.82584198]
15,12.572158638067995,136.96372762911577,83.41701982680121,2.4738960076287295,1.300948938313756,2.2628341177003364,1.876503042951742,623.1403933610717,623.0640046314581,11.870947716804762,[ 0.49692154 -0.48424922  0.72011921],[-0.86427229 -0.20146771  0.46091665],[-0.07811776 -0.85141849 -0.51863683]
45,26.269328468223527,158.76722494818048,38.119665547197016,3.3968933004813526,4.101933081919265,3.8154669294447237,4.406366874897315,1110.155061527843,1109.8995717641567,32.57834790969207,[ 0.63433153 -0.27819895  0.72126892],[-0.75660278 -0.03191843  0.65309528],[-0.15866865 -0.959993   -0.23073297]
5,182.79934210356197,180.12489250817293,171.60340521962047,1.7223122013226313,0.680544630508755,1.761776968938976,2.036720626857452,690.3408313951837,690.3375752510548,3.4572915070741326,[ 0.55403596  0.20615937 -0.80656213],[-0.58517626  0.78555581 -0.20117359],[0.59212575 0.58343841 0.55586574]
131,19.502738246445972,44.07696207702332,186.9477753277769,9.25852542472667,6.914856599139151,3.939920346958451,3.494594108929367,2212.6327059143273,2211.52160367055,133.8089248839034,[ 0.03653839 -0.97350564  0.22572485],[-0.99422105 -0.01259629  0.10661068],[-0.1009428  -0.22831578 -0.96834005]
359,15.069890954395113,188.4761788166904,106.72804372107865,8.195582569375292,5.859660988421076,9.991933537799222,7.109694190026246,4119.838867794702,4118.836072706994,232.58525784719043,[-0.94385749 -0.10243818  0.3140692 ],[ 0.32294653 -0.48629979  0.81192244],[-0.06955993 -0.86776663 -0.49207975]
2309,87.30281975488677,124.14283436481743,145.44771012784076,17.991284387975586,32.797844608645,15.209089860479036,27.394715012754798,10264.960991198675,10209.154454495761,1412.6974451414403,[-0.8960925   0.1412472   0.42079385],[ 0.15471192 -0.7891739   0.59436418],[-0.4160318  -0.5977071  -0.68532019]
23,118.16498376137046,177.76595499010602,189.1998489229754,3.0430054606231614,2.5055510997742654,2.8525428975639397,3.7750839576655064,1368.1301732835711,1368.0880355620209,14.728050630929438,[-0.57708685  0.74343308 -0.33805033],[-0.70379052 -0.24272081  0.66765673],[0.41430625 0.62321254 0.66329214]
19,184.60407396694765,115.76884935800032,42.13252537069801,2.8979396036867104,2.367137797624523,2.6015298310339414,2.409677217680771,967.561228918556,967.5062505117801,16.831231580111844,[-0.31700782  0.7270784  -0.60898526],[-0.45563764  0.44639786  0.77014498],[0.83180549 0.52161859 0.18977267]
181,168.20152754744998,128.40382181982173,83.24810912854053,8.01106502610751,4.064532374188063,7.187163222649211,6.992680265401377,3062.1032828302095,3061.9040532930785,122.61064510916948,[ 0.64530424 -0.74912238 -0.14965994],[-0.1899305  -0.34708685  0.91839922],[0.7399384  0.56422193 0.3662578 ]
42,181.0771494104847,194.42280244778803,178.24263358653062,3.8932105160294355,3.150863267483637,4.196408276023187,2.5041141528179724,2073.7627084416645,2073.589438504587,39.08389990734205,[-0.67153464  0.73183254 -0.11602738],[-0.47820945 -0.30843745  0.8223029 ],[-0.56600083 -0.60769028 -0.55709567]
3,114.33339288571722,116.72312968629844,125.38178214801265,0.3147591165602365,1.105683109987344,1.0852218464337238,1.3869951204221656,356.73215594155675,356.73164893309774,1.3136281666883936,[-0.09907825  0.77177107 -0.62813448],[-0.82584476  0.28837527  0.48458244],[0.55512516 0.56675315 0.60879137]
58,33.19423683332834,91.28477746055944,151.8287711858996,3.7819913345568104,5.749744830247963,3.809348259658549,3.561466627688807,1373.8064906453856,1373.1096853973177,53.52748265391661,[-0.9094201  -0.23720835  0.3415952 ],[ 0.37282128 -0.82897341  0.41690211],[-0.18428068 -0.50649312 -0.84232141]
230,83.81642244081155,177.1623108456688,102.91852008335826,7.905487367763732,9.360012350194788,13.77109234793225,7.356045996977651,3368.0805879705854,3359.945615328006,254.7093805115516,[-0.84421828  0.50444986 -0.18117902],[-0.3793592  -0.32353856  0.86683874],[-0.37865828 -0.80053303 -0.46450486]
115,135.70184978964224,169.9000232180544,140.17400342425498,4.145714698133395,5.904718131023027,7.763500029550757,5.63782681201304,2776.2836328781277,2775.3653776442857,96.3116339573416,[-0.80996937  0.58103261  0.0796914 ],[-0.26253816 -0.48073217  0.83664227],[-0.52442666 -0.65673259 -0.54192157]
5,22.423109182229577,91.7489536736526,95.55184267339934,0.9868845914850845,1.151301806302063,2.6072839124013347,1.3528684634970896,300.49395356086467,300.4436484411267,6.015088370778379,[-0.97520128  0.00800979  0.22117482],[ 0.14531359 -0.73059158  0.66717307],[-0.16693237 -0.68276774 -0.71130991]
270,116.99594242968763,34.62226359997193,164.26071852291503,12.539479350556114,6.716212278376886,7.177516621671006,9.01156270938873,3370.618275799905,3367.3140502961387,214.7452295113174,[ 0.1350705  -0.98457378  0.11122241],[-0.80852752 -0.04463557  0.58676309],[-0.57274708 -0.16918077 -0.80208394]
55,44.159581445557336,30.36581881573867,148.62605882069064,5.076567876046397,5.537495847088395,3.662147093328605,3.167381828846593,1173.0660973358883,1172.2151115406289,57.57662013655415,[-0.67252828 -0.66016886  0.33448885],[-0.68535178  0.72612143  0.05514176],[-0.27928239 -0.19215814 -0.9407851 ]
13,13.342945035191612,70.30352240997445,115.87442050328649,4.3917336700939975,2.493155624697743,3.581710155370371,2.3249696090923764,491.508215198963,491.146390955756,20.652938155903218,[ 0.59418713 -0.71618991  0.36607878],[-0.79836802 -0.46985866  0.37661831],[-0.09772494 -0.51604734 -0.85096709]
28,140.85220701778243,100.50626697204059,59.75633964549446,4.73516194904354,3.7801271552791986,4.961120951179546,6.132525991451828,969.4229972343576,969.3533357966736,25.71079011933027,[-0.59243807  0.80444101  0.04349485],[-0.23900602 -0.22706401  0.94409642],[-0.76934599 -0.54892313 -0.32678761]
18,162.3767401828967,122.66473673401596,47.24062391130284,2.6097798235487395,2.116405312406918,2.398434036909267,2.7642780569419676,886.486863379732,886.4471310275993,12.991404983479296,[ 0.59138936 -0.55906455 -0.58112431],[ 0.21476724 -0.58542477  0.78176267],[0.77726035 0.58713259 0.22614523]
6,150.04570596566612,26.991313603456287,102.94408493996893,1.8669454788444995,1.320334190175179,0.5207070846655284,1.5764285595948058,450.6285827956093,450.6201355755174,4.257555673042851,[ 0.47792589 -0.71596001 -0.50890874],[-0.32594637 -0.68254323  0.65413585],[0.81568732 0.1467515  0.55956965]
496,115.315967103171,141.6648585006149,90.56157447531115,10.339396985008488,11.742717075253331,12.426447280534283,8.15543825071326,4556.277457790059,4550.3969146400095,407.1847654175898,[-0.77837924  0.27193809  0.56584047],[ 0.27238659 -0.66576977  0.69466262],[-0.56562471 -0.69483832 -0.44414908]
145,130.89370086911183,92.50989297859616,162.4802749417945,8.037606389498539,6.276843365416435,6.053389766705265,5.8962869193141625,2750.994002279857,2750.2355078069622,124.24693418824218,[-0.2448848  -0.74449923  0.62108963],[-0.78162472  0.53062264  0.32787559],[-0.57366735 -0.40516726 -0.71186043]
311,17.001960344932144,27.16130802656181,142.56925985572408,7.6739579007199525,12.33434458164637,8.117379898818115,7.015309599648493,2589.7627674096207,2583.502588873109,268.93443434110736,[-0.98295074  0.16312976  0.08483238],[-0.14355386 -0.96915946  0.20030534],[-0.11489186 -0.18471226 -0.97605391]
115,139.8105768968068,189.71453326577054,48.77896005027395,5.269432815110803,3.8682578691232723,6.7454956550649445,4.421564193430851,2582.316425846384,2581.708393105257,88.62490712330974,[-0.81202432  0.578221    0.07922738],[-0.05472389 -0.21058797  0.97604201],[-0.58105232 -0.78823422 -0.20264506]
3,151.03118072946907,123.02706499006531,7.644931076273539,1.147145042022092,0.16303261958058665,1.4078490895116933,0.9260070540241577,337.67367763677527,337.6627605291453,2.7244097250209482,[ 0.56758104 -0.6667654  -0.4829862 ],[ 0.27862688 -0.3964631   0.874748  ],[0.77473791 0.63106332 0.03924618]
139,131.02159110415707,93.1323085468345,15.15810667095354,5.920258787562456,4.2543851093226195,7.105296046308448,6.363594381734451,1906.8459088506884,1905.6240968552784,93.91722089063337,[-0.58366412  0.80747764  0.08553389],[-0.02686796 -0.12448555  0.99185758],[-0.81155055 -0.57661356 -0.09435303]
6,6.782942613418097,179.19464766770523,164.14542165394357,1.8188797881643253,1.6868213345718959,1.0380109684862202,0.9642345520178048,595.5156767549453,595.4959352956806,6.151245716396897,[-0.67423863  0.51254277 -0.53169745],[-0.73798653 -0.44040646  0.51129054],[0.02789528 0.73711739 0.67518872]
26,165.3962973508424,182.57090664128043,188.12880571227532,3.13378151230179,4.106473594334922,6.269485237658472,2.4968763158704355,1581.0504124257634,1580.6163087200216,39.371777671402484,[-0.75264186  0.65802567  0.02307501],[-0.38579171 -0.46912159  0.79441153],[-0.53356817 -0.58900522 -0.6069414 ]
42,149.03887419274832,23.50081429327404,84.57703619830242,5.216358121180978,5.353387553183526,6.667181662583557,6.548454979135095,1122.6019832242282,1122.004863946519,49.20707587499123,[-0.48749261  0.48937425  0.72309322],[-0.14208165 -0.86158867  0.48731691],[-0.86148927 -0.13482512 -0.48954921]
36,142.32590756247794,169.14067967408627,3.0515515363855403,3.469014033482597,7.223201202303435,1.5760884015404115,5.99047284148658,1327.328574381076,1326.9737364495893,33.29727869215152,[-0.07049657  0.04130602  0.99665643],[-0.76221023  0.64230051 -0.08053335],[-0.64347945 -0.76533906 -0.01379611]
125,71.56011546141305,136.238494349187,69.73626837063439,8.158442354591893,5.737327271465962,10.230263975049098,4.392490035945315,1894.3274696651556,1890.95104267229,151.96246910999713,[ 0.80888754 -0.13168749 -0.57302648],[ 0.40727692 -0.57741824  0.70761125],[0.42405949 0.80575839 0.41343314]
7,181.76621553947993,180.95656268526497,148.22111449593314,2.564647544376937,2.7938509561418283,2.0562680302073626,3.4145573738447714,783.8346694343104,783.815844525779,6.982771683633489,[ 0.6302834   0.00280279 -0.77636008],[ 0.47564921 -0.79173415  0.38329474],[0.6135965  0.61085937 0.50035004]
51,93.38778251202271,44.62702651710418,40.40443601936116,5.477311689369339,4.814164719732999,2.76541186063161,4.290397962223784,795.2774676989969,794.2481425883115,46.20900339124971,[-0.16538828 -0.44882363  0.87818225],[-0.5154293   0.79849564  0.31102627],[-0.84082064 -0.40120077 -0.36339867]
49,26.203105809837815,127.93804116337482,10.48365345286521,4.950929689177892,4.104235157493623,3.797454912599087,3.4722882074447705,918.208365520412,917.8044438333845,46.15696515626637,[-0.26962575 -0.02351113  0.96267813],[-0.94205986  0.21361577 -0.25863395],[-0.19956246 -0.9766348  -0.07974521]
9,142.38973452933615,50.33340629035681,164.33555056576648,2.55056158225996,1.8410226357156716,1.7815184476291062,2.469026116721516,669.6560013871344,669.622123573885,7.911479582073315,[ 0.34217916  0.77353088 -0.53344484],[-0.6898444   0.59227033  0.41632986],[0.63798756 0.22553454 0.73627851]
2,57.127726950400984,195.27114961492111,113.09803943498581,0.4277690832093839,0.0251278872546834,0.0592592479929408,0.05511088309862089,329.1982767632535,329.1977175489531,0.606782049279414,[ 0.08740577 -0.5182965   0.85072262],[ 0.965469   -0.16631522 -0.20052148],[0.2454177  0.83887305 0.48586229]
273,55.68103355846785,43.08305462322994,103.3984900037909,7.815009899388172,6.312550867683138,10.897120269765551,8.856645806007666,2079.533059601027,2074.0599436196253,193.50046725122,[ 0.04982697 -0.93114636  0.36122532],[-0.89563562  0.1183974   0.42874105],[-0.44198881 -0.34488913 -0.82806847]
73,113.16379910993214,16.155973394134833,49.453902538299566,7.707451520494373,3.786648286711277,8.504256279535767,9.15502513893216,1068.8324855075898,1067.2978820383566,68.25963984599412,[ 0.117228   -0.99141569  0.05790106],[-0.4023143   0.00589552  0.91548263],[-0.9079652  -0.13061462 -0.39816959]
35,12.10864013377844,95.60998655400624,167.8919793570681,4.230612537624543,4.3260121772380025,4.499960082640583,5.695944610955979,1146.0200433787581,1145.882425448786,29.39820475242878,[ 0.09790136 -0.86775205  0.48725938],[-0.99321414 -0.05430933  0.10284047],[-0.0627773  -0.49402113 -0.86718057]
26,6.3674754374434315,185.42910655559683,57.54605332237612,3.004693021731929,3.018614491190631,3.0355571025545833,2.877247511344281,990.7972092639633,990.7176995646375,22.27557815129452,[-0.76735179 -0.1658469   0.61940781],[ 0.64038741 -0.24760493  0.72704592],[-0.03279011 -0.95456095 -0.29620636]
9,168.4107238586368,170.56725587409844,48.672267379159614,2.319670181372292,2.72421964081007,2.327314266255977,2.6548274769599476,733.8634585666593,733.8323011499396,10.040854663915896,[ 0.59481644 -0.38609942 -0.70506782],[ 0.4148612  -0.60382723  0.68064885],[0.68853728 0.69736642 0.19898869]
218,24.108686950987114,13.994813627502067,107.0512424485208,6.053074077818282,9.919829372563608,13.54626914311063,12.60024664646025,1651.0470259243496,1647.1173020683414,187.85172079679373,[-0.95960691  0.2120937   0.18485357],[-0.18276856 -0.96945941  0.16353625],[-0.21389304 -0.12314509 -0.96906401]
31,121.21799672295363,54.76184231301526,195.70473749957327,5.311587007182916,2.4440125860151376,2.4848899343294866,3.5650122837999585,1317.8967778102588,1317.7110031527395,29.23290147818518,[-0.109701   -0.93748987  0.33027024],[-0.85169352  0.2599598   0.45501544],[-0.51242935 -0.23137337 -0.8269719 ]
3,34.86064208380944,130.69418865699072,176.52825083007266,1.4146342655238338,0.2579138951218325,0.7300324666404554,0.6705957822843781,385.2051900605034,385.1971640656385,2.5420910148087184,[ 0.05615375 -0.80770886  0.58690132],[ 0.98604084 -0.04742293 -0.15960743],[0.15674891 0.58767123 0.79377094]
10,153.27510463231062,175.63781652660404,150.38866123323686,2.818971354202649,2.8362466934912343,1.4439787010964373,2.711547229566823,877.351865364858,877.3148396856594,10.338773139952893,[ 0.73671765 -0.6751522   0.0376379 ],[-0.38978676 -0.37852991  0.83951259],[0.5525517  0.6331545  0.54203505]
2,173.09846444198962,84.65382916015176,101.82347771566535,1.3105579135964973,0.09126940246625992,0.7374507024374211,0.7318067155147787,308.2195306058678,308.21390422218076,1.8623348307530332,[-0.24990142  0.90975014 -0.33151766],[-0.55380037  0.1465598   0.81964954],[0.79426345 0.38842619 0.46719446]
693,181.08650392470884,95.17092313844975,67.83468150733698,9.420542476752198,11.454099147596622,10.374239227029195,12.233120146057317,5689.277080911952,5687.340458591398,349.13234680866515,[ 0.15964006 -0.75550205  0.63539886],[-0.51922921  0.48316638  0.70494771],[-0.83959281 -0.44245554 -0.31514602]
3,159.46108194351459,105.47387179493383,58.12489744720091,1.1397420088906867,1.561844259505727,1.8537798340956986,2.148387057516396,346.141479247448,346.1328321354571,2.766949925563006,[ 0.45373069 -0.84382633  0.28650583],[-0.39672018  0.09661941  0.91284051],[0.79796088 0.5278464  0.29092374]
4,149.3205845358435,160.35682733648542,113.58336415878136,1.0954491053110575,0.3887592526691713,2.012688894648664,1.6370829747606113,493.6294194047043,493.61861330287525,3.303724748047418,[ 0.79277617 -0.43793667 -0.42393092],[ 0.07387113 -0.62136182  0.78003368],[0.60501984 0.64970837 0.46024996]
209,93.58269975545628,99.00555102624871,187.75384374328266,9.811630616318695,8.777987818221163,5.210962706003919,5.619529565949483,3359.328326584711,3355.07848280629,187.86907698310432,[-0.43111327 -0.69151585  0.5796095 ],[ 0.80721997 -0.5826072  -0.09468248],[0.40315911 0.42705349 0.8093751 ]
31,124.08095388182227,64.80533799025518,133.47927581398716,4.137785261842186,4.037788002006892,4.146436255959459,5.3765363037826335,1077.5473100302345,1077.468024587585,25.879484049019354,[-0.75900736  0.40773367  0.50760328],[-0.11124587 -0.84938042  0.5159237 ],[-0.64150775 -0.33512112 -0.69004467]
39,43.82934600613582,109.71065465431965,166.44146038512568,3.0354836327453714,3.2935007360317723,3.279638481191313,3.6166563801703178,1275.0245424800341,1274.959676613945,26.258661842355757,[ 0.73089515  0.46535433 -0.49923704],[ 0.64782003 -0.70322259  0.29292867],[0.21475914 0.5375159  0.81544783]
70,9.383941808134564,175.34436728995817,6.157625413378528,5.543226079756717,4.441311846161394,4.035783895318961,4.679153362332138,1471.3283185082182,1470.853866260573,56.14770752152577,[-0.4145612  -0.00969355  0.90996981],[-0.90842262  0.06365613 -0.41317823],[-0.05391999 -0.99792481 -0.0351952 ]
321,97.71697765720786,85.18120907628094,80.73724755717292,10.168073731798158,14.877493661887492,8.849220617883555,8.77143369163299,2754.9081531502197,2745.355740566065,324.94137199886563,[-0.38243555 -0.36539387  0.84866388],[ 0.66815325 -0.74377736 -0.01914319],[0.63821178 0.55971649 0.52858601]
69,28.18521040623755,108.53970308680798,193.55662296055363,3.9279327264425485,4.068056304106505,3.500028350212018,3.5218998840075053,1858.7596955598653,1858.5940066637697,46.76346867480317,[-0.78292443 -0.4869781   0.38714554],[ 0.60921217 -0.72623478  0.31850207],[-0.12605503 -0.48521683 -0.86525994]
51,162.65341677224447,29.438978094183458,121.52997278273,5.45432635007564,6.199977416733715,5.468186364465939,5.366480158111106,1466.4220070604888,1466.116142718302,59.43057919040988,[ 0.425086   -0.8270599  -0.36779589],[-0.43681465 -0.5433304   0.7169275 ],[-0.79277667 -0.14409721 -0.59223403]
526,114.61392140178194,125.79013626162407,33.836288187374606,16.031258150212455,12.550958473363265,12.507709257479608,14.960654564360361,4008.0419813785356,4002.375733939337,432.52950339141637,[ 0.48300585 -0.60869204  0.62944368],[-0.57305989  0.32377673  0.75284194],[-0.66204812 -0.72433599 -0.19243094]
13,52.69989839335478,81.87467243253113,31.741257306391734,1.312825629912983,2.7546577698807595,3.1913492764501616,1.9202577584352265,369.52086231606893,369.3921943692625,14.321676720349554,[-0.85481873  0.50700595  0.11058889],[-0.06866809 -0.32175397  0.94432996],[-0.51436332 -0.79963701 -0.30985645]
63,195.76688134816268,66.02646928002413,111.3505561742698,2.85305758943491,6.064066521010553,9.113400270482904,5.545692555876404,1864.7128887649583,1863.7051938153766,77.74857367234723,[ 0.01744737 -0.87321668  0.48701973],[-0.5519251   0.39774609  0.73292341],[-0.83371114 -0.281586   -0.47501058]
60,155.45978008420397,186.52560142697385,161.0603113694475,6.31037303996355,5.178131942730579,3.897590301914485,5.755535603053631,2257.9517028764308,2257.5503232981064,54.182161874771985,[ 0.56829778 -0.75535024  0.32631832],[-0.62628745 -0.13986946  0.76694235],[-0.53366812 -0.6402207  -0.55255388]
22,154.11567999493184,108.52943948735236,32.190572141858176,3.071508390198342,3.249660453158352,2.6857010738068885,3.9791307427777065,897.2297951196492,897.1367784016819,15.750645892777646,[-0.59170402  0.76290225  0.26051201],[ 0.01956598 -0.30946787  0.95070858],[-0.80591781 -0.56763527 -0.16818645]
33,144.11398326116867,58.25986325036183,74.73593874629915,5.663364471880928,3.943369305716004,3.337770095750056,5.494163250980292,991.7049323658351,991.398451073313,30.507650387443885,[-0.4619943   0.85883079  0.22129379],[-0.29691342 -0.38489595  0.87389789],[-0.8357055  -0.33803075 -0.43281813]
77,45.3336308753448,90.38112892012472,90.44139041487097,4.115866789769287,4.885960462337075,6.6821734687718815,4.028245549930006,1192.538035003059,1191.5865493464646,72.6630886775456,[-0.81638089  0.55793873 -0.14908596],[-0.47152232 -0.49490318  0.72988872],[-0.33345007 -0.66616456 -0.66711006]
224,119.14576775818753,119.1103590618338,186.51636678565956,8.826465507699963,8.099709041162173,8.512010311954722,7.858213504379472,3766.3509540339137,3765.3025149280497,186.0472831198155,[ 0.30047196 -0.879231    0.36968832],[-0.82770678 -0.04777028  0.55912386],[-0.47393891 -0.47399457 -0.74209908]
2,125.62542747531032,62.949644482150056,106.44589304178547,0.19677033477186257,0.9548398428284912,0.0078087605052914455,0.20545645362408038,249.3033670567392,249.2997237426018,1.3478010571335148,[ 0.60205527  0.13051163 -0.78771579],[ 0.36010405 -0.92490213  0.12198823],[0.71263913 0.3571033  0.60383996]
13,197.92185687732896,11.192004637411895,143.54331019191392,1.536077715015714,1.893696934531008,4.334314316925297,3.1680526519855587,882.6208681797731,882.5586405785101,13.848835398648234,[-0.04519224 -0.98919242  0.13948482],[-0.58664506  0.13929471  0.79777475],[-0.80858224 -0.04577485 -0.58659989]
16,85.79586581388074,154.61670591911133,50.66468988233704,1.9939758622258883,2.270353815314364,2.6544180899917027,2.0043236941286593,735.9092139016163,735.8353188892054,13.964422275288834,[-0.84418693  0.33006561  0.42238029],[ 0.26414734 -0.42950504  0.86356911],[-0.46644893 -0.84058439 -0.27539659]
8,185.0297163189099,52.456882106315526,118.12193076316873,1.7961609658520694,2.520339532746952,5.027059182628966,1.590544273388562,638.5740441828625,638.4127828886453,16.064796027169912,[-0.40826095  0.87808491  0.24957941],[-0.40164455 -0.41830072  0.81468163],[-0.8197589  -0.23236049 -0.52345387]
33,145.65940931887758,85.10363089532686,69.09686182905965,3.405010161089558,2.8882775886877394,3.192266764220678,3.827707542215561,1047.6229823457063,1047.5614276365645,22.618317788167072,[ 0.50700805 -0.18390504 -0.84209369],[ 0.32332885 -0.86505363  0.3835892 ],[0.79900019 0.46675599 0.37912735]
8,66.51298152235435,101.74042093569216,1.5572638119312143,3.1172528690312538,2.481261159804391,0.4667471813493508,1.3681199001236508,344.01633670886963,343.85536754226075,10.674981727694561,[ 0.0044022  -0.01822224  0.99982427],[-0.83705084  0.54695471  0.01365401],[-0.5471074  -0.83696385 -0.01284513]
17,104.7523955898519,60.62890251476057,145.70696200364114,2.0296611938108664,2.801864807284888,2.3319151339010675,2.4374316383902705,781.1265627228762,781.1138891566096,13.980257805874711,[ 0.77414626 -0.53878715 -0.33227395],[-0.30806605 -0.77923361  0.54579326],[0.55298543 0.32016149 0.76922281]
65,128.28703747900062,79.1238743977273,33.43828685660402,9.578290367063174,4.197145332801268,4.8008335798539665,6.803007740792377,1247.6605090742355,1246.4957460519042,74.29518164537996,[ 0.04300074 -0.44758843  0.8932052 ],[-0.55323817  0.73377743  0.39433261],[-0.83191253 -0.51111181 -0.21607003]
86,184.2803970947565,19.875087351517184,184.54054073947282,5.035492245833787,6.528085187417072,6.084260569008049,4.378724358508545,2426.9581419454366,2426.3082633670515,85.98758911246951,[-0.44965334 -0.72140667  0.52667285],[-0.54909994  0.68832332  0.47402559],[-0.70448643 -0.07604884 -0.70563124]
9,178.86978158385048,179.61713203374725,61.48252198244467,0.9316770610642304,1.9349588942109892,1.7818990051167753,1.458383123383807,782.5581977074185,782.5308534545186,7.137381083889727,[ 0.71927241 -0.59161813 -0.36419113],[ 0.11136538 -0.41925467  0.90101236],[0.68574408 0.68863162 0.23567254]
3,101.61485781083086,103.29451312468616,23.945855607957636,0.283771246921998,0.7343201273667351,1.0142122095760149,0.3809183441563561,254.3832265922426,254.37568928794107,2.124057798677203,[ 0.699699   -0.59753476 -0.39162933],[ 0.17803506 -0.38504003  0.90556485],[0.69189944 0.70334656 0.16302999]
2,171.1965522801881,114.70756078604421,194.80697555322558,0.35963166730438445,0.28918209038398857,2.137519304634168,1.5685114864356535,401.0501806215713,401.0443918287495,2.154799132947749,[ 0.69783556 -0.68476606 -0.21004996],[-0.38546153 -0.60620766  0.69565198],[0.60369276 0.40448451 0.68698423]
192,188.39205435447528,32.21130274411245,64.32769160588258,5.708744860454321,6.058082082562537,6.981187071472445,4.747472456620089,2797.156474047714,2796.252650564133,135.67841804074453,[-0.01238918 -0.87931306  0.47608303],[-0.35634136  0.4487427   0.81954306],[-0.9342737  -0.15949461 -0.31889517]
2,2.1084743181606247,105.28945428271959,13.825504572153902,0.7156302693101968,0.191571659303591,0.1812360181108641,0.22769527651190202,150.21345543362722,150.20992825899899,1.029390954255507,[ 0.21256193  0.123031   -0.96937134],[-0.97694564  0.04692609 -0.20826703],[0.0198655  0.99129275 0.1301693 ]
72,129.24553079627205,7.670527912029375,144.23593952969688,4.998595756214229,4.113517837357024,5.32802196585804,6.086609644972082,1645.9829606302899,1645.6427724178902,49.05589014032102,[-0.56014547  0.6851853   0.46557292],[-0.49151503 -0.72729808  0.47900989],[-0.66682083 -0.03947913 -0.7441716 ]
133,107.07291489875547,59.22568960321041,185.12596439335582,9.712860397148502,8.263002436385124,5.28328115749503,6.583735085383071,2563.5933525233627,2560.853309860474,139.9341307500284,[ 0.61231401 -0.78382257 -0.10341047],[-0.62586925 -0.56047652  0.54235943],[-0.4830727  -0.26737284 -0.83375808]
171,180.93304076632285,22.47499070478222,112.59310129982106,7.775359850543626,6.882069431570179,13.808394775075591,10.810055257106006,2809.7810498002746,2807.219851992964,176.24464209767987,[-0.02221488 -0.97334468  0.22826878],[-0.53657398  0.20426161  0.81875855],[-0.84356082 -0.10429446 -0.52680907]
72,143.97345473861458,92.1906349139237,96.26844121563178,4.5095855634819735,5.66032687974655,5.65590645281865,5.682378144601385,1666.220997294767,1665.9505915785246,61.29043736022072,[-0.63945997  0.72183483  0.26466097],[-0.22978288 -0.50794462  0.83017594],[-0.73368302 -0.47004972 -0.49067554]
14,165.18614963814852,46.12814270700819,98.96959812647607,1.7132371467843297,4.134902387763554,2.2418652593568207,2.4628738233957157,741.1092826293748,740.9801169291117,16.314513690695605,[-0.55041351  0.29545574  0.78086547],[ 0.03434399 -0.92648476  0.37476191],[-0.83418551 -0.23309205 -0.49980259]
80,41.08321147148866,22.69676385992118,5.336852390822106,11.93978453591213,8.376730661454074,3.60361202961448,12.750439277987544,442.38425328916526,439.89725008490984,62.71915212890089,[ 0.00909646 -0.23971612  0.97080041],[-0.49362374  0.84322861  0.21284058],[-0.869628   -0.48114623 -0.11065917]
10,191.4944916279303,170.06991618317682,27.767999990017046,2.9381798444134115,2.842374465105983,1.832537295357051,3.3996996950797307,814.7652348007185,814.7229257155752,9.227185761505487,[-0.37330281  0.543086   -0.75213204],[-0.55506399  0.51886192  0.65014327],[0.74333639 0.66018172 0.10775487]
41,9.62877838572804,59.165559481588126,16.072316132483536,3.0407765486471914,3.127599368409547,4.416126786305189,3.7784241382783192,398.99575971699943,398.48510187290475,31.660420660992543,[-0.9110989   0.03615715  0.4105989 ],[ 0.38174565 -0.30169489  0.87364206],[-0.155464   -0.95271866 -0.26107105]
28,190.8657279910482,64.62441913064757,137.19922886508752,3.022487744057669,4.241767164681614,2.093577792284595,2.428533340556283,1290.2549534980385,1290.0985362539134,26.72202578711245,[-0.52844951 -0.19389314  0.82652681],[ 0.32821141 -0.94453146 -0.01172981],[-0.7829549  -0.26507692 -0.56277513]
33,136.29452943116698,18.753142136668398,35.68939420837848,3.104055622994753,3.2302706713760947,5.490356064759899,2.842125231084433,817.3221612431593,816.8398507491889,37.116625456698124,[ 0.05323929 -0.95329612  0.29730805],[-0.27867724  0.27171758  0.92114524],[-0.95890801 -0.1318941  -0.25119588]
52,55.20735404776125,73.68137132738917,4.963997820436149,3.0577034480884553,7.831865958825915,3.831823357661823,6.428539679171537,667.8220428351742,666.8765686028553,48.13957226508754,[ 0.26473946 -0.26093859  0.9283448 ],[-0.757904    0.53892548  0.36761508],[-0.59623363 -0.80091846 -0.05509156]
106,62.344244859736186,187.68902995937444,73.0152151503348,8.252219346255872,4.594273584612449,7.4112501946371285,3.8771021626356803,2173.017524009818,2171.9149464227103,117.12643181530409,[-0.60458099 -0.10632509  0.78941548],[-0.73955915  0.44303582 -0.50672629],[-0.29586162 -0.89017652 -0.34648472]
60,165.5788452170327,99.16389762236916,101.89241145396002,4.907831523635065,4.252448825334674,4.296822911308482,4.618511597526665,1691.3876899928093,1691.139599729255,48.55929379164385,[-0.65111909  0.5092721   0.56274849],[ 0.01791072 -0.73094126  0.6822053 ],[-0.75876422 -0.45427613 -0.46680838]
16,109.79422148789887,59.78969670808769,56.50421655691631,2.8700931284702054,3.454843399510081,1.6061226702638451,2.845365766060445,549.0770066130564,548.9266224643953,15.358150421575054,[-0.33741622 -0.24040734  0.91013988],[-0.49569227  0.86731459  0.0453273 ],[-0.80027462 -0.43585514 -0.41181407]
43,139.40886991624572,132.02139288117067,145.41203091723617,5.595285382193528,3.6825657625328017,6.073667867415263,5.49681805657725,1580.3420268557645,1579.916796075144,46.89576665866001,[-0.74366999  0.05110521  0.66659073],[ 0.33426907 -0.83507167  0.43694335],[-0.57898112 -0.54776232 -0.60393485]
69,128.2043478916667,118.2480816956988,74.82848965390497,6.632281415486325,6.655120786854014,6.0052411779904284,9.497561116701231,1578.9940532618446,1578.6260558467163,48.96275777075864,[-0.66014259  0.74925146 -0.05323545],[-0.32859881 -0.22433282  0.91744079],[-0.67545139 -0.62313484 -0.39429479]
2,105.74852299249163,124.78557038762042,141.5409495635207,0.5173235734461485,1.4690217153177372,1.3148608165394506,1.4549164939092094,305.915621055372,305.9089605153329,2.0186832645412713,[ 0.1420201   0.68746757 -0.71219283],[-0.86073158  0.44108681  0.25413298],[0.48884704 0.57691487 0.65436825]
32,5.667199643524829,158.75098498408866,61.59536618772346,3.3047189320401458,3.6691812915384223,3.9699478098264285,3.774175151946587,964.3515987521924,964.1318758157356,28.910001607473767,[-0.81748139 -0.18272398  0.54620154],[ 0.57499081 -0.31376635  0.75560324],[-0.03331283 -0.93175245 -0.36156276]
22,34.69841479811351,4.236677537657009,51.78690327755246,4.008533809305651,3.2927819338377584,2.4510671559045285,2.221710367807366,294.12405937144007,293.40489937117263,24.915423297635574,[ 0.49456792 -0.82825334 -0.26343686],[ 0.66801217  0.55614492 -0.49443156],[0.55602366 0.06855096 0.82833475]
15,63.85218219100031,164.59250286080155,188.53093755986382,4.182243105726637,3.331681225363597,2.976669874039632,3.746678675178365,1000.5963314572438,1000.4666576562872,18.660937439623257,[-0.34049351 -0.64813745  0.68116225],[-0.90716858  0.41692146 -0.05675975],[-0.24720304 -0.63725532 -0.72992898]
6,129.5423527698314,105.13401316263672,132.64567286682677,2.1608884629946354,1.6800318861440418,2.009478817573907,2.376480938357971,522.1452474737043,522.1288260276442,5.93851559827772,[ 0.75302734 -0.60675553 -0.25455364],[-0.2520428  -0.62334626  0.74021204],[0.6078028  0.49324149 0.62232514]
68,40.03818380120565,77.53905457645632,66.5337193127143,3.489926697229663,11.239728746017255,4.647127841110916,9.481067686568155,910.5978900086053,908.5797836302472,69.23858565832985,[-0.74657186 -0.16737245  0.64390754],[ 0.55809146 -0.68440433  0.46917442],[-0.36216624 -0.70963172 -0.60436615]
58,54.11899186756351,48.21628569624097,192.21682629683326,5.559844024887351,2.9508485254979067,4.755337094872111,4.146778963935555,1565.4989311206984,1564.9768707983228,50.92733238101334,[ 0.23754641 -0.95587106  0.17286474],[-0.93500338 -0.1767599   0.30744856],[-0.26332563 -0.23466242 -0.93573135]
2,164.5490799183097,90.94923482053706,145.83715387461763,0.5320718950091248,0.30317431208582946,0.5922829657532276,0.12082065450275081,336.5036828355043,336.5015692820753,1.192657770843115,[-0.48878213  0.87237405  0.00745281],[-0.53183614 -0.30473236  0.7901193 ],[0.69155069 0.38223252 0.61290778]
68,16.341196250424424,50.74527823136997,115.07194623157018,3.2677894168753077,4.112338168880624,4.355503891866196,4.179834279643013,1047.0323068556957,1046.6389074403796,44.51691373524407,[-0.89067076  0.44898361 -0.0715493 ],[-0.43602823 -0.79897158  0.41415432],[-0.12878265 -0.40007266 -0.90739016]
48,172.37618010811707,7.70183193040296,14.07228087733987,4.106227810684835,3.8176994168017906,7.014996896733766,3.6943947663959333,1200.7404207221305,1199.9791906288772,56.74777122545237,[ 0.04174616 -0.9984972   0.03550483],[-0.08211212  0.03198691  0.99610965],[-0.99574839 -0.04449913 -0.08065339]
15,142.6135075564253,22.54668843727023,187.3637727476851,3.3474345300997483,2.566436222317145,1.5775742961322645,2.8349738640801467,916.2525205721449,916.2260132034064,13.56841690385556,[ 0.55865868  0.65828537 -0.50454023],[-0.56949301  0.74670659  0.34366697],[0.60297446 0.0953396  0.79204303]
145,128.54989944318828,47.87878736976829,26.397912196473424,4.926423374312992,12.881413727913111,7.197462072843279,6.879998997923062,1691.2463351134786,1685.557749722242,167.06407993173192,[-0.04037109 -0.39604226  0.91734438],[-0.3920889   0.85073267  0.35002889],[-0.91904106 -0.3455495  -0.18962878]
4,35.402724203162116,163.33563376397234,120.91291275493596,0.6720057036196205,1.9498185537051773,1.4662529767329402,0.8979812751943185,412.5903788311454,412.5681871475626,4.734276742619925,[-0.98381698  0.10665479  0.14397536],[ 0.051491   -0.60135254  0.7973229 ],[-0.17161825 -0.79183324 -0.58612907]
18,6.851107375830804,158.1962512181463,178.1154698605276,2.009681218084388,2.401413016600433,6.610029317605957,4.353261483342047,1011.5654444162154,1011.3239155078136,24.844700892475817,[-0.99518287 -0.05107172  0.08368239],[ 0.09370653 -0.74640894  0.65885718],[-0.02881231 -0.66352496 -0.74759914]
7,32.78048227587133,168.8418739217829,82.38548271955288,0.7986366083833581,2.2078900407433886,2.1652293699014873,1.5486115064539787,504.630419190475,504.58837476099416,7.389851908337692,[-0.98421569  0.13553235  0.11380005],[ 0.04221085 -0.44469643  0.89468616],[-0.17186539 -0.88536776 -0.43195627]
28,54.69474546018811,6.016153099506316,56.16086659393458,5.048755195452377,3.323465558416213,1.8389682342373348,4.063260700882868,417.18602704381254,416.78538490770325,25.67579809412269,[ 0.45994243 -0.81118176 -0.3611608 ],[-0.55023327 -0.57960364  0.60108482],[-0.69691916 -0.07774172 -0.7129235 ]
18,195.16968600387568,127.3344932096025,53.55527485156367,2.894119404162171,2.0495445146736646,2.9757600369471557,1.9643417235632261,1014.5802861346882,1014.5573181700006,17.774227906944326,[ 0.57733968 -0.73888609 -0.34745682],[ 0.01954078 -0.41291661  0.91055919],[0.81627021 0.53249153 0.22395473]
6,186.08257270208944,65.16649321400389,61.58107597921035,0.5848116590099548,2.415569511065379,0.4479720435952767,0.9981788591024064,505.9945912573029,505.9657670837628,5.669525019426031,[ 0.331854  -0.0578639 -0.9415544],[ 0.27984044 -0.9471489   0.15683842],[0.9008675  0.31553246 0.29812249]
52,53.752321165047455,59.435673748765495,138.4709232591896,9.02622645120062,4.577509987429374,3.7360927627470275,4.899486377489528,1155.832901092796,1154.6881764798034,69.60430263566566,[ 0.04669005 -0.92435023  0.37867756],[-0.94039832  0.08716363  0.32871493],[-0.33685463 -0.37145545 -0.86518773]
49,126.51270342511438,116.38014698578598,143.56938575863037,4.691767671962235,5.282462019055261,2.85484317371444,3.210714934111152,1568.5542688777978,1568.0730945316025,48.456654947293195,[-0.6008819  -0.27334557  0.75114788],[ 0.56551176 -0.80950317  0.15780072],[-0.56492246 -0.51960256 -0.64099594]
27,86.76866866954086,86.21173403746954,29.92627430073344,3.9843175615070656,3.1167742543824097,3.328669889264731,3.167419579359636,654.8517947772737,654.7485933091117,26.893640860026263,[-0.62710152  0.39961974  0.66861629],[ 0.36282575 -0.60970743  0.70470868],[-0.68927582 -0.68451509 -0.23735612]
183,148.2457254796639,154.83931162387455,184.40994748474958,11.28791019177741,8.780124680101622,10.238631275290878,7.230028249629881,3831.9456340190927,3827.2441301126355,215.91589631949827,[-0.07755548 -0.7321526   0.67671096],[-0.84838822  0.4049777   0.34092594],[-0.52366266 -0.54767293 -0.65255787]
2,47.41632567941644,19.437472939255862,23.30788604415244,0.0757885517252177,1.0174488508685187,0.49454792444039164,0.2103311091344402,79.63248546625002,79.61689671029634,1.5755950477599356,[-0.53135019  0.40202989  0.74568018],[ 0.09107335 -0.84800985  0.52209668],[-0.84224261 -0.34532776 -0.41397599]
24,182.13896031348145,91.58668971399517,166.86348929950114,5.0269114839625555,3.8232686390143265,2.905125361291148,3.124876909863741,1290.9805557495372,1290.8359992468716,30.43619779396782,[ 0.31988184 -0.93329878  0.16318395],[-0.64775099 -0.08973234  0.75654924],[-0.69144361 -0.34770893 -0.63324896]
25,17.111282294110367,22.72343240595395,164.78669611900239,3.1820373340326826,2.934556502885833,3.4781654742074966,3.638616387189936,836.4841880209336,836.4124290891501,20.98717647259861,[-0.5893887  -0.78971702  0.17019985],[-8.01330342e-01  5.98221609e-01  7.68121176e-04],[-0.10242382 -0.13593358 -0.98540927]
8,92.81697552233442,16.78664826476102,58.06688152271728,1.7499252574372044,3.493696039340357,1.3885749868472215,1.6767032965757351,313.4879733784283,313.3411381272989,10.699818524559953,[-0.54407919  0.30548836  0.78144398],[-0.04156388 -0.94003146  0.33854586],[-0.83800374 -0.15171592 -0.52414884]
22,51.33767000512464,53.69444541243426,21.89021095014913,3.3453276088173216,4.8961018065433555,3.1025082746057766,2.0344246646658584,364.4964146392288,363.4943925585866,29.823805951391495,[-0.52020368  0.15508835  0.83984268],[ 0.53885841 -0.70332094  0.46364994],[0.66258565 0.6937487  0.28229949]
