N,MEAN_X,MEAN_Y,MEAN_Z,SIGMA_X,SIGMA_Y,SIGMA_Z,SIGMA_R,LAMBDA_1,LAMBDA_2,LAMBDA_3,EIGEN_1,EIGEN_2,EIGEN_3
68,148.37023466821893,30.367753735754512,84.97505718024253,4.379620552653175,6.966325300064854,5.360898227062182,4.542383904824184,1433.677001654624,1433.0996700876838,72.2652660807108,[-0.40064013 -0.37806778  0.83459705],[ 0.33116805 -0.90906836 -0.25282889],[-0.85429223 -0.17509848 -0.48941323]
29,90.66716606711302,56.078507913351366,113.00780158216604,5.361546893599664,2.8762915270044793,3.1915273169830667,2.999818693300029,837.2979823828905,836.9279582476946,33.39488016138971,[ 0.32116942 -0.92535705  0.20140638],[-0.74559862 -0.11594926  0.6562305 ],[-0.5838946  -0.36092949 -0.7271843 ]
105,114.216774268122,60.151134622652094,183.24924542748312,6.207525790567628,6.750673035901278,6.514366267078747,8.835357317510123,2299.5412099384316,2298.855920395957,71.88842246227287,[-0.85220758  0.28774191  0.43697463],[-0.11782265 -0.9192817   0.37555158],[-0.50976471 -0.26856239 -0.81732135]
2137,91.15211726416615,128.2254564225741,147.4759410006834,15.040969400066762,31.592956463402167,15.156289566203906,23.958655664527328,10105.836934503151,10050.279729177391,1348.3323658750307,[-0.89231666  0.14288052  0.42820105],[ 0.16034348 -0.78640348  0.59653963],[-0.42197269 -0.6009615  -0.67881097]
31,164.0421897352864,77.56729113341041,19.335727962195175,3.2791116714323842,5.824088499007594,4.832989390957649,3.5806502390582438,1016.7088765414671,1016.5805665172811,41.344739981281364,[-0.32314217  0.48051275  0.81528316],[ 0.29602724 -0.76694403  0.56935466],[-0.89885873 -0.42532852 -0.1055871 ]
371,51.409974393480596,46.84675372324128,98.10886591386303,9.362806101514145,7.43995664187736,13.890419853750974,11.828914042945982,2336.3107422773583,2335.0499973965602,264.5496156911426,[-0.79168053 -0.27888113  0.543569  ],[ 0.43747918 -0.87983174  0.18576351],[-0.42644332 -0.38486547 -0.81855034]
24,171.88136405366012,8.803088607600309,19.0005539632298,3.0403329285423637,3.358084787005319,2.406224582018442,3.034765468311735,848.5645792185583,848.4776419719703,20.22963498553319,[ 0.11932217 -0.2644736  -0.95698272],[ 0.01967326 -0.96304995  0.26860333],[0.99266066 0.0508773  0.10971016]
83,12.174021564045132,110.2742046919286,120.06931093619998,6.365114549567136,3.260412878978462,7.784106668882127,6.626775134866177,1491.8106212434473,1491.2576920090034,74.7721042264876,[ 0.24953163 -0.72617965  0.64062241],[-0.96553524 -0.13602473  0.22189857],[-0.07399773 -0.67391422 -0.73509452]
77,107.85947977306334,151.1674402858803,44.317623477803664,5.874148038933652,3.2311734631897937,6.277461153891995,3.350165159199262,1676.6468878937126,1676.122348639282,75.19151930717071,[-0.5865898   0.58342941 -0.56171393],[-0.58014727  0.18124422  0.79409047],[-0.56510313 -0.79168217 -0.23215897]
2,173.74631875438547,9.50389347005489,164.24030960801218,0.9425045909510601,0.6413517838015359,0.12101386093679878,0.7419697803084802,338.3911962900202,338.3889392570906,1.2359267987704543,[ 0.50922916  0.63971243 -0.57572012],[ 0.46196108 -0.76758782 -0.4442982 ],[0.72613884 0.03971069 0.68640035]
212,167.0428189901537,127.3361279273541,84.51137809567842,8.803981943150795,4.6575939888456315,7.470154263770525,8.58831007180938,3300.485723456058,3299.933836853299,131.06847042796093,[-0.56511206  0.81723447 -0.11303178],[-0.36864975 -0.12756648  0.92077367],[-0.73806892 -0.56200944 -0.37336264]
178,25.004248407946342,15.815327632275507,99.77859166428942,7.034141895019665,6.929993741509942,9.515680578595358,8.972515410041845,1398.3376797980975,1395.8305844912636,138.30558552264958,[-0.41692815 -0.87586554  0.2429619 ],[ 0.87753182 -0.45753491 -0.143526  ],[0.23687303 0.15336677 0.95935906]
714,177.46558326206062,91.96971642268237,65.60606441225819,13.178730029858702,13.852998288859913,13.035202744350155,18.23460774782724,5650.8481565778475,5647.118451006854,375.65112444398846,[ 0.2623356  -0.84102816  0.47312965],[-0.47095539  0.3163563   0.82348024],[-0.84224762 -0.43885115 -0.31309523]
30,149.70501830278562,72.8934992947578,8.143474391412179,4.8815389415361485,5.376157692407844,2.1412668032365687,4.633441253746036,913.9656742188241,913.5081812814561,33.028098785234064,[-0.0379594  -0.03386192  0.99870539],[-0.43830269  0.89872129  0.0138126 ],[-0.89802552 -0.43721094 -0.04895669]
6,100.88787965744774,70.84369825118317,114.93829039322213,1.6718732798556888,1.1662188703157703,0.885767506341781,0.7484414979455322,412.88566247421795,412.8612642046997,5.131985814420466,[ 0.2616079   0.70204699 -0.66233778],[-0.75713747  0.57486523  0.31027863],[0.59858514 0.42030941 0.68193536]
81,128.41969079724768,95.34893020892092,164.25169333602096,5.298285076490265,7.2162311358265985,4.200426728710869,4.080526082200071,2064.8875042940085,2064.0919213765164,81.20347674060626,[-0.82147289  0.38987679  0.41614706],[-0.10613101 -0.82154408  0.56017991],[-0.5602843  -0.41600651 -0.71625421]
73,130.50574450914584,110.96548771202991,181.4380083406715,3.227530941121606,6.896607697017049,4.997744183092606,3.72364097616806,2133.2796945763275,2132.3358867066863,70.99165077618962,[-0.84557972  0.1636172   0.5081578 ],[ 0.10697081 -0.88064102  0.46155026],[-0.52302216 -0.44463559 -0.72714992]
12,2.8938408101090203,177.39689956652936,140.09900126671945,1.8583663748693184,2.4506239136375214,1.4158178762332971,1.684429550894877,783.1776320762594,783.162104543102,10.16800364112352,[ 0.96544312 -0.17104344  0.19663094],[-0.26029847 -0.59575552  0.75981581],[0.01281754 0.78474168 0.61969041]
323,131.81520866950171,11.250852722025959,123.22671787276052,7.675913543842156,6.141882310904999,17.04906382268742,13.846143434010862,3266.9337431234644,3260.2018047841634,253.00464671237268,[ 0.22106856 -0.96393192 -0.14820238],[-0.65040058 -0.25895268  0.71408864],[-0.72671024 -0.06147164 -0.68418818]
90,26.567103830687746,147.74609608021717,101.98188069070606,6.921244537934829,4.455125556803255,5.797703722164807,4.5723892654574465,1723.5866988344872,1722.9498996712848,85.10324357304101,[ 0.09711639 -0.57727969  0.81075062],[-0.98450395  0.06378884  0.16334921],[-0.14601503 -0.81405107 -0.56213919]
276,97.59532778239362,82.55175169330687,81.93465432954228,10.050339921449064,10.81607067290266,6.782520953568645,8.935266397710869,2533.5345983632033,2530.3069540880288,222.91846148898912,[-0.18294272 -0.57357463  0.79846359],[-0.74393645  0.61172492  0.26898175],[-0.64272118 -0.54479791 -0.5386137 ]
51,155.10515353015032,184.65708301697043,160.08834778377525,4.116765625427523,4.900389828323372,6.742930537158555,5.887833048689613,2068.030193091368,2067.707521236477,51.315800496323696,[-0.71325118  0.69255711 -0.10787677],[-0.45191126 -0.33674216  0.82606352],[-0.5357695  -0.63794151 -0.5531561 ]
23,52.808021901392564,147.37914138940354,123.6299808366156,4.48097620273743,2.2087778492580754,3.8601943866003805,2.973740264505565,957.1108653859286,956.8512614713901,26.773429770329763,[ 0.27017162 -0.67380327  0.68774737],[-0.92575177  0.01447982  0.37785446],[-0.26455803 -0.7387689  -0.61986253]
57,30.538331552419233,157.73478544343752,34.59602664264801,7.710670349719538,4.572429905956413,3.952547053275489,4.9188277794876765,1242.848234738232,1241.4716542287474,64.25453355164268,[ 0.43855553 -0.27265265  0.85634665],[ 0.87915261 -0.06751994 -0.47173271],[0.18643965 0.95974038 0.21009205]
11,51.28408502016491,7.247709776912655,32.5217254950867,3.3537620832900576,2.295378495936873,2.0380464164429277,2.5055662747836855,203.32648161639239,203.0713715671444,12.672297570704734,[-0.21051464 -0.8293159   0.51760866],[-0.50147854  0.54611203  0.67102975],[-0.83916796 -0.11830805 -0.5308487 ]
15,15.726792855224842,33.75733999014105,182.16926786388643,1.5890400297445937,2.2209596992326013,4.719932719835427,4.941058278386975,720.4158324015034,720.4091025064477,8.932123326220761,[ 0.8287919  -0.55863775  0.03205997],[-0.55313181 -0.80927172  0.1977991 ],[0.08455282 0.18166768 0.97971816]
70,75.36673016131463,110.15786332433281,86.89323991406725,6.622809768731082,3.861982419929413,3.8132415435469897,5.372102660772037,1334.1880590347766,1333.5097251917714,55.72453105748382,[ 0.34656704 -0.7156009   0.60647064],[-0.80958998  0.09835827  0.57869656],[-0.47376719 -0.69154971 -0.54525559]
72,184.44410600199302,19.89568548287678,186.20770489860186,5.839476169099913,5.510890302540972,6.496352930359443,4.501474646662591,2231.8256599702927,2230.890457385087,78.90809869489152,[-0.32618833 -0.84988665  0.41387662],[-0.63347328  0.5214966   0.57162304],[-0.70165004 -0.07572301 -0.70848659]
27,15.397029369134614,105.35122441070243,32.47868816839099,4.915167631159651,3.6606035812354496,3.494107495528347,3.5927134490054136,579.3301489658771,578.949824354811,31.386301559703575,[-0.42278718 -0.20983205  0.88160168],[-0.89556887  0.24551765 -0.37104916],[-0.13859077 -0.94640984 -0.29172077]
107,3.6441370837223372,94.86896848435761,80.42476302031632,2.3274766876405746,7.216365696957326,9.24503000139132,8.553810876184302,1292.776278177032,1290.2947416370532,86.68039216364855,[-0.99901987  0.04383469 -0.00615053],[-0.03305617 -0.64641521  0.76226942],[-0.02943805 -0.76172561 -0.64723064]
63,128.0185870628055,113.550577149899,141.90427602233737,3.5558169897356295,5.614444784983175,5.505271449250747,5.47749410751908,1765.5482199802284,1765.2950086426806,52.825226399272346,[-0.41202362 -0.49323075  0.76613313],[-0.70633092  0.70406509  0.07340961],[-0.57561547 -0.51089702 -0.63847558]
367,16.301369460073392,24.045006874174266,140.7528037659283,7.54973495168598,13.714107793660268,9.844065224983094,9.79567194254336,2771.772671410689,2763.866544038734,300.4738604487653,[-0.97707235 -0.16152038  0.1387112 ],[ 0.1816126  -0.97230966  0.14707406],[-0.11111478 -0.1688937  -0.97935102]
4,158.5978111984051,63.629190485980764,184.77591430770107,2.908234624407808,1.4460887636796158,0.9874771629023478,2.3046037634505168,503.40070593500155,503.39609422814857,4.9919271322687155,[ 0.15553701  0.88524623 -0.43834615],[-0.76069256  0.39043065  0.51856603],[0.6302024  0.25279045 0.73412664]
62,94.06093114378875,51.29275702130771,189.60702169687184,3.867072188884828,6.42209997660394,4.946527811611162,3.082051208126826,1716.1195121170642,1715.1467781170934,66.57492420270762,[-0.81587238  0.51347821  0.26588042],[-0.38451535 -0.82520239  0.41374989],[-0.43185671 -0.23533201 -0.87070008]
6,125.33518179659647,147.50058177615952,108.91160382775449,1.0903418393461333,0.9631713490370247,2.7771338524525038,1.3120189133760138,544.0715267050575,544.0407035447254,6.974047647808409,[ 0.71851001 -0.68763457  0.10441296],[-0.40657379 -0.29345313  0.86520692],[0.56430588 0.66411141 0.4904232 ]
383,102.22472720026819,106.18022007461425,188.95808179207035,12.473338126268839,14.844611386446159,5.891893552301005,12.476172275042664,4702.584909039461,4700.298250982623,313.51960684394294,[-0.78836006  0.60951503  0.08354548],[-0.44263565 -0.65627055  0.61105044],[-0.42727287 -0.44474756 -0.78717057]
62,62.69006843300788,73.62130152535592,171.32511732669252,6.243149712997574,4.872419322383627,5.852363650925764,6.548875098700064,1550.8583805582807,1550.040924155555,57.771312658620886,[-0.66756326 -0.56358624  0.48654891],[-0.67271749  0.73660345 -0.06976053],[-0.31907754 -0.37387953 -0.87086372]
18,31.898011073312034,142.88951262002206,35.73239187743717,3.9990208992906138,3.064035330187942,3.9925435292510234,3.7023265885586967,639.8231336274258,639.7178709793143,22.274341755809182,[-0.85314329  0.06125524  0.51806788],[ 0.47662011 -0.31220754  0.82180272],[-0.21208442 -0.94803705 -0.23716229]
302,116.21236265481264,122.04523868065638,105.48085235860368,12.270051265235477,13.200303862117915,10.49518741100939,10.373746048137853,3471.2454823980656,3462.559151730748,312.8800155946648,[-0.76993306  0.6256246   0.12568589],[-0.25305841 -0.48015986  0.83988567],[-0.58580246 -0.61484988 -0.52801052]
5,92.88871241507512,187.98469780727837,26.37791155678543,1.32431547940454,2.735766991706925,0.8233340275557277,2.4364647176663725,472.60977434365105,472.5916584724204,4.452400563483593,[ 0.12091794 -0.19629319  0.97306106],[ 0.89007927 -0.41254088 -0.19382701],[0.4394744  0.88953865 0.12483291]
8,69.76251612156207,47.08922400336273,19.41880058146946,0.9886374298430233,1.1467861989070944,3.6088099721955684,0.6386043369955064,244.5339554524627,244.35509418695423,10.930915292453061,[-0.54711234  0.83496734 -0.05914081],[-0.2201376  -0.0753591   0.97255357],[-0.80759366 -0.54511518 -0.2250376 ]
22,161.34610241405198,120.91437412768065,46.397262742626985,3.3935852631944923,3.9542687319245995,2.6768262549237862,4.68390500857866,970.7845505699161,970.7010942511567,16.46900639205184,[-0.50007723  0.36596102  0.78485368],[ 0.37663602 -0.72419612  0.57765499],[-0.7797872  -0.58447627 -0.22431989]
32,22.4330475701964,114.51195190146873,158.04232507671736,4.973897987991155,4.198553094956248,3.0351725407394565,3.8808286269743193,1111.8313266485352,1111.7326291527463,34.25646635853001,[ 0.01170771 -0.81045282  0.58568691],[-0.99334988  0.05766583  0.0996527 ],[-0.11453793 -0.58295873 -0.80438808]
4,144.5047931326239,153.81631108540614,53.3589000315942,1.3291536020018593,1.3131577864435298,0.9352289287792456,1.1593057319276172,435.3950212898783,435.38500699689774,3.4808992088741513,[ 0.31598069  0.03210446 -0.94822229],[-0.67786989  0.706899   -0.201956  ],[0.6638137  0.70658553 0.24512908]
77,179.62113069631465,124.24404550961435,120.11303832214955,4.449011404458856,4.702140793651401,9.90005210449659,3.944813864356344,2189.3975699368198,2187.73479687407,97.63627172754344,[-0.62085354  0.77330345  0.12861827],[-0.30870681 -0.39198841  0.86662863],[-0.72058378 -0.49834411 -0.48209144]
20,141.08205780172247,130.34386894707686,148.3497901036326,3.6879528680307248,3.5483451829637285,2.317440623774479,2.264367364795591,1085.5626040115264,1085.5139323447752,23.001823249110885,[ 0.53690572  0.31121507 -0.7841412 ],[-0.61135881  0.78402745 -0.10743076],[0.58135415 0.53707182 0.6112129 ]
28,88.03630585598113,34.91018571410156,23.43629840514674,4.316040366535456,3.2476098713194155,2.2145103239658583,4.924542029897128,517.1298557891644,516.9481339880314,16.692052569031063,[-0.42943064  0.69743402  0.57373785],[ 0.03837586 -0.62063219  0.78316216],[-0.90228411 -0.35833151 -0.23975385]
8,168.9374377880076,6.263508268710519,196.6991937088869,1.1217745963841412,2.6326765191932275,2.1001010855608224,1.980105760822686,733.6537048421606,733.620461682196,8.333776757819535,[ 0.72145851  0.28991869 -0.62884399],[ 0.23507281 -0.95674611 -0.1713991 ],[0.65133585 0.02416678 0.75840463]
306,15.085352364768916,187.33739254154182,107.6883545442027,7.3509153925701,6.483742928050781,10.028446432681081,7.6450116065025115,3794.9782687845886,3793.547540959267,205.68957434053962,[-0.99221125  0.00880002  0.12425532],[ 0.10304875 -0.502431    0.85845445],[-0.06998414 -0.86457253 -0.49761086]
148,63.027247132751064,187.6969536098229,73.02342882208174,7.11957886727811,5.21767295968626,6.7982646249527585,4.584386074188745,2569.953054095329,2568.8794632849003,123.70200519109873,[-0.67265141 -0.06104121  0.73743749],[-0.67698236  0.45309103 -0.58000294],[-0.29872223 -0.88937197 -0.34609614]
244,110.79523246915069,150.32343016754433,84.49378297341381,8.007954934501498,8.818911224027074,9.873021279393255,8.35546216189719,3209.1464625293415,3205.9853835718914,204.12741152007467,[ 0.41517089 -0.65849158  0.6277117 ],[-0.73224975  0.16756952  0.66009905],[-0.53985501 -0.73369565 -0.41261031]
2,68.19447365001867,69.75000394041211,19.813582553843347,0.9353075691814823,0.561491497994119,0.008115578672629908,1.0358395520006312,140.77867365849465,140.77784149973104,0.4840451647488694,[-0.3099107   0.52766682 -0.79090018],[-0.65921337  0.48018162  0.57867377],[0.68512268 0.70070917 0.1990316 ]
5,5.695723815691428,1.5846855557121575,138.03044241277573,1.6413491785516103,1.0647760791218666,1.912574791853659,1.9752016663532719,308.9802379743508,308.96882801905895,4.229460609832893,[-0.16137807 -0.98672776  0.01804003],[-0.98602496  0.16197561  0.03897032],[-0.04137514 -0.01149897 -0.99907751]
123,136.02038039808525,170.55768902834248,141.7365308737082,3.698788767226716,7.119724310887596,5.739679802195469,3.79355727305878,2886.875119803595,2886.0155479366476,101.29848163801618,[-0.84673893  0.32536396  0.42091743],[ 0.09878848 -0.68126683  0.72533878],[-0.52275618 -0.65575437 -0.54471293]
102,167.58906410260113,102.20968691445178,104.77400072913639,5.959442182969984,5.71863656951857,6.272856163208555,8.82422245116892,2249.3847537560064,2249.2998708007585,54.818359579019535,[ 0.57718178 -0.11725049 -0.80815439],[ 0.31604252 -0.88044659  0.3534557 ],[0.75297963 0.45941934 0.47112159]
7,15.79398190354751,114.66355930689512,5.7073223235356165,1.571293825675062,2.473828865436611,1.892648940605961,2.6353602302502726,306.7235296681733,306.710235441149,6.03935169509277,[-0.99047743  0.13713879 -0.01214134],[-0.01880663 -0.04741185  0.99869837],[-0.13638465 -0.98941653 -0.04953949]
602,116.43063397379467,112.00081458849506,31.681241396153403,14.75670523721378,16.092011587156115,14.57996764925179,10.59205188018547,4078.443088785829,4060.357466618864,585.5680217885294,[ 0.18752132 -0.4426426   0.8768713 ],[-0.68268813  0.58311863  0.44035165],[-0.70623839 -0.68120496 -0.19283968]
34,54.12692638560001,19.775547630328944,173.10576220235404,3.5626347918116594,3.9020221925671583,2.9571916878981734,2.8599784471547864,1064.3235698124581,1064.0559073585703,31.124737363211963,[-0.76618704  0.62003518  0.16886026],[-0.57000562 -0.77706584  0.26694997],[-0.29673391 -0.10828231 -0.94880131]
91,180.56037853399945,166.898682326967,158.3363744656259,8.72006904819532,5.758997949063234,4.009438265421865,8.73906601080571,2791.4828637253822,2791.4213391921567,66.48159169057548,[-0.30301627  0.80768781 -0.50578804],[-0.72569425  0.14844534  0.67181235],[0.61769653 0.57061755 0.54115304]
4,29.419294142420007,47.47275529406417,169.86833903166354,1.4177930718913627,1.3422960679803206,0.9748664492606706,0.9337768879486859,357.65086599608793,357.6362692561509,3.941420602819924,[ 0.71901644  0.62702363 -0.29976112],[ 0.67523438 -0.73237008  0.08770743],[0.16454145 0.2654721  0.94997404]
205,150.19877601346207,172.2549426943909,189.65294077103164,11.047075286702375,9.525189270590108,7.223397455050297,8.671825248972963,4257.460191525548,4255.098993633913,196.62024135866233,[-0.65712401  0.73862561 -0.15040026],[-0.55854741 -0.343148    0.75516504],[-0.50617469 -0.58024276 -0.63804821]
13,25.741132597120327,135.51324029511335,53.11577603268275,2.250929524704695,1.5041707403049211,3.1718549780075778,2.1314246815393627,533.0983172365636,533.0412507918364,12.896606002770474,[-0.97984151  0.12523811  0.15564714],[ 0.09766693 -0.37935671  0.92008133],[-0.17427503 -0.91673546 -0.35947783]
2,85.38271041944859,32.711072110767304,186.52796584175488,0.8515782272302559,1.7896368892592722,0.8379114283739852,0.6841383063062381,293.79425998308534,293.78009345013345,2.8851154984918086,[ 0.72301119  0.54362708 -0.42629147],[ 0.55527525 -0.82441817 -0.10956311],[0.4110039  0.15749375 0.89792623]
9,33.53959066253108,168.5162548334153,81.1332195184446,2.658804742213079,1.287352454151236,2.879068227734744,1.8972905552068795,570.1632945785248,570.0821738893937,10.980946138442079,[ 0.5874741  -0.44300346  0.67721645],[-0.78977507 -0.13140888  0.59915528],[-0.1764356  -0.88683687 -0.4270724 ]
8,174.08638241786747,62.55332288292556,26.086452160093025,1.4751420033478415,2.334959725055701,3.810637355310249,2.1058236293302337,528.5445396619903,528.4371441844104,11.877482036302691,[ 0.25562193 -0.87908432  0.40232846],[-0.2576033   0.33917548  0.90476546],[-0.93182507 -0.33491903 -0.13975433]
31,5.421324850708513,172.84266945189506,82.6318312296688,2.624763113582221,3.5333198982618694,3.1895686293106515,3.5607069246199416,1067.4249839254612,1067.377817507929,22.898370285294817,[-0.95094006  0.15710805 -0.26651467],[-0.30809065 -0.40248429  0.86202468],[-0.02816305 -0.90184448 -0.43114195]
5,178.0942632288733,51.204595399873675,87.89749094003216,0.8993918301834912,2.015172670812272,1.292915530743627,0.5677646760530699,458.64250455167326,458.6238843044131,5.573268511501047,[ 0.49593609 -0.42647696 -0.75641575],[ 0.00608333 -0.86935871  0.49414413],[0.86833771 0.24966543 0.42855196]
36,175.68910261248365,171.0494470690522,176.7816311234017,2.691306496506772,7.4187309645312824,5.1017863108042905,3.799939877082162,1814.4673314529066,1813.9730447209056,51.60738886135205,[-0.81000911  0.33304384  0.48266659],[ 0.07843907 -0.75414735  0.6520039 ],[-0.58114762 -0.56598902 -0.58474258]
184,189.08968402494335,32.32276320063791,64.88016840293834,5.038087700347306,5.578846051465859,6.194366488519573,4.782548041525635,2749.13776086949,2748.6794614863957,115.1873721234676,[-0.03231145 -0.85399029  0.51928465],[-0.35647923  0.49523272  0.79225445],[-0.93374436 -0.15951531 -0.32043149]
46,31.252325319123848,94.97402676863935,147.8952826085161,3.3739274507157573,6.569595824452945,3.319878672838328,3.4074324313363267,1211.8350364204734,1211.2101180493862,49.78303723479923,[-0.98003356  0.01376331  0.1983552 ],[ 0.09417729 -0.8464675   0.52404524],[-0.17511383 -0.53226248 -0.82827036]
242,171.9317528138227,153.38498479826148,138.5328408563732,10.1241092699213,9.29320485529625,8.040794670050897,8.831092512697827,4187.545442263413,4186.566430475464,206.83224775375658,[-0.73853198  0.27095249  0.61737774],[ 0.21263361 -0.77535882  0.59464749],[-0.63981049 -0.57044145 -0.51501368]
14,133.2211164303217,68.76914114130831,12.73185761102494,1.5316542048192463,2.5549098478055705,1.9712511588291988,1.7357399521100896,563.1029809649372,563.056480654722,11.670384245033846,[ 0.30560493 -0.43522634 -0.84686697],[-0.35030046  0.77564635 -0.52503555],[0.88537857 0.45711134 0.08458136]
293,115.3581375699157,34.8431809155023,163.05936601179621,13.021060169410271,6.600733910761252,7.206291837891881,8.980553933696784,3480.0077894761475,3475.8452717698974,231.87821037288842,[ 0.12133055 -0.9847672   0.12454902],[-0.81263546 -0.02649237  0.58216988],[-0.5700022  -0.17184794 -0.80347108]
52,3.920030286990124,67.7419618681844,108.15577975306778,2.9797276665850085,4.4628065711163485,4.441442007040535,4.680621826408868,921.8862739105582,921.5265906169977,37.0139778963544,[-0.9043111   0.37562406 -0.2028004 ],[-0.42578615 -0.75981686  0.49130896],[-0.0304563  -0.53064575 -0.84704634]
100,44.36055058191139,16.814682136420664,111.5816837097546,6.822930620597754,5.72704100294361,7.253724226175053,5.8950963895732515,1216.7462541528994,1215.0210993818425,99.29091010189008,[-0.15838501 -0.96509457  0.20858251],[-0.91774986  0.22181646  0.32944295],[-0.36421063 -0.13924775 -0.9208478 ]
3,163.0399359537956,144.06446248744987,17.651477479450595,1.9057796239532792,0.5054518468193436,0.5829510121441306,1.687862369573587,378.0967792231394,378.0913083202727,2.0347774459985133,[-0.35419465  0.49784368 -0.79164249],[-0.56269985  0.56267387  0.60561291],[0.7469371  0.65996196 0.08084049]
35,71.62136935051679,162.33075268332374,116.87385990948232,6.987909656361306,2.866785151640984,6.099280437723238,3.083678180978883,1258.1548526280546,1257.1792943817723,54.51269508644952,[ 0.43970016 -0.64441633  0.62561279],[-0.83258055 -0.03120125  0.55302451],[-0.33685812 -0.76403801 -0.5502477 ]
116,55.995869516715494,49.48583400492277,182.9057571755016,6.764418448075632,4.40960573563434,11.091957481105885,9.20675027175133,2132.6780288351824,2130.8023024523395,109.82357941873104,[ 0.44976179 -0.88727413  0.10226903],[-0.84739419 -0.38773578  0.36274515],[-0.28220103 -0.24981109 -0.92625968]
241,53.61609731432416,96.53372632485477,125.16644363553974,6.148685444486985,10.521027586969142,7.382258424254829,9.003756734914482,2599.4645759207183,2596.0686649191834,172.0941799363487,[-0.849604   -0.17374958  0.49798005],[ 0.41855623 -0.79660391  0.43615695],[-0.32091077 -0.57899334 -0.74952184]
41,43.16604521508395,108.61890025550922,163.0142366408081,3.0002417023741557,4.176691188569007,5.043818901083277,6.393919131925441,1285.1284986319656,1285.1134293807186,21.308813302474775,[-0.02745332 -0.82846409  0.55936889],[ 0.9761667  -0.14272976 -0.16348328],[0.21527862 0.54154913 0.81263747]
2,64.09987612093427,11.44092975824048,133.81054592831939,0.9844593657608165,0.5958857146947434,1.4041082994382066,1.640779902727374,210.46732266188667,210.46445542904306,1.0985942922814687,[ 0.82866662  0.3609443  -0.42782104],[ 0.35742552 -0.92941735 -0.09181711],[0.43076516 0.07682838 0.89918784]
4,175.32426044295576,136.50128227345505,163.3165497672325,1.0260368752422664,1.7605789294733336,1.585358621602608,1.1785355547569916,551.5433758764889,551.5252369084105,4.5910690006325,[ 0.73484982 -0.15340997 -0.66065205],[ 0.23615704 -0.85525025  0.46127742],[0.63578739 0.49498726 0.59225164]
9,36.524701860021395,7.753421934871446,16.51610755857893,1.7123972255136013,2.424232583566914,2.1892775410504095,1.8262313555993148,122.85545766747079,122.73237193177232,9.657210349816093,[-0.15773894 -0.71137433  0.6848832 ],[-0.41879835  0.67629462  0.60599796],[-0.89427421 -0.19123848 -0.40460039]
36,63.71923336488166,163.8701419707412,40.64649545764658,3.1057179666335784,4.009691186328047,4.850839405216304,3.702961744528485,1083.4380932620388,1083.126440364919,35.718431461554225,[-0.92394766  0.30063562  0.23651417],[ 0.14710114 -0.29150645  0.94519059],[-0.35310337 -0.90809813 -0.22511286]
3,54.98571159403625,23.7866070365876,93.820248131506,0.45624435248402945,2.5590078337621156,1.1365657435987602,1.4016513400234567,192.86914727794536,192.82166728062361,4.290466779735107,[-0.80164912 -0.26345396  0.53661038],[ 0.33681401 -0.94066309  0.04134329],[-0.49387753 -0.2138807  -0.84281672]
47,27.639863552718463,107.78572096214923,193.37496229466078,4.0439371728342275,3.714553944252182,3.8455889863028867,3.8123365999393095,1530.0329202695793,1529.937111465574,37.715032606263286,[-0.71168572 -0.5653933   0.41693387],[ 0.69146862 -0.66855091  0.27369843],[-0.12399426 -0.48308395 -0.86674986]
7,72.70499491092872,195.60780610725234,35.94424855204047,1.660417949688783,2.3534279066278,1.0910164354277236,2.3501018487543957,560.3014141427162,560.297429284225,5.271282538972489,[ 0.13026157 -0.22577784  0.96543062],[ 0.93013168 -0.30937156 -0.19784918],[0.34334674 0.92374975 0.16970389]
141,127.34008658563837,48.83645804330832,26.778619640711494,6.091629772708446,9.931724876446626,4.932243958309396,7.727387466914245,1656.254401135407,1653.9369592835724,118.38782373754424,[-0.15487351 -0.13266781  0.97898593],[-0.37133056  0.9260978   0.06675694],[-0.91549321 -0.35318851 -0.19269163]
8,54.09036967353239,72.16457560250889,51.47178727495879,1.089626735460281,2.484968443354864,1.473817401319825,1.9499848308346204,293.8198434732939,293.7725136406694,6.751656470510725,[-0.6599313  -0.04056656  0.75022999],[ 0.54158204 -0.71778036  0.43758456],[-0.52074906 -0.69508683 -0.49565584]
19,24.091653105310606,37.272574358395346,89.76521504053201,1.9134641438858966,5.139488978557279,2.1252707717144914,3.1399932434831075,437.1932856050598,436.74819274737547,21.6915506324599,[-0.96001963  0.2274269   0.16321554],[-0.14288222 -0.89948379  0.41293291],[-0.24072179 -0.3731031  -0.89601735]
27,168.6974967275837,34.168210331406605,37.04517819390361,3.722801671622514,4.224080486796143,6.359930942654776,4.886305435096385,915.7077453668161,915.4198123995894,36.18739008716986,[ 0.1575019  -0.97113653  0.17912844],[-0.23969528  0.13837253  0.96093663],[-0.95798712 -0.19428559 -0.21098291]
28,125.37799432875447,171.4083685330302,124.50223384444651,3.62526395486593,4.430251927760689,2.6443271300409905,3.4875138595381774,1302.9907733371842,1302.8188940544158,27.859242748519467,[-0.26400468 -0.43291759  0.86190713],[-0.81914003  0.57242399  0.03661138],[-0.50922603 -0.69635705 -0.50574273]
5,150.75275536069228,26.244203904964404,141.0502321739032,1.4112364316329615,1.4863378032781724,1.6236764780077608,1.3061621791875568,465.3843248782661,465.3637466860923,5.057608311258972,[ 0.33844697  0.79144053 -0.50899463],[-0.60061099  0.59809271  0.53061431],[0.72437565 0.12612297 0.67777055]
10,109.06279379796877,17.016785125633017,14.048294755183207,2.5775240419037844,3.6299825326512565,1.5812207600402588,2.6565219557843425,352.1652086450129,352.00187712757884,12.374514906388786,[-0.15548385  0.19736413  0.96792157],[ 0.12320128 -0.96831325  0.21723466],[-0.98012561 -0.15302566 -0.12624155]
25,28.656357707621947,83.15488908907533,85.78053719101074,3.899075880959943,2.1569261749813324,5.104789443356556,4.024516936925303,615.0622417293648,614.7913537485182,27.145514243645454,[-0.81332052 -0.25788133  0.52154285],[ 0.53283613 -0.69013986  0.48968627],[-0.23365656 -0.67616876 -0.6987134 ]
25,97.33787691799607,93.905100281869,118.85315986434637,3.113878603393258,3.307834236002708,3.6436488317165807,2.4127035562368833,900.634788514358,900.4418140196475,26.503095425995166,[-0.75018461 -0.05636919  0.65882134],[ 0.38070482 -0.85146763  0.36064763],[-0.54063563 -0.52136876 -0.66021794]
21,91.66386349712559,3.188371719208958,186.25308749203978,3.40740363191188,1.3294956352114595,2.2693898914813966,2.5406446133684706,951.5816809633328,951.4876259705663,15.898226452303586,[-0.04530886 -0.99819675  0.03937465],[-0.89608176  0.05803305  0.44007913],[-0.44157058 -0.01534342 -0.89709531]
88,136.32934131299416,82.8195310630063,58.543969432550405,10.284671094012243,8.782036539188391,8.481448807252324,14.070886274413924,1600.5073249220497,1599.869897748514,71.71857782239468,[-0.57404014  0.46707516  0.67254644],[ 0.1664431  -0.73764617  0.65435069],[-0.80173225 -0.48756428 -0.34569707]
143,24.780895117791815,34.01136004320615,187.49924108417326,7.0242965908306845,15.295576367402246,5.188769076048301,3.975977154896035,2306.3794285485014,2299.635665251553,205.14847609561662,[-0.96356231 -0.21027625  0.16532265],[ 0.23438928 -0.96155376  0.14309449],[-0.12887724 -0.17663031 -0.97580346]
5,36.00769597671749,59.762694603435854,182.83818152006324,3.608755714922164,0.8707841309251015,0.9613940319079167,0.715074959984104,437.67520168709433,437.6021969304662,8.434231236553872,[ 0.13149316 -0.94961669  0.28449552],[-0.97408952 -0.07050211  0.21489314],[-0.18400857 -0.30538108 -0.93428221]
50,93.27170174444935,44.05059078338201,40.190013830576675,5.062488168174594,4.206711791539045,2.7532532773110163,4.193481506064629,784.2116534612389,783.5657622124227,40.713031294653845,[-0.14072691 -0.48767077  0.86161079],[-0.51948739  0.7772179   0.3550566 ],[-0.84281006 -0.39762993 -0.36271429]
31,6.64746083101761,62.18458919699076,88.78374544262864,2.9694341036079734,3.2044945776307325,3.397793686722765,2.4638286236516764,605.3057231689965,604.9382750838262,27.587264326771805,[-0.87552405 -0.36241465  0.31955167],[ 0.47924472 -0.73554161  0.47885597],[-0.06149913 -0.57239337 -0.81766967]
39,92.4657020352505,66.61388723990581,51.34016766090198,8.251830314275495,4.764232930597485,3.4139232996441233,8.876673878081393,782.9200114195157,782.771560907427,29.995618185014187,[-0.65065649  0.41622356  0.63514099],[ 0.16755047 -0.7371001   0.65468334],[-0.74065712 -0.53239214 -0.40986051]
5,92.40635794944072,190.19007817296315,147.42727078096442,1.954853188906768,0.2822663472414382,2.971736208875866,1.7887645576203492,576.4378418461173,576.4192453520227,6.899379520992167,[ 0.82758728 -0.53466686  0.17096972],[-0.43195482 -0.4120673   0.80225655],[0.35848896 0.73778851 0.57197358]
141,75.67402749668737,139.11448123789023,74.622804387199,7.131697627168561,12.158159441341063,4.810053435526074,11.440688003996009,2085.527506949679,2083.936291087875,114.28990350142593,[-0.71738213  0.01758987  0.6964578 ],[ 0.5465382  -0.60573503  0.57825692],[-0.43204035 -0.79547198 -0.42492995]
3,8.357336880448619,176.99456758334705,147.98756834139127,1.048990191543361,1.1331863039010206,1.3083944150873887,1.270924975337284,399.8782909249027,399.8723879964785,2.7310427416258114,[ 0.74159957  0.40936504 -0.53146057],[ 0.66986625 -0.49461524  0.55374631],[0.03618411 0.76666553 0.64102627]
42,185.21524453638472,17.727629643546784,117.329800247483,3.8075863903319322,4.948953585414571,3.76688410702389,3.932825631339521,1426.1811449758436,1425.9194199883705,39.85190063459287,[-0.41392713 -0.5372792   0.73484379],[ 0.34598167 -0.83952155 -0.41892749],[-0.84199823 -0.08083703 -0.5333895 ]
26,81.95631937912533,35.629274766683196,111.9865711208585,3.5739629470233054,2.823162189362228,2.1930581582119486,3.1403159299661607,730.9009780922636,730.8362241980392,20.23016751345712,[-0.68432618 -0.38043861  0.62206442],[ 0.45194149 -0.89077668 -0.04760029],[-0.57222947 -0.2485626  -0.7815178 ]
2,169.1337745963772,144.39761652228486,104.89459360894637,0.4429846379830451,0.23427278622995118,1.0789213478222237,0.6273928915060907,347.7389720043573,347.7360342848098,1.4293741710221084,[ 0.72575986 -0.54729601 -0.41682096],[ 0.01129706 -0.59632706  0.80266208],[0.68785537 0.58724877 0.42660741]
7,186.56783687311523,21.3249169361246,1.809521623983563,3.6847574138618846,2.466676946559582,0.9870091958945936,3.722839846377686,496.98906530368595,496.9519467590593,6.907687242975332,[ 0.03343891 -0.21008108 -0.97711196],[-0.108966    0.97106434 -0.21250988],[0.99348289 0.11357808 0.00957964]
32,100.22234413751771,146.06983200885549,58.1425960816286,7.455111338098459,4.475830201574914,2.0773273992431185,4.885335355739367,1055.8296801737642,1055.117891781561,42.42271917491512,[-0.14107118 -0.28095363  0.94929657],[-0.83112558  0.55459857  0.04062862],[-0.53789328 -0.78325314 -0.31174563]
49,10.19045313558578,159.92912600827125,64.3698323983956,8.702053858453413,3.9188865570094933,5.413330633428041,5.397529138771979,1211.1664641609275,1209.6136448710422,67.26005995325849,[-0.41034241 -0.31779119  0.85476772],[ 0.90994073 -0.2045853   0.36076686],[0.06022438 0.92582591 0.37312117]
44,193.4371796721849,98.60833977935873,193.98799135975867,3.1514431716068434,4.917567340249328,2.595150248641585,3.4714769768034275,1931.6717359824477,1931.5766575936605,35.56346118040101,[ 0.73739483 -0.15166591 -0.65821449],[ 0.12195473 -0.92855703  0.35058364],[0.66436128 0.33879093 0.66621678]
54,61.58144364438157,180.07746530578697,103.78042662021483,3.4543111198483913,5.13010486928098,5.935833777023552,6.71749432081856,1594.017584031216,1593.8900159912553,39.213435131404104,[-0.76235544  0.49856396 -0.4126114 ],[-0.5815442  -0.24803161  0.77478169],[-0.28393755 -0.8306108  -0.47902522]
87,42.774615917706456,44.24770690699183,59.037046590170505,6.774037927390857,5.074286476421646,6.162723455609797,4.853072537990112,799.5928445164741,798.5092970634774,87.1312466308619,[-0.66972181  0.73961288 -0.06667452],[-0.5464836  -0.43006132  0.71861181],[-0.50282042 -0.51770653 -0.69220775]
71,10.302105647708052,176.18552026701767,5.804034660211754,4.503820330491077,3.3632233631059085,3.9106726554505276,3.452586533842351,1488.7273781404656,1488.4877915833865,49.7747999115171,[-0.53646083  0.0036814   0.84391719],[-0.84189206  0.06703719 -0.53546594],[-0.0585451  -0.99774369 -0.03286349]
6,129.29132234293084,195.1322001799289,37.068628429860404,0.9287038622048063,2.404253733816953,1.6936350390838417,1.9995666858995846,580.5557414964519,580.550511307445,5.755717284082458,[ 0.5477391  -0.20898045 -0.81012904],[-0.63435459  0.52760971 -0.56499756],[0.54550539 0.82338033 0.15642476]
5,135.0798168910448,36.00573890477217,89.58388595957751,1.0916668017724933,2.515969740697077,2.0947601374078886,1.6265104040414717,371.34742017732316,371.2899442658841,6.811556840542531,[-0.58034624  0.36136193  0.72980532],[-0.03680272 -0.90688165  0.41977521],[-0.81353783 -0.21675614 -0.53960446]
72,74.80667030499019,130.91864281543383,10.700391787616988,3.3336487028261845,12.684378853421563,3.490330109229486,11.106237446543595,1287.5227795178707,1286.430510423265,65.86045632629536,[-0.24490059  0.06050818  0.96765824],[-0.83516188  0.49378373 -0.2422442 ],[-0.49247165 -0.86747702 -0.0703938 ]
129,52.72622937724658,158.78523468318735,100.11872002164334,5.266695781256187,6.7856499502414,7.333689215136378,7.431039094805807,2217.595209925933,2216.8101021605935,95.96905100190114,[-0.816002   -0.08953221  0.5710733 ],[ 0.51099735 -0.57356641  0.6402369 ],[-0.27022664 -0.81425153 -0.51378206]
52,144.84120721330558,41.97043071792049,107.81357837271432,3.6517229773892077,3.896276840947295,4.266159129853515,4.103187489715223,1337.536904626551,1337.2301178560135,39.39754544692719,[-0.24000138 -0.7512202   0.61487197],[-0.57624205  0.6199695   0.53252504],[-0.78124544 -0.22650834 -0.58167821]
5,170.2151012887003,171.46774237157922,49.95179069208118,1.0280966129017268,2.97998519201142,1.6449219695673774,2.735892195975914,551.7286450695948,551.7171322765591,5.062265273749775,[ 0.55500032 -0.32820711 -0.76436557],[ 0.46480975 -0.63968922  0.61216795],[0.68987429 0.69503798 0.20247386]
147,88.0866103885058,180.16143166421762,100.0555442547982,5.429000991880569,4.052431456077238,14.11579872280116,7.14807977951142,2723.2522951166684,2719.296259533214,169.05548582941464,[ 0.83038698 -0.51885678  0.20308889],[-0.39548338 -0.29209769  0.87078805],[0.39249249 0.80340935 0.44775336]
7,69.93730746792221,89.24719857759992,21.058337660772064,1.7641113499326098,0.6105865924442034,1.9879328001614578,1.1427309082702541,305.2020018687245,305.1383699754754,6.544491969027366,[-0.66980777  0.37348548  0.64176798],[ 0.4283475  -0.51163391  0.74481485],[-0.6065278  -0.77378248 -0.1827148 ]
30,178.09023252677176,182.40229774485636,150.28804611772358,5.314365185583949,3.611341146511074,2.671191566462374,4.847371889397225,1621.232824852483,1621.159150618386,27.310521376923685,[-0.17211113  0.72102109 -0.67119769],[-0.77980931  0.31659648  0.54005936],[0.60189302 0.61635643 0.50776918]
31,156.94987050565456,4.366586034308551,163.4929779492549,3.5675139872978257,1.7887897204540018,4.534417322498676,5.314800243327272,1262.4910015052878,1262.4671272314852,16.031306550786706,[-0.20693861  0.96293744  0.17299684],[-0.69125279 -0.26904053  0.67066145],[0.69234818 0.0192012  0.72130806]
6,146.54687443084546,7.726641908226643,7.281744450168968,1.408290437901574,1.0263356814710856,2.049686828524614,1.4467082707161179,359.9600364573651,359.9295505796657,5.5569383046170495,[ 0.06624594 -0.93921176 -0.33688684],[-0.02894412 -0.33929523  0.94023454],[0.99738343 0.05253583 0.04966159]
23,164.1558007789997,40.60353432130728,94.21993837400736,3.135003594120249,3.9842203846516724,3.9885296885469894,2.614360675436721,928.838759898661,928.5162718452704,28.214054706391348,[-0.1886675  -0.73873746  0.64704833],[-0.49535314  0.64050806  0.58683447],[-0.84795627 -0.20980083 -0.48677898]
58,41.51694924852534,31.805638484711825,146.60424656689017,4.286708365572795,7.672582536335623,6.026401292076106,6.484880127272326,1188.015913423292,1186.6677288210353,63.76619380204821,[-0.75196924 -0.56704116  0.33616452],[ 0.60322671 -0.79755952  0.00404225],[-0.26581909 -0.20582306 -0.9417946 ]
33,67.5121716689386,52.26778745667244,56.426358709098245,3.1154862211935095,2.3080123199170055,6.5377202946976505,3.7074037436471454,589.2821806252664,588.5563246430962,37.79600902701084,[-0.54242895  0.83140087 -0.1205961 ],[-0.52097265 -0.2202786   0.82466044],[-0.65905867 -0.51014697 -0.55262261]
97,141.23138038924338,188.12895791776396,49.067130420501314,4.893778430921899,4.329793068881947,7.103521233156979,4.477355756608357,2368.450240283331,2367.325590654244,84.17329005017633,[-0.63983684  0.60418332 -0.4749435 ],[-0.49521535  0.14845054  0.8559931 ],[-0.58768237 -0.78289524 -0.20421673]
22,182.1009738919504,196.25326192400271,176.9188700439919,3.438203110405117,1.4752765046457266,2.919027711698585,2.2519997050081098,1505.2869124059741,1505.2177198131783,19.572349395438327,[-0.42038731  0.7909348  -0.44463092],[-0.70797242  0.02055856  0.70594079],[0.56749411 0.61155498 0.55131746]
