N,MEAN_X,MEAN_Y,MEAN_Z,SIGMA_X,SIGMA_Y,SIGMA_Z,SIGMA_R,LAMBDA_1,LAMBDA_2,LAMBDA_3,EIGEN_1,EIGEN_2,EIGEN_3
2,1.5456358138542736,139.2202330192447,193.16123463148273,0.0013617850291192113,0.582490080748201,1.2927693074126267,1.3893002635432197,336.74303373757067,336.7427950144042,0.4009696618541446,[ 0.99930855 -0.03349331  0.01614392],[-0.03661003 -0.81056843  0.58449853],[0.00649104 0.5846854  0.81123415]
5,178.53693579538924,84.94001656986192,166.80079466837307,1.1835960964202237,1.64386474272593,1.5263106229437293,1.6081953206294193,578.4373736493787,578.4313445339076,4.382029046165365,[ 0.2950175   0.68599511 -0.66511306],[-0.66076298  0.64928846  0.3765857 ],[0.69018618 0.32838272 0.64483163]
58,186.07303919520322,37.82034892601654,154.74989359151525,3.090298606010778,7.091659898421526,5.127800056712757,4.232600772224668,1866.6578652698752,1865.9385654684809,63.081109746237495,[-0.65015461  0.20770777  0.73086009],[-0.0185689  -0.96596504  0.25800531],[-0.759575   -0.15417207 -0.63188353]
72,155.6268219392226,186.37060443364467,160.68394267058227,4.849345046782646,4.867376337750299,5.822052738803781,4.934700239302807,2471.5369708991293,2471.119633237507,63.79162163584751,[-0.7232598   0.68426307 -0.09316283],[-0.43724381 -0.34933126  0.82872524],[-0.53452139 -0.64011852 -0.55184705]
4,146.58093731313787,113.28012324693425,98.99652711511712,1.3579547814942772,0.9661528460095835,0.9089647293585537,0.9305903247271364,420.10213656847907,420.09694964000107,3.3070420657681163,[ 0.34911032  0.31844982 -0.88131249],[-0.62538384  0.77957798  0.03395903],[0.69786606 0.53930314 0.47131209]
2663,91.01656535476883,120.35781669035805,142.41975900310982,20.760742631541383,28.873752630976266,19.15981642067837,26.197271576940587,10869.387352829353,10834.58358890831,1568.9590356377203,[-0.89374699  0.20868689  0.39707191],[ 0.08957402 -0.78433533  0.61383596],[-0.43953704 -0.58418137 -0.68230442]
111,133.1574181719899,92.60660615063863,13.012520559559066,5.108423509564644,3.6133980261845777,6.650380747078968,5.504059812012635,1716.6405487709749,1715.633523834163,77.29969520783384,[-0.57234519  0.81961327  0.0255941 ],[-0.05133913 -0.06696637  0.99643354],[-0.8184041  -0.56898997 -0.08040611]
223,129.40341057158926,51.35622996281389,28.390429009885512,7.509413663091203,10.682873218740822,7.051766480937954,8.049448841679387,2130.474772986565,2128.1481903448393,185.635263263632,[-0.06886512 -0.34038696  0.93776026],[-0.40811741  0.86734971  0.28485903],[-0.91032839 -0.36309944 -0.19864799]
279,15.161779243556026,26.6131777133909,145.98887439932224,6.916858621978318,12.459712988096294,10.773469688937476,9.630361640483956,2506.6867035208375,2499.451514157003,251.69479093455746,[-0.98532813  0.15390698  0.07376387],[-0.13770488 -0.97224781  0.1891337 ],[-0.10082576 -0.17620111 -0.97917687]
18,42.97344895007485,2.9563506004023625,152.81074288637936,3.0180785949330162,1.4835403512957428,4.236698614265871,3.9309953418004593,673.9514915655838,673.8201051755532,15.687084419600716,[-0.14559699 -0.98751936  0.06005849],[-0.95165436  0.1563881   0.26437991],[-0.27047271 -0.01866201 -0.96254675]
10,49.09655193452499,148.10464649010783,148.64315406652693,2.0920317847151217,1.403273483925149,2.874234575437742,2.544014828512455,681.5591092231537,681.5371831334706,9.01599089388089,[ 0.60213769  0.45731017 -0.65444451],[-0.76519838  0.56445859 -0.30960934],[0.22781933 0.68720733 0.68981479]
196,168.8333632659311,127.50785601693441,84.78087415444078,9.01002847584313,4.506754105980785,7.565791571497104,8.93314262076459,3194.8859229407576,3194.4053558079313,124.08598634157418,[-0.66757835  0.5535935   0.49786885],[ 0.07219029 -0.61741509  0.78331805],[-0.74103152 -0.55886746 -0.37220887]
75,179.13018472182642,28.205960042796473,95.46066370093487,10.635195850897825,5.533762134216417,4.4664523518510375,8.734260390835443,1777.606764362857,1776.9514326712651,80.62443815359929,[ 0.20820891 -0.97257313 -0.10368486],[-0.43771106 -0.18745269  0.87935801],[-0.87467598 -0.13770616 -0.46473534]
45,11.316558728508129,97.78282158668584,170.4134863979592,5.204104781852198,3.3375703487696917,3.7401448472186267,4.45253718906663,1320.9618396642986,1320.6149585735038,38.236269985171965,[ 0.08018216 -0.86683281  0.49210944],[-0.99510971 -0.04104146  0.08984578],[-0.05768438 -0.49690691 -0.86588454]
158,180.5979411221997,121.22714083634726,120.35237819099738,4.894954924337853,7.357435558981737,9.809625077072731,6.782680968050507,3128.7232437716166,3126.2573866013117,142.5892396837588,[-0.65447507  0.70601051  0.27057631],[-0.20990598 -0.51346189  0.83204349],[-0.72636207 -0.48775613 -0.48424383]
63,24.49383575084698,4.230289483005593,123.92428127900781,2.889830153324954,3.3179857553869723,7.158315089708051,7.004034214093763,1005.0829849637358,1005.075694651003,37.2259362076204,[ 0.54969741  0.82415262 -0.13640097],[-0.81273219  0.56537739  0.14076501],[0.19312987 0.0334793  0.98060185]
667,178.55417202510566,93.41427741111279,67.43822662031192,12.447710410850142,13.128270586303406,11.383237369982107,16.02249060708107,5511.174596901094,5508.289720732025,364.58112645631616,[ 0.26525341 -0.84245997  0.46893692],[-0.47426377  0.30945102  0.82420504],[-0.83947276 -0.44102298 -0.3174653 ]
19,17.768608957915532,160.71867432190558,65.8655825974485,4.90552132730458,3.0811060042080345,5.554481265026699,3.5504511802078373,761.7162054700187,761.3543181309011,31.404410626890638,[-0.79041927 -0.15531918  0.59254817],[ 0.60399853 -0.35883096  0.71163623],[-0.10209387 -0.92038921 -0.37743946]
486,109.27899666360581,120.60170572593992,42.583747702403166,11.490814165283847,9.967151744768108,15.075047865382668,12.342851483882216,3735.6371520969037,3721.0495764791167,390.1897012717616,[-0.71505983  0.46344922  0.52335863],[ 0.25622908 -0.5227985   0.81303652],[-0.65041225 -0.71546946 -0.25508304]
63,107.1039288086614,147.75053624822255,40.85159263303386,6.2554341409465595,5.106077672611021,3.7205196887162906,6.911891238147802,1485.7443094652206,1485.5259613155533,44.68861878052267,[-0.44844899  0.07912282  0.89029943],[-0.68595554  0.6081224  -0.39956493],[-0.57302573 -0.78989032 -0.21843714]
6,100.50958069284178,28.769726809000627,187.16892399285965,2.3452921827103776,2.224711028964942,1.8654401454852967,2.1579993143613896,525.204185070665,525.1826766805536,7.471580922663275,[ 0.83237065  0.26360073 -0.48751796],[ 0.29550298 -0.95526669 -0.01198109],[0.46886789 0.1340903  0.87303075]
8,103.74500997636068,14.479594761134278,16.53378677057185,3.7513529412220086,1.8068548035291239,3.0237067008966627,3.5074409573619554,300.27125356894186,300.1429506160042,10.578095880618761,[-0.16104726  0.97441586  0.15677218],[-0.12980418 -0.17837797  0.97536259],[-0.97837347 -0.13672979 -0.15521054]
60,182.60872277927254,24.085066293382436,188.33899911683065,4.009706542251537,4.633547658395505,3.682982193537248,4.186498774621618,2041.1563512074974,2040.957277788214,44.95910781681891,[-0.7175627   0.1803961   0.67272655],[-0.06755276 -0.97934782  0.19056358],[-0.69321021 -0.09129678 -0.71492972]
102,137.12571030474592,14.940600301904533,124.77497758531935,4.83572002923455,6.4040964728517755,4.4600699615600305,4.196635693515015,1880.1040735945835,1879.6496062856943,82.45159389246541,[-0.66649645  0.24887999  0.70273838],[-0.11043143 -0.96519005  0.23709297],[-0.73728379 -0.08041722 -0.67077991]
3,53.873472637994155,183.9823732909824,68.23400056314368,0.4377399219146147,0.8394549561449464,0.45862795265136047,0.6992257111532766,352.4570885451892,352.45602186122295,1.3618527968820728,[ 0.25388045  0.27011009 -0.92875468],[-0.93030011  0.33100821 -0.15803565],[0.2647384  0.90414275 0.33531996]
5,22.138440851176522,54.131316331183164,146.66165422722707,1.6477168187809659,0.9657689568071771,2.7388242925574375,2.5064014153760135,353.13082456183884,353.10813182109996,4.925879862063412,[ 0.31977599 -0.90354582  0.28521619],[-0.93708332 -0.25709447  0.23617213],[-0.14006484 -0.34279351 -0.92891036]
19,62.61717942454456,190.87522675128764,140.20540377618238,2.0414490962043814,2.774248049090042,3.10460285923136,2.505553126222483,1067.97585818805,1067.8971522380764,17.012969496791744,[-0.91587676  0.00558707  0.40142066],[ 0.30957285 -0.62680127  0.71504183],[-0.25560597 -0.77915913 -0.57234311]
31,143.88397898386935,133.27266764663423,148.437144817013,2.4115640427217144,3.0224489396864023,3.8419256690341004,3.4615149338631217,1369.7453751859189,1369.6539093006647,23.46933217420723,[ 0.69965949 -0.71348955 -0.03754025],[-0.41026691 -0.44422019  0.7964606 ],[0.58494245 0.54184969 0.60352402]
5,147.37905955910867,103.38661138475273,99.87262841578709,0.9180874626875332,0.8050320721142403,0.7629382859144707,0.6256584471133406,460.3561851786933,460.35172471082365,2.8996296841383242,[ 0.55693307 -0.82972942  0.03707626],[-0.42112521 -0.24362901  0.87366954],[0.71587647 0.50218921 0.48510503]
3,166.1967265736378,78.52729270352617,112.86724248311593,1.0673983916113146,1.372233408807314,1.4422012317203974,0.7784226404119754,373.6232833166546,373.60968645228087,3.670217361070968,[ 0.62366126 -0.60026269 -0.50073081],[-0.13180263 -0.71214899  0.68954469],[0.77050289 0.36404467 0.52325594]
7,96.82052365188129,20.87971731204025,70.04987651132024,2.6809307849665007,1.6515379170937106,0.6500116325938784,2.022431025531452,321.06296943702984,321.02937355730427,6.610449878945748,[-0.30835481 -0.70654194  0.63695824],[-0.51743914  0.6864412   0.51093563],[-0.79823183 -0.17203766 -0.5772599 ]
56,43.164056510773776,21.463823979347946,4.884688864505458,10.557648668184791,4.478336698833293,4.0728749360939425,9.51523184689815,373.01093874770567,370.5862613867963,55.30100709399642,[ 0.14132259 -0.48271894  0.86429761],[-0.41755407  0.7625333   0.49415743],[-0.89759485 -0.43072659 -0.09379807]
328,94.02230698741677,87.9427180487713,82.03265605262989,12.047859403266747,14.246882875849295,6.537740151484911,8.41118800424063,2784.7902717978245,2771.851661808408,324.4503004645582,[-0.31968223 -0.43961691  0.83936895],[-0.72083515  0.68778914  0.08569003],[-0.61497964 -0.57765306 -0.53676529]
5,185.01199384266118,21.887565121008006,1.7441875610321933,1.6444510991757555,1.3498291373184248,0.7216040315791615,1.5036104974825861,416.6304727762839,416.6184682605888,3.745182436615598,[ 0.02137786 -0.25761077  0.96601226],[ 0.11583899 -0.95908717 -0.25832754],[0.99303792 0.11742438 0.00933814]
16,156.7207474536265,40.891692460561146,63.03161939444896,2.315295030657251,2.551686486744888,2.5022425266066954,2.30112664734509,695.3641123788321,695.3068249768071,14.34179849275499,[ 0.36652797 -0.86101958 -0.35256564],[-0.22921377 -0.45082084  0.8626828 ],[0.90173072 0.23538448 0.36259599]
335,15.317443899943958,187.7028504258583,107.67479772880883,7.0943532337046165,6.544384045208862,10.479346711237975,7.327365136747081,3977.253164356642,3974.7010783033184,223.53783447290243,[-0.96068637 -0.07486665  0.26735125],[ 0.26844295 -0.49622469  0.82565092],[-0.07085257 -0.86496014 -0.49681372]
27,137.55166125374478,19.02195419998907,180.49924381064068,3.595475361163937,2.891532300441808,6.122918842855496,6.147055972844686,1183.9242064912244,1183.8468841492213,23.805836388492132,[ 0.29530585 -0.94717734 -0.12509815],[-0.7403704  -0.30962992  0.59664142],[-0.60385937 -0.08357273 -0.79269759]
2,194.6716951095969,50.618369962646014,101.88857233210712,0.2818432159834998,0.45966786472759935,0.7596668782680851,0.20313127777669138,318.8775227271574,318.87493062344004,1.2857373390249873,[-0.0408879  -0.86149661  0.50611438],[ 0.50291285 -0.45544012 -0.73461076],[0.86336947 0.22449473 0.45187971]
77,75.00723885392951,132.92907363053558,9.571054597332626,4.075337439042091,11.872655402905028,3.101428557645016,9.490645301054746,1346.491514063565,1344.8350006651722,76.49839948294073,[-0.10265137 -0.01389805  0.9946203 ],[-0.86676396  0.49183355 -0.08258325],[-0.48803989 -0.87057831 -0.06253372]
13,10.514604349490785,138.34708882448192,84.10910582913087,2.5203422375583124,1.735992328856728,3.1435843975046773,2.8272492978721653,585.1711632787709,585.1281992427203,12.056155907851208,[ 0.4554039  -0.48760105  0.74488422],[-0.88793114 -0.18796049  0.41982037],[-0.06469605 -0.85259373 -0.5185541 ]
92,121.73875730599467,8.843021076026016,107.07151056705618,7.389964771855217,4.956486218449932,6.68772828342442,5.321782258688067,1560.3299063068157,1558.8892188339103,93.77898327424107,[ 0.14473041 -0.98596531 -0.08321965],[-0.64542853 -0.15782134  0.74733824],[-0.74998342 -0.05445023 -0.65921169]
608,56.036061601689056,33.89679865582735,111.65685978762428,12.127653679678406,12.259969100455498,16.009280821011632,13.599938554619603,3230.780295390928,3222.493470795521,475.9408892236216,[ 0.59281505 -0.80356008 -0.05349315],[ 0.68099412  0.53563503 -0.49934169],[0.42990385 0.25958875 0.86475219]
25,38.71133074453895,6.37005273272797,17.85656471036582,4.731024664349195,3.377029770271137,2.6324063107531437,3.9197481542938233,217.62556916369,216.63860535818054,25.352136801486527,[-0.21883928 -0.66712331  0.71207855],[-0.37657079  0.73097431  0.56909665],[-0.90016877 -0.14360728 -0.41118505]
30,170.25708984950842,23.37053780793539,80.05428337079549,2.9848742126538315,4.086164314501696,4.129792695795096,2.115054915692837,1038.9253361440426,1038.5502189435003,33.883487619775366,[-0.18259534 -0.76880022  0.61286635],[-0.40019892  0.62748741  0.66790746],[-0.89805332 -0.12331166 -0.4222493 ]
85,44.784345243702745,86.32831396344761,185.58079699786344,6.960417442544256,5.707833804552446,4.51661806624343,5.25856740681512,1933.5377770448297,1932.6559381668485,79.06518618215439,[ 0.59601504 -0.77342028  0.21584056],[-0.77389536 -0.48160801  0.41126596],[-0.21413089 -0.4121587  -0.88559199]
2,104.79311384655303,79.15789333326069,58.081687167731374,0.33837862745953373,0.4136799923126091,0.01642511133538349,0.0122541717578315,203.08292430375604,203.08151723401906,0.7559773104392389,[ 0.29606972  0.27845416 -0.91367719],[-0.61627869  0.78651171  0.03999881],[0.72975564 0.55123734 0.40446767]
63,145.21854939477808,154.6695933070429,66.73387297035532,4.697402287784818,4.255214177164508,9.248720027135006,5.073583993129477,1767.1167790599072,1766.1782591559074,79.25769689302825,[-0.66670698  0.71576042 -0.20781921],[-0.35966097 -0.06474695  0.93083394],[-0.65279843 -0.69533794 -0.30059833]
58,189.19337568679833,184.5816071434684,17.347360437928856,5.9273730047226,9.08961546345715,8.931436552359616,6.253985205548317,2020.0198230120313,2018.0573760429404,95.22413457992621,[-0.53964805  0.48863803  0.68557484],[ 0.44597709 -0.52476375  0.72507064],[-0.71406192 -0.69703363 -0.06526637]
10,165.14559998126103,102.65176939869323,24.509850071427472,2.9010774696583024,2.4657174539141047,1.752710828751657,2.5697075676883494,619.9031822474135,619.8266690275066,10.490912985575891,[-0.31289393  0.28714589  0.90534227],[-0.43820479  0.80204605 -0.40583087],[-0.84265886 -0.52370733 -0.12512663]
186,24.594346426016557,15.017985767634963,98.61509537904337,7.182116452689678,7.209758223709303,9.084106623804889,8.73094005498233,1410.7972352842003,1408.950302320277,142.5730748271012,[-0.32134492 -0.92071181  0.22142086],[-0.91696089  0.36092838  0.17003951],[-0.23647446 -0.14839293 -0.96023922]
18,59.81786111555737,76.35505649403484,67.63585352363081,3.113594143941708,2.12533817024906,2.2771191282392427,2.9658113338828738,501.9723999379074,501.91066084370186,13.833200910614554,[-0.41768533 -0.39677307  0.81738002],[-0.75461292  0.65254801 -0.0688508 ],[-0.50606156 -0.64556349 -0.57196982]
2,87.80830701064691,8.104997642632517,26.74508819722299,1.0084926456995902,1.0088606889655183,0.28721550699943954,0.9555540440318566,130.33347121590816,130.32423298891226,1.5517780252542195,[ 0.28986133  0.01732958 -0.95691175],[ 0.0890783  -0.99598445  0.00894582],[0.9529142  0.08783312 0.29024107]
176,13.641868893628715,116.80911013668769,107.48664852418246,6.061104905932123,6.895874644224593,12.738615909086183,8.19415555371478,2122.509108627307,2117.811943579092,178.13552545352547,[-0.99384537  0.11055337  0.00702353],[-0.06961408 -0.67261569  0.73671026],[-0.08616994 -0.73168715 -0.67617207]
375,102.45321002793774,108.45003813317348,189.08460204430025,12.96002539229586,15.208605254081645,5.590813479543615,12.761070394838642,4677.272682444358,4674.8056824468,317.0114204218746,[-0.78916842  0.60922368  0.0778441 ],[-0.44220817 -0.65157781  0.61635889],[-0.42622192 -0.45198768 -0.78360833]
31,138.02459498700196,144.5232729599035,118.44940399006904,5.570261221758854,3.2409335865050752,2.945949797023952,3.6955215946178357,1293.9481671397618,1293.7132551411503,33.687172386451124,[-0.41870953 -0.30197012  0.85644403],[-0.68663542  0.72248054 -0.0809548 ],[-0.59431821 -0.62196135 -0.50985287]
8,191.1148737560482,167.86439036850322,74.97825025733312,1.4336595573208728,1.7721905122593713,2.415755671704946,2.0142828588264168,750.1167899178032,750.0980068034838,7.461694378467681,[-0.38858017  0.70658369 -0.59139238],[-0.57416231  0.31630553  0.75517445],[0.72065463 0.63300103 0.28278367]
11,194.44987183260366,189.12469140392344,116.02664852070325,2.8275084312480625,1.5862594060379644,2.464357937477735,2.726998300688045,978.5724789524425,978.5518860677861,10.041085685825443,[ 0.55399815 -0.06017136 -0.83034057],[ 0.50858508 -0.76517625  0.39477402],[0.65911097 0.6410029  0.39330397]
58,156.19745670171216,56.91800440575941,170.85948566698715,7.170893368554276,5.469953935901892,2.889866971729013,4.5487054293960485,1816.8044284909129,1816.0295979430455,63.03775447351591,[-0.49292058 -0.58382217  0.6451209 ],[-0.57215138  0.77609321  0.26518322],[-0.65549379 -0.23839255 -0.71658697]
51,163.69790599553312,100.40645894705874,101.6297094578061,3.4246837073960026,3.177577431940771,3.4505179034480467,3.5209765390716776,1552.0479285108263,1551.9734857530082,32.95737851396194,[ 0.60296106 -0.20177433 -0.77183229],[ 0.26224829 -0.86358698  0.43063136],[0.75343467 0.46206564 0.46779434]
50,33.876648485507395,192.496423193068,65.53314485395869,2.530245077850318,3.678678692114357,5.869116852161935,4.818193426545122,1458.5215842736131,1458.1831242640421,39.55037557208437,[-0.97989424  0.19152149 -0.05591773],[-0.11315708 -0.30264803  0.94636127],[-0.16432513 -0.93366144 -0.31823507]
9,169.64796354339333,143.7723269574827,53.534834232108814,2.2242144981720986,1.994248865931311,1.4949750286293984,1.3088419810498142,686.2444982586486,686.2130847038038,9.220147682134764,[-0.13768067 -0.19884064  0.97031254],[ 0.65643703 -0.75191523 -0.06094182],[0.74171049 0.62855858 0.23405055]
299,118.00977911720435,35.23410219197798,164.2284146443158,14.554759864539257,7.019195452242569,6.202585642079914,9.518092426459498,3560.3262092211858,3555.363446313447,248.14114031782242,[ 0.09472334 -0.98508702  0.14363514],[-0.81166112  0.00711806  0.58408524],[-0.57639719 -0.17190956 -0.79888258]
6,65.35466744941448,60.32355769809991,93.50891446191618,1.577462000831541,1.3768576124943492,2.406424224109231,2.3449724617310115,316.188154586018,316.17730012534895,5.295361176138589,[-0.4657564   0.85548424 -0.22631326],[-0.72570905 -0.2229134   0.65088862],[0.5063767  0.46739312 0.724656  ]
39,156.50472523601354,44.81309561734023,192.66096822328848,7.647846578224851,4.0963441140570716,3.5480388156953024,4.51338769503157,1576.1362711948607,1575.560791896433,51.288395674152724,[ 0.34995948 -0.9343651  -0.06700916],[-0.7015656  -0.30882307  0.64221027],[-0.62075283 -0.17773625 -0.76359397]
4,136.15959834954685,90.51978189407926,37.06506656203922,1.2469710821405233,1.280994503769055,2.067493599163994,0.4497871326867269,335.3378033589243,335.3147393824721,5.388586902321797,[-0.38022338  0.77721984 -0.50135766],[-0.4425237   0.32312282  0.83651923],[0.81215944 0.53992681 0.22107935]
249,110.91863189700345,150.3605866918131,85.01176971045186,7.830558565177671,7.787567231885523,10.515335818386285,7.915714051441192,3246.8168719915725,3242.8819461738703,206.2724913086103,[ 0.48303531 -0.67290815  0.56024237],[-0.68950228  0.10205284  0.71705776],[-0.53968834 -0.7326526  -0.41467658]
82,172.121779833253,156.23017078933987,6.584166608054157,6.01365211705679,4.867496802791353,3.470029072727224,4.504246876769246,2106.9699791441262,2106.393145804002,65.0005439214289,[ 0.12250158 -0.17604803  0.97672947],[-0.6610723   0.71956995  0.2126088 ],[-0.74025453 -0.67173371 -0.02823202]
41,165.09745925632123,80.42916998785826,19.93388484521533,3.460319763908558,4.765433424654783,3.759339321056134,2.4004910050776864,1183.4161626917144,1183.1662933469136,41.999338814859975,[-0.154824    0.07375605  0.98518505],[-0.42094017  0.89723699 -0.13332348],[-0.89377788 -0.43534564 -0.10786693]
55,193.59627177808008,176.60036042027426,137.36003817928392,3.8770139917798665,4.241200016408554,3.7305625424090185,5.324040220202979,2194.7075938791363,2194.595276634375,31.958463192705445,[ 0.36345318  0.29021583 -0.88525508],[-0.66315841  0.74799003 -0.02705264],[0.65431087 0.59689671 0.46431843]
2,174.9864037875322,3.227522151481299,73.45089824031103,0.8912006748383732,0.5564857384526389,0.23171885900855926,0.7224848113920928,268.4282044446509,268.42583655364564,1.1274803123758395,[ 0.2651722   0.70053821 -0.66251786],[-0.28234681  0.71341254  0.64134455],[0.92193491 0.01699306 0.3869719 ]
6,190.1967952890819,64.90203693120282,16.699360051233892,0.7247482406332434,1.0628163077467039,1.3188788275386227,0.7027151672490624,493.978009039312,493.9641689711212,4.174357781307131,[ 0.29853293 -0.71103107 -0.6366419 ],[ 0.14600613 -0.6251838   0.76669905],[0.94316504 0.32183853 0.08282305]
54,151.5285688337614,25.658397749718432,83.23232995474972,5.887376752688789,5.403843864934853,6.499814691764868,5.325694918359582,1286.1618215271485,1285.3283709926673,65.12943083184165,[-0.37809     0.81586802  0.43750124],[-0.3243838  -0.55937427  0.76280769],[-0.86707733 -0.14649165 -0.47614819]
96,113.93062814117793,63.76244592838989,183.99270637840053,5.165384504853391,5.3901057142791,4.806141774996869,6.238226425990155,2211.8992939967275,2211.6585697105043,61.978895633244974,[-0.86097818  0.23058737  0.45337186],[-0.05984658 -0.9310711   0.35989582],[-0.50510887 -0.28272969 -0.81543176]
37,44.93728205726334,88.74176666997317,93.52988111872135,3.497035013983674,4.536822028286728,4.453554704971416,3.9473727796441826,831.3835305900238,831.1843618897115,36.87727042011553,[ 0.62528425 -0.69337924  0.35811287],[-0.70784183 -0.31068708  0.63437645],[-0.32860242 -0.65015288 -0.68507057]
87,103.61478036128489,61.26872439854813,4.214015131376285,9.727420821156464,11.331629406850775,2.773930188909176,5.7592210934818375,1132.0620148715827,1124.9775256871842,131.66578826105905,[-0.03366991 -0.01161815  0.99936548],[-0.50727143  0.86175732 -0.00707224],[-0.86112835 -0.50718768 -0.03490885]
56,132.87986385347253,166.3874030917565,88.53861487191922,3.5723629793932585,4.885664564517767,5.075440639261959,5.9027373629766045,1726.6195248115812,1726.4075773982067,39.39474507998055,[-0.81577242  0.53673571  0.21547653],[-0.05065311 -0.43742574  0.89782681],[-0.57615069 -0.7215078  -0.38402719]
107,80.85486630747113,179.3047436754532,145.6821729262629,5.18836757767217,6.5498554353282765,5.208380166043927,5.695707802643266,2533.7109414908064,2532.7969105856787,83.35753224261805,[-0.86294595  0.48987593 -0.12387845],[-0.38220351 -0.47244546  0.79417615],[-0.33052197 -0.73267787 -0.59492719]
4,84.80186917023137,163.83581163344482,194.61309475470225,0.8769686955827702,0.5883605737391832,1.2899477795206202,0.9133629634221244,536.3218971089588,536.3166614325495,2.7910067007588375,[ 0.86726573  0.12387161 -0.48218873],[ 0.38449819 -0.78191022  0.4906909 ],[0.31624562 0.61096009 0.72575235]
18,160.14403419033866,5.656211162476169,168.7707850982515,3.484817591634733,1.9641149892662944,4.4499107902213915,4.179858300591936,987.6653807644101,987.5695233002698,18.248787988566132,[ 0.08833132 -0.99480541 -0.05059421],[-0.72024573 -0.09887371  0.68663679],[-0.68807243 -0.02421127 -0.72523799]
8,195.5624403629928,151.83999434488186,180.4180297881931,1.5602655756911987,2.0248729361598827,1.425701836825344,1.5483858397226693,866.526370211143,866.5052216444149,7.021695313241464,[ 0.68414398 -0.01470474 -0.72919873],[ 0.35275664 -0.86840622  0.34847293],[0.63836492 0.49563535 0.58892769]
20,61.26298952940086,129.72389660500608,152.56937770910764,3.0420440396660267,2.351225952131112,3.8561057937724157,2.8734438004278067,936.8099583496372,936.7484131042917,20.73442587456808,[-0.95336506  0.24796974  0.17206416],[-0.07410292 -0.74494823  0.66299388],[-0.29258132 -0.61932474 -0.72858289]
81,24.674782510376087,46.174272869767016,185.17296280488796,9.848302276087065,5.882748152481499,3.8273807627154164,3.491347700058752,1735.0162408798833,1732.4488746775974,104.30993473046634,[-0.44939737 -0.85093946  0.27192655],[-0.88409861  0.46729879  0.00121868],[-0.12810797 -0.23986221 -0.96231724]
37,57.86357356735532,50.09595076356311,168.7795227175198,5.693355052670047,3.267049254240286,2.723406178296638,3.4648418634777958,1127.9538762530183,1127.611291270995,37.818201842529355,[ 0.00164158 -0.95878558  0.28412588],[ 0.94993704 -0.08727657 -0.30000403],[0.31243707 0.27039418 0.91064267]
68,95.2833059342361,31.820080325898303,58.42553754937153,3.811187939103981,7.7736467844173385,3.4068663504067045,3.8483262937828613,960.9171475625052,959.3042591463261,69.43892894617312,[-0.53389777  0.04929035  0.84411115],[ 0.20698976 -0.96030611  0.18699574],[-0.81982218 -0.27455897 -0.5025027 ]
3,171.2135877436408,97.65089250639392,34.120872834206175,1.1943207460001763,0.26355110508849605,0.780353948142553,1.0277187948578024,346.47984630504857,346.4756015168082,1.772830774353331,[ 0.41431813 -0.45001209 -0.79109393],[ 0.30940473 -0.74779619  0.58742622],[0.85592593 0.48814954 0.17058965]
2,40.10507906453622,9.540106032843,124.57050952830606,0.054265206234774155,0.681556280765105,0.5069997802115864,0.4483538138272394,185.56921806423588,185.56639710572117,1.0232097408321383,[ 0.94524742 -0.14297343 -0.29336992],[-0.11440999 -0.98705375  0.1124066 ],[0.30564304 0.07268759 0.9493676 ]
234,188.71069042348915,32.1831944230539,64.09160829343148,5.558146960286032,6.16217163726368,5.957141928856634,4.9219214303372,3090.685114771777,3090.496026411383,137.0347194292152,[ 0.25034541  0.33859342 -0.90701801],[-0.25182275  0.92737744  0.27668826],[0.93483286 0.15914013 0.31743021]
2,125.56636911802228,63.96217452560538,104.85159615543641,0.15028113362494366,1.4254912135212443,0.18823105395416917,0.7388724183535942,248.41103067464124,248.40481487672196,1.757301026863396,[ 0.62963768  0.03609565 -0.77604993],[ 0.30416808 -0.93062917  0.20349724],[0.71486934 0.36417915 0.59693834]
2,188.4988797061347,0.9220995632486462,90.12754056906488,2.1519603163818033,0.3248275191705563,0.4160272345017191,1.760508253485952,295.5014755018362,295.4953506687699,1.9025658735169828,[ 0.10278306  0.96895007 -0.22488088],[-0.41890732  0.24721734  0.87372779],[0.90219305 0.00439983 0.43131003]
2,79.80054472945366,58.350578050013084,128.25331588045532,0.3183488579952467,0.5689010643938808,0.8026987133194012,0.587631988730692,229.010476842702,229.00731544054756,1.2033197560523419,[ 0.86948365 -0.16857118 -0.46430802],[ 0.03378777 -0.91746975  0.39636807],[0.4928048  0.36032349 0.7920293 ]
2,75.96895339127533,138.7985136474818,19.443697026600393,0.011611957479473745,0.1355765480357718,0.10128434892727611,0.12485984778831494,225.45241359779433,225.4523551182198,0.16238447899003972,[ 0.62398357 -0.43268251  0.65071526],[-0.61932016  0.23398446  0.74946235],[0.47653651 0.87065327 0.12196654]
158,167.3709132671689,153.0795229924481,140.95224041102986,8.577687612714126,6.470878270719102,5.076259278971194,6.726478298351446,3359.432702368056,3358.3854484174303,123.59313132360805,[-0.55000496 -0.15407739  0.82082562],[-0.55164056  0.80494342 -0.21853784],[-0.62704644 -0.5729976  -0.52771821]
3,15.763848909891783,157.52797513053653,18.05313964298407,1.4047467446066682,1.2285189179762497,0.8595697663239122,1.076709471396908,276.0074913698197,275.9943981638018,3.025206906667507,[-0.44352989 -0.05813006  0.89437248],[-0.89078858  0.13868223 -0.43273889],[-0.09887843 -0.98862942 -0.11329131]
21,4.869751026780296,171.89697721747817,161.82419754846913,1.7771409571085435,4.89917010214664,4.057402503298793,5.919058007755975,1082.5046665735222,1082.4642379396887,13.413763157139577,[-0.91382205  0.29185338 -0.28240194],[-0.40558516 -0.62035584  0.67131163],[-0.02073488 -0.72799741 -0.68526625]
20,5.132672935243802,172.1796546046648,82.29574120726575,2.0830665978708165,3.903507793870537,3.2298057224626744,3.504613541542516,854.0544473311536,853.9462031820627,18.917794023982964,[-0.9993001   0.03546875 -0.01188642],[-0.02600772 -0.43036942  0.90227809],[-0.02688713 -0.90195572 -0.43099067]
10,64.2486899930365,154.570390927216,148.32842971541896,3.165117098692662,1.9610286501446939,2.4027373326885777,3.4339158051231284,707.3794964964267,707.356008748611,8.883655267465997,[-0.09694598 -0.66786182  0.73794449],[ 0.95289032 -0.27638271 -0.12495055],[0.2874048  0.6910667  0.66319325]
17,25.139942752004618,135.23167867541338,55.09337773383248,2.11736249942242,2.223664136352112,2.5452090322479024,2.4380820047355543,611.0918719577892,611.0687078258134,13.011344551620642,[ 0.70448046  0.15162462 -0.69333777],[ 0.6891613  -0.37959266  0.61722453],[0.16959949 0.91264417 0.37190943]
333,147.81108555511548,162.83636940355075,185.76266030784205,9.269111076515145,14.338954615945637,8.37785556774112,10.576673007591486,5262.9710466726865,5258.511270286554,287.32777827024785,[-0.36317427 -0.53786207  0.76079487],[-0.77800736  0.62434292  0.07000326],[-0.51264899 -0.56648063 -0.64520594]
28,189.37618501735042,15.64424635828966,178.91051457499935,3.745363448389193,3.348045502574198,2.634240745959916,3.38412432480554,1381.2795912086408,1381.2472545478604,24.075315349874263,[ 0.64958062 -0.38819027 -0.65372267],[-0.22692578 -0.91962985  0.32060197],[0.72563745 0.0599103  0.68546411]
71,24.872709736618532,107.11422727734428,192.17800236314434,5.734985347893027,3.734024767418963,3.533409336071014,3.762604762912543,1866.5728696821557,1866.1739015282847,56.586109934764806,[ 0.29995253 -0.84926133  0.43449244],[-0.94729556 -0.21144986  0.24066589],[-0.11251487 -0.4837811  -0.86792641]
69,130.0280581562477,7.040344338295763,145.01402301716024,4.957520676452651,3.6624956723294497,4.629253414056484,4.942139111489987,1620.0340192217914,1619.66463222671,49.34135790955334,[ 0.39933206 -0.86049912 -0.3163466 ],[-0.62879859 -0.50817107  0.5885359 ],[-0.66719281 -0.03610296 -0.74400963]
70,129.3054294195975,114.97109672374734,179.97358526294786,4.148843404836267,5.827569695251993,5.667860893881947,4.214825299755107,2090.01718440584,2089.2344350158082,67.91743575805346,[-0.85136634  0.19596715  0.48659247],[ 0.08269429 -0.86586355  0.49339839],[-0.51801256 -0.4603012  -0.72096172]
5,140.5712819453277,116.57456587793938,109.2380314471163,1.7634239579594138,2.1730630473045482,1.876425620909195,1.167000274833503,475.8719221086952,475.8551687682748,7.065608612966292,[ 0.66320228 -0.74626569 -0.05701112],[-0.3518292  -0.37808668  0.85630992],[0.66058985 0.54784851 0.51330601]
2,159.2837102082425,59.17968496240861,185.09322213874773,0.33655792788903227,0.8965326142370884,0.7124289768058532,0.10029646690232141,355.3433858359302,355.33940505237854,1.6819852449708794,[ 0.69637583 -0.58818835 -0.41121184],[-0.33643883 -0.77366741  0.536887  ],[0.63393187 0.2355275  0.73665268]
13,181.9362263983232,150.76335770817133,103.56366826974362,2.5091670828205777,1.8421610200862086,2.709979520947657,2.471430646558526,930.2646498250475,930.2469826137474,11.927440850301986,[ 0.34843521  0.20751799 -0.91407286],[-0.61745546  0.78451886 -0.05726179],[0.70522454 0.5843513  0.40148711]
13,92.7301317016406,69.29308849231789,176.51135515147826,2.5457960946926526,1.9105687430693783,2.1729241319148547,2.557494046437336,761.1876030829156,761.1469688439901,10.405179362630342,[ 0.01785534 -0.93383092  0.35726881],[-0.89816203  0.14201831  0.41609587],[-0.4393019  -0.32831481 -0.83619569]
3,145.49353430098165,36.797854296152515,96.05109238306314,1.0322684649642007,1.7463575526540214,1.3632799995116676,1.1033383214427916,308.6463075402925,308.6238221916361,3.770170029706464,[ 0.30044143  0.64533324 -0.70233892],[-0.49295699  0.73544579  0.46487944],[0.81653436 0.20655383 0.53907991]
12,172.7231141863596,63.20996516888952,29.46031964314727,2.2466386080949925,1.536342124506345,3.521291389712735,2.6122879922163174,645.4377281772508,645.3298297650068,12.463810436990585,[-0.27299824  0.9019834  -0.33451144],[-0.25630159  0.26695791  0.92900106],[-0.92724401 -0.33935147 -0.15830074]
46,172.62680316205086,7.5046990905702184,17.501737020902677,3.995475197582521,3.8290292984426118,6.814988131340569,3.645545608712271,1179.1398545753118,1178.446345827081,54.28706582350587,[ 0.0270848  -0.98750264  0.15525766],[-0.10585112  0.15160823  0.98275657],[-0.99401306 -0.04305197 -0.10042198]
81,10.082570477851887,175.6649695773883,5.647270199006523,5.479414009020882,3.3568294422060267,3.6280082319551474,3.519827516146538,1585.4594590437575,1585.0493986835686,58.471051020840335,[-0.04432674 -0.02957423  0.99857924],[-0.99735815  0.05889017 -0.04252843],[-0.05754875 -0.99782629 -0.03210651]
53,9.977015577931608,195.06659839604765,137.82125709239594,4.246341654472242,3.4336367064623783,4.547551884326477,3.6592638040369243,1740.900754556089,1740.702444090133,44.33716929291063,[ 0.68127736 -0.4452592   0.58103821],[-0.73084614 -0.36868812  0.57439794],[-0.04153408 -0.81597384 -0.57659484]
12,33.126066688126734,168.13702146977928,79.30541424618438,2.084818883862085,1.9258229546379115,3.5700201172114148,2.6143841844332987,654.27970226365,654.2252016100688,12.980618029817885,[-0.96300455  0.06651904  0.26114643],[ 0.20456837 -0.45037737  0.86908688],[-0.17542526 -0.89035692 -0.42010776]
49,94.21398562702126,44.1485788105132,41.113916011982965,5.466047017578901,4.516142145992257,3.2467479657613154,4.1282275293043815,784.8336538415955,783.8449237622787,46.089769226118264,[-0.11112762 -0.53991051  0.83435442],[-0.52714552  0.74373764  0.41106194],[-0.84247745 -0.39414587 -0.3672612 ]
104,180.9814364318331,168.87160032581338,156.88287735918973,8.284595340954947,8.526545715248663,4.811087462194044,9.302402766708271,2991.1306153088067,2990.504926626383,90.1691215663448,[-0.78534488  0.48675214  0.38249939],[-0.03990983 -0.65639675  0.75335948],[-0.61777069 -0.57638153 -0.53492402]
158,39.833930472452664,52.26110614322285,73.81321486125238,5.888791955421964,8.82289728501997,11.535770118246543,12.545519653855145,1255.967334919831,1254.1539179889733,115.8473751709592,[ 0.32578278 -0.84469611  0.42468112],[-0.85734636 -0.07460248  0.5093051 ],[-0.39852578 -0.53002165 -0.74850134]
15,84.06088057862722,141.46306211564468,111.16964340868716,2.2604630777441828,2.5397918636053345,2.1502911569822643,2.290700814201552,769.2401180685063,769.2155404253782,12.813619201270368,[-0.15291247 -0.55284795  0.81913181],[ 0.89301269 -0.43230406 -0.12506612],[0.42325655 0.71237093 0.55980492]
66,123.37673736601081,81.29956432248773,34.8434319235256,7.020859042786132,5.589262944933466,3.873984225306105,4.974783763133156,1235.2961318297325,1234.4920529063518,68.48762222239463,[-0.22138759 -0.07947269  0.97194219],[-0.53825529  0.84106085 -0.05383208],[-0.81318435 -0.53507078 -0.22897703]
21,130.86049132137433,144.89535725282937,5.897155612324339,2.6344375482742013,2.796989327570534,2.6188120753444677,2.6252774005099777,895.3231776819755,895.2418193595227,17.629091712216766,[ 0.46715491 -0.45279756  0.75943443],[-0.57702333  0.49466764  0.64988307],[-0.66993311 -0.74180745 -0.03018834]
24,52.08760915700143,147.03473792433365,125.17292705162676,5.22950027594897,2.7287736285611532,4.576378945775964,3.45743562877098,980.4023857061428,980.0340849349637,32.37729462693675,[ 0.30918544 -0.67763221  0.66724729],[-0.91471407 -0.01993534  0.40360966],[-0.2601971  -0.73513071 -0.62600344]
13,134.34272098354793,13.51077778971781,82.76962435891822,2.7020954750431043,1.8533857552730977,2.743317693971635,2.8934332962355125,571.2035617358722,571.1269706127283,11.38296040610728,[-0.21058468 -0.85122375  0.48069971],[-0.4859057   0.51782392  0.70409804],[-0.84826278 -0.08530247 -0.52266026]
40,141.60434435229035,188.2422663940452,118.3414721403573,3.285377869724152,3.111179635520015,5.692044296432891,4.249938815080974,1667.7129399546086,1667.6020755473457,37.39367211316995,[-0.8276729   0.54880242  0.11736045],[-0.16267182 -0.43474624  0.88573901],[-0.53711772 -0.71401093 -0.44910237]
19,145.81785194576207,74.27318463021003,118.55738404809378,3.3784403497871023,3.2711695064630337,2.8937970364426313,3.186374477630761,881.1195812765264,880.9861208593202,19.700211524645685,[-0.50294884 -0.30415484  0.80903171],[ 0.47571862 -0.87891327 -0.03468788],[-0.72161919 -0.36742522 -0.58674053]
3,106.72060512453008,47.38159974561726,118.11667475024537,0.7779512200230962,0.607892505299618,1.7868562639008179,0.7426690753654773,287.69590971851966,287.68093439924814,3.2959876483903203,[-0.34845777  0.93537751 -0.06038282],[-0.68246092 -0.20902456  0.70039691],[0.64251403 0.28526766 0.71119483]
2,117.24000104436945,128.8844526271959,77.65050433327504,0.6884867599940563,0.39069656180218715,0.386534815385545,0.8444894920041577,269.76581274910734,269.76557957632605,0.3546886456974456,[ 0.40719012  0.17022919 -0.89733953],[-0.67559634  0.71728699 -0.17049619],[0.61462654 0.67566367 0.4070784 ]
2,110.6069023120167,1.9584677116897709,193.7183580072093,0.7707314746015967,0.6016885399262151,0.05112787145510822,0.43182008679345074,315.48528756191246,315.4828399080412,1.242735522892578,[-0.59407983  0.73279144  0.3317919 ],[-0.63342629 -0.68039661  0.36855338],[0.49582284 0.00878442 0.86837926]
22,156.23608851383835,26.06413085543669,126.4593587120937,1.517249109646798,3.176479868021327,2.5789233858185505,1.524906739251236,950.8319912056257,950.7644262819168,19.195319133462604,[ 0.50843073  0.46597256 -0.72413242],[ 0.38388212 -0.87540152 -0.29378   ],[0.77080004 0.12861471 0.62395957]
67,28.677631638151862,19.443839873332543,191.46493699446785,2.8660682049811435,5.561085660779382,4.0413255459976325,3.9829923856284224,1593.647139560382,1593.1791860212722,51.451316172961256,[-0.97574373 -0.14821666  0.16110861],[ 0.16196284 -0.98388408  0.07576387],[-0.14728273 -0.10001973 -0.98402431]
73,3.7894048279275148,68.8639760757094,108.48171433324434,2.5606585501962558,3.9489338537612184,5.2861685404192365,4.351936557569607,1099.7770520615609,1099.1648894329987,47.69288234055169,[-0.99041818  0.12957853 -0.04776236],[-0.13495149 -0.83466761  0.5339645 ],[-0.02932464 -0.53529374 -0.84415678]
18,59.78262423153118,126.2564862499331,27.779811163915966,4.546524289360368,2.1037036275761234,2.0702489064639455,2.6026700005220573,604.6501754300574,604.4481996932416,20.19898510597247,[-0.06170385 -0.18648025  0.98051912],[-0.90542233  0.42385362  0.02363267],[-0.42000361 -0.88632569 -0.19499678]
342,57.06662879165734,172.68138355783796,87.77641213015679,7.256948665164476,15.568097213958616,13.447648151621372,11.446089032702002,3754.05367463116,3742.6754638350208,344.360126981449,[-0.95858377  0.23484251  0.16114015],[ 0.03642968 -0.46003283  0.88715426],[-0.28247129 -0.85628196 -0.43242477]
25,194.91660634500792,128.02433075139962,49.38716671271024,3.05272088770868,1.8801159996587895,4.827295256218101,2.3749909933195923,1192.2026701906127,1191.9697921681786,27.547962508260035,[-0.52969595  0.84291869 -0.09439428],[-0.22526645 -0.03251306  0.97375455],[-0.81772686 -0.53705771 -0.20710334]
15,66.99305685783726,101.5243368104653,175.18069599246599,2.5494364807393404,2.544438030665135,2.2228882703168917,1.6972478079019246,826.1287903554046,826.0323798448085,15.009540651010841,[-0.78635824 -0.35431721  0.50606327],[ 0.53192026 -0.80492634  0.2629723 ],[-0.31416804 -0.47597574 -0.82142896]
