N,MEAN_X,MEAN_Y,MEAN_Z,SIGMA_X,SIGMA_Y,SIGMA_Z,SIGMA_R,LAMBDA_1,LAMBDA_2,LAMBDA_3,EIGEN_1,EIGEN_2,EIGEN_3
193,11.340051225642453,37.710262803462726,77.15404586841132,5.684298162342397,7.398711620122682,11.879478362500672,8.979524574658804,1219.199144716362,1212.2190775996853,168.72722030095093,[-9.58020421e-01  2.86698697e-01  8.54672845e-04],[-0.25613128 -0.85720943  0.44675358],[-0.1288163  -0.42778014 -0.89465664]
304,111.0596406389413,118.61526865232403,108.36329232024154,10.371693229177165,12.278148430692703,11.080421879655109,8.466762684150654,3419.6684629153506,3411.4849753597928,303.9339358903077,[-0.79624086  0.57522481  0.18739506],[-0.20435651 -0.54728155  0.81161649],[-0.5694198  -0.60794681 -0.55331887]
83,57.04658449939244,29.103924638304168,130.7109435917769,4.222507554924933,6.209857637112901,4.40720469459037,4.559025423620359,1327.9645161603335,1327.2303673666847,67.4364729448042,[-0.86574394 -0.25007866  0.4335298 ],[ 0.31133486 -0.94731439  0.07527314],[-0.39186482 -0.2001402  -0.8979899 ]
282,173.63145157797248,161.34600945932377,148.86191034571044,10.782693490481975,9.991856864210172,10.480869390599896,15.389849036865611,4709.127709484673,4708.187427907272,157.6219868620789,[-0.70493012  0.11233401  0.70032464],[ 0.34379574 -0.80951744  0.47590545],[-0.62038538 -0.57624871 -0.53203327]
25,134.46313630544114,127.63774006277123,50.135910748109175,1.8717399419999816,2.970254775593445,5.2788464834065785,1.657698913731491,960.6855813839848,960.4291379458608,30.586760303348736,[-0.68882415  0.72492672  0.001593  ],[-0.18822256 -0.18096999  0.96530934],[-0.70006682 -0.66462855 -0.26110407]
197,151.07679514209536,151.18169262752755,182.63437012158064,9.716979053681966,9.709911348430223,9.692438682564525,7.5999565790403505,3952.1450046347645,3948.1068738057334,210.51823696874018,[-0.0675967  -0.74036903  0.66879323],[-0.84106783  0.40286762  0.36097449],[-0.53668947 -0.53809979 -0.64993309]
6,188.92266681435947,61.616776913636805,78.29063363278108,1.7448067858577048,1.724042574086086,1.7452227078857134,1.9623411412293,523.2177858709297,523.1965190158533,5.585277520856844,[ 0.11859851  0.62094581 -0.77482946],[-0.45116019  0.72883436  0.5150291 ],[0.88452749 0.28849052 0.36658469]
2482,94.24142552790374,122.49748921160779,155.91709296197817,14.790865636804845,32.406110461409625,20.3189650682272,25.133403059154855,11110.1268206815,11025.337057475,1614.4398067898042,[-0.89605714  0.1645748   0.41230661],[ 0.11565535 -0.81013497  0.57472182],[-0.42860873 -0.56266905 -0.70689327]
812,178.71680900778304,103.37842094204693,72.14446525912194,9.900078908272757,16.970896949205734,13.066924385729564,13.17552514585979,6264.122174226677,6247.57312850184,557.9820052005563,[-0.00434335 -0.56724139  0.82354012],[-0.57864001  0.67309417  0.46056485],[-0.8155715  -0.47453287 -0.33115205]
43,157.05988200885676,55.63263143444794,171.3397041048083,6.138181933385266,4.554113374049259,2.618851562194717,3.2670059885525635,1568.0212365112213,1567.454801206649,48.335561857487974,[-0.39220331 -0.70662125  0.58895074],[-0.64351011  0.66826685  0.37324813],[-0.65732131 -0.2326066  -0.71681439]
14,49.2213834121586,25.997976894865015,11.148024191710716,2.649789373308681,2.177823356092989,1.3424868794626936,2.350498605738607,212.80268535861273,212.6666030056279,10.464046987140456,[-0.32146398  0.21453464  0.92229919],[-0.38003465  0.86288403 -0.33317385],[-0.86731457 -0.45760904 -0.19585554]
15,178.18692295007662,26.042854980581897,137.1076524592078,2.5015514175769424,2.540828201585963,2.900748017648479,3.5557881952761035,876.746974236444,876.7218625965817,11.265037618748373,[ 0.60781957 -0.31053326 -0.73083819],[-0.10397009 -0.9435629   0.31445074],[0.78723922 0.115144   0.60580217]
27,1.7715134447454834,87.11306252828244,66.9562372236788,1.4659648829080698,4.108224373603195,3.3507777061864257,3.7875136518765156,571.649577537996,571.3708174675853,20.828056371026836,[-0.99975058  0.02220381 -0.00240029],[-0.01542828 -0.60894281  0.79306407],[-0.0161474 -0.7929033 -0.6091335]
169,86.94854340469155,180.85191103922526,100.53510440600446,4.563990348429388,5.526345662023585,12.644183470672917,6.776760653215834,2923.2797683097274,2919.685799463354,167.1635274550372,[ 0.84195701 -0.50706157  0.18438262],[-0.37609953 -0.30654019  0.87440394],[0.38685595 0.80555675 0.44879928]
19,98.80304850722707,169.51217282492362,54.29928835972644,2.1466126353782826,2.699845836580912,4.121729576392821,3.1028532973830774,887.6629791562033,887.5172888171971,19.20330283438104,[-0.86943141  0.42732788  0.24795142],[ 0.09243873 -0.35230592  0.93130855],[-0.48532887 -0.83262922 -0.26680419]
282,51.52190569958877,104.82680378142854,127.60515243921877,6.569120180557943,14.869763246081138,8.757769572483188,12.278476301537347,2919.337399720616,2914.4647888234495,232.52137512350308,[-0.84783356 -0.18783731  0.49587842],[ 0.43989722 -0.77132521  0.45994332],[-0.29608901 -0.60809092 -0.7365845 ]
15,44.859545000515126,57.77991029423788,135.7685336544237,1.7355812108267747,2.493274743602027,2.2863439346441923,2.6875148367353434,597.4489998097574,597.4105199535114,10.430264785106345,[-0.94493679 -0.03162411  0.32572132],[ 0.14988756 -0.92660623  0.34486897],[-0.29090924 -0.37470095 -0.88032438]
78,62.748955519488604,73.58316210647745,172.28354045174476,5.444678932409097,6.438236182538847,6.049741371233357,6.913280844550345,1746.9427338309365,1746.309879298444,68.00137243263431,[-0.89478447 -0.18624083  0.4058018 ],[ 0.31349839 -0.90920428  0.27398236],[-0.31793003 -0.37237337 -0.87192807]
48,141.66510697188076,57.63715086793153,68.72755090211304,4.311421805635966,4.406168476528424,7.555283337119846,4.279778279648317,1163.4766416060322,1162.2397332432138,60.35710669329197,[-0.46192706  0.85530421  0.23468723],[-0.26991749 -0.38762668  0.8814137 ],[-0.84484788 -0.34380265 -0.40991682]
217,189.0971558205698,34.673543673029236,63.69996982115249,5.421158289548556,7.131045253034718,6.8932200364646965,4.597129435259443,2986.247269414227,2985.995645816533,152.56112984253883,[ 0.30497554 -0.84022123 -0.44835054],[-0.18737062 -0.51451377  0.83676032],[0.93374631 0.17118371 0.31434689]
49,92.49862506106736,44.6392287531002,40.58828568183817,6.299496475061563,4.198358031096185,2.7587458844074026,4.98546501301559,774.9432044788055,774.0146382558044,44.056600020749876,[-0.1851756  -0.42298058  0.88701602],[-0.51296702  0.81149931  0.27988161],[-0.83819737 -0.40318272 -0.36724495]
30,89.05934042462596,34.88512714972493,20.064306149133,4.916853504046614,2.542501770768103,2.2548949913595617,4.57988317000462,536.1426786179538,536.0243370993918,20.958835058404844,[-0.14407031 -0.19034801  0.97108773],[-0.38505973  0.91476815  0.12218115],[-0.91157707 -0.3563241  -0.20508629]
38,165.903101991775,31.29987489233461,84.18666707388307,3.1264525331433846,4.279804609148296,4.652378894861806,2.802565809361804,1163.6248775745028,1163.2165985936315,39.92331395452761,[-0.14384254 -0.80083136  0.58135915],[-0.45394253  0.57541149  0.68032183],[-0.87934379 -0.16604442 -0.44630006]
377,30.485042657008183,14.085116196840284,108.9603347852107,11.81392920053274,7.881314593946938,12.25916367969702,12.735444761734982,2238.517018090633,2232.349240281434,270.38335451454975,[ 0.22904258 -0.97154252  0.0603708 ],[-0.93564354 -0.20262172  0.28899066],[-0.26853427 -0.12267672 -0.95542648]
2,132.95726937232843,35.774837854534034,54.23288598610735,1.4794133635254099,0.08526001457733656,0.21957777266374023,1.389056907885319,209.28891309581948,209.28740984295248,0.7932377055810085,[ 0.1503392   0.61486611 -0.7741691 ],[-0.4124623   0.75067232  0.51610651],[0.89848371 0.24172453 0.36646456]
159,177.3378890946314,34.3559128801136,105.5742799435202,14.226562995095817,9.934750564129153,11.949748683332807,10.579861316578127,2649.3369393460484,2643.862054304714,229.36761265539147,[ 0.22707812 -0.97181514 -0.06333134],[-0.47820524 -0.16791721  0.86204615],[-0.84838392 -0.16546644 -0.50285742]
67,47.19276023297431,88.49515020686387,184.77682451358788,6.765207593773055,6.6565927060462915,4.356285212056943,4.844557306225626,1722.7437899047002,1721.618781912909,75.71746668901726,[-0.71026418  0.68816692 -0.14815897],[-0.66709021 -0.59080975  0.45380006],[-0.22475642 -0.42115333 -0.87870042]
569,112.1922812634094,127.34568838829,37.96259550481064,15.264222440359298,14.102873306470963,13.728575651567827,13.979716636283582,4182.266631375262,4169.50143271103,498.90093076436233,[ 0.3794479  -0.55387005  0.74111218],[ 0.66317571 -0.39572892 -0.63529253],[0.64514902 0.73254801 0.21715465]
6,65.97795126933318,154.96863937641152,151.80075576567415,0.9642094332902308,0.8896060954304625,2.1462665324525343,1.2722188131223797,555.4281228267723,555.4182359400102,5.308352253364222,[ 9.20265531e-01 -3.91294134e-01 -5.02072494e-04],[-0.26163512 -0.61627994  0.74279614],[0.29096119 0.68343832 0.66951747]
208,111.44173392517185,150.32197048922322,82.71687071304576,8.684140992082135,7.8492476480028,10.897615605159976,7.335007218380921,2958.38388465652,2953.790271359817,206.00086902181678,[ 0.45047132 -0.66284888  0.59808607],[ 0.70789917 -0.1430155  -0.69168297],[0.54401686 0.73496797 0.40480579]
40,156.13994665075288,45.53128626668438,193.91988667257107,6.28648458672013,3.472549211192257,3.5345396017636515,5.142115024454879,1601.4606451446386,1601.1131204242715,38.762965529796695,[ 0.41561082 -0.90117903 -0.12306094],[-0.66817654 -0.39430905  0.63092035],[-0.61709624 -0.17999089 -0.76602579]
2,191.32829770182508,38.39209872739819,107.99418062925551,0.47225008492050335,1.628069529070597,0.24185397163775946,0.007760891982627527,315.4239874195829,315.4146916559065,2.421596018845083,[ 0.43607027  0.25470773 -0.86311453],[ 0.2719059  -0.95157386 -0.14343768],[0.85785191 0.17213702 0.4842096 ]
17,17.566810037176754,189.69159663964564,177.45780203294112,3.2390080044836678,3.087014455453245,2.613219854897326,2.2901555117245125,1073.6477819012684,1073.5173548975893,19.179932794716347,[-0.71633446 -0.44015193  0.54141594],[ 0.69448757 -0.524781    0.49223156],[-0.06746813 -0.72860907 -0.68159876]
179,55.35681869717538,48.489316550751,183.3807751477795,6.262203979638609,4.406629538314549,11.703787256789031,10.064105642366725,2649.5179855895194,2647.849081677693,129.4859818166052,[ 0.36611602 -0.92104094  0.13282564],[-0.88780216 -0.30293956  0.34646059],[-0.27886625 -0.24476766 -0.92861316]
78,141.77845143462815,188.5238250292116,49.106340834734546,3.84949123243953,3.5970476136028515,6.6731534235488645,3.844096934254812,2129.137193505669,2128.3703190750334,66.95917409021527,[-0.72798912  0.62236581 -0.28756328],[-0.35184097  0.02084509  0.93582766],[-0.58842142 -0.7824489  -0.20379879]
96,185.7641533410007,16.235436593214935,110.9480728708383,3.9120321481574694,8.710573837182526,10.057317710299593,5.279232263619909,2129.7604956481255,2127.206759475372,125.15776796968107,[-0.27713679 -0.76853763  0.57666725],[-0.4370063   0.63532777  0.63669782],[-0.85569895 -0.07555483 -0.51192848]
137,104.16516620338838,59.21669720117193,4.238056167966975,8.53068501691384,11.975589576471426,2.8731703157651802,5.847031887747144,1413.8570546367198,1405.319565382983,162.23893179864928,[-0.01769501 -0.0401542   0.9990368 ],[-0.49461146  0.86872054  0.02615582],[-0.86893405 -0.49367222 -0.03523274]
41,8.984896660129802,194.8466982221195,140.32039276526606,4.0391844825558065,3.902230675318898,4.67557458511712,3.8795306510872267,1539.107748883972,1538.9247765516777,39.63139005134804,[-0.7990352   0.37509717 -0.46994134],[-0.60013373 -0.44917984  0.66187384],[-0.03717883 -0.81088815 -0.58401896]
53,40.678798284078596,84.68228061161713,68.19480227988666,3.3153550990272698,7.665464744889644,4.028624504641722,6.460223810990934,847.5754777399931,846.7051650881384,48.13389283076323,[-0.86446509  0.0105601   0.50258193],[ 0.36092232 -0.682874    0.6351521 ],[-0.3499074  -0.73045985 -0.58650936]
74,18.767420331352827,50.128639180440814,185.08338859816118,8.695198654877826,4.363503797465577,3.805681636772844,3.622708017074294,1659.653650494955,1657.8654503777868,84.17127360319255,[-0.32655351 -0.90345342  0.2777314 ],[-0.94019036  0.34063938  0.00262612],[-0.09697883 -0.26026281 -0.96065518]
294,14.806898285887451,26.749284252377137,144.25990669999575,7.675969927289496,13.373670682905153,8.61302996790542,7.541929939335774,2542.9100221811896,2535.1630317946906,276.5043023548373,[-0.987741    0.13705356  0.07472643],[-0.12067819 -0.97406961  0.19137702],[-0.09901765 -0.18001308 -0.97866787]
19,50.103995672799755,72.98314064330768,99.39500949707401,3.936587612196515,2.3485066590215555,2.608280215163086,2.400837047233479,580.5867773594441,580.3222139214689,20.54640803881426,[ 0.1140451  -0.82729413  0.55007103],[-0.91944618  0.12183553  0.37386471],[-0.37631427 -0.54839815 -0.74675768]
141,58.20850725749812,182.33167469393842,77.0792676235901,6.192675273456088,12.519145075112538,8.01074614733032,9.989528998773208,2456.0366518937267,2454.486333288397,149.79086611840157,[-0.90372363  0.11335929  0.41283565],[ 0.32288406 -0.45273613  0.83112928],[-0.28112184 -0.88440922 -0.37254643]
15,91.12959813955052,70.0686010219114,37.07454586264846,2.0555201373996863,2.362266206589206,2.5306310711915883,2.318928838016182,468.0312489034545,467.9042538030712,12.675953075073405,[-0.65521755  0.6391536   0.40270664],[ 0.03753781 -0.50487087  0.86237829],[-0.75450704 -0.58016212 -0.30680782]
68,76.35376573418193,133.73409234371948,9.881891826843056,4.13349808418503,13.197823296171736,3.502365219431999,10.06807623462914,1277.6498751270499,1275.5412452227588,82.25933577358649,[ 0.01735891 -0.08384013  0.99632801],[-0.87066324  0.48864824  0.05628879],[-0.49157319 -0.86844328 -0.06451412]
7,89.08150641563314,60.057569568493825,111.59135775282347,1.0653316908613015,2.742732803044702,1.6196168277485503,1.3113600710512716,409.92903970521263,409.8537213892046,8.175874210963652,[-0.81537044  0.19987026  0.5433442 ],[ 0.06666969 -0.89985601  0.43106184],[-0.57508799 -0.38769967 -0.72039071]
54,147.5956494519239,27.944970279049638,82.38120651669988,5.323738612180818,2.0427530687378272,5.932424702572656,4.699372831748624,1260.3288899684533,1259.5370436268518,49.7249948046344,[ 0.12900572 -0.98625254  0.10326397],[-0.49102934  0.02693942  0.87072639],[-0.86153799 -0.16303433 -0.4808036 ]
5,132.68310844610204,78.33907061424307,198.88395260808815,2.3405714213830304,1.2950543499163307,0.887463679620036,1.578531022049049,562.5993069882115,562.5838540451862,5.224541295726403,[-0.20516489  0.94955726 -0.2371674 ],[-0.82446869 -0.03709717  0.56469035],[0.52740758 0.31139172 0.79049127]
300,116.60304069482154,35.07323879855375,164.49507274709268,13.262360384116969,7.378996656605775,8.217957471200991,9.581446558994752,3555.544235700338,3550.473716807513,248.9667212862008,[ 0.31622833 -0.94842208 -0.02225319],[ 0.75778869  0.26663948 -0.59553311],[0.57075033 0.17146123 0.80302248]
10,143.54623168468783,81.58351034169605,40.60123380776736,1.4138406028768464,1.824361054799366,2.5061784779965444,1.6258190947796045,537.7754435545239,537.7145553891892,9.475872466381714,[-0.5356986   0.74144526  0.40408655],[ 0.01685106 -0.4690613   0.88300483],[-0.84424111 -0.47983374 -0.23878134]
24,71.69313811360993,80.46428809995837,49.73927848763543,4.285683893605917,3.2284818854189354,2.6779822465731384,2.481174587823219,582.1030084915845,581.7306149996505,26.7416121177074,[-0.41001956 -0.18656908  0.89279109],[-0.68320599  0.71131178 -0.16512153],[-0.60424625 -0.67766328 -0.41911686]
287,54.581372343308956,43.096000148063496,104.18751454150686,9.005077678763108,7.271504242330035,10.012235233913152,8.998019807713531,2135.7411426955755,2129.972214687055,207.7158711045971,[ 0.0102052  -0.92555282  0.37848095],[-0.9011015   0.15557188  0.40473877],[-0.4334881  -0.34518019 -0.8324294 ]
12,109.10403984574208,140.93778160952036,25.713651342127534,3.391262948603265,3.2652058273300693,1.5247312742227412,2.712488785457529,624.0205404225665,623.9085332940414,14.296713350027387,[ 0.00529942 -0.18336489  0.98303064],[-0.7955531   0.59482326  0.11524124],[-0.60586069 -0.78266379 -0.14272429]
24,167.60604959718535,170.46346144897868,49.2949608669006,2.3686906962625196,3.908498119682694,3.715209505083537,4.220855747152729,1196.0904161153858,1196.0130621935339,20.126451666004282,[ 0.67501965 -0.71557438  0.17972697],[-0.27008336 -0.0129679   0.96274961],[0.68658827 0.69841617 0.20201832]
51,127.29824717999307,10.110424889061402,101.80608858983817,5.8394615582573275,5.0547526497041435,3.6012475573843377,5.601632991912325,1167.6645551936422,1167.2163409344312,45.498547790483336,[-0.562423   -0.36900106  0.73994499],[ 0.2752584  -0.92740969 -0.25326681],[-0.77968787 -0.06123299 -0.62316718]
16,70.29132063833804,26.211586215255004,72.07517818556448,2.7677305278504627,2.45070440395737,2.6679510201562024,3.586878029980909,416.4945280740058,416.41499313050235,11.131204240765292,[-0.31949572 -0.74662328  0.58350335],[-0.66445291  0.61554407  0.42380163],[-0.67559219 -0.25230769 -0.69275971]
67,60.73745766477267,179.93050820429423,102.97538580933262,3.509672978506921,4.491263523021062,5.406178923395434,5.648671203600519,1769.2004317764417,1769.097035458352,44.73976618266339,[-0.84812979  0.44807909 -0.28266761],[-0.44908983 -0.32500472  0.83228016],[-0.28105903 -0.83282475 -0.47687395]
125,52.328135691448374,155.89661909283834,97.0389240487545,5.681673957314365,6.266196824410689,7.761776738678464,7.53178990407104,2138.0891825419753,2137.0164247363127,96.53499549067385,[-0.77333582 -0.12748981  0.62104594],[ 0.57174116 -0.56355541  0.59625275],[-0.27397765 -0.81618114 -0.50870876]
44,76.83491890463405,22.025846359023117,116.97695970984995,3.3260560512925625,3.757417513551347,4.566779403356207,3.935329349293959,940.5969282217666,940.4032730708526,36.56848288756939,[-0.54550346 -0.6825235   0.48640276],[-0.63917532  0.71418175  0.28530568],[-0.54210781 -0.1552614  -0.8258408 ]
24,172.93193788802603,165.76314692385324,62.06836704338696,3.3940180305039727,3.0971974119310244,2.1104285207370403,4.164351433179121,1212.5111415557892,1212.494953927815,14.03835423883138,[ 0.65397476 -0.45637424 -0.60335692],[ 0.28970321 -0.58567364  0.75700623],[0.69884839 0.6698574  0.2508027 ]
202,133.65593176386304,11.774843103344178,132.58313635810404,5.651101035602718,6.022327845215289,9.469941474878366,5.572722555356121,2686.008221147712,2682.92443008783,160.37998348971612,[ 0.33249159 -0.90819621 -0.25422233],[-0.62299994 -0.41388004  0.66375778],[-0.70803985 -0.06231338 -0.70341781]
3,170.39263346176097,28.226966409199306,129.97735327123294,0.322261927954214,1.6179186132495633,0.6465384472762677,0.5782209749337018,374.4096624601104,374.3994612107954,2.9028362442476743,[ 0.61403228 -0.23024415 -0.75495165],[-0.03985512 -0.96433026  0.2616844 ],[0.78827402 0.13059397 0.60130632]
2,139.50935983094462,52.46797832716844,39.96275996982143,0.15526324086978605,1.212340276466783,1.2942741042873394,0.6069812244701183,218.24729751207784,218.23446532324778,2.366646657530663,[ 0.07535369 -0.72322917  0.68648481],[ 0.42074412 -0.60109614 -0.67945406],[0.90404436 0.34003381 0.25899961]
87,174.0678022277544,189.11390674870432,183.55043726263082,9.574165471142424,6.937209790845526,7.446554565078564,6.1763881864251955,2948.6924590181875,2946.6634685707086,116.74898197255307,[-0.64193119  0.7492109  -0.16311771],[-0.53276566 -0.28282518  0.79760307],[-0.55143912 -0.5989098  -0.58070814]
4,96.55374793595406,41.18500200307258,104.81758853863816,1.7728258843049567,0.5269756562095648,1.7862357201248356,0.8751932686250629,296.72807417858195,296.69258307778324,4.828161676741895,[ 0.2102088  -0.96025041  0.18366112],[-0.72950017 -0.02899203  0.68336591],[-0.65087768 -0.27763034 -0.70659722]
4,155.6069585984799,114.07509308617804,93.05921943615922,1.2671011418839346,1.0098945177054628,0.887697511181844,1.5627414294534825,428.43860976184277,428.43570162208306,1.9699607814482505,[ 0.6827864  -0.63116331 -0.36801576],[-0.0782092  -0.56395038  0.82209689],[0.72642002 0.53253436 0.43442043]
19,19.76934342754758,24.881628642984058,167.6714184505571,3.00820440045138,2.501660183561819,2.604322552833032,2.405751732944109,744.0708514488864,744.0340775827002,17.58143958344599,[ 0.26412013 -0.95808408  0.11097503],[-0.9575126  -0.24665311  0.14943851],[-0.11580232 -0.14572971 -0.98252363]
4,73.751053898193,8.136498221997845,98.01666098384814,1.2326694417841981,1.2495772568158598,0.9903282236251351,0.8210844048353901,245.89744017187346,245.87573780802947,3.6816967631408875,[-0.57763933  0.72533565  0.37446094],[-0.55354034 -0.6852088   0.47337299],[-0.59993824 -0.06615962 -0.7973061 ]
2,57.75320616858237,119.94451887492406,83.9116400443576,1.0363425746146007,1.2071007181888405,0.3998490849161058,0.3264945300225577,222.55774416177096,222.54613178733064,2.2734803435149953,[ 0.58997234  0.25246804 -0.76693711],[-0.71920175  0.59604709 -0.35703879],[0.36698975 0.76222553 0.53322675]
122,73.45655019394196,135.5691777219715,74.75235640617508,7.921628670528816,5.298143470069293,4.691583945837394,6.508819099062903,1895.8280888076151,1894.5560593918117,92.42971675542714,[-0.24981577 -0.36026617  0.89877715],[-0.86798378  0.49473186 -0.04294823],[-0.4291809  -0.79085313 -0.43629701]
5,52.76310992194946,117.6014312855485,15.731112700728271,1.264300941462862,2.239747424366384,1.9405407592490278,1.8928048495360252,290.4378247643546,290.39769335397546,5.827438344770184,[ 0.61367675 -0.36867052  0.69819975],[-0.67706284  0.20920236  0.7055638 ],[-0.40618561 -0.90571321 -0.12123049]
342,15.687306604095133,188.67566306867408,106.30135005983625,7.47018095613719,6.180609371799215,9.876963848147081,7.915058059075544,4021.3169581560546,4020.3025845986003,209.9800241982297,[-0.96613562 -0.06085041  0.25075722],[ 0.24763856 -0.49172447  0.8347947 ],[-0.07250586 -0.86862205 -0.49014144]
111,185.65578463389423,139.6395044378367,187.81980938335332,4.196048465337185,7.494049167920862,6.373738244890828,6.978572735943071,3149.077689159181,3148.570171922096,85.30556239629381,[-0.32451218 -0.57684884  0.74962475],[-0.71328224  0.66973674  0.20659415],[-0.62122483 -0.4676517  -0.62879376]
20,92.78251259157574,7.2507311158780725,153.00559451122507,4.353932506065038,2.2013472766426205,2.95289654058412,2.712558043624307,801.2575415921541,801.0365988296484,22.423145864404844,[ 0.22787172 -0.96931279 -0.09223443],[-0.82437216 -0.24246855  0.51148758],[-0.5181554  -0.04051806 -0.85432621]
19,10.835319855132148,6.33774498221126,189.17099951846737,2.8810966797947497,4.613852421383909,3.013992489947431,2.9723919320148204,826.7971184485943,826.5285082639139,23.86959734495819,[-0.87748605 -0.47502724  0.06608601],[ 0.47619415 -0.87933745  0.00218629],[-0.05707335 -0.03338821 -0.99781154]
52,130.83538566470645,121.77280281068487,79.00380593879107,4.872486074016088,5.131749254773794,4.065100607194362,5.591325155141983,1410.2001316840385,1409.9576254720746,42.95984562118627,[-0.61448484  0.77036392 -0.17014059],[-0.41727838 -0.13433883  0.89879465],[-0.66954248 -0.62329168 -0.40400538]
11,68.46101018724184,57.12164881126799,41.66320937240243,1.5102469895983242,3.7344592753921244,2.6400852827806265,2.295316352426768,326.7828828417607,326.51366168874614,13.987755058428005,[-0.67387976  0.32271019  0.6646384 ],[ 0.24933338 -0.74746986  0.61572857],[-0.69549906 -0.58064356 -0.42324238]
18,195.2681539083405,157.52832819450538,97.50562807247792,2.284829021049106,3.4331788511387926,2.4283651851139205,1.8563934929054253,1142.1364685709457,1142.0489283617403,18.743824946550678,[-0.58601009  0.24917585  0.77104058],[ 0.36099694 -0.77161516  0.52372823],[-0.72544703 -0.58525331 -0.36222255]
94,135.88184078635365,170.86037995541966,142.8104202771538,3.6734141077759768,6.807000544549337,6.400905375104434,3.5878271504495167,2530.66379448037,2529.8549682829257,91.06962360827313,[-0.84865364  0.46680047  0.24876561],[-0.09253826 -0.59407404  0.7990699 ],[-0.5207914  -0.65511324 -0.54736   ]
2,115.57762763768719,9.842137782156236,175.2617787732151,0.5577193545337593,0.24550329558570283,0.5491797193443375,0.16275509575426383,297.2285979051845,297.22642303545865,1.1370409967878672,[ 0.22264407  0.95407995 -0.20040228],[-0.80499533  0.29586888  0.51424131],[0.54992011 0.04683012 0.83390336]
56,82.67388166279872,100.14128470625724,88.35973040217222,3.9668412694392305,9.513263925452996,3.82273311717988,5.636094635160525,1177.8279005248905,1176.5994171729433,70.62454602772463,[-0.76639261  0.0692781   0.6386258 ],[ 0.36897998 -0.76632281  0.52593071],[-0.525829   -0.63870955 -0.56174191]
60,34.168756121711205,192.53130330846105,66.60985230223795,3.3085762445137625,3.7259938418148897,6.707238759030887,4.652472268733357,1601.2715358356218,1600.6597040621332,54.01370220696003,[-0.95986495  0.07703443  0.2696757 ],[ 0.22644673 -0.35443822  0.90724607],[-0.16547256 -0.93190088 -0.32276863]
2,97.41544093393398,103.02950698617873,52.496085332683705,0.023503882114333408,0.03814257315434588,0.33257128901455957,0.12631702807721013,213.82609302129083,213.82564099541827,0.4396699310367605,[ 0.68633958 -0.71546586  0.13056254],[-0.33738069 -0.1541792   0.92865658],[0.64429206 0.68142305 0.34720365]
343,128.84140940446477,72.39375868117503,24.345119584359,6.234937532799555,21.693573135031187,8.946121918815095,12.996199094085341,2806.6500438517096,2788.6663884311156,374.09751542118323,[-0.32134496  0.26515714  0.90908146],[ 0.40471502 -0.82945041  0.38499061],[0.856121   0.49163372 0.15922663]
9,176.9563886360215,135.66178390051655,140.45935970657413,2.5821515065423197,1.8863359897373702,2.3805124559430078,2.1319204871691335,790.6540910499846,790.6246039096674,10.108299390496489,[ 0.6951014  -0.18840358 -0.69378537],[ 0.25670012 -0.83638723  0.48431544],[0.67151998 0.51474313 0.53301072]
44,192.1164250547835,178.16213946089553,137.26264650312262,3.6901768930460057,3.6622626686216573,4.845670755828245,5.233943147648394,1962.507505226467,1962.4576948327224,31.95663219263135,[-0.17811982 -0.47295801  0.86289284],[ 0.73924566 -0.64308778 -0.19988486],[0.64945299 0.60228633 0.46417884]
86,126.8460130245724,92.05323825334494,164.0712467010134,5.873592079191253,5.133992301992562,6.718450862467543,6.847003613002667,2105.9849804688747,2105.4907052605404,71.11685924150191,[-0.81418181  0.10398057  0.57122327],[ 0.15632918 -0.90824088  0.38814907],[-0.55916828 -0.40532277 -0.723218  ]
38,143.9520403263829,85.28488411387846,66.45055509796158,3.08501226099774,2.7976388690464145,4.735547647403109,4.032978703118601,1110.3790115621716,1110.1601862761365,29.832770265498656,[-0.60035921  0.64811558  0.4685243 ],[-0.01754087 -0.59638337  0.80250806],[-0.79953808 -0.47357478 -0.36941276]
34,77.47264259711184,88.61536205346107,63.91821577888974,3.2330305841962077,3.6956523387843347,3.795442601225937,3.791155281534942,781.6454833160378,781.5194742526683,28.503158556527236,[-0.78539584  0.60977091  0.10645566],[-0.22054227 -0.43635591  0.87232713],[-0.57837227 -0.66164413 -0.47719238]
14,178.49282480160636,119.37835278138097,149.88256219885574,3.303212069272212,1.2733737901273543,1.5596615525595332,2.6206231548271246,979.920495663458,979.8877705507542,10.64630616932069,[-0.18686475  0.86472704 -0.46618528],[-0.70740679  0.21083299  0.67462959],[0.68165768 0.45584712 0.57231653]
6,116.53273134214363,45.066969787917685,101.76731227300422,1.6147791619424672,1.188589159164423,1.206333494512098,0.691000668314835,394.75802799523484,394.7299669787839,5.477180458281022,[-0.1180814  -0.85082426  0.51201061],[-0.68050498  0.44483937  0.58226361],[-0.72316648 -0.27967126 -0.6315174 ]
15,172.0451227341722,188.71861168129357,39.05222378924912,3.0897531663391335,3.003211400039462,1.975544668328948,2.79561197746733,1000.6933561016644,1000.6236598900822,14.7852039902688,[-0.26117318  0.03845962  0.96452549],[-0.69876924  0.68183051 -0.21639939],[-0.66596555 -0.73049847 -0.15120145]
52,5.8696675899805895,171.13434364272482,179.87996389489916,3.9387663884575406,8.049428178965428,5.293303158841515,7.344436548941341,1792.2296604221597,1791.887874514972,53.39745198772214,[-0.99575559 -0.04831267  0.07833706],[ 0.0889808  -0.72285913  0.68524236],[-0.02352077 -0.6893044  -0.72408992]
8,134.04387387128938,118.16108191986027,162.38287063770366,1.7751523471770896,2.428578023798055,1.7388570603062996,1.414109856911156,682.9747438436347,682.9539092700181,8.977240705170408,[ 0.77851128 -0.02112608 -0.62727497],[ 0.29277152 -0.87181148  0.39272073],[0.55516217 0.48938577 0.67252996]
24,181.61801334840152,91.71460636965678,117.9053912690119,4.209901885721443,4.084713588670367,1.8499321805200744,4.413535722675802,1152.3567463348456,1152.2883672769287,21.029870562272105,[ 0.61889856 -0.63974333 -0.45573352],[-0.14284843 -0.66220139  0.73558388],[0.77237225 0.39015099 0.50122182]
36,11.344501121936753,159.59839248567903,63.13276586468507,7.42221165178473,4.751076777346615,4.6789568151059555,6.121311383522156,1033.6716655906864,1032.782447890575,47.43169097050221,[-0.3590432  -0.32103569  0.87636982],[-0.93089708  0.19080805 -0.31148502],[-0.06722061 -0.92764669 -0.36735952]
5,28.4311000492125,187.6585518502375,83.36436775680095,3.0401535403224615,1.3593465328828394,1.0500728388628702,1.4449018346480704,463.59570167048463,463.55921863511344,7.11194392924418,[-0.03395937 -0.40142563  0.91526183],[-0.98995722  0.13925519  0.02434525],[-0.13722777 -0.90524331 -0.40212322]
230,101.24554754139638,79.87238015288646,82.53116292034845,6.089702750337473,10.028371895316985,7.747313302191828,9.304695895907537,2330.029979817097,2328.000458262536,159.5725701503192,[-0.75064138  0.44929431  0.4844297 ],[ 0.01128738 -0.72436845  0.68932064],[-0.66061343 -0.52290054 -0.53866958]
26,147.0236206727381,65.75360881905536,10.00557459872127,1.9674518464864204,4.832733492523176,4.054338505984338,2.6197644833231535,823.3331234658956,823.0996672851687,30.966014644250205,[-0.29808526  0.54727364  0.78207209],[ 0.28497828 -0.73092954  0.62010434],[-0.91100635 -0.40771752 -0.06191822]
61,38.49383284160733,16.700709052380258,2.883941121044153,8.117063871271768,8.77347848454313,2.132009749723624,8.982353183644737,341.4123548758912,336.89998823078935,61.14144178944764,[-0.04625601 -0.0500466   0.99767516],[-0.41069792  0.91138115  0.0266763 ],[-0.91059739 -0.40850917 -0.06271089]
67,48.32110799088783,59.35681954389535,22.060754015365692,5.426187588923746,6.083654868608199,3.2678992809670837,6.266299167593854,655.5330415009857,654.4568929558499,50.06837435863064,[-0.42281498  0.00813497  0.90617951],[ 0.67320472 -0.6665842   0.32009517],[0.60664891 0.74538536 0.27636529]
11,18.534026299412204,178.94084861002068,128.99305605675306,2.0799944501564456,2.9734672820607506,1.5940798614918195,3.285634241077335,734.2952858429483,734.2737618041466,7.354190312376676,[-0.02808534 -0.58259235  0.81227912],[ 0.99608901 -0.0844119  -0.02610215],[0.08377294 0.80836921 0.58268457]
197,12.852706400735977,114.15547711551612,109.77010330884839,6.160884854756159,10.566453453588993,12.99655655257604,9.091411652555252,2242.682661432259,2235.481400991599,213.24269999509588,[-0.99028839  0.1366967  -0.02535567],[-0.11273077 -0.68276742  0.72188671],[-0.0813675  -0.7177344  -0.69154657]
52,142.15395476643664,90.35963367508558,96.84583556643412,4.755018354416462,6.9430743599772935,4.338210275403601,7.279115117074227,1402.6123136197712,1402.2362289427801,43.74898366903515,[-0.67169247  0.36599285  0.6441106 ],[ 0.11750788 -0.80580271  0.58040838],[-0.73145138 -0.465544   -0.49824457]
25,92.97980325681281,4.143384546218918,184.91183537417012,2.5105327672787094,3.1480138890722524,4.028311166796181,3.9565941915984433,1035.3801365221748,1035.3402451505413,20.50531764485161,[ 0.88094434  0.15703543 -0.44640446],[ 0.14919018 -0.98739099 -0.05292762],[0.44908725 0.01997287 0.89326465]
49,173.89804805844386,169.90121401580026,177.7358194385391,7.723855941960896,4.65856824898957,3.9133390995316755,4.612387136711574,2109.164359387568,2108.4360448149337,60.8342782883886,[-0.46023343 -0.37217489  0.80602173],[-0.67419785  0.7372051  -0.04456351],[-0.57761791 -0.56392774 -0.59020594]
5,118.89350398752133,69.6474337601764,149.38743687954988,2.326826849622854,1.2864909069676533,0.7863670976152947,1.611953960758611,454.4784242928784,454.45708601473,5.035925764672356,[-0.42608346  0.90105209 -0.08098159],[-0.69003981 -0.265798    0.6731987 ],[0.58506235 0.34271935 0.73501394]
74,97.983939910633,35.786643551271716,59.19339437648156,7.661425550693899,4.281000106472405,3.9892684042365816,5.975063827930753,1034.7001916147708,1033.3909570184903,65.51273649871818,[-0.19046852 -0.6684822   0.71892509],[-0.5430097   0.68184026  0.49013705],[-0.81783996 -0.29702762 -0.49286143]
3,4.036109982629539,104.36032510300157,100.27848617603468,0.9361616389960764,1.2558745596906669,0.9052588227480522,0.5997446334743715,250.79520011640503,250.78180443863542,2.9576028054522694,[-0.86930946  0.35951855 -0.33918649],[-0.49348183 -0.59261346  0.63661995],[-0.0278702  -0.72080212 -0.69258036]
2,26.18943270183227,58.85169962153337,58.068588732084116,0.8649777277799586,0.798108062986671,0.05152137725317374,0.3148562991739894,122.66016263094545,122.64965633370582,1.6053964849339033,[-0.43994511 -0.52389034  0.72937453],[-0.84574281  0.51479586 -0.1403721 ],[-0.30193941 -0.67861928 -0.66955841]
37,185.12971178242913,162.816076583587,130.8458351434114,5.075189604782928,4.640813961798494,3.7038442839960313,2.5407458375058383,1698.3423974203051,1697.9185718351575,44.96329360845495,[-0.10360679 -0.54884885  0.82947609],[-0.74118528  0.59873001  0.30358977],[-0.66325712 -0.58334151 -0.46883118]
32,9.141760027182109,97.60320237739036,171.01928896833985,3.247561906155812,3.675791699570651,5.448450527135293,6.201688301568754,1115.8084000240294,1115.7104561860713,22.01935467371827,[-0.28969423 -0.82451039  0.4860657 ],[-0.95599411  0.27388076 -0.10518833],[-0.04639517 -0.4951484  -0.86756876]
22,136.56713318840428,36.25724403767148,92.23877623637885,2.6029010758651716,3.7718730828211,4.525403709040905,4.526787113066257,791.9540847982902,791.824235198031,21.619289379826668,[-0.3025852  -0.645311    0.70143846],[-0.50378743  0.73301652  0.45703939],[-0.80909853 -0.21508252 -0.54689952]
39,97.88795229558174,56.51833080846398,18.44594756979677,2.8363913034438735,3.3149268462111348,2.388937832947973,2.608336486650462,715.7683041135849,715.5458478368623,26.3909751625231,[ 0.01201869 -0.32903128  0.94424254],[-0.51900444  0.80509574  0.28715021],[-0.85468704 -0.49351724 -0.1610925 ]
11,3.770927927693705,178.888600150955,142.7176441452389,1.507343446042767,1.6842111602671495,2.1109584380950506,1.5794807431521087,759.1446171742434,759.1264573811037,8.820085763854708,[-0.9997482   0.0033658   0.02218594],[ 0.01524157 -0.62377901  0.78145214],[-0.01646934 -0.78159351 -0.62357064]
2,38.4802183071485,159.63318625111202,144.55532808350767,0.7053132611297244,0.4343310947049872,0.4575308292278635,0.1386646000017464,309.38849259704034,309.3856604936756,1.32379468234164,[-0.66325302  0.58385474 -0.46819769],[-0.72743099 -0.35590096  0.58666742],[0.17589654 0.72969045 0.66076642]
67,25.958139586873774,158.02307697789843,37.76070120894536,3.913903588847912,4.076019208313026,3.989014107474125,4.3969417475085395,1347.693771369932,1347.4907500980569,43.747343300921656,[ 0.57503737 -0.27842349  0.76929343],[-0.80277932 -0.0107432   0.59617946],[-0.1577257  -0.96039833 -0.22969036]
64,27.185239037904914,146.88957772013026,102.22642155779829,7.1831064036717915,4.492208104182761,5.485314619443204,4.109352133400106,1449.7337601549154,1449.092821289445,73.936567394791,[-0.10767578 -0.55455762  0.82514955],[-0.98284503  0.18438236 -0.00433613],[-0.14973838 -0.81146102 -0.56489771]
2,28.90295710128632,62.43798807548217,138.95194234782832,0.37145796024835676,0.2904402146890597,0.19053067285965142,0.12303021865776032,219.2796579932525,219.27854752842725,0.6978563326635439,[ 0.68294214  0.60261955 -0.41284345],[-0.70628745  0.68898044 -0.16267758],[0.18640838 0.40268552 0.8961564 ]
2,29.820615380374782,31.105885390493803,121.57745516301131,1.0172951152341962,0.27409120988680513,1.7236631971871859,1.7936782213203344,182.43905196895187,182.4343192881536,1.3140887329008586,[ 0.72529605  0.60299488 -0.33217889],[ 0.64843448 -0.76044661  0.03540729],[0.23125389 0.24107702 0.94255159]
80,9.704145116889288,175.37440522821643,6.133623332659768,5.191887941827533,4.1833863936221505,4.07209335102111,4.413160566396853,1573.1431526812598,1572.8099288391686,57.71907677259822,[-0.38023445 -0.01132104  0.92482085],[-0.92321416  0.06481499 -0.37878045],[-0.05565406 -0.99783308 -0.03509663]
6,123.02219660204175,147.6940502331873,32.12033952805432,2.453760287523133,1.0312159309490112,0.903225467542481,1.987866799760175,477.4133490104002,477.39290487020247,4.88108809699994,[ 0.33054182 -0.07066805 -0.94114193],[-0.70155868  0.64863741 -0.29510154],[0.63131412 0.75780969 0.16482401]
6,146.05525678054258,153.24635687536258,56.47969405955399,1.960636878622098,0.713991610297986,2.1488192326126465,1.199209709568388,536.7426174950276,536.7013482576319,6.71998827211077,[ 0.54146323 -0.69201339  0.47742543],[-0.51228221  0.17870257  0.84001924],[0.66662171 0.69941609 0.25774528]
9,5.799748853357705,31.673247582835796,55.09374957627136,2.747533637504494,2.2952249441422223,3.001498706618023,3.2154268477249435,191.9105748058686,191.7291120042642,10.09453873625852,[-0.62865031 -0.64339626  0.43685241],[-0.77218911  0.58309971 -0.25242564],[-0.0923188  -0.49602013 -0.86338941]
31,64.02362815860154,113.39746093132936,139.023600009393,3.085046992807561,4.537624962081914,2.045572641720392,2.543393855447329,1061.0075952123173,1060.7685837575293,29.400048070621597,[-0.69926425 -0.36136983  0.61679928],[ 0.63098479 -0.71753661  0.29495662],[-0.33598764 -0.59544359 -0.72976657]
2,189.143492342974,152.5166045228354,173.47159109723924,1.0703322826817754,0.20421410123408634,0.45684788422170186,0.8392359973300643,422.2093421355412,422.2077038536144,1.1761773612379922,[ 0.42329484  0.39977531 -0.81301979],[-0.64763221  0.76105249  0.03703554],[0.63355663 0.51086085 0.58105696]
91,4.275135694865198,65.6974061564351,102.4387461469915,2.2845158816249143,6.730251992527295,7.572175529574498,7.964235340174585,1165.6637286329276,1164.2903533945694,63.2743548632657,[-0.99147927  0.12451581 -0.03827092],[-0.12539701 -0.83274931  0.53926262],[-0.03527664 -0.53946677 -0.84126759]
15,134.756690035527,135.87436047690983,93.88995556462964,2.2411003171151913,2.3780320860957094,2.1446291536888658,2.3204720220751796,825.658731142836,825.64704687299,12.200685586825722,[ 0.76065673 -0.61876811 -0.19628386],[-0.1474148  -0.45911902  0.87605856],[0.63219476 0.6374447  0.44044755]
4,187.76289068775247,149.26512063802122,139.02954911157698,0.3656116799789175,1.6856103617860372,1.999886276948734,0.8440617609675717,554.5105490652775,554.4929060572671,5.002317400398994,[ 0.73512938 -0.46693145 -0.49148735],[ 0.03045272 -0.70150946  0.71200921],[0.67724251 0.53838602 0.50148088]
53,134.55935689514598,164.4153610976189,85.95055564496606,5.838401178158877,4.608843963910038,3.962314961112646,4.1976836905847925,1669.399246055283,1668.9989812828421,53.35997194564374,[-0.441862   -0.10409179  0.8910235 ],[-0.67816839  0.68894316 -0.25582212],[-0.58723556 -0.71730204 -0.37500957]
2,78.30211446028773,8.973834211577657,106.1578631772901,1.175596239877045,0.46725185734758323,0.24185454898300662,0.47029864461028126,186.9914521480455,186.9837637923398,1.6956575377341478,[ 0.29919909  0.9066821  -0.29733395],[-0.7481443   0.4163205   0.51667915],[0.59224996 0.06785876 0.80289176]
6,25.10407765757901,80.22079751629336,65.19397137885439,1.8511576826954084,1.3250216419832628,1.949581329270654,1.800268457736307,260.6536669470175,260.6206052687729,5.874156123015379,[ 0.20923934 -0.65537443  0.72574324],[-0.94899292  0.04291951  0.31236255],[-0.23586297 -0.75408373 -0.61296524]
