N,MEAN_X,MEAN_Y,MEAN_Z,SIGMA_X,SIGMA_Y,SIGMA_Z,SIGMA_R,LAMBDA_1,LAMBDA_2,LAMBDA_3,EIGEN_1,EIGEN_2,EIGEN_3
344,102.98710626445687,106.950665667252,189.02861735337729,12.48584941268044,14.693278246598164,5.7934288747740075,12.271857749061846,4470.338060218039,4467.365458614361,296.49929139561533,[-0.75445084  0.6551519   0.03974811],[-0.49658512 -0.60935303  0.61813599],[-0.4291936  -0.4466149  -0.78506559]
2237,91.46203071333127,126.09143446739259,146.66305183967998,14.589206564270876,31.879475967448705,16.016317318666058,24.84037206704085,10263.087244269182,10209.265864479325,1371.6752643427906,[-0.88131651  0.10275934  0.46121766],[ 0.20494442 -0.79635704  0.56904591],[-0.42576871 -0.59603354 -0.68078265]
27,137.84486292604646,19.382611399098614,182.33083008522757,4.136069878558173,3.2788418743532453,5.963913876463789,6.453315283715311,1192.5728282156035,1192.548104371763,24.102839908367745,[-0.17636043  0.98390995  0.02860427],[-0.77968547 -0.15737408  0.60607258],[0.60082241 0.08458489 0.79489485]
133,60.579312545909296,189.00222492196474,73.37044289093302,7.840354233161287,4.11731080068994,8.173010050119482,4.201371342537675,2443.0124909964265,2442.0183124580635,130.35762646478537,[-0.73987762 -0.02391753  0.67231619],[ 0.60869984 -0.44935733  0.65388263],[-0.28647095 -0.89303188 -0.34702803]
151,18.725960438004403,82.93262853001805,57.614958773859655,8.565077889317056,6.828846774663355,13.356357012205555,10.876666452541603,1277.2138100019752,1271.028140081621,169.73694847518775,[-0.9462497  -0.00666434  0.32336834],[ 0.26345767 -0.59584288  0.75865757],[-0.18762077 -0.80307337 -0.56557192]
224,120.12490355626835,127.8380868416077,100.9694930833839,10.142769926948286,7.721545186764632,7.05585929399192,9.267907532543239,3035.7005066621923,3033.8772301640097,169.15314733730997,[-0.64545021  0.74388686 -0.17328117],[-0.47987156 -0.2184397   0.84971017],[-0.59423675 -0.63159832 -0.4979621 ]
49,55.928264146505164,74.45382950563264,5.2968929690978515,3.970453589268804,8.109693552753466,3.9726404589351256,6.555846252381844,656.1154851337044,654.9466762017212,51.33514519392831,[ 0.24560653 -0.25060933  0.93641465],[-0.76355519  0.54512245  0.34615745],[-0.59721094 -0.8000228  -0.05746842]
95,5.1213610308491235,64.75223035871453,103.35680979011727,3.3475522050555813,5.770633350950107,8.861066172383165,9.133796347845802,1194.4440218147602,1193.4145650394594,61.35740670756174,[ 0.89188177 -0.40163507  0.20793311],[-0.45039671 -0.74696675  0.48906387],[0.04110608 0.52983954 0.84710115]
146,55.031496275465,48.45180371003974,182.82231747526748,6.831192434678363,4.726835941143473,10.733497433929257,9.387369756713438,2384.874585774744,2383.6543234573196,118.18983229386939,[ 0.12616716 -0.96775406  0.21802276],[-0.95215422 -0.05646694  0.30035615],[-0.27835981 -0.24548637 -0.92857539]
2,97.47096850284154,159.00761702135594,50.76879000497382,2.2366015668266357,1.3372590446784756,1.076511138069801,1.94506524612882,273.38409439765496,273.368857527122,2.886313209263091,[-0.60597203  0.55379048 -0.57106392],[-0.6151777   0.12889663  0.77778021],[0.50433549 0.82261884 0.2625718 ]
82,187.60987913588264,180.82624178945457,14.535115604167093,6.486977313721235,8.326484837529176,8.857134366372806,6.0016583076699295,2366.0083731834447,2364.3351250598707,112.1912483057506,[-0.53303635  0.49804253  0.68397799],[ 0.44633744 -0.52124293  0.72738484],[-0.71878728 -0.69300754 -0.0555464 ]
8,167.1910920261858,42.80225663045613,176.74071677776928,2.2759214687630926,1.33692290562967,2.0583058708018473,2.6846036941081217,698.7530594142627,698.7460779236814,5.669894144325995,[ 0.5306097  -0.78849752 -0.31100643],[-0.51025771 -0.59012939  0.62560721],[0.67682377 0.17325983 0.71546532]
186,168.9528331874235,128.10488597977582,85.13156810902548,8.578471295020632,4.096773639533204,7.853474601772186,8.543330342179063,3119.6478823887114,3119.196506021334,120.84205181148545,[-0.66547201  0.52656847  0.52902991],[ 0.09990132 -0.63954424  0.76223546],[-0.73970719 -0.56009715 -0.37299391]
9,92.22503224895101,68.52118798244253,176.77925268736604,2.6494833865064256,2.545525072820568,3.973055707608436,3.677689547577638,632.7002452014193,632.6156496685743,11.925355599161152,[-0.06347144 -0.91889983  0.38935136],[-0.89709531  0.22346795  0.38115887],[-0.43725437 -0.32509258 -0.83852456]
159,10.194753198346245,37.764595148664306,75.86531029897135,4.964226189398594,6.584252669144943,12.945946980276382,10.515951644299772,1092.229529366218,1085.7138320269205,141.4684059906116,[-0.92456956  0.37575527 -0.06308014],[-0.36306839 -0.81865577  0.44495402],[-0.1155529  -0.43429334 -0.89332907]
33,14.731617264853806,50.642474137896954,115.8112122282216,4.017048067113876,4.550880343465487,6.5170107989302055,5.391323796199429,732.6889174774362,731.7882024592219,41.06784676240919,[ 0.84196194 -0.52548328  0.12234136],[-0.52702025 -0.75244829  0.39505851],[0.11554109 0.3971006  0.91047315]
2,19.170271179417256,121.18985247620131,67.58757397051127,0.5308004998095139,0.4428624734450892,0.18093431322643028,0.2231970853261913,198.10638762585043,198.10406161809917,0.9599940500209212,[ 0.54537545  0.3408053  -0.76577892],[-0.82694556  0.36793016 -0.42519225],[0.13684539 0.86514689 0.48248751]
693,178.6342550321393,91.88276903432256,66.93297443874555,13.876276152671311,14.497521182658394,10.152222142618482,17.052233908138586,5599.670832858335,5598.103797850394,379.507854301611,[-0.5375197  0.7024572  0.4665045],[-0.01811487 -0.56271274  0.82645401],[-0.8430566  -0.43578464 -0.3151941 ]
259,51.642702114996915,102.86763870914388,127.07612016488439,6.321883647950398,13.393031732724088,9.569359832485668,12.8337376615845,2772.1140652604363,2768.7174755955375,195.74671263827923,[-0.74155882 -0.34183376  0.57726961],[ 0.60046814 -0.721942    0.34385718],[-0.29921318 -0.60162234 -0.74062273]
6,2.6288851709982928,109.06605571232213,172.12660929036895,1.4210104236630263,0.4412530648789923,0.9948020328959207,0.7766124971033865,499.1947877554704,499.1853823008623,3.94756973914598,[-0.16372353  0.83443667 -0.52622244],[-0.98642216 -0.13150846  0.09837102],[0.01288168 0.53518312 0.84463784]
118,16.53296863448589,118.90790077166754,109.35422609752625,3.6667869869311334,7.255103437064011,10.545554113502188,6.790573988452207,1769.494922623181,1766.0448662488398,123.76044441246349,[-0.99371852  0.10648206  0.03442483],[-0.04659955 -0.67340533  0.73780332],[-0.10174468 -0.73156464 -0.67413737]
101,122.83528510929446,11.941985956683999,102.75081466540952,8.45166123285768,5.7096504183137835,4.266639672577762,6.023821115875224,1617.2809861223627,1615.495364408594,92.82094491908632,[-0.35311104 -0.78244255  0.51292909],[-0.53774541  0.61837498  0.57309881],[-0.76559941 -0.07345774 -0.63910993]
177,188.0971434180886,33.77284866555755,65.95049153237086,5.334132904726941,7.291830482302005,6.759461777242701,4.4767092159371185,2692.1523116393637,2691.937768083491,138.02682386137894,[ 0.2019595   0.50891345 -0.83679117],[-0.30568308  0.84446917  0.43980641],[0.93046774 0.16696982 0.3261148 ]
17,71.99080271514067,81.40463228536765,50.297201153637715,2.6985898888746123,3.824199173465346,2.046068225773952,1.9103977237428436,494.0813273290887,493.8840875357145,19.54643356768028,[-0.42827572 -0.16956372  0.88759679],[-0.67478763  0.71331502 -0.18932336],[-0.60103375 -0.68002193 -0.419915  ]
19,102.46774103841209,61.751219525047524,149.3539243390014,4.626872635969433,2.8474213509202095,2.1420481789980665,4.51549464043462,834.4720136946944,834.4037282624307,16.17940783931942,[ 0.2481938  -0.94342262  0.21989451],[-0.80711458 -0.07586476  0.5855003 ],[-0.53569198 -0.32279761 -0.78027931]
117,127.12682878574901,94.64026536307472,163.88039995856818,4.943562273039518,8.2715057379849,5.277673811534574,5.624943957789406,2468.368166320796,2467.1768930787566,102.69013937412149,[-0.8284306   0.33307372  0.45029395],[-0.0523342  -0.84647976  0.52984258],[-0.55764135 -0.41537203 -0.71868088]
7,165.7684162084435,165.36483637612096,7.9649723154382395,2.3490698846002043,0.9885335275290067,1.7877222825918648,1.5600961636694264,619.8919377218987,619.8811843184078,7.135030626437394,[-0.36781487  0.40895052 -0.83514771],[-0.60335009  0.57844192  0.54897506],[0.70758808 0.70580764 0.03398079]
293,110.19690306131064,150.52049868067917,82.53384097425175,9.324612917307636,9.804036283622377,9.62513320440664,7.822859545896349,3500.9592223564364,3496.521289151979,252.18054087186624,[ 0.32534331 -0.62603438  0.70868377],[-0.77661358  0.25066536  0.57796041],[-0.53946555 -0.73840899 -0.4046345 ]
57,196.4652736795764,65.70188283252844,108.37714131526342,2.456743142511647,5.2907762149547075,10.43290633146422,5.825471922948784,1767.234238787884,1765.8833892845503,78.57740242353988,[ 0.09375841 -0.9176115   0.38626221],[-0.53469906  0.28085946  0.79700368],[-0.83982514 -0.28125984 -0.46431307]
439,161.1155316616538,156.68642808347613,185.60564144459676,17.791316477572582,17.198718208360066,8.305619971989238,11.542303921938736,6129.972664984295,6113.28641344771,492.6934627052662,[-0.37759676 -0.51943888  0.76655329],[ 0.74296528 -0.66403879 -0.08399452],[0.55265114 0.53780642 0.63666395]
50,42.092302330225465,88.48992293191628,70.97035635572315,5.4526999957161735,6.4840441046408115,4.827755975096565,7.266754453282077,858.0303341026266,857.4048490291033,45.28858175564124,[-0.66590266 -0.24706507  0.70394069],[ 0.65968614 -0.63565836  0.40093971],[-0.34840759 -0.73136674 -0.58627199]
67,106.61848674818695,15.030991364739684,45.625497917992696,9.002701709811284,5.877603837579796,5.402605145833781,9.991985954647959,961.6963835648804,961.2581089238896,54.67826732028763,[-0.39635349  0.53230317  0.74803559],[-0.10962514 -0.83637686  0.53708107],[-0.91152961 -0.13087045 -0.3898547 ]
63,27.693470294535775,107.93715190731302,193.44929680527176,3.7617243951009662,3.5014180318238988,3.3612210321859446,3.4279287644874357,1772.4566837786658,1772.3863069696106,40.41971843368479,[ 0.65928679  0.61245587 -0.43616365],[-0.74157506  0.62542016 -0.2427263 ],[0.12412639 0.48347433 0.86651325]
13,87.14036241261125,91.10886508461918,127.32512086085438,4.041105486647792,1.3175856221984834,2.747639351228088,4.029190429003868,646.2768265409682,646.2393474227422,11.036465402893638,[-0.04538734 -0.79749722  0.60161297],[-0.87246467  0.32497317  0.3649628 ],[-0.4865649  -0.50832137 -0.71053782]
288,174.68560399907471,161.43843401312597,149.13416733088718,10.186618158902276,12.126236755068659,9.608424020636269,15.041294507734852,4773.709164840228,4772.312140999113,183.84166317969795,[-0.64640676 -0.00548636  0.76297326],[ 0.44179726 -0.81797518  0.36841794],[-0.62207192 -0.57522735 -0.53116855]
17,44.36824495242805,47.008308430225476,4.678683455386479,3.9466100314299344,2.2626533450342787,2.5881765623798536,3.552025102896837,267.942777610125,267.74506849557446,16.058021667494483,[ 0.46643512 -0.51193425  0.72136094],[-0.55897118  0.46145644  0.68891884],[-0.6855578  -0.72455592 -0.070917  ]
140,137.23165561094004,13.45799513916099,124.51046793903281,5.0605749252587025,7.017239546116533,4.778046695133467,4.826086156796734,2200.607726482883,2199.7457299067364,102.05595994297497,[-0.66153285  0.2687335   0.70011184],[-0.12928842 -0.96047785  0.24650924],[-0.73868721 -0.07255761 -0.67013178]
37,155.41667630511589,4.031429660266167,163.69180350980486,5.2951080182814465,1.9485075801263478,5.950825251074688,7.327645723680017,1374.078704668123,1373.9874367200412,22.295587722699644,[-0.17096301 -0.96753341  0.18614712],[-0.70490289  0.25211067  0.66298728],[-0.68839202 -0.01786934 -0.72511869]
20,41.07471188015349,4.82959727110754,153.15531645866295,2.7813519471319696,2.599027114645571,2.3025516492552773,2.409206246568341,709.6736914683393,709.6167577486555,16.71316736651536,[ 0.65651892 -0.73866345 -0.15283721],[-0.70846182 -0.6733878   0.21125982],[-0.25896862 -0.03041675 -0.96540669]
5,186.08661757606347,196.1841935719424,87.32523312462665,1.995409966277452,0.7119853609801424,2.5572087762692965,1.3472619573927433,635.4143877417554,635.4009695594756,6.787976739720494,[ 0.74549854 -0.65685668 -0.11300986],[-0.12385167 -0.30312643  0.94486778],[0.65489899 0.69040109 0.30733311]
113,35.39531407754059,18.499806948991314,193.09372768880584,9.368883974832336,6.332819955995744,4.855885564038195,5.450598183692441,2099.0434180868037,2097.9585929157042,117.28157298998639,[-0.11959919 -0.98598681  0.11630152],[-0.97634094  0.13805992  0.16642667],[-0.18015108 -0.09364544 -0.97917114]
30,7.672979117763683,57.702959433812154,14.190331955838191,3.801804048438255,3.111699670490204,3.669033603365096,3.396324771440536,329.5332657559334,329.0355168360781,28.136215560134147,[-0.63895424 -0.10299374  0.76231868],[ 0.7584401  -0.24985966  0.60194581],[0.12847604 0.96278889 0.23776347]
48,158.2604164059423,116.16153866817915,41.92093216160553,5.23215720416504,6.557927797702925,6.244460657316983,8.514892712507157,1392.5133800328,1392.1948587161755,41.6385939839772,[-0.43649217  0.76540319 -0.47289803],[-0.43422681  0.28112683  0.85581235],[-0.78798583 -0.57890039 -0.20964893]
70,30.9826163187934,18.111016538958115,5.798275257973989,3.583054571696895,7.78571634946724,4.215855429972317,4.507651651497502,313.1881626510013,308.2853090655731,68.28335558362768,[-0.02593712 -0.27392095  0.9614024 ],[-0.53714347  0.81491517  0.2176928 ],[-0.84309202 -0.5107647  -0.1682714 ]
3,74.64915439923634,114.32062899355229,15.454067645414355,1.3635294712386086,0.3987145513785196,0.30136678296299435,0.7693380979041213,238.0080839123427,237.99885466656158,2.129613493294357,[ 0.13945242 -0.22153261  0.96513021],[ 0.82787247 -0.5086765  -0.23637976],[0.54330489 0.83196846 0.11246458]
33,21.737621545412797,111.92367139465934,158.12357008717092,3.6354432886412504,4.756375946859509,3.320060316751184,3.5917477977936385,1120.3744886814313,1120.2224766988356,33.47010793305995,[-0.99042672 -0.00234431  0.1380196 ],[ 0.08115474 -0.81869886  0.5684594 ],[-0.11166384 -0.57421833 -0.81105148]
55,133.84755724934305,167.27683208659786,85.32696403433197,3.501999904066695,4.513646484139502,5.128351156948571,5.122035792951935,1710.9621599357731,1710.7886206762282,42.51615883822896,[-0.810582    0.55827671  0.17687266],[-0.0783312  -0.40266721  0.91198867],[-0.58036286 -0.72538695 -0.37012528]
273,41.47481260760468,21.539805832134796,115.93110070177009,14.861251682739306,7.995012030316156,12.864144004009166,16.766931441978606,2092.2197681355215,2086.7053040023766,211.90432925489736,[ 0.16887401 -0.97789711  0.12328346],[-0.92533805 -0.11421955  0.36152922],[-0.339457   -0.17513177 -0.92417412]
48,158.13566685288552,69.23137221476686,39.66978738122943,3.1780604465157865,5.100695674352562,2.4055448321247552,3.6464474642003624,1227.8589477675782,1227.552716617585,36.900514082762314,[-0.27245977  0.0727471   0.95941312],[-0.3589209   0.9174775  -0.17149582],[-0.89271578 -0.39107913 -0.22386525]
40,92.0411648409504,3.8410251697973634,182.36081335634626,2.618661513893401,2.3178543608549838,6.635486952223883,6.1279736620450365,1292.9470513122362,1292.821992115765,27.269780692939957,[ 0.17630228 -0.98195978 -0.06835567],[-0.87534735 -0.18816435  0.44537758],[-0.45020497 -0.01868613 -0.8927297 ]
180,176.3560615467709,34.924216021296914,108.91851121922147,12.951540257116125,9.740716776643465,12.601816922952194,9.042262755852391,2831.189606487273,2825.1129712852894,247.39046705150716,[ 0.14346666 -0.98586844  0.0864913 ],[-0.52412156 -0.00155633  0.85164204],[-0.8394724  -0.1675142  -0.51693819]
338,117.7254500811138,35.320456436188984,164.77185600153945,12.61855209351223,6.808779653714242,8.498358780207317,9.6271865190538,3789.6410687148655,3785.4332887831047,249.72618574683213,[ 0.17822786 -0.98051295  0.08263888],[-0.79959788 -0.09537134  0.59291444],[-0.57347891 -0.17175174 -0.80101391]
7,29.18616368965085,186.95923458913123,84.42914689547656,2.185293804991924,2.0891482702962074,1.257965219999496,1.8291394071026177,548.2609932673723,548.2541378303565,7.180285608307721,[-0.24156036  0.43042202 -0.86970424],[-0.96010063  0.02413298  0.27861152],[0.14090909 0.90230509 0.40741888]
42,142.12713625996497,158.87559917746663,70.91403836830469,3.370865920450878,4.7072832395476345,4.693227878279338,3.3327413204386693,1456.6569700784569,1456.1802896707568,43.212650936388,[-0.64311407  0.25249014  0.72294745],[ 0.4315317  -0.6604071   0.61452653],[-0.63260152 -0.7071854  -0.3157596 ]
9,178.45705961651552,165.16860272976763,88.82247272863057,2.0164740175358316,2.0528414074405417,2.5908076133962785,1.4835407566135679,776.6830772453457,776.6753844338367,10.723422862400664,[ 0.58248744 -0.76976337  0.2610991 ],[-0.43070343 -0.01987133  0.90227473],[0.68934964 0.63801998 0.34311453]
5,171.58588119785765,3.0339755459443962,196.0872894120475,1.5591402200534363,1.2355946244358833,2.1382263992699206,1.7947255800436202,582.704506657228,582.6883977294009,5.14123987872377,[ 0.33595356  0.89019116 -0.30772538],[-0.67346481  0.4554387   0.58225488],[0.65846819 0.01163162 0.75251867]
328,55.88956179030133,41.8720604443345,101.70927667248073,8.295159440741514,8.663284379238503,11.252656848445339,9.726685686238758,2250.7023829104182,2245.2126807316113,237.11796765058148,[ 0.00933069 -0.92591854  0.377608  ],[-0.89328746  0.16198946  0.41928145],[-0.44938899 -0.34122467 -0.82559994]
16,33.019903037009946,169.65867491314324,77.13538129933116,2.9137814746787183,1.925193560247823,4.477338820132943,1.4935969953180295,757.3639939241832,757.1836459424089,21.91778689928187,[-0.91947607  0.29640158 -0.25828253],[-0.35231804 -0.32969643  0.8758837 ],[-0.17445848 -0.8963517  -0.4075756 ]
24,89.16339379824929,69.71734687869254,36.210766704909034,5.243221152348632,2.427605873277492,3.344296692444266,4.740886494691366,582.9378895593863,582.7954306076101,22.814008545311136,[ 0.35623992 -0.74747312  0.56069337],[-0.55630366  0.31245902  0.76999714],[-0.75074587 -0.58621949 -0.30451166]
31,115.14307669465539,5.054921408335548,112.40665991542994,3.702710879474334,2.1178353125373546,3.6169794025447213,3.6463925051304757,896.8374037715541,896.6734468435818,23.671793033025956,[-0.08720551 -0.98718027  0.13367991],[-0.69344406  0.15649673  0.7033094 ],[-0.71521363 -0.03136708 -0.69820167]
13,167.04719653009144,101.15609768992968,25.986415773409604,1.965275541730325,2.5125197727119697,2.2770479210512375,1.205512105547656,710.4502337449841,710.3572650273023,13.431000621466596,[-0.37769882  0.41049033  0.82996464],[ 0.37196777 -0.75358416  0.54198791],[-0.847929   -0.51342829 -0.13193867]
42,145.980075592035,40.13564171049119,108.38957086826683,3.4677506238950953,5.296990794461471,3.350433242649378,2.350335850583255,1207.4924729617792,1206.8908488966579,43.72475170014601,[-0.3649346  -0.59846872  0.71320259],[-0.50221677  0.771566    0.39046667],[-0.78396496 -0.21568751 -0.58213215]
19,140.06212188139335,140.2644109868482,18.9755334137459,3.028624960105807,3.9942247873160146,2.271593034487665,4.262134055821546,868.2766259262784,868.2022538041329,15.20663601396765,[ 0.35999506 -0.46854394  0.80676523],[-0.61298644  0.53310335  0.58313673],[-0.70331442 -0.70446249 -0.09529651]
30,187.67998321873299,194.69270075891433,180.54908335338968,5.401606475567226,2.9852884463999234,4.359310328398907,3.753711516633916,1781.3410804438383,1781.1723507253923,35.97645169303069,[-0.47967209 -0.30175849  0.82392749],[-0.66081804  0.74199677 -0.11296157],[-0.57726442 -0.59865066 -0.55532259]
270,16.728233947759723,29.22855852594281,141.5553091169175,7.782635239631415,10.549137885441993,6.009805065052157,5.946625186921744,2399.6879726594807,2395.767783207093,216.80607074425575,[ 0.90020654  0.39324429 -0.18704844],[ 0.42022223 -0.89712355  0.13631809],[0.11419925 0.20131635 0.97284647]
3,73.45275130269361,34.548880105206386,44.63220651174576,0.25989325995674006,2.2767478226785514,1.7207736641145082,1.3868258998300518,160.508110539825,160.47829704113548,4.350821078524543,[-0.33933602 -0.38665119  0.85752663],[-0.50635216  0.84335464  0.17989009],[-0.79275378 -0.37316728 -0.48196227]
33,100.743982631958,143.7648215027273,57.22209687366055,6.280012692445914,3.597725033203675,3.3453058371335684,5.151859725875631,1061.5783786053173,1061.182626875618,34.83397444177675,[ 0.06786578 -0.40983476  0.90963163],[-0.83510751  0.47551627  0.27654966],[-0.54588431 -0.77840847 -0.30998481]
54,98.79967720319398,34.812680665550715,57.84512030895766,7.978121318440506,4.149850039920444,4.75642742454474,6.528649666713224,882.1428208859426,881.0345525941129,57.18562034333483,[-0.13495363 -0.73068856  0.66923968],[-0.54655674  0.61826643  0.56482064],[-0.82647641 -0.28955286 -0.48280005]
19,40.195144025270935,33.94715915070063,94.13137161014357,2.6663795499636613,2.906935060954778,1.9870709571515133,1.7902121957706745,470.36349201882814,470.1957593949322,17.574799774402116,[-0.7399944  -0.46677105  0.48428616],[ 0.55983792 -0.82651186  0.05881879],[-0.37281335 -0.31464733 -0.87293028]
7,155.57914657855122,99.00889389561259,22.498695984322353,1.2895218912518174,1.1330746579566244,3.136802429997038,1.2427965454442342,491.6125895133441,491.5395733686871,8.85678199301192,[-0.5423042   0.83780367  0.06317569],[-0.06772072 -0.11853547  0.9906378 ],[-0.83744854 -0.53294874 -0.12101895]
3,61.09467087008655,14.75839201304568,62.909870549192476,0.3329218172414246,0.6743696550844498,3.3675435877874693,2.268285444861296,154.13875985189082,154.0804386139387,4.474533636748251,[ 0.17517177 -0.98267937  0.06046567],[-0.70570264 -0.08249911  0.70368863],[-0.68651194 -0.16593717 -0.70793094]
146,53.231533948635786,155.63226439673275,97.27990461990623,5.781611132573408,6.805363514358372,7.597926985521898,7.900239679399048,2312.8970743672107,2311.5227763730913,104.29135660240756,[-0.74880976 -0.14813308  0.64601899],[ 0.60144071 -0.56141247  0.56840576],[-0.27848342 -0.8141699  -0.5094844 ]
61,168.75127143459036,31.080971214799373,85.73005265061325,4.488196495037209,8.98566844894903,8.35323713386741,3.6314919706672106,1501.4549530730346,1498.4823490048966,98.53467795452521,[-0.21237184 -0.7071683   0.67439691],[-0.42587244  0.68813073  0.58745959],[-0.87950604 -0.16244718 -0.44730308]
2,81.56530354835843,158.96935539287563,76.42625481148414,0.044479996867444534,0.7400243140431115,0.42435490447827107,0.4197995846682403,274.83033607304935,274.8283222607487,1.0520976035094523,[ 0.85781314 -0.21589905 -0.46641636],[ 0.29663707 -0.53311471  0.79233526],[0.41971785 0.81803197 0.39326914]
25,120.17421016879521,3.0618268914079403,49.97408377446949,3.677299442751611,2.2616629112909235,4.220805161917935,4.213605414286341,651.5736157742822,651.3407652976705,21.468678348608073,[ 0.17813018 -0.9107634  -0.37253142],[-0.34116429 -0.41226587  0.8447744 ],[-0.9229716  -0.0233854  -0.38415694]
70,64.98136017930678,73.57419658212444,172.08836663881095,5.340444636369903,5.906277649700294,6.093074318069184,7.016443621137391,1659.5066011154715,1658.7782975290297,59.891351761391476,[-0.76508834 -0.43480701  0.47495546],[ 0.55401017 -0.82041966  0.1413659 ],[-0.32819591 -0.37128756 -0.86858102]
5,39.1675654566699,178.95352917991585,40.23666885492564,1.967206493762433,0.8211013896207787,2.3428946722141863,0.805203155459499,419.430652797694,419.41131259584046,6.851576935381052,[ 0.84780687 -0.0672835  -0.52601942],[ 0.48745201 -0.29175313  0.82296455],[0.20883975 0.95412423 0.21455283]
204,85.86799469612386,181.36339654868297,102.92042629688784,5.184742816252976,6.114436671885755,12.52372394759986,7.087285069266094,3227.34305369489,3223.329067158878,186.9016514525746,[ 0.81497306 -0.52491201  0.24553267],[-0.43738483 -0.2792262   0.85482585],[0.38014921 0.8040523  0.45715038]
3,177.24249139121164,141.78862116095632,3.2167815386782226,0.8179538669842576,0.7915945462543983,0.7306428794668894,1.0048807926911765,393.18349781663903,393.1803965734606,1.5681276660888541,[ 0.49551711 -0.63291769  0.59487645],[-0.38054223  0.45745657  0.80369216],[0.78080113 0.62461883 0.01417435]
13,107.39898607408433,6.2736677031674715,32.667642110972075,2.841276416423134,3.238470039376948,2.014944430285993,2.4839633018814142,405.6655710019884,405.55805853112867,14.63607247638802,[-0.26266851 -0.29142081  0.91982562],[ 0.1356038  -0.95498765 -0.26383744],[-0.95530983 -0.05543006 -0.29036295]
9,178.2808058587786,133.2707058164458,142.86105131862894,2.4978209201308856,2.586001472533503,2.949195634443515,2.2252405434336504,793.5769985634229,793.5077306541415,12.230579322883857,[-0.70251322  0.21130916  0.67957605],[ 0.2282346  -0.83756904  0.49637393],[-0.67408022 -0.50381202 -0.54017526]
49,40.115515008659024,83.70257984317152,187.86935418084354,5.033576549886072,3.5090697309041285,5.84476993512724,6.877202139811714,1467.9335228650966,1467.7258324039024,34.58517067426367,[-0.12394753 -0.89626588  0.4258456 ],[-0.97357632  0.19279239  0.12239378],[-0.19179716 -0.39942279 -0.89647939]
44,188.80767091209637,34.10010152104575,156.5343796963566,3.9319493509285137,8.354902473881712,4.438855354920875,4.053730668611607,1643.8039558981677,1642.8341513593427,62.355936668300515,[-0.64160839  0.28620403  0.71163609],[-0.08307751 -0.94825039  0.30646262],[-0.76252003 -0.13750803 -0.63218252]
2,196.8137165864692,82.76360607270203,171.36674956384076,1.2577013351450432,1.2098405939990684,0.2567979693458682,1.1091395769376504,387.18245790562577,387.17759913292844,1.939700879821449,[ 0.60872788 -0.7085658  -0.35691017],[-0.335611   -0.63760281  0.69341756],[0.7188989  0.30231962 0.62592909]
162,106.25261606361362,57.146618075268904,185.33178761147715,11.136219753332886,8.915822947703061,6.367597795634377,7.2450585290971965,2821.1534742307476,2816.7011035921632,176.08667037960896,[ 0.59269417 -0.8000214  -0.09316321],[ 0.64589386  0.54121037 -0.5384352 ],[0.48118057 0.25895386 0.83750114]
22,80.4642536969493,165.82013418880524,73.39860323123418,5.049509252336395,2.301580413899688,4.550001297585621,3.673595705454332,931.1087665732485,930.7119427669143,28.93126377620012,[-0.6802555   0.00570807  0.73295284],[ 0.61034758 -0.54929793  0.57074304],[-0.40586732 -0.83560709 -0.37017903]
316,16.005086717806876,188.02752741029104,107.57301067925611,7.778234507217333,6.799372747986332,9.959447658757389,8.217484645693606,3867.5155076363144,3866.2828596883824,208.90860526956342,[-0.92551979 -0.1255248   0.35729069],[ 0.37139645 -0.48524898  0.7915795 ],[-0.07401208 -0.86531899 -0.495727  ]
11,88.17856572807128,126.73833749682535,64.79856955433621,1.2254876124499599,1.9524565104952507,3.8513842293651925,2.485589175571162,555.5234423238475,555.423300834681,12.415439719802782,[-0.84069321  0.53127295  0.10480448],[-0.12636747 -0.38067219  0.91603491],[-0.52656071 -0.75686045 -0.38716414]
45,177.24173244423395,153.52713885558146,5.053026979495451,4.843249446551331,3.89276700196986,2.47531989987698,4.537320980662156,1573.9213936382666,1573.7459542056895,32.99659157977565,[ 0.05850339 -0.1002427   0.99324154],[-0.65225921  0.74936694  0.11404873],[-0.75573493 -0.65452318 -0.02154372]
13,107.01966221802887,16.472582662939267,133.3917655417094,1.6873566105136835,0.8317429210271886,2.319838502981781,1.9891914239357633,619.5489874704558,619.5097762675149,8.029471327305922,[-0.01233206 -0.9911346   0.13228802],[-0.78223078  0.09197279  0.61616233],[-0.6228667  -0.09588121 -0.7764302 ]
78,185.2969743968922,16.680872940599052,113.19728322672766,3.998392845148789,7.0840469296484585,8.77645840272874,4.820384389179777,1925.8828472739397,1924.2120584418599,96.48733301318178,[-0.25002718 -0.81091038  0.52906594],[-0.46264057  0.58006371  0.67044   ],[-0.8505587  -0.07713914 -0.52019174]
55,35.22038618099189,193.92207227542974,64.13768652830517,4.114942744834469,4.026718998229364,6.7468208292961735,4.738153678795757,1538.3272139059416,1537.7489590628627,55.84453182907155,[-0.93080365  0.25561911 -0.26127274],[-0.32358021 -0.24380257  0.91425169],[-0.17000124 -0.9355315  -0.30964561]
21,53.42410280114843,4.012076096134623,57.14099785958602,5.696993391157733,2.2944461517253196,1.7702524086316187,3.715525844146831,360.02395351494636,359.47231178604005,23.705162706552745,[ 0.19434064 -0.9743865  -0.11314889],[-0.70333761 -0.21881881  0.67633907],[-0.68377476 -0.0518583  -0.72784806]
49,125.29422011618155,82.49365319365602,34.398521286080275,8.08329329813157,5.879043590373145,3.121109807501105,5.0872645828060445,1079.6045430715574,1078.1713494222302,63.88863107167267,[-0.15173228 -0.17506195  0.97279527],[-0.55962864  0.8264629   0.06143994],[-0.81473499 -0.53508167 -0.22337078]
37,39.812327097227545,192.76914395963533,137.93153433262748,3.3559370830999966,2.785609670483545,3.738702284007712,3.0651821983611414,1462.3000475180997,1462.2694020271786,29.56540284757658,[ 0.96858814 -0.24175656  0.0582305 ],[-0.18544465 -0.5462263   0.81685195],[0.16567229 0.80199164 0.57390078]
33,112.10637253446515,188.15630021909718,154.07916503197777,2.718106007452741,3.127394212383715,2.682699250526556,2.3429322261850154,1538.5505483244424,1538.4327018056676,24.951096949489695,[-0.70347159 -0.14980556  0.69475608],[ 0.57434941 -0.6956111   0.43156454],[-0.41862927 -0.70262614 -0.57538339]
61,61.592581376077185,49.253505201026066,59.83105526245664,6.237451597185052,6.048646895339265,4.2434983545308285,6.345725432423633,776.175652939198,775.4194381366073,56.556660938017224,[-0.74582984  0.61057206  0.2663449 ],[-0.23538429 -0.61560277  0.75208209],[-0.62316297 -0.49823186 -0.60285399]
525,109.63960552278513,124.54928542741764,37.3349694313091,11.45116103492005,13.359169244068447,12.489407537524666,12.292411981786788,3918.933640324099,3916.327494571324,408.44813553487074,[-0.67692868  0.41295224  0.60929304],[ 0.35607772 -0.54074971  0.76210131],[-0.64418648 -0.73284391 -0.2190059 ]
5,178.6634761711722,51.43570875439533,87.93928652946548,1.755697456111594,2.5124005974973818,2.129478515424145,2.5409922802019618,459.96285641876796,459.9262769877145,6.0961644856242305,[ 0.21084507  0.59439961 -0.77603702],[-0.44831801  0.76426769  0.4635794 ],[0.86865144 0.25016794 0.42762212]
10,56.30569736749736,12.204470665999434,107.11595158551711,1.0960305078843628,3.8696725440724866,1.7559871584888642,1.1941358809109228,384.8525630128821,384.6520481188399,13.365788223283383,[-0.87272385  0.22537466  0.43308122],[-0.15514652 -0.96911672  0.19168294],[-0.46290672 -0.10009522 -0.88073737]
31,9.00740405770836,97.22494326791622,170.06749099985942,2.2401515003454717,4.64245913048958,4.738808495980191,5.926343099921893,1092.4861988214986,1092.431164190488,20.6820069704213,[-0.99682384 -0.03378479  0.07211677],[ 0.06506209 -0.86769596  0.49281908],[-0.04592565 -0.49594587 -0.86713813]
13,48.860186191915936,73.51955396705121,100.31027311768374,3.8076758270876256,2.1379913284427103,1.9009000720379194,1.7815214241576511,482.06617602423296,481.839067585165,15.890228689367428,[-0.16758432 -0.75446812  0.63458124],[-0.9155721   0.35779616  0.18360183],[-0.36557246 -0.55023609 -0.75073099]
112,131.71121301168873,92.47867017349722,14.261942752659946,6.021588831940529,4.168595945987139,7.4602046563963125,6.0186208349462635,1712.8249928430046,1711.6363665175616,90.59913629521361,[-0.57699651  0.81561527  0.04297389],[-0.04759566 -0.08610425  0.99514859],[-0.81535862 -0.57215189 -0.08850159]
25,172.76303213587872,9.567391933654505,19.23740941121923,2.5663344600382665,3.089139041259043,3.3163352374911863,2.484892356900002,870.7466204824851,870.6713932218162,22.845210553186522,[ 0.11048446 -0.79395061 -0.59785919],[-0.05489824 -0.60549869  0.79395058],[0.9923605  0.05489779 0.11048469]
41,54.137874282486514,122.53110329286325,30.82088058099256,4.655225179501101,3.2297107670625236,6.317625962250375,3.988017867478753,881.5915761619667,880.7766001540998,47.95906869227786,[-0.81077973  0.45208323 -0.37182924],[-0.43280518 -0.03532012  0.9007953 ],[-0.3941014  -0.89127619 -0.2243008 ]
46,24.894856733576567,159.40957413879747,38.76857619492289,2.925028143405493,3.5773260969825937,4.638324617601438,3.92638259255932,1126.1528288317968,1125.8802539171822,35.5071252545309,[-0.89539423  0.23222871 -0.37991972],[-0.41928195 -0.15247788  0.89495986],[-0.14990602 -0.96063537 -0.23389712]
15,55.66231962109498,167.38258411155604,140.20016407548792,2.3070163031997604,1.5889925538779253,5.629040607060182,2.7053658739647934,872.9948876499329,872.7663809606219,22.001110907104973,[-0.86785931  0.45523742 -0.19894498],[-0.43110259 -0.49103301  0.75699217],[-0.24692261 -0.7427284  -0.6224016 ]
100,24.642129429175693,148.28765991818597,102.34294551528384,7.159952017905828,4.341668783810919,6.02707393494911,4.84726992936367,1820.7529333783616,1819.8760419810487,91.14107920359714,[ 0.19194192 -0.57899823  0.79241362],[-0.97207538 -0.00108676  0.23466631],[-0.13501022 -0.81532807 -0.56303852]
58,163.7724135798104,99.6425478208166,101.44082214275791,4.688230655805279,4.009836567102605,3.616828510671175,4.330342874626698,1652.4652693721355,1652.3009164104578,43.18614048594776,[-0.55486603  0.06799332  0.82915656],[ 0.34904936 -0.88566406  0.30620861],[-0.75517431 -0.45932132 -0.46769187]
51,153.35996615278205,57.80951951850192,170.88580886816803,6.6865239324423555,5.881244878002237,3.4689115761329194,3.8839352809201784,1692.0311122703215,1691.424159506501,62.2510522463334,[-0.49126037 -0.59021939  0.64055001],[-0.58214696  0.76951611  0.26258308],[-0.64789518 -0.24389759 -0.72162719]
50,4.796879631237334,176.57355007866408,179.26913374576262,2.516040731971883,4.658394124220795,5.6051191091399994,4.744813570577135,1780.350733840766,1779.983763867034,42.64980816871856,[-0.97324331  0.17615465 -0.14753644],[-0.22899099 -0.69050535  0.68612352],[-0.01898914 -0.70154964 -0.71236754]
40,59.42444819501768,166.3156022250477,80.64362983288352,3.4308771840208383,5.698714763471855,4.835637855648543,5.643394446458146,1228.786304589154,1228.7061418984501,37.669311120303064,[-0.0778291  -0.41247124  0.90763986],[-0.94895547  0.30976639  0.05939952],[-0.30565692 -0.85668679 -0.41552568]
27,144.75539401675036,134.1963226995962,146.42969221397152,3.5241115387923743,2.618259260834377,3.3541999040937704,2.445121043182921,1277.318319554567,1277.2181000774565,25.6811874276928,[-0.57012048  0.80324759 -0.17249914],[-0.5727366  -0.23805675  0.78441174],[0.58901225 0.54600577 0.59577032]
28,183.2878473544384,92.31669493063711,117.43827588477312,2.791830031178825,4.688260167734694,2.596102467050332,4.443023136733805,1251.5337182105595,1251.4456373659962,21.704117868446065,[ 0.49084726  0.12272042 -0.86255937],[ 0.39788637 -0.91233284  0.09661893],[0.77508413 0.39062575 0.49664485]
16,170.19842325279762,68.69077462273309,101.12362298380057,1.6867081357871017,1.8865397745751986,3.732673114930218,2.467182015209656,838.3810853721064,838.2846025380327,15.102119379110615,[-0.5162246   0.78916092  0.332772  ],[-0.27184336 -0.51943346  0.81011732],[-0.81216584 -0.32774063 -0.48267249]
57,180.43410692003604,126.5255054644408,109.97699880876898,6.3421874233409286,2.9381245685933104,4.976468716219431,3.2203562776955232,1860.480809269355,1859.7475013001256,59.96520779525731,[ 0.25275483 -0.81443267  0.5223164 ],[-0.63183478  0.2698973   0.72659497],[-0.73273447 -0.51366806 -0.44636904]
6,80.31013346633455,135.68533209076642,54.647305798873184,0.9645873081021993,2.6496416817698294,1.172356927775021,2.749805738540259,408.818401487932,408.81224044276706,3.2605262247580744,[ 0.87659856 -0.44598697 -0.18075007],[ 0.00093876 -0.37402056  0.92741994],[0.48122145 0.81314466 0.32744721]
60,129.89494117847545,120.97656083163648,78.45239927786469,4.424396719977343,4.029456376522332,3.9722232964194646,5.052309278026339,1504.0406104249946,1504.0045590494015,39.488329007334265,[ 0.1502153   0.41939193 -0.89529089],[-0.72761881  0.65997895  0.18707927],[0.66933268 0.62332832 0.4042964 ]
46,25.596443859059463,5.550681941324139,121.67429700543407,2.628329282730711,3.8978045855456838,5.524654289276657,5.54910828072404,845.3962979151827,845.1503292922268,31.69532344492212,[-0.92086833 -0.3293201   0.20868586],[ 0.33136697 -0.94314047 -0.02611472],[-0.20542019 -0.04510338 -0.977634  ]
108,43.36204391001905,57.52783470917957,79.52691614896159,6.555016502750236,5.842423160127642,4.496219874293861,6.072748267132949,1118.533714013739,1118.2175543847975,81.05761421713692,[-0.26025873 -0.70868938  0.65576273],[-0.87644845  0.4583479   0.14749684],[-0.40509691 -0.53635489 -0.74041875]
25,48.09252252119202,189.11069785063825,159.3733398589239,2.592407162192765,4.335752736333546,4.574400080846759,3.440965479940877,1260.1288640225011,1259.8840064524918,29.498653724554234,[-0.93514317 -0.05691709  0.34966798],[ 0.2984662  -0.65830077  0.69105573],[-0.19085382 -0.75060012 -0.6325933 ]
106,141.74139683794604,189.36723883292834,50.402525854375746,4.240851133497277,4.099829132118377,6.435454267770444,3.829733433744,2491.3945819428573,2490.514580590066,80.84614543938264,[-0.6407202   0.60525538 -0.47238073],[-0.49604549  0.14327473  0.85639431],[-0.58601749 -0.78303146 -0.20843519]
10,175.15154614703735,80.28758594747009,193.6803379591819,1.2899013394949397,2.967549693027278,2.8194222322099476,1.680651602940071,864.0197548526571,863.9484500342173,12.490132676768722,[-0.74312007  0.46845061  0.47783531],[-0.19170376 -0.83319093  0.51869311],[-0.64111015 -0.29384844 -0.70896465]
21,4.649002508051707,173.66466546609806,81.3331702661879,2.0361419140203982,2.9926853375962152,3.1332484390736135,2.737742067483277,879.2696815418384,879.1814897150999,18.003515704140106,[-0.99531893 -0.01780616  0.09499039],[ 0.09354881 -0.42429497  0.90067886],[-0.02426631 -0.90534895 -0.42397456]
35,8.406124192107992,195.27247189458416,140.90761650112034,5.178436986374037,3.135159617738697,5.205203772589858,4.122728029085825,1426.123120806844,1425.8293371482994,40.402323888554534,[ 0.54934932 -0.50434078  0.66622496],[-0.83487682 -0.29828917  0.46260594],[-0.03458335 -0.81034804 -0.58492738]
26,30.71271149180532,93.8778519131491,149.41891501683185,2.3947962126806854,5.451753017318385,2.1796210227842563,3.0308542522864803,913.8175631795348,913.511370191786,28.40044590875431,[-0.98232164  0.1554566   0.10429499],[-0.07496541 -0.837175    0.5417732 ],[-0.17153538 -0.52437702 -0.83402899]
24,7.894238036031066,1.903545262961904,140.08361347469653,5.668649340512975,1.2993759225908856,6.475598762691784,6.190215768690739,688.7111330860297,688.1314895445556,29.624725427154168,[ 0.05358173 -0.99850842  0.01048478],[-0.997046   -0.05291872  0.05566756],[-0.05502969 -0.01343657 -0.99839431]
39,144.36744613204965,85.2937417708644,67.39052333885249,2.7050957289747486,3.7156290532068157,3.1469187971995227,2.927805503006353,1129.0138658495018,1128.81773220607,29.63985767888651,[-0.47126559  0.10556785  0.87565072],[ 0.37387413 -0.87528811  0.30673908],[-0.79882845 -0.47193872 -0.37302408]
74,76.5976556874113,23.909636093747576,116.49415684460814,4.209382839731535,6.091190519218962,4.703142190079454,4.447786883984363,1218.6850535235835,1217.9633840772317,64.83603102273366,[-0.84038651  0.0818376   0.53577338],[ 0.02296299 -0.98227056  0.18605711],[-0.54150088 -0.16866285 -0.82360769]
16,86.06933262521893,81.70113537871747,99.8677347823236,2.6038709075916433,3.5706653233518955,1.4221394980318032,1.978487471412707,620.6230706593416,620.519255851195,16.815760876339144,[-0.50041633 -0.40682929  0.76424697],[-0.66460487  0.74623149 -0.03793316],[-0.55487284 -0.52690463 -0.64380715]
2,78.37431764888154,173.96986282273355,35.41536680614024,0.19925284590149062,0.06306814799692972,0.7306958677139157,0.10941206346524268,274.4553611764249,274.4533002711433,1.0636017861701297,[ 0.85564659 -0.44071542  0.27136478],[-0.32368881 -0.04655791  0.94501741],[0.40384957 0.89643867 0.18249176]
18,175.9622832823119,109.27151004214123,111.54241095058791,2.266365104768236,2.1905167617726495,1.8643614293629025,2.377971450874214,998.1972313526536,998.1758279514429,11.798115916379585,[-0.14964326  0.81393259 -0.56135607],[-0.64665162  0.3489252   0.67830147],[0.74796295 0.46450506 0.47411652]
