N,MEAN_X,MEAN_Y,MEAN_Z,SIGMA_X,SIGMA_Y,SIGMA_Z,SIGMA_R,LAMBDA_1,LAMBDA_2,LAMBDA_3,EIGEN_1,EIGEN_2,EIGEN_3
27,52.338740828393526,128.45211392190168,119.33378039312392,4.282059775274516,3.079094697856133,3.1128075945037796,3.696979893056897,951.2523564464333,951.0015642592462,25.52868404374781,[ 0.2118155  -0.71008972  0.67149593],[-0.93453095  0.05389323  0.35177751],[-0.28598268 -0.70204566 -0.6521854 ]
112,185.13584706425394,139.35865728638288,187.42831947866964,4.618892502797248,6.370506618609038,5.522893935251461,6.503890636688624,3155.5023472577027,3155.123197434837,74.93226925508901,[-0.24771709 -0.64413948  0.72368541],[-0.74359937  0.60523209  0.28417266],[-0.62104446 -0.46773759 -0.62890804]
26,98.39956513889764,169.60538514915035,56.43057178325022,3.157872372420059,1.5478707987309566,4.9037430396921025,2.8048486246489457,1040.8000960537804,1040.5746376586435,27.247350490830446,[-0.85603138  0.38016836  0.35026032],[ 0.18589905 -0.40584627  0.89483538],[-0.48233995 -0.83112022 -0.2767442 ]
3,61.01546270705625,97.6305433763187,189.2280997177132,1.728409248563722,1.1464983733026908,0.2527109483045703,1.0855840552191034,383.66262498086945,383.65468530893185,3.0931254526680174,[-0.39041416  0.86339289 -0.31957706],[-0.87845269 -0.2454852   0.40994865],[0.27549531 0.44078308 0.85429071]
5,154.74638053691638,83.95631249858734,192.36921706164526,1.7847697690266082,1.7200261128081042,1.9420116387465807,1.5491050401824504,583.1312143002605,583.1208162138743,6.120239689807933,[-0.31398634  0.93649786 -0.15615482],[-0.74113003 -0.13896321  0.65682227],[0.59341288 0.32196425 0.73769924]
39,4.743533034278307,32.57180367038897,98.15121815719209,3.079255469831469,8.026391757232078,6.057690100218227,7.734365063072976,649.7002558876152,648.4846911502839,43.77959493788743,[ 0.91758754  0.36184139 -0.16463268],[ 0.39503624 -0.87630442  0.27574793],[0.04449133 0.31805874 0.94702648]
1792,83.42277362210768,121.81514879304109,140.74803176861172,18.40091322927551,35.242196410104604,12.339127730378632,27.78340348526532,8792.052862728686,8737.121372856056,1302.7768246934334,[-0.89475321  0.12156895  0.42969487],[ 0.17803116 -0.78534697  0.5929039 ],[-0.40953827 -0.60700175 -0.68104866]
20,89.62990400594335,34.48289025181371,21.65765565514213,3.4837722172432204,1.9208312540115986,2.9995916890751335,3.6919915955209013,440.7722133179692,440.631012294169,14.928425052917687,[-0.32916642  0.93564572 -0.12734419],[-0.25047752  0.04351155  0.96714412],[-0.91044521 -0.35024823 -0.22003568]
2,55.87653364131614,123.16996190670488,102.58522863487497,0.15250385230178054,0.0973752586874923,0.00688337448667653,0.1166914429742576,240.06994167818948,240.0698618271307,0.19580518804940258,[-0.46108476  0.68199576 -0.56769942],[-0.82404752 -0.09177545  0.55903753],[0.32916036 0.72557498 0.60431318]
15,196.9451621860387,98.7001663615392,93.0816385668026,2.3088224675485214,3.5062261130721777,3.9755524267716966,3.423757537654237,926.4423887172276,926.3800606755352,18.074793574842243,[-0.01289282 -0.67240036  0.74007536],[-0.56725742  0.61442713  0.54835967],[-0.82343961 -0.41274333 -0.38934579]
7,53.194605219477864,83.88219256773878,14.565808706561251,0.5872780567174544,3.939328412505018,2.543435260109627,3.6147917435303074,265.8654901000199,265.81198796908814,8.05571154917855,[ 0.55193914 -0.46952987  0.68913343],[-0.64441468  0.28433248  0.70984841],[-0.52923805 -0.83588082 -0.14563771]
28,195.5265530889537,71.71191689074192,115.9162632845125,2.437206279377973,2.4970838123969172,2.8725734054201046,2.3319723079411596,1261.370758361507,1261.3557392795988,20.467094148405298,[-0.37039875  0.92747012  0.05102894],[-0.43571824 -0.2220026   0.87227545],[0.82033797 0.3008555  0.48634513]
335,15.052557366669221,188.28896196043948,105.49459959513646,7.594230689942245,5.732696020616882,9.699643912626424,7.260469465659023,3965.337546771624,3964.491178711821,210.34800060155177,[-0.99673131  0.04091171  0.06966297],[ 0.04063513 -0.49139325  0.86998935],[-0.06982467 -0.86997638 -0.48812458]
587,181.59936696791476,95.76287491679916,67.61451989059032,8.16039327387941,9.94763028713324,11.008058055775782,9.837395886474358,5249.03085000332,5246.2166418295865,333.8617738721016,[ 0.33929275 -0.87893731  0.33518596],[-0.42389576  0.17523499  0.88859726],[-0.83975759 -0.44357851 -0.31312184]
12,164.49259546306138,3.2546763677239654,147.84199724283664,2.0227242341988463,1.7144888768556579,3.210235411648518,2.333923374918151,766.3568146930327,766.2810905808595,11.937814548866125,[-0.28080324 -0.90043322  0.33221914],[-0.60677112  0.43474514  0.66545133],[-0.74362514 -0.01472009 -0.66843472]
77,145.14287858975973,92.77499509190801,96.72040443241137,3.5731041760777167,3.6878925513015113,6.462314043788281,2.9330740647606475,1734.7389877250105,1734.0603953510904,67.78476674752494,[-0.59448682  0.7933196   0.13126094],[-0.32689351 -0.38757618  0.86193117],[-0.7346605  -0.46949837 -0.48973996]
151,55.32419439640448,78.70203579571775,178.20640451252376,10.919869271832985,8.621955472874852,9.06585040991281,8.813503721027764,2495.986683605167,2491.757355675222,173.76175870579613,[-0.27719056 -0.8441699   0.45884919],[-0.92159502  0.3686499   0.12149025],[-0.27171312 -0.38919717 -0.88016904]
38,193.70398218043366,176.7589003786321,136.51483757595344,3.9950974264351244,4.1160134342666375,3.4944976182058785,3.7180669272162254,1822.8308876715141,1822.641040902333,34.500327978709095,[-0.30989234 -0.34480681  0.88604458],[-0.6889811   0.72363922  0.04063652],[-0.65518835 -0.59787503 -0.46181563]
371,113.50331996998285,119.42181453901439,108.00261323086559,13.408518665017555,14.029853787255636,11.354460303726624,10.961849773138798,3816.0137359049772,3803.679959467623,376.2387078953238,[ 0.75881896 -0.64576637 -0.08473245],[-0.30059971 -0.46265834  0.83401863],[0.57778335 0.6073986  0.5451911 ]
16,60.671108630929666,130.54404036582378,152.789816204325,1.6845645990813194,2.3706827649086257,3.3685344560089723,2.027817551651139,839.8508567230231,839.7575359917566,15.818573934185537,[-0.87180748  0.48506209 -0.06831164],[-0.39555038 -0.61484059  0.68228362],[-0.28894915 -0.62184066 -0.72788912]
125,178.91238408108634,121.72879849167624,121.27824750702666,4.0560038618190735,6.3169992443275405,9.468636213437142,6.118662315379915,2776.30805442748,2774.715095582585,116.45224103913374,[-0.67528391  0.65565178  0.33780525],[-0.15504307 -0.57395988  0.80407195],[-0.72107786 -0.49060249 -0.48924014]
42,78.45465276649664,87.26902111911834,64.86865069868057,3.171031763947277,3.216289856005366,2.076204804605292,3.5034034653389092,869.4396232896089,869.4030732344652,22.82690145933876,[ 0.74105417 -0.18717921 -0.64482762],[ 0.32919609 -0.73573017  0.59188769],[0.58520821 0.65089558 0.48359725]
457,100.44796807914462,131.99027769117342,168.67530687435794,10.691319758012707,10.015220995931932,7.167697559394685,10.060099030495952,5066.663263590183,5064.166981019798,275.7729114452116,[ 0.35969867 -0.82639667  0.43322674],[-0.83072007 -0.07220894  0.55198735],[-0.42487766 -0.55843927 -0.71247776]
18,113.91379583952887,85.6508901064513,58.470612008320714,1.5903385848041678,3.3051859564121373,3.0284048744671472,1.9951658848635976,653.8345144631705,653.6861877496624,18.273900456082472,[-0.64121873  0.40976275  0.64879352],[ 0.20521824 -0.72312259  0.65952952],[-0.73940788 -0.55604694 -0.37958896]
9,6.870830515611205,17.389968345081837,189.84832159937147,1.4338905544948022,2.5431343988608983,1.8871035125765778,1.9694907775974415,572.3825868049413,572.3440403804882,8.606999127695154,[-0.97171434 -0.22936762  0.05622929],[ 0.23338953 -0.96905918  0.08033448],[-0.03606338 -0.0911855  -0.99518071]
185,166.9406906968944,152.21138596870173,138.2278650185059,7.7646089589766385,7.231894463580718,7.625471308709064,8.284024638516206,3605.8524356607536,3604.9195981787225,137.83889768417737,[-0.57760859 -0.10222535  0.80988783],[ 0.51865899 -0.81208923  0.26740219],[-0.6303659  -0.57450941 -0.52208982]
314,93.87119130633671,87.5817944500898,83.86616516031135,11.558022657969257,14.714679360218502,7.178513609166572,8.037541685756219,2737.7934515875727,2723.7820588626487,325.1414960922261,[-0.36886627 -0.40536755  0.83642981],[ 0.70064085 -0.71258682 -0.03636503],[0.61077006 0.57262306 0.54686631]
286,110.99761624112261,151.79313068621911,84.14958179732001,8.430354326427521,8.150113827238826,10.514431971868886,7.298297735086764,3492.7318554244994,3487.6813984745254,236.7595790581528,[ 0.38825834 -0.64737935  0.65586237],[ 0.74825565 -0.19397441 -0.63441896],[0.53793025 0.73707117 0.40909307]
235,101.97631191239797,116.74117723180085,38.8853547097143,8.787666817573074,7.435614979157597,12.073727794176692,8.724178777839164,2461.870261415517,2454.6499915580534,219.9120562945183,[ 0.68804377 -0.39796295 -0.60681238],[ 0.34480622 -0.55649292  0.75592612],[0.63851738 0.72934294 0.24567139]
164,86.202892951091,180.36355975397,101.42978271114744,4.330709645464883,4.899590115602206,10.036889788134923,6.41002825934677,2874.326090093209,2872.367512353031,129.64232495272014,[-0.82537994  0.51916433 -0.2218476 ],[-0.41368654 -0.28873457  0.86342098],[-0.3842023  -0.80442573 -0.45308702]
67,10.164605187585469,176.96787698744396,7.133132893285396,5.783188715577178,3.23308559052881,4.764422337589649,3.3551790313486527,1453.1208538971152,1452.887339321872,60.889482261359035,[ 0.13304191 -0.04755285  0.98996898],[-0.98943738  0.05164013  0.13545098],[-0.0575632  -0.99753297 -0.04018026]
6,12.532307341948309,165.5420597961113,144.9848833135949,0.9699945157835863,1.4219649097420408,1.862817039265066,2.0217981670675833,539.9289869073691,539.9277521498017,3.7538281788424834,[ 0.81455206 -0.41585418  0.40443818],[-0.57730088 -0.51283456  0.63539311],[0.056821   0.75104328 0.65780344]
300,15.156518474985866,29.005326850248736,143.48664713599297,7.797360956719186,11.98784981083798,7.5094652466029865,7.011259330238444,2560.5184954542688,2555.578557307457,254.89430752301405,[-0.99277762 -0.04253871  0.11217425],[ 0.06355744 -0.97952051  0.19104981],[-0.10174997 -0.19679949 -0.97514968]
67,38.28710944594613,86.25343596860141,89.63203318845186,8.544452255264279,4.5092199706743985,4.630625921028273,6.666619464829072,1068.6347357547331,1067.101367273221,67.69788791287507,[-0.00283192 -0.71995332  0.69401671],[-0.95527105  0.20718262  0.21102744],[-0.2957181  -0.66237646 -0.68833729]
7,132.55776343978425,128.59801829616305,49.614528134437286,2.7148121855749583,1.9968002976267734,3.109736207545506,2.4544989152662233,506.0881257790875,506.0167688627026,10.237278739165736,[-0.69285919  0.72086908 -0.01714391],[-0.19845725 -0.16778088  0.96564191],[-0.69322498 -0.6724562  -0.25931022]
4,103.05899246861887,88.06950795057577,15.505558578307154,1.8742961447171478,1.4419346020184591,0.6449983458139368,1.8786830984972285,272.93790971604875,272.92051184198056,3.1447065332760977,[-0.15509858  0.34452722 -0.92587549],[-0.63673659  0.68170832  0.36033356],[0.75532175 0.64542603 0.11364109]
3,38.16783189566808,159.92681718522024,39.777035213563494,0.15372059091024906,1.5274286433378064,0.9117992585102297,1.5576708693140244,293.0112927364806,293.0097652620239,1.5115319883610752,[ 0.95705965 -0.26018139  0.12783765],[-0.18204283 -0.19621901  0.96351363],[0.22560414 0.94541194 0.23515746]
54,76.86827827795713,141.18012595348688,152.27461294038807,3.440537123682637,6.282654732530135,3.0771950786203557,4.491243612126243,1628.0003636937327,1627.583258594247,46.77959003243888,[-0.67868325 -0.3352828   0.65343285],[ 0.64732758 -0.69336088  0.31657178],[-0.34692371 -0.63783707 -0.68761022]
201,32.4826432664136,16.4468322188634,108.26714716662286,15.213254028414838,7.529434148703963,7.200391288735651,9.893686211023756,1637.5295536867325,1628.4970576551534,219.58988048833206,[-0.01034461 -0.9877145   0.15592644],[-0.9568173   0.05507974  0.28542402],[-0.29050583 -0.14624051 -0.9456321 ]
36,94.26233354468009,7.444308579404701,150.39814372507928,5.445616169220988,3.3272659625110497,4.024347954239519,2.7933279110498637,1066.695481336543,1066.2335896564375,41.88408934968785,[ 0.12681378 -0.99146    -0.03041918],[-0.83807399 -0.12349859  0.53139447],[-0.53061309 -0.04189462 -0.84657816]
10,47.91062528235292,6.185359960254579,34.158716096859365,2.007481471487339,2.686461004218073,2.452253731979926,2.7255363601135922,187.4766470284935,187.37676230102886,9.887334876723775,[-0.58076728 -0.00194918  0.8140673 ],[ 0.08672997 -0.99445385  0.05949331],[-0.8094364  -0.1051558  -0.57771531]
29,39.66551214881471,44.88565992486224,52.67147443333012,3.627368706620708,3.8387761476035775,2.3619239765075846,3.1401745257814984,430.36934002221875,430.17634131518906,26.245302985346523,[-0.85315349  0.18141144  0.48910021],[ 0.15567986 -0.80631755  0.57062754],[-0.49788845 -0.56297593 -0.65967052]
23,146.2900135738979,85.12167119749931,69.47931539103695,3.229678712641516,2.8104569769529983,4.5938267445362495,3.475010251408096,877.8246668159167,877.7303783308091,24.977720384283092,[-0.57574722  0.77367355  0.26447   ],[-0.17095066 -0.4302178   0.88639073],[-0.79955676 -0.46512567 -0.3799567 ]
49,182.23166592457312,22.872274477754193,190.623094510061,4.731944852081652,3.6967692151099825,4.91410935700643,5.586746041686069,1853.575589165267,1853.4998970357112,37.77550803155312,[ 0.43570832  0.74453425 -0.50579344],[-0.57984814  0.66197614  0.4749355 ],[0.68842894 0.08635004 0.72014531]
441,107.00205545225678,108.81369169609539,187.98630997831697,14.469972415690354,14.09281371703271,7.1609098951159815,12.03546536455204,5099.964077722018,5095.863910379978,371.66412503597104,[ 0.5319325  -0.82794723  0.17762654],[-0.72181553 -0.33366197  0.60634316],[-0.44275292 -0.45074723 -0.77511082]
61,50.033553088643224,57.575107182224166,21.388054275625468,4.395824712201022,6.645179838498527,3.270436375981288,5.536447541853718,622.0739947004946,620.5244289341738,51.55788024395745,[-0.44749714  0.05699034  0.89246759],[ 0.6342779  -0.68329097  0.36166975],[0.63042673 0.72791865 0.26962304]
48,182.4125342113366,191.98513477989272,180.57741869388965,8.622357217398571,4.679700274352247,3.7858049743070112,7.101849677565976,2221.7721796400415,2221.3963241673982,53.49487164462531,[ 0.43624201 -0.8007186   0.41053944],[-0.69678508 -0.01190906  0.7171811 ],[-0.56937111 -0.59892228 -0.56312401]
3,77.87229075951117,145.46862326113418,167.60371459233266,1.0595364372734333,0.97687437536682,1.4741200611825547,1.9711399860021863,407.38359840213934,407.3822886192996,1.0436755377986326,[ 0.4492662   0.5607917  -0.69546571],[-0.82977456  0.55043263 -0.09218515],[0.33111035 0.61849542 0.71262146]
10,63.40670966111342,132.55258055108524,100.05854043420244,4.46241591598556,1.73817257339633,2.831654913556057,2.961575543385452,562.3957451966992,562.2757909512668,14.906145453495132,[-0.38654642 -0.43072269  0.815512  ],[-0.85041007  0.5086549  -0.1344355 ],[-0.35690975 -0.74548518 -0.56290965]
71,144.68947020820443,28.498623179844113,85.41618237650628,6.071695044579031,6.6696143821087865,5.185096306934052,6.019056484242951,1438.2999384192758,1437.2237833819206,71.94475256466954,[-0.37301692 -0.48252186  0.79248409],[-0.37415399  0.8598318   0.34741627],[-0.84903897 -0.16691894 -0.50126929]
3,121.1173708432482,60.03800323016251,78.70197014064807,0.6389287324990124,2.0379649312048937,1.4055841040380406,1.0655950202583089,270.9676017941492,270.93796894362924,4.03431329695651,[-0.20698501 -0.59772741  0.77451865],[-0.59808972  0.70381177  0.38332451],[-0.77423892 -0.38388922 -0.5031731 ]
100,13.769077282317758,81.30637238782033,50.73124123438329,4.83558994986597,6.6535038090625065,4.727137156468725,6.8797343044785695,972.1579568046059,971.3045254205482,65.34908667510139,[-0.81137215  0.40269408 -0.42368941],[-0.56656205 -0.36345252  0.73953344],[-0.14381475 -0.84008318 -0.52304643]
5,178.12999427045204,83.92390337277615,184.07583600040658,1.6725807712875476,1.7307543165243242,3.215191247821545,1.7397729989369812,602.795314240523,602.7502123495312,8.098994561131086,[-0.03426377 -0.89643671  0.44184524],[-0.74979163  0.31536559  0.58168467],[-0.66078628 -0.31136115 -0.68294636]
136,178.7412907979758,171.9746872895327,155.7868655354576,7.903315126990491,9.817957847879686,6.30479388169492,8.990961321177322,3419.353266467191,3417.8598137569825,126.69999324565572,[-0.75243639  0.22008299  0.62080831],[ 0.2475547  -0.77892966  0.57618162],[-0.61037378 -0.58722403 -0.53161244]
259,55.436101072117985,163.53774560261942,98.69334453559497,5.918855423472753,11.979219191227886,11.706838486603273,12.073885263636939,3212.503539907369,3207.932147341227,208.75210490547667,[-0.95370598  0.2978116   0.04187067],[-0.11330632 -0.48478252  0.86726442],[-0.27857958 -0.82237106 -0.49608393]
3,18.23143617241197,72.79301604688442,112.01346206898495,1.4729937645252744,0.6620915863647683,1.8769368334212737,1.712342425318629,233.56570493259582,233.54588151400327,3.0843674529534604,[ 0.45627079 -0.77823957  0.43146279],[-0.87951658 -0.32076898  0.35150797],[-0.13515754 -0.5398615  -0.83083212]
29,42.0466805436999,45.9396667845,4.3627919542040265,4.2818878196990875,3.812001746852932,2.979070618188218,3.4665008798830663,337.68333697843775,336.9979240417544,29.54868676692984,[ 0.23580615 -0.30251893  0.92351381],[-0.70030699  0.6059735   0.3773145 ],[-0.67376968 -0.73571626 -0.06896385]
38,147.33558148431345,66.75366701673177,11.180671197811796,3.7074124818207674,5.776526548801998,4.887730072561635,4.005221316145243,1000.4660037006414,1000.1613160458013,45.74562052288535,[-0.28003159  0.47863097  0.83216267],[-0.3098494   0.77538735 -0.55024341],[-0.90861194 -0.41193064 -0.06882943]
9,156.1792298047557,108.00496659717632,128.02530784984734,1.6498594646644433,1.3958159335358058,1.686012099809706,1.346655722071249,687.0840298990554,687.0623185932703,7.156343903497851,[ 0.63618234 -0.7595825  -0.13530132],[-0.3608088  -0.44790739  0.818044  ],[0.68197437 0.47160724 0.55901482]
61,129.45724737811773,8.07453013849059,145.0343445703274,4.846235853765954,4.078495225228445,3.9694450374300496,4.325691495369516,1520.5890238937845,1520.2554133639817,47.84022412427565,[ 0.48423447 -0.78383158 -0.38874803],[-0.56809964 -0.61958973  0.54163767],[-0.665417   -0.04143201 -0.74532114]
78,132.8920029101074,121.71818223674553,79.192097187363,4.185762923524756,5.013582885253197,5.808525765404343,5.14143019067261,1740.0286783555437,1739.219161657632,62.16782065657262,[-0.71975423  0.67173169  0.1753008 ],[-0.16171434 -0.40779215  0.8986401 ],[-0.67513133 -0.61845136 -0.40213878]
75,136.09095064740725,171.25072042660898,140.79407577758008,4.363430575335593,6.6948243740603015,6.306642756591287,4.196130330850715,2254.052675738339,2253.641021012478,80.45467745844604,[-0.84262712  0.49492284  0.21220491],[-0.12811978 -0.56700872  0.81368694],[-0.52303428 -0.65844704 -0.54118633]
3,169.40694462211664,11.791151567896458,117.33831226888925,1.2333702892983558,1.8354730331555051,0.9753610484116466,1.50867485234535,357.54103722822583,357.5260791605515,3.271143486327383,[ 0.57127267 -0.06803002 -0.81793609],[ 0.00802136 -0.99604863  0.0884465 ],[0.82072114 0.05708803 0.56846967]
55,175.5260902352618,154.90244179714415,5.6516055887270475,4.373918127070607,4.156937115039936,2.8216922071004373,4.468160989188549,1737.2521712775886,1737.0842673114507,36.70012773948094,[ 0.17972535 -0.2385191   0.95436232],[-0.63705762  0.71101957  0.29767222],[-0.7495708  -0.66148303 -0.02416217]
52,93.72494134847638,44.31680640273382,41.29179018647357,5.3113010838123165,5.0217831382808304,3.269597962486481,3.750818136885529,806.6203723629683,805.3531200015165,50.8651539876205,[-0.0934776  -0.565371    0.81952277],[-0.53427856  0.72305523  0.43787847],[-0.84012401 -0.39692162 -0.36965507]
160,123.07328666004352,125.58502992799745,30.25590795023594,7.023313600930348,6.941044226906568,10.87829009014611,5.127411514224644,2262.906408933163,2259.410860159866,174.02244753998593,[ 0.56806363 -0.6711751   0.47626432],[-0.44912144  0.23211297  0.86279401],[0.68963298 0.70402241 0.16958419]
11,105.61993941064121,192.34600330274236,162.59550260600872,1.9310518615590162,1.6981096018354591,1.9395353910108575,2.2167398084920142,905.8631354883616,905.8460180926327,7.745699292507077,[ 0.7697683  -0.60204179  0.21213779],[-0.5078214  -0.37622918  0.77496389],[0.38674823 0.70427075 0.595339  ]
150,39.897441462003556,56.204662529929486,79.93979949865529,7.041827007012661,6.854367155485632,6.551143735220045,8.48273623734334,1299.6152771633488,1297.967393492216,102.31991906230196,[-0.14303939 -0.77407868  0.61671867],[-0.91478744  0.34124312  0.21614132],[-0.37776139 -0.53324978 -0.75692867]
3,133.20563231869994,61.211984645380106,183.27284322963942,0.9760812112611359,0.10173145049172781,1.1641095410318407,0.40483765284094353,406.5042376226053,406.4962992343926,2.5433402100331146,[-0.21244844  0.96277048 -0.16714864],[-0.79544121 -0.07103595  0.60185311],[0.56757285 0.26081967 0.78091879]
3,106.4096327180523,85.0261007549775,20.757044228038193,2.295641599362464,1.790909715783988,0.4953380337669171,2.269453955333281,238.69646955626732,238.67417958782883,3.283797353747903,[ 0.06246269 -0.30975926  0.94876109],[-0.63212739  0.72336039  0.27778538],[-0.77234278 -0.61708909 -0.15062428]
76,57.031578768638,29.63352557453463,131.243590830643,2.9449906107485306,5.916938737324745,3.530974672407203,3.7028950474516398,1275.4646154327334,1274.5779514511628,56.84448876306442,[-0.89719409 -0.13525193  0.42041608],[ 0.20673725 -0.96983018  0.12918638],[-0.3902595  -0.20282092 -0.89808752]
250,130.73690276150012,11.968614583187524,116.86349869545947,8.872266780857547,6.782889456168091,10.791168851600002,12.04433235236905,2787.9868268159635,2787.519774491781,153.88755485650012,[-0.10320566 -0.97101033  0.21560968],[-0.66098326  0.22893421  0.71462595],[-0.74326961 -0.06876094 -0.66544888]
52,27.58708824677459,14.287083825523858,87.04282492461252,7.512337714483611,3.3115952232909445,3.1018236432923705,3.4953758651573485,669.0998452589515,667.2824273691687,58.12585168647222,[-0.24677832 -0.94085426  0.23215021],[-0.92148677  0.30197369  0.24428267],[-0.29993764 -0.15363969 -0.94150531]
419,115.88107339618823,40.89351807271537,169.7305581164189,11.585050000054492,13.598140884241069,10.904372970072325,11.525281359144032,4304.90382939882,4301.2998126072625,359.9598738601229,[-0.50786189 -0.69085587  0.51458183],[-0.66082471  0.69564799  0.28175269],[-0.55261832 -0.19695694 -0.80982773]
77,13.123798364234808,112.47579733296105,122.58441289335154,5.976232761563042,5.958487164280739,6.678975502768746,6.843802392515892,1466.640119633507,1466.4281538796254,72.72687378192438,[-0.49349802 -0.61405169  0.61595473],[-0.8662      0.41088809 -0.28437393],[-0.07846818 -0.67387796 -0.73466403]
292,54.91347999008488,43.308109940860085,103.22742639754105,8.639765509700602,7.0324610666604865,10.32587224281984,8.44846580627366,2144.0552892690725,2138.139309699383,213.46948678803545,[ 0.10929774 -0.93572386  0.33537272],[-0.8924457   0.05619643  0.44764118],[-0.43771529 -0.34822811 -0.82894059]
198,127.6724097255768,57.15466264638656,30.0252493705642,5.992306035903707,15.248906657344653,5.898817986024112,9.362480330639324,2026.563158870243,2018.986849125647,205.6855755560698,[-0.1353371  -0.20538183  0.9692792 ],[-0.43446944  0.89151043  0.12823983],[-0.89046065 -0.40376659 -0.20988657]
21,64.91874241630202,63.66954588209658,95.25455192016032,2.7031589939827136,3.7425040096535436,5.419825012396624,4.984334172749442,604.2702773573076,603.9766485115016,23.436165280256994,[ 0.12183156 -0.86147839  0.49296253],[-0.86196322  0.15441836  0.48288132],[-0.49211429 -0.48374576 -0.72374966]
247,188.79890708353585,33.39382393621703,64.85210799313194,5.187640134116801,7.280338201683792,6.922645440438177,4.3509722022373465,3184.0134136215556,3183.6007092996992,164.5800199078604,[-0.12304715 -0.689784    0.7134826 ],[-0.33861797  0.70498209  0.62316781],[-0.93284365 -0.164919   -0.3203193 ]
9,77.83766120964593,117.3450091417024,47.38500559311037,1.7429949713255688,1.6573814458017992,2.4700880243252556,2.3811319944823297,445.8200771397179,445.7944185291149,7.469535849356168,[-0.82487027  0.37699905  0.42126092],[ 0.21240005 -0.48389974  0.84895657],[-0.52390387 -0.78975487 -0.31907989]
64,111.09392021561106,52.172330199130634,4.743042269626715,5.8423370247383355,4.671611551602551,3.0612759286147337,6.434963866078374,984.4522659392877,984.2446421872053,39.05907064833482,[-0.2284915   0.40729991  0.8842502 ],[-0.36035457  0.80838243 -0.46547012],[-0.90439826 -0.42499956 -0.03793613]
10,109.74588724423536,41.64393281764626,97.55730169391965,1.8238260445675907,1.635438031233563,5.077552211214679,2.770035396268839,482.9625103206107,482.76011782139835,15.543918482899546,[ 0.36791163 -0.9297053  -0.01700273],[-0.58991296 -0.24750222  0.76859961],[-0.71877934 -0.2727466  -0.63950415]
2,137.13459618106862,187.06632926236807,166.38109381502932,0.3397095086101558,0.5905455248958589,0.0784167334136896,0.17809720822683062,403.6900981898821,403.689011768921,0.936564780752817,[ 0.59735754  0.24210475 -0.76455821],[-0.64215867  0.71548525 -0.27516013],[0.48041255 0.65533666 0.58287017]
56,97.83084937254557,148.35217954968996,56.97405650192837,9.367498941632226,5.85655725730448,3.701705963180943,4.354355025597954,1399.044921700294,1397.0672022163299,80.70279990184957,[-0.33034356 -0.14050146  0.93334478],[ 0.78460814 -0.59054525  0.18880244],[0.52465531 0.79467958 0.30532141]
54,25.97090178706346,157.1977465358482,36.517194418658605,3.4668254079653025,4.385462298900124,3.274720151722195,4.495973213464789,1201.9682133922622,1201.7913967263287,34.18507985729241,[ 0.53073978 -0.27400464  0.80202041],[-0.8325241   0.00876299  0.55391952],[-0.15880461 -0.96168845 -0.2234646 ]
78,75.08231306345188,135.97739234001162,75.95833115447347,6.374201387699482,5.617821687885978,3.735260241094611,4.590491043392277,1528.9710556307095,1527.9162227996842,71.20362096134893,[-0.51581403 -0.18248585  0.83703931],[-0.73839371  0.59013459 -0.32636774],[-0.43440835 -0.78640962 -0.4391461 ]
7,135.94223077952495,72.64976523800125,78.56593107796581,2.2237039188228835,1.7946342156633661,1.6296664506054754,1.880345369058939,457.7922989591188,457.7762101005255,7.143402387660256,[ 0.60505061 -0.3697747  -0.70511022],[ 0.12815437 -0.82883069  0.54462478],[0.78580545 0.41988851 0.45409627]
162,170.17513286921252,127.17597420062266,86.87548066267543,9.049186246325107,4.445804287189474,5.7970162836275785,9.051305325005538,2924.5531040187757,2924.1610479536207,92.88010171978482,[ 0.23113411 -0.74073738  0.63078139],[-0.62962932  0.38038382  0.67740319],[-0.74171689 -0.55372943 -0.3784703 ]
29,23.56283615508812,129.87656394526817,9.054676221441921,3.690291837620386,1.9814526264392809,2.5032508685057024,2.1001375543002463,712.8672862468615,712.6975939193574,23.66716311609518,[ 0.33435479 -0.12574062  0.93402151],[-0.92543601  0.14364607  0.35061945],[-0.17825563 -0.98160843 -0.06833615]
60,5.733825572706226,174.16087500060465,173.34719032622263,3.198329585507529,5.530231740245801,9.250574743578941,8.925252984070147,1905.7301701982265,1905.3311729899144,52.61380340286943,[-0.99961327  0.00570421  0.02721708],[ 0.01525162 -0.7059421   0.70810531],[-0.02325286 -0.70824657 -0.7055821 ]
7,163.5662991323809,72.0962402224482,24.542745529771715,2.164043735540273,1.1404598089541234,2.079462422337893,1.8178409701110423,477.4271069072391,477.40626944647033,6.999999431521733,[ 0.39522363 -0.91671218  0.0586265 ],[-1.48062507e-01 -5.86331549e-04  9.88977831e-01],[0.90657365 0.39954779 0.13596244]
25,13.016239046876104,96.34232985680312,169.98162719375694,6.946226672780117,3.3822973118945243,2.9910530780468427,3.9355905821886203,979.8766718810834,979.3808254432736,36.575344398453545,[ 0.02785028 -0.87051999  0.4913444 ],[-0.9973704   0.008701    0.07194838],[-0.06690769 -0.49205614 -0.86798855]
23,181.00274030396938,90.09423398398272,117.65267814796556,3.0468905535489528,3.296515309085027,3.846251116702039,2.480281396980681,1122.1657433675982,1121.9894185444589,25.73991537354631,[-0.50644779  0.85304065  0.12582639],[-0.38050992 -0.35204475  0.85514718],[-0.77377183 -0.38520921 -0.50288271]
3,129.03997481615173,197.76621919008952,37.779555292060984,0.8339008612895229,0.7468798554606592,2.210153191815264,0.5884408984914049,414.2314211110446,414.2128553614679,4.170408801369278,[ 0.82872018 -0.55479746  0.07363865],[-0.14853018 -0.09116519  0.98469675],[0.53959397 0.82697563 0.1579546 ]
58,145.81910299314853,172.30713440860595,5.090407108827224,6.509104016954821,3.757568761569294,3.922538842427423,3.285335202231944,1720.4767713056522,1719.9661266123185,59.68837004489768,[-0.03207091 -0.00226854  0.99948302],[-0.76266043  0.64638986 -0.02300475],[-0.6460035  -0.76300393 -0.02246044]
58,107.75181047389907,147.70266328311968,41.67682939147784,4.480223303332076,5.7846716104760265,3.768420585375027,5.460395311182173,1429.285655155056,1428.9098924388713,46.70055136801448,[-0.62137821  0.24332154  0.74477093],[ 0.53267956 -0.56588686  0.62930481],[-0.57457951 -0.78776055 -0.22201735]
7,49.870177363248565,47.180574941448924,152.53427226492428,2.770419273554389,2.017537343947043,1.956413425294687,1.5517000487010026,442.6355321174398,442.62379218067565,9.613842837380977,[ 0.08355228 -0.95941611  0.26933203],[ 0.95084386 -0.00411885 -0.30964333],[0.29818614 0.28196412 0.91191078]
30,127.4953615061309,148.94615829414442,6.787564626122696,5.521756539266763,5.810476182666571,4.174763658691963,2.1416472011752123,1075.509638310176,1074.7196935351578,48.1993945386337,[ 0.2404934  -0.24868337  0.93825343],[-0.7210939   0.60128898  0.3442022 ],[-0.64975882 -0.75934718 -0.03471803]
90,132.04142947422943,155.66613501129123,122.27828216763557,6.340896495271206,9.750786768679239,5.587055601374182,6.837489708825402,2260.305915421394,2258.66447638424,104.00619157586718,[-0.41497682 -0.31788164  0.8524937 ],[-0.72137987  0.6859405  -0.09537669],[-0.55444146 -0.65455091 -0.51396282]
28,15.693302902947469,106.35761844293485,30.76886732663782,3.9983054265179483,3.00483487628789,3.7161271117988472,3.364645158199184,592.3921520160949,592.2513905820115,27.58634506738738,[ 0.56596577 -0.30544547  0.76575833],[-0.81232644 -0.04804208  0.58122088],[-0.14074266 -0.95099686 -0.2753116 ]
42,45.97666387701039,22.032732359128516,195.987164585562,4.495668374266864,4.958433385862797,1.9199353371505143,2.191576686840832,1312.8867155816813,1312.7919514651085,42.901040789408206,[-0.9621971   0.17843071  0.20576499],[-0.1502889  -0.97791716  0.14522835],[-0.22713431 -0.10881411 -0.96776521]
136,172.41387054139668,29.894015023482662,94.59952246435427,7.616134537345092,6.940191151427005,8.650010564455417,8.182097462582163,2323.7910037405677,2323.070546180113,124.13319962807894,[-0.26186574 -0.67585315  0.68894764],[-0.42471532  0.72171921  0.54656956],[-0.86662751 -0.14947877 -0.47603872]
9,198.20813611563597,56.722975789048625,120.1048933515799,0.9993171798203602,1.7779091012924073,2.17397851934997,1.4491423341379557,715.845101378393,715.8138367751616,7.80544256830836,[ 0.52461233 -0.6368552  -0.56497553],[-0.18628978 -0.73342099  0.65375054],[0.83070934 0.23771643 0.50340132]
2,81.43968501671469,21.926110458704095,172.86075608442547,0.19603921938290372,1.3705206961733598,1.3939322457727883,1.1795040787248183,272.0216072851869,272.01253289176316,2.221886546137559,[ 0.88511307 -0.26352224 -0.38357643],[-0.19313052 -0.95789953  0.2124361 ],[0.42340932 0.11394965 0.89874358]
20,196.34852667106207,185.18487937244623,20.446961392473057,2.268098449922169,4.6397646458519235,2.2291203664510313,2.2350348625800125,1210.709332920851,1210.57405900666,23.009858224041892,[-0.04973536 -0.05734974  0.99711454],[-0.68659773  0.72699814  0.0075668 ],[-0.72533437 -0.68424024 -0.07553371]
42,93.93150295341451,69.07641575194054,3.98113811791859,3.3701244966247788,5.870038434871132,2.1942950796586493,4.229920720118863,757.348416395046,756.6732021556078,37.500779549484015,[ 0.0340762  -0.10343743  0.99405207],[-0.59271343  0.79874431  0.10343268],[-0.80469224 -0.5927126  -0.03409058]
7,22.688612613435264,53.03973484597157,149.10072960138714,2.1062780592771655,0.8892243604870221,2.7168773709847978,2.731163794205577,423.07628414117346,423.05197630332464,6.016759649017002,[-0.20779102 -0.91120721  0.35570256],[-0.9678146   0.24429668  0.06044859],[-0.14197814 -0.33169346 -0.9326423 ]
18,112.09677142328691,187.57004453783887,155.43524321013032,2.7379667331649418,2.7021590508053643,3.5310560155464095,2.3925325087514335,1137.8770329161255,1137.7738935082743,19.688379316040226,[-0.87542647  0.13979206  0.46269502],[ 0.24259364 -0.70088927  0.67074776],[-0.41806318 -0.69943721 -0.57966435]
107,127.34824646588883,91.31768833281647,164.80777360512803,5.0985208557927875,3.631716958867771,5.793114922854718,5.63536656220889,2353.6506918180344,2353.5536928643537,65.98326761469112,[ 0.82702783 -0.32234191 -0.46056559],[-0.04880777 -0.85735558  0.51240531],[0.56003818 0.40129428 0.72478972]
19,54.11128291016331,161.56129452023904,58.715807942461055,3.7580899576028077,2.771221891943239,1.8696630092444186,1.5958343762222316,785.797802637725,785.6213895993809,20.78676855719589,[-0.21445426 -0.26936421  0.93885691],[-0.92947759  0.35164847 -0.11142158],[-0.30013461 -0.89654129 -0.32578051]
230,45.9205585505106,48.92488800176309,184.03932983978683,15.938773673597492,5.1057639684914715,9.926093474604965,8.772875059811767,2984.282584998876,2975.1319936785667,261.3766102413349,[ 0.12715635 -0.9661114   0.22463307],[-0.96376971 -0.06680541  0.25823436],[-0.23447645 -0.24933069 -0.93960364]
24,141.60199846053106,188.7773226859824,119.23357877779738,3.8711383003179107,3.1420846622197582,2.683167841850154,2.489586695511536,1295.5086570586045,1295.3757679479902,24.91798017567238,[-0.28028575 -0.35347976  0.89246398],[-0.79662072  0.60438287 -0.0108064 ],[-0.5355701  -0.71398418 -0.45098921]
40,160.75014409094948,119.1168468853371,46.218897778991746,3.0922149589233925,4.589103390064221,3.4465448508998375,4.933121486618205,1299.2603603324192,1299.172916098786,26.86560709910142,[ 0.57726746 -0.54158281 -0.61110583],[ 0.23263476 -0.6082999   0.75884932],[0.78271537 0.58022348 0.22516076]
9,50.32052818566506,194.2802824556426,102.18033554541596,2.6205934049384503,1.6869155743169468,1.115546420507174,1.380012726971023,675.6753594197072,675.6470849543481,9.03033705670013,[ 0.1089077  -0.48464702  0.86790344],[ 0.96860872 -0.14453479 -0.20225442],[0.22346424 0.8626859  0.45369238]
50,163.4372225789309,99.64772522229342,100.43303910094723,4.865523185572331,3.498262874332649,3.7315540648892966,4.553165471178189,1529.2119830264644,1529.0083403468784,38.036726030361905,[-0.58143526  0.1473354   0.80014081],[ 0.30023526 -0.87519709  0.37932682],[-0.75616918 -0.46078447 -0.46463517]
8,127.46715650155713,198.51856483920034,156.4483933228569,1.8661303363327852,1.0106276615748504,3.4088583708582476,1.1884101968912264,800.7404585757721,800.6825118728059,10.851761600007958,[ 0.67468962 -0.67266198  0.30384169],[-0.58485827 -0.23609471  0.77601552],[0.45026072 0.70127394 0.55270258]
2,181.8220634528542,113.85903921810748,102.40915243267474,0.7273267306673574,0.5135482462789298,0.8002080469448956,1.1469987817945366,336.1910502699198,336.1907008933401,0.48467972571477763,[ 0.47278434 -0.87159034  0.12963504],[-0.4375746  -0.10452519  0.8930862 ],[0.76485518 0.47896217 0.43080367]
3,91.49825223660906,82.49324257608534,101.33582808531476,1.1322436817037655,1.6681892901929842,0.5120721789552132,1.7252860121496638,276.31687085130596,276.30964452846285,2.0053028241941946,[ 0.8113701  -0.46524964 -0.35386627],[-0.112517   -0.71837158  0.68649996],[0.57360133 0.51718957 0.63521371]
66,27.35461446536816,147.40495413969532,98.46144529712402,5.827368490320022,3.7856502721885583,4.525660191770061,3.9931822204624763,1458.3225201008754,1457.901789007505,59.055793137702075,[ 0.20248745 -0.56970337  0.79651548],[-0.96734497  0.0102628   0.25325556],[-0.15245503 -0.82178631 -0.5490216 ]
19,179.33026096731925,164.55068188226483,87.6678856375686,2.0868109484045454,2.2167259031529065,4.062479590187629,3.1428765566497887,1127.8017494074313,1127.730173686173,17.334023093842507,[ 0.58044027 -0.77146317  0.26064089],[-0.42731365 -0.01610069  0.90396007],[0.6931754  0.63607024 0.33900223]
8,91.93404903814378,16.58585952399201,59.11871752935076,2.260594513041798,2.4777815913145975,2.1463106349570364,1.8426156983421371,312.8374634868431,312.7922306089425,9.958376480923256,[-0.42798259  0.78678447  0.44474835],[-0.35387351 -0.59868553  0.7185744 ],[-0.83162758 -0.15015268 -0.53464917]
28,119.04301510308844,109.43843036270037,66.58362792437258,2.13554598023319,3.9658888913895245,3.2325184910033573,1.8701203857264466,925.7133206226562,925.5100770355826,27.659669471717294,[-0.66806162  0.31710646  0.67315464],[ 0.30060537 -0.71252943  0.63398598],[-0.68068354 -0.6258956  -0.38068966]
2,153.81619920865182,27.17886196898546,71.27390591970888,0.045641977622111085,0.2695813404622758,0.08053698419992372,0.03164821311199262,242.80924440997464,242.80891393682887,0.4006042441792468,[ 0.44007313 -0.18782326 -0.87809912],[ 0.06103255 -0.96936244  0.23793168],[0.89588541 0.15829997 0.41512703]
15,80.62842272670919,164.23007504051176,75.06962888332241,2.956894116720286,3.0669425109926434,2.9925412184861986,3.3734263319133535,766.1483049868272,766.0490694790578,15.362817989299998,[-0.6877205   0.00577771  0.72595257],[ 0.60065596 -0.55709975  0.57345644],[-0.40774126 -0.83042549 -0.3796585 ]
28,161.16073817243236,94.56269084059454,53.59067198549589,2.328411776632267,4.120951838612345,4.846106083356293,2.351967535969144,1029.0558256389509,1028.8560723749301,33.65159639037144,[ 0.30903146 -0.80944735  0.49929404],[-0.46615051  0.32868819  0.82138163],[-0.82897724 -0.48657893 -0.2757493 ]
75,108.02408752108433,14.074908018712403,48.68673386592072,8.580766508829685,5.24668480430785,7.651066518373867,9.653700804139493,1038.6769360565736,1037.152719704762,71.23591716975473,[ 0.29856907 -0.86152193 -0.41065371],[-0.30300955 -0.49358671  0.81520388],[-0.90500924 -0.11896267 -0.4084191 ]
17,161.70554897476953,179.70874856260028,195.4526084149594,2.606310953847328,3.390720164335865,2.4017122225307506,2.8596106123935727,1281.8991277336713,1281.8873563654406,16.40733141210436,[ 0.76176229 -0.64688805 -0.03541281],[-0.3862179  -0.49732985  0.77685182],[0.52014801 0.57809936 0.62868687]
77,79.75983721271834,27.940814104198562,113.32354183965367,3.8263129494227526,7.98530007023558,5.637169063460547,3.969376365963368,1243.3497163573534,1241.5399431328653,85.13725860541835,[-0.7967605   0.38533482  0.46549951],[-0.21706058 -0.90140263  0.37464383],[-0.56396579 -0.19745981 -0.80184301]
55,3.3434089597295453,68.41310997146117,108.24122133994148,2.3066111093568895,3.764103399690933,5.7920298984282015,5.2511136664686076,951.3551801475638,950.8911504155317,37.54597508821359,[-0.97789889  0.18901653 -0.08936729],[-0.20746861 -0.8243208   0.52673713],[-0.02589471 -0.53363656 -0.84531739]
7,119.15980589578835,198.2365985846731,43.76401684161204,1.5484702664523817,0.9164594127270353,2.7066844313890335,1.1882635827806027,622.8600458919851,622.8151061178189,7.997838390274156,[-0.76958725  0.53839775 -0.3433123 ],[-0.38920888  0.03071324  0.92063736],[-0.50621331 -0.84213097 -0.18591267]
9,53.6418779110693,16.491938312726273,23.869070360521285,3.3270667439932264,2.752236033282423,2.3017292068250645,4.035915078397412,183.52819298539254,183.37680255053968,8.144086299948908,[-0.24582457 -0.44661047  0.86029609],[-0.408252    0.85267532  0.32599864],[-0.87914765 -0.27107912 -0.39193816]
13,119.56634817664202,9.760972191214409,193.77998911475456,2.4386801749998352,2.0930895082641077,2.204165792232313,1.4264896923756842,821.8191084042352,821.7852646951002,13.079120012727413,[-0.05444679 -0.99500338  0.08368886],[ 0.84960072 -0.09019818 -0.51965653],[0.52460858 0.04280849 0.85026659]
