N,MEAN_X,MEAN_Y,MEAN_Z,SIGMA_X,SIGMA_Y,SIGMA_Z,SIGMA_R,LAMBDA_1,LAMBDA_2,LAMBDA_3,EIGEN_1,EIGEN_2,EIGEN_3
7,32.95098595390986,83.90228797287817,179.770101912145,2.8193800998592407,3.807887680988861,2.27451183249637,2.321119741010985,532.2277493466781,532.129902215857,12.458557035992504,[-0.78647271 -0.49178071  0.37364743],[ 0.59551565 -0.76422667  0.24762616],[-0.16377356 -0.41726411 -0.89390653]
4,114.23753529253338,197.63902755555642,117.10609229216728,2.241297555015717,0.23318731181622943,1.2739803121535251,1.5614126906050345,513.1527472307278,513.1399659084306,4.139107420813363,[ 0.42752772  0.26499742 -0.86428955],[-0.78672262  0.58000841 -0.21132385],[0.44529493 0.77030294 0.45644913]
336,16.100154085059437,23.886288279081516,140.8428351896057,7.831547870293862,15.455638362803926,9.90766448937596,9.456909144351982,2655.902804187811,2645.406453372314,321.84045792253914,[-0.99244171 -0.03624267  0.11724298],[ 0.05509865 -0.98527981  0.16182655],[-0.10965212 -0.16706335 -0.9798297 ]
556,117.74750444334097,98.58819717763718,41.83186176589741,11.460742261657025,30.621169616056143,16.27762194721577,18.37524580951848,3838.761936925136,3795.7622242778093,714.763690520968,[-0.12059236 -0.2674959   0.95598297],[-0.67479606  0.72839712  0.11869249],[-0.728085   -0.63078013 -0.2683443 ]
328,14.652779265939518,189.33969404446327,105.59537937043972,7.23821778119264,6.118749413895279,9.8813264169074,7.99071151707558,3941.046601692753,3939.9662290613364,201.44933972119108,[-0.98464453 -0.02014039  0.17340563],[ 0.16083875 -0.49083531  0.85627775],[-0.06786783 -0.87101955 -0.48653766]
17,21.88618616727366,130.2006331723604,10.482300170816632,2.942060063999894,2.4274045443982213,2.6899874353875894,2.75203106350319,546.3324017187324,546.2763928737105,15.513885437407186,[-0.68339305  0.05638477  0.72786998],[-0.71104237  0.17462257 -0.68112092],[-0.16550738 -0.98301969 -0.07924389]
2180,91.5694976049452,127.18163954838096,147.12378770878956,14.66495086494857,31.480271841531735,15.412277157553158,24.043749725584636,10173.26463991979,10120.29981142437,1354.4542863852344,[-0.87629507  0.08223999  0.47470363],[ 0.22798014 -0.79723507  0.55896449],[-0.42441961 -0.59804083 -0.67986408]
23,141.20207239794217,99.38628301961043,61.88574777043475,3.4910317993410787,2.4611671837799114,4.1101003807549965,4.325922865721791,880.0998618358992,879.9761554695257,19.383605244957856,[-0.62934981  0.55584748  0.5430952 ],[ 0.10649627 -0.63057269  0.76878906],[-0.76979047 -0.54167486 -0.33765512]
22,196.57649793538846,158.13989211451985,96.40990892132628,2.1938250804918757,3.806165340308207,3.0648892936897894,2.0297872011525606,1267.0174966166471,1266.8807976885319,23.248609181465856,[-0.58859617  0.26627109  0.76331792],[ 0.35189593 -0.76567095  0.53843965],[-0.72782127 -0.58553199 -0.35697127]
150,177.40795959503353,31.058594509233743,111.01233519936308,10.521627711038237,7.611643703289042,16.54567892928332,10.461460917899279,2602.5621069515682,2595.546219639763,226.09373167520206,[ 0.16345232 -0.98642361  0.01586827],[-0.52064287 -0.07258688  0.85068334],[-0.83798231 -0.14730787 -0.52543891]
44,11.388706369984291,161.0923707725597,63.66250445367785,7.972478431777872,3.5730209309177057,5.854242888126063,4.365271588401307,1153.3855334831483,1152.003805808912,63.70426525378927,[-0.5457515  -0.27416231  0.79182721],[ 0.83531338 -0.25286159  0.48817269],[0.06638414 0.92784484 0.36701104]
632,182.06607903171698,95.88512836061048,68.48617481744002,9.466037122272105,10.216975676526452,10.499104322574032,11.125697737243833,5465.1499532279,5463.662545013114,337.6142137211196,[-0.38912469  0.89464206 -0.21953945],[-0.37987408  0.06127365  0.92300662],[-0.83921252 -0.44256201 -0.31600824]
36,4.706341077234551,173.71178363073673,81.77900013906822,2.9395028812029396,3.2858671576968654,4.054294724469736,2.4766257912616743,1152.763106044077,1152.5719577192158,32.73000410079558,[-0.99867864  0.00281708  0.05131314],[ 0.04521397 -0.42643929  0.90338543],[-0.02442685 -0.9045118  -0.42574844]
152,54.95671377599062,157.46776756268923,93.76145510811114,5.684485983881066,7.787255964433721,10.64654078054353,7.293306926461096,2364.3060444481857,2361.808021893303,152.7444834437132,[-0.94736845  0.31965554  0.01770192],[-0.1421939  -0.46967412  0.87131344],[-0.28683431 -0.82293776 -0.49040752]
16,108.42050866951365,40.25642351299966,97.50855793149329,1.5693901671192532,2.1784395246083563,4.146548284635724,3.1837890538397176,605.3713545561311,605.26666647936,15.193102539498218,[ 0.45618999 -0.87806044 -0.14457025],[-0.52771522 -0.39774554  0.75054322],[-0.71652448 -0.26609838 -0.6448134 ]
44,172.52076675651486,8.984163928509737,20.096064324477762,3.576151064130767,3.7016482729323585,3.0398716842971023,3.5824188156781336,1154.209265205087,1154.0213006320348,31.664299101974112,[-0.12618286  0.4745514   0.87113653],[-0.00997281 -0.87871809  0.47723691],[-0.99195687 -0.05153144 -0.11561177]
28,89.51410651348485,35.25989146423926,21.356159113858926,4.952155381402135,2.2616463253177757,3.795838637560853,4.478906084215567,522.4663887207283,522.2038500789819,26.027308717859043,[-0.35125923  0.93388527 -0.06689731],[-0.22568109 -0.01510781  0.97408408],[-0.90867211 -0.35725348 -0.216067  ]
167,174.3153780705255,114.74795313856758,115.82661968178839,7.3444498227529795,10.622440578409666,11.874745959778569,14.37799221702705,3091.5969642051455,3091.1932793300402,130.05950166709064,[-0.66427466  0.66805612  0.33532105],[-0.16341641 -0.56753707  0.80696763],[-0.72940679 -0.48125118 -0.48617182]
20,52.25495714926276,166.1119491371734,58.97679749371557,2.944713692231244,2.6297187363593593,3.1510589831813727,2.65723003714538,822.4580885015766,822.3709959770844,19.24027896236762,[ 0.63853186 -0.42795519  0.63963382],[-0.71520513 -0.02307621  0.69853354],[-0.28418073 -0.90350531 -0.32081064]
28,9.128709885353432,38.77783759289672,185.94626426074825,4.21503723330342,5.429095350467648,5.016677182082247,4.211449769904792,1007.1734032546427,1006.6097658031389,39.053361176687986,[-0.87059758 -0.47134718  0.14103786],[ 0.48961847 -0.85817588  0.15429812],[-0.0483073  -0.20338631 -0.97790614]
9,158.18770643332138,184.85711515128025,65.94192028959897,1.8632959401682807,0.9038030891508543,2.0942339467807507,1.272132632475594,756.2792169726812,756.2563489829269,7.959182004531004,[ 0.72827784 -0.67168568  0.13582983],[-0.27529999 -0.10525572  0.95557896],[0.62755184 0.73332093 0.26157047]
73,107.61390315029539,147.40364962556356,41.340965057741656,6.749443885417458,6.730346799102905,4.080216443911129,8.658622879880374,1601.0018251355784,1600.8335437294072,48.9805408033775,[-0.59011881  0.21273726  0.7787828 ],[ 0.56636002 -0.57835784  0.58714439],[-0.57532263 -0.78755639 -0.22081396]
100,10.749480344363917,39.946170577157766,71.02437372429691,4.9003823590316165,6.668820410252652,9.161214275378665,9.173147456159844,829.6426002624612,828.5207978586438,82.89331823162779,[-0.8853049   0.44890351 -0.12132958],[-0.44718788 -0.75033733  0.48684381],[-0.12750778 -0.48526233 -0.86502152]
201,52.12080605806481,189.68417213840175,70.09120478553207,14.593633989384134,5.2290524810119905,8.333164626001741,5.641146764199997,2969.722443790785,2963.202035764365,236.0094063947929,[-0.39057814 -0.22279802  0.89320197],[ 0.88582811 -0.35500013  0.29880338],[0.25051401 0.90792948 0.33601604]
2,137.42995729612596,193.81033578707553,150.3633511724322,0.9235195252764044,1.5149329216842062,0.7128970609928018,1.1143669411032988,397.64867138822035,397.6426000459321,2.197381516208154,[ 0.83764872 -0.54210199 -0.06685845],[-0.24380457 -0.48061337  0.84235985],[0.48877801 0.68930126 0.53475212]
19,56.702907316818724,20.975569009823015,173.84117805648359,3.914623163317892,3.2810640588901845,2.587402649564673,3.24247828504416,802.6056701050567,802.4545954460335,20.55822895797144,[ 0.64497148 -0.75482687 -0.11936575],[-0.69927698 -0.64593355  0.30623775],[-0.30825882 -0.11404489 -0.94444177]
10,13.124311444526011,186.6666891910737,35.785168585476896,1.3182853735912714,3.748660466719217,0.9299925330770197,3.6653067889239233,602.6036725491415,602.5905205569111,5.670680973719927,[ 0.32163331  0.15640832 -0.93385676],[-0.94436313  0.12462773 -0.3043784 ],[0.06877714 0.97979813 0.18779068]
14,8.724591755858933,29.223248496484693,12.64576187913177,5.049908175931316,1.8893132752449764,2.991034049447548,2.0589780322723823,125.44962098555735,124.01582346383105,21.629877228494358,[-0.47339805 -0.22637163  0.85126387],[ 0.83832827 -0.41242066  0.35653179],[0.27037012 0.88242002 0.38501287]
43,122.92295639976567,65.5026794060441,133.55801012547894,3.672484845461032,3.7382107890528338,4.407220896066153,4.456255301509213,1266.0410178583763,1265.901878732082,34.157897107060876,[-0.05079945 -0.87736419  0.47712838],[-0.76927779  0.33904046  0.54153785],[-0.63689174 -0.33953444 -0.69215986]
11,153.65071056111728,129.57725527113755,13.548375693377427,1.8474008489956393,4.823851239996422,1.972911330506064,2.7745392206759036,668.365526786576,668.2228831113802,15.822901803905687,[ 0.08278407 -0.20028105  0.97623476],[-0.64158758  0.73887288  0.20599089],[-0.76256946 -0.64339286 -0.06733093]
471,114.80630011816552,143.21814427002494,90.24276418139037,9.946317509332832,13.091053548294083,12.761639770427912,7.203448426735119,4455.702214840224,4447.848581783509,424.9847604169356,[ 0.76136259 -0.22753543 -0.60708701],[ 0.32493354 -0.67637435  0.6610113 ],[0.56102157 0.7005322  0.44103223]
147,176.43905783533904,169.1521696235031,160.58795895995965,9.335621484122518,7.4185484191687365,6.646425683944404,8.363196169032804,3549.031489202755,3547.9829367993416,131.5309816757735,[ 0.05727697 -0.71807411  0.69360574],[-0.79539244  0.38706548  0.46640239],[-0.60338232 -0.57840288 -0.54898077]
39,193.71632669230408,99.0304069867183,193.47998151942275,3.0036077801088243,6.392436276522083,2.588271124278754,4.483332456785297,1818.7996721468937,1818.4685761591913,37.702316337662694,[-0.66098442 -0.14530577  0.73619687],[ 0.34708398 -0.92902207  0.12826031],[-0.66530618 -0.34030021 -0.66450241]
123,114.87446064440057,60.90097097465699,185.97243924631644,6.1358144871831914,7.469688218823563,7.107805465836304,8.91078052892195,2519.821382566005,2518.845811946762,89.84828849768694,[-0.86017994  0.22392609  0.45820037],[-0.06046602 -0.93689105  0.34435304],[-0.50639346 -0.26850002 -0.81943481]
32,83.28828249379158,140.14226214899145,111.0089372120942,2.566253695613156,3.7115920398648226,2.4679815056728946,3.1470212266536355,1115.9843158328213,1115.943243864098,22.984641227472654,[ 0.34032678  0.4511753  -0.82499608],[-0.84019139  0.53985239 -0.05135972],[0.42220388 0.71063369 0.56279982]
319,130.16727673550946,11.968337127169532,121.07305111953437,9.097986754070963,6.50471122708576,15.216545090064539,13.985156191649635,3198.2494971384162,3193.833433126755,227.48731886582453,[ 0.2140328  -0.9676236  -0.13377041],[-0.65025273 -0.24332758  0.71969652],[-0.72894537 -0.06705409 -0.68127997]
213,45.76681198585918,49.08905865968831,182.84348484659674,17.207692939872715,4.970094190326319,9.536652294738133,7.867766420493643,2856.8221976149594,2846.283499450767,270.94864714019883,[ 0.08567393 -0.9675285   0.23779947],[-0.96824046 -0.02458458  0.24880918],[-0.23488377 -0.25156353 -0.9389065 ]
29,65.63721895534638,57.06685779113194,139.23740200151886,5.147606418533188,5.138733238043362,1.9218003968815058,2.039053028625036,884.9096165777516,884.2625510190674,38.84616000628316,[-0.6734152  -0.51626727  0.52913143],[ 0.62166585 -0.7828028   0.02741052],[-0.40005441 -0.3474016  -0.84809704]
479,103.52720100619602,106.20653352278366,188.56080614420082,12.18009811346871,17.2266322593549,6.236281165153768,13.942138223596588,5268.025800851368,5263.898986083311,372.3061110603786,[-0.88256103  0.38748732  0.26634492],[-0.18539356 -0.80733388  0.56021535],[-0.43210562 -0.4450456  -0.78435907]
27,142.92279972648637,156.0174009601773,72.10933150680704,3.0367972998428905,2.8035791329151123,4.211255760578903,3.7578242421242964,1161.9034899449812,1161.7130253157736,23.69121359098043,[-0.73934611  0.44286177  0.5071891 ],[ 0.21104245 -0.56288553  0.79913764],[-0.63939691 -0.69787773 -0.3227046 ]
55,15.248869608322705,49.015335448828246,117.32404761744613,4.461231927209221,3.6842747529569304,5.8361902293564825,4.683198073775178,951.461486512468,950.5823265907305,50.39221919883596,[ 0.70115032 -0.68571063  0.19542046],[-0.70313928 -0.61950874  0.34900441],[-0.11825135 -0.38211235 -0.91651883]
3,55.08501805851002,130.47541905637004,179.36868855983911,1.5407715195945466,2.0019853131414447,2.4164781696427307,0.5327925999789848,395.8876201734435,395.8515287700605,5.984218028038418,[-0.89043661  0.45175351 -0.05514892],[-0.38604637 -0.68557533  0.61721525],[-0.24102041 -0.5708811  -0.78485918]
295,56.54728833490329,41.683078843469396,103.93825962644262,10.414242740116292,7.9713941700543,11.014772293782785,9.686129800233541,2171.8609557354216,2164.1334647137214,241.17961944612898,[-0.10760757 -0.90119141  0.41985076],[-0.88734897  0.27751105  0.36823826],[-0.44836638 -0.33292892 -0.82953356]
54,39.11506118296261,193.56541593711913,139.2710536924261,3.190783185568429,4.353124818934026,5.1484897399911285,5.356876291436671,1776.4897544321634,1776.2819536220059,38.28566623033533,[-0.86273984 -0.16871391  0.47667136],[ 0.47904419 -0.57446382  0.66370775],[-0.16185372 -0.80095377 -0.57643424]
138,185.9525485166046,137.96220432502804,185.4454813066014,5.457953763009849,7.435325495683574,8.898807580250663,8.686528823059188,3487.773961191234,3486.7046954930756,110.43903207110051,[-9.37981979e-05 -8.02250482e-01  5.96987568e-01],[ 0.77946417 -0.37403961 -0.5025236 ],[0.6264468  0.46528329 0.62536059]
39,62.82850147146166,189.28786919285116,138.80194687124413,4.1032925124433355,3.6511344733967905,4.134762391668229,4.2134562418593555,1517.9407889394422,1517.8195643970348,33.81432273121019,[ 0.29674973 -0.62682084  0.720441  ],[-0.91929895  0.01671784  0.39320473],[-0.25851314 -0.77898405 -0.57127472]
88,96.88058946352447,15.711092176305147,42.12116806091523,11.268299276389602,5.750310245601397,3.6841163842450233,10.841434755772866,1008.7391083406224,1007.8463906233595,69.69837926252346,[-0.38646109 -0.06718018  0.91985578],[ 0.15990628 -0.98711998 -0.00491093],[-0.90833794 -0.14519283 -0.39222599]
2,43.00232248711219,2.6628654759280224,137.09071147078106,1.598214164430722,0.7228115770132604,1.257431284039356,0.7078573329783922,203.24768949200262,203.22723748138515,2.883267161081562,[ 0.34964639 -0.93239647 -0.09156536],[-0.88782633 -0.36096311  0.28542958],[-0.29918525 -0.01850529 -0.95401559]
223,86.73535342653837,180.38598227484783,103.2402030350166,6.018883640985444,6.076726726519672,12.04407667791717,6.339806747579492,3368.918424311072,3365.902590579258,199.56840203368603,[-0.87609127  0.47338947 -0.09146852],[-0.29056752 -0.36700294  0.88367378],[-0.38475265 -0.80075667 -0.45907968]
30,57.296760029966194,11.6699544046683,113.59912220826483,2.760363955212357,4.119541463092396,4.315639852772039,4.32572218035992,700.5750247435216,700.3492656884891,27.02713804738754,[-0.82245291  0.43206311  0.36999011],[-0.35020308 -0.89715544  0.26920238],[-0.44825106 -0.09183461 -0.88917793]
18,40.00031922072493,80.14036929095535,157.36311842840826,2.5964708858544885,1.672280533746492,3.6958063547132696,3.443950465819209,768.42688909061,768.3978565570915,14.26679714985607,[-0.46375374  0.83162479 -0.30550395],[-0.85797766 -0.33557377  0.38892748],[0.22092263 0.44248214 0.86913908]
44,54.94638809507853,24.563166516224012,7.5977017520306696,4.911721176985824,4.287869859927681,4.695717799874819,4.660536562740502,405.1824003302745,404.330368618991,43.374293127572756,[ 0.28175386 -0.79352497  0.53938195],[ 0.31565375 -0.45420594 -0.83310244],[0.90607807 0.40498776 0.12250486]
92,110.70889133776355,50.99613353665081,4.7679229894839095,4.3133059004956555,5.123885022447872,2.9684847774990044,4.9534427235478455,1171.7736577714509,1171.3349059768793,51.76055369981023,[-0.01172682 -0.06730183  0.99766374],[-0.42013295  0.90572304  0.0561612 ],[-0.90738679 -0.41849282 -0.03889697]
67,13.39001288535799,32.37431610642722,88.93502645210332,9.967724823799152,7.077155459635662,4.480813082513625,4.216476161903549,788.8247546586155,784.021957906588,100.57625760503821,[ 0.51567577 -0.82679008  0.22471464],[ 0.84527445  0.4480935  -0.2910727 ],[0.13996285 0.34004468 0.92993549]
26,30.795652081044132,22.588657687161056,70.88615902518737,3.735002314519973,2.2102500284862887,2.7292469962864114,3.395504579176026,411.320551046939,411.02200517622344,19.58033323025243,[-0.47417406 -0.75810032  0.44770845],[-0.79262675  0.58894166  0.15776743],[-0.3832777  -0.28005647 -0.88015145]
61,193.0423928821599,175.95895986313187,137.6358207466762,3.245422042308453,3.6271139324792534,4.753434663131009,4.755925961350304,2306.4360847759526,2306.373865542603,38.00933475444286,[ 0.74299754 -0.38898492 -0.54465163],[ 0.14320806 -0.70252759  0.69709858],[0.65379363 0.59594103 0.4662705 ]
141,134.504907488597,172.94176648904053,140.1673584049824,5.039938930896288,7.320847819292978,7.369008797882484,5.590253683076778,3090.819063118203,3089.7516920022886,120.01814445558064,[-0.84859924  0.31604966  0.42425457],[ 0.11178463 -0.67671241  0.72771184],[-0.51709141 -0.66496085 -0.53892814]
249,98.17486124308165,84.09570087548514,82.05167938391874,11.119012286888871,8.210876542671995,7.308941611191347,8.892500753303121,2426.2725533136577,2422.697731024175,200.08120026678588,[ 0.07357266 -0.73868994  0.67001809],[-0.76322822  0.39073801  0.51459352],[-0.64192659 -0.54923673 -0.53504137]
110,16.97000886567625,83.34679407231373,50.889956865767886,6.530377935456011,7.685015904770718,5.040621538622957,7.252804964849461,1044.6517689544455,1043.895538115063,91.27005616436927,[-0.84587523  0.39332232 -0.36026746],[-0.50438101 -0.37016321  0.78011473],[-0.17347877 -0.8415918  -0.5114962 ]
4,122.48489809309127,3.4949411020878456,57.021923106272766,0.3309888697982317,1.394707415805092,0.9780621523961796,0.7304962644034597,270.3274985378951,270.3097153792526,3.1478502254748335,[ 0.36048761  0.47394991 -0.80338046],[ 0.22078926 -0.88017059 -0.42018072],[0.90625647 0.02590784 0.42193365]
223,31.840970245515933,16.665685907602313,107.49636522720866,10.544197801138344,7.008317218834302,10.335709090372442,10.977345142121164,1707.5453184884689,1703.1737654884798,180.03999912089355,[-0.27816754 -0.9331396   0.22775712],[-0.91815344  0.32796652  0.2223336 ],[-0.28216499 -0.14727    -0.94799497]
4,94.82964084657549,1.7042550864738992,71.22527256423044,0.5862872760954695,0.6017897395317202,0.4195184150126851,0.6901600448786211,237.22945832089633,237.22659271397708,1.2730324797391424,[ 0.60060164 -0.00466325 -0.79953482],[ 0.00866724 -0.99988626  0.01234252],[0.79950144 0.0143427  0.60049291]
310,117.22798413743949,34.11690894735871,165.0528666354524,12.011285496831901,6.758617047512051,7.392830172344473,8.805283394137685,3623.328824621942,3619.959784220563,226.4895684052427,[ 0.1617404  -0.98287826  0.08826311],[-0.80429286 -0.07946958  0.58889521],[-0.57179807 -0.16623753 -0.80337541]
211,48.75335982593833,51.27573710888401,66.73664233165867,12.015252526118534,6.94707353016612,10.617129542733982,9.873830159271098,1433.5840981747533,1421.5113890011758,212.28710880565117,[ 0.17442692 -0.8383356   0.51649653],[-0.84846894  0.13821572  0.51087853],[-0.4996756  -0.52734223 -0.68719318]
54,4.78591615192517,69.85903436874092,107.66751694154345,2.7736600961093933,4.034565275181555,4.553178358938203,4.017038095385732,944.8917097988019,944.444404637779,39.3005748968273,[-0.95053832  0.2780833  -0.13837116],[-0.30839195 -0.79182513  0.5271692 ],[-0.03703119 -0.54376708 -0.83841878]
61,179.2303064531843,192.0750596024343,180.19291638139882,6.352961115187029,5.165399578943597,4.510266977701102,5.038405679380703,2488.9883064939186,2488.5954488520483,61.323652227196526,[-0.67301583  0.73138435 -0.11012096],[-0.47997163 -0.31859713  0.81738798],[-0.56274056 -0.60296998 -0.56546465]
10,139.2251621028753,113.47852063687984,110.40598727168,1.9656259101395857,1.80299496575148,1.6180654440956967,2.0063465623334267,666.7700844972425,666.7572818115591,7.55529526569581,[ 0.72917477 -0.62627128 -0.27584133],[-0.17947351 -0.56398592  0.80604537],[0.66037369 0.53824173 0.52364341]
27,20.53617224592722,177.8688768255973,125.72266285012729,3.2104627095245633,2.4344965351827708,2.606454746094911,2.885682067955579,1137.0548206301744,1136.9591863301746,19.94111063256007,[ 0.22857003 -0.5793855   0.78234787],[-0.96899854 -0.05797275  0.24016868],[-0.0937954  -0.8129893  -0.57467453]
56,16.729538528192258,23.721728202205423,166.1194584048603,4.243774761422056,3.030803293464113,5.260730858120342,5.296494071717428,1262.9937138712721,1262.7646350343662,38.78621169958509,[-0.18845554 -0.96938485  0.15740875],[-0.97706395  0.20125029  0.06960139],[-0.09914909 -0.14068165 -0.98507773]
186,189.2860982136459,32.44359074292892,64.43128869087253,5.253084343775746,6.321079085607979,6.598234762992878,4.496036349418312,2765.1102365819165,2764.568600467242,130.3936940939161,[-0.27754804  0.8869972   0.36905697],[-0.22287369 -0.43311682  0.87334823],[-0.93450222 -0.160143   -0.31789907]
34,45.59795658570222,88.1255281024429,92.09744998165247,3.147925225490631,4.664923550191438,2.7767076032480182,3.6893494261537954,790.0618155761462,789.8442487366085,29.621635940763866,[-0.45057649 -0.52292345  0.72355504],[-0.82694236  0.54985822 -0.11756815],[-0.33637354 -0.65131176 -0.68018074]
340,150.18479793793477,160.5789844449218,185.33174227729265,8.222053879769657,14.524617001430018,8.56248561496072,11.174435464848136,5311.739091565631,5308.15874558764,276.83395708935717,[-0.41994798 -0.48917032  0.76443187],[-0.74277403  0.66923728  0.02020398],[-0.5214695  -0.55931552 -0.64438786]
87,153.23454112660866,71.74966320482484,16.65868710731735,11.092354263796755,6.651361159600566,6.664304580576982,12.209126116443427,1590.9951140225066,1590.5628667848896,73.376138628763,[-0.43334142  0.87567977  0.21307312],[ 0.00329915 -0.23488189  0.97201832],[-0.9012238  -0.42191875 -0.09889505]
66,77.10052817348148,121.1137822881738,8.798557813739349,5.0599681096102,5.622395800078988,2.7808991688700693,4.948222947694409,1170.1728225298486,1169.5000356252863,51.75268578253462,[ 0.01369751 -0.08074781  0.99664044],[-0.84422559  0.53317915  0.05480095],[-0.53581296 -0.84214    -0.06086614]
141,73.96335421544168,139.84882466038056,75.68341062738021,8.46478054244702,10.529548821087932,4.611873456896205,10.626368118093717,2088.152525817768,2087.470526267899,113.21698238780074,[-0.50741761 -0.18546043  0.84150567],[-0.75119787  0.57365186 -0.3265353 ],[-0.42217191 -0.79782703 -0.43039854]
68,4.8552842333578745,169.95214718216053,170.28247365053923,3.110195999973869,7.478893222024687,7.89776630906808,9.162919884843864,1986.3421473009894,1985.8805705443688,54.725072795111224,[-0.98029164 -0.1251386   0.15286799],[ 0.19651997 -0.69682958  0.68978869],[-0.02020375 -0.7062357  -0.70768845]
53,133.76700917251247,150.99200698022713,118.63557414413512,5.837830580745815,5.9877748954874965,6.26693801909965,7.421305704407532,1705.1568241147072,1704.8212003953015,53.48250910579433,[-0.35627215 -0.36170638  0.86153273],[-0.73923398  0.67305159 -0.02312323],[-0.57149215 -0.64511243 -0.50717519]
18,197.57870966044038,61.07553390755186,98.69284518884417,1.4830844577924887,5.474115657116278,3.1539228108707276,2.4313777019474374,972.5023676077476,972.3091381353399,25.545334076992777,[-0.34931755 -0.30285727  0.88671005],[-0.36694961  0.91495484  0.16794531],[-0.86216311 -0.26671166 -0.43074314]
46,46.85198342887065,19.20181933082155,195.88139244594217,4.101668516520268,5.539554116209686,2.482049291999688,2.606363134454717,1372.8098787873928,1372.6027607780916,46.47073451976261,[-0.97258659  0.00100484  0.23253885],[ 0.02113408 -0.9954703   0.09269425],[-0.23157866 -0.09506768 -0.96815983]
70,135.65836685249863,164.17941529343472,85.8113569710269,5.271083554020233,4.356469413589182,4.789233915183631,3.1519693934720134,1921.999665715762,1921.5921272882968,64.74282182509317,[-0.5414245   0.00794726  0.84071182],[-0.59809502  0.69913213 -0.39178643],[-0.59088227 -0.71494832 -0.37377405]
27,39.865417214425875,34.79018864569653,149.65038269412074,5.397714825515403,5.135280907094078,2.553598516054865,2.2191688641658343,825.6908268773566,824.964807263179,39.2284368803436,[-0.59379461 -0.73433999  0.32886585],[-0.76449317  0.64236514  0.05401133],[-0.25091464 -0.21934406 -0.94283086]
40,156.70186151376083,44.64179390861753,193.29178849110926,6.833935562743888,3.63545372926054,2.780064349157524,4.7667910439615095,1599.652241630195,1599.2296890728087,42.37023783045384,[ 0.38585388 -0.91701213 -0.10102245],[-0.68308419 -0.35757798  0.6368155 ],[-0.62009094 -0.1767109  -0.76436934]
120,163.78455550078064,162.15579410107324,6.01591517647833,14.164363056638527,9.632844092039134,3.9170249546556466,5.549496320463439,2532.5831094950295,2526.7621778224398,181.81490131854184,[-0.03859847  0.00190313  0.99925299],[-0.70200741  0.71160027 -0.02847195],[-0.71112289 -0.70258197 -0.02613067]
13,7.204028062559961,152.01782748740033,45.522810352717336,1.7422278973992789,2.2660351064647917,2.945793591649848,2.338526063851661,572.904443885705,572.8395183923635,12.172909174118896,[-0.96943985  0.11135226 -0.2186025 ],[-0.24111254 -0.2679607   0.93277104],[-0.04528929 -0.95697322 -0.2866202 ]
184,14.209853425338022,117.01075557446933,111.36140018776894,5.974792196581922,7.148622184381998,13.556215292098226,7.826559624690829,2209.4891828879045,2203.6344588539914,195.4711321339761,[-0.99181169  0.12752208 -0.00690624],[-0.09276808 -0.68223401  0.72522468],[-0.08777049 -0.71992699 -0.68847764]
3,36.64347271060685,49.63240707212871,156.51889391420391,0.7253961622975216,1.164285278661215,0.5831315232586254,0.9857743187724651,291.4088123926222,291.4038459545467,1.9333631394342068,[ 0.86328573 -0.502912   -0.04262937],[-0.45529438 -0.81242215  0.36424891],[0.21781819 0.29504197 0.93032546]
82,24.90341947276476,148.53478990753598,102.82958384841685,7.528071854442206,3.9953083936656535,7.597211220707618,5.6645377256523775,1654.1350305004914,1652.6385669260712,89.98627629975641,[ 0.49980565 -0.54819028  0.67058312],[-0.85542623 -0.19103745  0.48140489],[-0.13579499 -0.81424327 -0.56441794]
2,82.20879670076074,19.05789099760681,83.00236846617547,1.0777465027965434,1.3240608659476614,0.8860106052359384,0.34036280662743934,167.41912868458041,167.39772125915067,2.6772311719008277,[-0.56580241  0.72426147  0.39409766],[-0.44438661 -0.6704569   0.59414484],[-0.6945417  -0.16103686 -0.70119823]
48,141.12230847444235,83.58567516301873,63.81719843360698,9.106544236022467,3.4089143273106233,8.170902559845299,10.812402656407881,1222.3992715826357,1221.773482575145,45.46906426227591,[-0.59411522  0.56872329  0.56884174],[ 0.06255462 -0.67237177  0.73756567],[-0.8019439  -0.47378267 -0.36389003]
97,3.3292958531902106,95.07801377313974,80.85392726655772,2.426878429743579,6.808922698323483,10.491649499943657,10.180438850252383,1235.8252353023483,1233.9891213392864,74.98351217466885,[-0.99953955  0.02956829  0.00681263],[-0.01402295 -0.64924762  0.76044782],[-0.02690822 -0.76000214 -0.6493633 ]
20,156.15261903739923,71.81779939696834,41.33645613981043,2.3356212297106285,2.070097401488694,2.6747691442116355,2.348079106598699,790.7455945580439,790.6804331768819,15.07395153570266,[ 0.35202925 -0.90430638  0.24146506],[-0.3095216   0.13099272  0.94182657],[0.88332994 0.40628915 0.23378909]
48,181.7744253808697,25.08640412718454,188.9252498880945,3.4653503173183293,5.481189321767477,5.1365952779018205,4.760461008977143,1825.419486974705,1825.1465923741064,46.89778639348429,[-0.69721834  0.35315003  0.62383623],[-0.19395617 -0.93070956  0.31009791],[-0.69012143 -0.09520906 -0.7174034 ]
2,188.5803312901881,60.12837564686298,75.65252212648844,1.1164567876035392,0.018455892282045028,0.51079857782684,0.8059834245529771,299.6757405700763,299.6728771365761,1.310036224768169,[-0.14935595  0.92102637 -0.35972659],[-0.43088701  0.26682124  0.86205731],[0.88996022 0.28375491 0.35700695]
2,24.8178159617525,24.41728850671999,120.48023666631966,0.08563525359375213,0.005706320753461114,1.0591495499850723,1.0355727978774212,177.36259221172995,177.36227227380098,0.33688267764364527,[ 0.84264249 -0.5345054  -0.06525032],[-0.50079416 -0.82243595  0.26982273],[0.19788591 0.19468712 0.96069667]
46,125.74835131157387,117.37232291763135,143.52681684985762,4.299610747275879,3.5697403692244736,3.419043798872473,3.6227507129153684,1519.9174368263327,1519.8043549847555,37.00229232316089,[-0.31148386 -0.58345956  0.75003516],[-0.766726    0.62058278  0.16434187],[-0.56134574 -0.52388162 -0.64065514]
19,162.92291444170903,61.22963061297937,13.746809102555101,2.9568680421667892,5.420582531724458,1.7575620610623333,4.403074255197285,761.5037109297186,761.3018158978485,20.26593523460891,[-0.1556584   0.19686173  0.96799583],[-0.324505    0.91536365 -0.23833987],[-0.93298819 -0.35121908 -0.07860142]
3,117.55992371864494,91.20676031821209,150.04542894727885,1.856086694359994,0.7907266423516209,2.3729141084864116,2.8616502907629076,366.04199447314915,366.036514567652,2.138152198303822,[ 0.82430136 -0.17877703 -0.53718342],[ 0.10488501 -0.88418693  0.45520611],[0.55635096 0.4315695  0.71008547]
51,47.2894750442557,151.47308822754198,186.13068844815058,3.188746815155742,3.56767222864304,3.800718298839771,4.227651293546361,1747.1808577018708,1747.0905211597021,31.54500380195946,[-0.16678916 -0.74359507  0.64749343],[-0.96687427  0.25203785  0.04038644],[-0.19322401 -0.61930872 -0.76100012]
40,178.1546455739213,90.23382760233473,118.45473260473932,6.261222230673106,3.680146760974426,2.530105010636679,4.93651623117446,1469.1305504298314,1469.0208208705337,37.211337733833126,[ 0.01403846 -0.80540294  0.59256141],[-0.64093249  0.44761387  0.62357627],[-0.76746887 -0.3885459  -0.5099251 ]
36,95.08303559895265,53.22784489113693,188.4717341148394,3.9448271923258353,2.9266175998394393,2.5530626337316917,2.771967080815512,1306.5293622078468,1306.4622594334462,28.735057442247193,[-0.50523967  0.862905    0.01130649],[-0.74424129 -0.44231829  0.50045922],[0.43684983 0.24443709 0.86568628]
54,95.68543042999671,45.883192719064745,40.65607120537101,5.73140949543609,3.659214027972824,3.133935443345741,5.365947257215878,836.6856214080186,836.2167442428824,38.116229828530734,[-0.32314659 -0.15370628  0.93378298],[-4.31279290e-01  9.02218171e-01 -7.38746016e-04],[-0.84236243 -0.40295999 -0.35783906]
174,170.97475242871496,128.0512224794041,86.3093751747221,7.688188026197603,3.974668757187108,6.670738158084753,6.884016693605553,3041.7494294245407,3041.0939321239207,111.71339431856904,[ 0.3895605  -0.81273445  0.43324974],[-0.545182    0.17565083  0.81970932],[-0.74230668 -0.55552633 -0.37466156]
36,88.40829872684876,128.82538319415846,25.451605158884547,2.976425683381195,6.054559677452998,2.995017292524024,5.718744086540392,950.6912645047222,950.5989173371552,27.85350568998695,[ 0.36545548 -0.41494468  0.83322458],[-0.744943    0.40634732  0.52909524],[-0.55812383 -0.81406558 -0.16060828]
89,28.284176430604557,152.69436687110868,36.92190015118386,5.123310610772936,9.095975672760929,3.538688982741318,8.483420573114742,1509.0767601714422,1508.3696467119842,66.0413554451204,[-0.07931815 -0.2201532   0.97223516],[-0.98119823  0.18939085 -0.03716367],[-0.17595074 -0.95690317 -0.23103607]
194,52.64550046987695,95.71931352747367,124.3529802431328,5.839975522091672,10.585759004043881,7.493955814927708,9.73096757849137,2312.8456370528334,2310.4689008481746,145.50189122356178,[-0.86635357 -0.14457948  0.47804629],[ 0.38540518 -0.80230718  0.45581359],[-0.31763868 -0.57913725 -0.75080338]
97,131.35147705190136,125.4249174833543,17.13827802800891,7.54889878029777,9.810172942480737,3.632947690735235,11.506885269134457,1800.8598044822095,1800.52674761641,57.37374960160947,[ 0.22581582 -0.35961845  0.90536279],[-0.65667427  0.63028839  0.41414423],[-0.71957356 -0.68804877 -0.0938231 ]
2,6.5815323842914,49.81816594713126,66.9716344802423,0.25121318564835793,0.6261881440679211,0.4291412521532507,0.049068870190303926,118.41457202293373,118.40919271752657,1.1286927652010543,[-0.94750484  0.29403543 -0.12560948],[-0.30992801 -0.74800569  0.5868834 ],[-0.07860791 -0.59500476 -0.79986882]
115,168.68698242241405,153.35697179412375,140.64485074252156,8.234519731858292,5.7245796681503185,5.481065159171082,6.425463660380523,2874.7141824303417,2873.8980603627306,101.6686596459947,[-0.55085725 -0.14727668  0.8215022 ],[ 0.54740238 -0.80677011  0.22242442],[-0.63000549 -0.57221637 -0.52503477]
30,78.16458589826327,20.255392053368993,118.02286473217319,1.5338915800956818,3.6244735049228276,5.0090466219432095,4.087571839758106,783.8792171308806,783.7196562665985,26.729830482502862,[-0.54628703 -0.68690283  0.47930678],[-0.63510467  0.7127786   0.2976386 ],[-0.54608841 -0.14181387 -0.82563689]
46,154.91061922718993,186.38877828762787,164.45292294933705,4.988725688566672,4.7002992266354395,4.398744493435771,6.420709048283267,1987.1468959511494,1987.011826518259,33.982669568272456,[-0.53888856  0.76294169 -0.35709816],[-0.65560168 -0.11366731  0.74650263],[0.52894759 0.63639588 0.56143987]
2,108.03831405359634,89.45794231997226,52.49554861258741,0.6383931272910885,0.984216979910947,0.6939621438569183,0.37058981787829737,211.81426384504488,211.806141222043,1.8549686914515697,[ 0.05300881 -0.55224749  0.83199325],[ 0.69053817 -0.58157846 -0.43002735],[0.72135088 0.59731834 0.3505192 ]
20,31.52777785468033,68.76067308362414,4.007742539198705,2.788439775522223,5.631113364222148,1.8627192075301868,5.555486006612676,339.94830356395704,339.7514644431021,15.684169592335673,[ 0.29518498 -0.18913849  0.93653215],[-0.86050635  0.37334011  0.34662081],[-0.41520435 -0.90820912 -0.05255048]
7,53.06161907743302,113.35549227382641,17.078784708898077,2.6449112962035866,1.1501074889243454,3.9826933258555943,1.3306896120991443,334.4517375617779,334.24152294243265,12.52169155245448,[-0.78376894  0.43382513 -0.44441198],[-0.45734229  0.08095394  0.88559838],[-0.42017173 -0.8973529  -0.1349574 ]
6,193.6943256668708,193.1443387588191,184.06650208205235,0.7923279906046875,2.9003902743515844,1.9107265109911107,2.032481893018834,807.6347118786149,807.6258456409932,7.170191478843571,[ 0.52653703  0.24717551 -0.81342672],[-0.61453597  0.77180979 -0.1632642 ],[0.58745579 0.58584462 0.55828467]
4,143.83632132592126,28.36677526639031,180.56516324436055,1.3878516580916525,0.9194063400398735,1.2843874897416736,1.2331000642236305,465.19282040748425,465.1861468156739,3.4019077371137003,[-0.37310424  0.91500815  0.15347086],[-0.69162969 -0.38456049  0.61136045],[0.61841862 0.12195618 0.77632796]
27,189.18583718731517,64.04361778413411,136.69626214021952,2.3707700222520387,4.927051350199361,2.3328431737199655,2.3804681692897645,1257.9498014260864,1257.7445637926278,28.298932522326044,[-0.58080844 -0.02120417  0.81376405],[ 0.2273373  -0.96411177  0.13713586],[-0.78165165 -0.26464858 -0.56478476]
134,131.72160490230365,92.50384815096267,13.870848899233067,5.873972550258027,4.021202259722994,6.651756595406579,5.758006010120856,1872.8457907652203,1871.9955280103882,91.13005196533894,[-0.57835866  0.8000714   0.15933301],[ 0.02212908 -0.17985468  0.98344425],[-0.81548241 -0.57230939 -0.08631567]
22,49.96399288090742,4.021960339963062,56.26192640710467,3.25359455939429,3.100949946454377,3.0586864524517394,2.42441931382554,354.1049334247524,353.86241373404687,22.864378128378743,[-0.33607646 -0.87022704  0.3602187 ],[-0.66886162  0.48979217  0.55922068],[-0.66308126 -0.05299556 -0.74666908]
50,55.787576538931255,75.52236397507299,6.914253007614608,3.1122501832959526,8.51619583460423,4.688246660652522,7.338499650153865,669.1331645043741,668.2653693858293,49.70054624602199,[ 0.39236664 -0.36648948  0.84364322],[-0.70586814  0.46809539  0.53163605],[-0.58974452 -0.80409711 -0.07502823]
3,74.72444344061681,57.24744084084066,158.6808320723982,1.2008428762339214,0.7001914073345464,0.4064366564596277,0.8632974608897171,319.57292086966316,319.5706367058668,2.0128789431618563,[ 0.24548926  0.8692092  -0.42919737],[-0.88073049  0.38496934  0.27588477],[0.40502941 0.31028046 0.86004489]
25,23.960360796046427,108.96360761425368,157.53478676134327,3.8293860387773835,2.986773213073498,3.1986341346070355,2.6241632010955325,965.5475418303457,965.376405124832,25.998849581953763,[-0.63784553 -0.58464267  0.50134422],[-0.76009457  0.58278746 -0.28742829],[-0.12413428 -0.56440387 -0.8161121 ]
20,58.26735295377815,122.03450960410926,25.180135433556323,2.8753176930252273,3.4520715261300468,2.116524892391105,4.2473255539519705,615.5231629032368,615.5048094882014,11.551169546831884,[ 0.43245682 -0.02040139 -0.90142381],[-0.79589152  0.46117735 -0.3922654 ],[0.42371901 0.88707341 0.183202  ]
16,35.65628583848913,66.83951367736988,193.37529612071563,2.6485380693126577,1.7041861932417537,2.345299282802248,2.155235210620034,830.8536554658068,830.816427963981,13.129156461233139,[-0.27233567 -0.89281294  0.35877338],[-0.94676091  0.31517272  0.06565012],[-0.17168886 -0.32179374 -0.93111316]
29,75.36013427032512,145.23496054351446,11.487172097066326,3.7999563529368587,3.1644683960621984,3.3722194498745557,3.0903295151079266,883.7894522551994,883.5607619376688,27.63662084160993,[-0.54346052  0.2177864   0.8106909 ],[-0.70252316  0.41061194 -0.58125643],[-0.45946912 -0.88541906 -0.07015139]
2,45.717136280487956,104.45734410888676,55.1268639531102,0.7434771311388815,0.09316026508870578,0.6412088358315735,0.06610972919234115,179.11637001193654,179.11096442317404,1.3915565577636853,[-0.57866897  0.56410639 -0.58900443],[-0.73132774 -0.03925909  0.68089533],[0.36097363 0.82476828 0.43526467]
32,188.32870034096265,12.017928911170602,135.92343744390266,4.1140153355573705,2.8471454333735737,4.078221256313202,3.781826139643947,1316.0104399305153,1315.8653996091916,29.480728410294795,[ 0.16675336 -0.97530205 -0.14484211],[-0.56251711 -0.21474876  0.79840933],[-0.80979492 -0.05166128 -0.58443417]
85,146.59704384099086,26.931270138908882,83.5424852189773,6.417543366265363,4.114062058547659,5.088687507833977,6.291640183597874,1576.9854716315058,1576.949917843687,61.91387092703202,[ 0.39045885 -0.81784167 -0.42270189],[-0.33348901 -0.5536158   0.76308232],[0.85809497 0.15698581 0.48890539]
76,187.19479405847952,14.202471033802782,112.87260117420972,6.068130931678406,4.881844419514114,7.139512116558763,4.854537901605923,1911.6263380225148,1910.3807717347402,81.47897664823903,[-0.15689404 -0.9134306   0.37553801],[-0.49506589  0.40176291  0.77038713],[-0.85457242 -0.06504691 -0.51524254]
13,6.116909237307085,16.453897774523497,189.21740325701518,2.7029706311586965,2.7840745496382917,2.2199354254372192,2.224747943956423,685.3447851132987,685.2165813010515,14.002749810110474,[-0.71202857 -0.69715462  0.08361071],[ 0.70141487 -0.71167113  0.03926052],[-0.03213268 -0.08660041 -0.99572479]
74,62.20528411872564,74.3267161428093,170.73671049470704,4.981685406135413,5.920127084381353,5.2894899642824775,5.792664238106714,1690.5684929859515,1689.8607405673536,63.30187704370761,[-0.8264816  -0.33951206  0.4490654 ],[ 0.46520873 -0.86109635  0.20516803],[-0.31703155 -0.37847674 -0.86962426]
2,151.52378842686628,86.30729492386851,156.16248698012188,1.323005417974258,0.38036711687777114,0.5996807766032077,1.3966890046439886,331.0510069328758,331.05008901353614,0.7795866858285857,[ 0.05922336 -0.89690722  0.43823513],[ 0.75991665 -0.24416829 -0.6024189 ],[0.64731699 0.36869944 0.66711426]
3,140.23902061835602,159.19849157585972,4.111178497355946,1.0360778426871056,0.4190270306056319,1.155028566962699,0.37516595624041527,367.54548867293244,367.54149679251833,2.7068726043141385,[ 0.58221745 -0.52883447  0.61754105],[-0.47354254  0.39684974  0.78630004],[0.66089357 0.75022956 0.01937278]
