N,MEAN_X,MEAN_Y,MEAN_Z,SIGMA_X,SIGMA_Y,SIGMA_Z,SIGMA_R,LAMBDA_1,LAMBDA_2,LAMBDA_3,EIGEN_1,EIGEN_2,EIGEN_3
33,65.26092418760054,53.28505221906319,56.6113361886901,3.1737990607344635,2.510970152992821,6.3390411960034,5.213986575889955,584.5244167042537,584.0566746952322,30.798293133117937,[-0.73120635  0.63745551  0.24287394],[-0.22921005 -0.56492954  0.79266473],[-0.64249516 -0.52393233 -0.55919127]
408,111.90979230496643,120.75983427192328,35.89604629418943,12.319572869853694,9.119993781067556,13.47890452474993,11.227535693743532,3422.5714663328818,3417.14375800929,345.88619160363197,[-0.73476528  0.67814563  0.01544331],[-0.13299436 -0.16634869  0.97705712],[-0.66515599 -0.71585377 -0.21241678]
27,31.057865705641976,22.328674570729227,68.79863778922225,5.478354447727265,2.5618484344354977,4.105863074584008,4.555506243392167,410.6580661894364,409.89054927133793,29.007232953656324,[-0.46404233 -0.75978999  0.4553942 ],[ 0.79221973 -0.58596844 -0.17037868],[0.39629865 0.28170935 0.87383478]
75,156.49226632323612,185.78084903242203,160.14757733701305,6.743605678383045,6.926994304733459,4.984444756048097,7.992471828236166,2521.232167762815,2520.8747516415483,63.75294750290043,[ 0.54868269 -0.7607895   0.34662176],[-0.6399771  -0.11543951  0.75967298],[-0.53793738 -0.6386494  -0.55022751]
18,134.9955718497298,171.73378868888733,80.13931445640836,4.662840759379187,2.8589555950939927,2.044192310799927,3.958598072362187,987.4497642026373,987.3345073297435,18.18881132950666,[ 0.02979021 -0.44182081  0.89660857],[-0.81387019  0.51002683  0.27836655],[-0.58028256 -0.73801558 -0.34439098]
72,142.7402768402361,66.80844825493571,11.991351098837722,6.653873181007167,5.364750544882965,5.077942411609701,6.1153883271348874,1343.1047798674167,1342.8527800828372,66.70403787071845,[-0.21005266  0.28197775  0.93614445],[-0.37414006  0.86143956 -0.34342553],[-0.90327022 -0.42238659 -0.0754485 ]
170,53.62680918400198,79.96302709702425,178.13417892986337,12.638112855852937,8.935212568124959,8.404580575212863,8.796400246971274,2649.236290383295,2643.477536120235,199.04924360378047,[-0.2831808  -0.84011857  0.46261152],[-0.92208059  0.37115576  0.10959375],[-0.26377268 -0.39553025 -0.87976121]
68,29.39236781173278,16.943204412033193,191.10274066705244,3.3640569502808635,6.231391609849206,5.022757105265502,4.899913315406059,1601.8719825325718,1601.2811416855047,58.69118157223178,[-0.98833583  0.02992726  0.14932063],[-0.01643814 -0.99573656  0.09076617],[-0.15140039 -0.0872529  -0.98461406]
16,136.92463021479278,55.65776937098922,178.69358554940777,2.1989921938545014,5.379490216268411,3.6976951243284657,3.02119877569059,927.9653107101309,927.7218803941297,24.73996562534018,[-0.56082008 -0.56458431  0.60557856],[-0.58056884  0.78963771  0.19852486],[-0.59027168 -0.24024331 -0.77062474]
63,193.74668964986765,62.44644922306167,109.23595810310822,4.501240105947354,7.115757355923294,7.094920420508247,5.50680405654604,1835.1048024541687,1834.8176643473382,75.55703676129647,[ 0.12422418 -0.93994123  0.31792899],[-0.5305976   0.20782713  0.82175061],[-0.83847155 -0.27077366 -0.4729134 ]
47,25.423597248490072,158.85000274102413,37.92805167686402,3.8251759184412952,3.494257334957221,3.96051847758588,3.5662386421978454,1133.8577252168059,1133.525991265971,37.35948006907184,[ 0.62209548 -0.27461194  0.73320222],[-0.76772541 -0.03022807  0.64006559],[-0.15360637 -0.96107989 -0.22963131]
271,117.36246563318014,123.26012221753135,103.07299104730568,8.204743835478329,11.226436521586619,9.759584336644494,7.085568081451803,3285.275835447598,3279.847225655005,253.64135062003632,[-0.80715961  0.44155675  0.39181755],[ 0.01449277 -0.64870073  0.7609056 ],[-0.59015533 -0.61985079 -0.51720565]
216,54.855106402432746,162.43958802829275,99.35066347460324,5.997861709167514,11.01748357802698,11.603684644607418,10.266180119929148,2922.0836367082725,2917.2843789360463,200.12014817804322,[-0.95000404  0.31190467  0.01441523],[-0.14448126 -0.48005279  0.86525978],[-0.27679864 -0.81991756 -0.50111647]
316,55.13603067849039,41.693462620248894,102.02288279677333,8.582269104436316,8.04731209460454,10.910131216941446,9.549841807494795,2206.5613749085637,2200.0719041903412,227.282063673996,[-0.01379195 -0.92245349  0.38586181],[-0.89594735  0.18273522  0.40482858],[-0.44394608 -0.34012849 -0.82899004]
7,115.37884385748387,43.723776159379405,49.38922301662196,1.5288402324383077,2.143607677601046,0.7637680696863542,1.0722911257573133,351.70114333978006,351.6440642966269,6.690303007864697,[-0.40604133  0.04025433  0.9129677 ],[ 0.28532437 -0.94350321  0.16849837],[-0.86817075 -0.32890923 -0.37161576]
268,115.66567657821928,34.532167772944746,163.91723609800798,14.19814870704684,6.08752583726773,6.992462546936909,10.249529308936092,3342.7481285982976,3338.1830710478216,220.14909066918784,[ 0.05098645 -0.98386179  0.17151196],[-0.82031902  0.05669539  0.56908905],[-0.56962891 -0.16971035 -0.80418984]
118,53.63545875084111,28.694034722957156,134.45663586708656,7.163960867666452,7.432935606854653,8.328031605829919,6.65760015302174,1608.1156300740417,1606.1026656267804,125.2581524733093,[-0.33019489 -0.88765475  0.32099904],[ 0.87192623 -0.41709186 -0.25647422],[0.36154664 0.19520101 0.91169106]
14,173.62179298964017,44.83578233925645,35.53215633214577,1.9084781947422609,2.3126648194691,2.853712060025659,1.9737866854666952,684.1362025710346,684.0587193077046,13.628127694664766,[-0.31138788  0.80272871  0.50859041],[-0.03127776 -0.54356663  0.83878306],[-0.94976802 -0.24527931 -0.19436761]
215,168.7265544982273,127.3571184157798,84.86956573910842,8.374842810869698,4.82144095806043,7.361529859713637,8.573162927419727,3343.8531602160792,3343.5762826085265,125.98812301808829,[-0.54674494  0.82404166 -0.1484093 ],[-0.39011099 -0.09386987  0.91597045],[-0.74086664 -0.5586983  -0.37279059]
54,68.2230047412696,186.01393236405653,75.2110670450891,3.5687883958544693,2.9544064174276277,8.754893095019774,4.652673833144747,1558.849203890623,1557.8729824546588,64.35724677380739,[-0.91917041  0.37962843 -0.10491904],[-0.22699487 -0.29291222  0.9288034 ],[-0.32186811 -0.87754469 -0.35540996]
159,50.56976574932831,108.33781439469921,128.53826287079497,6.942814841768453,10.691965945863803,8.489384140618364,8.198177275872741,2220.550529049935,2217.445789729509,162.25347061879316,[ 0.74563644  0.33613071 -0.57536287],[ 0.60154302 -0.710988    0.36420058],[0.28665709 0.61766675 0.73233564]
2068,91.17371795715627,126.6745172788522,146.88533340889398,13.047943558707567,34.30183944720584,14.662471915601063,25.02359250842657,9896.043243106138,9830.247335180018,1370.762975891922,[-0.88566478  0.11563368  0.44969628],[ 0.19099776 -0.79203573  0.57982691],[-0.42322304 -0.59942326 -0.67939238]
221,188.18054520514679,32.48581180274807,65.26385565105095,5.489626272501088,6.914495830715967,6.28911173061088,4.541759697115776,3003.0171529876584,3002.266668068803,146.22559425600446,[-0.18467359 -0.55719973  0.80958269],[-0.31026779  0.81467832  0.48993176],[-0.93253931 -0.16070997 -0.3233307 ]
41,126.63727124017382,115.94119418510721,143.4729764384423,4.073571304041229,4.07755256062007,3.0291409430821807,3.1816566352377738,1433.1770384412866,1432.9653128174928,36.42105764664089,[-0.51807834 -0.38146576  0.76555778],[-0.641278    0.7655082  -0.05253304],[-0.5660012  -0.51815159 -0.64121882]
22,8.219427637194855,57.08501830107797,14.490850888209877,2.734155278113473,2.9392719025810745,2.884346001075518,2.7208178737580497,279.8028912181792,279.29976586413255,19.28186326720738,[ 0.75032094  0.05890869 -0.65844381],[ 0.6464689  -0.27359136  0.71219782],[0.13818989 0.96004038 0.24336396]
5,53.391687787514286,167.31067193391024,145.12534753614196,3.429631093488918,0.8229713680741464,3.020800147217854,2.8606084789973156,509.5242817498802,509.4925468907383,8.185198291544081,[-0.16217379 -0.61659461  0.77039649],[-0.95850833  0.28392447  0.02546919],[-0.23443858 -0.73430101 -0.63705618]
731,179.24481372082406,95.48142753505347,68.90069590502789,11.03277933804739,11.132455649280573,13.906071253204237,13.321804199081365,5822.254752420225,5813.459431393482,433.877708213699,[ 0.30474148 -0.86238463  0.40425905],[-0.45793298  0.23950097  0.85611721],[-0.83512275 -0.44601798 -0.32192849]
46,144.70683800269185,93.39846203135554,97.53270445869576,3.4036884249717714,3.931699725628082,5.389350579367945,3.0669654751297464,1343.2086126854083,1342.7502740662196,46.49422355423282,[-0.64703343  0.7085931   0.28150233],[-0.21636819 -0.52466439  0.82335417],[-0.73111733 -0.47182952 -0.49279241]
270,109.33359930099498,150.75474541415693,85.36656515518573,7.401856375850119,8.410043084510553,9.976959719149068,7.634110774783725,3373.3845259533637,3370.36399666943,212.89583034598013,[ 0.47535984 -0.66833286  0.5721575 ],[-0.69996678  0.10668331  0.70616229],[-0.53299112 -0.73617244 -0.41709784]
296,171.76533157966153,158.241144206586,146.59305175699274,9.750190852971352,9.002045036467939,10.322081075549086,13.98854376720187,4751.769893932449,4751.219165326585,159.7788461519719,[-0.69180896  0.08643916  0.71688816],[ 0.365276   -0.81451563  0.45070804],[-0.62287543 -0.5736659  -0.53191506]
23,184.42140310113638,162.46173885312663,131.94527669265187,3.2960243847287662,2.4279496040865016,3.274622390770388,3.1385688977380313,1337.9905164942807,1337.9509536106032,20.13978474750147,[ 0.38046891  0.28319275 -0.88036656],[-0.64664558  0.76201728 -0.03433884],[0.66113002 0.58235    0.47304922]
15,164.73243654332774,173.05314503347066,174.7368883197032,2.4192140884705964,2.5819617692058165,2.6696000944488367,2.250424171484661,1146.5155491015635,1146.4672088878654,14.792400363810712,[-0.16776916  0.77495124 -0.60934726],[-0.81373759  0.24005797  0.52934232],[0.55649316 0.58465609 0.59033263]
153,127.29937089307845,49.874413075234976,27.994989322389568,6.128833890862138,8.908570559094557,5.109162799369711,7.378565572242158,1731.3718642651127,1729.864647579404,115.91511537162094,[-0.23513843  0.05584694  0.97035614],[-0.33693582  0.93175942 -0.13527247],[-0.91169302 -0.3587555  -0.20027562]
105,105.44848624292104,147.84507993578012,47.64495616118837,5.752805924168596,4.787327952322978,9.031497651826378,5.133435475507243,1927.0516911770792,1925.0318221327454,107.7534322105013,[-0.79888579  0.59603826 -0.08074581],[-0.21463999 -0.15709695  0.96397626],[-0.56188181 -0.78743821 -0.25343617]
45,93.66178914002145,71.82104889251568,4.826227511961061,3.3965245527455323,9.25025531600178,2.757025017483443,6.6055070110255905,795.2357518649832,793.7785400981109,52.98041680273249,[ 0.07849572 -0.16816462  0.98262866],[-0.60641748  0.77428313  0.18095158],[-0.79126244 -0.61008712 -0.04120005]
20,50.842515199059264,3.951508180051499,55.870842765213865,4.735947739171513,2.147359834342612,1.4819589137772655,2.8143911698443462,339.02392608965215,338.65581332659053,20.72567335346226,[ 0.09019704 -0.99585462 -0.01174998],[-0.73376763 -0.07442709  0.67531153],[-0.67338663 -0.05228934 -0.737439  ]
8,137.12423254237086,35.12323973450313,88.23935711882615,1.4510079015383845,3.027538379039185,2.1479142184646114,2.0876604319979224,471.9016740133079,471.8445559490538,9.580422015311337,[-0.56898384  0.26721292  0.77772401],[ 0.02244837 -0.94033568  0.33950682],[-0.82204225 -0.21063253 -0.52903731]
12,58.10611156730223,64.35778212300539,4.124951057303106,2.6731462458639186,2.5788690519829083,2.1847558320587033,2.544590674214314,301.0165959038279,300.89002250578454,12.087133420047435,[-0.43568914  0.34010131  0.83337031],[-0.60171075  0.57853146 -0.55067733],[-0.66941702 -0.74137201 -0.04741726]
56,170.93053210349697,7.684707755554053,18.69245471237334,3.9490372393377178,3.538267647760926,4.764638928447583,3.832864111687073,1288.8764451547538,1288.6158344026405,45.139642898797526,[ 0.04885075 -0.99817926 -0.0353804 ],[-0.10660817 -0.04043118  0.99347875],[-0.99310035 -0.04476034 -0.10838916]
330,14.374083986688666,187.94265400653802,105.511782604906,7.485669932172571,6.312792906673584,9.804875286915626,8.102886316374493,3929.867080640056,3929.094654015484,204.63902359004504,[-0.99735647  0.0441942   0.05767971],[ 0.02855383 -0.49156732  0.87037133],[-0.06681883 -0.86971745 -0.48900593]
214,87.03448604975625,180.80417133769598,101.07733522395333,4.916642227182218,6.155755927474173,12.284333756234838,5.881393494016982,3292.931476107456,3288.7165404766242,195.70014925297136,[-0.87937207  0.46900131 -0.08211294],[-0.27728237 -0.36424289  0.88906783],[-0.38706492 -0.80458989 -0.45035082]
4,30.647667526213823,139.18289710420055,190.52156370235338,1.4795346946654888,1.603292310221651,2.8582837478489473,1.8293213187602273,475.9067608595184,475.8728182514678,6.184457314596571,[-0.92916529 -0.21094162  0.30357125],[ 0.3464852  -0.78318169  0.51630847],[-0.1288405  -0.58491886 -0.80079339]
13,58.330950629443535,124.03468837673883,27.370172723436035,4.131900806838093,2.0442210176522306,1.7986829747317576,3.388997746241014,504.2334573300826,504.1389619154503,13.082962213043148,[-0.01275183 -0.20977262  0.97766704],[-0.90847895  0.41090373  0.07631594],[-0.41773603 -0.88721675 -0.19581378]
9,139.5341070497347,163.54581517684724,89.27626793476782,3.0190152882918633,0.8264431011928031,2.4774368765520802,1.6478456867716258,698.4384354919739,698.3712785778972,10.894522740245288,[ 0.52152503 -0.70629585  0.47870432],[-0.60716029  0.08697978  0.78980434],[-0.59947313 -0.70255298 -0.38347266]
33,160.05754718126786,118.99969537594376,45.71181153192385,2.419838186307519,4.210409892973088,2.0702914821044103,4.04340715604741,1175.8004200445005,1175.713203852986,19.484295507968046,[ 0.40368246 -0.19989348 -0.89279509],[-0.47468479  0.78845734 -0.39116413],[0.782122   0.58170235 0.2234    ]
6,161.60749130022884,56.87569219189418,66.51210510195432,1.2461521282039647,1.1866108435203417,2.1609446161791315,1.0659723035720596,450.2199956663685,450.1809137454993,6.236717658233395,[ 0.11284037 -0.87379362  0.47302406],[-0.46264306  0.37510615  0.80327877],[-0.8793341  -0.30948357 -0.36192743]
332,24.85714835566632,43.84722102903115,74.98452658189775,17.124833804302718,9.660178778940615,11.172135298753352,11.357764396768747,1691.6426345057096,1663.91925078608,360.0094418079131,[ 0.4208235  -0.83733659  0.34896277],[-0.86268255 -0.25044896  0.43937927],[-0.28051098 -0.48594521 -0.82775047]
15,10.080377483182174,137.5441332539588,84.26024243495927,1.6960545329347876,1.5472964039258754,3.946765084937293,2.9546803517788773,626.1610880534338,626.0682747373238,13.415266228417993,[-0.93096574  0.23791348 -0.27694758],[-0.35975421 -0.46834292  0.80698936],[-0.06228721 -0.8509125  -0.52160159]
232,99.09443860780473,80.40821238961281,80.13436014907157,6.583093155555331,10.877225878481603,6.794140505288743,8.173169324011283,2303.0063310977303,2301.280245174724,180.57212737868525,[-0.58290161 -0.0865944   0.8079153 ],[ 0.47834362 -0.84031893  0.25505192],[-0.65682045 -0.5351313  -0.53124513]
4,172.65456121832761,177.31313206823057,149.16539418208785,0.9682747423257632,1.5602737177292079,2.1129113296897972,0.87540051696281,577.9519152518343,577.9315037048231,5.322123224452804,[ 0.78406898 -0.31216735 -0.53645818],[ 0.16802562 -0.72528644  0.66762786],[0.59749747 0.61360502 0.51622249]
126,129.8648859133163,92.12796223417583,15.597195425425427,6.263075683876333,4.323170099871134,7.159829245228569,6.695988272704783,1799.1505910828039,1797.9344820877843,90.1329615931176,[-0.57890012  0.81537469  0.00622617],[-0.07618699 -0.06169046  0.99518331],[-0.81183139 -0.57563738 -0.09783356]
3,100.66848589257745,2.82553752582256,75.11120088921176,0.5823569348885697,0.6384230423722781,0.7988451026134377,0.7483709086505365,217.61341237455483,217.6077971206743,1.574778988180038,[ 0.43469925 -0.70848717 -0.55595189],[-0.41108105 -0.70536542  0.57747034],[0.80127956 0.02248463 0.59786747]
15,172.48208384728096,188.6280845841003,38.92461558556326,2.3606832560296254,2.9098316268914126,2.98095420622932,2.5289941123473993,1001.4691846643486,1001.4354052169414,15.711765355403541,[ 0.59623071 -0.40171013 -0.69508123],[ 0.44662755 -0.55347791  0.70298366],[0.66710776 0.72958288 0.15058572]
2,52.34495463023012,9.611498225131243,122.21218736855778,0.5850252447295894,1.9728305528288308,0.3489148043426553,0.05208268090532897,188.5340816470479,188.51098975240257,2.9507092478382506,[-0.87896246  0.32274185  0.35108788],[-0.27058435 -0.943736    0.19012226],[-0.39269468 -0.07211145 -0.91683741]
45,93.99970758831573,6.0603373055441505,151.58355365878214,3.920560561929337,2.691666492471972,3.643688774682821,3.688373857409189,1197.731738471696,1197.577413632666,31.615056223516735,[ 0.18517572 -0.97978475 -0.07570862],[-0.82961512 -0.19715788  0.52236723],[-0.526734   -0.03392071 -0.8493531 ]
220,23.183337404956234,11.750806644708092,103.5600206175511,7.200668180848084,7.947432088813739,13.192187410586783,12.37045624042766,1599.960246090118,1597.9146944740346,173.4224035923897,[ 0.73050067 -0.67751038 -0.08572315],[-0.64873671 -0.72766708  0.2228033 ],[0.21332946 0.1071462  0.97108714]
37,171.9439312928649,165.55311790020286,61.28278386148046,5.499973740708433,3.822487959025976,4.279556537409799,6.383471932577232,1499.691856498794,1499.5511828072365,28.7611922269121,[-0.66605821  0.4807189   0.57032955],[ 0.2634724  -0.56370284  0.7828291 ],[-0.69781713 -0.67167585 -0.24880274]
19,55.04202873458081,86.2926770829904,8.17795344126553,2.787217373287811,4.671997548335758,2.992659882212409,4.472845033363021,448.251968879674,448.1158138694666,18.939652112183254,[-0.73708329  0.42031657  0.52919014],[ 0.41191103 -0.34136636  0.84486585],[-0.53575883 -0.84071576 -0.07848241]
123,161.54730571038652,163.3030473198091,5.593646299135166,13.777834708328276,8.367871781207713,3.6164629487337967,5.398087889743746,2554.607176537594,2549.3463912654065,173.04723452498953,[-0.05132704  0.01665743  0.99854297],[-0.70847719  0.70408837 -0.04816252],[-0.70386476 -0.70991696 -0.02433736]
10,46.9770527182613,76.14591883169786,185.66651328475888,2.4483881309673596,1.6490632245846941,1.0940283193702787,1.0088142773630233,651.7969557364414,651.7759376249822,9.436403285800193,[ 0.29066072  0.85720775 -0.42510143],[-0.92927241  0.35875234  0.08803145],[0.22796738 0.36944775 0.90085473]
46,79.03668353526129,24.34661143217457,114.25716942869948,3.142255735399368,8.106958076469702,4.462076483758902,3.186032862300077,958.7402239059605,957.0509830424512,62.67956066413328,[-0.79697846  0.37880084  0.47046282],[-0.22567237 -0.90923961  0.34979324],[-0.5602654  -0.17260722 -0.81012926]
82,135.08879937787603,149.30851650646488,118.3277243383637,7.231561497879094,5.763578643842119,4.555240722256895,4.125458708353411,2116.6332728036245,2115.4464588258147,85.47436933031231,[-0.42234598 -0.29677554  0.85647425],[-0.69778948  0.70953482 -0.09823529],[-0.57854448 -0.63912801 -0.50675603]
78,184.5847980592141,14.952379905238008,112.48903013337186,6.0413717442108785,7.225955615594589,7.342255709484992,5.542524921431443,1916.0470853393897,1914.7812321917647,93.02812405880417,[-0.2768263  -0.78161115  0.55897336],[-0.44471134  0.61987005  0.64652374],[-0.851821   -0.06960702 -0.51918767]
35,30.720404378491992,16.144175606178326,5.180521986023441,3.7625724349033955,8.148390763043889,3.176096058969045,2.721105850019198,214.7312020839107,208.70186937402926,53.51616003200853,[-0.01201924 -0.28617382  0.95810233],[-0.49245054  0.83561022  0.24340917],[-0.87025743 -0.46889242 -0.15096986]
59,73.39270552193763,110.18093796952542,87.49588301281497,5.817499359707824,4.427249893889394,2.965365168301855,5.472714318513435,1220.2159394335097,1219.8273255279546,43.5611956963002,[ 0.12928699 -0.66790235  0.73293337],[-0.87694646  0.26800829  0.39891912],[-0.46287124 -0.69431838 -0.55106461]
2,8.23204341851148,167.01779749131802,35.1331626169395,0.1644400838311073,1.8512367778151884,0.6398999648924111,1.6699621844326913,241.66470128373024,241.66025454001465,1.4660225816357055,[ 0.97050232  0.00287692 -0.24107461],[ 0.23623206 -0.21110286  0.94848827],[0.04816282 0.97745962 0.20555543]
6,79.70102951146728,195.9194389658877,187.145959313782,1.8511838231799287,1.0118607485918816,1.3153425709204758,1.213018605214635,691.8010125185174,691.7953313450884,5.31395648851067,[-0.43949472  0.70747907 -0.5534598 ],[-0.8527559  -0.13503128  0.5045532 ],[0.28222644 0.69371458 0.66265248]
3,103.0454994186302,135.1185069693685,49.59402997972405,1.1115260218487262,0.7200402097616746,0.5408364864725648,0.7185882701070674,306.6117798244519,306.6050129060416,2.1408784598401227,[-0.27218308  0.50761043 -0.81746438],[-0.76618745  0.39961523  0.50325388],[0.58212813 0.76330814 0.28015623]
87,23.27167174473074,46.83930586694088,184.38720627909285,7.470349157673154,5.23103316797537,3.492473905501902,3.3322796056231296,1789.711955778881,1788.2770334151871,85.6120458992579,[-0.47218928 -0.83832349  0.2724904 ],[-0.87312237  0.48730588 -0.01379517],[-0.12122136 -0.24443139 -0.9620596 ]
10,172.19835803083876,69.49298146583635,99.36419532471372,2.2761475003494023,1.6152201177113905,4.697899771154353,1.130661917073115,666.1991678516622,666.0224374399847,16.906459594123664,[ 0.39455176 -0.91792078 -0.04183709],[-0.41930753 -0.22037205  0.88069141],[-0.81762467 -0.32993574 -0.47183927]
256,132.38859115339648,10.140389386258825,129.12541654101244,7.946383544078128,5.812502306588892,11.351582609799632,9.665681401981296,2972.0922792658525,2968.318748510579,185.63464973099772,[ 0.27415827 -0.93916617 -0.20689162],[-0.64405521 -0.33907153  0.68572836],[-0.71416393 -0.05474848 -0.69783414]
28,158.01863585293708,56.74629379688428,171.77285694174927,3.7769338384292643,2.6380641739080035,3.160175945442922,2.348590937925463,1271.285692832861,1271.1550856244935,26.799601775714525,[ 0.05810745 -0.96261885  0.26455334],[-0.75087785  0.13249108  0.64701512],[-0.65787991 -0.23624365 -0.71511045]
2,81.01628475013715,94.70120115987643,24.651962488496373,0.08076852203896578,0.3553118746478887,0.061283567791493354,0.3044757459415166,179.66530926214455,179.66506536528567,0.29603977716164376,[ 0.54759573 -0.26156534 -0.79480972],[ 0.54172356 -0.61311576  0.57499969],[0.63771036 0.74543453 0.19404347]
327,150.66063975278917,161.42541831617837,185.04038945812047,8.084224640982413,14.456291067606747,9.021282500939481,9.73113998567482,5219.033300732425,5214.322929301172,291.61305977487467,[-0.39367504 -0.50961885  0.76505463],[-0.75668771  0.65221991  0.04508762],[-0.52196137 -0.56115757 -0.64238502]
53,124.42198272200892,26.339259792651575,14.545705762785259,8.133468981211374,5.975295800205917,3.975903149860641,8.096073001635068,934.9652454718856,934.0998415793716,51.99398186545496,[-0.21363979  0.58012879  0.78600804],[ 0.09729683 -0.78794787  0.60800615],[-0.97205523 -0.20637039 -0.11189232]
383,101.26894953956692,104.39776724482329,188.6422311823916,13.089591717404602,15.703763226242211,6.098727637987767,13.348539548225515,4675.772077810875,4673.622279231986,325.62175153211126,[-0.79238425  0.60319716  0.09099661],[-0.43672558 -0.66508253  0.60575242],[-0.42590839 -0.44024814 -0.79043255]
7,141.41629902826998,141.38481366702464,19.223023275330238,1.7173603185047521,2.1103741121671207,2.8844967903899956,1.2254861227415097,531.5811211256694,531.5550644723205,9.974404285976943,[ 0.65175514 -0.69357545  0.30686858],[-0.28231262  0.15367542  0.94693371],[0.70392814 0.70380178 0.09564635]
2,178.11643160711566,95.76789159314947,141.56217812474353,1.69649960640362,1.427847234023048,1.0196998257598437,2.3627973136265155,349.12106550720773,349.11999491209167,0.864600178787116,[ 0.69223081 -0.3878419  -0.60860099],[ 0.01371221 -0.83609513  0.54841308],[0.72154589 0.3879737  0.57345264]
71,144.36765671655183,41.98993330609484,106.80949359136977,4.850684121719061,5.38387559341257,5.639582862337066,5.847788321931671,1555.746945223954,1554.978407578289,59.799017355570356,[-0.32233311 -0.64792391  0.69014199],[-0.5325773   0.72685134  0.43364565],[-0.78260002 -0.2277756  -0.57935782]
3,113.52105377488171,10.620482223477223,175.26332485759488,1.0663956641169616,0.6612829263625098,0.2512488658360395,0.817282143443563,362.15448974545143,362.1510523391146,1.7060391296145978,[-0.54529505  0.78043234  0.3059063 ],[-0.63863764 -0.62317274  0.4514396 ],[0.54295053 0.0508045  0.83822647]
40,47.15649322739756,153.6031022511517,187.58486119320142,3.451592831790463,3.5912298256427215,3.0527732702395225,3.558317692721459,1562.4540553210556,1562.3905112887428,29.357198100165945,[ 0.30212792  0.69890167 -0.64827091],[-0.93396019  0.3531985  -0.05449023],[0.190885   0.62192224 0.75945747]
14,9.290695568823386,113.21535131622343,192.74824485713538,3.0522911781450572,5.109699797713983,2.3194200155469256,1.597878407065219,837.3963007520545,837.2225391086074,23.11114758749011,[-0.98557136 -0.12083707  0.1185221 ],[ 0.1640823  -0.85396387  0.49378406],[-0.04154617 -0.50610681 -0.86146956]
9,126.76170912459214,63.06494426769431,163.35684864293322,1.246083353486577,1.2017486007263642,4.309769944332873,2.842706699469821,648.6647416023508,648.584850915428,11.010385468057608,[ 0.46671247 -0.88416418 -0.02081297],[-0.66217616 -0.3649407   0.65447766],[-0.5862612  -0.29167104 -0.75579482]
3,190.50212186813474,147.94294452935927,85.42108245335577,0.9852451246300502,1.58120772086973,1.2271855009242152,1.176665582020634,443.2151564836877,443.20316991039573,3.2778504545663485,[ 0.62325834 -0.42265676 -0.6579592 ],[ 0.23932237 -0.69790716  0.67501881],[0.7444957  0.57817546 0.33382524]
82,184.6987126217803,20.20139596205475,186.6471819640062,5.78980838635962,6.1874440212566215,6.08404051901475,4.589526232204403,2386.394507121331,2385.507161273694,84.7359219158683,[-0.40470456 -0.77562129  0.4843819 ],[-0.58687958  0.62651999  0.51287919],[-0.70127497 -0.0767093  -0.70875179]
59,26.669276599060762,107.22910763682314,193.06692679935767,4.915206488493831,4.014260390319892,3.886744354711582,3.9916077140384716,1709.338818773613,1709.238977010839,48.268702137808674,[-0.15715164 -0.85397105  0.49602098],[-0.98025224  0.19593253  0.02675785],[-0.12003708 -0.48202064 -0.86789815]
20,164.9313608957723,31.21589231044129,32.98439046805672,4.700213293829823,1.651369345534118,3.4913623056036003,4.727725986579283,765.485728628982,765.3805519483009,17.169321252064854,[-0.25026074  0.86618919  0.43253422],[-0.08835233 -0.46531849  0.88072275],[-0.9641387  -0.18219492 -0.19298079]
7,4.833599668112419,137.1694688831243,12.117400975626794,1.8867355585569503,1.0638122826904801,1.9637633837043906,1.030540494960307,364.61660989534573,364.5834753759106,7.245892124244609,[-0.75605728 -0.03105394  0.65376834],[ 0.65356218 -0.08942892  0.75157099],[-0.03512656 -0.99550898 -0.08790907]
88,129.77031452363948,114.42398846293382,177.3752460376958,4.6240322871595785,5.811268181208752,8.680219288258865,6.230972026553559,2326.427110633616,2325.556966665595,89.65436620434632,[-0.84476256  0.39013302  0.36629556],[-0.11038934 -0.79680166  0.5940718 ],[-0.52363194 -0.46141449 -0.71617474]
5,60.57628151920545,165.2719208579289,187.13482962471616,2.01737223114902,1.5418826090223814,0.46414234822491063,0.5972360470788212,574.4975717017975,574.4780663666154,5.612417923492606,[ 0.46001774  0.58635063 -0.66676579],[-0.85603152  0.49228694 -0.15768195],[0.23578318 0.64330903 0.72839535]
35,160.83614447966187,79.30077752537902,160.2695067573676,2.658406096841003,4.16406192905724,3.8491794186320645,3.290698999651112,1423.2077703572502,1423.1118320288033,31.64632618857519,[ 0.55951864  0.36715482 -0.7430587 ],[ 0.48971102 -0.86974801 -0.06100423],[0.66867182 0.32975104 0.66643998]
33,192.83097888488493,96.34154146063156,192.57522633642364,3.839097968791043,5.5771990092953025,3.78037596519174,5.339052296156183,1660.9644028998314,1660.864925721128,32.246793016132905,[ 0.60978219  0.26933109 -0.74540354],[ 0.42800757 -0.90346455  0.02369227],[0.66706461 0.33348549 0.66619234]
6,186.23895632095525,18.027256637631137,28.958837293543553,1.3621910417121674,0.888354524349773,3.257493135984757,1.7001912289566588,463.86347166026405,463.7997928822993,7.876856469143173,[ 0.06423134 -0.97847941  0.19609278],[-0.16842785  0.18305027  0.96856835],[-0.98361903 -0.09523992 -0.15304562]
73,10.527639327917338,176.07232242569404,5.476966196673071,5.024221426685187,4.054895703797269,3.4134487267907354,4.278623102847389,1508.8171455812424,1508.4693961094524,50.52271020231089,[-0.2882045  -0.01249543  0.95748735],[-0.95567873  0.06654866 -0.28679163],[-0.06013592 -0.99770494 -0.03112124]
12,126.35977537496781,175.53421339321253,18.91323384128942,2.5726892400350323,2.611690207417378,4.536288712938836,1.5675968715905306,752.3065849239133,752.1672705809198,19.440696981935417,[-0.74314598  0.48530757  0.46066324],[ 0.33017758 -0.3328386   0.88329   ],[-0.58199383 -0.80851409 -0.08710999]
19,21.32523476137636,112.26170943860713,157.77165358509947,2.8190059439993838,3.10953573210909,3.1705950860933387,2.6334751188690064,849.4183338250858,849.2474029564603,19.852402634546248,[-0.81279717 -0.4171294   0.4066495 ],[ 0.57216516 -0.70282533  0.42268616],[-0.10948874 -0.57622879 -0.80992135]
67,7.157220050433909,70.10676738224046,108.66851158168696,5.862727486292389,4.289707148815318,4.783334223365707,4.271255088762684,1061.9886572970372,1061.2789634956894,62.11795913891129,[ 0.53205504 -0.72722675  0.43365734],[-0.84487758 -0.42231031  0.32838373],[-0.05567147 -0.54110558 -0.83910991]
82,44.47131700991224,191.61737262940136,146.7740168633108,6.032327213203503,5.1439293632820995,9.793458386383831,6.629817276008362,2225.0743549057493,2223.6577150090934,96.85955481142709,[-0.87473251 -0.15020115  0.46074141],[ 0.44943373 -0.60704214  0.65536948],[-0.1812522  -0.78034572 -0.59850496]
18,5.867690344826984,58.664213678522955,91.34196842211018,1.9292913879309066,3.2422237955003976,2.786431921890085,2.1154167767823076,461.63120089916055,461.37316064548753,17.812384786370504,[-0.94221247  0.3061587  -0.13602397],[-0.33063056 -0.78430193  0.5249323 ],[-0.05402873 -0.53957144 -0.84020447]
162,171.2135395890676,28.86824047268092,114.54642614609942,8.309929000984019,5.6184962406269925,15.004940079202992,8.495527060160445,2656.644839444031,2650.6111085432326,202.45799382469582,[ 0.04285033 -0.98215248  0.18314028],[-0.56735144  0.12696309  0.81362935],[-0.82236013 -0.13876919 -0.55178521]
85,76.29633040662848,129.5155087848052,8.839594323972264,4.440562337085536,11.759888166448258,3.3889058646598955,9.302529473660936,1393.123076976562,1391.198443556892,84.2063896499801,[ 0.00807939 -0.07307696  0.99729358],[-0.86354039  0.50237328  0.04380735],[-0.50421495 -0.86155722 -0.05904603]
7,179.61890932151377,138.27369893825582,161.662062736217,2.742179701872547,1.9339773349184455,0.9817273549817439,2.48200964798745,736.6745757380982,736.6680167357026,6.5273362644924875,[-4.22165161e-04 -7.59686558e-01  6.50289286e-01],[ 0.76404191 -0.41978996 -0.48991463],[0.64516647 0.49664145 0.58060959]
26,28.609450295272097,63.55685248488252,92.3627067383492,2.3706220687755053,5.621250704807641,2.4130919455586723,3.822343795276831,590.8724240643432,590.4227240815463,26.99645444541842,[-0.94764462  0.30895352  0.08073039],[-0.20202519 -0.77584726  0.5977013 ],[-0.24729637 -0.55009885 -0.79764388]
3,191.2792059587216,134.34965569158214,99.31703849975514,1.7097910443495892,1.5079159734533178,0.6787473738807482,0.8538531687009376,439.90941780209687,439.89489071938175,3.8430625839381594,[ 0.41824523  0.07377835 -0.90533291],[-0.50775218  0.84542269 -0.16567501],[0.75316576 0.52897754 0.39105512]
34,2.4087329932997967,88.51199266074563,67.69895493591767,1.809740105775017,5.508905822974945,3.201889055769724,4.048552032070446,650.977140842569,650.4398813464885,30.434027537124223,[-0.99976205  0.01476578  0.01605679],[ 0.00380216 -0.6068568   0.79480209],[-0.02148004 -0.79467402 -0.60665625]
6,110.39830172230906,19.630729433388776,194.16226359338484,1.0458927222760173,2.5198176233070475,0.5053677577949117,0.6797360771135967,549.2507033769557,549.2159680493172,6.594883416724025,[-0.84472215  0.28785872  0.45120046],[-0.20976411 -0.95366103  0.21570735],[-0.49238553 -0.08756711 -0.86596102]
63,140.7205732988613,83.0449328144221,62.826988781093306,7.715558972146586,2.9964105637473466,7.509618467643347,9.262805251496786,1392.1844411425934,1391.5818588448803,49.52287035232336,[-0.59473671  0.63157183  0.49739851],[ 0.00819385 -0.61392165  0.78932444],[-0.80387879 -0.47351583 -0.35994673]
85,16.635973495752,123.45021369768509,102.24101869768462,4.533450299702139,4.185354851548858,9.720779105788957,8.320196845421533,1488.9862819078044,1488.2548003052996,73.77295981552855,[-0.99379144  0.10587144  0.03420248],[-0.04113213 -0.63524431  0.77121515],[-0.10337659 -0.7650202  -0.63565508]
12,69.30315265724195,166.83902051037813,190.14912583135012,2.1783188601689,3.995682812780991,2.9481196875124187,4.316198173167452,908.7717566585522,908.7280280477833,11.39874440349916,[ 0.81952451  0.24820618 -0.51650098],[ 0.50849541 -0.73056695  0.45574593],[0.26421959 0.63613334 0.72492923]
2,130.08373720073158,86.11434565768498,46.92648122578153,0.2274778407412157,0.5250100715850152,0.42910842768167967,0.027725638151011367,230.39125577234856,230.38903889349626,1.0106899083335381,[ 0.52899953 -0.38775976 -0.75485222],[ 0.28732065 -0.75513113  0.589257  ],[0.79850256 0.52860131 0.28805263]
9,152.94460948528447,105.70448764811661,8.571008217469105,1.384473203752371,1.5190167618986279,1.6734763281993985,1.3614601462271834,558.3981119330148,558.3659641714892,6.828145281858202,[-0.40123899  0.63412939 -0.66097443],[-0.40460069  0.52469538  0.74899469],[0.82176977 0.56795658 0.04604094]
9,76.97300573159845,88.45669080079759,91.79082359906056,3.730179008941837,3.9494044765775693,1.6415630852307388,4.958102525072941,447.0446757345086,447.0023469564386,8.331410820294948,[-0.60583172  0.76252298 -0.22699477],[-0.60462977 -0.25583682  0.75430124],[-0.51709841 -0.59422741 -0.61603816]
69,4.3813762728459364,97.65973039981517,85.83628102699903,2.3572840552430065,6.042139017177739,4.026626954807632,3.9771021872042907,1082.3408580636833,1081.2991896798787,54.33074590605823,[-0.99312922  0.09915954 -0.06214281],[-0.11205167 -0.65264939  0.7493285 ],[-0.0337456  -0.75114324 -0.65927617]
14,113.95595275758633,15.215643637622557,64.56695857798387,1.472262945120192,2.697760026742802,2.215425873824151,1.911297994829483,493.5240886523468,493.4612906684398,12.25186163591534,[-0.45890208 -0.21848751  0.86120386],[ 0.20637874 -0.96899389 -0.13586264],[-0.86418557 -0.11538652 -0.48976449]
22,90.81861364509368,3.8416548410054574,186.2440549992709,2.059713986308541,2.329763244060646,4.919324719210822,4.616804609947725,972.3932995297453,972.3432919870335,16.54257697220827,[-0.57185474  0.77708793  0.26290019],[-0.69358827 -0.62912525  0.35090844],[0.43808386 0.01832416 0.89874733]
139,134.57837780970297,171.13138732674125,137.69154589222646,4.473626769762449,6.44444776178711,8.59302871371992,5.864572788129945,3039.6410371811335,3038.2966621996284,118.3682292490473,[-0.85178809  0.37714499  0.36361891],[ 0.03985357 -0.64542034  0.76278718],[-0.5223684  -0.66422454 -0.53473078]
66,128.33375449654707,117.77641655248713,75.1300075770274,6.835866766422826,6.413216810060025,6.7265606438020225,9.7597115216133,1543.8334730136396,1543.270521791724,50.309180248630305,[-0.6983444   0.71156281  0.07741746],[-0.23383411 -0.32903172  0.91490969],[-0.67648851 -0.62081922 -0.39616512]
34,186.45291503650358,12.673699045299339,136.5963229118209,3.6236489174380218,2.959969523968684,3.963687247271644,2.073432049436165,1350.1248200926461,1349.923409397723,33.61197327126096,[ 0.03376722 -0.9983436   0.04658155],[-0.59164046  0.01759629  0.80600989],[-0.80549447 -0.05477624 -0.59006628]
13,65.96437526577753,86.58466016969216,34.83256015504762,3.42963613946888,2.5988749705778327,1.4244318525609452,1.4204700683741025,412.36315594660743,412.12677221877254,15.542874751339074,[-0.0152008  -0.36313425  0.93161282],[-0.81647795  0.54233723  0.19807596],[-0.57717649 -0.75763041 -0.30473507]
3,188.87757916697308,65.77480387130032,15.646891502966048,0.8288489134279703,0.3509696138018387,0.6506234244576055,0.6276902277366465,347.47835084060915,347.47521077700935,1.5856161867414036,[-0.20212331  0.73451787 -0.64778829],[-0.26966613  0.59413113  0.75781817],[0.94150218 0.32785928 0.07798684]
4,32.627481269056844,126.3474974496058,53.96421084725276,0.5148909316889719,0.3691113011257247,1.4476047681040978,0.3343712206186262,282.4374405936203,282.4226503106376,3.089279917921508,[-0.95637948  0.13670883  0.25816463],[ 0.17874259 -0.42515606  0.88729556],[-0.2310614  -0.89473628 -0.38217485]
20,50.12736161379026,4.438894518170029,132.88876855204438,1.3551391722222015,2.747925837680427,2.3775752121918035,2.229207538657528,635.6771407430927,635.6022434952367,14.185001473066261,[-0.93562081  0.02782621  0.35190822],[-0.01498974 -0.99912093  0.03914952],[-0.35268825 -0.03135409 -0.93521544]
331,15.761429216326983,29.26012481367103,143.43851105710613,7.748017209043473,14.332107239854045,7.600079124400067,6.876532684672379,2694.8793264520828,2685.148203184011,305.2609712685445,[-0.9851718   0.15382607  0.07598732],[-0.13481702 -0.96799568  0.21168075],[-0.10611742 -0.19829752 -0.97438041]
106,180.6552536279423,121.60901521425878,120.10571445894573,4.925326709588303,5.8310668895641795,9.958403489159899,6.179162485676871,2563.348430012527,2561.697859127765,112.34193493119082,[-0.59942077  0.79454945  0.0968809 ],[-0.33654244 -0.35999092  0.87014121],[-0.72624646 -0.48897618 -0.48318564]
8,93.09556746409135,71.19991130253939,36.89312544216483,1.3197839648772236,2.05910512439899,2.192636499977386,1.9577213433284422,347.6307718996786,347.6022134021311,7.43062144221028,[-0.64760879  0.72482853  0.23500309],[-0.0814702  -0.37251295  0.924444  ],[-0.75760508 -0.57953231 -0.30029459]
37,15.678249510402507,105.7591429885504,31.58875519728457,4.08856483604474,3.317071327387909,4.362119286375818,3.8187060104901,679.0264692617076,678.9125117862267,34.358506991094785,[-0.93222795  0.03108604  0.36053391],[ 0.33314079 -0.31532803  0.88858621],[-0.14130907 -0.94847345 -0.28360157]
68,34.83077026540797,192.73390193004923,65.17977718503079,3.730712640231333,3.9251895762016455,6.016131166752261,4.686184042405695,1703.2958287942702,1702.7593430155903,54.63309685859369,[-0.89037674  0.28190469 -0.35743391],[-0.42278918 -0.22101887  0.87886288],[-0.16875593 -0.93363826 -0.31597632]
65,50.56202566020203,23.124931818741207,5.377969777516518,5.654467402134737,6.0862149863282635,5.013006867668402,6.511477512314882,455.66656315652835,454.9016100950212,57.42684197187916,[ 0.1855113  -0.58689469  0.78812447],[ 0.38606133 -0.69402249 -0.60769189],[0.90362725 0.41699809 0.09782833]
142,108.80792950298041,58.016603222266944,185.6034295732315,9.792086816556992,7.564683049931677,6.841339316163903,8.853684843502991,2659.7858873581176,2658.327940354285,131.395708097816,[ 0.55347504 -0.83032259 -0.06503669],[-0.67430706 -0.49257139  0.55016672],[-0.48885107 -0.26064885 -0.83251835]
70,97.78844519785879,35.292696759319654,58.84209003041929,7.848152206310754,3.8391813991041266,5.1476919027786785,5.905041033199146,1002.6323337750921,1001.1134892635254,69.08721170858558,[-0.04455881 -0.82282841  0.56654031],[-0.57141551  0.48616744  0.66115469],[-0.81945032 -0.29426965 -0.49183996]
15,80.20930378871076,162.99253686340447,73.41673069230825,2.8094660138452436,2.858274649407853,3.817252640917466,2.844499884342856,759.1341114207439,758.9471516785719,18.36094647169458,[-0.82165349  0.15766189  0.54774837],[ 0.39654578 -0.5321795   0.74802168],[-0.40943496 -0.83182192 -0.37474698]
43,183.90474783615417,194.31374562073486,180.5830743951749,5.408644340057223,3.134939961520774,3.7007363909970645,4.287764670230479,2117.0311445640064,2116.953854293479,38.48767424632389,[-0.02976697 -0.66520693  0.74606546],[ 0.82122776 -0.44177842 -0.36113266],[0.56982356 0.60193984 0.55943681]
