N,MEAN_X,MEAN_Y,MEAN_Z,SIGMA_X,SIGMA_Y,SIGMA_Z,SIGMA_R,LAMBDA_1,LAMBDA_2,LAMBDA_3,EIGEN_1,EIGEN_2,EIGEN_3
172,151.89280846054064,94.62757321340605,98.50810852417115,11.462692507016802,6.5984378701990405,5.502797005615151,12.047737925485706,2684.9187285195344,2684.4894115089414,101.59314235084045,[ 0.47040072 -0.87499264  0.1145035 ],[-0.47428306 -0.14126237  0.8689652 ],[-0.74416312 -0.46306892 -0.4814441 ]
11,34.45608724853141,52.236624187491586,153.25127902705438,2.9741406678696056,1.2165430910912658,1.9085210415169467,2.3862002185808464,549.1496975568471,549.0824917222986,9.5305831126843,[-0.20926613 -0.9102294   0.35733755],[-0.95541515  0.26816523  0.12356903],[-0.20830168 -0.31554689 -0.92576486]
214,17.84545231395283,28.561544141871956,139.73992111650358,7.4195944693878575,8.358295760154922,4.97472268088847,4.448065786842574,2107.5903921248964,2106.526864218264,166.64217550628143,[-0.97730387  0.1938911   0.08534275],[-0.17157211 -0.96075286  0.21798385],[-0.12425842 -0.19839403 -0.97221379]
57,35.53700360784143,192.01160185709688,65.39922101961143,4.440309157198454,4.153353511054276,6.421157832334316,5.230014444457622,1555.928924031752,1555.5185873059017,54.02185924223759,[-0.92781739  0.26232742 -0.26521542],[-0.33063146 -0.24908054  0.9102976 ],[-0.17273602 -0.9322785  -0.31783495]
2,196.7573469928311,62.75464624368332,75.38389743809266,1.289821940218701,0.22755307535398117,1.1219045274976764,1.6039704405120716,310.92541004103356,310.92411928856234,0.8959094913821593,[ 0.3823299  -0.88678354 -0.25968981],[-0.22995875 -0.36351358  0.90276068],[0.89495409 0.28543446 0.34290575]
94,14.157125332427636,122.0353132021613,100.03553191516455,5.344804643385543,4.149440830468389,8.726553142012511,7.536667495618338,1539.0730913223344,1538.4731141159284,78.14639917134508,[-0.9448632  -0.13460606  0.29852092],[ 0.31480463 -0.62440737  0.71485207],[-0.09017525 -0.76941318 -0.63235416]
100,12.52210957772958,107.79977782890954,119.06778555162639,5.208629005006002,6.278377681139699,7.265277777093164,7.4939099999066,1613.9484787691176,1613.6223147396636,78.78026944542579,[-0.98166758 -0.07786952  0.1739687 ],[ 0.17393831 -0.73921723  0.65061767],[-0.07793738 -0.66895009 -0.73921008]
3,172.29280549685947,194.2198350854167,73.55298197894143,0.6434487398674591,1.4919210403345262,1.423823690123585,0.296300232487605,467.39955828893324,467.3853777749831,3.707057101777477,[ 0.67015073 -0.34576796 -0.65676671],[ 0.37846327 -0.60199835  0.70310991],[0.63848535 0.7197517  0.27256916]
1954,91.74664244978271,124.20354351019574,147.76771438631403,13.739147655470076,33.55231050934174,14.304121000046775,24.7167808106655,9589.801712348948,9526.94594321479,1313.1361046332318,[-0.89078061  0.14670262  0.43010259],[ 0.15285226 -0.79458733  0.58759439],[-0.4279557  -0.58915984 -0.68537916]
19,30.563059785365787,64.17385270089503,90.95649405899655,2.461420335520113,5.282276699744687,3.5055023907533416,2.668093758310215,503.9500018197806,503.41350543599043,27.10164232447942,[-0.94842381  0.29789502  0.10840126],[-0.17435568 -0.77578134  0.60643501],[-0.26474964 -0.55625702 -0.78770918]
282,131.54241987178608,12.096056771939216,125.86839692424977,9.021951199433152,6.718588091427526,11.850124565872454,11.41667801335029,3074.981658923298,3071.247904342874,198.75304502530213,[ 0.35745569 -0.88839677 -0.28805661],[-0.59439733 -0.45431201  0.66354533],[-0.72035911 -0.06596798 -0.69045708]
512,106.85036780478632,102.0333804888794,182.80159092250884,15.720056458009557,14.672205998851535,11.733871554091497,12.03784835521066,5340.9996396564575,5331.82012386726,479.5742943956605,[ 0.15479598 -0.89753747  0.4128737 ],[-0.87748702  0.06711107  0.47488171],[-0.45393253 -0.43580109 -0.77718896]
554,110.2638563557521,125.23604769155735,35.74233012898795,13.516484413459839,13.540145342995059,12.419428415590112,13.299032312642492,4040.7455686090243,4039.769176686343,440.1479696827952,[-0.55390273  0.26408493  0.78958908],[ 0.52472013 -0.62558815  0.57732854],[-0.64642134 -0.73409714 -0.20794431]
160,60.922772739429185,181.60417276116476,76.36332053962103,6.483491154358882,10.910843768592933,7.837822424860513,8.182736958543606,2613.938450227187,2611.72797982014,157.3924641606442,[-0.90098043  0.1279928   0.41455048],[ 0.31805497 -0.45501783  0.83174504],[-0.29508524 -0.88123585 -0.36925342]
59,58.688239508062594,51.05443810297371,169.78552660558057,5.572689684266681,3.313196266894006,2.6635074640550145,3.53210652255293,1435.320000272025,1434.9511144268367,46.599897787623156,[-0.12570249 -0.93719788  0.32535982],[-0.94089823  0.21659307  0.26038041],[-0.31449865 -0.27340001 -0.90903412]
29,57.52757250567107,10.746193693552868,115.02676321699606,2.9822554664978145,4.069709513224772,3.7229887372717285,4.122615101746279,695.7023236865246,695.4740832093104,25.413755837863498,[-0.82188936  0.43291199  0.37025004],[-0.35472601 -0.89751534  0.26198409],[-0.44572115 -0.08398462 -0.89122345]
3,91.08266965138255,2.1709151661358193,109.03682958290028,1.3720715284770064,0.09462516819080591,0.5702826174868648,1.3051154334817585,246.12198239336243,246.11886509094018,1.2447094975942503,[ 0.07872255 -0.99583775 -0.04593404],[ 0.76344988  0.0898535  -0.6395863 ],[0.64105152 0.01528153 0.7673457 ]
42,155.96415765477096,44.58170641904149,191.8259058658257,5.942267914630855,3.5156283428581676,3.845209711138196,3.1853557029798343,1628.8118482050045,1628.2572648221505,46.86840643965123,[ 0.41359241 -0.90159292 -0.12677355],[-0.66584764 -0.39449142  0.63326412],[-0.62095752 -0.17750136 -0.76348217]
3,137.79859466389857,52.38268570728428,188.02141954144813,0.24630022479998118,0.694089476183768,1.1584459957781703,0.659488965490281,413.8342327227848,413.8295652868063,2.0835560579289916,[ 0.66367928 -0.68744067 -0.29488158],[-0.47633964 -0.69235917  0.54197725],[0.57674116 0.21923528 0.78695967]
106,43.64805123967489,16.8662866889524,112.82231376932563,5.990257410204327,5.199101738664119,7.609913591866334,6.051057890655634,1261.589844454762,1260.056539674953,94.78967080161411,[ 0.27715407 -0.96011515  0.03693954],[-0.89260505 -0.24305712  0.37970971],[-0.35558662 -0.13821051 -0.9243679 ]
154,55.1061604684032,78.5875992375252,177.4471068939133,10.784926595471923,8.772881044927773,8.669356820631608,8.520630010521854,2510.696967375759,2506.8624347511177,174.28062647352533,[-0.26478047 -0.84852517  0.45814446],[-0.92520359  0.35746537  0.12734526],[-0.27182644 -0.39015836 -0.87970838]
12,45.336422561061966,103.51288867929418,52.7466437828659,2.037949870716742,2.8762290883902653,1.898235647094653,2.024930019812201,432.1801197257629,432.11362239008685,11.970353232182093,[-0.54766917 -0.17689145  0.81778231],[-0.75368596  0.52873955 -0.39037413],[-0.36334    -0.83014692 -0.42289495]
27,55.33810722677872,44.25501640270564,60.74797529166725,3.0549736104407423,3.9478129719709547,3.6451837972965664,3.5289656819993396,485.84856937671003,485.50709322677193,26.421498009247344,[-0.71415924 -0.06435884  0.69701831],[ 0.37224253 -0.87820886  0.30030767],[-0.5928002  -0.47392736 -0.65113807]
71,22.231943836713423,150.2562367365623,102.56024400886963,6.494790727876063,3.5929282203769084,6.116853264905435,4.915581683343177,1546.1231332143243,1545.165840071638,69.66617664604179,[ 0.47546577 -0.5429768   0.69217664],[-0.87138162 -0.18250995  0.45539454],[-0.12093955 -0.81967452 -0.55991723]
60,26.853028233441265,107.81379410646841,192.918306190121,3.304743314284696,4.277055231932076,3.3825001543223108,4.249272145064232,1725.006283805819,1724.923772932137,36.80572568642259,[-0.92935778 -0.25162806  0.27014338],[ 0.34888247 -0.83789957  0.41976818],[-0.12072756 -0.48436311 -0.8664971 ]
211,86.97369051911737,180.59487492440687,98.264546666701,4.882067009837319,5.412953424393599,13.65314251035577,6.809481232837385,3249.6710274312322,3245.0186393562235,202.20597714562336,[-0.86693617  0.48340509 -0.12141337],[-0.31145143 -0.33522953  0.88916768],[-0.38912683 -0.80866599 -0.44117981]
6,188.95436217381734,96.06205195732285,19.856175958399536,1.0137037621251885,0.9045195765612738,1.488545106454832,0.9748563337188224,521.5147120851501,521.501399089503,4.321163049407041,[ 0.43467704 -0.75285157 -0.49423718],[ 0.15277923 -0.47919644  0.86430855],[0.88753275 0.45120426 0.0932756 ]
101,42.91736961104978,56.5540397671951,79.50237565343559,7.28425315567294,4.498432570186625,4.368513180354874,6.070907998839188,1074.6084032813392,1073.8621587798937,74.81284205244002,[ 0.00926215 -0.81715779  0.57633962],[-0.91448001  0.22624185  0.3354712 ],[-0.40452505 -0.53015825 -0.74517898]
309,116.61905777811505,34.59187041522303,165.12501695814234,13.550765418117603,6.034306435568261,6.893360820468894,9.117563717896738,3615.1471268691375,3610.33561913289,237.47083938974907,[-0.00451526 -0.97808478  0.20815806],[-0.82177444  0.12223913  0.55654682],[-0.56979503 -0.16854602 -0.80431701]
54,129.2783658364768,8.154945387005768,102.03829690426807,3.440736314359683,2.8583413481785294,3.242774470858882,3.4698082098653225,1212.2618134527324,1212.1752204474788,31.625479097476358,[ 0.26242568  0.8769723  -0.40255726],[-0.56256056  0.47799114  0.674574  ],[0.78400152 0.04943729 0.61878718]
11,47.66013512404834,168.83351633464517,15.625790178398097,2.1318673459285873,1.7289827419078703,1.5197679761259488,1.8233020239949218,584.2145052451299,584.1981689909701,8.45568283751101,[-0.00885736 -0.08965987  0.99593306],[ 0.96264237 -0.27031619 -0.01577419],[0.27063115 0.95858764 0.08870467]
17,178.50696199646632,83.2865823637724,168.71381536477037,2.515226948632868,4.397349879445123,1.573325435613547,1.8148968297404842,1069.5420051891856,1069.4149654329437,20.578072847023506,[-0.67366181 -0.04974523  0.73736367],[ 0.26915871 -0.94572289  0.18210383],[-0.6882829  -0.32114425 -0.65048675]
12,59.88357602758639,8.818597030056306,67.52482465484006,1.2108465485028237,3.8982304470398965,2.057962492442136,1.5526630382025377,314.46588422474736,314.2489873164269,14.90696770440675,[-0.75052997  0.12356695  0.649181  ],[-0.02866891 -0.98752603  0.15482385],[-0.66021425 -0.09758863 -0.74471042]
275,51.77254375257384,100.97091638343709,123.18030735327534,5.930140527236172,13.70938600245143,6.783434879139311,10.09007404522947,2789.309559815362,2783.463320010346,216.80792315208436,[-9.22009707e-01  9.12575923e-04  3.87165686e-01],[ 0.23343716 -0.79647628  0.55779264],[-0.30887731 -0.60466909 -0.73414583]
365,156.13282472088963,168.98661586614836,185.6506496308749,16.840626132268152,17.1357552804612,8.313458265210427,16.420277440544133,5664.6526950485095,5660.927634566398,373.5226050115856,[ 0.49172919 -0.80824273  0.32395383],[-0.69182102 -0.13672003  0.70900727],[-0.528759   -0.57275764 -0.62638854]
20,96.64163433142211,166.7192150181483,52.56875603270324,2.892608024439759,3.18455318495588,3.5413445272600863,4.085074625322875,893.5874156355243,893.5262172109824,17.01373437526471,[-0.87456904  0.45015763  0.18024181],[ 0.0319103  -0.31747293  0.94773027],[-0.48384991 -0.83460712 -0.26328733]
230,168.89648160700358,128.53001663209795,83.78399866499026,8.088793217115159,4.374764529429711,9.010839344621198,8.449058068621166,3465.0899957941065,3463.8245141307907,146.84854088962703,[-0.66636875  0.68636722  0.29129491],[-0.08841146 -0.46065215  0.88316647],[-0.74036214 -0.56276073 -0.36764693]
8,136.51774752678637,50.015118699516094,174.6859528737392,2.468325821776735,2.23220609421091,1.9120877362213922,1.8389577725144173,642.906320898864,642.866099136044,9.53825666173181,[ 0.52662363  0.61446392 -0.58745352],[-0.60153206  0.75764727  0.25323862],[0.60068855 0.22001069 0.7686147 ]
26,66.97192121354583,51.88529507716142,57.65598917243704,2.103936372432697,2.353794568204815,4.80728578615172,3.3120498209450338,523.225285704804,522.9356765374321,23.94588885046566,[ 0.51296329 -0.84285432  0.16268147],[-0.55715362 -0.18273446  0.8100543 ],[-0.65303025 -0.50616669 -0.5633354 ]
5,137.26445287041935,19.47527191524841,29.843025150728657,1.8458964890246337,2.1846157875673127,1.5037934300701394,1.9885617267433922,317.1819186322461,317.1466685332922,5.67959144955986,[-0.13186245 -0.43542378  0.89051582],[-0.21397395  0.889684    0.40333303],[-0.96789847 -0.1373627  -0.21048526]
64,4.162939973934976,67.76095313984382,107.76961779457997,3.4297354379272322,4.48067423447457,6.007367640702926,4.773995134395471,1020.8522602846688,1019.9149562097703,53.79916192963745,[ 0.92247802 -0.34185519  0.17935813],[-0.38469115 -0.77505778  0.50129649],[0.03235789 0.53143247 0.84648242]
4,114.96423148186136,17.424521993947884,195.5048146719886,0.6544493288717894,0.5959092138495605,1.3111583162568066,1.2673130787273978,454.94956406222974,454.9477925808187,1.8944506013682874,[-0.3826925   0.91263341  0.14368964],[-0.77338269 -0.4015368   0.49055827],[0.50539654 0.07660588 0.85948   ]
285,55.2311153781247,43.546447344463964,103.45223684617775,9.373919105826376,6.40255580134064,10.59318734804226,9.220025218327029,2126.010746414948,2119.8579995065757,209.04996015529855,[ 0.08417079 -0.93365594  0.34814057],[-0.89427524  0.08333076  0.43969054],[-0.43953051 -0.34834259 -0.82793138]
376,15.323662778820976,188.16676356871943,107.04000122333377,7.161792173701324,6.429899438410149,10.59436162988704,7.756137387747443,4215.24009136876,4213.068922362136,233.23010827203458,[-0.98218426 -0.02573926  0.18614931],[ 0.17404391 -0.49817708  0.84942823],[-0.07087166 -0.86669319 -0.49378145]
76,33.392849053649954,111.3721375404005,161.39508079387878,9.930304655294767,5.079051577962505,4.641554488454677,5.286681583089441,1737.0006152321234,1735.0169747029618,94.57887758658937,[-0.36287657 -0.73007575  0.57905958],[ 0.91647302 -0.39199792  0.08009265],[0.16851645 0.55975622 0.81134159]
320,172.21194981771163,159.2691263497385,146.98773431251357,10.494894134378383,10.325332578440008,11.206246317202329,15.736626727452597,4961.794931379018,4961.0452943304945,174.00564412935165,[-0.69135418  0.08484952  0.71751652],[ 0.36762652 -0.81360874  0.45043485],[-0.6219969  -0.57518812 -0.53129887]
28,7.114524776862298,57.123815134369394,14.627313958413989,3.37530449643211,2.90941988915983,3.1972795822197524,2.882584949622697,315.351109415049,314.9268479650212,24.7127513858599,[-0.63618515 -0.11656292  0.7626805 ],[ 0.76224018 -0.24794665  0.59792337],[0.11940838 0.96173569 0.24658892]
2,82.81769740736041,60.304185753844635,196.80103808250715,0.029228382756002702,0.2554873345058333,0.2635717860952411,0.314143228027433,313.77109494600234,313.77097730593067,0.2717058967248286,[ 0.80667001  0.37713986 -0.45502639],[ 0.45820483 -0.88537533  0.07847845],[0.37327178 0.2718015  0.88701303]
20,91.01514571255932,71.43056517422771,37.74951212908985,4.0243836478015345,3.1494711208451274,2.3108255181612614,4.439858366542277,544.7993533242303,544.6694469641741,15.210860415431213,[-0.48627546  0.16637292  0.85782063],[ 0.45173516 -0.79247645  0.40977605],[-0.74797829 -0.58677178 -0.31020535]
239,118.21026350453965,127.0975038818112,102.76113722392489,9.97905340467099,8.480147728173494,7.252666613386226,9.016171463402378,3124.6051752046387,3123.8112467720202,185.17461997661314,[-0.72254286  0.69095648 -0.02260446],[-0.36576362 -0.35432916  0.8606206 ],[-0.58664197 -0.63010316 -0.50874475]
335,94.82760844369682,86.32105989349984,83.25257760259784,12.329117001337227,15.123835963640737,7.371386449824007,9.209471658359881,2820.8502660850413,2806.8411687611797,341.9407756317729,[-0.34013579 -0.43104566  0.83576748],[-0.7078538   0.70245     0.07420917],[-0.6190724  -0.56635999 -0.54404569]
5,95.90682234209223,118.43240493315461,16.858786151453103,1.4395621060258983,0.948803959313309,1.6099100122586418,0.565717398745316,342.8812182248312,342.85217680852344,5.120218157386206,[ 0.52288132 -0.51960122  0.67572901],[-0.57906724  0.36520463  0.72890789],[-0.62552079 -0.77242485 -0.10992537]
106,103.64223797841483,103.87533694862165,121.09513032718728,11.840388549578641,6.997339440068719,3.6469576395147625,9.166607956197883,1963.5335405044361,1961.7515210268543,111.82115007605047,[-0.05454768 -0.73381401  0.67715696],[-0.83597771  0.40442432  0.37092079],[-0.54604561 -0.54585526 -0.63551257]
17,177.26912168141084,164.4679382128256,86.23055169370362,1.8311804734303425,2.3745619751304794,4.870998206774688,3.109485472867094,1058.763962762984,1058.6183920715246,19.747728577725464,[-0.59258954  0.76727023 -0.24522244],[-0.41490434 -0.02980487  0.90937674],[-0.69042888 -0.64063099 -0.33600579]
5,154.48352676625694,44.033530613014044,31.90036471007259,0.7040186084136306,1.9039914657950308,1.8112722589596062,0.44040728654262973,366.24515542335297,366.2238249536594,6.005229759259047,[ 0.31507069 -0.53986996 -0.78055806],[ 0.10468441 -0.79765926  0.5939536 ],[0.94327707 0.26884963 0.19480309]
730,181.50911783915154,94.41530314301632,66.48494347440169,10.128445001450922,11.857205780485929,10.454883645834578,13.020414600292927,5829.511016302096,5828.127154831484,365.02615677010425,[ 0.32349218 -0.87431071  0.36184748],[-0.42949065  0.2050759   0.87947806],[-0.84314328 -0.43991438 -0.30916782]
55,38.95132801260424,191.67695055684672,136.68289001086725,3.234861691866062,3.6041737394873175,4.190492891554041,3.949168134963018,1770.1572714000251,1770.026453844837,37.45782905824407,[-0.81258766  0.43871884 -0.38370181],[-0.55952766 -0.40286852  0.72431054],[-0.1631873  -0.80325758 -0.57284131]
106,180.8054190886906,121.38802341048931,120.13798695759131,4.37542439853919,5.68752608072908,11.221170001669883,3.9350070997630593,2563.978556713478,2561.3556901211364,130.93607889867062,[-0.63366028  0.74781415  0.19811271],[-0.26477243 -0.45026369  0.8527357 ],[-0.72689078 -0.48788996 -0.48331478]
5,112.52439824739281,62.5430674227365,43.81760864688425,0.5235282015962325,0.8891760189777477,1.778350385801265,1.0252448792871485,304.11253733034107,304.0978103420913,3.9927375875849056,[ 0.52690082 -0.83430869 -0.16218674],[-0.19429498 -0.30400855  0.93264584],[0.82742068 0.45989979 0.32228434]
13,93.56710997752234,5.272120013493192,41.26645591384931,2.2010441030249495,2.069404716125996,3.2476489184466626,2.7616476918580823,369.4917774325794,369.39898608192965,12.460272001529649,[ 0.23377   -0.8778704 -0.4179655],[-0.33267239 -0.47614858  0.81400958],[-0.9136086  -0.05124544 -0.4033525 ]
77,182.63436623412971,22.769997972183386,187.63779306865365,4.765218193729702,6.207347939796054,6.510522997870439,5.904592411714403,2307.680012737792,2307.3513443446705,72.71061779632336,[-0.56939013 -0.54026956  0.61959961],[ 0.43944333 -0.83701919 -0.32601907],[-0.69475494 -0.08664687 -0.71400832]
47,98.97495765793288,34.83951286358624,58.806060895717636,8.232312268065169,3.4295522512191634,3.4699491917877148,6.704677016226372,826.9364627417084,826.1755366128327,46.9969465978084,[-0.12926705 -0.74253897  0.6572107 ],[-0.55172571  0.60456698  0.57454113],[-0.82394707 -0.2883308  -0.48782843]
21,161.7036317430712,3.9519128243095825,169.43198771872886,3.275276756851878,2.0675770148437445,2.50805805551362,2.2717789038965255,1073.612861314925,1073.539702244264,18.417622272702847,[ 0.01841301 -0.99981422  0.00569993],[-0.72324594 -0.00938293  0.69052681],[-0.69034504 -0.01683713 -0.72328434]
151,53.36738913648199,156.14835973505959,96.9769050453125,6.099837068148639,6.203910436143299,7.0171663301982505,6.858206654664938,2355.331900253884,2354.184420145173,108.17007038438523,[-0.68739586 -0.19923021  0.69842269],[ 0.67066686 -0.54318371  0.50513109],[-0.27873446 -0.81563397 -0.50699933]
4,71.35064653660874,198.64120969324193,101.04816609861935,1.646556486010775,0.4208178549587456,0.982854261361869,0.7180170635950367,468.0316005120909,468.02108054884985,3.6520628753495052,[ 0.14972625 -0.49049844  0.85848316],[ 0.94053847 -0.19710421 -0.27665378],[0.3049089  0.84885877 0.43182098]
3,13.460841325027163,197.36011407912406,2.6059331799830407,1.072290432473457,0.7464291235854794,0.5556360213347075,0.6787481892361791,342.6691335021542,342.66497796068467,2.1611545779941803,[ 0.03796329 -0.01578472  0.99915446],[ 0.99696128 -0.06746432 -0.03894577],[0.06802203 0.99759682 0.01317559]
11,63.91460401567583,63.49827589054133,94.08621227697863,1.9353773005112038,2.162893427569343,3.1184702092072976,3.5762543763870807,432.25355224939597,432.22889492714245,7.70876070814337,[ 0.38017175  0.62618703 -0.68070496],[-0.78411998  0.60852743  0.12186149],[0.49053572 0.48742607 0.7223507 ]
3,66.94390165028737,171.08004442270013,63.309821999218435,1.364236254521261,1.3933929336791828,1.5196928638156069,0.71601946540608,336.581026622422,336.5725895066741,4.096851471515815,[ 0.8989981  -0.20946205 -0.38461417],[ 0.27039213 -0.42537968  0.86367831],[0.34451488 0.88044181 0.32577864]
5,70.68139818415787,28.354812580094592,75.38265875735117,2.0747942670096924,0.9347798288477406,1.8691687173111757,2.3760685923772176,239.68810361972055,239.67697850090997,3.9101909228034017,[ 0.64249699 -0.68405584 -0.34534798],[-0.38988478 -0.67980106  0.62117661],[0.65968741 0.26445818 0.70347309]
9,61.64086813592948,3.219587415905023,92.38029268862738,2.632183680335215,2.445929863155345,2.5645670950209554,1.961655692746617,333.52606427698566,333.4113944684057,11.893070367268642,[-0.41906546 -0.8536069   0.30941784],[-0.71879608  0.52010527  0.46132711],[-0.55472185 -0.02908207 -0.83152745]
2,199.56478124792727,178.02445238050376,195.63267624399606,0.10152614506498026,3.6366928535001932,1.1946778738839754,1.309616348745493,468.6269618192931,468.59933221005605,5.088732285250287,[ 0.77509596 -0.21662333 -0.59354914],[ 0.1910269  -0.81509057  0.54693335],[0.60227483 0.53730968 0.59039253]
12,148.3213091543175,137.42616658838907,184.11390418610847,2.771913205016722,2.4691060550627566,2.8810295041325107,1.7102413879610325,947.4249859005206,947.3541474308607,15.170515207233848,[-0.09454777 -0.75978948  0.64325786],[-0.83482798  0.41251735  0.36454311],[-0.54233104 -0.50254292 -0.67329611]
90,103.75456180835725,59.51797224267868,4.77769051622842,8.848489007349109,11.214212979966796,3.2745977056556232,5.562392357320571,1143.732300497132,1137.2668108472567,128.84464723430838,[-0.06094889  0.02638198  0.99779217],[-0.49413874  0.86775823 -0.05312769],[-0.86724399 -0.49628585 -0.03985254]
42,111.37331822816475,17.674027855403178,44.75731683779189,6.691234755667987,2.6579731702737597,5.134909841005834,7.440638379600287,788.2128979023802,787.8874506291321,31.141365021326582,[ 0.18873241 -0.97852419 -0.08288842],[-0.34923529 -0.1457663   0.92562784],[-0.91783157 -0.14574842 -0.369246  ]
3,191.66316242272933,195.6346514016343,149.95855465793704,1.0040917991515927,0.873335238553805,1.2278469502782965,1.398196689871972,540.8274993747826,540.8260660621561,1.9924781905263467,[ 0.26272944  0.4115583  -0.87269296],[-0.74443991  0.66186313  0.08801376],[0.61382609 0.62654367 0.48027135]
58,58.32565076927044,28.621546513924876,130.18611507886942,3.6207590650486674,6.544571157021365,5.227718181649947,5.099031684651916,1109.8783730485236,1109.142970273555,57.38566990826644,[-0.83775657 -0.31684213  0.44471901],[ 0.37121312 -0.92775739  0.03830195],[-0.40045568 -0.19717324 -0.8948508 ]
8,127.97354463875831,143.83328471620334,196.1686136794713,1.6894259345305762,1.688931732872465,1.7442890463996654,0.8529686581027986,777.4456018018559,777.4393925307864,8.011547685478572,[ 0.87925214 -0.36525395 -0.30578625],[-0.1006705  -0.76990586  0.63016698],[0.4655976  0.52329201 0.71371167]
11,63.606934376320055,169.4882592540697,5.220922558221667,1.2062250822952545,1.9358745007352087,3.8264566727905254,2.042073762103376,600.8377929148245,600.7040161024133,13.090112108110842,[-0.92968105  0.35221859 -0.10786658],[-0.11104954  0.0112201   0.99375153],[-0.35122804 -0.93585051 -0.0286826 ]
11,195.71717822027247,190.564382872054,113.48856795783858,3.0100473432155175,3.3490004627505665,1.6954096876428848,3.3892930583174583,981.1696360955502,981.1623264421521,11.327490369027727,[ 0.71862262 -0.3988528  -0.56964724],[ 0.21399488 -0.65257641  0.72687703],[0.66165529 0.64425187 0.38360371]
2,174.40967701461824,145.99481203537002,133.1355966059652,0.019154077885588094,0.10887062682016335,0.02347547182709775,0.05949286034754664,372.71522757194305,372.7152028040019,0.1358778015992611,[ 0.4370634   0.26239932 -0.86030354],[-0.60912502  0.79011341 -0.06846541],[0.66177209 0.55395613 0.50516364]
5,152.61850350954956,164.806306988311,165.6952296530203,0.37226077653086165,1.240528410088723,1.615664454511212,0.6437563307302153,624.1493700492238,624.1357671396572,4.397989601361728,[ 0.83717803 -0.37471985 -0.39839426],[ 0.01278035 -0.71481654  0.69919524],[0.54678114 0.59044251 0.59363965]
28,141.0078279027014,132.26670285637783,148.60117807702918,3.9579666088381877,4.290432642410418,3.3143409387276357,3.741721583443183,1290.6538516219541,1290.591753219625,29.474162642365226,[ 0.18085055  0.64310136 -0.74411943],[-0.79555937  0.54049616  0.27376851],[0.57825459 0.54248    0.60937434]
276,110.70639952781919,149.68483136394568,83.60925043865144,8.643687687005148,8.329450020093438,10.34745093588261,7.9241732517927135,3398.8733487561312,3394.960253772944,228.97587417455853,[ 0.41177458 -0.657105    0.6313911 ],[-0.73271366  0.17321543  0.65812393],[-0.54182321 -0.73362759 -0.4101441 ]
4,130.040927705634,69.0512965558314,12.240514357371158,2.384371425428208,1.1041517435261987,1.9840135949982218,1.906730129431104,295.5564895702519,295.52096458206347,5.374335384489832,[-0.37415947  0.57576395  0.72698044],[ 0.29189135 -0.67095944  0.68162517],[-0.88022959 -0.46723582 -0.08298531]
14,4.860022000811212,179.35375233457395,144.52025532054628,1.542571953134345,3.113644828828994,2.817180212097208,2.726188672595038,862.1781841789217,862.0925648182197,13.239371200874567,[-0.93092862 -0.21351219  0.2962844 ],[ 0.36459173 -0.59020256  0.72023178],[-0.02108955 -0.77850722 -0.62728123]
3,118.9714617657199,183.978300939511,23.09798614455318,0.690285997276087,0.9906891510263629,1.5321017238833798,0.8984050254072962,381.5979293071828,381.59048168342696,3.0002968051265633,[ 0.79888254 -0.4693684  -0.37613825],[ 0.26489255 -0.28689371  0.92061063],[0.54001724 0.83509598 0.10486219]
2,190.36336945875263,177.53937202322936,187.49186539582382,0.8857087840436577,0.21606726680722943,0.12860692003900454,0.5699957212572144,453.67937653050024,453.678224159197,1.0225521311857282,[-0.27308614  0.82147567 -0.50060132],[-0.75715981  0.13745526  0.638604  ],[0.59340794 0.55342911 0.58445123]
47,150.04242031449766,62.329415490412636,11.049184780667352,5.715969296712225,6.201536069315129,4.586507095760977,4.172943244411151,1118.0102266059196,1117.1576719178456,59.4460758614875,[-0.18062622  0.26773399  0.94641042],[-0.34360039  0.88443352 -0.3157786 ],[-0.92158176 -0.38222488 -0.06775838]
73,28.133533506327943,17.889635327528556,192.42659600889334,3.1670337922678486,6.011117142420683,4.725649570229671,4.771710063258534,1669.8677628929206,1669.2985593150518,57.927760280283366,[-0.96687705 -0.19904392  0.15978199],[ 0.21078802 -0.97568272  0.06009684],[-0.14393461 -0.09178638 -0.98532131]
17,151.00983933806057,130.39488731030463,12.098559356517342,4.228869654798112,4.3263158523736855,2.9497337154049705,1.8247530904286065,824.5181838884982,824.2621850748538,26.64117229369172,[-0.09060644  0.01249603  0.99580838],[-0.64882866  0.75784094 -0.06854537],[-0.7555209  -0.65231967 -0.06055749]
12,152.8027928151258,108.23674792415551,167.48044337020613,1.322491509448949,2.0554446073751955,1.9748845740484577,1.3265774085034563,870.3211920296543,870.2912185985191,9.861935859115535,[ 0.7748448  -0.50452916 -0.38087512],[-0.17225505 -0.74821829  0.64070086],[0.60823    0.43083607 0.66666075]
17,157.65402814794692,72.54232756491554,39.463670661290905,2.199836485926661,2.873338526855509,1.9764893043646905,2.081853607235478,733.950152141218,733.9037926617567,14.683626128068509,[ 0.31757936 -0.18428938 -0.93015094],[-0.33830314  0.89435758 -0.29270378],[0.88582974 0.40762967 0.22168383]
122,134.54296879882483,171.7773671292016,137.86635747518372,5.604466454878509,6.933139584090955,8.062731366565245,7.1143481214137365,2853.5326902944626,2852.303490476933,106.64830555444665,[-0.84572325  0.3193511   0.42751264],[ 0.11386096 -0.67470767  0.72924978],[-0.52133278 -0.6654205  -0.53425434]
20,175.44541268687584,109.48219728121003,111.82336298274865,1.9119391728711594,3.4423905415970903,2.3274311285644402,2.667186808930959,1051.5587454452916,1051.5045118759201,16.604845574804795,[ 0.6352554  -0.28467056 -0.71792287],[ 0.19897187 -0.83788092  0.50829692],[0.74623104 0.46574482 0.47562695]
8,7.80176350165531,14.363475074518616,189.59830515389774,2.232457806957603,1.6060012137586197,1.8921235970157964,1.900981155123423,538.3260576533005,538.291703269496,7.778022180428026,[-0.51351106 -0.85378158  0.0858103 ],[-0.85710121  0.51513468 -0.00371112],[-0.04103537 -0.07545382 -0.99630458]
19,89.72538253241741,62.89438246308149,51.803553617558,1.7619403238617755,2.8411698809920525,3.397144846338307,2.3348168340474587,528.6649467896342,528.4566052338856,18.126405271705355,[-0.65882643  0.68678766  0.30703491],[-0.13417646 -0.5088608   0.8503278 ],[-0.74023267 -0.51902157 -0.42740168]
25,34.5696985003652,21.719597886348105,70.67370307381474,3.213288547641774,2.5434762476878614,2.7842985803072504,2.62973288345342,408.7009736064237,408.4469423143498,20.995589963359194,[-0.50924315 -0.72081436  0.47021067],[-0.74912296  0.64021502  0.17011617],[-0.42365811 -0.26561511 -0.8660037 ]
111,20.137614333608774,16.66726740247303,105.24383628077722,5.796207254824774,9.762589272038095,6.044469607548517,7.283374776007233,1149.0613487655962,1146.6448333593535,110.54163255638504,[-0.98160787 -0.01199354  0.19053121],[ 0.04174082 -0.98736062  0.15289446],[-0.18628927 -0.15803534 -0.96970157]
225,180.22539001493652,40.66711746726316,111.86786896012894,13.716808369859312,16.83460494922353,13.562426198435764,13.65090266556243,3257.683222626801,3250.760460783383,327.5216165491203,[ 0.4698382  -0.73729496 -0.4854361 ],[-0.28785361 -0.64781634  0.70531857],[0.83450126 0.19165107 0.51660189]
21,121.57114804908906,152.14834743183897,166.2803927637015,3.44902309991326,3.6280129722924395,2.839613683030168,2.781549626042034,1173.7812405925754,1173.6111646647585,23.119582776003057,[-0.15490878 -0.66983405  0.72617189],[-0.86644666  0.44525269  0.22587657],[-0.4746298  -0.59419894 -0.64934903]
5,183.39069730188635,145.19577494633455,66.78513462938456,2.7993626466825887,3.068948406229911,1.8350643064875902,0.9900960715139809,544.0282219273248,543.951519200884,9.920339573241746,[ 0.03218606 -0.45091645  0.89198566],[-0.65621252  0.66362222  0.35915272],[-0.75388938 -0.59689186 -0.27453763]
62,185.73288574639923,16.787526898404494,116.6966440558508,6.07817375970274,4.998161068368902,7.66389954252512,4.801007929152947,1733.9516586238735,1733.0419089151717,78.24205790180814,[ 0.11681839 -0.99221986 -0.04304903],[-0.52302115 -0.09830999  0.84663098],[-0.84427622 -0.07638651 -0.53043639]
35,70.26010732788889,162.88599071533827,119.25899940105388,5.9825003353412205,1.8982442738560659,5.214661099612212,2.1528627005693415,1265.4509527807074,1264.7147542719383,46.52043695010702,[ 0.49507563 -0.6421109   0.58531506],[-0.80431657 -0.08392514  0.58824436],[-0.32859547 -0.76200404 -0.55800973]
2,172.87531242765812,168.3266511510176,123.40381501675719,0.07805853858695855,0.8678789030126524,1.3636549345747113,0.03209628837686296,383.2775901538548,383.2707599742302,2.2881571017664157,[ 0.76772016 -0.55958849 -0.31219623],[-0.06089933 -0.54872107  0.83378442],[0.63788481 0.62110057 0.45534279]
15,28.525675124673622,159.46328694560816,54.06893525030089,3.2181865300545387,1.9912207091253775,2.3512544355856497,1.8675513902519891,661.5845994874828,661.5344785693279,15.638649518764092,[ 0.43378141 -0.3579538   0.82686321],[-0.88538079  0.00088995  0.46486563],[-0.16713628 -0.93373888 -0.31653937]
48,23.976596662046386,5.961013402288754,124.78446544040919,2.9186456446240205,2.7170836184367246,7.043150866793409,6.713664528567751,882.9031833549756,882.7319762824851,31.40021402649418,[-0.10503217 -0.99217383  0.06752281],[-0.97663131  0.11571255  0.18111294],[-0.18750876 -0.04692221 -0.98114157]
17,126.2367187949099,148.89243429104437,4.9675722110536,3.877387691548828,3.8769405218308863,2.213526676513444,1.9968884026944411,805.4267050296179,805.2017620096111,22.899742049389662,[-0.08180237  0.03613645  0.99599324],[-0.75856141  0.64593628 -0.08573749],[-0.64644641 -0.76253556 -0.0254274 ]
149,128.08875932543305,46.60827058585976,26.73531322431431,5.697992281907969,11.182828759191043,5.3842675769361446,7.194515201621806,1702.5939552862162,1698.9538662092766,140.97607205606832,[-0.12707745 -0.20666649  0.97012385],[-0.36731875  0.91832241  0.14751574],[-0.92137303 -0.33759875 -0.19261055]
3,60.73177347892183,118.23015608025969,94.23535004491426,0.81294643783207,1.2239344182215104,0.9732991315237591,1.0188911261700446,282.2227349878698,282.2142020477814,2.4950267320122,[ 0.9272093  -0.26673305 -0.26293802],[ 0.0365333  -0.63426701  0.7722504 ],[0.37275761 0.72564375 0.57835363]
30,10.101361754669604,36.99828385388148,185.42597470852806,4.828427179439816,5.118321197857378,5.986112897584804,5.3131726139776285,1038.2091570380592,1037.66451340301,41.435839810432995,[-0.80252092 -0.57527161  0.15818582],[ 0.59422989 -0.79442296  0.12563036],[-0.05339487 -0.19481973 -0.97938463]
5,164.33973413631588,18.642427282312216,54.20854185236976,1.4526454728184244,1.1994087336541865,2.2933358433742934,1.2334068394252968,389.24270427928116,389.20222122953834,6.030991408175891,[-0.21600379  0.91524048  0.34011355],[-0.24861115 -0.38841064  0.88731599],[0.94421124 0.10710759 0.31143716]
58,144.69778003201282,39.78617764733903,108.51959277960289,3.648580817621557,5.440348002951894,3.662593741386907,3.6021994093004865,1411.3929716850548,1410.8298081718099,50.01910979817315,[-0.41152105 -0.52844323  0.7425619 ],[-0.46934612  0.82128327  0.32435784],[-0.78125837 -0.21503847 -0.58599813]
7,176.57270532362628,98.3318640665293,168.40371980800083,1.7451650593990427,0.9042557670464868,2.2304627772569363,2.530788703572212,696.0654008983709,696.0575151286017,4.131481079552718,[ 0.70381891 -0.59238099 -0.39207615],[-0.23267604 -0.71371496  0.66066089],[0.67119356 0.3737589  0.64015895]
38,46.560429465049346,118.60481250034316,140.346598801658,3.785941354577182,4.811258735828383,6.515617516442626,3.5204504218102706,1169.7261738814059,1168.798165767883,50.68960764450887,[-0.91790966 -0.09540235  0.38514964],[ 0.31148485 -0.77455795  0.55048812],[-0.24580285 -0.62526664 -0.74069062]
22,25.415479836670237,130.6047641383887,9.39645530867456,3.0284083078010893,1.985115874627545,2.4353796007467055,1.983414921787021,625.8702568377491,625.8065485896448,18.21076018627306,[ 0.30014938 -0.12638986  0.94548186],[-0.93465783  0.15907471  0.31797796],[-0.19059144 -0.97914291 -0.07038509]
138,35.42076946563225,47.785005244342344,188.46054744285502,16.963198551008386,5.230644381146962,5.155433360958883,6.744898743333078,2330.9205489092014,2323.669778709343,202.40752875042983,[-0.08368218 -0.96205618  0.25970215],[-0.97989963  0.1268065   0.15400271],[-0.18109118 -0.24159476 -0.95332993]
7,48.53553686213828,121.0798274084236,71.5208277994286,1.4075615354746942,1.1194784302207863,2.0711151632643494,1.9604201330102908,393.6576362181632,393.63778511974266,5.081321243826723,[-0.89367914  0.09985859  0.43745383],[ 0.3079989  -0.57245456  0.75988977],[-0.32630396 -0.81383293 -0.48083436]
18,19.708760495177216,35.764932021600465,88.19354344288335,4.711238266671696,3.756253955460541,2.8938479890422464,3.6014984540383392,413.15530375989067,412.77844311929795,23.85618841912714,[ 0.53935849 -0.81544935  0.2100828 ],[-0.81708378 -0.44647149  0.3647428 ],[-0.2036333  -0.36838237 -0.90709862]
3,52.06053099313925,169.34915561658013,149.97465377269592,0.6370371511504869,0.9458751721305081,1.6758162648185073,1.6046987307547065,402.0667806003172,402.061400212357,2.140222510086075,[-0.53929905  0.64512762 -0.54126416],[-0.81170746 -0.2270708   0.53811695],[0.22424882 0.72955412 0.64611396]
59,145.49029652463614,61.10936904199176,65.0958902234074,4.416992114383459,3.007065974121362,8.803128037577785,6.163974031154745,1313.4402397876845,1312.2025764987625,62.80893154144998,[-0.43530799  0.88969749  0.13764202],[-0.29087088 -0.28367783  0.91374013],[-0.85199829 -0.35772233 -0.38227432]
48,162.50833134608516,72.97991194659203,22.638352828759963,5.124514051906349,5.662527449290949,3.8323202192981727,6.20504320271568,1245.3232560517695,1245.1001798416041,40.823877196758346,[-0.38037243  0.63975134  0.66785854],[ 0.19133068 -0.65208163  0.73360897],[-0.90482561 -0.40682646 -0.12562982]
56,4.4187285732575186,31.618188937463305,94.61729126400748,2.910297749427442,7.258021845436665,4.653651531041374,5.937028086808028,750.0716591383573,748.9136197011195,51.20315785050648,[-0.98501212 -0.14444051  0.09427647],[ 0.16681964 -0.93669964  0.30783923],[-0.04384429 -0.31895255 -0.94675602]
2,168.38400980710975,14.640302704518836,115.1756429102114,1.5623991326267088,0.6859309926065205,2.1805308916484165,2.4650306687821626,289.2770583683642,289.271563689954,1.7829578298107862,[ 0.43014732 -0.7259833  -0.5365832 ],[-0.37046878 -0.68398234  0.62842743],[0.82324125 0.07152905 0.56316732]
19,80.52153863205974,159.31366606701303,73.67571963198266,2.848624829837032,4.815038364587987,4.1591956666805405,5.205743834933787,842.2439804843286,842.1297233733053,20.271909051262718,[-0.70409135  0.02744124  0.70957899],[ 0.57490888 -0.56450687  0.59229366],[-0.41681549 -0.8249721  -0.38168819]
101,14.772753356937232,86.78490078806257,47.64264337835981,5.69427924607732,11.136843361857386,6.985181617325289,8.412569362703675,1015.1063105615041,1010.4532739829086,118.22654993679764,[-0.97713591  0.20281911 -0.06379511],[-0.15082842 -0.44975831  0.88032281],[-0.14985391 -0.86981715 -0.47006589]
27,8.111875688361707,8.986059003379259,157.0130825927699,2.0501408407791453,3.0697890877574174,3.9247176595453266,3.9341719244847253,818.7079996484741,818.5970775176186,19.112689932430975,[-0.93975828 -0.33506234  0.06773191],[ 0.33793633 -0.94046575  0.03637597],[-0.05151132 -0.0570737  -0.99704021]
74,144.2242027286395,28.52530887509905,84.4185714366481,6.851778659080069,4.697361761145843,6.302228529624579,5.3803202850708205,1460.624486255103,1459.5989633106558,76.67325294039513,[-0.1115869  -0.86844402  0.48306661],[-0.51330265  0.46660475  0.720278  ],[-0.85092229 -0.16758578 -0.4978416 ]
13,54.37509199957287,23.140108786448955,91.90893760132384,1.1881557413453945,2.7604748678011917,3.400293908269848,3.3045651713501534,394.2596365423165,394.1965232109403,11.289479072843843,[-0.81627152  0.44286075  0.37091127],[-0.29391046 -0.87115465  0.39332711],[-0.49731022 -0.21204701 -0.84126014]
46,4.934165793335662,170.10781677217136,86.1447901736898,1.8954111585079436,5.021745842514998,6.880672553990407,3.3319801962258437,1294.9545394505649,1293.9216085592732,54.811431547707365,[ 0.99966377 -0.02388624 -0.01008887],[-0.00178675 -0.45162087  0.89220816],[0.02586785 0.89189015 0.4515117 ]
54,94.81762866293927,44.324856565501655,41.51101510527684,6.081049927483639,4.450841014936392,2.3579806636339726,5.1589588199504455,829.3228697359564,828.4363560452598,43.593773801946746,[-0.17183864 -0.45169838  0.87546562],[-0.51049662  0.8008834   0.31301593],[-0.84253468 -0.39313401 -0.36821321]
33,40.35380369042754,44.63825133323761,51.68146173418607,3.849597586907369,4.659642154694206,2.354267438997502,3.006353866965932,456.7932532432091,456.39885332953855,32.9750747843862,[-0.29556373 -0.59574455  0.74681357],[-0.8088786   0.5719928   0.13616038],[-0.50828879 -0.56383745 -0.65094535]
43,56.5227013044341,73.81995683691524,5.4600897907274435,3.292360353905605,8.589421153754962,3.9382383021427603,6.946088630153889,613.8187072907513,612.8559566672806,47.01460396878703,[ 0.19905876 -0.22289004  0.95430375],[-0.7717623   0.56447953  0.29282386],[-0.60395245 -0.79478481 -0.05965354]
