N,MEAN_X,MEAN_Y,MEAN_Z,SIGMA_X,SIGMA_Y,SIGMA_Z,SIGMA_R,LAMBDA_1,LAMBDA_2,LAMBDA_3,EIGEN_1,EIGEN_2,EIGEN_3
11,132.16539537644852,77.59303968623963,197.80801870502518,1.5797326134485048,2.2862845836941212,1.2542712475450037,1.7617036775296655,829.9802533679816,829.9575157628329,8.261565720169974,[ 0.7586094   0.24592945 -0.60334939],[ 0.38150497 -0.91834328  0.10535454],[0.52817207 0.31010374 0.79048715]
19,168.68002979762764,197.68270742694583,194.9145349801361,2.628079954056406,1.50695835982113,2.1508019937083893,2.144073906846246,1416.0355054032914,1416.005138204916,13.210673621274136,[-0.23351618  0.77642443 -0.58535058],[-0.82208541  0.16384135  0.54528121],[0.51927428 0.60854015 0.60002759]
23,172.51967563931638,42.86186057001243,38.92376581880505,1.2845976816879974,2.3903845657592235,4.436745082216821,1.299070327073986,873.0598465565804,872.7705550818549,24.14987576700537,[-0.30299204  0.87352078  0.3809951 ],[-0.09711662 -0.42600867  0.89949151],[-0.94803174 -0.23553781 -0.21391062]
111,177.89399196115542,32.96070162893163,107.10209083650376,11.848203326518737,7.4451433992333484,12.102041568949897,8.049348507422385,2222.5621137708017,2217.7070950736756,176.52811117765248,[ 0.12146416 -0.9871578   0.10375907],[-0.51827019  0.02607891  0.85481922],[-0.84654738 -0.15760513 -0.50844681]
6,90.62980715039384,136.53768170216978,143.99092097031317,0.6645400972009565,2.309644965575176,1.1853932654667991,1.7605834575073789,534.3962826797588,534.3766851274528,4.957388895867929,[ 0.87308151 -0.07077481 -0.4824102 ],[ 0.25523558 -0.77667078  0.57587959],[0.41543167 0.62591807 0.66003265]
3206,93.75486976826821,120.06102456279964,147.97754742585792,20.91825800096517,29.10417448406588,25.138042805724584,27.06066591074127,12229.509454562516,12171.240078375824,1944.9451104526281,[-0.89674784  0.25122826  0.36431809],[ 0.03187178 -0.78443832  0.61938736],[-0.44139268 -0.56704575 -0.69543628]
749,178.3164789671621,94.26896064656573,70.0217867001979,12.164057655844337,12.264616186001929,14.367925571207072,14.605214536696216,5870.829487653536,5861.699017171416,467.523405643484,[ 0.32232436 -0.87521527  0.36070104],[-0.4469143   0.19520625  0.87301897],[-0.83449063 -0.44259773 -0.32822649]
86,22.830901415561303,46.37768949934278,185.8652014891058,9.67400944545342,6.04730085541754,3.8255907716600834,3.868217758867885,1792.361881383826,1789.5872726294265,105.9183241074138,[-0.46843657 -0.84200154  0.26758286],[ 0.87557428 -0.48290161  0.01325613],[0.11805451 0.24049832 0.96344366]
10,64.69347326639407,21.054411405215166,123.79784255262484,1.7982879707644706,2.046202201990684,3.581354275520297,3.6677714481348804,446.906970607444,446.87831956970115,8.225303824256054,[-0.37131018 -0.86361273  0.34103051],[-0.80779653  0.48155585  0.339954  ],[-0.45781384 -0.14925489 -0.87642996]
17,41.07823694828204,46.41228714634241,53.49882902035357,2.9690296487435512,3.8160854654139698,2.7589356756725905,2.10275300812059,338.1240765437543,337.934025580391,21.220936133354236,[-0.20584909 -0.6551878   0.72688039],[-0.84060513  0.49867608  0.211436  ],[-0.50100815 -0.56749548 -0.65340624]
4,25.89401209597523,187.18640095541176,83.7299795544447,1.0523052082285307,0.3525471630119388,1.1524480475762726,0.3745660190146316,413.3837074139137,413.3816315594255,3.111212316265777,[ 0.92951747  0.03559936 -0.3670558 ],[ 0.34684336 -0.42254255  0.83735147],[0.12528752 0.90564368 0.40510809]
100,25.0952612164201,148.02886179070308,101.76260422542691,6.815311727306163,3.679886232898547,6.545990101954475,5.137524955009262,1816.02183372403,1815.0799982931896,87.7840492602857,[ 0.33089005 -0.57225278  0.75035893],[-0.93355053 -0.08237246  0.34885266],[-0.137823   -0.81592986 -0.56148311]
6,36.740124621034006,132.02756977323835,60.30102818400229,1.9498462912362764,1.0288763329781858,0.8666082070357997,1.44509708306193,366.79185120002455,366.7670854552131,4.576038844759215,[-0.09702797 -0.39103597  0.91524666],[-0.96454292  0.26372029  0.01041957],[-0.24544354 -0.88178369 -0.40275922]
19,68.30683325155034,166.57718351445337,188.53976776029154,1.626748536834944,5.377208547422416,2.605968377431275,4.345512191769709,1136.6388085322692,1136.5122286019034,19.196646444143763,[-0.87929906 -0.15079289  0.45176838],[ 0.39777299 -0.7541903   0.52246879],[-0.26193475 -0.63910758 -0.72314016]
29,119.31805014410165,4.282809614858117,51.5787013904425,5.036786451347522,2.1177000204267187,3.726065995006769,4.9779258312979655,701.2012013178884,701.0014146020227,23.447358360126007,[ 0.04694956 -0.99855427 -0.02617476],[-0.39499325 -0.04262682  0.91769455],[-0.91748355 -0.0327465  -0.39642351]
28,43.89970661154381,110.86475839675168,165.47919781207045,2.9221454094196635,4.268330619781812,3.38072493175124,4.8320560156330945,1079.703567732347,1079.6538737434087,20.313470291127405,[ 0.71468216 -0.65380107  0.24854289],[-0.66550074 -0.52625568  0.52930494],[0.21526303 0.54369028 0.81121065]
65,128.7013287243754,119.88016338651835,75.38508417173404,7.004123063787827,5.490447129318868,5.35827740455736,8.739426636143746,1544.9128555113957,1544.5277858337217,45.52514117996849,[-0.59170081  0.77500634 -0.22193541],[-0.44423634 -0.08372987  0.89198844],[-0.67271408 -0.62638205 -0.39382902]
4,167.03975649662127,46.416009827132434,101.5631210598937,1.9716438634881797,1.054030985891248,2.179856158055151,2.626632448648223,401.9016981122027,401.8905930753887,3.3656421296257824,[ 0.55395175 -0.41802119 -0.71999704],[-0.04504414 -0.87859233  0.47544352],[0.83132935 0.23094112 0.50552717]
51,195.44394367606978,66.65824183090358,110.00032633317181,2.5154334906482987,4.521741270239242,8.508047462155783,4.787111840241382,1672.176834305219,1671.4438328519125,62.215587706589766,[ 0.10904521 -0.92415346  0.36612775],[-0.5392868   0.25440725  0.80277438],[-0.83503227 -0.28498656 -0.47064187]
303,54.283001052697685,42.98716518934212,103.03296294903653,9.024955110476808,6.70801200269315,10.41938826058617,9.557927528458123,2175.6545089820243,2169.1025772140015,206.395921725126,[-0.01345641 -0.92005531  0.39155734],[-0.90036077  0.18148233  0.39549292],[-0.4349361  -0.34722095 -0.83082381]
4,97.57032654127909,168.74402037504552,52.79141686131402,1.9398231638814523,1.498349419972855,2.173016769426814,1.8741029686625101,403.93435702931106,403.9127532041801,5.379272065504687,[-0.86681729  0.41461703  0.27698466],[ 0.12306668 -0.36041508  0.92463807],[-0.48320014 -0.83557985 -0.26138849]
232,110.53254660930982,149.66417629294858,82.11436834931158,8.10261110628606,8.40272078528026,10.048049060815268,6.981907718597624,3104.8449471030763,3101.056249013472,210.48360297424304,[ 0.41460084 -0.65331804  0.63346798],[-0.73042733  0.17626882  0.65985242],[-0.54275414 -0.73627769 -0.40412015]
71,16.73047994299795,51.057606100796264,114.05301014721668,4.100671300718504,3.8035447810158267,5.433171728110685,4.5720880708737015,1063.8166326337514,1063.5591324969635,53.31572942982021,[-0.90127733  0.42910064 -0.05976471],[-0.412475   -0.80767302  0.42134151],[-0.13252757 -0.404397   -0.90493066]
60,185.53814840643724,195.33702578567616,180.67475189226283,5.449217282982965,2.3704061195512836,3.881398541951583,4.061927299844281,2513.120532900398,2512.997445128454,45.09200744207951,[ 0.48342715  0.3010928  -0.82197404],[-0.66259575  0.73949341 -0.11881231],[0.57207085 0.6020736  0.556994  ]
37,157.0146337547026,45.4060334177709,192.76909391589862,6.139132270306499,4.097017066696437,3.8472024893716736,4.948741435266926,1538.0971785228935,1537.692533745007,40.64354207513932,[ 0.47000085 -0.86428103 -0.17921358],[-0.62685962 -0.46977705  0.62157585],[-0.62140664 -0.17979942 -0.76257849]
21,93.41799739742876,65.87990116152292,50.821882234677005,4.54459777763572,2.937500555218885,2.3774980353886432,4.586797949047035,573.8280051368265,573.7540961200004,17.108655016789598,[-0.49165054  0.84846586 -0.19592199],[-0.44751253 -0.05317974  0.89269505],[-0.74700219 -0.52657155 -0.40584495]
139,62.15159811571672,187.73295724025695,74.20122002389533,7.967963905558726,4.659687897950648,7.69890168163078,4.519707184998008,2492.91835878426,2492.079240781509,131.4680963121157,[-0.55492377 -0.14064271  0.81992636],[-0.77811464  0.4363956  -0.45177038],[-0.29427405 -0.88869483 -0.35160244]
500,111.12594706666167,123.7822849827006,36.079706032941175,12.438467423363912,12.332416081316723,12.56329208373908,12.585107789787056,3827.15544192805,3825.5557618450366,394.2334041977651,[-0.70701669  0.68540208 -0.17421651],[-0.27151597 -0.03561306  0.96177481],[-0.65299807 -0.72729341 -0.21127664]
36,4.344415194489489,93.7389540484289,87.00865763342034,2.3004943378604623,5.164373803785459,3.727875859772388,4.268402088010217,768.8011061609843,768.3429926621008,31.537466934598108,[-0.96382209  0.20381444 -0.17177502],[-0.26439006 -0.6492158   0.71317371],[-0.03383604 -0.73278818 -0.67961504]
36,115.9360892607205,18.371332194230103,46.504707137180986,4.021780870058975,3.627353333044355,5.545679418621796,5.300177320127558,758.6994661807973,758.4963437105313,34.10790742019611,[ 0.18411189 -0.98034245 -0.07093301],[-0.35153442 -0.13306892  0.92666942],[-0.91789235 -0.14567546 -0.36912369]
48,92.64603408008036,48.65209572018569,190.7950613096933,3.501093820865378,6.308173067515748,4.842346037194597,3.424479926493906,1508.692283118384,1507.9517940338558,55.42162678313709,[-0.866137    0.38096249  0.32353404],[-0.26181799 -0.89722842  0.35557347],[-0.4257441  -0.22326831 -0.87686557]
188,12.495633094792037,115.90104250950829,110.11889247843416,6.37035356364771,7.239316259355347,13.286000220157081,8.597222294149839,2208.6264185383175,2203.5929199851953,190.94152058622413,[-0.99668313  0.07159952  0.03868142],[-0.0213928  -0.68911403  0.72433707],[-0.0785181  -0.72110704 -0.68836004]
249,55.72418186933021,162.42256563760108,96.20661398014686,6.049160838250785,11.208743150260608,9.66556593216815,11.70536248843286,3114.752323901063,3112.889007639093,170.4812337121397,[-0.95825388  0.26548322  0.10615158],[-0.04214407 -0.49835988  0.86594533],[-0.28279564 -0.82532181 -0.48874383]
153,146.7542753618591,174.41534610891344,192.61606609059146,7.546305040327005,10.142092082799115,4.9369693729213076,8.339456562616332,3694.347948970376,3693.586858498711,132.1507069199597,[-0.87027992  0.35217621  0.34436141],[-0.0257981  -0.73076044  0.68214635],[-0.49188141 -0.5847744  -0.64505161]
13,183.28222495040868,18.186690691657063,1.7810745229589782,4.620780611767206,1.831296005129575,0.9977894925680029,4.617914222903016,664.3525344639992,664.3271165754614,7.567308113968347,[-0.02554688  0.16055959  0.98669548],[ 0.09582928 -0.98207885  0.1622895 ],[0.9950699  0.09870031 0.00970275]
41,42.61961071015584,4.757315762442547,153.9745385492331,3.3961697666594857,2.6635864241259015,4.051797602812194,4.1621030027880686,1024.0111663750035,1023.9278711137513,26.810115949708987,[ 0.3524411  -0.93329981 -0.06882387],[-0.89702606 -0.35786977  0.25937132],[-0.26670119 -0.02967631 -0.96332227]
94,41.52463425044167,57.02647083504311,79.64381543761085,6.133024625634258,4.294595547175985,4.9803087354567745,5.905792846231078,1034.2980822384648,1033.9945835479562,65.88877388261047,[-0.15822395 -0.76198579  0.62796723],[-0.90650086  0.36421824  0.21354455],[-0.39143503 -0.53546497 -0.74836882]
122,185.42515147006506,13.41400771017835,123.20912268613495,4.034800967917424,7.196962636511272,14.548150751817383,8.149798613096458,2469.110070041967,2466.39228938156,161.0200329949639,[ 0.1083793  -0.99259011 -0.05494363],[-0.54647477 -0.10565575  0.83078408],[-0.83043317 -0.06001449 -0.55387635]
13,89.05077901636687,21.846953599544143,38.99112938916048,3.137050411222258,2.575769937900797,2.2381107608913333,3.2223300201993657,359.5790614439267,359.4928476684679,12.041800328652467,[-0.10638928 -0.74341825  0.660311  ],[-0.43576708  0.63176907  0.64107323],[-0.89374961 -0.21953848 -0.39117066]
324,32.35036153357872,16.28621085747202,104.44503445614855,13.465796394407551,7.260874709215814,10.921166985994613,12.112656438508933,2014.7149267675888,2005.2715103387018,260.15141104388846,[-0.06972521 -0.98191907  0.17599245],[-0.95279756  0.11780984  0.27981719],[-0.29549147 -0.14817487 -0.9437844 ]
27,9.574623907695887,177.93232433342382,196.70435688253946,5.157192347148485,3.970547645087416,1.5184760804866175,2.565458207235012,1379.4525843821284,1379.3041072445433,32.07853458385002,[-0.03527041 -0.74022945  0.6714286 ],[-0.99872651  0.05035899  0.00305574],[-0.03607442 -0.67046576 -0.74106295]
306,15.713776835326213,26.92802322277923,143.2343249751916,7.2822750582534574,12.652564181240317,7.350308696955626,6.401228447284897,2576.9022328027063,2569.7183238033954,265.2190359089103,[-0.98398371  0.16075227  0.07703741],[-0.14303953 -0.96992989  0.19691547],[-0.1063755  -0.18274222 -0.97738914]
34,179.41363788211663,108.12949302496709,11.297376729339728,4.429587163640384,4.145710966933106,3.794299186060946,5.0036309684943765,1223.8168045998466,1223.7094258862899,29.880742844113197,[-0.34114208  0.6383751  -0.6899995 ],[-0.39018919  0.57164313  0.72178704],[0.85520435 0.51546228 0.05407554]
125,11.486680052952805,40.65694752216516,67.37395566412779,4.908378927894433,6.291747870801136,7.674332112761646,7.73870183824099,895.9713792312842,895.0001559217446,88.87460918496554,[-0.98663828  0.1403772   0.08269917],[-0.07677314 -0.84827504  0.5239612 ],[-0.14370385 -0.5106111  -0.84771782]
2,99.55579348733234,33.62905351463337,20.506071450713783,1.1718225762461287,0.8682248598536084,0.47158659489817545,1.2719884253712195,151.42732646387293,151.42249756585707,1.2093100985096756,[ 0.36766588 -0.77522841 -0.51365623],[ 0.01294858 -0.5480224   0.83636343],[0.9298678  0.31415342 0.19145103]
64,145.36750161575026,91.98270611448868,98.14070378119082,3.5766927746173662,4.79421750308039,4.715277895437545,3.463251657945147,1585.2557418291724,1584.9698278346445,54.299990816703655,[-0.62791716  0.18574779  0.75578952],[ 0.25889584 -0.86594617  0.42791375],[-0.73395707 -0.46436515 -0.49565312]
68,39.163774059295534,77.49411324410823,67.75193858021957,3.26542368431232,10.875054531991553,6.772359033239532,10.57307883856191,913.9147972988685,913.1144921949385,66.03665167223207,[-0.82781225 -0.07066735  0.55653661],[ 0.43635512 -0.70460077  0.55958196],[-0.35259195 -0.7060764  -0.61411321]
29,136.44125635410256,17.83307013874449,35.704911305883556,3.168798393913032,3.350079087021247,5.310511762686152,3.2232097483533546,766.3135858798528,765.9177046407601,33.59995576541875,[ 0.01372516 -0.91491357  0.40341638],[-0.28058978  0.38371949  0.87978903],[-0.95972965 -0.12526976 -0.25144879]
115,75.7027564936279,135.95788498200486,75.47281269880732,7.488949940815436,6.393408683588205,5.3062208628369,6.81052799685895,1858.0137844474345,1856.6518615206846,95.25315552870508,[-0.61008629 -0.09636596  0.786453  ],[-0.66010145  0.61081969 -0.43722462],[-0.43824741 -0.78588352 -0.43626403]
115,186.61189515397757,139.64810854245252,186.4330180014663,5.378313520974891,7.0424754367805775,7.429348633305903,7.059749229917892,3202.718716281356,3201.998450918323,98.04362343933339,[ 0.09017468 -0.83820057  0.53785531],[-0.77541353  0.27981594  0.56607146],[-0.62498191 -0.4681056  -0.62471975]
13,169.60258980878115,167.64334682794168,47.34264522440402,4.110404157162062,2.090203991234532,2.598488187271638,3.7459371769520233,876.7822539514715,876.7422342053745,13.469452538713965,[-0.41074754  0.60759699 -0.67978846],[-0.58698781  0.39429055  0.70709283],[0.69766164 0.68946419 0.19469815]
5,157.75253115035605,93.22123752485078,60.23068069528672,0.45009255294714173,0.9795552625159974,1.3915764920857887,0.5798412338944361,431.3141034223779,431.3041682306072,3.714255731082645,[ 0.54124152 -0.83038906 -0.13233151],[-0.19534115 -0.27723814  0.94073421],[0.81786273 0.48331463 0.31226194]
138,155.81315810563873,149.96409023490824,178.21400220234327,9.092736905430437,7.217437028668034,6.129996231259134,6.210838727620916,3295.2212707214426,3293.0593970808623,135.4661794911552,[-0.30869819 -0.57759433  0.75570511],[-0.77172392  0.61653229  0.15598119],[-0.55601046 -0.5350446  -0.63606576]
6,23.42375436310664,46.164683351040416,23.689308183889576,0.8824907490060032,1.6327795784949575,1.544649282801367,1.984967419382386,139.57249492602728,139.5372462291094,3.353645158193999,[-0.71722035  0.56973701 -0.40124147],[-0.56254959 -0.13356663  0.81590313],[-0.41125774 -0.81090055 -0.41630203]
2,124.0197317824422,193.4851900045755,166.6761232229587,0.025013502101913332,1.1374183624851497,0.9180562634737726,1.3032422782000879,401.4983931440822,401.4973004493473,0.9367118909779183,[-0.0635501  -0.62765345  0.77589466],[ 0.89729366 -0.3762488  -0.23086995],[0.43683575 0.68153355 0.58710011]
7,84.60090554133357,165.45194284544172,77.37496228646975,3.1237640308891774,2.6291282635614874,1.4971101404356237,3.671782310097054,532.6875084295528,532.6633888168285,6.172676910926953,[ 0.35292846  0.24213615 -0.90377629],[-0.83588147  0.51561108 -0.18827477],[0.42040894 0.82189738 0.38437094]
170,170.35077629197295,128.41915905411182,86.477364976344,7.919147915613763,4.332121267518333,5.960408888618024,7.066738833760411,3003.8179600102803,3003.627864834455,106.80950855509545,[ 0.25252065  0.28738191 -0.92392909],[-0.62307742  0.77884296  0.07195949],[0.74027553 0.5575081  0.3757351 ]
436,118.78517833437235,42.56790508723541,170.10118495646824,12.1628307363001,13.1902739224587,11.471519969151682,12.388897910645323,4439.901812417137,4434.581587807386,363.2715967092613,[-0.43395947 -0.75389884  0.49327044],[-0.70538429  0.62491628  0.33453346],[-0.56045711 -0.20277126 -0.80297674]
164,129.51499035668712,91.61625170056088,19.082005188555996,8.441800141810202,5.52640791689207,10.338040828658702,8.265061646130608,2053.897442641676,2049.897762937975,149.33104286051918,[-5.77243532e-01  8.16571748e-01  6.96518167e-04],[-0.09569729 -0.06849651  0.99305098],[-0.81094509 -0.5731656  -0.11768287]
10,192.45167458776268,37.38263475626916,174.55969135558797,2.8587794704280975,1.0133951633014069,1.8347939887499016,3.125660115656771,830.166179962498,830.1634096228211,5.294688670512593,[ 0.58710071 -0.62598083 -0.51328428],[-0.34317739 -0.76673067  0.54254342],[0.73317258 0.14238007 0.66497059]
29,190.91368835239183,25.42836451092858,158.9028540479522,3.873463681216218,2.846361514168425,2.773866916037678,4.206961430925878,1344.90598649828,1344.8539280177001,19.441927887695595,[ 0.61049516 -0.43081292 -0.66460205],[-0.20647399 -0.89667677  0.39158556],[0.76463334 0.10183805 0.6363685 ]
2,126.58055976775627,40.95309221507439,72.09224735628818,0.6479936703300524,0.38293967630649206,1.6653717677679793,0.14772091481978578,214.01133616559898,213.99583093962065,2.5761109926243955,[-0.3475897   0.93426355  0.07958022],[-0.42358254 -0.23217563  0.87559826],[0.83651613 0.27064014 0.47643959]
180,189.6386037600891,32.28822013376844,64.78056073055454,5.909054876919043,6.703870570525296,6.880796455602215,5.490805744757032,2726.04324398723,2725.7333391753195,132.3842312630615,[ 0.25849704 -0.9185762  -0.2989934 ],[-0.24549772 -0.36181875  0.89934313],[0.93429661 0.15907534 0.31903744]
66,20.922837130600204,3.0745333013622322,122.57146348174301,6.854306228669327,2.7519127452829344,9.025961867154766,8.623244959117546,1014.7016538799072,1013.0377894334506,65.26504357042579,[ 0.1326664  -0.99115778  0.00242471],[-0.9771239  -0.13037693  0.16802007],[-0.16621827 -0.02465986 -0.98578059]
50,47.52893598115677,54.6096806625106,22.48460480938507,6.396669521627469,4.0771665529544805,2.1092677794490258,4.318866124728874,538.684066444311,537.1936481119717,46.03120626607136,[-0.10803866 -0.29601952  0.94905221],[-0.77027217  0.62844638  0.10833253],[-0.62849697 -0.7193244  -0.2959121 ]
24,94.80051629826778,87.72061628030723,9.287682253138755,3.5725137219402288,2.173049255917348,2.620242335442403,3.6596209538566646,634.7609892239464,634.7150815025507,16.2094302266253,[-0.67148221  0.73553647 -0.08998747],[-0.11374954  0.01768566  0.99335203],[-0.73223813 -0.67725426 -0.07179133]
18,63.075205633987544,4.149096333300084,89.94627493606464,5.082880653839078,1.904782872484491,3.1601490459112536,3.7370830238752637,467.1177128293721,466.7507103569292,21.49589677643773,[ 0.15059404 -0.98674671 -0.06043481],[-0.80472578 -0.15786428  0.57227204],[-0.57422805 -0.03754731 -0.81783394]
16,148.10797959577894,161.05811227842915,111.25998845029638,2.648837499697654,1.6109397238678707,2.8945225002214965,3.121169924560952,981.9898045817167,981.9790509699487,11.48965663073714,[ 0.62857332 -0.74110006  0.23593705],[-0.49073855 -0.14257518  0.85956268],[0.60338318 0.65608157 0.45330532]
12,185.5551067511092,127.99643994660141,103.33021066215281,3.255777380685325,3.1590264224459563,2.171792314720418,2.303949644335025,859.1669635830644,859.058349454864,15.493201367445582,[-0.46869637 -0.03317318  0.88273623],[-0.46940362  0.85588607 -0.21706972],[-0.74832076 -0.51609938 -0.41672231]
270,173.17540014873282,160.09027965785816,148.53299615613824,9.579429585934598,10.56661742266007,9.896087438478139,13.77438464254035,4587.699604565055,4586.205874222153,173.25818799101023,[-0.64305981 -0.01514429  0.7656662 ],[ 0.44782061 -0.81848204  0.359922  ],[-0.62123327 -0.57433248 -0.53311483]
41,175.65833469279042,154.11153350530037,5.13803408094887,5.11041978547025,3.875111640646,2.8129216710458715,4.967510254805425,1497.2010086950645,1497.0927983276583,31.59781228946829,[ 0.05966314 -0.1008633   0.99310971],[-0.65693031  0.74510732  0.11514187],[-0.75158691 -0.6592736  -0.02180471]
5,143.52394800058863,23.626708794033767,65.20769408558822,2.5016316891373678,0.907588216005054,0.9757619041645688,2.4176030248036593,356.4915639729147,356.47875941345865,3.2988864236546327,[-0.26468216  0.93281182  0.24455157],[-0.34525984 -0.32845116  0.87915612],[0.90041046 0.14826311 0.40899762]
35,156.50067904057383,28.005511948456554,126.47408853993518,1.417799739936109,2.8486571616510257,4.807329576242142,3.6445891371069905,1202.2695076067816,1202.185670534073,26.396324642629022,[-0.12686616 -0.92374017  0.36139879],[-0.62509089  0.35734632  0.69394884],[-0.77017294 -0.13786846 -0.62275672]
37,78.2413462473219,89.14302694089326,65.1344842386929,4.029431581808265,3.436972319781551,2.5596189377746503,3.9133565411729636,823.7418618741962,823.5806125480137,26.753088081555067,[ 0.30082077 -0.72040698  0.62491651],[-0.75830144  0.21669415  0.61483541],[-0.57834747 -0.65883035 -0.48109955]
363,15.891902121717989,188.1155828472049,106.2916654229178,7.439441441917059,6.4166456342739915,10.346939998939703,8.124235945603758,4134.525358129459,4132.859796180436,223.41489046475658,[-0.9482033  -0.09170475  0.30413935],[ 0.30901545 -0.4881673   0.81621207],[-0.07362036 -0.86791873 -0.49122003]
2,85.88527768303177,142.6786327160306,193.13370251644017,0.3389689822608233,0.4681667509935892,0.14802470981248916,0.26398595430745786,360.6506791772577,360.649885327346,0.7567062768734205,[ 0.81741499 -0.57294064  0.05976416],[-0.46734388 -0.59892755  0.65028877],[0.33678246 0.5594862  0.75733266]
30,56.29475675955462,22.510125094290117,172.5081360007961,3.3498810828995027,2.9160348015316413,3.09130558902148,3.3715162910407352,1001.9026661434824,1001.7509798042852,23.12209755291602,[-0.69625165  0.70492089  0.13535202],[-0.64836541 -0.69852952  0.30278507],[-0.30798691 -0.12305704 -0.94339866]
59,9.876953829181176,176.50564462633545,6.937588127679894,4.798014117017012,3.9666322395203504,4.592333767597318,4.077844773693237,1359.7962551156754,1359.7267213584335,50.50181376470075,[-0.60035473  0.00235155  0.79973037],[-0.79776319  0.06839681 -0.5990791 ],[-0.05610777 -0.99765542 -0.03918637]
2,19.389100750895338,77.82949597339014,86.28682543286158,0.23481803404373736,0.6764140793853386,0.694149253759484,0.10019213804191907,166.61199496665208,166.60608605072153,1.4031955057168293,[ 0.96150631  0.05819785 -0.26854913],[ 0.22004072 -0.74844342  0.6256313 ],[0.16458343 0.66064018 0.73243897]
2,41.87006802413926,75.46735780556966,95.92151812384742,0.405405788367343,0.3246998740044589,1.2959514500924953,0.9050113462287044,182.4900633114359,182.4838704457075,1.5034076513393777,[ 0.94003166 -0.11207996 -0.32214681],[ 0.10507646 -0.80337905  0.58612374],[0.32449872 0.58482492 0.74342477]
43,145.26986767552245,136.16689148684262,17.008531184353856,6.135362512531851,6.255825514407702,4.6053312774661705,2.6745484143135547,1311.8228038070215,1310.7164854767746,62.43518579370536,[ 0.20012142 -0.32880336  0.92295166],[-0.65689961  0.65388868  0.37538312],[-0.72693488 -0.68140879 -0.08513367]
3,45.202426174167705,142.54482161805015,25.71402635369265,1.1883556766392396,1.2809044433818235,1.2314672698010933,1.4287277667629397,262.83677386047617,262.8263127457255,2.7488285129284202,[ 0.87467429 -0.33975581  0.34570345],[-0.38232181 -0.04517647  0.92292422],[0.29795121 0.93942806 0.16941076]
317,95.80483651317059,84.93753114476384,82.14713968976882,10.691986294488856,14.322719589335922,8.183094986165035,8.717819998886352,2727.1783524442303,2716.540893293209,315.20610927517924,[-0.30605302 -0.4600035   0.83350364],[-0.71536805  0.68880293  0.11746944],[-0.62815611 -0.56031    -0.53988203]
8,82.92489832864402,90.11699339817882,123.34572538361245,2.8599541932027366,2.0228312746365615,2.455998511559965,3.438583381747687,491.7642325426824,491.7291059235613,7.193295881183468,[ 0.13487886 -0.84107566  0.52383148],[-0.86841824  0.15422764  0.47123625],[-0.47713464 -0.51846462 -0.70960339]
39,192.9131027796856,178.95893430183162,136.5286805255738,3.04999011082751,4.09684831250731,3.9019405233531037,5.001240941200309,1851.7137924630833,1851.6277904642534,25.236090714807332,[-0.07711509 -0.55092399  0.83098497],[ 0.75543099 -0.5762215  -0.31191794],[0.65067448 0.60369822 0.46062043]
80,28.438429871082974,100.36890208615405,153.95164859312223,6.930236011900226,9.57532431506969,5.699079034087134,8.501091210098101,1667.1532228222607,1665.394099525558,89.53820943161311,[-0.55288369 -0.64755704  0.52439441],[ 0.81938794 -0.53686439  0.20094783],[0.1514035  0.54078324 0.82742399]
18,197.27499968148754,158.5422647762654,98.26140854314568,2.1080334324833943,2.3970767409274605,2.6445024172502904,2.198676711977169,1151.9516826825377,1151.9138627299917,14.900823500717818,[ 0.68669075 -0.63381807 -0.35599222],[-0.02150345 -0.50720283  0.86155841],[0.72663155 0.58396913 0.36192077]
11,140.4423235014049,128.08010796162705,147.6158582815891,2.3714227270819306,1.7704053636431216,3.016839424768491,1.7502079321803237,798.2883185435686,798.238095437051,12.753428538458696,[-0.48369302  0.83451281 -0.2638739 ],[-0.65231352 -0.14271037  0.74439292],[0.58354789 0.53218617 0.613392  ]
101,54.90073363123022,30.698423151196664,134.71137962876008,5.281504034337583,5.578469090824917,6.794090374558433,5.505136923129993,1496.7188796207,1496.12735956449,87.26801221335022,[ 0.60463335 -0.79381161 -0.06543422],[-0.70604844 -0.57218042  0.41725911],[-0.3686653  -0.20608904 -0.90642882]
36,77.27768092079549,19.2998265027143,114.84307292240457,2.3016678592917525,3.3667392170762,5.113901204964502,4.4909451106251765,839.3262160438185,839.1630454246211,28.490581019275588,[-0.65627413  0.67999298  0.32697678],[-0.51380057 -0.72010895  0.46631756],[-0.55255158 -0.13803129 -0.82196966]
50,153.7908530693764,185.62837420106288,161.5569085304602,4.757926412614907,4.244080967910595,3.8461783875015185,4.550803337914356,2052.5284266535955,2052.3024759952145,41.72974177079915,[-0.72885747  0.67918079 -0.08648835],[-0.43337432 -0.35985562  0.82625095],[-0.53005045 -0.63970101 -0.55662298]
10,6.7737220594678575,156.04503348472207,184.42060395030896,2.3277520375256784,2.289763272000584,1.1577611098169054,1.6376771575487736,764.3048668107833,764.2791991992899,9.659829598104212,[ 0.56545729 -0.63974237  0.52056484],[-0.8243007  -0.41688599  0.3830593 ],[-0.02804307 -0.64570564 -0.76307131]
9,171.32570739282193,67.45453745529242,100.90206284918395,1.428037342527545,3.582135534066145,3.2880226444605194,1.942584411306544,630.0492554463095,629.9304607886099,14.033115522212253,[-0.57614917  0.52014045  0.6304808 ],[-0.0474395  -0.79135729  0.60951057],[-0.81596668 -0.32125931 -0.48061505]
148,133.68557646471078,12.914001116805576,123.69785958963661,8.87785994461111,6.452048588722033,6.395507608951057,9.92447215447799,2226.0870710050935,2225.223707005173,96.15238648624714,[-0.61036593  0.5095347   0.6064881 ],[-0.30158507 -0.85747072  0.41688177],[-0.73246152 -0.07154268 -0.67703897]
6,85.63505147603881,39.51926445792417,137.3257828497283,1.8498895039741,2.542599579339574,1.4906886839283064,1.4525144335428508,408.1455891026069,408.0989719983788,7.731436298208841,[-0.85266654  0.03692059  0.52114935],[ 0.09313948 -0.97077918  0.22116243],[-0.51408639 -0.23711738 -0.82431216]
32,57.652961858397745,123.19794061216851,26.582890569626223,3.4669109529851014,4.7658856001128935,1.591634261693406,5.3856028555728175,784.7085964488133,784.6525813206104,16.296718671893796,[ 0.54465669 -0.412332    0.73029543],[-0.72810458  0.19964941  0.65574678],[-0.41618843 -0.88888831 -0.19148043]
11,166.6342444018924,102.30654541604521,24.77965162327989,2.9336755495279565,3.6367274294303074,2.3295993820227063,2.342506245865741,653.9225508931518,653.7543411974191,15.432494070606618,[-0.34102531  0.34351064  0.8750441 ],[-0.41098695  0.78268898 -0.46742667],[-0.84545341 -0.51903603 -0.12573837]
69,133.7607549414747,148.83664340800456,116.35393894647862,7.112102372231418,4.0513531142766706,4.913861251055914,5.501275938911006,1924.315495334895,1923.4840684916494,64.69081543420045,[-0.51879189 -0.18614153  0.83438978],[-0.62977727  0.74324385 -0.22576354],[-0.5781311  -0.64260401 -0.50281658]
2,133.8217442234206,122.03878022147815,46.274054529599354,0.008011575992128428,0.08987906744259533,0.19512916185092521,0.11271709210112135,264.35982087062746,264.3596941015041,0.25889246685816564,[ 0.57434382 -0.75223614  0.3229086 ],[-0.39702706  0.08898977  0.91348253],[0.71589014 0.6528565  0.24754738]
35,11.639790787503264,5.857524072557645,16.763485353655607,3.055009272630667,3.7731895892550096,5.106432425496822,4.7493012773054435,130.84806520875003,130.42446958052656,30.00205392861631,[ 0.72786732 -0.63046824 -0.26966455],[-0.42816218 -0.72503805  0.53944135],[0.5356177  0.27718157 0.79767416]
22,190.60213600133093,15.611867164781039,179.57877770407484,3.3261077837915667,3.3160055467453993,1.7731531288555002,3.1155424889002465,1230.684483342219,1230.580943139271,18.40176688829927,[-0.60926218  0.51638198  0.60178838],[-0.31759777 -0.85428292  0.41150013],[-0.72658878 -0.05958482 -0.68448403]
21,174.51135526939953,165.82782908042148,63.12262193734099,3.816718509534791,4.167233622395898,1.7336260330146243,4.939177580243534,1140.782552796156,1140.7182776503944,14.879261425991569,[ 0.26304908  0.08885068 -0.96068243],[-0.662673    0.74033808 -0.11297799],[0.70119162 0.66633706 0.2536242 ]
41,94.04541059326134,35.4483539691059,58.05584390435685,3.5746993636468156,5.31005265963117,2.727121371416235,3.22754654282551,744.3401097901212,743.6748344398736,39.33255086002299,[-0.47842113 -0.14817754  0.86553835],[ 0.33842536 -0.94063317  0.02602904],[-0.81029717 -0.30537297 -0.50016583]
17,178.5579647246666,28.146827353089265,136.93562365829717,1.9207128339236221,2.569229353619326,3.59337775551394,3.330010542732147,935.1891147702454,935.1517467277935,14.293580149249136,[ 0.57153746 -0.51426958 -0.63943078],[-0.231238   -0.84860456  0.47581434],[0.78732072 0.12408502 0.60392797]
10,34.389609153880826,69.11427056758029,21.97638099973066,2.1357085542635237,1.9111421373353152,3.3192556589331277,1.3461336105930932,254.1321093096587,253.91802223265438,13.225399261998762,[-0.86291281  0.30034235  0.40641844],[ 0.26775121 -0.41034554  0.87173725],[-0.42859161 -0.86105227 -0.27367539]
77,126.01685347057695,10.282601188977496,100.98339655674705,6.422766694582303,5.067325253398865,5.216587472388977,7.033475163948493,1422.155744632581,1421.573886851761,58.11208094812873,[-0.53700942 -0.447315    0.71521338],[ 0.32398962 -0.89217532 -0.31472835],[-0.77887843 -0.06270962 -0.62403196]
40,167.9396064431497,27.98430937260165,80.6900619088328,4.840243057836617,7.671255216658379,5.808667630778105,2.7063150701165037,1193.4182841174086,1191.8457057852663,65.99603775328808,[-0.23624997 -0.65404509  0.7186174 ],[-0.38678509  0.74173582  0.54792816],[-0.89139399 -0.14850248 -0.42820995]
205,127.94584136269373,51.25409002205234,28.554451738444772,5.517120503264602,14.738801851847578,6.198932021642545,9.268392644361587,2028.2947951301057,2021.098469946966,203.95273467488062,[-0.14430602 -0.18164998  0.97271736],[-0.39526341  0.91175988  0.11162777],[-0.90716184 -0.36837102 -0.20337203]
5,33.423614030555264,147.5054672891136,6.60602791214735,1.3896335671177398,1.2423361874077838,0.8007200813527809,1.32078564617148,338.54440918941253,338.5311826777256,3.4470701510656157,[ 0.4110212  -0.0523623  -0.91012074],[-0.88448327  0.21889502 -0.41203678],[0.22079609 0.97434242 0.04365691]
84,178.9562955680119,119.03798370345582,121.07133668641647,4.760042951895821,7.409957459392195,8.36892230081299,7.960944287143182,2263.085875792261,2262.6648057069287,83.68804171229533,[-0.68247938  0.59858644  0.41942361],[-0.09151946 -0.63931086  0.76348269],[-0.72515245 -0.48267577 -0.49109879]
3,69.19414356947681,9.019208539972157,121.00007835268,0.590584868323987,1.005748321605182,2.009528287318216,1.9869519456312241,241.96344582353578,241.95641040051567,2.084472618045165,[ 0.84072623 -0.28662166 -0.45937722],[-0.21867469 -0.95587068  0.19619537],[0.49533905 0.06449243 0.86630246]
2,41.76134832470434,23.203055220160998,47.47424935897613,0.2862541694543488,0.18674365735624757,0.23019222373117287,0.2754119108291846,95.2508912372827,95.24990490817316,0.43347027652557013,[ 0.68817462  0.19262565 -0.69950772],[ 0.37675146 -0.91881522  0.11763046],[0.62005969 0.34449085 0.70487731]
45,138.21971735573243,19.325371384852758,182.81761037070513,4.400964349001952,2.827130959804798,5.876240065994271,6.570709582139051,1543.6997719417177,1543.6209627323158,28.89742173498028,[-0.42978141  0.87243534  0.23268974],[-0.673943   -0.48145457  0.5603591 ],[0.60090663 0.08401231 0.79489192]
6,177.5342398178224,59.78322483305012,66.35446212466888,1.7661519513491144,1.46415573275668,1.3240478331699013,1.333955828841267,486.832392109353,486.8174596836856,5.606762408483796,[ 0.20064745  0.3978549  -0.89523856],[-0.40210255  0.86674522  0.29506993],[0.89333876 0.30077268 0.33388869]
68,28.287723049522153,18.776939188104503,190.12679638689295,3.1822949240620546,6.783001431792735,4.345974051144249,4.190512822831152,1594.0372445330968,1593.2073890678525,62.2113963375169,[-0.97279273  0.19475761  0.12547422],[-0.17952936 -0.9760231   0.12307766],[-0.14643605 -0.09720275 -0.98443289]
46,78.76345503618273,195.28618213311418,27.062049028795602,4.5889668525554175,2.6804144449433833,5.497713370852894,3.2052001885517867,1440.7879181580322,1440.1337526429468,47.06492748273704,[-0.72940282  0.37365866 -0.57301896],[-0.57468913  0.11968341  0.8095729 ],[-0.37108479 -0.91981253 -0.12744016]
19,176.7844866636543,165.1370851852013,180.3245167615547,2.9319207518884522,6.205612010662943,2.899655037269936,5.3585590143904485,1315.5599640363291,1315.4568212886531,22.42072599344368,[-0.71825056  0.0092033   0.69572367],[ 0.37538125 -0.83678131  0.39860502],[-0.58583705 -0.5474599  -0.5975639 ]
32,85.977556930987,86.31411225479698,30.311008208841372,3.0151527419639974,3.996024323238281,4.4649735256582845,2.0191592446998996,711.0887601346006,710.3674449287494,36.27773091664475,[-0.6352283   0.40111283  0.65999508],[ 0.35696136 -0.60532241  0.71145159],[-0.68488217 -0.68752693 -0.24133614]
16,93.11138735594,3.708540241070657,187.48281598447994,3.04991844659799,2.6138470935286238,2.3929210453505223,2.963391588288534,837.6083310813716,837.5965005111593,14.463581195014871,[ 0.73948917  0.55677374 -0.37836328],[ 0.5052821  -0.8304745  -0.23452527],[0.44479857 0.0177513  0.8954547 ]
3,67.63359771061555,21.13026933718721,3.68863051559194,1.8911895537422103,0.7711794138544446,2.288486793059371,1.8198318962122204,122.99915946961352,122.9452416359685,4.302575170435778,[-0.27791277  0.93153154 -0.23454953],[-0.11856146  0.20903853  0.9706936 ],[-0.9532616  -0.29757669 -0.05234926]
15,32.1412942614727,141.7358599185671,35.916098283740745,4.315567457621728,1.5703678252357511,3.000770362933206,2.212786771695633,580.089908801415,579.9843736567934,19.47190332341814,[-0.31056517 -0.16662952  0.93583325],[-0.92591069  0.27574496 -0.25817458],[-0.2150318  -0.94667804 -0.23992083]
10,166.27275259707952,197.35720506600168,166.2412543833281,2.891003419006374,1.3605210129644771,1.2553053664351266,2.0055522688953036,970.789734742806,970.7617941261835,8.803994002230786,[-0.06640357 -0.60950087  0.78999953],[ 0.83795981 -0.46388478 -0.28746177],[0.54167696 0.64289937 0.54154084]
15,61.43151378324007,126.4282253695761,155.46014130195024,1.6931227539985785,3.5256573850143695,3.503858628305454,2.5998829050067043,811.9506580140276,811.8040382316188,17.63600415142054,[-0.95474495  0.14370918  0.26040306],[ 0.05047697 -0.78453186  0.61803061],[-0.29311117 -0.60320596 -0.74177383]
63,60.51927816922586,74.6714958740767,169.71649466547996,5.457364643800474,5.76590832711341,5.324904854349686,6.050949921624028,1549.707719222071,1549.11134547604,58.98635197952825,[-0.78538493 -0.41233019  0.46168639],[ 0.5354725  -0.82673854  0.17254737],[-0.31054744 -0.38273647 -0.87009947]
17,32.256117065008134,25.706839611191153,97.62444769167595,1.525310085323524,2.6406660628067296,2.405688456586418,2.73514444551456,437.22079053001175,437.15412150167157,11.37908111033017,[-0.94124641  0.22532766  0.25156042],[-0.14646049 -0.94353408  0.29714099],[-0.30430991 -0.24283923 -0.92109966]
109,137.2363337528211,169.6247390201576,141.49525625344597,4.330211574264653,7.562940555411003,7.495588395515938,4.668602491917269,2717.0421353677248,2716.103774219143,109.6006505468319,[-0.83088694  0.52967951  0.17048901],[-0.17693401 -0.54198388  0.82155208],[-0.5275616  -0.6524516  -0.54404565]
47,172.13152086569696,7.487579611430365,17.403594442028904,4.205479128355773,3.366777020318949,6.2447127546238255,3.890366090285534,1188.3360107973576,1187.7130004574724,49.806642880711216,[ 0.02894311 -0.98967169  0.14040027],[-0.10516694  0.13666461  0.98501914],[-0.99403331 -0.04327498 -0.10012524]
49,8.295959767659479,29.64218977665682,90.91814246472727,5.700820988602873,5.692565748017566,2.9678960992177488,3.027344171965755,673.7307039870707,673.1357094004916,55.95581785168697,[ 0.63968347 -0.74585927  0.18573907],[-0.76381445 -0.58979969  0.26215226],[-0.08597985 -0.30956465 -0.94698321]
44,94.31407893442457,45.35294102831954,40.76737676121387,4.516522597174225,3.7784045999286398,2.8159753989300147,3.9700165809659747,746.1284555719031,745.5990519341851,34.01227588457283,[-0.07766555 -0.57217986  0.81644245],[-0.53720721  0.71388188  0.44920048],[-0.83986694 -0.40371136 -0.36282318]
3,180.71238077186854,177.79246484401483,63.157933018955056,1.194600087913656,1.3674233767941697,1.076752786184007,0.7828351237149426,452.52727020926915,452.515851651938,3.3925407964456697,[-0.23263004  0.52684889 -0.81750444],[-0.68369867  0.5092251   0.5227293 ],[0.69169313 0.68052924 0.24174483]
4,105.63835112767997,56.27145592304287,98.57339785512967,1.7044560713434975,1.6667308249122543,1.1203053411980284,1.7851679117934443,310.1581992003457,310.13467191290897,3.886473839226083,[-0.63072812  0.7318031   0.25815937],[-0.37147268 -0.57681569  0.72752437],[-0.68131496 -0.36297092 -0.63565874]
80,131.45157228851946,167.82879619956256,85.7792540978917,6.900938583635349,5.623971714391958,5.862957125000776,4.72552554439789,2057.0064971733,2056.279007996849,85.30706986162929,[-0.50614505 -0.04384404  0.8613332 ],[-0.64533231  0.6818053  -0.34451088],[-0.57215679 -0.73021862 -0.37338636]
6,24.055522977976995,112.87283079102565,55.027047030074755,2.418472788381232,1.3417891852489832,1.6204153349762094,1.159923585507886,313.26175841895474,313.20883672545847,7.3237573878166895,[-0.5747647  -0.25629991  0.77714599],[-0.79637084  0.39366323 -0.45915439],[-0.18825257 -0.88280214 -0.4303735 ]
