N,MEAN_X,MEAN_Y,MEAN_Z,SIGMA_X,SIGMA_Y,SIGMA_Z,SIGMA_R,LAMBDA_1,LAMBDA_2,LAMBDA_3,EIGEN_1,EIGEN_2,EIGEN_3
13,130.51772024524425,154.23206340614672,128.82257084477126,1.1806320054651191,2.4112912744166795,3.28461286722682,1.8449237752734804,864.077558848323,864.0062927953176,13.78996425390078,[-0.83783632  0.44591699  0.31494181],[-0.03703619 -0.62199821  0.78214228],[-0.54466377 -0.64364296 -0.53764776]
356,15.755126165988834,188.5251686867413,106.4339459201388,7.808917035480833,6.422190959653996,10.50882890547526,7.694640237776218,4102.535679542389,4100.485494529143,233.9967746914216,[-0.94670658 -0.09447338  0.30793088],[ 0.31371081 -0.48718202  0.81500872],[-0.07302176 -0.86817536 -0.49085574]
935,91.54602473233456,150.79633333386946,138.72092800147377,16.015026946049492,19.70721368865136,11.905012922849812,21.12763638814219,6906.340007986736,6901.979131604325,562.3102733828707,[ 0.16989582 -0.71924425  0.67366395],[-0.8968933   0.17038514  0.40810698],[-0.40831093 -0.67354036 -0.61613763]
58,50.58141307882194,24.84542408215373,5.113624056715249,6.364484347507135,6.294643810231845,4.2984898572474135,7.205647171390743,436.47235475734243,435.68245101971627,50.34028111425578,[-0.02182864 -0.16527941  0.98600519],[-0.4508334   0.88189976  0.13784795],[-0.89234116 -0.44151504 -0.09376416]
36,67.14382866155545,53.54077531257859,58.10515730915137,2.643324955510309,2.8653515780311873,4.555323152203059,3.68944127992354,622.9442282215365,622.7385723245835,28.388610613572943,[ 0.44748115 -0.8529486   0.26877372],[-0.61722877 -0.07708415  0.78299852],[-0.64713929 -0.51627195 -0.56095812]
197,54.638230207150215,165.08672671710409,99.26700915997799,6.329348794433265,12.230086915585405,7.522772179874231,13.551708516763723,2818.274354680749,2817.5925615720657,110.08727386232492,[-0.86575145 -0.01389804  0.50028119],[ 0.41943854 -0.56548245  0.71014148],[-0.27303066 -0.82464322 -0.49539662]
14,175.60191701002222,110.11269442183367,112.69955342753565,2.141345347665986,3.3185041991983004,3.9070516983442123,3.199706775917861,882.9719067675794,882.8774808563173,16.99742419614526,[ 0.212412   -0.84351551  0.49331807],[-0.63327279  0.26565231  0.72690744],[-0.74420879 -0.46680877 -0.47774768]
75,146.1366402080905,170.4547167949613,3.957760384684349,7.509579060231324,3.7594098322166007,2.764734337482519,5.654799405196585,1946.0951585171704,1945.484228747354,59.06900634370874,[ 0.03740771 -0.05534194  0.99776647],[-0.7580815   0.64897061  0.06441727],[-0.65108609 -0.75879801 -0.0176772 ]
43,30.56908753080695,22.684061214622076,69.13764165634717,5.0873545109151115,2.472230888499149,3.83996413424207,4.3908942315628465,519.2803573728964,518.5632826913553,34.02604184383768,[-0.46576775 -0.75922007  0.45458254],[ 0.79484548 -0.58473485 -0.16219066],[0.38894866 0.2857797  0.87581328]
150,166.92562805229394,152.9337092206266,139.79707740817958,7.857713290156888,5.940574964267268,6.466801168736836,7.242528673822026,3261.325375620704,3260.5580324818625,114.04588385532126,[-0.61001855 -0.05655609  0.79036623],[ 0.48378785 -0.81654476  0.31496663],[-0.62755612 -0.57450506 -0.5254686 ]
763,178.58242302968534,92.88766599416634,66.0999168482007,12.68684833988237,13.550695931329573,11.794880862726712,17.04426168711815,5878.970251655562,5876.356735412642,380.62371512644444,[ 0.21214026 -0.80238926  0.55782434],[-0.49628572  0.40327095  0.76881274],[-0.84184143 -0.43993639 -0.31266433]
57,3.2078803511130163,68.63905648707274,109.41613322759208,2.440806644482032,4.953547175311912,5.956005958214064,4.68756652522806,977.2842372640979,976.2227981465246,49.841177253263965,[-0.96421767  0.23635423 -0.12008734],[-0.2639683  -0.81389083  0.51759294],[-0.0245973  -0.53077151 -0.84715794]
42,192.1939866374208,99.19260500876065,193.75771670733454,3.2938513873268898,5.7750697598486775,2.0728915301526056,3.9274471409631606,1882.3269907340832,1882.124455136608,37.22631026906409,[-0.71674223  0.02779999  0.69678385],[ 0.21958022 -0.93937851  0.26334871],[-0.66186486 -0.34175309 -0.66718792]
23,179.38913858457067,89.91739858742369,168.98498447883412,4.549454777673772,6.842799979452748,2.312110173772384,3.745311691156556,1258.6695290813361,1258.3906467307038,36.68945222110904,[-0.62385334 -0.1829905   0.75981675],[ 0.37839469 -0.9213766   0.08878408],[-0.68383073 -0.34289887 -0.6440465 ]
45,180.89284428501068,23.50843632921787,189.86554520440174,3.0202476656455235,4.35437813050152,4.3311461021769935,3.3108833522112007,1766.7027345482459,1766.4959873569708,40.130531187154965,[-0.59162724  0.64494326  0.48376172],[-0.42192058 -0.75899855  0.49588731],[-0.68699362 -0.08927142 -0.72115905]
169,116.54208656727936,11.889886579500013,42.82069120640469,14.21683161713745,6.128145957012772,7.0981613773741286,13.121227855584788,1634.9978228506661,1631.757048870543,143.07084642455038,[ 0.18677728 -0.95089592 -0.24680195],[ 0.29862573  0.29428982 -0.90786352],[0.93591502 0.09586687 0.33892864]
175,149.84233542714384,154.27971797643158,183.5422686591174,9.524234919313358,7.262886266171365,9.684658662773533,6.938405037768228,3745.3459258565986,3741.9693901116034,181.76916658565327,[ 0.00345804 -0.76700236  0.64163496],[-0.84832962  0.33747222  0.40798205],[-0.52945717 -0.54572876 -0.64950383]
380,93.86559623223339,86.58898558360548,82.85498255846699,11.754151439231293,14.642418197368208,7.170693631450296,8.341198902810342,2988.615537858653,2976.462344462652,357.2392981764106,[-0.35695569 -0.41292207  0.83790095],[ 0.70251783 -0.70986884 -0.05054628],[0.61567145 0.57059757 0.54347684]
731,89.26954623904012,91.4754446188865,142.92790460253005,13.778845440918944,14.790713710495808,12.551867318579815,12.365890499135862,5211.526277485813,5207.493495902849,548.1444573308203,[ 0.45677992 -0.85045976  0.26090286],[-0.75829589 -0.21889814  0.61406104],[-0.46512305 -0.47833231 -0.74488841]
131,14.06202872691468,114.53003397503576,117.4526094979692,5.642738693541756,7.447864926546362,9.689208016684256,5.717863260860024,1889.866001763933,1886.5723883582973,139.78350740837334,[-0.96565795  0.23409205 -0.11271929],[-0.24545535 -0.67971461  0.69118718],[-0.08518447 -0.69511794 -0.71383097]
4,166.18183119742164,37.6657294813798,57.945871556080036,0.3540358900058273,2.4598255291950877,0.5220341946260226,0.23446473387685113,359.99573546534947,359.9607393306261,5.057986987957532,[-0.35502992  0.14579541  0.92341619],[ 0.14631814 -0.96692464  0.20892042],[-0.9233335  -0.20928554 -0.32195466]
89,142.13102268674632,187.7465145617148,47.45806156500063,4.487646854996592,3.518735895959489,7.637702854409349,3.8450976749526666,2267.8242911025036,2266.580386740342,82.21213110511137,[-0.7000553   0.61965694 -0.35489131],[-0.39977     0.07171794  0.91380549],[-0.591698   -0.78158928 -0.19751373]
76,145.6632372213671,93.10927375173519,97.65720468987651,3.8045046264245186,5.344672554514824,5.808813217131172,4.081158535235693,1732.1556569290099,1731.8156772305545,67.65340409439632,[-0.6506707   0.69371743  0.30884261],[-0.19639205 -0.5466115   0.81403073],[-0.73352423 -0.46901172 -0.49190468]
520,112.36238268780032,39.988393542574435,171.49335544919634,13.71873710376912,11.96128219675176,11.326717230704945,10.700862668671586,4783.381805860465,4774.370735256367,426.9865053392769,[-0.27270074 -0.88153913  0.3853869 ],[-0.79788664  0.43104727  0.42139668],[-0.53759763 -0.19257987 -0.82091521]
8,165.36299558750937,144.3306373641729,16.76892364995035,1.8885787256884718,1.4545547902422795,2.0447708114761074,2.1423663614773836,622.684069235152,622.6550190440005,6.503368564102054,[ 0.57017854 -0.70272571  0.42552675],[-0.33253875  0.27621726  0.90173278],[0.75120864 0.65565281 0.07619037]
197,188.77833160722437,32.72274291793181,64.73594754575684,5.06655181474643,6.783492816577761,6.841123812678121,4.136182491985424,2841.1144025349386,2840.5598643560884,141.74416696687825,[-0.05529109 -0.81690289  0.57411895],[-0.35425757  0.55364032  0.75364711],[-0.9335119  -0.16171601 -0.32000541]
14,162.0590041465711,82.54409340545133,85.6453745486039,3.955725533953742,2.059917960329897,2.1364370355097404,4.045304848078142,752.3920481362409,752.3351901968739,10.607193767310273,[ 0.4780171  -0.87629828 -0.06000813],[-0.34859068 -0.25197564  0.90276953],[0.80621597 0.41062099 0.42591808]
25,30.146024533188598,87.65305101851058,128.50453654809388,2.5259300343421636,4.480478701798118,2.841780419398652,3.5088468003308053,792.6980427987023,792.5054214136436,23.543777096247222,[-0.83642039 -0.34125004  0.42889316],[ 0.51408698 -0.75979219  0.39803317],[-0.19004084 -0.55341145 -0.81093788]
27,135.77232707105773,135.25803430614945,95.79912095154603,3.142129495907928,3.6040702789328263,4.259817964714654,2.978447404721655,1113.775916947863,1113.4578588873073,29.51599459185928,[-0.73437907  0.67258281  0.09121266],[-0.24302743 -0.38603995  0.88989372],[-0.63373895 -0.63135214 -0.44695573]
3,47.562491395118535,124.01275058490894,160.16877261973067,0.898059755711772,0.3747306846441629,0.38438948285833346,0.5849663593356432,360.4012224829143,360.3992231765989,1.502867850648761,[ 0.00887977 -0.79194074  0.61053338],[ 0.97348153 -0.1327285  -0.18632462],[0.22859324 0.59599749 0.76976108]
261,110.68280766178623,150.50758163641473,81.6162287106577,8.843354776112161,9.234112282248764,9.216296977655649,7.586875517797215,3301.6449777528096,3297.743034604159,224.3504566854785,[ 0.34902654 -0.63147508  0.6924014 ],[-0.76428974  0.235724    0.6002461 ],[-0.54225608 -0.73869711 -0.40035599]
35,39.5935915985472,40.02892857521613,66.15395008652027,3.42996004818443,3.53227964675302,3.6442415280011407,4.2540679938398345,514.9694893703073,514.782802038246,25.952483656560563,[-0.85157559 -0.02258584  0.52374506],[ 0.25845026 -0.88730513  0.3819595 ],[-0.45609481 -0.46062944 -0.76144471]
43,31.66550962213549,17.42962645075828,6.569063751375143,3.0579581223282184,9.004647470286924,5.242963060612575,5.372895802013851,249.99212665239594,244.95962922937346,60.909317451507484,[ 0.01231932 -0.37925739  0.9252092 ],[-0.53092112  0.78159713  0.32745792],[-0.84733169 -0.49524716 -0.19172702]
477,100.79405950069562,130.4678176881392,167.07646167259475,10.407882279213414,10.306235592582846,7.594614532540403,10.444349636750195,5136.483681677907,5134.154360730001,279.5036597040019,[ 0.19730771 -0.82645984  0.52728911],[-0.88125973  0.0861067   0.46472242],[-0.42947755 -0.55637197 -0.71133625]
132,75.93330572927839,135.97661384031105,74.47232392662652,7.092475779180618,6.7150886220769355,4.774850612936465,6.681724774791441,1986.8752053894857,1985.312967627672,98.45814715796814,[-0.58869156 -0.10947771  0.80091003],[-0.67797717  0.60643041 -0.41543846],[-0.44021495 -0.78756383 -0.43122385]
248,16.96479299305466,31.249148421265257,140.32992847069653,6.740353163489793,11.648957291631682,6.2606736811227055,5.997070656778041,2289.2567621509675,2284.0758065187306,214.84209019797694,[-0.97208673 -0.17536331  0.15586888],[ 0.20368918 -0.96047817  0.18971662],[-0.11643932 -0.21616981 -0.96938769]
152,187.4749739096411,43.61413965570017,101.92064363903381,11.079835164302528,18.585169180350825,8.96690421875586,14.371267957464907,2698.4676697099235,2693.2220878725984,228.92096795683617,[-0.46131143 -0.07938522  0.88367966],[ 0.21791042 -0.97561939  0.02611219],[-0.8600621  -0.20460886 -0.46736325]
9,50.294259934828986,185.04919676071728,155.78944199560698,2.330370003983147,2.5124458296633745,3.1807564511844015,3.1856936363616213,741.3205360111355,741.2878662790115,10.240649511329426,[-0.47010327  0.63970397 -0.60809683],[-0.85883466 -0.17270337  0.48226192],[0.20348449 0.74896754 0.63058836]
116,61.14251123711188,77.99316197120937,174.82310405946976,7.515986072869915,10.170364261653134,6.324429004822151,8.50379983683013,2169.3605843206196,2166.6590933117177,122.63670175073437,[-0.65078584 -0.58197147  0.48763408],[-0.69584631  0.7141163  -0.07639256],[-0.30376915 -0.38903357 -0.86969948]
26,94.11027100143944,66.1849433455096,51.610852368341625,4.7627528911963335,4.654827916594206,2.21261559057771,5.318687523790688,643.9167629618535,643.6065919986373,23.405807722488536,[-0.65449348  0.69015874  0.30873809],[-0.11956266 -0.49768652  0.85907677],[-0.74655412 -0.5253466  -0.40824979]
39,8.030041295569482,6.019246238592618,154.9337873864081,3.1232549551216837,3.8243373257477598,5.810047264562415,5.873937016029388,970.5970477721619,970.4481316979845,30.189420158790057,[-0.91634186 -0.39538883  0.06312899],[ 0.39701433 -0.91768704  0.01516961],[-0.05193476 -0.03896366 -0.99789008]
185,87.8483069724581,178.8348355719723,97.37848858083393,5.559663255213929,6.637419555570569,12.355763121039413,7.885371660037919,3022.3064883923776,3019.358004890429,175.0069944556539,[-0.87059324  0.48178268 -0.09976404],[-0.29237572 -0.34352337  0.89247304],[-0.39570677 -0.80614958 -0.43993068]
2,183.403738789882,179.62838913735138,16.938312641315292,0.8235875674026829,1.7323065705061538,0.6616179575215977,1.8401530557035812,363.8524781891118,363.8504699992996,1.2088695739258122,[-0.40697271  0.48831906 -0.77195706],[-0.57114495  0.52349566  0.63225449],[0.71285809 0.6982097  0.06585252]
6,102.88364200339389,56.33020435902778,101.84395359161324,1.0472369154461247,1.5852749940966162,1.8977557279351156,1.7256009902616225,380.54916629560347,380.53575125748637,5.03274974746657,[ 0.13298663 -0.9180462   0.37350466],[ 0.73738027 -0.16016361 -0.65621487],[0.66225742 0.36268277 0.65564954]
2,79.827648051052,4.189503887621848,11.479179037016753,0.014912435555295644,0.12242613674557923,0.2249001186831796,0.040357512393917716,114.20895479912235,114.20839300429512,0.35822295354131684,[ 0.11476181 -0.86928214 -0.48081003],[-0.09862134 -0.49158657  0.86522626],[0.98848549 0.0518768  0.14214514]
31,177.10067961541475,126.89422756258212,112.54851514116808,3.8683841019785508,2.780992950761776,4.548419061552333,2.5172627602950013,1365.6936692821457,1365.5510033598891,33.86715038719867,[-0.55637279  0.82884548 -0.0588599 ],[-0.41086335 -0.21284264  0.88650399],[-0.72224693 -0.51741007 -0.45896209]
36,125.01890633009751,115.78787707861423,144.4885212826661,4.170990352367452,4.871581403205939,2.6977374616800684,2.909860355505056,1341.0097844013646,1340.712140781183,37.95358213319259,[-0.58918741 -0.29998049  0.75024656],[ 0.58283758 -0.80087182  0.13749433],[-0.5596057  -0.51828181 -0.6467035 ]
194,114.80095515909707,128.6650590677504,101.35776714180888,5.699392868963745,5.735217893203643,7.782801694581288,5.96170575081232,2789.3757755831325,2788.078855294784,133.11671441226545,[-0.75902863  0.65014491  0.03445481],[-0.30735761 -0.4044805   0.86135174],[-0.57393975 -0.64320068 -0.50683927]
156,134.7600171684035,171.59754249186634,138.44356592361092,4.909139185822121,6.542350973200174,7.9208115372129955,6.320379524714271,3230.014858377493,3229.00938675225,118.328329583475,[-0.83968266  0.28754604  0.46070631],[ 0.15178766 -0.69025584  0.70746546],[-0.52143411 -0.66397601 -0.53594992]
15,191.10023110771002,65.93956419580724,84.38382512868499,1.5966147469069685,3.6149305140346324,5.991077669811994,3.78204953170143,848.8228399727216,848.602304889953,23.618717930129154,[ 0.14523858 -0.91192105  0.38380432],[-0.46713374  0.27875518  0.83909572],[-0.87217649 -0.30115702 -0.38550308]
387,18.365517625487616,22.81550393271867,96.96801576866478,8.776386227258456,14.893029330103735,17.14953278074457,14.2038529289022,2043.8906795046903,2020.01081756872,377.79600192733534,[-0.97094884 -0.11518736  0.20973846],[ 0.15411398 -0.97154129  0.17987885],[-0.1830498  -0.20697679 -0.96106887]
21,8.463336087420977,33.32531114287936,55.89881656710112,3.465004483601573,4.449187814528662,3.186437174747036,4.10750472685885,302.0192469538951,301.5207687219997,22.820068299301024,[ 0.83245364 -0.52255651  0.18427054],[-0.53835817 -0.68408095  0.49214198],[0.13111603 0.50888893 0.85078825]
444,55.09818574320397,35.50767143694217,109.48814029531474,7.931943513055765,13.094056272984869,14.081980800933428,11.353802695111101,2717.542105113279,2706.9059074418005,363.6743829896898,[-0.83650534  0.48157111  0.26143466],[-0.34151038 -0.83129269  0.43854661],[-0.4285201  -0.27756393 -0.8598423 ]
154,169.94617399674132,128.2192189474347,85.29317337664443,7.538093856324358,3.700429528317197,6.2239894152816735,6.262453627820369,2848.415693335943,2847.670577578781,103.74785767294817,[ 0.35203093 -0.79532022  0.49349769],[-0.57152627  0.23489361  0.78624596],[-0.74123677 -0.55882979 -0.37185658]
11,130.8681526826431,61.22005518772099,88.46432923702456,1.8134629298607183,1.7389889834796908,2.1978973812001223,1.6390803227828254,561.9473444007108,561.9378567372273,9.639394452034216,[ 0.6139646  -0.63499454 -0.46885968],[-0.16219588 -0.68281077  0.71236363],[0.77248946 0.36131894 0.52221514]
17,128.09101152517735,162.598191199763,186.0522142564264,1.9795548013543396,3.125194101093064,3.062737915438421,2.385923907551261,1147.6637251658992,1147.6182795402624,17.183772762366406,[ 0.84991718 -0.07225866 -0.52193819],[ 0.25662054 -0.80837327  0.52979104],[0.46020287 0.58421857 0.66850728]
220,93.9212790167959,97.9493141065822,187.55687526013833,9.658091522216123,9.035038307938278,5.156647458814672,5.102667919026068,3439.6096206098323,3435.127554377295,196.21881001482453,[-0.42855958 -0.69482851  0.5775379 ],[ 0.80750064 -0.58130184 -0.10015438],[0.40531396 0.42344011 0.81019693]
10,119.27280856136528,52.93697069747925,196.01057967832668,2.3399982978244735,1.7219378071222333,2.1650591450050953,1.8681999713257418,744.707059566588,744.679228947875,9.811511388712558,[-0.47768411  0.87687793  0.05387929],[-0.7178078  -0.42491883  0.55153963],[0.50652725 0.22478674 0.83240679]
8,178.53628254298508,5.898029724023174,8.136950516099738,1.2891318593243508,1.1912660848826748,0.9632300772330432,1.277002851287163,505.8042037106936,505.79280171875905,4.370845214136164,[ 0.05617537 -0.56849953 -0.82076343],[ 0.00119402 -0.82202269  0.56945348],[0.9984202  0.03296927 0.04549863]
13,178.29246407840466,26.37130011655902,135.82186850080004,3.0834534147757915,2.6894807613715126,1.922022738731101,3.187634637097179,813.832323888436,813.8096715246785,11.57644374051101,[ 0.59278498  0.10461122 -0.7985377 ],[ 0.15630928 -0.98761797 -0.01334705],[0.79004644 0.11690693 0.60179681]
56,9.439865571152117,119.4245980197061,91.08384836463632,5.213860343568946,4.032806928347392,5.090243285360785,4.112758759932267,1127.2695533248702,1127.2128372689892,54.363478770026454,[ 0.64434218 -0.49551912  0.58248087],[-0.76214167 -0.35338875  0.54245411],[-0.06295419 -0.79345901 -0.60535905]
26,144.42418244283596,131.8241956379384,146.63984813470782,3.626908335326392,3.575058507912815,3.7564657071051197,4.782300706984027,1246.6619976949135,1246.5588055235428,21.12460138435235,[-0.74011636  0.65834983  0.13712501],[-0.32100046 -0.52504327  0.78821842],[-0.59092003 -0.53935616 -0.59992371]
100,54.87905546147511,51.18970424625441,174.1356406831863,7.687706506258946,5.017429936513526,7.829287724201149,7.559119785840953,1899.7469178841363,1897.9343467181723,94.78966584486841,[-0.2113686  -0.91767722  0.33643993],[-0.93380053  0.29126603  0.20779961],[-0.28868649 -0.27024548 -0.91849197]
5,44.600192986124036,21.43348742619161,156.63907579527125,1.594209658016148,1.5873299262442964,1.827492361599704,2.1346860975767044,367.3697712988576,367.3525902515448,4.387561778138942,[ 0.82761939 -0.53734852 -0.16218113],[-0.49121668 -0.83320507  0.25392021],[0.27157379 0.13048321 0.95353123]
216,133.87055500815606,12.070514698535533,132.78324119714514,6.625184769294756,6.881063918234863,11.381424423895751,6.356010630524395,2784.526341860582,2779.256358204072,198.08487191866664,[ 0.35316571 -0.89431881 -0.27471413],[ 0.6118149   0.44291872 -0.65536672],[0.70778282 0.06337886 0.70358127]
98,187.3015318665669,15.426084337799407,111.29376045809646,4.204535155607057,8.438559250379905,8.884137024125842,5.924416998887843,2165.68231616567,2163.3776469471295,113.62371886494951,[-0.31893929 -0.70398496  0.63457301],[-0.40437684  0.7066158   0.58066641],[-0.85717974 -0.07140929 -0.51004276]
40,110.6761618852665,188.25586773651668,158.24386772405236,4.010757424013956,2.7057089423780476,3.961672082971144,2.6978676054522484,1705.994943930673,1705.8375085336659,35.72525478824951,[ 0.22860124 -0.70168107  0.67482231],[-0.88281796  0.14275405  0.44749719],[-0.41033393 -0.69804367 -0.58682289]
434,111.57189922535301,119.85511987545898,34.27318791445021,13.996321563031378,8.482700592639876,13.712080042322606,11.720731213434744,3506.1987231058633,3500.815816816477,374.5756062088801,[ 0.69141095 -0.69879767  0.18339225],[-0.27361941 -0.01834854  0.96166301],[0.66864289 0.71508402 0.20389099]
21,157.89071012304552,127.98883607036322,70.70968422836376,2.5451803623437868,4.5549195537750045,1.7564749328268336,4.336228845571072,986.4551672001877,986.395892654243,15.571070104966497,[ 0.48726975 -0.12352507 -0.86447079],[ 0.47369966 -0.79424819  0.38049762],[0.73360536 0.5949045  0.32849933]
73,28.85122656983119,157.48949708538228,35.26341939300222,6.824022324109528,3.7009507446293286,4.473617048473109,4.085199791962131,1402.6370556939323,1401.4207343818844,68.27094708784635,[ 0.40180976 -0.26974662  0.87509181],[-0.89865427  0.06749461  0.43343394],[-0.17598133 -0.96056298 -0.21528896]
27,141.28456162669409,158.95882595686905,68.4139789331552,2.003103579442248,3.0555952136892324,2.9445962686925644,2.677760067032084,1161.042776326378,1160.987605746635,20.018995021243107,[ 0.73002993 -0.4151538  -0.54286613],[ 0.25913649 -0.5668696   0.78198922],[0.6323801  0.71155196 0.30625027]
10,27.56649226244729,27.507406975063482,191.29060376297898,2.094179891149612,1.486374262487739,1.6804886931904628,1.8487730263177125,617.3817459550637,617.3667551935343,7.728427303370994,[ 0.37949913  0.9064959  -0.18505566],[-0.91434135  0.39801312  0.074602  ],[0.14128099 0.14089265 0.97989231]
222,51.031639192607074,101.66562140967358,125.99101856504346,6.457238619636593,13.35566425534367,9.189900617090762,12.454507077186694,2540.884941995592,2537.543806729688,182.5902328502775,[ 0.7931195   0.27567157 -0.54310831],[ 0.53058871 -0.75056403  0.39386451],[0.29906032 0.60054877 0.74155519]
46,28.08586716572221,108.37589492805232,193.76723536261176,4.778721821374691,3.4875147158091893,3.3408173102190286,3.5311770191696765,1518.307422717607,1518.1529844585705,39.38112926795333,[-0.24345365 -0.8310277   0.50012327],[-0.96174139  0.27362644 -0.01349327],[-0.12563366 -0.48427424 -0.86584909]
13,106.53977187404061,62.11389012284825,147.8359823593378,3.9938251595932015,2.667333307534471,2.23789349037686,4.142715349692261,694.3742272874166,694.3387628946372,11.864298805844943,[-0.54079515  0.84035296  0.03670852],[-0.63333711 -0.43551686  0.63969459],[0.55355642 0.32269486 0.76775212]
62,127.51316593163634,91.47782983630893,165.69009463914895,4.292013908472445,4.400142902652141,3.7238041343459467,3.207983428010779,1797.5696391646695,1797.3959094432669,50.60520290412133,[-0.72937786  0.65415875  0.20021058],[-0.39465706 -0.64139788  0.65791684],[-0.5587967  -0.40085546 -0.72598978]
43,146.40450791166987,39.99793070868822,108.52572496946614,3.561348607582793,7.600599217245288,4.194989286758879,3.813155896875253,1224.8919683548982,1223.8929459478622,55.90633692838286,[-0.45363277 -0.44086219  0.7745049 ],[ 0.42283308 -0.87149445 -0.24841419],[-0.78449315 -0.21479747 -0.58174956]
38,85.5225170300155,82.85360226685812,28.362257399862337,3.094763311887764,4.964062082272921,4.90932445925392,4.618254054036792,755.8393446731274,755.2858780597315,37.53138317626239,[ 0.36489217 -0.61586416  0.69825858],[-0.61609143  0.40257599  0.67702579],[-0.69805806 -0.67723254 -0.2325318 ]
43,6.736133726961757,183.93924636179446,58.33902944866114,3.5680924009328545,3.628064467787783,4.567152645754663,3.9751755320900144,1266.7536699350371,1266.6142617825933,36.55315201269284,[-0.93920682 -0.07199717  0.33571858],[ 0.34156173 -0.29563105  0.8921535 ],[-0.03501631 -0.95258527 -0.30225018]
18,9.67805088972613,138.01880531735216,84.50903425679606,2.11676101668879,2.3876888749229033,4.200105656888983,3.556314423897777,688.169250825501,688.0392919457654,16.534424300134848,[-0.88514347  0.28658172 -0.36659509],[-0.4614855  -0.43974492  0.77049046],[-0.05960015 -0.85117291 -0.52149065]
2,79.10729261281456,96.1050119439173,30.521123898437274,0.8727081127225489,0.7699105155539101,0.5520573948385774,0.09280494165555807,181.25857341550983,181.2494672200831,1.816884438202748,[ 0.46493681 -0.10346341 -0.87927759],[-0.63469788  0.65345351 -0.41250106],[0.61724579 0.74986255 0.23814658]
33,182.55382190678884,194.26994607109214,179.5343695657946,3.9068813498543973,2.9186737328418246,4.50180122764994,2.003679484251877,1846.6505917211762,1846.408509681827,36.30694731102596,[-0.65000853  0.7457652  -0.14602459],[-0.50482472 -0.28012924  0.81650451],[-0.56801489 -0.60445172 -0.5585671 ]
3,131.80530851146295,121.74209789820479,58.36100544878116,0.8840481312614525,0.4173507324121897,0.3411784506412522,0.733252082503116,326.80573169490725,326.80506689393764,1.266093722351688,[ 0.3367222   0.0849799  -0.93776147],[-0.63135534  0.75924879 -0.1578978 ],[0.69857612 0.64522841 0.30930843]
6,163.68641526729874,2.5972740642698944,143.00956505531508,1.6417561836363137,1.0612727962426631,3.296340624503826,2.5187688948022426,532.5353318924751,532.4971051568381,7.0634594140150995,[-0.14422682 -0.97253174  0.18270371],[-0.64206868  0.23246373  0.73055351],[-0.75295846 -0.01194292 -0.65795967]
115,105.4231352739936,60.31537489193668,5.224265584969142,9.6584419027036,12.410544368160584,3.3386771650969203,6.2174671039472145,1314.5592069497056,1305.8274389151393,159.4565721547217,[-0.01319347 -0.06279518  0.99793923],[-0.49691514  0.86647322  0.04795313],[-0.86769884 -0.49525844 -0.04263567]
2,22.03943036244211,106.71348340070836,82.95644835864981,0.48369390956897185,0.7149204365131325,0.6732197584418884,0.07143546843055049,193.68259937520128,193.6764387227885,1.5447926698217034,[ 0.87669314  0.16904411 -0.45037009],[ 0.4533333  -0.60352584  0.655931  ],[0.16092871 0.77921798 0.60574029]
2,12.182235524186092,124.43833563214821,117.3687601167439,0.7059813908120827,1.3137339145579503,0.3732762982096318,1.1585879866672997,242.53286676376425,242.52865607166075,1.4291412540149366,[ 0.62169096  0.50435982 -0.59926749],[-0.78003744  0.46803126 -0.41531715],[0.07100664 0.72564999 0.68439034]
29,39.39421015673957,83.11100555090539,184.72656468378312,5.676212407732375,4.9781759221998625,4.7574908123944475,5.634724839487739,1112.1928032251217,1111.7988755356484,37.11589144633617,[-0.62323717 -0.65469473  0.42772684],[-0.75829148  0.63966036 -0.12581199],[-0.19123146 -0.40275233 -0.89510954]
21,169.26261407064925,25.32162006716325,81.02521258105178,2.171834140244039,3.282284834778141,2.953125185039995,2.1924346269557033,867.9668296758996,867.871409157273,20.148350052193617,[-0.27403138 -0.59248256  0.75754288],[-0.35485386  0.7944053   0.49294924],[-0.89385991 -0.13373346 -0.42793671]
15,25.288238039532462,135.50809239337394,55.28025486969944,2.4614737923298238,1.8399224198987423,4.37593190847425,3.110459881462327,575.5222910727628,575.4008881887884,16.764210539458134,[-0.95336064  0.05696289  0.29640972],[ 0.24916587 -0.40572316  0.87937767],[-0.17035219 -0.91221924 -0.37260728]
138,126.77578925908674,49.95857001661528,28.828784738457916,5.770573948667903,8.940179990246056,4.955547780957474,6.999040594269871,1640.8758231606619,1639.363249232478,110.37701602542592,[-0.21592908 -0.01472461  0.97629802],[-0.35459337  0.93280314 -0.06435726],[-0.90974621 -0.3600854  -0.20664057]
6,81.90519779174552,161.61286700993975,174.2707511465379,1.803236280877434,0.8737780006179396,2.3692774345831222,1.6007246320105777,615.8204046358378,615.7986710689895,6.5167786047837195,[-0.35644876  0.76265845 -0.53971878],[-0.875682   -0.07128684  0.47759734],[0.3257688  0.64286101 0.69325638]
8,105.52422460696044,75.17347983326451,55.974860727052246,1.2427183177755696,2.4302537554646735,2.018596005297942,2.386161120371596,399.28887361178613,399.27444470294273,6.804552103384368,[ 0.17176808  0.42186004 -0.89024145],[-0.6415931   0.73365071  0.22386365],[0.7475654  0.53272014 0.39668026]
4,187.90100312865627,68.18638460394584,20.083833363266116,1.5463686269463939,1.0740620926148938,2.1411315966139024,1.9205131714706678,401.8337147782011,401.81236829096684,4.214725607800815,[ 0.29636996 -0.90586071  0.30262391],[-0.19334701  0.25339234  0.94784453],[0.9352977  0.33942407 0.10004758]
75,3.7768410799393943,96.2932808084112,87.79539398604106,2.537489144679307,4.540649529331982,5.395152962611768,4.3702738721561945,1130.6606483210603,1129.787403700283,53.05915454690296,[-0.98193954  0.14701083 -0.11909055],[-0.18697952 -0.65801793  0.7294183 ],[-0.02886868 -0.73851217 -0.67362184]
21,11.591623702318296,190.0346066126086,34.50133798031504,2.6796384784541933,6.2595506110761825,1.8040157789306253,5.95610348096171,887.2031367569263,887.156262925309,17.273677298108513,[-0.46854277 -0.12993595  0.87383312],[-0.88142429  0.13554873 -0.45245747],[-0.05965648 -0.98221341 -0.17803908]
9,183.08849080523058,37.926182068170974,143.30907157739205,1.2719355304676854,3.924837975237329,1.820933516321452,1.481532180153009,706.8543244152129,706.7603672757652,12.80172891833719,[-0.61186587 -0.03257322  0.79029054],[ 0.14701542 -0.98642442  0.07316638],[-0.77717863 -0.16095291 -0.6083482 ]
2,143.35754245734415,77.17809413718531,119.1833946878202,0.2631665826555718,0.23383680311296473,0.25518537720490286,0.42715157162217565,285.35141078763803,285.351387667537,0.11486821304551859,[ 0.49879748  0.31836555 -0.8061293 ],[ 0.496396   -0.86737392 -0.03540487],[0.71048722 0.3824995  0.59067931]
2,34.273058705704315,131.05003363218054,167.24234530318284,0.6894196167801283,0.23133948605909893,0.6624498135292498,0.7654313495006733,304.367289923443,304.3660356391893,0.8737989613793934,[ 0.36189853  0.69632884 -0.61980288],[-0.9185132   0.37993414 -0.10946945],[0.15925754 0.60891395 0.77708483]
27,128.68694949760132,29.773101765521883,19.05224696295149,2.421882925953468,3.4150294228032116,7.073326279388108,2.1222938990937905,694.6543619860058,693.6357403465463,41.22949689111361,[-0.25561127  0.92519744  0.2804863 ],[-0.06901186 -0.30684578  0.94925393],[-0.96431335 -0.22328312 -0.14228284]
7,154.60975388632144,110.5603828208174,169.8664260874389,1.1560822550514276,2.3524719628252955,0.7363055794753015,1.4811248292835544,674.4808489848434,674.4598046195172,6.050856726112016,[ 0.70526394  0.09345584 -0.70275799],[ 0.36708637 -0.89617982  0.24921744],[0.6065067  0.43373695 0.66634967]
56,165.7819560693289,185.53020117114679,192.09809136381728,4.773881754012912,9.971062011806799,5.042990746970244,7.957602069824496,2353.8818971934493,2353.1833549951198,68.29792675792689,[-0.83891173  0.47585002  0.26418529],[-0.13462013 -0.65172828  0.74640986],[-0.52735617 -0.59060733 -0.61080149]
122,14.877454077079744,83.56276107716594,49.094091674915155,6.9894895626756535,7.703858790121313,4.464314002471193,7.548151409946116,1089.371307425173,1087.0074213057912,94.01813390709097,[ 0.64383457 -0.46977817  0.60397477],[ 0.74934161  0.22741774 -0.621907  ],[0.15480376 0.85298865 0.49844373]
15,162.07084502918914,62.64563202404197,12.755245937426427,3.44109424950743,5.28751884441367,2.7621252869102104,4.2785755875460865,675.274670690801,674.9968086391135,20.740941664285934,[-0.23934725  0.44310973  0.86392515],[-0.27852979  0.82105489 -0.49828709],[-0.93012582 -0.35989254 -0.07309797]
69,133.01083068759198,166.7550301421438,86.97539950854811,4.720991348056603,4.913543678679062,5.504868038996811,4.421236472559312,1914.4836013661688,1914.2115149687484,62.81908857994802,[-0.81574576  0.53052137  0.23044723],[-0.03344939 -0.44101647  0.89687547],[-0.57744263 -0.72391405 -0.37750294]
49,158.06534338441259,55.28707988731,171.76127219495768,6.046424544996916,4.430253566660849,3.236329784747947,4.195302924402386,1679.9770250991492,1679.6028922504818,48.80968426717841,[-0.36918098 -0.73024449  0.5748464 ],[-0.65522621  0.64317381  0.3962399 ],[-0.65907815 -0.2303702  -0.71592287]
20,91.93930027743531,69.99438130796887,176.84230881094638,3.3075648623390683,2.3549818698958895,2.5822104583640795,2.175301274430495,944.9323858689471,944.8123301449258,19.19942197739418,[-0.00685437 -0.92855147  0.37114039],[-0.90032223  0.16724723  0.40180623],[-0.43516996 -0.33139182 -0.8371419 ]
4,175.6639576360888,71.4761061205248,86.48779280679553,0.765155522164711,1.24444970144535,2.181821605382636,1.839270232622546,416.91070955121177,416.89442975884884,3.7463196459579398,[-0.12138535  0.87204512 -0.47413385],[-0.52448582  0.34918942  0.77651875],[0.84272191 0.34293448 0.41498882]
68,80.30419106734263,28.514907582485677,112.84585272167689,4.811702276813732,7.4392430559655365,4.9968342290387495,4.661259032291991,1168.6419388970169,1167.172582102486,74.28263421889937,[-0.79985292  0.36339977  0.47767762],[-0.19377824 -0.90960402  0.36751943],[-0.56805396 -0.20139796 -0.7979684 ]
4,88.82847630362123,197.6336023467881,7.77174715844005,1.2449115318235944,1.0703929181939242,1.5248806201517093,0.6774800429311293,433.65384372328964,433.6424672757772,4.270025187140018,[ 0.65090171 -0.31962074  0.6885997 ],[-0.63913078  0.25877779  0.72425541],[0.40968136 0.91152435 0.03584055]
103,120.06138546300173,10.904594691891008,105.5747405673352,6.8706776439736545,5.79305001690943,6.232799941259891,5.38600184077216,1629.0776525052788,1628.3308655889093,96.42332622217889,[ 0.26518738 -0.94207823 -0.20533938],[-0.60667778 -0.32855368  0.72387468],[-0.74941159 -0.06738759 -0.65866621]
30,149.5071008022492,162.31128894878879,113.81071504345509,1.8186584515099176,3.601859110827785,2.3156951850397167,2.894466018586206,1360.171221318095,1360.090527795424,19.9749883724242,[-0.7721186   0.33067478  0.54266661],[ 0.2032152  -0.68062825  0.70388122],[-0.60210999 -0.65375788 -0.4583276 ]
55,9.449530038746813,194.80077165530034,140.13582083059032,4.5751527191874,3.0291943716433583,4.991023122258442,3.2691014703622128,1781.686520671157,1781.4061139408109,49.52269137061662,[-0.72760474  0.42346793 -0.53969089],[-0.68487731 -0.4034966   0.60674011],[-0.03917154 -0.81108903 -0.58360961]
28,191.05016976857434,61.594356713772164,137.3825885050482,3.187167623666759,4.009663672361367,1.764381848892273,3.1029825040692156,1287.4079485377092,1287.277702745476,23.42734219728494,[-0.61890272  0.31422775  0.71987523],[ 0.00487938 -0.91493677  0.4035677 ],[-0.78545249 -0.25328169 -0.56472362]
15,29.68204334208451,169.83975451138465,103.47468270603221,1.5546065514180285,2.78731404414493,2.728569205262656,3.549498614882632,778.942125941697,778.9162881001174,8.647948496508441,[ 0.85628734  0.15123818 -0.49386132],[ 0.49494821 -0.51359319  0.70089108],[0.14764232 0.84459994 0.51463841]
3,176.11870156686481,92.72823281452497,141.520190860417,0.5245042628652066,0.5040198491024158,1.1013205606467737,0.776799327685938,423.00932935160523,423.0081143295949,1.8478422827216987,[-0.20925957  0.91675323 -0.34025572],[-0.66043197  0.12410916  0.74055826],[0.72113802 0.37968466 0.57948211]
31,196.62176243437958,126.13699869549299,51.17663473448538,2.2257292706531704,2.898726443545708,4.560630519117617,1.839463735678771,1331.7999763999853,1331.6288844010653,30.86884143906335,[-0.56569979  0.71542498  0.410062  ],[ 0.06313607 -0.45824185  0.88658234],[-0.82219072 -0.52742915 -0.21405819]
49,50.565296964876545,47.95652427793481,193.84844358356128,5.115016405583349,2.9414395869089347,4.621882334977006,5.149780980452825,1442.7681032938463,1442.5627145581846,38.21319706081915,[-0.11422951 -0.95703543  0.26652355],[-0.96258913  0.17297665  0.20856953],[-0.24571078 -0.23272788 -0.94099094]
172,131.3007538499657,91.53478795846569,15.639685271351603,6.196075435661967,4.853872578588657,7.70064764345376,6.873135039683429,2113.477246369059,2111.675206866391,112.51842180703159,[-0.56977052  0.82146393 -0.02363382],[-0.09341808 -0.03616948  0.99496976],[-0.81647695 -0.56911227 -0.09734789]
12,178.934161435776,165.48711119143104,86.82401007299849,1.9417399019030617,2.0133800524017667,3.9221952664173845,2.9364300065086026,896.4112432771358,896.3444341864158,13.204774329988249,[ 0.594179   -0.76795304  0.23916404],[-0.4107462  -0.03405308  0.91111358],[0.69154817 0.63960027 0.33566742]
73,155.23970277849267,187.19901329435382,162.11698937656308,5.355577283199248,7.161253333410332,3.9686483106380948,6.682641697478346,2498.393435669983,2498.0636803881084,60.80065225678113,[-0.81804289  0.55815897  0.13879624],[-0.22053922 -0.52727502  0.82057511],[-0.53119514 -0.64065562 -0.55442952]
155,114.33420457453833,121.20782603255657,190.75062547647684,6.273356948613199,9.08973753407236,6.656544071514386,8.6280600793179,3156.6984243957286,3155.773555686384,119.27541984972747,[-0.82688732  0.5416763   0.15114276],[-0.33541532 -0.6907627   0.64058056],[-0.45139109 -0.47899235 -0.75286945]
7,5.402795416243514,176.52052662438103,163.82711679745847,1.9194844795599506,2.514659118152931,3.06602019482049,1.6079283003929044,637.4246953221422,637.3663816426896,10.84993668704894,[-0.97282578 -0.14080608  0.1838033 ],[ 0.23044867 -0.66574854  0.70969873],[-0.02243688 -0.73277044 -0.68010592]
8,156.64685951510157,93.44864532533515,59.05620740198927,2.5879247770652887,2.1599808209981255,1.3188109973086037,2.47364839310198,542.3600538798642,542.3425809517306,7.490504564451771,[ 0.1175479   0.38212249 -0.91660509],[-0.56444669  0.78512083  0.254922  ],[0.81705718 0.48740916 0.30797708]
12,90.41315546725711,151.98109365237892,14.173555909500328,2.5074871787356523,2.2353135137383755,3.4644894325704136,1.6294808306329616,614.7421765196041,614.6312548746725,15.73877330987695,[-0.73518201  0.38539429  0.5576546 ],[ 0.44697264 -0.3428772   0.82622677],[-0.50963013 -0.85668341 -0.07981645]
7,39.24710832915081,71.1458278483891,167.1127637475704,2.0444161696205074,0.3543817756528559,1.9678525306627914,2.0854384998546336,491.6849294140648,491.66636567458914,5.192721194349571,[ 0.27728907  0.85882695 -0.43072851],[-0.93726658  0.34038282  0.07530537],[0.21128686 0.38282608 0.89933423]
4,3.8495782990231318,110.11505890729671,172.08750053339463,0.9632258222256006,2.3699436257298796,1.4955438348646337,0.8409835404917335,408.7176860475227,408.6830905244468,5.6797592362888105,[-0.96856724  0.21879745 -0.11834349],[-0.24803771 -0.8134625   0.52607609],[-0.01883612 -0.53889371 -0.84216315]
30,177.92510266132243,119.05219368638811,130.56784333248794,3.512709972247015,6.372487776408501,3.7810126403343474,4.297679842131425,1374.114067784247,1373.7196651079917,38.251263790962405,[-0.70459748  0.48746379  0.51567571],[-0.00879722 -0.73265058  0.68054811],[-0.70955267 -0.47497598 -0.52051208]
5,113.11489418584753,165.60514784180592,165.65738597191265,1.4619901782353633,1.1132649023068348,0.6156455103617929,1.5560856408004602,581.6609783004047,581.65759084704,2.578627756884197,[-0.49481545  0.75981853 -0.42170306],[-0.75235793 -0.13172926  0.64544942],[0.4348738  0.63664998 0.63683717]
22,96.74055503339694,54.34097578409017,17.687516170079046,2.339095412193403,3.3202644855457515,1.897426811968009,2.330127896391323,527.381231812008,527.1720035483564,17.944976639005912,[ 0.01589145 -0.33501195  0.94207985],[-0.50850107  0.80854741  0.29610427],[-0.8609147  -0.48375415 -0.15750494]
5,196.30545007100778,189.1680871030802,182.48137336720612,1.9146988182936526,1.0550494575046938,1.77593771394048,2.3225085309032636,733.5774428933679,733.5729107584451,3.5660558442990005,[ 0.56359532  0.19051842 -0.80378047],[-0.56945427  0.79448828 -0.21097442],[0.59839965 0.57662042 0.55626141]
24,194.41246364012713,140.26729682658188,6.7556773296022214,2.739652588795465,3.9334352003664157,4.35341061731795,3.320405056258973,1175.3105150753215,1175.0400011175032,27.263293368315058,[-0.44875567  0.65139481 -0.61180319],[-0.3762417   0.48326127  0.79050663],[-0.8105927  -0.58493021 -0.02821566]
