N,MEAN_X,MEAN_Y,MEAN_Z,SIGMA_X,SIGMA_Y,SIGMA_Z,SIGMA_R,LAMBDA_1,LAMBDA_2,LAMBDA_3,EIGEN_1,EIGEN_2,EIGEN_3
601,111498.34307332968,159369.75940882054,92679.35491850362,14484.5911185107,14128.572618469303,13536.39393259312,18262.934582850987,5311183.356399596,5305691.238775464,387631.5446917514,[-0.85274528  0.41155549  0.32163267],[ 0.06076061 -0.53342829  0.84366013],[-0.51878092 -0.73896979 -0.42987209]
49,15138.669895722409,149164.9834790145,195237.98913380256,7152.090692167899,8699.142771048757,5542.931895583992,3248.938452899506,1725185.3504796051,1723525.2195797882,84653.96109554193,[ 0.82752157 -0.47516785  0.29903772],[-0.5580545  -0.63780208  0.53083301],[0.06150791 0.60615511 0.79296454]
1604,182649.92392262333,113096.76514759946,48924.326300829016,14656.42156097992,36152.35307422366,20717.742343681908,26925.427757029185,8971004.652373863,8916473.946277864,1417854.2288359823,[-0.4481427   0.36497955  0.81606253],[ 0.34775394 -0.76978671  0.53525286],[-0.82355043 -0.52365862 -0.21805122]
821,18866.030204190058,145551.67249150982,27949.6425105422,12498.128717511816,13087.886054406157,9784.20344040179,13258.610734505959,4314274.66903515,4304888.194157193,450875.7546990539,[-0.38526265 -0.12631693  0.91412074],[ 0.91418287 -0.18735454  0.35939943],[0.12586644 0.9741367  0.18765748]
4524,124787.96321545783,101696.94455655389,116519.30047367522,34868.61940375989,30437.81888747215,47861.81406716799,29350.77398753071,13989338.682402043,13652756.841564067,3914813.8216004963,[-0.69444698  0.70560162  0.14096011],[-0.34575533 -0.49903278  0.79461911],[-0.63102824 -0.50308313 -0.59051733]
35,11074.713892863638,29781.8956782013,135427.28842817666,6903.610750718177,3563.75963753623,3513.669496753031,2636.247665663723,824337.1178827841,823270.241669477,47907.46827359995,[ 0.40417718 -0.89971721  0.1647718 ],[-0.911258   -0.38050806  0.15755149],[-0.07905478 -0.21382834 -0.97366718]
896,57349.99905454349,168788.838000791,131555.34892298872,22498.923750229635,16595.72317622295,10478.08763226945,13784.839026643504,6680072.856157899,6655419.424943563,800405.3692428586,[ 0.11492443 -0.63308801  0.76550111],[-0.95911371  0.12992059  0.25143891],[-0.25863732 -0.76309909 -0.59227234]
1886,24880.36032539002,39247.25008871555,37727.75004020613,13919.258349940552,18750.86646518204,25785.043595976687,17377.18509050524,2944334.205478851,2755284.530328935,1348477.3013411113,[-0.90211872  0.38895826  0.18679744],[-0.13991577 -0.67321438  0.72608951],[-0.40817323 -0.62888303 -0.66174069]
12,65258.14112008262,100176.54063971665,143195.50103357906,3903.9276854372843,1775.3485016329466,3668.230617483577,3260.975643200882,646457.7769775442,646356.593804628,15932.280984992878,[ 0.49507532 -0.80166743  0.33500711],[-0.79526687 -0.26281749  0.54633101],[-0.34993004 -0.53689506 -0.767654  ]
200,189087.04950805873,180642.63175510452,111856.20487887577,10960.432363675623,4808.685470674242,8393.23827388088,6770.486058027405,4026864.5737067093,4024397.5015371507,181824.51745975972,[ 0.36882005 -0.73699464  0.56640151],[-0.64925396  0.23180137  0.72438762],[-0.66516244 -0.6349071  -0.39300369]
71,142704.53038855665,145474.3030967047,96240.96362670512,3052.1244446474752,6638.398989634069,7351.296525938791,6553.98308417245,1900570.4493162716,1900176.2618247108,67460.74261115085,[ 0.52452297 -0.76344989  0.3768553 ],[-0.56961684  0.01429993  0.82178597],[-0.63278141 -0.64570874 -0.42737327]
163,67353.22433700424,81831.71205589024,28336.125925668424,6176.1077367322505,3927.6913779283227,12416.895717813995,6277.74129519507,1411330.1169132865,1404322.70953873,165618.85885635164,[-0.75728391  0.64923197 -0.07084441],[-0.22224913 -0.15418569  0.96272119],[-0.61410618 -0.74479838 -0.26105358]
12,95209.85837747743,167464.49801713822,85099.11855676874,1084.3830864223025,2964.455640842874,2403.051415144041,2412.3416886669725,729647.8424213679,729588.816985683,10915.773938974082,[-0.86262062  0.27447037  0.42491374],[ 0.22700045 -0.54063278  0.81005369],[-0.45205804 -0.79522463 -0.40405609]
115,77430.37525557472,130030.66324048206,135370.8286226488,5588.451921970701,5960.107727234481,9501.030455723298,8393.767659967067,2180875.375673541,2180003.224139099,100420.83713942641,[-0.91046492  0.13469393  0.39103859],[ 0.16033596 -0.75659288  0.63392397],[-0.38124272 -0.63986308 -0.66725499]
494,93206.42591207396,40600.96386616338,71485.49459118812,10838.713814332874,13281.353805266112,9933.876987225905,9212.476461329607,2791649.7053839774,2775991.5644243243,386141.8231101964,[-0.63010697  0.6149501   0.47413245],[-0.19607174 -0.7168114   0.66913174],[-0.75134618 -0.3286606  -0.5722422 ]
92,22408.452452040547,161619.89358191242,94170.55624313788,6978.258956642371,9098.940742149054,8197.98785363297,11490.391917859848,1811653.4290843091,1810728.1765650422,78229.85401906562,[-0.54932263 -0.36253679  0.752869  ],[-0.82698101  0.3650168  -0.42762734],[-0.11977919 -0.85751374 -0.50032303]
46,72346.35261500606,141840.94735941326,199513.9386034484,2885.5244966809055,4475.162543628586,3007.3101988887443,3299.8865653339353,1731692.1757635162,1731491.665450426,34873.477254775855,[-0.77731529 -0.34424785  0.52656848],[ 0.56168753 -0.75674545  0.33443003],[-0.28335148 -0.55572452 -0.78158953]
36,194960.58419626649,21843.039338849518,19624.149862482176,3158.738330486718,6670.110173473166,4915.908355125574,3643.4864502523624,1183830.3307789187,1183476.7026046503,48619.56828201797,[-0.12917051  0.30292263  0.94422077],[ 0.07470796 -0.9465189   0.31388005],[-0.98880418 -0.11108486 -0.0996316 ]
1146,135602.4285479189,176643.26503642014,185574.98978345425,30596.48231580255,15384.475005203127,16027.252949930313,23337.619700187613,9883401.198595474,9858334.145658003,1001412.6692420875,[ 0.01297206 -0.72908942  0.68429551],[-0.88168892  0.31446399  0.35176277],[-0.47165281 -0.60789886 -0.63875081]
607,164709.32804886994,194092.03901829864,22371.30036092831,13383.01178991579,7845.174331823215,17519.106817295054,11635.668785546151,6316826.258344845,6307744.014422887,500669.983754347,[-0.75825012  0.62178363  0.196066  ],[ 0.0935589  -0.19384449  0.97656083],[-0.64521585 -0.75882108 -0.08880921]
4,174718.13969286598,54026.03700940477,104327.4355213687,1762.4100181469034,2626.284876687739,573.5891002994863,761.3181869278989,421139.71471211367,421094.46543911664,6252.208900736243,[-0.37016213 -0.41133858  0.83293491],[-0.41752923  0.87462516  0.24637407],[-0.82984899 -0.25657632 -0.49549899]
13,159711.86700567062,88839.86727151547,141763.0472148341,2272.5041321555,2398.5692004658454,2539.6111134393645,2566.91386708512,834051.216924804,834024.1302136277,11837.46404031758,[ 0.37310135  0.53682552 -0.75671246],[-0.61968552  0.75119388  0.2273711 ],[0.69049637 0.38409129 0.61293445]
176,69023.8873850463,127781.71633223948,14024.624994028318,7047.135212284893,7799.043307490467,9720.96238190273,8716.217787775939,1943176.5113500953,1940853.5514761044,151951.562541869,[-0.88008619  0.46486732  0.09667821],[ 0.03952706 -0.13117592  0.99057079],[-0.47316585 -0.87560907 -0.09707127]
110,180448.7732923302,74241.35257760588,159563.7045832645,8438.478950090557,5666.665643938838,6056.664700978973,10285.256293889843,2646222.213820931,2646139.9587181844,61293.46478105208,[ 0.59868865  0.20705581 -0.77375694],[ 0.35905538 -0.93289084  0.02817669],[0.71599661 0.29469065 0.63285565]
67,91053.65959901844,91630.13863794711,15972.046977837177,4294.268413877602,8872.561644666352,4448.310268804581,8058.17704653723,1068623.1459324723,1067941.8111618003,58639.08074876126,[-0.48517447  0.34123436  0.80508686],[-0.52616163  0.62144528 -0.5804823 ],[-0.69839793 -0.70524101 -0.12196495]
348,13605.281311143519,48693.374573532725,151822.12676898728,8626.46340217066,13132.137974393245,13067.40057250606,11393.19092243278,3005181.3426945917,2996705.926862985,318051.0611778791,[-0.99610288  0.00482766  0.08806676],[ 0.02200102 -0.95333602  0.30110859],[-0.08541086 -0.30187269 -0.94951454]
328,149445.6967740341,15883.823753773822,14388.110428210824,11846.64558707509,9044.372391919665,10520.018149912798,11253.075098906766,2749669.884389289,2746556.376309186,257864.84472365648,[ 0.02317843 -0.79318036  0.60854554],[-0.13842169  0.60029989  0.78770519],[-0.99010211 -0.10249367 -0.09587936]
89,14765.999427312126,94102.90466914521,168226.89448356445,6655.4060087604375,4952.910692885349,6305.41109008901,7152.605533109483,1826162.075929826,1825348.007320427,71271.37681971517,[ 0.17695262 -0.86545899  0.46868807],[-0.98125026 -0.11817008  0.15226212],[-0.07639172 -0.48684348 -0.87014237]
5,146150.87992926006,159801.26840649464,84757.73356826596,1310.1582511536164,1930.7296530193573,835.1354520032082,1128.1829528239984,520031.3633654853,520008.1373492303,4931.522677495927,[ 0.50088506  0.00096827 -0.86551327],[-0.59510889  0.72649466 -0.34358538],[0.62845809 0.68717143 0.36446655]
229,151470.61427559136,198287.73788618518,96911.54330799176,17508.079394161323,4258.535690936786,12139.546443567722,14115.829382709586,4061590.923152863,4058783.2560767094,251248.306667753,[-0.39395701 -0.14320236  0.90790471],[-0.72302291  0.65815657 -0.20992332],[-0.56748194 -0.73913667 -0.36282398]
14,200788.99579531673,112551.11203008247,118908.49362041635,2250.716848664904,3131.248863750542,2131.231436292908,2403.7154727763605,969518.3129111559,969451.654375754,13819.607728568999,[-0.60267067  0.28957486  0.74359564],[ 0.19013723 -0.85288883  0.48623912],[-0.77500703 -0.43442727 -0.45895212]
562,19154.362464061087,106401.77053208076,84156.95153619746,10589.272783827742,12570.201375488874,13352.205270615808,13382.942878205426,3279817.022469777,3271230.6736439043,379545.00647438713,[ 0.90785951 -0.3499219   0.23096705],[-0.39418967 -0.52467335  0.75454117],[0.14284822 0.7760622  0.61426529]
568,151024.3007683619,19870.228499953617,174497.10874160452,12373.21823682508,12849.68354009597,13225.607011983848,12556.945138612724,5539474.4566771025,5534553.11594889,438487.29311773856,[-0.52041993 -0.67272587  0.5259306 ],[-0.55160237  0.73500646  0.3943353 ],[-0.65184195 -0.08488461 -0.7535892 ]
38,26616.097743916704,56044.60725364361,201532.45047235864,4128.8699537349175,3512.8307909803916,2300.5342878634337,2582.2832195989613,1300264.8769077044,1300076.0153499476,32707.36845837698,[-0.53745891 -0.79144093  0.29113428],[-0.83378374  0.55041903 -0.04293674],[-0.12626395 -0.26581976 -0.9557182 ]
51,61855.668624656195,25327.850119702773,97899.47646980111,5619.351784952295,4013.3515818118544,4887.760923359018,4235.048390966084,848169.548459664,847629.506611252,52251.329776018814,[-0.24976559 -0.88777156  0.3866249 ],[-0.81560179  0.40809663  0.41018393],[-0.52192994 -0.21288213 -0.82599657]
213,164594.21695930854,151937.3790501274,149730.64595632814,7599.171654519294,6438.637793365858,6643.699820948763,7611.045302232756,3935129.5331229656,3934875.7003912977,135096.9857113293,[-0.79104589  0.40834161  0.45552555],[ 0.02993204 -0.71789213  0.69551058],[-0.61102412 -0.56381559 -0.55566313]
255,47105.376309941974,72036.67514487638,113402.21250434667,8584.820340074697,7635.493836866992,11227.870734033882,7154.645444965192,2284618.462594664,2279542.074622788,229417.9255875881,[ 0.72381777 -0.67767918  0.12976427],[-0.60616748 -0.53469585  0.58877953],[0.32961921 0.50482797 0.79780944]
510,92433.06490970009,179804.0727907377,24670.849466009884,11104.979256229586,13062.2455304005,13238.27206681702,14382.74757002042,4622260.262148863,4614116.35049973,367268.79570112925,[ 0.81557856 -0.46618526  0.34278698],[-0.35845144  0.05801223  0.93174414],[0.45425122 0.88278304 0.11979124]
2,196467.91291853803,136092.63943679462,93883.47210052947,1329.77585442274,531.0848958384449,1177.8498214240753,1166.6008256251225,363148.4306293557,363142.71214581444,2037.9607322267682,[ 0.56793714 -0.28798799 -0.77104496],[ 0.30334068 -0.79761099  0.52134551],[0.76513518 0.52998078 0.36563443]
161,112251.7925936401,54113.88596896978,143814.55070407572,5864.126575215408,6582.567971357131,8003.226143145087,8113.974111664828,2418377.5553412936,2417643.4688182417,110324.83940204451,[-0.79693029  0.05305267  0.60173709],[ 0.13080951 -0.95734369  0.25764691],[-0.58973807 -0.28403956 -0.75599639]
343,188295.6206642534,50907.86628034633,15457.228558862525,10380.56801725255,8546.89176698017,8777.2836918757,10865.420775100394,3633558.537880076,3631911.2794368714,217712.48692878147,[-0.26254997  0.81137181  0.5222483 ],[ 0.07199474 -0.52325489  0.8491296 ],[-0.9622288  -0.26053809 -0.07896605]
38,152694.9684725205,109223.29919591613,104756.68043010993,3203.7607513793296,4159.7010006531555,5030.947825070797,5208.266490507553,1325924.2972204392,1325761.7566746918,31257.168033583115,[-0.53313183  0.84019407 -0.09921885],[-0.45990875 -0.18938011  0.86753623],[-0.71010872 -0.5081428  -0.48737717]
15,73099.35319133454,59680.24623640848,90174.62605351927,1608.880171762934,4516.636658596205,2786.192009531483,3026.9812148068595,505878.7885201477,505755.0780104159,17952.87677579603,[-0.81607514  0.15986024  0.55539722],[ 0.14376262 -0.87463055  0.4629835 ],[-0.55978003 -0.45767468 -0.69078231]
448,59522.775683531545,180122.5036694441,164311.1325390895,15408.559229487018,12659.187198407068,13698.197849414539,10549.382661742806,5331257.086678142,5322486.662803468,456115.90152305743,[ 0.56793593 -0.648851    0.5064002 ],[ 0.78835981  0.25204237 -0.56121604],[0.23651128 0.71796032 0.65467197]
19,140621.22959854774,71163.77868470165,37296.54210162334,2481.9572282353097,2585.2099285371196,3352.799283769241,2528.4622951370284,706204.7751821781,706102.1617247093,18338.646459057916,[-0.48799655  0.84004479  0.23703188],[-0.08924794 -0.31816117  0.9438264 ],[-0.86827079 -0.43942943 -0.23023382]
41,40327.150820172144,88227.72310779405,180735.18740855728,6754.625425983434,3577.382757661398,5914.06824940454,5643.887421190584,1314702.8221509547,1314097.4615373996,50633.45463516102,[ 0.32216235 -0.87713306  0.3561587 ],[-0.92604865 -0.21386359  0.31096023],[-0.19658412 -0.42999996 -0.88116668]
32,53227.695591264346,112553.71446598468,30813.124051183655,5147.124785840613,6045.760449455623,3106.3405135693565,5774.720462300089,727070.1194760578,726355.8942450093,35929.47560696411,[-0.44252166 -0.03606923  0.89603214],[-0.79506466  0.47794503 -0.37341765],[-0.41478522 -0.87764888 -0.24017839]
794,119621.36029663734,11642.620735008744,83813.7824765861,12191.344489541989,8639.03486358758,28303.23794538978,21414.69835355081,4218819.7147376705,4182627.3906904897,653842.8955797437,[ 0.08779727 -0.99607755  0.01100705],[-0.58392084 -0.04251002  0.81069683],[-0.807049   -0.07760422 -0.5853627 ]
18,200856.92192918793,89092.11251772376,137978.5697298431,2218.4517535411524,1695.2653340998913,2971.729204508443,2092.80141095261,1100895.8953255455,1100858.7625241703,14850.258175865663,[-0.27716154  0.93915635 -0.20289611],[-0.56912525  0.0096686   0.822194  ],[0.77413043 0.34335385 0.53181783]
120,69833.22303895424,190350.83525999665,194646.568911678,7337.67061114735,7071.555313082782,6749.03633345213,8205.712411158209,3081503.1279096915,3080540.9144958146,99192.40404341508,[ 0.11903754 -0.7308156   0.67211504],[-0.96137429  0.08436154  0.26199735],[-0.24817241 -0.67734164 -0.69254513]
3,86579.95993996796,191611.38603615467,185234.4449999258,2502.0268221895076,997.6693687620962,1488.2717008032732,1262.8836087567443,485377.4116317082,485364.63111770194,4862.074242809133,[-0.44091201  0.71883328 -0.53747122],[-0.84268258 -0.12537495  0.52360977],[0.3090027  0.68378347 0.66102761]
82,141706.52912315418,139082.94270745266,3818.724005562105,14161.381455431483,9780.007874993551,2621.89557297133,5524.340425291077,1805105.844597176,1799181.3825269067,149338.4199492661,[ 0.03680065 -0.0647638   0.99722182],[-0.69864401  0.71183625  0.07201183],[-0.7145224  -0.69935314 -0.01905081]
80,70986.93953458768,79128.36082869244,134275.82683898855,8344.188248145001,6733.48217434638,4673.9794576362765,4008.453978476308,1534466.727055002,1533158.089783666,97971.77918170273,[ 0.01436379 -0.86447758  0.50246612],[-0.91000812  0.19693348  0.36483206],[-0.41434153 -0.46248862 -0.7838529 ]
2,151955.28550578078,135189.58024629942,111503.28018531649,660.6072786767618,144.0357221479644,888.136733051324,89.78110854295664,328027.00750859425,328023.23379119835,1573.451050460737,[-0.52749378  0.80839151 -0.26125367],[-0.5408846  -0.08242454  0.83704841],[0.65512912 0.58284592 0.48072495]
70,27081.286870828062,62235.35576940389,70530.01685136689,5606.932445558636,9607.486355342906,5008.86945913397,6436.013061247216,824529.929408268,821490.4922511593,86583.17707580827,[ 0.83318619  0.2143534  -0.50975818],[ 0.47930817 -0.73967397  0.47238343],[0.27579786 0.6379146  0.71902747]
102,52664.199204705365,171504.49184121666,85681.46700531225,3369.3174058554237,6711.66565682905,4379.163862300464,5924.876946245512,2009527.015468449,2009212.8061416168,64198.991672789314,[-0.85595672  0.00432317  0.51702941],[ 0.44422955 -0.50553036  0.73966152],[-0.26457174 -0.86279798 -0.43079163]
2,181865.6996746407,90889.523855601,128889.73182969661,703.6351936992723,168.41430548500648,2079.4203859377594,645.341715801027,340451.0205330016,340438.0054153752,2976.886085015667,[-0.33014249  0.92529248 -0.18665411],[-0.56591454 -0.03575915  0.82368806],[0.75547777 0.3775647  0.53544209]
21,81434.86783212834,146246.8162197059,39255.61422833117,4724.54141563002,3489.4942740541837,3540.2172662267135,4109.904645881756,788486.1204385749,788152.4160898569,25162.3004731606,[ 0.6096     -0.50366165  0.61213787],[-0.63547695  0.15112415  0.75718594],[-0.47387433 -0.85058006 -0.22794009]
55,174031.72344805644,4578.0643716178065,118856.43530821208,5408.374281235539,2689.0123321901924,5870.472645149479,5759.984778456997,1564448.4160186213,1563992.7912427422,45444.43692208682,[-0.09442903 -0.9797939   0.17631528],[-0.55637557  0.19880585  0.80679766],[-0.82554793 -0.0219124  -0.56390643]
50,34740.64518157018,9694.07118756202,153183.15995764695,4296.728075512821,4680.399612923682,4508.006231401381,4479.349063173474,1113815.9439895889,1113564.5128215093,45320.258491077926,[-0.86785167 -0.44313361  0.22464658],[ 0.4450363  -0.89438204 -0.04498285],[-0.22085328 -0.06093744 -0.97340149]
85,193723.3489586745,26567.37916765567,86877.00674761603,9477.308891253531,7709.44454267005,4564.389764739426,8960.882396424064,1976064.1665225774,1974669.9522292868,87942.84891977184,[-0.30055283 -0.48741642  0.81981292],[ 0.29929509 -0.86433531 -0.40416201],[-0.90558845 -0.12389395 -0.40565976]
2,19323.315454775075,111934.26163981535,199678.31863404627,973.5671663193843,291.4343059422463,828.5979660619923,496.3189087216015,324887.1180059513,324882.5841061525,1716.3888608588506,[-0.54137334  0.75467051 -0.37065796],[-0.83656515 -0.43939037  0.32725349],[0.08410502 0.48724585 0.86920528]
118,191098.6212954529,30274.433495541736,124181.6404151528,4893.715532513973,4204.4529585418095,5950.796369917219,4134.31012283133,2498828.1271582283,2498217.1173665603,83892.49244141697,[ 0.07986851 -0.98973954  0.11847644],[-0.55021566  0.05533591  0.83318705],[-0.83119417 -0.131733   -0.5401506 ]
12,50250.84813152772,165746.51229844074,23448.313330438254,3246.6024569591336,2283.5705000377775,3007.761803877623,2234.9848606389364,605603.6676837683,605580.0701014549,15403.82592761662,[-0.57371128  0.28266696 -0.76873582],[-0.76691997  0.14412151  0.62535011],[0.28755718 0.94832926 0.1340988 ]
77,82938.72001495807,43316.72085393782,6339.057231504938,7826.6941593902,12263.78427669042,4774.190552281338,9105.733566632007,833042.4242193745,827987.2082286051,105201.08304943118,[ 0.03056415 -0.20161589  0.97898767],[-0.47032606  0.86133756  0.1920703 ],[-0.88196328 -0.46631388 -0.06849916]
5,200923.6747501628,104629.24478846292,70112.93235350607,2451.0288189624453,968.9173817947915,2291.2877848170892,2086.2274982146782,530302.7346739016,530279.0742090968,6271.261061433959,[-0.22336371  0.80111774 -0.55526482],[-0.48184935  0.4044354   0.77733726],[0.84730741 0.44118293 0.29568187]
8,72165.73601782287,95375.50650030794,169854.80355529994,1026.2930674693444,2109.5644287800887,1746.0677267192216,1888.2208524649852,587623.8715189033,587601.6535954436,6314.963315113411,[ 0.93538785 -0.23116156 -0.26760776],[-0.06613858 -0.85776674  0.50976652],[0.34738346 0.45913021 0.81763328]
9,135738.82915179952,109358.23169443145,14436.408175797433,2828.028146705822,1560.7475474111548,2137.852942163609,2098.3400071407673,524815.3665232728,524796.2204180108,9785.500339642496,[-0.074566   -0.03910126  0.9964492 ],[ 0.6261614  -0.77952374  0.01626776],[0.77611971 0.62515105 0.08260967]
38,115969.84249581354,147025.323709494,152406.46856094315,7716.902879878848,4195.482672754188,3873.004803910643,3946.3414895693218,1489151.9782221823,1488894.0161273892,53911.31117325864,[-0.18721297 -0.63187643  0.75211932],[-0.85668215  0.47967749  0.18975033],[-0.48067347 -0.60880348 -0.63111911]
2,187255.89666753495,107270.64164177523,138718.83311720146,419.470654553923,402.4903815039215,96.5929475386074,190.11223237657393,362808.5537600607,362807.69616809755,788.8489489266191,[ 0.46257495  0.28022931 -0.84112778],[-0.50323237  0.86407952  0.01112521],[0.7299189  0.41813648 0.540722  ]
135,27083.867045979907,8013.266630224884,118883.11904656581,6877.21817528889,5000.309204089812,8456.305928771084,7851.895819498164,1425731.739801268,1423584.9682582254,104297.90182788423,[ 0.38307077 -0.92340326 -0.02414974],[-0.89706848 -0.3781262   0.22866726],[-0.22028374 -0.06593178 -0.97320505]
5,188402.56289774497,32099.251449586074,68762.45584194192,2589.259699008011,428.5670577405855,1852.1259095026114,2265.616284645568,454225.88887686643,454200.2618059082,5077.099881384809,[-0.12939055  0.98594431 -0.10569725],[-0.35043859  0.05424739  0.93501338],[0.92760492 0.15802229 0.33849383]
152,194463.37191107534,175330.48345123878,161793.79320526627,5997.274938919926,11958.475393721028,7278.572439330713,10374.56837812236,3798474.9286203627,3797685.796346179,137199.00405046798,[-0.71313253  0.16104093  0.68228133],[ 0.30437309 -0.80560685  0.50828598],[-0.63150535 -0.57014334 -0.52548792]
96,177171.61058951533,163143.2130927069,92648.28435185109,7310.238512461049,5501.813999973542,10080.746525455934,6947.967876133699,2531390.598210173,2529777.7515362934,113993.92471381613,[-0.7185321   0.51529443  0.46710092],[ 0.10992551 -0.57902651  0.80786427],[-0.68675178 -0.63182272 -0.35940513]
8,18915.045036084222,185838.8743495063,72417.74898616591,2476.9005439409134,1400.04094134332,2737.0071510960556,2251.646323454087,566765.8448686154,566703.1296338523,9195.97530817715,[-0.69397536 -0.19901017  0.69194881],[-0.71376914  0.3163056  -0.6248875 ],[-0.09450831 -0.92754823 -0.36155561]
2,61691.05373968975,113025.55439159615,132990.68064507458,1641.8570994916663,639.4188961929685,429.1259230574942,465.0282892451505,261802.87200792492,261791.13615847717,2478.8748358053526,[ 0.4115555   0.59135284 -0.69348676],[-0.84826067  0.52679873 -0.05419342],[0.33328051 0.61056114 0.71842828]
7,5679.401904030957,15790.948702308744,140976.53738796286,1913.1009164378984,1275.2283821415508,1440.7318361068717,1498.537063522499,375680.19342928845,375653.30807786,5996.935643491386,[ 0.36651439 -0.92614703  0.0889881 ],[-0.92955095 -0.36038163  0.07784667],[-0.04002779 -0.1112509  -0.99298591]
8,22370.504246803655,99170.87750398922,129839.23870050958,882.0991139047507,2992.159939279821,1775.4923622053739,2246.4340028624943,466528.8225025797,466466.03164442786,7932.21087832791,[-0.9293079  -0.19830521  0.31154755],[ 0.34351169 -0.77389815  0.53205392],[-0.135597   -0.60146213 -0.78730982]
2,58720.86031402686,1059.6914598963026,67754.19627678538,1217.9634559952538,459.38681645831207,1047.6044442736165,11.452513786687632,126828.11550615838,126806.1010075934,2362.9706082572407,[ 0.21516233 -0.96141241 -0.17143907],[-0.72444749 -0.27485723  0.63216243],[-0.65489007 -0.01181893 -0.75563173]
2,127319.04120081876,77799.52119064805,77219.61500358238,549.9933958690744,3.6762945707669132,1781.524246987712,1237.2950653727457,237609.97043888806,237601.78366840986,1972.4222568645866,[ 0.59028077 -0.78673325 -0.18060841],[-0.27801374 -0.40820683  0.86952605],[0.75781064 0.46305289 0.4596793 ]
23,17163.29259477502,198273.4864272129,11182.71980763432,2242.8738169192225,2765.979199622727,4538.8268208389845,2589.1081582194865,956298.8396422539,956078.0507475381,24710.306678504658,[-0.96367064  0.06886055  0.25806419],[ 0.2528463  -0.07614917  0.96450508],[-0.08606773 -0.9947158  -0.05597158]
62,139059.10883498614,150442.31744737865,23784.053080980637,4866.497192436934,7395.060290695274,4530.173332546669,7089.511613040008,1625452.176630001,1625298.9804627816,55100.313922971116,[-0.65465257  0.51818925  0.55037253],[ 0.34216642 -0.44608738  0.82699951],[-0.67405649 -0.72971635 -0.11472529]
57,199781.17462714086,59592.24854797403,171841.96563794167,3302.1507067327548,3845.594630891373,6877.907049912197,4038.5508096378762,2040594.7026661495,2040176.8598633283,56769.403618620716,[ 0.09617985 -0.96972143  0.2244767 ],[-0.66647722  0.10476292  0.73812793],[-0.73929531 -0.22060164 -0.63622116]
12,163388.69035038506,177369.5156778337,143916.57351058934,2659.197489288266,4549.30430623359,1570.1455636253584,3736.2462217738534,973007.5996804879,972940.6800190276,13970.586776116279,[ 0.56188563  0.14339126 -0.81469226],[-0.58807848  0.76187464 -0.27149722],[0.58176305 0.63165337 0.51241172]
112,27313.865596328313,99062.74635088793,29969.348507554263,5927.191354435305,6312.3626637222815,6473.462822572752,5889.9262306499,1137009.7200372352,1136137.1990454998,95360.65597546217,[ 0.35089959 -0.35861853  0.86502152],[-0.90152004  0.1204428   0.41563825],[-0.25324119 -0.92568152 -0.28103847]
164,19403.874448136587,147521.40756052616,60746.414862725076,13338.353924234329,8797.867640127137,6363.27159299062,8277.40660123171,2067829.440037944,2062930.2539199337,193398.3164655423,[ 0.30996048 -0.39607049  0.86432209],[-0.94273046 -0.01021273  0.33339913],[-0.12322246 -0.91816331 -0.37655326]
103,7997.481893178735,112983.04862727314,117727.12905661314,3343.683222585314,8875.255783803352,6462.5957101047525,7600.755964786473,1661742.0686833074,1660096.676166991,87862.04356602818,[-0.99594289  0.08831572 -0.01726556],[-0.07554989 -0.71638325  0.69360453],[-0.04888743 -0.69209491 -0.72014905]
99,10078.949800438748,150803.85589834556,126560.47440929814,5780.971027926404,5141.669336026142,4163.898709909985,4460.880529034674,1962816.0320147038,1962505.4410783364,75343.26193083692,[-0.30882739 -0.59915258  0.73867573],[-0.94974553  0.23597256 -0.20567058],[-0.05107915 -0.76507068 -0.64191727]
30,116681.87668252991,197253.89752557187,190398.6408922646,3246.537123895637,3457.3266085293008,4613.612323050768,4081.4120792943254,1632251.1727001679,1632204.9001266018,28533.45938757942,[-0.4272854   0.74592099 -0.51091004],[-0.8149353  -0.07302514  0.57493285],[0.3915452  0.66201904 0.63907992]
89,162452.32755841647,34429.53433557834,60593.50370956502,5145.308603744392,5727.548162284479,7296.280132781485,4946.023360308979,1670203.1631502109,1668739.5539297643,88612.81641961785,[-0.02895895 -0.83378024  0.55133647],[-0.39339493  0.51656234  0.76052862],[-0.91891338 -0.19486886 -0.34296402]
20,113150.41864028052,83519.07016993128,136080.76906517736,5179.329412268128,3577.2882255656305,2585.255408568255,2979.32764713977,875677.3996139835,875302.3716561041,27280.226604744345,[-0.35107025 -0.63924363  0.68419095],[-0.73642244  0.6397899   0.21988833],[-0.57830067 -0.42665732 -0.69536456]
63,139495.17800312518,39547.29161257737,9259.739402950785,4821.611072862251,4389.788730181182,6027.013473800675,4799.967594480664,1154989.4582738355,1154173.4764828915,59205.293025997176,[-0.27591235  0.88765663  0.36869782],[ 0.04460008 -0.37135112  0.92742071],[-0.96014749 -0.27233078 -0.0628708 ]
77,39468.23623482508,71828.20708147451,187781.8536876597,4356.320346177747,11011.424558189958,8662.319839961123,11129.986842906063,1802169.9024262496,1800877.1499923288,83371.320276299,[-0.84410321 -0.41702913  0.33701109],[ 0.50074194 -0.83784755  0.21741435],[-0.1916958  -0.35227574 -0.91605378]
36,47965.91092096908,115941.77455374064,72703.4857175649,2653.830136803435,3963.8976553787415,8269.348173787874,5216.717041227697,871818.9335368404,870775.2976975561,48306.319555814254,[-0.92211701  0.38681305 -0.00871133],[-0.20123336 -0.46024339  0.86468558],[-0.33046234 -0.7990943  -0.50223794]
10,4080.461564173919,133144.69434010718,134407.44140057685,2354.2924991320506,1688.2723560862826,2743.5108794383514,1995.1327951559851,598506.6864532188,598481.1733522705,10900.899684037078,[-0.77124278 -0.44043034  0.45957119],[ 0.63617813 -0.55770594  0.53314302],[-0.02149322 -0.70355185 -0.71031883]
104,61316.150734791736,57111.74845277725,68990.72884768448,4076.8642484310794,10558.311933593479,8943.62627080376,6836.415358405851,1115084.6511603761,1110504.4625497772,130865.99390135806,[-0.82562658  0.33128829  0.45671524],[ 0.03020179 -0.78235736  0.62209711],[-0.56340802 -0.52741353 -0.63592953]
121,65493.14343172427,11599.213405598133,155563.49634102196,7845.970832010202,6250.539725992486,7045.986451068063,5286.231477493723,1865314.6030508857,1862517.3364036386,122391.18028182354,[-0.39401535 -0.88923829  0.23239441],[-0.83399061  0.45217697  0.3162209 ],[-0.38627914 -0.06921887 -0.91978105]
52,104725.00757494896,38404.8970780031,30503.51118415321,6744.61411313499,4737.310207408662,4452.300295670096,5607.035165975185,836114.8924250118,835417.6988311246,53659.36997474096,[-0.18573437 -0.24989061  0.95029334],[-0.38003353  0.91012779  0.16505125],[-0.90613314 -0.33048764 -0.26400883]
24,94725.19367521052,84041.19017853889,89202.29082595937,2498.3080756840677,3145.6779327456206,3044.5778193093706,2568.138911618073,759128.9869643138,759042.5805310936,21284.058928650604,[-0.77910566  0.53984944  0.31868003],[-0.13796506 -0.64354138  0.75287458],[-0.6115227  -0.54260214 -0.57586709]
25,100999.53812934304,84138.30770824876,4263.647405315456,5153.890591242365,5958.369291877631,2755.268509225304,3378.093785961193,658805.5260705714,657958.9462398113,38276.98432853516,[-0.09458066  0.06311247  0.99351463],[-0.63355519  0.76598493 -0.10897199],[-0.76789473 -0.639753   -0.03246212]
104,179402.8658098956,5770.227078135257,33840.427965129056,7984.064281996039,4415.413461742352,6720.079423992828,7634.781016820868,1865910.2237086666,1864828.7650335268,84750.10544321888,[-0.04027313 -0.92818093  0.36994355],[-0.18319423  0.37082699  0.9104544 ],[-0.98225147 -0.03110467 -0.18497175]
6,74831.15188574932,112952.96108457563,43482.99828867955,985.0562989865214,548.2719825946407,458.26971577718314,850.8978643864407,348570.2980525939,348565.7800289028,2131.1745227978354,[-0.39554895  0.54628132 -0.7383209 ],[-0.75297914  0.26741236  0.60125955],[0.52589299 0.79376782 0.30556376]
23,63305.40092699546,166508.2657926055,65721.46383147722,3532.5968906769235,4921.683751303743,2074.189434312783,4010.157197267661,911075.7440049548,910846.2505344567,23939.76327541401,[-0.13485613 -0.3189834   0.93811695],[-0.93320852  0.35913368 -0.01203603],[-0.3330701  -0.87708186 -0.34610941]
3,107860.028925203,181625.8620878112,44285.58876552899,660.474697133572,1962.669133215094,542.6143082805506,1437.5980227926893,373848.049702381,373838.5661977604,2752.5383813810895,[-0.02526224 -0.22262921  0.97457583],[ 0.86582874 -0.49218143 -0.08998909],[0.49970232 0.84154244 0.20519237]
10,57242.470434351046,125185.9783007629,47718.5778645025,3766.459492504473,2590.4307394769867,3524.982575031456,2052.0916422720356,461044.9782751788,460778.8067294723,17108.636676465696,[ 0.39820322 -0.48004669  0.78165809],[-0.82903977  0.17636013  0.53065069],[-0.39259044 -0.85933246 -0.32775063]
7,10495.993176938764,174270.94314741364,100940.87248970573,2708.5589232818647,1293.5963449010992,1096.9647890591511,1162.436698448612,533625.9029556845,533571.4791894238,7878.82081500166,[ 0.41984882 -0.47370711  0.77416312],[-0.90609733 -0.16980648  0.38749632],[-0.05210185 -0.86415701 -0.5005178 ]
50,156797.0439028862,143577.60876060848,36304.45571131545,3410.757534785031,10884.747726724281,5290.273049780161,6794.630934655599,1527372.0034925437,1526150.158551515,74805.59643045666,[-0.40179544  0.21336764  0.89052494],[-0.55768172  0.71432246 -0.42277005],[-0.72632742 -0.66649656 -0.16802027]
21,106991.17413911292,138504.31624671852,187384.27564858028,4935.573408827095,1953.3761734021657,3394.466654666061,4762.946080309873,1175324.7244866737,1175221.578152324,18898.28679594469,[-0.11400174 -0.76672543  0.63177189],[-0.90152775  0.34703417  0.258486  ],[-0.41743422 -0.54009203 -0.73078674]
36,35237.42231071162,144187.24334779143,5513.5607421533205,3389.392242924445,7899.205879112087,2713.8263047848227,7620.47484419247,892694.4980617766,892515.0778015048,28809.93627917768,[ 0.04116225 -0.04830567  0.99798408],[-0.97073912  0.23457273  0.0513926 ],[-0.2365824  -0.97089762 -0.03723666]
6,149963.42883979128,103880.01002060855,66284.45542961957,1947.1028048001433,1821.348208505079,1592.6322112109838,1686.8318694905345,475485.6652878648,475471.2518635927,6387.23283879444,[-0.10842642 -0.41877657  0.90159298],[ 0.62553486 -0.73362152 -0.2655289 ],[0.7726253  0.53518749 0.3415033 ]
7,153731.98889520924,177762.91354102828,39124.63802749474,949.7510385592337,1122.5474994222236,2225.606606062397,870.9059378996212,630389.1548195186,630364.5089688017,6672.915319139844,[ 0.75795354 -0.59827693 -0.25994449],[ 0.09570258 -0.29219601  0.95155794],[0.64524991 0.74611407 0.16421435]
28,73594.27413412581,34876.364674506025,26614.10010679724,4310.795906058936,3453.909830846634,4982.525189616277,5328.294783352704,454836.11218620476,454508.8734548861,26997.58752054772,[ 0.36129159 -0.91167682  0.195739  ],[-0.36405427  0.05534316  0.92973202],[-0.85844795 -0.40716397 -0.31190482]
21,136828.73298141273,92195.8941093199,4894.026681716554,2192.072720463102,2862.2847349222516,2590.002607575558,3177.7497907650613,756651.4663582286,756598.9510935827,14211.678599907726,[-0.54777072  0.82123725 -0.15973921],[-0.11363762  0.11612872  0.98671202],[-0.82887497 -0.55864434 -0.02971153]
3,13272.770223619642,200688.30887161262,115123.71349887662,791.7175077937196,1034.137431293092,822.0830365032373,1285.6672348895236,401401.75226289174,401399.1934930615,1467.0204894395754,[-0.25350185  0.4938961  -0.83174723],[-0.96563823 -0.07830079  0.24781402],[0.05726791 0.86598824 0.49677436]
54,133356.53850253863,198997.0206030273,124462.67025763873,10957.255850023837,3907.682438271902,3682.5556245562243,4554.959988349089,1985657.5856992998,1984141.3650085307,83060.11844017499,[ 0.0869424  -0.56947614  0.81739706],[-0.86490365  0.36400964  0.34559899],[-0.49435079 -0.7370169  -0.46089412]
6,22819.015041156377,122762.18908728352,55697.64195237202,1348.173559417825,2299.4588879131957,2460.5040073881164,2716.4437620406393,335008.85922036023,334984.2146653544,5867.551286219997,[-0.87563258 -0.05507058  0.47982791],[ 0.45324859 -0.43686986  0.77698805],[-0.16683317 -0.89783738 -0.40749815]
77,157254.54537723452,114485.96803398375,26818.799727523994,5433.883417063632,4505.761914394836,6079.6943118332965,4752.181197359377,1724408.2333513503,1724057.1971683602,70154.04470152031,[-0.57966663  0.81209088 -0.06704481],[-0.14981317 -0.0253362   0.98838965],[-0.80096355 -0.58298069 -0.13634846]
162,85872.99215278434,188392.39388876822,102345.85927491488,5709.177143679496,7349.441456355733,10525.560819819873,9324.728940106505,2944495.2144989907,2942519.585155544,133483.14005782088,[-0.86302585  0.47962694 -0.15856984],[-0.34208297 -0.32390888  0.88207838],[-0.37170637 -0.81550048 -0.44361394]
30,109788.17273213637,51155.5199487283,17211.163797211186,5228.614539411383,3941.4975610928127,2818.3095259584084,5481.292875840288,671084.3127256269,670864.7706832031,25071.11299442276,[ 0.08879766 -0.48344471  0.87085945],[-0.43212469  0.76905008  0.47098857],[-0.89743146 -0.41814255 -0.14061855]
9,161315.00117323792,22694.0955348561,116096.66986681923,1769.3467332778566,1893.7321396570687,1615.0511905607336,1652.95181398195,600178.4653510682,600151.5985709883,7714.401583852874,[ 0.44888135  0.52153139 -0.72561046],[ 0.3849605  -0.8456638  -0.36967304],[0.80641859 0.11339203 0.58037169]
15,125718.01039976542,130357.64117087852,4959.75842058005,5105.17762107783,2422.118225811677,1898.72172446491,3875.4826705058313,702016.723749082,701863.0980693776,17570.115281127964,[ 0.11264141 -0.14611627  0.98283363],[-0.710972    0.67913969  0.18245026],[-0.69414028 -0.71931865 -0.02738533]
34,60451.00695782572,8823.021111661394,38228.21536310041,3306.2877503036075,3721.068812517137,3310.7832551121473,2691.913276188995,421175.8317347934,420994.1124305755,31107.151910480516,[-0.33443068 -0.65318814  0.67933893],[-0.42924967  0.74730683  0.50722502],[-0.83898799 -0.1219744  -0.53030313]
35,38660.543561494305,172211.95694884664,3578.085801436531,3264.0926049545005,4110.461043297692,2639.0667134371897,4409.200913848566,1044898.5902924329,1044787.1652552034,23035.771343223507,[-0.60877825  0.12036909  0.7841558 ],[-0.76247706  0.18424036 -0.62022917],[-0.21912957 -0.97548284 -0.02038286]
45,26138.866581640377,164128.3134975103,168006.50370786275,4634.049875602622,6752.012885566551,3288.180571987551,4475.428723485156,1586317.0950401565,1585646.2943911466,51091.7497176869,[-0.83969369  0.44796073 -0.30699461],[-0.53163376 -0.56271972  0.63301821],[-0.11081538 -0.6947501  -0.71066325]
146,195445.5915770543,38290.43779679205,149791.22193197146,8249.464618929456,12950.43278265354,10460.318307622341,10050.12208432117,3018708.9351029466,3014491.503824619,187016.8062471676,[-0.6204923   0.18141109  0.76294123],[ 0.00683461 -0.97158767  0.23658127],[-0.78418275 -0.15201126 -0.60162279]
73,54907.334117609156,13287.033515449813,190419.89526934669,6328.590467409896,7638.151886784827,5723.852344134112,5651.8137603796695,1699530.2381937294,1698055.3101466051,84934.84699740757,[-0.78183964 -0.56457199  0.26454724],[ 0.55879487 -0.82271911 -0.10431475],[-0.27654126 -0.06627024 -0.95871434]
41,4744.0256635701135,177171.8844619647,190666.94162472634,2639.7581469359766,3719.2436170940355,5426.139570772768,5257.908665007512,1667396.9678525825,1667277.3068530406,30454.605829696557,[-0.98522018  0.13708129 -0.10271279],[-0.17031039 -0.71979915  0.67296623],[-0.0183185  -0.68051297 -0.73250702]
17,137978.6866255436,120478.27723993032,10105.685981012957,2198.909189609819,3232.023842221173,2857.2840197310725,2671.644763483248,756594.8097652129,756546.3024514138,16670.373702049983,[ 0.54017394 -0.56646392 -0.62235901],[ 0.37762855 -0.49774231  0.7808004 ],[0.75206967 0.65678856 0.05495448]
30,151705.26282513238,192135.86504451005,174356.98425112758,4769.435842002826,3235.0678553364587,3914.732005112437,3796.263791959553,1646563.5984798206,1646384.7230088108,31938.695731521642,[ 0.41925996 -0.76897338  0.4825982 ],[-7.54595189e-01  3.96363939e-04  6.56190478e-01],[-0.5047843  -0.63928067 -0.58009744]
3,177872.92563223376,173967.87590191877,202937.2079111574,1778.3310906676977,54.95189285156482,997.3960734259471,856.9609068360048,556123.3349849858,556115.2626622707,3204.971344295443,[-0.19514775  0.82258406 -0.53410936],[-0.80931842  0.17255416  0.56145237],[0.55400456 0.54183071 0.63205888]
42,167406.28354328632,13233.214105962023,60176.35022142106,5801.868289226386,8716.34528957551,2621.7672108516294,6413.2747709336,1158070.2436677106,1156914.7167317325,56455.0940248464,[-0.34184409  0.06074871  0.93779113],[ 0.05038233 -0.99528859  0.0828387 ],[-0.93840516 -0.07556603 -0.33717286]
15,37232.67806647339,110049.51576247554,163292.0451729031,2480.6499903006365,1390.7754030171352,4026.0473744377573,3287.0295804721904,776360.2590269169,776295.8628568294,14219.60709509107,[ 0.5535697  -0.74364752  0.37489859],[-0.81184387 -0.38150969  0.44199534],[-0.18566129 -0.54903435 -0.81491789]
