N,MEAN_X,MEAN_Y,MEAN_Z,SIGMA_X,SIGMA_Y,SIGMA_Z,SIGMA_R,LAMBDA_1,LAMBDA_2,LAMBDA_3,EIGEN_1,EIGEN_2,EIGEN_3
404,170691.50665573156,184906.60486212166,194936.27794131404,11825.370478248688,10783.95811173252,6971.210367408,8602.865071456587,6406277.851879613,6401946.561627349,304093.38532215316,[-0.23567299 -0.59348234  0.76956933],[-0.81053259  0.55693249  0.18128186],[-0.53618575 -0.58103779 -0.61229073]
2029,179226.48810436195,109388.97766790923,57039.22223475727,14943.436322924535,26678.608237142103,25099.02650514702,21540.27627562159,9919858.90790215,9888758.600370068,1507221.722988816,[-0.56903137  0.68990783  0.44747121],[ 0.04617246 -0.51649527  0.85504429],[-0.82101852 -0.50720787 -0.26204727]
288,191331.86961977923,49507.16909897883,18239.897824553085,8966.595419206786,8505.235720036324,9551.16116999877,9826.887245770915,3376931.1747753983,3374011.1376427067,205994.1108407052,[-0.26608197  0.88785419  0.37538689],[ 0.0132604  -0.38601732  0.92239622],[-0.96385919 -0.25041079 -0.09093894]
25,134863.50967011455,119997.87287066464,12261.08470458407,3025.8180346979348,2290.8066784633957,3845.2850396836357,2462.3130217077282,905005.1278745523,904847.1595584436,24006.50579271921,[-0.60306832  0.71406489 -0.35555581],[-0.28402909  0.22429908  0.93221103],[-0.74541001 -0.66317513 -0.06754753]
4,192365.97248143886,53348.7191936928,96064.27916742295,1646.7030199303183,1441.0241347693602,2726.8650146206974,2147.3491978186344,443123.54252896836,443104.60957752797,5514.92009737764,[ 0.02753536 -0.8963272   0.44253741],[ 0.49528464 -0.37231101 -0.78490613],[0.86829427 0.24079465 0.43368537]
52,13239.148744837768,62867.304056295005,112637.42939374145,5611.970532546076,6281.339917689631,5958.074057550315,5719.005398115624,937379.4305795608,936629.0319275426,62063.3786484153,[-0.75850339 -0.52746644  0.38269016],[ 0.64377493 -0.69763065  0.31442856],[-0.10112587 -0.48486146 -0.86872488]
284,89726.20936908151,174458.51612211412,35298.90758308123,11208.75135205069,10506.10664410025,7620.438292084567,12556.756305221144,3370029.4290614594,3367374.829076566,197063.52834466464,[ 0.17039872 -0.27997822  0.94476265],[-0.87632114  0.3953668   0.27522055],[-0.45058355 -0.87481272 -0.17798083]
151,143809.32546536616,33205.90026195261,17903.78753465552,6961.626591635663,10255.924132513543,11794.799956658515,6448.796192237872,1838158.5259438234,1829416.5067184828,195760.36638607134,[-0.24361024  0.68698513  0.68462069],[ 0.0678298  -0.69209042  0.71861671],[-0.96749841 -0.22150007 -0.12200225]
390,102348.43112925111,175437.88128462384,188114.09599982068,10006.069974816639,13838.595923856628,12488.518941708222,12167.389531892108,5480137.14760466,5475350.415945508,342631.43004280864,[-0.77589988 -0.19232509  0.6008248 ],[ 0.51151895 -0.74921338  0.42074656],[-0.36922586 -0.63379048 -0.6796925 ]
7,117376.94534126787,72284.53120604136,14197.160255747896,1091.8463874287165,1474.3498322002968,1024.1208420195169,1683.8993763311241,366682.4794090825,366674.60422086524,3307.667977324241,[-0.32999587  0.66703321 -0.66795914],[-0.41681875  0.53191914  0.73710526],[0.84697394 0.52165959 0.10250083]
233,71216.88935197811,129882.37855063747,19278.753085720644,6988.667514059941,8430.397334006508,13812.306161818378,10925.12398534461,2294799.312711037,2287076.476715149,213995.1129496923,[-0.87854839  0.47561029  0.04413132],[-0.0245002  -0.13714082  0.99024852],[-0.47702459 -0.86890002 -0.1321374 ]
263,123099.77477372126,17362.480808691867,109943.91369707049,7729.159640592703,9780.544521596777,14342.481939055284,10698.189033875746,2706960.869735129,2699134.1110122968,253823.33172293028,[ 0.49496237 -0.75143748 -0.43629574],[-0.45482758 -0.65188971  0.60677151],[0.74036756 0.10188973 0.66443537]
882,17729.30367754478,141027.77171418307,30530.04283193979,12150.388864626646,16956.99652142496,13082.489782292743,15060.07427798916,4366590.43486028,4355991.794916367,557089.0787793936,[ 0.90104504 -0.02216539 -0.43315879],[ 0.41600074 -0.23841803  0.87755355],[0.12272418 0.97090965 0.20560456]
434,12725.148693235702,47435.1814246835,152315.29040667674,8750.046594875948,14318.669016844262,15228.40936587813,14795.43811465502,3362518.0521247745,3353296.0349979214,354657.8360033734,[-0.98963337  0.13799574  0.03978654],[-0.11959437 -0.94523111  0.3037027 ],[-0.07951716 -0.29579608 -0.95193577]
204,39762.138280370484,13401.935537200628,62865.49819310574,10891.434508950659,5032.893843060047,6354.925430907124,7319.2523922892,1095045.9031209226,1086852.3865504714,160069.60910937155,[ 0.16424338 -0.98056657  0.10730009],[-0.83149992 -0.0791052   0.54986385],[-0.53069011 -0.17953152 -0.82833353]
35,76525.21344510645,18425.95501691254,133543.951425338,9438.761580813733,4781.458250759814,4305.026250512486,4287.8473996556495,919438.1600480459,917557.0374317688,62684.40825894367,[-0.29972726 -0.90658166  0.29710816],[-0.81601852  0.40495847  0.41245898],[-0.49424421 -0.11882056 -0.86116452]
1473,144646.86001066817,109134.6442453907,127244.84909616013,27525.3060381405,19010.254337249833,15593.254901764634,22999.428248688942,8596665.284851965,8563033.460878162,1100221.0649887382,[-0.28457043 -0.54239984  0.79045688],[ 0.69851941 -0.68204319 -0.21653572],[0.65657467 0.49052982 0.57296614]
12,110080.47092202473,201889.36472730452,85090.08480752318,2612.6939776539216,1349.2402356119248,2514.0753218141595,2130.86016972003,849441.7876644209,849411.3589492544,11160.74059843025,[ 0.64685659 -0.03154558 -0.76195895],[ 0.61642383 -0.56663012  0.546765  ],[0.44899691 0.82336819 0.34708298]
472,162812.1845794906,193300.21376853596,14267.764673925021,13168.352653675052,8280.70474354211,9006.91151386747,10627.987143255728,5510568.571715846,5507046.007414241,314894.2177111337,[-0.34161546  0.22011338  0.9137007 ],[-0.68470322  0.60767225 -0.40238778],[-0.6438015  -0.76307571 -0.0568779 ]
208,107300.13279943401,88344.62119133932,40167.55794554463,7573.51444833902,5529.7820489302885,10667.978836015818,5165.582766350934,2095621.3535080338,2088944.0734610548,190058.74431403578,[ 0.46101864 -0.7645072   0.45054473],[ 0.48719462 -0.20629765 -0.84857686],[0.74168944 0.61071272 0.27735673]
83,25549.286284436595,64293.82085083796,68787.00853910332,5589.085432189783,9178.301759801776,3089.1424036217186,5970.142922819302,894136.4923643562,891086.0941862403,85123.79620725125,[ 0.72109476  0.35122625 -0.59721224],[ 0.64213072 -0.66248969  0.38571434],[0.26017395 0.66162492 0.70325101]
459,136568.63344814646,14423.354567347435,177917.37913984977,15746.719719798373,7568.074175940675,12766.682621769201,14244.099777355375,4834678.540563701,4827779.073126984,346068.3787102833,[ 0.12771478 -0.99164104 -0.01835734],[-0.78329913 -0.11220109  0.61143551],[-0.60838425 -0.06371006 -0.7910813 ]
100,52466.07624321367,169049.3756319702,84636.53227679976,4023.799315841817,8301.951333137791,4856.265294983453,7769.910599453569,1964302.453717742,1963963.9126316754,69610.23522636961,[-0.21176492 -0.38419743  0.89863672],[-0.94024773  0.33093947 -0.08008285],[-0.26662674 -0.86189988 -0.43132213]
309,111966.51465555743,15955.561752110463,50654.61179223411,8205.233154040658,10071.116888404142,15085.961135113685,7848.249332601056,2200847.096196281,2188642.788276154,318841.79185927956,[ 0.27114107 -0.91048049 -0.31226238],[ 0.3339602   0.39324908 -0.8566363 ],[0.90274753 0.12798608 0.41069023]
43,64563.77164868246,73900.0438189345,178212.37469374182,4598.9977806002,5602.850221295612,4362.051554167811,4105.1917164686465,1334874.2000196963,1334684.78113089,48644.985750599466,[-0.94791106  0.09483338  0.30409085],[ 0.0273914  -0.92685023  0.37443072],[-0.3173552  -0.3632565  -0.87597397]
2664,44992.04477245713,42261.538171041735,49704.09664667001,32994.953681087456,21341.70718879377,29239.12903315695,32580.501317243812,4688254.284379371,4559203.857504715,1865566.4167226476,[-0.74044654  0.06667504  0.66879994],[ 0.26414317 -0.88613403  0.38078191],[-0.61803503 -0.45860759 -0.63852312]
64,39258.72422143469,73092.35492708653,188835.99005704877,4028.239355399896,9409.528195210705,8082.0223161359745,9962.914812428022,1653146.6652614677,1652236.1500309117,66838.36730698447,[-0.81476223 -0.4632222   0.34869428],[ 0.54793025 -0.81180352  0.20186006],[-0.18956519 -0.3555281  -0.9152403 ]
386,65139.74383653197,184710.67233059413,157710.75309098038,16887.44074749879,11474.616937063822,11964.598052097615,11227.70866960242,4959119.925328586,4948975.1239306955,404560.2716383864,[-0.11197814 -0.62252245  0.77454935],[-0.95968288  0.26997578  0.07824224],[-0.25781712 -0.73456033 -0.62765553]
7,115965.17363210714,135991.8438570477,159519.7940724795,1054.838895818224,1789.6085608219007,2673.7502413465763,1281.1496857734871,633872.5661921578,633824.2488157409,8284.99070019427,[-0.85119776  0.48186778  0.20800437],[-0.20280736 -0.66751325  0.71644625],[-0.48407804 -0.56765263 -0.66591212]
1028,101962.82689161689,89128.45275989636,163079.2522373333,24742.871969454874,21919.943111013297,10205.781645024479,24135.08426049083,6872538.756607292,6855682.024898969,784355.2579819937,[ 0.57211248 -0.81524759  0.08977011],[ 0.66045768  0.39303773 -0.63977887],[0.48629514 0.42531484 0.76329832]
2478,94263.36126170096,144433.58161211316,85262.97338935065,29309.169066943577,30845.10975176654,37325.63154998083,35582.12986806009,9960998.872888932,9768788.228865165,2163313.8667756603,[ 0.37018148 -0.64145522  0.67193814],[-0.79864393  0.1496942   0.58288895],[-0.4744824  -0.75241401 -0.4568803 ]
25,196316.00545185566,23815.348254644807,18802.901689533515,2831.362934274605,7473.904363139227,4097.8771815234495,3780.5277186799894,994098.7287416199,993561.6630752475,40878.57906528186,[-0.05951843 -0.26919366  0.9612452 ],[-0.14127248  0.95553163  0.25884628],[-0.98817996 -0.12039137 -0.09490139]
169,112461.64193414357,54827.253463843495,143227.17894380246,6606.4252456614395,6449.4791069962475,7078.049085881087,7635.902991820072,2476022.7156108036,2475230.5561966575,113857.55316606749,[-0.74695672 -0.15626532  0.64624825],[ 0.30374661 -0.94482956  0.1226177 ],[-0.59143356 -0.28788583 -0.75321185]
7,198047.5672179338,189473.26326439096,51062.108752441345,2910.707207518658,1836.2939573067524,1533.2049240494068,2624.1402790369634,737694.369598119,737684.7107823242,7151.7687779140415,[ 0.304995   -0.06274096 -0.95028502],[-0.6343023   0.73091618 -0.25183751],[0.71037922 0.67957716 0.18312905]
77,166630.7145960485,197428.52526785297,55686.76689260333,5391.27664023123,6405.975140989778,7939.647119514045,5520.261133478684,2320687.6076577036,2320157.2691181405,88810.32281159333,[-0.77530234  0.61931354  0.12392341],[-0.03786914 -0.24143785  0.96967711],[-0.63045397 -0.74710006 -0.2106402 ]
216,134724.40531329703,198526.9583476895,80975.6766373432,13355.302136353217,4842.3150363725035,15610.319014951065,9471.335246887289,3732493.4270891333,3726317.092213807,275028.11011561635,[ 0.74392092 -0.25264776 -0.61866855],[ 0.40305896 -0.56880167  0.71694361],[0.53303391 0.78270925 0.32131151]
43,39388.28492664374,154021.03611813113,58459.811749835084,4621.752356464595,3196.6738994254333,3775.928989981618,3036.2013659621416,1111381.164550745,1111156.0381273802,39651.39375914416,[-0.58466206 -0.15277499  0.79676224],[-0.77719111  0.38716124 -0.49606467],[-0.23268918 -0.90926672 -0.34509385]
5,118517.95628876469,148387.00012332745,182504.49088858409,2131.426927596151,1844.8034383096892,2349.21864582673,3092.708816011979,589009.9378216421,588993.4206320392,4434.446570102347,[-0.34287773  0.82542031 -0.44845978],[-0.82459558 -0.03578752  0.56458958],[0.44997444 0.56338315 0.69290868]
3,34205.45535647359,187998.70489280243,173749.70824437522,585.1034359767353,902.6970172940653,924.2630327001074,1345.0666095788001,447340.3933857636,447339.8706097692,778.0899454992004,[ 0.24115007  0.63467    -0.73419386],[-0.96140715  0.25947731 -0.09147576],[0.13244973 0.72791862 0.67274925]
38,160291.60834107106,55088.79094283874,187836.6718078584,2891.486200834666,4329.620336442476,4576.608234726538,3859.733258675332,1560013.0283281095,1559990.1191245674,35526.53749403651,[ 0.75913566  0.01080783 -0.65084271],[ 0.14976963 -0.97593652  0.15848332],[0.63346831 0.21778681 0.74248691]
228,83236.00722912271,36041.912485695204,187819.8838283962,7422.007943728279,18349.158838989362,9243.394450858863,10011.766265802513,3165424.2161184824,3154397.85848362,291717.39468107093,[-0.82703515 -0.35607287  0.43499997],[ 0.39702628 -0.91780031  0.00356529],[-0.39797361 -0.17565504 -0.90042341]
31,121661.21837368881,200917.63794301823,126751.68719415135,3845.201392473104,3846.569227537905,3565.5110365350642,3441.048120913072,1486347.296536122,1486285.3128464986,30675.61216642686,[ 0.37316298  0.32278234 -0.86980512],[-0.80807453  0.57368716 -0.13378562],[0.4558124  0.75279121 0.474911  ]
14,12278.962880107942,139895.2348991863,202555.3052178504,4493.765046071007,3305.3779132171157,1467.8121500394946,2141.7673497785486,922420.5284655008,922318.9284456483,20066.649480291126,[-0.28746512 -0.77982075  0.55609658],[-0.95649232  0.26395887 -0.1242906 ],[-0.04986223 -0.56763132 -0.82177153]
70,27715.44346264576,195498.38229458593,40208.15616880501,4065.4332114748486,5286.314182287974,7982.381151913315,4146.0435348852,1687889.284480961,1686543.4969597189,79823.8668621954,[-0.96970412  0.17290088 -0.17256653],[-0.20183688 -0.16915409  0.96470139],[-0.13760739 -0.9703052  -0.19892719]
239,147242.1925502092,14295.262840414685,8516.287718662878,13123.374398813272,9476.074051578133,5904.510646258587,12050.204597468903,2304468.166319885,2300596.659149049,184679.33629305274,[-0.06767815  0.11495318  0.99106278],[-0.08466397  0.98909564 -0.12050659],[-0.99410849 -0.09206297 -0.05720777]
118,179482.11977977154,162076.43646961145,94542.21203676588,6661.677689395638,5353.40665698705,5463.356026310004,6066.021497391035,2822117.2096952284,2821973.537743755,87847.38144919852,[ 0.71057051 -0.49608028 -0.49899289],[ 0.13085515 -0.603634    0.78644956],[0.6913512  0.62412366 0.36400986]
107,190624.52114357305,30762.24397358104,122227.051812896,5740.111735568951,5980.667587052778,8038.038987798127,6409.187662358357,2366126.021181382,2365600.064439906,98690.84165256075,[-0.10478999 -0.91358109  0.39292321],[-0.54172688  0.38377274  0.74783051],[-0.83399703 -0.13449191 -0.53512698]
662,19183.007882536967,110645.13624154932,91444.21156727351,10733.64601985906,13925.605525761863,15293.679057360147,14572.978166383376,3768055.9369835407,3750396.980176287,471886.86985851097,[-0.85434781  0.41054872 -0.31865273],[-0.50281201 -0.49793164  0.70657212],[-0.131415   -0.76388076 -0.63183564]
106,29709.587405022612,10138.172560859344,116980.03733823454,6288.612686187416,8110.1847455835405,8084.220402401877,7932.202705387243,1253148.2349650029,1250718.8543851974,107222.87821934791,[-0.80429441  0.57407472  0.1534559 ],[-0.5415568  -0.81443321  0.20836215],[-0.24459502 -0.08447942 -0.96593815]
3,186522.60218272646,165095.9491839743,31692.70434349496,538.277433679857,399.58040632940356,1957.6383037564647,391.85524813391066,434934.5400942394,434920.6005944309,3520.506214433084,[ 0.6615696  -0.69195007 -0.28901688],[ 0.10268332 -0.29819358  0.94896613],[0.74282017 0.65748436 0.12622408]
54,195648.08374397593,197276.19812924464,68899.2888351868,4099.420232851934,5072.315963987569,5873.907446854242,3396.227110704598,2104169.7896577036,2104071.4574410077,59468.467027618935,[ 0.73000143 -0.64701894 -0.22014631],[-0.00400326 -0.32615493  0.94530785],[0.68343389 0.68919478 0.24068375]
96,10710.76071117771,150376.23446807472,126469.76794375885,5153.586624473216,5123.4442075159095,4636.258077872489,4784.291488801403,1929324.0660455506,1929177.4731033847,70267.492852226,[-0.58101536 -0.49919711  0.64282455],[-0.81207205  0.40836352 -0.41686715],[-0.05440722 -0.76422607 -0.64264949]
7,19474.88730200255,124147.09839110567,201041.04632898103,2461.6028968611977,1501.2852770438233,1170.454152966411,1735.8984193380543,627317.2816342207,627289.2115536528,6833.573616254852,[-0.18506065 -0.82802222  0.52927475],[-0.97928441  0.20042314 -0.02885495],[-0.08218637 -0.52365043 -0.84795969]
65,40686.24749328617,49748.308740080836,101448.31501278166,4799.9244136643,3188.546822291812,5141.45575396954,3244.4840756023627,969972.9149359574,968809.9230914433,56360.35468567409,[ 0.55584301 -0.81255107  0.17549731],[-0.75932072 -0.41035474  0.50501588],[-0.33833505 -0.41396829 -0.84507967]
8,3242.979394365182,157709.94685949606,59304.11724544974,1928.252725211543,1510.612559471667,3048.6376231277372,1392.5472139447147,476752.61610852473,476701.4765703752,10301.227581230203,[-0.98847811 -0.03505369  0.14724901],[ 0.15013606 -0.35071852  0.92436772],[-0.01924045 -0.93582464 -0.3519404 ]
4,97481.7989230996,13160.135254969195,149977.94038868713,2197.7842034172345,2659.5844019754963,1187.6788763454833,1376.9857911132378,358779.2629089685,358737.16109004954,6766.58265198896,[-0.69822039 -0.51343959  0.49886678],[ 0.46588846 -0.85499027 -0.22790258],[-0.54354045 -0.07329005 -0.83617722]
6,43992.721250090166,43902.50204960053,183729.52476513232,1066.5304218930164,1976.3041803151398,1391.4421379579453,1525.217356606934,475138.91970625304,475111.4395374226,5273.450054343203,[-0.80153314 -0.50913005  0.3135781 ],[ 0.55327271 -0.83038197  0.06599314],[-0.22679051 -0.22638989 -0.94726642]
4,114366.48617657028,191906.4004513409,199351.50405494825,1207.6095418048144,1785.9941762396263,1752.4537669773717,1124.5722888442601,598849.6713276466,598836.5989959645,5080.086974847172,[ 0.79475429 -0.59548428  0.11732044],[-0.47167142 -0.48433812  0.73684643],[0.3819577  0.64094856 0.66580271]
21,18266.98225616121,74786.17566909252,174199.81013590624,5158.138990611114,2304.826514118999,3946.792108554572,3047.2369359250542,873289.4714185754,872921.2366258097,28327.312646249375,[ 0.45576326 -0.83426159  0.3103022 ],[-0.88493731 -0.38719677  0.25877522],[-0.09573821 -0.39253823 -0.91473927]
112,68197.76438216366,191982.91564387482,195050.94694592146,6643.274372988359,6515.55341801463,6469.3325007699605,7266.7349169014,2987014.697102985,2986309.1198820183,91642.80963014092,[-0.05946414 -0.70096912  0.71070832],[-0.9685815   0.21274896  0.12879346],[-0.2414827  -0.68072034 -0.69159665]
153,167481.68181189976,11941.002883247063,166874.92517276105,6240.323511185859,6911.819140867295,7632.640800055923,6327.977041331347,2931124.275970836,2930021.1607474503,126768.17344457962,[-0.41151236 -0.78160576  0.46877502],[-0.57472631  0.62172947  0.53211103],[-0.70735228 -0.05044707 -0.70505875]
19,134782.521982472,162343.8527443028,138081.31357150813,2622.7954693362058,2441.343217393433,2329.8245253720847,2837.557447333039,1099299.9838623845,1099270.2298529947,13936.038319124204,[ 0.62208118  0.13889993 -0.77053346],[ 0.572112   -0.7524999   0.32623882],[0.5345118  0.64377847 0.54758234]
38,10780.410628260068,199782.7056726954,72635.5961320284,4092.078264132464,3464.7774105904946,7515.2479835746,4736.916050916667,1313140.593370615,1312604.83217614,49078.912889444306,[-0.94831981 -0.06213416  0.3111734 ],[ 0.31325134 -0.33977356  0.88680749],[-0.05062745 -0.9384526  -0.34167761]
131,45890.89844381168,167268.16128794744,177147.96640047964,6241.869020906554,7660.788737341206,6511.044828285093,8189.760381521446,2840470.427176359,2839529.21756197,97920.4748131245,[ 0.57492213 -0.66384355  0.47830563],[-0.79704558 -0.32229789  0.51072734],[-0.18488616 -0.67485984 -0.71440976]
7,94658.06679169757,146019.44190434317,194139.9472347582,2915.6346755144086,2019.5085615055111,2516.1232549820934,2735.2321859404824,689855.1199035839,689851.4016872429,8930.06479713882,[ 0.90693945 -0.02929677 -0.42024104],[ 0.21353691 -0.82794627  0.5185624 ],[0.36312921 0.56004167 0.74464119]
188,44585.13722817944,72927.75243860375,116985.13039458153,6127.05525118194,6888.5913344234705,8600.814817443272,6917.371625001231,1991950.9391809308,1990952.9598893996,144675.3807905203,[-0.88025125 -0.17293773  0.44187133],[ 0.36189118 -0.84697976  0.38943557],[-0.30690797 -0.50271049 -0.80813963]
20,200165.7195772665,112910.07390622534,119678.87857258492,2597.3258111423866,3114.2831428401914,2757.5513525567385,1956.9909608212643,1158931.6984726656,1158860.085166925,20098.300589793867,[ 0.63478801 -0.51230659 -0.57843421],[ 0.01544241 -0.74004068  0.67238481],[0.77253201 0.43575424 0.4618577 ]
72,14364.929926636449,95544.7013360672,169788.14492968764,6554.877517510719,3610.4284056265165,5578.456037862675,5490.432643692937,1659304.727486919,1658508.3349959182,64013.15228019674,[ 0.04358778 -0.872261    0.48709429],[-0.99638822 -0.00239062  0.08488112],[-0.07287403 -0.4890348  -0.86921479]
173,191712.9241490663,181369.9483476642,111331.11515663654,6775.163243979413,5671.90117408063,7171.765844423324,5834.458396536491,3769723.125738129,3768909.315927166,127976.06308758959,[ 0.49077127 -0.76954727  0.4085836 ],[-0.55778858  0.08275143  0.82584751],[-0.66933957 -0.63320549 -0.38863265]
155,129052.58907020261,172077.39362580367,156639.6130500505,8446.653229592455,9949.843590147693,6407.174930033456,6604.533871486269,3316119.118657525,3315312.0158729907,161107.4491933005,[-0.84916486  0.18796039  0.4935483 ],[ 0.20872537 -0.73900083  0.64055561],[-0.48513169 -0.64695337 -0.58830144]
5,31674.78485428372,178540.05279200664,81313.06363837044,927.9923366162764,2116.6625120428516,1256.051905234902,2208.3571866174793,444398.57342292025,444393.37195796473,3193.3541943033356,[ 0.97691811 -0.20325573  0.06571235],[-0.14220198 -0.38924015  0.91009379],[0.15940389 0.89843153 0.40915912]
18,66089.28195934328,107309.40331075902,188546.10957098557,5008.4144582456265,1696.3857067961046,2726.7259851359754,2957.7299310318604,962461.2826770898,962310.9636089802,21879.205189529068,[-0.24742009 -0.80226341  0.54328328],[-0.9239849   0.36412356  0.11690139],[-0.29160795 -0.4730618  -0.83137076]
3,158651.4427379508,46354.104080145924,18380.03568433465,403.3316591280464,2926.3494522525352,1133.157901077796,756.0450621806801,288093.64028727805,288053.3461434397,5314.07807720922,[-0.18228403  0.24649382  0.95184732],[-0.23814167  0.92817572 -0.28596918],[-0.95397121 -0.27880213 -0.11049116]
52,172813.11646218615,200578.24060685287,111592.97127430367,6166.684477113305,2442.7401395855363,8911.401614481427,7539.070231204058,2073186.387973011,2072761.783048536,59048.42001498941,[-0.78985674  0.59234875  0.15890023],[-0.11945424 -0.40272335  0.90749358],[-0.60154552 -0.69780862 -0.38885232]
38,71113.08126854216,141510.7446502944,199251.17650896948,3497.1171518945603,4770.955670090697,2446.3439621791817,3171.0412783909933,1569403.9696822877,1569219.106291538,34272.695928260895,[-0.66249307 -0.47851152  0.57630692],[-0.69504692  0.67956175 -0.23474583],[-0.27930755 -0.55607784 -0.78279291]
2,69108.49151196229,148088.97831753275,122687.35045196215,269.7046812274493,282.1810913268855,718.140650009118,135.4533893194457,288995.4433962196,288993.19510086696,1139.9513892495281,[ 0.85581313 -0.50218203  0.12408507],[-0.39142444 -0.47185207  0.79002692],[0.33818752 0.72468534 0.60038351]
29,70947.94146253593,121792.80656879359,163711.29064456717,2437.808266678687,2431.4462157512585,4414.932367063456,4419.146585184624,1163711.5469581687,1163624.9910762184,18507.565090460623,[-0.94089784  0.26541966  0.21038928],[-0.08256938 -0.78220028  0.61753139],[-0.32847153 -0.56366224 -0.7578861 ]
4,122079.53633050682,196018.01978359465,160340.94982530092,1801.266671294552,1398.5709199200733,540.6214405250546,1067.3300416151367,562282.8779445924,562272.2424356322,4172.878918037925,[ 0.02077571 -0.64072348  0.76749058],[ 0.90055656 -0.32142775 -0.29271501],[0.43424215 0.69725004 0.57032984]
110,161374.798628007,35897.09681951791,59167.00374186282,7140.816334623437,6421.7252936635,8483.619511758663,6238.660685483817,1845666.13213479,1843540.688680116,117703.6455825119,[ 0.04145991 -0.89998369  0.43394749],[-0.3918018   0.38488986  0.83567406],[-0.91911502 -0.20466838 -0.33665774]
70,29900.269174856625,185822.58841007002,194970.4359805506,8295.89677524582,3888.074631354622,6217.696030896669,4974.489272777453,2268746.7937648757,2268114.729453146,82835.85674767355,[ 0.0939516  -0.72794742  0.67916541],[-0.98944223  0.00734108  0.14474177],[-0.11035021 -0.68559366 -0.71957221]
67,103031.7668531157,52187.483103864026,20767.244804861482,5857.7756064591495,7003.794920784791,8023.725641063515,7587.111435191143,965146.3651069907,963078.4637113133,77448.43464578716,[ 0.26574619 -0.7609483   0.59189242],[ 0.40023086 -0.47147327 -0.78582964],[0.87703718 0.44572485 0.17926277]
9,27104.266624497865,36609.664876591625,202592.6456005777,2123.6563542171352,1832.967687097374,798.3533267762674,867.9445544511252,622995.1973612605,622974.1535177422,8349.550699038586,[ 0.55696937  0.80106191 -0.21928279],[-0.82020956  0.57202766  0.00637518],[0.13054274 0.17630706 0.97564051]
44,119216.95746204922,77476.48536231641,106840.72531644726,4733.748889906522,5657.55132042352,3626.755137451253,2907.0199629745134,1180748.1200992446,1180103.9091662874,50940.61973463873,[-0.57424827 -0.20826423  0.79174802],[ 0.46985922 -0.87580944  0.11040894],[-0.67042616 -0.43541225 -0.60078693]
17,122859.79176742035,173436.7014108617,22573.058230798968,2990.0662957783634,3304.2771204950573,1977.4547345555034,3823.962291490687,881477.2247243278,881429.7796893741,12484.428316018528,[-0.29651264  0.32692098 -0.897331  ],[-0.7626761   0.48445632  0.4285175 ],[0.57480903 0.81143376 0.1056874 ]
127,191049.3884752608,175745.4060303267,50129.572378395154,6814.121600893665,5361.0549491721085,12874.922411137131,7035.4447687973525,2983813.523710206,2981319.822906308,155585.11354410244,[-0.68464547  0.72601032  0.06457242],[-0.09518763 -0.17689277  0.97961638],[-0.722634   -0.66454342 -0.19021604]
106,196835.57488594536,173333.84523340856,163583.56293582325,5532.006386831552,9637.744508956894,6105.211206706949,9109.880763838772,3184631.877685306,3184366.300445684,91014.5979280051,[-0.38614146 -0.36202404  0.84842994],[-0.66760742  0.74438588  0.01378391],[-0.63654938 -0.56109558 -0.52912819]
3,157973.7007596482,159949.55003523026,124729.45951378556,1419.356071344813,1127.276700861004,541.9815004241536,304.11114035508643,445310.13449855975,445299.69454045175,3234.365142758242,[ 0.25058402  0.42919461 -0.86775552],[-0.74809363  0.6547746   0.10782463],[0.61446202 0.62214324 0.4851538 ]
342,164222.60112495074,152839.3418954327,143439.90966039852,8212.67539985175,8838.619466653747,14153.592632902702,10507.48765745208,4934235.494742799,4930333.995395199,282859.1513934405,[ 0.38101948 -0.81654865  0.43367321],[-0.68949054  0.06155363  0.72167441],[-0.61597642 -0.57398558 -0.53954944]
12,4958.25010851904,22036.76272735131,199962.2513911836,3551.6550828225604,2078.592764628556,3247.1779685399656,3239.968965481205,697310.2666394623,697205.6663321296,14306.269902011332,[-0.44177136 -0.89046761  0.10911229],[-0.89678398  0.44169007 -0.02623697],[-0.02483065 -0.1094409  -0.99368311]
10,162450.28647335063,129672.6093976122,178631.13595331405,4526.160668667994,1471.4637073582,2109.1434871783,3536.5204066225974,866833.1561826381,866763.3448761522,12118.517564826876,[ 0.18343605 -0.86729935  0.46275594],[-0.7841643   0.15478426  0.60093942],[-0.5928217  -0.47311064 -0.65171217]
40,120279.45696546971,38707.673943563525,195127.4392501687,2857.890360578157,6414.013372641481,2402.78600290404,2959.7426122134893,1470921.9573402747,1470429.5987566204,42939.21771507565,[-0.81389863 -0.20713435  0.54282998],[ 0.2643201  -0.96401498  0.02846039],[-0.51740111 -0.16664475 -0.83936024]
85,15670.554823492517,50273.97855033159,53553.13952171449,5002.124827152325,3670.205231011455,6478.018837134153,3405.8055024086284,696159.3297041573,694319.7562584449,76981.18496281684,[-0.84956747  0.48545381 -0.20632429],[-0.48472992 -0.56425543  0.66832082],[-0.20801929 -0.66779519 -0.71468704]
60,42593.055980230536,146006.3013429847,11463.163591855615,9664.379797564796,7397.547251370467,7433.496231955478,8772.15139631546,1186336.176106049,1183613.2107749896,87643.88084091882,[-0.58911002  0.10823351  0.80077144],[ 0.75780338 -0.2700091   0.59399421],[0.28050565 0.95675524 0.07704535]
46,52789.47604288683,168819.86589862374,22558.66319064302,3792.6693718343568,5581.601568326866,3418.21662736212,6257.496658033652,1210363.8241860948,1210233.0934947208,28819.046024602776,[-0.76156841  0.31413895 -0.56686001],[-0.57641723  0.07148384  0.81402287],[-0.29623762 -0.94668198 -0.12663527]
7,33058.7831571119,164372.77826883984,18988.422831558855,1597.7051186149904,686.7814379399549,1687.9563302330444,743.8155919512312,446461.3242690605,446456.271810408,6104.327023273958,[ 0.97832665 -0.18636274 -0.09025461],[ 0.06695132 -0.12776421  0.98954223],[0.19594511 0.9741382  0.1125179 ]
6,138926.06994926633,55053.769794527,49985.49219969418,982.904136785151,2529.3537383258713,2188.953127206563,1739.3764632446184,386045.0900479224,386029.9175168527,7415.734545128557,[-0.05091866 -0.59781087  0.80001841],[ 0.46926043 -0.72144334 -0.50922898],[0.88159057 0.34948772 0.31726392]
12,69369.49343652416,33313.14049879241,18830.635000321847,2218.786924093531,2741.9442346392775,1386.193091820334,2415.0873856510816,274725.0214150994,274597.5204194125,10134.398968016412,[-0.09935089 -0.32463298  0.94060769],[-0.4728859   0.84711974  0.2424192 ],[-0.87550461 -0.42071555 -0.23767646]
22,188593.00534310538,158000.14083916805,126294.55265507383,3190.689766589886,3458.1142592353945,2253.944495639242,2071.209412589535,1297322.8134551323,1297243.1853825192,22476.979235535742,[ 0.52499169  0.05232911 -0.84949714],[ 0.50922698 -0.81906048  0.26424954],[0.68196159 0.57131567 0.45664734]
18,63388.81763692006,197701.91313054197,93566.626411262,4550.353541839056,1760.5982599590418,2791.0789553258696,1868.3307838267167,966419.9448458377,966221.4136181317,22507.557771440886,[ 0.39641211 -0.4934938   0.77415845],[-0.87484652  0.05264763  0.48153067],[-0.27839001 -0.86815442 -0.41086118]
3,38739.18582772213,111016.03122510597,57092.53592836307,599.243803791902,506.6585275141974,1016.9788601674936,231.80643082218796,226404.33735009204,226396.1877454562,2188.7560852772876,[ 0.876371   -0.06004589 -0.47787902],[ 0.37964952 -0.52443357  0.76212576],[0.29637832 0.84933145 0.43680198]
192,97023.8727053241,189831.72984199037,12105.869145224964,10213.348270573852,8090.977968127181,7940.339220658094,9387.61479141228,2964443.8437485406,2963604.3185063764,165815.00949327042,[ 0.24931531 -0.18858029  0.94988386],[-0.85495038  0.41784459  0.30735281],[-0.45486452 -0.88873133 -0.05705173]
7,98893.34683580018,132274.6679453586,154979.88719683833,2645.4700446655684,1316.0561512130835,2044.103040392698,1919.4094113088058,599284.4054415933,599256.2127006793,8023.643125931259,[ 0.37274134  0.57484417 -0.72843536],[-0.81876733  0.57315652  0.03334166],[0.43667374 0.58399126 0.68430275]
17,185424.9652944143,66166.0733501777,186594.81787761184,1908.3114121205745,3975.688985047421,3671.806805106149,3865.955439811274,1118631.6513805627,1118538.5827843782,17494.262732827392,[ 0.51932599  0.49971765 -0.69324078],[ 0.51295058 -0.83110197 -0.21482833],[0.68350729 0.24403233 0.68794331]
22,19160.780364354465,199913.5372805824,9088.0247586741,4073.8703520311005,3279.795834286018,3362.0731527523817,3023.2082214085112,943303.9001738055,943133.4735569436,25387.309462263594,[-0.54691212  0.01439262  0.8370663 ],[-0.83175996  0.10435224 -0.54523938],[-0.09519716 -0.99443625 -0.0451003 ]
26,42510.44475333129,159936.30954806574,200823.3177711043,4019.591565322477,5229.201111090491,2904.739038377514,4429.398319550075,1327328.4355520052,1327149.7255565366,29077.451638866096,[-0.54366571 -0.59664643  0.5902886 ],[-0.82328314  0.51585905 -0.23684237],[-0.16319456 -0.61473773 -0.77166382]
6,105297.43996524824,125464.78391028335,199854.9869940587,1283.633800781161,575.2372533215118,1109.9769943470083,818.0201552960117,632962.4815427337,632956.1580440116,3907.8382213717086,[ 0.03358688 -0.85433802  0.51863134],[ 0.91258954 -0.18536249 -0.36444627],[0.40749511 0.48553815 0.77343419]
210,196629.14999309657,40368.846726237345,151179.31181034484,6216.74184141755,15083.389564918763,12291.410029752844,11006.098165963973,3651770.0849466417,3646989.3293809164,247750.28451486395,[-0.539768   -0.30876018  0.783146  ],[ 0.31245952 -0.93733324 -0.15419287],[-0.7816774  -0.16147305 -0.60241754]
5,185068.19504368881,9459.111211835208,74914.93621313522,1808.6889492131252,1168.7249409133017,1240.5459461651496,1521.448677135159,446972.6888478865,446964.716949581,4394.5648692930945,[-0.1189946  -0.90510043  0.40820767],[ 0.35851284 -0.42255934 -0.83241345],[0.92590973 0.04729499 0.3747724 ]
42,194384.61144059035,182396.59397774612,149206.2934184049,4706.38869429791,5241.5731809167555,4481.343239250291,4688.30768821139,1980401.1302030168,1980007.1077499709,44913.65015772736,[ 0.0756888  -0.67839452  0.73078867],[-0.76777635  0.42797976  0.47681527],[-0.63623163 -0.59717183 -0.488462  ]
7,44178.32407321725,125252.02196527564,23632.16361145129,1159.3716293409484,2612.4352570035303,3439.3268600043616,2033.8337516547306,357101.70026345854,356963.06057637295,10561.004108670526,[-0.90691542  0.2568551   0.33396088],[ 0.26515144 -0.26803351  0.92620341],[-0.32741278 -0.92853836 -0.17497822]
5,192026.9073168379,13486.083483765065,162751.14321020854,1409.6052671319555,985.2405342867095,1294.1046040008214,1539.7679413749097,563686.7365742727,563678.7367067937,3360.163335245558,[ 0.4047612   0.73884015 -0.53877973],[-0.50583869  0.67175461  0.54117738],[0.76177135 0.05348803 0.64563414]
2,162406.94096118133,1706.5842679913585,75552.87947020543,1433.1433619455493,410.05873533242936,1348.3607337873327,1864.1448503367574,253342.47422492146,253340.2441653587,1062.9828979903152,[-0.24717906  0.82217999  0.51275976],[-0.34193303 -0.56914828  0.74776469],[0.9066335  0.00950228 0.42181204]
38,20744.575244660708,151472.2243987078,190508.63963824566,3238.835053630515,4985.939343253224,3966.592117055078,4292.108175501597,1506302.2447699008,1506131.7516873216,35345.42953655444,[-0.99554827  0.08485589  0.04102579],[-0.04073379 -0.77987885  0.62460367],[-0.08499644 -0.62015197 -0.77986354]
95,178405.44319680738,5936.476667220634,35665.48978904984,7359.695746377197,4133.213264811125,7633.819757598589,7625.745363727753,1777325.6822495584,1776178.0936345295,81919.60513719523,[-0.02799934 -0.9544774   0.2969662 ],[-0.19699442  0.29652537  0.93448697],[-0.98000471 -0.03233567 -0.19632924]
2,191787.8115983321,25993.17027661018,160699.40694848076,638.485985967447,561.4198840105291,273.0891618062742,719.2386339751538,355762.0171030919,355761.2297063637,748.4992161538789,[ 0.62429926 -0.37725571 -0.68405304],[-0.17030881 -0.92032621  0.35212863],[0.76239448 0.10333339 0.63880895]
13,39203.1572055127,4649.2595680428,27079.047083131787,2708.1743414292155,1442.8137127659897,1633.060258161432,2553.324910430376,172982.34367569166,172935.0184982179,8424.223694300363,[ 0.36591926 -0.84658797 -0.38651249],[-0.44118279 -0.52348235  0.72891973],[-0.81942714 -0.0962031  -0.56505232]
20,141910.50630439472,90076.60627667501,74493.61080885002,3481.5427262978556,2553.2674383365966,2560.7971547258253,2085.420775431481,822441.9936675528,822342.9002758951,20411.644830166224,[-0.1478613  -0.48154189  0.8638602 ],[-0.61825298  0.72676291  0.29929738],[-0.77194578 -0.48982965 -0.40517482]
14,123838.099329547,168173.92978783796,53377.38865160511,2923.711161900398,1997.8718078460083,3338.3233294669603,3602.3276067849633,806753.8504162724,806692.0527506958,12209.00686711954,[-0.78200826  0.43382194  0.44750598],[ 0.24160214 -0.45086435  0.8592728 ],[-0.57453589 -0.78007683 -0.24776734]
93,144721.8948930104,197773.91045816743,170325.9020954939,5462.382502428322,4726.838932688846,9315.851655644952,7027.137174083907,2879867.6651736507,2879393.3679737914,91090.8570422488,[-0.86576996  0.27101873  0.42070325],[ 0.12391393 -0.6983897   0.70490933],[-0.48485845 -0.66242032 -0.57106182]
90,68697.42044806959,80805.29205769989,136455.9781356826,7863.065827547864,7120.216391637875,5187.898086243431,5142.582847678255,1642241.4851777903,1641492.7585812309,100375.3427674181,[ 0.30272787 -0.87890716  0.36861639],[-0.86620411 -0.0923945   0.49107402],[-0.39755035 -0.46795882 -0.78928339]
40,166065.93800512265,188339.42174476263,128166.08125805347,2882.884872280643,5987.512903121028,4089.8629641315965,6323.645461548735,1783640.4194588056,1783467.2862134343,28923.91706158671,[-0.06551067 -0.52127868  0.85086831],[-0.80556255  0.53084527  0.26319629],[-0.58887803 -0.66818548 -0.45469861]
14,91628.42156959217,167125.70932186555,4083.034821740635,4579.967612609812,1868.0999178525112,2241.4161092313657,3194.915021313567,713555.035854936,713449.0690222667,16483.7872096145,[-0.20984604  0.09121962  0.97346989],[-0.85132023  0.47261033 -0.2278011 ],[-0.48085185 -0.87653777 -0.0215183 ]
5,44563.06352679937,90437.98372670733,149329.19506630948,1621.1493284460898,2707.7946893980234,986.0702225409741,945.4544006377155,402953.2392972944,402900.41945680685,7092.627468809943,[-0.88866907  0.45838127 -0.01240579],[-0.3861066  -0.73340692  0.55949619],[-0.24736408 -0.50199691 -0.82874008]
2,179635.73666425838,178755.07486438646,86427.0291808109,491.1312582079263,225.46110993099865,519.9726281848561,11.13974284089636,378662.2993218703,378660.81438089086,1060.4622229254305,[-0.36588623  0.67663217 -0.63898057],[-0.64499707  0.3105889   0.69822153],[0.67089943 0.66761024 0.32278557]
18,199578.60146023502,141373.70185815488,106396.358171279,2612.2394819696274,4886.5669218923385,2240.052330013437,3232.315219434696,1131825.4046840272,1131716.6040824188,21318.326540828264,[-0.36704714 -0.17005683  0.9145256 ],[-0.55266588  0.83067718 -0.06734869],[-0.74822244 -0.53014724 -0.39888229]
14,64334.39829714817,181133.59223313382,75548.98692633938,2484.457441093569,2733.7015220466283,2618.9075317511247,2901.916081333592,772919.4709037532,772894.4391466118,13045.600114061504,[ 0.74354975 -0.46465759  0.48086078],[-0.59169244 -0.12219619  0.79684888],[0.31150252 0.87701848 0.36579333]
16,170347.08675140532,191057.96018127425,168287.73463235877,4062.9194142527244,1941.648839740817,2040.7801305178896,3073.7334211184243,1225484.954037084,1225427.850049257,15508.146192754613,[ 0.42608734  0.353561   -0.83273297],[-0.71354897  0.69719023 -0.06909166],[0.55614517 0.62363483 0.54934702]
36,129015.23261923988,148746.52250439793,173225.70912282486,6020.6985649929375,4359.142760230219,3101.5398305287263,4042.405224629488,1574064.2342403342,1573922.6610062295,41802.42928378282,[-0.39306672 -0.53216216  0.74986798],[-0.77674058  0.62861457  0.03895888],[-0.49211039 -0.56713945 -0.66043941]
21,74092.88754257145,57432.20894210605,92416.67081338633,2710.841272195108,4544.196301202015,2657.9832989551874,2323.082949284806,603826.1862875066,603375.4088039687,25000.93898662878,[-0.78403943  0.550705    0.28636719],[-0.26141583 -0.71140335  0.65235499],[-0.56297774 -0.43661112 -0.70173128]
49,138699.72312991275,140338.78804153195,4270.398843810228,11455.08138922913,8624.392279915592,2793.2703311565456,4562.248404695536,1385205.5409263894,1382003.093814507,96784.49092139996,[ 0.07403404 -0.1033081   0.99189031],[-0.70705424  0.69597683  0.12526196],[-0.70327325 -0.7105939  -0.02151845]
60,172827.14184167612,4718.867287052136,117661.51702042113,5026.187450956216,2608.787736281305,6345.984905171338,6078.469614867029,1621151.4024462397,1620719.5339748154,45865.62874698173,[-0.09557068 -0.97909725  0.1795406 ],[-0.55509418  0.20213871  0.80685215],[-0.82627882 -0.02255054 -0.56280972]
18,44336.4630838303,115565.91668129395,43965.397854011775,1619.1850797624402,2297.0972951532885,3572.2213390879556,1696.4045336043039,557605.8534569067,557359.4055804227,17879.29814270327,[-0.89721375  0.19311992  0.39712994],[ 0.28475083 -0.43435937  0.85454602],[-0.33752697 -0.87979352 -0.33472214]
3,35010.77556294029,193129.0696572756,87224.2402429388,1965.617624117231,629.9488548112314,1112.142621412454,676.6972376803496,372040.94311498886,372020.6275036335,3890.2035121276454,[-0.51105559 -0.27513322  0.8143242 ],[-0.84394688  0.34029559 -0.41467164],[-0.16302099 -0.89916663 -0.40610779]
