N,MEAN_X,MEAN_Y,MEAN_Z,SIGMA_X,SIGMA_Y,SIGMA_Z,SIGMA_R,LAMBDA_1,LAMBDA_2,LAMBDA_3,EIGEN_1,EIGEN_2,EIGEN_3
23,74827.73846274476,57670.370893515676,92348.92445202704,3062.7477822761693,4839.464796714708,4321.664143170658,2568.2606317619893,634469.8704479984,633752.3219643704,32088.989369200444,[-0.76926945  0.58428674  0.2585218 ],[-0.29546791 -0.68407931  0.66688396],[-0.56650087 -0.43662856 -0.6988793 ]
1844,115032.12926462798,143210.21808447642,116407.71981713362,30076.95575851996,30413.735018740503,18876.048300046663,17891.686537808182,9511006.737494031,9406727.928902702,1878819.6771928421,[-0.48086732 -0.28583201  0.82889486],[ 0.6992394  -0.69538139  0.16585833],[0.52899044 0.65935179 0.53425119]
5,190736.46506286858,49846.231331989,118358.0601362295,1927.1156682312262,634.8193228200284,1946.8010067789944,2530.958981950534,514203.4628790096,514201.4590001141,2736.638380636698,[ 0.54864854 -0.48878225 -0.67828953],[-0.10458791 -0.84505219  0.524355  ],[0.82948547 0.21674572 0.51475736]
32,158270.3787424594,10013.808597823141,54587.24831386267,3386.4216511757168,3755.6690471249535,3093.9766812464227,3816.828102374468,949303.6448372257,949052.1899644427,25758.2144296676,[-0.32087487  0.40539602  0.85597511],[-0.08122562 -0.91221376  0.40158244],[-0.94363219 -0.05933061 -0.32563502]
656,94821.56327719467,44268.689982482916,71338.42314814583,12168.346096666444,14939.445138818588,12471.352855681187,12366.922889248783,3286861.8037610147,3270006.978497412,489125.99280250195,[-0.62694209  0.65160149  0.42703526],[-0.21449049 -0.6713213   0.70945158],[-0.74895757 -0.35319006 -0.5606419 ]
303,64083.00854913814,187401.00312850057,159660.27453214207,14163.692565059866,9860.056091689323,11378.338550947577,10741.622975816535,4440568.053310508,4434799.204728771,302422.5717141871,[-0.14122544 -0.61406304  0.77651913],[-0.95759011  0.28372541  0.05021022],[-0.25115045 -0.73649608 -0.62808994]
198,136443.0500722879,115553.25564270173,168944.11012942027,6769.517504644074,9544.470743405485,8431.956398037042,6954.2425195930455,3466612.608923232,3463529.8514955854,177308.0405955793,[-0.78206155  0.01228207  0.62308015],[ 0.28399185 -0.88293767  0.37385785],[-0.55473269 -0.46932954 -0.6870236 ]
2140,172818.26601006568,99222.23226278208,81081.07637673675,15873.69249935711,21365.453848259946,34055.12190276543,23832.490241075404,10120282.831906753,10045216.955573551,1664542.121584482,[ 0.41646243 -0.88604245  0.2036856 ],[ 0.43467304 -0.00272114 -0.90058422],[0.79851011 0.46359614 0.38400551]
347,145695.90463212135,13932.28508022204,12417.797195141735,13878.313132101754,9233.636825136353,9561.010475670839,13774.78261062376,2755498.7667578957,2752139.621897478,250411.5060063576,[-0.00278207 -0.6623407   0.74919761],[-0.12607993  0.74345424  0.65679498],[-0.99201619 -0.09263153 -0.08557621]
13,9284.573392850461,166545.36329601848,140750.64939761514,1718.4868387714835,2124.5742508499643,3549.619951160508,1720.9542316133666,787063.5660084405,786970.4787507819,14903.642784707046,[-0.99902715  0.02501235  0.03631993],[ 0.01158195 -0.64586557  0.7633633 ],[-0.0425513  -0.76304132 -0.64494754]
19,24282.680651602335,193908.04751740527,90142.22377978945,3388.3546354003256,3280.18078846268,2754.51536842029,2990.662069442415,938317.0130897188,938238.8594364654,19881.76453075698,[ 0.55821333 -0.40616533  0.72348297],[-0.82199358 -0.15217548  0.54878883],[-0.11280263 -0.90103959 -0.41881167]
182,131189.33506616348,171486.93261833364,154547.14770784482,7822.272350667126,9456.935793386097,10054.296404803072,7862.387064165797,3586821.09812532,3585410.018525383,185331.9676519577,[-0.79495069  0.60667272  0.00126876],[-0.35228356 -0.46331368  0.81316464],[-0.49391264 -0.64597882 -0.58203236]
21,24123.242857407567,203152.42459401058,113908.09129498347,3804.227696164832,1406.8688922626375,6638.971497900554,3884.3965263016257,1073494.7553538778,1073299.7655356596,30825.730132933608,[-0.92452667  0.26398204 -0.27488891],[-0.36695099 -0.42175022  0.82914035],[-0.1029437  -0.86743313 -0.4867878 ]
80,42136.12586582395,104749.2075476113,8117.21109581722,4790.642001287474,3670.93078456435,5586.165138543142,3661.439696965256,1014271.1566517054,1013863.5211753824,65984.61391685123,[-0.81497532  0.36312654 -0.45161304],[-0.44412784  0.10921325  0.88928225],[-0.37224412 -0.92531702 -0.0722685 ]
1117,103755.92888294527,123090.0646436555,50759.506746789775,25185.55329296197,14142.094709280716,20555.87150385758,15106.742969782881,5734572.5868796455,5698117.038726228,1052273.7412849362,[-0.46867744  0.02989685  0.88286332],[ 0.62904597 -0.69038213  0.35731454],[0.62019563 0.72282688 0.30476004]
433,100639.38403194495,174277.7338452131,185592.29733884637,8555.831000694514,14477.123767435776,12114.038546524913,13047.62017845386,5710716.477661589,5705237.502117707,335826.3498677662,[-0.82698786 -0.11016017  0.55132189],[ 0.42578812 -0.76308679  0.48621294],[-0.36714515 -0.63683851 -0.6779684 ]
436,114926.20200659307,17783.80878108406,80968.00224116111,11899.83075284154,11356.807454595146,16821.31803515605,17400.623672859525,2992533.064464244,2987881.9585009995,331440.22307619936,[ 0.19827378 -0.97859413 -0.0551456 ],[-0.55522537 -0.15850352  0.81645663],[-0.80772043 -0.13126371 -0.57476738]
6,167886.26625131682,169511.9052850892,27235.04415979893,1162.4701760012165,3398.3040187040533,4049.063214124522,2709.6914806924615,588330.2069752151,588242.9227814211,11460.921135867231,[-0.56915865  0.64548761 -0.50931736],[-0.43285387  0.29142965  0.85305702],[-0.69906792 -0.70598478 -0.1135321 ]
784,17817.914422944315,145669.03973429877,26885.388811919496,12419.273366204598,13017.535646570632,10202.823946236407,13081.600135385366,4210360.102972796,4200773.624833984,447736.9701450484,[-0.43679034 -0.1125432   0.89249551],[-0.89173452  0.18478009 -0.41311724],[-0.11842187 -0.97631468 -0.18106881]
32,10096.073569639704,201965.88235590953,70589.75793127318,4153.753113071126,2631.3850431300375,6326.793793127612,3929.9027668798985,1212288.470103785,1211981.033020927,39646.19308783284,[-0.90780023 -0.09729839  0.40796049],[ 0.41673793 -0.31874508  0.85131138],[-0.04720417 -0.94283328 -0.32990479]
460,163068.13071376312,193599.56282348133,14932.778543814422,14300.603500193369,7564.303690181354,9179.81360554642,11254.58063051005,5450521.575218018,5446153.700308539,317701.29303194676,[-0.38031373  0.25163797  0.88996618],[-0.66381668  0.59576136 -0.45212368],[-0.64397894 -0.76272324 -0.05953474]
495,163060.50153549103,191980.58189998716,98842.55032593226,28274.43273794504,9555.537805637645,17155.637695010824,17378.2461615535,6064746.268654463,6037622.865891988,649730.2808556109,[-0.46301963 -0.06242167  0.88414725],[ 0.64637994 -0.70631575  0.28863653],[0.60646995 0.70513942 0.36738617]
1817,25166.063092382905,39222.815155655786,36707.62986599524,14406.528993565767,18033.288838144712,24921.526248650014,17698.838330303646,2850724.692029518,2689500.230547621,1273493.220423015,[-0.89277127  0.41986446  0.16331963],[-0.16706575 -0.64522433  0.74550292],[-0.41838797 -0.63827847 -0.64618271]
927,97502.95901272524,76622.88285297772,158469.62046467743,19643.22047806889,21558.16000933673,12113.633028125212,20102.959696570342,6183898.459317038,6176091.578165337,730611.4164625556,[-0.35900602 -0.72988975  0.58170063],[ 0.79707799 -0.56401349 -0.21576713],[0.48557322 0.38619908 0.7842633 ]
89,65750.01218852587,11531.740918619727,155522.8162961283,6214.381840964513,6168.09878966751,7014.333991529703,5829.7212350936425,1599742.551100149,1597962.617424533,90922.40505545792,[-0.50370216 -0.81932684  0.27383874],[-0.77197252  0.56917844  0.28300942],[-0.38774033 -0.06884353 -0.91919422]
60,13300.852715048153,61728.4337024605,112586.66167649375,5069.372715451337,7396.3931148447045,7582.040335284861,7720.799784634159,1003329.5140294103,1002382.8819411205,68365.02598970113,[ 0.89347182  0.34151237 -0.29168031],[ 0.43740482 -0.80904268  0.39259007],[0.10190745 0.47835054 0.87223599]
547,191866.08136279127,140151.45722562837,36300.75228794505,9393.324514224287,12521.181458157307,18954.278852489275,11806.009045026665,5644988.238085885,5633907.50301471,507626.3615198513,[-0.60266814  0.76426876  0.22953075],[ 0.01730297 -0.27505231  0.96127355],[-0.79780431 -0.58330051 -0.15254115]
2,180720.8285889381,64245.26862798068,32369.57085407133,1325.7001695996005,266.7730919753849,1008.6724222397534,1311.4258421941922,275093.1028328706,275089.0091746898,1500.7523126000438,[ 0.35576823 -0.67520402 -0.64616446],[ 0.10102311 -0.65956456  0.74482812],[0.92909811 0.33026373 0.1664409 ]
85,127550.87857048403,199119.8874403967,125492.32113682939,9093.060000798045,4271.802840684812,4067.8152909852815,4284.070542335414,2469891.0688182306,2468687.177548136,91981.47420141529,[ 0.05867926 -0.55887697  0.82717186],[-0.87712977  0.36677358  0.31003307],[-0.47665512 -0.74372957 -0.46868563]
375,192396.9704402834,48102.182723215024,17591.685975865315,7921.26455861767,11316.732924399521,8844.956056245528,8564.818465379261,3865287.562126552,3862383.882253832,270629.1294897253,[-0.19481721  0.46346204  0.86443576],[ 0.16892188 -0.85230002  0.49502533],[-0.96618407 -0.24246157 -0.08775383]
74,196520.17228534663,25429.334052665392,86387.76256834225,6118.620820995167,7617.809931610129,4870.088984530363,5388.039988574804,1861677.098800306,1860397.0140873496,81931.40547921674,[-0.29011938 -0.5096296   0.81000519],[-0.29874016  0.85234083  0.42926615],[-0.90916724 -0.11744265 -0.39952742]
19,22048.95070270114,22728.154402730128,197608.83129877932,4685.718674287918,4024.2523627027936,2955.1618364304263,3279.145722176506,872741.5529316106,872577.1952678865,26227.114093701446,[-0.60192184 -0.78289997  0.15734589],[-0.79088753  0.61169469  0.01807024],[-0.11039483 -0.11356603 -0.98737821]
284,130832.93194460875,6676.422588376214,110624.96694633557,10821.199736977307,4827.476225861041,16194.780651437964,10164.392259014023,2908195.0079269134,2895769.318315847,290995.0758030554,[ 0.01490663 -0.99895478  0.04321037],[-0.64774367  0.02327347  0.76150278],[-0.7617125  -0.03934068 -0.6467197 ]
100,41841.430264884155,67726.5443385495,189876.12387124132,6118.211728769839,12479.86131405168,8093.347995444556,9866.452629264346,2064864.142357918,2061545.945194505,127307.6535436961,[ 0.82481284  0.45007331 -0.34222477],[ 0.52799574 -0.82963288  0.18146566],[0.20224807 0.33036843 0.92192864]
294,49490.361839337755,156299.84340194592,136003.6898889797,9378.339133498614,8610.21590089895,9257.619985891715,8737.614016649668,3659769.564705576,3658159.428502516,225192.05177528728,[-0.45855135 -0.4966091   0.73696002],[-0.85786614  0.4638097  -0.221238  ],[-0.2319404  -0.73366203 -0.63870469]
12,162502.42268170038,146343.86690850975,117217.4000860383,957.1213962751178,4844.322516249496,5884.6785610030365,1836.4316566727418,859909.3302297888,859550.1726763073,25872.059380672537,[-0.75489075  0.48158816  0.44521096],[ 0.03505276 -0.6482337   0.76063419],[-0.65491316 -0.58980159 -0.47246464]
570,142301.61636866353,15033.641027717023,173505.29891746084,18695.171066317245,7592.072942432482,11994.34976263161,12876.520392572107,5395530.792969914,5381281.905932583,468226.2528139316,[ 0.07404064 -0.99693205  0.02538634],[-0.76968496 -0.04093968  0.63710988],[-0.63411596 -0.0667115  -0.77035481]
88,174647.51804009482,7040.900420454803,109362.81399992248,4327.724814532215,4689.435724894434,8914.897144226721,4543.39698410034,1936669.6883946098,1934870.671042344,93669.95898730984,[ 0.23452216 -0.91957724 -0.31524128],[-0.47739275 -0.39143532  0.7866858 ],[-0.84681492 -0.03400135 -0.53079977]
16,65384.89556009774,182457.97067526702,73557.1541790705,1996.9774568902483,2951.481752791768,3155.800416960333,2463.2072136512793,829423.0765359872,829320.6010739506,16302.833407315062,[-0.88888079  0.40489933 -0.2143536 ],[-0.3323033  -0.24772493  0.91005872],[-0.31538144 -0.88016413 -0.35474731]
7,80772.27882108779,46217.81871964958,98216.4078065366,2672.546788964993,1499.023831852062,2684.3517930305443,1988.8057424712067,358125.4101013535,358027.8913939037,9407.546360021546,[ 0.4807469  -0.87669246  0.01710974],[-0.6422305  -0.33875709  0.68759263],[-0.59701123 -0.34154642 -0.72589506]
2,100310.43950396348,108546.55941171941,148001.5075720587,55.33027581073111,1991.9159215710897,729.2711422355642,544.2040447618201,295815.78289225657,295801.5628498303,2900.486813711806,[ 0.8717486  -0.18961645 -0.45177426],[ 0.10029318 -0.83349043  0.54335529],[0.47957863 0.51897909 0.70757688]
15,153526.6845029127,164697.3651459751,50890.35222489336,2452.798850037259,2523.0858443036923,1691.84940901241,2926.0008641844956,894134.4991310078,894116.9215563526,10027.507966967067,[-0.10364847 -0.20417992  0.97343082],[ 0.73953906 -0.6702664  -0.06184605],[0.66508569 0.71347987 0.22047111]
9,114895.50287864855,174026.14416749796,151339.0625568197,2979.6895895876332,2150.9050836449483,1587.4235462652553,2428.4195850709402,773068.4552091445,773029.8216895945,9543.426621627746,[-0.56377118  0.72161909 -0.40178096],[-0.69517931 -0.15192407  0.70259861],[0.44596837 0.67541466 0.58730508]
42,91283.1010735948,108796.5142294889,34931.65185296832,3265.676360289677,3638.27999630228,6114.7940802194435,2245.4853224198137,948852.2595898403,948251.9705106348,48628.052877412614,[-0.77400902  0.63042884  0.05890248],[-0.10662161 -0.22147065  0.96932068],[-0.62413289 -0.74398268 -0.23863762]
74,192255.78817296712,169880.33933725025,152616.2447907961,6678.618307865326,7037.407768592798,8392.568988146111,4216.203674770865,2570010.098659883,2568527.4829948847,104134.02029236969,[-0.67592421  0.73628285  0.03184378],[-0.35808193 -0.36587921  0.85901673],[-0.64413026 -0.56922752 -0.5109562 ]
307,186881.5833814589,60068.33293980307,152609.73220638678,11427.624316002442,12127.984660774628,10043.560899509874,10853.394256039272,4368402.912032481,4362147.646503072,283317.20766792906,[-0.45189528 -0.49009428  0.74538464],[-0.48040465  0.8377533   0.25957807],[-0.75166617 -0.24078414 -0.61402033]
288,46946.697295768754,71963.55798700512,113892.19186282896,8112.080055880612,7602.567723527127,10366.570593358672,6473.138053930644,2431615.862245087,2426845.81080039,234022.67631854385,[ 0.72729676 -0.67452824  0.12669284],[-0.60297823 -0.53982686  0.5873706 ],[0.32780586 0.50358575 0.79934017]
16,47693.15342017982,27649.39839948134,141699.7405523471,4843.849763702701,1949.7736802923541,2469.373326394216,1805.0745560118517,608570.9452881448,608279.9774310181,21877.616263040272,[ 0.18674855 -0.9741433   0.12716056],[-0.93097448 -0.13415019  0.33954417],[-0.31370607 -0.18179262 -0.93195491]
40,34047.49370635855,117777.8984136988,161156.26442105003,3089.252130980079,4902.335532460047,5437.3450983693765,4566.481572711461,1281438.6796595,1281190.76492414,41145.61023488501,[ 0.98580891 -0.09755248 -0.13661738],[ 0.00180882 -0.80760189  0.58972528],[0.16786162 0.58160355 0.79596469]
6,133109.4746747697,41724.162917009584,69080.80858473826,886.0721748712435,2695.0475294203434,616.7645150766932,875.9439207339396,381361.1820335097,381304.5058978321,6783.942151335679,[-0.47606426  0.06700266  0.8768543 ],[ 0.20532122 -0.96106766  0.1849112 ],[-0.85510585 -0.26806641 -0.44377289]
60,156181.13666471984,58547.67228848518,12458.078600473837,2861.091992672755,9489.241228530707,6957.876430481921,3430.7735622112987,1298650.9822829615,1296165.8097493793,90148.67211908329,[ 0.25980302 -0.51954684 -0.81398616],[ 0.24684836 -0.77919392  0.57612735],[0.93357821 0.35061077 0.07418765]
277,78188.01250415629,46950.658441197964,186277.6567856063,9545.094179391896,22195.123002192267,9728.427129874179,8897.856731398057,3476912.4208393274,3457711.8472276116,403235.6432464725,[-0.87497943 -0.23138509  0.42529041],[ 0.30426051 -0.94606982  0.11125394],[-0.37661192 -0.22674398 -0.89819298]
15,66780.44025472646,160490.4693719009,77023.42659966853,2402.212147141543,2238.004523740191,2424.7521423260555,2111.2563011451803,736504.4900223602,736451.6382568722,13515.478058440101,[-0.69346175 -0.05619258  0.71829882],[ 0.62907991 -0.53323608  0.56561271],[-0.35123962 -0.84409814 -0.40512845]
2,188948.37379214488,114647.46534815956,112583.92378057346,522.9272818748432,989.3559666030051,367.1859428743337,225.61265800242836,350776.44238737284,350772.633101746,1634.7479345929978,[ 0.24166598  0.44732067 -0.86110497],[-0.60106944  0.76566884  0.22905624],[0.76178283 0.46222878 0.4539069 ]
15,201185.76605842143,140988.08805802633,105222.28168245302,2364.764316916591,4402.507317092626,2286.7370427173705,2416.0479724147835,1035245.0200402878,1035162.4346118823,19106.096011592697,[-0.27220551 -0.29505612  0.91588539],[-0.59940082  0.7965924   0.07848062],[-0.75274353 -0.5276196  -0.39369372]
756,16952.561812408672,112475.45490372703,84905.56285213766,10494.598673054194,16794.890545983482,19425.899257327826,16223.975856507042,3966354.4330351455,3937484.78230282,624667.4666463127,[-0.98962948  0.14345492  0.00736016],[-0.08012877 -0.59384633  0.80057849],[-0.11921773 -0.79168631 -0.59918271]
2,69866.42800029533,191655.48965032416,35467.57580823011,1768.6694204676605,1365.744557515136,535.2952568108449,575.6454467605217,292835.69932324084,292818.8001222834,3145.9645703301567,[-0.32790343 -0.05499634  0.94310908],[-0.88240398  0.37437633 -0.28496594],[-0.33740563 -0.92564451 -0.17128828]
2,131943.25280144904,61301.249613495616,43281.98331898807,797.6205171695474,200.4973319911769,95.86315814424597,746.9658256499533,214666.62913197748,214666.0346126254,505.21933559100086,[-0.26840006  0.86988663 -0.4138341 ],[-0.41516207  0.28319685  0.86454613],[0.86925363 0.40385245 0.28513388]
44,189825.27811302044,159832.96793283173,124873.27649479028,3225.3838366188047,4651.166115919198,3548.427887276235,2885.6573492570033,1843147.852556846,1842934.1083364862,39992.824625104964,[-0.67895748  0.27435858  0.6809876 ],[ 0.26850611 -0.77050153  0.5781279 ],[-0.68331634 -0.57537359 -0.44947082]
86,52284.199642483254,170705.47988503243,84928.08141197567,3751.2808809193416,6679.6918416128365,4440.8764931678115,5876.858109745427,1834855.199916052,1834651.8900628944,61411.53848259159,[-0.960494    0.27596145  0.03600759],[-0.08738191 -0.42188528  0.90242851],[-0.26422655 -0.86363076 -0.42933232]
3,37531.91615911373,142865.22353236497,125057.62970297846,1802.3926295038627,2361.7321283318943,459.2438987859723,1689.062631102376,335260.15468852455,335242.44202683365,4303.834756609295,[ 0.63687504  0.40622102 -0.65526687],[-0.74618241  0.53855313 -0.39137237],[0.19391234 0.7382039  0.64610603]
10,165054.8522266879,135178.3551010951,131068.6912270928,2722.801519011552,2784.1186473050557,2579.5384499233255,1270.3114086541746,791899.6882205299,791855.6504246405,14204.484575828477,[ 0.41576846  0.31840072 -0.85191406],[-0.62657884  0.77922195 -0.01456355],[0.6591931  0.53984639 0.52347906]
107,86741.90412287749,190111.01091426882,108722.3221121121,5003.198913418255,6447.940842479226,6514.949215495187,6683.097141926979,2438535.769688015,2438060.110051279,83303.95635442415,[-0.92843432  0.34539139  0.13680097],[-0.04900437 -0.47888939  0.87650643],[-0.36825031 -0.8070748  -0.46154304]
18,27733.062629460175,73474.04332115689,115443.73076518283,1742.7144089963297,3285.2157107545368,3773.9377455208587,4162.764079258494,592729.2998029117,592706.6812172566,13950.98786902609,[ 0.94102821  0.13365905 -0.31080729],[ 0.27409437 -0.83972445  0.46875913],[0.19833859 0.52630609 0.82683959]
15,187770.64239611357,201518.4638939418,41049.19763334351,3563.8593930344937,2198.6370573002177,2515.7346650781515,2227.402914596352,1078675.072089414,1078642.3832372127,16819.048600291808,[ 2.12831726e-01  6.60309118e-04 -9.77088645e-01],[-0.7071188   0.69021908 -0.15355982],[0.67430383 0.72360015 0.14736744]
140,76005.68717129763,128810.43799339909,130469.90203663273,7325.954581006503,8163.580510832917,9799.799754899781,10274.692844520718,2353932.4994383,2352339.571762604,125168.30253313873,[-0.91835088  0.19195636  0.34609886],[ 0.09823914 -0.73656687  0.66919229],[-0.38338067 -0.64855378 -0.65756921]
53,160663.21597584797,55409.65716696775,188148.6024936802,3132.2531760327947,4666.205632245562,3972.8264835557125,4090.14656053467,1846299.4722419225,1846224.1299386977,40398.70142392244,[ 0.67141804  0.32110341 -0.6679    ],[ 0.38435797 -0.92144638 -0.05661731],[0.63361405 0.21869881 0.74209438]
483,12778.755786357095,46282.25556152444,152209.77015663803,8005.068924707732,14546.639593380685,14713.454804132654,14447.998514054889,3537166.1330086133,3526375.7838656553,368290.49625606823,[-0.98960822  0.13780525  0.04105214],[-0.11954173 -0.94714204  0.29771081],[-0.07990832 -0.28970962 -0.95377303]
62,142141.2101356592,140086.94407279041,3774.9303293904172,9550.569876808559,8946.514507888473,2403.517408463417,4035.7420750414685,1575087.674970502,1572160.7575376818,99293.07690725206,[ 0.03596716 -0.06321423  0.99735166],[-0.70103255  0.70965963  0.07026081],[-0.71222168 -0.70170306 -0.01879079]
58,68441.51605421628,23131.45067941369,100824.7092687312,4228.567673213373,4074.6653130672116,4882.669510576983,5312.3688278571235,946015.7054235706,945904.2188365752,41673.03139564621,[ 0.03045851 -0.97841158  0.20440906],[-0.8335232   0.08800293  0.54543063],[-0.55164424 -0.1869927  -0.81284831]
105,175795.06854268568,129026.33930380092,180280.46646923327,9274.2105170876,5423.337727234284,4766.647419278188,7579.216400801889,2901431.4715392413,2900571.9782584426,92006.73435271451,[-0.15045448 -0.72856027  0.66825398],[-0.76876522  0.51121473  0.38426493],[-0.62158144 -0.45591604 -0.63700634]
62,25969.54718721518,63875.378635451714,69675.28812914342,5071.799939527935,8907.626365411867,4061.7588693954253,5902.281398955759,776156.046052295,773907.433077428,72492.2975629351,[ 0.83072839  0.21930041 -0.51166167],[ 0.48998141 -0.72429515  0.48509251],[0.26421308 0.65368483 0.70914568]
28,81497.9304064505,41416.94696114991,3298.8306276296184,4161.738382479775,3919.2039609454896,3203.011701928399,3530.33740921984,485137.0248165066,484577.94155551447,29116.505455394567,[ 0.19936068 -0.46138409  0.86451145],[-0.40766817  0.76320267  0.50132659],[-0.89110156 -0.45237861 -0.035939  ]
165,66581.39040211163,82308.40512502725,30417.18246575629,6452.636320389978,4053.7545040652094,14001.216906451224,7010.554742599925,1427939.0576965057,1419523.881708188,183502.00853217926,[-0.77130304  0.63584548 -0.02814492],[-0.19951648 -0.19955568  0.95935953],[-0.60438795 -0.7455723  -0.28077956]
46,117927.50827952201,77962.28641363741,107522.28692269942,4994.169404240171,4653.6177274714855,4421.148918775836,3072.6563005526236,1205460.602371129,1205228.2323379728,51109.90756104853,[-0.73228595  0.2186998   0.64492456],[ 0.15052303 -0.8716254   0.46648899],[-0.66415368 -0.43867933 -0.60535967]
50,160424.95077299446,114072.65614455385,25135.105631035454,3700.6231428520127,3588.4902401443615,6223.821668122151,3438.5658934729972,1404133.1598449307,1403680.1682440268,51708.43500178655,[-0.57253623  0.81786338 -0.05746089],[-0.13660462 -0.02605393  0.99028297],[-0.8084191  -0.5748223  -0.12664074]
2,130170.25253064485,71255.6283732292,143368.82859219087,57.396993205293256,339.64451786337304,380.76833618244564,345.64466964962776,291810.0199376018,291809.5258955724,536.9660928976783,[ 0.2752224   0.73767284 -0.61651554],[-0.7254519   0.58015876  0.37031791],[0.63085035 0.34533259 0.69481885]
34,26774.031091177774,57800.33103233332,201048.64133579997,3448.8857366881953,3286.0212671674963,2409.674019503482,2753.6488089571326,1230014.385833267,1229964.7566680035,26692.99297044407,[ 0.47522266  0.82675952 -0.30105169],[-0.87065215  0.49124956 -0.02527268],[0.12699708 0.27412145 0.95327287]
15,135980.93249049282,78121.8526310833,23270.659202366827,3172.1785157254603,2315.7940599902317,2003.6341788547338,2500.750553752353,614218.8864948762,614149.8890464505,14111.041460693386,[ 0.07669792 -0.40483544  0.91116722],[-0.50827777  0.77032227  0.38504195],[-0.85777103 -0.49265796 -0.14668674]
2,180353.29023719116,203653.9628791479,169373.4069012566,277.84559601466754,333.1458939904405,719.280280019666,435.5180763800745,453189.3697111256,453188.2313983915,1015.7466047648846,[-0.39128155  0.76808537 -0.50689606],[-0.72811232  0.07847368  0.68095105],[0.56280654 0.63552085 0.52854711]
33,198032.8730787343,174012.05185593615,167515.0944122905,3429.4436635160328,4189.845720492342,3761.6028765199167,2450.0597622003675,1794540.2128675766,1794470.3562086504,35108.43801337669,[ 0.02448338 -0.70762029  0.7061686 ],[ 0.77295431 -0.43457232 -0.46226457],[0.63398912 0.55715386 0.53631835]
20,57268.9950185682,139888.9492960591,168231.92276775255,3220.3917980134293,4506.873151281591,2727.620241581999,3255.7523899648636,1011766.9567074301,1011596.6600784054,23455.550024640168,[-0.87830686  0.46931134 -0.09123553],[-0.40548469 -0.63011956  0.66221712],[-0.25329671 -0.61862445 -0.74373689]
491,163602.7336947171,188943.0328951805,189160.7816878456,13451.401036893682,9453.33109797807,12932.631066367569,11044.066562535643,6957383.667154333,6953502.8935978925,389833.0270367752,[-0.64415555 -0.18547342  0.74206687],[ 0.55877678 -0.77660856  0.29094269],[-0.52233335 -0.60206208 -0.60389496]
128,67078.65279919359,191108.9300708255,194629.92150262088,6303.085801025534,8284.55339584655,7214.379610729629,8777.871931564867,3180868.027080838,3179906.262099141,102476.12502097478,[-0.20462668 -0.66229353  0.72076016],[-0.94942359  0.31345377  0.01848188],[-0.23816542 -0.68052481 -0.6929381 ]
21,62649.90562268552,168275.0972335086,64088.86381525089,2812.892351185504,2851.917553898642,3057.392999931013,2728.396627501207,873934.6530799706,873831.8344388027,19404.500760529972,[ 0.59925964 -0.46990764  0.6481317 ],[-0.73003514  0.01148374  0.68331312],[-0.32853704 -0.88264088 -0.33616735]
22,116765.79950058195,112896.61923722777,23077.878764739595,3160.694200464397,5170.67973078199,3023.826747993457,3590.711036925317,770039.0250537157,769725.4694972776,27023.83323822881,[-0.40732394  0.24124178  0.88084596],[-0.57246007  0.68405237 -0.45206395],[-0.71160148 -0.68838561 -0.14052963]
190,13404.341143551135,108945.34943811176,160437.4501130869,6123.035676117923,12462.226093661446,10839.859113221866,6465.442852366335,2689250.6433865502,2682289.4650427187,225756.96341462727,[-0.98709194 -0.08204217  0.13754486],[ 0.14476826 -0.82438309  0.54720625],[-0.06849567 -0.560055   -0.825619  ]
24,31304.53947313567,199533.90125871077,35285.62553659599,3055.3029304882343,2007.4775084868036,2191.7153186347955,2137.7101308473325,1004626.0737651907,1004557.1987694053,18085.44448663551,[ 0.19099288 -0.19995069  0.96101064],[-0.96964494  0.11384773  0.21639636],[-0.15267748 -0.97316926 -0.17213707]
139,40720.1859790915,164977.4074279303,184379.6874104029,8751.090268060532,7638.561696759622,9918.452958774184,7720.335102150585,2960727.561479597,2958558.714888941,155472.33433982322,[-0.75927228  0.55932906 -0.33265088],[-0.63020145 -0.50444653  0.59023709],[-0.16233218 -0.65778773 -0.73550225]
55,96041.34476591354,87913.1604957611,90490.93598802284,9414.943187224257,7273.733744170278,4724.1321120517005,6011.067555975872,1179417.362010086,1177017.748272469,84671.08850515305,[-0.11167256 -0.65054999  0.75120833],[-0.78771347  0.51880488  0.33218819],[-0.60583557 -0.55464061 -0.57038326]
172,31448.705171174857,14948.148854129071,118756.58595229319,11702.643277335903,12167.0909690025,9829.189971836435,11706.72759290994,1640979.168296839,1632062.648283832,208314.53081753207,[ 0.75427174 -0.64553541 -0.11982564],[-0.60388322 -0.75372872  0.25926448],[0.25768042 0.12319518 0.95834427]
177,107448.26127071094,87839.46727656183,39013.11448751999,7627.16515325636,5550.1620699830555,9851.746042536779,5197.861780246035,1925646.1427908821,1920139.873353417,167216.08348226247,[ 0.44208694 -0.75529603  0.48382543],[ 0.49884094 -0.24126045 -0.83243685],[0.74546419 0.60936139 0.27011448]
227,164460.21965965242,152356.851635267,149098.05351363888,7792.2175192781215,6163.779117617457,7191.727161669558,7072.931700848251,4059592.5525187002,4059020.7948149596,151050.23962473622,[-0.74566044  0.64618655  0.1625837 ],[-0.26581989 -0.51222131  0.81668177],[-0.61100761 -0.56574931 -0.5537124 ]
7,156329.44835335782,131224.44823816864,90633.1323446484,2130.5628687256867,675.4510215055913,1699.525946049553,1851.8727457192551,590897.0747893765,590883.7549032355,5571.976021413488,[-0.15184094  0.67781227 -0.71938505],[-0.69778141  0.44196732  0.56370737],[0.70003245 0.58756737 0.40585607]
117,190509.6088534011,31658.459670528224,124032.69340303348,5752.26748331754,6075.391987084763,5109.541465512921,5177.838199112417,2484303.7092797305,2483919.2140632044,89746.32450551377,[-0.46974852 -0.34952551  0.81065914],[ 0.30050122 -0.9267529  -0.22545083],[-0.83008153 -0.13769886 -0.54037365]
3,84251.6870571602,105150.08046608324,12141.780859779828,1056.477419195336,785.8313346646765,1466.9732342430948,83.20046300765173,234347.13876279542,234322.32339233963,3411.1065301144795,[ 0.54316374 -0.51204731  0.66541769],[-0.56315243  0.36564481  0.74105547],[-0.62276199 -0.77724605 -0.08975569]
7,3422.6165136926093,47041.882418071466,202205.38793959812,1319.2132707872188,3611.8124983105,1207.5001981019645,1632.025959232329,549440.0185729269,549373.8256720728,9740.76353418051,[-0.99203387  0.12536091 -0.01238735],[-0.12488866 -0.96587501  0.22691032],[-0.01648105 -0.22664976 -0.97383688]
77,15274.75425503755,143252.44039372914,163291.01143476518,9041.629498801467,4657.429529373205,3946.1896732837777,4029.4281884828874,1912981.987304451,1911377.952537796,88976.60885125889,[-0.29316458 -0.70498137  0.64579858],[-0.95351045  0.26491365 -0.14366136],[-0.06980227 -0.65789211 -0.7498704 ]
40,111395.71169020496,18316.992691338335,151558.06337441184,5706.210889986193,4454.834409607838,2786.291404682496,4766.670722310222,1195950.664019403,1195899.7636461775,38580.043479431944,[ 0.79001866  0.13665473 -0.59765876],[ 0.16746758 -0.98586926 -0.00405111],[0.58976701 0.09688801 0.80174035]
205,114613.40446794033,26055.03639240064,31944.096665738674,15301.251567174635,16891.35279826293,11575.462542012441,12685.509685981493,1779474.7866816134,1757818.9190631635,306619.94779321575,[-0.31379567  0.25625899  0.91425577],[ 0.11225724 -0.94612462  0.30372111],[-0.94283116 -0.1979382  -0.26812289]
68,143755.0625527196,139471.12710089269,199614.26439398053,7763.24407236167,5806.310944275922,4031.0913989762475,5918.118791688793,2333293.6068024235,2332529.5917867096,71297.11672834505,[-0.43140378 -0.56351558  0.70451471],[-0.74517294  0.66277214  0.07382671],[-0.50853522 -0.49313617 -0.70583897]
118,11791.227710839625,151813.72350316413,128485.60849226608,6230.192810711082,8445.42256745226,7131.765533552354,6286.176153613907,2167732.9088454135,2166209.5153914574,120353.29223389408,[-0.9589417  -0.13581354  0.24896887],[ 0.27730978 -0.63294745  0.72282558],[-0.05941471 -0.76218909 -0.64462212]
4,151504.73225549716,74395.65790481445,171993.02368782857,1520.6792766099416,789.3143503301941,1621.6464751772025,955.1600418004796,481974.40489483037,481961.1340463506,4317.883701203481,[ 0.00871584 -0.92056312  0.39049658],[ 0.77759575 -0.23928596 -0.58145255],[0.62870412 0.30871633 0.7137404 ]
84,138557.99787096112,149948.83262252336,23059.688419713784,4132.977962240606,7974.790336698589,5278.983830627316,7301.338275212976,1885046.1391396297,1884739.0688926163,68326.63570245913,[-0.66230877  0.53025109  0.52932114],[ 0.32716931 -0.43088525  0.84101019],[-0.67402324 -0.73018606 -0.11189719]
166,176658.91583203987,183960.92581346096,50245.3004585592,10575.909074367122,10704.98094598197,9191.86043486344,5424.149186276396,3356356.699946167,3350540.182095353,216202.2517434892,[ 0.24263466 -0.46546089  0.85116073],[ 0.69259768 -0.53124136 -0.48794577],[0.67929146 0.7079045  0.19347956]
11,12593.809120740998,175355.25577137386,100160.92540859895,2966.9308738006857,2608.6982010030806,2210.582466139701,1545.1760918035955,671204.8037738677,671134.8344209177,14113.96734155114,[-0.71693512 -0.30620193  0.62629419],[ 0.69435741 -0.39382532  0.60230342],[-0.06222404 -0.86668448 -0.49496078]
12,155642.988820312,156736.3594482017,33828.7674388893,3311.639011160191,2230.8835513211884,3188.140569070989,3103.431229490974,774246.9265155253,774222.2901495515,14071.936992452434,[ 0.6674224  -0.71079188  0.22208611],[-0.26338695  0.05363396  0.96319817],[0.6965448  0.70135462 0.1514168 ]
2,60596.68022503606,67539.54452697965,110901.19471578824,594.0756704989435,300.69845652369986,323.60742234563077,643.4144390533911,202648.31993295255,202647.6582946051,517.8410579196485,[-0.21901276  0.88192271 -0.41742753],[-0.87931199  0.00702566  0.47619435],[0.42289931 0.47134167 0.77394651]
4,119070.27146396265,163147.67876752414,16269.381785631827,778.823229368638,1611.513902564514,2102.5885752076038,1437.5591746101645,405294.91637087154,405279.4721996731,4719.627953422251,[ 0.7851683  -0.59135386  0.18387864],[-0.1955484   0.04498235  0.97966189],[0.58759814 0.80515663 0.08031959]
117,142576.23107608175,151007.88395000008,183688.15183299562,14281.622500843238,8598.704267334617,9432.6554628527,16181.305398509046,3005732.0954033183,3004604.812198906,109478.62886150726,[-0.3722729  -0.55378072  0.74480857],[-0.77194408  0.63027653  0.08278789],[-0.5152817  -0.54413088 -0.66212261]
4,192449.66383740844,8159.231551836034,202242.32978391452,1227.6736316007864,893.1095119372536,695.4932630293806,936.5932597937541,558598.3045134825,558592.7307757178,2766.340538996052,[-0.45879336  0.79104869  0.40466112],[-0.56098426 -0.61105486  0.55848779],[0.68906118 0.02922197 0.72411378]
13,195564.760671368,52940.43972485488,202618.16950748948,5736.124668021368,4524.984311206438,1656.4228521764842,5516.2098203170635,1033443.5675030239,1033334.9880585265,18288.64005337072,[-0.62830012  0.64256054  0.43858284],[-0.37314837 -0.74357834  0.55484371],[-0.68264138 -0.18495189 -0.70696078]
86,138650.18090382323,40334.53639474141,9874.183933884184,5784.208294970389,4014.9766830331855,5347.8034169491775,5409.532746553523,1344152.427591898,1343723.4718109688,64855.65960659933,[-0.28590536  0.94419195  0.16358391],[-0.0181408  -0.17601214  0.98422083],[-0.95808613 -0.27842647 -0.06745121]
79,61122.793232025026,56989.90396295326,64472.16048054864,3569.9118868840724,8756.002894768792,4171.846475841596,5021.015164995817,941960.7399035804,939857.3743827426,80341.40913030521,[-0.61133254 -0.20856322  0.7633963 ],[ 0.54110064 -0.81408151  0.21090614],[-0.57747955 -0.54200801 -0.61052821]
11,71928.48611111086,99860.57390584722,4083.256174778892,2678.450888209188,2632.8655899683254,1742.3567484411562,1631.50682095459,408596.90664513083,408462.982972477,12609.357518760391,[ 0.19824323 -0.18222517  0.9630647 ],[-0.78713047  0.5558989   0.2672116 ],[-0.58405928 -0.81103046 -0.03323178]
84,91180.00063079393,86817.28677146765,14548.199529978658,3373.892180689957,6955.766793680381,6894.895676860543,5288.707369071771,1164447.4354865346,1163577.4183527627,81902.1948044101,[-0.676958    0.65261757  0.34032068],[ 0.15872724 -0.32205198  0.93332105],[-0.71870267 -0.68583732 -0.11442748]
17,125872.23606478075,199089.8777183245,174970.99508922614,3867.9456129540367,2505.2319062528045,2597.206913116937,1701.7344613630955,1209936.2336703392,1209886.3575719493,20638.963984602487,[-0.17765636 -0.5838781   0.79216449],[ 0.88566035 -0.44578016 -0.12994534],[0.42900345 0.67850307 0.59631336]
6,142003.1260596166,166806.09397355007,39147.64101610179,1782.868821750419,998.58696499306,1006.2376103068112,1210.355619611456,545120.96979648,545108.5752149641,4734.172076018839,[ 0.34281241 -0.0720254  -0.93663867],[-0.68939461  0.65800814 -0.30291972],[0.63813378 0.74955829 0.17591943]
2,176702.74179997863,52208.608975128955,8153.2283183463305,873.7654654928483,880.5780561162719,124.95142616082467,593.3805247257114,260835.68559313126,260831.07586366576,1550.723263993639,[ 0.06775713 -0.07394862 -0.99495757],[-0.27835931  0.95624842 -0.09002803],[0.95808406 0.28305574 0.04420836]
22,72705.89866138712,63591.67374047041,118276.67069069865,2969.1426608750767,5604.891825998881,3066.8256659268536,2009.3070471575338,716875.7805492387,716467.633303083,31649.477294874196,[-0.87289089  0.11706618  0.47366339],[ 0.10661137 -0.90156973  0.41929231],[-0.47612552 -0.41649434 -0.77449142]
13,97612.96358061259,81283.02333908401,178302.09269860474,1768.4500471406093,2166.2139976735275,2627.6981582743065,2194.8863177538587,789436.4486306449,789393.4215854666,11368.311553124322,[ 0.35653646  0.76096332 -0.54204851],[-0.82106045  0.53204278  0.20685798],[0.44580433 0.37130218 0.81448953]
6,153330.93198857506,77898.75574683954,154192.4696428761,3569.9089131769006,1865.220790319032,2157.311503200663,2461.9843956264767,565890.4368195395,565841.3761485164,9432.952881615198,[-0.08771449 -0.85130053  0.51729447],[-0.74269282  0.401963    0.53556804],[-0.66386259 -0.33721381 -0.66751277]
2,69248.52969877716,40679.53917018048,138380.47459281515,461.92231784309115,1170.5857200799728,1369.8019394714647,687.1407251579803,226286.54189581226,226273.33821587422,2444.4745467604284,[ 0.78720476 -0.57411761 -0.22516133],[-0.4393208  -0.77830846  0.4485902 ],[0.43278851 0.25421428 0.86490994]
9,172768.756463018,117716.98349094127,185382.74132786156,1252.7959657595882,1602.9852943436645,1566.1286697253267,880.894560753042,838275.5199237678,838257.8001916796,7233.625990819482,[ 0.75567791 -0.55063264 -0.35461895],[-0.21592763 -0.7206362   0.65883133],[0.61832528 0.42129226 0.66346566]
64,106994.9872422748,117654.85329095201,145761.29112510692,4661.676949877036,7098.856471391149,8490.238055376443,3660.2096394395808,1728004.8298349215,1726509.975778259,91380.75346645042,[-0.84756205  0.47327519  0.24010242],[-0.18897871 -0.69192926  0.69679334],[-0.49590889 -0.54520134 -0.67589191]
24,95148.70335375324,59739.59621791338,31744.979868322323,8833.986706402036,2147.767981783453,2777.7026837476906,7211.853125099372,573778.4626831881,573064.2426476467,30750.151461153,[ 0.2222091  -0.70929406  0.66897313],[-0.5328614   0.4862446   0.69254958],[-0.81650587 -0.51036078 -0.26990745]
9,53002.03714805456,5295.531831836084,115269.77204176475,2942.8218552825065,1374.8046513539828,1529.883936949965,976.3800934375506,381076.6258190902,380977.6040438631,10369.498174879738,[-0.06434224 -0.99508024  0.07533519],[-0.90643808  0.08985288  0.41266992],[-0.41740876 -0.04173458 -0.90775996]
8,158654.323223116,143206.30260430044,175351.4183313154,1496.992188550698,2697.1044782024705,2659.805973160988,2296.873971625955,781989.9202028924,781987.6582555061,9500.239659066136,[-0.09400063  0.81106537 -0.57735331],[-0.81354832  0.27168901  0.5141247 ],[0.57384929 0.51803286 0.63430193]
21,10039.788867765057,133097.30744264484,179545.39272885595,4737.665951910074,3066.1288272754455,2783.5878596094335,2850.680027247868,1025568.9797560754,1025380.3608003681,25698.181736122307,[-0.29113598 -0.76070829  0.58014027],[-0.95563793  0.25956397 -0.1392217 ],[-0.04467641 -0.5949365  -0.80253011]
25,77813.52196594601,145294.96546743574,39857.227123767516,5490.594412165499,3259.7739399398915,3038.706537836434,4897.300924418323,848493.5870955423,848305.0883495895,25414.98597667967,[ 0.11631536 -0.32039717  0.94011509],[-0.8806517   0.40441297  0.24678478],[-0.45926388 -0.85661882 -0.23511888]
438,92889.74700439902,180734.031176627,26521.624400727018,11846.610185187243,12737.016928398954,12626.332482795344,14572.253252633025,4310037.759008326,4301923.691524738,332925.32428544154,[ 0.78408986 -0.46352104  0.4127364 ],[-0.42307715  0.08738364  0.90187018],[0.45410221 0.88176661 0.12758854]
8,3214.2493291058518,12726.12624462509,168529.65423216135,1344.9772964159156,2279.9490914379608,2385.070019330116,2329.4139001652534,478208.7286796026,478177.78966193786,7617.4167605983575,[-0.98971625  0.14281743  0.00805818],[-0.14178057 -0.98688524  0.07717383],[-0.01897427 -0.0752377  -0.99698509]
