N,MEAN_X,MEAN_Y,MEAN_Z,SIGMA_X,SIGMA_Y,SIGMA_Z,SIGMA_R,LAMBDA_1,LAMBDA_2,LAMBDA_3,EIGEN_1,EIGEN_2,EIGEN_3
21,8077.101318601456,200453.51446821514,91407.88063259397,4922.247778246092,2999.26506375273,6020.086799638378,2897.2055801275446,1010976.3941528236,1010377.7150687185,35717.32057279988,[-0.77580296  0.28742573 -0.5617083 ],[-0.62991406 -0.30119584  0.71588361],[-0.03657916 -0.90921258 -0.41472213]
129,116190.01461217382,11819.808562462584,180015.71081725438,4654.821159997142,6219.642139980934,6265.452280550837,6080.748308231998,2439155.9672338916,2438835.4414152564,89628.45993974736,[-0.83270839  0.17355307  0.52580992],[-0.1164534  -0.98326242  0.14012002],[-0.54132739 -0.05544676 -0.83898171]
17,195726.14541907294,19434.350508904594,18637.449379039997,2499.5266257101534,3099.8919025251553,4537.806454513177,2758.326596446086,814897.0956097905,814764.2668823283,22123.112050344014,[-0.12741899  0.91452421  0.38393994],[-0.04874832 -0.39240162  0.91850126],[-0.99065029 -0.09831808 -0.09458094]
8,113606.71906490074,142669.7396738551,189412.35407552274,3791.0678009635253,2345.3377812270674,1413.9881013299212,2927.748673821762,743806.7329710608,743778.3612702289,10302.705878710205,[-0.44178344  0.82370974 -0.35542885],[-0.78616807 -0.16461102  0.59568697],[0.43216566 0.54259145 0.72029672]
149,87420.1397673834,29152.287516204735,185819.67510901394,4297.918364095543,12733.69229140431,6890.80479846903,7613.784046654189,2538049.4610334625,2534069.2100571287,158293.91384475285,[-0.88045667 -0.1732192   0.44135152],[ 0.2177963  -0.97460935  0.0519748 ],[-0.42114228 -0.14188629 -0.89582781]
334,112023.63335711345,96715.51592939964,53379.6268155727,6909.63712238313,12014.07547423598,15919.191973589353,14613.743003424266,2899446.497334873,2889400.16875285,277287.97684860055,[ 0.43495365 -0.76542996  0.47427028],[ 0.55587747 -0.18611103 -0.81016228],[0.70838942 0.6160192  0.3445356 ]
1732,23353.886025410273,43297.81321701619,35177.781773650255,13250.485573307284,22005.205051499866,24533.550270583535,19803.09075725122,2866276.4920704463,2680112.475939128,1281344.4875274957,[-0.91622415  0.38460713  0.11229722],[-0.14167047 -0.57315146  0.80711021],[-0.37478366 -0.72358466 -0.57962268]
91,195586.59445344497,145949.52124510234,62528.937674885114,5966.303281602993,8587.387094698892,5238.849057137762,6128.081460341045,2405349.167039902,2404369.9708638857,94182.2653084945,[-0.15807617 -0.20238386  0.96646402],[-0.61033947  0.78942868  0.06548355],[-0.77620722 -0.57951975 -0.24831272]
1089,97013.44943418652,125090.31906377635,44032.35032577896,28256.89778162993,11483.804782078445,22603.198558224743,21945.303121859866,5528545.731222407,5511889.054684638,997503.1577356543,[-0.2778701  -0.12864279  0.95196599],[-0.75099517  0.6470255  -0.13177355],[-0.59899455 -0.75153778 -0.27639915]
856,20635.707120292973,145345.44575531431,27560.053312648437,13049.440759857462,12815.218736659319,11009.878705014333,12241.585698145607,4403839.2557473555,4395880.4300880805,508478.8481662925,[-0.39776145 -0.11641067  0.91007383],[ 0.90722497 -0.19785794  0.37120762],[0.13685281 0.97329378 0.18431093]
206,136323.75389527922,115397.01883851389,169500.69318323955,5860.54235986616,9106.893083467354,8513.446801518556,6411.8568834788275,3538580.8973360807,3536409.7770156185,174513.4426399235,[-0.74909847 -0.08152119  0.65742359],[ 0.36409753 -0.87973328  0.30578153],[-0.55342974 -0.46842678 -0.68868852]
1741,178739.26207835219,106898.7272591233,56272.44433892637,13565.661415071427,24387.79751549293,24401.276072052784,18065.302473773434,9092547.476532653,9072686.793025672,1361973.7508055978,[-0.55430832  0.80271293  0.21998691],[-0.09926293 -0.32617889  0.94008202],[-0.82637108 -0.49925874 -0.26048331]
120,29159.92057835837,8706.846391609255,118686.55687896324,7159.03563101424,7347.091111070651,8353.7247083455,7888.540877528811,1348990.9399511928,1345972.6923133496,116666.1863143642,[ 0.6585733  -0.74502562 -0.10591525],[ 0.71428056  0.6631822  -0.22359037],[0.23682166 0.07159745 0.9689114 ]
1026,67482.30258875171,164456.7388258948,122949.67140787236,27779.428502436396,17382.96958613138,16566.36390464082,13528.027651315115,7011088.648007034,6949443.384158071,1085754.9289658188,[ 0.21311705 -0.63813672  0.73983961],[-0.92705165  0.10700449  0.35934006],[-0.30847425 -0.76245103 -0.56878122]
449,102646.28911872568,175528.92649514088,187021.452657268,10956.042936680102,14794.35330971571,11908.462882946524,14467.740391081037,5869515.746486914,5864867.618333169,349958.3540066145,[-0.78229092 -0.17832568  0.59684241],[ 0.5000294  -0.75115972  0.43096366],[-0.37147209 -0.63557771 -0.67679351]
41,135782.09225620655,80894.58044110525,157239.56137528212,5172.198808466948,5503.7830935137645,5147.81298142057,4959.154080014918,1428503.1017807818,1428152.496891206,49183.42782325478,[-0.77415086  0.46502586  0.42946641],[-0.17217634 -0.80757264  0.56407601],[-0.60913525 -0.36273597 -0.7052495 ]
13,8760.248302318372,150598.07009533432,199107.051989806,1492.788616513705,2606.517388116486,2205.116865331351,2223.2968519400597,900754.6678100079,900716.0779389617,10779.230949921697,[-0.94701951  0.2748124  -0.16622932],[-0.31925861 -0.7490042   0.58057441],[-0.03504259 -0.60288544 -0.79705782]
2662,126615.52824956998,104303.19964640544,134120.30978912313,32387.63034290347,34280.35102462289,23379.929194594803,24093.356369378882,11178424.382615238,11096371.957524551,2388820.4300786457,[-0.75875085  0.59834153  0.25745787],[-0.24535848 -0.62866774  0.73795399],[-0.60340398 -0.49675375 -0.62381035]
5,100678.73478143886,16871.55279259464,169170.02189790475,889.3071759181131,513.2093998438335,1831.544183005382,1555.3627398129463,441834.2696867163,441825.9493693798,3151.03859540147,[ 0.171213   -0.98522732 -0.0036384 ],[ 0.84325137  0.14844822 -0.51661423],[0.50952256 0.08538299 0.85621055]
169,129814.22890478236,27569.28134664966,7701.466296430217,8962.576023329213,15901.794684336062,4985.308808138983,11086.501248878742,1744313.5802253683,1735523.7632856201,197948.2032075109,[-0.0651099   0.02946845  0.99744289],[-0.2119059   0.97635776 -0.04267806],[-0.97511876 -0.2141428  -0.05732602]
17,84653.4340709779,171201.59911637276,199858.1802800626,2817.3159778047134,1972.51795253112,3255.481210799015,2522.6928170486935,1139921.714656513,1139881.7208013681,16525.26216019062,[ 0.72438248 -0.64435804  0.24509741],[-0.61764846 -0.44866497  0.64591805],[0.30623586 0.61927576 0.72299179]
126,40217.60202250735,14963.972812056492,66245.96110512217,10541.667931496031,3875.473393567594,5857.191242981678,6063.0912532592265,896373.3789606199,889584.9641486772,124591.71380444658,[ 0.00560429 -0.97607801  0.21734836],[-0.85851919  0.10675261  0.50154629],[-0.51275081 -0.18940855 -0.83738343]
12,197987.44178185138,112815.94374315976,117734.84598777001,2399.542510145816,2908.401205082261,3763.5585012419297,1874.464438441244,888660.5267864498,888580.8384330058,17283.012043705126,[-0.63548749  0.55350883  0.53831555],[-0.01735096 -0.70726101  0.70673956],[-0.77191618 -0.43978386 -0.45905943]
2,37780.56666813475,91114.88641174322,60132.98240987233,722.7591990955116,1238.6278034832212,2399.1009236956997,508.1061839606409,163420.20427128207,163373.9745579255,3886.8497802043776,[-0.92305994  0.1485889   0.35479808],[ 0.20245833 -0.59660087  0.77658099],[-0.32706416 -0.78866263 -0.5206153 ]
3,67563.21426669056,157811.08604429313,63660.88243572467,1893.369935887707,716.2017286186792,561.9741433567667,1369.119409502492,317141.4057057535,317129.69200786104,2752.7094857571874,[-0.1259097  -0.32430067  0.9375371 ],[ 0.92083505 -0.38979244 -0.01116531],[0.3690658  0.8619112  0.34770608]
283,49481.39927344859,72622.26983286986,114121.98369677183,10419.687509304893,7488.4667076429105,9627.19626239269,6378.0020777122645,2432683.4612356625,2430816.5444562924,247380.45265352374,[ 0.31096197 -0.85771162  0.40943062],[-0.88623679 -0.10605147  0.45092953],[-0.34334678 -0.50307441 -0.79311356]
41,188948.97874661264,165106.60273059295,158325.57208276438,4389.019131492582,5508.970315856683,2723.149546323466,2583.9363758489203,1900288.14264581,1899968.669059876,45492.702781079424,[-0.55165081 -0.15458052  0.81962567],[ 0.53860245 -0.81634302  0.20854612],[-0.63685853 -0.55649703 -0.53359374]
165,148706.78588180858,197686.02742907894,95982.68793209048,14191.592699556957,4751.500711802608,8655.250806582484,11056.20005649477,3414862.3860060186,3412014.9331768434,171850.6586254023,[-0.47862628 -0.06493922  0.87561395],[-0.67495585  0.66503918 -0.31962085],[-0.56156166 -0.74397969 -0.36213634]
733,20235.25013013899,114230.40987517242,78606.65044594451,10998.236531724846,19976.433461205404,14745.096567958426,16241.055535122918,3854594.136497002,3827980.1897710566,598063.9056772069,[-0.98787951  0.1501064   0.03952402],[-0.05099441 -0.55434003  0.83072661],[-0.14660713 -0.81864229 -0.55527575]
73,78879.70914413137,128612.26674790037,138894.9710490707,7187.1421589507645,4565.414849678452,8767.37087821544,8303.599743514635,1754942.1192450211,1753900.4939814303,76414.85670488774,[-0.80149663 -0.13697708  0.58210001],[ 0.45740808 -0.76745328  0.4492141 ],[-0.38520253 -0.62630084 -0.67776564]
10,112103.41968022598,154091.12968292323,52353.73992599093,4233.9900689931355,2671.7028670338814,4239.249257664626,5086.186992460704,625236.3461300922,625148.3071594512,13159.190141875919,[-0.74510758  0.34896494  0.56836446],[ 0.35050283 -0.52013428  0.7788505 ],[-0.56741736 -0.77954076 -0.26524279]
453,162981.04141083633,193186.86750978095,13622.179797262143,13271.28288752059,7962.5780023135885,9246.091204192751,11424.49663932289,5398159.102459851,5395639.100825561,297383.1063716805,[-0.39672281  0.27281514  0.87646044],[-0.65354964  0.58652715 -0.47839186],[-0.64458039 -0.76259937 -0.05439046]
62,166060.44167260273,55771.093087439665,189103.2491167367,6739.087036259309,4014.0606102491556,8988.970200148371,10377.607793790441,2031680.6125876852,2031546.8484652534,45925.21162101092,[ 0.54172693 -0.80616431 -0.23797276],[-0.54005823 -0.55076599  0.63639134],[0.64410329 0.21623118 0.73374044]
58,194777.57491845582,198729.74174264277,72714.447805465,3553.111957398701,4540.044628369051,7656.108185161543,4426.615159255063,2191347.1897651567,2190863.843955103,64774.81948972333,[-0.6764403   0.71987004 -0.15561376],[-0.28965277 -0.06576456  0.95486978],[-0.67714828 -0.69098636 -0.25299815]
226,125738.04027655453,170839.7372891667,153632.48036383578,8777.51103980533,10108.599535377656,13501.180763901297,9351.79695413241,3946359.546462123,3941490.8564987043,247268.27077969164,[-0.87652449  0.33277961  0.34779669],[ 0.03137373 -0.68150117  0.7311442 ],[-0.48033374 -0.65177748 -0.58691193]
3,126476.4931247625,123979.40034926186,200715.31410598793,399.9944716131574,1456.2786676194003,219.61484979798973,817.7816969060004,463646.6116844481,463641.8917062877,2232.401407880194,[ 0.78649668  0.16234585 -0.59587482],[ 0.39772218 -0.8712731   0.28757651],[0.47248285 0.4631706  0.74982194]
13,20804.30137383784,154487.82127079566,190380.53356324442,3667.555989703192,2655.5702258800898,2185.835516461091,2998.139011785133,887344.495565741,887248.5254591622,14577.137299790584,[ 0.30764009 -0.75499784  0.57908189],[-0.94773868 -0.18905975  0.25699769],[-0.08455163 -0.6278811  -0.77370301]
72,13454.235146365747,62014.84657911708,112572.54718257312,4739.461754038083,5095.615237313475,6508.0591254215215,6400.888229447968,1098837.9486151135,1098525.318341515,59906.364320017616,[-0.68201791 -0.60349354  0.41309455],[-0.72400709  0.63692069 -0.26485046],[-0.10327292 -0.47971615 -0.87132492]
96,64858.7843853771,194299.90762403666,198256.48267929602,4963.826682942434,5113.129066404577,4596.4695181518455,5147.918514206775,2794126.378559007,2793769.978043579,65922.95798752713,[-0.70965217 -0.37295534  0.59774419],[ 0.66678276 -0.6295678   0.39880464],[-0.22758417 -0.6815781  -0.69545434]
2,188967.16128754243,185346.44715541697,155332.73222620797,487.1984048490849,563.6083864153188,819.132722935814,374.18572906788904,434030.82197969174,434028.31989918626,1473.7550191206872,[ 0.74843943 -0.24735762 -0.61534756],[ 0.24642537 -0.75769063  0.60430079],[0.61572149 0.60391979 0.50613035]
462,150099.04696666045,15498.076327324627,175507.57726189907,12076.872284135421,8454.923883004963,13800.321646505847,13847.118761047688,4990550.24816403,4987109.843606041,318161.467759444,[-0.17693369 -0.95593783  0.2342591 ],[-0.74057569  0.28607596  0.60803634],[-0.64826084 -0.06590448 -0.7585608 ]
364,51299.77229240141,182462.53011882954,166094.2816160129,11122.83395658389,14981.090269582686,10620.870547992065,10349.433500484694,4821518.9812035225,4816372.987990862,357057.16875634476,[-0.97774593  0.11785975  0.17355686],[ 0.04817688 -0.67903072  0.73252732],[-0.20418593 -0.72458703 -0.6582414 ]
2,50838.93432019024,31235.805878075105,9150.11447762323,758.2167613891033,436.0172301204402,1490.325377509425,638.0463448989103,85404.72445985739,85374.52882844995,2270.8560906252505,[-0.52138309  0.85317924 -0.01564796],[-0.13718352 -0.06570634  0.98836398],[-0.84222346 -0.51746291 -0.1513003 ]
55,25996.532287921076,186171.2969240345,98364.92513969306,5477.835606764211,8245.83671390933,7877.700920355796,4464.648409472095,1575674.2214261848,1574307.484791347,87455.38523917507,[-0.98913241  0.06971283  0.12944959],[ 0.08136076 -0.47382461  0.8768527 ],[-0.12246429 -0.87785555 -0.46300339]
662,96060.70524017194,48974.27420778958,75974.64265102445,14368.946510173575,16457.140728022114,15081.642525529061,19127.973745345716,3449562.658995446,3443003.6824197266,463329.9915343751,[ 0.60480316 -0.7486734  -0.27147979],[-0.32770729 -0.54466316  0.77197796],[0.72582441 0.37792881 0.57475973]
38,143253.04747468748,70096.17171197005,36043.34833756145,4776.534728965152,2719.856301888818,5379.822073080736,3885.861894537786,1008830.0308073191,1008396.0745840768,41006.78546184421,[ 0.33703762 -0.87192969  0.35516794],[-0.34432525  0.23695066  0.90845721],[-0.87626809 -0.42847754 -0.22036612]
125,188398.52966105612,35130.016669899596,123070.85727375181,6869.749184916021,8443.426772437162,5003.548667979505,5996.94734635048,2549373.5339086847,2547922.3288530125,115353.72937427602,[-0.54484497 -0.01449986  0.83841142],[ 0.13660442 -0.98802855  0.07168551],[-0.82733499 -0.15358819 -0.54030313]
4,8326.164800621273,115370.77222829506,183197.55917956564,4885.143872233489,1245.4870057157111,2072.752647718866,2200.5152633076373,433454.1489410454,433341.098581772,9968.790089184551,[ 0.04532047 -0.84623781  0.5308744 ],[-0.9982408  -0.01802732  0.05648293],[-0.03822775 -0.53250031 -0.84556611]
463,12810.510190080693,48395.43600723697,152764.87325759252,8455.290299597318,14806.066501574054,15509.894198519163,15204.57484139114,3489726.4479649123,3479695.041824637,369341.8791825557,[-0.99011932  0.13452974  0.03956616],[-0.11594948 -0.94411652  0.30854452],[-0.07886348 -0.30090821 -0.95038666]
343,94645.05007031882,186889.26588958403,21165.683219155297,10350.315612216533,8057.2747978985835,15270.282648763263,8853.86043927776,3915051.139355012,3905444.9869647194,332392.4684692275,[-0.81000432  0.45268589 -0.37278476],[-0.37607017  0.08677654  0.92251887],[-0.44996025 -0.8874375  -0.09995228]
2,144261.1680291316,92942.77465196181,19756.59798242876,289.39366562239593,494.0335267700284,984.2886852014453,620.0540181391261,244300.0768195094,244296.34305680997,1350.6676451210596,[ 0.49534074 -0.82601463  0.2689561 ],[-0.23919783  0.16794843  0.95633557],[0.83511792 0.53804569 0.11438921]
210,196797.56422557632,43579.32635890437,153235.9663104472,7419.9430780387665,13373.314190675284,13305.62704012378,12288.325207109538,3678808.777217322,3675715.8197587263,232698.2427229483,[-0.57686554 -0.192813    0.79375644],[ 0.25351389 -0.9660171  -0.050415  ],[-0.77650296 -0.17214561 -0.60614275]
86,53481.14600277084,11181.239376347747,188074.88966566138,5718.73273406463,6749.225964604863,9704.26325247518,9952.476395248641,1819948.731595736,1818948.9187811038,79655.12642875336,[-0.78552332 -0.56300848  0.25685514],[ 0.55537743 -0.82446442 -0.10869372],[-0.27296341 -0.05727009 -0.96031824]
113,7922.5370879390775,115577.32627663788,114184.74438138206,3537.6232883040802,7819.823298479625,7420.250486719756,6440.767820881182,1732906.7857230688,1730914.3563174335,99017.80902249717,[-0.99310234  0.10932421 -0.04237869],[-0.10685009 -0.69500574  0.71102045],[-0.04827832 -0.71064424 -0.70189313]
16,68845.30075905274,39172.20560384844,176693.35609496385,2843.396943425419,3264.5762061765204,2042.4429010292586,2210.7963452349495,774747.3683504432,774622.6268557907,17008.295362762794,[-0.78320104  0.59727591  0.17279357],[-0.51004043 -0.77609827  0.37085069],[-0.35560497 -0.20231894 -0.91247584]
23,6243.591055653796,177877.02217950145,190685.34969382628,2724.547039611334,4252.644533594969,4021.8016627043307,4959.532253503822,1251316.6569206011,1251229.32980806,19867.798981771626,[-0.7757911   0.47383372 -0.41668907],[-0.63053797 -0.55716574  0.54035934],[-0.02387561 -0.68194424 -0.73101437]
9,157429.65452067307,26009.473513253717,117184.73595708505,2230.903757662879,1401.3527067858317,1666.8434909105335,2238.4440277423573,593979.2155644158,593963.5886947013,6497.041091136077,[ 0.30160157  0.76120028 -0.57411726],[-0.5259799   0.63507464  0.56570782],[0.79522427 0.13135577 0.59191556]
270,187907.89152335035,178855.95288299888,115617.26124846665,11003.043400888462,10380.60545481659,10032.943101877905,6796.328353931847,4672792.346745546,4671908.365588329,275575.19675547496,[ 0.32815019 -0.7310444   0.59824036],[-0.67409338  0.26243669  0.69045282],[-0.6617519  -0.62984209 -0.40667354]
2,13946.5015467515,72368.6256904382,75627.33685078844,29.541299315811557,1425.2870497818221,132.18844883426937,878.1466404446037,149353.71946160274,149345.15919328702,1599.044260453806,[-0.98284993 -0.00327092  0.18437817],[ 0.12871113 -0.72817994  0.67319197],[-0.13205853 -0.6853782  -0.71611261]
87,105307.05955053343,168156.38932571016,33480.76471964751,3502.1729899842753,11506.092595188655,5195.50660735622,11050.82686845636,1880406.2607987584,1880009.7811257455,65264.60257281599,[ 0.35263202 -0.38980497  0.8507072 ],[-0.77640939  0.38558182  0.49851291],[-0.52234004 -0.83628868 -0.16667974]
10,27181.518117062562,18968.470888663716,48425.58553088206,2292.5428921050093,2877.9756459943246,3418.3083301096503,2250.5063307164446,186173.07463935987,185792.09866064604,14101.48595846366,[ 0.6878217  -0.71838605 -0.10403264],[-0.55955236 -0.61603621  0.55443714],[0.46238778 0.32314218 0.82569769]
27,47817.36448025568,115145.42449868226,66371.82811482415,4204.069089691561,6205.153727776449,3745.111322816994,5048.320945795982,734981.0975294503,734659.104614756,34351.000736365204,[-0.40259494 -0.3259138   0.85539319],[-0.85075823  0.47809586 -0.21825393],[-0.33782797 -0.81560073 -0.46975282]
66,64693.31526777531,81031.47757443856,17456.6843400927,5308.0052940979,3530.996974472837,5836.0950616664695,4168.340949098312,856808.1860747228,855214.8157587075,61222.63713700214,[ 0.59669856 -0.59295717  0.54069642],[-0.51467972  0.23416533  0.82478566],[0.61567493 0.7704339  0.16545692]
441,129184.74525159787,13015.022504443434,102423.80878100991,11349.288798523343,10097.468483763203,15828.750317325608,10836.290543104653,3496373.6161191575,3487279.2980469516,400437.5767933339,[ 0.0678891  -0.99696575  0.0380836 ],[-0.6218439  -0.01243307  0.78304251],[-0.78019307 -0.0768421  -0.62080115]
2,77086.28681194026,62208.30166419224,2236.669555960226,582.789345465746,966.6944421895969,58.19232866135394,154.82717773679178,140131.71396233817,140122.76816189432,1583.3826671338131,[ 0.01314178 -0.05218723  0.99855084],[ 0.6281309  -0.77657259 -0.04885273],[0.7779967  0.62786265 0.02257487]
8,7415.278679607715,166892.78489848523,172915.69574437395,2661.651070135717,1831.5039168944584,795.4983021000008,1230.9248398193681,680106.8008470212,680061.4535067679,8758.890694972295,[ 0.4725027  -0.64417799  0.60147811],[-0.88078783 -0.32123018  0.347885  ],[-0.03088694 -0.6941512  -0.71916626]
150,174958.3471061925,73188.86052181713,155092.62160643414,10025.17895385404,8375.995010439854,6841.029544081125,9091.427449051542,3005480.5393978464,3003066.306257267,141929.5097660429,[-0.40607731 -0.55990549  0.72222369],[-0.56992384  0.77295683  0.27879124],[-0.71434448 -0.2984017  -0.63298371]
4,80712.27667631069,14005.96839135643,122259.25609847634,1342.9193886425517,1591.268208148677,1712.3986064236008,2133.726348219073,294377.3660292553,294368.9365232147,3279.3683189854555,[ 0.83585481 -0.03432273 -0.54787652],[ 0.023701   -0.99485641  0.09848346],[0.54843869 0.0953031  0.83074203]
62,93315.69087945325,94978.84945919352,88797.0368719715,3812.810293509933,9499.902519433032,3599.922392314551,5394.445672029929,1262774.2018306751,1261160.2520960595,74679.54569219289,[-0.50837307 -0.26624038  0.8189462 ],[-0.63461479  0.75866015 -0.14730528],[-0.58208324 -0.59460141 -0.55464247]
234,107518.94037297899,11008.95531843344,72445.52275409158,6864.490069076257,6297.942649712522,11582.407872847629,7901.612159920586,2001915.6922951422,1995377.9161618685,193339.1447684607,[ 0.27440576 -0.92420165 -0.26561775],[-0.49356249 -0.37242423  0.78593655],[-0.82528634 -0.08456655 -0.55834662]
95,134626.94920524012,147168.18656225293,18847.885840423678,6257.788886925324,9442.786424943144,7619.750840857864,10360.73122039944,1956729.0319796435,1955859.1064958223,86518.64233319712,[-0.73994959  0.67179299  0.03418735],[-0.03810588 -0.09260582  0.99497342],[-0.67158212 -0.73492744 -0.09412291]
263,153508.14855722792,13274.376615401483,14855.8477894162,6489.844893691607,7950.873714370114,11223.688601650216,6179.548976889618,2520284.711532685,2514481.726189671,225931.32416361658,[ 0.03083551 -0.88330559  0.46778243],[-0.12443309  0.46097174  0.87864752],[-0.99174875 -0.08530116 -0.09569814]
113,14494.193060382391,99718.13585545632,168967.2397878274,5916.784299744587,9070.650882725473,5231.0347395587005,6352.905183250136,2094563.2290572673,2092997.6452743427,109069.96919395961,[-0.85432528 -0.41240088  0.31631288],[ 0.51459255 -0.75660718  0.40341057],[-0.07295772 -0.50741609 -0.85860706]
18,172559.15082177948,188731.44836923762,169242.3240597752,3075.9892595648857,3824.183902166766,2298.1363930713096,3083.05738976204,1301231.1202858614,1301117.984990123,18905.80809854736,[-0.61096815 -0.14008353  0.77916271],[ 0.55684378 -0.77563007  0.29719186],[-0.56271034 -0.61544667 -0.55188991]
8,39264.25734157509,3860.7138049416117,27216.13226300926,1864.5122740659715,1900.850442144245,2023.1086800423254,1746.1947800320058,135821.3743268263,135730.62429512927,8096.391500595082,[ 0.35968425 -0.8436766  -0.39854365],[-0.44669654 -0.53069833  0.72029263],[-0.81920049 -0.08104984 -0.56775125]
2,191093.29958749947,73632.50951709108,98148.78363561406,523.419704292508,750.8579576901102,578.6713432553588,933.996679909993,321162.737410665,321161.80250499607,774.9276440974677,[ 0.24981619  0.47579464 -0.84333346],[-0.47908545  0.81760852  0.31936412],[0.84146836 0.32424647 0.43219814]
79,95911.9616522106,4438.105055325676,12300.83467896708,6434.0273096335195,2855.7532992304014,10536.016585007908,6194.004219600383,867409.0924903982,862539.0213396454,97334.37555880683,[ 0.05885443 -0.99344782 -0.09796723],[-0.12168604 -0.10454508  0.98704753],[-0.99082222 -0.04617087 -0.12704167]
47,168295.88876160103,142950.14431335943,121491.89163463026,9018.306901786764,5445.385013777837,6584.052596443802,4489.974054302679,1729332.7521744475,1728676.226004427,79597.22460854116,[ 0.45352249 -0.82358801  0.34061728],[-0.58983586  0.00914882  0.80747133],[-0.66813996 -0.5671147  -0.48163255]
337,191404.9561501724,49808.45472157331,18451.072635496246,9845.709913865894,8149.085547973755,9412.339265924313,10322.97818425772,3656144.0371620744,3653440.4367941758,221201.49824947503,[-0.26758068  0.91264186  0.30900715],[-0.00611416 -0.32230318  0.94661675],[-0.96351606 -0.25140703 -0.09182214]
93,103792.39671947365,43958.10830856212,19929.785280491134,6631.393938001147,5437.291896373347,10831.999405144023,6682.710706596985,1111317.5371043456,1106275.7761335883,116922.22153898222,[-0.41992863  0.78902376  0.44844337],[ 0.0322823  -0.48082247  0.87622349],[-0.9069828  -0.38242811 -0.17643962]
2,79380.67930934869,66190.90843576536,141437.7833691539,1369.3125785436569,651.3080775286653,236.46476604239433,183.4711167406931,247747.978019117,247738.60756163663,2154.7473128657334,[ 0.28649582  0.79594477 -0.53328423],[-0.84414073  0.47297385  0.25243249],[0.45315182 0.37784609 0.80739443]
6,114325.0176279546,143475.33628017246,136289.467120006,2171.500656715303,1074.4029559778849,1922.685988472762,2050.15845052551,559853.4741226814,559829.5646303649,5670.212304791494,[-0.31301988  0.77326437 -0.55143519],[-0.8073216   0.08918416  0.58333354],[0.50025032 0.62778054 0.59635662]
2,185447.5789016856,29931.722192353544,69120.77782928957,1574.8975246635237,591.7726556702619,682.2037090252852,1135.0268253964168,283081.93280607974,283074.8411873826,2003.7384968981817,[ 0.07222837  0.82992901 -0.55317349],[-0.36927952  0.53745939  0.7581359 ],[0.92650726 0.14951672 0.3452956 ]
4,57777.89853177944,94753.80540187299,181807.9217445686,1506.6456402767653,1656.4243833067258,1158.7184020192908,851.7310309044121,426034.4736426499,426014.61485234246,4747.931888319174,[ 0.75065358 -0.65282357  0.10168868],[-0.60244544 -0.61312659  0.51101397],[0.27125393 0.44485634 0.85353626]
2,114364.65334155598,14757.039370874028,203178.79076122408,1843.3712765003584,1476.7857946596014,108.88651594080147,903.7626481353218,330406.585679949,330392.13698253746,3089.9321665164694,[ 0.59097181  0.70934465 -0.38416467],[-0.64116209  0.70202803  0.30994809],[0.48955438 0.06314124 0.86968367]
73,68292.12991271463,81413.3374787683,42194.88401611463,5979.892645087932,4216.972858817601,5364.954388684207,6103.272592938068,979369.8291273699,978807.7586363703,57907.797141518044,[ 0.43611745 -0.67512659  0.59498374],[-0.67273459  0.19453874  0.71385072],[-0.59768699 -0.7115889  -0.36933927]
64,178194.11532812845,3945.7441968787634,30016.910428155836,7099.607244353625,2683.788255144057,6644.022220605696,7332.740193387515,1448071.5811749618,1447327.0450346034,55517.03061575452,[ 0.0145935  -0.99891934  0.04412688],[-0.16712126  0.04107403  0.98508041],[-0.98582834 -0.02175031 -0.16634125]
89,146992.9882190112,197795.05737474348,166489.86661528645,7785.752180854457,4504.685870693306,6553.068586440094,5036.343566885799,2807076.9089995506,2806684.5240396583,93570.48520955502,[-0.4039018  -0.39465617  0.82529379],[-0.76970179  0.63416581 -0.07343626],[-0.49439103 -0.66489115 -0.55990827]
2,135937.26235947027,105542.10461502083,163937.86229352956,509.5298601897375,700.0384672034634,1162.0155350545538,820.9021004367969,336142.2252332051,336137.9828344554,1688.8104435546609,[ 0.02775806 -0.85081483  0.52473194],[ 0.81984657 -0.28095365 -0.49891547],[0.57191003 0.44404861 0.6897389 ]
115,39690.16149193658,81077.8265253347,186795.3752962602,5372.222368019949,8990.912421728533,9606.11310151124,8118.93099664321,2229330.2308666557,2227249.397791647,124221.95588395301,[-0.938184    0.34244309  0.05043331],[-0.28870981 -0.85455399  0.43172228],[-0.19093829 -0.39047434 -0.90059556]
117,90134.85119614277,86565.47896688514,12900.572248334001,8759.592163860794,10325.469948616039,8268.875957355829,8255.117053426842,1367025.540836703,1364683.662022671,145972.53384447555,[-0.32344165  0.19967024  0.92494178],[ 0.61754893 -0.6960752   0.36621392],[0.71695106 0.68964564 0.10183357]
3,74858.55399064375,179781.9286922434,23426.05343587342,1758.8093975659299,1599.7606439211547,2557.0623548010667,1190.489858860622,339789.19437279704,339748.4354236186,5674.601872927389,[-0.78681575  0.25437302  0.56233028],[ 0.48504433 -0.30854573  0.81824906],[-0.38164509 -0.91656636 -0.11938644]
23,199773.11787487622,88769.92094391724,137084.4101724621,2611.3546544240457,2137.952823263575,4481.0564766028665,3794.1721268539613,1237747.7256340662,1237653.6455608376,19802.878954915697,[ 0.24737187 -0.9370926   0.24630188],[-0.58266807  0.05923007  0.81054902],[-0.77414797 -0.34401927 -0.53136208]
37,33402.8730965533,13352.934616617098,150969.63799771864,3833.8609814613915,4519.576287088689,4712.906696817622,4391.169854823864,944882.0335230483,944663.6393149798,37508.677391409896,[-0.793159   -0.56583298  0.22523728],[ 0.56981058 -0.82003247 -0.05350371],[-0.21497605 -0.08590564 -0.97283376]
58,172926.6611198696,5145.2647419726245,115764.65061785605,5092.013015655186,2467.062253869819,5872.6070898705175,5992.008122187033,1586432.1671691586,1586079.1040098884,41965.43465240685,[-0.06921722 -0.98667644  0.14723646],[-0.55249395  0.16080318  0.81785865],[-0.83063795 -0.02473736 -0.55626312]
3,174934.11940149555,129411.59020989174,191725.6573414591,352.98747319506384,1518.4752937953162,828.5003576348668,660.1998097082162,502327.42377962585,502320.6230457896,2837.7155917391483,[ 0.74209831 -0.01020173 -0.67021342],[ 0.29232414 -0.89486083  0.3372991 ],[0.60318878 0.44622866 0.6610925 ]
47,24822.48247216565,54423.82336103708,201900.474065164,3832.044186434363,8051.672587942639,2295.0549613051726,2469.167001162594,1444791.0319858866,1443954.5844712018,60687.51943291479,[-0.98195457  0.17413751  0.07376558],[-0.14787002 -0.95013471  0.27455143],[-0.11789694 -0.25868931 -0.95873883]
3,8351.518426590099,194016.43533769497,110225.75951779219,1677.1792134975399,922.7000958702872,381.25419008224804,1003.0952090791105,386777.25990543683,386767.1569563673,2904.151625033193,[ 0.06347514 -0.49503919  0.86654896],[ 0.99728117 -0.00110417 -0.07368213],[0.03743236 0.86886995 0.49362317]
6,177065.78149621317,53336.58119645511,161218.24783413424,1086.1845603282661,3373.724353525774,1661.8516351525732,267.8949999407351,601010.322325252,600949.0396731241,9570.297972115886,[-0.6814406   0.38966686  0.61951468],[-0.12137549 -0.89492621  0.42938919],[-0.72173866 -0.21740933 -0.65713506]
29,182340.0292514152,66460.63280745632,14264.757122157422,3690.103430373924,3645.9181476786575,4083.580750089864,4338.168240673892,1048434.8220305743,1048309.8865349327,26927.573192052852,[-0.31569266  0.91757899 -0.24163388],[-0.14985034  0.20324838  0.96759236],[-0.93695412 -0.34167073 -0.0733355 ]
63,62208.15304287938,22927.460033342362,96061.65550211423,9711.747351275644,5548.798891888272,7555.34509951669,10794.588139523945,931981.4114037983,931101.0996999093,62938.85709671819,[ 0.2852481  -0.95740963  0.044725  ],[-0.79519244 -0.21035088  0.56870158],[-0.53507242 -0.19778603 -0.82132709]
89,10933.072164424595,151672.0686148041,127253.0491948221,5036.038687188998,5308.276008123732,5098.545643264444,4386.765730811255,1871992.175994955,1871606.5985216869,73268.58544733548,[-0.87943742 -0.26718554  0.39395648],[ 0.47281856 -0.58605358  0.65801505],[-0.0550675  -0.764953   -0.64172773]
143,120676.77463319997,9430.8308647285,40708.51310326831,7468.373933228348,7417.595029365435,8069.4913907159325,7511.0680609194205,1534205.07278539,1530953.448547166,130705.39328409072,[ 0.26342471 -0.74938445 -0.6074787 ],[-0.19408053 -0.65801414  0.72756453],[0.94495512 0.07375869 0.31877811]
103,53425.12354484311,134146.18407334693,199008.53972481174,15899.16732298953,9858.114234952469,3004.80231770578,9244.922338453525,2502243.2659491533,2497649.5396319875,167241.35070624086,[ 0.40081716 -0.80585461  0.43582559],[ 0.88956239  0.22853536 -0.39553804],[0.21914459 0.54623249 0.80845885]
9,145315.33730705484,40808.60324397366,93610.876471291,2979.5160388104086,2011.913171877182,2075.2401729465523,2415.2043658022044,532956.2430181355,532890.5643660377,10168.78072564,[ 0.39714435 -0.88870458 -0.2290863 ],[-0.41565148 -0.39672057  0.81844159],[-0.81823604 -0.2298194  -0.52694671]
23,200408.44565036855,54033.765292304255,84168.36705691177,2756.7273935285507,4527.58750524082,2261.86696067039,3757.212753847034,1074506.3749254514,1074351.858489669,20912.311101797502,[-0.32150057 -0.23600556  0.91702713],[ 0.31009747 -0.94128062 -0.13353034],[-0.89469377 -0.24143772 -0.37580698]
31,155553.00833312664,63164.70898584688,9939.868112550577,2979.7850656460137,5576.421431908748,4970.2574929984,4256.567991314321,937270.0037499773,936899.938441477,37991.800888842175,[-0.32405725  0.69657549  0.6401324 ],[ 0.19965481 -0.61104944  0.76600036],[-0.92472961 -0.37603348 -0.05894036]
23,58102.63035497227,141186.28670910012,166978.71303097627,2020.1429708619685,4668.794171119752,2520.018258103102,3058.6513589543815,1085391.8360326,1085212.5813131863,22889.956131967327,[-0.95146943  0.29723585  0.07972941],[-0.16957127 -0.72257273  0.67017478],[-0.25681027 -0.624131   -0.73790852]
5,192574.3023287633,34342.31467182031,185416.79622705348,1708.8199350911448,2002.0954872468217,1765.6591823204205,1657.7089444802855,602712.5578352596,602692.2585563118,6043.3700769516145,[ 0.57323503 -0.67035443 -0.47119693],[-0.40111814 -0.73101803  0.55201167],[0.71449691 0.12742679 0.68793646]
41,119292.7567058323,144626.06708234377,154005.77559473168,6312.542193856855,5407.655353271638,3723.7213392487633,3615.798496228245,1554207.0510180974,1554137.6308640672,53374.36578759813,[ 0.80793257 -0.04086245 -0.58785646],[ 0.32449159 -0.80186784  0.50171025],[0.4918843  0.59610253 0.63459562]
10,197627.0272141799,6287.038284670866,130724.50334137453,2750.495806102546,1994.9700314407473,3140.179075680626,1298.24798813555,749693.4398465949,749592.2553704198,14021.564800372667,[-0.16973553 -0.93817225  0.30169966],[-0.52537778  0.34515301  0.77771948],[-0.83376738 -0.02649967 -0.55147958]
18,73539.19299128905,57480.81710797117,92265.24058596088,2807.323786972569,4877.360921110534,4260.608147778288,4066.9791975160124,557579.1649457483,557130.3273465139,24544.45194722026,[-0.81751087  0.42879832  0.38445803],[-0.13301806 -0.79009872  0.59837297],[-0.56034112 -0.43803654 -0.70295221]
6,196232.48642881482,67748.71674695825,198397.07635999192,1404.689797199559,1261.2151046515837,1567.9915581546104,1484.358341935752,703407.2963469845,703398.4248549686,4777.807063364569,[-0.03160973 -0.93589048  0.35087012],[ 0.72939674 -0.26161001 -0.63209224],[0.68336024 0.23594326 0.69090489]
4,19324.852525237504,145162.57451421648,196733.17617406635,2328.376451665823,854.2671142288892,1582.6134354320723,1215.6283613060943,490542.41704491613,490515.2899328047,5353.335017726026,[ 0.4044299  -0.75444601  0.51696004],[-0.91117169 -0.28370732  0.29879141],[-0.07875664 -0.59187953 -0.80216957]
149,151013.84244320827,125895.53665811259,12592.525211385537,11380.41481100606,14483.87775194226,11630.500841584582,4549.861601589262,2417264.4219113644,2407766.317743282,259459.31023242947,[-0.34098188  0.3213513   0.88343913],[ 0.54432951 -0.69869867  0.46424729],[0.76644422 0.6391819  0.06332259]
3,104701.81369683449,117264.84038121351,6751.0229187314535,313.80934398919476,1418.933557658849,1081.1340490309599,1048.6726024532702,272556.610197848,272544.56625529804,2563.432963472126,[ 0.58466435 -0.48456872 -0.65066178],[ 0.46415159 -0.45799686  0.75815709],[0.66538026 0.74527313 0.0428611 ]
182,152656.32342917303,144131.21760039468,193345.57043157978,6480.819617189439,13127.781467679959,8308.651369987887,7961.879017777212,3855691.4775330857,3853356.649753039,199930.36584955355,[-0.84490942  0.33588991  0.41630043],[-0.01697639 -0.79470944  0.6067526 ],[-0.53463996 -0.5055837  -0.67715968]
2,110860.56680178281,64112.482107823904,169130.56455606647,63.442852068677894,1010.2387528937215,13.643261452307343,327.5775016551488,300022.1601620929,300019.1020988069,1354.6084874302833,[ 0.84514466 -0.06024789 -0.53113152],[ 0.11248505 -0.95133335  0.28690063],[0.52256829 0.30221689 0.79723731]
50,130061.6779990225,198970.575690779,123822.75646903552,10431.058491213344,3745.783892055263,3424.6470831686015,4089.438631686949,1896837.4926592563,1895609.102971919,76620.97089587079,[ 0.03121206 -0.54270419  0.83934377],[-0.87361864  0.39317793  0.2867082 ],[-0.48560918 -0.74221512 -0.4618446 ]
5,126570.61938384711,56514.433236294295,40568.38595966801,1631.6681542629317,1845.6321458815896,1526.3978378203049,881.9212830290564,323008.48975669435,322969.5567544916,6175.337591069656,[-0.0564014  -0.49584922  0.86657512],[-0.47832935  0.77528173  0.41247941],[-0.87636745 -0.3912439  -0.28090621]
6,197458.3384730162,7194.407604355729,170543.87947041364,2565.6843142788175,2876.1232467181244,1112.7126174888601,2512.156269893611,639413.6148498281,639379.3210110447,7659.341302023617,[ 0.65180266  0.04921635 -0.75678996],[ 0.05296567 -0.99840958 -0.01931171],[0.7565368  0.02749646 0.6533728 ]
6,200643.4700570601,202485.45413931654,37338.84626564506,2064.105861312786,1085.2801628632983,2361.2948779609083,1314.454600999937,704249.4544774145,704228.2581171613,7459.433753454908,[ 0.54197775 -0.63794721  0.54706807],[-0.46815753  0.31141692  0.82695105],[0.69791737 0.7043031  0.12987875]
53,139796.44818955878,86990.06457934568,79311.07349672186,3968.517520666938,8098.924090876396,6596.860969882058,3619.754534347079,1332545.005622311,1331187.4769407639,77192.94392493933,[-0.64409243  0.57348616  0.50621988],[-0.00738578 -0.66640209  0.74555597],[-0.76491201 -0.47646813 -0.43346018]
69,32976.63825427184,120344.28296695589,162902.77416589804,4024.9575614020346,7882.882166371927,4943.041927783103,5875.728058953774,1706325.6569139855,1705503.857687978,68773.10278354753,[-0.87461844 -0.2883569   0.38973437],[ 0.45757833 -0.75662239  0.46705956],[-0.16020191 -0.58683291 -0.79370176]
25,12052.41985946272,199358.89448987946,69686.15908006052,4480.094026216501,3134.457466965258,2880.5669701862294,3288.9364063868975,1058043.2072064485,1057844.7931848592,26233.033099851502,[-0.31244887 -0.29662206  0.90243618],[-0.94822915  0.15428866 -0.2775905 ],[-0.0568962  -0.94244913 -0.329473  ]
59,30086.895143682803,188796.88211265602,192767.06084114718,7278.870980496548,4641.644847356583,8184.062676391074,6686.18603265178,2086801.6265766048,2086585.9206038255,75719.46801974614,[ 0.18985134 -0.71626738  0.67150391],[-0.97555617 -0.06053048  0.21124917],[-0.11066443 -0.69519573 -0.71025086]
46,48245.43491694834,172204.0795895806,24803.874873525965,7752.382297934067,7266.927174898548,3327.269448311962,6655.228029558015,1226596.9424875802,1225587.3041019153,61113.344229337956,[ 0.04588188 -0.15455819  0.98691774],[-0.96263119  0.25712402  0.08502021],[-0.26690082 -0.95393868 -0.1369852 ]
127,55904.65953995558,173435.4565322547,82907.13461352275,8103.762894358585,6595.322611772824,8254.847251276435,5448.592561102738,2260449.33285533,2257561.9757221746,137224.01114813323,[-0.71034997  0.47631815 -0.51819296],[-0.64609211 -0.14919832  0.74853513],[-0.27922735 -0.86652229 -0.41372842]
43,30088.176440361796,198104.4159280504,36114.52570138877,6898.434085706717,3801.053107065593,5567.883540584495,3850.907455904322,1336386.1467495514,1335604.164690124,57945.51801158942,[ 0.64008294 -0.23084592  0.73280556],[-0.75387648 -0.00472533  0.65699918],[-0.14820284 -0.97297884 -0.17705391]
35,30785.732053335956,97167.22960227089,132739.95359006978,5513.652109028249,4959.06939431555,4477.3908127228715,4077.434137349159,991262.155614712,990571.8611873934,45369.6559837867,[-0.66608376 -0.51982761  0.53489408],[-0.72284052  0.62673168 -0.29104809],[-0.18394023 -0.58050552 -0.79320825]
3,143180.32240982552,117062.62597504904,25370.846544672535,1669.7545028447657,77.11729027306714,1043.1313033670453,1382.9873061839226,323350.2790941305,323341.3972232748,2426.650303805985,[ 0.47208736 -0.40805727 -0.78142357],[ 0.43452182 -0.66354641  0.6090131 ],[0.76702302 0.62705298 0.13594208]
10,137218.67095139128,80436.26239884322,23456.45407430351,2588.900964202623,1873.4412391789408,2208.1623041929015,2483.0008132298453,508560.70953673346,508489.57680022914,9452.11636971699,[ 0.2933515  -0.69263235  0.65894258],[-0.43070066  0.51960224  0.73790952],[-0.85348804 -0.50027387 -0.14589112]
