N,MEAN_X,MEAN_Y,MEAN_Z,SIGMA_X,SIGMA_Y,SIGMA_Z,SIGMA_R,LAMBDA_1,LAMBDA_2,LAMBDA_3,EIGEN_1,EIGEN_2,EIGEN_3
1305,102388.37122274975,119119.52656895752,47268.57886560744,22594.16228624871,16402.442695633614,18212.226582002233,17306.243646280258,6016327.781909286,5992592.806852692,1010249.3882865824,[-0.21592755 -0.19783117  0.956158  ],[-0.74866859  0.66216847 -0.03206647],[-0.62679394 -0.72276949 -0.2910904 ]
615,143608.4222714491,14368.379850624471,176096.11674864872,16889.457640699715,8075.751917348345,13657.87491308803,14653.25705477779,5671875.952134011,5661873.486457681,443090.3836254271,[ 0.0365217  -0.99802592  0.0510923 ],[-0.7745477   0.00403618  0.63250262],[-0.63146023 -0.06267349 -0.77287128]
1710,27271.72726933854,46065.39949878441,28285.584929660312,13253.770292245918,22115.348276713365,17901.23214907514,19622.058116757118,2777726.6310443976,2666801.0323066995,1038744.3802346289,[-0.82319434  0.13684185  0.55102213],[ 0.36522309 -0.6154386   0.69846076],[-0.43469895 -0.77621495 -0.45664777]
11,198997.10496753047,115122.77732007694,116674.86415326562,3153.945194430857,2324.9302053301144,1836.725787436463,2565.613716866204,855159.1127537679,855123.7513994275,11532.618370780849,[ 0.35278697  0.29134571 -0.8891901 ],[-0.52887091  0.84602397  0.06737219],[0.77190473 0.44649874 0.4525505 ]
2,75876.80354933231,192829.96925008588,14551.036456667367,731.9840213789212,367.81816841899126,2.4662964399794873,74.23774864387815,293779.13512266823,293776.8695157248,1153.7638249261593,[-0.02877458 -0.06395214  0.99753804],[ 0.9304598  -0.36637866  0.00335114],[0.36526234 0.92826548 0.07004729]
813,18855.51932859184,145567.24548842452,27194.865372790733,12677.743837627664,11164.473240290745,10136.253179760977,11402.227412787965,4286246.142638358,4275968.207855077,458840.18348310405,[-0.40591876 -0.11817585  0.90623641],[ 0.90524239 -0.18822894  0.38092792],[0.12556344 0.9749894  0.18338344]
1707,175349.2321632414,98374.05278453774,67443.43785667043,14064.927107865617,20648.894390541253,25244.18811000499,20736.094625263944,8856352.694882438,8830211.716911212,1199292.3456029901,[ 0.31262623 -0.84840885  0.42716186],[ 0.47317969 -0.25083481 -0.84450156],[0.82362967 0.46613765 0.32303229]
142,67523.45859084446,81553.34968237866,27136.813251169668,6526.542653409449,3581.346547957722,13199.9259680138,6481.8601264400495,1313391.426862314,1306258.9373634215,163699.29598874858,[-0.76407181  0.64442651 -0.0301453 ],[-0.18479079 -0.17385153  0.96727866],[-0.61809921 -0.74464093 -0.25191914]
101,87187.338046087,190533.26920676537,107611.38200415917,5171.598487607647,7042.947996760317,4969.494644680435,6611.959560295958,2368968.763126964,2368649.8401407492,76282.82587198903,[-0.84758914  0.49529218 -0.19046864],[-0.38024284 -0.31650817  0.86904428],[-0.37014596 -0.80901683 -0.45660019]
2395,113631.4068506751,93842.53618474925,150062.16654670454,27668.23040084707,27822.436968498954,25221.396303741793,20636.53765906737,10507940.809128046,10384955.841460776,2013382.804831585,[-0.70087557  0.70763066  0.08962305],[-0.46142392 -0.54562023  0.69956167],[-0.54393143 -0.44895147 -0.7089296 ]
71,56009.559083665685,12992.51819553467,190901.20388353028,8274.638196512256,7546.105429561714,5653.976078868168,6585.572340178808,1682996.5965990906,1681112.7235168065,90051.3968763788,[-0.69506328 -0.67416623  0.24977376],[ 0.66151385 -0.73576715 -0.14507284],[-0.28157854 -0.064394   -0.95737503]
101,87406.38883427602,88065.79575944017,102643.3043996912,6585.792255122663,6853.376426020251,9627.29397410414,5289.0284063716235,1622759.3790572323,1620506.5309737693,125163.57652746532,[-0.64706983  0.7560845  -0.09816752],[-0.53595758 -0.35950228  0.76387668],[-0.54226388 -0.54689518 -0.6378523 ]
1122,102143.53966137239,29147.327853451356,79984.65116128622,19262.85689104581,18845.994988455812,21470.71425685095,20981.893973091184,4569822.38054258,4543316.926810846,902201.0494328471,[-0.6364996   0.13723908  0.75896884],[ 0.07183359 -0.96921626  0.23549899],[-0.7679246  -0.20441446 -0.60704739]
41,76770.15037986387,53730.882372507076,6476.037400863406,4733.36697701721,8427.941368559977,3795.2104720976813,4132.080982953798,604602.4437719606,602513.2861981252,61072.21758158149,[-0.05986354 -0.03423606  0.99761929],[-0.5744482   0.81851607 -0.00638093],[-0.81634896 -0.57346259 -0.06866611]
324,86707.30730033788,170312.23944479343,36368.201397987505,9588.103939736004,14273.343554449139,7635.505854885139,14869.982106409301,3515836.9409321537,3514379.3448225744,205648.77861130127,[-0.37381266 -0.00786114  0.92747091],[-0.81360967  0.4828813  -0.32382859],[-0.44531269 -0.87565053 -0.18690304]
4,78994.84247127737,96977.36856453214,70476.59990478533,1002.357648117476,1428.0287094273958,1389.483254385675,1633.782031511297,287166.15670606605,287158.6805537419,3042.714089453348,[ 0.62866289  0.0518752  -0.77594584],[ 0.54960081 -0.73555364  0.39610578],[0.55020172 0.67547746 0.49092593]
465,165339.30565733096,179408.97736623004,193952.15001993388,11612.183256991973,15105.386010570159,7654.769419162441,14618.839239108369,6733058.807235709,6730849.931879712,309568.8971009265,[-0.420632   -0.45782859  0.78323796],[-7.36052870e-01  6.76923938e-01  3.92908724e-04],[-0.53037241 -0.57633928 -0.62172192]
796,17374.509411380255,112014.1492477223,85468.49963310505,11078.974134349606,15375.605152088086,18652.049580954124,15561.171483585586,4063211.9705950003,4040748.3117561173,610990.2430433644,[-0.98705853  0.16008735 -0.00935438],[-0.10400884 -0.59471071  0.79718338],[-0.12205582 -0.78783959 -0.60366477]
6,36011.264324667536,130338.90960396647,50402.98792078829,2539.771651122574,1503.1173170847826,2472.3421483448246,908.0338238960404,353595.9007001801,353510.87378307537,9160.400117007044,[-0.69770462 -0.08245146  0.71162492],[ 0.67151838 -0.42129243  0.60957014],[-0.24954224 -0.90316911 -0.34930534]
277,11233.424222373014,20442.104007782247,79600.30462373735,6187.692614557094,10691.66068012187,10603.206587255385,9417.458649676057,1402700.681635937,1393827.6309928028,219486.54099160215,[-0.98805914  0.10913032  0.10876447],[-0.07853349 -0.96404726  0.25386092],[-0.13255801 -0.24228795 -0.96110609]
237,148771.6998771158,198943.91839605116,94301.73985794702,14278.392557110908,4034.069929414173,10529.803217725106,11128.545208837297,4097974.1234642332,4096423.483711325,222193.27666823767,[-0.37097434 -0.15677919  0.91531324],[-0.74008468  0.64528443 -0.18942724],[-0.56093913 -0.74768195 -0.35541384]
36,155673.44960266043,150688.52914208232,33853.80033014515,5223.397728980711,6616.604772078943,2476.0653610955833,3277.207429895917,1316706.577932269,1315962.5748904864,48707.619654420174,[-0.22380666  0.01235113  0.9745553 ],[-0.66787935  0.7262946  -0.16258329],[-0.70982234 -0.68727258 -0.1543005 ]
245,57115.02134561884,190266.5174075302,164444.7517108979,10330.292004723035,7624.878987972603,8745.460209930108,8966.70296100406,4043052.6336271535,4039885.168171569,197554.03299878133,[-0.60224626 -0.41074512  0.6845348 ],[-0.76682516  0.53608669 -0.35297343],[-0.22198788 -0.73749543 -0.63782589]
222,50029.319387828764,72624.5335641796,112342.46792634137,8485.62318671471,7169.383804988619,11908.87954579687,7289.221757056825,2139368.9621249,2133384.053368324,215136.97780632382,[ 0.65332143 -0.73435622  0.18409792],[ 0.67218693  0.45076974 -0.58734264],[0.34833295 0.50747175 0.78812218]
90,82834.78831889112,176517.53273938212,144786.08854428848,6913.159140049503,7081.251145214295,4923.178839247277,6311.3893120278735,2305993.6537702666,2305218.411776048,85452.43558176367,[ 0.3187219  -0.68580404  0.65428524],[-0.88441631  0.03310305  0.46552334],[-0.34091662 -0.72703302 -0.59598561]
431,162598.19220411108,193475.20133086955,13996.846210879683,13748.866675659066,7513.285978324327,9736.841404242896,11286.588342078408,5265873.275677163,5262795.904023684,303994.73311553826,[-0.42655033  0.29661114  0.85444523],[-0.63589507  0.57345389 -0.51651534],[-0.64318915 -0.76365729 -0.05599338]
1029,73883.4786746251,163001.42272499308,119595.5183518595,26677.02952107605,18483.209776257307,17420.265507513777,16158.243921237974,6993311.747861124,6937036.438660576,1055074.6406219287,[ 0.17980384 -0.63253787  0.75337004],[-0.92317018  0.15600335  0.35131151],[-0.33974608 -0.75865591 -0.5558901 ]
40,55346.27347721796,110983.15036283978,33237.71091254201,3779.471428419477,5384.956525690055,4007.7730704706983,6232.220175030566,813271.2327211306,813218.997024074,28801.453255374017,[-0.38202338 -0.08570616  0.92016987],[-0.8175309   0.49563013 -0.29324733],[-0.4309308  -0.86429464 -0.25940973]
94,36907.290726837695,82565.39369468283,188984.39962691066,4669.825732613455,5455.969852451585,7661.180481406998,6809.5909803342365,2033400.5124739127,2032784.682312568,76986.12372185891,[-0.88195051  0.47017293 -0.03317691],[-0.43724741 -0.78984126  0.43007615],[-0.17600567 -0.3938124  -0.9021828 ]
147,112296.94140797698,27036.65885801918,29357.644661348008,9868.560722569686,16043.940770654634,8549.083473121953,7720.5611193350105,1465190.0473705078,1449754.6139512584,230311.18196298726,[-0.29904695  0.23725841  0.92427234],[ 0.14394047 -0.9462981   0.28948409],[-0.9433197  -0.21960953 -0.24883648]
75,193441.9375083064,130736.59921757624,155904.9767876419,6204.702583448542,3535.18008775697,6331.691270220545,7188.006910038168,2432560.4899832527,2432299.4925001054,54424.86318437561,[-0.69190642  0.65047176  0.3132922 ],[-0.21543527 -0.60017086  0.7703133 ],[-0.68909589 -0.46549053 -0.55539663]
35,139624.80573073906,89034.91850391962,80082.13353070446,3113.7123484719164,2369.457922794087,5683.849728560169,2211.0925794555515,1088867.1077794677,1088433.539900283,38672.116318945395,[-0.54484902  0.83833914  0.01808413],[-0.3563183  -0.25099127  0.90002259],[-0.75906312 -0.48393272 -0.43546792]
81,156594.0053711442,115261.41583216099,22171.544634300502,5252.498672743135,4667.1214406187755,10661.91173037923,4737.64600737842,1764617.0468544187,1762242.863354639,106723.62942987167,[-0.59886261  0.77543504  0.20016014],[ 0.03028109 -0.22783032  0.97322988],[-0.8002791  -0.58889205 -0.11295804]
25,182901.37842784397,14972.045978569042,99868.67210981953,3819.169569588411,3810.204853838647,3559.300669807687,4639.9641571851525,1045066.2134093897,1044969.4641969278,22482.180475760684,[-0.41701295 -0.38794701  0.82194727],[ 0.24456642 -0.91887236 -0.30961404],[-0.87537847 -0.07190764 -0.47806049]
6,180389.32340845803,37760.79205636402,161467.30923721855,1366.6826220000758,2169.996898194734,1793.9508971780776,924.7035456515157,600219.4070188993,600212.5631120056,7321.92316939262,[ 0.5642788   0.397811   -0.72341955],[ 0.37363327 -0.90443289 -0.20591097],[0.73619808 0.15410241 0.65898773]
7,52681.216096574426,81271.61683271884,58662.66897466296,2389.5916711982236,1235.5024180362957,2062.4591082610714,1341.060596365511,299681.7786749826,299646.31822498917,8216.442054860741,[-0.38489364 -0.36312166  0.84852787],[-0.79708268  0.59427095 -0.10724385],[-0.4653129  -0.71762434 -0.51816909]
35,34086.46656289073,20427.58911054696,149822.66875256688,7335.763487072143,6392.474072505966,5550.319972740164,3924.035618219242,918708.4189473172,918020.272564867,61788.68272922048,[ 0.40357933 -0.91434361  0.03315859],[-0.88836312 -0.38292463  0.25333713],[-0.21893994 -0.13169849 -0.9668096 ]
34,158181.35395280868,9672.406637873297,55240.520682817645,5984.442933825573,4578.94707475478,4085.592808194673,6593.263701054122,979796.7123779341,979426.2543490684,32166.846755873044,[-0.33164392  0.28262897  0.90007398],[-0.04216369 -0.95755707  0.28514327],[-0.94246195 -0.05661559 -0.32948466]
93,71441.92066420084,78793.29385647296,134872.31410697798,8109.086250479196,7631.551005656251,4619.1949158796,5089.641087426279,1659314.8377176167,1658367.9895312975,105149.43196415876,[-0.06374074 -0.84622267  0.52900312],[-0.90719356  0.27001965  0.32262864],[-0.41585691 -0.45934364 -0.78489901]
22,96823.27498170805,60331.45419854873,29934.756424352978,6073.262805622437,2966.3605239057815,2947.4380096309137,5668.769593548786,554161.1403684313,553963.4406514975,22225.566556824047,[-0.44680992  0.85232512 -0.27185066],[-0.35436025  0.11040425  0.92856864],[-0.82145585 -0.51122675 -0.25270042]
15,121079.60881760361,202345.75456326056,49713.20486215803,3393.8409876137366,1938.5340717150468,5896.35469870842,2220.306403041334,933665.1335024524,933466.8693689985,25974.57083676365,[-0.8644701   0.49189497  0.1035895 ],[-0.01452811 -0.23043448  0.97297938],[-0.50247426 -0.83960663 -0.20635002]
9,34505.54681353491,152214.0544284362,84700.3164912752,1627.1849931863371,1419.2617297272739,1563.5635920638078,1412.297318918969,532781.0517999177,532762.9324306216,6784.967301079715,[ 0.72441509 -0.45325417  0.51940681],[-0.66140686 -0.24458695  0.70902623],[0.19432896 0.85716853 0.47696789]
40,180950.6279076598,128199.23963646419,132930.45548613317,3825.6429530066966,4411.585397325838,5459.122457336712,2512.8750724602255,1635837.8726894518,1635463.5017569168,47958.5535385788,[-0.67402992  0.6966267   0.24575378],[-0.23628397 -0.51852096  0.82176998],[-0.69989539 -0.49582987 -0.51410036]
416,10707.252807702404,48315.5498977308,151352.16029983276,8051.1493316732,13819.079422456063,13866.788874683467,13855.202455472692,3272920.624996907,3264032.490568828,321716.079791672,[-0.95922393  0.28175008 -0.0225022 ],[-0.27459911 -0.91009011  0.31037287],[-0.06696855 -0.30389617 -0.95034853]
457,101409.40545135444,172656.38074614533,187648.3385112163,9159.356199430516,14530.599243918283,12549.568793769868,13211.82953397624,5881243.441991887,5875972.018767073,356668.05066211673,[-0.84039119 -0.08815467  0.53476293],[ 0.39684366 -0.77209609  0.49636956],[-0.36913107 -0.62936189 -0.68384637]
36,22761.71323379189,22540.59192442686,197252.8443183495,3937.0532314634884,3856.118455593148,3027.878482253978,3174.603139168182,1199455.3191622687,1199334.5385102397,32560.0023033107,[-0.6991326  -0.69677418  0.16037253],[-7.05847081e-01  7.08364023e-01  5.55321395e-04],[-0.11398907 -0.11281024 -0.9870564 ]
4,129427.0504077704,25816.62906585983,59336.49350399718,2020.8427148400792,798.7693484086399,690.5590753079997,1651.4122947619553,289434.4569164904,289428.552670217,3135.4624554232137,[-0.01072974 -0.90815293  0.41850105],[ 0.44697921 -0.3787399  -0.81041081],[0.89447999 0.17836577 0.40998926]
104,177994.5368371399,68406.513286376,156877.3707469179,7142.678047852882,8227.23454776135,5116.41465988436,8052.73006532255,2520775.86486458,2519854.839078901,91299.15932869272,[-0.65228341 -0.03821204  0.75701135],[ 0.23410476 -0.96005593  0.15325655],[-0.72091699 -0.27718667 -0.63517418]
15,55816.197062264306,107671.96427298321,59488.30979551338,1805.349672582519,1564.0765249904866,2570.4030324503365,1424.1690592167852,523310.31194722553,523247.7316119322,12420.508295712078,[-0.89565279  0.44308819  0.038457  ],[-0.1644843  -0.41033787  0.89697701],[-0.41322028 -0.79705438 -0.44040131]
2,161040.86516659963,3571.3315520831793,76879.60080496193,2913.7204802963383,1104.7350874740753,981.9268998782645,3029.699803282696,252460.14366501351,252454.22406831928,1728.840484854666,[ 0.4052595   0.30186663 -0.862926  ],[ 0.14718467 -0.95314249 -0.26430299],[0.90227568 0.01989818 0.43070019]
71,12252.821070001113,64401.65850046238,114442.43269909295,5259.900766706723,7061.882255212874,4775.351524693567,6233.6284276782,1114132.7213470389,1112950.6029908897,65998.1673124733,[-0.67840199 -0.60694015  0.41399806],[-0.72896684  0.62627639 -0.27637877],[-0.09153184 -0.48928677 -0.86730639]
5,23173.216307864124,32219.42847426234,183649.9498852105,1019.8704486821763,1105.0717085588735,807.4314953986744,889.8217402251448,420149.9453578667,420138.6317429435,3259.1965686027547,[ 0.70907985  0.67384508 -0.20769828],[ 0.69425812 -0.71869608  0.03849153],[0.12333461 0.17148979 0.97743533]
52,27957.65220840421,196235.92363572802,41314.90062370373,5805.847012555729,4927.941025517179,7508.818255622733,4240.126958327615,1461875.3763172538,1460643.8196625798,70938.41439727134,[-0.85982333  0.21952109 -0.46099276],[-0.49148941 -0.11119069  0.86375621],[-0.1383546  -0.96925081 -0.20349664]
2,137892.23180361034,105707.93985103766,33667.11474835476,921.8209914336767,1293.8813056991276,1576.5441808715204,245.29719413790735,250307.4914146111,250287.71821462506,3146.167381449564,[-0.53391396  0.47332234  0.70064388],[ 0.32843163 -0.6474774   0.68768138],[-0.77914604 -0.5972763  -0.1902432 ]
3,154382.01782875546,27035.056560365087,120977.2469750403,1113.2151214024811,939.6155416783696,1794.664959161719,2087.4116134187448,342952.71489274525,342948.5865291157,1713.481096542792,[ 0.33146613  0.73790913 -0.58789481],[-0.5311977   0.66093528  0.53008826],[0.77971739 0.13658207 0.61105329]
106,10753.045072029261,150554.71006145093,126228.33795764453,4718.617504479079,4780.127523768433,5454.15714133475,3714.2393329828833,2027185.8775545028,2026741.817235596,80533.48716739404,[-0.99750386  0.0131187   0.06938267],[ 0.04467065 -0.64373967  0.76393963],[-0.05468627 -0.7651321  -0.64154679]
37,32868.669461430145,92900.88963494504,134133.49484941745,2678.4729822412037,4003.315262886944,4694.211439926892,3766.0513585835565,1013128.2600312281,1012811.0854407073,33668.14284739874,[-0.97460565  0.02321346  0.2227217 ],[ 0.10556794 -0.82951822  0.54841128],[-0.19748223 -0.557997   -0.80600255]
181,176401.5249928981,185633.2974838209,49477.98871324428,10879.219681643444,10817.977934418814,10381.759123854907,4665.513891676435,3517129.457883723,3510160.0113703823,240746.11164007292,[ 0.276724   -0.48427884  0.8299987 ],[ 0.68297254 -0.50848877 -0.52439268],[0.67599729 0.71197835 0.1900381 ]
51,12658.036327531572,143133.2360655698,164690.02571233804,7318.893403561823,4494.856596556385,3793.9141349717574,4492.712489845151,1562173.0884471107,1561310.3685374607,58936.862351866104,[-0.31278439 -0.70489714  0.63662073],[-0.94807457  0.27236338 -0.16423399],[-0.0576241  -0.65493375 -0.75348606]
260,126281.40446555505,170907.98679522317,95725.10451946783,7961.487195484847,8321.313985083523,13113.331122893353,9825.211637968594,3767002.08512416,3763184.909137041,229851.76300808036,[ 0.52711025 -0.67729658  0.5132486 ],[-0.65531329  0.06055802  0.75292577],[-0.54103537 -0.73321352 -0.4119207 ]
47,128392.17412769694,140803.01167923436,6021.272179915838,5919.644182061443,7943.626596015922,3742.25493894386,9357.840066168967,1308823.0507080567,1308782.7645585753,34109.38948633735,[ 0.7007882  -0.6512018   0.29125953],[-0.23590866  0.17376365  0.95611364],[0.67323324 0.73874381 0.03185263]
541,175738.9114385019,164026.5935288747,124159.43717732982,14933.569579841324,15908.191036655573,20896.72588440563,13714.42961037249,6329724.274740607,6303851.474794568,625194.1898452119,[-0.68380566  0.72965774  0.00306537],[-0.33158161 -0.31448161  0.88946892],[-0.64997189 -0.60720746 -0.4569854 ]
89,52670.02806884286,169331.03360006007,85672.52932334559,3560.075843583283,7235.434962120095,4779.723492324796,6296.567254461909,1859642.2077878453,1859336.4550952327,65653.98364661355,[-0.77354097 -0.07795693  0.6289333 ],[ 0.57479858 -0.50426615  0.644455  ],[-0.26691004 -0.86002231 -0.43488006]
6,152726.00475387785,194139.59985972266,132407.2172018289,1262.867577133147,2108.9378380369876,2424.0055002572,1816.1880098394513,686551.6300934919,686515.2131435545,7196.913030033313,[ 0.82681555 -0.53757843 -0.16548562],[-0.13933046 -0.48078737  0.86569656],[0.54494319 0.69271418 0.47242352]
48,110890.80551153362,18488.651305192056,152092.0383955227,5045.551238627838,4649.157232580326,3198.052889832254,4321.758283349305,1311226.069478815,1310842.2183921288,43083.73886911273,[-0.62290846 -0.5801494   0.52479684],[ 0.51769131 -0.80864059 -0.27945681],[-0.58649872 -0.09760675 -0.80404737]
134,195795.86848464207,173441.02412614037,158834.97503467614,6075.351481656858,8453.804215395423,9577.472054238087,8880.030224241074,3545466.7517266604,3544619.0842580604,127254.31908631696,[-0.67401832  0.73831834  0.02419378],[-0.36957607 -0.36538561  0.85434588],[-0.63961929 -0.56690333 -0.51914138]
14,120627.94546426719,31350.656073525908,193818.9487150881,3311.31209497247,2862.081692784037,2219.955004153866,1415.0512382990448,862353.9880268341,862266.9161573984,17570.52820989908,[ 0.45954833 -0.87636101 -0.14424533],[-0.71747293 -0.46203447  0.52130293],[-0.52349587 -0.13607177 -0.84109247]
154,111994.99245897827,54976.65367430283,142981.43999863224,6002.15580684178,5585.68854465499,7708.417990850346,7761.713665861187,2358204.2548487256,2357630.475646345,101148.21228967166,[-0.7952167   0.04737579  0.60447161],[ 0.13906024 -0.9561178   0.25787789],[-0.59016324 -0.28912677 -0.75373275]
16,126191.69820389009,61627.184335560494,181552.16515946528,4598.66831146804,3267.641623182356,2266.6036462872917,4338.497752194993,918402.9439483891,918312.7453985468,17050.641000294836,[ 0.47914956 -0.87702433 -0.0352707 ],[-0.68410613 -0.39832418  0.61101281],[-0.54992227 -0.26863762 -0.79083458]
4,87196.00335040755,203057.31219618712,177172.47977726272,2423.3837317778584,816.740270197618,722.0912574077475,997.8266880630229,566505.5130090865,566487.2422497745,4921.307576416809,[-0.28343557  0.6967001  -0.65899411],[-0.9082281   0.02559551  0.41769197],[0.30787333 0.71690574 0.62550794]
6,152821.79137869948,63367.79234008135,67182.23215629843,3104.39307326976,617.0185600669806,1909.9341987599823,3464.4141371418114,437472.0367426059,437462.4506494827,3156.464457003033,[ 0.4919302  -0.3338606  -0.80407821],[ 0.15963699 -0.87330816  0.46027045],[0.85587424 0.35478156 0.37631016]
20,23749.180742364093,27091.777844368586,101541.366079439,2645.3997170740986,3657.1743707336664,6185.548491992326,6167.372175014886,483006.1909226165,482684.9935184205,20274.640546516126,[-0.97075078 -0.03666237  0.23727367],[ 0.09397931 -0.96743877  0.2350109 ],[-0.22093169 -0.25043583 -0.94258744]
30,6097.547285778706,142619.05457654066,201067.2519682242,3476.962997266715,6933.249102576851,2631.223956740643,3859.806419944674,1351229.925838187,1350911.9824246543,39551.66286426978,[-0.99311217  0.10763657 -0.04628806],[-0.1145314  -0.80847362  0.57728066],[-0.02471383 -0.57860588 -0.81523276]
5,77426.15241545888,68154.80761345584,17475.27659048475,962.1521302972085,1794.552614711235,1884.5043193431347,1500.3911750099105,234012.09748637845,233966.8123561274,5250.311929071864,[ 0.38604919 -0.61494928  0.68760701],[-0.55084203  0.44423704  0.70655964],[-0.73995884 -0.65152961 -0.16724256]
9,198100.38933092088,79369.69278879177,193789.62123479377,1917.1584285258125,2139.7321645413253,1695.1141994920138,1474.830092475914,864851.3377073013,864818.3705436266,8987.573863648528,[ 0.56165923 -0.7882893  -0.25127452],[-0.46072889 -0.55025058  0.69638581],[0.68721743 0.27536209 0.67224097]
58,118469.85010082262,77903.77526435789,102082.91869496753,4686.738343303326,6745.420920000059,7709.552951245702,5011.464741846935,1332863.1189115024,1331618.1187454825,76765.1663295407,[-0.72664592  0.28605892  0.62462469],[ 0.11078372 -0.84850207  0.51746614],[-0.67802114 -0.44521291 -0.5848699 ]
29,29874.671258457434,124778.41456292756,167907.02628813463,2131.8749973088456,3693.610660831193,4591.813334185517,2296.741417524457,1138420.1997936012,1138102.9329687925,31372.24133525077,[-0.98985383  0.09584294  0.1048977 ],[-0.01423824 -0.80144142  0.59790377],[-0.14137422 -0.59034378 -0.79467449]
45,14691.021075026207,195127.2217242099,11919.843948610127,8448.693396718707,3703.179471762558,5773.509331674165,3835.473372126094,1316668.168013862,1315794.7648702415,68236.8275124934,[ 0.40469745 -0.08601382  0.9103964 ],[-0.91133467  0.0441803   0.40928867],[-0.07542606 -0.99531388 -0.06050772]
71,136507.2461635742,147398.79272577967,23809.12072639048,6583.203449326442,5582.177453673299,3285.0358138825018,4211.014356518806,1706224.6706545283,1705227.1087857755,69390.9175976964,[ 0.0110328  -0.169421    0.98548202],[-0.73789251  0.66373246  0.12236777],[-0.67482807 -0.72852986 -0.11769166]
23,40241.03689316879,161782.04041498984,200748.1699694418,3504.4979528321296,4003.2853833902827,2141.870610052481,3110.1231899184727,1251723.4508025295,1251567.9948125675,23208.32128147535,[-0.61987649 -0.54560029  0.56398002],[-0.76940777  0.56379685 -0.30024124],[-0.15415845 -0.62004309 -0.76927351]
24,38975.46595928366,199862.62100021364,72643.76445270891,4472.8285190865145,3202.0661634255953,2829.223954543805,2522.676057825735,1059493.2241176523,1059306.4134722697,27598.810177643893,[-0.33196814 -0.26438666  0.90548156],[-0.92592335  0.27468251 -0.25925946],[-0.18017521 -0.9244724  -0.33598762]
28,71044.88508656333,122829.36540753525,162676.56366401212,2068.0228244500563,3523.9960629571838,6065.990331239467,5735.65050124892,1142888.2631815167,1142680.642653926,24002.144587313094,[-0.94121176  0.13306328  0.310507  ],[ 0.07632014 -0.81163561  0.57915703],[-0.32908307 -0.56880734 -0.75376557]
104,160681.84398777556,33506.86214056387,59515.623193492735,5772.827736560845,6000.852919212265,7842.647801294732,6081.761345540985,1783814.7580084687,1782135.0055896419,98882.1937514343,[-0.01794925 -0.84965976  0.52702573],[-0.39117253  0.49106256  0.77835828],[-0.92014231 -0.19218704 -0.34117776]
2,59925.52022458821,146631.1399274434,113184.4553040177,1213.8472923864028,350.4370874205051,104.35158524909639,170.3553266201925,275332.84298728703,275327.11132916145,1776.5682090993141,[-0.22474349 -0.53619013  0.81362799],[ 0.9245227  -0.38110359  0.00422364],[0.30781187 0.75316678 0.5813705 ]
49,30971.28132369652,174102.40571674242,103603.39180940588,3804.5521532186744,7049.057853510785,3126.12135413133,6352.009693885835,1435661.6312862684,1435589.7118859703,40591.2031195297,[-0.06564645 -0.50134297  0.86275475],[-0.98639312  0.16320883  0.01978592],[-0.15072873 -0.84971648 -0.50523534]
79,8567.665478217306,195835.3707576103,78560.25687832707,3851.7398628791457,6249.449433876259,10026.737197946217,7474.7232677469465,1880061.621469432,1878341.0145533422,88698.24733482905,[-0.95887414  0.1408365  -0.24642538],[-0.28093964 -0.34732025  0.894674  ],[-0.04041423 -0.92711042 -0.37260296]
496,150948.6190562988,17514.436528787544,17254.144192777403,17135.197836111434,13353.61125310094,11953.911400249364,17079.953763323494,3443098.6314059403,3434755.071444876,400334.499401943,[ 0.14732751 -0.33504175 -0.93061358],[ 0.06220523 -0.93587947  0.34678543],[0.98712974 0.10898006 0.11703944]
74,142728.67990789833,46561.823490568044,176750.22229689447,6308.442593667394,3565.606555835742,6437.310342966872,3137.8015898695476,1996434.7577699886,1995335.116171151,79046.3220780745,[ 0.27163495 -0.96180187  0.03393545],[-0.7399314  -0.18616628  0.64640826],[-0.61539904 -0.20069698 -0.76223668]
7,140925.15168579548,40579.779466906504,89253.51015984503,2844.243921950287,3015.071414920284,1069.3455728658432,2897.1538548665444,454344.1028488616,454288.9149686787,8296.723543552358,[-0.55958163  0.5147275   0.64955677],[-0.11387672 -0.82407441  0.55491753],[-0.82091442 -0.23655226 -0.51975239]
3,165120.75176726576,92855.93144654697,176012.25310320652,1330.7024292948345,1664.5487324178098,468.357078723242,189.65078602704898,447901.8271965796,447886.97767542733,3764.703207928168,[ 0.44767052  0.54610332 -0.7080694 ],[-0.62597676  0.75685175  0.18795885],[0.63854852 0.35909135 0.6806682 ]
158,101027.79003366033,191920.9034965808,14206.177149401123,6592.898936990627,8077.506902576947,6543.402970731204,7027.939174823461,2735366.137201159,2734595.749617606,127016.22775882755,[ 0.34004616 -0.24608729  0.90763961],[-0.81769712  0.39932795  0.41461863],[-0.46447824 -0.88316376 -0.06543493]
17,194924.1386440783,34115.81779967685,69895.04634778583,5274.985899215748,2969.3046582964453,1660.0262108530908,5369.2480340734055,865662.4069316001,865625.2350941829,13355.724373170555,[ 0.29909872  0.20123031 -0.93276274],[ 0.21870438 -0.9659465  -0.13825972],[0.92882095 0.16264599 0.33292331]
65,65389.946127975345,162673.02711946788,70698.7708473528,4233.587357692041,5988.245863107505,5148.1926030024915,4382.546179850188,1525479.4275504136,1524836.5670367107,63173.74157724605,[-0.75505564  0.01847464  0.65540039],[ 0.55718109 -0.50881472  0.65624448],[-0.34560125 -0.8606778  -0.3738897 ]
9,195728.76269840435,200028.87658335172,16291.93335260245,1433.5352449279283,1967.8674472469693,1819.219931022057,1656.491235054128,841035.6752821266,841027.7967119673,7654.642263755584,[-0.43763713  0.48965846 -0.75412753],[-0.56657149  0.50108345  0.65414993],[0.69819087 0.71354745 0.0581338 ]
7,53079.44674368634,102128.9154212215,122713.61479917399,976.2940384874898,1210.7905069845929,1363.0532098244014,1573.7457446842088,445165.57254223444,445156.249698103,3556.0525552924423,[-0.57120731  0.73525359 -0.36486213],[-0.75775842 -0.30151928  0.57869534],[0.31547486 0.60703236 0.72937462]
72,196409.6285095763,25748.773126020285,84680.86350470582,7296.767050196558,7738.77968174692,5077.227665011827,7213.377252405449,1830545.6625994178,1829189.937623086,79339.35934239914,[-0.28144333 -0.51505198  0.8096364 ],[-0.2992082   0.84878013  0.43594351],[-0.91173686 -0.11955645 -0.39299129]
150,179384.54134207594,142478.0407231175,19174.96185804024,5679.7716179210365,10363.900341194054,6447.794914192414,8460.675983912784,2819724.6370752696,2817926.6007760954,129465.86105539257,[-0.41997943  0.42049684  0.80423858],[-0.46404173  0.66207421 -0.58849216],[-0.77992471 -0.62035486 -0.08292946]
39,82050.95403881131,15245.245654174094,134746.8349006465,6720.299813975488,6179.382730691575,3521.4857136761075,2159.6094329781486,991450.2313812742,990167.3930963225,59491.47981074224,[-0.50581587 -0.76702135  0.39475126],[-0.68994303  0.6343948   0.34859985],[-0.51781167 -0.09602854 -0.85008799]
49,49474.34530039051,161763.40135925094,18647.667460099594,4584.603876084028,8311.553086414187,4562.732855130806,9381.43596090092,1193412.3625511455,1193254.4477048395,33757.50851801706,[-0.95589811  0.28420802  0.07405815],[ 0.03903596 -0.12697534  0.99113746],[-0.29109277 -0.95031735 -0.11028116]
5,75649.6438614413,74360.90748697241,62115.227765560805,715.8664844343762,1904.5629076179205,725.8767138714733,1600.0173108033193,274908.5401518483,274897.17809602263,3263.469557312495,[ 0.50810091  0.18562566 -0.84105682],[-0.60264589  0.77427205 -0.19318571],[0.61534657 0.60501728 0.50527488]
54,195998.09394316762,175859.97811664356,61571.80613848324,5650.5604757065175,5152.998591491904,5843.971757886557,5611.880761951931,1988323.247218848,1987870.5900777231,57597.392935910495,[-0.6883597   0.67045603  0.27685669],[ 0.02759005 -0.35720035  0.93362021],[-0.72484461 -0.65030502 -0.22738441]
16,129804.5510124746,182562.10611212454,47899.59860986471,3722.4041037166635,3342.0630438178623,3991.1749077739605,3391.555198811252,916573.6967175585,916432.4585491306,21800.722793582485,[-0.57188041  0.19755481  0.79619401],[-0.59316769  0.57085355 -0.56769562],[-0.56666118 -0.79693056 -0.20927683]
51,186834.60036479076,55912.63479597043,138887.20707656298,6468.217026553151,6240.985533882867,4601.1212233051765,5263.645906850371,1711206.0497315952,1710349.6725045857,61873.73574868466,[-0.31530499 -0.65408957  0.68756789],[-0.53994044  0.71947208  0.43683434],[-0.78041469 -0.23350966 -0.58002255]
19,104172.37920963304,150920.27120625437,31269.027963467845,3484.5267948605137,2461.5040297874,3933.051673103214,3570.6847114528605,811241.4252484964,811058.0961360289,20025.895767042402,[-0.72358823  0.38006944  0.57616604],[ 0.40340054 -0.44447662  0.79981781],[-0.56007864 -0.81116445 -0.16829783]
9,102538.77103538046,81174.54841070253,4800.740742272741,2509.5574337498397,1208.2110782890989,1676.2930204757122,2033.9654023578926,392708.686862757,392671.5504027898,7558.40749630212,[-0.38587169  0.43943781  0.81117042],[-0.48688225  0.64984422 -0.58365072],[-0.7836126  -0.62015877 -0.03680202]
50,42363.95892616557,105330.88935679136,7124.121340947603,4157.142215140971,3461.5120999426194,4727.865864364509,3081.7182991485097,805448.136999629,805176.6883674054,45944.50745480397,[-0.7384054   0.33636789 -0.58447764],[-0.56227806  0.17138732  0.80899306],[-0.37229135 -0.92600379 -0.06257896]
129,76538.50502147585,129308.61593571039,133610.4077893353,5749.197224555681,6155.788764854423,10062.791045871787,9084.289368001653,2287834.3207485997,2286854.2333438676,107872.57320495963,[-0.92431347  0.28648204  0.25213618],[-0.02853349 -0.7107032   0.70291308],[-0.38056596 -0.6425177  -0.66508687]
10,177667.08061605348,202552.9286917901,123528.73876109393,2739.2939098225693,1092.5863186135202,3128.8436686771743,2423.0077332441774,937372.0848264742,937352.3443850675,11246.99786136345,[ 0.7435385  -0.28258216 -0.606051  ],[ 0.2963506  -0.67320516  0.67747409],[0.59943875 0.68333164 0.41681056]
2,17258.1303084365,3769.8368158375797,140581.58476212545,670.7320577059509,1587.102131832009,913.0512364927272,1029.78262902821,200394.8060345988,200381.12409887146,2341.6640487404416,[-0.93633182  0.33474334  0.10596985],[-0.32930162 -0.94193137  0.06577031],[-0.1218325  -0.02668679 -0.99219185]
64,143105.1801971273,148054.68472995074,100681.03229102756,4813.619006243231,9106.986231987792,5653.454234924013,6641.050356623271,1835819.4625444643,1834673.3275532688,77559.8104942398,[-0.62077628  0.06868096  0.78097359],[ 0.47450758 -0.76006076  0.44401598],[-0.62408282 -0.64621248 -0.43923805]
140,199252.737901877,40144.04113645693,157324.63642322973,4261.351328806156,16390.25877169462,12086.109590398139,11024.604086442281,3050556.2585197156,3044745.871790635,206931.41143883488,[ 0.49727569  0.44699118 -0.74358307],[ 0.39164615 -0.8804235  -0.26733453],[0.77416418 0.15828249 0.61287558]
16,172479.07668809826,87322.3339928182,126161.06746557266,3424.833132832898,3203.449843157917,1708.3685576560756,3015.0046134125296,923585.451522553,923493.945419757,15898.077975156832,[-0.50071557 -0.22031935  0.83710412],[ 0.43701222 -0.89911472  0.02475971],[-0.74719759 -0.3782223  -0.54648299]
5,148014.51944450877,36483.157606693414,121534.41687101153,893.4706109260635,1681.5159238294323,1528.8719709880204,1154.097677898976,435972.523496873,435963.0988099144,4806.243586644948,[ 0.63097593  0.02341951 -0.77544884],[ 0.15969639 -0.98205914  0.10028416],[0.75918801 0.18711327 0.62339569]
7,53867.51768500956,5797.816483631595,114788.41979286188,2387.9595197442477,1607.2941124051845,1492.112832054891,2137.5854948640545,335926.277384767,335890.96861513116,6468.368450015761,[ 0.52903221 -0.82305007 -0.20667248],[-0.73478002 -0.56611841  0.37364191],[-0.42452709 -0.0458098  -0.90425561]
28,140683.39858986865,64251.50085656501,191352.53108383087,3588.4742103568155,2348.8609527898243,3503.6772600075615,2790.7949904486713,1302210.2416622406,1302050.1738522325,25294.320032682663,[-0.14204613 -0.90217035  0.40732243],[-0.80803067  0.34336775  0.47873272],[-0.57175986 -0.26112689 -0.77775537]
116,138593.68006988888,198268.17386157459,175052.51677349617,10870.406165131004,4338.041548352956,14260.964871902584,8068.990732642016,3221216.859582764,3218181.623610744,177718.94093924284,[-0.62768659  0.71375843 -0.31073856],[-0.6249902  -0.22407162  0.74778283],[-0.4641086  -0.6635818  -0.58673878]
40,39832.422778182554,129004.04892503106,199897.49159029368,7335.895986086331,3310.624032700047,2443.4135586924567,3412.5526490203756,1526431.264429005,1525879.077267162,48725.775845131095,[ 0.08170035 -0.84473469  0.52891242],[-0.98284365  0.01976094  0.183379  ],[-0.16535841 -0.53482035 -0.82862766]
48,97064.51433617626,5748.194280695124,6210.989041202364,5685.651636735158,3752.6172584806045,4292.444021237251,5833.965298956432,676897.6050361153,676670.1334407867,38632.452347390696,[-0.08369728  0.85947942  0.50427164],[-0.02590519 -0.50775288  0.86111319],[-0.99615445 -0.05900958 -0.06476251]
115,190944.24518230674,31415.87245363931,123394.15412163662,5425.959639323539,5845.291210102937,4375.955026262248,5272.811525240756,2462689.6784491097,2462239.014163208,79448.01452668545,[-5.42718876e-01  1.45369050e-05  8.39914413e-01],[ 0.11480341 -0.99061333  0.07419849],[-0.83203149 -0.13669396 -0.53762288]
141,69210.76713634311,191029.65163582977,195292.3417715712,6247.2571820785,7560.923668730105,6447.339384414236,7671.818710962898,3348823.6008943045,3348154.320633675,104745.43758267812,[-0.10723384 -0.6914433   0.71442779],[-0.96352793  0.24947635  0.09682708],[-0.24518327 -0.67798799 -0.69297724]
4,160583.25164171937,88794.17673016385,141397.66723440922,771.3530076821353,304.2134062812081,1852.2027814452047,859.6696682822587,463330.23037553555,463316.3164629146,3678.129605513661,[-0.29273404  0.92359699 -0.24753864],[-0.65864151 -0.00709499  0.75242343],[0.69317973 0.38329918 0.61039626]
2,108854.92844193905,196650.27351695712,46703.18528124287,2072.1074739765463,1120.1936471845693,2643.1914831772483,514.6992760974681,324698.16125200177,324660.3704628437,4953.7633532585605,[ 0.58132243 -0.47814546  0.65836247],[-0.66124703  0.19388361  0.72468028],[-0.47414828 -0.85661313 -0.20346338]
61,172861.60328650777,4594.165923762216,116361.00391929173,4347.821729777555,2590.2652313467497,5850.307952736005,4439.977133418209,1628893.881408609,1628340.0517512974,49526.134939740004,[-0.09630355 -0.97861026  0.18178993],[-0.55046157  0.2045305   0.80941913],[-0.82928746 -0.02211844 -0.55838436]
5,163808.69166727472,76296.18277407171,184809.8844701866,1659.8171687902523,852.115559483284,2584.4096474316825,849.2727276623011,578010.4153870257,577969.9334341305,6870.37970951827,[-0.44074827  0.89740379  0.02018427],[-0.63570414 -0.32793545  0.69881227],[0.63373591 0.29516908 0.71502029]
14,138560.87517541726,94767.8620269937,5400.877488989912,2807.4884727715908,2693.4059355784475,1861.262433230818,2703.423116464931,628602.8170036249,628553.5536504578,12580.969409577667,[-0.07254281  0.04930674  0.99614577],[-0.56046898  0.82414476 -0.08160842],[-0.82499216 -0.56422891 -0.03215088]
10,47949.63107792333,119806.2729620524,153698.9070008484,2591.9758933290314,3359.7867411478737,3238.923011475327,4204.393962874345,634845.960936085,634787.103485496,10352.062263826107,[ 0.67254052 -0.67062516  0.31297146],[-0.70042233 -0.44025205  0.56177104],[-0.23895147 -0.59702598 -0.76580818]
333,190781.3970658829,48442.56738725966,18313.143886927483,9654.046380318921,11381.594049937587,9192.98330990347,9843.24472760582,3618015.5214880803,3615538.6819185982,263598.20273143967,[-0.19327131  0.42883613  0.88246574],[ 0.17725885 -0.86936212  0.46129036],[-0.96500026 -0.24557905 -0.09200776]
36,33825.00634022709,118250.11704113364,154502.4340603016,3064.476856300236,4465.008083131279,6769.696722507268,5469.873769029688,1185952.632998765,1185392.9911916126,40535.55040022305,[-0.95955143 -0.07860368  0.27033777],[ 0.2232954  -0.79730629  0.56075114],[-0.1714649  -0.59843474 -0.78260823]
94,140095.55299423911,132313.67839081687,199967.71258499782,7738.934407696895,9087.323910409663,3113.74820164769,6765.721593067064,2694406.9770033276,2693981.748661991,99716.49146120738,[-0.78014375 -0.1051959   0.61669243],[ 0.36972285 -0.87272095  0.31884662],[-0.50465905 -0.47675148 -0.71974112]
135,129020.95122264563,173425.60700185387,157987.38980899772,9406.833355590372,8893.125891338474,6640.684606502954,6228.536790070509,3113848.1690399093,3113234.0902013257,152473.3994319714,[-0.83267394  0.54814687  0.07867094],[-0.27225771 -0.52894164  0.80380127],[-0.48221348 -0.6478856  -0.58967313]
2,59297.95448591452,194094.4599224843,45992.05972068953,339.844459301763,189.63344908830183,628.782472080904,219.00150649080751,294294.8289000832,294293.1337932667,998.8590829912484,[ 0.77100677 -0.36002269  0.52529251],[-0.56951814 -0.02072169  0.82171753],[0.28495201 0.93271339 0.22101601]
11,190476.37631268997,110055.32143083941,149518.55020903033,5345.74826364143,2172.0120840300656,2810.46093572617,3529.904396321365,882418.6130640605,882275.2859652358,17799.361257136363,[ 0.39917113 -0.90343515  0.15642038],[-0.57241592 -0.11228383  0.8122391 ],[-0.71624188 -0.41375991 -0.56196113]
