N,MEAN_X,MEAN_Y,MEAN_Z,SIGMA_X,SIGMA_Y,SIGMA_Z,SIGMA_R,LAMBDA_1,LAMBDA_2,LAMBDA_3,EIGEN_1,EIGEN_2,EIGEN_3
28,139434.42193818634,91651.87798368566,75842.766070772,3256.008858056994,2617.563889738447,4432.9124685739325,2432.5562009844316,970301.563614523,970044.4595232223,29645.21910738215,[-0.55718448  0.83011476  0.02132939],[-0.33277878 -0.24675154  0.91014942],[-0.76079152 -0.50002316 -0.4137307 ]
592,164742.26896720845,193839.3004931647,21775.997417780196,12936.536349582891,7479.891509445166,18215.38660572951,11305.239970126986,6233698.717146007,6223067.138371534,504115.04116241133,[-0.75909812  0.62598691  0.17863491],[ 0.08132899 -0.18106429  0.98010271],[-0.64587587 -0.75852232 -0.08653468]
1921,24774.75618217528,39243.21777357676,37840.475251586,13789.781676990324,18910.50940987108,25670.389057791075,17131.500145241807,2972898.7614552444,2778897.5036819386,1360959.985537835,[-0.9033383   0.38526027  0.18855886],[-0.13630791 -0.67465895  0.72543467],[-0.40669408 -0.62961085 -0.66195929]
325,190501.64997414136,50886.8712834626,17926.136810011503,9448.436655093536,8992.728947749616,8697.969393940228,9761.100220393038,3577637.7050189883,3576721.3559341235,220101.94101849574,[-0.26690782  0.82099387  0.50470713],[ 0.05606537 -0.50959119  0.85858808],[-0.96208986 -0.25746046 -0.08998455]
3,58561.55030337918,11904.45923373643,118228.17896664898,741.3557337688336,1186.4449528892173,696.2434613246243,801.8680973907782,229465.7853935506,229454.02711796766,2323.0614781497325,[ 0.78684246  0.438842   -0.43393162],[ 0.43064247 -0.89406057 -0.12329948],[0.44207014 0.08985212 0.89246882]
532,160717.45376715614,179397.0579935955,192185.21673619596,14710.634370919484,17923.56361146846,9196.224885961006,18641.419734831718,7126926.50680654,7123968.09968124,378572.2409144353,[-0.65568504 -0.19280942  0.73000114],[ 0.54565925 -0.78925907  0.2816489 ],[-0.52185545 -0.58300485 -0.62271361]
409,12201.108059008353,50876.35764978189,150014.38474636417,8433.729346132524,12941.118740647085,15023.815533136882,15025.378555153844,3238241.13463728,3231910.7969243727,309797.7387697521,[-0.97955334  0.20085958  0.01143196],[-0.18600887 -0.92585095  0.32893878],[-0.0766548  -0.32008663 -0.94428205]
20,199394.37817410755,64596.63234202806,201323.9753009013,2974.634385865843,4680.912916786239,2991.644047428931,3613.9939994088822,1300001.9049207421,1299823.3837244927,23022.40303272808,[-0.72371822  0.30551885  0.6187812 ],[-0.07410601 -0.92588182  0.37047423],[-0.68610512 -0.22226354 -0.69271833]
811,18949.59616799495,145305.62998746993,27727.13254543983,12931.088037886642,11629.405160989294,10436.798710479306,11860.358413328182,4278983.55481991,4267820.565193905,468142.30910271243,[-0.40309975 -0.12253083  0.90691609],[ 0.90646027 -0.18974705  0.37726097],[0.12585856 0.9741572  0.18755632]
341,102127.15479227551,172500.05233256597,187167.08290387635,9110.21636022959,14676.829404125918,12552.379106953347,14305.270542171847,5078155.019684181,5073017.118156205,293782.2001602664,[-0.79936849 -0.15664214  0.58006315],[ 0.47185023 -0.76134496  0.44464729],[-0.37197765 -0.62913997 -0.6825068 ]
6,26231.877437213287,144868.53981518498,142875.509362809,835.3756404607853,1146.3678418559005,1933.228153521001,1869.7288942376315,502558.18791690207,502545.241918868,3679.259266050535,[ 0.78061977 -0.50480169  0.36852142],[-0.61179137 -0.49654849  0.61575232],[0.12784406 0.70612666 0.69644888]
620,18960.240599716763,109907.04934689288,90321.85802201227,10751.366771301397,13007.135290912754,16014.29900589488,14531.74154575582,3614556.0586178075,3597517.953944137,452073.21463672066,[ 0.84438965 -0.41942818  0.33329585],[-0.51947027 -0.4889082   0.70079912],[0.13098383 0.76488481 0.6307095 ]
118,69136.22288404143,190513.82253806182,194786.9307553991,6271.461640208534,7722.5789010192075,7540.351818057602,8905.571238139015,3056221.6673935293,3055399.1925084456,94332.04626629865,[-0.0289078  -0.70945099  0.70416166],[-0.96898834  0.19284193  0.1545108 ],[-0.24540973 -0.67785787 -0.69302437]
14,86037.11469375738,172550.97865758938,199132.9159551038,4016.070582760101,1946.8916897670356,3082.983369982216,2076.027346429516,1037255.523756153,1037216.1221738495,18750.622663134625,[ 0.35292205  0.62629228 -0.69512877],[-0.88264752  0.46935684 -0.02524885],[0.31045028 0.62246456 0.71844171]
33,166511.52683494298,186563.84941710805,128026.34954663696,4062.636929086129,7912.575019694525,4204.719199307231,5467.5338476839825,1614770.7744386084,1614191.020743478,46933.72561679353,[-0.13835482 -0.47344752  0.86988815],[-0.79370676  0.57834636  0.188534  ],[-0.59235759 -0.66435151 -0.45579551]
518,191290.11574993675,139419.53043657742,35746.46210236002,9670.816611362588,11049.404037109995,17682.346113731513,11780.613125452881,5468929.196359773,5459396.147841979,451330.0763547222,[-0.60119399  0.78229298  0.16304441],[-0.02296615 -0.22086477  0.975034  ],[-0.79877302 -0.58244008 -0.15074883]
131,11703.075681053937,108938.16852130533,172149.87313459333,5913.406954360543,14978.283619945742,6380.628137219569,12037.093676476516,2343226.3334573554,2340324.706149225,143092.789341218,[ 0.92656975  0.28631727 -0.24390758],[ 0.37191956 -0.79413155  0.48065677],[0.05607437 0.53607602 0.84230527]
1232,108511.07602611465,25826.56789376109,81722.80574416803,17601.82515740248,17919.561878631765,19648.00212928648,19979.68025544296,4955904.446712137,4929407.388596478,870726.9192329175,[-0.62035885  0.23716073  0.74760262],[-0.01022976 -0.95555356  0.29464003],[-0.78425139 -0.17513476 -0.59521221]
1438,175074.20365825898,99074.32122023897,64888.568313361444,13884.273639610668,21018.586429546074,23073.12396017541,18113.836052412524,8094298.150746791,8069347.27446714,1102605.8287656102,[ 0.23232267 -0.78498509  0.57430357],[-0.5140373   0.40216806  0.75764537],[-0.82570687 -0.47123165 -0.31007886]
2468,93603.76601108273,147002.14431827646,83681.09483121648,33099.42480593439,22874.086692804234,40042.906806624145,28814.914308209543,9971925.542487968,9756777.092419352,2397521.7630763184,[ 0.43343702 -0.64378629  0.63061205],[ 0.76622194 -0.10508446 -0.63392523],[0.4743799  0.75795545 0.44773568]
194,106627.85696568669,88705.08808834985,41339.2136669574,7825.7273394141575,5845.399545897072,11069.812308181863,5043.672140772229,2025258.2538284354,2018237.5511714157,192500.19534111817,[ 0.44026017 -0.75530056  0.48548126],[ 0.51332224 -0.23188792 -0.82627373],[0.73666224 0.61298374 0.28562156]
70,193187.87963912234,47474.61965679187,139764.84446543164,4908.632822905263,4292.6634795516775,4975.589519586886,4596.017667690176,2035018.4584943703,2034753.924441271,56924.619136098176,[-0.55788229  0.60797989  0.56491397],[-0.23937297 -0.769635    0.59191431],[-0.79464957 -0.19499338 -0.57489969]
487,158883.34912022573,95592.43923257719,124006.00755784837,22297.61785644247,19317.46414906122,11826.059521348965,23687.945221134694,4965624.968952515,4957811.822154797,460640.5859674053,[ 0.52459162 -0.85126376 -0.01239536],[-0.46413889 -0.29817074  0.83406792],[0.71370773 0.43179187 0.55152249]
141,33963.45641794873,15052.275517026008,120403.0707762978,10634.19133450845,11162.159090930463,8389.439109750432,10031.744981765658,1509486.8506564014,1501762.7479318408,174189.5755420794,[ 0.71657739 -0.68797744 -0.11490818],[-0.64259401 -0.71521362  0.27484982],[0.27127437 0.12311186 0.95459609]
4,92706.33112736241,141703.629476035,194453.04801190007,1970.7661715589668,1983.3718161942095,1529.3541747320357,2696.1933150555246,515735.43863077555,515730.2339776086,3390.945434164947,[ 0.77949172 -0.62115386  0.0809971 ],[-0.51293001 -0.55869542  0.65173786],[0.35957678 0.54957011 0.75410691]
3,39291.957158666686,199649.21115786117,121650.93451167952,734.3308219788838,2083.9366822743573,891.151041717432,2144.141611847778,410639.3083474001,410635.9506202083,1795.351684410637,[ 0.20588118  0.47931869 -0.85315095],[-0.96444422  0.24702137 -0.09395636],[0.16571148 0.84216034 0.51313319]
97,115457.37201473383,9101.545033045606,183958.7858498765,4590.675958738756,4730.0317488228875,7543.357688327081,7139.759344649484,2142749.899802244,2142569.030968976,69135.7560878642,[ 0.30869205 -0.93974755 -0.14691413],[-0.78923145 -0.339272    0.5118674 ],[-0.53086998 -0.04206014 -0.84640889]
173,192769.19610018173,182116.38698079012,110701.6290875496,6817.342160793369,4753.592643569137,7913.615181897471,5100.127663113483,3782093.7187555376,3781033.3433336946,134959.0808426928,[ 0.42859325 -0.75525054  0.49588754],[-0.6052354   0.16750896  0.77822289],[-0.67081886 -0.63366977 -0.38531115]
92,55736.59615142365,168070.3640598353,83480.12521279596,7358.622740832898,7618.331782269494,5755.908096708724,6262.190436854016,1880688.2042495501,1879228.8173134662,98532.15577570161,[ 0.10341485 -0.46962259  0.87678959],[-0.95335118  0.20454142  0.22200074],[-0.28359635 -0.85884657 -0.42656263]
73,40920.94984645231,49103.76021977942,99824.4141149073,4735.531728004054,3864.735450922145,5781.673115660639,4086.1941970299426,1015025.3301227669,1013684.7873684902,62386.236016060364,[ 0.58249102 -0.79809968  0.15408152],[ 0.73621916  0.43767789 -0.51615833],[0.34450772 0.41409536 0.84251971]
455,151083.8509240393,16935.177125062684,173978.4111710471,12989.185140473417,7750.98946886056,13089.334103799392,13572.392821441857,4944178.842465662,4939338.770586822,315303.40390119434,[-0.18959277 -0.94797918  0.25571479],[-0.73239788  0.31000115  0.6062117 ],[-0.65394795 -0.07235162 -0.75307192]
16,178301.10385834874,141599.79508185585,200599.286752067,2033.4393934110012,4260.678009969063,1943.997325520255,2093.3201158670067,1213934.4662869067,1213865.8128896458,18616.078055451573,[ 0.71293038  0.08786896 -0.69570778],[ 0.3827639  -0.88004614  0.28108823],[0.58755601 0.46668817 0.66104469]
56,173556.07395544942,4587.285995174128,116745.25718003298,4501.582783073933,2821.1912063973364,6710.008660617355,5586.388882953536,1566863.5900595689,1566297.8416548148,48380.85351384709,[-0.14389072 -0.9570831   0.25156986],[-0.53983953  0.28897391  0.79061201],[-0.82937852 -0.02204562 -0.55825196]
35,8879.652991717448,141098.42018748441,201682.79654102094,5930.006854758887,7396.245086775775,1944.6085522601038,4216.605642474058,1458060.4764967521,1457540.374038762,51387.43319803407,[-0.73295121 -0.54176983  0.41142189],[ 0.67933606 -0.61477373  0.40069412],[-0.03584738 -0.57318297 -0.81864293]
216,164540.1764186369,152972.44119112592,148529.42191221516,8372.57254849757,5680.405411402259,6807.420199447432,7302.247584455948,3961145.1402559276,3960813.9864042173,143718.69806979448,[ 0.26603795 -0.80350754  0.53254055],[-0.74547799  0.17874957  0.64211459],[-0.61113531 -0.56782411 -0.55144302]
69,13133.99966318346,119915.94480723573,151698.4807501195,5344.423160857316,6619.471412420591,3705.105422131745,4101.531579080481,1611493.1853914373,1610639.9748911026,68913.30947550072,[-0.77904736 -0.45729819  0.42890976],[ 0.62332251 -0.63855894  0.45134413],[-0.06748531 -0.61896756 -0.78251191]
138,38557.14646132662,83270.01223328637,184887.1940383555,5002.882101008645,6617.171422117353,9197.131820866038,7618.256915360725,2428346.118034546,2427134.0073794154,114673.54944101699,[-0.91996057  0.39171781  0.01515631],[-0.34489569 -0.82716406  0.44367397],[-0.18633175 -0.40293521 -0.8960601 ]
108,178244.87226806104,4288.821457466769,32724.45715730372,8050.423518589962,3231.455180776418,6829.996917722294,8072.1071398939275,1887057.8275523407,1886037.1569454356,77968.67289748818,[ 0.02570314 -0.99963203 -0.00866966],[-0.18025531 -0.01316485  0.98353175],[-0.98328397 -0.0237171  -0.18052735]
179,128064.9428616785,170758.35562132427,157340.0368313713,8207.571942343035,9029.601263398985,7571.807825252445,5741.56652111241,3551273.708125806,3550212.1729848194,176138.95774645047,[-0.87551111  0.34754578  0.33569664],[ 0.01007374 -0.68145983  0.73178618],[-0.48309297 -0.64406865 -0.59312457]
933,128896.17212708702,116206.28534108748,127974.12149049742,19447.954561332575,13357.963041362029,15826.960576409352,18751.656474926793,6631547.773594698,6622411.53340738,658016.3033597898,[-0.62042888 -0.15680127  0.76842786],[ 0.50524499 -0.82930344  0.23871174],[-0.59982956 -0.53634798 -0.59374686]
251,81515.32693866886,39002.41120725375,188275.3915784835,9531.89412589893,17772.683268536475,8244.99427047517,8801.595302303065,3324974.329570767,3313433.8962693177,313066.28027046093,[-0.82265278 -0.36868732  0.43279562],[ 0.41367157 -0.91036226  0.01078809],[-0.39002337 -0.1879101  -0.90142751]
1179,101537.65337710531,83492.43411637472,160486.2333776373,24323.86235281282,23994.94295733713,12665.291373685899,24789.046475986182,7208154.205672584,7199575.2306045955,905643.9223149547,[ 0.45587937 -0.87327145  0.17196213],[-0.74092538 -0.26529888  0.61696522],[-0.49315675 -0.40867282 -0.76797327]
3,22967.494144075434,38616.00204533556,121967.5503592929,703.18886329208,568.8277011700163,818.3586948709454,1040.8614128824088,225141.57873471515,225139.26932413923,1101.765474546921,[-0.51469457  0.84051444 -0.16918918],[-0.83896087 -0.45306081  0.30146403],[0.17673188 0.297105   0.93834666]
54,126752.86687686444,200547.7483169487,126761.00727271521,7011.24781999851,3884.4816095964115,4667.999261831561,5299.364470774758,1977624.3084196756,1977221.4282675642,55910.698964009054,[-0.05767871 -0.5071911   0.85990136],[-0.88005544  0.43250298  0.1960704 ],[-0.47135506 -0.74545178 -0.4713025 ]
34,186967.92030690776,163002.02286106502,161390.25230213464,4148.722299780098,5600.907237625081,2916.5498256809205,2867.339963357905,1725973.8190322546,1725754.2598754405,40804.40269401295,[-0.62152587 -0.06033943  0.78106641],[ 0.4631617  -0.832414    0.30425018],[-0.63181233 -0.55085941 -0.54531375]
6,57216.86729098001,103361.38315142633,113602.97108481011,2417.089869147897,1005.1515801753332,2142.1176590095283,966.1037786371508,401534.9612169573,401496.6521762537,7948.250910912906,[ 0.42758631 -0.76539262  0.48098242],[-0.83385155 -0.12848146  0.53682782],[-0.34908673 -0.63060816 -0.69316073]
2,140372.12351507193,45598.556041982374,164823.63849454702,162.69180185311416,371.35266521126323,759.747434842342,539.303791838247,312893.38365460734,312891.9431169864,949.4563211451801,[ 0.17883775  0.89850585 -0.40087941],[-0.75198893  0.38756913  0.53320054],[0.63445229 0.2061005  0.74497844]
44,119705.31166606663,40053.014923304676,196221.96014081305,3983.494835522491,6282.657161041618,3711.2533010238963,3855.8982885022006,1548490.9577740955,1547999.8232740872,48791.90969945923,[-0.71227285 -0.46157173  0.52879005],[ 0.47905786 -0.87029867 -0.11438444],[-0.5130019  -0.1718481  -0.84100968]
4,35677.88861650236,53636.05904637901,78111.15051746831,2149.413225454542,1481.0783477722728,753.8828104853873,1907.4630981820785,202565.179994155,202534.49265032515,3860.7807501608963,[ 0.4790725  -0.81027713  0.33755076],[-0.80382349 -0.2504828   0.53956108],[-0.35264335 -0.5298201  -0.77131921]
53,96850.06290496972,6184.400127370313,8292.635653205585,6510.118766055732,4306.3450472454215,4776.326707620856,6582.66478003824,711528.7806594255,711403.2733787143,46099.83354298228,[ 0.01130702 -0.86554421  0.50070487],[-0.10610752  0.49687112  0.86131312],[-0.99429037 -0.06286744 -0.08622262]
77,139574.6698908547,138578.48915615986,200123.21571840817,7218.57714529159,7460.622996221484,3943.482818076043,5995.296964338061,2463714.9656359972,2463236.550315687,81616.21393167092,[-0.61651903 -0.37688202  0.69127724],[ 0.61019842 -0.78355951  0.11701448],[-0.4975562  -0.49395794 -0.71305217]
108,57133.59269185734,12630.444225288102,190180.03374263807,7797.185910278521,8300.319147424614,6323.333049448156,6918.656253938877,2071766.348810028,2069587.3285185487,114726.52846529453,[-0.76433119 -0.58631703  0.26838437],[ 0.57711543 -0.80766722 -0.1208778 ],[-0.28763797 -0.06249809 -0.95569785]
30,65754.06455664423,67075.6877511165,69435.25220618295,7986.256094919741,5330.299678107862,3014.8879980798174,5195.956433268723,641963.0099107148,640588.4854834478,47399.900122596686,[-0.40415878 -0.43567757  0.8042641 ],[ 0.71996234 -0.69387027 -0.01408071],[0.5641896  0.57334902 0.59410521]
323,141006.74145209783,199163.79072529738,85667.74227013072,19081.658505970387,4149.365334158666,18105.1281063616,15387.311852281451,4670138.9444090845,4658961.325562343,389453.02978875465,[ 0.68128325 -0.17712369 -0.71026778],[ 0.48593674 -0.61622954  0.61977951],[0.54746563 0.76739061 0.33375596]
76,83250.5558224732,175285.64703323334,146438.15145504367,5823.4529035765045,7118.534759399004,4749.045922483213,5726.921691709156,2120797.729636477,2120394.1748392624,74881.47345069495,[ 0.63565833 -0.6497424   0.41686125],[-0.69190015 -0.24003575  0.68092366],[-0.34236337 -0.72126116 -0.60213758]
10,81857.3563106985,8650.641280086462,40261.15544445456,1751.7025000045146,718.9196580423082,2819.2839516878034,1439.372488010393,289953.1034399133,289814.9522110493,9673.931571925066,[ 0.09297603 -0.99536478  0.02458461],[-0.43973144 -0.0188968   0.8979305 ],[-0.89330382 -0.09429664 -0.43945014]
16,74964.54559531384,99429.54163069207,4684.298477801465,5634.775614326729,2556.642283156918,1496.187641594004,2860.690022392855,499059.64181855373,498602.6207852123,22874.14615076365,[-0.02072915 -0.03158866  0.99928597],[-0.79815659  0.60244491  0.00248709],[-0.60209332 -0.79753513 -0.03770087]
2,56108.36441521118,35569.25306790932,12941.36491126594,645.4026624988655,679.7140524580464,642.8282618911626,54.90367726927798,95729.7344704331,95716.27095782694,1605.4705564054423,[ 0.18310048 -0.57812889  0.79513596],[-0.5284066   0.62416803  0.57550041],[-0.82901187 -0.52552949 -0.19120166]
53,53010.470876478306,107734.31900351669,28985.889492733666,4257.014180404777,4245.829020539791,3822.4411577409655,4353.877819893929,900515.5759933701,900012.4037797368,40857.59851674971,[ 0.39807486 -0.41601347  0.81759966],[-0.81087455  0.25720182  0.52567071],[-0.42897422 -0.87222704 -0.23494915]
13,202150.9148816277,28565.071186679615,2701.5219822816093,1670.3196837726978,3773.980455850599,2027.6126230777431,1339.3659569355862,736342.8533944313,736201.3608122951,15846.351146443958,[-0.06690235  0.38663147  0.91980443],[-0.12351044  0.91157033 -0.39215392],[-0.99008547 -0.13984146 -0.01323318]
19,84033.1695665179,67158.15370382856,102687.94566946365,5324.555484668634,3561.6325007937185,972.2092536269923,2178.3768006304877,648830.297032876,648335.123117816,26591.50257071354,[-0.38400486 -0.59673542  0.70459002],[-0.73000408  0.66346241  0.16404775],[-0.5653621  -0.45135846 -0.69039209]
21,67547.4662496261,181944.31786985593,71009.91121678552,2406.4200515227317,3573.9116330691213,4906.102205781227,2622.717138039648,947459.0448556265,947170.8919836523,27367.3730916599,[-0.93602232  0.35176987 -0.01096255],[-0.1304748  -0.31791352  0.93909921],[-0.32686166 -0.88044815 -0.34347125]
3,22667.33447580154,164518.57519015318,115325.89241853818,488.8164701665786,1001.9198930777607,952.1999394920718,309.57743447735396,350209.11521862156,350202.3745924762,2481.098107868509,[ 0.9834286  -0.0085487  -0.18109421],[ 0.14247918 -0.58123117  0.8011679 ],[0.11210654 0.81369358 0.57038134]
31,122975.2462207898,197793.13304109,190148.91764038376,5518.737440982294,3399.9857284399422,4242.841740513968,3406.2747539544216,1674490.029158692,1674278.336148246,38708.388751018305,[ 0.40175027 -0.7520776   0.52247106],[-0.81931846 -0.04035694  0.57191658],[-0.40904032 -0.65783783 -0.63240447]
12,55109.34091379843,104745.85418726965,54566.87885894257,3170.7291487386533,1815.7807045046077,3118.8802004678064,2529.327531469613,451750.811527037,451604.57237515715,14108.545772005747,[ 0.40370359 -0.58083485  0.70686228],[-0.81133694  0.12975926  0.56999553],[-0.42279519 -0.80361272 -0.41886849]
9,4023.7483295341935,37020.57683279149,91704.91982153748,1522.1649472381885,2296.8125120254344,2179.305805654713,2456.6863248793725,297093.21993792115,297048.592286693,7550.552903600091,[-0.87174251  0.46637195 -0.15020721],[-0.4882839  -0.80155308  0.34509636],[-0.04054421 -0.37417893 -0.9264698 ]
27,10870.157839630518,195053.09653885235,175701.97396645937,5625.069363973163,4007.5887822581503,3399.4292146870152,2795.6112203301404,1365812.495403282,1365378.413153976,37294.83510761764,[-0.59631512 -0.51868551  0.61267742],[-0.80168717  0.42405954 -0.4212733 ],[-0.04130335 -0.74238727 -0.66869663]
482,93621.22177715923,179413.0711524553,25587.98321533336,11027.945148745579,13560.779440765093,12787.26788811459,13728.231388625427,4498620.526490625,4493301.575024292,368249.7841885983,[ 0.82530421 -0.47375605  0.30729167],[-0.32899013  0.03888646  0.94353237],[0.45895365 0.87979716 0.12376791]
24,64052.10436034509,166382.02921257832,65898.84484129994,3982.4694712528967,4371.162632474855,2565.674345572224,3903.876322640228,931636.107721263,931435.339828214,25211.424969275588,[ 0.27583775 -0.44371921  0.85265867],[-0.9002482   0.19161004  0.390946  ],[-0.33684821 -0.87544209 -0.34660414]
57,27031.63048635973,63892.795474280254,69749.6156975944,6327.970452153881,9367.066492398037,4333.528073793118,7001.173971796599,747969.6519538527,745158.7657482225,72670.52829879071,[-0.6566715  -0.41118316  0.63222698],[ 0.70301332 -0.63723837  0.31575231],[0.27304726 0.65180953 0.70752352]
5,170889.16934966226,50249.08222080325,39230.4015270218,2037.7454031518075,2593.622772599593,1069.6742833426879,1550.7099342959148,407912.4346403833,407861.3154899408,6917.844148296905,[-0.09968879 -0.37913125  0.91995741],[-0.3349552   0.88338877  0.32776409],[-0.93694565 -0.27547012 -0.21505594]
45,159588.74214798323,54414.246089165434,189705.4390301729,4733.834706180852,4254.140943266989,5328.632959816564,4671.355592100334,1703324.0170389079,1703047.3973036457,45877.0344940855,[ 0.21899987 -0.97113253  0.09455504],[-0.7461654  -0.10424488  0.65754863],[-0.62870999 -0.21455677 -0.74745511]
79,112329.32526480703,69387.77079988051,103342.58992626985,7611.093185818138,8387.519041116464,6404.273650906759,10959.064446165956,1494321.384115327,1493843.1909366245,62586.36338803481,[-0.61280614 -0.15973462  0.77392085],[ 0.41940531 -0.89578421  0.14720678],[-0.66975206 -0.41479574 -0.61593561]
143,173333.055098964,72970.23274446496,154841.61531058923,7737.35539489983,6910.868563035222,6237.178476727428,7078.4320605805315,2916187.181067463,2914907.7673470667,117140.854963731,[-0.36314278 -0.61771863  0.69753209],[-0.60148458  0.72716722  0.33082342],[-0.71157826 -0.29941866 -0.63561376]
2,81926.24746455393,93125.67083009394,74387.94479247909,788.8869317173812,1632.6925535087285,1490.3234630031948,731.5313671663462,204564.78686820445,204540.4718598155,3153.949555387317,[-0.80680778  0.56046316  0.18692849],[-0.16785903 -0.52080344  0.83701082],[-0.56646673 -0.64392921 -0.51426707]
36,10726.8055139662,144563.3844738403,163088.24185986182,4079.331046182251,3230.441995291266,3955.3347305643056,4020.4949228820337,1309665.9786313083,1309546.9322738259,30974.116219716896,[ 0.13117443 -0.74614266  0.65273608],[-0.99014879 -0.06607933  0.1234459 ],[-0.04897589 -0.66249879 -0.74746018]
44,20564.716317562612,161671.71077994307,87738.48406695483,7653.177218051731,5446.739611695237,3920.222931995228,5875.741793144571,1229389.174201308,1228585.1079317085,55344.97889980028,[ 0.32027961 -0.48307611  0.81489781],[-0.94068876 -0.06055257  0.33382336],[-0.11191793 -0.87348203 -0.47381802]
204,112373.56049393468,25423.992458013534,30204.226277529946,9484.52212654473,16194.417232317857,8550.582699728035,7346.31388876567,1724210.5284090026,1707213.1757926538,272293.2286208798,[-0.29917228  0.21965198  0.92857361],[ 0.13632909 -0.9533217   0.26942924],[-0.94441004 -0.20719736 -0.25526248]
364,52403.86407002723,184074.57403558673,166598.3222010893,10960.02111342555,13103.407987280581,10524.723164509644,9552.815304465807,4852185.837197666,4848665.875265486,334391.5738718898,[-0.96806019  0.05493071  0.24462641],[ 0.1414921  -0.6857839   0.71391906],[-0.20697694 -0.72572933 -0.65610784]
53,12923.797603135834,61131.58898441577,114658.89336548616,4861.821651084203,6478.909317279527,5346.704742953762,5699.866481009251,952870.4061809026,951899.2267289809,57371.06014085878,[ 0.78298391  0.50826074 -0.35861848],[ 0.61427568 -0.72259287  0.31705668],[0.09798769 0.46854088 0.8779908 ]
85,200652.0413410586,46596.29577949784,163279.62173936202,3539.6317262222333,13313.487960223634,6884.635229297255,7275.787865705342,2427167.2098370474,2424747.184614015,124651.12249940362,[-0.59902058 -0.16619439  0.78329673],[ 0.24288004 -0.96984941 -0.02003505],[-0.76300959 -0.17824573 -0.62132505]
18,201026.37192967886,87965.47311523065,134819.29153955635,2556.348719344467,2512.121365412331,4382.393963453228,3375.842303772336,1092876.7305429543,1092762.26483913,19302.11648369795,[ 0.13232909 -0.90881362  0.39565996],[-0.61098559  0.23952972  0.75453437],[-0.78050344 -0.34158939 -0.52357528]
7,3013.8506089449,19717.97694204431,149414.1000948597,1905.9504886536572,3193.4265483360173,1746.2342098664692,1825.3531440829495,398939.08301713876,398877.26372316683,9758.531092637832,[-0.9678566  -0.24608522  0.05191991],[ 0.25071457 -0.96037118  0.12177605],[-0.0198951  -0.13087883 -0.99119873]
78,156474.81749022906,144473.9934934582,41230.28409422173,4729.316835751676,8002.082735410738,7242.763583778309,5164.324137129509,1917803.8318926634,1917248.4012319874,93525.2140301841,[ 0.33840522 -0.57792846  0.7426174 ],[-0.60467692  0.47112371  0.64219021],[-0.72100467 -0.66636413 -0.19002927]
8,109930.39492898667,157803.5429678812,50162.79159879332,2446.3808750114663,2155.7481473949406,2005.7784618725645,1816.108325825909,562245.5480413621,562201.5208738764,9548.061428100105,[-0.399225   -0.01335517  0.91675571],[-0.73123456  0.607829   -0.30958024],[-0.55309621 -0.79395563 -0.2524263 ]
11,117470.24458985712,72098.8429712989,13949.09352653525,1654.769384023591,1927.6256177363175,2641.043789424996,1797.0020047119124,459622.11666635633,459517.63280483126,10593.754604339949,[-0.49662734  0.71360187  0.49409883],[ 0.1853588  -0.4689336   0.86356435],[-0.84794068 -0.52045523 -0.10061286]
3,48262.10584193182,30731.910849505948,110656.00572138774,246.41097823260762,835.3967099971296,1155.5126225589324,897.3807099294128,215779.94370134518,215773.7169379417,1969.4439783694397,[ 0.82451557 -0.52376054 -0.21412375],[-0.41243684 -0.81536713  0.40629091],[0.38738861 0.24668065 0.88830103]
32,44512.05517216394,115882.19573582895,65803.57745875514,4103.036496116148,5190.333274962191,5495.854939211436,5456.325869548893,796141.5425500897,795532.310198659,37271.090959349414,[-0.80783282 -0.02428916  0.58891101],[ 0.4970073  -0.56517357  0.65845469],[-0.31684363 -0.82461438 -0.46863765]
15,25026.36694037776,28442.98797014725,154849.67850079617,3065.566826738145,2586.7414296896923,2272.3253141162872,2761.584425196781,617621.4146809201,617568.7714245953,14231.607624494736,[ 0.43134114 -0.89715805  0.09514333],[-0.88839643 -0.40400868  0.21801095],[-0.15715155 -0.17856208 -0.97129757]
51,28614.021742469293,125191.03223486002,163322.9999280926,3652.5226342072374,6227.809886636567,8320.862956760842,8279.75981834683,1485516.7795751782,1485203.4777437025,52128.79880024988,[-0.97670061 -0.04991317  0.20872135],[ 0.16498017 -0.79663483  0.58151052],[-0.13724966 -0.60239656 -0.78630841]
32,142112.31880230058,71679.83726235412,35602.49595689478,4594.368126268048,2901.974999943565,4272.3062408098185,4301.789332156008,923288.8242554449,923118.5514873762,30669.546660831715,[-0.40027129  0.89397014 -0.20149513],[-0.28360017  0.0882417   0.95487399],[-0.87140911 -0.4393527  -0.21820946]
140,9042.630138137178,154806.62249338673,124942.37489526908,4811.336597411446,9174.018718208277,5958.967845133217,6027.739946183816,2359955.2348884745,2357878.892552782,122866.20016977485,[-0.96443475 -0.12955635  0.23039262],[ 0.26041853 -0.61496365  0.74431304],[-0.04525261 -0.77783987 -0.62683118]
382,145971.13112876244,15302.156764746207,13311.419361809796,13765.708495978606,9798.19684610542,9562.461170519797,13618.04284052059,2900811.1533057005,2897250.6837313627,269204.35093411186,[-0.01436113 -0.58640584  0.80989008],[-0.13627899  0.8035633   0.57940837],[-0.9905664  -0.10205004 -0.09145487]
118,191477.36024968707,31287.020241312268,121550.94555019666,5594.874712363947,5843.5714404683085,6515.878727095259,5005.294691051446,2488794.6582965516,2488391.8520748913,98520.1613976636,[-0.15535889 -0.8697966   0.46831346],[-0.52576317  0.4741525   0.70622411],[-0.83632333 -0.13650378 -0.53097082]
19,56888.40300555651,41362.332413372686,83590.04238281753,2811.914768239007,3108.3550303857046,6099.903109236903,3233.818877260612,477160.9737342534,476512.03492272476,29043.09722509216,[-0.66816934  0.7386305   0.08930128],[-0.53205622 -0.55826631  0.63659634],[-0.52006337 -0.37784086 -0.76600939]
4,69954.9799832738,164104.74876026312,104123.88842235948,1098.2457102016078,1318.7743849675662,1101.6944227309045,1865.7632265774757,413134.0019844255,413131.52011951036,1652.6498726734123,[ 0.71886276  0.12717592 -0.6834198 ],[ 0.60706288 -0.59384287  0.52803911],[0.33869012 0.79446644 0.5040953 ]
6,177193.2134639787,202257.78111986385,170894.27183363246,324.733082520265,979.1992651066874,2674.568097052873,1655.478847198657,780453.6507833658,780438.2277355819,5731.285760589651,[ 0.7190288  -0.69118679  0.07251489],[-0.4167906  -0.34536416  0.84083839],[0.55613235 0.63481054 0.53640693]
55,26618.45249561784,196752.90692757687,40554.11650197058,5561.761581874772,3861.8950289737963,7688.587282800366,3118.494975293581,1504506.5292620903,1503293.2043134666,72475.9763351849,[-0.86918282  0.20982576 -0.44776597],[-0.47669035 -0.11477185  0.87154675],[-0.13148204 -0.97097918 -0.19977963]
69,84661.72674261217,89596.25948853981,107069.07942689228,6327.100564880259,7142.99588641546,6364.013483447588,3052.310319480065,1358417.584201381,1357704.1837802974,91770.55833484397,[-0.74105525  0.67101167  0.02409266],[-0.42667088 -0.49830806  0.75474568],[-0.51844872 -0.54902861 -0.65557495]
11,89898.88482437353,167828.8676621517,3777.8026281659504,2342.31577956362,3595.0203509119233,2174.4528985821125,3656.529493301039,631769.1695494594,631701.7743072578,10347.076751666973,[-0.63048728  0.32187643  0.70631534],[ 0.61615771 -0.34586197  0.7076222 ],[-0.47205452 -0.88134843 -0.01973493]
103,138118.96744571274,139572.1869270997,4260.3069752732,14250.436538819291,12761.429308680668,3674.5949880879643,7554.349705463799,2002726.8114642925,1995199.475027684,181545.07715472011,[-0.03900659  0.0087705   0.99920046],[-0.70953363  0.7038568  -0.03387675],[-0.70359116 -0.71028775 -0.02123209]
38,134219.1449288616,146643.14455616727,23989.15591742883,6884.51679128539,6136.982993129928,2849.6332439909975,4460.393883319625,1235670.932144718,1234736.3541081792,52961.04397478556,[ 0.02196913 -0.18099997  0.9832377 ],[-0.74173265  0.6564668   0.13741916],[-0.67033576 -0.73231848 -0.11983158]
147,68521.8749092306,85647.40926785894,137260.29340524002,7246.452599445146,11651.17158400824,5439.366169361637,7281.345729521639,2135806.906878843,2134085.4254637123,155444.57744138542,[-0.74522615 -0.33095804  0.57888233],[ 0.54143705 -0.80705132  0.23561425],[-0.38920932 -0.48901425 -0.7806287 ]
8,182947.92612475163,92271.19813850756,130460.10541991153,2037.7249133608072,1573.692012763293,1370.0512114434475,2427.9126412105115,687092.5512104385,687080.2066227781,4562.698813645942,[ 0.65342442 -0.52631542 -0.54408511],[-0.07598568 -0.76071899  0.64461834],[0.75316844 0.37986669 0.5370648 ]
4,18657.77362437004,42224.39669311559,195862.01290732648,412.86033628894984,1141.2252047148638,589.41069855717,695.5782604147307,402465.69444992184,402460.0558470934,2313.570806073352,[ 0.97462194 -0.21916476 -0.04559473],[-0.20375168 -0.95285525  0.224838  ],[0.09272175 0.20984205 0.97332882]
33,59459.874033473796,78627.71749513267,100624.1523294845,3883.843080121922,4673.944427007047,3472.9766365766536,4281.326188969964,810114.4155032153,809678.019358617,31757.61389667353,[-0.3216801  -0.64442023  0.69371787],[-0.84777342  0.52230537  0.09207246],[-0.42166592 -0.55849769 -0.71433758]
3,80452.32141532771,203558.54448393732,5662.857767692297,1212.1311998549145,739.7020853096772,2196.2715137454143,913.4104236914599,379265.95088821603,379242.2169837179,4250.835519856731,[-0.83242776  0.31634134  0.45496393],[ 0.4147835  -0.18872448  0.89013354],[-0.36744887 -0.9296834  -0.02588633]
7,136305.1107976174,76527.83343444178,19593.630197984334,3797.2101119713675,1082.337988153986,2252.986510709521,3121.1186275100954,416972.6809807977,416916.7453100702,8750.874798551617,[ 0.33702092 -0.74704259  0.57301333],[-0.37097181  0.45401515  0.81009269],[-0.86533047 -0.48558997 -0.12411914]
4,119842.28507108297,94125.69738400729,193686.3989208836,933.1121131787239,2109.2120122584106,2309.152724532927,1994.6767064799517,492928.7600469392,492919.51681197353,5170.237064121081,[ 0.75359729 -0.63858221 -0.15589703],[-0.44233396 -0.66807628  0.59834334],[0.48624252 0.38195137 0.78592707]
35,79422.70902964263,57650.53241207592,5699.047677968953,5844.489249778934,4491.961253991036,3435.450947044079,4177.691950658543,583330.721854399,582340.5629830022,41430.49729032949,[-0.25143396  0.25535194  0.93358254],[ 0.53191156 -0.76939413  0.35369868],[0.80861057 0.5855152  0.05762716]
30,200126.8027629425,174285.88565143602,8041.8719049627225,3078.75042905394,6749.423991503419,2905.7940212722597,6410.334420194261,1454788.9820630853,1454711.6122885435,25893.94309851802,[-0.19363907  0.26584395 -0.94436799],[-0.62818788  0.70578393  0.32748898],[0.75358072 0.65665519 0.03033261]
6,125592.86051931838,177280.11473876305,23093.41368188411,1456.538176474185,1639.899782918898,2229.336466893672,859.2776735037653,535213.3975770804,535192.5557664713,7365.684258209419,[ 0.60137157 -0.50651149  0.61789833],[-0.55491867  0.2916116   0.77911998],[0.57481955 0.81142392 0.10570575]
45,30120.818734525594,172150.50052401272,104487.60508815656,4088.413965480933,5950.264572990119,4619.082738748993,5974.1336128017965,1366871.7344064664,1366757.0400453669,41383.49437807142,[ 0.19378907 -0.53346902  0.82332047],[-0.96989875  0.02195657  0.24251665],[-0.14745241 -0.84553457 -0.51315599]
3,112849.44519978121,58577.951232806285,23111.4452149632,441.67211794094925,1275.8690869140298,690.6343430513988,286.89700216881295,223847.5909526413,223835.81199679096,2580.6896492015035,[ 0.0085257  -0.38116681  0.92446697],[ 0.48723328 -0.80574771 -0.33671109],[0.87323023 0.45330177 0.17884759]
16,76184.23437734519,115419.95465157372,101716.87283389301,1653.0957012225417,3033.2940453993683,4431.922945616542,2212.910002918387,687005.842395327,686813.3082373927,20709.717261863938,[-0.89615683  0.33796853  0.28754168],[-0.00699862 -0.65868409  0.75238706],[-0.44368228 -0.67224441 -0.59264956]
69,99885.91136404156,161675.47771847478,66707.92006648173,9942.668213599947,3419.6329174955395,3251.261480742633,5666.534322274653,1675362.4296439406,1673855.4468386653,78774.85379682362,[ 0.11161351 -0.43717773  0.89242258],[-0.86071935  0.40632372  0.30669729],[-0.49669368 -0.80235695 -0.33093611]
9,95082.38704818794,94391.40781479276,2654.301253348985,4503.913787880287,1120.0413748357098,1620.5875800032711,3622.2711722035615,402258.12607599935,402191.43533153244,9971.018232343258,[-0.04845742  0.02063826  0.99861201],[-0.70262036  0.70989191 -0.04876579],[-0.70991303 -0.70400819 -0.01989867]
5,59748.65319641404,171679.43752391313,16229.287415646342,1378.447586093512,1438.0350525094764,2101.6395385081782,911.3694005698795,408120.30282338685,408111.59712147265,6148.024457212054,[ 0.93149858 -0.33706158  0.13674756],[-0.15861282 -0.03806889  0.98660668],[0.32734138 0.94071263 0.08892341]
22,37468.12901674598,129792.1118761395,3146.0730856410646,3252.8792724110426,3045.716036472485,2016.5849547293774,3000.7274466142185,634172.664649077,634015.309897303,18202.14627807776,[ 0.30817821 -0.11196446  0.94471697],[-0.91003518  0.25470294  0.32705106],[-0.27724028 -0.96051568 -0.0233977 ]
28,192894.3546381718,87204.4818976312,5241.392264342135,4663.083982271635,3883.004574555292,2365.0396797569383,3532.301262517885,1120966.4555353324,1120726.862480929,28965.9021753599,[-0.07345462  0.10302983  0.99196233],[-0.40576698  0.90551251 -0.12409772],[-0.91102007 -0.41162112 -0.02470797]
22,86531.60291771057,12577.224006874747,127738.77387073632,4074.4285809394823,3342.931330926295,4007.2582235084033,4184.292455582357,726568.8024224225,726514.327927269,24078.62935954259,[-0.37199418 -0.86494741  0.33687729],[-0.74100993  0.49528949  0.45342322],[-0.55903902 -0.08095862 -0.82517942]
72,68478.18001611844,84087.48548616808,42505.584991891286,6124.2138977829745,3911.0798366093686,5811.490029320676,4774.079681293708,991001.8876952946,989633.4138209234,67907.45519173182,[ 0.45427845 -0.66814608  0.5892469 ],[ 0.66908481 -0.18081467 -0.72085475],[0.58818076 0.72172493 0.36490618]
7,103154.23758822081,158187.4348804076,77371.67115460696,2601.420368692501,2947.766373915151,2055.2635693937764,2296.76352753185,540064.4732870595,540010.936899495,10009.955752700178,[ 0.24406854 -0.54979644  0.79884568],[-0.82765471  0.31120494  0.46705372],[-0.50538919 -0.7751615  -0.37908628]
14,8424.332275686082,84968.31108390403,43982.89451208308,3554.0326966221223,1834.5293746324915,3708.3217499061057,2775.8470099270285,359829.4322529287,359650.66168698954,17587.64241568295,[ 0.53572539 -0.42980769  0.72681749],[-0.83984464 -0.18200964  0.51140343],[-0.08751734 -0.88438557 -0.45847887]
2,112438.97020767287,125278.65971836096,23372.198767281094,655.3211547405081,518.9768360649687,723.5727688597599,915.6187402814539,240352.85152347235,240351.25403199325,876.3108538687864,[ 0.74558634 -0.62710782 -0.22547016],[ 0.07994928 -0.25171933  0.96449235],[0.66159589 0.7371385  0.13754167]
67,52700.6692753507,154866.0357289983,19957.070497164776,8216.416191076942,8447.547773586975,6317.866260369734,6510.491180176649,1352786.5723220983,1350631.4578940778,95102.38770130977,[-0.43757814  0.03253764  0.8985915 ],[ 0.84083238 -0.33931939  0.42173838],[0.31863189 0.94010832 0.12112005]
143,115014.16763421931,107891.85830514618,69756.59663869253,6001.339971214564,8410.4965955335,7303.453935073838,8133.837244493867,2066754.642655874,2065245.6004383904,115118.67219536722,[ 0.13739032 -0.63678414  0.75870275],[-0.73300242  0.44981469  0.51026875],[-0.66620669 -0.62623694 -0.40496413]
56,172996.4929920234,47051.4004851511,198062.219862746,3550.2362745034116,10254.76878130646,3385.9364435615794,3820.7011869185926,2000836.9346946948,1999540.531875292,80202.36912820807,[-0.76196384  0.16117304  0.62724346],[-0.00884458 -0.97103637  0.23876795],[-0.64755917 -0.17638484 -0.74132011]
79,193506.03679004448,25023.363506017464,85302.70852935,9629.514089929113,7221.45608040106,4981.415365488105,8128.481763457931,1895813.2898494198,1894568.3369095298,90490.64667202742,[-0.23822733 -0.6414882   0.72920548],[-0.34192894  0.75814861  0.55524345],[-0.90902824 -0.11706229 -0.3999551 ]
9,144365.40472525178,95156.51959971694,199085.2469175625,2432.4397771602544,2533.159317411932,3497.8203895976694,1973.5306205805632,791173.5231998626,791113.1280874148,13636.175116129321,[ 0.45664351 -0.88489439  0.09186198],[-0.70127904 -0.29449423  0.64921556],[-0.54743439 -0.36088095 -0.75503677]
25,152807.93749861125,175383.74383024115,168326.90140499573,4679.905347492895,2539.4552440724374,3470.06399793822,2648.1250675521223,1435960.3656789132,1435752.696189367,28897.458306165012,[ 0.34922207 -0.78916093  0.5052415 ],[-0.77122565  0.06418151  0.63331804],[-0.53221701 -0.61082384 -0.58620755]
118,77827.45082844853,128509.45002519772,136591.5740353223,6891.802801164133,6120.274733786613,9160.76942929539,7325.2492000636485,2209219.073064759,2208088.118259394,116652.73257512719,[-0.89628087  0.07902256  0.43638978],[ 0.22273704 -0.77068027  0.59702608],[-0.38349553 -0.63230322 -0.67314473]
21,42962.324574574006,28249.215532386614,142666.7393329488,5078.238804561163,2476.5108851661093,2072.2778217272507,2808.299387103139,695409.0731305915,695148.3978755845,24377.711944225204,[ 0.09444604 -0.98159753  0.16597057],[-0.95427014 -0.04176608  0.29601369],[-0.28363436 -0.18633808 -0.94065385]
