N,MEAN_X,MEAN_Y,MEAN_Z,SIGMA_X,SIGMA_Y,SIGMA_Z,SIGMA_R,LAMBDA_1,LAMBDA_2,LAMBDA_3,EIGEN_1,EIGEN_2,EIGEN_3
562,19500.99112323981,115313.25595403128,90974.5401258212,11211.83312861155,12239.211109742117,16030.681908005063,12188.32521742047,3545450.6176907923,3533519.160496122,467558.4840683369,[-0.93067544  0.30953546 -0.19501544],[-0.34212754 -0.54756784  0.76362177],[-0.12958384 -0.77740418 -0.61550855]
2392,116080.5986632328,93919.95408785176,144527.2101328065,28229.394306334045,24945.814249285864,21709.363725277246,21466.58778212948,10335841.248411631,10272078.345549645,1813858.5593950073,[ 0.58419951 -0.80955225  0.05775888],[ 0.58557537  0.37115395 -0.72065681],[0.5619719  0.45482953 0.69088181]
394,100379.63721364627,173847.6207053122,188994.88741157757,9542.528165876995,15245.198681884096,11666.50082906845,13127.32932701169,5486485.089363434,5481738.087601622,336853.4345861459,[-0.78802821 -0.18413438  0.5874573 ],[ 0.49687268 -0.75363385  0.43029474],[-0.36349565 -0.63097587 -0.68537607]
7,79742.16871404232,35124.85069820354,29294.673204045357,1272.5348645681404,2635.859670678893,3531.9571849768085,1490.3740873893269,243478.88548987504,243290.8481907891,11516.589273750255,[ 0.1362369  -0.79850133  0.58637457],[-0.47897762  0.46502399  0.74453551],[-0.86719084 -0.38229351 -0.31911084]
525,191585.50990396552,138243.8412824824,39562.75588781309,9567.083988252278,11562.888212313184,18118.22688227274,12790.404168179239,5510439.094412758,5500928.02616233,454625.4512344045,[-0.584516    0.81134849 -0.00739463],[-0.13978157 -0.09171646  0.98592556],[-0.799251  -0.5773229 -0.1670213]
129,195314.93635224763,172462.32627534232,160059.74809050307,6655.990803340756,6542.072685320709,7642.650331290263,7569.876722846079,3475363.7301807264,3474730.953805906,106260.64571207792,[-0.72441418  0.67004395  0.16206544],[-0.25931203 -0.48268603  0.83652344],[-0.63873419 -0.56396392 -0.52341506]
1294,94175.90276810802,158493.00035029626,110292.19976093638,34791.267822072514,14381.199912648392,21944.91403862146,16415.636495417326,7874007.83267988,7764944.02057891,1437038.3665185724,[ 0.40208082 -0.67181975  0.62208459],[-0.80123733  0.07063952  0.59416226],[-0.4431137  -0.73733865 -0.50988427]
53,18201.695676140575,184413.09292013574,144888.1408340066,3895.0591834511915,5770.513972450272,4668.951146260972,5892.036483560517,1713403.3841492773,1713185.9546035256,43474.848418770605,[-0.7277852  -0.37796858  0.5722486 ],[ 0.68145635 -0.49238127  0.54145908],[-0.07710997 -0.78402834 -0.61591689]
113,25769.44760650167,197018.8478155075,30249.121164269407,5971.9338886778,4031.1384178950225,14817.441488809014,3840.4209270291353,2142931.5191090386,2137718.190099761,169531.25011669644,[-0.97842488  0.10040487  0.18056472],[ 0.1618331  -0.17083492  0.97191845],[-0.12843211 -0.98017054 -0.15090031]
508,151265.86450121668,15192.465836301659,175278.2037055881,12543.33414946317,7827.228921093545,14497.544137632602,13982.101567538322,5247254.933881869,5241934.955828966,346480.8793309569,[-0.07169332 -0.98662939  0.14636433],[-0.75515848  0.14955712  0.63825413],[-0.65161011 -0.06476971 -0.7557838 ]
177,35832.422402884935,14798.697671487655,120062.59203456884,11480.236606798855,12489.766500478769,7850.413290369843,10718.436662431046,1695384.989128501,1685611.0415627647,207480.01425869454,[ 0.74889817 -0.64708685 -0.14293402],[-0.59713681 -0.75246955  0.27787985],[0.2873659  0.12275255 0.94992245]
369,189751.16405824563,51880.35227367952,16342.225187036938,10115.519479048184,9604.219344805275,8762.786584120377,10694.190476947868,3801988.008422199,3800426.5356924403,239667.35538736574,[-0.24172593  0.65859387  0.71261679],[ 0.13324063 -0.70491108  0.69666872],[-0.96115322 -0.2633524  -0.08264382]
1422,104032.82876899639,26910.4285997878,76451.50649062733,17202.964990921406,17631.732898847968,24417.41495926606,18298.953281505375,5094409.897807782,5070914.074856283,1103000.644138976,[ 0.35060922 -0.92275095 -0.16001208],[ 0.51007244  0.33144254 -0.79370772],[0.78542936 0.19666349 0.58687664]
880,19363.741082469925,145469.2395311957,30733.4827429344,12982.327305890936,12297.321884041634,12809.007145270874,13450.72365037337,4485914.990062214,4475067.964172901,517777.9404544971,[-0.63211301 -0.08011875  0.77072312],[ 0.76387505 -0.23143774  0.60243795],[0.13010784 0.96954503 0.20749552]
418,64427.86597973065,187608.3149227647,167130.38170172786,14712.990276069911,10192.481870504731,19470.58672186567,16799.616745651998,5324457.054555226,5320848.647124137,412173.49438647536,[ 0.00707126 -0.66825252  0.74390091],[-0.9689063   0.1794172   0.17038207],[-0.24732687 -0.72197509 -0.64620537]
1073,103747.21573990138,125692.64911214514,50097.292629777025,24348.161527840923,11162.557405710624,18778.34017939482,14618.6239581035,5658411.612132131,5637242.939890506,942574.1171707604,[-0.3115034  -0.12089366  0.9425234 ],[-0.72525278  0.67112703 -0.15361285],[-0.61398211 -0.73141864 -0.29673681]
541,94089.59058838805,181618.31217893143,25081.505378827733,12796.516332680381,12467.067067948861,13601.599237817056,13621.713627736772,4816726.995958012,4808573.270216853,414414.40113095316,[ 0.76182922 -0.45784703  0.45824921],[-0.45884696  0.11793425  0.88065372],[0.45724797 0.881174   0.12023596]
1730,175633.88044724808,102059.24003879959,72207.10007359635,14117.60052439105,23676.600328935754,32097.774727760476,24549.625804005893,9098469.96462195,9060919.866556002,1456939.2474261753,[ 0.39333358 -0.87441919  0.28404185],[ 0.43581299 -0.094702   -0.8950411 ],[0.80954044 0.47583885 0.34383377]
378,163450.15494255527,195164.005771095,14742.449779451152,14797.91594188049,5894.979341825972,10596.610050354475,11023.582213837859,4969308.215806329,4964485.472659206,305637.31708314817,[-0.4888977   0.3493012   0.79935456],[-0.59052102  0.54193749 -0.59798719],[-0.64207784 -0.76439024 -0.05868229]
348,194807.9047804633,38882.92998299503,143638.40393506526,6512.293612951681,13565.207577929286,17761.052815488303,14876.047364147036,4589559.113438454,4585374.070391042,335945.4245712363,[-0.32361238 -0.70719336  0.62861163],[-0.51622021  0.68873437  0.50907923],[-0.79296389 -0.15975769 -0.58795047]
74,84216.47605681121,85770.14823430056,111795.65492203328,6096.122691969584,6320.907795379572,3950.8432095065264,3387.654872876763,1413918.714523362,1413043.8461699106,77783.09080635518,[-0.64833054 -0.28387584  0.70645737],[ 0.56236268 -0.80405184  0.19299962],[-0.51324042 -0.52241281 -0.68093254]
1636,23570.82339749343,41522.18746476963,34385.46320996786,13307.218728059946,17989.66109127021,24079.75094672781,17775.779378523002,2676285.9102133727,2516957.9753068797,1168648.2743508036,[-0.89774639  0.43170545  0.08764604],[-0.19828782 -0.57369028  0.79470838],[-0.39336162 -0.69606743 -0.60063031]
142,40001.577916763825,80943.0812865697,185311.6805775729,5018.202157519836,9990.085902750801,8541.298215009121,8321.612925492956,2461296.063485286,2459286.190821899,134046.76358834904,[-0.96851981  0.22266288  0.11131312],[-0.15642049 -0.89219692  0.42369481],[-0.19365433 -0.39294517 -0.89893943]
170,180600.99587560695,184472.17959215638,60238.612834817475,14732.93776867342,9435.783438900651,6238.837542137902,6959.2300794608045,3463930.5883535217,3458553.4581090705,224795.1619296695,[-0.22219783 -0.09897134  0.96996536],[-0.69680639  0.71196619 -0.08697694],[-0.68197432 -0.69520415 -0.22716121]
27,106387.60225720124,151428.84654513994,32191.43659214347,4500.0881292686,3400.411820077748,4533.791916973046,5174.701049681632,976706.008334405,976520.1677373777,26233.216626097535,[-0.7649905   0.43691898  0.47317158],[ 0.30634278 -0.39940489  0.86407745],[-0.56651888 -0.80596373 -0.17169397]
88,181069.29282042896,161749.93888152388,96464.44756525602,7307.065840449524,5016.3805600897895,4496.850964513422,7071.973457937768,2452296.5549755143,2451972.2696563355,65225.89899376921,[ 0.50693574 -0.78278127  0.36092886],[-0.51227262  0.06316596  0.85649683],[-0.69324809 -0.61908283 -0.36897633]
3,97119.80992929004,159509.10985133704,37595.75524417861,814.8676485402185,688.3119524940169,313.3947014052431,982.7348367488871,329954.87636134867,329953.79994011845,901.0968500066978,[-0.40143441  0.43446186 -0.80628364],[-0.76086894  0.33184435  0.55763589],[0.5098322  0.83733041 0.1973548 ]
99,44132.157758314184,166193.332767602,178557.14375731384,6274.500927703253,7267.638069944543,6343.862574450589,7876.316703176512,2468808.742717238,2468081.022430463,83576.34697301396,[ 0.51726932 -0.6863017   0.51129485],[-0.8371457  -0.28162493  0.46890775],[-0.17781881 -0.67057988 -0.72021045]
4,42001.12723434353,40485.03107198935,167188.32194746536,1107.657591368126,701.1758698219718,687.6526017940032,599.0930262565342,354158.9338528516,354149.9554875433,2707.2784171827207,[ 0.3097154   0.90339513 -0.29656974],[-0.92077286  0.36276582  0.14345139],[0.23717866 0.22864427 0.94417588]
108,142769.00031091814,51166.24139414587,180225.68658443453,5961.74309251141,8576.987049629215,8982.05572167616,6877.2507480204085,2451004.242207954,2449941.3279480757,124617.04141005324,[-0.2651445  -0.85162727  0.45213867],[-0.75034539  0.47673506  0.45793611],[-0.60554124 -0.21784093 -0.76541828]
141,138171.77798673467,5909.950045644928,95401.66445064885,9245.905874630853,4581.121901904448,10486.863429363913,11092.510579748869,2002190.1816624445,1999878.9563381658,114058.25198928891,[ 0.2292654  -0.93390034 -0.27434928],[-0.52137555 -0.35583794  0.77559454],[-0.82195189 -0.03477798 -0.56849413]
97,21533.555531233957,135516.01219053447,163228.4118397628,10792.15873213592,11308.85918839613,4966.549466462114,7856.3091459765565,2106051.222407904,2101948.1610294934,141712.18857276536,[-0.58312743 -0.58566372  0.56299237],[ 0.8062741  -0.50204234  0.31285071],[0.09942069 0.636358   0.76496015]
18,66219.19197319978,198764.31363873603,93253.51773600877,4227.527205110717,2603.6405102824688,4639.938626907399,2369.2374842325144,973327.122568535,973011.3542548695,27018.132773872545,[-0.69487588  0.48190238 -0.53377674],[-0.65861303 -0.12842915  0.74144105],[-0.28874971 -0.86676182 -0.40662951]
173,108141.63368896094,88701.21627177796,39147.62668941056,6856.162624492746,5541.665022786827,10161.846754916392,5048.284410048783,1917900.6846366823,1912176.908588255,163538.14995924133,[ 0.44968265 -0.75703176  0.47401311],[ 0.49359035 -0.23168204 -0.83826726],[0.74441526 0.61092254 0.26948018]
231,165546.81729841646,152874.60431062194,147591.49976537624,7279.961226030989,6516.32333269552,7178.626148063998,6842.91956069288,4097202.0576931927,4096371.2385399304,152132.62065648692,[-0.78679827  0.48989957  0.37542895],[-0.05537728 -0.66184626  0.74759139],[-0.61472095 -0.56741338 -0.54786879]
8,148837.88858762756,65553.81327410642,107534.74653725346,1534.9408251852226,1821.720163596276,4293.387732911772,2781.244046165662,551609.4674909393,551544.8637621904,11438.725272697018,[-0.52108887  0.82513061  0.2182335 ],[-0.38189367 -0.45407531  0.8049676 ],[-0.76329785 -0.33611766 -0.55172575]
6,128140.91120406314,61496.38018908929,28969.581163138602,980.356612742677,2508.322853737802,2262.68318622359,1284.3454758828345,355377.6529242805,355364.99701776897,8032.889303447173,[ 0.4685979  -0.80803952 -0.35705482],[-0.00990267 -0.40895643  0.91250018],[0.88335607 0.42405987 0.19963788]
37,54445.6481320834,108274.90151129119,29375.602417164402,3336.8874188683667,4403.8986854193945,2916.758003819313,4574.002420773086,759312.3206784974,759223.1372290336,25810.793402232608,[ 0.15084918 -0.32879093  0.93227735],[-0.88697312  0.37138857  0.2744981 ],[-0.43648964 -0.86831276 -0.23560506]
61,91324.31098542063,90763.40294927139,12825.424138060544,4763.23025402146,6391.112637889143,6454.044457057063,4786.06073752767,1013022.1464069418,1012023.8731837958,70895.2695619218,[-0.60769221  0.5281963   0.59305888],[ 0.36455008 -0.47791274  0.79918875],[-0.70555894 -0.70186044 -0.09786985]
70,55401.63933048487,13984.594862497306,188843.0327469288,5779.863874969599,7073.793827599784,5067.9096592531305,4643.93927486779,1652588.3028758033,1651608.6485846462,78377.69708795038,[-0.78782464 -0.55272061  0.27172094],[ 0.54819355 -0.83038719 -0.09970425],[-0.28074218 -0.0704062  -0.95719736]
107,76136.00384213495,130068.36251299051,132758.40086148118,5603.724588513652,7576.5956237763985,10209.792210780417,8705.47305983454,2081737.6142007175,2080301.3442684358,112378.97095594308,[-0.92303514  0.31587477  0.21961163],[-0.06679982 -0.69376222  0.71709955],[-0.37887191 -0.64723807 -0.66146728]
5,182134.4430949032,92498.29725352227,130516.12011418992,2077.4764752276856,1239.4551727345984,2166.2401107046567,2675.0957500746517,542093.1159852865,542085.8742789046,4109.222146058096,[ 0.64234293 -0.23581544 -0.72923703],[ 0.15126299 -0.89376581  0.42225844],[0.75134218 0.3815413  0.53843399]
55,119888.4294047111,42128.78229727318,196294.54003827457,4906.860602773948,5333.59375972436,3703.4909817653474,3207.05772154907,1734854.6699113527,1734718.319954324,55460.353152590724,[-0.70443998  0.64720643  0.2913557 ],[-0.4907827  -0.74071311  0.45877711],[-0.51273448 -0.1801886  -0.83942565]
224,46078.09867648316,74158.41210668444,112241.7848041279,10756.10865033419,7411.333036409046,8661.101201926313,5529.773737178221,2137277.469104385,2133750.2446428165,219440.3056452454,[ 0.32878975 -0.84458219  0.42258516],[-0.88725598 -0.12295305  0.444589  ],[-0.32353382 -0.52111752 -0.7897863 ]
221,12234.947847772368,45990.500448533756,164182.35869413175,8719.485633342856,12948.426957925449,8767.050265703461,8520.606283426741,2551962.557509555,2547674.9948266703,232504.1448781621,[-0.97746963  0.21064001  0.01356145],[-0.19863299 -0.93967996  0.27847173],[-0.07140071 -0.2695039  -0.96034868]
3,1299.6615239812536,176612.1975397593,133515.9729735848,498.69773188876667,295.70029129106234,3119.648300557231,1975.5100672364013,383523.2990729813,383499.8856536518,4308.329997253503,[-0.98690153  0.10184698 -0.12511018],[-0.16121743 -0.59448432  0.78778001],[-0.00585697 -0.79763124 -0.60311699]
16,171049.70471306343,199388.40282451373,88677.62397197855,1921.7086405538118,3012.53034773646,2882.348079788373,2945.4587634242444,1109201.6045280013,1109155.7279423445,14087.447420142647,[ 0.73482042 -0.67181737  0.09327579],[-0.28193092 -0.17746001  0.94288011],[0.61689051 0.71914489 0.31980733]
30,10581.52696207621,70944.10584693209,53965.2059034975,4045.083802669484,2341.2822146909093,4720.99040694731,3234.2531479095455,492764.2944305,492212.45738671155,31541.54727444912,[ 0.60005503 -0.53903701  0.59107788],[ 0.79142556  0.29238801 -0.53680055],[0.11653128 0.78990402 0.60205656]
11,5116.512943371398,41236.748600327075,191137.13802626077,3703.682335289119,1050.0317805384846,2517.2427566520146,2433.369360070901,648906.7301709339,648798.6121774118,12924.266700089656,[ 0.07025313 -0.97548386  0.20855634],[-0.99718859 -0.06321399  0.0402356 ],[-0.0260655  -0.21079668 -0.97718235]
124,143049.0365672601,197403.62512032126,92085.38697838514,5792.16702496134,4890.732486015601,9396.403263320204,5716.669938734708,2904374.7617568434,2903206.8185348366,118568.01289843573,[-0.69524975  0.64849978 -0.30996099],[-0.46414575 -0.07579583  0.88250989],[-0.54881372 -0.75743186 -0.35369545]
20,69003.19476880522,196836.45465112274,3208.064688665985,3995.099627621978,5264.804455409814,1881.586060262445,5680.23552447392,933381.630787139,933293.8746953772,17405.36606118225,[-0.0510584   0.00159792  0.99869439],[-0.94229926  0.33120978 -0.04870513],[-0.33085518 -0.94355579 -0.01540532]
304,151148.29262960135,15384.580293743293,13928.833550609213,10254.325569707808,9024.897006215502,10390.579350509437,9750.401182375637,2672887.0976358107,2669627.6952484054,244891.7805514712,[ 0.02404676 -0.79852748  0.60147787],[-0.13270072  0.59377824  0.79361069],[-0.99086441 -0.09890031 -0.09168673]
172,146255.6359537275,143032.91215510943,195387.9320933318,9581.433044149828,12954.160153712735,6865.601289830144,9083.864805945592,3715500.8410150623,3713637.503258698,195621.94265259657,[-0.8505593   0.39359971  0.34875226],[-0.09509947 -0.76736938  0.63411381],[-0.51720882 -0.50618524 -0.69012429]
7,199542.04578004373,2479.5788080856323,93692.76269416731,1885.9721390934023,1794.2671164801463,2554.0683289783174,2547.5243615404484,583338.7372696382,583331.156041981,6929.319385699224,[ 0.21380567  0.85196358 -0.4779594 ],[-0.36753431  0.52347876  0.76869274],[0.90509981 0.01131561 0.42504857]
84,14041.809746094446,62076.959076683415,113094.89635278513,5376.08992183924,6058.129478611664,6227.701675046974,6562.001818392715,1192569.047173327,1191398.0090710663,72143.39813538978,[-0.70076716 -0.5853193   0.40783171],[-0.70523405  0.65458757 -0.27232342],[-0.10756541 -0.47845211 -0.87150058]
48,120549.89843078521,146204.67352932124,153161.78229406007,7514.413770420535,4704.1978042784185,3909.472856744522,5194.684911662501,1689053.8384066066,1688823.7575519243,56383.17770656399,[ 0.48166437 -0.79149218  0.37621745],[-0.72307293 -0.11637881  0.68089757],[-0.49514136 -0.59999675 -0.6283621 ]
173,194108.86028170792,182508.4612026716,108989.52008854046,5354.32288310719,5569.540110027231,6947.778862076857,5757.726278534913,3788089.4127428913,3787683.792305063,113689.65708298836,[ 0.26364695 -0.68572933  0.67842875],[-0.68987602  0.35753365  0.62947658],[-0.67421166 -0.6339913  -0.37880557]
38,92694.76722856598,92217.04977213053,90679.07101606095,3300.2367414291207,6281.539940714845,3703.3910247036088,3953.115630049888,981917.6450982566,981379.8893801208,42941.80776648234,[-0.33024264 -0.47186961  0.81748325],[-0.74312301  0.66397972  0.08306096],[-0.58198625 -0.58006034 -0.56993158]
5,157386.8319626695,129674.48946398988,92164.39602965461,3308.415343930051,1842.7273910658375,1526.8871966173633,1612.1423221000775,500483.46530590847,500416.1905921053,8384.714787900204,[ 0.00847222 -0.58611926  0.81018049],[-0.71081433  0.5663341   0.41714346],[-0.70332866 -0.57942204 -0.41182386]
67,158098.59093956382,113676.26040857525,22764.091480537805,6019.117807504829,3549.3253405719197,7292.051649603698,4700.528968853792,1606482.6892927166,1605595.91115629,72950.99582295804,[-0.53969102  0.80204437 -0.25584844],[-0.24102549  0.1439805   0.95977931],[-0.80662278 -0.57965027 -0.11560815]
57,168400.4174179619,185118.3965715376,126048.20643258656,8109.190478648606,7916.088408675356,4947.751372215264,5960.132907572911,2117513.000967967,2116036.747598719,82126.50890421997,[-0.01297946 -0.55461857  0.83200347],[-0.79930924  0.50568995  0.32462658],[-0.60077972 -0.66081458 -0.44987533]
59,40337.188381210304,48494.67635556386,102504.00905887503,4165.04135713752,4288.660221587114,4796.576560398454,4619.730380208226,925959.9614635761,925574.4452236136,46666.95385629147,[ 0.43256548 -0.86871382  0.24129528],[-0.83718696 -0.28766572  0.46515204],[-0.33467163 -0.40321798 -0.85171014]
2,130360.7697726896,85244.31371173693,183230.07809341245,1489.7910985964554,532.9250447478917,256.7420498869469,423.04450184473535,340106.90741921775,340099.8789046439,2186.5139631087495,[ 0.20376203  0.8241796  -0.52840233],[-0.81524853  0.44168469  0.3745457 ],[0.54208014 0.35446103 0.76190977]
93,115787.3769501839,10606.932307172727,181457.5158879708,4206.90269133737,5071.651556815789,7064.931966238027,6461.612628504702,2079926.3101253302,2079771.2208165277,69167.46192286309,[-0.54090942  0.78621249  0.29880918],[-0.64733934 -0.6159794   0.44891108],[0.5369998  0.04938929 0.84213533]
5,160673.62770908684,140081.52865054668,99709.19296932936,2456.5031829735335,2624.1981932077715,3785.324444304177,4499.285535899076,526338.2609571653,526320.3948854223,5924.251923195421,[ 0.71620679 -0.66004295 -0.22669614],[-0.14481515 -0.45831852  0.87691089],[0.68269789 0.59522049 0.42383506]
34,168071.38277456324,11630.770188173603,90657.96803922432,4378.853903236335,4285.738119557616,3612.7853716406576,3572.3542965633155,1116201.0028181353,1115884.2783265128,35818.35621611918,[-0.28914544 -0.72176334  0.62885021],[-0.38015667  0.68946498  0.61653788],[-0.87856463 -0.06079248 -0.47373881]
11,46298.42893823301,26504.72595457023,142331.75404451965,1717.3788117389959,3187.862065033314,2323.5627864021144,1512.4754731141218,504305.0442900325,504183.5295975292,13373.085005368843,[-0.88990021  0.40257112  0.214509  ],[-0.33961526 -0.8986606   0.27761592],[-0.30453094 -0.17419993 -0.93643755]
38,26654.36088469586,55520.7708268182,201079.42108656082,3331.325294025825,5657.888695868497,3128.9864430816506,2720.314002016284,1297008.6042539293,1296624.4678432548,41543.392479006754,[-0.97004142 -0.16839456  0.17510831],[ 0.20723476 -0.94971981  0.23470416],[-0.12678093 -0.26396129 -0.95616475]
9,44540.108981633486,6408.365275352006,25447.607300364187,1476.9781760358105,2235.3234838597946,2320.7474745279114,1844.4566211144354,155405.61885245718,155239.30674885734,8969.304640734234,[-0.26565126 -0.71583797  0.64575955],[-0.43342762  0.68699604  0.5832469 ],[-0.86114453 -0.12494976 -0.49276531]
96,114880.38975761305,72583.49343093438,104143.48644644146,7604.230320844398,7910.682640128165,6979.004549134246,10753.529236484279,1681818.1285522312,1681271.747110779,71658.52014887183,[-0.73090311  0.24011631  0.63884646],[ 0.12517727 -0.87301909  0.47134734],[-0.67090335 -0.4244783  -0.60803526]
47,141120.83234834307,91613.7649917091,77157.31581560992,4423.271829065101,5558.579753156867,5623.952114790265,4041.0157700970894,1270189.5090348236,1269550.4384644676,56130.827919227675,[-0.62660148  0.72553467  0.28455235],[-0.16127987 -0.47793498  0.86346219],[-0.76246927 -0.49515412 -0.4164889 ]
15,33413.292890484845,170303.62151297354,202280.23533328634,3502.3496977242803,2286.4500773384684,1440.4058295083362,1604.8592552431235,1032393.0094767429,1032283.0734187583,15979.98959329429,[-0.45501061 -0.64275515  0.61630445],[-0.88162095  0.42257355 -0.21018112],[-0.12533896 -0.63898155 -0.75894185]
31,12255.045439408754,79923.88826780015,93764.53606410381,4997.524415129738,3689.1864987641666,3268.4153322653574,3147.778212903794,690145.8398352355,689919.2464987802,34821.01714131039,[ 0.11867334 -0.76323387  0.63513045],[-0.98796591 -0.0268609   0.15232156],[-0.0991968  -0.64556374 -0.75723672]
32,7093.405159449787,142917.74257090804,200970.02217876248,4148.8288899342815,8213.341103254652,2001.000974227454,4735.717671032808,1396477.5701881323,1395982.043554901,45865.11895726489,[-0.91932204 -0.30463509  0.24908722],[ 0.39246895 -0.75574877  0.52422506],[-0.02855001 -0.57969065 -0.81433632]
70,128401.32795744004,199683.2971564094,126482.00503762234,9895.274256567354,3882.556947482706,4711.527151995136,4516.233776329724,2252511.0698157,2251044.914524278,89664.0910909382,[ 0.11178576 -0.58209983  0.80539663],[-0.87147151  0.33204872  0.36094466],[-0.47753675 -0.7422287  -0.4701651 ]
2,39093.7975511039,89002.2234760627,56271.21830658667,503.9011322967235,180.6565457662582,453.3754767193859,91.39866312644153,158850.01040490234,158846.96506205908,983.6138523609314,[-0.64664454  0.5898374  -0.48367621],[-0.67875495 -0.15560914  0.717689  ],[0.34805538 0.7923873  0.50097886]
5,30747.25172896336,117575.20256174236,146198.49409363192,1731.4053211709763,2109.1399538239816,1964.9520550238274,938.9208033936452,425173.78764521173,425113.26607954694,7228.294497806355,[-0.84586226 -0.31449981  0.43082119],[ 0.50828496 -0.7201733   0.47222538],[-0.16175112 -0.61841756 -0.76902295]
132,13072.3870429548,100798.09410688828,62178.56838852225,9201.519503019,7996.90377714434,11216.689186074436,6595.1383942916245,1379098.9949176747,1373945.3425241343,175790.09102234416,[-0.9190515   0.28762321 -0.26947585],[-0.37797464 -0.44939127  0.80943354],[-0.11171178 -0.84576614 -0.521728  ]
11,29237.679833979204,157844.4676892019,148887.72301574258,1482.2744229897423,2382.5711981706127,1682.6842270095874,2338.824981087381,726226.7029338278,726217.9311348969,7601.994446491406,[ 0.98864338 -0.14463083 -0.04081905],[-0.06892042 -0.67772789  0.73207573],[0.13354492 0.72094856 0.67999921]
26,77696.60105380311,90513.46503274345,131770.0546287689,2514.061579570445,3329.831197164678,3412.250935114683,3348.7033314138016,906674.7660540474,906541.1126895883,21451.94917329764,[-0.23821562 -0.72930051  0.6413845 ],[-0.8673931   0.45683851  0.19730127],[-0.43690106 -0.50933225 -0.7414163 ]
10,186546.12089510047,64634.85055335621,188781.51245750263,1633.4731086815946,2372.4585726646433,2981.976811620085,2688.594291009113,863880.4844293833,863866.9905325017,9984.1044724357,[ 0.66908314 -0.58235698 -0.46172297],[-0.29323008 -0.77773284  0.55601056],[0.68289375 0.23662623 0.69113252]
10,6757.076277377241,178415.28471156856,59783.20418482793,2623.365016678712,3905.3122561606447,1628.9211000478308,3466.9220673010964,595602.4578058182,595532.6038392988,11332.955408785961,[-0.62859344 -0.22556809  0.74430459],[-0.77691317  0.22607931 -0.58761728],[-0.03572416 -0.94763241 -0.3173588 ]
95,27635.79830435665,97921.40440628048,29966.866988673388,5401.760709711323,5733.015971471863,7545.673733412582,6148.729433543523,1037888.7714771448,1037006.9299563844,87047.61431998629,[-0.83614375  0.36203528 -0.41206078],[-0.48324601 -0.13081667  0.86565599],[-0.25949359 -0.92293957 -0.28433365]
2,4296.911368944976,59722.12890272832,193506.021489217,393.053303762571,142.918509631887,727.198062741707,728.4990753856837,286462.8430152659,286462.23903317814,588.2486610952337,[-0.18721889  0.93979471 -0.28589331],[-0.9820893  -0.17278978  0.07512856],[0.02120598 0.29483825 0.95531184]
33,195025.46519605536,48834.79310154191,193094.2314415164,5498.934414614173,2571.7659494566064,4936.27971064703,3848.5237424169177,1601893.1853123298,1601554.051772727,39284.732085391595,[ 0.12063884 -0.98452385  0.12711829],[-0.70422024  0.00537594  0.70996123],[-0.69965715 -0.17516818 -0.69267307]
14,43321.65733009833,113891.28899052464,44275.20872212162,2379.4911039234157,2980.694895089067,2688.6204300666636,2766.765315034621,485347.5772785737,485265.3377792452,14035.292292046328,[-0.93887433  0.34203872  0.03904485],[-0.0824354  -0.33348626  0.93914393],[-0.33424451 -0.87851945 -0.34129779]
47,22635.466132216083,22626.086248219784,195937.72886094626,5478.6127449186715,3896.754936058195,3497.989363870916,4068.979658346074,1361833.1614108197,1361608.7451826253,43879.57063324581,[ 0.07842232 -0.99132049  0.10551598],[-0.99033763 -0.06532399  0.12232807],[-0.11437359 -0.1140897  -0.98686484]
9,44308.54266536095,157416.1903928086,199934.9122731093,3118.083228816533,1801.602261755657,1887.2848834197403,1944.0053553479036,774972.3117895253,774924.5095208847,10713.41612110193,[ 0.02730547 -0.78833596  0.61463878],[-0.98480274  0.08428489  0.15185392],[-0.17151666 -0.6094444  -0.77405398]
3,202688.6008663566,147118.61732991305,199718.89296192405,538.6185776366767,1937.6108179837333,1320.2747889873917,818.3293967771384,554850.2791929529,554838.4623637443,3915.3469006231417,[ 0.76683635 -0.48362892 -0.42197759],[-0.10772183 -0.74509695  0.65819947],[0.63273851 0.45927508 0.62346482]
40,152022.50923307665,160481.15743812954,53453.0855676919,6015.54093095018,6441.834497113298,2507.8090693573718,8367.72002290575,1439437.8142472007,1439431.5123435068,23574.369072614878,[ 0.52960764 -0.6733563   0.51585564],[-0.52217823  0.22044703  0.82385254],[0.66846514 0.70568718 0.23486157]
75,41678.98736319019,106021.26708087273,7069.625019006349,4041.807248819696,4336.991821576716,5997.2951693490395,4551.9271688317,990605.3344745566,989802.5053010595,61668.94389974454,[-0.92937864  0.36765218 -0.0329729 ],[-0.05342084 -0.04557754  0.9975314 ],[-0.36524177 -0.92884582 -0.06199908]
71,50912.06669852589,171246.01107169673,85708.8550912654,4005.532927156456,7114.583915764007,3969.398951341721,5746.209146512327,1670996.0879005338,1670735.309492883,59155.542279543006,[-0.76296553 -0.09339901  0.63965633],[ 0.59334977 -0.4938893   0.63561734],[-0.25655339 -0.86449406 -0.4322388 ]
184,85266.35728950179,36149.37214104245,189685.54339456352,7299.827356140038,19412.059524637683,8743.908606737436,9289.410761743806,2878274.283233034,2867452.2250219123,277343.40082504955,[-0.82666737 -0.35223655  0.43880574],[ 0.3930715  -0.91950476  0.00240697],[-0.40263614 -0.17447179 -0.89857873]
68,144224.6003843795,138315.12365185766,3939.2108184577055,11974.366804566973,8401.412080330414,2590.0826993541864,4718.899971337629,1652587.0876003518,1648752.0879893154,115849.03218869852,[ 0.04342001 -0.07360786  0.9963416 ],[-0.69022684  0.71879587  0.083183  ],[-0.72228915 -0.69131352 -0.019596  ]
45,171890.76400650432,198838.2205993596,104193.49092228872,5873.895494855014,3719.4894221863437,3694.0850756614764,6198.595104646858,1897270.4147287922,1897215.0901857782,32564.640032513358,[-0.01793994 -0.4519091   0.89188358],[ 0.79367808 -0.54894188 -0.26217917],[0.6080734  0.70316497 0.36851833]
92,186186.17430340807,173452.3528647459,39991.19056109254,5541.757740540587,3818.171698137817,7001.9583499379605,3847.4545056237293,2472191.069085917,2471183.5658881324,85636.65509043715,[-0.50079383  0.66530485 -0.55369214],[-0.47610503  0.32249373  0.81812089],[-0.72286204 -0.67332551 -0.15525212]
33,168785.461171138,192623.35717052734,166240.22540384813,7700.750975447882,4922.947142730463,4258.998412808151,4465.487441939008,1754928.1721500154,1754223.5045470034,51888.041363904485,[-0.53881779 -0.22780706  0.81103596],[-0.63551222  0.74189257 -0.21382149],[-0.55299151 -0.63063409 -0.54451909]
7,194485.31270927357,31540.75621561637,16116.613304726065,1576.0433221978178,1024.8857261511505,1796.4994287555226,1697.8924816760446,523066.2876234786,523045.4982062312,5210.466456817887,[ 0.17889474 -0.90092735 -0.39538157],[-0.01039507 -0.4035727   0.91488853],[0.9838133  0.15955872 0.08156223]
25,136041.65624759192,49400.80558935301,122691.05736405097,3867.389283179635,2427.6521947901792,3841.024496088996,5089.328927021258,949117.3785820828,949082.6102634645,15554.838763616217,[ 0.53845797  0.38235675 -0.75091034],[ 0.44271826 -0.88659394 -0.13398404],[0.71698226 0.26029695 0.64666988]
82,61766.523697444485,58417.37656709704,67348.45789548095,5085.675921019755,9334.962078100816,4875.061780599742,7025.800069289948,986800.9777799168,985281.7057692995,84200.3793618782,[ 0.70341114  0.07127485 -0.70720059],[ 0.42670962 -0.83806108  0.3399596 ],[0.56844672 0.54090066 0.61991516]
128,67428.12398833237,82050.35826594915,29208.642588534458,6940.891454994415,3881.764680370689,13489.855756896728,6872.710581223426,1256807.6940087895,1250450.4718792213,159266.0563949545,[-0.77012144  0.63783715 -0.00876037],[-0.1784995  -0.2022942   0.96292003],[-0.61241399 -0.74312908 -0.26964471]
367,168034.99069194452,186643.69077187867,194957.3821523479,11590.054936088105,10431.313016811082,6569.51416636009,8812.82833550217,6097781.57041343,6094577.890260055,275770.1669360653,[-0.19417674 -0.61936004  0.7607158 ],[-0.82639137  0.52111652  0.21334218],[-0.52855719 -0.58722288 -0.6130225 ]
3,64345.75662381638,48277.57212721896,179993.15485069226,789.0814716001034,1177.332242539309,628.6645101021148,1099.8026557917756,341486.6196793319,341481.3908709172,1894.49267266446,[ 0.85859347 -0.48076758 -0.17798815],[-0.39533163 -0.84195391  0.3671873 ],[0.32638957 0.24490028 0.91295876]
20,60861.57101735748,8822.046518569861,36950.013922908765,3442.008463797623,2838.713077122872,2102.7256931717625,3005.3595291510633,321477.59345272474,321256.2197811578,17612.477297352867,[-0.31614307 -0.66194466  0.67961962],[-0.42406503  0.73941065  0.52291562],[-0.84865918 -0.12288676 -0.51446713]
30,158923.14868531216,7825.146506735178,55735.07646562989,5541.756108541017,3156.2840094449552,3320.4947043323364,5853.196094826748,924174.4712744992,924084.2299648477,22885.50464098901,[-0.33362028  0.16600782  0.92797571],[-0.01233488 -0.98505729  0.17178472],[-0.94262684 -0.0458644  -0.33068278]
12,88042.46718706703,20417.036477598787,49933.10809597358,3441.031492935581,2440.182720172021,3630.8639756606995,2583.4602813937013,358098.0820085389,357910.89340055955,16986.975469200926,[ 0.30679351 -0.93857478 -0.15797193],[-0.42255026 -0.28303699  0.86101181],[-0.85283587 -0.19740175 -0.48342892]
35,99267.92888301001,4818.191199433248,7925.459536338832,5064.1360781197145,2957.484462410031,4452.533539187044,5231.56814607515,591208.6968042195,590875.1093360089,30733.688928910917,[ 0.06744629 -0.96476276 -0.25433011],[-0.06521228 -0.25862822  0.96377321],[-0.99558945 -0.04841749 -0.08035789]
131,174110.66548229806,71936.97857765185,155086.5188110884,9442.689557592224,7444.629590682937,7663.411811965404,9585.716881836544,2796821.7292901804,2795780.272528186,120353.58667539721,[-0.41317314 -0.55566381  0.72147466],[-0.56565055  0.77748771  0.27486782],[-0.71367178 -0.29453454 -0.63554857]
11,51169.70179925175,114868.5419245047,83542.1942873554,2518.129455608395,1884.0480671660878,1700.9320609100282,1752.916545050058,500823.42041744076,500783.04560122656,10329.266099515591,[-0.04529093 -0.57429157  0.81739704],[-0.9397169   0.30211115  0.1601905 ],[-0.33894081 -0.76086664 -0.55335439]
6,41469.59744807935,54139.32036127081,194765.40081758317,508.3355528972435,491.1905676005436,963.7174902255534,932.3362195505576,505483.5066497132,505482.4041421582,1833.9113718566311,[-0.56075492  0.82080687 -0.10876582],[-0.8032258  -0.50739274  0.31205915],[0.2009533  0.26235222 0.94381623]
16,20502.03625081432,74155.51920616292,169018.11142470865,3832.0772349010253,1955.5526333064302,3250.153451763742,3244.1867741587807,743096.9737851126,742972.7460970815,17221.915454871036,[ 0.31690474 -0.88211657  0.34848494],[-0.94199686 -0.24991891  0.22401443],[-0.11051386 -0.39926295 -0.91015152]
55,42547.79098045501,27186.384124303117,80310.41296515531,3422.134979397764,7819.764992080766,7931.002939723186,5177.734108724052,708166.8995214764,705241.1738870242,77314.91280285027,[-0.88851058  0.24792765  0.38610988],[-0.10129101 -0.92667931  0.36194694],[-0.44753669 -0.28248423 -0.84847721]
56,66469.20009170359,177109.58156316262,70153.04016669169,5650.544597844437,6743.073093683724,5364.694331540534,7569.396792565456,1511642.9538521413,1511065.484583672,52327.955668755894,[ 0.39812377 -0.46317361  0.79181291],[-0.85620483  0.12219419  0.50197795],[-0.32925788 -0.87780339 -0.34792307]
4,158264.25254596648,49395.93525924601,16789.504908492134,1086.2713674311146,1003.4042901697545,1100.5987341935513,1265.8227358055456,333298.79910544556,333297.54989598837,2682.343591971599,[ 0.31308216 -0.90199539 -0.29729426],[-0.0027873  -0.31390291  0.94945099],[0.94972195 0.29642752 0.10079153]
112,159728.57144065102,35658.99946309767,60097.600169092366,6093.156828827857,6166.688736726972,7693.9154568518015,5418.140180430676,1848429.6947543107,1846726.2205518913,108724.70743453888,[ 0.0046528  -0.86521089  0.50138655],[-0.40079003  0.45774583  0.79362214],[-0.91615812 -0.2046433  -0.3446381 ]
2,115083.11735255062,86495.09547000333,116405.55729100903,768.5502105187552,51.325131896403036,878.1127831685517,50.397741628898075,261828.73636761695,261823.53503193907,1650.3609429525152,[-0.37920087  0.88182366 -0.28034575],[-0.68542633 -0.06415876  0.72530987],[0.62160876 0.46719449 0.62875421]
143,9441.56926910161,47284.240369416984,139696.04314530722,5416.438535018978,19334.977129060167,6099.461704319551,7291.010642553203,1783832.7203541999,1770477.8032444667,235622.02589887255,[-0.99579762  0.08293302  0.03884873],[-0.06573502 -0.94262462  0.32731902],[-0.06376532 -0.32338978 -0.94411495]
7,106978.63224177608,166683.89860274928,84224.44009979605,1116.3105504038385,2242.2117273416243,1602.1302483895677,1857.9654046740648,569476.7679634518,569461.2172278864,6146.973022782277,[ 0.79219537 -0.58902785  0.15960163],[-0.35409612 -0.230657    0.90631853],[0.49703362 0.77449567 0.39129789]
4,111169.7598872077,203307.70381754154,171721.2600120696,1431.14773973526,842.2863172761635,2151.3356497218597,1562.931508888969,576843.9052105809,576834.2867067824,4453.580900684783,[-0.39245012  0.70924765 -0.5856199 ],[-0.8351172  -0.00795548  0.55001452],[0.38543762 0.70491452 0.59542704]
84,23993.581952856548,162942.59965711978,94287.67442729596,7624.875264976902,9711.464413263999,8495.148927367123,12305.2383417532,1744278.1092480717,1743508.3670875817,78238.92038792251,[-0.51789238 -0.36981191  0.7713797 ],[-0.84584359  0.35610131 -0.39716556],[-0.12781276 -0.85815559 -0.49722519]
6,103608.8084254538,16380.309349126508,163637.15999784486,585.9031445079397,1748.4057058122817,2300.8613976375254,1985.1530396154426,476159.79751177534,476141.10619260505,5335.0205128314465,[ 0.67661911  0.55498962 -0.48391435],[ 0.50804192 -0.82757568 -0.23877167],[0.53299155 0.0842913  0.84191151]
56,137282.15994765263,151495.48214539487,21825.662461476237,5840.925602829231,6248.074418745989,6942.8964345443965,6755.869257419119,1540429.2828204748,1539820.5804216668,65338.875296557126,[-0.74314937  0.66809908  0.03704922],[-0.04313379 -0.10308653  0.99373671],[-0.66773385 -0.73689673 -0.10542634]
104,13317.104911442344,101586.30209012733,169150.6757632362,6341.264993667882,9247.85779234277,5134.841397146692,7103.091257917282,2019873.1850707922,2018864.6906845227,103062.73254736645,[-0.81839377 -0.4620348   0.34169501],[ 0.57079087 -0.72243902  0.39023024],[-0.06655386 -0.51439839 -0.85496484]
19,75873.69996447249,72190.18362145405,133124.71335822507,5953.563310539885,2666.437896082531,3181.4550000317686,2223.528698190394,738887.4431765676,738498.0690072239,30066.659752947682,[ 0.27450047 -0.90219515  0.33270618],[-0.85076532 -0.06660773  0.52130776],[-0.44816053 -0.42615411 -0.7858402 ]
5,203501.91996190033,84694.78688249081,112229.17213614637,976.4369212514711,4220.595089111817,1650.2269034387775,1442.443780601307,553176.7551317698,553108.7391258598,9866.894579356433,[-0.54093816  0.22637482  0.8100249 ],[ 0.17471432 -0.9118438   0.37150478],[-0.82271551 -0.34248406 -0.45370019]
29,37023.614151890186,9714.39837184087,150953.22741703727,2976.910891574682,3279.0897482922637,3932.6150020739765,3936.5964582888523,839124.911978873,839017.2916022359,23867.880405809614,[-0.86046695 -0.44951776  0.23985498],[ 0.45062098 -0.89111229 -0.0534754 ],[-0.23777587 -0.06206987 -0.96933481]
10,197889.6360402948,193631.2566689718,168166.84358866065,3712.2280638607344,1521.2045376424599,2469.261038612804,2592.0799777283914,1024462.0320661993,1024419.564730535,12454.603216211217,[ 0.49075867  0.22864615 -0.84075969],[-0.62121565  0.76843231 -0.15363233],[0.61093948 0.59768948 0.51915339]
5,28474.749596536316,144081.5593426502,201319.18174367966,1424.8750253800986,1875.2775226954568,1445.980164693854,813.8615110619187,557253.5917917355,557231.6077060262,5911.699635753244,[ 0.8846049  -0.42930438  0.18213159],[-0.4521258  -0.69383059  0.56051884],[0.11426472 0.5781841  0.80786553]
2,193467.1063671488,101159.8398086698,115045.20802832965,983.7910957418353,970.684980658596,858.5609198899328,1569.434614011363,349001.09320052265,349000.56580576673,606.7309243939869,[ 0.23443529  0.49986292 -0.83377284],[-0.57482691  0.76294861  0.29577601],[0.78397329 0.40993474 0.46619674]
151,129332.3707449654,170435.72459627938,153964.14083173318,7393.505318080188,8760.324407445749,10693.57766940058,6777.005203021537,3243332.648275292,3241605.4578046906,173244.51375922392,[-0.80568456  0.59196527  0.02120169],[-0.33212043 -0.48108536  0.81132786],[-0.49047774 -0.64663282 -0.58420681]
48,72129.3633069744,142251.81194102435,199503.05159404362,2845.917139600071,4406.205098891839,3010.912908821847,3943.2252092313447,1769998.079330744,1769921.7149433002,31715.212945691008,[ 0.86371487  0.20668002 -0.45965204],[ 0.41745428 -0.8043781   0.42273844],[0.28236245 0.55700919 0.78103278]
9,137482.30683388744,56524.63511138089,49345.24702689229,1483.276985067294,2643.3173943920538,3431.952452209551,1763.2117426687705,470000.4085202775,469980.0912807613,12665.460907347622,[ 0.44991827 -0.84698434 -0.28318031],[-0.16480261 -0.39038204  0.90578251],[0.87773211 0.36085924 0.31522524]
16,157445.50390789664,26209.01612171828,132723.7391230002,2981.0667515683776,1657.916694583772,2912.954592688344,3410.062962725454,830506.4822853361,830480.2150840608,11676.651570424583,[ 0.14698791 -0.98891804  0.02087244],[ 0.6349269   0.07814988 -0.76860941],[0.75846054 0.12622877 0.63937775]
