N,MEAN_X,MEAN_Y,MEAN_Z,SIGMA_X,SIGMA_Y,SIGMA_Z,SIGMA_R,LAMBDA_1,LAMBDA_2,LAMBDA_3,EIGEN_1,EIGEN_2,EIGEN_3
889,19117.812779347132,146360.59808055073,30413.691228030228,12530.77457596163,11308.17211349029,12447.450442874873,12511.21872909976,4528227.848400448,4517151.631556368,504272.95835880534,[-0.62491371 -0.08169691  0.77640741],[ 0.7702498  -0.22664907  0.59610859],[0.12727178 0.97054408 0.20456314]
1950,88965.05127071028,173134.81140566355,114992.97998037717,38443.378277584125,18560.400572411145,21144.6570907413,19810.060486301772,10181419.223987995,10040600.417777931,1928715.4503784662,[ 0.39411143 -0.63925545  0.66032466],[-0.82782971  0.06517423  0.55718066],[-0.39921692 -0.76622764 -0.50350874]
558,92758.65905645033,39757.45251103798,72416.42237919192,11753.633638986248,13134.440292405721,9733.914979590649,9393.18777154215,2965844.1693723365,2949711.73853438,417287.50610286527,[-0.60877263  0.68052484  0.40777669],[-0.2625694  -0.65785959  0.70588814],[-0.74863422 -0.3226557  -0.57917191]
533,120104.76522020671,8843.981172046771,89373.77061265965,14867.02529514842,6194.220709716235,24238.99957325887,22877.272300424618,3524194.6380046187,3504960.0429421235,416629.9522114942,[ 0.15387717 -0.98178821 -0.11141694],[-0.58672121 -0.18151711  0.78918297],[-0.79503461 -0.05606656 -0.60396731]
15,6878.7849482351285,164751.1374704084,144734.82646028697,2064.628142349526,4378.706285684228,3664.6761652758,1655.0596792023973,850043.3869587271,849807.9518622806,22614.213312462965,[-0.98973646  0.11538662 -0.08430704],[-0.13942023 -0.65018166  0.74687737],[-0.03136476 -0.75096587 -0.65959572]
1221,106972.58431072954,117193.38139161839,53407.04671687343,19476.655257998056,17574.338221938422,14411.141028529933,15725.328660819803,5929607.112201429,5889237.671033275,890498.3867003345,[ 0.12761792 -0.50498485  0.85364159],[-0.75913154  0.50417229  0.41173973],[-0.63830476 -0.70057163 -0.31900851]
1817,23986.663406448348,40880.8727840916,35715.78554328514,14062.536271712468,17795.491572270086,25355.808895665796,18071.584212190195,2859305.56158806,2683261.275619557,1276735.980040128,[-0.89775205  0.42379305  0.12016949],[-0.18591608 -0.61184372  0.76881888],[-0.39934505 -0.66786729 -0.6280739 ]
19,129099.52605705324,89814.65550713579,194181.24726255386,3546.8884238019177,4680.203122879954,2803.1386526965075,2416.2431450877116,1089494.1385938642,1089324.6963789894,26314.868774313905,[-0.76422468 -0.2156323   0.60783496],[ 0.38601315 -0.90793608  0.16323581],[-0.51667638 -0.35938112 -0.77710406]
329,12832.85682193594,48061.27220899552,165744.44078430126,8670.616245317127,13227.743809800992,11094.69857256935,11557.371496415402,3154202.418578587,3150052.4451251794,279464.36409109103,[-0.9959675   0.07038595  0.0556288 ],[-0.05188515 -0.95775089  0.28288012],[-0.07318932 -0.2788531  -0.95754074]
516,165289.20570447625,185460.29148458614,190033.1384180996,12461.533733718385,12970.726778834358,11457.475633164184,11389.35432648071,7118099.5003788415,7113139.57774678,405478.8966169207,[-0.70565126 -0.09095868  0.70269682],[ 0.47177286 -0.80025287  0.37016984],[-0.52866498 -0.59272411 -0.60761128]
3,39789.6781460914,28867.58950867773,162093.6328626713,967.881558057651,697.4016388972312,1891.7180906298274,1835.3308595670171,293404.43264661793,293401.381470807,2211.5548060392334,[ 0.90584707  0.31865894 -0.27910135],[ 0.35249484 -0.93243399  0.07946217],[0.23492225 0.17036236 0.95696824]
407,164606.66508723376,195593.42182539488,15501.17264470658,14570.42014280288,6118.1003534773,10510.795575284812,11210.870687031711,5178495.263901717,5174186.663632547,310518.73346409964,[-0.49319483  0.35223296  0.79541863],[-0.58511104  0.54231185 -0.60294521],[-0.64374213 -0.76277769 -0.06137001]
1745,120030.96328585337,105330.59802365434,143049.70481370023,23585.381041174012,24480.14860185676,22734.664422465437,21282.565385667836,9097784.916302234,9024812.27224801,1427686.8677552664,[-0.73976701  0.65850451  0.13826269],[-0.36873669 -0.56863121  0.73531748],[-0.56283036 -0.49298109 -0.66346939]
279,182576.39094345912,181592.10154579757,52506.49942326804,12921.127203982893,9964.10780573217,11519.938326747491,7028.228869440812,4398819.964407904,4394892.997070608,311712.7144947469,[ 0.06953678 -0.34173475  0.93722036],[-0.71569793  0.63738635  0.28550852],[-0.69493965 -0.69062001 -0.20025706]
33,70170.48750225132,142891.8991452001,25196.321954221912,4604.474936590135,4584.7752061085075,3823.7541227812603,5113.2602597541845,926738.973804868,926471.7113557131,32070.746002347532,[-0.76140395  0.45520457 -0.46157646],[-0.48007411  0.08255703  0.87333452],[-0.43565224 -0.88655126 -0.15567268]
84,174986.29351273974,127954.12610854961,177042.5377015432,9647.19920780953,4638.392383407681,3595.2901422482973,7764.333584115786,2566997.8634414743,2566487.854404859,74961.46603832037,[ 0.03451749 -0.82584302  0.56284266],[-0.77937378  0.33029541  0.53242976],[-0.62560775 -0.45704294 -0.63223943]
98,60309.071370773985,50040.24498098177,72015.65275763396,4545.050653892986,9094.949213641474,11220.45491693055,6038.281424375112,1062571.5316798475,1056904.0460740917,137899.78900894898,[-0.7836412   0.56277086  0.26305025],[-0.25855846 -0.68050311  0.68561143],[-0.56484865 -0.46925949 -0.67877944]
2006,179270.12896355055,109727.94346682105,57064.53346368893,14760.413324134246,26419.21099104039,24118.50738839389,21186.629633298555,9868105.910162915,9839070.837427013,1458762.532171907,[-0.56995037  0.69260468  0.4421033 ],[ 0.04386267 -0.51163583  0.85808208],[-0.82050755 -0.50845603 -0.26122754]
62,27237.83542855679,186047.39765784866,194020.98858438584,6622.44958405714,4746.5211907385765,6472.286182850482,5240.44781109102,2128658.352475764,2128186.5437949263,70866.28642280941,[ 0.59150478 -0.62187457  0.51321936],[-0.79998474 -0.37311652  0.46990263],[-0.10072987 -0.68851731 -0.71819037]
52,40920.4660510126,49059.78541278924,101664.26753706785,4993.485267163491,3732.8364760582513,5005.4056947635145,3739.801876578784,867558.0908206982,866472.6800400298,50803.25287001015,[ 0.52716411 -0.8287001   0.18802698],[ 0.77863385  0.38244493 -0.49745875],[0.34033415 0.40864657 0.84686519]
404,93268.02254817243,180272.76194297138,196246.21874673935,18668.616799853582,13441.782819551301,5465.765404640541,6974.608056523739,5692593.741218139,5678514.829581762,453951.7157790788,[-0.38350898 -0.58186088  0.7171881 ],[ 0.86244823 -0.50338539  0.05278445],[0.33030881 0.63878092 0.69487771]
319,192494.3120239787,47873.921825105266,18311.190898572662,8944.11482369757,10001.514051138094,9402.28517025043,9482.424921246688,3566753.447798828,3565046.347038256,237959.4743960528,[-0.24954286  0.78670556  0.56464389],[ 0.06465296 -0.56825432  0.8203091 ],[-0.96620306 -0.24120817 -0.09094097]
297,88807.58545538885,173087.2383512013,35267.221829972,10187.708630761372,13200.471654305147,7533.734057256179,14385.404188786068,3419953.062109932,3418230.364973602,194442.9174885498,[ 0.09949499 -0.24787824  0.96366858],[-0.88794706  0.41494916  0.19841173],[-0.44905542 -0.87542765 -0.17881739]
116,13727.251697125923,99526.67062464438,170713.783054337,6425.5963627200945,8460.589628683152,5654.201103637238,7509.059517900174,2136739.7721696994,2135559.308142435,101788.1249430078,[-0.6905218  -0.59938042  0.40487375],[-0.72006069  0.62264716 -0.30630559],[-0.06849992 -0.50304437 -0.86154172]
37,59206.779689622315,5682.039662641996,190710.88770680636,4910.290156821026,4022.3380757296313,4100.183982572467,4858.240479833789,1215834.1723247033,1215714.5217739213,35077.71138252766,[-0.68106398 -0.69444248  0.23216695],[ 0.66943367 -0.71899614 -0.18682377],[-0.2966655  -0.02818143 -0.95456555]
14,198213.47813497105,83219.33617815186,62597.511081845965,2773.661489028763,3098.7421668297397,2684.2123078317777,2008.213728775543,837924.2476915849,837849.144927978,16955.08178030139,[ 0.34477774 -0.12096911 -0.93085702],[ 0.3120644  -0.9204857   0.23520604],[0.88529324 0.37158114 0.27961283]
168,71232.0556488156,126557.34138109328,14004.87132377287,7432.456370836627,6661.263683733722,10271.522015292796,7987.427755363208,1898659.6389357278,1895377.5376479214,154772.6275755918,[-0.86321357  0.46486396  0.19688533],[ 0.12603813 -0.1792014   0.97570551],[-0.48885246 -0.86705729 -0.0960985 ]
27,26660.31814708356,56204.44962187196,200633.18732418082,3586.9773387751293,5983.089332030998,2805.323606515313,2629.919177673854,1092036.347926891,1091711.3019826862,36590.24113079226,[-0.98493873  0.14792248  0.08952445],[-0.11732785 -0.95210861  0.28235328],[-0.1270034  -0.26759697 -0.95512407]
211,129876.73106034231,170081.98099664072,156023.02309427556,8613.728013444143,8529.515295595143,9647.002401382133,7516.881745620914,3851759.902174724,3850376.8663269137,196213.48428076514,[-0.67899052  0.70529245 -0.20379998],[-0.54639504 -0.30007504  0.78192546],[-0.49033084 -0.64227527 -0.58911641]
284,48556.65908381692,72682.33500831142,114005.6548080376,8708.092869469858,7674.389481938968,11365.182092722012,7186.399626123451,2433188.0345879276,2427337.427074354,244476.83911108045,[ 0.67225558 -0.71984518  0.17290271],[-0.65949013 -0.47617981  0.58165759],[0.33637063 0.50505019 0.79484533]
232,180774.33521644596,114360.1493815042,130861.69346834405,9930.749616889489,15518.076225335102,16329.54340192538,19610.757795146015,3834975.826200801,3834218.259679001,224458.1100198232,[-0.45755795 -0.25509012  0.85180382],[-0.52290298  0.85200364 -0.02573445],[-0.71917536 -0.45718576 -0.52322842]
50,159396.21202494673,143675.44021147466,42417.57503425193,3664.6997976632865,3932.407619035551,6351.300493163952,3450.0774453130375,1547613.219268493,1547208.4556639316,53536.206969971034,[-0.59716613  0.74800751 -0.28961592],[-0.33537365  0.09515128  0.9372677 ],[-0.72864061 -0.65683407 -0.19404089]
540,144863.7287483738,14027.443839987021,175387.31222387182,18226.886417761965,7420.1020730490345,13679.056447032266,13868.496135934798,5322540.825712806,5309028.662957841,451149.48847597814,[ 0.04134106 -0.99810903  0.04548938],[-0.77012835 -0.00282638  0.63788269],[-0.63654791 -0.06140341 -0.76878891]
5,194284.5307497356,48502.63193204277,80803.33206271974,1999.6547687196028,2093.879892135144,2793.627412513597,1301.9960937920705,482909.7101816307,482876.02840482496,8511.916448508218,[-0.0203285  -0.83496448  0.54992824],[ 0.43594981 -0.50240043 -0.74668707],[0.89974136 0.22456208 0.37421566]
20,168319.16037360215,169093.59534067393,74487.29601816126,3144.7861471024053,3312.4568488459836,2236.1745432319135,2999.756289542177,1117987.7625729188,1117897.893728039,18324.931074137,[-0.30254559 -0.11564312  0.94609346],[-0.67451779  0.72728742 -0.12680206],[-0.67341808 -0.67652028 -0.29804094]
7,144365.31337673074,118474.90395045876,98600.92506599535,3360.957039619342,1795.0595502805666,1693.943082287141,2464.9654658298273,558847.4443803598,558794.1119277145,8896.534784343772,[ 0.38375028 -0.82038051  0.42392399],[-0.6207572   0.11069542  0.77614884],[-0.68366382 -0.5610012  -0.46677771]
29,139669.15356618806,92459.71013294396,73685.81444331213,3698.2064280165514,4211.246610316688,4676.1986100110125,3319.5838819285495,986146.0049381453,985680.1275471459,34947.38126572097,[-0.62113573  0.40245886  0.67247102],[ 0.17751829 -0.76351435  0.62091311],[-0.76333326 -0.50504723 -0.40280223]
35,30294.125383363822,174026.7281880617,104132.42499291012,5007.634329874378,6242.87514719566,3778.2801596535573,5210.871491832335,1213973.1448581587,1213765.970408981,42261.20596997465,[ 0.41857927 -0.51851242  0.74561134],[-0.89614922 -0.10262398  0.43172316],[-0.14733622 -0.84888939 -0.50762077]
18,6235.524173698263,131494.49350362038,179680.77383657594,2672.285303012156,3301.592965576059,4496.082899997149,4553.800440159325,945341.3645878434,945265.9054711466,17731.57578455,[-0.84443594  0.44584602 -0.29689942],[-0.53492285 -0.6728909   0.51095536],[-0.02802649 -0.59028735 -0.80670649]
363,144434.0523700213,15174.922701531877,12854.668448969303,14585.026767288497,9301.481863959843,10184.76915266049,14424.480743486789,2798469.3676095563,2796897.839934325,266202.86800520995,[ 0.02235852 -0.77218464  0.63500471],[-0.13337248  0.62718227  0.76736835],[-0.99081375 -0.10184937 -0.08896531]
166,61049.236804861306,189872.60824423857,166574.4135560492,7019.875230136978,6942.205501796623,8512.264233239983,8105.490751695565,3351427.864254783,3350481.1312418897,130924.25449471554,[-0.86626933 -0.14162107  0.47908341],[ 0.44076434 -0.66808598  0.59948972],[-0.23516853 -0.73048244 -0.64116391]
743,18557.390476064007,111119.57705944388,86361.93602593035,10909.11234607331,14561.71068517574,17515.506465372302,15548.921526192744,3919428.717528763,3903130.252908073,543017.3264912989,[-0.97937913  0.19740279 -0.04299604],[-0.15401495 -0.59177642  0.79125221],[-0.13075135 -0.78155794 -0.60997646]
174,101919.44890380997,191952.03571202862,14115.848791474567,5979.806639454821,7490.809937558834,7363.466118419903,7010.019170729692,2876537.7727521714,2875055.4854631117,130025.23626713075,[-0.66864878  0.40090785 -0.62624413],[-0.57803551  0.2495339   0.77692199],[-0.46774326 -0.88147929 -0.06488844]
52,91704.16794214201,167938.49726435324,72509.45617087261,5008.234486584217,5272.850581430336,6747.256381574507,6398.727240424351,1476907.522895956,1476672.0192450637,54429.33776750258,[ 0.44409428 -0.54873379  0.70828772],[-0.77597661  0.15965186  0.61022257],[-0.4479292  -0.82061106 -0.35490411]
23,84317.31148560077,185452.76510412197,5814.943633396425,3145.2660467974265,4679.656240703658,2269.1623438054235,5111.341844276214,977793.7845602934,977764.2275902968,15793.85898066616,[-0.49736449  0.25223892 -0.83006271],[-0.76253096  0.32919474  0.55693569],[0.41373313 0.90994855 0.02861021]
7,163886.60310526352,74988.26900165514,184849.30953348358,1272.2455638478689,1073.2268404843755,977.8538910528788,1083.464378576761,683067.6279191587,683060.3877252957,4226.669257186747,[-0.42283651  0.90617688  0.00726262],[-0.64670786 -0.30735887  0.69806838],[0.63480566 0.29047201 0.71599427]
116,11313.148897026793,153467.7965645197,125858.07586744503,5596.18029964025,7150.286514870026,4353.941701575933,6059.094965338096,2143013.750720056,2142957.966939105,86769.98680950917,[ 0.89653706 -0.31833722  0.30803037],[-0.43931303 -0.54982148  0.7104227 ],[0.05679227 0.77224203 0.63278502]
86,69157.97055016896,83116.5222840411,43042.20887371474,6870.977355876399,4187.801647470397,6164.538324734986,5584.8242838837605,1082536.6114053228,1081247.2932015327,78914.62819449598,[ 0.33098478 -0.63700316  0.69618679],[-0.73270584  0.29142015  0.61499305],[-0.59463537 -0.71365347 -0.3702803 ]
44,80325.7224890541,121794.94135931769,104467.35572256935,6939.0672596030445,5946.669817658594,4603.399809221587,7380.134951973644,1192127.592298692,1191386.719206452,47046.82888939155,[-0.42272244 -0.41301021  0.80667732],[-0.78782453  0.60741994 -0.10185048],[-0.4479266  -0.67857467 -0.58214961]
19,161344.98508700955,23395.110875028975,114579.47429488177,3640.4590101014683,3565.1848343503925,2672.5406532796437,2619.692771286013,868820.7173211316,868800.6403914778,22309.332640897945,[ 0.28491428  0.77786766 -0.56013013],[-0.51296289  0.61736571  0.59642992],[0.80974868 0.11739457 0.57491355]
10,201444.71363107063,177903.45974159805,192000.73449664091,1522.7562671356739,3162.3128767116386,1930.4656426101383,2360.4393259151,1044550.017516203,1044513.9134856942,10235.88222450687,[ 0.74153369 -0.12910071 -0.6583774 ],[ 0.27958268 -0.83258625  0.47815653],[0.60988631 0.53864009 0.58129643]
140,34126.169822557495,15708.67308071682,118946.16823009809,10316.893029608505,11628.87429184467,6674.346834739993,9288.694768372045,1488316.8686404764,1480942.1199371775,168930.3317371361,[ 0.76597897 -0.62823946 -0.13635027],[-0.58033253 -0.76698542  0.27376544],[0.27656892 0.13057007 0.9520825 ]
40,9216.750234630908,143888.3092521867,163399.2795989997,4605.062235508179,3241.8369350201847,4068.764538179781,4080.7750888850746,1378787.392683777,1378617.526595267,35639.93472902977,[ 0.00176717 -0.75057699  0.66078065],[ 0.99910906 -0.02653726 -0.03281549],[0.04216586 0.66024992 0.74986138]
210,148695.07231124403,81524.92254555128,118676.03227352546,11022.710473706982,7126.358936697277,7900.81497409359,7227.954762144792,3005870.9721735436,3003000.3684381237,195785.29096086574,[ 0.01069222 -0.83049309  0.5569263 ],[-0.6950296   0.39424856  0.60125031],[-0.71890161 -0.39350897 -0.57300189]
95,29214.987458238804,96322.8177946137,30350.841369585843,5139.697321590074,5260.783808681563,7496.700274147533,5736.707118081217,1029072.6184127489,1027002.9597391189,85189.3400301382,[ 0.72033976 -0.39767616  0.56829948],[-0.63615521 -0.05224473  0.76979026],[0.27643658 0.9160372  0.29061772]
15,102842.03283383894,151952.52521077023,33683.16557803878,2659.0082806816786,3626.401365645396,2650.590163372413,4074.916536917647,722764.5037558702,722694.0431831409,12667.778894390734,[-0.64653576  0.28016274  0.70957759],[ 0.52736096 -0.50797039  0.68107012],[-0.55125488 -0.8145397  -0.18067413]
180,193513.99938578226,181660.9131134534,110970.27530555232,7062.597433104635,5324.759421812769,8203.600319139821,6072.918692942394,3862236.631995958,3861433.6354458677,139437.35313615086,[ 0.35944161 -0.73466684  0.57538367],[-0.64680105  0.24830889  0.72110408],[-0.67264413 -0.63135358 -0.38593074]
4,48136.20905877351,2233.853485912579,130789.86803152932,2304.5951189000057,777.6053639454395,1838.8991019877062,1912.3226181592613,278832.06494286464,278799.82214561966,4723.5780771246655,[ 0.06559931 -0.99782129 -0.00702852],[-0.93616678 -0.06398094  0.34568512],[-0.34538167 -0.01609684 -0.93832425]
99,42915.51711822917,165759.783935351,178604.84481154737,5704.103653808539,6055.470085249289,6781.86184675179,6955.668496578236,2463863.2176693846,2463068.493006688,81198.7438747389,[ 0.60193487 -0.65214504  0.46084841],[-0.77954379 -0.35473668  0.51621059],[-0.17316434 -0.66997667 -0.72190399]
2,110870.77760134582,30267.166169806147,113593.72535232446,1338.723051502573,1115.3445600959058,907.747420187341,489.27983082990977,228542.44809913228,228526.60490388988,2690.9913128829426,[-0.50139946  0.82188085  0.27038944],[-0.52708455 -0.53797871  0.65784556],[0.68613443 0.18732531 0.70294294]
113,173871.01102516527,8543.409083093746,107623.17963362091,6298.9407965162845,5035.499682735017,10692.731295014511,7256.137357814719,2179979.4572891495,2177236.7646290595,119576.91548505361,[ 0.23362154 -0.92363251 -0.30384858],[-0.4735883  -0.38101368  0.79406719],[-0.84919673 -0.04161206 -0.52643456]
138,11815.372368876593,51254.07618091145,137649.51543267525,6863.370185117514,15116.470150258789,3547.6170998380567,6381.72441530166,1740609.3465961078,1734681.543802912,183734.57330008992,[-0.99672938  0.01760231  0.07887146],[ 0.01127477 -0.93615317  0.35141161],[-0.08002142 -0.35115153 -0.93289291]
55,26014.62829506327,163934.48259268896,169085.44091917705,4824.4317074444,7718.285207796765,3986.952505048344,5343.882460286451,1758656.6701887026,1757730.767730821,62440.186319286295,[-0.87005768  0.41404723 -0.26751547],[-0.48050259 -0.5911589   0.64780276],[-0.11007679 -0.69216764 -0.71329311]
18,91248.05574221922,167408.9289026675,3266.481276804129,3179.5306729188005,2579.4579395000414,1796.2629540453372,3367.6286640729422,809221.4210691199,809183.6152950292,12520.670068023446,[ 0.36093885 -0.17890921 -0.91526753],[-0.80040946  0.44424461 -0.40248158],[0.47861033 0.87786002 0.01714452]
11,24619.51888141297,76068.56555647076,170993.78909170645,1972.3086894219405,2371.992527216022,2645.272727570531,2712.6315680055495,626178.9122333938,626142.6738176943,9996.906245041047,[-0.70531908 -0.60443066  0.37038977],[ 0.69680209 -0.68720869  0.20545332],[-0.13035278 -0.40299851 -0.90586994]
172,115714.7325328416,21360.701396438883,33892.97214769219,9822.907116390283,14246.293563276724,3531.4659871173285,7497.103494527389,1621919.1517056243,1610073.5176340125,206376.0718013282,[ 0.26933218  0.06325695 -0.9609676 ],[ 0.18019357 -0.98352811 -0.01423884],[0.94603935 0.1693252  0.27629426]
3,180911.4736959911,172598.62666048107,108438.94866837736,1185.5620815724385,897.002255389233,1107.0709498009946,408.5831387278254,472061.33455784724,472057.6501966664,3130.963944206337,[ 0.56985527 -0.08370984 -0.81747027],[ 0.4843885  -0.7693745   0.41645008],[0.66380174 0.63328947 0.39788403]
172,56316.59920496028,168560.2241687449,80685.3678356498,6852.930464989869,7669.365643415124,8148.894993713687,6871.525537266958,2564324.220000454,2562523.3606536514,146167.62902065483,[ 0.46146657 -0.50341276  0.73049586],[-0.8393487   0.01891277  0.54326427],[-0.28730187 -0.86383905 -0.41381123]
70,129653.0627320754,200228.2843844873,126040.77158766019,11718.289112925966,2978.991876871338,4549.556935900119,5002.883510410354,2259650.8401793474,2257801.6082820375,99664.19123890818,[ 0.1036802  -0.57714056  0.81003654],[-0.87055158  0.34122825  0.3545465 ],[-0.48103052 -0.74193804 -0.46705202]
16,167419.9951976803,201280.65572312422,80050.83942496727,4854.586561945719,1563.3229203550181,5353.0689837035225,4739.089897962105,1095479.688587059,1095266.1573474389,22658.970288752727,[-0.70610049  0.3403654   0.62094565],[ 0.35681089 -0.58642089  0.72718397],[-0.61164376 -0.73502512 -0.292626  ]
17,174372.60781286957,131690.00118889855,188010.8855686717,2132.7244859388784,2169.0010434661945,3038.8447636149945,2333.0575762699114,1188645.0589067033,1188612.5017258301,14870.248094242705,[ 0.6922817  -0.70644521 -0.14724544],[-0.3935036  -0.54059922  0.74357744],[0.60489749 0.45682344 0.65223568]
20,17659.652504050613,106532.6099927468,30545.83113243092,3093.871421179303,2366.172862982943,3928.712244798138,2441.002475839921,502389.49570309493,502101.82144032663,22070.432827339846,[-0.82831792  0.2770644  -0.48695455],[-0.53767487 -0.14883204  0.8299125 ],[-0.15746477 -0.94925462 -0.27225081]
124,110976.4042662939,67501.0025286195,97049.55006804682,8174.407185160686,7613.980169140609,11859.08215126745,12782.307817848601,1813642.8145832384,1812315.897126695,110213.47164973205,[-0.59644096  0.79203645  0.13014009],[-0.42084288 -0.44664704  0.78955538],[-0.68348333 -0.41615463 -0.59972149]
5,83893.37506159462,68574.10657234944,130679.1821300283,1738.3020288646144,1306.842896716404,724.9097951178917,525.5765269127747,379612.1111939582,379602.22154363466,4989.973452920668,[ 0.04880117 -0.89697669  0.439376  ],[ 0.86796961 -0.17957925 -0.46301193],[0.49421372 0.40396054 0.76978483]
63,98419.76697728227,4302.00430905673,7472.538043301219,6033.917890627651,2504.5567533448652,5283.321397241385,6298.5571190018645,786761.0172904271,785984.8776159489,44611.05726550631,[ 0.04193376 -0.9988373   0.02378259],[-0.0781665   0.0204508   0.99673054],[-0.99605801 -0.04365566 -0.07721803]
19,51481.76521446569,179900.10568336546,183741.2758259277,3545.493138451063,3789.918764016916,2718.2202469808894,3048.200740951955,1143375.1461007895,1143232.6659465625,21843.11916492072,[-0.64719606 -0.44613686  0.6181417 ],[-0.73662331  0.57476284 -0.35641798],[-0.19627368 -0.6860099  -0.70061906]
4,177678.58014245797,66663.71490695022,110319.0828891195,1013.7752769657613,1860.5795591741767,2044.1990902999507,1401.9918966589669,439052.27575718076,439030.50506594253,5185.648972620501,[ 0.54268174 -0.7138433  -0.44263334],[-0.22432996 -0.63102031  0.74262334],[0.80942733 0.30371221 0.50257964]
19,38396.28848018806,8788.207124846342,51624.356314680685,1969.041101633513,4803.9567795094135,2776.4163680502775,2405.7216510642597,284072.4169815084,283373.47744584084,23444.75902695885,[-0.80175372  0.20595475  0.56104689],[-0.08814234 -0.96922967  0.22983641],[-0.59111919 -0.13482021 -0.79523683]
27,41660.26000752264,103633.2151855042,4729.027188058514,4614.773037640984,3379.685511405143,2756.5311344394213,3081.288121075883,581652.0823891097,581296.3976498026,28858.510181207297,[-0.05152765 -0.02464923  0.99836733],[-0.92653253  0.37423122 -0.03858052],[-0.37266924 -0.92700777 -0.04212158]
47,118234.16324109024,141968.9359292058,154942.6864088632,6042.590649188742,5271.606521076596,4463.231285889809,3689.0583415726155,1653861.0951337204,1653676.1730596551,57778.86537638247,[-0.87139971  0.33625393  0.35720561],[-0.00573227 -0.73506798  0.67796918],[-0.49054021 -0.58873454 -0.64246552]
66,164749.55908785513,54544.26500969643,187954.78328568282,5755.800936581506,3741.0932841924987,7161.083464630521,7655.604305907851,2079582.2389496723,2079521.3840406518,50906.047971722735,[ 0.54938744 -0.797156   -0.25043113],[-0.53242607 -0.56496637  0.63034552],[0.64396888 0.21296785 0.73481207]
125,194829.36381932697,173202.88020027342,157868.20191124937,6866.758478559069,5699.623637508323,9898.355394029728,7475.12104227393,3410258.4338876293,3408733.5971616586,122876.07826804499,[-0.609014    0.78547322 -0.11015341],[-0.46955171 -0.24511553  0.84819783],[-0.63923637 -0.56828707 -0.51809909]
108,192582.64480285588,26950.270177462044,124836.43977292394,6711.071350035274,10419.250501256667,5228.063520572656,5887.629116745346,2404899.661806232,2402843.7226892156,126345.4861949445,[-0.5348053  -0.07608423  0.84154292],[ 0.13860827 -0.99034622 -0.00145125],[-0.83352927 -0.11586868 -0.54018831]
13,166561.24963778106,181676.28602006476,143613.97860618748,4764.384018115553,3433.696361489995,2287.478231509403,1558.4874241144921,1028765.0924870033,1028548.7827901426,21997.752828819182,[-0.0857776  -0.56827445  0.81835588],[-0.80729913  0.52100316  0.2771711 ],[-0.58387526 -0.63688292 -0.50345787]
39,190389.45598819043,74902.15329758114,187333.80220326156,4982.215667979886,6664.769926182515,3592.210888952627,6442.508284036875,1733235.1032203857,1732922.3664231284,39662.602243407455,[-0.72155346  0.13678597  0.67871216],[ 0.09107106 -0.95302106  0.28888911],[-0.68634297 -0.27025998 -0.6751984 ]
11,189288.81936605784,49441.13282213627,192053.22021646667,2375.826473736478,3206.4634738627783,3758.5209804768733,3245.8879656200747,909405.8040929174,909355.9448778753,14652.300286387625,[ 0.38049803  0.73310322 -0.5637206 ],[-0.61527913  0.65576201  0.43750175],[0.69040049 0.18037696 0.70057927]
182,195961.23492623228,49080.031457037185,155676.2145860778,8069.46496296642,8288.070993919271,17523.77710105489,15044.28639461457,3450281.3210961097,3448572.135651107,199194.2705228791,[ 0.21013951 -0.976733    0.04282558],[-0.6060793  -0.09577376  0.78961717],[-0.76714358 -0.19188547 -0.6121035 ]
3,85406.42571936174,112094.73147654264,177457.98121067323,287.168429808171,968.9441932420633,947.3122094094853,540.601569197936,392502.2602777661,392496.5355331647,2210.527339130374,[ 0.91624915 -0.07514917 -0.39349726],[ 0.13579684 -0.8658318   0.48155426],[0.37689084 0.49465937 0.78311264]
4,9114.483764933137,2117.2322828433066,13835.480972232095,2453.6183076630086,1213.1558284627208,1943.9200852250867,2201.4843291822917,33963.79042477118,33784.5796358818,5200.558113461586,[-0.21222573 -0.93846117  0.27249014],[-0.80761786  0.32542946  0.49178152],[-0.55019418 -0.11569921 -0.8269825 ]
12,79282.1834102269,55651.59670464747,51446.56573118563,1823.919634673776,3161.658328395713,2620.0835700247417,3098.715444520422,380203.5407899838,380147.7649182629,11215.241418328198,[-0.64111719  0.23852036  0.72943593],[ 0.25836191 -0.82791439  0.49780205],[-0.72264643 -0.50760791 -0.46916558]
5,115893.41868590878,107096.83120001764,4272.615091417234,1880.7603222708685,2268.910157033706,1159.5905722904147,2098.469374717841,353046.31229061214,353020.33538136724,5287.030376626762,[-0.24154194  0.22370973  0.94425179],[-0.63458392  0.69974761 -0.32811055],[-0.73413946 -0.67845946 -0.02705579]
12,182043.03259595018,122910.17888581142,53348.77102643746,2124.679168560816,3357.7381533804605,1771.339820715999,2638.723194290834,783144.5668797328,783083.2971005763,11976.16403557834,[-0.0400234  -0.34736135  0.93687684],[-0.59147938  0.76393828  0.25797374],[-0.80532619 -0.54381835 -0.23603248]
40,113870.97491092623,19277.741310487512,151488.1739701407,4334.9339868601855,4091.8958041872725,2473.9741201448837,3768.39154035445,1205364.0936564775,1205108.0719016043,33108.441718166134,[-0.66823089 -0.48498981  0.5641386 ],[ 0.44265539 -0.86865998 -0.22245462],[-0.59793284 -0.10106794 -0.79514878]
26,23223.162463291144,28245.862349050603,101691.83302586936,2788.331256196048,2241.723703909632,3356.2749043154454,3351.1770639642536,551465.6575786534,551434.8010653231,18222.094768421513,[-0.87392814 -0.37856118  0.30486232],[ 0.43581792 -0.88800671  0.14665202],[-0.21520303 -0.26102779 -0.9410378 ]
12,87782.14053679245,125371.96627971064,176241.89846136598,3223.5634127988833,1885.6784003436064,2629.8807348676855,2725.7541708860504,808726.0366481824,808667.1838210701,12699.883659229234,[ 0.46335873 -0.81468004  0.34870491],[-0.80239422 -0.21869649  0.55527953],[-0.37611461 -0.53709242 -0.75502949]
107,141047.52350269337,152102.68369448715,23480.697497855843,6768.025858130556,7098.785395541681,5596.019527469944,8337.871332284392,2162044.2165753962,2161690.519050693,79216.74496828543,[-0.65822685  0.52759701  0.53700913],[ 0.33200539 -0.43677128  0.83606416],[-0.67565512 -0.7286098  -0.11232953]
89,180328.11821224925,5136.620022432063,31322.971799187435,6643.78534662127,2814.315330807164,5679.434733098944,6862.45415808679,1729324.5660466773,1728791.9824777942,57493.34781267294,[ 0.03486067 -0.99866868 -0.03802096],[-0.17002961 -0.0434161   0.98448208],[-0.98482215 -0.02785502 -0.17131676]
114,17996.050108114527,121251.6697012666,153698.62529959725,9615.576171487233,7583.428638899936,6960.734462527104,9178.731685116805,2103821.945776673,2101927.9895011,114301.0087891476,[-0.31778481 -0.72561423  0.61032516],[-0.94363298  0.30487964 -0.12886119],[-0.0925722  -0.61687308 -0.78159964]
18,194807.58755916852,86572.35666231166,97129.81097349832,5607.918177038724,3598.8772596717267,2162.3005118743813,4392.57066763838,994304.6659766108,994098.0547225099,23171.67799513098,[-0.28011401 -0.36556398  0.88763682],[-0.47937383  0.85437953  0.20058998],[-0.8317072  -0.3693218  -0.41456548]
14,168736.6262165171,148093.6856687589,180742.66333713854,2464.0757196093996,3118.0521766700194,1896.5995742248813,1744.7186079034134,1078535.323101221,1078463.4715776711,15120.207386520253,[-0.71273831 -0.04238751  0.70014813],[ 0.38632069 -0.85685901  0.34139267],[-0.58545745 -0.51380534 -0.62709142]
132,76665.01467431991,129869.51362543424,134080.7770111016,6109.315256373192,7015.322076667341,9878.717437707608,8528.053047729643,2322787.9459710377,2321408.674339271,121420.02863052175,[-0.92168972  0.32418079  0.21306073],[-0.07850917 -0.6937424   0.71593141],[-0.37990048 -0.6431394  -0.6648664 ]
4,70434.76730358972,68909.97054767428,69040.69921925888,1222.063831765156,542.0098165093311,3051.628775135277,2632.9373024070896,240725.91487848593,240693.27739973384,4080.0025186409375,[-0.79615277  0.5397822   0.27345192],[-0.15333153 -0.61713459  0.7717735 ],[-0.58534623 -0.57252081 -0.57409904]
69,196759.5921432946,26621.30369361527,88401.77598675435,6037.455590182275,8594.294375268246,7947.035811424591,4142.449270889429,1808153.3110476742,1806263.6707627503,103743.12823084362,[-0.19448256 -0.73152226  0.65349194],[-0.37756458  0.67070958  0.63843061],[-0.90532951 -0.12257179 -0.40663821]
148,84284.70681542162,29764.941814884318,185294.57004973968,7749.414893993743,13217.12401139901,7339.80618902009,8248.806286497338,2510166.795898201,2506007.8347992986,179736.17240127796,[-0.86678405 -0.24554336  0.43404363],[ 0.28412731 -0.95845553  0.02519246],[-0.40982567 -0.14516007 -0.90053954]
6,134049.61298421616,54371.85987130087,143823.67899175582,1109.0632147041651,2036.8417408489827,2076.1012588355075,1913.805640163535,499709.56293246406,499700.6786229045,6002.841866048507,[ 0.50809711  0.5343067  -0.67553955],[-0.55681796  0.80215334  0.21564735],[0.65710813 0.26658276 0.70508336]
5,21924.14672853334,195837.02795353867,12517.440602272278,2437.199053866979,1307.522309176673,1450.5300527903262,1356.6765118346523,441581.4468274451,441541.20690446737,6299.587482218109,[ 0.48581332 -0.10981314  0.86713695],[-0.86697925  0.06550451  0.49402038],[-0.11105131 -0.99179143 -0.06338275]
23,109105.22717479347,68241.56366500213,182599.92231126307,2668.098733938365,3089.9965233483726,5818.614612060571,5758.201807914712,1071848.6583165925,1071744.952940264,19813.158075193303,[ 0.0484473  -0.9447441   0.32420895],[-0.87139807  0.11866622  0.47600813],[-0.48817852 -0.30557636 -0.81749913]
23,76687.14235317307,43652.46145235861,200627.79699811555,5257.570146648309,4775.153112316128,2532.691346008377,3950.9955329831123,1051693.6665852692,1051355.9317720486,30873.421912771522,[-0.6841111   0.72185464  0.10448866],[-0.63983847 -0.66270998  0.38913006],[-0.35014102 -0.19935232 -0.91523763]
23,41376.59865599644,199624.54254341198,72682.03764346316,4319.720279233211,3590.0075229953413,2150.7303791699933,2542.590259438617,1038343.7613394755,1038112.9405471728,26116.789122034555,[-0.3779838  -0.24655671  0.89237774],[-0.90589399  0.29736066 -0.30155053],[-0.19100873 -0.92238085 -0.33575176]
3,167764.13633363636,18510.07254038961,79678.49251227391,506.2509345514079,639.6520733267297,1382.1979764106945,525.6479962535559,323287.7471041159,323280.2686701237,2626.465799355641,[ 0.05703934 -0.99224597  0.11042851],[ 0.43455184 -0.07490679 -0.89752642],[0.89883881 0.09918123 0.42690968]
8,82244.97239909515,44681.93207345023,98695.60567725479,1198.1792384417072,1536.258378954838,2749.609619131015,2732.402953356978,384831.08291897614,384811.67969012406,5588.9100025896505,[-0.4335144   0.89995666 -0.04629542],[-0.66828946 -0.28660548  0.68647396],[0.60452829 0.32853509 0.72567916]
128,70071.82678020326,70344.37036933556,183143.94951263865,8402.803089316005,11544.74539067275,11665.849976565094,9317.98838170896,2364936.9314707653,2360511.48502054,180329.64407730597,[-0.9394706   0.05871059  0.33756193],[ 0.06163199 -0.94018244  0.33504996],[-0.33704078 -0.3355742  -0.87965531]
3,41061.07891463927,183663.63514015288,97636.74008878012,1929.8791447981105,1907.103408293457,477.98783346099907,2072.4505000453955,367254.7359275475,367242.8236094483,3140.6496241930454,[-0.4721201  0.4937701 -0.7302696],[-0.85998125 -0.07591789  0.50464712],[0.19373913 0.86627222 0.4604754 ]
9,179298.26705253453,22323.96839527958,177928.51388000313,1838.955835826862,2962.4448209796487,1250.156637664414,1670.6870121017794,760825.3828376601,760775.4098170521,9929.808643553506,[-0.69430989 -0.10181632  0.71243752],[ 0.13410871 -0.99090649 -0.01091668],[-0.70707046 -0.08796451 -0.70165063]
113,178842.09613656037,68237.75473321066,157172.11748373072,6937.774538859568,8652.68192336943,6397.317573075381,8381.919040748257,2635963.4547260967,2634746.3109636637,102914.06290638295,[-0.65401419 -0.02720593  0.75599291],[ 0.22554981 -0.96091251  0.16054418],[-0.72207529 -0.27551223 -0.63458671]
84,180311.64448131528,159943.9539298685,94815.36731596812,5904.84058007653,5015.988309749343,4940.518303747704,5943.220051044436,2375053.1867965763,2374739.2344068475,63917.87140523052,[-0.71769671  0.60672986  0.34174597],[-0.0109927  -0.50057366  0.86562415],[-0.69626905 -0.6174989  -0.36592967]
9,44098.037795726035,142368.0071218243,82293.55189287558,2362.998242598018,1247.7565177730944,3273.546109609473,1820.2224848479696,510865.9694778584,510828.3621156089,11447.213286903418,[-0.91912165  0.36722872 -0.14268311],[-0.29684848 -0.40740461  0.86365645],[-0.25902969 -0.8361606  -0.48346568]
4,87816.07932712161,201168.91935226746,69339.74950817229,1458.9036098986146,887.8692537789449,1255.204647400207,1390.4665368804847,460403.99239189,460394.0217003227,3199.4816961998313,[ 0.69150483 -0.05356522 -0.72038312],[ 0.6134087  -0.48314114  0.62474347],[0.38151124 0.8739024  0.30123706]
157,112337.03790604477,53858.163664227504,143889.97842855015,6445.66239416173,5941.624212948991,7668.608398236973,8060.002070966265,2388438.2150170105,2387762.769473409,105282.53940452255,[-0.80709637  0.19213286  0.55828346],[ 0.01239462 -0.93984845  0.34136677],[-0.59028962 -0.28243559 -0.75616685]
11,192840.38230191803,12693.07311556284,166439.46827947156,3400.350988629683,4214.7920677070515,2794.0240783549284,3976.2846174811775,846133.7424789438,846020.8340429465,15397.928823199292,[-0.64220596 -0.13581704  0.7544039 ],[ 0.1260154  -0.98949381 -0.07086692],[-0.75610292 -0.04955535 -0.65257386]
2,41961.35423509749,175660.02563961415,66510.90390601856,640.9595583269693,522.9600762301707,777.190534188092,68.9793497640494,272184.4541367933,272179.7382386475,1602.237836714029,[ 0.78562331  0.04594776 -0.61699661],[ 0.57901737 -0.4060174   0.70702812],[0.218025   0.91270953 0.34558128]
6,142415.04632087477,95747.2174410496,200664.4073698041,1466.3325776061731,2559.067269700657,1937.2491860604378,1171.226581343477,646808.0290949275,646770.2107416273,8151.325227475185,[ 0.75792575 -0.60233076 -0.25049193],[-0.36691867 -0.71111534  0.599738  ],[0.5393693  0.36264671 0.75997903]
111,87069.01869704669,86240.4614480174,105265.6943990727,6339.602975287689,5750.839895186992,9827.818819155305,4694.180773646411,1706418.1045117064,1704015.022783129,127359.92127686279,[-0.61914246  0.775533   -0.12333362],[-0.57168711 -0.33747128  0.74785492],[-0.53836462 -0.53353698 -0.65230501]
3,130167.18373732704,56153.20534484178,166332.49195000832,657.5194573310425,405.71558240486394,1593.0349573338005,1496.897526255768,378548.4308858317,378544.9400625936,1636.5929234423315,[ 0.73808696 -0.54894364 -0.39228627],[-0.31701334 -0.79539631  0.5165726 ],[0.5955923  0.25691551 0.7610941 ]
17,90998.93679898563,17726.202575783947,17106.05084457589,2663.270934229337,3338.174544186785,6782.829921152698,2753.942200655581,389882.93910171126,389098.5417339237,30946.831896477925,[ 0.17772317 -0.98136514  0.07305434],[ 0.19222839 -0.03818574 -0.980607  ],[0.96512316 0.1883197  0.18185975]
3,37410.925344841606,136346.58290512318,158862.08721505819,3496.4675832365133,1395.8309350033333,1400.066044238763,1653.739884956733,368415.2204942601,368360.75718468876,6337.611358431251,[-0.34988878 -0.66856013  0.65620515],[-0.92011652  0.3768371  -0.10667424],[-0.1759643  -0.64110931 -0.74700429]
62,27068.010119981293,195281.78642930693,41256.04915315444,4788.355602097105,4553.495048786911,7586.119227863846,3437.4948228261223,1587636.6801029444,1586519.3947771636,74571.43220379893,[-0.93459267  0.19260403 -0.29906559],[-0.32933711 -0.15076233  0.93209859],[-0.13443812 -0.96962591 -0.20433302]
161,149169.35345582382,127961.5428850737,12492.029077516767,12717.515365008592,15203.779053175027,10752.322694523618,6325.528159462721,2513462.101792468,2501837.4397295164,273429.9808616387,[-0.32610608  0.29343179  0.89863931],[ 0.56561802 -0.70111047  0.43418931],[0.75745038 0.64987837 0.06266608]
35,181895.8353734023,65256.26879476261,12435.67860413417,4508.210395733379,4559.951629544263,4427.182124978167,5352.432737080574,1146359.0201626217,1146264.443640451,33578.737677667916,[-0.34277079  0.91078128  0.2301861 ],[ 0.01900294 -0.2382578   0.97101602],[-0.93922685 -0.33721014 -0.06436029]
14,198451.46330593867,58123.04538083862,203237.72579181378,3455.394346120935,5188.567341070714,1903.5959796473774,3479.1697642468703,1085117.339427493,1084970.364833235,20515.70441334354,[ 0.72902528 -0.18872413 -0.65795543],[-3.45164625e-04 -9.61340308e-01  2.75362841e-01],[0.68448669 0.20051937 0.70090652]
130,38573.19823108003,81262.11151257595,187708.85951576245,4692.899996188684,8701.817247333862,9756.274407299748,8987.333485916097,2377706.7412106446,2376381.4425797686,119388.492822347,[-0.98242303  0.09876689  0.15839852],[-0.02726265 -0.91537488  0.40167846],[-0.18466656 -0.3902998  -0.90197801]
10,165664.87897896866,132666.41330833468,134905.33170040237,1752.6749824212611,1847.438528867711,3553.7631149541985,2232.5882346533613,795363.7344692076,795317.7220927087,11920.184748560569,[ 0.75179871 -0.48938451 -0.44192929],[-0.02945326 -0.69446043  0.71892783],[0.65873455 0.52747276 0.53650842]
