N,MEAN_X,MEAN_Y,MEAN_Z,SIGMA_X,SIGMA_Y,SIGMA_Z,SIGMA_R,LAMBDA_1,LAMBDA_2,LAMBDA_3,EIGEN_1,EIGEN_2,EIGEN_3
8,110490.57461521938,82959.06506865272,133688.10979020945,4256.736910678397,1678.02643536326,1772.4663131356567,2625.656279096709,543940.115864594,543859.3421256575,11728.167674316222,[-0.25190031 -0.71518406  0.65196472],[-0.77850634  0.54994192  0.30247605],[-0.57486878 -0.43136485 -0.69530587]
649,145301.45999968448,18807.680876814422,175439.0014280238,17569.056271883233,12622.44345319535,12425.483096673608,13091.94419921932,5848856.43569664,5841293.168878846,540515.8699335944,[-0.10374755 -0.97620394  0.19042668],[-0.76411278  0.20079149  0.61303707],[-0.63668525 -0.08190637 -0.76676152]
2117,108684.07422410122,105522.57610364554,148355.77226944643,21767.149588481265,34407.76524192725,25066.938788490064,25078.49231388459,9965189.437321823,9863640.258874783,1851844.0988062876,[-0.82759695  0.50576347  0.2434884 ],[-0.22864904 -0.69990344  0.67664968],[-0.51264306 -0.50431983 -0.69488028]
1872,23692.74745708239,41825.17473242101,37689.383473803675,13325.072327603772,18348.880176232844,25675.378107277113,18354.54645943143,2976378.1874462985,2800384.228221484,1289190.6341347988,[-0.90716653  0.40526413  0.11318068],[-0.18592191 -0.62736785  0.75620277],[-0.37746778 -0.66495907 -0.64447459]
490,95143.85900545579,179985.49709225693,190234.93604528764,16233.94742015928,15162.15177269598,11373.745397924826,12040.484278730672,6188631.826914608,6177399.4552244535,484401.55285088794,[-0.37806809 -0.57080904  0.72886319],[-0.86087405  0.50635643 -0.04999042],[-0.34052958 -0.64635919 -0.6828319 ]
2187,169323.20326801305,103080.8590198156,86496.50558304193,16608.87400635783,20992.607852972003,37772.26496410227,22091.873456652516,10312888.776155056,10199505.086508518,1895951.4693528097,[ 0.38620478 -0.87522926  0.29123805],[ 0.49654382 -0.06882149 -0.86527905],[0.77736098 0.47878736 0.4080105 ]
106,10288.177420731612,150234.01505362306,127870.05689733193,5409.007876196701,4260.538860868602,5175.330662606739,3563.8053958949113,2035190.8679984685,2034922.776126548,80685.95370615413,[-0.775414   0.4392134 -0.4536791],[-0.62930904 -0.47835764  0.61249009],[-0.05199299 -0.76043774 -0.64732617]
15,4112.867893281168,197485.1381432099,173615.47249964008,1872.633699092129,2391.625347867531,3171.655402550869,2995.2140411738264,1018644.8891372817,1018614.2568972413,12449.864012321203,[-0.95985032 -0.17364559  0.22030562],[ 0.28007397 -0.63715232  0.71804978],[-0.01568205 -0.75092218 -0.66020447]
705,61694.951425926796,168642.20965114338,128668.07940401092,21266.22310491027,15314.467384296106,9169.645333965664,13121.703801661262,5902685.509503876,5884630.164970231,653517.7138469158,[ 0.08016781 -0.62160854  0.77921496],[-0.95661244  0.17170433  0.23539384],[-0.2801174  -0.76427773 -0.5808733 ]
1135,103508.17729620659,125818.6703322329,43584.8171890434,28333.968405871776,10687.784012759766,18453.090244760344,17437.717549900026,5777835.673330128,5741542.921004248,1036170.8814281484,[-0.00541386 -0.32893142  0.94433829],[-0.78325286  0.588488    0.20049147],[-0.6216797  -0.73857023 -0.26082247]
573,117581.34137691908,160961.13284794425,96746.16907294025,13967.015785383373,14960.907328631898,9878.65710993176,18213.873339966864,5328938.264295672,5324575.78893653,323370.4947189222,[-0.6387358   0.68123047 -0.35768927],[-0.55642137 -0.087884    0.82623947],[-0.53142434 -0.72677469 -0.43518585]
16,169502.266752386,18214.158755344848,65372.81761781459,3944.294530997653,1833.1827038444599,1765.0468547296525,4254.209655517559,730564.2576021497,730535.2897469598,7953.773682162135,[ 0.37019985 -0.3343498  -0.86669619],[-0.03322349 -0.93715109  0.34733849],[0.92835783 0.09978999 0.35804146]
303,157442.77090758586,78372.07953988182,121675.05613150676,18869.003700954017,8982.62542276451,7051.860449385772,13788.586060072335,3739930.992062377,3732564.4901394937,302024.6851347682,[-0.2364644  -0.64825294  0.7237767 ],[-0.63142189  0.66869352  0.39262626],[-0.73850592 -0.36416632 -0.56744331]
16,199784.53511902143,35567.129663573694,92179.6690395746,3083.6071980057204,2276.495239486781,3315.714033070457,2329.2387823499566,891716.8534075882,891611.5862202619,17968.740664725836,[ 0.07298468 -0.97332952  0.21749227],[-0.43720532  0.16477855  0.88413773],[-0.89639541 -0.15961729 -0.41351854]
107,22623.036973846447,132809.75369760906,163031.6403162477,11560.601269401715,13238.657765403172,5060.302550087353,9097.802155238154,2195427.308165553,2190229.8925332427,163406.6826691597,[-0.59811985 -0.5787351   0.55436299],[ 0.79451473 -0.51874143  0.31567972],[0.10487611 0.62926387 0.77008311]
141,39034.34489199816,79561.64000956378,186998.87037013704,4966.5685551223505,10391.202050940583,8467.015042522244,7988.380715275221,2462237.1040836787,2459967.4694178463,139509.04752622257,[-0.9815649   0.04272789  0.18629191],[ 0.03304562 -0.92207298  0.38560265],[-0.18825072 -0.38465016 -0.9036625 ]
30,165556.22948420866,188736.1763022225,128609.74076644903,2601.261416939279,6227.827679428607,4035.60117624285,6006.033842578366,1545583.4752233776,1545429.7251376812,27739.52912073029,[-0.08107426 -0.51170828  0.85532544],[-0.80573492  0.53878889  0.24596295],[-0.58670112 -0.66922431 -0.45598314]
381,167414.7284707934,152925.3986140189,131948.91652842014,9563.89318115995,8273.397796249175,21945.133922874775,9898.120417213628,5142762.6632921025,5126328.799679934,453601.74382347695,[ 0.63728899 -0.76647733  0.07984518],[-0.43303989 -0.27048141  0.85983502],[0.63744741 0.58253954 0.50429008]
514,93986.89083589918,40045.90524949489,70695.39710949668,10681.521538604084,12269.522197340477,11609.197355201639,8446.536566478666,2847148.8609023397,2829220.448749994,408752.6812391657,[-0.57735101  0.73754927  0.3502669 ],[-0.30442982 -0.5925053   0.74582837],[-0.75762016 -0.32397307 -0.56661552]
93,41311.875732733104,14649.755217139083,65428.96149953883,8339.239005006317,4559.940116353377,8114.044490143893,6810.197604966774,767953.0513060766,763206.4825439085,102117.90277520478,[ 0.14621874 -0.98083326  0.12878737],[-0.83967469 -0.0542218   0.54037618],[-0.52303585 -0.18715262 -0.83150911]
765,17268.19737312815,111839.30486669335,87053.19501201388,10345.643227411801,13860.346845001628,18169.964795289005,15270.522230675431,3999804.0589454756,3980859.270950252,552623.7799922863,[-0.96715781  0.23111114 -0.10579895],[-0.22416342 -0.57933699  0.78365772],[-0.11981878 -0.78163693 -0.61211695]
466,12484.585553384602,48049.37181326298,151973.5350072221,8231.469755856715,13745.59756954658,14408.114716103384,13554.15224422128,3478113.7463390143,3467996.001809503,361791.443827662,[-0.99123123  0.12526422  0.0420658 ],[-0.106544   -0.94595511  0.30629612],[-0.0781603  -0.29912842 -0.95100639]
4,34167.660210760005,127610.74730830095,184609.24235856146,2490.7986508742315,1314.6351882137233,1541.6078500570964,1945.1275385288905,454056.384222096,454036.5488211071,5110.48384837768,[ 0.17568132 -0.8247205   0.53756132],[-0.97286435 -0.06192759  0.22293482],[-0.15056904 -0.56213973 -0.81322069]
223,196019.11341972038,43492.38038361604,152185.12297721373,5837.129256067625,12726.788787390395,12543.47309812703,10847.106898910995,3770451.8194335937,3768111.3144379873,229484.67590207452,[-0.57901805 -0.17934615  0.79534461],[ 0.24607568 -0.96845612 -0.03923659],[-0.77729329 -0.17299628 -0.6048863 ]
553,163986.2229012868,183106.78683485708,191231.83922994632,12799.9290242239,14923.391436300917,9641.155668344923,13660.415790761508,7338428.238443875,7334046.446324593,399506.7280783834,[-0.63638626 -0.20581354  0.74340656],[ 0.56358615 -0.78208108  0.26593202],[-0.52667179 -0.58820912 -0.61369932]
20,22113.22451762012,151150.21471644996,190794.9616698807,2898.839444912083,6328.833575026579,2421.035520038827,3391.854507865813,1093493.568399856,1093211.3517247245,29282.917718453413,[-0.96891008  0.23590397 -0.07458266],[-0.23025131 -0.74944103  0.62074349],[-0.09054054 -0.61861738 -0.78045817]
865,17135.940446474728,146240.67347873555,26746.302707970972,12060.289015826573,12817.020946947207,10721.549386205264,13001.034698964102,4435504.861698335,4425220.783221603,471538.6673352139,[-0.53923939 -0.09132585  0.83718604],[ 0.83446378 -0.19196783  0.51654483],[0.11353889 0.97714274 0.17972473]
20,103631.01593560356,60676.763189391604,30196.373091830996,4063.9492562058435,1928.4929882004878,2398.475432204235,3311.0708331192527,554146.8138358382,554056.8961542587,17230.2867495099,[ 0.24425295 -0.73314042  0.6347012 ],[-0.48941914  0.47184497  0.73336978],[-0.8371436  -0.48976265 -0.24356343]
17,189941.77582196076,186789.26699269115,186796.61508923263,989.556006739651,3429.7707891142645,5390.427608510502,3435.410917446702,1341747.089970316,1341605.2843132846,22539.613908906533,[-0.78196103  0.58788927  0.20717902],[-0.21862189 -0.56992944  0.79207632],[-0.5837306  -0.57407895 -0.57418808]
503,191680.71818322962,137023.4638498771,38353.661553838516,9408.781759614605,11421.385407495225,16500.986752587123,12768.373495696189,5372970.693301434,5365438.561998408,409043.5077824613,[-0.58381805  0.81176029  0.01420273],[-0.12349499 -0.1060804   0.98665898],[-0.80243721 -0.57427536 -0.16217998]
36,154839.97462773926,64377.736717056745,10527.971667243724,3210.0419663942525,6097.206883846057,5584.52482799339,4421.915370159816,1009185.7221790039,1008814.308308724,45998.16441481473,[-0.34086803  0.72033764  0.6040883 ],[ 0.18682456 -0.57785145  0.79447107],[-0.92136072 -0.38366832 -0.06239432]
11,198029.50674883698,60373.00183823325,201810.06041058453,2720.434477677686,5571.586538553286,2035.6936733766586,2277.526340188128,959110.0335643992,958940.6539855142,20277.241041982466,[-0.71843672  0.35289108  0.5994302 ],[-0.12109637 -0.91204848  0.3917949 ],[-0.68497033 -0.20889103 -0.69798294]
76,101129.38211962068,162651.03998571908,66389.6481563933,10756.162347708054,3960.478042372093,3129.6172347913775,4526.472058720962,1770043.3778779572,1767736.1834566023,95962.116611253,[ 0.10079496 -0.42897648  0.89767452],[-0.86041338  0.41543194  0.29513577],[-0.49952898 -0.80211937 -0.32722366]
4,190541.91243943846,28386.89694936905,66431.05941599724,639.6460116002829,949.3197084550476,2427.6629875817644,634.9584295653567,407589.26859880105,407556.56519227335,5219.316894859758,[ 0.01330826 -0.93271022  0.36038109],[-0.35429123  0.33263208  0.87397576],[-0.93504044 -0.13931096 -0.32602429]
13,194905.58705021127,35268.53955608753,183821.0413034962,3583.149027591927,2145.387397405909,921.5961995347722,2776.855399043236,974405.5083958177,974397.1170534998,11738.241928706624,[-0.27738947  0.95431614  0.11106658],[-0.63462114 -0.26879259  0.72457336],[0.72132592 0.13050382 0.68018943]
179,114906.10768353073,24351.75357121581,30687.74245281781,11172.593583501704,16073.461718040793,7311.577316783456,8691.827152256807,1646446.9998600325,1630638.8413827375,250615.39565266846,[-0.28473654  0.1548279   0.94601978],[ 0.14293593 -0.96898084  0.20160715],[-0.94788946 -0.19262514 -0.25377379]
6,29077.05383178387,157063.86038627021,146167.32525529375,1333.778657513524,1761.5457177037447,1895.650303452307,1333.4687977205301,530394.8274661538,530373.3613740882,6336.385703397032,[-0.94790664 -0.10454515  0.30090416],[ 0.2888559  -0.68033275  0.67357971],[-0.13429546 -0.72540862 -0.67509041]
119,143828.42910302008,130000.11295150932,201597.5485831342,11433.182977722652,9848.334781435746,2590.8539049219144,7376.941650124102,3054542.5155560463,3053256.0066617844,146647.85292097216,[-0.38478    -0.62552857  0.67871817],[-0.76619206  0.62649301  0.14302534],[-0.51467862 -0.46499518 -0.720337  ]
218,193335.9856134318,182364.43370731417,110756.25496883485,6342.452494301657,6143.662986674863,7638.751892803749,6186.131634174392,4253897.951669873,4253004.222392837,145774.48090130923,[ 0.40125401 -0.74718429  0.52982153],[-0.62306935  0.20133612  0.75580973],[-0.67140137 -0.63338724 -0.38476071]
44,138023.86953581346,86176.47430657876,79511.63044177798,3416.244626025787,10044.996292397425,6968.552691675131,5043.671007913627,1203845.4284950758,1202187.45114828,77457.40997733353,[-0.64139173  0.4606014   0.61356581],[ 0.09048284 -0.74873826  0.65666116],[-0.76185924 -0.47669421 -0.438558  ]
19,173473.0402234462,44314.72765380314,97687.44458441425,4693.5058303121805,2543.572052626803,3362.50164984752,5236.005218088977,889421.8941628006,889375.039043212,15342.083316071561,[-0.30194845  0.94737694  0.10632061],[-0.43061047 -0.23503799  0.87139645],[0.85053028 0.21733404 0.47891978]
10,13347.919837251791,173426.39015401568,126735.34441977678,2044.5841260483512,3653.0042379148645,1421.2131746857362,3043.8828054566907,680694.6202061757,680645.4886930032,10099.048810930699,[-0.8355648   0.36461594 -0.41095826],[-0.54587184 -0.46644661  0.6960255 ],[-0.0620919  -0.80590495 -0.58877993]
441,162668.53832423416,194270.27505999987,13704.746541188317,13684.390243049533,6867.541729866529,9193.357363060604,10843.017061084269,5339675.779573602,5335885.31065153,298854.35594168527,[-0.42607226  0.29650773  0.8547196 ],[-0.63752107  0.57192596 -0.51620498],[-0.6418951  -0.76484237 -0.05465186]
191,100195.333505571,190570.0658496403,12722.761916054571,8252.056277090804,7424.322272726404,7091.26296305284,8165.653090025859,2985034.354704482,2984175.8035882036,142792.18729318603,[ 0.5150327  -0.32398499  0.79358367],[-0.720242    0.33840012  0.605588  ],[-0.46475023 -0.88346991 -0.05906047]
60,94742.71944757573,9476.80922750083,7289.62820480327,5794.631576869973,6491.416549713685,4496.777402279162,5761.15523978829,742935.5888205162,741680.8614072417,61355.18313328922,[-0.0375714  -0.35003984  0.93598104],[-0.11933542  0.93151127  0.34357796],[-0.99214286 -0.09878699 -0.07677034]
62,12355.631453998796,63665.054317811584,115713.95969213176,5291.124302424401,6486.654488040774,4431.778720041542,5275.551773147047,1046867.0614811889,1045583.116624848,61699.19049107061,[ 0.71437318  0.57808583 -0.39431934],[ 0.69362193 -0.65947549  0.28979422],[0.09251801 0.48052976 0.87208461]
79,70359.0692345386,79527.77983021333,136198.63955237152,7786.2499708938,6653.6813214211725,4734.320292418981,4538.272890567645,1537342.0551576968,1536446.6973773066,91638.08759468271,[-0.10493257 -0.83403954  0.54163382],[-0.90722278  0.3033745   0.29139448],[-0.40735241 -0.46080577 -0.78849354]
69,139329.71492476983,41122.4002797027,7603.832728991587,5906.888791369517,3810.4918097839563,5218.154994817714,5537.851110457884,1210145.6302073111,1209664.4343061054,56054.71518016738,[-0.27694123  0.86140447  0.42577681],[ 0.07554572 -0.42221745  0.90334117],[-0.95791252 -0.28233803 -0.051854  ]
5,106498.67084212138,199815.1646594237,44256.819873944856,1545.8982593648007,1714.6945316388028,1085.2439388229288,1821.111233665304,515912.81266066537,515897.75666995556,3985.2190462355506,[-0.44612522  0.41356719 -0.79368411],[-0.7667384   0.28079349  0.57729303],[0.46161079 0.86609306 0.19182879]
288,46601.19608410566,72552.04824421901,113504.98267982417,9850.77058166364,7385.502471353914,10302.32254799448,6402.285401537783,2430127.1049678065,2425862.1384445983,248558.73986396004,[ 0.56051081 -0.78296424  0.26980481],[ 0.76130533  0.35893008 -0.53998462],[0.32594759 0.50807106 0.79725903]
116,54791.81917937386,169666.73869996436,82943.1529259611,6561.6407119874875,6532.383646506427,7531.728343171339,6213.754732504888,2121108.228703964,2119718.036730511,108809.59518451859,[ 0.42143222 -0.50439642  0.75364391],[-0.86331635  0.03127668  0.50369301],[-0.27763243 -0.86290557 -0.42227267]
160,114754.15501088966,107522.07227999577,68527.77911407288,5898.229567080028,9255.136337703341,7252.771895245878,8410.823333015373,2174888.5967186913,2173713.693389729,128008.31254644474,[ 0.09517774 -0.60485306  0.79062885],[-0.73794642  0.49018819  0.46384331],[-0.66811397 -0.62758929 -0.39969415]
189,108272.97533652013,89066.01188329523,40190.55087712218,7203.555618566974,5760.590851491498,9775.92081618645,5238.419440958982,2012650.5324433865,2007311.962668385,169367.2816027663,[ 0.4241402  -0.74668363  0.51241453],[ 0.51877516 -0.26345278 -0.81330496],[0.74227853 0.61078326 0.27562   ]
28,39490.52491097526,130621.00443794926,199590.0628532565,5671.479201596025,2650.1438732044717,3121.4256049620008,3412.790824602976,1279859.7574384087,1279563.628237549,32225.0603994186,[-0.26643415 -0.78149282  0.5641647 ],[-0.94989037  0.31216411 -0.01618184],[-0.16346598 -0.54020601 -0.82550369]
17,6247.794343205635,178862.93442278847,60228.902649313866,2476.999029655318,3886.503818737253,2167.3378070785443,3411.3313864280744,778814.3201311366,778766.4251324252,15561.596360712792,[-0.81371444 -0.15976946  0.55887613],[ 0.58032915 -0.27783485  0.76552327],[-0.03296803 -0.94724945 -0.3187971 ]
2,80220.10796523832,25104.02086756433,154443.90439345373,2229.7528678995877,1352.7927013037606,352.71544441713195,1133.8220147967077,248697.90286247776,248675.2227764693,3358.6403897679565,[-0.52150955 -0.7568794   0.39390527],[-0.72099471  0.63778238  0.27092483],[-0.45628327 -0.14271373 -0.87831564]
16,113783.73525195743,72489.52303920666,7026.973710668101,4159.237998115413,3141.974449256519,5318.749725912277,3475.7035275096428,541071.1799324763,540692.6864188891,26367.701481234286,[-0.47407199  0.6909803   0.54571235],[ 0.25618644 -0.4847221   0.83630915],[-0.84239198 -0.53627485 -0.05277339]
66,57168.23231824895,70572.78530673427,157182.17909074784,6268.5409798564415,4622.042559483216,3765.7023268290895,5233.845250263969,1476141.6149641916,1475723.9386915856,56377.94752424596,[-0.16614453 -0.87547961  0.45379671],[-0.93434995  0.28688821  0.21138903],[-0.31525571 -0.3888838  -0.86566924]
327,191169.76077179404,49683.52926915059,16578.830743248498,9200.575644303635,8988.83390591417,8164.446069564247,9510.45025449784,3592639.9942313735,3590826.877768214,214074.33828471077,[-0.23827133  0.6889412   0.684534  ],[ 0.11478388 -0.67991772  0.72424896],[-0.96439174 -0.25114124 -0.08292556]
139,195599.9710127477,175908.64946380723,158831.70055770827,5643.0452798457645,10457.510970368972,9206.53755038493,9950.118824718073,3626233.6211751555,3625929.7889543367,132734.37582205373,[-0.7321948   0.65942965  0.17042098],[-0.24327011 -0.48691378  0.83888892],[-0.63616855 -0.57277177 -0.51693526]
661,118738.0974974809,12820.083784741686,90160.7868902978,11771.095270166725,9116.986037073655,21866.466839892764,19131.5002608879,3899933.5745538333,3885387.7469412317,470896.2946886833,[ 0.15362012 -0.98618283 -0.06200229],[-0.59564911 -0.14248563  0.79050616],[-0.78841804 -0.08450605 -0.60930758]
92,159474.34762407094,35070.43337183884,60274.530990822845,6466.866305382499,6306.922892003953,7748.770578381043,5534.947284049026,1672648.8511106912,1671025.1884204878,101324.4060969489,[-0.00754859 -0.85542221  0.5178763 ],[-0.40045824  0.47713477  0.7822887 ],[-0.91628392 -0.20148266 -0.34616257]
41,194953.98134444258,200367.50123160132,72061.35765958631,4113.2185390174745,2552.6005475497404,7404.671004152268,4155.941152827082,1849365.4480012453,1848840.4234561706,50105.553749239516,[-0.67704725  0.71758367 -0.16334228],[-0.29254301 -0.05875852  0.9544454 ],[-0.67529668 -0.69398927 -0.24970638]
6,37936.04137320625,4208.434145114658,28393.01989342875,2823.3692102979717,1743.6767765035895,696.24730828709,2540.9488088009352,116780.68798000169,116729.03094670759,5547.614083446396,[-0.51709822  0.60817249  0.6022754 ],[-0.30866623 -0.78880615  0.53151671],[-0.79833238 -0.08894427 -0.59561256]
2,52052.28200711,177494.44781681494,48592.4950747727,551.2389944031056,80.90617474642931,186.1633253084765,272.42217344688834,270463.65638494684,270462.6549469458,736.0055461585775,[ 0.29248698  0.17176408 -0.940717  ],[-0.91671714  0.33035932 -0.22470516],[0.27217835 0.92809473 0.25408488]
27,135966.56585844298,94241.36085212251,3583.827768812165,6444.930076258984,3302.3368246002983,2670.197433982559,5794.784206686706,860656.5817077819,860454.0832633423,26266.356942606093,[-0.15825671  0.19170009  0.96861029],[-0.54710602  0.79959369 -0.24763869],[-0.82196704 -0.56912301 -0.02166079]
3,200305.45084700416,13197.422788498056,150702.1725820496,1193.7812834290046,912.5619120113867,803.327463372485,954.6909142500479,434776.99941534083,434771.1527758968,2442.8202441699996,[-0.41637879  0.76829731  0.48615629],[-0.43570232 -0.63793028  0.63498697],[0.7979926  0.05257568 0.60036956]
52,195865.60359115788,130409.03830752248,157597.74469772563,3835.591913885165,3527.0128008148768,4938.3935836114815,5053.00398170233,2042782.7432248194,2042684.8772649453,36809.739860729285,[ 0.67709348 -0.68156848 -0.27750463],[-0.25154342 -0.56873966  0.78310989],[0.69157091 0.46043414 0.55653398]
73,85045.86786346778,175570.0980839255,143303.1583023469,7187.349247829058,9492.956183309196,4528.269221445587,7031.373344696091,2070679.4689030643,2069418.9593330089,90159.92411615247,[-0.18583275 -0.56548997  0.80354669],[-0.91792012  0.39167443  0.06335455],[-0.35055505 -0.72581832 -0.59186056]
30,65443.275157122385,102247.55122644408,141434.54346099435,2429.727309554025,2747.7662263646744,4287.689104942905,3857.372437201138,1021294.0303479001,1021187.570902891,22618.082804478545,[-0.87223805  0.48630574  0.05203379],[-0.34051874 -0.6802095   0.64912404],[-0.35106663 -0.5484722  -0.75890083]
6,70159.13381222046,76946.55596965308,73372.75787916455,1034.769220772982,807.8035906679376,986.9303615644988,1025.119417778913,312044.7513334041,312042.03028852114,3141.6532159065628,[-0.21137071  0.76855552 -0.60385829],[-0.80744634  0.21083996  0.55097815],[0.55077476 0.60404381 0.57600195]
8,90232.63281816023,62747.75658647988,102242.92191362883,2113.352800199902,2176.8484647828614,1681.746542559998,1233.2789109833877,424665.9539893962,424608.767095391,9161.804058243668,[-0.57853537 -0.36041319  0.73170975],[ 0.55129986 -0.83392863  0.02512962],[-0.60113666 -0.41792986 -0.68115295]
93,25045.915600035198,153993.94950032578,56817.375167688835,12982.503260965328,4393.445080513217,3850.4118039160066,5293.39565605524,1606767.616709642,1602396.3843703943,127575.58219010806,[ 1.42263807e-04 -3.46252653e-01  9.38141290e-01],[ 0.98839751 -0.14244491 -0.05272398],[0.15188927 0.92726401 0.34221499]
4,170470.1020289346,59987.422764499286,13927.555892188768,1570.922974049855,867.578166816529,584.9391823471536,1734.5734417261028,362524.53279543004,362522.3047416119,1493.303213094563,[-0.17559645  0.66709989 -0.72397764],[-0.29088168  0.6674112   0.68552909],[0.94050717 0.33096831 0.0768521 ]
61,174457.203840441,201030.9087619457,110177.57517536673,6533.871485834271,2718.590586985894,8625.93519355015,7074.146659212548,2251341.4637748483,2250912.9370619035,67503.60491724306,[ 0.79569196 -0.53099174 -0.29141393],[-1.57071519e-05 -4.81136156e-01  8.76645880e-01],[0.6057015  0.6975355  0.38284451]
14,9508.564539054392,82675.80406227188,42991.5095208969,3283.150648733391,3104.3500919424796,2239.1681841869217,3272.527379049544,350927.9400316984,350761.3494630444,14117.028664052288,[-0.39965538 -0.38610104  0.83138533],[-0.91097602  0.26818378 -0.31336904],[-0.10197195 -0.88261172 -0.45890988]
40,54156.91288660249,114957.19892201344,35791.733217557645,4252.4008531547815,7319.5695110355055,7543.007521352545,9054.62760912092,837683.013077268,837260.2386038556,43601.57622312792,[-0.83214657  0.47919205 -0.27911838],[-0.3739638  -0.11323859  0.92050426],[-0.40949135 -0.87037463 -0.27343158]
42,5823.2257117857325,179440.38322195716,189581.75575571737,3183.766270048423,3728.432258832578,6494.57470421427,5668.020983144011,1692837.8138421865,1692649.2231243202,37646.340392698075,[-0.98643792 -0.10291365  0.12786327],[ 0.16259215 -0.7192447   0.67546344],[-0.02245057 -0.68709231 -0.72622319]
20,22658.245966484967,158519.25942156068,170960.11055803325,2959.6051397118367,2813.3358029952824,2367.7193452028555,3078.03795483084,1047741.5493370121,1047682.2119887489,15977.543684540695,[ 0.12438414 -0.73573125  0.66575379],[-0.98751376 -0.02642073  0.15530139],[-0.09667039 -0.67675806 -0.72983105]
198,12456.934722342352,109534.00376981008,161197.90994597177,6094.950765687802,12855.667555479076,9541.923836776336,5759.576145061841,2757226.1304028104,2750463.0765066305,226658.84726967997,[-0.98749446 -0.08447139  0.13311379],[ 0.14439456 -0.82353426  0.54858138],[-0.06328433 -0.56094198 -0.82543273]
37,31237.05170777652,94865.4088230304,134176.88293029447,5513.310034805204,5478.354259207236,4255.812831571733,3688.572631240184,1018733.9485381248,1017847.7220687716,48956.11012397546,[-0.72300677 -0.47347575  0.50307249],[ 0.6651046  -0.67397157  0.3215559 ],[-0.18680764 -0.56708291 -0.8021969 ]
141,142515.36139054596,197425.26612501664,91138.95033420612,7358.472509348718,4886.82615026294,8832.291068306207,4956.762186468992,3089534.804401198,3088968.747142588,135885.69932592486,[-0.70321073  0.64547409 -0.29809036],[-0.45271221 -0.08322266  0.88776441],[-0.54822105 -0.75923461 -0.35073707]
97,27694.2358861257,97798.7684175625,29836.309538083045,5939.797359338323,6058.271621660953,7233.022265671475,6047.928642256475,1047617.3910999564,1046530.902893549,91703.5635161992,[ 0.55773834 -0.38286944  0.73643665],[-0.78840994  0.03301346  0.61426369],[-0.25949512 -0.92321238 -0.2834452 ]
84,43080.32794723442,153476.55498718342,12973.38551609751,7638.146018920574,10496.47401059941,6972.090482176695,12024.464712301138,1471625.3002307299,1470393.3767239111,77833.79168152148,[-0.73536132  0.15010809  0.66084136],[ 0.62128795 -0.24010964  0.74588783],[-0.27063818 -0.95906982 -0.08330699]
27,86171.29007402304,173757.1339272971,199693.2436670225,3880.4940925055794,4550.932650839278,3108.8210560279977,3862.8315220359386,1446824.6339069598,1446730.094070694,28685.644246192063,[-0.94054116  0.09025256  0.3274703 ],[ 0.13967126 -0.77603155  0.61503412],[-0.30963569 -0.6242031  -0.71728393]
23,73880.31673897672,21129.91178683488,196356.9975157457,3948.362537397603,2992.6963940959877,4265.323173491376,4622.446240089625,1011609.3637082416,1011591.0768919827,22244.892908378733,[ 0.31475709  0.92386127 -0.21773454],[-0.88209637  0.36941617  0.29229724],[0.35047676 0.10006021 0.93121104]
4,119294.2680519276,187762.28399242234,168096.4096767964,1794.472071117224,1515.4981830809784,1590.9607027762352,1014.3453251593272,557665.4135778528,557658.66178359,5300.246513185767,[ 0.83864457 -0.54452283  0.01304487],[-0.33706191 -0.50001362  0.79773157],[0.42786044 0.67341018 0.60287161]
155,112690.52151811575,69681.66846994228,97225.83178858149,8694.35995866933,7908.325893451005,11988.095968994976,13434.083977382452,2055818.360945677,2053822.6004278152,123033.5218890237,[-0.5832907   0.80645977  0.09692576],[-0.43678102 -0.41202088  0.79966314],[-0.68483159 -0.42410074 -0.59257427]
3,84918.92307143606,44991.10089926442,119419.11411959383,755.269543648651,1413.700855433993,2336.5306880962635,1054.3724006084194,265542.14388530847,265505.1275618714,4544.451928816298,[-0.66584408  0.71794744  0.20298554],[-0.49980857 -0.63121996  0.59308747],[-0.55393416 -0.29344987 -0.77913036]
58,134994.8322831927,198211.82569430638,126477.82867280189,8149.316911444798,3465.052898664846,5707.197330566551,4492.143326350229,2066233.6102535145,2065245.0422054594,72557.44968643812,[ 0.28078989 -0.64490317  0.71081428],[-0.82046214  0.22299207  0.52641847],[-0.49799489 -0.73100919 -0.46650472]
9,155529.66411026724,46918.425902833944,163996.33413979248,2473.176117938114,1657.0650262177987,706.6064707370315,1695.8476975368208,692562.3461235119,692537.9221255421,7626.514209658266,[ 0.45090269  0.6485915  -0.6132013 ],[-0.5853852   0.73350528  0.34538989],[0.67380333 0.20322173 0.71041537]
60,19241.840963841514,158152.02383484936,86783.11023320457,4648.602370162606,5641.9209224909055,4277.950097694357,4655.0659385114395,1406414.311881065,1406154.0260639687,54524.776624918755,[-0.8039877  -0.20789023  0.55712246],[ 0.5851441  -0.44340226  0.67897041],[-0.10587804 -0.87188078 -0.4781357 ]
373,54580.10388246465,180770.43508178595,168014.44051065718,11065.158659770374,13350.741579614345,10001.004166713508,11430.41822997453,4894100.22160729,4889390.981633043,315215.16315408994,[-0.8750348   0.44401517 -0.19278129],[-0.432775   -0.53920227  0.72247263],[-0.2168407  -0.71561962 -0.66397942]
37,38214.04131389504,9083.063532150914,153905.78084567314,7024.995578598605,5123.486885688455,4629.729736534898,5138.427942165124,967775.7487988193,966925.3007320287,51494.488356021706,[-0.55682762 -0.80961839  0.18563692],[-0.79484979  0.58425143  0.16390266],[-0.24115724 -0.05628794 -0.96885234]
112,26896.747447196452,6844.581435678448,118489.61001846442,7095.633853097601,4453.374103604605,8499.411698778493,7877.473856214272,1293548.753885989,1291171.743201603,94685.05917428779,[ 0.36696085 -0.92977998 -0.02913626],[ 0.90395342  0.36381051 -0.22474458],[0.21956309 0.05613464 0.97398201]
9,20750.213403653688,11213.063909854374,59417.10567488495,2860.9819709282265,1200.995305627251,2008.052700472715,2810.433381874793,192082.44616429403,191988.704028907,7147.600608269176,[ 0.23088426 -0.96762955  0.10190932],[-0.91681173 -0.18128672  0.35579681],[-0.3258047  -0.17557955 -0.92899037]
23,178693.26320533105,196673.26393049344,153359.36562952434,5077.379010755799,4648.651395913109,3679.209903362149,2169.2376953199455,1471770.8962170645,1471533.7847276358,35998.114948056034,[-0.53270654 -0.16347243  0.83036167],[-0.61396784  0.74993873 -0.24624255],[-0.58246651 -0.64099038 -0.49986408]
3,135998.9837620404,10719.483153696929,69684.78355412591,445.8045158633774,448.77734424184956,841.2800541999889,408.71923980939005,265335.79603114934,265330.62449055037,1679.9391738634138,[ 0.15013669  0.89027848 -0.4299572 ],[-0.43507624  0.45000832  0.77987254],[0.88778806 0.06997668 0.45490178]
14,58812.82872336255,133495.10585884246,199395.09733545355,1951.3179667665108,4505.230198991052,1760.384002101462,2441.2802734911343,924595.0368347781,924477.5261686152,17301.431361067025,[-0.93788447 -0.08803226  0.33559356],[ 0.25240588 -0.83677618  0.48589804],[-0.23804199 -0.54042201 -0.80701924]
13,106547.3235512925,125803.70624548766,200982.28356808264,3476.0595016781285,1633.5736628385107,2642.018528021062,3128.098037767949,937382.0938465298,937345.6572883129,12462.474729426376,[ 0.20073523  0.77901219 -0.59400789],[-0.88974833  0.39870982  0.22221248],[0.40994301 0.48391166 0.77315991]
40,12290.687685521008,138407.2476973428,201416.62262774544,5779.200678396423,8785.857540865587,2669.364722183944,4434.166716724899,1548826.290571495,1548137.7818532595,62661.42439907292,[-0.87393195 -0.3740449   0.31037617],[ 0.48347162 -0.73464625  0.47597277],[-0.0499815  -0.56602588 -0.82287092]
54,160528.61398951156,55959.15733865686,188644.25296255128,2261.710106362634,4370.086997417309,4458.866445602116,4163.6551907208495,1866592.2006215348,1866494.6400066486,38018.36517235265,[ 0.75919068  0.01610877 -0.6506689 ],[ 0.15540208 -0.97526711  0.15717588],[0.63204407 0.22044177 0.74291704]
104,88031.12529197056,24084.421019645004,184330.47028511576,3483.7558365537516,13619.877446318349,6517.047635658225,6631.62320946057,2103137.8027062574,2099113.790082023,142778.40152538323,[-0.87579155 -0.19150628  0.44307393],[ 0.22413668 -0.97431127  0.02191574],[-0.42749492 -0.11850274 -0.89621716]
43,72866.06420665632,140565.3280555278,199985.74297337094,3937.573868547701,5275.566830279684,2786.3360555256145,3244.24185375667,1673144.2805422451,1672901.3694798094,41806.81173003567,[-0.72383993 -0.41208323  0.55339242],[ 0.6280867  -0.72552773  0.28127675],[-0.28559212 -0.55117776 -0.78398994]
6,136480.5674292042,123121.69330130059,87656.75008945266,1703.5802058782263,2961.189535722374,1542.3469566360648,2030.1081220647109,498893.90886271716,498847.7064426434,7723.939091094871,[-0.62493363  0.14687286  0.76673745],[ 0.40038244 -0.78284115  0.47629155],[-0.67018793 -0.60463882 -0.43041845]
61,18121.305641074112,185173.76279982034,146061.5586898277,5916.4604795234245,7043.425105246273,3954.265063505728,6490.427818188305,1848948.614041367,1848286.6517497166,59677.28441115363,[-0.49114122 -0.50938211  0.70661883],[-0.86775122  0.35695715 -0.34581701],[-0.07607964 -0.78301434 -0.61733332]
28,200985.07228882363,89735.97724465984,136561.2794416899,2428.281658064288,2557.3204337565335,3102.1434565979926,2518.004988014632,1370820.0817499491,1370785.8620038093,20960.2862375786,[-0.42302275  0.90570398  0.02742363],[-0.46800159 -0.24430266  0.84928836],[0.77590351 0.346434   0.52721648]
78,85162.3604033891,86681.85302068756,109824.86346379078,5204.178593683018,6709.417869291046,5559.669369381945,2937.57591504097,1448396.0863235472,1447750.4144404326,85936.27439910427,[-0.8490395   0.40658825  0.33736913],[-0.09400282 -0.74462523  0.66083034],[-0.51989942 -0.52935741 -0.67043667]
37,94641.67931311004,88092.30415619216,88821.84259850906,2592.8213915874926,6026.603775252002,3227.2670787063394,4204.53931634559,955075.0657151362,954647.4008464133,36411.77266625748,[-0.6858706   0.00294837  0.72771755],[ 0.40729091 -0.82714807  0.38722111],[-0.60307183 -0.56197631 -0.5661157 ]
2,106476.85654009384,14839.929751906768,108396.49710748147,313.75786706788494,1152.0158060170088,1000.9118852481988,817.4811612048798,215915.59687939167,215907.4498724117,1875.6506540377577,[ 0.69007083 -0.35836849 -0.62878794],[-0.19335934 -0.9285105   0.31698647],[0.69743416 0.0971611  0.71003191]
16,7609.173812153143,19549.40335256826,202716.64044466882,3372.114208923542,4074.176406167938,1354.0275746685352,1324.9147789354913,815428.10145168,815274.2929179759,21218.616320801517,[-0.82608729 -0.55713021  0.08476859],[ 0.56229993 -0.82487001  0.05838029],[-0.03739764 -0.09589258 -0.99468891]
70,167950.84050217195,10751.802616908815,89799.64430702021,4837.942866231117,6368.149711582214,7300.904754786779,6693.068428856508,1598212.0533282782,1597289.2030505827,70645.98556580427,[-0.32327458 -0.65526913  0.68272683],[-0.34763868  0.75325388  0.55835109],[-0.88013686 -0.05684154 -0.47130472]
12,185113.49778193628,20858.926083516173,8899.978060467523,1595.6132282411759,2645.328852111211,4829.768473133642,1595.3615250075268,646286.720826717,646134.2639459579,19088.01988516893,[-0.10869083  0.99199406 -0.06429692],[-0.05454638  0.05863112  0.99678838],[-0.99257795 -0.11184893 -0.04773702]
34,33163.5351885099,199672.19879626148,33414.74055729216,2875.155117648697,2970.4803799721444,3139.642253134289,2971.7849533187746,1196491.6144186426,1196422.2432967382,24859.63998092519,[-0.90899089  0.21114685 -0.35937803],[-0.3841646  -0.08987552  0.91887973],[-0.16171927 -0.97331362 -0.16281117]
192,84418.28113291341,186062.2131376999,101479.40790944856,6567.220636592981,8104.516315827654,9911.501381270791,10301.58883608826,3166573.150883887,3165066.583424288,139433.84693896325,[-0.82354101  0.50966285 -0.24904613],[-0.43000218 -0.27454859  0.86007046],[-0.3699707  -0.81539368 -0.44525816]
4,150833.45674484666,56308.45651698762,106166.59758272237,1654.5575378763476,1798.1860762288447,1272.997214093964,2017.4293803573757,385747.4763186399,385729.37610263284,3772.068497730825,[ 0.37415605  0.48641191 -0.78956362],[-0.49832233  0.82349331  0.27117085],[0.78210109 0.29199696 0.55050492]
13,33256.85949699673,112378.68070842094,53590.019302813,4703.208127837815,3428.33180438883,3360.707309610015,4747.375717680416,465207.4668419254,465017.6925182509,17138.302338102105,[-0.32013933 -0.32903012  0.88839743],[-0.91137378  0.36300303 -0.19397586],[-0.25866706 -0.87176142 -0.41608097]
5,56101.31272762504,40967.27404059323,132036.6491476704,1597.4328519349378,1291.0283290997531,1490.7648603861082,1491.1901823154008,333658.2109340048,333629.9832859397,4599.705263461353,[ 0.61939229 -0.78483534 -0.01966417],[-0.68916405 -0.55554446  0.46521313],[-0.37604003 -0.27459758 -0.88498026]
8,98751.08809423239,132703.058062091,151773.26801341499,2653.669172193714,1390.153384361449,1755.2599338509833,1555.1947574042524,635026.4699116825,634987.5325352816,8784.37568111958,[ 0.46355401  0.49533557 -0.73468385],[-0.7691478   0.6366047  -0.05609023],[0.43991971 0.59108132 0.67608693]
241,152822.9854846885,12712.223004517315,14814.006940060028,7359.540377736758,6844.902985668462,10725.885017182414,7095.185772947734,2400958.4174320367,2395857.6558080907,200298.14556226824,[ 0.03666798 -0.91422499  0.40354445],[-0.12069626  0.3968084   0.90993159],[-0.99201203 -0.08207166 -0.09579338]
3,189528.04184078425,54594.62248841059,39854.40608729628,736.3988089899893,412.47323092010896,369.5440340396117,681.4448563735815,348527.8915598107,348527.1848602569,1074.6620863220155,[ 0.3206813  -0.90180432 -0.28967648],[-0.10001234 -0.33635651  0.93640901],[0.94189226 0.27131763 0.19805481]
250,180212.55304228942,182841.1021675221,51762.785431804834,12826.314762652624,10989.616708419113,10912.368020194524,6431.1777431994915,4150257.7341431677,4144904.4362767986,301198.09241223545,[ 0.08769225 -0.35104138  0.93224461],[-0.72023745  0.62416437  0.30278187],[-0.68816284 -0.6979891  -0.19809877]
297,87549.09510019147,172755.10070086003,35472.313244184385,11602.591710814137,11543.531662706106,7188.745522365301,12218.710671992874,3405710.985072772,3401235.3414181136,224526.00275523576,[ 0.08158997 -0.24082096  0.96713409],[-0.89203215  0.41517283  0.17863417],[-0.44454664 -0.87728946 -0.1809461 ]
25,142151.49477477785,52522.392942364255,79744.70219310542,3433.898837558543,3891.591315319759,2858.708966480751,2847.228560511766,856652.6995080007,856428.9348448998,25968.97748437648,[-0.38302831 -0.29348187  0.87587539],[-0.40515474  0.90549223  0.1262278 ],[-0.83014393 -0.30651625 -0.46573473]
105,191334.6335877761,31113.19357321653,122863.37680975164,5042.75724874233,5326.455814045105,5043.396759620769,4799.585603354559,2352976.882241499,2352755.9073665747,76676.79838000133,[-0.43742884 -0.4298213   0.78987952],[ 0.3370514  -0.89270606 -0.29911913],[-0.83369801 -0.13538666 -0.53536724]
12,70344.50285358286,31124.148572996477,40653.47320798192,1625.3440230888837,2388.2290817322114,4292.864803933285,1539.3725112868358,301854.91367670597,301511.4580900194,17071.24948067604,[ 0.15761421 -0.89664969  0.41373555],[-0.56764454  0.260568    0.7809507 ],[-0.80804544 -0.35794365 -0.46790908]
12,102902.97504052399,48750.6901774432,3628.4202145335144,3756.253544929531,1953.1030654907079,2587.6083368440827,3366.9572787854036,394962.1279760654,394876.7679885516,12639.224075584194,[-0.3038981   0.69027923 -0.65662816],[-0.30248042  0.58365539  0.75355954],[-0.90341106 -0.42762247 -0.03142419]
8,38423.82631715198,140178.03411031974,133265.91350488155,1208.7406948188886,1596.0268842830217,2397.100703138642,1099.6488320365409,557813.352976077,557771.6953850262,8262.946346292967,[-0.97098973  0.04242211  0.23532808],[ 0.13860761 -0.70208437  0.69847367],[-0.19485089 -0.71082902 -0.67583669]
56,103496.40222391904,72049.16109751596,181055.23933809585,8251.45687635815,6680.354032178383,4986.052971839656,4874.471612623637,1653335.9400099495,1651697.0310058317,79669.41953487809,[-0.45363574 -0.70817437  0.54102095],[-0.75774439  0.62604121  0.18410823],[-0.46908214 -0.32643752 -0.82060983]
25,23966.611300888017,27758.70450732345,98973.01058067886,2690.812740047134,2569.029065516529,4658.809447372138,4874.254811057443,528484.771078216,528409.0633984235,17175.58546373383,[-0.70622797 -0.61853135  0.34447209],[ 0.67055075 -0.74048976  0.04512867],[-0.22716456 -0.26285715 -0.93771125]
12,175246.76024048091,24367.387622401428,81277.65707910582,4571.847945529525,2809.7926204499263,2145.588654513381,4723.194482435449,674744.268519351,674728.9296538157,11521.655779595265,[ 0.22112977  0.69380996 -0.68536805],[-0.37545984  0.70916201  0.5967572 ],[0.90007307 0.1253674  0.4173146 ]
75,116546.30334940497,200977.8793448455,62221.21173078461,9022.884111446643,3187.9507040848966,6005.436425320133,6268.2888965224765,2084580.6763093963,2084225.806047834,81648.65834188151,[-0.09622513 -0.24310156  0.96521622],[-0.86913429  0.49314795  0.03755892],[-0.48512504 -0.83528841 -0.25874113]
