N,MEAN_X,MEAN_Y,MEAN_Z,SIGMA_X,SIGMA_Y,SIGMA_Z,SIGMA_R,LAMBDA_1,LAMBDA_2,LAMBDA_3,EIGEN_1,EIGEN_2,EIGEN_3
927,174973.93887568946,84669.57310069588,53392.40020336195,15704.916860757548,11890.190586077773,20304.487592783586,16747.63358952298,6188976.797070015,6166458.092669404,702453.3480737073,[-0.4636928   0.87612202  0.13190598],[-0.17719875 -0.23757559  0.95506986],[-0.86809538 -0.41948545 -0.26540982]
314,110896.11174037657,98410.62895333192,56299.93544111884,7851.977675914773,10749.691489824447,14609.222614920855,13381.190239501233,2830350.8563098507,2822311.1991863297,254220.2390429232,[ 0.4354876  -0.76370974  0.47654798],[ 0.57010625 -0.17570239 -0.80256311],[0.69665588 0.62118926 0.35887948]
32,181545.90256391064,158175.6426416121,10871.28288773687,9197.117336207773,3077.527686945349,2664.0438190504883,7658.497550743415,1364602.9426513982,1364244.5423943994,36798.3157086955,[-0.13719447  0.08971512  0.98647295],[-0.64284216  0.74961537 -0.15757778],[-0.75361239 -0.6557652  -0.04517042]
404,56850.28335303319,180101.11864105388,163299.69457490084,17724.725449400805,13956.11262606916,13200.871674282616,11086.350677559609,5039330.457044555,5030300.83109394,469102.20787739765,[ 0.51837854 -0.65810062  0.54606525],[ 0.82425407  0.21441938 -0.5240511 ],[0.22779139 0.72175335 0.65359252]
2324,129127.51402512555,101567.93428770646,147003.041517641,37921.87814054126,27658.758532603846,18866.080705568602,29625.370378753847,10875114.508964488,10760057.67330813,1933758.1406744735,[ 0.49651316 -0.85348632  0.15822699],[ 0.63253686  0.23091712 -0.73930671],[0.59445084 0.46715991 0.65451495]
280,48171.452355588866,73828.8358952335,112608.82385858288,9221.033710217542,6841.789879342508,9926.974768126358,6905.730084297967,2402986.435082845,2399273.542355421,226360.99062291003,[ 0.55203784 -0.78592016  0.27853856],[ 0.76308485  0.34153909 -0.54868257],[0.33608889 0.5154421  0.78826626]
90,26974.138336841494,63406.75591090589,68978.17755902352,5862.69228500681,10813.535392906233,4996.708261251824,4996.185376018905,932488.0425398406,927159.2292029324,116843.16416935851,[ 0.85405326  0.17095736 -0.49129075],[ 0.44148711 -0.73769851  0.51077396],[0.27510389 0.6531267  0.70550929]
441,164735.2816368077,180432.92066812102,193404.4227089798,11472.91662067148,14936.866603329352,7878.184652271588,14209.49662969907,6554918.005747,6553467.573344736,306710.62183923594,[-0.48253919 -0.39578999  0.78134897],[-0.69839034  0.71223379 -0.07052637],[-0.5285895  -0.57971831 -0.62009662]
531,175059.1053184904,122930.83961178055,80018.69059230204,11245.908121114351,12588.137789005292,11891.452827018136,10838.42754287363,5280562.543392396,5272380.341657522,406288.40710376424,[-0.52496925  0.20969599  0.82488477],[ 0.3698258  -0.81670021  0.44297816],[-0.7665743  -0.53761358 -0.35119151]
831,124756.8633732733,167701.98694720736,97828.26883112753,20840.35135586302,21403.44828346194,8625.285861682101,26173.980515227027,6705086.691706088,6702894.742902799,485459.38722252485,[ 0.46379114 -0.67666843  0.57185454],[-0.70018025  0.11551853  0.70455879],[-0.54281249 -0.72716938 -0.4202134 ]
753,17464.77009067565,110536.90672889467,88375.18454272515,10186.180187880613,15113.365543735317,18676.66405014572,16827.378084546144,3970126.6693424536,3948365.336498737,544496.565930466,[-0.94240386  0.28671118 -0.17225467],[-0.31155672 -0.56510411  0.76393046],[-0.12168558 -0.77359812 -0.62188309]
919,18148.289954707172,146795.38055307788,31218.132359918647,11861.992286399,11974.275659654875,14251.878077172738,13118.161937524577,4618725.947286948,4612424.393584835,540252.2763393086,[ 0.89096954 -0.01245717 -0.45389216],[ 0.43786492 -0.24104545  0.86612436],[0.1201981  0.97043388 0.2093096 ]
678,118667.22604143374,12662.595069740177,90216.45024498124,12816.951726677691,9211.996227780342,22847.031168083162,20477.57022918477,3954651.4954505106,3939043.4248497584,489180.98670735,[ 0.12446201 -0.99190622 -0.02512484],[-0.60331345 -0.09575684  0.79173449],[-0.78773224 -0.08338272 -0.61034845]
72,102628.04924378304,162128.64168963334,65565.67647181475,11427.453042754436,5202.777289743818,2975.7360671309734,7313.0994960433945,1723883.8604810068,1721895.1242334694,90207.24337133236,[ 0.07930714 -0.41630756  0.90575846],[-0.85824     0.43368783  0.27447944],[-0.50708429 -0.79912632 -0.32289726]
537,152484.09740035006,15136.159968467713,173232.51501650413,13831.890627970772,8367.888199746429,13962.406972226348,13715.92037246898,5379234.5325681055,5371766.224521659,382477.0903619946,[-0.19674515 -0.946814    0.2546264 ],[-0.72570207  0.3152574   0.61153028],[-0.65927828 -0.06446729 -0.74913024]
63,145084.02156173054,47494.90881261161,174759.55084774908,6378.8758706140525,3108.9998356588912,5295.827888756585,3583.5060865757814,1843016.176372883,1842182.593135529,64299.000854501675,[ 0.03448534 -0.97129481  0.23536599],[-0.77966399  0.12119101  0.61435885],[-0.62524781 -0.20469276 -0.75310428]
172,112441.16870902594,52755.86330568457,143297.21309186428,6846.964247456317,5772.4328380153065,7197.3899370751105,7462.470918627119,2490322.9071288276,2490176.7668120586,114281.78767200666,[-0.78327147 -0.01841237  0.6214071 ],[ 0.18654274 -0.96046203  0.20667486],[-0.59303255 -0.2778015  -0.7557372 ]
137,13573.371950362325,102316.74360213977,169896.102608831,6103.585869083187,8952.22126949395,6043.933796141196,7927.025062555695,2330588.5224416475,2329345.0409032335,111880.11981022284,[-0.7711559  -0.51638839  0.37237294],[ 0.63306233 -0.68394414  0.36256379],[-0.06745855 -0.51532849 -0.8543336 ]
849,65567.32962743696,168995.52197077704,124696.67142061096,25491.827319818916,15536.874896123989,15322.396049109393,13275.234308354973,6472151.630478287,6434076.748962098,906831.7419420907,[ 0.44810288 -0.63597223  0.62828587],[ 0.84226426  0.06476271 -0.53516046],[0.29965769 0.76898967 0.56467704]
25,94957.05787097434,80131.38766738288,180060.1210754155,4033.495703252325,4311.873795052977,4040.1014955138517,3268.5380054045395,1094309.941331,1094080.2024635016,31779.200464512018,[-0.34531901 -0.77620573  0.52750303],[-0.8321767   0.51310455  0.21025141],[-0.43386256 -0.36637192 -0.82312508]
63,27262.698309921827,180964.72105681733,99872.1019059453,4946.009365120256,10665.284891905127,7334.031793219338,7376.067204830581,1658055.6811249575,1656220.2621919815,93187.20261390184,[ 0.92869898  0.06223051 -0.36557568],[ 0.34729172 -0.49161047  0.79856597],[0.13002566 0.8685888  0.47817028]
352,146546.04546338925,15160.837775439992,14321.988341528118,14028.02721037664,9100.50238426204,11428.497649120565,13945.91380159294,2798360.3021132937,2794131.3535878956,275578.74459761597,[ 0.03697248 -0.86107006  0.5071404 ],[-0.13537837  0.49849322  0.85625768],[-0.9901039  -0.10031381 -0.09813974]
641,108041.85754184943,119201.8326333134,123176.34712903708,17434.362243018717,12173.821441360033,15890.327035131153,12614.092699244193,5163819.542713692,5149606.254360101,593135.3872059508,[ 0.34781788 -0.80768426  0.47609753],[-0.77101868  0.04250982  0.63539209],[-0.53343501 -0.58808082 -0.60795398]
360,12192.776434695974,48476.46475256435,151797.3093754187,8814.826302403784,12629.986590355385,13834.678851948267,13679.406494009681,3053525.343705947,3047818.215066269,291461.75716749876,[-0.95864635  0.28426871 -0.01372864],[-0.27417706 -0.90952734  0.31238912],[-0.07631588 -0.30323477 -0.94985502]
74,195490.58329112595,186846.2201824916,68171.3771578349,4797.437653085186,12413.590784969498,5733.876218562244,9731.427356171265,2401794.2140761144,2400967.1624831506,92634.48471534529,[-0.09848997 -0.24829464  0.96366462],[-0.70694763  0.69899487  0.10784813],[-0.70037474 -0.67063846 -0.24437529]
15,81620.4713495989,58545.415740404394,5038.258531825143,6699.72624398124,5587.701524298866,4254.31756561896,3111.837046873072,391260.2596988469,389780.0161188682,35478.44208442308,[-0.28551936  0.32067933  0.90312981],[ 0.50810367 -0.74836359  0.42635971],[0.81259421 0.58061753 0.05073395]
7,87787.6857839936,110096.22321711671,90818.39905632749,1406.7637811656377,2760.462428541695,2212.4747916582696,1600.5447837081988,443405.9190460144,443364.16213135957,9168.300085549075,[-0.85088132  0.43310951  0.29735018],[-0.03933025 -0.61692201  0.78604094],[-0.52388368 -0.6571327  -0.54196172]
500,94429.24162723598,40221.153655147,70734.33417898563,12422.97464490851,13536.226399357227,11885.186006684291,9578.124979198397,2823236.557436779,2802640.7404819913,437408.84594339336,[ 0.57702959 -0.73656313 -0.35286202],[-0.30032942 -0.59313674  0.74698799],[0.75949924 0.32505933 0.56346903]
2,133473.9627855772,132924.7064526485,15414.00675992748,429.40648210435756,2020.3588531558125,881.2705805053811,1652.234804792286,267308.4765182802,267299.82478471636,2150.64841010203,[ 0.51589051 -0.43225771 -0.73960141],[ 0.48495636 -0.56433241  0.6680915 ],[0.70616875 0.70333648 0.08150761]
147,189551.7332251847,33284.486410255246,123317.019299704,5886.4992771466505,7710.7185056564085,5644.398327233215,5012.7082939266775,2773724.9647838073,2772856.6083306596,121334.97571586847,[-0.52323985 -0.13675277  0.84114133],[ 0.19596141 -0.97989768 -0.03741214],[-0.82934865 -0.14525571 -0.53951978]
88,103495.70919335075,41042.28824254295,25068.968732842026,6188.910825998331,6504.846687922243,9518.260585618515,5650.540858765197,1076921.352180075,1072589.3348502633,110453.8696003535,[-0.41854719  0.71622625  0.55842475],[ 0.04193592 -0.59897599  0.79966815],[-0.90722634 -0.35811692 -0.22066411]
492,93216.1194426482,181351.90104577315,24940.255697360255,11262.708423398484,12725.187070172313,13422.522346166921,13835.515924892565,4577606.817149853,4570945.169832706,371474.0960883652,[-0.86142489  0.46954229 -0.1935903 ],[-0.22711125 -0.01518639  0.97375041],[-0.45427706 -0.88277937 -0.11972028]
3,102480.1276147793,67783.17265522682,20915.533849183692,727.6302285076918,682.5498924389872,27.625943835131572,963.5395907827241,215883.21408189603,215882.79012189744,450.50052035230027,[ 0.49743937 -0.54341723 -0.67620396],[ 0.27657271 -0.63946582  0.71734998],[0.82222966 0.54385769 0.1678011 ]
91,63205.69361359213,29681.062578063724,94871.82231842117,6335.3903267760425,8312.202557495826,8626.757527532543,7933.221263271075,1130356.7962453696,1127219.2424875507,103119.98839415728,[-0.83257985  0.00170676  0.55390241],[ 0.13608239 -0.96871657  0.20753261],[-0.53692865 -0.24816383 -0.80630164]
170,86142.28024775712,26833.841212769006,187786.97927784358,6033.484879283564,12780.435448189308,7555.664858789957,7253.810222472929,2722742.812107813,2719730.427435681,185982.1712405982,[-0.89975164 -0.09506291  0.42592256],[ 0.14115063 -0.98691814  0.0779043 ],[-0.41294489 -0.13021376 -0.90139941]
10,9179.221570323098,25724.176954599585,114594.81056698645,2191.8985810052145,1771.937289483156,2221.321055916617,2187.7610069670654,372661.2013120146,372638.2836018995,9008.193424545798,[ 0.45687301 -0.87507575  0.15971687],[-0.8861025  -0.43196414  0.16801587],[-0.07803465 -0.21828744 -0.97275957]
8,200877.7790220601,80614.41104522407,193595.40558150248,2289.7753416772575,955.033504123591,2342.5014615437644,1705.5673028752049,821417.0734152624,821380.6875006234,8365.41920897146,[-0.21978039  0.96029744 -0.1718296 ],[-0.6878921  -0.0276577   0.72528582],[0.6917377  0.27760383 0.66665964]
1798,24167.96320819113,39532.11627808988,38942.67278553831,14061.935689124668,18741.577016693824,25558.556769445036,17049.084403675086,2895230.523816135,2717285.230838012,1315608.0842085932,[-0.90248537  0.40720021  0.14038569],[-0.18540623 -0.66145676  0.72670454],[-0.38877331 -0.62981183 -0.67245251]
66,129856.02917340503,148002.5382031435,171862.01303064227,5985.545905107376,5272.028193815116,4777.985024809422,2193.323751624066,2123979.022333094,2123878.5054650917,73336.63857265543,[ 0.02073808 -0.76526902  0.64337645],[ 0.86756686 -0.30604919 -0.39199699],[0.49688799 0.56630135 0.65757517]
552,94338.54400527639,176270.24979528185,188884.82418000902,17324.81389143594,15370.937347959702,11388.242685377749,12120.012515725966,6485921.407409049,6472635.571830956,537652.8726768672,[-0.36908891 -0.58045298  0.72584276],[ 0.86411474 -0.50185293  0.03807042],[0.34216823 0.6412628  0.68680633]
76,93542.91482974103,85104.8628114331,11989.059227986534,6419.660272116706,7280.294477034557,7409.859493606426,5424.5558229239205,1110753.348309902,1110163.4084776577,96083.72639334772,[ 0.31148409 -0.45847854  0.83233112],[-0.60080186  0.58359822  0.546306  ],[-0.73621654 -0.67023171 -0.0936732 ]
10,189732.44413013762,83346.75126040386,187070.9172962121,1817.717471977866,3440.189879594311,1496.9748196045641,2284.386392756816,882932.8023931895,882874.7165875626,11031.227999424767,[-0.72797198  0.38716398  0.56582758],[-0.09046181 -0.87231967  0.4804946 ],[-0.67961273 -0.29860082 -0.67004782]
296,192370.98149372556,50236.088624300624,17862.236000237965,8865.070860421652,8524.335095424489,8035.732571554252,9793.291387746021,3441861.1595976427,3440452.463973543,188267.51391618693,[-0.26312029  0.83172692  0.48887425],[ 0.04950668 -0.49442215  0.86781094],[-0.96349198 -0.25254121 -0.08891646]
44,151803.48506258643,109566.4363878116,105856.16390638096,3556.8013998740716,3837.4422267511677,4866.659511395303,5623.7761083442965,1427335.848836178,1427150.6919560402,29224.238176630755,[ 0.33497467 -0.8522339   0.40185738],[-0.62433595  0.11866836  0.77208966],[-0.70568873 -0.50952449 -0.49232937]
32,65755.10322685837,101439.43530162901,141393.80464508352,3661.94577461371,3030.777571013065,3917.3418363130518,3185.78696407063,1052777.329386139,1052605.2182594393,29799.581121839765,[-0.74535903  0.65516498 -0.1232833 ],[-0.56520734 -0.52296299  0.638005  ],[-0.35352592 -0.54522341 -0.76009924]
38,12032.052726268337,147343.6926182028,197698.80304949248,6671.1716550736155,7861.059502219903,5033.290005001577,2820.163549069002,1523126.60785372,1522112.7450831998,68435.59785479808,[-0.83965401  0.45865509 -0.29088941],[-0.54093386 -0.6581897   0.52361903],[-0.04870012 -0.59701075 -0.80075368]
42,121472.55553649871,44381.41181644834,197509.48124523181,6142.79442405554,2837.9437790864868,3905.480714994673,5167.540492117857,1530688.260880267,1530502.9143954949,38023.255538590194,[ 0.01292518 -0.97729172  0.21150373],[-0.85723655  0.09806184  0.50549914],[-0.51476057 -0.1878424  -0.83650272]
46,173624.5216680112,4628.545704998846,115719.20174325356,5079.75011560191,1829.4343120443846,6551.487722372596,6376.58796410737,1416643.1731200432,1416203.566455027,37957.52227500267,[-0.0923774  -0.97971949  0.17780925],[-0.54739676  0.19913537  0.81283571],[-0.8317591  -0.02224456 -0.55469088]
15,70060.66555311462,38687.19240409783,182200.78301836096,2998.8786230461183,3559.422513418485,4329.180491989534,4817.290473871738,771092.1483641802,771001.4053809824,15984.366837691892,[-0.92223652 -0.09475336  0.37483543],[ 0.15960082 -0.97634477  0.14587139],[-0.35214681 -0.19435197 -0.91554352]
139,39601.99946913644,80762.68450823151,187424.32792049213,4829.911326375125,8824.281418942966,9152.867385180354,8121.286434312091,2455496.5306108,2453631.5162475067,128373.66509602172,[-0.9812356   0.10466895  0.16192932],[-0.03152324 -0.91561401  0.40082075],[-0.19021824 -0.38819505 -0.90173257]
16,21463.005950755563,75961.12349562053,170363.120095609,2735.4071810549426,1702.5018671592206,3409.7993300348116,3114.3127447883294,751238.0383934721,751190.9280522935,14032.271352134221,[ 0.0594509  -0.91450423  0.40018447],[-0.99167732 -0.0082436   0.12848401],[-0.11420021 -0.40449235 -0.90738319]
10,48181.18626940032,162967.3268087151,201423.5518411941,2661.3893365450067,2786.487217101585,1671.4383904790022,1785.0927496794825,833462.9571004317,833409.9047014785,12030.177618099653,[-0.71203325  0.61933724 -0.33080211],[-0.67792375 -0.4837137   0.55357064],[-0.1828334  -0.6184193  -0.76428366]
90,28493.55317230535,97226.56023029737,30380.75119327256,6606.702876407377,6671.146269880488,6950.76626827307,6374.587196749907,1008613.6401933711,1006250.7821907573,92409.61847347762,[ 0.47603009 -0.38623929  0.79007251],[ 0.8380057  -0.07325418 -0.54072198],[0.26672419 0.9194852  0.28879954]
952,101294.34362192232,126343.83183780094,44307.67850218776,24829.344915530117,9700.789755275486,17745.628620476346,16663.466103007788,5250388.489114763,5230579.779106802,833114.4546260539,[-0.17146232 -0.20557356  0.96350412],[-0.77391432  0.63328495 -0.00260559],[-0.60963702 -0.7461164  -0.26768083]
79,55994.94528956331,12621.452641492488,190284.1185882351,5969.499179266809,7865.179145382372,4864.298728875587,4277.537653697984,1768829.4705204703,1767401.4990209935,90091.44242744832,[-0.79370051 -0.54540813  0.26938722],[ 0.53918895 -0.83579479 -0.10354881],[-0.2816288  -0.06306387 -0.95744878]
96,51718.870760487276,170690.8616845249,86107.21078326019,4203.487459571015,6824.283461677802,4055.8038208698813,5581.547556698317,1942094.9700152278,1941684.302877913,68971.21924047236,[-0.57288452 -0.22422056  0.78837076],[-0.77708497  0.45446806 -0.43542821],[-0.26065738 -0.86208116 -0.43459615]
3,121141.936281541,89662.74542045275,126624.5105593764,563.6596801854587,1028.8386819177654,1009.5405156780671,719.7371672764808,340956.8309320461,340952.24640405976,2374.3153501913007,[-0.07199265 -0.78021666  0.62135257],[ 0.78492277 -0.42868931 -0.44734967],[0.61539687 0.45550789 0.6432723 ]
77,117473.56276165819,75748.63695565284,101923.02388601708,4607.333285410146,5612.901582835852,10111.98520758025,6731.0344356665955,1521350.895192294,1519743.8841707245,91497.98507484006,[-0.70426865  0.615176    0.35435033],[-0.20826062 -0.65619535  0.72528282],[-0.67869963 -0.43699673 -0.59025475]
11,74697.95781435928,51902.73487187863,10684.840088683535,2882.8634092980387,4159.865022611371,1118.5869463496094,3631.512989685862,304206.5165062069,304028.4182150168,12196.839387295782,[-0.08915083 -0.07546034  0.99315551],[-0.57214834  0.82007704  0.01095074],[-0.81529038 -0.56725601 -0.11628506]
91,12266.651374109897,120710.36681282781,149240.64821240498,6719.064598107979,5900.403371629374,4722.851624140775,5780.3683744864375,1836939.269207312,1836037.9212928691,78625.33509728315,[-0.39384057 -0.69852946  0.59744975],[-0.91698268  0.34348752 -0.20287704],[-0.06350095 -0.62775228 -0.77581873]
66,179121.61471110693,126673.34046464492,177487.69871739508,7441.453444407601,6466.440327806491,4434.169709662969,8082.006021595762,2294017.0465333816,2293681.5914998683,58603.80990038805,[-0.75417905  0.53665814  0.37843363],[-0.16749674 -0.71444264  0.6793501 ],[-0.63494788 -0.44896521 -0.62870616]
3,11444.597679307843,8578.698124295848,162536.440875461,370.936007096122,547.3230061619337,562.142036219822,556.441340769911,282613.2727744057,282610.9242679764,1152.1433013431686,[ 0.86335588  0.49703454 -0.08702461],[ 0.49969574 -0.86613716  0.01051626],[0.0701483  0.0525651  0.99615065]
5,72664.71159265269,101972.10013067364,17096.005306309828,1556.801647691062,986.6241819303046,1708.6605722638046,1390.6518091781945,282631.4302212799,282609.63772139326,4675.708224862318,[-0.65587533  0.55349803 -0.51329084],[-0.48905866  0.20639957  0.84747911],[-0.57502102 -0.80686997 -0.13532062]
2,80194.36098322005,94626.37282778337,69997.53041511637,1524.8175427200113,27.946994832891505,93.56195523351926,831.1196438063052,201431.25296575692,201423.0925394975,1813.1362827451298,[ 0.0591973  -0.62559831  0.77789616],[ 0.82426149 -0.4089458  -0.39160736],[0.56310627 0.66437194 0.49144811]
138,115221.88523353,10680.660531567828,180843.18215009512,4993.5268679722685,5010.606970242282,8306.742349463137,8095.79415421504,2524775.6469536927,2524495.636897596,85699.99421020737,[ 0.53385501 -0.7931483  -0.29311193],[-0.65366384 -0.60699811  0.45197001],[-0.53639763 -0.04968978 -0.84250134]
53,162051.83715836488,189138.38228005735,126547.69167117163,7301.790917899431,7898.222725997156,5107.485879577703,6897.209250915078,2035593.615847783,2034596.7577317455,70277.07687773797,[-0.27773044 -0.35856288  0.89123423],[-0.76587872  0.64267715  0.01989638],[-0.57990998 -0.67705151 -0.45310669]
10,199265.54364735278,114678.90779219773,118280.83976858242,2720.528324993841,2740.266991964886,1608.3044554644546,2590.4586860226887,817686.6903129508,817678.3604014756,10384.2047684657,[-0.18141055  0.84093056 -0.50982939],[-0.61081331  0.30995032  0.72858623],[0.77071221 0.44358381 0.45742332]
37,113844.25599624723,20618.568104228987,152181.77795225754,4522.903844545856,3616.1240316320127,2944.0683181090303,4080.429124946881,1163354.9654029438,1163230.6111370074,30784.58395653867,[-0.58843387 -0.6159701   0.52376179],[ 0.54673749 -0.78036291 -0.30349934],[-0.59567079 -0.10777092 -0.79596591]
52,139951.8378840443,88874.08075594905,78955.72601655115,3963.0736928733722,9231.655177698301,6249.043570419469,4802.128698294434,1326566.2468953857,1324945.6538776446,78025.69073564747,[-0.6470327   0.54469718  0.53352944],[ 0.02490723 -0.68427217  0.72880123],[-0.76205532 -0.48484697 -0.42917957]
141,128201.71384743818,174403.61547406667,157563.70186549964,7922.40895404698,9545.762661097575,10001.425828924986,5764.712779315171,3183499.596899002,3181081.892660024,176134.24882504286,[-0.86918231  0.44574707  0.21408332],[-0.12278905 -0.61393068  0.77975122],[-0.47900414 -0.65145888 -0.58835054]
35,23344.284323487413,23080.650581320286,195776.7126350544,5145.804631443669,4130.952169862809,3146.169854824916,3253.2845799311654,1174965.1276283835,1174792.9340390253,38639.49460079522,[-0.28849223 -0.94628022  0.14603419],[-0.9502257   0.3016981   0.07777778],[-0.11765781 -0.11632715 -0.98621734]
63,43044.990529659546,105255.42688314898,7665.976139933795,3517.6041018090195,4967.00740318993,5343.006554547071,4611.502324960536,906435.2439843116,905874.209650061,53056.234473513185,[-0.82371613  0.36799898 -0.43135656],[-0.42343683  0.10669951  0.89962018],[-0.37708484 -0.92368391 -0.06793421]
22,70266.02138113542,122896.0449469359,160344.03595949095,2828.882689666649,3855.6265314416405,5859.350142651231,5791.464210715994,1003845.2605865829,1003660.1706940674,22805.231308735325,[-0.930513    0.06077291  0.36118168],[ 0.1618893  -0.81633101  0.55443263],[-0.3285383  -0.57437821 -0.74976813]
4,94229.92828638002,175695.24347599488,137158.55424261105,1217.4584710876204,2120.1297031230056,1337.2453318428556,1794.8073659149406,484017.25250703044,483999.8074238329,4259.632085468339,[-0.13663971 -0.56301482  0.81507294],[ 0.91090568 -0.39478193 -0.11999194],[0.38933331 0.72605891 0.56679629]
9,175623.8213978401,198975.42916376636,151230.32830335977,3377.1026115069376,3060.4918711041014,2143.831071403413,2064.7567030956793,916484.2299066869,916418.91708986,13774.006837834859,[-0.25391879 -0.4331783   0.8648016 ],[-0.77779527  0.62292621  0.08365073],[-0.57494327 -0.65139811 -0.4950967 ]
173,194216.35989686675,182080.2096029287,110011.51624744914,6370.134470129436,5528.967512912717,7613.411889975573,6011.456867004342,3790949.8714939137,3790378.29939901,126519.18946693621,[ 0.40058114 -0.74755174  0.52981236],[-0.6204784   0.20415159  0.75718471],[-0.67419678 -0.63205104 -0.38206044]
13,84109.03366358674,145094.17804058225,37666.68483905467,2711.2602155292975,3785.085798109192,3648.9792018114545,3827.4241215267525,620089.2415779234,619930.1040705497,16339.271163946705,[ 0.5645134  -0.49809784  0.6581969 ],[-0.66486835  0.19816119  0.72019596],[-0.48915713 -0.84417456 -0.21930484]
145,171906.92739764266,75743.40468190826,155940.87397746815,10919.372541186573,6596.958902338334,6958.059537616281,10057.530435002775,2944653.5763862752,2942846.0502309003,125810.04677514223,[-0.26981191 -0.71513496  0.64481279],[-0.65646662  0.62651577  0.42015422],[-0.70445234 -0.30993546 -0.63850365]
696,171036.0559635286,190948.87231371753,24526.118535975747,17092.357796493652,10183.095306899588,18239.261139615275,11805.013584040697,6820815.841125952,6811304.139560776,639560.5830174901,[-0.63674764  0.4951801   0.59105762],[ 0.38997833 -0.45445926  0.80086433],[-0.66518369 -0.74044814 -0.09626635]
9,137650.7319325048,53674.83746659483,49694.46165436008,784.1880514419121,3083.8514918825617,1412.2106998708111,1164.7826355043412,467740.4598804647,467663.2055982179,9832.020107362112,[-0.36104194  0.06446015  0.93031909],[ 0.29985299 -0.93660641  0.18126393],[-0.88302713 -0.34440284 -0.31882563]
7,54326.88381078175,32035.89563705643,9626.566050210795,3060.7569106463557,3707.8984597350595,3003.3222602673836,4466.96329938959,169348.60902796747,169325.4138378628,9229.415807889078,[ 0.30515773 -0.70902306  0.63573978],[-0.42831919  0.49405775  0.75660399],[-0.85054184 -0.50318311 -0.15292264]
379,196117.75646802265,137822.51608096424,43997.551867916794,6225.127436293863,11647.937466597747,16133.703387397887,9886.47721583706,4758473.44376703,4751535.344329193,359527.6714509706,[ 0.52193455 -0.81828678  0.24081336],[-0.28477782  0.09895491  0.95347235],[0.80404348 0.56622846 0.18138194]
87,180364.62373689443,137054.68892091865,20712.971498965446,5765.7016051947085,6956.743760907319,5034.026835801883,6160.14024453999,2123583.6760722403,2122854.337245242,77616.3406268813,[ 0.25288536 -0.46101949  0.85059393],[-0.55452983  0.65136374  0.51790148],[-0.79280872 -0.6026494  -0.0909287 ]
86,24683.357187194106,135418.47065568468,162930.21351078988,10372.25857087124,9171.533414704874,5459.934295127071,5672.499365448195,1982065.7411989537,1979443.347694403,127409.65313892796,[-0.5581371  -0.59465472  0.57867844],[ 0.82174532 -0.49277287  0.28619839],[0.11496781 0.63526424 0.76368956]
5,151315.51041941968,64184.03190640242,106708.74732300857,2240.2103679943425,734.5583703202739,1175.8992392975877,2125.429795616633,438230.0061260115,438222.649121807,3476.2202989393795,[ 0.22345709  0.66225231 -0.71518446],[-0.59481653  0.67392541  0.43819841],[0.77217889 0.327485   0.54451203]
6,74692.47624546457,62809.468528129255,88212.40582797752,2567.444266745018,1750.9333375458498,2106.2009587306784,1705.4476953816175,322322.6309809468,322296.3470378221,8209.526285058128,[-0.31982685 -0.62272336  0.71409132],[-0.75845841  0.61996899  0.20094601],[-0.56784824 -0.47734063 -0.67059249]
165,51971.82227423505,189436.4303729442,129711.4314649747,7617.227385845748,5330.026541050591,5980.43299157559,5877.476669116875,3026078.442743782,3025675.8145837267,120477.33160656824,[ 0.33676527 -0.59323752  0.73120339],[-0.91524791 -0.02384322  0.40218498],[-0.22115698 -0.80467431 -0.55098897]
7,52276.373610133436,126654.5591701694,202370.2390425514,1341.6911301977336,2748.7095686931802,913.5947728753032,2017.6138106966998,646648.8032314708,646634.3927541506,6534.031345829671,[ 0.97680011 -0.12248207 -0.17566925],[-0.01036913 -0.84638572  0.53246943],[0.2139019  0.51829466 0.8280197 ]
15,63460.31856957636,158155.37165968877,183840.32203250533,3321.8582872182574,3429.4219836313905,2779.397010193586,4230.470580888293,971050.1980641986,971038.5234369553,13756.790511649504,[-0.4433667   0.74945152 -0.49167915],[-0.85981388 -0.20060667  0.46954985],[0.25327073 0.63093533 0.73333113]
16,37485.725666658465,4039.487129811974,54979.379126709464,2009.679118493716,3444.450282165257,3698.5822870008424,2152.161267348457,267410.03203070734,266951.67439218605,19764.995455759938,[ 0.62521161 -0.68385803 -0.37609659],[-0.5423118  -0.72721645  0.42077803],[0.56125606 0.05911369 0.82552844]
30,33951.401361967364,94417.52379016312,133361.53212144724,3069.417764887355,4119.52390141609,5950.3565462795905,4539.097309931616,914960.7621685171,914597.9014600691,35003.96044923826,[-0.97038332  0.00767096  0.24144847],[ 0.13038049 -0.82478858  0.55020426],[-0.20336453 -0.5653892  -0.79936094]
4,182078.34837687982,169022.97111799006,109791.05286696368,1806.630998324484,295.9919068910234,1285.2121213331907,1376.4282914695711,543247.6156065649,543242.5849172652,3531.071888596672,[ 0.13827943 -0.63996343  0.75586084],[ 0.72903444 -0.45080668 -0.51505546],[0.67036377 0.62227016 0.40421809]
22,52290.1242774215,37846.53847520045,130341.00882865953,3492.3995690304314,2035.079254721788,2303.685131267245,3204.965115006756,682526.8353016534,682418.9879179271,15851.528866707096,[ 0.00948282 -0.96126529  0.27546164],[-0.93301791  0.09058813  0.3482404 ],[-0.35970496 -0.26031294 -0.8960187 ]
9,30585.88032746981,189759.55057647446,119273.85997035605,2044.6791981794222,2844.8711782988385,1893.4950303613698,3297.682644129416,678720.7663346146,678709.3928819573,6709.050578185879,[-0.35485297  0.5378682  -0.76470725],[-0.92508367 -0.08365237  0.37043554],[0.13527592 0.83886834 0.52725738]
54,157188.7805867556,116422.62243260418,21302.46142642097,6758.952579560223,4476.854094946322,10166.37798959227,5228.8342308638175,1448476.8421432788,1447011.397031934,87736.71492059002,[-0.59977735  0.79650806  0.07643323],[-0.04047665 -0.12560047  0.99125484],[-0.79914253 -0.59143844 -0.10757229]
10,115203.01522377874,55591.40097680276,109877.47790831223,1747.9541113292623,1835.0194246749504,2959.7381440552526,2936.056105954466,533379.3077471876,533337.7513810843,8061.353975733,[-0.61310943  0.7436969   0.2664803 ],[-0.39678669 -0.58157756  0.71016045],[-0.68312308 -0.32967023 -0.65165972]
46,72660.31469297576,139357.3932799962,198834.75813305625,4207.327415838792,3335.0788937017587,2748.4025263336234,3500.6431030953163,1719312.1247859416,1719256.2532543384,33390.95407520833,[-0.03340812 -0.81264294  0.58180353],[ 0.9574113  -0.19306254 -0.2146869 ],[0.28678826 0.54985299 0.78448339]
12,68312.35933512148,141012.0038331008,29944.197507011482,3634.210438326346,1149.519558181805,4418.72203794069,2731.944348194113,552895.9736312851,552760.9194547175,17931.84221304892,[-0.82558851  0.29830011  0.47897876],[ 0.36722386 -0.36045562  0.85744876],[-0.42842764 -0.88379228 -0.1880451 ]
17,201201.087040494,88931.73366940398,136362.14030231946,2132.7641248150126,2232.294641099331,2969.71893754491,3074.6845850497525,1067239.3501913885,1067227.6811074486,12310.867197847505,[ 0.62723954 -0.48685236 -0.6079024 ],[-0.0476517  -0.803064    0.59398445],[0.77736727 0.34360295 0.52691284]
8,21393.86848508239,123559.85674594156,58960.60170382318,1905.2854870362025,3392.5578321898793,1026.0228878716948,3151.864128748005,392071.79172806605,392054.00814311596,7060.81852323441,[-0.23691555 -0.38453556  0.89219024],[-0.95919491  0.23845639 -0.1519331 ],[-0.15432479 -0.89177965 -0.42533858]
28,33992.840673355604,11196.216125061079,151684.22331498898,3116.6600068149974,3480.655660457068,5436.733182141344,5395.019174540438,825438.6095865384,825274.6298099242,25158.95609350809,[-0.80705311 -0.54755363  0.22102103],[ 0.54874553 -0.83371035 -0.06168797],[-0.21804499 -0.07149883 -0.97331614]
3,196591.41488449895,26978.92305207324,25352.944166159676,467.4178388237058,1681.1976481385402,299.3661028218741,707.0621999457682,346505.071769632,346493.9189252147,2813.783102306056,[ 0.11053237  0.12152688 -0.98641462],[-0.14845968  0.9833798   0.10451739],[0.98272189 0.13489024 0.12673714]
25,141352.50368363358,64868.73750738148,191711.21873621107,3387.720058049198,2910.886401695858,4555.049947932162,3155.442880538568,1234667.9168404932,1234482.5830268604,27686.572721951172,[ 0.14509357 -0.96475333  0.2195424 ],[-0.80697838  0.01299689  0.59043795],[-0.57248035 -0.26283472 -0.77664932]
41,76813.35564757201,60682.56245241272,198759.39948677065,6606.794841695124,3693.4709993867477,3327.822157032425,3262.988203966903,1419559.400036171,1418910.360322156,48616.23201156174,[ 0.39695004 -0.90938644  0.12428583],[-0.84979076 -0.31296712  0.42415475],[-0.3468232  -0.27398519 -0.8970205 ]
95,153747.9498995627,195969.02583409566,165932.10299398215,14680.143887310642,5045.630448933205,6248.469267225854,8135.192168534397,2921213.8126943437,2918684.2547841268,142782.81174124882,[-0.33286698 -0.44347278  0.83218475],[-0.79020274  0.61275618  0.01046437],[-0.51456701 -0.65411143 -0.55439971]
68,192443.80380059197,69878.04244584296,125906.75936680859,5579.961059383536,4297.983633146618,5092.537668634318,6539.404558179522,1983101.0336082147,1982947.7590612685,47242.475831381766,[ 0.51202535  0.12218933 -0.85023515],[ 0.31110291 -0.94900862  0.0509669 ],[0.80065287 0.29060698 0.52392993]
123,10869.25893331591,154570.17117308194,125519.34379762984,4963.002162674175,8395.907153345563,4634.13741537554,6906.83155298716,2214169.7357386607,2213563.888238771,92226.36863874161,[-0.97964196 -0.08033589  0.18397767],[ 0.1932066  -0.62619314  0.75534983],[-0.05452386 -0.77551809 -0.62896649]
2,87814.16582293247,64805.63084507937,101448.12500510934,401.09932654315344,2613.762807137595,641.1660071638617,936.4928496782813,210761.5871357441,210730.6200344972,3612.8094129427927,[-0.8057286   0.25480222  0.5346749 ],[ 0.05912645 -0.86362031  0.50066358],[-0.5893263  -0.4350124  -0.68077803]
16,202441.84792784907,30542.414875226714,4174.918185920868,1321.3312242307006,5497.48552322657,2492.4096023309176,1465.5090307478113,819424.139918598,819173.7427957737,23985.344284976858,[ 0.0100258  -0.20038502  0.97966593],[-0.15029275  0.96828401  0.19959499],[-0.9885907  -0.14923779 -0.02040859]
69,11487.327418125124,63697.45298045727,114520.81685901289,4955.157936008034,7159.289385386525,5947.322576376363,6134.203903332534,1095734.9636023063,1094378.7123638056,71007.54478041524,[ 0.84573426  0.42609733 -0.32120807],[ 0.52655118 -0.76396398  0.37296499],[0.08647201 0.48456176 0.87047257]
142,66699.92003155575,82486.79795794381,32703.3157289353,6628.790645897237,3970.3377647573525,12400.532325191194,7667.8394149601845,1332687.1457199703,1327472.7718405286,148211.8226427202,[-0.77833663  0.62779431  0.00814852],[-0.18179806 -0.23777699  0.9541549 ],[-0.60095055 -0.74117232 -0.29920233]
2,132116.77900169732,170072.36170124056,124344.25838715858,137.30767214133812,166.74876736081205,348.00255862988706,132.9161310217023,351684.841489088,351684.41469322186,547.9006212982431,[ 0.82952569 -0.30000353 -0.47104671],[ 0.17214282 -0.66503594  0.7267008 ],[0.5312758  0.68390429 0.50002095]
44,132844.58171368644,158547.31051717908,75710.38696813294,4517.342223075646,4590.460392906734,4538.78407793025,6400.033298000569,1461901.4804696294,1461807.77783424,30342.055924646487,[-0.79738157  0.55516401  0.23659154],[-0.02060893 -0.41687056  0.9087322 ],[-0.60312346 -0.71973041 -0.34384624]
9,41962.186131333656,88228.77932264449,67749.19418045132,2087.173907561259,820.5415061932136,3407.912725430109,2340.835710839453,356835.082958943,356790.1112410076,10042.312191328228,[-0.87277557  0.48064124 -0.0851281 ],[-0.33718932 -0.46756417  0.81712123],[-0.35293931 -0.74186774 -0.57014568]
4,82739.22857934951,13339.497762168898,121712.09418922932,855.0287175115848,355.45774784211744,448.3290027380828,781.3089657601395,295557.2438047404,295555.4739039823,1339.034236358918,[ 0.30199578  0.90343338 -0.30431345],[-0.77155515  0.41911867  0.47858352],[0.55991178 0.09026441 0.82362075]
33,192015.4137289024,85889.97970981932,6103.595030153285,4008.2670188641464,3225.9932582940573,2844.029176911054,3584.966644218387,1209235.0556095634,1209164.686678384,26714.80682287135,[ 0.11363326 -0.18507977 -0.97613163],[-0.39299253  0.89399233 -0.21525469],[0.91249348 0.40807253 0.0288523 ]
81,141078.51239299198,137997.7133107896,199194.21807749782,6460.621034216517,6603.139246307161,3170.306572837049,4581.080524538136,2524946.246707001,2524144.298282234,77598.55491257402,[-0.45370808 -0.54910889  0.70187492],[-0.73553032  0.67541962  0.05294799],[-0.5031343  -0.49222735 -0.71032958]
2,68939.74772890107,89768.9472431211,151105.9592188032,1058.6047335455805,40.78133473033813,81.8948720394983,340.39340500762046,267002.9686403003,266999.1741251443,1423.4743496418823,[ 0.07111345 -0.87146489  0.48527499],[ 0.92822372 -0.12028781 -0.35203915],[0.36516243 0.47547848 0.80036031]
95,137927.76314074898,41575.08480558245,8947.762286228457,5581.840104650464,5157.7059792762575,5367.133806597259,5112.439411857719,1409175.8825073405,1408244.4046549997,75602.8610613345,[-0.24801799  0.67576822  0.69413571],[ 0.15831364 -0.67861776  0.71722711],[-0.95573211 -0.28777638 -0.06132609]
47,173046.76119436935,13493.630654301001,94399.45258196075,7531.954566572249,3235.6579223545505,4172.841437614913,7512.855828795485,1355826.2175461254,1355728.987128672,36170.14494560377,[-0.0348917  -0.97844985  0.20351526],[-0.48112079  0.19493384  0.85470672],[-0.87595967 -0.06809325 -0.47755414]
70,40869.46940966978,48906.421089444346,100308.62112221509,5193.3466198635215,4014.500357205718,5714.846629099836,4159.036137467606,996606.067502172,995339.2533774484,63534.04758078123,[ 0.58370396 -0.79777445  0.15114766],[-0.73574916 -0.44092791  0.51405812],[-0.34345721 -0.41126452 -0.84433325]
193,195192.8778963005,40377.79978194848,150694.4333339154,7856.053204375849,14803.160919538384,11993.084675579956,11857.2106257441,3481640.907698017,3476931.4875588757,233828.5523801056,[-0.62087643  0.09014941  0.77870761],[ 0.07125595 -0.98276294  0.17058603],[-0.78066321 -0.16140039 -0.60375066]
87,144681.76634529626,148098.72532117477,28586.30764183813,11934.794142216933,6126.670878666374,5283.448833069697,9415.331596656106,1953920.8740707703,1951626.3179156526,101988.36237395213,[-0.3220998   0.13350689  0.9372447 ],[-0.644861    0.69387435 -0.32045698],[-0.69311328 -0.70761168 -0.1374034 ]
2,62001.86553354307,163714.45734338486,37157.34714546277,226.49958276073085,406.1792966520734,41.62149701013914,301.74297519229003,253091.05608771712,253090.55442395288,503.91762432820843,[ 0.12982143  0.17244803 -0.97642617],[-0.92904188  0.36523726 -0.05901634],[0.34644997 0.9148024  0.20762706]
25,154957.22272343133,148030.69400394088,49274.873715894624,7998.208062969018,5997.105011302908,3921.620172476691,2601.130780817102,1100738.5369572341,1099576.403574076,52098.10259699045,[ 0.10561522 -0.41184953  0.90511071],[-0.70147782  0.61428156  0.36136828],[-0.70482218 -0.67308107 -0.22402583]
3,60979.98987324008,139123.64360977954,92952.96757187229,565.2931183013999,1188.3705854360273,916.6588984818524,719.7237957692928,308463.94572410255,308454.9533695858,2485.4650999240966,[ 0.9340247  -0.34318317 -0.09911189],[-0.10169082 -0.52144141  0.8472059 ],[0.34242785 0.78123247 0.52193774]
11,85426.827743492,34870.69841350575,117248.57548924559,3625.0751139550675,807.2672534446243,1870.3619334800242,3277.149634247675,495028.13588755246,494970.121215322,8528.844926660351,[-0.14129608 -0.9160449   0.3753627 ],[-0.80743364  0.32602121  0.49169206],[-0.57278821 -0.23360631 -0.78571099]
5,19753.297157171502,87892.1734769191,56687.55207136351,1012.5265187220599,1719.2697223736204,593.1790340185338,1063.7315230435765,238037.2283248559,238018.31566659862,3992.944378871658,[-0.77388069 -0.21116782  0.5970903 ],[ 0.6055545  -0.52285748  0.5999365 ],[-0.18550584 -0.82584999 -0.53250293]
86,27499.934194904683,6906.970680204761,119011.67262099605,6124.292068809271,4262.017511144026,8902.024023941145,8121.8312409894215,1139083.1626235428,1137658.3856079283,76671.43831559812,[ 0.25586305 -0.96671035 -0.0022816 ],[-0.94070527 -0.24952257  0.2298088 ],[-0.22272786 -0.05665326 -0.97323312]
17,202867.67291300406,174763.33229754775,191246.09066154432,1566.5286540714887,4633.065728792116,3219.064488297355,3606.3235903950144,1356871.6424064296,1356824.2419794013,18991.97982799871,[ 0.3783171   0.44756032 -0.81028756],[-0.69055311  0.71938903  0.07493874],[0.6164516  0.53119599 0.58122134]
2,81977.93460950794,67001.48498777518,16980.581623103473,1590.8082640130087,1077.6740421476934,798.9282088928421,416.22460769992904,151672.35241944154,151644.9423746588,2883.390475404213,[ 0.16114222 -0.42313093  0.89162403],[-0.62408014  0.6561898   0.42419209],[-0.76456338 -0.6248001  -0.15832773]
101,179959.52258577113,4492.20893313509,30911.29038627382,6312.838039410023,3500.111196356757,6338.650637576181,6756.870157560028,1837815.745907599,1837206.4563404992,68500.17562304628,[ 0.0067365  -0.99450391  0.10448252],[-0.17137585  0.10179086  0.97993313],[-0.98518269 -0.0245071  -0.16974824]
4,78848.04076546065,48051.83896261537,201475.2474159261,1069.9990998432672,2294.0755762396625,1706.2748254966232,1994.7273435875288,443289.971047514,443275.6772233532,4623.055276995706,[ 0.87135966  0.27470971 -0.40653034],[ 0.33789592 -0.9367499   0.09124678],[0.35575088 0.2168737  0.90906936]
