N,MEAN_X,MEAN_Y,MEAN_Z,SIGMA_X,SIGMA_Y,SIGMA_Z,SIGMA_R,LAMBDA_1,LAMBDA_2,LAMBDA_3,EIGEN_1,EIGEN_2,EIGEN_3
5,164910.62823192464,154565.22697952107,177253.2903154029,1334.1305469966242,1934.7729597193286,2682.190970810155,1732.620101429887,642328.5492957209,642291.9196455322,6988.1997772291,[-0.81452908  0.29883502  0.49723235],[ 0.08313125 -0.78814378  0.60985128],[-0.5741355  -0.53807715 -0.6171235 ]
5,82562.7700946717,45147.59321654419,99185.39334884145,1334.7389489081365,1442.6943419368577,3211.5855191661735,2776.85109808483,305827.7752749639,305786.54123668006,5684.994438792652,[-0.66041592  0.71690719  0.22337164],[-0.44644823 -0.61406042  0.65085619],[-0.60376716 -0.33011192 -0.72559723]
9,101612.70697691248,27998.958402111984,168367.02015743396,1712.8903311038591,3012.689201894368,3022.147279231168,2141.4793784818044,596019.5461831281,595994.7216622427,12216.827712319282,[ 0.75953704 -0.53551531 -0.36922464],[-0.40188715 -0.83267643  0.38096808],[0.51145889 0.14097273 0.84766532]
507,92900.21132992985,39636.68598506016,71077.57358746562,11098.1989166343,13687.962942779386,10783.268554307062,8546.57964763505,2812584.77426786,2794939.4026022083,421369.5724653106,[-0.60482291  0.68215923  0.41091122],[-0.25731265 -0.6557101   0.70981298],[-0.75364411 -0.3235785  -0.57211669]
429,167964.49284170507,186150.18624409387,194779.96399131813,10943.875944147867,10795.320007369306,7641.6423198105485,9337.75180724564,6583632.098311629,6580976.806389221,297540.1011662651,[-0.21646442 -0.60559728  0.76576439],[-0.82055946  0.5378472   0.19339744],[-0.52898519 -0.58649155 -0.61335335]
19,121666.46694056901,168123.6934396841,19926.56299633935,3165.3130713017777,2577.374225315683,2176.1320627254777,3073.868363778158,908939.8319552446,908899.3684270272,15087.015338613926,[ 0.02409344 -0.13493437  0.99056157],[ 0.81167682 -0.57579677 -0.0981775 ],[0.58360967 0.8063813  0.09565018]
371,54471.80560196894,182730.24687514102,168794.26487638414,11992.150821482157,13095.262257798995,10399.087717714916,10646.679334487011,4916845.230239211,4913595.975998672,336712.4130127165,[-0.91815377  0.37956607 -0.11368047],[-0.33296573 -0.58360996  0.7406303 ],[-0.21477308 -0.7178642  -0.66222618]
1970,177720.62743574972,105845.14753010278,59954.9980977356,16281.746104211883,25011.574284998544,21428.337279315634,22275.778006762397,9656909.565132791,9648918.588729005,1306750.3943042667,[-0.52128993  0.85313286  0.02052134],[-0.22685425 -0.16171655  0.96040872],[-0.82267488 -0.49599604 -0.27783802]
265,14555.093253382249,49616.79474726999,162023.24832502144,10214.791531644592,9716.375159925505,9390.78063355532,9494.158779448431,2779571.235770967,2775769.720951016,226988.91882383268,[ 0.61740232 -0.76584203  0.17972302],[ 0.78202307  0.57280284 -0.24563556],[0.08517218 0.29220351 0.95255593]
182,149463.3328104023,79124.38882661216,118665.23213084329,11070.367643949203,8406.154430092583,8024.96893480059,7074.949356167139,2793470.5533499885,2790804.9264689162,194242.15926658383,[-0.03041026 -0.81341603  0.58088689],[-0.68922806  0.43796141  0.57719536],[-0.723906   -0.38281088 -0.57394767]
900,109761.62918342707,164738.23039550407,103172.7676470099,18424.24942650164,17201.890015893267,11240.36939791992,16879.584879367674,6740979.211430358,6722069.621925554,663100.1999061398,[ 0.03616647 -0.54656314  0.83663655],[-0.87022854  0.39436916  0.29525455],[-0.49131891 -0.73874332 -0.46137191]
705,50503.778596860626,168462.29580789537,132261.84484272168,14248.425192014332,17618.684587519387,9429.27394615293,13846.470857444743,5867873.508620081,5865331.965056679,540560.4040660677,[-0.20358788 -0.56438147  0.80001596],[-0.95200967  0.30485674 -0.02720214],[-0.22853787 -0.76716095 -0.59936175]
1030,132643.7071395678,116567.03048784025,134063.62882575017,17087.691064895494,14366.472905189516,21910.06261713063,20847.699687616525,7172259.802852275,7159702.49347766,756840.9135860698,[-0.78954008  0.25653921  0.55750703],[ 0.1355914  -0.81306674  0.56616028],[-0.59853273 -0.52259939 -0.60716427]
7,202757.19485206917,83304.99438329492,107096.1892662621,1932.5620136513867,4563.853325715372,4225.728508686242,2586.855678578142,645667.9854241032,645551.2189899819,15732.249243216656,[-0.14733731 -0.62601333  0.76576696],[-0.53642178  0.70103952  0.46988857],[-0.83098941 -0.34154195 -0.43909646]
31,16226.37000971867,157961.31343697268,88818.68416746573,3166.5151172042442,4412.70511277005,4973.075522886498,3407.567635316726,1013716.3066550537,1013338.2217676895,36395.76783218063,[-0.99180121  0.03256683  0.12357089],[ 0.09139307 -0.49509614  0.86401801],[-0.0893178  -0.86822763 -0.48806057]
1015,99644.11892861518,77321.42465837384,159305.86550337917,18605.484818636574,20535.601385874073,12071.49269202748,18588.154672202283,6525605.170583775,6519797.001820094,757446.4755837125,[-0.17153319 -0.8365936   0.52027639],[-0.85414374  0.38945244  0.34462339],[-0.49093263 -0.38527647 -0.7813752 ]
15,121628.80560706109,161095.4244973111,2114.4543970086324,5025.342795268935,4100.692298764783,1364.9093540989772,4739.33230526057,782226.6659221287,782055.005408758,17960.660649392787,[ 0.01398679 -0.0237533   0.99962   ],[-0.79790853  0.60223999  0.02547505],[-0.60261625 -0.79796164 -0.01052956]
236,90682.08013234584,175694.4941477125,36232.41615343616,10893.271923183613,11034.288735478445,8355.751457716162,12735.295295371463,3097938.3135298076,3096029.066563109,186487.13332600292,[ 0.08821421 -0.24588882  0.96527558],[-0.88798441  0.41966578  0.18805404],[-0.45133351 -0.8737387  -0.18132496]
61,194527.11793955523,198018.22248194614,72712.26805065646,4460.597438247451,4343.836371409503,7759.897675492912,3194.7500453390444,2242252.4952582256,2241502.4644111563,73588.12928572722,[-0.55962218  0.70792989 -0.43088083],[-0.47678952  0.15023638  0.86608359],[-0.67786043 -0.69011905 -0.25345794]
260,184994.9760914281,186681.1595129808,113770.89419880076,12418.611292033958,9198.125417013674,9103.644997531144,6906.260668268488,4625241.368206837,4620847.979127578,266336.04466819734,[ 0.12755    -0.60517438  0.78580848],[-0.75254399  0.4570352   0.47412696],[-0.64607163 -0.65183034 -0.3971255 ]
4,2844.053991395003,155602.57593409542,86718.88875534567,1788.6978970061903,797.0266932057432,1298.653682943565,295.7954331441259,356335.53011825314,356329.5781147374,4660.349762127442,[ 0.16324792 -0.48255478  0.86051787],[ 0.98645618  0.06573815 -0.15027539],[0.01594726 0.87339532 0.48675076]
6,4551.385275468044,70234.38291197749,4459.704968614703,2181.6070531390747,2337.1850444200877,1802.143969934873,2409.148089274107,172957.39523543106,172867.87734408068,6763.330695047498,[ 0.56673364 -0.08917767  0.81906064],[-0.82136618  0.01676924  0.57015471],[-0.06458009 -0.99587456 -0.06374383]
252,139631.52652408744,197892.15416552455,99716.22029653157,10866.567493524353,5492.137855365309,17600.75433270201,7342.7013499963105,4169228.4424682013,4161870.8185793357,320025.6688185218,[ 0.66055972 -0.65317345  0.37016929],[-0.52895295 -0.05499412  0.84686742],[0.53279418 0.75520864 0.38182492]
1817,22889.11103511211,40895.253657128655,36962.86935425664,13551.565729047334,17546.77952484303,25818.36768606035,18170.834155519224,2877299.228920248,2695662.397271066,1268704.59675171,[-0.90230043  0.42067608  0.09426328],[-0.21129221 -0.6221209   0.7538708 ],[-0.37577857 -0.66030085 -0.65022554]
156,37690.859280427,13503.992241695103,64696.65507897001,9857.624020260564,5500.947853813163,7974.0980376327725,8071.825523153096,963849.4871152302,957653.8037580906,139783.99243118282,[ 0.01579311 -0.98012376  0.19775741],[-0.86802556  0.08472551  0.48923738],[-0.49626828 -0.17938506 -0.8494344 ]
1222,101858.13622480289,123306.8354341435,46875.16221857042,23970.595541829945,13581.067702237888,19135.815485082,18234.25035884504,5913317.29547621,5893186.925658619,969475.4910626267,[-0.2038973  -0.20201036  0.95792364],[-0.76129208  0.64791104 -0.02540981],[-0.61551626 -0.73444068 -0.28589619]
487,111903.21798189024,17801.264378955988,53049.05813306415,9948.18449438023,14398.174743710106,22721.08413043013,9453.470019256254,2819856.027746455,2783246.5621997286,591198.2645305247,[ 0.30841691 -0.88003467 -0.36113431],[ 0.32980566  0.45501836 -0.82715568],[0.89224842 0.13600466 0.43057577]
35,68303.07476036559,195072.66461737637,2808.2591997172954,4361.13341860447,8577.961129230358,1991.5895299300469,8815.225932839949,1224228.3491797517,1224016.139105902,25826.555852526202,[-0.34820181  0.10858341  0.93110963],[-0.87728539  0.31227731 -0.36449037],[-0.33034201 -0.94376508 -0.01347689]
140,33201.70973705592,12612.125949745307,117544.77065118217,10271.21168777674,9111.29334333585,6968.277252940752,8177.335327416521,1463123.3736839963,1457071.9153049444,156476.78255056235,[ 0.63559638 -0.76596483 -0.09651483],[ 0.72255196  0.63423322 -0.27507615],[0.27191157 0.10510043 0.95656573]
1708,18353.842598299205,129835.57835909844,55689.740523245506,11881.81087021759,22009.92260028469,32027.115882501155,14925.117886663766,6102964.096458014,5941753.077467437,1555570.5208721377,[-0.9916652   0.12041699  0.04582438],[-0.00447129 -0.3876149   0.92181055],[-0.12876387 -0.91392255 -0.38492263]
43,70523.50623990336,142272.32437699309,198938.11160539824,3070.8558674023643,3759.1742278833613,2461.7544051947066,3025.2916850301317,1669430.6999457926,1669349.4118698935,29620.573389845667,[ 0.62382666  0.51399977 -0.58876526],[-0.73081825  0.65064383 -0.20631844],[0.27702885 0.55898734 0.78152938]
7,48095.28154661712,6875.45097125969,178387.44471432472,2776.886681667079,770.6823382514795,1662.7461665197168,1165.4159347639845,489238.15994356794,489170.8259187176,8247.41732551832,[ 0.22367652 -0.97439793 -0.02274842],[-0.9393201  -0.22173505  0.26174667],[-0.26008953 -0.03717854 -0.96486848]
397,128561.6037312963,14577.898632092307,102229.50010339198,9760.728666785802,10453.733366946013,16324.227940933195,9622.303139906444,3307227.1445400803,3297711.8445550376,389067.8900714908,[ 0.18275051 -0.97884508 -0.09200306],[-0.600812   -0.18526192  0.77762649],[-0.77822053 -0.0868351  -0.62195858]
380,189388.59619268627,49813.791551086426,19199.655447988698,10315.394428503398,8836.825378952042,11293.266850984759,10691.907463639773,3848885.5815400863,3843822.7234513997,272019.4350083998,[-0.27144889  0.88780364  0.37164526],[ 0.00847216 -0.38392475  0.92332552],[-0.96241557 -0.25378433 -0.09669433]
570,94010.77921393179,176040.2094639444,190647.70305105086,15955.711212941102,15950.521509723787,10630.499521224834,11758.094643083374,6611260.584781029,6600240.618518173,525681.3402011598,[-0.44301437 -0.53908     0.71633165],[ 0.82959059 -0.54941896  0.09959043],[0.33987898 0.63838198 0.69061619]
71,61567.828540585775,77051.5979891976,95068.6487210081,4346.111219387888,4034.0718508422874,9232.173707015441,6713.642600411172,1157554.026992835,1156110.5597832042,72715.76982533341,[ 0.56556224 -0.78050545  0.26636554],[-0.6923964  -0.27391767  0.66750007],[-0.44802521 -0.56194337 -0.69533665]
116,145534.1512831697,150479.2776647617,182706.48040836788,11493.730185847728,7866.686183945097,9058.320512853228,13320.409796250226,2997732.687012806,2996378.293258293,105439.90628319264,[-0.44489968 -0.48432124  0.75332411],[-0.72612673  0.68743564  0.01312335],[-0.52421775 -0.54117019 -0.65751849]
143,41458.30734296709,82525.76764519283,184638.08569596865,5595.289993574521,10169.525543404803,8638.993816375261,6982.548054509039,2473884.9762329175,2471099.767601375,151338.4022113159,[-0.96027848  0.26101235  0.09868024],[-0.19404463 -0.87875527  0.4360457 ],[-0.20052909 -0.39957693 -0.89449783]
97,69471.98823662527,81510.20051493683,134376.63691449643,8586.020892495606,7695.707167654837,5010.521835027923,4136.312025106894,1695468.7965332272,1694334.4509296524,116549.67708076193,[-0.06902495 -0.83644527  0.54368637],[-0.9120987   0.27367803  0.30524791],[-0.40411819 -0.47482591 -0.78181126]
639,169318.5389924991,190706.60445310365,28257.010212526337,15452.24561433299,10241.626699791555,20935.529679813022,9761.113164156275,6517865.855047601,6497352.9482035525,663235.9266100128,[ 0.65861398 -0.50182446 -0.56071368],[ 0.36020391 -0.44398131  0.82044728],[0.66066691 0.74232931 0.11165317]
72,12123.912779585147,119823.192714872,149312.8572319566,5860.400438599893,6152.094379227164,5647.522754437076,5467.569828571979,1629640.2901394444,1628805.339969339,72788.37248993224,[-0.75725036 -0.47793691  0.44513842],[ 0.65005069 -0.61757256  0.44276205],[-0.06329295 -0.62464426 -0.77834026]
27,32504.936557394336,200657.2857040209,33903.30517490837,4579.2838589924695,2129.2232604920573,3004.0436048719653,2156.61298876136,1071170.2578007816,1070978.8377063666,28426.660101730293,[ 0.31196604 -0.20721031  0.92722224],[-0.93690492  0.09494999  0.33644268],[-0.15775413 -0.97367776 -0.16451519]
29,110182.57129105146,69845.39797255814,182212.76437911,3213.0252738305894,3234.366906575006,5709.270752144929,6184.435580916912,1207381.615957545,1207333.2129353904,20887.303785304397,[-0.33762984  0.92892389 -0.1520082 ],[-0.80273275 -0.19982102  0.56186448],[0.49155491 0.31172418 0.81314317]
54,27517.027825253965,175336.7565526403,104163.25106010083,7262.257214184932,6845.798363122886,4108.721624171255,6131.814105959285,1513944.1475803228,1513325.0565236106,64938.06059852989,[ 0.22443277 -0.52321545  0.82211649],[-0.9652918  -0.00372639  0.26114719],[-0.13357272 -0.85219229 -0.50589191]
7,157885.69532048487,100550.79800561004,6827.999957100323,2941.228272332216,2026.497714501456,1729.684811977493,3217.0139336538027,495674.2330207454,495660.5207268484,6154.378722016984,[ 0.47557519 -0.77493535  0.41629731],[-0.25161159  0.33363709  0.90850311],[0.8429234  0.53680676 0.03631319]
101,178221.09856248382,109757.85548206234,117733.2644552176,5771.5740859723355,7755.817109007012,4301.302127730717,7122.684995914333,2415534.0530487318,2414767.3288934906,78650.62150148446,[-0.4478102  -0.2060427   0.87006461],[-0.49886426  0.86512563 -0.05188544],[-0.74202458 -0.45727897 -0.49019942]
160,83665.44330107374,31661.147328264324,186626.8296059362,7848.157371989529,11601.69502901349,8087.996463678319,8449.799643269276,2624336.5853220085,2621582.5203533005,173458.76272477774,[-0.86009165 -0.27168219  0.43177672],[ 0.31115324 -0.95010537  0.02198728],[-0.40425983 -0.1532598  -0.90171249]
119,65396.48382968178,11701.928464274772,154907.38389214754,7163.183368790726,6916.659265043814,8029.747143559326,6395.535032368852,1843471.6449501594,1840476.6935732518,121512.78903077083,[-0.48811814 -0.83031514  0.26891905],[ 0.78235185 -0.55283489 -0.28687832],[0.38686725 0.07035881 0.91944732]
209,164006.69438373137,153362.0744746529,148659.32752687615,8286.919318725331,6515.287042683807,6644.728970191094,6995.221726389489,3895976.5973517234,3895693.246072774,149167.84355988607,[-0.77847849  0.56193529  0.27964257],[-0.15091138 -0.60002281  0.78561975],[-0.60925938 -0.56938683 -0.55190728]
3,63806.066884681386,116317.59718346926,53308.39536575965,966.9688508827581,547.1661515488132,75.85416982808677,614.6195944019594,247652.8860941045,247648.13699648756,1607.7641923490016,[ 0.00678473 -0.41968833  0.90764292],[ 0.89487009 -0.40252886 -0.19281604],[0.44627512 0.81353071 0.37283549]
2,148135.23626987988,45335.23813782535,24205.682008400705,2754.3731225522934,960.6375756133311,1143.713552910218,2500.8472559702495,221788.4783291473,221772.41998472798,2668.867489412927,[ 0.25377868 -0.3472075  -0.9027975 ],[ 0.2072472  -0.89215901  0.40137376],[0.94479891 0.28896236 0.15445315]
145,101671.5403965649,188217.10573735295,13658.384508756513,6675.028626978278,9980.266641311133,6808.550564936504,10149.340981217332,2585667.687336381,2584969.598321907,113187.69171399904,[ 0.58901944 -0.3703626   0.71825319],[-0.65451206  0.30267721  0.69282066],[-0.47399374 -0.87819021 -0.06412403]
65,94648.44622198334,4291.157494277825,5999.975114492792,6669.866412590562,2714.466326635142,5049.431626052133,6900.6504585728135,768396.4900328626,767645.1851632398,44720.96021468538,[-0.05928404  0.96893719  0.24009608],[-0.05227842 -0.24320265  0.96856566],[-0.99687129 -0.04486864 -0.06507254]
4,105441.01081293914,138672.2069929597,184935.25984227948,2526.014139731974,2557.855555101469,1028.1669969361453,984.18720019978,508179.11609882355,508138.2873905192,7212.179941494589,[-0.4587583  -0.56536391  0.68549578],[-0.78569839  0.61840836 -0.01578404],[-0.41499259 -0.545834   -0.72790548]
46,114910.57994151018,16566.118500271234,151153.75366201656,3515.2009404460123,5322.477258739347,3264.4367483851042,3401.0046155592004,1293398.0343897308,1293072.095535741,42805.97496589706,[-0.78709177 -0.09753083  0.60907658],[ 0.13024405 -0.99143594  0.0095529 ],[-0.60292871 -0.08684761 -0.79305388]
11,172781.80529628418,201632.89917356,89017.5589555373,2599.1161609094097,1857.9320611277728,2372.7667006370566,2559.6978218876843,928940.266918371,928899.0117024692,10105.325391945957,[-0.51433428  0.6745456  -0.52957386],[-0.59567117  0.16324617  0.78646459],[0.61695713 0.71995758 0.31784427]
20,26928.22070437129,56840.246012261545,199931.644919768,2331.958533997098,4607.769550671335,2929.227101101005,2363.8478876154254,937652.4870529538,937426.6128431858,24359.14286438011,[-0.97873248 -0.12039929  0.16609255],[ 0.15987939 -0.95499336  0.24985248],[-0.12853522 -0.27109352 -0.95393239]
189,106312.84032402483,88074.03319436515,40869.01483509545,8468.558740264458,5890.006119915363,10726.084357636071,5209.523767449384,1988893.0557274206,1981790.3129176653,190685.88972450446,[ 0.42389567 -0.74821238  0.5103829 ],[ 0.52425372 -0.25682148 -0.81191179],[0.73855974 0.61173603 0.28338761]
117,75197.8590873722,125765.23586331955,133541.7438872236,8108.038673449485,8102.361553854573,9671.045812430544,12364.270530064521,2149769.4140762263,2149429.2865518816,91914.4595267765,[-0.56768149 -0.41536271  0.71078235],[-0.73046381  0.65233472 -0.20219308],[-0.37968454 -0.63398205 -0.67372577]
48,67177.5430332162,22079.62698544825,97821.13676991915,5048.241058622293,4546.128102299302,6208.932473319203,6639.367136649287,838495.5985099808,837732.1577415651,43759.698746345144,[-0.60503552  0.75790165  0.24396128],[-0.56946773 -0.62607081  0.53267424],[-0.55645173 -0.18335876 -0.81039561]
107,22200.20960048407,132826.2296688657,162389.10110553383,11001.721400796214,13270.454381877687,4480.6523178806065,7745.116298946115,2189597.3721467624,2184159.5592206316,165084.4496643859,[-0.67005195 -0.52711932  0.52266204],[ 0.73505843 -0.56935969  0.36812858],[0.10353501 0.63085241 0.76896407]
6,15756.181277333477,58294.72331983371,97545.15820056463,1374.7697552101272,1460.5413010228654,1905.3246405634818,1468.9599134276887,281089.9238546954,281045.42331556504,5731.038550715204,[-0.85501883 -0.37257173  0.36073967],[ 0.50006792 -0.77659669  0.38318358],[-0.13738587 -0.50802351 -0.85031596]
2,141736.16732677314,82218.3661963754,146880.71540734603,727.2210421917262,491.4045167716249,228.22498238334083,132.4638585132343,311203.367085075,311200.780764815,1268.7538995041284,[ 0.27055992  0.70491068 -0.65566627],[-0.71549063  0.60291102  0.35294682],[0.6441044  0.37362981 0.66748055]
46,7986.276776586211,32583.72404277278,136601.94179689145,5361.569953977175,5434.346857899658,2347.6449124371015,2613.1809017280575,955150.0913557587,954577.5526933431,51099.276454297105,[-0.66202479 -0.7193789   0.21027881],[-0.74736201  0.65472447 -0.11307471],[-0.05633113 -0.23201266 -0.97108029]
5,28013.17711008805,57632.17177893604,84648.65602994841,2917.1912228067836,1650.666638273905,1354.9909095206358,356.0667570156025,237492.00387144843,237443.64210580065,8048.279844863912,[ 0.0862255  -0.83658111  0.54101498],[-0.9606827   0.07403678  0.2675954 ],[-0.26392027 -0.54281729 -0.79730514]
92,60510.894951260045,54424.043317735945,67315.28884581523,3783.7865131440794,8972.825878836638,7615.021592321603,5354.8364870441565,1018099.2539523722,1016150.6315961232,107380.08008288508,[-0.79770247  0.16550526  0.57989549],[ 0.19383633 -0.84020598  0.50643992],[-0.57105013 -0.51639318 -0.63815345]
34,121614.42941824255,195752.8604969761,187142.8109416005,5712.61604059599,2230.7565856901742,3382.353775930858,4077.204964539225,1731453.351699518,1731258.3676187631,33221.58951124697,[ 0.29518568 -0.74970892  0.59228537],[-0.86309689  0.05664293  0.50185191],[-0.40979163 -0.65933915 -0.63035125]
13,173543.99775486795,19348.597665522517,65245.46209708841,2145.5090433450287,3122.994240052062,1288.4797330271372,2111.768997750944,672250.5956034441,672171.9079964882,12279.7342840641,[-0.36497077  0.24428567  0.89839905],[ 0.00781076 -0.96412583  0.26533068],[-0.93098621 -0.10385512 -0.34996969]
22,186145.37986046996,67419.59577467247,187480.14099474033,1504.9764458163863,4095.524745712227,3188.472536092722,3029.470865951431,1279119.7221653003,1279002.4943529,20973.65823537324,[-0.55697455 -0.43304711  0.70869567],[ 0.47306916 -0.86676999 -0.15784597],[-0.68263088 -0.24734588 -0.68763006]
36,188233.23229474365,162670.5746813512,9988.69756365077,3784.157786187017,3200.168340615996,3569.546934727536,3468.3712194194927,1494242.705425437,1494163.9183232377,30198.784165748195,[ 0.50619887 -0.54478743 -0.66855767],[ 0.41494942 -0.52572949  0.74258029],[0.75602889 0.65331092 0.04006445]
211,44133.722215751266,71138.67715747612,118313.80249485541,5934.4016024422035,7751.12280108938,8019.068442338661,6652.720691619465,2111503.446250278,2109387.3971984377,155556.05779965286,[-0.92286754 -0.06090067  0.38027177],[ 0.23619857 -0.8694058   0.43398592],[-0.30418045 -0.49033117 -0.81673104]
5,53318.982267167376,35814.28911592935,92560.0402717888,2011.3801901910497,4045.485886970326,2102.452186035387,1551.9980707909474,252160.3185076638,251952.8738476331,10612.47121551195,[-0.81805637 -0.1875142   0.5437115 ],[ 0.3267336  -0.92951319  0.17102744],[-0.47331694 -0.31755891 -0.82166137]
98,181029.84480952108,5033.114543194311,30740.60940641135,7400.738096691412,3450.795606023402,7328.635192921595,7951.958442842141,1821367.9793718546,1820464.641306901,74693.37279265202,[ 0.04834623 -0.99122475 -0.12302897],[-0.16327579 -0.12935901  0.97806301],[-0.98539518 -0.02719801 -0.16809703]
120,188034.87750011642,127812.29002383778,150884.48585364473,8331.187677180016,5925.885499524093,9922.326355935216,11826.087905673128,2992954.758493354,2992250.575999581,87102.25231808196,[-0.71441365  0.56697896  0.41005854],[-0.12176274 -0.67782265  0.72507261],[-0.68904788 -0.46807192 -0.55328266]
23,138483.65222059994,200244.24950839498,157364.4752166662,4895.417186372394,3206.3065409449114,4003.276144948607,3090.4150997432666,1390620.163954457,1390449.9382360678,30557.54177304926,[-0.62131495 -0.1712045   0.7646285 ],[ 0.62104356 -0.70261823  0.34732193],[-0.47777885 -0.69066392 -0.54287266]
18,43182.30449663621,198903.80983984948,73818.07206657874,3611.4549408601006,3120.3387297642766,2281.8150583622514,2364.197232330727,918812.9842698905,918663.3053161296,20088.090221819602,[-0.47679325 -0.21300296  0.85281765],[-0.85611185  0.33255556 -0.39557464],[-0.19935068 -0.91871461 -0.34091461]
55,173169.45330593854,5427.360096845927,116609.27616411707,4458.7318247622015,3226.9571498406303,6534.658121790901,5742.988733487371,1549941.4679454819,1549563.436690522,46865.59130006561,[-0.09376457 -0.97829172  0.18480669],[-0.55130052  0.20558642  0.80858021],[-0.82902108 -0.02606785 -0.55860945]
76,158479.93196831024,113682.47076752463,24673.425019779268,4728.562125954453,3844.7212295833606,6856.548061047491,4896.8740704647835,1715431.6140250566,1714657.9047961493,67722.56237003212,[-0.58047891  0.81398945 -0.02157358],[-0.11461558 -0.05544781  0.99186129],[-0.80616841 -0.57822722 -0.12548216]
9,5547.301830476612,202874.20726401568,68433.65238008891,2301.989780114907,916.5197103346566,5075.311437058761,2094.526385766476,642724.4801731177,642592.0956842855,15769.205233636903,[-0.97446764  0.09527018 -0.20331359],[-0.22302926 -0.30626836  0.92544997],[-0.02589927 -0.94716592 -0.31969665]
18,77931.17327804599,25247.59316183306,5339.37604811136,3897.756101282615,4767.224507544743,2614.612784602581,4789.544247655061,349317.3752011793,349018.5807923459,19657.628568163687,[-0.21340444  0.4794638   0.85121854],[-0.23302003  0.82116311 -0.52095375],[-0.94876773 -0.30952481 -0.06351519]
21,35699.25308424487,12630.398443246468,150820.9386244312,2751.356689748544,1987.4140563955812,3380.0765567241883,3463.042722279457,712879.7272799492,712834.6113526562,15218.191981794787,[-0.09298985 -0.99012585  0.10489849],[-0.96883254  0.11427491  0.21978341],[-0.2296005  -0.08119144 -0.96989255]
13,180420.73808724762,62564.36127603992,91756.6281366609,1711.9816180075102,1713.6811081324395,3894.774312093854,2327.2058925988936,764039.5521121596,763938.84142392,14272.6787383566,[ 0.19073425 -0.94414317  0.26872683],[-0.48836141  0.14620675  0.86030618],[-0.85154188 -0.29532567 -0.43319645]
2,37787.741298878675,143493.96843972313,183173.58146136062,705.5583772224782,878.2213212985662,1614.5798883505922,1902.2557099179976,333391.2694416627,333390.4975452529,717.4165122101638,[ 0.59215299  0.57051903 -0.56908951],[-0.78971839  0.55135588 -0.26898243],[0.16031125 0.60869921 0.77703641]
15,111603.0281426124,159273.39557067526,50799.22441890728,5322.914855689691,4148.870617788774,2058.252278196011,5703.832354808849,778932.6843766532,778854.2591627095,16054.707387953888,[-0.36978115 -0.03674011  0.9283922 ],[-0.74480193  0.60908544 -0.27255275],[-0.55545656 -0.79225317 -0.25259242]
21,7520.385678517809,133725.08095503505,180349.7438261946,4400.675832614947,3179.8539207901886,4486.017672454164,4808.2495701529,1029893.6369667301,1029744.8439303782,23605.88015401983,[ 0.05811351 -0.80309164  0.59301488],[-0.99775996 -0.02700803  0.06120152],[-0.03313426 -0.59524314 -0.80286221]
19,166605.22298228342,171344.83140378736,29632.6743624173,2916.489793092622,2273.3688960743593,3398.9168983046443,3367.728332551149,1049912.6827124953,1049841.864346758,16217.8867317043,[ 0.64593467 -0.68605579  0.33480719],[-0.32270237  0.15207702  0.93420328],[0.69183205 0.71147735 0.12316001]
11,178211.3615834696,49220.350949465035,162773.0259346686,1235.9461537878967,5022.770482942984,2121.188543515785,2019.7475844588234,817170.4882628587,817016.1193850398,17275.87177007046,[-0.64353712 -0.15135514  0.750301  ],[ 0.24998954 -0.96805945  0.01913468],[-0.72343984 -0.19988128 -0.66081939]
5,55351.91783333721,191700.05516021457,56511.84261728682,2007.8422149897572,1600.990527052214,2324.69477080888,1210.2658940833373,463769.6256464842,463733.09914994205,7257.97982585109,[-0.74547886  0.37721165 -0.54952037],[-0.61076006 -0.05646005  0.78980024],[-0.2668959  -0.92440447 -0.27247559]
40,169819.93099435343,12539.577856015552,94730.95091985876,5924.444987126572,3580.1770855345844,3651.1667291690524,6009.581984816869,1233245.6226207924,1233131.7949767804,31484.4775318547,[ 0.3190385   0.67827887 -0.66193067],[-0.37227119  0.73198017  0.57063051],[0.87156674 0.06436462 0.48603354]
54,198359.79093126548,24434.87635476063,86272.39965917068,5327.483007186778,8469.545713248755,4978.253407966756,4402.554620679449,1601525.6933792708,1600202.1190351448,75565.19896644188,[-0.29183295 -0.50275811  0.8136755 ],[ 0.29056307 -0.85710352 -0.42537826],[-0.9112665  -0.11228466 -0.39621399]
8,75233.2189308611,142531.25705400697,119885.31836255679,5270.634707857711,4899.304694018974,1717.5919904512527,2267.917017125679,568507.8010950919,568190.225155606,19936.171816221715,[-0.32892344 -0.50015568  0.80103287],[-0.86703294  0.49609804 -0.04626677],[-0.37425025 -0.70974011 -0.59682972]
4,132935.48426751158,173790.4765762238,183941.72323458697,1477.6877809616835,1298.1171878313469,1652.687695817279,471.8962259184851,571711.1562925826,571707.8775642194,5049.658421015633,[ 0.69921435 -0.69807812  0.15422784],[-0.54297902 -0.37821914  0.74974933],[0.46505168 0.60797798 0.64349803]
17,21688.308639283496,74662.69551050232,170504.7244683613,4435.716611694512,3300.0901869646063,3603.2519147411103,2695.6785849242174,773091.3868304403,772763.2971476215,24843.212168301106,[ 0.63208065 -0.73615118  0.24198242],[-0.76623194 -0.54716867  0.33689028],[-0.11559697 -0.39835649 -0.90991728]
16,92083.97717282551,18986.213512007816,10361.411216412533,2596.968714284515,2564.7344120136586,2748.5454169153213,2893.259700303297,378705.43982611294,378631.94635925087,14195.01768700874,[-0.22730084  0.9066177   0.35549779],[-0.02779679 -0.37094477  0.92823883],[-0.97342779 -0.20110777 -0.10951712]
8,175281.3131256409,25767.4435311305,82185.81313829366,2409.977143898801,1891.4697664543692,1972.1137369576713,2202.289433769388,552465.9585817201,552447.759778827,8207.285951461752,[ 0.02908801 -0.96980137  0.24215532],[ 0.44003181 -0.20509747 -0.87424655],[0.89751094 0.13198613 0.42077757]
72,27003.660901210904,98465.76965401226,32184.247432022104,7134.438172534547,5738.063067304101,7345.836211313835,6154.066378078158,912808.4455938342,910981.332046244,83973.62626542796,[ 0.4719115  -0.38904027  0.79116825],[ 0.84524971 -0.0555351  -0.53147792],[0.25070392 0.91954528 0.30262852]
7,180435.00058775727,45197.30627590984,99098.34751421105,2293.0716775161127,1033.7188580486074,1526.2049747491233,2081.208085522941,557671.2501397143,557651.0888733411,5493.848084013931,[-0.09552249 -0.82850984  0.55176707],[ 0.50785921 -0.51729576 -0.68882808],[0.85612761 0.21442142 0.47017973]
48,81340.98885144452,179178.7921520151,146831.689297622,5206.709697083289,4996.4294543084625,3608.3786750667614,3730.213789936484,1701709.0129544078,1701454.3073465147,49589.17943728539,[ 0.63657457 -0.64066801  0.42932192],[-0.69640497 -0.23834482  0.67691348],[-0.33135016 -0.72988783 -0.59788864]
12,169882.08998568263,168483.14097879222,75185.7013625213,3285.651216660962,2866.7813643822506,2533.7964674796135,2647.436304418548,868928.0048905426,868871.9240627983,14876.524367783584,[ 0.09463262 -0.4837006   0.87010252],[-0.72952747  0.56101485  0.39121863],[-0.67737312 -0.67178573 -0.29978257]
63,160941.09739599633,34590.80269471786,61553.001749189396,4580.067495553458,4898.76076923073,8334.915517684047,4369.8719575009745,1397214.5918475452,1395705.6363408277,77596.46576896861,[ 0.06015198 -0.9289811   0.36520658],[-0.39753579  0.31330718  0.86244067],[-0.91561293 -0.1970602  -0.35045719]
83,14657.580820149582,60059.924635311676,112482.57085348816,5039.947695200642,4151.906294026663,4969.926514444065,4821.141313570739,1171263.0634935282,1170633.6980509097,60687.99039051506,[-0.57446299 -0.68868322  0.44238863],[-0.81051394  0.55405594 -0.1899715 ],[-0.11427787 -0.46769375 -0.87647198]
9,123151.57379897252,128744.82335646839,5058.927350836061,2306.9282936516943,2701.796812134932,1692.0776145011023,2746.4031515449483,534807.9864453743,534786.2911635031,8435.011799452865,[-0.25883853  0.2837285  -0.92330967],[-0.67498766  0.6306285   0.38301352],[0.69093724 0.7223613  0.02828228]
17,5761.200706747925,198626.1138580731,93918.7109800438,3185.9463930765605,2696.820139401077,3234.955721737014,1964.7064915557135,906426.0600712738,906280.0738344087,20220.73408751208,[-0.79524253  0.27789381 -0.53885466],[-0.60572118 -0.32561752  0.72599937],[-0.02629021 -0.90374126 -0.42727107]
4,186614.49473004809,26841.198883004876,102407.74927213184,2785.9095689105134,1591.726110088544,1091.7174228016231,2283.973857647569,429155.77353284246,429131.9506261014,5011.839811509891,[-0.34419111  0.84694273  0.40524127],[-0.35346959 -0.51674566  0.77976482],[0.86982281 0.12514765 0.47722776]
129,179582.7047098367,136584.47557430927,19688.51657775007,6185.088181257112,6798.330787328097,6510.437217819544,6756.433623812656,2574591.764425549,2574344.441889829,102600.03748829536,[-0.54344673  0.76426367 -0.34722714],[-0.27569522  0.2281975   0.93376552],[-0.79287943 -0.60318068 -0.08669066]
349,148087.56431778363,14226.234364955737,14174.08418437976,13968.637582631623,8471.103470498876,10801.601726834699,13848.807492804797,2811998.6373373647,2807440.682720901,259323.78941447544,[ 0.03225816 -0.86065518  0.50816541],[-0.12952671  0.50054266  0.85596721],[-0.99105108 -0.09343292 -0.09533125]
197,129383.39923963483,171267.22239322597,158088.09216967542,8537.10369578796,10179.302021883981,7375.219445203755,6391.026289134597,3745937.3522096905,3744449.725309502,193349.00435902172,[-0.86838639  0.27629719  0.41178265],[ 0.10088769 -0.71458962  0.69223071],[-0.485517   -0.64266752 -0.59266491]
25,194125.4771831846,85808.92625039937,5265.663523347533,3930.6653069041604,3585.410457232449,2294.3386438750676,3344.6810231446666,1061892.2847698522,1061734.554604818,23727.02887916841,[-0.10949265  0.18778255  0.97608866],[-0.38974613  0.89524512 -0.21594939],[-0.91439013 -0.40407165 -0.02483524]
26,154411.72652880248,190121.11160498645,173061.9550899326,4186.156130719356,4459.302667908597,3375.763735548748,4678.11429392874,1529522.5750124003,1529462.070993971,26385.222115606495,[-0.14071064 -0.60148792  0.78639227],[ 0.8456401  -0.48608715 -0.22048155],[0.51487216 0.63398074 0.57703993]
11,60532.87348901802,195861.99369647316,95854.3892082388,3551.5103006379754,2155.034257379192,1404.2964964633463,2312.9527144070307,750694.7282100735,750626.7689051329,12353.897609287,[ 0.06797869 -0.45541623  0.88767954],[-0.96114618  0.20869723  0.18067507],[-0.26753862 -0.86547185 -0.42353461]
159,109620.4522639834,67575.89179765352,95541.58246311908,9092.172661350041,8882.926883804837,11189.38640852321,13726.475160559046,2032205.716746554,2030346.4871375177,123424.68289471572,[-0.71032995  0.57337111  0.40826085],[-0.16990708 -0.70254832  0.69105531],[-0.68305413 -0.42151087 -0.59646093]
73,138712.00477495225,40469.3707044222,7930.8470221576745,4526.872407427086,4854.32215761233,5052.681169365438,4327.306092285816,1238153.886530859,1237298.4655502015,60939.60652077678,[-0.24031034  0.69129047  0.68144584],[ 0.15289861 -0.66629728  0.72984242],[-0.95857861 -0.2795808  -0.05442077]
40,131725.3356340936,177437.44204474273,54680.24976574668,4824.886767960216,5262.706022885327,5989.625730623509,5871.895102161473,1440873.672307873,1440410.368758732,45741.62255091185,[-0.8137718   0.53257573  0.23267693],[ 0.05353168 -0.32996185  0.94247522],[-0.57871394 -0.77941534 -0.24000397]
12,170176.21121418293,16196.60920932657,38260.42891774994,2729.9037794059595,2694.178290557377,1791.5848131245898,2956.435858156743,606979.9987100811,606928.9722869492,10478.74615230932,[ 0.21796734  0.01572854 -0.97582931],[ 0.09367684 -0.99559071  0.00487719],[0.97144989 0.09247567 0.21847966]
8,157515.74817292532,51960.68214901889,23226.29286583695,1350.7144229638254,1038.394843016219,554.8839167670036,1462.3312352070998,473737.8008967186,473734.76079688064,2930.4129739721375,[ 0.2586082  -0.38869777 -0.8843279 ],[ 0.22047565 -0.86755549  0.44580036],[0.94048513 0.3102604  0.13865857]
21,48532.176791338024,119341.35022703855,67197.48164395208,3132.626048681855,2828.312127716967,3611.112123543169,4169.123842172158,666279.4717705882,666215.7544441285,16726.620099990658,[-0.51353622 -0.25308749  0.81989467],[-0.79035702  0.51154582 -0.33713003],[-0.3340903  -0.82113799 -0.46272678]
128,195712.5835817765,173442.10501167568,158867.53237610235,6208.805318218433,8925.53701137361,9603.88794299979,8928.649065328602,3464890.0992914042,3464042.6138353376,129171.1358792122,[-0.65506288  0.75535465 -0.01822035],[-0.40256577 -0.32850549  0.85441497],[-0.63940084 -0.56703042 -0.51927167]
2,14791.12362075482,25444.46958445105,152447.951834011,86.36374992314813,153.9919088970728,365.9337275140424,342.29014006914804,219575.68840143346,219575.47017729105,309.56967706107406,[ 0.96468607  0.22812888 -0.13167385],[ 0.24557122 -0.95974037  0.13635688],[0.09526577 0.1638769  0.98187005]
645,143729.33783426794,18236.567713939156,176122.5670384045,16500.48318737977,12434.986575141289,12315.849325975656,13763.769781109357,5815427.369828886,5811307.349014759,498582.2307931166,[ 0.1450295  -0.9892905  -0.01645483],[-0.76199966 -0.12228611  0.63592659],[-0.63112833 -0.07968954 -0.77157411]
16,156324.2649505831,87091.51350739902,195757.87450102545,1610.2398849152505,3666.037578868516,2917.349787677789,2402.1533583491737,1061037.9592534073,1060975.842005955,17360.95944957911,[ 0.74080541  0.14479118 -0.655929  ],[ 0.32227328 -0.93337837  0.15793909],[0.58936176 0.32839052 0.73811407]
41,142718.11990397147,64863.631558167224,188943.16332252818,3669.701076107111,3666.5626488521834,6300.382416144681,4787.950870808439,1572765.2557956537,1572469.6288354537,42220.84111783321,[ 0.21057668 -0.96242562  0.17144793],[-0.7861211  -0.06246094  0.61490832],[-0.58109473 -0.26426418 -0.7697359 ]
23,133112.37146795882,89026.45916719513,197517.8688217682,6527.774664271326,3114.715149914499,2876.7105605094484,5606.018178147435,1220007.4107742468,1219820.3146298665,25919.67670648312,[ 0.19990256 -0.93668148  0.2875183 ],[-0.8280914  -0.00465727  0.56057376],[-0.52374001 -0.35015156 -0.77658888]
77,41651.843645508925,104612.5270319772,7821.90464154495,4503.832639336991,4176.760999436395,4880.492755500962,4100.679389180132,992204.2802127162,991698.6978786588,58975.686077473096,[-0.67669979  0.31915319 -0.66348974],[-0.63717179  0.19767077  0.74494186],[-0.3689031  -0.92685895 -0.06959165]
74,107338.36237243086,117327.71579005031,145386.3703961928,4194.343923319384,6171.838575868569,6435.238470385044,3381.615325657545,1855101.845525683,1854043.0444481547,79497.27615727641,[-0.85151697  0.45394728  0.26239419],[-0.16345382 -0.70532249  0.68978478],[-0.49819844 -0.54447411 -0.67479349]
8,153021.79015959968,80304.16336606894,173389.191382395,3906.715124083628,1680.6326443472958,2649.673108577643,1907.3613445884903,692542.1284940422,692436.3253551864,13071.983407994063,[ 0.04916053 -0.92214038  0.38371913],[-0.77899004  0.20504687  0.59256248],[-0.6251062  -0.32804407 -0.70825796]
34,157126.0855120136,148991.38747980457,38692.11885880714,4859.5960124609355,6909.642475169878,6227.083274722708,3334.5968977130547,1283813.7894657662,1282991.8938130694,57994.357639442154,[-0.51943639  0.34475675  0.78187507],[ 0.46906525 -0.64978009  0.59813345],[-0.7142574  -0.6774427  -0.17580601]
140,56539.117365969636,168513.66997361335,81412.37811663568,6846.046901627516,6771.255038485471,6821.830753838792,5961.995650524407,2316594.4844206194,2315170.3628685977,119953.74668125181,[ 0.37974074 -0.50241267  0.7767744 ],[-0.87899642  0.06579186  0.47226764],[-0.28837868 -0.86212118 -0.41663509]
2,160085.50928524003,112478.72904684096,121775.43431553032,405.19404328426754,348.47514050110476,416.82280209982855,108.86877097835531,325909.65168963,325908.2785890915,946.0505013663579,[ 0.02885253 -0.75290496  0.6574965 ],[ 0.71876126 -0.44148895 -0.5370938 ],[0.69465803 0.48807953 0.52842085]
15,14431.215398786011,70582.89895278635,48326.839680970996,1327.4574992030487,1040.618686168828,6216.6812151256945,3168.123782693356,336876.88208639424,336253.83563438477,21511.859453912544,[-0.98589658  0.14745081  0.07915929],[-0.0181026  -0.56418391  0.82545068],[-0.16637377 -0.81237601 -0.55889622]
2,200903.37942469976,81129.47518751063,23203.958037303826,620.1137051970582,654.8792434772404,92.33127754088311,337.73817324466654,308166.8548366564,308164.5578178564,1189.8423601505306,[ 0.12374478 -0.022694   -0.99205454],[-0.36693548  0.92783083 -0.06699485],[0.92197917 0.37231027 0.10648699]
5,31696.267292772412,166885.54701500514,86298.82654483503,2383.715832876669,1051.233306734457,580.6309673895125,763.1308888657512,426084.29902931757,426051.665823727,5714.689595694624,[ 0.11443693 -0.47336613  0.87340065],[-0.97940487  0.09345381  0.17897623],[-0.1663439  -0.87589434 -0.45292253]
113,190897.72615218203,30325.11271592337,124367.56543622779,4854.022566607447,3760.060817108279,6058.53773323238,4852.036854957223,2444695.645412154,2444149.92762108,75690.71784644635,[-0.06160789 -0.94390012  0.32443341],[-0.55360008  0.30278418  0.77578907],[-0.8305007  -0.13181163 -0.54119708]
93,20894.058361360447,184059.3839405582,194573.19067828506,12171.43726100984,5113.316540073075,6764.257946654839,7953.284867251724,2594455.6425100523,2592204.528952774,120037.31705810412,[ 0.02004243 -0.72748027  0.68583581],[-0.99671102  0.03933531  0.07085102],[-0.07852028 -0.68500014 -0.72429923]
