N,MEAN_X,MEAN_Y,MEAN_Z,SIGMA_X,SIGMA_Y,SIGMA_Z,SIGMA_R,LAMBDA_1,LAMBDA_2,LAMBDA_3,EIGEN_1,EIGEN_2,EIGEN_3
732,18056.798487837485,147434.27941389222,26178.96888517435,11582.916553038072,11763.930846238292,10796.808088145059,12025.875684191553,4108756.8255088897,4100292.1532178707,422898.71186381526,[-0.5511502  -0.08201627  0.83036545],[ 0.82593974 -0.19502819  0.52894947],[0.11856221 0.97736244 0.17523032]
13,74480.95576627633,35580.10531358116,25980.4324881441,2486.426475437884,2830.047384751246,4235.597332696271,3372.134214978741,312580.4796489308,312348.8357100046,16245.078541225128,[ 0.19487362 -0.81157251  0.55079427],[-0.4712222   0.41503847  0.77826262],[-0.86021736 -0.41120935 -0.30155094]
6612,120802.65969732241,118730.39871057884,111238.29339281267,42354.79251667107,38686.954565899025,43431.402180377765,23693.014079176584,17154904.433849093,16947778.19852663,5474817.774333912,[ 0.26245533 -0.78707294  0.55824134],[-0.76159249  0.18628431  0.62070528],[-0.59253193 -0.58805982 -0.55053753]
2,40956.0443256803,129652.07417050407,54358.56525846962,940.7436374145145,247.6921653359168,102.56152585165546,444.3518312967499,207088.7171689803,207085.05007854578,1232.401176606703,[-0.20971992  0.43366315 -0.87632975],[-0.9368982   0.16726881  0.30699007],[0.27971292 0.8854137  0.37121862]
788,118079.98162540086,14456.273560445123,80727.92028756278,11262.763653219094,10647.056325999074,30780.833799941625,21852.531051500144,4140435.0667366073,4095402.790659166,728264.0367435279,[ 0.22644954 -0.9608562  -0.15961195],[-0.54100128 -0.26034387  0.79971163],[-0.80996187 -0.09474406 -0.57877918]
307,150737.62215947703,15217.692825280003,13382.511319601273,11577.083992813647,8546.502047105694,9727.4901962905,10868.189156756032,2678437.3705172953,2675695.264309145,234999.02962345156,[ 0.01917592 -0.77097352  0.63657844],[-0.12980899  0.62938664  0.76617367],[-0.99135358 -0.09732568 -0.08801023]
72,5086.946556296668,120985.54872981358,30422.087356464814,3153.3864697545605,6207.6360408996,9347.40032157308,6270.564688780758,1063700.290443264,1061192.1954309794,82309.0974075239,[-0.99823206  0.0286009   0.05210326],[ 0.0434868  -0.24613187  0.9682603 ],[-0.04051739 -0.96881427 -0.24445296]
15,134996.75713631252,50311.62483330128,119579.93963599701,3596.796890737264,2050.502960128802,5167.864980420112,5075.906151049206,725533.7806601287,725457.8175181178,16417.006594058137,[-0.61953185  0.66271711  0.42069742],[-0.31050255 -0.69912341  0.64406105],[-0.72094969 -0.26838871 -0.63890457]
258,45602.76337465427,73207.93162699943,115718.37055752467,9727.83199971991,6796.587409553503,9908.847008749084,6307.858212934179,2327791.6682493696,2324131.9339250675,226448.6563251412,[ 0.47193783 -0.81736256  0.33044383],[ 0.82347063  0.27479055 -0.49637312],[0.31491397 0.50636804 0.80275812]
441,162803.51357757044,193416.9256602266,13763.53860162751,13427.127924176386,8057.86975875837,9031.469458630978,10875.072211699164,5328067.926851529,5324273.928329912,303669.68643860135,[-0.37309512  0.2502636   0.89340258],[-0.66817511  0.59559595 -0.44587834],[-0.64369407 -0.7633044  -0.05499404]
116,78448.30153425755,127996.86504313952,132155.66554761748,5347.146784898123,5971.163546280652,10331.367564509192,9967.588249862587,2158322.3375191777,2157185.419864319,91832.53471537198,[-0.91880647  0.23787119  0.31497933],[ 0.04401796 -0.73127653  0.68065928],[-0.39224622 -0.6392589  -0.661431  ]
35,25503.22201550237,186839.60140979136,196987.2642476912,6455.545966272134,5022.590867190423,5682.909873599885,4329.18364999249,1614149.3568197184,1613723.90377377,52925.05794956584,[ 0.62832586 -0.60338289  0.4910557 ],[-0.77232677 -0.40805149  0.48683194],[-0.09337006 -0.68514456 -0.72239806]
5,4096.9808555642285,13408.570837287054,166655.77826392776,932.2193875707673,2268.5572129792386,2059.850516419585,2107.488569063869,374034.0871993652,374004.245105601,5398.5621629077405,[-0.97919995  0.20274943  0.00775364],[-0.20141307 -0.97593964  0.08351409],[-0.02449952 -0.08021531 -0.99647643]
10,70638.40080790338,100217.34911398642,4723.27005920646,2863.6497467422887,2461.656191840094,2414.1867507118777,2469.8866214789764,388227.29058032326,388140.79296797747,11843.42439798806,[-0.44870608  0.27596002  0.85000525],[-0.68351942  0.50676709 -0.5253459 ],[-0.57572915 -0.816721   -0.03876544]
58,186526.8948555064,79176.4827271358,163029.42026304992,6941.825713381967,4506.001406273086,4736.132665415014,6945.692198349795,1981789.203423023,1981616.3762584808,49707.98914515634,[ 0.13315009 -0.94279156  0.30563889],[-0.68391695  0.13579019  0.71681143],[-0.71730653 -0.30447512 -0.62671066]
136,66725.33986299956,13282.31920813995,154967.3857767251,6729.614050781718,7508.778459806543,7078.151938546449,5859.6827045322125,1977474.1611397376,1976316.2816512033,126907.28582294952,[-0.49276733 -0.82288127  0.28292539],[-0.77608046  0.562662    0.2847992 ],[-0.3935473  -0.07923312 -0.91588353]
763,95665.27845404082,43985.935297849726,77001.92762674455,13999.192385655895,16468.88236438312,14598.904487656175,17602.308785336638,3662343.2316308236,3648581.9847703055,528720.3156635494,[ 0.5936085  -0.74629482 -0.30111955],[-0.33499366 -0.56936691  0.75073336],[0.73171593 0.34476857 0.58798507]
85,138432.2790156975,41242.40631340844,9322.667269843125,5722.849971174355,4302.3231163858645,5387.658901432397,5459.286807164849,1336579.483789565,1335905.8930471665,65484.03226492382,[-0.2822047   0.84763597  0.44930366],[ 0.07415277 -0.44766584  0.89112101],[-0.95648412 -0.28479565 -0.06347885]
322,190724.55570819395,50581.08486874938,15989.931636351866,10751.370788592372,8349.678785662816,7650.611756625581,11328.957872973422,3561096.661837369,3560480.8794927197,192216.8355952406,[-0.2443937   0.71239729  0.65784635],[ 0.11083111 -0.65345068  0.74881151],[-0.96332143 -0.25591466 -0.08074344]
126,85114.86341235435,189184.19645648732,107720.47077732778,8264.049993569235,7939.531822842644,6381.473769884693,9705.872711450016,2627366.3427917054,2626696.816195095,98844.90338458943,[-0.74852719  0.54901505 -0.37187299],[-0.55375828 -0.20904714  0.80600934],[-0.36477228 -0.80924765 -0.4604991 ]
33,73188.95914823665,121380.79247334272,102196.75470070538,2908.7516608973156,6446.364615929673,2653.616486600298,4429.502678037554,1004654.3413811886,1004213.5227270823,35229.34470452282,[-0.55556954 -0.31347618  0.77011374],[-0.71857172  0.64700778 -0.25502082],[-0.41832663 -0.69506375 -0.58471293]
52,14325.506705280857,52572.70056605391,176289.36335292069,5707.062802403681,5576.465479517135,3990.866470908435,4403.858342969255,1331764.7900091547,1331336.026635461,55837.42134875293,[-0.53063159 -0.7994616   0.28158704],[-0.84407558  0.52868621 -0.08959518],[-0.07724328 -0.28522278 -0.95534363]
11,133060.49024872045,123827.74196867627,200843.33911025187,3383.379243574695,3302.440556776908,1788.3988401762358,1669.081815568685,898508.1258867751,898485.9933242953,15815.15805105441,[ 0.55313927  0.49380926 -0.67096152],[-0.6728448   0.73971218 -0.01028399],[0.49124008 0.45714145 0.74142085]
482,149818.95098018143,15476.807805524444,175022.54823319623,11536.46319235553,8264.612534998165,13801.552649508742,13632.870724646722,5084897.92869764,5081294.630702904,317357.77764493873,[-0.18496039 -0.95263256  0.24141429],[-0.73841643  0.2968158   0.60550934],[-0.64848348 -0.06626904 -0.7583387 ]
1650,24306.561953266995,41803.30465094134,34538.09591722837,13590.955446254973,18749.41995677754,25212.51998245259,18211.153911108286,2737587.6718244376,2554070.9846252743,1225833.7521200443,[-0.89933947  0.41821447  0.12761339],[-0.16197183 -0.58973125  0.79119035],[-0.40614487 -0.69087894 -0.59810755]
247,12743.834106368267,50089.25177139529,145556.58135228793,9063.928167580303,14019.377271532136,10245.630418636461,11390.305986128284,2443045.0458654617,2438407.4159377757,247211.57621173176,[-0.99410031  0.09301956  0.0557847 ],[-0.06938266 -0.94067679  0.33213434],[-0.08337036 -0.32630436 -0.94158104]
34,113249.83855733725,173550.26708349166,132060.3379085277,6430.680199530015,3056.599831860972,3673.867656134318,4455.197253729435,1433501.3306660035,1433223.1591615642,38742.191109371684,[-0.24748033 -0.47927846  0.84204848],[-0.85215071  0.5212498   0.04623637],[-0.4610777  -0.70610962 -0.53741655]
4,32765.476194022103,44032.89812784376,58730.71906221313,1741.578127060055,1259.738871630107,508.41690730044274,827.4326849339009,160818.11849565618,160791.58295241377,4097.204284335168,[ 0.48280288 -0.80838124  0.33678056],[-0.7750085  -0.21535176  0.59412579],[-0.40775386 -0.54785343 -0.73047478]
93,189472.9773358953,70801.58392350063,126277.69173080196,7664.988320106443,4203.461547079264,4332.483738780378,7479.599630753268,2301230.5675035003,2300904.224190798,60365.73328850639,[-0.4798503  -0.22706051  0.84745927],[ 0.37156303 -0.9276235  -0.03815173],[-0.79478589 -0.29657741 -0.52948771]
56,159534.32918943086,39171.629831754326,65827.84484220635,4590.673704487028,5285.64350562826,4446.383215954086,5119.819554846121,1325585.745676873,1325100.2466648803,48527.33828849935,[-0.43292993  0.46454415  0.77250916],[-0.0018036  -0.85742885  0.51459936],[-0.90142577 -0.22139217 -0.37204447]
343,101802.96186004358,172153.96758735128,189845.20193024795,9495.779192086397,14480.80379182979,11152.52705826333,12984.67375350016,5118637.057671232,5115356.215426896,297573.3107547788,[-0.70541745 -0.29435455  0.64478029],[ 0.60546568 -0.72320209  0.33224997],[-0.36850716 -0.62476726 -0.68838095]
504,189212.28187516867,155230.06974171553,44081.85111737316,12438.136757378119,26851.664597033545,13919.233750186579,14947.588571968923,5624553.939431112,5599308.051240057,652503.6288582999,[ 0.0275537  -0.30339146  0.95246754],[-0.65171621  0.71703076  0.24725063],[-0.75796225 -0.6275512  -0.17796829]
359,89961.55537445299,171834.72284849783,35959.37219939115,12292.479702931207,12427.1632762247,7276.547234255859,13625.355104519553,3753083.5404502633,3748382.1023972314,247306.46040967334,[ 0.03716185 -0.22410594  0.97385601],[-0.88909755  0.43747922  0.13460122],[-0.45620669 -0.87085502 -0.18299451]
2,125811.87243969235,9390.196613635084,70361.72219177417,162.559736693358,751.8689500016626,227.828976229197,301.420251157906,204294.97608920746,204292.27027960672,1051.4557974462302,[ 0.47264824  0.1603842  -0.86653364],[ 0.13445729 -0.98491118 -0.10895502],[0.87093334 0.06501437 0.48708136]
75,95683.33396269592,8026.863542506135,6131.238601103268,6412.518098027866,6842.1873549338825,3695.8855466424593,6485.279314799225,837239.5941664799,835699.5333923437,66887.4298134757,[-0.06455336 -0.00172112  0.99791277],[-0.08326516  0.99652068 -0.00366757],[-0.9944344  -0.08332812 -0.06447207]
3,1176.9841300715173,92621.91986034148,34632.77295275544,517.45678533958,848.4573659811498,2266.1970557133773,540.6955423914062,171338.3488284033,171289.71233116163,4189.2922225771235,[-0.98939447  0.06175369 -0.13147264],[-0.14476376 -0.34495515  0.92738848],[-0.0119175  -0.93658551 -0.35023642]
103,115917.2863219429,9089.233188006287,181754.49558987323,4042.603619073522,4898.365135299523,9307.354351532009,7996.509377618984,2192216.941370687,2191796.651255086,80729.07765575805,[ 0.16352822 -0.98502245 -0.0546745 ],[-0.82781883 -0.16715427  0.53551418],[-0.53663257 -0.0423111  -0.84275457]
78,42406.98996750492,163143.93939039687,177351.2100298952,5398.5353334791635,6093.574250706019,6969.032630924407,7588.405124205299,2162728.6736262827,2162271.599960499,66863.0993565251,[ 0.31706215 -0.73448597  0.60000162],[-0.93252448 -0.12614828  0.33835589],[-0.17282848 -0.66679605 -0.72492299]
315,110871.45343704839,97939.26775744889,55751.60504207266,6883.434187617884,11675.073639590159,15825.393058400527,14022.278965340145,2828198.099496378,2819073.8695536405,270367.0711022917,[ 0.44860081 -0.76790448  0.4572527 ],[ 0.55830269 -0.15873178 -0.81431095],[0.69789356 0.62058596 0.35751593]
123,88737.89285556634,86995.65130991729,103074.05895329097,6985.289877258187,6555.5543319300505,11774.323846847225,4955.345367268669,1796694.407048356,1793258.3541839009,158918.56330501844,[ 0.64951951 -0.75621871  0.07910543],[-0.52624246 -0.37200509  0.76464442],[0.54881079 0.5382801  0.63957896]
787,17134.67973359,110638.96015318796,85763.8493176277,10834.178682323545,14215.546339557708,17293.637279553335,15053.89300675016,4006304.3977085566,3989868.398516909,557607.508974634,[-0.97760384  0.20052464 -0.06387952],[-0.17231208 -0.58839788  0.78999777],[-0.12082744 -0.78331207 -0.60977285]
39,67411.923931632,22690.943024656226,101659.81642125525,4882.434034965278,5284.110145591906,3859.797822774093,5138.8008809291205,776043.34327327,775961.3722846375,39613.723617061245,[-0.79944053  0.4109828   0.43816434],[-0.25594704 -0.8928717   0.37050134],[-0.54349421 -0.18404692 -0.81898765]
67,27659.08671347032,155945.86039214645,57051.94682130083,13186.433455457973,4434.000252932809,3221.1289775391097,4397.50644672716,1382586.1006925728,1378757.175107617,110650.49327198343,[-0.03655794 -0.33747082  0.94062584],[-0.98559109  0.16772573  0.02186987],[-0.1651476  -0.92627292 -0.33873994]
148,70715.91533442272,126602.0125795705,15375.515544554528,6202.171431615125,5914.602254782872,10383.424296197474,7831.7444918275105,1780919.4075631457,1777258.9661884878,133548.54513305915,[-0.87277722  0.47400581  0.11652649],[ 0.05058241 -0.14961192  0.9874501 ],[-0.48549083 -0.86771814 -0.10660152]
42,154166.52505500597,61814.82658012353,9869.47852792623,2219.8307756100444,5781.467985991038,5572.922441755942,2570.961895531359,1079290.5416103725,1078852.352074282,51448.464126734565,[-0.30111751  0.63742559  0.70923682],[ 0.2258924  -0.67490626  0.70247717],[-0.92644529 -0.37173938 -0.05923649]
449,163141.3621713676,178864.76683887036,192569.54156867968,15223.656957242287,17014.371636439908,9233.81117837945,19249.81218115621,6572376.577874224,6570676.434924416,324047.76301220106,[-0.37481309 -0.49792998  0.78203637],[-0.76225798  0.64565377  0.04576015],[-0.52771008 -0.57896196 -0.62155058]
13,28935.71689862659,199712.49513501037,148288.5148661542,1731.3938223412813,2784.7587557003058,3250.1222227481185,2262.635200999816,903045.322311545,902973.2561238736,14508.608471071431,[-0.99324086  0.09942367  0.05989604],[-0.01110729 -0.5950732   0.80359474],[-0.11553887 -0.79749785 -0.59215535]
113,10280.584382090878,151966.05803355525,126144.91181023505,5423.174094324612,7785.993308273943,6642.947651130373,4405.279482311474,2105265.5756056495,2103406.4959624554,114675.72926805035,[-0.95236337 -0.15403701  0.26320452],[ 0.3005193  -0.6208614   0.72402988],[-0.05188613 -0.76863757 -0.63757675]
19,112427.0520519289,73734.97428552386,6823.074780380259,3145.918820130624,2289.085356616617,4978.782257503584,2380.162669489175,587391.7698217359,586953.8874857732,25620.68126264355,[-0.49647338  0.7109093   0.49811861],[ 0.23639531 -0.44141851  0.86560208],[-0.83524334 -0.54750129 -0.05109692]
127,41133.3013436241,14549.94198567191,64476.60805220572,7667.848597891555,5225.187432570047,7524.2285932927925,6604.5455871002505,886193.7391888842,881844.5883508803,112800.05520410689,[-0.00805042 -0.97371219  0.22763953],[-0.85006077  0.12655189  0.51125465],[-0.52662309 -0.18939162 -0.82873333]
3,82881.23435219434,36598.15225966556,122333.43530739543,1464.9071743710974,893.856220380904,1206.8088634423332,160.68235329470608,263694.623761876,263673.259765753,3622.748301699699,[ 0.42607202 -0.90450895 -0.01806066],[-0.72252624 -0.3522268   0.59488832],[-0.54444326 -0.24041596 -0.80360544]
155,33898.373671836176,15004.64470394408,121067.14044097456,10740.347711041179,11374.86007678336,7685.897457674998,9458.613662796484,1590195.038989534,1581370.6508019543,185719.71245889712,[ 0.71925046 -0.68511349 -0.11531818],[-0.64031686 -0.7181074   0.27260976],[0.26957946 0.12223452 0.9551888 ]
53,132051.23122752033,158137.975911189,73470.81203010531,3969.9334245649684,6680.278337606038,5451.139163754672,7957.879455413856,1593761.928788353,1593560.2264175776,37534.56700801281,[-0.78484527  0.6130719   0.09033687],[-0.14071228 -0.31827885  0.93749593],[-0.60350473 -0.72307774 -0.3360664 ]
39,84237.51011252729,12611.399508382949,131170.3877314068,2989.086410440529,4130.208786232875,3602.474680707706,3517.3945639043623,977330.4992190788,977117.559882323,32231.22607900463,[-0.77860525 -0.33292838  0.53191405],[ 0.32207956 -0.93950611 -0.11658916],[-0.53855234 -0.08054171 -0.83873381]
2,181955.60129138912,13505.449668024034,22918.36306754362,985.114721925027,672.8980881860734,357.66198169990275,880.7470142695674,260065.53229018196,260062.5506628067,1245.3225006959606,[ 0.06540653  0.54131628 -0.83827124],[-0.12900731  0.83760708  0.53082153],[0.98948426 0.07342392 0.12461873]
4,45335.01066314937,62110.20973682114,162878.49589034502,797.5819915229058,1597.1410704454975,1405.9201279680453,1054.3076629353025,360261.685893146,360243.43271955615,4032.6015440291003,[-0.96619411  0.14338367  0.21426633],[-0.05578318 -0.92766134  0.36923255],[-0.25170851 -0.34479786 -0.90429932]
2,142863.5847630588,38418.04851644307,56637.77987950106,1076.322933738178,2057.632103486845,845.455501493052,773.866954344252,224053.0987457138,224028.51401492767,3319.0308555265065,[-0.40083102  0.1609136   0.90190981],[ 0.16113536 -0.95672525  0.242306  ],[-0.90187022 -0.24245332 -0.35755628]
80,9871.143781529801,63631.210719215196,115431.54955349132,4712.648982795135,8673.524065314814,3991.694455857457,5392.497376088346,1185426.8873415384,1183832.6627225638,82298.53290353491,[-0.94605726 -0.24269018  0.21465586],[ 0.31539008 -0.84152248  0.43859891],[-0.07419408 -0.48264002 -0.87267053]
33,128911.24792762428,176560.12269620877,49515.49135370409,5829.9165506823465,6977.148844846665,3141.883066787965,8393.520304579652,1288739.3257151623,1288639.2424666735,27017.655653999405,[-0.79805229  0.48118337  0.36273284],[ 0.17957668 -0.38469573  0.90540676],[-0.57520845 -0.7877003  -0.220598  ]
122,147328.8012043183,135740.26167050313,199208.82231209733,10283.919947091512,8353.530407233031,3511.569559522766,5027.177032304788,3123990.1917288937,3121169.151624158,140621.05721295794,[-0.47903808 -0.51895343  0.70796176],[-0.70591622  0.70712579  0.04068667],[-0.52173251 -0.48027123 -0.70507783]
4,128541.388137583,38657.70417648355,153786.20811590593,2965.9354386887358,1942.4943321308892,1352.6828684613636,3034.6114673497245,408316.7697050186,408303.53863976174,4568.29105016604,[ 0.55086815 -0.79267489 -0.26117197],[-0.54764667 -0.57945616  0.60358403],[0.62978362 0.18946526 0.75330971]
25,73631.65943351749,56419.255509931856,92973.06569941355,2155.094169696059,5997.602469678777,4053.359627256749,2306.0107542309383,657631.4834647465,656897.6820052855,35996.76787516734,[-0.82262245  0.38738769  0.41620076],[-0.0952991  -0.81557299  0.57075282],[-0.56054472 -0.42985053 -0.70782635]
226,192097.76836219305,49656.98011899826,151145.23028419996,11817.579473749824,15680.75854402086,11581.195205414559,12230.808354418179,3763403.2246162696,3756264.679707242,286525.9561409172,[ 0.52430332  0.34485906 -0.7785745 ],[ 0.36347212 -0.91747904 -0.16161757],[0.77006107 0.1982535  0.60638396]
9,199474.18263493147,202739.48481147172,33336.97597375017,2238.432670555142,1506.231874367906,3986.26595737657,1873.6479814497382,859193.303376054,859133.3125203167,13293.30049283722,[-0.69488743  0.70611149 -0.13615441],[-0.17862068  0.01392145  0.98381952],[-0.69658173 -0.70796381 -0.11645228]
29,4945.780048355764,177693.68776147044,189574.34451036525,2603.5528788649412,6040.371089872136,3708.0550593592784,5797.371003963403,1400035.3567788878,1399904.7207322654,25982.496712704142,[-0.95726814  0.22310149 -0.18402018],[-0.28856512 -0.69464779  0.65893445],[-0.01918004 -0.68387877 -0.72934351]
2,147159.67114419042,140633.42302768864,18189.928318946113,1235.5664312860317,2504.838447868038,258.67905205791067,856.9461477492441,289041.41478655796,289016.7350988328,3777.074876947519,[-0.01682593 -0.11091955  0.99368694],[-0.6937198   0.71700041  0.06828799],[-0.72004842 -0.6881913  -0.08901129]
21,193776.50776561047,84821.21744563433,187835.6048679602,3738.380869154565,5759.444626843881,2572.0924239819433,3511.2455227616642,1296743.724875005,1296510.7416268818,29555.680589005995,[-0.72602623  0.20581067  0.65614623],[ 0.06011118 -0.93151622  0.35869789],[-0.68503471 -0.2998658  -0.66393369]
83,176980.5709090301,6636.431228088878,32819.25527171282,7322.4699465117055,5552.716770070809,6621.923386385586,6922.675662612677,1643753.6134804997,1642677.737473557,81021.07844744706,[-0.0732954  -0.82462874  0.56090572],[-0.17045339  0.56450121  0.80764103],[-0.98263596 -0.03641191 -0.18193611]
69,18884.149400288417,140499.6362005058,164113.90187113563,8744.809281949405,7830.3567634407555,4235.953015780427,5984.89455658743,1804090.5536362273,1802426.2784773353,90363.82716337497,[-0.47097126 -0.64261993  0.60433906],[ 0.87791788 -0.40845777  0.24984483],[0.08629171 0.64822981 0.7565394 ]
336,145292.69586766945,197836.50700775685,90695.10243160116,17750.128861052723,4957.441256408962,19549.09084358273,14249.191105499009,4816395.483416402,4809484.761170357,413942.3917842558,[ 0.76646376 -0.30443069 -0.56555748],[ 0.32011167 -0.58232192  0.74728154],[0.55683195 0.75380577 0.34887683]
41,51055.06549839467,114178.4504447589,29513.381060378502,3986.564109616106,7128.4976261874035,4451.044493710704,5234.249974246364,824903.438644149,823606.1872191218,49807.551916812,[ 0.66123875 -0.10349063 -0.7430027 ],[ 0.63694849 -0.44578272  0.62894705],[0.39630789 0.8891386  0.22885061]
262,163572.10835167827,150207.1846731378,143263.4789351537,6744.2682719485065,7319.273983069487,10721.890120320451,9546.179850402174,4282804.060752007,4281985.69946924,178268.92054850538,[ 0.47062895 -0.82098025  0.32326433],[-0.6291631  -0.05539294  0.77529698],[-0.61859694 -0.56826319 -0.5426    ]
60,41336.57436459515,49519.24379607037,99087.2913964137,5397.1807768354565,4281.8889998926325,5716.148556652843,3723.9305631515044,918217.3014653928,916543.5022269692,62775.143939527676,[ 0.59489702 -0.79022951  0.14708796],[ 0.72407308  0.44738401 -0.52494354],[0.34902107 0.41878978 0.83833133]
37,50867.450443140966,165016.79600019558,20184.071264725342,4049.694468711174,4437.599845013224,3865.400010539906,5287.062928471013,1058248.4954567766,1058169.3203325402,29097.317106030066,[-0.93179828  0.25604172  0.25728314],[ 0.21439943 -0.18371292  0.95931353],[-0.29289052 -0.94904805 -0.11628818]
65,42435.755807047506,105968.70758613592,6926.002667895776,4107.653224640421,4043.2927873598046,5187.504254398441,3560.8037836950184,923485.2051307183,923074.697762134,55516.859483639,[-0.77439687  0.34471523 -0.53054774],[-0.5127099   0.14943933  0.84545635],[-0.37072638 -0.92673583 -0.06101356]
24,25224.08762240203,194009.26821458965,90868.45755865732,4190.406744901734,1897.5227430866462,2818.7335097823816,1584.4506595438509,1057027.0273836234,1056897.6388102514,25274.760234329675,[ 0.18540535 -0.43646588  0.88041035],[-0.97568923  0.02477733  0.21775354],[-0.11685621 -0.89937957 -0.42126121]
5,198952.68720200728,197135.5886408238,190864.7089805039,2718.998370701255,386.96112092356867,1111.8589207398788,1070.731642951842,757900.23936287,757876.2079572838,6177.51388835523,[-0.24649465  0.79096532 -0.56001272],[-0.77113403  0.18993195  0.60768261],[0.58702018 0.58163538 0.56312307]
19,171483.70065663333,36482.21129580038,198749.6563729825,4616.003640713403,3016.114366978259,3025.784020479159,3408.4671874329715,1155525.6403410675,1155341.53660968,23089.304849281907,[-0.37943356 -0.7950154   0.47326598],[-0.66128116  0.59078427  0.46225662],[-0.64709923 -0.1375662  -0.74989208]
57,195329.47568628666,198719.77821361748,69244.31718841584,4252.294526778957,4456.095864003799,6092.256452610165,3304.784605620233,2168448.0859469166,2168097.377077118,60554.587830987155,[-0.56511611  0.70481429 -0.42881301],[-0.46675657  0.15544587  0.87061753],[-0.68028089 -0.69215128 -0.24113174]
6,74600.47268710718,155659.13729768049,159915.33024138297,2314.34921411376,1290.4025811729277,1279.1199051832486,1591.3474695162565,576416.5509085674,576390.4515143924,6068.11132615766,[ 0.27006324  0.62394624 -0.73331912],[-0.90914466  0.41603896  0.01917226],[0.31705178 0.66151544 0.67961422]
123,196978.31666795228,178578.97885382795,157936.2134332607,4498.536014265967,8822.45120130174,9992.226709462704,7176.045696457489,3432027.2948303595,3431915.542784439,134097.1181496632,[-0.37946405  0.81146176 -0.44445117],[-0.67138974  0.08901455  0.73573924],[0.63658688 0.57758654 0.51102928]
28,31366.79999066123,175812.4867867404,103763.16344209547,4740.056068899043,6571.505311772826,2946.75749630465,5859.355229512007,1093722.9940876327,1093531.8237388094,33469.850649766006,[ 0.37674584 -0.51941219  0.76698992],[-0.91382221 -0.07286668  0.39952399],[-0.15162963 -0.85141143 -0.50210262]
31,189590.4852094618,159685.04332335913,125166.23587092373,2986.913838911843,5043.875697800526,3286.991389384007,3510.5919859153832,1546502.548961858,1546273.029185322,31904.947806357046,[-0.71141543  0.38264664  0.58946556],[ 0.16657089 -0.72306108  0.67040048],[-0.6827461  -0.57512105 -0.45065902]
25,138728.03337272335,91389.0623053458,78261.48347043662,2967.929612438656,4362.939118395444,6249.08626608164,2352.969358749535,918991.9771547404,918355.7580001904,39186.492612720416,[-0.61816906  0.75700887  0.21167094],[-0.21714615 -0.42326873  0.87959714],[-0.75545652 -0.49777621 -0.4260332 ]
5,190277.32456183233,50294.87527607506,155535.00652618305,3352.2399466633206,4096.923515436689,1421.820449549076,3738.8940817820576,561037.2921064309,560997.7362302741,8992.511287651794,[-0.65155658  0.22030164  0.72590716],[ 0.00909995 -0.95456504  0.29786368],[-0.75854546 -0.20068076 -0.6199484 ]
25,121874.8614774316,200256.42294024423,126562.20502377741,4132.907706071023,3674.213773556188,2951.9411238680577,2706.045810979451,1332329.4706843244,1332206.060365345,28202.078152859136,[-0.19893456 -0.43418672  0.87858234],[-0.86670024  0.4964093   0.04907645],[-0.45744479 -0.75170453 -0.4750627 ]
2,177005.0616711547,67642.02659578974,108741.3765235621,870.8423648393509,809.782794207822,658.4455491616973,1283.9900704776082,308974.9836235072,308974.33949013916,630.9055228516148,[ 0.44649358  0.22419527 -0.86624475],[ 0.37979781 -0.92405114 -0.04339491],[0.81018338 0.30962231 0.49773177]
158,128861.82963167192,170153.39873311593,157247.41450179822,9066.426257637058,6877.430951552544,8569.727703708455,7454.114499987308,3336225.7916471018,3334733.8267180715,152037.13125507857,[ 0.43383947 -0.76638571  0.47374704],[-0.75862545 -0.02704743  0.65096534],[-0.48607689 -0.64181101 -0.59313395]
52,102666.5918328794,72908.04162103812,180150.22451290494,8370.063326691807,7068.337572627619,4964.555365277458,4752.735877805877,1587184.4899890418,1585502.100938799,79534.42217769819,[-0.45802274 -0.70218358  0.54511778],[-0.75634353  0.63003529  0.17606819],[-0.46707563 -0.33165307 -0.81966249]
2,60982.02440079003,75586.20376716966,69885.56203057943,418.73082989735485,1747.995176374272,2226.864953334116,2191.2611975310792,169258.7547540483,169238.7495726233,2602.2497931542803,[ 0.20962982 -0.74959768  0.62782056],[-0.83458399  0.19736246  0.51431277],[-0.50943587 -0.63178428 -0.58422917]
18,124858.33672089205,176114.12979357026,24381.231601193806,2632.33015178805,3853.1646874112525,2410.5371276980027,3884.78428048288,921991.9274888171,921903.9607288915,15018.990417405925,[ 0.41756148 -0.40843803  0.81167776],[-0.70387067  0.41952414  0.5732064 ],[-0.57463771 -0.81066508 -0.11231043]
15,66451.1060750519,20651.460090537952,136670.4020269349,3128.5375733060278,3355.16087442509,2140.97907442673,3101.175465266998,594243.5311018033,594166.0537242072,15527.988369039824,[-0.87066109  0.31773668  0.3754899 ],[-0.23250564 -0.93855073  0.25507578],[-0.43346325 -0.13478104 -0.89103518]
71,14444.533831164747,118481.78461838733,150982.60933986932,5822.790444253332,6706.077953019542,3580.88936482001,4425.032087018715,1623511.6370407988,1622378.190316148,71627.96517791045,[-0.70184545 -0.52626677  0.48005859],[-0.70840979  0.5862681  -0.39299528],[-0.07462268 -0.61590016 -0.78428213]
9,101967.1648636906,21722.372770456273,173237.37090622255,2470.1640325268377,5074.742949194259,2895.25047197778,2316.005622970726,606826.2120857284,606646.3682597686,17683.81886425213,[-0.80332463  0.42244506  0.41977341],[-0.31681976 -0.89998701  0.29941379],[-0.5042765  -0.10753396 -0.85682067]
2,53294.639508150474,20700.64821074224,98045.28939576575,283.4461909020574,91.72470791544582,1638.5329680089126,1565.2583811882578,160527.17997149582,160525.165417688,804.2246109865823,[-0.38614794  0.92231215  0.01516805],[-0.79400819 -0.3407101   0.50345568],[0.4695112  0.18236482 0.8638879 ]
81,90224.75379238528,88352.3885856313,13331.046244219586,4976.056644585436,8246.557910951511,6427.89682799288,5474.696261825664,1146037.851992982,1145433.0284830318,91922.18181946798,[-0.22229562  0.08122376  0.97159012],[-0.66853416  0.7126645  -0.21253562],[-0.70968073 -0.69678692 -0.10412134]
2,81402.58073894447,178958.84364786433,201010.83826111717,12.677238174364902,2261.3618974538986,2838.820615572782,586.4642928652465,397671.1651352387,397638.904085569,5065.327002866209,[-0.95581782  0.2319918   0.18053282],[-0.05095478 -0.7355993   0.6754978 ],[-0.28950977 -0.63645382 -0.71492001]
6,9940.900039896325,27549.46992684923,115284.49191500143,880.9958670864925,2969.7236653192203,852.2937534535944,991.9233154536537,291457.9028674591,291375.51754347084,7494.450741775439,[-0.99022222 -0.0897045   0.10683187],[ 0.11169423 -0.96864103  0.22194358],[-0.0835724  -0.23170596 -0.96918935]
5,15938.762019592428,130618.73525504171,178605.84052783204,929.4544918908302,1695.7268088634037,1457.6546738137718,1053.0532266067257,496085.6754693292,496071.8713655865,4877.130925616172,[ 0.99718549 -0.05978747 -0.04523882],[-0.02149859 -0.80607633  0.59142097],[0.0718255  0.58878384 0.80509297]
133,191263.5900214078,32096.833213163078,122907.82694655306,5328.5405429010325,7065.43523757317,5298.518598225036,4745.454618117927,2649823.5447673085,2649281.2925800164,105409.79564067,[-0.53615311 -0.03460025  0.84341133],[ 0.13630589 -0.98959585  0.04605175],[-0.83304295 -0.13965272 -0.53529111]
3,35718.89427439379,119480.99253135161,22121.01356722257,1854.6761159653538,1954.5683755851805,983.0556002790504,2376.0191678064766,219423.57396228678,219408.63006727304,2797.311548523666,[-0.49398132 -0.01322635  0.86937191],[-0.8224132   0.33159836 -0.46225432],[-0.28216836 -0.94332793 -0.17468092]
3,71301.59121949632,66117.57090539986,67566.05979400151,505.0288178772783,531.9774848115575,3737.819096390164,1747.2352289059954,205195.94888108806,205112.1423615054,5867.100378443646,[-0.69406665  0.71934558  0.02852061],[-0.39478683 -0.41344427  0.82049204],[-0.602009   -0.5582166  -0.57094604]
88,12968.844868310749,49970.608481499956,55673.85534893426,4597.6784350997705,3615.480620492689,5914.788677826271,3520.080337024392,715379.7895967301,714181.6094904233,70462.34521361999,[ 0.87905364 -0.43811321  0.1879402 ],[-0.44527354 -0.61374696  0.65195563],[0.17028265 0.65678877 0.73459672]
17,100977.42462076852,61767.41010854774,30373.468224561395,5616.83475482293,1709.33714400721,3123.7747098554596,4353.6230736070065,504551.50455560134,504252.0547054173,20597.222487111154,[ 0.31397274 -0.77978068  0.54163015],[-0.46665664  0.37006694  0.80329449],[-0.82683294 -0.50496787 -0.2476989 ]
50,89376.5107773815,171863.86922556936,4224.532552105324,5534.885947818959,9152.296568220368,2263.323305982689,7057.379855904383,1372185.6578722354,1371082.3988397976,59257.73007522283,[ 0.0291891  -0.03977133  0.99878238],[-0.88724785  0.45916926  0.04421357],[-0.46036859 -0.88745808 -0.02188429]
11,118869.97700055903,160907.40966819783,5857.212170442764,3523.7183397143854,1527.715926037725,3649.7050157294284,2923.500652364878,664009.9136661513,663864.0953984531,14678.519380273292,[-0.67643707  0.51876629 -0.52279483],[-0.43535651  0.29090251  0.8519627 ],[-0.59405185 -0.80390128 -0.02907104]
12,17160.273342005985,199841.34653762283,8426.478035356557,1396.1175981000033,1730.8477322365425,4609.681186506989,1774.0915045602712,695644.5959418521,695471.774597786,16593.05242329539,[-0.98062544  0.0915094  -0.17320442],[-0.17626839 -0.02647295  0.9839861 ],[-0.08545874 -0.99545227 -0.04209026]
11,175321.42402288454,132016.33388886947,189673.11357466347,2390.5903768040926,1548.0557016529676,1707.8952507019162,1718.7385394852117,962107.208744019,962092.9799271474,9440.912191997973,[ 0.40512867  0.53114034 -0.74415099],[-0.68596173  0.71468872  0.13666212],[0.60442308 0.45509336 0.65388284]
2,44005.3536799087,3112.2396886249317,196077.60646507348,1591.8376503248219,218.4672159935851,1090.6620703825902,712.1106061702885,284240.58881245914,284229.10522648494,2555.0089247028272,[ 0.12732148 -0.99177849 -0.01283254],[ 0.96739934  0.12702661 -0.21909532],[0.2189241  0.01548135 0.97561907]
9,12570.08255475064,2491.195986321257,19982.752390730213,3183.7613628663335,785.2724980263978,4291.981184956001,4477.976173851761,72979.65084225737,72604.15793474302,8435.765153431055,[ 0.10282075 -0.99324079  0.05385752],[-0.84285772 -0.05824451  0.53497518],[-0.52822227 -0.10040077 -0.84314941]
174,191386.20204877568,182214.88287495254,111919.46029536286,7238.805558860311,4779.49938108757,7590.336035640299,6060.3752424960785,3788017.0779201854,3786914.7716944297,129000.80085180381,[ 0.37981738 -0.74004434  0.55504336],[-0.64105241  0.22201269  0.73468509],[-0.66692621 -0.63485805 -0.39008293]
42,146840.76394968943,45059.201578015396,88730.56047029413,2714.4876020606725,5177.420383966978,6344.547341283064,3450.672267641116,1150727.8808822471,1150031.4682274133,51183.99588962378,[-0.52506766  0.66500498  0.53110481],[-0.19808885 -0.70240598  0.68365682],[-0.82768639 -0.25376015 -0.50054074]
69,197256.9082872147,131636.8028748241,158016.517160199,4231.794073606443,4011.14334799362,5757.505419331059,4955.623791568398,2367981.0960035454,2367632.0706736064,54040.12561721715,[-0.70155589  0.61088896  0.36692507],[-0.16931528 -0.64304822  0.74687437],[-0.69220782 -0.46184809 -0.5545671 ]
93,53939.555627737136,168351.69621594137,85162.22153478567,7117.897904088219,8656.188384563993,5641.023460027658,8025.873913648553,1895843.038077041,1894294.5972971772,92302.81213244333,[ 0.10302064 -0.47494481  0.87396463],[-0.95628339  0.19447343  0.21840824],[-0.27369476 -0.85825842 -0.43414706]
2,134427.61290991894,66657.16420974502,33984.00979665679,1016.6708041664824,263.14210743222793,6.951507935023983,772.7864521921874,217577.46430464435,217575.1401214002,1005.6711151614792,[ 0.07750371  0.32434698 -0.94275777],[-0.48009444  0.84088855  0.24983148],[0.8737863  0.4332499  0.22088917]
6,83113.49957308339,41095.15220397694,2823.8888774988736,2696.4657726923692,2402.6859869323066,1021.4320252583225,1751.0387731980884,227391.32021498022,227268.82130896745,8172.667608192543,[ 0.02498142 -0.11879447  0.99260456],[-0.44298295  0.88879431  0.1175193 ],[-0.89618192 -0.4426427  -0.03042058]
30,26708.997118987038,59053.97877299662,202140.61008741203,3205.174081573992,5437.506148127588,1790.851583830425,1992.615678575295,1163108.094893941,1162877.152609832,34252.65371162612,[-0.99024793 -0.02269922  0.13745468],[ 0.05986979 -0.96022264  0.2727418 ],[-0.12579607 -0.27831139 -0.95221748]
7,175857.90462989055,156983.79914400104,24532.69566171789,1505.1008435717347,3236.706239873693,1754.2183590661164,1365.3667062868615,627133.2440163124,627082.6327545951,9873.997697924373,[-0.29712109  0.1865147   0.93644612],[-0.60101057  0.72555194 -0.33520243],[-0.74196048 -0.66240973 -0.10347948]
97,27959.883530412488,97964.23375540285,28096.89181853587,6152.975318768139,6402.42877752425,7604.370808186864,6711.476505683228,1045371.8348385884,1044741.7383062951,94100.53975926852,[-0.6354723  -0.04270299  0.77094189],[-0.72591104  0.37328485 -0.57767775],[-0.26311236 -0.92673344 -0.26821076]
5,162502.7754791497,88256.45530105461,87485.21700950518,1478.2936389774857,1331.9793820920038,711.8138186837847,1282.9451598394958,457460.5609369466,457450.1109587207,3750.270810058372,[ 0.35665921  0.23863723 -0.9032422 ],[-0.49171833  0.87002226  0.03569788],[0.79435967 0.43140877 0.42764376]
150,66916.03874178501,81797.54852014847,28619.13675315662,6356.880780357275,3795.102534110342,13824.244648291275,7111.075198263915,1353260.5092279976,1345031.4746663794,172186.29819975048,[-0.76477848  0.6427727  -0.04423954],[-0.20377869 -0.17617633  0.96303486],[-0.61121856 -0.74552341 -0.26571924]
22,71056.66752694156,121663.81742284783,160544.7647959717,1332.1378306614595,2605.4167104369217,5265.580231949852,4949.804144735716,1002240.6092303533,1002189.6924715372,16111.043877894728,[-0.94023977  0.26215799  0.21730705],[-0.07333264 -0.7790952   0.62260179],[-0.33252292 -0.56945927 -0.75176104]
82,55536.509351731926,12847.835106093022,189377.00779484378,6532.690001731618,7858.758862369512,5721.228901430434,5937.895448312289,1793654.577478877,1792068.1367485684,91248.4355759731,[-0.80283998 -0.53091172  0.27125763],[ 0.52577721 -0.84499299 -0.09769942],[-0.28108057 -0.06418408 -0.95753544]
11,50571.17965774795,114806.42910316748,84422.24287250452,2839.1427610190394,2443.7614213274323,1399.119703779284,2530.5753187457726,501674.5579295125,501598.15496799315,10265.201275940195,[-0.27140603 -0.4896815   0.82858361],[-0.90247834  0.42865502 -0.04228135],[-0.33447213 -0.75925417 -0.55826651]
2,125796.22174790321,173308.55786163732,82105.77773618558,810.9857830068067,15.539967758522835,1221.1803562891655,893.7194227818982,324357.9923254103,324353.8288573517,1643.4387566145099,[ 0.78928001 -0.32654473 -0.52000539],[ 0.27602966 -0.56778717  0.77551619],[0.54849311 0.75563633 0.35800704]
2,153242.1564814383,131980.34379126178,114163.30409007738,1782.03167151878,1289.4468931456722,302.3476606215263,591.6816466790333,328451.3948680418,328437.4516334341,3026.409638160905,[ 0.37648702  0.3161215  -0.87081842],[-0.65026289  0.75969041 -0.00535251],[0.65986036 0.56827606 0.49157566]
74,17433.297777522544,187773.68272687725,146625.48683718135,5341.031050575077,7090.743436910796,3671.6351044416097,6368.038272415517,2056424.514587233,2055755.0504544198,61727.62378972596,[-0.57922023 -0.46763482  0.66769873],[-0.81193347  0.40388813 -0.42147173],[-0.07258073 -0.7862519  -0.61362854]
19,118845.57571055152,107413.86865811466,25970.590429441392,2034.3741940804848,3301.6613141764255,3010.417947777304,3035.3936512294326,707650.485279507,707565.3309949638,16860.614483133853,[-0.61593712  0.54337923  0.57040379],[ 0.29059601 -0.51627869  0.80561174],[-0.73224001 -0.66196324 -0.16009137]
26,8025.003971795038,114067.41047916374,168653.52004039896,4442.323459518995,4736.711591205237,2250.3323475234106,2991.2206721149446,1039523.064792724,1039175.0396339532,31496.652332898466,[-0.67459313 -0.59616693  0.43532644],[-0.7371475   0.57536314 -0.35435974],[-0.03921323 -0.55994844 -0.82759898]
20,69218.09385085988,39706.83233538812,178633.32337399301,2927.597844823688,2385.3097055933395,3166.999574713979,2841.5698834892537,875172.3399775921,875115.8787734132,17967.792689202422,[-0.58769664  0.80763907  0.04828869],[-0.72762869 -0.5536874   0.40495279],[0.35379253 0.20285316 0.91306158]
49,42909.35447596743,88955.11720610507,179413.23164958126,5513.717410365788,4714.235234526695,4969.633719501234,5538.3950441270745,1434662.4949117803,1434386.3874971003,47994.45863009295,[ 0.45482357 -0.83638807  0.30592567],[-0.86555481 -0.33428023  0.37292306],[-0.20964349 -0.43440963 -0.87597824]
47,132737.7993478287,78919.23675887726,159311.71992825062,4582.077711550394,3747.4143221237955,4638.876745303363,2811.5213854440785,1521676.9604601406,1521492.317911736,47847.27525408375,[ 0.42280376 -0.90132565  0.09406943],[-0.68066556 -0.24732375  0.68958346],[-0.59827366 -0.3555883  -0.71807074]
6,22324.223969237162,35760.228169803624,122865.21540779463,1778.9216624615244,1842.3653274756705,1863.8879267650643,1796.0377822955852,318256.0727454542,318227.6062262733,6400.845523636642,[-0.92486561 -0.28548285  0.25124322],[ 0.33916845 -0.91802977  0.20539255],[-0.1720127  -0.27517428 -0.94588094]
