N,MEAN_X,MEAN_Y,MEAN_Z,SIGMA_X,SIGMA_Y,SIGMA_Z,SIGMA_R,LAMBDA_1,LAMBDA_2,LAMBDA_3,EIGEN_1,EIGEN_2,EIGEN_3
12,44046.72560287394,117319.53823315458,42503.75386360502,1963.6577317569286,1812.315270826223,2854.6074463731647,1750.5792727637638,458544.0096315456,458488.0155775204,12101.423577593923,[-0.91643915  0.22385142  0.33170743],[ 0.22215996 -0.404842    0.88698811],[-0.33284265 -0.88656274 -0.32128223]
7,175799.84154393736,63407.16974873983,136941.62363002644,3206.314909352724,2817.793042988063,1077.2431859686067,2988.9856957832276,613073.026887097,613063.5088111433,8531.964421883615,[ 0.41551398  0.49527041 -0.76292552],[-0.50154541  0.82448161  0.26207304],[0.75881509 0.27374678 0.59098424]
4178,105103.5201112788,127021.63702603993,136327.67807943557,37329.270504740874,37276.16830368039,24081.496079644334,23633.164317735253,14161671.187292704,14086438.802256297,3397716.018528053,[ 0.63246168  0.24953668 -0.73329644],[ 0.59489496 -0.76277506  0.25352355],[0.49607681 0.59657829 0.63087411]
148,87036.31095017944,28511.868815561265,184900.2395582468,5351.985781899421,15162.883410597502,8130.471729342394,8841.458942254023,2519119.1258824924,2513266.419445091,190337.90962297693,[-0.85098655 -0.2806196   0.44393077],[ 0.31378519 -0.9494931   0.00130787],[-0.42114218 -0.14041188 -0.89606013]
33,125112.03489555138,56073.11104890791,175958.64481618995,3060.922678964055,3761.1078353744865,6225.471586551065,5357.6315575933195,1282091.5341236594,1281921.1138540409,33181.76786765982,[ 0.37755186 -0.92560308  0.02671206],[-0.73698931 -0.28290145  0.61385139],[-0.56062585 -0.25144724 -0.78896954]
860,16858.717591614204,145889.04871776782,26205.570103649785,11965.686938917062,12289.718570520761,10963.901933803192,12717.628112062845,4407070.041945591,4399019.395571046,465849.593261275,[-0.49704356 -0.09940761  0.86201266],[ 0.86043383 -0.1849793   0.47480131],[0.11225563 0.97770179 0.17747644]
279,55421.80749901445,191936.54886279727,163293.2896097056,11731.137786946154,7697.888802933431,9872.399260477394,9063.736176316248,4318305.588497508,4313632.921784833,241682.28977749022,[-0.60998959 -0.40386056  0.68176927],[-0.76255824  0.5331032  -0.3664777 ],[-0.2154475  -0.74343636 -0.63315461]
3,135520.77098512574,95907.02769974805,142808.93698455265,767.1404923532604,1084.9688080122337,159.92468154276594,107.93400346246885,379316.00831395807,379309.04601954774,2310.790036143024,[ 0.50207421  0.41794156 -0.75713033],[-0.60412638  0.79594559  0.03875484],[0.6188318  0.4379446  0.65211328]
1182,105692.57337989977,23119.95760125413,84055.43046763752,20806.58219764729,16635.274309031185,20923.238821284558,21711.06436017003,4818077.671979271,4806441.964227745,877985.5455959967,[-0.61445472  0.42912466  0.66204035],[-0.16161237 -0.88980609  0.42676289],[-0.77222201 -0.15523256 -0.61609741]
582,162958.8445843113,182973.24027296557,189603.68830267727,13550.929400345138,15507.568354328278,12506.370450883192,13897.925960312152,7493109.35528328,7485704.993996436,468021.2637479236,[-0.74011737 -0.03624211  0.6715004 ],[ 0.41866966 -0.80625369  0.41793624],[-0.52625279 -0.59045871 -0.61189583]
2,80980.04392456125,43897.96128124741,98180.44730029703,610.4417964095774,1133.756141343274,2774.1026055098337,2020.314114289984,190439.24195501785,190411.56894795652,3246.426832599351,[-0.75414514  0.53291782  0.38374953],[-0.26367104 -0.78090028  0.56627938],[-0.60145049 -0.3258732  -0.72942715]
175,194082.6956121069,182055.08397962642,108351.75877266363,6205.614475103841,5054.352037264451,8238.212601010237,5608.975513966311,3803274.1289476855,3802241.8514400767,132377.442860031,[ 0.45700398 -0.76119326  0.46014365],[-0.57872848  0.13837956  0.80369425],[-0.67544112 -0.6335897  -0.37728422]
2,160575.34863238625,171770.8022576812,126259.22584132859,98.46477930167748,657.1151270133123,110.76157654062263,416.074140513374,377442.70285817207,377441.9593149813,749.1924655300872,[ 0.45223845  0.21372106 -0.86591206],[-0.65840687  0.73491631 -0.16247586],[0.60164838 0.64360028 0.47307283]
104,123918.90126457377,11199.492466260357,38066.58386552834,6890.213036633852,5377.116418621072,7014.7607999470565,7852.318652869271,1330942.2081953273,1330198.1611308602,82523.42758998221,[-0.25039587  0.76897356  0.58820198],[-0.17571936 -0.63356312  0.75347228],[-0.95206335 -0.08530787 -0.29376513]
200,133013.04346213263,199173.15042878527,77928.03970816397,15195.132941834318,4397.789617619066,11977.768796735896,10102.355093983839,3571760.744518374,3566029.3809724203,239826.28248821927,[-0.58134562  0.07107017  0.81054691],[ 0.61778793 -0.60972966  0.49655596],[0.52950481 0.78941673 0.31055737]
11,143595.572077647,98988.58603897839,67706.8448462343,1214.9439411170904,1878.7518319685385,1298.8113619737674,1723.5178842858816,620558.8139203925,620541.1513212029,6393.334028878706,[ 0.43382555 -0.01306853 -0.90090211],[-0.47194988  0.84845038 -0.2395731 ],[0.7675016  0.52911357 0.36191176]
3,134552.69020655553,12263.926152938811,185601.74974455868,467.2068054020268,1288.9152919719713,819.5308931155544,329.880776859623,397638.0778310862,397629.19471648237,2707.1887059829737,[ 0.69723554 -0.54153795 -0.46967994],[-0.41273276 -0.83897772  0.35463793],[0.5861009  0.05341387 0.80847553]
133,114406.62739650649,160187.10096900104,68620.16293118804,17002.24314386359,5426.396977236521,6670.148234007775,10786.425565304438,2413307.3569346485,2408283.8498906554,179932.55572409157,[-0.17981989 -0.27626025  0.94411074],[-0.81482161  0.57953328  0.01438483],[-0.55111755 -0.76669515 -0.32931443]
19,198213.11130205131,2846.699574448244,64781.961835135226,1891.0060202929692,1543.6555174145922,2337.650064842788,1947.6453789482694,909144.0495946704,909115.0909552926,12008.343902293482,[ 0.0241596  -0.99925515 -0.03009076],[ 0.31000392  0.03610417 -0.9500495 ],[0.95042826 0.01362456 0.31064528]
520,93932.98403832014,180368.027909672,25386.36440656347,11146.481007812185,12118.800245333285,14229.413498958784,13173.590866713954,4695325.192432103,4687253.190270493,395760.37750990834,[-0.86112     0.47440581 -0.18278805],[-0.21892439 -0.02152084  0.97550447],[-0.45885123 -0.88004317 -0.12239103]
1752,24138.472757383734,41718.411920314444,34466.96930369107,14028.028707660165,17876.982223306557,24719.404694643676,18650.56273927226,2796978.2323688697,2637944.872160423,1213017.0254114112,[-0.89854645  0.4219423   0.1207434 ],[-0.17148283 -0.59078813  0.78839269],[-0.40398999 -0.68770203 -0.60320643]
423,143893.25491933836,18632.983129554497,13300.027391196347,13552.716344060198,12409.663102077515,10327.198171456484,13229.379749863701,3020680.2556324853,3016055.4991519675,338863.7338059455,[-0.08897377 -0.03058937  0.99556414],[-0.12740329  0.99166739  0.01908358],[-0.98785225 -0.1251402  -0.09212957]
35,63894.37396499275,144845.64743031855,23850.285476231795,4944.7773897026245,3493.654362679533,3049.8763834582433,3279.410445314569,947881.8549604192,947475.3062917887,35196.82941048916,[-0.41139817  0.03163678  0.9109065 ],[-0.81938     0.42488965 -0.38481839],[-0.39920916 -0.90469216 -0.14887628]
1286,179953.34634495206,167310.99557076732,32055.715101468908,17264.963928148936,28212.19116007965,19225.11474164658,15108.198154495327,8972711.53554344,8922908.735953666,1251794.258217286,[-0.34337825  0.19026461  0.91972319],[ 0.59835157 -0.71049133  0.37037477],[0.72392457 0.67749646 0.13012214]
10,8291.534838815107,167077.42219614162,142731.865372935,1756.1542672923936,2067.5589333123003,3018.123915038097,2395.7011783518205,695482.5019142576,695446.5930815422,10367.43494454075,[-0.99440003 -0.03560558  0.09950291],[ 0.09870995 -0.64923231  0.75415764],[-0.03774828 -0.75975631 -0.64911125]
280,110643.87860144806,97144.11074028061,53193.45939528253,6872.048775084315,11406.9971740046,15808.136352423166,13665.94185685216,2640685.836290255,2631305.2780591,258991.89396696512,[ 0.44493961 -0.76327998  0.46843613],[ 0.5543037  -0.17611649 -0.81346812],[0.70340326 0.62160007 0.34472772]
5,17995.877042634238,195884.7017749218,16599.031405732105,2130.6186625276864,817.3443238578922,1207.0177651617655,747.0984347206397,441448.92728098173,441430.5221420817,5526.459526994061,[-0.1517272  -0.06960611  0.98596848],[-0.98421004  0.10263429 -0.14421096],[-0.09115621 -0.9922808  -0.08407945]
12,54990.819215759875,38966.89065431685,90074.80383987525,2436.1945249571245,2263.675014320759,1880.139573485295,1508.217632549339,389878.3456323806,389792.90558052476,12154.186583688805,[-0.64520528  0.76127253  0.06460865],[-0.58711086 -0.54815176  0.59567649],[-0.48888749 -0.34640118 -0.80062178]
3,174572.49550586691,113403.3113516966,192205.43130132498,944.253344413575,179.2488603986947,1212.995832201732,1367.2226090705637,490757.7244200947,490756.9855545965,1256.1362698696894,[ 0.75825252 -0.06833414 -0.64836993],[ 0.21314452 -0.91386113  0.34558248],[0.61613515 0.40023529 0.67837245]
32,74484.85808522245,59633.655355717245,199041.99372073312,6509.588136099339,2961.499553773317,2526.985681469229,3158.397774613245,1249298.7215071537,1248838.6530778029,39206.628423939386,[ 0.24167722 -0.95068005  0.19442112],[-0.90972205 -0.15226564  0.38629131],[-0.33763578 -0.27022699 -0.90165373]
111,53690.1683563782,173263.4905595499,84383.70261280774,6549.078978581244,6985.1040478507375,6419.543150123706,5867.5663584770555,2110572.966251936,2109305.0165054663,105018.87376695835,[-0.76028021  0.45906658 -0.45959968],[-0.59156881 -0.1969978   0.78181725],[-0.26836605 -0.86628502 -0.421343  ]
97,141288.38342876508,46121.32143963933,182731.99336533912,5820.0802441511,4436.357743842718,11129.479267321087,6625.92583797424,2323173.4551708056,2321077.5109305107,114513.55877358592,[ 0.3206338  -0.94716192 -0.00884694],[-0.73363644 -0.25423732  0.6301912 ],[-0.59914233 -0.19557016 -0.77638958]
30,26608.087942955393,164439.19028814966,168217.5606001996,5704.423494898218,7341.274284179893,2735.1964746768426,5467.802712167559,1297656.4898290848,1297119.166404594,43904.28589723238,[-0.76354039  0.51799302 -0.38560252],[-0.63583927 -0.49879352  0.58899358],[-0.11275853 -0.69490161 -0.71020931]
1417,175091.65178344797,100881.87917641367,61856.643361241615,13761.644822062763,23310.757744975606,21981.018039697723,18952.7822115144,8031833.4228101475,8017160.84029007,1108408.3689108952,[ 0.058511   -0.59480069  0.80174098],[-0.56114466  0.64463287  0.51919662],[-0.8256471  -0.48027139 -0.29605112]
452,150359.76662635797,15900.80405056358,174632.90843446171,12675.893650877535,8278.846495653252,14305.090513137822,14441.92975895941,4927986.039861435,4923289.372184016,321872.26425782783,[-0.21843218 -0.93719293  0.27194999],[-0.72724905  0.34215751  0.59501013],[-0.65068902 -0.06780601 -0.75631088]
253,163699.60544084825,151003.20605638708,142659.61488018368,7245.186469331452,7139.96352056556,11729.68799279277,9795.650601520161,4212828.8295799885,4211087.851619956,190111.95148562625,[-0.56672857  0.80011928 -0.19653971],[-0.5441844  -0.18440658  0.81844826],[-0.61861301 -0.57079186 -0.53992091]
11,143819.56448704645,95870.50696487677,198459.0239075006,3170.68730641104,3772.704850314296,3482.0838640653737,1965.178543705616,873071.4294079986,872890.1672684598,18884.020958031895,[-0.68997715  0.70618222  0.15886536],[-0.47463363 -0.60710954  0.63729187],[-0.54649286 -0.36431398 -0.75406954]
82,141643.68656691298,138481.8301374317,4114.389095340673,12241.57395813529,8814.586809909106,3995.1162150284736,5334.4829381351265,1799442.1901877385,1795174.7520590364,132108.81536069186,[ 0.08303505 -0.11403203  0.99000095],[-0.69359586  0.70671298  0.13957631],[-0.71556269 -0.69825028 -0.0204102 ]
6,72795.66616151582,54769.92085146023,123169.93093398515,1484.6859913780925,1651.5708573105028,2351.057176675021,2549.4988773969403,375332.7300483098,375319.1631048559,4878.77889300406,[-0.61644102  0.78727311  0.01419548],[-0.62789043 -0.502362    0.59446281],[0.47513586 0.35753805 0.8039978 ]
129,40031.01239058325,81153.83760898843,187617.6181606226,5716.991386120759,8660.587188734447,6772.312331216814,6501.885079439011,2369081.0317672733,2367948.9533494757,119162.14796030932,[-0.96307886  0.25132727  0.09650754],[-0.18874353 -0.88594051  0.42365705],[-0.19197651 -0.38979998 -0.90066697]
9,22162.557895284986,26084.145122348957,152587.58186970037,3359.333570123764,2082.6767853609713,2286.220201349536,2421.0970350093253,469302.07842866675,469230.90994372213,11609.223531617263,[-0.41056717 -0.88702018  0.21125767],[-0.90071644  0.43059096  0.05745715],[-0.14193129 -0.16669324 -0.97574017]
30,73546.86546091136,119481.73350838422,102856.19151255793,3839.372416435441,5925.636047285912,3874.046875231663,4413.469984434292,953751.4585493497,953278.9231336014,37074.41959699001,[-0.3729443  -0.46290579  0.80413356],[-0.82625666  0.55999893 -0.06083687],[-0.4221522  -0.68710947 -0.5913274 ]
58,53796.088757804675,13456.204490095903,190148.44433990752,5380.677275167843,7894.640344486246,4662.98686478265,4374.789952297419,1510298.0754255597,1509145.6114991652,73796.2277260632,[-0.85378914 -0.44348303  0.27270297],[ 0.4441579  -0.89374078 -0.0628584 ],[-0.2716024  -0.06745536 -0.96004266]
8,154456.6793138706,131246.32871687954,90894.95620396818,4154.835387789042,1160.275826211542,1248.9282702047126,2429.998521466705,628415.2760563241,628341.3712436425,10666.95363035751,[ 0.05127301 -0.60867509  0.79176114],[-0.71675448  0.52964432  0.45358561],[-0.69543806 -0.59075505 -0.40911414]
830,105014.63281115584,128115.76166900525,52795.61957321918,24111.33367154759,12685.668394341466,11971.683420091236,13241.293629286814,5075746.478127803,5028337.885997185,776545.1285652558,[ 0.11290172 -0.45712579  0.88220701],[-0.78645661  0.50151395  0.36051319],[-0.607239   -0.7345201  -0.30288781]
127,116260.49108727378,9186.854035520435,182268.9053244061,4559.453579716732,5102.032341567636,7762.524162118547,6658.486782411463,2440752.0022544707,2440283.562494485,89151.73685268444,[ 0.3725647  -0.90803113 -0.19150722],[-0.75690912 -0.41673097  0.50341223],[-0.53692096 -0.04260007 -0.8425563 ]
14,117732.96808379886,52054.98891307772,112013.5602617908,2702.1670238430415,2607.449520358752,3654.657663533343,3529.4923394153266,638712.9043966371,638671.9662460807,14541.632311733287,[ 0.40266393  0.59203823 -0.69810636],[-0.60160469  0.7459789   0.28563487],[0.68987938 0.3049692  0.65655177]
101,61495.0126651428,58576.51932844965,66534.81425221122,4934.704876515272,8546.447953084997,4246.377551932684,6300.98063159606,1088851.3456153802,1086930.9955213508,86743.0917345832,[ 0.63304783  0.18785727 -0.75097276],[ 0.52473567 -0.81735458  0.23787384],[0.5691247  0.54464771 0.61599996]
4,70117.02349044604,76949.99800417485,74315.41636256457,907.0941242057023,506.3963394295215,1933.8776681978259,991.9797529161008,255850.4103619121,255827.4985989876,3905.621343838248,[ 0.51484691 -0.79020288  0.33243354],[-0.6591609  -0.11695501  0.74285155],[-0.54812367 -0.60158202 -0.58108477]
15,169869.0619999426,15180.358462140946,38555.596537844845,2328.365440797386,3676.710106321157,1974.3980497570524,2207.1512939152312,677411.0185783642,677277.7424838188,16388.084830824566,[-0.23651047  0.2989922   0.92448173],[ 0.01428729 -0.95030305  0.31099836],[-0.97152389 -0.08676271 -0.22048483]
66,137285.0886213294,198093.63873762373,126438.66963112199,11102.963226804906,4619.222667682561,5360.003201817372,6495.234619006461,2213331.7829605774,2212080.550490002,92985.20539865615,[-0.01501058 -0.53062591  0.8474732 ],[-0.86307756  0.43481779  0.25696423],[-0.5048483  -0.72757792 -0.46449819]
17,121568.22731866161,201845.60598231485,173935.81482606448,5409.326921936022,1924.9530267368343,2246.0986084416704,2484.791223408116,1207778.0326936347,1207619.4264234826,23260.135292789404,[ 2.97259924e-04 -6.52900506e-01  7.57443623e-01],[ 0.90974396 -0.31429107 -0.27126933],[0.41516965 0.6891604  0.59387887]
57,197191.99916633335,131208.3587008731,158135.86210425795,3822.480062189294,3022.854117689763,6195.306949475462,5362.250456318959,2150884.8012225735,2150606.4489149884,43566.41818703552,[-0.66870762  0.69874609  0.25413386],[-0.27102754 -0.54735396  0.7918003 ],[-0.69236854 -0.46060562 -0.5553992 ]
100,139990.00030628906,151643.90076798815,21302.95754464218,5923.2820686606365,7413.0884064485645,4979.827625318306,7216.160144158698,2076883.055415486,2076687.7385523252,79184.23172831375,[-0.39795247  0.24360676  0.88447135],[-0.62172012  0.6373327  -0.45527038],[-0.67460946 -0.73106961 -0.1021729 ]
3,13903.068156617965,9926.297392461078,195457.70879330265,1338.7386128403095,764.6515647418279,1811.140696125541,1676.459880869283,339857.64554125204,339846.2054150133,2921.636415762681,[-0.4807049   0.87682154 -0.01033333],[-0.8740195  -0.47815071  0.08638183],[0.07080056 0.0505557  0.99620851]
171,112467.26850528801,54140.23909037166,141910.19526944307,5886.129877928882,6105.541650222965,7367.13767059779,7334.965405608304,2474864.3428487335,2474186.982574046,111136.20699180767,[-0.729781   -0.19926466  0.65399792],[ 0.33674359 -0.93726693  0.09019126],[-0.5949987  -0.28604947 -0.75110069]
17,92509.85764240436,82092.75548353574,181355.22075808494,3500.4296725502527,3161.9128535585514,3106.0837180580456,3299.6385835173096,905338.2034748909,905234.6367475806,18865.034799852456,[ 0.25987246 -0.92256519  0.28520129],[-0.8688547  -0.09451311  0.48596171],[-0.4213761  -0.37408655 -0.82613645]
95,178077.9707838698,127339.42723221981,177395.9586909585,8143.61606957789,5117.631001833184,4345.279823595346,7638.259963531285,2747955.8531670314,2747762.11653541,70892.97563694831,[-0.21393965 -0.67894984  0.70232253],[-0.74465723  0.57868072  0.33258719],[-0.63223053 -0.45183596 -0.62938766]
387,190314.28244532456,47806.56480521051,17515.938776574512,9874.83548871352,10963.837811611862,9549.430733985919,10190.699375478394,3886957.7961297906,3884817.9355094936,281388.4747854956,[-0.20636887  0.51759853  0.83036357],[ 0.15609109 -0.82034859  0.55014886],[-0.96594382 -0.24314595 -0.08850189]
238,62150.313362535075,120510.08248557457,11898.13229677403,14303.26714889052,11554.900831322086,8864.80393431415,16457.4648337405,2120389.289307113,2118219.489197301,185053.32714614866,[-0.65941452  0.27473414  0.69978114],[ 0.59308599 -0.3818944   0.70880581],[-0.46197566 -0.88242723 -0.08888574]
51,12541.716511747203,121149.73550165031,151116.8100608299,4914.0017866016115,5888.153879656745,2870.937408742296,3978.63554811072,1387178.1421595602,1386509.9600777705,50922.28647966652,[-0.70771921 -0.52136308  0.47677464],[ 0.70355385 -0.58159544  0.40836102],[-0.0643856  -0.62444157 -0.77841327]
564,93032.82031414674,174651.93977295764,189961.97942860133,16739.474819280334,16900.70509088151,11879.166127713952,12622.450889343094,6536748.276049277,6529606.262246357,554796.6300044521,[-0.3957564  -0.57092307  0.71932171],[-0.85364568  0.51751182 -0.05891147],[-0.33862357 -0.63736046 -0.69217463]
198,11286.679647099956,54099.82895342219,129058.4792620581,6288.996148737268,12106.722109012073,12733.707950905882,11255.529263095234,1990838.0142616369,1984143.6390446157,207174.15867912277,[-0.996525    0.05317963  0.06410811],[-0.0243118  -0.92184827  0.38678768],[-0.07966718 -0.38388501 -0.91993774]
10,188308.7358650279,21304.044631626002,199929.37107384027,1533.392081902542,3833.8138988742107,2003.182714545451,1125.5821139275424,871232.0735347477,871145.1833824194,14067.74730087746,[-0.63271893 -0.43292669  0.64206015],[ 0.36387201 -0.89810434 -0.24699342],[-0.68356705 -0.07735031 -0.72577753]
176,180035.18053119275,63979.462766996345,149787.4623371375,11448.103140488038,12202.840794271553,9061.365254713763,8917.160702339876,3230145.087921845,3223563.336827606,223495.84343828287,[-0.32420828 -0.6642236   0.6735696 ],[ 0.58742304 -0.6994744  -0.40702548],[0.74150062 0.26370927 0.61695564]
839,20156.72481437832,113531.78564707957,83012.55665607375,13549.2158503323,16357.788777352778,19311.919097232287,15862.916239822596,4181403.990770669,4157204.2465014197,699923.550720544,[-0.95014686  0.27492626 -0.14709352],[-0.27838041 -0.53547932  0.79734951],[-0.14044677 -0.79854709 -0.58531808]
70,158287.74426500226,113483.781543949,23681.621360430923,4625.88755938532,4592.877090117588,6612.655432915016,4603.757231294901,1642964.2804206372,1642379.5588405812,67411.69171890212,[-0.58564094  0.80988458  0.03334138],[-0.07828851 -0.09745685  0.99215577],[-0.80678101 -0.57843679 -0.12047938]
54,105692.78245029034,63419.09882821372,90272.62645600874,4697.777088524955,3327.6529676269765,9167.786942416526,6217.047880485779,1125352.8151230614,1123835.739855783,64629.39866605642,[-0.55864277  0.82610331  0.07397009],[-0.45819138 -0.38172233  0.80271335],[-0.69136019 -0.41453755 -0.59175983]
6,89504.5420581862,31866.43992822648,43287.360963864034,1135.0813364243058,1478.7256610518957,3970.5032139563664,1954.5349887468135,255948.55733098855,255799.81830551178,9571.421968430353,[ 0.17736204 -0.93117566  0.31851939],[-0.48379562  0.19934727  0.85217514],[-0.85702071 -0.3052418  -0.41514207]
10,20378.653063994363,8438.188896583772,57753.31067684458,1426.7660387692633,4638.461294647154,2868.1907427585998,3216.7114269419467,196265.5696144744,195808.34299508552,14601.971930269568,[-0.94395877  0.02620249  0.32902168],[ 0.02108709 -0.99001986  0.13934136],[-0.32938909 -0.13847061 -0.93398539]
204,148913.4274775021,79925.47635124817,120189.51719643785,10396.628060455274,9687.421514390542,6924.050448987712,5936.7344617955705,2967954.3325318373,2965956.262993648,209513.03626195932,[-0.21606898 -0.66766353  0.71241814],[-0.66113131  0.63697458  0.39644517],[-0.71848422 -0.38534243 -0.57904372]
11,52205.14308794189,26746.821954110008,123843.61586998087,3467.7084308108606,2253.1569292885806,2514.684317648794,2239.918766834921,454720.30805929255,454595.96009716875,14266.969601549648,[ 0.09314874 -0.98056815  0.17265406],[-0.91991022 -0.01841843  0.39169625],[-0.38090485 -0.19531224 -0.90375031]
24,170532.46808685487,88485.75293614203,126848.69241130624,3498.8614423169965,3006.265909532489,2075.4258128154584,3099.842196927855,1128078.5900360753,1127990.3560114312,19581.67449291378,[-0.36690244 -0.45555683  0.81107988],[-0.56271323  0.80296996  0.19645118],[-0.74076746 -0.38432696 -0.55095949]
10,35673.765400523815,87961.88391482315,59664.45158440324,2541.268509420546,2599.7676483326222,1837.2079846858878,2735.5536601756303,354719.49512247107,354696.19166507846,9575.054175066609,[-0.79339016  0.52771156 -0.30340164],[-0.5187849  -0.32546415  0.7905285 ],[-0.31842467 -0.78459773 -0.53198885]
279,45053.29711892272,73246.01595878252,115022.91206976157,9129.069912082898,7223.251592244535,9143.823510673972,6320.028156363861,2407507.9898062665,2405212.5822914727,223397.71767209005,[ 0.46997545 -0.81647348  0.33540146],[-0.82535618 -0.27179088  0.49489079],[-0.31290615 -0.50941218 -0.80161647]
2,36893.756923098554,9165.430094801948,97426.22001932058,168.29354766783217,299.9695581309488,38.595151351612,121.61429485178087,147899.5777547464,147898.86778672208,458.26568493375447,[ 0.85194592 -0.44181033 -0.28105477],[-0.38695452 -0.89281704  0.23052968],[0.35278088 0.0876434  0.93159234]
10,65630.5122264211,159726.78579319385,187382.048591906,1316.7528489428428,2300.815110105383,3464.801312447761,3605.68853698889,805912.9203496709,805894.07464365,7784.689054143361,[ 0.89407    -0.44323198  0.06468579],[-0.36649271 -0.64082968  0.67455201],[0.25753045 0.62680358 0.73538788]
5,9928.013121405646,3806.2516397599657,17525.518153015997,2395.059894964396,1320.9599059541606,1473.3519150597886,1677.5463526459296,46238.47136073614,46112.77755184947,5839.817396537307,[-0.24759564 -0.90960758  0.33363222],[-0.83667607  0.37437447  0.39977107],[-0.48853818 -0.18016052 -0.85374038]
2,4323.449062318253,58936.81168612619,196255.24487382258,1184.5891174687029,985.3866151134207,1283.1945050970244,970.3010223007004,289870.2535628684,289859.6306701321,2481.614066734541,[-0.7479697  -0.63096837  0.20596175],[ 0.66339673 -0.72056135  0.20173279],[-0.02112106 -0.28752437 -0.95754041]
95,44697.84739394529,166431.90400272506,176568.68312765803,5821.430498099645,7321.263367845773,6588.75848559014,7428.184076167699,2407055.0501476396,2406200.3020122205,84928.62117435776,[ 0.69350648 -0.60342862  0.39360216],[-0.6973568  -0.4250264   0.57710142],[-0.1809482  -0.67470472 -0.71556362]
19,103540.44360725067,149306.50694872052,32769.39219036232,2094.844254492175,2417.555452000808,3489.2609859697195,2677.3663225421237,805006.8068091186,804877.7148088142,17006.106434721783,[-0.77954791  0.44346161  0.44231985],[ 0.27893001 -0.38650926  0.87909535],[-0.56080576 -0.80867323 -0.17760774]
31,27043.482654836793,58130.49932243836,201092.4514207801,2647.655594708173,4226.553994472678,2128.3939148894483,2215.840670354771,1175459.382706857,1175318.8989746813,27601.818319368027,[-0.98235337 -0.09674044  0.16007229],[ 0.13626277 -0.95643013  0.25821284],[-0.12811834 -0.27546815 -0.95273448]
79,96309.38114670609,7143.379726592891,7045.120845879898,6383.47929761638,5323.930399231585,4450.738019898467,6361.242349680836,863884.7525023348,863350.8036705778,61709.8097434537,[-0.06209867 -0.14953744  0.98680409],[-0.08280812  0.98607534  0.14421597],[-0.99462886 -0.07275977 -0.07361688]
2,29861.195251090976,84643.15605878203,40675.28392178587,815.6773402862855,1415.1621469396196,448.6225233265832,1277.468728672975,139380.79384999225,139371.91907809663,1572.8530581491846,[-0.87162331  0.42492572 -0.24435821],[-0.38524329 -0.28560568  0.87750613],[-0.30308482 -0.85899216 -0.41264035]
116,86021.07293044697,189573.5181771113,108099.62031327235,5022.063644535461,5573.551641450835,6414.871685594788,6141.178186213615,2528185.1969011356,2527716.163204372,83275.65787492151,[-0.91849659  0.3932529   0.04142657],[-0.14776152 -0.43850424  0.88649905],[-0.36678405 -0.80812511 -0.4608723 ]
129,69693.96859478258,81863.54895133794,29973.47836070704,5204.018403498656,4986.736527868828,15483.775921654595,7120.003892158053,1281207.5759696916,1271650.8392040855,175077.84620101142,[-0.73935019  0.66602435 -0.0988578 ],[-0.25522633 -0.14135347  0.95649292],[-0.62307368 -0.73241434 -0.27449667]
38,15268.824087792153,151058.2196219279,194175.5605923941,8607.096751313607,5347.367181038994,6036.233846276274,5236.66498381359,1521049.8772230987,1519920.097302585,65336.994104313846,[ 0.52059295 -0.69317156  0.49849389],[-0.85157911 -0.37941621  0.36174074],[-0.06161173 -0.61282666 -0.78781183]
22,174615.51231540286,56970.40530647468,197829.47482392742,2482.2884519236545,3993.4584333152447,3698.249573666227,4197.7781375515515,1266460.1656435542,1266354.0740591243,19991.22878665611,[-0.59989432 -0.45252316  0.65981027],[ 0.47095179 -0.86639555 -0.16602159],[-0.6467853  -0.21114342 -0.73286236]
10,35947.11849185737,133132.7631101237,53001.568831953264,2681.9088419653954,2947.0535425015496,1710.0773282488237,2470.6536976686007,467352.8645210642,467272.5139266781,11297.12491718003,[-0.52229202 -0.18988441  0.8313573 ],[-0.81733452  0.38956375 -0.42450486],[-0.24325981 -0.90121251 -0.35866512]
2,62463.57648319025,8556.93854422321,68190.18817015777,526.5218230941864,986.5000355515726,1045.2766653428116,1030.662304840138,131355.73347105892,131345.98530050248,1600.2690898946735,[-0.72519514  0.27963507  0.62920286],[-0.14744027 -0.95568742  0.25479978],[-0.67257221 -0.09200972 -0.73428934]
99,193912.18650844536,74864.44225876222,130250.9515664462,7886.645163508025,8756.022280876503,8212.397113361869,11341.513928629129,2444449.649539442,2443711.52335598,88497.26510395398,[-0.39630028 -0.4063349   0.8233092 ],[-0.46753565  0.86106987  0.19992273],[-0.79016232 -0.30569697 -0.53121828]
17,112331.54527115524,79852.43725557717,86755.51016616439,2206.7138325863143,3273.651995219361,3202.365445870449,3403.5887489289885,671717.2797547786,671683.0757710391,15516.745886310648,[ 0.41641414  0.33340527 -0.84583697],[-0.5924454   0.80519992  0.02572038],[0.68964317 0.49040189 0.53282105]
20,36397.07255277564,132548.97077253135,199542.00505504885,5247.992227384604,2093.623371747976,2631.7602918283183,2992.781085996018,1083949.2009478,1083721.780617114,24388.49536241382,[-0.13682864 -0.81345508  0.56530413],[-0.97912886  0.19763595  0.04739943],[-0.15028172 -0.54701999 -0.8235196 ]
95,179527.18342863166,159516.44479249726,97569.51533686715,6771.25044864694,8511.873466268646,7308.9986141455465,6196.554628048755,2529341.8948812946,2527764.7309914273,112127.25396821304,[-0.70452556  0.46589845  0.53533388],[ 0.15431451 -0.6357133   0.7563436 ],[-0.69269817 -0.61547319 -0.37598138]
56,165165.45360596429,185125.60945668718,124614.05381702783,3949.208667578892,7543.998879420484,5159.039077998667,5899.59293161129,2078753.6264043876,2078276.5734188738,59892.90934632751,[-0.40568357 -0.23319238  0.88376589],[-0.69412294  0.70766867 -0.13190296],[-0.59465467 -0.66695304 -0.44895374]
3,2238.012842920241,31550.683021532594,124256.67408709279,751.1500906993817,2331.0672231021413,1448.9608283650175,1758.0385941498432,222135.84969093403,222103.9111295495,3892.8919659773505,[-0.95622353 -0.27905567  0.08811643],[ 0.29211639 -0.92817892  0.23054697],[-0.01745237 -0.24619469 -0.96906325]
3,61016.02084041267,112198.88103546364,101154.63309364486,1082.960446848036,1144.503506156536,2892.0680664618812,1373.3983021957995,282244.9655459642,282203.5991203341,5177.795866008993,[-0.91706775  0.17625455  0.35766055],[ 0.13682031 -0.70343334  0.6974681 ],[-0.37452228 -0.68856073 -0.62098082]
23,174280.503143737,51622.88479334064,104495.55203647047,4586.312546920459,5488.531171641989,2895.650018998322,5656.307153726498,1006116.0241125848,1005936.6408869087,25021.479169073893,[-0.47903452 -0.13731473  0.86698938],[ 0.28222793 -0.95933905  0.00399721],[-0.8311879  -0.24660342 -0.49831058]
129,159418.04361941942,28409.584924526505,60559.856531416386,5522.221023783579,12728.08294855718,6981.516697424056,6010.503706574186,1970327.7139525602,1965927.974681109,162677.66058405372,[ 0.29161719  0.30020727 -0.90820428],[ 0.25523479 -0.93946936 -0.22858809],[0.9218539  0.16514511 0.35058875]
19,103896.31634466308,48684.32634744622,16505.516976700834,3599.879783683422,3127.3836664907994,3715.101845680905,3138.820931612891,505777.8370827697,505645.3393657496,22531.825326432045,[ 0.21652649 -0.6950742   0.68555681],[-0.38681585  0.58366442  0.71393932],[-0.89637591 -0.41977101 -0.1424869 ]
2,202095.16036198044,69029.8428784128,152240.1274591706,698.955450597743,720.6786344830834,785.9835446131037,272.02991556352936,370907.68432289467,370903.5008245438,1761.6372695920209,[ 0.50190748 -0.81191791 -0.29812446],[-0.39282685 -0.52106816  0.75774339],[0.77056859 0.26320578 0.58047116]
21,144172.6802640364,42093.86775219279,92472.33609642352,2385.1577807210333,3015.1525468275145,2481.867829815178,2575.4283079418024,808481.8650197941,808395.9887835409,17366.128262460003,[-0.49515182 -0.17418371  0.85116668],[ 0.29441331 -0.95537077 -0.02423818],[-0.81740166 -0.23859322 -0.52433558]
3,175929.0632465166,14751.415123472669,15482.705101347754,965.5035581563601,2045.197092118615,708.3023510889217,866.4224414342704,306986.652831835,306966.53492666164,3816.2733562641756,[ 0.07435537  0.14839928 -0.98612825],[-0.09501195  0.98542142  0.14112888],[0.99269533 0.08320028 0.08737107]
6,118333.71459048062,84489.04429321784,152561.01631286825,2435.918392740012,781.7419075406953,1976.2195916319592,1698.6333562351128,516282.0299035328,516261.93273957766,6741.61022482612,[ 0.13354486 -0.907263    0.39879773],[ 0.81662162 -0.12725682 -0.56296966],[0.56151127 0.40084855 0.72389608]
22,43663.29293011344,171914.75733999864,4413.017747252664,2914.153575659792,4830.033533417848,3524.9063296367303,4630.363573148426,832722.4405583227,832564.519990007,22466.318569867544,[-0.70300882  0.19618711 -0.68358556],[-0.66732476  0.15034395  0.72943427],[-0.24587856 -0.9689723  -0.0252274 ]
2,24677.797394772126,117868.68697049038,179480.30222142627,379.72505265238215,1167.219804991757,1343.617477386506,522.545020255362,305674.7023847857,305664.7608957375,2465.2838739197214,[ 0.97634714  0.09288203 -0.19524137],[ 0.18360049 -0.83306195  0.52182243],[0.11418023 0.54532625 0.83041084]
3,123543.81359294412,38851.974164653686,155033.96028243774,594.9307236973634,694.7291525309392,696.0166068243861,916.115697652986,349896.57506781054,349896.18356931314,1202.226155366476,[ 0.71708689  0.27512519 -0.64038466],[ 0.33431686 -0.94197241 -0.03033505],[0.61157062 0.19233852 0.76745506]
15,45674.02278562985,123383.3993927325,27999.31635923302,2255.2240422953914,2101.2074614201065,1321.880602896274,2003.734249622115,521102.3685639658,521044.40659897967,10427.929731898243,[-0.20927249 -0.1420767   0.96748087],[-0.91701645  0.37205584 -0.14371948],[-0.33953772 -0.91727241 -0.20814772]
37,120807.8340291688,40074.995835981594,194822.87644650182,3281.157357062249,5010.227008438472,2027.1076209037635,2531.335548137816,1415975.7504943013,1415738.1001954675,35170.939473989005,[-0.82947017 -0.13457286  0.54209721],[ 0.20601438 -0.97582359  0.07298214],[-0.51916983 -0.17221632 -0.83714051]
13,85034.53443167545,124364.90206899619,108717.23714505394,3353.0155537401124,1546.6426471572236,1834.0393719499777,1456.322300009347,670018.5117386034,669899.5784657289,13860.477579323475,[ 0.07960682 -0.6863702   0.72288222],[-0.88553386  0.28428197  0.36744189],[-0.45770355 -0.66938757 -0.58517326]
25,24509.42556643487,202204.18346726385,115956.38166700951,5234.364743124428,2556.0721652742372,4146.89861011672,2695.6143442206003,1172313.8071605405,1172091.3643376164,33089.6309621957,[ 0.40616284 -0.49115146  0.77058549],[-0.90780975 -0.12047026  0.40170682],[-0.10446626 -0.8627034  -0.49480262]
3,8365.360093980771,80161.20452763922,40942.72770135059,3512.239702381849,1048.59098943546,1136.7287510725107,991.6724957834467,156710.24967007307,156593.51631523436,6431.400262850976,[-0.2836236  -0.41246808  0.86569495],[-0.95443267  0.20880746 -0.21320815],[-0.09282201 -0.88671841 -0.45289573]
105,164391.98224676852,200011.4228507462,108687.90721348063,16308.966617896878,3360.683721860255,8004.815207645407,11549.040816643084,2882646.3968031825,2880516.8863862157,146802.18900615224,[-0.11051863 -0.40325865  0.90838763],[-0.80222112  0.5757442   0.15798702],[-0.58670854 -0.71126723 -0.38713306]
3,97289.33955135212,201502.13569847526,55525.144237226865,1559.475991465038,1295.5321321111005,1151.037652665217,1025.3768764226536,399336.9709246583,399321.5371672506,3621.144861633196,[-0.30167172  0.38589621 -0.87182469],[-0.85494452  0.29522951  0.42650838],[0.42197635 0.87402726 0.24085746]
2,139602.8926923162,96252.90959212749,153429.60751591297,689.2978258742951,1958.4201315002792,1473.8545026135253,2233.945855045822,323421.45106191956,323416.8378869092,1727.4195293444454,[ 0.56783069  0.35797334 -0.741231  ],[ 0.5521996  -0.83345972  0.02050578],[0.61044566 0.42095128 0.67093674]
59,26763.649838414476,63105.60071522948,70139.59421524814,5492.4176574672065,10256.564255431209,3923.268092296299,6152.826211879597,758809.0569039657,755242.3312170622,80940.54382095076,[ 0.77077592  0.29847435 -0.56286547],[ 0.57680462 -0.70209831  0.41755765],[0.27055665 0.64650679 0.71332186]
91,9391.739548372552,150039.49421770743,126477.72932178472,5279.054411241601,4206.643661724165,4242.892297848081,3738.8527906508584,1875136.233474026,1874970.9795864916,67164.48412011072,[-0.10755221 -0.63683277  0.76346352],[-0.99305222  0.10569289 -0.05173301],[-0.04774739 -0.76372314 -0.6437757 ]
2,42373.923835139794,80861.15408088316,131588.63006989245,238.47347124201406,64.34862094117125,16.37070434956695,109.0352200717316,226493.72840099136,226493.51033914663,314.29163673465337,[-0.20071058  0.86216758 -0.46516915],[-0.9432454  -0.04183515  0.32945095],[0.2645815  0.50489295 0.82163236]
28,140680.43146464435,64940.79002135833,193063.7110390398,3402.284754731664,2512.361003663939,3493.4979337453083,2651.023172792838,1310189.3345478934,1310049.8862755739,25377.195973122245,[-0.03324275 -0.93972002  0.34032514],[-0.82218753  0.21931469  0.52527014],[-0.56824517 -0.26234966 -0.77991671]
52,30853.35770704048,175561.46672198398,103312.52918839712,4796.127353122098,7901.069646422552,3036.912826188429,6241.707906507011,1486908.861937728,1486797.9742308068,53761.81571593837,[-0.76183261 -0.22371562  0.60791643],[ 0.63030941 -0.47246208  0.6160273 ],[-0.14940253 -0.85248514 -0.50094708]
17,70400.61104942037,21519.635138126676,198916.22888120267,3967.117029592524,1863.5661595239883,4348.227256620737,3561.0676781166735,874855.929885889,874669.7456555451,20837.032213148355,[-0.08957545 -0.98632219  0.13836468],[-0.93910877  0.1299139   0.3181149 ],[-0.33173928 -0.1014442  -0.93790091]
149,41444.93965734091,13851.379162850642,65447.61123821472,8466.04570477435,5561.676176467133,7444.207956478691,6383.660834475983,970854.2583252442,965625.488812514,132643.49633811973,[-0.03118925 -0.97322487  0.22772917],[-0.85013728  0.14564967  0.50601658],[-0.52563661 -0.17781877 -0.83191745]
57,118666.50591823555,76005.96707364141,108401.81311282217,5110.464230257896,4893.529844540388,5393.219833214686,3709.6631799062616,1343490.9923651963,1343056.1806675436,61233.60107189861,[-0.74092979  0.30106235  0.60032033],[ 0.0727769  -0.85263126  0.51742   ],[-0.66762756 -0.42706135 -0.60982952]
18,107953.89350766019,75935.91211622716,4652.111561682652,4210.679427218788,4215.002147615028,2253.7458825818167,1866.595832420181,560887.8629218172,560455.0159045501,25803.576228537506,[ 0.01072296 -0.07627784  0.99702894],[-0.57571854  0.81477135  0.068526  ],[-0.81757763 -0.57474284 -0.03517781]
2,130646.18232173088,27005.481803860603,34128.92941951432,104.71707565221004,610.3416301691923,335.29045082777884,103.44334949778568,194745.99214505882,194743.50067254083,985.0900300985966,[ 0.12276515  0.49393587 -0.86078805],[-0.29123246  0.84709279  0.44454185],[0.94874252 0.19611518 0.24784364]
101,65138.07782498414,11522.742250960036,156001.780712233,6736.750809439843,6037.222636549751,8178.281642251985,6414.541732589458,1706844.9282688615,1704590.0379396123,104776.55130627615,[-0.41419253 -0.87854126  0.23792814],[-0.82558136  0.47268876  0.30818947],[-0.38322313 -0.06877926 -0.92109144]
11,171075.91991189952,201619.1063377942,87666.81688055448,2236.8488441241348,1524.9836456972153,3072.5502975924123,1722.53377241604,924004.6854088483,923954.8226477796,12299.320857006847,[ 0.76337269 -0.64594484 -0.00417115],[-0.20024907 -0.24278215  0.94918762],[0.61413552 0.72374864 0.31468312]
10,135165.32700262612,123649.96571874028,86699.10622457846,1211.6798661355433,3123.8635751476518,3563.6170337513927,2322.3421346375994,641055.9075462372,640979.6464999135,13609.946992137191,[-0.73974729  0.61126827  0.28129175],[-0.08987497 -0.50405068  0.8589851 ],[-0.66685563 -0.61015081 -0.42780784]
10,65470.282406269944,60810.0980476032,21317.661608707458,3130.6700314440322,1999.9079103122986,3582.0173865692664,2895.8577741947447,290858.73315540294,290734.9504946861,13430.911984475439,[ 0.70123371 -0.67227083 -0.23732513],[ 8.74540032e-04 -3.32074936e-01  9.43252603e-01],[0.71293093 0.66164807 0.23227421]
33,113495.14448931463,18990.71138230796,151565.69219949536,5058.731121121055,3347.9342578815426,2873.48899568885,4387.566725240518,1093738.8882052721,1093606.365314847,29241.16472351765,[-0.47914431 -0.75177642  0.45304849],[-0.6437852   0.6518484   0.40079206],[-0.59662496 -0.09962868 -0.79631199]
31,115084.65268224184,83838.65371807897,134767.94167413647,5220.864985345757,4693.27484477821,2810.148357979574,2983.5042543170507,1092313.2489936855,1091749.2843701134,38727.31916865739,[-0.32531482 -0.65290398  0.68402242],[-0.74134663  0.62514542  0.2441278 ],[-0.58700549 -0.42767932 -0.68739723]
4,79225.14147670093,153670.32357445717,167230.3635665942,1177.018145737688,1361.046958366603,3781.887131065806,3488.5173458554964,481142.38351953967,481122.18442795007,4611.0154708455675,[ 0.71498287 -0.64969206  0.2582629 ],[-0.61672455 -0.41209016  0.67069556],[0.32931798 0.6388129  0.69531845]
