N,MEAN_X,MEAN_Y,MEAN_Z,SIGMA_X,SIGMA_Y,SIGMA_Z,SIGMA_R,LAMBDA_1,LAMBDA_2,LAMBDA_3,EIGEN_1,EIGEN_2,EIGEN_3
29,190808.19595823798,75085.98331096332,189559.45298944897,6593.72713671477,6493.655936640001,3470.0085694486625,7503.049832697971,1504644.0700957957,1504412.78109345,34710.06162436131,[-0.69269331  0.53263594  0.48628688],[-0.23051202 -0.80237901  0.55050171],[-0.68340338 -0.26923388 -0.67858156]
936,89870.92168897147,80015.68344252645,160187.2771766083,20615.298294959513,18227.194626383003,14026.16858626289,20007.048280667095,6188273.199337678,6173375.621161805,721940.6324856506,[ 0.58345706 -0.80847699  0.07708963],[ 0.67497608  0.42993672 -0.59963464],[0.45164715 0.40189472 0.79655225]
1993,180211.37994347955,109636.59426639914,57475.163463294804,14010.666265105978,26943.238079292303,24199.943360279674,20485.394656349636,9872701.367652979,9842699.850856207,1480233.8297165406,[-0.56631984  0.67224628  0.47682993],[ 0.06540174 -0.54006772  0.83907656],[-0.82158654 -0.50637121 -0.26188499]
278,146422.06544384942,13000.865008923593,7978.537974960229,14403.560598339867,8493.448032504108,5226.355520073519,13852.81446479728,2470328.0857310225,2467227.579889958,174930.18145352442,[-0.06110172  0.08638347  0.99438648],[-0.08031008  0.99259242 -0.09116241],[-0.99489541 -0.08542944 -0.05371164]
4,128084.29312148463,67179.05395104244,84570.74580313127,693.8085698161017,581.0678147759036,2018.6370487327881,913.408072745234,335115.44849584927,335092.717383708,4029.642699072521,[ 0.54512122 -0.82006063 -0.17419362],[-0.34413001 -0.40834651  0.84547482],[0.76447197 0.40094101 0.50480582]
34,27562.443634517396,58014.474446771834,201186.16835177233,3966.659226256773,4176.213151278923,2307.978974842813,2604.936984681761,1231893.6160474657,1231607.8331405015,32906.56091550241,[-0.72648547 -0.62732686  0.28049933],[ 0.67466275 -0.72868488  0.11767971],[-0.13057197 -0.27473505 -0.95261304]
1342,106994.17262683225,23988.998107508345,77555.19793917754,18838.285585571433,16820.246291610216,24258.4024191407,19990.97382162487,5039388.672135501,5024253.330311664,1032877.6669116642,[ 0.34405756 -0.91594231 -0.20657704],[ 0.50093982  0.36514303 -0.78468457],[0.79415596 0.16649399 0.58446219]
208,129160.51220148602,170307.18949457884,156610.62693418365,8973.951408686627,8668.013296422148,8654.751469300727,7317.050095535248,3825849.7047337354,3825043.1759379725,191844.1550094389,[ 0.59526296 -0.73976236  0.3137095 ],[-0.63880662 -0.19884869  0.74322628],[-0.48743011 -0.64281478 -0.59093235]
449,163219.36383678913,193777.83652639668,14151.55181161909,13275.43588329898,8079.17013876289,9443.171056727697,11018.610529898991,5387684.433285532,5385027.560419247,306784.2420399002,[-0.36137083  0.23833737  0.90144685],[-0.67441367  0.60079135 -0.42920385],[-0.64387679 -0.76304983 -0.05637049]
108,42157.375533976294,166027.83492754362,175862.13877685938,5984.278625486521,6832.557384924984,6627.537115800217,6409.526618281404,2553245.7508988287,2552914.0692321267,95853.11226763488,[-0.79695953 -0.3322302   0.50445873],[ 0.57917136 -0.65743775  0.48201259],[-0.17151107 -0.67631258 -0.71636949]
8,52996.91316075644,163525.33727994008,187153.58243946498,1702.4677444655329,2042.6919898755684,3173.6439163051346,3293.245365086442,718843.8887044196,718817.3149574129,7083.356903829674,[-0.21811087  0.76468511 -0.6063698 ],[-0.95340133 -0.03424219  0.29975553],[0.20845516 0.64349371 0.73652039]
63,15752.90879639853,94874.4035121985,168809.63304399012,6382.835452230938,3821.8986877565726,6082.956543175503,5979.502324735958,1543723.683555086,1543040.7303633608,59786.47360073454,[ 0.01576981 -0.87232612  0.48867008],[-0.99663967  0.02557467  0.07781583],[-0.08037836 -0.48825513 -0.86899151]
17,174989.16990647503,197843.730943348,169378.84447933736,4864.288149981116,4426.054038008937,2289.283708100344,5741.616856659621,1293996.8961063612,1293965.3747109543,16151.858518870285,[-0.25915943  0.75006125 -0.60847721],[-0.78850677  0.19950819  0.58176761],[0.55775753 0.63055896 0.53972394]
1887,107230.54924734354,175341.39632465784,107259.09301684829,48809.83756371088,18201.860216891266,27729.103238492626,23979.888165507262,10377222.555819076,10138934.84772534,2345575.7289740853,[ 0.4052939  -0.6439408   0.64890454],[-0.78209343  0.12330262  0.61084067],[-0.47335686 -0.75507398 -0.45364807]
143,42203.67028533691,14161.347282252877,65562.98964965002,7140.28140671055,4406.696190829356,6681.3452530661425,5835.519760149192,955066.5960609858,951353.2762323653,108692.16519674046,[ 0.06720084 -0.98309797  0.17030099],[-0.84422817  0.03494218  0.53484376],[-0.5317545  -0.17971485 -0.82761085]
658,145564.7206723602,15134.434208478739,174510.86134908206,18339.62032014691,7934.376246123123,13164.683085337758,14427.711333352752,5870795.968232997,5857751.364318859,487688.63373565034,[ 0.01931035 -0.99736043  0.06999491],[-0.76792046  0.03003606  0.63984061],[-0.64025408 -0.06610607 -0.76531347]
8,122136.11986595031,167339.4194035969,19860.311678917467,4489.456924361543,3525.597450895111,2542.1305730094527,5413.878651612996,588892.5311943108,588879.5480967412,8805.965702055986,[ 0.50645287 -0.27246455 -0.81808835],[-0.63162793  0.52864055 -0.56708494],[0.58698522 0.80392925 0.0956353 ]
34,168359.48003907385,13410.974137253606,90579.14732621388,3495.037747467949,5001.684268982457,3577.3830666277395,2979.2410869227683,1118099.7333621485,1117790.122985202,37364.420211614495,[-0.34950448 -0.5799279   0.73588739],[ 0.32573272 -0.81163574 -0.48491816],[-0.87849008 -0.07022153 -0.47257182]
76,10805.527746406568,149388.97589464777,125659.25506487356,4527.778379254233,5117.329164688975,4850.44548459826,4269.224120399932,1705545.7737238551,1705259.2042361673,62741.73682871254,[-0.93608305 -0.18440349  0.29957282],[ 0.34742974 -0.61812915  0.70513044],[-0.05514618 -0.76414116 -0.64268748]
1785,23323.148582610742,44083.675115639504,36244.32246192502,13766.912333589718,21949.11331627212,25049.329438463177,19875.68099886831,2957984.0771363555,2776261.9369276487,1322426.0682783085,[-0.9197112   0.37689936  0.10990083],[-0.14375668 -0.58379816  0.79907054],[-0.36532908 -0.71911514 -0.59110751]
943,100844.45506453387,126393.7990818603,45965.716573952224,25954.892287150335,9746.080017391798,18716.360730084634,17008.083610569804,5237695.971911735,5216248.256563549,872879.044331691,[-0.11365822 -0.26410359  0.95777403],[-0.78675964  0.61261689  0.07556336],[-0.6067051  -0.74494955 -0.27741499]
1234,134949.48758499752,108803.87611262329,139507.14872404083,21252.046222630903,17422.92477374645,22596.664161495955,20443.899159379474,7894118.705129852,7870189.484472014,1030724.8305146192,[-0.73010583  0.02978329  0.68268472],[ 0.31170974 -0.87453622  0.37151507],[-0.60809746 -0.48404479 -0.62922025]
73,147243.72994269303,198748.50345423288,168185.6382085773,7384.688865482066,4420.7201935963985,10907.75325446089,7595.682071850661,2557615.5229640077,2557186.1529275407,99646.5024093961,[ 0.87043885 -0.37493845 -0.3189943 ],[ 0.00083373 -0.64687442  0.76259609],[0.49227585 0.66405922 0.56275203]
804,17188.519418493,110192.37794951811,83927.81914161127,10640.033067647044,18109.615714583855,19377.077572549217,19878.443894249885,4029200.261451211,4007045.3283687886,590624.8102741113,[-0.98257921  0.18195333 -0.03782963],[-0.13945988 -0.58735834  0.79722087],[-0.12283744 -0.78860837 -0.60250129]
40,190596.18135416368,158612.90483070072,127239.88775238795,3118.0283390383224,5823.01805772716,3184.1879930317764,3365.178427954541,1763199.5142791558,1762872.4083850454,41298.873172835316,[-0.64834669  0.18709024  0.73799988],[ 0.33466218 -0.80063491  0.49697582],[-0.68384779 -0.56919327 -0.45647696]
32,88077.27521230641,12996.91010807426,180707.77432078728,2444.46418963256,4652.730892797796,4576.8937303065095,3949.2019587737377,1140095.010065901,1139947.9781518187,32363.34590440509,[-0.88519976  0.20769469  0.41627431],[-0.15942854 -0.9760572   0.14796923],[-0.43703996 -0.06461632 -0.89711806]
376,183394.23804185144,45631.92670202576,29702.636332567043,15695.997938219389,10792.451543873689,20894.517857563784,13602.646356234893,3747572.119161512,3722608.5686639836,469813.28840944223,[-0.26538058  0.94738148  0.17900133],[-0.09700848 -0.21095355  0.97267053],[-0.95925101 -0.24076322 -0.14788701]
2,199942.95778987848,189992.87772657687,69219.10437742696,721.131120078222,649.3885094893485,951.1864213880981,1172.432668614958,402163.1779726759,402162.00462452805,971.4697438548764,[ 0.69502251 -0.71805071 -0.03669994],[-0.15026983 -0.19498824  0.96922576],[0.7031093  0.66811883 0.24342257]
213,46937.76503810933,72323.77695768795,114610.8950207188,8352.757423185827,7563.106928751413,9663.293505738982,6470.988761656364,2101188.5135329515,2098431.8775908123,195148.2364904035,[ 0.73302063 -0.66918225  0.12196667],[-0.59669076 -0.54651514  0.58760645],[0.32655918 0.50350404 0.79990174]
48,31241.00090512574,95195.82286993954,133876.30386596758,4848.033184427401,5317.5029255588815,4166.786645749292,3654.174634664194,1159766.194626034,1158950.8823398375,51762.1135333022,[-0.77965759 -0.40986048  0.47344317],[ 0.59765477 -0.71272009  0.36720411],[-0.18693    -0.56924904 -0.80063269]
35,36411.6970203514,127360.2493827431,124608.47701296653,4153.196921701168,4504.7725086976425,4124.2849658262285,3969.568534753387,1076543.594088196,1076418.235350201,36830.81759190308,[ 0.08005014 -0.70863436  0.7010202 ],[-0.97656331  0.08520607  0.1976462 ],[-0.19979006 -0.70041221 -0.68520556]
41,88007.60072882079,135732.12652331006,87850.83705087971,4783.686805809231,6820.823064127388,2536.6018332533718,3751.0445196170826,1179799.501369923,1179169.3049623878,50298.49047642331,[-0.52999899 -0.19086748  0.82623887],[-0.70054806  0.6475852  -0.29977627],[-0.47784253 -0.73770117 -0.47693135]
423,167291.98562614954,185579.72319776332,194662.20690274972,10769.026941601996,10495.66207628707,6901.83774196216,9461.516021838295,6521760.068674345,6518530.090010197,278536.19083809154,[-0.23707226 -0.59307432  0.76945409],[-0.81540131  0.55204217  0.17427031],[-0.52812636 -0.58609922 -0.61446746]
428,63007.594479696345,188474.71692532767,165893.0139171516,15580.657516997835,9775.176879077562,20245.28889094618,16666.269301395532,5378201.381590715,5374168.319729175,443825.32645583106,[-0.21321738 -0.60666481  0.76583037],[-0.94646807  0.32270133 -0.00787629],[-0.24235621 -0.72651335 -0.64299441]
2,29932.96369213221,127127.79334107474,186167.98360572147,362.0527528981456,106.01021076164034,549.9417389667651,343.28586038728827,321609.76673995034,321608.7502592475,808.5908793895018,[-0.68947218  0.64498403 -0.32958111],[-0.7122526  -0.52105019  0.47032216],[0.13162198 0.55901905 0.81864116]
13,91020.81332167414,16400.944504594496,24630.041451610745,2990.615256122481,1731.0798948301049,1130.334492774919,2739.7860606776476,345290.9370761527,345274.4713119937,8617.193630224698,[ 0.28876288 -0.19794884 -0.93671354],[ 0.10952464 -0.96513932  0.23771927],[0.95111532 0.17123771 0.25701613]
122,86513.39841356501,190425.4714598065,108148.81413847246,5141.221591033609,6457.319693210712,6527.955946713491,7462.147857492557,2602903.534196448,2602524.966257549,82288.35696517656,[-0.92079855  0.38578843  0.05742227],[-0.1307786  -0.44407622  0.8863934 ],[-0.36746019 -0.80868016 -0.45935761]
260,163704.407841343,152755.37768908998,144725.54246997574,7498.099286597722,10703.234000866069,13007.277037031517,11946.450354279441,4307173.470704343,4305196.290127667,226523.74048959735,[ 0.12530396 -0.75002797  0.64942818],[-0.77997926  0.33006419  0.53168599],[-0.61313235 -0.57316287 -0.54364791]
115,11710.22093661474,116475.89894610467,157572.67733430336,5664.145027424075,6392.024423982815,9464.423060631249,7183.817034008968,2108528.245383113,2107426.0173945925,113193.80264395241,[-0.99765611  0.06303945  0.02661414],[-0.0348568  -0.80288614  0.59511246],[-0.05888369 -0.5927899  -0.80320162]
338,11892.51049888763,46069.69118512021,149639.55249484553,8354.788485318833,14561.550207260583,12139.48553983341,11451.924535838072,2907989.6068618526,2898241.8089090656,318254.9228850196,[-0.98914116  0.1427554   0.03493801],[-0.12584126 -0.94546918  0.30041972],[-0.07591935 -0.29276087 -0.953167  ]
202,148828.55533355506,81215.0605590697,116632.45452065219,10781.64236203019,7363.599622784954,8006.246406477885,6436.109879728457,2931491.816654523,2927664.5973077924,197175.38283461888,[-0.04136396 -0.79449187  0.60586441],[-0.68900896  0.4618195   0.55856012],[-0.72357148 -0.39434175 -0.5665147 ]
126,113355.29603551884,160387.09153843613,68814.3480315564,16137.866347026704,4269.8495732106485,5571.012459301012,9710.303027390564,2343734.048156771,2339168.9363950775,164545.83578457683,[-0.15414372 -0.295714    0.94275816],[-0.82292603  0.56650793  0.04314516],[-0.5468386  -0.76916968 -0.33067439]
3,78244.37766710209,71064.41858621313,21422.898010627116,262.2488932159536,1349.1797814643403,1211.789602358101,990.3169921861576,186817.07460535516,186815.53044492696,2670.5610276423195,[-0.46398519  0.68144248 -0.56599814],[-0.50837948  0.31840819  0.80010408],[0.72544335 0.65897828 0.19869469]
57,142942.93578340037,147719.1388942004,96507.90579080889,3380.295401702795,5292.383810691141,6774.142230608498,5692.8988244130005,1715627.4823875518,1715231.222995356,54910.17651378078,[-0.74877546  0.65404233  0.10753575],[-0.20813543 -0.38604292  0.89869378],[-0.62929719 -0.65053785 -0.42518885]
48,198842.70531049723,27622.002591193537,85283.26163549098,4997.116982283686,8609.738446520361,4967.675645443035,4203.936462894587,1512869.8180076443,1511680.7991759889,71366.80868632229,[-0.29470702 -0.46143818  0.83679303],[ 0.28641586 -0.87807855 -0.38333278],[-0.91165439 -0.12669993 -0.39093913]
2,146997.33396844828,2427.149358163584,202808.433538466,902.8122923820774,568.9706100561809,697.0284269711556,1099.6607755169825,354251.30235013436,354250.12980095565,911.4564017669862,[ 0.70428021 -0.49947807 -0.50449088],[-0.39950548 -0.86627223  0.29994632],[0.58684305 0.00969938 0.80964261]
3,20931.800546093942,165033.4410142433,113546.70258265473,359.9219571523091,563.1096009972282,1732.3961251403466,900.5884303982547,348871.37652554933,348860.6125953148,2811.7935924420035,[ 0.98306707 -0.17064179  0.06678716],[-0.15092641 -0.54728648  0.8232246 ],[0.10392481 0.81936493 0.56377366]
5,64232.42878765332,53143.71761276717,167113.6928324184,2084.2974292348717,2105.068609632881,1837.2358726642624,2541.6498431754703,417661.4507838282,417638.918797038,5349.402349649212,[ 0.78758029 -0.60632595 -0.10993694],[-0.51124534 -0.74253927  0.43273968],[0.34401379 0.2846125  0.89479061]
850,19363.968771347943,145675.586996182,29838.58843506412,12901.982655443322,10945.514924423762,12272.941006314524,12123.88947357112,4405759.483002282,4394420.689674503,498419.7896175652,[-0.59983731 -0.08481885  0.79561357],[ 0.78949532 -0.2242658   0.57131602],[0.12997055 0.97082986 0.20148709]
353,184600.66407639868,177041.8387713705,105902.24578374764,11972.565260696818,10616.138075955943,14370.067528041061,14563.281908296747,5215106.445786258,5210280.165480479,295926.6502869958,[ 0.37931714 -0.73356698  0.56391311],[-0.64185447  0.23035941  0.73140781],[-0.66643931 -0.63938567 -0.38346397]
14,62923.449676066564,157525.9736742697,185166.6363678419,2867.77599187538,2490.108934477611,3540.0092891183835,4283.516994665252,939771.1688511876,939764.5440427498,10993.81563250994,[-0.51987944  0.72975807 -0.44404788],[-0.81663544 -0.27203914  0.50901991],[0.25066299 0.62725422 0.73737386]
26,113464.38613750305,18179.58028174584,150553.4505232033,5122.865180831216,4003.46949029239,2601.938614005455,4402.919234356085,966219.2775053353,966173.4932662515,27776.594595201383,[ 0.79955563 -0.02359103 -0.60012854],[ 0.03880933 -0.99511049  0.09082371],[0.59933683 0.09590919 0.79473064]
75,95928.86332956221,9095.733774490682,7350.585774201315,6276.040482809898,7230.194133133561,3756.69628619759,5983.589816305532,841107.931556896,839077.7683637019,72243.09955213817,[-0.0559794  -0.20430754  0.97730483],[ 0.10576102 -0.97454607 -0.19767289],[0.99281464 0.09229515 0.07616228]
65,11873.863208572278,65120.204233750905,110429.93587584939,4634.358103713529,7470.415652680943,7797.8249520227755,8726.85342001057,1041746.5070180157,1040953.8808173364,63741.981341695326,[-0.87986232 -0.36235429  0.30747629],[ 0.46639313 -0.78259058  0.41234624],[-0.09121262 -0.50621275 -0.85757152]
128,83618.70590780888,37431.45760062795,192039.34062109172,6490.421795706074,9277.791224251607,7048.804235813327,7087.985489673052,2411022.2235319847,2409536.0957690836,127900.65163075489,[-0.83196989  0.48631089  0.26707267],[-0.39176762 -0.85578051  0.33787253],[-0.39286668 -0.17646935 -0.90250448]
21,106379.65472265621,151380.8840578769,33924.59264818135,4140.856271106253,3018.485815775877,3643.1896927706202,4649.493896275807,862448.2602784812,862312.6799590458,19358.05570716283,[-0.69318372  0.34534864  0.63263785],[ 0.44666411 -0.48304494  0.75309944],[-0.56567437 -0.80461289 -0.18058404]
10,174066.54671724729,130903.62935899528,190855.79881950276,1604.8849833078823,3561.761379122608,1222.6616542707843,2851.7125781407944,915839.345876398,915807.9676814801,9293.496325966416,[ 0.75585587 -0.05371461 -0.65253095],[ 0.25961316 -0.89034582  0.37401247],[0.60106814 0.45210515 0.6590281 ]
114,78990.90477657483,128936.29233640076,132772.1612920333,6378.01720488055,7718.82349321239,11666.75245886196,9923.370128997049,2154304.072781015,2151560.716350606,126336.83929649236,[-0.90034907  0.1211345   0.41796888],[ 0.18738302 -0.75895332  0.6236004 ],[-0.39275839 -0.63977831 -0.66062437]
12,64580.04659465825,174953.28208334267,98549.93770238226,2753.9117300778385,2586.7269346057733,2193.7837430002683,2140.6440280642364,730802.9757348247,730755.2241320318,13179.045559258002,[-0.23362753 -0.41032606  0.8815048 ],[-0.92288554  0.37899027 -0.068181  ],[-0.3061053  -0.82945699 -0.46722655]
94,34765.70201932908,186165.6267063527,191868.2142705768,10613.89910811777,5017.180063319128,8558.71165748409,7030.204103144612,2617042.4820449376,2615253.8159689973,122489.41824695129,[ 0.19060429 -0.72168193  0.66546615],[-0.97324491 -0.05031501  0.22419356],[-0.1283135  -0.69039379 -0.71196352]
17,38177.011112847795,4623.446223430035,7082.0882694775755,2543.671054280746,2417.9508830297914,3350.770508718646,2161.3375044491413,162322.7534449036,161611.02291791156,17896.055983745406,[ 0.18393802 -0.89336964 -0.40994815],[-0.10880622 -0.43300672  0.89479964],[0.97689714 0.11998276 0.17685057]
51,141080.32965670023,93459.29871942992,75610.8428680113,5386.048528683969,8960.958667514422,7794.469041834111,5583.947284943284,1326638.5396886175,1324586.0950387078,84194.64842273862,[-0.64847902  0.59461606  0.47529644],[-0.00216738 -0.62581716  0.77996678],[-0.76122944 -0.50476194 -0.40711806]
124,67456.30634884184,82308.15710713547,29251.6058499935,6194.274625979925,3523.5105530752144,13991.179076735802,6196.315359099387,1239940.272036699,1232271.1368721062,161234.39817778248,[-0.75983667  0.64695532 -0.06400825],[-0.22165964 -0.165254    0.96101931],[-0.61115894 -0.74440576 -0.26896993]
59,40145.21453191905,49719.97618163329,101030.29745903146,3424.6385073694514,4318.740531781574,4579.734156801608,3968.673229404942,919564.2424771896,919072.087692689,45677.063123365966,[-0.7873482   0.61644072  0.00914646],[-0.51722599 -0.66855449  0.53433339],[-0.33549976 -0.41597564 -0.84522433]
78,143890.30698803897,135817.15400129798,198623.71999960637,8943.7699481864,7252.154850132893,3668.7655232803377,5036.838862796533,2478179.025331147,2476677.712368569,96990.12938577277,[-0.39929888 -0.59584509  0.69679913],[-0.75963044  0.64055968  0.11244955],[-0.51334394 -0.48440885 -0.70839683]
78,107011.9712663199,64057.06523172273,87359.71922015914,4495.055688951487,4392.595909904193,10619.40759756597,6329.013379591364,1349006.3773488854,1346273.9922298973,92685.83360213262,[ 0.57327486 -0.81242884 -0.10637345],[-0.422364   -0.40425689  0.81128603],[0.70211437 0.42016156 0.57489101]
24,129400.38503164412,165444.1885625449,5267.633041907059,7828.967565748416,4313.89461891326,3070.885175750342,7750.692484980356,1030258.5081188799,1030082.3932579405,26401.21628325467,[-0.28519937  0.19309237  0.93881663],[-0.73400232  0.58588444 -0.34348221],[-0.61636184 -0.78705449 -0.02536362]
110,142001.71847779973,54841.46945330169,182532.24838200232,4362.274982760776,9302.741345853798,7693.658525791715,7097.909253620646,2495825.1453425013,2494447.531428447,112505.16552072202,[-0.56874024 -0.55323964  0.60865462],[ 0.5658699  -0.80021805 -0.19860091],[-0.59693031 -0.231467   -0.76817786]
17,81287.37083019521,181877.43185471828,6086.952043185787,2367.0360547855335,3187.6361638382555,2922.3067096194377,3051.0930707637112,821982.98656761,821909.9173021027,15917.685815994084,[-0.73500525  0.34792454 -0.58199295],[-0.5417211   0.21490808  0.81262092],[-0.40780575 -0.91255851 -0.0305195 ]
12,157374.65026408524,48851.532858372455,165655.71777372202,1671.2449985480057,2010.3291819742249,1875.3050723903536,2114.7788942000157,809478.7225733494,809446.5741798974,8398.967445108185,[ 0.71748373  0.04567566 -0.69507614],[ 0.17767478 -0.97684204  0.1192112 ],[0.67353454 0.20902959 0.70898368]
113,21313.604789073426,135772.62772102258,163292.13560682564,10524.512454643127,10846.547882933846,4231.362663978325,7207.695420579454,2274349.3267420493,2270757.2947883154,146957.36762356508,[-0.55755208 -0.60100835  0.57264705],[ 0.82426047 -0.48276656  0.29585659],[0.09864257 0.63696578 0.76455493]
148,112355.5900586229,54995.866964498666,143830.61323728235,6167.06502003324,6624.398296687095,7167.015651602723,6993.736022049389,2322361.017039605,2321418.6250181394,111510.98367737285,[-0.8047996   0.12929207  0.57929367],[ 0.06922967 -0.94887768  0.30795843],[-0.58949542 -0.28794913 -0.75470554]
370,102724.64417329636,174434.98431441304,187854.50204586136,9834.265246197945,13854.06154476179,11925.27814892043,12247.583287138326,5325319.670131155,5319260.843878336,323266.58047668997,[-0.75981159 -0.21418704  0.61384873],[ 0.53347148 -0.74506991  0.40034862],[-0.37161073 -0.63166031 -0.68037542]
2,62007.01603100388,103786.93930439174,160469.71784809633,206.3349694168428,685.8534249873555,128.62435280655336,187.8791074082692,284139.6088782929,284137.8695384114,994.1970035852421,[ 0.87372057  0.17795313 -0.45270857],[ 0.37598613 -0.83754749  0.39641977],[0.30862078 0.51657226 0.79869038]
61,24104.722375404064,66846.05294029195,65280.38299960259,5374.150403612274,9044.982378504263,3176.256927889635,6589.037417427855,757752.6161086609,756200.9130282709,68145.1004748116,[ 0.83550642  0.19721761 -0.51286864],[ 0.48949723 -0.69119422  0.5316418 ],[0.24964271 0.69523792 0.67403468]
123,55773.11997257347,168806.3038063747,82161.68659618447,7054.700734493529,6930.429048890493,8587.884211607092,6263.870244746624,2175992.5369264307,2174161.8301170035,126646.82746889764,[ 0.52180553 -0.50622072  0.68662914],[-0.80454322 -0.02444733  0.59339071],[-0.28360043 -0.86205737 -0.42003319]
41,72197.83833686546,143257.82864809994,199508.16577635764,3738.5883650473606,4041.8433470858176,3022.156277119507,3805.952802882517,1639637.4756604952,1639506.6703152054,32038.792577769298,[-0.4621058  -0.63260051  0.62151012],[-0.84079975  0.53536785 -0.08023115],[-0.28198227 -0.55964083 -0.77928694]
43,120112.80159852389,75064.09426596983,110753.44597291716,4461.784038268001,6111.018472662172,5254.507368606648,3331.002599828797,1180355.3527294039,1179448.135712774,56320.22527464982,[-0.71942267  0.15101064  0.67795782],[ 0.18962437 -0.89629724  0.40086637],[-0.66818681 -0.41694968 -0.61618126]
3,70768.52343250449,109147.86346824061,40960.87838053689,1134.4467305048572,1432.0412404656402,1965.683282905725,528.9100227355211,236249.91516858002,236228.32392882722,4557.157825121137,[-0.76941019  0.28412674  0.57208387],[ 0.37251721 -0.52795105  0.76321597],[-0.51888234 -0.80033723 -0.30036882]
112,190178.20982620647,31573.52992444734,123298.90864451327,5237.5727153389325,6421.195596794822,5754.507066166243,4531.4605660420975,2423438.3502596053,2423002.460234159,95237.85221969443,[-0.39500513 -0.53582005  0.74623577],[ 0.39154088 -0.83301405 -0.39087508],[-0.83106359 -0.13778415 -0.53884027]
11,70789.62882275549,109294.50969748302,189054.9930918571,1980.0022856339413,2016.5323120107134,3086.487654848283,2465.7872848973057,761475.9318415961,761430.0251184962,11205.031146472025,[-0.93218532 -0.02127496  0.36135566],[ 0.18953393 -0.87917769  0.43717671],[-0.30839491 -0.47601886 -0.82358886]
407,95223.83018951975,179036.0596315443,40754.414920357645,14654.460656296193,16501.40979391525,12692.046124312188,21395.29000106528,4200668.428181639,4198526.119262913,281477.7793959004,[-0.68038949  0.20017792  0.70498152],[ 0.56928063 -0.46142808  0.68044375],[-0.46150808 -0.8642991  -0.1999934 ]
31,122948.43206090324,197417.38970190752,189443.70056572705,5973.112951363698,2631.2752357648583,3416.4536313634817,3764.662660308215,1670581.1397941527,1670320.517385557,35245.18167022672,[ 0.19002674 -0.73881881  0.64655751],[-0.89209032  0.14505334  0.42794205],[-0.40995696 -0.65810812 -0.63152909]
46,45608.591488819206,171720.51285405987,24335.436688575133,7792.838515884553,6601.597832847623,3865.256028284809,5592.085934159491,1218291.329816579,1217127.451198248,63912.434577792796,[ 0.09915498 -0.16527922  0.98124975],[-0.96220045  0.23544049  0.13688705],[-0.25365051 -0.95773199 -0.13568664]
6,105073.92574109907,171494.2763973826,2367.461668626834,1326.9048655407446,1262.8399802630452,1046.698317572499,1300.7590171947031,492707.05340795283,492700.46311479335,4060.096367811976,[ 0.43244356 -0.25302027 -0.86543244],[-0.73490859  0.45718815 -0.50088757],[0.52240017 0.85261934 0.0117613 ]
349,111087.49495189125,97217.32575202902,52829.37521807662,6990.893392543916,11924.916030946515,15825.987801260182,13967.667966509578,2953434.682376499,2942402.082632206,293819.6452147276,[ 0.4317634  -0.75840357  0.48826672],[ 0.56262167 -0.19666317 -0.80298223],[0.70500867 0.62140777 0.34178232]
6,56688.837230827405,155787.99667494206,97762.41471107543,2302.5700907717132,2440.2069913188284,858.6146311391692,2424.1511098788847,471501.74773125997,471471.49078542786,6068.444507064479,[-0.0215711  -0.52573538  0.85037462],[-0.9553957   0.26142572  0.13738865],[-0.29453987 -0.80948064 -0.50792457]
13,71363.08864320311,64585.552079152905,69562.6666625003,1924.6738977935865,2257.34284896929,3395.144792817227,2565.177938196151,428413.9887274246,428355.3913417592,13352.027612918218,[ 0.50931413 -0.82532119  0.2438115 ],[-0.61621805 -0.15198697  0.77277117],[-0.60072825 -0.54382432 -0.58598693]
133,87408.88391051063,87793.20014860772,102797.93269412387,6435.258259735284,7031.692658137739,10733.76108514826,4929.112978101453,1862315.0588415288,1859030.5177458357,155217.51994445102,[ 0.63132052 -0.76641515  0.1184999 ],[-0.55462419 -0.33939387  0.7597393 ],[0.54205757 0.54536192 0.63933869]
3,202935.05647121157,118347.79709815343,170228.53099667514,434.66975913258943,2469.9115010540568,994.0856484469884,1610.358969201734,502513.3940370267,502503.17607971054,3749.4551681851704,[ 0.63209037  0.02990304 -0.77431749],[ 0.33344241 -0.9125065   0.23695579],[0.69948404 0.40796776 0.58675751]
2,157713.37286648148,160989.61794426956,115774.90514109927,309.5141586515092,653.5889937896427,577.7614984578322,41.37744671711698,358317.8770676409,358315.49070430355,1307.7261162768098,[ 0.71997669 -0.23597642 -0.65264745],[ 0.30686367 -0.73524307  0.60436108],[0.62246949 0.63539968 0.45694528]
41,185763.90341348073,167222.16040906502,160241.2125659055,3385.5667528664394,5887.435339562668,3183.1796457056125,3197.337375956652,1901532.7472192745,1901341.1939997878,43397.71122615039,[-0.64978298 -0.00650126  0.76009197],[ 0.43168894 -0.82620836  0.36197294],[-0.62564106 -0.56332716 -0.53966265]
4,26869.663692307997,55839.446720150154,85525.13919425028,1632.454503645979,2327.236446243795,1300.151883139144,665.0465678076788,211317.78922297046,211240.2850449026,6089.430026926643,[-0.85243263  0.51807129 -0.07043265],[-0.45672333 -0.67228365  0.58261351],[-0.25448461 -0.52880699 -0.80969176]
4,53418.72686748217,6715.539802864412,114677.62644525444,3258.936589943205,1604.5109592617387,773.3483031949637,2028.7271596804287,253475.59865646047,253413.98674946092,6225.160884139267,[ 0.39560552 -0.90902658 -0.13102271],[-0.81575473 -0.41333108  0.40460059],[-0.42194845 -0.05317983 -0.90505879]
3,116604.78102945676,203454.53414549644,169244.96175327603,519.7572366269665,1222.8310789641366,1998.7397173562163,1798.3009087750388,500919.0391674907,500911.96480103186,2749.4135681207786,[-0.45689038  0.70886508 -0.53736531],[-0.79290593 -0.05074015  0.60722782],[0.40317661 0.70351669 0.58524601]
21,83876.56203084563,19894.52647277443,53662.48753306513,4478.067128269401,3394.1487356881867,2935.3840344425817,2649.623193044039,466013.77483554854,465695.0183101288,26420.538092829498,[-0.12084283 -0.85416335  0.50576871],[-0.54981358  0.48180506  0.6823261 ],[-0.82649987 -0.19562429 -0.5278533 ]
97,197304.60436522792,178517.80342113067,159816.5455892158,3643.3577150782417,7956.580617345044,9759.027551599844,8377.711443624208,3059028.6050355104,3058693.376315187,99226.42555884218,[-0.55542399  0.80390335 -0.21270542],[-0.53655241 -0.15103473  0.83024094],[-0.63530757 -0.57526334 -0.51522459]
23,199519.81813504678,174389.43379685163,8757.419994911026,3530.385973174112,7899.065756465602,3718.636886271543,7569.656437316876,1272284.9424779797,1272125.7991285485,26584.344295954033,[ 0.36523986 -0.4585138   0.81016353],[-0.54837562  0.5972913   0.58525831],[-0.75225263 -0.65803359 -0.0332832 ]
41,153373.02639656013,62835.60792036317,9456.097783680882,3358.351477103713,7289.628477264083,6011.339781010342,4562.859183319135,1064529.7395923347,1063860.8125005676,56792.15689720227,[-0.2974794   0.61625763  0.72919993],[ 0.24179856 -0.69024512  0.68197883],[-0.92360135 -0.37919415 -0.0563235 ]
14,90812.23139406879,127694.54529144718,171028.78658962136,1660.168288730055,2528.26987975498,3841.3838257298153,2765.099439513536,868076.8398994604,867976.8903196462,15131.425107041952,[-0.91817092  0.28656094  0.27357814],[-0.06072351 -0.78416233  0.6175776 ],[-0.39150329 -0.55042917 -0.73739603]
3,57729.981127239116,169330.99715498855,124345.30913502663,306.6558590256238,2472.0719462694738,806.5869629368991,2399.7401520250332,377389.2769951308,377385.9316881233,1812.751314839508,[ 0.82933902  0.11826389 -0.54608648],[ 0.49193382 -0.61798935  0.613262  ],[0.26494888 0.77724051 0.57070069]
3,56696.20273554145,176927.4913778977,118840.63833449785,1391.622822829821,1519.5030551406792,198.58286404118815,1497.1388163071797,382014.3638657208,382007.84246232914,2471.296846110059,[-0.64078913  0.55888149 -0.52634664],[-0.72338681 -0.20994424  0.65774991],[0.25710081 0.8022312  0.53881748]
26,194220.46446719553,88444.18184064141,7167.738328236455,5480.304463753215,4901.375838813108,2809.2482185517392,3410.8317738031246,1089459.8424726524,1089021.2580970018,35901.40552475733,[ 0.05903148 -0.2087622   0.97618319],[-0.41100999  0.88607363  0.21434625],[-0.90971758 -0.41387422 -0.03349711]
12,136695.4740006321,52358.1407010979,144006.9032886713,1437.4448528886196,2235.0935825632596,2892.386721328036,2748.4721973265537,711430.178842378,711409.2751538401,9725.624822366324,[ 0.74622084 -0.23757527 -0.62186209],[-0.00806742 -0.93730855  0.34840724],[0.66564959 0.25497192 0.70135579]
4,83523.75139550536,174280.42340042407,178082.7038952428,1275.364981342644,455.769137692029,1037.346341195396,1021.935838046739,525608.7859761859,525602.398672359,2732.2518725345444,[-0.29965301  0.74832208 -0.59179569],[-0.8995527  -0.01496937  0.43655568],[0.31782545 0.66316663 0.67764076]
2,25437.47613817796,8021.378667076115,40237.05331602399,748.8478118050934,191.83339377691846,1350.3085883070416,698.7308429774785,68305.91590685867,68277.62741402451,1965.640502862721,[ 0.27643615 -0.96088552  0.01679518],[-0.80391356 -0.22163032  0.5519085 ],[-0.52659857 -0.16606934 -0.83373553]
97,28169.054555391456,6524.449105704064,116416.20070179937,7235.580509476534,4599.712842340283,10883.18861547557,10469.35816454347,1188717.3829444929,1186390.226103621,89971.31756538805,[ 0.35475126 -0.93439883 -0.03240948],[ 0.90547901  0.35199476 -0.2370811 ],[0.23293627 0.05475872 0.97094911]
9,156837.85197311977,154163.5976392109,84212.39756583112,2039.1462711272782,2204.751574262746,3934.7105467616125,3583.649007518767,706626.50130387,706559.868683456,10282.969320237933,[-0.74045557  0.63830354  0.21046175],[-0.09056337 -0.40503774  0.90980366],[-0.66597585 -0.65460906 -0.35771937]
15,21858.275240291216,11372.25931422238,62606.412756115096,3133.421320104614,2170.9818586571596,3300.462756759222,4039.306440595458,261200.69048910326,261158.55863546507,11550.100047218039,[ 0.06421627 -0.98550368  0.15703111],[-0.9431693  -0.00852414  0.33220325],[-0.32604897 -0.16943978 -0.93004421]
165,145956.69625142112,30019.204335893002,20617.59244387291,7898.107991020824,10656.109971818365,11166.626345555484,7167.608457247889,1944419.5161487346,1935270.529547069,202320.8810517579,[-0.23443939  0.63664492  0.73465735],[ 0.05609926 -0.74559925  0.66402909],[-0.97051071 -0.19688831 -0.13908253]
138,142006.3298299929,132051.57952353105,7241.997924798748,14869.672318012525,13096.757290591213,6248.8488995910475,9067.150515794341,2292061.497791142,2282646.7634366797,219408.40515059032,[-0.2024396   0.16528034  0.9652464 ],[-0.65002001  0.71453448 -0.2586783 ],[-0.73245628 -0.6797962  -0.03721455]
26,77328.82265941001,22376.341259068016,4450.243877780786,4051.1629069482046,2122.86288986177,2076.7532354534997,4209.619817604856,411818.7779705,411743.77491864085,14053.474766040083,[-0.27698689  0.96064087 -0.02115128],[-0.05794152  0.00527398  0.99830605],[-0.95912515 -0.27774322 -0.05420017]
38,138375.51741965505,154797.39794968098,22285.663164512724,4720.533197252674,3372.9610457800186,6438.278815215893,4722.688944459919,1288229.3056478086,1287737.4116358147,44865.93061227602,[-0.74777316  0.66263894  0.04177253],[-0.03965501 -0.10737511  0.99342743],[-0.66276903 -0.74120188 -0.10656918]
13,55386.76744673664,138810.84160931525,167938.6761566798,2688.9331469780004,2692.2967645661274,1453.8228161863947,2349.993986244535,810673.3556753127,810631.5289825908,12031.126043750979,[ 0.7012538  -0.64562076  0.30235235],[-0.66896106 -0.4493036   0.59212953],[0.24644312 0.61749503 0.746971  ]
31,42823.6735424492,65928.28161307285,181317.22621466182,2971.711460938348,7191.402096910345,3822.991297277789,5113.072597979861,1101305.9592545852,1100809.7182223722,38683.6434495793,[-0.95098038 -0.140158    0.27566656],[ 0.22066025 -0.93206851  0.28732795],[-0.21666881 -0.3340719  -0.91730616]
65,99680.96541856231,50302.564506128176,12794.797822881974,12147.126923518916,4490.1910573392415,4818.358584022512,11190.892957745697,912329.1746720985,911280.2599840674,63168.57622734673,[-0.19929516  0.14721565  0.96881835],[-0.41311214  0.88388348 -0.21929057],[-0.88860554 -0.44393417 -0.11533713]
35,125554.4653255144,51926.354378668526,115461.51758289599,7761.978467422853,4113.080140919757,6075.440428770433,8022.529469778027,1056578.1889708957,1056085.7184102638,41534.34605157585,[-0.45166406 -0.52046751  0.72464691],[-0.54744838  0.80300983  0.23553232],[-0.70448552 -0.2903253  -0.64761978]
56,90419.43416716254,84426.78927856009,16731.288128578388,3662.6885842841175,7207.675354782939,4082.034844221732,5814.904716667824,936131.9364718107,935671.6867767647,52095.32712469638,[-0.19330989  0.01252274  0.98105783],[-0.66272198  0.73566749 -0.13997471],[-0.72348522 -0.67722709 -0.13391271]
29,45299.187889151384,139369.88876847213,146870.47999245173,2173.134596961407,4725.742373091609,2902.9908650969146,4406.166415809646,1117689.530474661,1117624.9616230165,21538.722145343185,[-0.95348896  0.30132252  0.007971  ],[-0.20791406 -0.67659859  0.70638947],[-0.21824422 -0.67187728 -0.70777848]
4,75754.12663956246,8336.012281030495,5124.229697886981,424.7408485738961,1205.7725094533505,3272.1775123898638,733.3422917884778,152926.28177892626,152775.27564314718,6890.229693565651,[ 0.08220195 -0.94371929  0.32036969],[-0.09859983  0.31217954  0.94489259],[-0.99172623 -0.10926042 -0.0673888 ]
2,57991.77495156748,99362.19016331054,169709.95468661716,162.20281568913197,1095.393756294361,747.2426155397552,133.5395915491972,289962.5633925111,289956.47035421815,1879.7523452336352,[ 0.95458628 -0.05800055 -0.29223443],[ 0.09361325 -0.87280048  0.47901553],[0.28284551 0.48461867 0.82773375]
2,137587.569076607,106039.1898809099,95192.42677479037,1611.1655049456313,247.9685591492307,466.98641217323166,1476.270280343233,280139.6883316728,280137.20396100497,1179.8031518727391,[ 0.15681454  0.5392884  -0.82739182],[-0.702074    0.65008478  0.29065766],[0.69462314 0.53531094 0.4805631 ]
75,164027.9704846795,55420.48231156557,191230.34953915272,7377.957910283908,4232.782683835157,5482.938867472593,8043.774934097554,2235538.2488312055,2235340.9588287286,53190.85720881305,[-0.27561811 -0.83387514  0.47821221],[-0.72076788  0.50843329  0.47115735],[-0.63602541 -0.2148205  -0.74116384]
28,120700.42851580867,142459.48889254624,155424.17168053455,6136.98022200334,5615.946220535788,4804.848048224776,4089.809410071371,1286384.3802893974,1285838.0204675058,46069.50776764008,[-0.75115617  0.65978327 -0.02122383],[-0.43437006 -0.46980434  0.76850929],[-0.49707853 -0.58648949 -0.63948653]
101,38843.198206501525,84364.5657144611,185293.0553409018,5103.936630132764,5056.567082426533,9612.051818240254,7966.79443552121,2086156.5407401978,2084886.489495878,90259.63566732123,[-0.81526272  0.5721421  -0.08944336],[-0.54804591 -0.71240419  0.43832174],[-0.1870625  -0.40636644 -0.89435672]
58,158675.4102668859,147595.66495651286,37972.496154116,4545.7430395930805,6613.604405048756,6767.212058419763,3430.3454387979577,1676873.859905962,1676327.3082046474,75498.00621742332,[-0.5407167   0.38930513  0.74569898],[ 0.43315289 -0.63105833  0.64354017],[-0.72111304 -0.67097459 -0.17259514]
14,80170.12539478722,73998.62347817716,196014.6166241604,3212.3884752129325,891.6939022803722,2732.560694154715,2932.8067103729304,839514.3542806573,839457.74520904,11846.07118869653,[ 0.10661175 -0.94386241  0.31266224],[-0.92783585  0.01860039  0.37252471],[-0.35742771 -0.32981475 -0.87376637]
3,111288.58163805403,196460.5548385973,183312.9764019501,1349.0238670040392,407.7057905396741,320.46003420415497,862.3490545288876,503748.54193135037,503745.1427853257,2010.5455755780897,[-0.08201208 -0.6546895   0.75143574],[ 0.92024164 -0.33923677 -0.1951249 ],[0.38266086 0.67549987 0.63029405]
107,67123.10714687801,10075.743723345611,154341.01771467272,6691.83374451523,5078.9383473168,5642.014424531409,5208.697339425616,1746623.9107191951,1745498.990347195,89914.1056740192,[-0.31505906 -0.92819356  0.19797603],[-0.8616022   0.36720084  0.35043571],[-0.39796913 -0.06016864 -0.91542357]
49,4852.66650041467,176033.55798683414,188766.48801181276,2638.2292476760513,5322.7048005179995,4987.471566151317,5383.611862747848,1807812.4211651362,1807571.737036407,39007.137389480115,[-0.99470745  0.08666836 -0.05518771],[-0.10100435 -0.72628251  0.67993517],[-0.018847   -0.68191078 -0.73119251]
4,200488.97233879732,201711.02358425484,27914.90664469186,1480.079409696312,1011.5207593322859,1988.0434876761592,1611.722723680319,571555.9410958374,571543.6333946026,4273.98604552441,[ 0.67976522 -0.70408206  0.20539644],[-0.21376115  0.07769811  0.97379114],[0.70158778 0.70585513 0.09768892]
55,192101.16962613174,69822.94374952803,125258.11921838933,5112.17649454483,4145.92133333331,4519.623486276521,5473.348892868228,1778634.9625134415,1778497.9483248543,43152.51105753073,[-0.59617446  0.31744099  0.73743287],[ 0.04882513 -0.90247789  0.42796001],[-0.80136891 -0.29114408 -0.52253517]
