N,MEAN_X,MEAN_Y,MEAN_Z,SIGMA_X,SIGMA_Y,SIGMA_Z,SIGMA_R,LAMBDA_1,LAMBDA_2,LAMBDA_3,EIGEN_1,EIGEN_2,EIGEN_3
2,63358.212642117316,78049.08830651978,184934.7007419548,1968.2557994984345,882.5597780309181,139.97730505083746,1042.634504704416,297695.95015552035,297683.90650440165,2677.7877579771903,[-0.38209577  0.89101692 -0.245136  ],[-0.87371494 -0.2619006   0.40991496],[0.3010399  0.37080576 0.87856591]
6,20882.87569365604,152798.90639637972,68268.0764082357,1622.852003572217,711.6026333442991,815.0659814483239,726.5801214191459,413142.09610923595,413121.26496333344,4432.580193871639,[ 0.3682631  -0.42074362  0.82907002],[-0.92143965 -0.046411    0.38573955],[-0.12381949 -0.90599163 -0.40478131]
27,70293.35939041273,121808.04964751157,158634.35175205284,2188.891579214616,3784.5091298183966,3635.7249037599536,4351.204647395571,1101896.809794224,1101881.3151822519,18987.717044795296,[ 0.93433911 -0.3099652  -0.17587495],[-0.13087474 -0.75744069  0.63965257],[0.33148488 0.57463483 0.74827307]
498,162673.57856923525,193426.25302265698,20900.18173367237,11854.322430099426,7901.090092056727,18271.159019920164,10046.261617769786,5678393.514933072,5668185.686012437,467045.629978598,[-0.75795779  0.61425053  0.21953651],[ 0.11605935 -0.20419535  0.97202597],[-0.6418958  -0.76223392 -0.08348194]
6,135198.6009173433,69081.21150813528,79038.15893907538,1020.2018919017587,1831.1598087198724,2658.5341216241336,1380.5932199320591,419335.4704842733,419300.50610023894,7567.193844366627,[ 0.12344961 -0.84218055  0.52487343],[-0.60080439  0.35753343  0.71498526],[-0.78980648 -0.40361091 -0.46184841]
1815,23791.872433965833,46010.94059689422,33625.7174429174,13476.380344109455,22134.092934921777,23433.694714152156,20017.508445218813,2966855.3407136058,2806068.4016318945,1264391.4128174344,[-0.92168219  0.36636089  0.12759955],[-0.09969502 -0.54154185  0.83474147],[-0.37491712 -0.75664531 -0.53565384]
90,68393.69753217795,77232.0136150951,175712.071219416,5548.374157538986,11304.351354524826,6194.399604395442,4305.011517746847,1937228.5784059134,1933782.000908705,127204.15614795947,[-0.91252937  0.35780011  0.19816464],[-0.23336217 -0.85335564  0.46618263],[-0.33590511 -0.37916121 -0.8622091 ]
882,177151.7626940621,85218.37553235807,54227.392995329006,14723.940948699428,11530.760548888577,20972.77828214096,16002.189404887551,6106149.452770402,6081263.216059044,694925.730399502,[-0.46990667  0.86466426  0.17760475],[-0.1565746  -0.2796587   0.94724622],[-0.86871867 -0.41730892 -0.26679794]
78,157167.92010576135,114173.36305916266,25886.523671027917,5340.55257673622,3999.6288851352397,6651.326764044469,4938.665759955093,1732450.0421858404,1731766.4477050109,70755.40963312327,[-0.56326939  0.81117671 -0.15722574],[-0.19858075  0.051807    0.97871432],[-0.80205566 -0.58250182 -0.13190278]
10,138343.16200653775,95374.48513789837,5203.3206293944995,2554.353466951632,3328.712561132949,2637.574657628976,3142.045909900864,531831.1819609139,531736.7650900014,12115.784057058609,[ 0.36831572 -0.57400081  0.73134575],[-0.43272869  0.59039766  0.68130499],[-0.82285443 -0.56740962 -0.03093388]
1368,80243.89377705124,165435.59132558716,117819.17438233552,32420.026259871236,17434.50364184363,17844.350718163492,16456.257474241225,8204302.944798699,8112276.894160306,1391776.420866695,[ 0.25410542 -0.63850642  0.72645715],[-0.89465508  0.13019025  0.42736728],[-0.36745438 -0.75852492 -0.53816096]
2,38341.78176429165,97188.64203252853,57691.12254574817,1031.138309977392,177.5821368735851,730.2932608229021,539.6406096565333,168793.4720269271,168785.551847498,1635.1411072334122,[ 0.58858404  0.22817485 -0.77556758],[-0.74184907  0.53370709 -0.40597622],[0.32129236 0.81430521 0.48340277]
515,91690.65484807704,39281.97379729224,72850.03236796583,14628.150362334374,12694.2748453314,12503.683538502662,9455.011010659686,2844491.9202168626,2819045.752800486,473664.9841811686,[-0.51378359  0.83485252  0.19760488],[-0.42430995 -0.44746219  0.78723482],[-0.74564569 -0.32062262 -0.58413496]
4,72205.3716907009,58814.49297941015,31174.454702929655,985.0767303444644,2216.500917230733,1022.998709514703,1961.014662853419,196482.54213023742,196455.04667265175,3509.8144036369777,[-0.61416479  0.390357    0.68587392],[ 0.28701161 -0.69910208  0.65488977],[-0.73513669 -0.59906401 -0.31732689]
2163,115663.54617299607,100807.6028810895,145182.96633838594,26084.76113919022,26216.996618684963,22360.823138270167,22652.87503335749,9987688.082333788,9926517.160028782,1676037.6449738299,[-0.75083283  0.6418544   0.15579788],[-0.36393938 -0.59888616  0.7133607 ],[-0.5511789  -0.47891365 -0.68325949]
5,33695.88545032194,202407.56888340026,68238.3780295849,981.264948368634,817.9211686358713,1130.6971397858595,993.6033759336608,483546.84893601993,483538.0572490805,3102.310784221794,[ 0.76083004  0.09000682 -0.64267909],[ 0.6299627  -0.34024951  0.69812411],[0.15583532 0.93601765 0.31557298]
979,102068.28143577544,126302.4321711857,45282.135206787745,26187.5863845463,10276.415448462203,18184.040487331637,16908.00817400774,5353146.372294387,5327803.911109879,896136.8177833686,[-0.18294822 -0.20201777  0.9621428 ],[-0.76912584  0.63898316 -0.01208162],[-0.61235235 -0.7422192  -0.27227792]
88,25813.263686181617,63299.96403598392,67879.09674045174,5948.155360476929,10114.536439057643,4734.591585180676,5072.5784893969385,910242.2782181716,906291.1294007001,108123.60681483676,[-0.83274483 -0.20993856  0.51231031],[ 0.48556673 -0.72150952  0.4936081 ],[-0.26600939 -0.65981043 -0.7027725 ]
108,66057.21310286835,194728.8592496613,198232.88932847476,6180.044172961921,5285.360100684452,4090.0620005977394,4062.0710180450455,2969280.152920795,2969045.8713857895,84487.25457741716,[ 0.01950196 -0.71643864  0.69737748],[-0.97269316  0.14775109  0.1789906 ],[-0.23127406 -0.68182497 -0.69399353]
598,144475.1882591728,14773.106944421268,175672.0913354274,17925.53412085931,7998.213213125685,13010.269554296065,13976.002701178682,5599976.778534128,5587923.832301387,461765.1594643882,[-0.00905682 -0.99583592  0.0907127 ],[-0.77255194  0.06456534  0.63166037],[-0.63488698 -0.06435944 -0.76991973]
22,53154.29449236848,112473.36524524805,33256.5073946399,3929.945799824558,6072.309698847442,4103.3214123835505,7150.884813655027,605112.9446397922,605042.4474457938,19914.3908088636,[-0.81920889  0.23181042  0.52455765],[ 0.39810767 -0.42851845  0.81109939],[-0.41280392 -0.87329025 -0.25876062]
825,17657.138625469033,145692.63289045444,26513.087155062232,11949.238809353177,11720.118164572821,10398.538533897214,12214.367510331247,4314184.00183892,4304463.803682754,444762.08007957134,[-0.49835778 -0.09811461  0.86140179],[-0.8589104   0.19104988 -0.47515562],[-0.11795101 -0.97666446 -0.17948285]
432,58070.370369958815,182661.59705500692,164150.18763835597,15018.788569932929,12721.834784669974,12732.702674936589,10539.580594022824,5261760.5281733,5255914.519529675,431156.20983017725,[ 0.59610673 -0.63300025  0.49393061],[-0.76923671 -0.27397907  0.57724376],[-0.2300688  -0.72404845 -0.65024779]
3,180329.8784250385,156809.64736534897,81794.61323384638,1664.1028695980735,892.7204672580971,678.9469074447824,592.2799069142695,437500.14718979446,437490.22879025765,3319.6003957288153,[-0.07778923 -0.38929759  0.91782146],[ 0.69585995 -0.68047114 -0.22964746],[0.71395222 0.62081109 0.32382992]
20,58946.47611135091,9141.17977451942,37454.19484421912,3686.270715872113,3585.3401162598743,2381.528500276275,2661.240986560315,315771.4208522045,315454.0364231598,22457.849866231092,[-0.35645886 -0.60749645  0.70984868],[-0.41422906  0.78376241  0.46274266],[-0.83746723 -0.12909123 -0.53102174]
292,88901.46005480217,174595.7706801897,35568.03140461865,10218.61549679123,11086.603265580554,7336.474275908539,12346.161213695523,3413258.184639398,3410706.9164500763,194548.66198342014,[ 0.09731751 -0.24699424  0.96411781],[-0.88951356  0.41293559  0.19557564],[-0.44642461 -0.8766288  -0.17951886]
3,62370.82451962377,117896.80905378434,52785.930014756515,170.95841001494645,385.7398258430321,710.3719328797936,628.4839476137998,248456.07360986748,248454.4236467366,930.1728071193744,[ 0.887131   -0.46115781 -0.01822272],[-0.15473071 -0.33439114  0.92964562],[0.43480686 0.82189783 0.36800402]
226,103084.83280462188,176799.52080538333,196841.21691883611,11793.08934335891,12397.362272705557,4918.337632365238,6695.783513796387,4275827.119443135,4271336.234908067,247943.50991233625,[-0.53025711 -0.47345758  0.70332447],[-0.76627112  0.62264304 -0.15856926],[-0.36284427 -0.62301971 -0.69295777]
15,102230.8451029597,61963.005491684125,29556.679154747675,3395.771917509899,3601.2981494923856,3518.807761933994,3370.0852540822443,477375.20381583076,477243.23690191604,19570.30899074242,[-0.54260687  0.82820257  0.140208  ],[-0.12773898 -0.24633359  0.9607302 ],[-0.83021716 -0.50338878 -0.23945604]
312,190146.04920462644,61762.864396801626,148953.66336104454,10504.21837536254,11303.130570640196,16727.019346846373,12355.900325347715,4416313.503218636,4414924.478492199,337605.9354099527,[ 0.30985803 -0.95077858 -0.00284568],[-0.56856413 -0.18769184  0.80094107],[-0.76205173 -0.24656006 -0.59873642]
253,47956.688952555836,74323.15979394279,113740.03071815529,8529.322175738087,6751.1330290133665,10121.492285756913,6811.7197249384935,2301122.0658610477,2297252.7858910956,209824.07560017458,[ 0.59383487 -0.76496696  0.2493706 ],[ 0.73305331  0.38664033 -0.55959101],[0.3316519  0.5151066  0.79036207]
58,106207.25298714658,37819.72388384694,30997.501738262865,8812.217034205973,4947.975450514429,4343.9336080694575,7875.08142205128,894025.7187894785,892871.7781518428,58215.94376529954,[-0.22641926 -0.15457639  0.96168626],[-0.34958098  0.93444304  0.06789217],[-0.90913555 -0.32081514 -0.26561286]
415,190855.82201094477,50201.572264071634,16487.866538258353,9203.770749395368,9590.497086796173,9041.417607217954,9554.421328890803,4044455.3741805726,4042146.0958574833,262430.54881300614,[-0.23670956  0.6675209   0.70596348],[ 0.12377064 -0.69997581  0.70335958],[-0.96366457 -0.25386949 -0.08307148]
77,52414.60876782494,170358.91349160433,84920.50065011006,4061.6650624012855,7468.19135967818,4428.723389088264,6517.428810046543,1734125.592592673,1733844.753454448,61693.62512118635,[-0.69114853 -0.14084764  0.70885517],[ 0.67236488 -0.48499214  0.55920309],[-0.26502675 -0.86310171 -0.42990261]
164,129186.00176295315,169515.36547413268,158729.91869288197,9427.9277904309,8973.946699581302,6900.854195204245,5767.063733206463,3406371.376479167,3406028.1479943856,173339.90315341798,[-0.87132758  0.30326391  0.38577099],[ 0.0650725  -0.70780761  0.70340171],[-0.48636799 -0.63799639 -0.59699815]
866,17328.83727331719,110685.3519655617,83279.11845572342,11218.241928986808,16211.766298260829,19431.898269781563,17381.909343082385,4175773.1139600384,4152052.817785825,633992.8482934998,[-0.9876466   0.15669223 -0.00132111],[-0.09484167 -0.59104263  0.80104536],[-0.12473676 -0.79127502 -0.59860219]
12,165189.14891802834,181878.26714543207,144027.24500363,3545.5075300947888,1582.5152080419243,2119.853215337115,1876.5762815266128,986685.7509218123,986606.8355165041,13855.756152300095,[ 0.11515686 -0.67886401  0.7251776 ],[-0.80640809  0.36239519  0.46730687],[-0.58003869 -0.63860268 -0.50570914]
242,12190.529012207231,55975.492963245655,125898.52811330507,5628.2062606887,12500.583651727284,12631.830402169728,10400.121681435152,2169329.1624721517,2159889.5682004984,238988.31330311892,[-0.99481565  0.0831853   0.05849817],[-0.05223597 -0.91153379  0.40789406],[-0.08725385 -0.40272368 -0.91115334]
23,91794.63543584313,168337.23988810505,3790.974878085502,4568.117487645226,3440.1428845773407,2318.5398816220104,4180.882510261491,920168.6816754723,919974.1504963052,21890.12752063891,[-0.37281565  0.18284685  0.90971178],[-0.79483343  0.44295333 -0.4147676 ],[-0.47879881 -0.87770119 -0.01980714]
21,173322.66464812786,45665.15100411227,98748.77650000968,5475.406599203346,5061.646281549519,4067.0712676168173,6350.046044670315,938473.8393570178,938333.574194686,26010.76259169397,[-0.33037749 -0.48989935  0.80675234],[-0.41663741  0.84265931  0.34108439],[-0.84691439 -0.2234366  -0.48250606]
16,199803.8265206965,177749.80394853774,143556.22668242131,2764.4671382892716,3915.0216872333635,4968.590077630471,4732.934350411789,1214355.2414982792,1214275.1324826072,20018.184597614327,[-0.40662672  0.80537529 -0.43130657],[-0.63358438  0.09152852  0.76824044],[0.65819871 0.58565619 0.47305526]
3,91429.75044365528,22699.80679999205,97885.51616033241,553.5593038580513,1070.2078160233063,1508.0111494750163,1232.6355516780577,235327.85289908302,235316.99657169785,2568.3865954009552,[ 0.70859512 -0.42494429 -0.56330746],[-0.21212    -0.88967952  0.40432099],[0.67297701 0.1670111  0.72056175]
184,85926.46884046737,29307.70886219482,184735.07838273144,5977.125548440148,15757.2436993989,8840.118638961247,9598.98891709119,2803287.7756805858,2795991.5710958517,221823.67888609972,[-0.85058441 -0.2862227   0.44111533],[ 0.32057892 -0.94721517  0.00354771],[-0.4168157  -0.1444299  -0.89744341]
855,174908.50646220203,121589.7498892041,96702.79098291017,11869.961166465851,12935.368943156878,26198.884010566657,17815.081254939487,6893844.867617456,6867785.0476518385,771300.8896568532,[-0.64097851  0.72836821  0.24212868],[-0.17883389 -0.44848803  0.87571509],[-0.74643485 -0.51801374 -0.41772811]
130,38628.48940366634,82925.05766174471,186954.1776215716,4855.182864459142,8043.647486421157,9403.97831270018,7975.646269853779,2377169.144186336,2375672.7038940657,120596.38535058567,[-0.96709213  0.23618752  0.09459526],[-0.1745594  -0.88643669  0.42867121],[-0.1850995  -0.39805206 -0.8984947 ]
90,140449.2461060581,150381.8922070314,21200.32275936634,5580.030349447246,8553.15290623139,5673.509448721518,7517.4100647456235,1964871.012160235,1964398.3445670945,84948.29163755308,[-0.46532242  0.3183543   0.82590895],[-0.5682348   0.60798044 -0.55449887],[-0.67866358 -0.72733096 -0.10200693]
64,190626.93933400352,199764.2561575168,74371.60795576315,10201.088605007975,4343.918293496487,9596.92676120243,5200.176857315685,2290394.3571727327,2288445.393046345,109099.31609836056,[ 0.46375413 -0.66187438  0.58894347],[-0.58325394  0.27229685  0.76529031],[-0.66689351 -0.69841014 -0.25976205]
37,34508.613461929475,11284.213174149892,151229.71594114022,3516.4737250040303,3310.8970989732875,4607.503824141404,4661.934751892548,946791.3444310838,946562.4320708653,29320.106515057985,[-0.67358346 -0.70967159  0.20652251],[-0.70501985  0.70080539  0.10871436],[-0.22188358 -0.07237427 -0.97238348]
93,36230.79755248987,184945.89530993128,193217.3740330509,11032.42180282166,5042.251917190079,7320.807844480894,6714.4421441075065,2606121.2083137785,2604098.9365236927,119793.45550322572,[ 0.04837638 -0.72617254  0.68580841],[-0.98983932  0.05705897  0.13023973],[-0.13370803 -0.68514066 -0.71603383]
499,163523.7776086918,177259.369529232,193224.74720275323,14322.171103321345,16762.780386994833,8207.60317105304,17824.719572998612,6920115.416816049,6917667.6596317645,340542.7798969506,[-0.364244   -0.51077713  0.7787381 ],[-0.76625573  0.63962171  0.06112465],[-0.52931887 -0.57444825 -0.62436427]
61,138584.0286170521,40981.85706647852,7978.580192168321,5185.731149412703,3863.3425222256415,4085.703372907431,4831.234815815645,1131703.3307950962,1131364.64789102,46278.02534736298,[-0.23612773  0.66151322  0.71178926],[ 0.16509609 -0.69454222  0.70025309],[-0.95759437 -0.2828628  -0.05478744]
135,67482.71600430126,82095.74823846588,30552.089478741094,6158.53653355314,4456.4437597641945,15042.838810139072,7718.5086488566985,1298119.4176811525,1289382.1222828927,174315.11039539694,[-0.76522541  0.64285952 -0.03408388],[-0.20673997 -0.19526195  0.95871339],[-0.60966274 -0.74067834 -0.28232416]
9,124260.25906211435,171142.06356790013,53511.11622499987,3929.5087067415952,1788.8539291621184,2408.126206102849,3091.979627722277,654636.1788241134,654555.7365322008,11576.59108529686,[-0.49526857  0.08942568  0.86412505],[-0.65585996  0.61380365 -0.43942325],[-0.56969883 -0.78437754 -0.24534693]
60,173086.68305446874,4368.849792052841,116683.3274685781,5531.123518522121,2413.643575793242,5368.100319380231,5550.741517628551,1618387.2861638877,1617951.4247467585,45324.52540775235,[-0.0610108  -0.98995243  0.12756121],[-0.55590259  0.13984477  0.81939963],[-0.82900542 -0.02091938 -0.55884917]
184,102979.0391793713,191089.73075840579,13398.849916287485,6300.062419637643,7884.077562960055,7574.175020784836,7097.822663483619,2954164.178604885,2952573.0364777544,141539.39390156223,[-0.63571849  0.38908667 -0.66668851],[-0.60986404  0.27629578  0.74278294],[-0.47321016 -0.8787902  -0.06164363]
297,140769.74068425997,198833.68962856266,86664.66936256291,16436.877430549543,4227.547699647318,16371.692664352964,12777.9120352679,4472328.642307062,4464290.574186797,338463.0287445031,[ 0.69375065 -0.18831989 -0.69515873],[ 0.46968848 -0.6134156   0.63491262],[0.54598789 0.76697908 0.33710579]
9,65826.38834499984,36473.515406727056,46647.4989658751,1333.1067054885934,3403.218916258088,2169.0777685149083,1791.4746246185423,265878.93269106676,265726.0992978187,11521.404871999284,[-0.37378826 -0.39749323  0.83802236],[-0.55504358  0.81974047  0.14125222],[-0.74310764 -0.41234051 -0.52703543]
90,120533.72475424698,10189.341719427595,35279.22842394037,6478.584046331586,4404.758258495735,3721.620055880903,6144.008383215513,1197554.3872594472,1197437.6691526105,58098.9738432292,[-0.28913699  0.36589181  0.88460329],[-0.03089635 -0.92715791  0.37339473],[-0.95678901 -0.08063121 -0.27938037]
7,13714.397818489042,174612.9578094881,127302.00824022165,2390.849966835158,2428.2541671672734,1482.8907242094501,1783.6564397757813,572944.9232306355,572907.7043553072,8615.887197894248,[-0.70919112  0.45086835 -0.54200155],[-0.7021585  -0.38255011  0.60052382],[-0.06341443 -0.80645716 -0.58788219]
141,177126.9654172072,155914.73546641698,101738.51881652574,8880.136050386976,9449.10901924664,10936.6762452895,6680.528151849117,3056833.534305386,3053610.004834243,184378.16383297648,[-0.7083305   0.67886048  0.19343307],[-0.15080735 -0.41324166  0.89804703],[-0.68958324 -0.60694298 -0.39508882]
17,54882.10586522198,189817.37315666772,10110.551373623384,2900.3662801577548,2860.2855721668375,3460.710195483545,2444.2149664636563,815965.9694179557,815912.2701421127,19616.676935749278,[ 0.70369502 -0.23908442  0.66906798],[-0.65416092  0.1494902   0.74143521],[0.27728472 0.95942239 0.05120417]
133,189120.65807019768,176311.20332855993,47590.0385943604,6450.286646123991,5565.4290236544675,12220.08341451154,7147.718119860479,3036029.3615082423,3033813.634633107,150568.4532976976,[-0.68705121  0.7253034   0.04353868],[-0.10257913 -0.15614052  0.98239384],[-0.71933174 -0.67048872 -0.18167753]
345,111442.29208812868,96753.8906898289,52430.548868602666,7556.961455954836,10449.490786086746,15398.63999264507,13556.913662363768,2931415.617301363,2921502.6855297056,274681.057215366,[ 0.4680782  -0.77224444  0.42958274],[ 0.52771129 -0.145657   -0.83684218],[0.70881845 0.61840324 0.33934324]
4,79450.61529703211,158354.70968958188,111534.86047523553,454.83625084507145,994.851955051886,1172.7612414049458,1210.4711482047987,418717.4093920763,418713.4975103656,2104.63842804375,[-0.39487038  0.6531802  -0.64609056],[-0.83670115  0.03480509  0.54655264],[0.3794846  0.75640216 0.53277313]
222,150240.7769904674,77086.25954053472,118373.11511496062,9813.354119652597,10358.042728394277,7834.157520995677,6366.272345722135,3079328.6801154246,3076950.232620926,222812.7675904074,[-0.34813045 -0.51944782  0.78037117],[-0.58964996  0.76848367  0.24848696],[-0.72877851 -0.37363995 -0.57382495]
18,73389.50753148553,54884.30970319227,92756.18127742982,2779.448135832564,5625.220937963924,4215.211156832748,4958.257983538676,553958.0827784238,553785.4305371272,24117.27873402148,[-0.82385751  0.21280454  0.52533136],[ 0.0701305  -0.88144781  0.46704547],[-0.56244157 -0.42162067 -0.71126331]
113,65410.73993013739,11813.053326158855,155496.36773046124,6968.611816260983,5304.554682480288,6868.640290879289,5450.86118525816,1801094.2682307304,1798952.900146586,103918.79490868784,[-0.36022567 -0.90639153  0.22066231],[-0.84923471  0.41651554  0.32452305],[-0.38605422 -0.07049256 -0.91977874]
13,144307.50546568615,154551.6884829598,53715.20621984779,4405.305802275865,2886.8261961288053,1715.029262019041,4351.724827370678,786848.2449423415,786776.8657228563,12289.512998239023,[ 0.18362927 -0.4712774   0.86265747],[-0.72707203  0.5254881   0.44184672],[-0.66154861 -0.7083501  -0.24615762]
61,66907.1636921492,140433.09845624902,199440.40473197677,8592.53738430583,6118.67502398891,2969.2838388464984,5980.917038171137,1977055.1302528842,1976290.8471417825,71182.17252519236,[ 0.36921617 -0.81359947  0.44914955],[-0.89075794 -0.17199645  0.42067507],[-0.26500888 -0.55540357 -0.78822406]
48,75208.05378999478,59648.06778162541,199544.30904162955,5105.653183844012,3280.5576590831965,3050.700237000203,3213.9844822285686,1534708.0383643955,1534423.90086699,41506.61324747033,[ 0.31790807 -0.93459854  0.15956197],[-0.88516605 -0.23226343  0.40315601],[-0.33972861 -0.26940538 -0.90111332]
145,12846.148272620203,49304.14203175634,158017.8562676396,10376.488761084816,10066.679278742657,5843.8522911173,5293.2102377105675,2005987.9327128113,2002340.0680826118,176569.86575590164,[ 0.68952413 -0.70532916  0.16452126],[ 0.7201568   0.64353837 -0.25929239],[0.07701074 0.29726947 0.95168283]
16,3780.775524664058,180261.1487782927,9035.795162734274,1944.6784294202585,1739.4680708392739,5228.271412798219,1874.6357682957396,722450.0989673327,722183.4674198893,22139.12083055611,[-0.98801806  0.02831122 -0.15171941],[-0.15291688 -0.04646186  0.98714625],[-0.02089815 -0.99851879 -0.05023442]
16,113889.5216574082,203530.03020065243,174623.45348492882,4011.4960110496495,913.0003317092287,2829.879302188871,2876.8604107367664,1165568.6310621016,1165512.1828740423,16300.344593653637,[ 0.28321952  0.52830495 -0.80042525],[-0.87574549  0.48269427  0.0087223 ],[0.39096872 0.69849848 0.59936912]
114,45798.53866874126,157855.82582102538,15410.961575015448,9127.778160347727,15778.571508019751,8924.429102140688,18047.056104745363,1775527.854780745,1773563.2948632748,98403.04297070789,[-0.8249335   0.18696973  0.53341076],[ 0.49126978 -0.2295373   0.8402182 ],[-0.27953304 -0.95517273 -0.09750043]
5,37138.31606625193,140771.22697368747,180201.74477391096,1396.0903578458574,1736.6978296507284,1555.643064280551,1980.189512788963,518050.0254480477,518039.8159068002,4170.039940816899,[-0.14536932 -0.76491662  0.62751121],[ 0.97631128 -0.21364254 -0.03425122],[0.16026242 0.6076672  0.7778538 ]
344,145561.88594305745,13492.30479672901,14687.800779139996,12620.912670675894,8747.738017067782,10959.351231571554,12690.800206001428,2742758.1169856,2739760.8127336144,258946.05655209327,[ 0.05155936 -0.93866838  0.34094471],[-0.12573125  0.33258107  0.93465581],[-0.99072362 -0.09105766 -0.10087229]
24,7845.204298193959,131354.4241243791,178572.97063587894,3477.872544219565,2769.3075457032764,2344.1777751604745,1914.3783692886873,1086877.382690685,1086819.3953504933,22756.177733299148,[ 0.48219407 -0.71567365  0.5052723 ],[-0.87535122 -0.37032495  0.31083707],[-0.03534296 -0.59217451 -0.8050343 ]
733,119745.6847562878,13123.227109269128,91090.1730047274,12469.881215625726,9375.046866922197,21211.112723339138,18831.596071579548,4142875.959477152,4128469.686862172,496188.0749949394,[ 0.15851488 -0.98511583 -0.0664819 ],[-0.5942111  -0.14895539  0.79039576],[-0.78853421 -0.0857852  -0.60897841]
36,164836.4072997133,192157.65670304038,129723.4121548081,3315.6856515477098,5948.413239701207,3577.081749737681,4998.418238931595,1707346.5677438336,1707198.0259313926,34849.34896989883,[-0.32285891 -0.3235007   0.88944332],[-0.74843102  0.66250108 -0.03071366],[-0.57932126 -0.67560315 -0.45601234]
55,28157.93088712976,195068.1128800745,40811.930890717085,5602.966597319236,4589.998320853484,6802.231118189805,3892.2076664290203,1494123.5793276227,1493301.7424368018,67902.70447116792,[-0.87179126  0.21761153 -0.43889089],[-0.46942217 -0.11490314  0.87546565],[-0.14008148 -0.96924841 -0.20232323]
239,163486.38167490953,152869.4494374453,147435.3488075195,7557.603185815246,7751.4595851961585,7748.777613698768,8247.796887976894,4147165.1879673353,4146848.817888398,161444.0102016311,[-0.02580613 -0.67954345  0.73318125],[-0.79204775  0.46137401  0.3997429 ],[-0.60991344 -0.57039875 -0.55013713]
83,163852.58999473782,55024.71639295808,189299.0235535336,7194.7427237763495,4303.900447356855,6801.907100521089,8556.490053849348,2337169.362485006,2336915.587144392,59930.51682910595,[-0.17141172 -0.89632937  0.40891526],[-0.74963819  0.38798055  0.53620301],[-0.63926568 -0.21462702 -0.73842714]
10,133001.61945335867,47852.40667363378,119972.58716895603,2840.196364338838,3027.4226438642354,2334.9646571415756,3993.2128241650203,586465.723302062,586428.8784525729,8180.015064321977,[ 0.6714917  -0.0087441  -0.74096048],[ 0.18571144 -0.96603265  0.17970024],[0.71736334 0.25827206 0.64705903]
69,55807.1091138363,13441.949971028635,190519.62217729012,8335.81096288714,8107.342840003047,6043.091402368547,6648.503631510223,1656095.9538871052,1654078.9359681702,94239.31318351574,[-0.7070342  -0.66019296  0.25347168],[ 0.64897828 -0.74812826 -0.13831592],[-0.28094452 -0.06670353 -0.95740316]
66,26941.176492689145,134867.1249088062,200236.0477388939,10688.316745164691,6029.560229059798,2418.911487537574,4278.3393519947,1975715.4511764024,1974163.6276349542,95519.1671853212,[-0.04860849 -0.8252394   0.56268744],[-0.99264058  0.1024704   0.0645329 ],[-0.1109139  -0.55540954 -0.82414704]
12,53438.34365509422,6374.587121660152,116321.7918194622,2897.419172391753,2540.209256624838,1194.9018185223088,1707.7970227005994,444144.1685532419,444088.36519937677,12701.247237707134,[ 0.58476063 -0.77909992 -0.22596086],[-0.6957666  -0.62491455  0.35410541],[-0.41708973 -0.04985088 -0.90749713]
30,70043.5736971649,197691.67751801366,2635.5327821472147,4717.567889293013,5542.271559406285,1910.9042699009478,5940.711950468811,1149542.0769532488,1149347.8243267292,25551.421466939977,[-0.09095645  0.01888236  0.99567584],[-0.9381694   0.33371889 -0.09203192],[-0.33401362 -0.9424835  -0.01263903]
79,196579.98588813117,180197.32653850573,164698.68878305386,4075.2199557880544,9074.707593896132,8486.708166789622,7156.894857828297,2787882.927334697,2786987.9229533765,97002.40741527695,[-0.01572876 -0.66517661  0.74652039],[-0.77909932  0.47611573  0.40782111],[-0.62670316 -0.57519901 -0.52572736]
4,126117.39776925664,4180.204631580638,151480.91019980627,852.2486028915158,905.4523846263904,2211.8371651096463,2209.3949398011296,394339.3941166682,394332.30632824125,2507.565118821992,[ 0.59291671 -0.64973312 -0.47570647],[-0.48917026 -0.75986794  0.42815088],[0.63965791 0.02115635 0.76836851]
123,192279.68315185772,30369.078964101856,121749.90484063157,5997.726656646926,5375.520007996587,7117.559427759179,5929.164640809597,2548440.7282100515,2548022.5390930837,98909.30797213358,[ 0.04834679 -0.9844572   0.16883903],[-0.54443564  0.11574512  0.83077849],[-0.83740816 -0.13208746 -0.53037768]
24,134017.8163202404,161127.2579222103,136933.15135380375,2742.626461818031,2944.6706038665875,3115.5715438058746,3346.2656844984467,1226650.391312311,1226598.5835501133,18810.300380152068,[ 0.84341216 -0.44216843 -0.30519339],[-0.04542912 -0.62470581  0.77953759],[0.53534299 0.64360682 0.54697179]
99,159554.5069489421,33996.42719123574,61727.33810793589,4782.194109808631,5925.197426295955,6825.901423331063,5157.546927204714,1737905.5141046122,1736825.4716508263,87816.28216638068,[-0.04255476 -0.82435997  0.56446411],[-0.40213015  0.53132403  0.74564477],[-0.91459304 -0.1952573  -0.35411037]
3,3803.5864190182983,124929.73951174608,200422.2604068598,512.2025082798999,265.51562342189027,1555.9711020962113,1409.173559912796,409121.92607289326,409120.28096687904,1518.548133877876,[ 0.85505442 -0.44717824  0.26251392],[-0.51828849 -0.72131697  0.45943321],[0.01609279 0.52889834 0.8485326 ]
13,74033.07360501068,33490.15989966401,33485.75567666163,3772.7987261410335,2844.121570893735,3523.2901431220894,3048.7371175087815,317557.97679659043,317092.559380796,18186.27086711919,[-0.46287337  0.87377409  0.14922159],[-0.27462728 -0.30141653  0.91308703],[-0.84280965 -0.38166335 -0.37947989]
41,104782.16935681218,64177.44041967728,79957.46319693566,3494.56909932885,2820.16993914404,4532.125080508486,1916.434097755655,939422.3655797326,938927.6054017781,38991.45357207205,[-0.51842801  0.8550937  -0.00686752],[-0.46933284 -0.27781643  0.83817941],[-0.71481402 -0.43775884 -0.54535137]
10,153715.43674063025,47835.95859319425,21525.507284201085,2905.6119365040104,3162.955041803569,2500.455811694463,2393.7200789286953,513842.31816887495,513684.4315178504,13769.443760682825,[ 0.06404625 -0.57338304  0.81678024],[-0.31646006  0.76454929  0.56153131],[-0.94644129 -0.2944423  -0.13248631]
26,22963.670073502934,155902.21514252076,189287.53501839392,3578.941007727364,6513.583730168539,3487.891818953228,5337.796458551134,1256508.1453918428,1256238.6674816834,31809.315249810817,[-0.89947498  0.38451948 -0.20758019],[-0.42688205 -0.67173205  0.60543188],[-0.09336209 -0.63318309 -0.76835064]
124,105660.6182341368,160852.29367295996,67088.79358040492,15858.027206759578,6296.678497537875,5778.047592244604,6889.320602669018,2277558.8153011547,2271595.75321551,186046.9207089576,[-0.0845604  -0.33590401  0.93809277],[-0.85009435  0.51544993  0.10793963],[-0.51979721 -0.78833994 -0.32913675]
61,83303.17819958618,86312.40084082643,110211.35122981221,6713.305373806168,6259.464233630309,4440.194039868921,2736.5811119361347,1273915.7775991035,1273298.9035100034,76803.68884540931,[-0.211831   -0.68510991  0.69695914],[-0.83285633  0.49968174  0.23805144],[-0.51134915 -0.53004015 -0.67644621]
4,81731.1595409063,150827.30659284163,176252.55271165774,855.9692142171839,886.1469684533222,1984.0680976974552,947.5835833494856,491930.03030622273,491915.4602283583,4269.722421552069,[ 0.8006882  -0.58496287  0.12929362],[-0.4984833  -0.5308294   0.68537183],[0.33228422 0.61321985 0.71662306]
44,91291.16731761355,87015.81002332528,88872.99373727558,6034.869453875508,6615.5800978701955,2765.5106430538144,6600.681111697612,1024948.713915368,1024717.0265467745,44015.91460792026,[-0.79754948  0.51286629  0.31762085],[-0.11567372 -0.64675895  0.75387164],[-0.59205948 -0.56450955 -0.57514742]
83,70627.605221251,80836.12779712344,135866.31260214755,8385.62714902313,8103.411199584806,4873.603155363398,4095.1009801636137,1580355.0339890623,1579337.8459856617,108459.04940776287,[-0.13871121 -0.81737741  0.55915416],[-0.9025659   0.3367198   0.26831805],[-0.40759539 -0.46745475 -0.78444379]
56,22606.161355338798,22289.73391563713,196416.45578449892,5934.456426866181,3975.0662510495263,3464.6877828816964,3612.6973733326518,1489820.6180891679,1489453.5888270095,52897.379793424225,[ 0.2058804  -0.97471386  0.08686858],[-0.97193837 -0.19335375  0.13397809],[-0.11379394 -0.11201437 -0.98716955]
66,30817.149511395313,171890.22752666238,103861.87217361039,4638.424363063186,5829.494261864774,3833.789126863898,5509.778034852769,1651811.74114675,1651522.9743223896,51408.04270457541,[ 0.32886443 -0.53066673  0.78117924],[-0.93217294 -0.04985364  0.35856413],[-0.15133343 -0.84611313 -0.51106825]
5,100243.43759882989,127141.3380220433,196745.85511313388,2111.07254262151,2120.701002653605,1635.6698147562631,1242.2272621011857,569793.5002136464,569760.702472961,7098.196115848509,[ 0.6807123   0.40643383 -0.60946067],[ 0.61793713 -0.76540392  0.17975133],[0.39342656 0.49896732 0.77217042]
27,24758.72039760381,160912.3022217357,170218.79796658925,3192.5103427929052,3047.092715137549,2788.990126770207,2161.970869417256,1224159.0188007848,1224020.383357447,24728.894604012854,[-0.78361501  0.50433502 -0.36275848],[-0.61228312 -0.5281348   0.58837319],[-0.10515183 -0.68316896 -0.72265017]
6,10675.66489086499,154177.67759064838,200260.64007455006,2689.4459592232793,1656.9966659523302,1964.2319901837354,1277.361174450208,619680.0679335078,619643.356178315,8565.555561202264,[ 0.57436908 -0.66314604  0.47993489],[-0.81750934 -0.43447361  0.37803592],[-0.04217398 -0.6094834  -0.79167629]
24,156716.4916286586,65337.25781893631,6136.878682723567,2990.7457387184495,5083.806891832313,2306.299845056819,3935.871168220658,832852.9094419526,832645.2884187481,24157.42020190992,[ 0.02527372 -0.15329273  0.98785757],[-0.38575458  0.91014362  0.1511026 ],[-0.92225519 -0.38488951 -0.03613065]
2,152151.39325314766,6300.362050994394,144975.61393059255,1455.3743694004952,707.0052126022588,410.73884886129235,791.1321751161013,297356.5413530617,297349.2748156789,2078.810247444683,[-0.34001215  0.88488531  0.31838613],[-0.60058557 -0.46484336  0.65055178],[0.72366339 0.0299774  0.68950174]
61,135422.61412866498,137225.31220038648,3655.041587646043,11192.981911834791,7514.557407900232,2089.8893086319795,10545.132722665792,1509726.1148857947,1508366.970668539,68125.84804908294,[ 0.03497975 -0.060782    0.99753795],[-0.7103738   0.70057097  0.06759723],[-0.70295482 -0.71098936 -0.01867214]
187,191757.0223823086,182307.45558943175,110292.63019246105,6329.713612890065,5215.824435242173,8101.060077162045,5577.1206745265445,3922357.62550356,3921471.876504658,137520.66422990322,[ 0.4913121  -0.76679999  0.41307407],[-0.55782092  0.08721098  0.82536663],[-0.66891572 -0.63593397 -0.38488927]
5,12803.001556747757,66437.9299722561,190530.8258506215,1460.6876669242758,1596.5493587133221,1728.667008693245,2081.815868439099,452141.5584665973,452136.2304285342,4081.518405709539,[ 0.1846302   0.92407114 -0.3346703 ],[-0.98076589  0.19517584 -0.00215926],[0.06332425 0.32863188 0.94233281]
25,200599.87888859044,88848.73391704848,137666.27797702077,2898.0676114458397,3237.808633766236,4647.527167133378,2886.2237160012487,1295322.1757238004,1295254.109090749,28319.436310089517,[ 0.44738781 -0.89102864 -0.07689017],[-0.44728259 -0.29737134  0.84350967],[0.77445621 0.34298432 0.53158191]
4,36258.74537418746,151867.47942102942,83474.1312911807,1210.752088586379,1072.5708185540202,2117.1584604440204,1820.36776003103,354133.6050545506,354121.17376994307,3904.062202234266,[ 0.89950322  0.02501177 -0.43619763],[ 0.38593481 -0.5134876   0.76641034],[0.2048128  0.85773242 0.47153666]
111,36006.428785363474,13627.606155231233,64245.10897629387,9030.756833740945,5257.409204723525,7684.3851845741265,8476.073060145038,799532.4269162036,795672.0375119258,101672.6941682052,[ 0.10771547 -0.9825023   0.15194278],[-0.86943029 -0.0189702   0.4936913 ],[-0.48217046 -0.18528185 -0.85626064]
74,27984.305613422708,6749.232530256576,113903.48596799129,7851.0889575427655,4955.35010820017,5245.427985784376,5146.862246171955,1014288.4941715922,1012154.5474764655,79920.78370717175,[ 0.4108977  -0.91048674 -0.04665809],[ 0.8799454   0.40946014 -0.24091179],[0.23845162 0.05793353 0.96942485]
14,159807.48431754127,139883.10361879886,99738.97012926124,3260.0933559121486,2017.7745000112802,2422.265436421776,3547.458644719153,878068.9682863781,878042.4226221397,10602.809056657257,[-0.0403728  -0.54914651  0.83475035],[ 0.73106401 -0.58572246 -0.34996373],[0.68111339 0.59612692 0.42510851]
22,37748.25245276461,123788.45218321626,125010.97900015401,2413.5366453361066,3693.5918446478045,2703.686905236607,2441.63294730536,844242.8201419708,844114.0064818162,21426.666573302566,[-0.96952273  0.05444814  0.23887461],[ 0.12652759 -0.72363856  0.67848213],[-0.20980097 -0.68802808 -0.69469484]
120,13230.593490656163,100164.13149369149,168583.90531929338,6972.580002950578,9942.818907776309,5359.415178242772,6532.581606281265,2157026.5839963024,2155024.930021512,127342.94262415453,[ 0.83530582  0.44157232 -0.32753332],[ 0.54575439 -0.73798613  0.39689876],[0.06645554 0.51028459 0.85743414]
40,79022.70598340785,122051.46263457793,103901.21515437841,5209.809002123441,5269.428285878876,5121.079874023279,7706.87258707076,1131607.0513733116,1131374.4556859832,29612.260844654324,[-0.54991049 -0.30565826  0.77728468],[-0.70844749  0.6636122  -0.24025195],[-0.4423806  -0.68278245 -0.58147014]
24,20947.563165161966,197142.48939727162,9226.347683330574,6602.776852110071,2951.6739764755125,3315.4647775682,2593.778559661628,972968.4585944527,972466.083103071,36833.917229310384,[-0.29278849 -0.01358806  0.95608068],[-0.95034836  0.11437338 -0.28940753],[-0.10541769 -0.9933449  -0.0464006 ]
9,123162.99550323101,178294.57922642946,25038.04711715443,2302.354605134077,2809.9085066095918,1347.2032953373673,2587.21458264189,654518.8862529788,654469.0818080603,8670.049341404254,[-0.3913731   0.14267462  0.90910453],[-0.72668356  0.55819069 -0.40044244],[-0.56458666 -0.81735372 -0.11478152]
103,178177.33595363543,126839.13673816132,178329.3449611794,9141.783838024008,6441.959898166532,4002.2496007688087,8007.524847147252,2865963.5109562767,2865757.9612116814,88915.14951895116,[ 0.40699557 -0.88571862  0.22328712],[-0.65976249 -0.11599259  0.7424683 ],[-0.63171834 -0.44949778 -0.63157239]
2,83151.85785438505,163794.76652984202,191545.6353927785,374.682486530779,1318.8449262377399,964.7365693509055,0.27608750259969383,375327.85108696093,375320.36301085714,2370.8460418978248,[ 0.92296117 -0.01899436 -0.38442411],[ 0.22355032 -0.78659152  0.57558582],[0.31331762 0.61718149 0.72174723]
68,42085.16713223852,105557.03705982902,7286.476139421825,4091.840882723407,5373.043233859727,4803.847798357406,4707.343810170888,941003.6215027836,940289.1323798604,56214.39202850787,[ 0.60565033 -0.29234421  0.74008279],[-0.70511159  0.23387769  0.66941681],[-0.36878898 -0.92727347 -0.06448719]
4,177044.26350859948,49671.955518391376,161410.27863328633,1095.6650679842373,851.4202491531719,2820.7929884660707,2650.307650395145,489385.7302263434,489378.41112889315,3384.6095642194045,[-0.39562818  0.90517183  0.15537796],[-0.5656381  -0.37343697  0.73525395],[0.72355504 0.20299949 0.65974186]
169,97904.1473347319,168559.28746338453,175748.81266975997,5512.420101253918,15846.43642252456,8283.327592624111,7810.473025287854,3419787.3732568454,3414337.0153869404,221038.90796929793,[-0.91998641  0.16222603  0.35680207],[ 0.12097585 -0.74835128  0.65217728],[-0.37281342 -0.64315867 -0.66884758]
97,61370.3561148183,53528.63836544055,71226.518004663,4581.271977533762,11078.108751549022,10017.276655898475,6458.525372869021,1075001.2802609713,1068868.486055319,141354.650015415,[-0.81262929  0.47045057  0.34396205],[-0.13920387 -0.72981586  0.66932136],[-0.56591158 -0.4960293  -0.65855829]
85,89633.07086820305,84433.31260357794,14480.618687224049,4067.597526990941,9463.680635121806,4836.427659701782,8027.083400633881,1147212.8079446459,1146171.7040654772,74679.27234382828,[-0.45520961  0.34192187  0.82211535],[-0.52185752  0.64565686 -0.55748717],[-0.72142147 -0.68280059 -0.1154747 ]
11,64245.17664285816,79158.29574309193,82426.5588848189,2928.2269006482857,2583.3346113540842,2409.5249774028885,2661.6687194044575,435023.65469932003,434962.1171980686,12374.074520407688,[-0.85591579  0.1972896   0.47800101],[ 0.16454865 -0.77240484  0.61344479],[-0.49023657 -0.60371151 -0.62864976]
50,157268.40630653352,149995.96204856786,38496.96492430978,4376.166991016574,7192.11674316526,6341.214632062078,3556.6982111304305,1562141.4403898322,1561185.1743064956,70281.33654826423,[-0.51703761  0.34035607  0.78538517],[ 0.47450661 -0.64968654  0.59392835],[-0.71240128 -0.67975374 -0.17441117]
529,191324.3869741792,140728.4734803252,33902.47582931733,9445.498493500061,15896.518248096312,18372.41652044983,13601.409532216569,5545217.807614194,5531528.527597099,518595.55551375594,[-0.58082738  0.67983302  0.44773498],[ 0.16691555 -0.43887312  0.88290972],[-0.79673004 -0.58755207 -0.14143482]
