N,MEAN_X,MEAN_Y,MEAN_Z,SIGMA_X,SIGMA_Y,SIGMA_Z,SIGMA_R,LAMBDA_1,LAMBDA_2,LAMBDA_3,EIGEN_1,EIGEN_2,EIGEN_3
277,152670.232401422,13541.842580897968,15199.790234827746,6901.843112161958,7945.7385894235185,10839.946180502828,6766.769823422879,2573590.076805453,2567989.7529795887,225511.8484227685,[ 0.02754766 -0.86885225  0.49430446],[-0.12905494  0.4872625   0.86366665],[-0.99125473 -0.08758443 -0.09870673]
65,132957.13328284508,198476.7811468348,125159.12842717311,10481.802580618003,4888.335944345624,4325.75103413553,5070.430481872991,2176380.940775222,2174988.477717076,90664.98036053593,[ 0.06003355 -0.56086397  0.82572851],[-0.86779654  0.37946366  0.32083717],[-0.49327997 -0.73582534 -0.46393527]
423,93741.67898483945,179643.5670717713,28412.787435280457,11714.537658484609,14811.52676435321,12490.506230412097,15083.023000001022,4228846.980775996,4224692.760744724,348781.07254454243,[-0.81042529  0.47601401 -0.34149892],[-0.36518892  0.0453292   0.92982919],[-0.4580916  -0.87826871 -0.13709912]
1549,173089.24168586553,99975.51071442405,66847.71199973035,14402.035921647572,22460.62262945158,21428.122191030678,18907.71501466418,8373440.147140594,8359138.024424761,1123651.051261672,[ 0.03243528 -0.59505245  0.80303208],[-0.573438    0.64698029  0.50257871],[-0.81860663 -0.4767904  -0.3202407 ]
323,189884.38585919887,49788.04122834409,18951.729024917786,9617.081211395998,9309.822075632177,9815.21325325356,10132.437858619616,3554273.57909728,3551807.5791664603,235290.45995404225,[-0.26956324  0.8684369   0.41611659],[ 0.02273995 -0.4262512   0.90431897],[-0.96271416 -0.25323363 -0.09515344]
25,15247.3766649825,153057.7321286019,193165.50965130553,5208.776973647292,3811.9853964460876,4228.936995957816,4342.634876549117,1235166.3995578012,1234879.8165869818,31881.465221544924,[ 0.44098166 -0.72000934  0.53583741],[-0.89540582 -0.31201778  0.31763708],[-0.06151087 -0.61986407 -0.78229467]
159,199878.77374504428,45286.48997696548,162484.3770752678,3736.935627103929,14769.929107570899,8611.293970075503,7275.649728595234,3304098.2385929204,3300410.3529781373,199883.06130692502,[-0.58192744 -0.23071854  0.77982653],[ 0.27936106 -0.95727203 -0.07475065],[-0.76375248 -0.17435372 -0.62151664]
15,95007.9571393535,3800.0241158152835,110663.21995958149,4024.5331981812333,2234.522449766015,4759.831001895634,5820.544693354301,565613.1933660298,565566.3423491566,12280.757925786238,[ 0.52551026  0.70564101 -0.47529962],[-0.54759146  0.70809266  0.44581204],[0.65113943 0.02599121 0.75851295]
8,202455.43871169857,174872.95607199002,133993.1895914941,1487.65390159558,1979.471654366764,2033.61198269425,1794.8528428917878,846322.3135834022,846293.9090635695,7504.504629476612,[ 0.73501281 -0.57217495 -0.36382963],[-0.04358596 -0.5753397   0.81675241],[0.67665089 0.58446562 0.44782084]
2335,112451.94513410532,92818.712319698,146958.35924480463,28986.853093499936,29479.60380445314,26168.478475728505,20356.550130765452,10233880.061486438,10106084.4916637,2111791.8229960175,[-0.7000911   0.70842342  0.08949137],[-0.45888229 -0.54238441  0.70373731],[-0.54708271 -0.45161423 -0.70480146]
235,139512.73076267604,199387.93079657562,83410.18143459638,20000.19972934832,3851.315850713991,20180.288733072288,15993.696737963832,3965811.2820931184,3953495.0442356504,362771.3697506754,[ 0.70223177 -0.20672777 -0.68127393],[ 0.4582245  -0.60113153  0.65472986],[0.54488609 0.77194852 0.32740593]
1163,104793.50091439513,118522.23519808923,47175.355781523045,22925.302547748677,16436.048289221348,18085.425985748985,17094.95268047013,5716834.668940318,5692457.409685437,959069.232831334,[-0.25095626 -0.16165727  0.95440447],[-0.72830059  0.68101319 -0.0761531 ],[-0.63765132 -0.71420443 -0.28863961]
74,180764.30382732264,125983.08600034555,178735.35342105426,5288.394059917329,5529.205445922236,4363.324016158643,6301.525679709644,2441609.6404853025,2441371.127508643,53037.83075170665,[-0.77028557  0.39406889  0.50136798],[-0.02556477 -0.80466445  0.5931792 ],[-0.63718645 -0.44410002 -0.6298957 ]
811,17448.642109884313,115138.36796795293,83525.9591050812,11206.101190664807,19766.215868311334,19430.972639770433,16711.51609545524,4158496.6693753693,4117013.209245694,720672.9979794305,[-0.97534497  0.2055406  -0.08034462],[-0.1839883  -0.55631327  0.81034798],[-0.12186263 -0.80515129 -0.58041442]
8,59043.7064214719,52285.98538590547,167892.18812339118,2757.605388356517,4104.013118807691,1871.5315651881037,2380.3276774276287,524818.6428018522,524746.499401957,13342.731948355318,[-0.87973884  0.44357879  0.17116491],[-0.35318226 -0.85069263  0.38933834],[-0.31831095 -0.28206365 -0.90505151]
186,112434.13226901095,54633.47034879654,142307.72143981376,6048.7817906387345,6232.966257712399,6534.7875331936475,6710.413004893463,2586693.9457563153,2585719.6114692786,116341.9550284365,[-0.7189446  -0.22971236  0.65601136],[ 0.36153545 -0.92967556  0.07067864],[-0.59364197 -0.28798538 -0.75143438]
45,29352.821069731184,174600.24054387052,104353.96264474069,3933.0322865518788,6284.906016435653,3219.024552006448,5751.184661971067,1379519.293920841,1379369.2798391401,37934.615609121916,[-0.26905866 -0.46028468  0.84601741],[-0.95253342  0.25707754 -0.16306817],[-0.14243429 -0.84973476 -0.50760547]
406,128608.16485646444,14186.960613035264,104863.51811186198,10325.076592194671,10055.659413624888,15248.579584228053,10203.621134144525,3376157.4577612714,3368356.952054243,369068.3432272429,[ 0.20150631 -0.97240126 -0.11760523],[-0.60390644 -0.21787187  0.76669998],[-0.7711629  -0.08347233 -0.63114194]
99,10883.126681484333,153403.45349662704,127274.75188671984,4857.806904127557,8297.549428032778,3810.4686670819005,6957.904787891702,1988326.1985365301,1987993.7301966345,76840.23931165025,[-0.97511822  0.17826144 -0.1317851 ],[-0.21489091 -0.61402763  0.75946822],[-0.05446421 -0.76889072 -0.63705629]
29,135003.96743416632,162597.27726524242,134674.03032700397,3286.6487305377786,3734.6148463469817,3307.196932904662,3642.513813775296,1349866.894514874,1349715.947695521,25620.407671060384,[-0.78927898  0.61177632  0.05261585],[-0.29457711 -0.4524403   0.84173755],[-0.53876063 -0.64886633 -0.53731692]
44,142206.48875781216,148581.77668267555,97269.31445321688,2991.620542379059,5431.099111496281,6891.971429141055,5594.10144155941,1510058.9871600769,1509904.857221701,48997.538385034975,[-0.6299419   0.74541488 -0.21801344],[-0.46134868 -0.13334075  0.87714175],[-0.62476443 -0.65312855 -0.42789309]
493,150267.56927828275,16767.79048051635,174958.44247454137,11692.07980234951,7320.726229713235,14508.599224054551,13359.29099752435,5150992.210418355,5145299.1135827135,334234.4862975482,[-0.08297234 -0.9828691   0.16457195],[-0.7559775   0.16967832  0.63222408],[-0.6493178  -0.07195558 -0.75710553]
1512,24647.538136643903,45325.263991115535,25587.950517251327,13067.758535017043,15996.914674091158,15836.109774010454,15887.303101067475,2413332.5276640714,2365728.5112603703,810699.7600623515,[-0.86483596  0.21395699  0.45418186],[ 0.26255388 -0.57834034  0.77239103],[-0.42793015 -0.78723875 -0.44399429]
36,187250.36760632586,52320.344363160206,137282.8828919689,6379.366091341412,3009.5396634075446,3324.2301912666017,5081.673117295039,1428668.389025404,1428491.4145540814,35494.0287741291,[-0.16526947 -0.82538562  0.53983756],[-0.59450502  0.52011473  0.61322463],[-0.78692425 -0.21958883 -0.57665498]
120,67369.6729227013,82943.26492996374,30834.597197074778,6462.029247945359,3555.3085973496604,14713.03751361783,7307.964340323358,1230213.1525872578,1222361.8291155146,161194.35476849656,[-0.77782175  0.62833765  0.01360596],[-0.16760076 -0.22824128  0.95907033],[-0.60572544 -0.7437054  -0.2828409 ]
130,38866.2484584653,80322.89201197958,185981.01826644226,4331.888220675639,9040.735233814892,9334.622718282008,8766.143006540337,2356484.9647420966,2354767.1723686336,119042.53988669673,[-0.97920558  0.1455964   0.14127318],[-0.07628156 -0.90951305  0.40861612],[-0.18798284 -0.38934265 -0.90170658]
53,174384.73559073507,79104.45941736299,123343.67259879236,4283.85098403744,7670.444393901701,4436.461535732238,2359.0926536714287,1659445.2521959008,1658641.392273892,69476.02046417643,[-0.4034369  -0.39650335  0.82463553],[-0.50120784  0.84976345  0.16337923],[-0.76552555 -0.34740058 -0.54155652]
66,65453.91632084511,25053.52298021888,98026.96824679403,5494.768786250785,4411.653440625023,5662.801130233404,6285.170573060862,981083.2738455654,980968.3956659555,52534.12583434537,[ 0.05365228 -0.97549671  0.21337196],[-0.83780566  0.07228986  0.54116157],[-0.54332596 -0.20779879 -0.81339816]
198,87222.63439453047,186362.09047285828,103052.33868243218,5851.6591263846385,7536.71467107858,10688.60163520471,9085.710198989505,3243649.1543162055,3241488.480098465,155930.74123035293,[-0.83821038  0.50545635 -0.20473698],[-0.39236565 -0.29822324  0.87012189],[-0.37875131 -0.80967696 -0.44829752]
824,17887.42372157499,145006.44712477011,28275.017695052025,12858.629180443475,12599.791972923129,10059.998939957006,12948.156519569151,4305439.291626888,4295160.534818096,461302.52770471334,[-0.40756208 -0.12677799  0.90433428],[-0.90521679  0.18656766 -0.38180502],[-0.12031506 -0.97422782 -0.19079947]
337,184629.78004471218,177328.90952596534,108654.52846587075,11733.82631699899,11595.16970367361,12291.987814899878,13558.091310648206,5118182.854926339,5112342.043945393,283269.76060315967,[ 0.32066594 -0.71456986  0.62174213],[-0.67598411  0.28715278  0.6786669 ],[-0.66348989 -0.63791316 -0.39095775]
39,27619.419538178387,198270.53114836387,33789.19906052301,8797.696334287359,3872.8124512228355,3495.454307430219,4451.584720335727,1269279.653002346,1268325.063822263,57174.680576710074,[ 0.22586825 -0.19414726  0.9546153 ],[-0.96450356  0.093051    0.24713235],[-0.13680798 -0.97654921 -0.16623846]
25,155598.44868351775,156005.2393500352,34828.731117839765,4127.447510904419,2772.1845329805606,3941.959384352046,2867.272004107598,1115678.56101492,1115594.6951690111,28292.061196276896,[ 0.51904257 -0.34294043 -0.78293465],[ 0.49392154 -0.62723078  0.60218193],[0.69759324 0.69926634 0.15617381]
2,47913.27653671421,105041.78979077032,78510.92310645597,138.33647870993082,666.8579125842953,1705.0200254066876,1507.9114776414935,197467.95004609652,197462.39526004638,1481.1325304885977,[ 0.86671181 -0.48437557  0.11912577],[-0.36202731 -0.4465525   0.81824635],[0.34314263 0.75231056 0.56238951]
6,78973.20395406349,97801.11996470323,73307.2464459969,1808.2233645288336,2303.597252469331,2017.215722261398,2692.1745672016887,356539.737887203,356522.44993514393,5678.325689367346,[ 0.18888082  0.486799   -0.85284862],[-0.81845428  0.55794832  0.13720884],[0.54263858 0.67210149 0.50380846]
10,151632.70137752188,38642.37563818098,138834.31971304916,2110.4771101904194,1772.175145551791,3232.3452404923123,1211.724634688298,661643.3050966595,661541.4667105335,12862.082636415596,[ 0.38709988 -0.90611997 -0.17058804],[-0.56988812 -0.38056765  0.72828277],[-0.72483185 -0.18470208 -0.6637047 ]
123,60729.3992467225,54454.31916693303,70852.60939716714,4229.0874588628385,11486.030327182392,10417.475905574433,6642.810493681011,1209536.5223244757,1202223.463812476,163993.37990809465,[-0.82768023  0.36778602  0.42388545],[-0.0276615 -0.7811378  0.6237456],[-0.56051786 -0.5045366  -0.65670583]
17,78587.37873648008,144094.90127975945,40597.206639302196,3510.778415212005,2910.499717404203,2272.092782957553,3825.379955624665,697401.6877055991,697347.5040811327,13901.259629921316,[ 0.26143661 -0.39127556  0.88235726],[-0.84587128  0.34744792  0.40469956],[-0.46492224 -0.85216394 -0.24013315]
4,124304.85768366585,40136.22309836935,86360.83245267422,1966.5220195612976,785.5347319137167,2331.283475942747,1610.5980392890162,313241.05435658735,313203.5582591643,5420.853447574758,[ 0.33850586 -0.93960092 -0.05063488],[-0.50522082 -0.22688399  0.83263172],[-0.79382978 -0.25626892 -0.55150751]
1671,78287.13404039704,169654.37618010768,128892.83418417598,31313.7708977518,15975.268422167794,26393.89922695651,18842.40002943523,9437387.820602473,9324416.056771675,1626372.7702200436,[ 0.40186027 -0.66436569  0.63017978],[-0.84957869 -0.01374081  0.52728288],[-0.34164948 -0.74728135 -0.56995282]
94,180457.7486036683,137285.22313797922,20585.381956500467,5784.8333458525385,6372.289965053246,4822.353115696326,7305.203809506909,2209065.7313120295,2208931.7173541435,64128.55362200492,[ 0.59436407 -0.79702505  0.10715607],[-0.13652876  0.03130625  0.99014131],[0.79252208 0.60313431 0.09020953]
265,11318.169863663923,21287.48784664951,81544.03317453837,6299.113402859863,11445.804240947073,7152.386103865402,6342.923558416139,1401832.6623543338,1391636.1560079658,219213.47865727806,[-0.98706751  0.11937928  0.10698745],[-0.08788901 -0.96116049  0.26162192],[-0.13406435 -0.24883548 -0.95922242]
90,148922.9785558725,195996.76217649571,168115.73680381587,7420.6851581261535,4978.591215701272,6315.656061452537,4921.458796208539,2829291.1390050417,2828804.5995251825,92481.46352756725,[-0.64223631 -0.15572804  0.75052068],[ 0.58118348 -0.73733022  0.3443398 ],[-0.49975822 -0.65733775 -0.56404681]
19,173727.0343849497,189050.60663045358,169595.55984045457,3253.5864118308086,2629.238903307146,2605.427191665326,3099.7126388461547,1341415.8572654093,1341356.0347730273,16654.871258387106,[ 0.69766316  0.00154575 -0.71642427],[ 0.44098763 -0.78903167  0.427737  ],[0.56462026 0.61435059 0.55115998]
34,148984.1672939601,67180.0832340712,48826.687135453896,5476.532096935662,5418.7330292519155,9091.076669337237,5904.675459209099,996903.7246927118,995290.0240316467,59952.57195531829,[-0.48417417  0.63884841  0.59786961],[ 0.05119174 -0.66144832  0.74824162],[-0.87347282 -0.39288526 -0.28755243]
105,21685.000654086747,134388.5362105408,163468.18457112723,9261.618881342361,9488.786462394422,5343.261625854796,6684.580719305592,2184226.856422529,2181363.0828589685,129311.71953598982,[-0.60242117 -0.5756403   0.55292584],[ 0.79177071 -0.51857483  0.32276817],[0.10093506 0.63223286 0.76817558]
15,177876.05567468863,26517.330498252537,83674.72751969587,2413.759797026517,2987.626571468302,3719.4329742307036,3023.849429965727,768429.2716050153,768386.0984305522,17101.138395347458,[ 0.02890403 -0.96888516  0.24581721],[ 0.44168586 -0.20822998 -0.87267054],[0.89670405 0.13379768 0.4219242 ]
790,169367.18395308146,189115.8949795772,25918.614942055923,16289.811163678716,10922.474784627932,20080.92608721984,11338.977714941397,7208160.585573741,7187217.145686202,723686.3790710454,[ 0.63446809 -0.48576702 -0.6012326 ],[ 0.39478665 -0.46507557  0.79236873],[0.6645252  0.74009128 0.10330128]
269,108863.24849077415,11433.776805939164,72234.02067609885,6632.2354184696305,6773.592083953834,13330.236314031015,8464.714434743757,2165450.88231724,2157637.134642659,229799.36792724163,[ 0.22396555 -0.95704667 -0.18412252],[ 0.51347727  0.27644808 -0.81235309],[0.82836014 0.08739637 0.55333656]
28,194179.1757657614,152267.8579632635,38778.76181407786,5417.363946782479,5595.723961948791,3001.4976744075498,7391.482631436349,1322440.2899380513,1322400.7095415352,20514.31929203872,[ 0.44520927 -0.70739236  0.5489852 ],[-0.44451044  0.35761853  0.82129133],[0.7773025  0.60967617 0.1552282 ]
206,166030.8377529208,152396.1710869215,148359.24781633884,7793.22202787914,5963.327802260823,7264.925667987036,7188.880904514697,3875620.1824266864,3874937.6698339237,141350.66958981918,[-0.78663274  0.48263946  0.38505595],[-0.04796241 -0.66953496  0.74123043],[-0.61555547 -0.56460791 -0.54982667]
86,26340.21173835048,64880.45822605737,69617.0983972402,5356.226962719517,9340.296117548214,4618.193702805252,5575.444162394442,921495.1044271159,917866.200080708,94583.30657498818,[-0.7933038  -0.26586057  0.54771091],[ 0.54813863 -0.70342542  0.45247843],[-0.2649776  -0.65917436 -0.7037585 ]
193,118709.35897780056,18579.061084417044,36171.71298667995,11311.256366669173,14232.930147732104,7156.7878830122345,10163.937849034337,1762670.1388885353,1751074.48374472,227687.57111814572,[-0.30275587  0.08278019  0.94946634],[ 0.10964744 -0.98658069  0.12097926],[-0.94673984 -0.14073373 -0.28961646]
6,103595.72414206383,128548.89804891571,200381.52556340746,2221.6315780681316,926.4157657269571,1874.1393012497163,2164.093782379379,636005.920862104,636000.2304995008,5257.316195799056,[ 0.4436729   0.63235732 -0.63504219],[-0.80244512  0.59583027  0.03268204],[0.39904409 0.49508637 0.77178579]
432,165849.0447528534,179525.37138909366,194227.50881028495,12339.569756996772,14191.912434870967,6902.813028663556,13039.422016652265,6499399.253231758,6496941.61014757,315259.8040635336,[-0.29180222 -0.56447586  0.77215184],[-0.79536853  0.59159884  0.13190795],[-0.53126299 -0.57565424 -0.62159619]
97,96964.8238893544,194066.56512645824,194349.8049678032,5645.857797485592,5365.993139932569,5913.310179653627,6795.24530126969,2869986.4203483723,2869692.401763978,68941.7948879758,[-0.6903058  -0.30983012  0.65382199],[ 0.64232817 -0.67835844  0.35671327],[-0.33300515 -0.66620952 -0.66728738]
10,199753.6643739202,51025.56588339655,83662.26074242564,1716.877375142093,4381.865959634058,2812.5549543941497,2213.3057045199225,703759.8541664189,703676.7225523684,15889.902281058463,[-0.43704374  0.35750621  0.82533755],[ 0.05496156 -0.90528257  0.42123947],[-0.89775943 -0.22946191 -0.37599898]
41,31403.243346179177,93920.78455585234,135374.10620624508,3620.677775001888,4853.046039029533,3361.146131838987,2854.2620108886363,1074778.04646297,1074292.71815216,40259.86909733375,[-0.87540177 -0.27756593  0.39576369],[ 0.44562815 -0.78063513  0.43820582],[-0.18731603 -0.55996959 -0.80706057]
17,70746.62036520743,99967.22590817676,3411.6466189099046,3162.5185659585964,2590.3453209245154,1756.166145137445,3302.4383079110776,505447.3332499363,505359.8959433163,12377.11378790894,[ 0.35695397 -0.28321228  0.8901543 ],[-0.73415416  0.50415686  0.45480054],[-0.57758249 -0.81585333 -0.02796068]
46,196706.48074606867,198066.3848713139,70873.71431929772,2902.020553804396,3828.1873003462924,5988.4112472876,3750.3008789206824,1953918.335962909,1953627.7927600737,45507.281693749814,[-0.68869848  0.71855512 -0.09681402],[-0.24345279 -0.10340134  0.96438524],[-0.68295325 -0.68774029 -0.24614659]
16,86947.0023201362,173227.00776757096,197875.5115256576,3248.690652164108,2788.0200048115526,2614.785811364589,1856.3541660470544,1108107.164658434,1108000.1513682704,18614.10365184075,[-0.74306141  0.63020282 -0.22517584],[-0.59101583 -0.46011775  0.66256467],[-0.31394272 -0.62540872 -0.71435559]
15,202641.48531731445,175064.31683982248,189605.67360995468,1473.9191137532816,7896.646538696402,3155.47084233435,5475.001745172613,1271206.9399202315,1271001.1974777835,25795.498399674823,[-0.60805238 -0.14216315  0.78106462],[ 0.49905177 -0.83359521  0.23678335],[-0.61742986 -0.53376836 -0.57781632]
209,48373.70981098109,69453.69963714264,116812.48296890518,11171.508443849216,8819.998800930405,6534.246018755045,6186.06819175193,2094486.2245464383,2090457.4933016445,209293.68794306854,[-0.50411364 -0.63428151  0.58613685],[ 0.79549631 -0.60525416  0.02920653],[0.33623661 0.48099311 0.80968548]
102,11117.959445037115,118230.98426107157,155459.70651212404,4980.157125886045,6834.971471176381,7998.731654452741,5831.290796455423,1978532.4902653964,1977287.1150657544,102201.4057190946,[-0.9983934   0.02902259  0.04866517],[ 0.00632701 -0.79639136  0.60474851],[-0.05630789 -0.60408483 -0.79492826]
77,139767.54325396544,151360.60257184666,24575.391670755867,6054.077470606234,7122.612663791107,4514.449848982657,6155.924307279348,1822454.597717449,1821918.9900639595,73512.1990663675,[-0.27310639  0.09726883  0.95705364],[-0.68682956  0.6768698  -0.26478753],[-0.67355628 -0.7296479  -0.11805036]
23,16152.887440573035,75930.90138104887,173808.21779991264,5835.223439241823,1895.6979408284951,3930.1363516616525,3436.277146250503,913527.461751326,913130.2454373385,30752.193673142232,[ 0.04479713 -0.91700524  0.39635162],[-0.99541405 -0.00740498  0.09537311],[-0.08452266 -0.39880641 -0.91313163]
7,45084.418854316646,195418.23667925593,77985.3457779564,1683.9868592771186,1857.7099964491438,2374.3125962370686,2485.568289572135,569374.502570762,569364.4824766773,6339.434060858277,[ 0.84894787 -0.35289199  0.39338881],[-0.48516449 -0.22529495  0.84490095],[0.20953026 0.90813514 0.36247433]
11,165845.33746121745,82674.53036078584,158722.84413030383,3289.85115995045,2144.631795525917,2359.1327264843494,3998.2174684968672,809363.7167461148,809355.5948583294,7411.247631919618,[-0.46532729  0.88477593  0.02533898],[-0.56694522 -0.31991133  0.75909806],[0.67973792 0.33886323 0.65048296]
18,199757.82150682926,4105.116070546931,96628.50239424757,2580.57876111702,1855.67799648951,3674.1471972771706,3295.5453149004156,941815.4721271148,941732.5481493124,15131.024535056356,[-0.15536588 -0.91981873  0.36027066],[-0.40723718  0.39190512  0.82496561],[-0.90001073 -0.0185441  -0.43547307]
95,28263.645631405063,7119.4675243638,118323.35253281215,6555.17520908636,4226.14718325758,7248.109305907828,6505.163162835082,1191717.0800006292,1190038.770342521,81519.93691514769,[ 0.32738456 -0.94465137 -0.02128713],[-0.91627241 -0.32289083  0.23703665],[-0.23079041 -0.05809733 -0.97126746]
72,69589.26673267732,81801.8622320662,135510.41759285456,7207.995693010768,6981.078527244625,4741.8226140827255,5041.929278793767,1469357.2536570064,1468632.752339841,83983.75829755534,[ 0.42975163 -0.85334848  0.29514388],[-0.80829463 -0.21788042  0.54698072],[-0.40245909 -0.47362907 -0.78339146]
42,59809.085353442875,188119.86379548608,9488.263720501995,6221.650806591618,6176.823510715933,3997.0452329581613,4409.783877185459,1282057.2342895921,1281321.8973652453,55369.49775804168,[ 0.1672873  -0.10258297  0.98055683],[-0.93852028  0.2880688   0.19025259],[-0.3019845  -0.95209931 -0.04808595]
91,28899.699303671525,97533.40519322695,29421.53183259264,5487.595072109534,5902.030090454576,6476.08903281876,5923.304866536905,1013486.2972619171,1013235.5791172703,80777.66242165897,[ 0.12764815 -0.32200603  0.93809278],[-0.95391579  0.21911955  0.20501533],[-0.27157064 -0.92103135 -0.27919643]
440,11259.777715149934,48991.949329721916,152360.64892119652,8300.325107801349,13260.452131499334,15141.390680570627,14975.462877005806,3392491.716361255,3384289.2210446624,326455.55169621075,[-0.95520093  0.29495792 -0.02431056],[-0.28753981 -0.90544292  0.31224025],[-0.07008591 -0.30524243 -0.94969207]
122,87827.7882831612,88844.38008405142,102764.99479384649,6173.135829280752,7155.66080627134,9759.710368496064,4763.714276851455,1791378.900822559,1789211.8037609363,140114.6326764793,[-0.59540787  0.7850699  -0.17074752],[-0.59303142 -0.28606721  0.75264819],[-0.54203617 -0.5493913  -0.63589778]
95,172561.4792676063,8900.367643661972,106874.83986810723,5787.2172319716665,5717.385324915841,13193.224862156627,9891.874237328726,1985460.8285081382,1983217.5257940355,115899.6689774173,[ 0.22029612 -0.93496658 -0.27804156],[-0.48134951 -0.35212065  0.80269153],[-0.84839393 -0.04299466 -0.52761652]
3,38391.48813681912,104779.61205340347,99019.59074201596,1014.3976853439203,790.8352544799067,638.5965986984031,303.9840538728776,258413.86258610847,258406.77503698933,2429.916709255271,[-0.67520951  0.62203666 -0.39643728],[-0.69127965 -0.34612016  0.63429747],[0.25734134 0.70233271 0.6637049 ]
189,184283.6003194878,120779.81207986694,135763.3276973954,9711.688074704716,11669.050442649375,17183.60095615994,19405.20434572108,3570956.750356846,3568966.723779763,166972.55465992304,[ 0.24686274 -0.8658802   0.435098  ],[-0.65896263  0.1792078   0.73051544],[-0.71051181 -0.46705037 -0.52634297]
12,67181.42552404715,142552.040675106,26247.340972629347,2801.7493615951353,3289.644004962809,1792.6594820889138,3278.4874077586546,553617.6628363619,553587.6844558854,11568.531449668862,[ 0.1179817  -0.23316103  0.9652545 ],[-0.89957663  0.38654914  0.20332645],[-0.4205261  -0.89230919 -0.16414049]
640,97791.88577571718,47106.05968243575,74751.28490200789,11798.47216429549,15275.037226176013,15191.53029085153,16821.44588321742,3379669.941942364,3373484.672238771,450841.87519019755,[ 0.57513285 -0.77874469 -0.25055721],[-0.35126511 -0.51169625  0.78407893],[0.73880649 0.36293754 0.56783916]
5,146842.02758899043,116830.75851541125,203200.58983530424,872.963290903001,2776.231724479758,819.0863356097632,977.205807241361,618508.4928446377,618484.1888983491,6389.504870319867,[ 0.84199022 -0.1648039  -0.51370434],[ 0.09592855 -0.89128959  0.44317106],[0.53089564 0.42242461 0.73464771]
31,59897.18228734118,6757.875708012667,36889.26288991981,3715.706477835539,3491.6054549207392,3296.5479574606393,3276.060219728341,394572.80967619846,394239.36004491517,28480.106599518305,[-0.25242499 -0.7920172   0.55586903],[-0.46642338  0.60292146  0.64725183],[-0.84777996 -0.09588778 -0.52160778]
16,65937.17863415592,169115.05183895282,64939.42944738164,4773.397820905607,4178.687399853504,1749.3692146224737,2939.588383987785,771545.136664299,771245.2147824209,23589.898427822045,[-0.05028624 -0.34082602  0.93878055],[-0.93843224  0.3377979   0.07237057],[-0.34178387 -0.87734269 -0.33682872]
3,42852.40653712626,174368.3822247939,66529.19513513983,346.8633566596252,1576.8102433752085,1763.6778897296351,1937.9785487749057,331687.99732038466,331681.0086120765,2419.8786164130347,[ 0.97405985 -0.19663022 -0.11199986],[ 0.03366111 -0.36353026  0.93097405],[0.22377297 0.91059448 0.34748143]
11,82987.77020680196,41885.11734304304,2879.7540250599272,3067.497424523052,3567.32488523586,1217.3049776739826,2975.6891911354946,308850.3094016068,308644.0319922779,12716.082454160276,[-0.03542291  0.00184093  0.99937072],[-0.450078    0.89281584 -0.01759776],[-0.8922864  -0.45041813 -0.03079757]
76,158335.00759835204,113200.27940205144,23760.85437548179,3920.727302681977,4270.940873326998,6386.7013020748755,4221.9498247618685,1710747.3995998558,1710140.3672994738,65564.00797875896,[-0.58529212  0.80972811  0.04211321],[-0.0737409  -0.10488164  0.991747  ],[-0.80746233 -0.57735624 -0.12109648]
44,194361.31408378834,69644.20814681424,127486.2226200879,3522.156919955476,3556.271846510304,3065.8813193893184,3914.1192468380095,1609932.61145714,1609873.5254502655,28997.45800631299,[ 0.34349989  0.49838327 -0.79600373],[-0.49034539  0.81805134  0.30058843],[0.80098016 0.28706467 0.52538049]
74,132524.03452735892,149742.55757126893,3865.1595872872017,11101.59169739035,9251.1144806579,2753.0955009563017,6426.839399291785,1724963.8383044987,1721484.0348817026,114363.37555861851,[ 0.01183462 -0.03632532  0.99926994],[-0.74868365  0.66210877  0.03293574],[-0.66282179 -0.74852685 -0.01936036]
13,4640.585795198353,195478.13958797185,92386.9053855078,2415.7439323993644,3926.5415333525707,4796.776797694025,5435.600533451285,780088.8792291583,780004.0615519678,13743.010245878135,[-0.82727777 -0.22386165  0.51526444],[ 0.56137475 -0.36479466  0.74282114],[-0.02167655 -0.90377587 -0.42745679]
4,108425.31345363345,202133.75535285345,173141.35043835847,3958.6227504280114,1049.9513857449272,2081.6835546430607,3039.7004846982636,574850.0030023375,574808.6850330139,6895.556802665732,[-0.36623375 -0.48420008  0.79462137],[-0.85056705  0.52051305 -0.07484559],[-0.37737055 -0.70328973 -0.60247408]
3,1627.1536300320265,15799.5459088304,186071.87137157176,497.2293488974237,920.8968666483739,1840.1446124384054,1756.0686429843884,323477.99413589865,323472.9532801583,2052.291660771417,[ 0.95301489 -0.30242638  0.01734684],[-0.30279866 -0.94941534  0.08320749],[0.00869478 0.08455058 0.99638125]
161,128972.0898134272,172468.40933735506,157589.64475022,7681.467710177075,9838.297387372832,8563.875685326342,6107.251586604062,3390280.3961252235,3388183.5565629466,175464.7909578746,[-0.87039459  0.42682178  0.2454311 ],[-0.09326175 -0.63238533  0.76901953],[-0.48344132 -0.6464611  -0.59023092]
105,115048.16163920246,9929.193513380476,181839.75216352814,4217.429190724164,5301.464837802109,9347.595882110489,8678.381427798677,2209889.2659327276,2209606.136790932,78059.05333636982,[ 0.53265946 -0.79395567 -0.29310117],[-0.65693258 -0.60621583  0.4482655 ],[-0.5335855  -0.04622515 -0.84448194]
20,202455.2970453023,16729.862024016395,84461.6918647758,1908.0083242907222,4776.424933033856,3568.4270890052203,2263.8822730968177,984184.9903991297,984042.3101994705,26090.06765757741,[-0.35048593 -0.27677401  0.89473782],[ 0.17431064 -0.95792189 -0.22803826],[-0.92020401 -0.07603812 -0.3839828 ]
12,188980.09911801186,19556.209665049257,201520.79021036354,2188.073296830772,3223.8727853118116,1435.0725692092162,1940.5768574642511,959512.8505716521,959450.3187953522,12696.310834246486,[-0.69241416 -0.25681118  0.67424821],[ 0.23442845 -0.96388294 -0.12638424],[-0.68235323 -0.07055272 -0.72761005]
7,164897.7208669372,123205.17987728018,175189.78221044134,1975.63583217581,2146.8215819525044,1567.473505509805,1406.9441667766189,715194.0652436145,715163.7927007481,7940.201870152204,[ 0.73814303 -0.02958599 -0.6739952 ],[ 0.28801888 -0.88959991  0.35448148],[0.61007376 0.45578138 0.64813065]
56,46680.56283677647,28637.314601104667,122812.05889404229,6574.059571384924,6023.767270766531,5390.0039451444,7580.087672674822,1008616.1390834759,1008547.2289050849,53527.44592146734,[ 0.1395534  -0.97451785  0.17561269],[-0.92698947 -0.06621631  0.36919632],[-0.34815998 -0.21431372 -0.91260849]
78,51980.03517765204,171714.30106980586,86180.90211786536,4320.877795000091,7731.388080495501,4338.843185180046,6641.946820933407,1759579.86933777,1759229.183679216,63919.30710748086,[-0.46498205 -0.28071416  0.83963757],[-0.8461138   0.42001364 -0.32814629],[-0.26054392 -0.86301107 -0.43281493]
82,67380.57829663032,9092.917300170382,151787.51931711292,5921.032964826536,4108.905800991848,5266.273033358196,4662.0708837134725,1507932.2903752527,1507004.6365383524,68971.09016900895,[-0.30432075 -0.93319832  0.19112765],[-0.86220657  0.35514824  0.36120569],[-0.40495519 -0.05486913 -0.91268871]
5,101390.84034072627,129707.78436681663,11450.203999897378,1602.5021753367093,1565.4145130365987,1597.0842003506123,758.0119760020675,369053.94441825553,369043.51231915574,5912.214640832125,[-0.0805069  -0.02497578  0.99644109],[ 0.78490425 -0.61776037  0.04793174],[0.61436468 0.78596968 0.06933757]
36,72400.71290361881,139833.76223669716,199684.3212528973,2545.0053410507962,4362.727064569291,3165.3672011548338,3662.737592656934,1526129.2159874502,1526063.9633317776,28230.677436564074,[ 0.95583365 -0.10026033 -0.27627865],[ 0.07321539 -0.82915792  0.55419911],[0.28464281 0.54995001 0.78519644]
304,195525.77328043673,135099.82383385993,46138.55381409516,6682.8830812437545,11037.522099046293,15440.296683342262,10595.173010840135,4233909.567875862,4226797.367880749,299816.0223653637,[ 0.47378116 -0.80590948  0.35502298],[-0.35273511  0.19572365  0.9150247 ],[0.80691347 0.55875053 0.19154239]
38,7260.0583345346095,178134.72589103712,191226.4060169826,3478.7557332962656,4051.1229584452367,5359.955162445503,6033.3631491290525,1612234.044631528,1612150.3924148823,28146.13225029909,[-0.55492681 -0.59811151  0.57820313],[-0.83143296  0.42201892 -0.36141288],[-0.02784745 -0.68129483 -0.73147923]
56,61073.65392104905,78565.89643308862,99903.38612766667,4523.044812144238,4781.6486774407595,6185.279248883511,5935.352670299959,1057087.4334952254,1056448.977502541,50455.620894728454,[-0.15661971 -0.72789397  0.66756321],[-0.8880197   0.39963314  0.22740793],[-0.43230924 -0.55719272 -0.70897461]
11,166176.5815940609,171264.1378317058,27213.271239617803,1762.186578950163,1554.8845238663205,2705.9509339156316,1474.5076050309701,796652.2963608843,796627.9120447818,10834.864434713803,[ 0.72196537 -0.6815669  -0.11930029],[ 0.00782675 -0.16436168  0.98636909],[0.69188492 0.71305806 0.11332899]
287,103801.00273849358,168468.59068094153,185480.07419980865,9718.691122990604,11900.150283210107,12506.907142932361,10887.831975671985,4605372.2945630895,4600042.869186222,280009.4181154825,[-0.86902783 -0.00897399  0.49468181],[ 0.31319257 -0.78398994  0.53597592],[-0.38301573 -0.62070866 -0.68411966]
34,20122.367176436866,159181.79948728767,89423.42346387157,5047.075679347273,7462.376577303002,4043.283289431188,5941.515048877187,1072320.4096895864,1071922.5850531124,45630.16888166683,[-0.81586693 -0.20112234  0.54213555],[ 0.56779159 -0.45606867  0.68528394],[-0.10942513 -0.86692051 -0.48628692]
25,13028.514591765304,71268.52038108528,47359.64551970936,3548.1755791531996,2944.1909786306132,4697.051027296461,1758.6734733670492,433841.5870358459,433051.5421040791,31746.729856522834,[ 0.86085058 -0.38124814  0.33702543],[-0.48612233 -0.42039011  0.76613134],[0.15040399 0.8233602  0.5472263 ]
42,187824.14754585788,165753.51011888665,159741.28849161608,4194.452229456002,8644.68751170876,2953.1121696980517,4445.381038683647,1926419.249379365,1925774.093344627,58495.42716476532,[-0.64546075 -0.00456991  0.76377977],[ 0.42872719 -0.82975652  0.35734733],[-0.6321182  -0.55810683 -0.53753451]
22,116201.92671279352,82191.70508798178,132457.67823480107,5934.04413989913,2663.526896846645,3535.54506119688,3834.3873129597846,912530.4329428767,912227.9682041738,29824.41322015633,[ 0.12288972 -0.88798816  0.44314236],[-0.79212515  0.18123343  0.58283118],[-0.5978594  -0.42264817 -0.68112603]
95,10994.46033325205,62963.612864255745,112365.89321000174,5488.858808914574,7544.150444883785,7475.847625466326,8083.321402743255,1264958.4301585855,1262825.5343844602,86443.04039189096,[ 0.80135851  0.48509185 -0.35001492],[ 0.59216343 -0.72612346  0.34940978],[0.08465821 0.48726853 0.86913886]
76,159841.25243415785,35323.59981531551,61493.22705470517,5493.99009472577,7099.404334685896,7541.11835324675,5086.438264004317,1527198.753293925,1525772.055642868,92159.36300505267,[-0.06502948 -0.78263993  0.61906858],[-0.40050158  0.58869264  0.70216769],[-0.91398559 -0.20227634 -0.35173091]
6,78122.6917701716,14268.650348762256,59588.92714111311,1865.0855243988105,1643.2940538768446,1458.9872150993556,1868.033721968086,243285.755139865,243256.58200462203,5389.153399779589,[-0.60626634 -0.00160076  0.79526006],[ 0.1149975  -0.98966416  0.08567624],[-0.78690324 -0.14339554 -0.60018415]
3,115667.19068066108,178012.069214036,67157.34084460484,2183.430518093099,444.8930766410515,1976.106067245899,1116.4117374119598,385689.9014334499,385665.04294053256,4777.200011950958,[ 0.61169494 -0.59441464  0.52201584],[-0.59660331  0.08671504  0.7978377 ],[0.51951304 0.79946966 0.30158659]
8,38431.454945655714,202034.00471681153,161339.33849643168,3739.1205509015954,1734.2435452709324,2286.6020355466185,1744.007394828516,739427.5444261738,739358.2697240638,12381.328241210696,[-0.00173975 -0.62382884  0.78155905],[ 0.98914372 -0.11591698 -0.09032139],[0.14694105 0.77291709 0.61725805]
40,65943.98986214164,102170.82145351153,141911.7776231246,3269.671259170332,2606.788122746623,3376.5041977777014,2684.0766658180187,1182353.112138522,1182200.0737357438,29498.95873512683,[-0.6864118   0.7027749  -0.18693925],[-0.6358573  -0.45527284  0.6232272 ],[-0.35288007 -0.54665719 -0.75936919]
2,76483.14593922981,149542.2594272074,57501.81362727507,367.82475803442503,22.987634839781094,941.7236417904787,482.83041145869356,251077.8373520176,251074.69276957196,1256.6065538739485,[ 0.88434054 -0.32250432 -0.33753929],[ 0.17985519 -0.43185215  0.8838302 ],[0.43080613 0.84231507 0.32390029]
6,202203.90847725305,89019.31919004484,170078.30912589902,1048.3825196708028,1428.0386292759886,2639.4620873182234,2227.8720412970097,682994.5691154773,682977.7794256243,5561.081340783288,[-0.02160931 -0.87499491  0.48364961],[ 0.68820401 -0.36392296 -0.62764266],[0.72519534 0.31928668 0.61003913]
3,144240.56608320004,152444.78824831464,74984.86899488619,742.2853855536781,1378.0071126307548,869.3613051101347,1306.1047399417052,386020.81367715466,386014.9986367839,2120.376064533497,[ 0.73483578 -0.44241903 -0.51408344],[ 0.20280128 -0.57995987  0.78899822],[0.64721559 0.6840409  0.33645212]
47,155524.58694679136,59371.65796174742,12362.337248035985,3139.6532067274816,9819.20412100259,6502.554342712081,3983.2146509287168,1147225.222565329,1144993.6656957057,78776.3297808266,[-0.25589256  0.498116    0.82849227],[ 0.25880507 -0.79044299  0.55517548],[0.9314177  0.35648328 0.07335353]
35,88613.43025107357,129303.03767972432,88453.39085109411,3278.3524976548065,4472.888254459219,2487.3451018138844,3440.299345220814,1065262.753868539,1065183.910207481,29625.027603054557,[-0.70187872 -0.00609827  0.71227036],[ 0.51479188 -0.69545708  0.50132702],[-0.49229624 -0.71854176 -0.49126586]
25,42562.128489794275,171680.97401936716,5282.918398538759,3296.579903084917,4197.101720843953,4231.061905730031,4133.610946336029,885285.4745870519,885184.9243171886,26954.962737573205,[-0.96496717  0.24228174 -0.10068726],[-0.10490426 -0.00453401  0.99447199],[-0.24048589 -0.97019534 -0.02979156]
34,112640.46996206188,17872.609350171308,152623.98423354732,5062.094891183754,4159.37573965127,2554.8470604389495,3658.6139062446236,1111614.6561710143,1111277.0843489547,35115.902608195865,[-0.5452872  -0.6853007   0.48272645],[-0.59406214  0.72221959  0.35424433],[-0.59139838 -0.09360461 -0.80092829]
4,203190.75948153756,114166.18596021179,138323.1867352642,1018.5945357736614,820.6510807011207,1047.7025256747872,807.158444399462,542055.4383233669,542051.1141488693,2935.1072829928335,[ 0.62436709 -0.19469234 -0.7564791 ],[ 0.21928387 -0.88581112  0.40896606],[0.74972016 0.42122862 0.51037842]
2,103376.2224864185,100474.44291471771,188749.7836181304,482.5469824275642,671.1390987009581,916.2365905147162,654.2600820972584,335886.17309810553,335882.913954685,1479.6593527421169,[ 0.88023787 -0.01463378 -0.47430701],[ 0.18901711 -0.90599664  0.37873819],[0.43526293 0.42303184 0.79472652]
70,137552.10790194126,42131.18020294591,7763.471588292601,4587.827526507098,4170.349499182721,5091.825416168858,4388.074337122791,1206845.8081347425,1206319.9586515499,56136.591801396506,[-0.27782144  0.81407806  0.50999231],[ 0.10555289 -0.50180809  0.85851455],[-0.95481613 -0.29234491 -0.05348475]
95,198309.30214441716,178409.60005320114,161828.7047753716,3743.959615800258,9818.504119674719,9289.407936540876,8312.349505289063,3043261.150073243,3042929.9974319087,109918.49908715319,[-0.70917305  0.16590349  0.6852369 ],[ 0.30589455 -0.80327166  0.51106083],[-0.63521816 -0.5720408  -0.51890964]
41,125932.53891038877,148830.39103786706,171911.03622016782,2971.930383689441,4663.661793273854,4270.552407593448,2898.8797565336,1664885.777895663,1664531.4170653853,40632.944800188314,[-0.83768053  0.08575174  0.53938665],[ 0.25209712 -0.81538745  0.52114331],[-0.48449805 -0.57252943 -0.66141643]
3,3288.7696537560264,187706.5868814617,107390.61138736589,596.4789424910158,1229.6868530100794,1092.7259274666503,1579.3722559560845,374620.69742074714,374619.7256817727,1303.4827142286495,[-0.31429154  0.47557369 -0.82161457],[-0.94920501 -0.14358036  0.27999024],[0.01518827 0.86787922 0.49654302]
10,178961.25032045328,141505.14482448887,200358.66771710553,1773.6525029987795,3778.284814899084,1899.0213967859197,1869.6371821729244,960257.3372077346,960228.6880498631,13262.02720541713,[ 0.75373764 -0.02331888 -0.6567616 ],[ 0.29072225 -0.88443061  0.36505214],[0.58937267 0.46608875 0.65984932]
8,29248.475772027792,201365.66410881002,149155.1572219196,2880.602707956795,1757.979067775054,2136.5511311932455,1894.1749207508376,713657.1140456808,713627.013126845,9954.908491838325,[-0.50235032  0.56061724 -0.65829512],[-0.85684934 -0.22063501  0.46597147],[0.11598869 0.79814065 0.59120058]
10,35439.5666098848,110156.69840184033,164049.20840888986,1859.1835746389183,1587.2007773228277,2056.7015785552817,1732.8221038958425,634907.204108062,634883.2646828556,8501.49986174385,[ 0.81300406 -0.54928542  0.19315778],[-0.55484337 -0.63025933  0.54306722],[0.17655941 0.54868817 0.81717077]
