N,MEAN_X,MEAN_Y,MEAN_Z,SIGMA_X,SIGMA_Y,SIGMA_Z,SIGMA_R,LAMBDA_1,LAMBDA_2,LAMBDA_3,EIGEN_1,EIGEN_2,EIGEN_3
39,23580.839068543126,118087.49425840378,56592.68856127528,7762.500746109999,5274.270678251419,4437.320883161963,5205.965399370331,833323.4312743609,831732.1273847655,55389.67724243827,[ 0.30802259 -0.46028038  0.8326248 ],[-0.93488382  0.0158255   0.3546009 ],[-0.17639254 -0.88763254 -0.42543406]
1967,23938.176845808917,44350.690343503615,38430.77968669345,13188.882786301978,21691.372423973804,25663.46659542703,19949.104334341828,3176734.4648522837,2989906.0549001875,1377599.791370329,[-0.92408944  0.35419634  0.14353977],[-0.11935139 -0.62426005  0.77204575],[-0.36306193 -0.69630765 -0.61914594]
981,20332.05372781508,148825.88987939997,29107.76359490532,14451.198172095023,14057.607593344503,12682.903374894871,14975.230341794135,4837655.37564785,4826382.556629338,588396.4165384532,[-0.52818627 -0.09308034  0.84401144],[ 0.83845817 -0.21425265  0.50108253],[0.13419076 0.9723332  0.19120928]
44,79526.08950951391,120161.84678794477,104604.21514206644,7795.847048336283,6350.426924056766,4728.399998818409,6080.573546237887,1183220.4086658712,1181985.0780206444,61907.956086996805,[-0.46412567 -0.38660312  0.79694755],[-0.76479496  0.62879679 -0.1403683 ],[-0.44685124 -0.67465    -0.58751285]
879,176527.76661353206,122516.08798872303,98168.96614080039,13689.023608751517,12454.06212943883,26309.44347341799,18385.3543163985,7056118.606083016,7036790.46322641,791609.2381504481,[-0.63229909  0.74727229  0.20440644],[-0.20862975 -0.41833867  0.88400588],[-0.74610421 -0.51631084 -0.42041839]
352,192304.5212166085,48497.25481361831,18964.603526551873,8312.046742903976,11068.540704922909,8904.642238950477,9203.527067956697,3747211.627389515,3745332.573157621,255417.50978487896,[-0.21209885  0.51655419  0.82956968],[ 0.15409901 -0.82058462  0.55035841],[-0.96502206 -0.24456625 -0.09444456]
353,13206.987528926657,49599.75842859223,155450.60782696115,9168.216871191844,12288.431711181649,14358.70909303106,13267.020911926149,3096488.1588161695,3090497.9321280434,304151.52358454623,[-0.98433578  0.1739027   0.02899875],[-0.15649058 -0.93757139  0.31059713],[-0.08120208 -0.30119384 -0.9500992 ]
89,41614.024416328335,87147.08330635398,184801.89814626923,7195.904618434055,5661.128980034186,10231.02052149391,8045.232679194809,1970938.5749559202,1968987.2964594709,105557.82327105566,[-0.7035156   0.69074803 -0.16713153],[-0.68224341 -0.59056607  0.431017  ],[-0.19902193 -0.41725157 -0.88673074]
1102,105809.98493652421,28049.53350249953,70190.82874652508,17174.931575233182,19734.88318778113,18784.24175796263,16755.731930870494,4408590.646091688,4391069.617897197,914922.7837724012,[-0.48757819 -0.26280662  0.83258645],[ 0.3171971  -0.94178019 -0.11151717],[-0.81342087 -0.20972067 -0.54255298]
69,138371.2852835434,42049.089032300384,7893.817852364271,4676.462147351327,4299.566379666578,4842.056468954345,4661.514832336024,1204552.755037681,1204078.946317278,53703.969207349306,[-0.27461908  0.80604477  0.52428635],[ 0.1087204  -0.51572418  0.84982848],[-0.95538695 -0.29037974 -0.05399419]
358,195378.32616999245,134417.75408210143,45012.38967804039,6907.695096623085,11057.644059194308,16327.709731453047,10836.252696546784,4582019.631462801,4573889.734847325,341099.8778068953,[ 0.49606154 -0.81774728  0.29191152],[-0.31611074  0.14303559  0.93787783],[0.80870078 0.55752149 0.18754424]
128,38961.484226877365,14476.098490287364,65377.15794617207,9442.64950895924,5038.992152534159,7060.712951430898,7411.53881681254,887058.6113717667,881937.8200079649,117658.69726487708,[ 0.13621879 -0.98092252  0.1386919 ],[-0.85260806 -0.04478882  0.52062795],[-0.50448384 -0.18916914 -0.84244353]
27,9339.060564046706,69802.91064330953,49573.47429581267,3497.288838119768,2447.973542645075,5413.495278604522,2692.8310350607157,448739.0640725813,447918.8558281422,33121.10841405326,[ 0.88029783 -0.34752973  0.32295328],[-0.46190299 -0.47248638  0.75060126],[0.10826523 0.80992574 0.57645375]
142,69670.83548812708,126502.92818749457,13700.345995811194,7428.496408898921,7846.007293223369,9425.836191233866,9886.546722549498,1736325.6109881527,1733455.357230743,124065.91414585704,[-0.86430143  0.45331072  0.21792757],[ 0.14678994 -0.1870806   0.97131538],[-0.4810777  -0.87149884 -0.09515258]
71,181306.40405906067,4600.5830040724295,30959.066927347576,5832.128544710013,2877.597910349417,6487.393735890269,6308.595796539185,1552049.5339800327,1551426.905886349,55963.48206312651,[ 0.02359609 -0.99967463  0.00968763],[-0.16900444  0.00556209  0.98559959],[-0.9853328  -0.02489355 -0.16881821]
3609,100142.29621805623,146320.3178033137,112736.22261386813,35853.159141541735,28849.699412682014,37659.88582981192,29421.810693940537,13013983.988914728,12856538.44022377,3086390.584815781,[ 0.07577085 -0.64752993  0.75826366],[-0.88069426  0.31314078  0.35541592],[-0.46758572 -0.69472861 -0.54654894]
91,178455.76421296506,127225.67591580327,178759.93887486163,8195.274204979496,5834.092475977047,4770.454370014799,7195.830564475124,2699482.95847863,2699368.9174329396,81029.80146605601,[ 0.22409328 -0.88568014  0.40663607],[ 0.74253106 -0.11507916 -0.65985181],[0.63121298 0.44980827 0.63185655]
8,82217.04169787995,21829.485744973237,53752.447043389126,2011.6426370165477,1936.0611193757786,2913.80934671295,1189.819178261165,284791.2321198945,284681.937491925,10891.145836165899,[ 0.05668346 -0.95226089  0.29997696],[-0.57381684  0.2148041   0.79031224],[-0.81701972 -0.21692946 -0.5342475 ]
28,41952.825467903385,129665.9771977877,201373.2798417043,5568.23809599196,5895.316089882089,2428.0952929026444,2516.831266426684,1287377.0803625314,1286789.2945852142,42643.31570596192,[-0.69550201 -0.52938777  0.4858246 ],[-0.69751109  0.65976236 -0.27962817],[-0.17249705 -0.53335    -0.82811989]
627,18185.99854485899,112746.87581974558,92825.07357027034,10842.185606732533,14885.040341762846,15895.831062329984,13508.710438886927,3727275.0279022483,3708382.278902064,507860.5787045468,[-0.91641327  0.33086991 -0.22519286],[-0.38128291 -0.55063836  0.74257709],[-0.12169659 -0.76636969 -0.63076734]
101,64751.993945734954,80469.95788827266,18332.20191495601,5824.538486891828,3721.9796387454444,5168.060045168975,5084.871667008268,1057174.2955294843,1056133.4045944037,69861.74202852946,[-0.58349963  0.59587983 -0.55177478],[-0.52690778  0.23923305  0.81555855],[-0.61797765 -0.76661254 -0.17438132]
374,87760.79011531304,179943.97884843015,186984.41670470106,15609.854016991107,18197.843458557614,12037.606905040615,13585.986331139113,5317867.143438152,5309912.640233963,443970.82967771956,[-0.21932957 -0.64908366  0.72841262],[-0.92230196  0.38143463  0.06218301],[-0.31820377 -0.65817781 -0.68231102]
4,53158.95514792202,161986.4523164022,185096.68323349592,1025.0858488441722,739.4599233397792,1363.4709110723281,1064.2571660561018,503306.8934982754,503299.7626144449,3051.6016580678947,[-0.49572144  0.71911384 -0.48696564],[-0.84240402 -0.26176817  0.47099139],[0.21122432 0.64370235 0.73554848]
58,13458.383685449066,61544.03612156816,114050.25079866326,6080.565771354719,6398.007555968015,4570.777599129574,4989.717690215301,994614.6592743311,993580.9638908516,65153.97306107425,[-0.6089069  -0.66597243  0.43094443],[ 0.78663378 -0.57693088  0.21990463],[0.10217473 0.4728969  0.87517361]
951,173861.15830165887,85748.86705368993,55663.779613992345,15048.625675293686,12049.710633492621,21667.62577870664,15323.183482466171,6272318.806484117,6248116.372998489,768388.6715760394,[ 0.43061008 -0.90157079  0.04177393],[-0.26733502 -0.08320365  0.96000476],[0.86203651 0.42455536 0.27684978]
213,148758.5769943755,81000.0708704375,120120.3483571455,10702.250358331114,6989.426691198636,6986.601984485114,5114.674692864794,3036485.5260438467,3033023.1291609756,199070.0963905316,[-0.02439408 -0.81458792  0.57952692],[-0.69674503  0.42956587  0.57447326],[-0.71690397 -0.38976875 -0.57803895]
4,31852.71905968783,189230.8076683756,175903.5630676167,332.15753451409853,1536.5348088412848,1174.6258778742072,1482.749504524289,520648.7929747521,520642.5844916728,2569.8162958368102,[ 0.98679107 -0.16193599 -0.0044863 ],[-0.10616259 -0.667346    0.73714233],[0.12236379 0.72692919 0.67572262]
3,32628.081479343688,201121.78222030625,61264.02258165277,472.5430264546169,379.1643750162467,1928.1679424311747,472.3152830629342,368531.8364025338,368516.31534179073,3403.0771169121904,[-0.96660448  0.08295045  0.24247682],[ 0.2053227  -0.31553014  0.92643582],[-0.15335701 -0.945283   -0.28796123]
3,157534.96147362122,110852.41013499517,159369.96130335823,1212.5949110244937,595.1506338556065,755.9565402937822,535.0528847678651,433035.2717507989,433029.2576678641,2514.895553526096,[-0.21344129  0.88821628 -0.40683492],[-0.74658524  0.12029673  0.65432345],[0.63012165 0.44339659 0.63745288]
25,4371.373625546541,145287.12468606225,200722.05345764506,3759.718495495298,6216.003737652972,2573.5153587917603,3768.4191942160282,1239636.2283465993,1239348.4506293787,33575.44040563326,[-0.89510822  0.37018487 -0.24848427],[-0.44549636 -0.72045375  0.5314879 ],[-0.01772736 -0.58643803 -0.80980009]
82,147951.12735751126,131942.84574737892,200802.51383265585,8614.060169922743,7014.045573447841,2783.7210821650106,5319.704230398159,2556903.104395919,2555968.3070770404,92071.85586534906,[-0.43627929 -0.56998618  0.69625868],[-0.73109246  0.67563289  0.09499474],[-0.52456095 -0.46758523 -0.71147723]
17,89829.32518423712,2455.60944772453,104011.0153315792,7860.664797351954,1846.3656379358597,5329.761854164314,8291.368098114768,568097.2494792723,567836.1181714694,19840.11095668622,[ 0.11839471 -0.98984085 -0.07872601],[-0.74687272 -0.14101789  0.64984236],[-0.65434229 -0.01813959 -0.7559809 ]
633,188267.28082556906,52434.8108209098,142592.04329583142,10443.65402036304,20191.780729163216,16308.353438952161,12913.086243067664,6119553.872573981,6103358.786592805,620911.5849485751,[ 0.50450816  0.34679066 -0.7907008 ],[ 0.37622217 -0.91257587 -0.16019415],[0.7771283  0.21665991 0.59087231]
34,83229.45736261558,14684.318215143896,132713.655393503,5708.5660155315745,4125.3051692351855,3504.463458282938,3558.9003486697693,918368.4937056891,917894.8134249145,40784.81628800106,[-0.35352231 -0.87932452  0.31907736],[-0.77135352  0.46699883  0.43234921],[-0.52918402 -0.09327635 -0.84336457]
110,144313.30255165775,195035.97086555162,127072.06428408726,16480.189689145845,7068.4706199972525,4542.054660267372,7826.407653811929,2878790.122590176,2874001.813319083,175356.7022127516,[-0.15478995 -0.45637338  0.8762211 ],[-0.8351545   0.53425405  0.13072706],[-0.52778502 -0.71154476 -0.46383944]
3,103111.14940813075,21129.703547577228,178623.91239442272,1369.942299418744,1222.6296824359333,1494.8102681840164,1690.5389606211622,359124.96519362106,359115.48053006735,2867.1687113966,[ 0.71088764 -0.61709735 -0.33738646],[-0.49728067 -0.78026136  0.37934699],[0.49734364 0.10189732 0.86154875]
30,120589.42454832885,40605.61531997202,195624.70864680715,3128.3749414142517,4755.8813579616535,2792.6375089729822,2822.458473726509,1278577.54878562,1278384.6791736772,31038.9751795369,[-0.77764899 -0.31415169  0.54458311],[ 0.35811497 -0.93328691 -0.02700397],[-0.51673563 -0.17402375 -0.83827204]
104,15093.16774032368,99311.38154638598,168459.35821283853,6298.240554605334,8021.920339568236,5402.875914973319,6351.26811733951,2002936.359315781,2001932.1230880779,98975.81313197094,[-0.75944291 -0.52854993  0.37931707],[ 0.6460933  -0.68106108  0.3445566 ],[-0.07622273 -0.50674528 -0.85871958]
191,192637.06725583549,181710.92216536347,110494.191208947,7300.618980903563,5528.652165458524,7627.375588412319,5689.937641038849,3968263.6051046886,3967243.268296501,144247.43147367032,[ 0.39623896 -0.74579037  0.5355291 ],[-0.62630244  0.2069523   0.75160894],[-0.67137168 -0.63321992 -0.38508777]
4,14482.801339907812,64905.91697553595,57913.97982316716,785.4963807686818,912.3891614068588,2205.505723727838,1341.0897554346016,176437.11820693666,176394.0334017618,4250.55617468348,[-0.96850979  0.24663082 -0.03408845],[-0.18709709 -0.63061793  0.75320363],[-0.16426644 -0.73586294 -0.65690355]
1192,98109.96714484597,88125.32194446289,161493.24086718247,25267.852783856244,23174.09079993355,12914.241028450293,25783.785847729236,7293234.04069108,7269132.432975308,897213.4585582489,[ 0.68736941 -0.72595539 -0.02262883],[-0.54801499 -0.53883011  0.63979816],[0.47665801 0.42737675 0.76820977]
16,156567.70383164976,21631.433672891744,8890.16225722335,3032.4527213273223,2097.562419331639,3971.3037249613144,2901.612258882413,633523.6733801073,633391.0825506073,18330.914514154276,[-0.14443798  0.97331385  0.17831945],[-0.03045724 -0.18449678  0.98236108],[-0.98904501 -0.13645913 -0.05629279]
467,168573.0119251854,183420.48097249182,194605.50545080067,11013.964687147278,12327.502573616517,6862.090783364233,10657.279822362249,6839880.271821748,6837779.607283061,309517.9261703962,[-0.39817302 -0.46945515  0.78808002],[-0.74636807  0.66525664  0.01919161],[-0.53328506 -0.58055618 -0.61527357]
152,103288.83490120292,170355.64275666178,198116.06948523092,11326.335448178115,6425.646611426916,3925.869952859385,5008.42472482748,3467408.4467818625,3465078.9203658197,155508.5705683294,[-0.11137012 -0.72396686  0.68078534],[-0.92320305  0.32892365  0.19875955],[-0.36782172 -0.60636723 -0.70500068]
13,185331.2842175402,168566.37267212247,159620.87840080095,2521.650918839211,3117.0291974188244,1885.9271349386752,2875.1391801951154,1071136.7668046996,1071120.253663115,12135.40678153558,[ 0.76943076 -0.32566476 -0.54947136],[ 0.13683286 -0.75624221  0.63982379],[0.6239015  0.56748584 0.53731438]
38,73621.0929455755,141163.01088865098,199252.3675144,4971.415033724806,4057.47904307463,2588.177266827545,4267.482836521903,1572674.4635647398,1572543.0831552127,33660.12606651579,[-0.26794421 -0.736592    0.62099768],[-0.91913026  0.38865173  0.0644159 ],[-0.28880006 -0.55351789 -0.78116098]
26,94035.45506010982,59818.385318894936,33170.40571538087,7422.72123577481,2752.4867083484583,2305.865941395741,6831.1532856073545,594352.7954660509,593988.3492152648,23654.408744105167,[ 0.32509143 -0.7950136   0.512122  ],[-0.48873649  0.32236832  0.81068817],[-0.80960003 -0.51384049 -0.28375298]
239,121567.57056935702,18222.854469297392,111290.86435241779,6331.395472881934,9344.41717173637,12794.285093609034,9127.192399501324,2575289.7056975486,2569155.627027279,223042.6892918156,[ 0.51707797 -0.73106106 -0.44517424],[-0.44373423 -0.67370603  0.59094849],[0.731936   0.1080274  0.67275536]
4,95347.5828547701,40791.539562917154,27443.321853372167,2235.862577159386,932.6642678004911,918.1637601098081,1875.0316250422486,214612.27464334274,214588.67810318677,3597.7655187392324,[-0.02722994 -0.51349283  0.85766173],[-0.45732478  0.76932565  0.44608528],[-0.88888277 -0.38008309 -0.25578169]
97,8835.981629830338,153127.1617460385,125706.73110070344,4799.682436345874,7621.162365866325,6118.6033938070605,4699.8927653335095,1955677.894106479,1954108.405884747,97221.5940046258,[ 0.94497887  0.17332195 -0.27744266],[ 0.32411065 -0.61103765  0.72220861],[0.04435331 0.772394   0.63359316]
65,138829.32457140458,153152.0813349954,22791.34737624146,4034.397263157349,6694.538492740325,5651.222680127525,6825.497144069924,1678242.6390471053,1677763.301435286,54973.477195568405,[-0.74415053  0.65397258  0.13623454],[ 0.02891896 -0.17221105  0.98463549],[-0.66738571 -0.73665678 -0.10923874]
124,179600.42744115405,136365.0820842346,21338.34788472877,5678.069270548203,5747.527778927224,5916.574568822735,5978.099781504997,2524298.723318938,2523666.6055499087,89703.79170227432,[ 0.42967015 -0.66189559  0.61422942],[-0.4321259   0.44655296  0.78349069],[-0.792875   -0.60206701 -0.09415175]
302,144493.21191184962,13253.273212869279,13915.695073805377,15744.358528727593,8896.632421752402,10942.572035596904,15848.929093377908,2555102.926868364,2552461.168076778,244507.22980658553,[ 0.02904855 -0.86923754  0.49354056],[-0.1283545   0.48641764  0.86424707],[-0.99130283 -0.08845327 -0.09744082]
51,30674.70452166811,173393.70694179446,104862.09411627249,5777.024457514189,7245.763978017846,3618.1557494042745,6288.046563504905,1465015.70452183,1464593.4720746116,55060.25490825272,[-0.19813304 -0.48114171  0.85395899],[-0.96877199  0.2286347  -0.09595314],[-0.1490776  -0.84630303 -0.5114167 ]
85,143802.5277578363,47580.9246564943,175945.7781250455,5714.282447845703,3259.7510433996035,6890.044683142145,4719.982399622439,2142066.669388495,2141061.3073836826,76416.3022454513,[ 0.22147959 -0.9717266   0.08181811],[-0.75331043 -0.11720932  0.64713629],[-0.6192497  -0.20496192 -0.75797125]
25,24578.827909165448,194497.97231458855,90581.05714119988,4016.0466267387646,3624.7556769722264,2236.6980915269055,2989.0260635537184,1080105.4593203864,1079991.7035661153,25080.441347600517,[ 0.06593035 -0.42800456  0.90136856],[-0.99132539  0.0748351   0.10804481],[-0.11369767 -0.90067297 -0.41935788]
10,110670.69698880713,156556.53715677286,51745.44783213675,2522.4465295140676,2524.271303983442,1856.6342589430687,2743.9076594194307,628077.1541664479,628066.0857329457,9305.547863757227,[ 0.11591524 -0.3845955   0.91577833],[ 0.82217157 -0.48017397 -0.30572351],[0.55731281 0.78836492 0.26054401]
66,46689.8682586108,28998.947780782975,123682.05100230157,8247.965714470165,6190.005328333977,5102.132195823107,7571.550419002702,1103004.099756538,1101756.2614014817,70585.6426038653,[ 0.51145411 -0.85926596  0.00875819],[-0.78631302 -0.46387141  0.40808719],[-0.34659275 -0.21560455 -0.91290095]
21,39174.13732235051,132127.04589771177,4027.298499733556,3618.5964210781517,5076.357145797035,1938.9885601886735,4882.999047653331,632470.2923270111,632237.8087079348,19979.38507317229,[ 0.24299709 -0.10161897  0.96468959],[-0.92756941  0.26666252  0.26173666],[-0.28384397 -0.9584178  -0.02946043]
2,96798.33978431998,184004.54589520596,93482.34298864444,60.898746745580866,191.93612723055412,429.34500219241454,356.849924149632,322387.2355755214,322386.9330109227,441.68522450131456,[ 0.8576062  -0.5037718   0.10356442],[-0.29018163 -0.30771207  0.90615005],[0.42462482 0.80717239 0.41008109]
10,4408.4283049844835,88410.87792691198,135109.58565423987,3042.0552911754253,1347.2471826118745,3114.6945725883925,2812.659087318448,510953.73745251657,510903.30066543486,11395.601658086345,[-0.02326112 -0.8362686   0.54782638],[-0.99935321  0.03448225  0.0102046 ],[-0.02742407 -0.54723469 -0.83652981]
3,66070.9686093774,133238.11520524393,140375.00228000482,1791.322458970631,1030.1142835723062,463.99339406080736,569.7990592439658,354230.1436693343,354221.5452869635,3531.394696650685,[ 0.06194209 -0.73829916  0.67162305],[ 0.94433881 -0.17447808 -0.27889355],[0.32309038 0.65151496 0.68639701]
12,78027.51986574552,18110.278144064174,46475.52980031378,1983.0529422531,2739.8090884269172,1546.4525580809068,2213.4666299601327,321015.8584009718,320941.89445341163,10347.67149575663,[-0.52632805  0.10137693  0.8442165 ],[ 0.11452055 -0.97536848  0.1885242 ],[-0.84253417 -0.19590572 -0.50175405]
16,2289.301534297788,113197.97766212997,42012.94645719814,2056.634874448739,6697.265718795182,3148.4441062675437,6063.93821924809,483968.2402546574,483746.0449262902,18544.959487543314,[-0.99738542 -0.00623497  0.07199616],[ 0.06967385 -0.34738828  0.93512937],[-0.01918012 -0.93770065 -0.34691442]
481,93468.380324565,180675.30683645915,26950.087153891145,11155.286993267886,12234.799456383216,13360.37401178663,13213.40383546511,4520549.047375022,4513547.220224983,366243.0299656952,[ 0.82077108 -0.47245321  0.32112737],[-0.34425288  0.03953588  0.93804417],[0.45587804 0.88046855 0.13019347]
42,67607.40467916548,61808.69403968504,120487.84110076111,4180.727306451128,5250.181025027077,3270.382474017345,2396.8313860857106,981684.5169278847,981415.1244654492,45903.32834165579,[-0.83875878  0.5008493   0.21362044],[-0.31137703 -0.7630372   0.56640848],[-0.44668563 -0.40856359 -0.79595712]
699,167526.54085838803,191553.1047362101,23682.152506506525,14942.460914750322,10281.211492775492,18064.084294218635,11311.650832372454,6782786.840953225,6771781.492810179,606834.4190397062,[ 0.68032426 -0.53324082 -0.50280526],[ 0.32655243 -0.39363785  0.85930946],[0.65614207 0.74880135 0.09367029]
32,24946.79880787158,201126.57703784818,116901.83701022423,5140.470653216827,3814.00383449975,4460.492313885842,4044.4064599426742,1324052.3712103122,1323907.4708272933,37787.339778946865,[ 0.20322267 -0.51077853  0.83534774],[-0.9733213  -0.01257172  0.2291017 ],[-0.10651848 -0.85962041 -0.49970648]
121,112351.47805620746,54385.63012411523,142406.6269288178,6667.329915748877,6381.618776746528,7241.827153929569,7850.5740249113505,2086252.2930169015,2085621.9512072313,96069.62807963998,[-0.79088835  0.03411576  0.61100878],[ 0.14954537 -0.95739934  0.24702771],[-0.59340694 -0.28674488 -0.75209413]
95,164068.91539208588,30165.688516664515,63636.9935774696,5919.377542795753,9762.992778945882,6079.823425214021,5506.918919451099,1743929.8250433514,1741909.9108327094,114524.20065896884,[-0.33535819 -0.14230343  0.93128117],[ 0.2074788  -0.9754113  -0.07433271],[-0.91895997 -0.16829301 -0.35663711]
22,157766.2191740363,9592.317413692925,54076.88336550309,4947.230860434131,4183.872855111165,3733.9421449739702,5422.187688097563,784273.9522755742,784013.0675065641,24177.123516419364,[-0.32099934  0.37315482  0.87046821],[-0.07159612 -0.92603903  0.37057484],[-0.94436932 -0.05663213 -0.32397435]
580,144208.8754702898,15074.624774589392,175880.51105425737,17675.90735326471,7512.917425129209,12726.896320594693,13976.604905208058,5514541.314244891,5503047.772397107,438946.09535480605,[ 0.06337156 -0.99743628  0.03324019],[-0.77097651 -0.02777988  0.63625741],[-0.63370282 -0.06594803 -0.7707604 ]
2,148646.3383699443,181642.49933889124,76579.99889915998,1368.1845561580994,498.5047979492083,1127.6005477047293,107.22864748103893,349163.62819536316,349153.9465838088,2600.161437388102,[-0.36711674  0.6000711  -0.71073199],[-0.7090313   0.31404584  0.63138722],[0.60207966 0.73572405 0.31017771]
42,55105.00478912956,114801.73536363908,36413.969076329195,3354.79110749907,8564.962246001807,8884.604498497169,10360.584268146891,862069.564445007,861201.5362755286,49317.43263861161,[-0.81315039  0.48991128 -0.31428231],[-0.40858578 -0.0958896   0.90766891],[-0.41454083 -0.86648261 -0.27814345]
13,124407.96542290956,177075.57020428882,24840.434508818646,2132.7489517693084,3346.356067797227,2016.8730086720143,3288.1779720125146,785539.211831165,785512.8619852153,10801.807269852197,[-0.22739399  0.29020572 -0.92955506],[-0.78877904  0.50489468  0.35058379],[0.57106883 0.81293419 0.11409818]
10,113588.1765966415,201192.42541475224,81740.19037137828,950.635974729485,2673.147200495658,2474.0804278171277,2464.1947197003797,775073.7828565779,775051.8801295853,9006.48571236414,[ 0.72987251 -0.56708896  0.38170176],[-0.50251604 -0.06655913  0.86200204],[0.4634261  0.82096285 0.33355098]
5,109782.78953032536,99583.3112449368,185285.61461068335,1433.8678504416846,4274.471977574214,2190.0996960618354,949.6795494112587,530677.7589402588,530575.0335904342,11001.977671309494,[-0.88288852  0.13852626  0.44868511],[ 0.0801337  -0.8970367   0.43463058],[-0.46269476 -0.41968515 -0.78088279]
47,154943.82534342635,174683.06837348692,160156.57125201804,6046.160198476112,5066.798985787788,11844.537358249634,3661.653813223029,1943493.4587891332,1941429.8598760837,94223.29106317059,[-0.69117276  0.71420803 -0.11039518],[-0.4722056  -0.33067414  0.81711473],[-0.54708507 -0.61689667 -0.56580599]
3,56747.51346301369,197679.36336038608,155823.45028813966,1003.9393776907908,572.1352136921498,713.1733062740518,464.06545737782386,446922.9454740343,446918.57614201884,2209.5379314118095,[ 0.53916229  0.42045518 -0.72974068],[-0.81297971  0.48609221 -0.32059062],[0.21992727 0.76611475 0.60390412]
264,165862.47959475525,150544.40699133667,141299.5107777824,8054.679116760552,7227.235465577894,14612.61171490073,10697.102511614296,4311973.509452982,4308038.082859496,236522.55462703,[ 0.52292472 -0.81391415  0.25316691],[-0.57882619 -0.1210504   0.80641617],[-0.62570758 -0.56823459 -0.53441508]
106,85759.03980801368,185873.5160057638,108897.47488495948,5184.456167040677,8175.165501703794,6058.866956490348,9205.10128871584,2389640.778247034,2389554.5117012355,69927.3003873585,[ 0.92910197 -0.31639077 -0.19148477],[ 0.00492395 -0.50714423  0.86184714],[0.36979087 0.80168673 0.46963081]
57,194621.85999986634,177291.02136510186,61140.68544087633,4592.63752661375,6233.664149186555,6340.001924536985,5760.120379479407,2041829.5010890474,2041072.1615617403,61972.90826132183,[-0.69194353  0.65477522  0.3041111 ],[ 0.05168901 -0.37522284  0.92549234],[-0.72009888 -0.65610763 -0.22578833]
9,120241.94515574454,161254.6087489181,2222.442658783825,2149.3717405190946,1815.3968254360436,1732.3262385168207,2113.098843953409,603554.6520898225,603531.6299148509,7608.653716766496,[-0.53130593  0.40638373 -0.74334802],[-0.60033641  0.43850111  0.66881461],[0.5977543  0.80160404 0.01098871]
20,49260.88854687731,119133.08873352557,68574.49349055596,2427.3763153922505,3146.907821970843,3041.085448418344,3578.286052794278,653357.2310383649,653262.6557501028,15669.455294198586,[ 0.3855883  -0.57486651  0.7216995 ],[-0.85886191  0.06220025  0.50841651],[-0.33716152 -0.81587967 -0.46974725]
25,144388.83623865177,50412.8954821682,80923.50150487057,4072.1656012033823,3535.500391283382,3076.7652475477253,4284.199981706546,865625.0815798446,865465.4276582106,22376.517279809177,[-0.4082049  -0.24346178  0.87982675],[ 0.370094   -0.92516179 -0.08429768],[-0.83450536 -0.29120787 -0.46775932]
82,61373.25229787191,56760.201007250434,64329.29460684998,3388.3519416933773,9167.961853742203,5394.1775338586385,5981.443105377783,959605.7937718359,957633.3777690426,85473.11772702589,[ 0.59484478  0.23097735 -0.769941  ],[ 0.55699353 -0.80904796  0.1876156 ],[0.57958424 0.54045431 0.60991085]
92,53946.78763470005,12825.067476094306,189605.0113274323,6253.093871040081,8117.922912821542,4794.25497802837,4775.259508093703,1897330.9946895274,1895929.3766539556,98485.49181671756,[-0.84243078 -0.46567681  0.27102674],[ 0.46439338 -0.88261284 -0.07302991],[-0.27322002 -0.06434038 -0.95979745]
5,6116.359563116505,115483.72549577136,184734.30083138027,1574.0183481421157,2844.51812809568,1197.87529411619,2312.0833780785833,487396.83305057854,487378.564965459,5755.422796082126,[-0.85517195 -0.4263079   0.29486016],[ 0.5175844  -0.73309086  0.4412303 ],[-0.02805933 -0.5299428  -0.84756906]
48,41312.84064040287,48430.73551511861,100174.42523702925,4477.1876517014725,4006.3131136375605,4292.164140940262,3683.38219925653,823679.5613852192,822926.7973225935,44143.71218964013,[ 0.6045729  -0.78573541  0.13081081],[-0.71654326 -0.46473312  0.52018158],[-0.34793298 -0.40821929 -0.84397847]
75,98121.50284975718,163141.01272129244,66644.35283125224,10696.900053801684,4272.387231409234,3339.390061205854,5045.126314748798,1749712.9203656982,1747487.7518590218,94915.19607330167,[ 0.0644186 -0.4103183  0.9096643],[-0.87098608  0.42179507  0.25193683],[-0.48706621 -0.80853436 -0.33021008]
45,32915.91765119468,16754.478839428997,150678.2484856842,4960.111250689702,7510.174126587596,5176.395554129646,5031.134035710381,1042888.8561186608,1041361.5426218505,61485.31591205477,[ 0.78214503  0.57715431 -0.23482347],[ 0.58611249 -0.80937982 -0.03710055],[0.21147412 0.10861496 0.97132975]
5,204243.1524984216,160547.44172918113,35737.843047654904,324.270111860926,1225.5834524007726,2236.301473388136,917.5650772815943,586405.2361168951,586383.4855595427,5365.403930992214,[ 0.52398114 -0.7545397   0.39511214],[-0.34474806  0.236308    0.90846425],[0.77884051 0.61223228 0.13630517]
165,57090.618559792296,170745.28012580055,80460.75002904747,8694.187663831945,8105.932886553025,8751.585577389546,7188.351903702893,2539223.1284838268,2535643.2315531285,165965.71265459107,[ 0.63941614 -0.49164932  0.59112431],[ 0.71246362  0.08985771 -0.69593188],[0.28903736 0.86614464 0.40773872]
65,179228.10814223968,162564.48947925147,94814.06698227183,5933.643139671999,6288.654211337403,4736.219808757981,5955.430827805855,2096392.2668531577,2096174.8688816717,63065.75043502311,[-0.71698991  0.5197214   0.46455908],[ 0.10114407 -0.58181699  0.80700611],[-0.68970671 -0.62560263 -0.36459018]
21,191739.26859937212,148602.44581692998,35762.04572742592,2921.2933724726004,3459.7513070220143,4044.040070034226,4002.184058348599,1123976.1733676733,1123860.2716343103,20907.534424389483,[-0.59680081  0.79539172 -0.10573936],[-0.18008596 -0.00435742  0.98364123],[-0.78191933 -0.60608005 -0.14583939]
255,49019.17627186725,74607.90888262105,112199.495492209,9357.232458739332,7654.665346213973,11083.954727851771,6933.996054952168,2300492.8210200053,2296513.719931304,235591.09323517128,[ 0.65048674 -0.73208943  0.20226732],[ 0.67879266  0.44088012 -0.58725229],[0.34074555 0.5192974  0.7837236 ]
7,136401.58245405587,201632.30695956078,150475.07904123032,3109.287169674089,1096.8320660347115,928.0527925572652,1184.982838293058,757231.6566633608,757195.2110826498,8489.68585540118,[-0.00588609 -0.5955189   0.80331973],[ 0.87907642 -0.38599273 -0.27970388],[0.47664452 0.70453307 0.52577861]
31,37912.34159283117,124869.26321244628,122867.68880271493,1900.5528514131788,2981.801828405733,2907.186055055762,2744.650066117591,998217.9205341302,998130.4151611673,20420.831248750896,[-0.93335618  0.35207619 -0.06991855],[-0.29005956 -0.62503038  0.72470854],[-0.2114514  -0.69669174 -0.68549904]
184,85504.19332653342,35924.995352574115,190400.71716005352,6022.552810368583,18366.85125406199,8144.177391304875,8872.900793406818,2885889.998984685,2876465.7775878487,256428.29733241184,[ 0.84810563  0.29911939 -0.43731502],[ 0.34434481 -0.93848626  0.02588827],[0.40267045 0.17254315 0.89893569]
13,155529.21651382608,85649.54719493633,198650.79301294958,1933.7360791606773,3531.2909896006954,2693.6724385740695,2881.880089710076,960784.9090049813,960715.8774662147,14063.040402229395,[-0.80769718  0.13609568  0.5736752 ],[ 0.08295005 -0.93708695  0.33909782],[-0.5837333  -0.32147474 -0.74559334]
12,96074.92516784073,50014.92002005873,8472.044646868688,2265.3958429624463,2355.2509503752026,2146.487007398273,1876.7786026352906,376544.60973554204,376467.76757642115,11868.963141581267,[ 0.21041536 -0.54166491  0.81383322],[-0.41673297  0.70334964  0.57587578],[-0.884341   -0.46032424 -0.07773405]
349,112401.0317469273,99220.63356156647,54828.87067429669,6530.217619933861,11692.848962986269,16822.748979629923,14201.231126817402,3007565.3639736352,2996117.6977601494,298406.50518932496,[ 0.47200436 -0.77076796  0.42793531],[ 0.53533233 -0.13508614 -0.83376917],[0.7004507  0.62263029 0.34885576]
10,1255.1557744873537,8218.401079856001,104857.10165541299,722.8869319993779,2326.729993529095,3050.6992157629093,2912.295929694984,332851.00001450605,332760.78342073056,8241.29105633843,[-0.99050179 -0.13565059  0.02247474],[ 0.13697601 -0.98771172  0.07525373],[-0.01199035 -0.07761746 -0.99691111]
28,189107.39323026198,161533.4240547054,12271.266059082483,6072.78443835244,3650.969352228805,2823.346510208473,6021.117067035333,1318162.233616548,1318098.7699930745,24805.231590697567,[-0.03811404 -0.03123014  0.99878526],[ 0.64933292 -0.76050362  0.00099928],[0.7595486  0.64858224 0.04926463]
68,93670.2114445686,9072.319592957927,6586.668326996998,6265.809340566569,6155.454935134474,4768.849307681767,6432.638504488902,781720.7487972664,780284.4817791061,63457.524433159684,[-0.01229226 -0.50656811  0.86211232],[-0.11890651  0.8568003   0.50175142],[-0.99282936 -0.09634311 -0.07076626]
3,113008.24327938515,45408.63134143373,123396.85127702092,392.0828878727362,1425.078079312324,1254.796053220268,553.0839010964529,300312.2191493298,300303.7061340561,3216.858183683096,[ 0.73238226 -0.46106404 -0.50103511],[-0.1969336  -0.84783588  0.49233269],[0.65179244 0.26190508 0.71173896]
46,92500.36325433705,89041.26349987993,15018.40655047495,4484.773888370595,8417.65379149977,5266.953112315317,8309.631660869365,879360.3692112144,879064.5012977858,47246.68049640118,[ 0.31037762 -0.46279532  0.83035307],[-0.62719682  0.55669682  0.54471351],[-0.71434578 -0.68986168 -0.11747752]
13,9474.89179966688,166836.87729660675,141809.99869553724,2330.1347554910676,2997.660321531384,3575.5167628584013,1817.2468303162584,790422.3860355864,790267.9452295885,17619.245114352067,[-0.92363936  0.27734367 -0.26451999],[-0.38081252 -0.58619025  0.71509637],[-0.04326841 -0.76122367 -0.64704433]
16,122110.29725593523,83766.06536626947,61620.21818793281,3094.1534322436905,3515.792685544511,2946.9988532618277,2576.8918320983953,641864.4449591292,641714.1611878735,19599.493219132964,[-0.27570593 -0.27575276  0.92084019],[-0.58684599  0.80700756  0.06595894],[-0.76131335 -0.5222061  -0.38432117]
20,105500.27644278221,47575.792349907424,16092.505304787652,2938.546616835436,2852.9319983704604,2333.413518009959,2763.820415435325,522858.47293836117,522806.9509399865,17029.272676497007,[ 0.311106   -0.39874092 -0.86268113],[ 0.29647055 -0.82171127  0.48671944],[0.90294976 0.40718088 0.13742436]
2,61064.008323778835,99852.44751408015,20743.293032389716,142.06038190651088,675.3751130161763,79.02987824708907,508.142870693584,168107.6509345324,168106.31642102532,669.8373539353797,[-0.10866724 -0.13805351  0.98444536],[ 0.85106149 -0.52467089  0.02036664],[0.51369813 0.84003672 0.17450657]
89,155686.38681564044,113130.94816620709,25099.861293151895,5626.289877541806,4095.443573346044,7404.4259675027,4575.355012599959,1832882.1845735735,1832029.0157939855,85403.36288768085,[-0.56121556  0.81015721 -0.16935877],[-0.20329956  0.06341844  0.97706059],[-0.80231314 -0.58277217 -0.12911319]
18,46208.84067422804,25808.181267186887,144222.97895795442,3717.7056852554383,1320.9177469355543,2658.6019404979897,2761.712453975605,652075.018084729,651920.8190125092,16412.74752364647,[ 0.04379252 -0.98576497  0.16232572],[-0.95265827  0.00772879  0.30394487],[-0.30087279 -0.16795145 -0.93875869]
30,20943.323904741825,73833.90780994868,168552.0662066272,3764.8700845333337,2658.6210851790916,3709.237257736866,3363.737928014829,1014835.2345109635,1014638.0384382418,26668.742985275192,[ 0.55310391 -0.78620394  0.2756074 ],[-0.82540494 -0.47223782  0.30935114],[-0.11306084 -0.39859103 -0.9101332 ]
21,191648.9463105593,87464.20262978273,97388.03680355228,7346.329788816743,1801.4961997779174,1621.3407299911582,6310.034834100983,1064120.8188353777,1063960.777805483,20606.130788955812,[ 0.01265495 -0.75617336  0.65424896],[-0.56351925  0.53510676  0.62937017],[-0.82600599 -0.37664654 -0.41934649]
44,8845.858592640874,123256.93044390446,149525.07427435837,4170.901123066447,4413.401900088718,4939.450370829488,5326.89592245296,1287526.9064358282,1287440.3632313898,38096.64089687169,[ 0.62278077 -0.62145535  0.47532868],[-0.78106092 -0.45834744  0.42410076],[-0.04569401 -0.63538246 -0.77084447]
15,198731.99768631026,50201.58689831024,187450.17976601454,4032.3745220198734,2262.4966995664026,3027.4072538623195,2933.282992019242,1075946.5693191,1075868.5503112613,18095.582455654476,[ 0.32399637 -0.94163266 -0.09140182],[-0.61891836 -0.28403938  0.73229891],[-0.71551828 -0.18069192 -0.67482147]
7,176224.38758209813,26055.743219789896,83457.45716594803,1530.3410739122896,851.2246867415805,2311.6948681423182,1501.1047230483769,520528.93662162794,520491.6169955113,6559.030675458607,[ 0.00932556 -0.95995183  0.28000985],[ 0.44435868 -0.24687648 -0.86116048],[0.89580042 0.13245561 0.42426066]
10,196926.21380485556,134047.1876524824,89248.28224502527,1294.9245838202714,2751.499042632676,3175.129335147299,1940.1088166020322,804530.9767244881,804510.8610766294,12470.928370867148,[ 0.62336301 -0.53766063 -0.5677496 ],[ 0.11051603 -0.6582154   0.74467355],[0.77408318 0.52694738 0.35088702]
5,26845.65404004727,141173.72013669793,144599.58505384423,554.4282767301875,1958.237511264078,1485.3448202560555,844.8311391091981,455882.7704940055,455854.9801975173,5301.310686293979,[-0.98264684  0.18548153  0.00133432],[-0.13063565 -0.69715453  0.70491835],[-0.13167957 -0.69251148 -0.7092872 ]
3,10067.444122537307,68408.11634917463,191390.87686620306,533.5243537426743,1841.8961339703167,822.341726145418,1381.9016106857318,352487.07521529397,352477.83824568643,2702.8822078155417,[ 0.97699866 -0.21185328  0.02432688],[-0.20742425 -0.91765153  0.33895554],[0.04948524 0.33620509 0.94048782]
3,6840.43910243556,194324.14674043944,11004.74180811947,1708.4416487845551,181.62190106095633,3691.113116094662,221.9153629311019,337398.6229930801,337328.68074538285,7043.190763088801,[-0.91624     0.00956893  0.40051555],[ 0.39908687 -0.06585569  0.91454508],[-0.03512745 -0.99778328 -0.05652078]
5,60332.47138949509,131678.53752714262,151149.00364505386,1285.0154776528075,3971.9494112331654,2038.5136616387883,3839.5023293450654,468221.31871152803,468191.40608572355,5838.86474137294,[-0.95539337  0.23974761  0.17246621],[-0.06457394 -0.73941054  0.67015092],[-0.28819041 -0.62912093 -0.72190937]
28,101676.92125606975,84829.91194290046,3527.3338124169813,7123.044507217684,8471.40765789087,1752.4748858086898,2165.706710145017,703381.2885254691,701092.4068720173,58090.08669006373,[ 7.71706730e-04 -4.26164569e-02  9.99091208e-01],[ 0.64097788 -0.76684079 -0.03320486],[0.76755897 0.64042099 0.02672443]
3,61015.119135803536,165682.6423496472,109773.69606851216,865.410255573562,743.0973323068414,1660.7098602342103,511.2283885503592,360115.4480230132,360101.22258311964,3377.9624121093593,[ 0.89782051 -0.04008355 -0.4385335 ],[ 0.32830582 -0.60276982  0.72724399],[0.29348529 0.79690768 0.52801945]
12,66082.32456093795,158698.29887689208,190733.06636245656,1974.6862616434933,1128.482020393551,3540.8995436430287,2740.5167255136844,889576.0593875513,889553.3110189508,11019.629094972812,[ 0.81474418 -0.55212052  0.177073  ],[-0.51958456 -0.55968154  0.64559155],[0.25733986 0.61799636 0.74287058]
116,12162.848352242163,100374.70747291617,66453.42203736759,5746.880986256696,5110.689491471062,9560.332451949342,4989.710691891645,1308432.1911605077,1305620.7684082887,120629.22431479169,[-0.99392248  0.10832332  0.01960002],[-0.04337247 -0.54899536  0.8346993 ],[-0.10117772 -0.8287763  -0.55035708]
50,66392.82443491273,23428.639781844566,99951.11057383966,5206.151835178843,3771.6259608553983,4213.214238974979,3952.792951943316,865838.1338228297,865314.424631452,46653.919866315395,[-0.01015135 -0.97198464  0.23482508],[-0.83960593  0.13583212  0.52593871],[-0.54310113 -0.19182154 -0.81746294]
4,11131.15926077869,193552.36502411042,110509.55550847983,1369.6139010812162,1502.4907766338974,196.56372539625582,1225.3612663193205,446328.7142244397,446322.33993899164,3268.633885668565,[ 0.28022696  0.46374357 -0.84048483],[-0.95863755  0.18068063 -0.21992854],[0.04986888 0.86735022 0.49519359]
13,201032.65769077482,142373.62388074872,106637.95885386318,2005.4771804670695,4211.843617125035,1895.4109315910732,2654.784473291174,967988.2641320272,967923.0498718182,15483.635630425619,[ 0.50309001 -0.06490311 -0.8617935 ],[ 0.43136904 -0.84521944  0.3154756 ],[0.74887996 0.53046365 0.39722426]
10,80818.03317694175,35064.178712633395,116264.86832298998,1876.7876576692988,1876.0730013277673,5949.59893289229,5617.3291952093405,461741.1361782857,461632.974563649,10503.740894250941,[-0.05194465 -0.94559074  0.32118516],[-0.83124915  0.21918668  0.51086403],[-0.5534678  -0.24044824 -0.79740707]
2,203689.1604294852,190788.14973176317,172565.74883674225,477.10465160686,798.8178909949493,211.13748881142237,279.3377554890758,464045.77391467453,464043.9803658956,1290.183802988212,[ 0.32592533  0.41870023 -0.84762185],[-0.71304378  0.69757568  0.07040412],[0.62075861 0.581445   0.52590918]
3,144933.7012099877,138014.79345443417,83398.94464935917,464.52332806372283,270.8749206970176,1121.5697011594468,258.118691396325,375542.59203896084,375537.0439549213,2107.6500262883114,[ 0.52964182 -0.77051192  0.35467015],[-0.52215001  0.0333517   0.85220129],[0.6684601  0.63655246 0.38465835]
