N,MEAN_X,MEAN_Y,MEAN_Z,SIGMA_X,SIGMA_Y,SIGMA_Z,SIGMA_R,LAMBDA_1,LAMBDA_2,LAMBDA_3,EIGEN_1,EIGEN_2,EIGEN_3
1435,101917.5094694341,94109.84944207332,153100.87294063932,22566.10229458561,22740.26264748144,24975.196519103494,21201.51027360512,7962909.465079941,7885818.861967921,1282194.3097222897,[-0.72554668  0.68525955  0.06325636],[-0.47786421 -0.56782794  0.67023669],[-0.49520482 -0.45606006 -0.73944669]
132,67777.28743047346,81801.9677313558,28323.447868290506,6525.144946112191,4647.357805289435,14068.281066044145,7323.599970458046,1275189.4314588688,1267533.2281045332,165995.04924938694,[-0.76916131  0.63905305 -0.0014427 ],[-0.16858958 -0.20073504  0.96503005],[-0.61641579 -0.742507   -0.26213531]
238,165013.8817353952,153303.47727728455,147329.24502832652,8099.992732284118,5992.999865503215,6968.814942401535,7587.03097994469,4155138.571553737,4155042.012736803,148712.9362366354,[ 0.78332344 -0.52742725 -0.32897552],[-0.10137467 -0.63053305  0.76951365],[0.6132924  0.56942829 0.54737907]
2022,24307.06602841538,38337.06558403044,38625.27072917389,13939.356441008422,18645.66773466075,26404.026936001486,17879.988533896998,3047556.1377071873,2850919.1607660097,1400696.9146352517,[-0.90395078  0.388473    0.17877841],[-0.15760719 -0.6912767   0.70519252],[-0.3975336  -0.60928257 -0.68610625]
34,118321.47538407962,148956.15774960528,150660.70526101408,5906.722587410687,3113.4171464390274,3113.9521140571865,3639.7780384973275,1415481.2297418176,1415275.1843271048,37227.5414068795,[ 0.17674355 -0.76579989  0.61831404],[-0.85489457  0.19187717  0.48201496],[-0.48776735 -0.61378635 -0.62076512]
155,44005.8883671621,72722.17797237798,116157.9968820046,6995.268074158238,7522.1095825174,7598.742660867861,6851.5194416173235,1797620.1710236978,1795484.7843979334,133779.44240424872,[ 0.84421485  0.24803942 -0.47516075],[ 0.43998777 -0.82697517  0.35003261],[0.30612425 0.50456765 0.80727903]
10,190616.95290530132,31615.398876377345,67482.44257978286,1618.2137445248488,2103.914539543956,2472.723155058099,2300.0942899755137,647298.6371249688,647266.4551894262,8861.362870178325,[ 0.11323614  0.73778583 -0.66546949],[-0.34614972  0.65710989  0.66961703],[0.93132054 0.15452723 0.32979295]
663,169714.2563350964,190509.69641205092,28616.975308567966,16050.88289607418,9738.07498817025,21020.33818793967,10170.03059053914,6642978.08693944,6623407.370147066,677448.2698185511,[ 0.66482501 -0.51086948 -0.54499548],[ 0.34612909 -0.43585598  0.83079734],[0.66196854 0.74097364 0.11294117]
24,7747.900232048508,112490.83383779491,170464.67471559494,4486.713615055171,3214.2004093552596,3706.1267536340665,3576.801802543704,1001710.0868318488,1001509.568898487,27445.350737316734,[-0.48706198 -0.71862824  0.49633062],[-0.87254353  0.42506709 -0.24080231],[-0.03792647 -0.55035572 -0.83406844]
257,125730.32735813015,17288.38568022469,109905.99483409425,9151.350747624,10822.294549211721,16875.4873695014,12581.486404470235,2712257.6875708005,2701504.171713797,287979.99543730007,[ 0.47472756 -0.77179067 -0.4230519 ],[-0.46533853 -0.62808948  0.62366951],[0.74705676 0.09921075 0.65731532]
784,59874.48637294835,170337.11026834915,128662.24667255132,23267.031867379937,15030.391971720981,10451.70519339896,13796.005429033004,6255783.900129523,6226035.176143228,740912.830875388,[ 0.08802212 -0.61887419  0.78054266],[-0.95893867  0.15943841  0.23455494],[-0.26960848 -0.76913857 -0.57942828]
142,68746.19968399794,85402.11655565548,135005.8979535361,7994.854534823997,11610.268306516507,5225.252846689798,6577.03973375743,2078473.9755160438,2075626.0397869437,160685.0411335414,[ 0.7249714   0.35180045 -0.59215953],[ 0.56438503 -0.7962256   0.21793195],[0.39482402 0.49220041 0.77579169]
319,133807.20600590965,198826.09532518868,93184.02845370113,13089.686144183874,4188.034080419696,21565.321804094918,10611.10861503209,4610537.087722903,4601370.703622065,414437.50547036174,[-0.83311157  0.55275019  0.01980771],[-0.18618983 -0.3139894   0.93099087],[-0.52082479 -0.77193127 -0.36450466]
387,52414.07061181938,183326.09394743745,166929.21165962613,10472.613945347533,13971.190511529507,10064.31656420816,10340.822062605353,4997674.653150279,4993055.941874388,337792.3503469925,[-0.95980103  0.28061441 -0.00612714],[-0.18906543 -0.63022859  0.75303797],[-0.20745181 -0.72392505 -0.65794854]
714,18615.04686794669,109286.41573875754,77704.50174734468,11026.013143321072,14002.801472071322,20792.59041647161,14730.134865583432,3681207.2147703366,3652587.8563439925,592215.0043912604,[-0.98768673  0.07441648  0.1376122 ],[ 0.06755181 -0.59053153  0.80418236],[-0.14110877 -0.8035762  -0.57823318]
590,121855.00598940991,160785.3163917167,97667.28024564845,15288.93953767595,13956.302995396676,9207.285054857924,15071.95098551017,5466617.317851227,5462304.28910149,409373.1839385004,[ 0.05815183 -0.54909352  0.83373537],[-0.83684157  0.42857029  0.34062251],[-0.54434783 -0.71751224 -0.43458214]
3,67888.68002399964,33074.791920581105,48544.23698877807,1462.4548956043793,1386.5598399056296,182.46153080542214,638.9663321398062,155531.4710498955,155498.12070466322,3318.093365640865,[-0.35047983 -0.46975953  0.81024063],[-0.55244837  0.80227582  0.22617318],[-0.75628347 -0.36834697 -0.54069938]
147,129067.09737511314,171757.30794476985,158285.11388725392,8443.663046448806,8377.6225641582,7475.18271662233,6291.5861490960215,3238650.3401990808,3237690.225852245,152219.11860767976,[-0.82079028  0.56883601  0.05223894],[-0.30362066 -0.51190157  0.80359896],[-0.48385722 -0.64372539 -0.5928742 ]
250,96152.55818961309,188968.35336929976,11217.68426168091,11985.139925048501,9972.85027390318,8069.994541270975,10483.548395806149,3366506.1108707115,3363299.2909462173,221500.0735809609,[-0.27105     0.08035471  0.95920541],[-0.8491875   0.4492452  -0.27759565],[-0.45322454 -0.88978754 -0.05353169]
1368,100538.21517761309,118518.7604345414,45028.77348615048,26229.16352644365,15714.316348485727,19748.516541129204,20807.86997712439,6104449.626636328,6071229.6088057505,1065542.1223334877,[-0.37759392 -0.03589135  0.92527544],[-0.6811401   0.68767826 -0.2512902 ],[-0.62727266 -0.72512786 -0.28411017]
70,59448.230898738926,77806.77496971395,98551.93952325848,5320.4117871134185,5448.902518622191,7618.621089042025,6857.67433587972,1165209.9546588191,1164436.991773853,68439.14731044772,[ 0.41920183 -0.81826051  0.39334408],[-0.80117806 -0.12961058  0.58422155],[-0.42706387 -0.56004539 -0.70990536]
37,79076.43214887896,48798.40910881271,6644.538102151904,4602.818701702047,7139.384803510457,3954.478807993567,4162.433786980492,569339.5242413552,567429.335966182,50828.12450440038,[ 0.15520636 -0.37596044  0.91354514],[-0.50630914  0.76378799  0.40034855],[-0.84827003 -0.5246729  -0.07180745]
1474,175196.22769436278,98165.9010607023,63246.228810009765,14562.621840053582,22050.27928936803,21686.215286253235,20378.58049733934,8162472.126261384,8147427.612429253,1060330.8417418152,[ 0.14417578 -0.70477724  0.69462392],[-0.53993886  0.53222589  0.65207487],[-0.82926435 -0.46906785 -0.30380254]
318,191278.44039422408,50284.33789166304,17167.56085642048,9398.93111153917,8994.487849602025,9465.078404812095,10270.790469586696,3549695.8013900626,3546955.8151277257,220391.70526346823,[-0.2653058   0.85520258  0.44524306],[ 0.03989813 -0.45165821  0.89129849],[-0.96333845 -0.25423102 -0.08570656]
40,88188.52477596098,134834.51385376469,88153.05542533644,4562.8948876003515,6289.545190061536,3016.661281842385,3688.4361192611204,1162441.8595338722,1162039.0580715826,47268.36311998044,[-0.47801537 -0.23960118  0.84503999],[-0.73562224  0.63491548 -0.23609798],[-0.47995961 -0.73448867 -0.47975531]
413,195706.24781729747,139974.52837689104,39302.81783204501,6867.335638074654,14961.868298335494,17962.313730271573,10961.859348295036,4973682.302039479,4964855.537856759,446399.9366120762,[-0.59518209  0.74630522  0.29797114],[ 0.05107533 -0.33491746  0.94086216],[-0.80196608 -0.57520328 -0.16121909]
10,66663.44478980974,174854.90528368807,103003.78457218554,2360.1748480181636,1872.8398962149115,2935.6460195460286,2419.8445721203757,675593.6378839257,675551.0999976647,10886.47645689283,[ 0.72812685  0.12000778 -0.67485512],[ 0.61027238 -0.56177679  0.55854674],[0.31208799 0.81853831 0.48228219]
339,112657.19143914737,9167.674684866188,76223.13958277735,11808.934107772597,6049.709561628606,14392.173759589368,14394.821903217948,2533710.081976496,2526421.61097007,241621.62268168604,[ 0.21057832 -0.95734803 -0.19784214],[-0.52455779 -0.28143308  0.80351387],[-0.82492175 -0.06542296 -0.56144807]
20,181742.37693226075,63918.474560486386,12422.765563098868,3606.466950799426,2815.211120616984,3900.8368383676006,4256.180965524851,863746.0579302813,863616.8978470762,19028.023539947448,[-0.32502788  0.94138323 -0.09030224],[-0.09061505  0.06404634  0.99382442],[-0.94135317 -0.33120338 -0.06448664]
328,12903.50026740892,48182.09052227575,149983.84400418986,8203.57336767677,14384.585331410932,12867.786018537261,11525.82726500089,2884035.400219974,2873683.216353823,318979.55093781365,[-0.99223073  0.11432137  0.04907955],[-0.09366266 -0.94606946  0.31012882],[-0.08188701 -0.30312242 -0.94942684]
77,176802.20218629757,127790.19121246431,178768.55715769227,10309.75395509671,5549.1589368783525,3709.832280173127,7948.705806934882,2476822.7773343227,2476327.2825993565,81884.45278875393,[-0.05364124 -0.78638826  0.61539916],[-0.77691313  0.42003233  0.46901901],[-0.62731859 -0.45295292 -0.63348642]
239,182676.53992605078,119132.0824014199,128603.4613673643,9251.915335506004,10711.777525739077,16783.36745963105,17435.741848333026,3927225.3899142183,3924875.6568086157,208385.27380440873,[ 0.31515549 -0.87646622  0.36398348],[-0.61809094  0.10147688  0.77952936],[-0.72016707 -0.47064786 -0.50975484]
2,78232.96992417985,2566.6963825871903,49173.87551929896,451.71500455308706,715.1664213570615,1568.5558908106068,1236.4369788984332,130753.44296884649,130740.84987359135,1814.6687131406288,[-0.26251906 -0.8472046   0.46187457],[-0.46365857  0.53053551  0.70961454],[-0.84622956 -0.02786476 -0.53208936]
9,27036.667323806352,120171.41946882063,175788.77581078463,1780.2814479560618,1256.6072103523186,2031.8731512820918,1202.5557267385664,643986.3645003854,643974.9944217831,8171.100554434743,[ 0.86123914 -0.47142718  0.18979874],[-0.49234525 -0.68143694  0.54151626],[0.12594961 0.5598215  0.81898509]
435,144224.04797252014,20789.232230700436,12415.411911906845,13770.499316339716,14374.304863779336,9382.927317317557,13423.894022147493,3078539.081089854,3068761.5102709685,365022.6506950941,[-0.08610765 -0.00380174  0.99627859],[-0.13951488  0.99018536 -0.00827968],[-0.98646899 -0.13970863 -0.08579293]
7,201576.67731091575,50005.69941843286,84357.79016375696,1852.0327608964317,975.3308616155425,2069.439398254081,1309.9444661057594,593131.6625866636,593099.5599018347,6966.141768985182,[-0.20565263  0.97479954 -0.08644564],[-3.86089312e-01  3.51335082e-04  9.22461338e-01],[0.89924526 0.22308234 0.37628743]
537,164484.27334467444,177360.76234572128,192728.23894409588,16851.876072196843,16071.139873707882,9168.279067687665,19948.4455997849,7187642.86615928,7184992.525597317,347830.4566671882,[-0.10063678 -0.68679885  0.71984691],[-0.84045047  0.4458963   0.30792775],[-0.53246149 -0.57400682 -0.62209399]
710,19125.1756388495,146912.29686867414,28558.17352867231,12462.0330391034,10608.537643100924,9995.527816575417,10708.080557383833,4046584.0023956033,4036481.802156952,424104.7615291685,[-0.42425989 -0.12092883  0.89742953],[-0.89679786  0.19349006 -0.39788843],[-0.12552751 -0.97362098 -0.19053879]
11,99637.70102544254,126237.4320398535,199648.7348448896,3091.2078548967384,1717.9524472231938,1635.613804397795,2398.2662807232723,850348.2053679347,850322.2674169327,10192.915054153213,[-0.41929421  0.84715922 -0.32636425],[-0.82041667 -0.19965324  0.5357752 ],[0.38872722 0.49240211 0.77873699]
91,63378.40651217561,60471.42984169389,65047.60151002524,5074.052050072679,10050.7386522508,5315.610335192091,8164.901762192494,1046961.281946861,1044462.4948788951,88647.9573866328,[ 0.57734284  0.23588971 -0.7816849 ],[ 0.57570897 -0.79648448  0.18485577],[0.57899432 0.55674816 0.59564843]
103,115126.46359808056,10901.071201720539,179640.41329741696,5196.268478460013,4550.832413917824,7013.109101196396,7203.711440161915,2170094.933045079,2169934.8583755773,67937.87731345388,[ 0.27644581 -0.9536326  -0.1190066 ],[-0.79581687 -0.29657969  0.5279356 ],[-0.53875154 -0.05123812 -0.84090513]
365,102435.38554447255,175032.46777841984,187565.0714745242,8867.341797743646,13767.144182528311,11914.049490368436,12397.13478098559,5289974.325718795,5284728.558130115,305804.11312361393,[-0.81261317 -0.13297061  0.56743163],[ 0.44988175 -0.76206163  0.4656914 ],[-0.37049461 -0.6337041  -0.67908236]
114,175783.9884997442,72597.58673190586,154247.59170842447,7288.709359552746,5285.183035907753,7307.4384029538005,9343.017108678243,2617132.8485990074,2616754.78399836,73286.6785994272,[ 0.03630397 -0.91942866  0.39157753],[-0.69533197  0.25819394  0.67070809],[-0.71777118 -0.29662575 -0.62993468]
568,89353.61335873515,38672.66480853517,74734.9669832144,14827.50431617934,12497.57208747079,12068.715367770306,9295.954002066346,2967302.1765863686,2942717.4758449,491908.0644932388,[ 0.51117705 -0.84095096 -0.17748099],[-0.45123217 -0.43833897  0.77733421],[0.73149678 0.31727028 0.60353295]
146,116985.48872506997,20689.316664417216,33724.18519983382,10057.864855805445,13595.63205452683,4407.033302897967,8131.129053485288,1506305.2860451823,1496660.0837162985,183087.0364892288,[ 2.76739273e-01 -7.10843754e-04 -9.60944780e-01],[ 0.15592555 -0.98671411  0.04563438],[0.94821021 0.16246467 0.27295171]
2,45688.25954932188,143344.81479311181,116739.06128056473,376.3550257608913,452.4526029355329,552.6105752109943,88.48112232588755,269309.53623032494,269307.1452693828,1134.8178039861452,[ 0.86404758  0.12229468 -0.4883296 ],[ 0.44255887 -0.64685203  0.6210669 ],[0.23992381 0.75274595 0.61303353]
27,61432.6769501537,8432.884062202113,38259.08612064106,3516.192716362986,3087.260918235702,3110.35725006642,2986.748897197758,379385.9810029112,379263.0922786819,24660.625857187333,[-0.23309822 -0.80202615  0.5499266 ],[-0.48408167  0.58615853  0.64967924],[-0.84340391 -0.11477032 -0.52487867]
215,193363.22415069916,178909.90566505608,111605.61493016663,5284.8437228187395,10255.39200872241,9469.996161557923,6873.062085613345,4199865.304942984,4197266.167255315,192519.57690396384,[-0.73008381  0.49483111  0.47129587],[ 0.10190347 -0.60312975  0.79110694],[-0.67571689 -0.62560105 -0.38991026]
174,196485.30961918822,42468.64302922892,152678.65822776596,6910.878110007388,13869.183493155475,12329.09375903147,12075.611206027708,3338458.937916955,3335165.6679386557,206568.78759081842,[-0.58316602 -0.16626782  0.79515559],[ 0.23488538 -0.97153232 -0.03088375],[-0.77765433 -0.16876008 -0.60561851]
195,57857.331214704864,168300.69468690697,80435.04783563512,7203.960975786347,7361.927103976077,9289.550207694607,7014.236398956163,2733044.013342912,2730071.438396788,166569.67762743245,[ 0.67169973 -0.49418695  0.55190464],[-0.6793561  -0.11378059  0.72493398],[-0.29545688 -0.86187774 -0.41215531]
101,83897.45628047452,173937.16898593694,145704.5406917215,6225.862082547582,9195.41625121089,5342.068566297649,6516.489669927138,2433284.151115536,2433199.1423460296,104581.64762689029,[ 0.54892233  0.36492855 -0.75200494],[-0.76069758  0.59098025 -0.26848006],[0.34644403 0.71942304 0.60200252]
5,49500.22214691774,50952.25853305189,195866.8021490158,1165.2287555003222,2371.957074224678,978.3048213544305,1540.1472101058168,465923.55232836836,465906.51225511276,5278.605338573009,[ 0.95714755  0.10603509 -0.26949049],[ 0.16560138 -0.96380469  0.20894187],[0.23758103 0.2446162  0.94006286]
3,148857.75607299674,112451.1472533419,184297.7396323442,184.99643980899432,1024.3984971724801,2563.283073178582,2256.519745831262,454237.3855625643,454228.9182503503,2775.7828618644257,[-0.23564287  0.90255404 -0.36037292],[-0.78886199  0.0389339   0.61333588],[0.5675995  0.42881273 0.70281608]
20,194641.7233535371,16810.048585526503,17695.356522385737,2386.150028333507,2092.564093247279,4796.3174120106205,2742.535226840647,877615.7816872258,877408.859330371,22615.813625144216,[ 0.0867713  -0.99620382 -0.00697861],[-0.08944511 -0.0147672   0.99588227],[-0.99220477 -0.08578979 -0.09038693]
296,89074.00261804786,176713.8230794638,36279.30024145909,10967.428774616259,11751.24486874866,7779.187358580886,13590.961025391774,3473427.5414391956,3470917.6744651124,199687.38993050565,[ 0.12367118 -0.26016082  0.95761255],[-0.88798371  0.40173298  0.22382035],[-0.44293383 -0.87802446 -0.18133577]
38,97212.54235707922,164096.05210645628,65795.15776833743,8562.986279565843,4618.9955263891225,3383.1993326776774,5075.213949451503,1245259.2500824563,1244199.6518251824,55471.900907852134,[ 0.20650503 -0.46694047  0.85983851],[-0.85140367  0.34728267  0.3930732 ],[-0.4821488  -0.81324126 -0.32583921]
149,70781.91217964001,188499.54902404273,194911.8792274252,8130.328949690622,8733.678549204717,7522.491486290308,8079.778814724227,3424353.4447108903,3422870.164086048,140818.6539627515,[-0.40531073 -0.57931923  0.70718629],[-0.8787469   0.46017258 -0.1266692 ],[-0.25204583 -0.67277814 -0.69558786]
126,39501.47973935252,83533.25243132876,185818.16339163322,6052.61258451029,6640.964849490361,9099.545927212836,7234.810777713019,2333244.268003283,2331506.922870611,118455.36172147152,[-0.83934962  0.53979495 -0.0641376 ],[-0.50928148 -0.73962445  0.43998642],[-0.19006471 -0.40196653 -0.89571107]
117,6773.80717416941,114511.34329904045,117087.55114191177,3536.679621665633,7697.276930332204,6465.150689159265,7209.870111689627,1776354.7429216737,1775112.9661041906,85291.16590280934,[-0.99382119 -0.04502538  0.10145031],[ 0.10304919 -0.71386733  0.69265742],[-0.0412349  -0.69883199 -0.71409631]
49,137070.91980013732,81693.39285610638,80021.92405245871,3696.4127839336443,9091.25486937014,4616.975710123642,5649.001453298272,1251458.6048101874,1250611.6592361596,64759.027534977824,[-0.6048781   0.2869767   0.74281011],[ 0.21215093 -0.84101815  0.49767505],[-0.76753793 -0.45862059 -0.44783108]
2,181551.4305149851,50171.491372868375,67930.94944949004,1008.1568007904425,2881.871867668251,640.3639950607903,409.20234622163116,283204.6821412642,283170.90912801283,4373.580952630698,[-0.36802853  0.0771499   0.92660828],[ 0.20597503 -0.96502809  0.16215753],[-0.90671346 -0.25053676 -0.33926691]
28,136408.01397525694,179934.06449224817,52358.93714191452,2772.231682764843,3198.7998091970376,3671.981442768445,2695.327426848992,1226730.0995574929,1226706.6461643842,25987.785142961773,[-0.00872885 -0.27340345  0.96185984],[ 0.80848349 -0.56798311 -0.15410916],[0.58845412 0.77630261 0.22600002]
189,145576.93314875892,127696.58381398369,11446.088701521861,13871.582549032282,13808.870641408625,10392.91552559184,7780.817892288954,2682434.2614011033,2670724.6080933944,285634.73695396323,[-0.31720464  0.28100691  0.90576837],[ 0.57923349 -0.6988382   0.41965907],[0.75091263 0.65776917 0.05890611]
7,19130.52088229058,146272.42999721336,179992.17821836006,803.728409855626,2553.2192063502584,1270.3165467196686,1831.937543337975,615766.6118927054,615742.9203744647,6166.3457918885115,[-0.97301914 -0.11726816  0.1987006 ],[ 0.21559205 -0.76886355  0.60197085],[-0.08218164 -0.62856743 -0.77340104]
103,132505.17382896645,139357.4358944058,114206.40947528442,3699.4267968455765,6094.815702971171,5486.9739255292425,6052.254480264472,2271244.4040789437,2271102.908556771,67714.66100922847,[-0.0588581  -0.59869845  0.79880905],[-0.80364359  0.50311115  0.31786185],[-0.59219313 -0.62324902 -0.51075234]
108,149710.70826243516,133618.60116495032,199549.1573044503,10729.77887264981,8731.028553346576,3794.7419913406875,5195.549929315768,2944541.268305522,2941706.235997474,138914.26851153333,[-0.4667339  -0.53202839  0.70647382],[-0.70854239  0.70299969  0.06131161],[-0.5292704  -0.47195044 -0.70507845]
61,90149.6063731074,88406.36308865817,16701.36696218454,2319.1562635535015,7653.85302799645,5221.126716564225,4865.885272839678,997130.291475236,995882.9081187143,64102.10929734384,[-0.51577506  0.38014643  0.7677661 ],[ 0.48413017 -0.61003182  0.62727918],[-0.70681969 -0.69523368 -0.13059884]
5,43432.71074095232,195203.94191016693,76271.6406885171,2075.2615215686033,1026.1898735508137,3177.911535747696,1195.1013569755323,478652.2201177824,478601.9314882699,8381.948379333615,[-0.79544481  0.36577061 -0.48319707],[-0.57105985 -0.18548205  0.79967934],[-0.20287482 -0.91203523 -0.35641765]
53,35800.97692044487,11322.042569786627,151584.32243909285,4727.8746934414185,5841.839479377258,4055.1746672361014,3854.339463189544,1138341.5368912793,1137498.9936551473,55689.64647199438,[-0.79212816 -0.56574803  0.22904614],[ 0.56568585 -0.82142141 -0.07256988],[-0.22919967 -0.07208351 -0.97070669]
31,27059.122334085558,56383.02113434046,201191.72368760593,2745.249727686121,4928.445443227902,2865.355014540541,3142.7539174819335,1173514.032487117,1173263.212777629,30663.468629683277,[-0.94076483 -0.27178477  0.20271795],[ 0.31379655 -0.92437456  0.21694098],[-0.12842606 -0.26770264 -0.95490421]
18,200653.11854444141,193793.9676615683,15090.59177084434,3067.024849409817,4149.8122659093815,3234.7320382390308,1572.7089918235583,1185467.3313123996,1185334.717293689,24943.123825595914,[-0.27659601  0.21342664  0.93698651],[-0.63848314  0.68789458 -0.3451671 ],[-0.71821579 -0.69372193 -0.05399959]
111,26184.470982225805,99883.36023108337,32080.2255409919,6297.88688297904,5764.009554958171,6247.133973289237,5174.7894578167325,1143296.4418486718,1141907.5126276214,96270.10348870681,[ 0.47165585 -0.37895259  0.79620079],[ 0.84830275 -0.05144682 -0.52700633],[0.24067241 0.92398493 0.29720133]
9,184607.18821723986,61062.24141723586,159011.53977961285,5298.382268408103,2867.336735572035,2019.689161762136,5329.399506733215,753779.3250373965,753731.8147865481,10356.862055610462,[-0.42228691  0.89451244  0.14670126],[-0.5304442  -0.37509248  0.76022009],[0.73505286 0.24321416 0.63288558]
122,150737.32615675614,49260.899307623804,178847.5058073582,8895.906207034679,5628.31191513307,8786.521486067997,11123.086913370038,2644145.122057232,2643378.6099794884,88406.16423942089,[ 0.29987032 -0.95392184  0.01053152],[-0.71577201 -0.21768104  0.66354005],[-0.63067283 -0.20651413 -0.74806664]
301,161661.8633479124,77203.85667308251,122134.67097687494,19625.867298522826,9137.436905372155,7203.344011665564,15032.460295948558,3780350.4865954854,3772794.853156678,299149.19397156645,[-0.25544054 -0.62777662  0.73528678],[ 0.61263196 -0.69344803 -0.3792254 ],[0.74795201 0.35359064 0.56173076]
89,197612.14405331225,179027.50481878448,159000.42265444645,3084.193016331076,8805.131332062172,9613.482655199561,8038.49289694568,2930790.963892047,2930572.5249089864,101220.23301998396,[ 0.18084218 -0.75711865  0.62774793],[-0.75013364  0.30661688  0.58590581],[-0.63607832 -0.57685132 -0.5124909 ]
17,200820.0064353816,4453.776990968165,101877.02825822725,2288.1288533250467,2740.2843450929904,4362.511042020577,3137.554322172989,928886.9968846816,928767.1472550521,19336.07622199953,[-0.19788904 -0.88154786  0.42861789],[-0.40736194  0.4716773   0.78203374],[-0.8915695  -0.01984671 -0.45244881]
44,71359.79957990226,126106.86988937078,126214.99150885762,4800.45897831462,5487.3504719693565,3545.598408008001,5155.638564473364,1275571.786446346,1275321.4665588767,41107.68555975309,[ 0.44166432 -0.74692519  0.49702655],[-0.81672882 -0.10543678  0.5673069 ],[-0.37133093 -0.65649512 -0.65660299]
2,116334.10567457807,142721.4851973831,136964.8632607672,601.4634869357833,478.81832591175043,589.2165312858997,344.5497597206413,324540.77848408354,324538.2534196024,1280.221234361076,[ 0.08911398 -0.72650941  0.68135363],[ 0.85736549 -0.29221491 -0.42371555],[0.50693502 0.62192807 0.59684366]
150,175656.09152589485,165895.79795556027,90119.82825455283,9482.53492946557,6958.567014989218,7220.240517974889,6331.546291058181,3162013.0040676575,3160034.987633307,149708.8918118057,[-0.51060871  0.07551727  0.85649045],[-0.52423694  0.76221777 -0.37973635],[-0.68150889 -0.64290062 -0.34960609]
3,192187.54841581077,137576.40052924867,158619.15732605086,334.93362488701086,766.0485222160651,819.1300147725418,225.48565657908108,493025.51677362167,493021.5429854191,1989.6704343079643,[ 0.70786689 -0.63702982 -0.30515154],[-0.20749672 -0.60049079  0.77224084],[0.67518114 0.48332578 0.55724915]
388,154061.2028005648,106046.02071821463,136529.0478130304,7652.552138367256,9862.97070946573,14691.218567138425,9179.4010826416,4573681.174349903,4568421.7428995995,330327.62376738194,[-0.69877458  0.66025152  0.27528533],[-0.26401579 -0.59570053  0.75857534],[-0.66483814 -0.45739349 -0.59057721]
23,199626.02225170835,59894.09932871533,202612.3040032303,2938.385050192379,6134.828089400698,1322.0591204453833,2512.0845495582016,1394368.614525598,1394098.7767796954,30904.517095139814,[-0.72677611  0.20769639  0.65472032],[-0.00979458 -0.95622459  0.29246981],[-0.68680459 -0.20614736 -0.69699549]
50,120320.4727363403,198170.81595065308,186290.26504253,5035.0642196861845,3184.4834808621663,7244.602703095088,4557.644078468519,2103839.952125617,2103471.589420761,57771.67309318772,[-0.86634072  0.49858944  0.02936532],[-0.29280712 -0.55464934  0.77886334],[-0.40462049 -0.66616265 -0.62650585]
19,159108.41266613602,25430.09170448393,115956.28540254482,3960.2904291629925,1902.8480138503382,3136.777110271507,2288.215252212249,865593.6773115131,865394.368255686,21284.79482342771,[ 0.20292567 -0.97708935 -0.06416837],[-0.56239408 -0.16994385  0.8092169 ],[-0.80158223 -0.12812297 -0.58399524]
42,95326.93928229001,89699.66348956926,90189.60564593317,2980.6691486720915,6698.615858842707,4178.836018253931,5575.342565924494,1031397.8781835142,1031009.8291682394,41021.70081704064,[-0.64900506 -0.0721301   0.75735703],[ 0.46869361 -0.82205384  0.32334777],[-0.59926515 -0.56482274 -0.56732402]
490,152724.06957532215,15444.440000356202,173527.34128521,13810.908395763894,8322.081826042135,13970.72388988534,13870.269927534824,5146843.719719201,5140710.929180467,361356.83791244094,[-0.13147741 -0.97076648  0.20081368],[-0.74038789  0.23086496  0.63129006],[-0.65919607 -0.06567963 -0.74909728]
159,174789.5088374094,139961.41175360148,22429.9737902903,9287.310273031087,7766.012786752836,7759.572302248378,6688.360399833039,2842634.1834979923,2839782.2989164735,159719.00514678605,[ 0.31458768 -0.51967483  0.79433788],[-0.54538971  0.58595379  0.59933982],[-0.77690711 -0.62176863 -0.09909146]
8,108975.33753952,202549.20340264784,87319.7214062559,2439.8863711721997,842.8892172911085,4970.385630675574,1965.3070930067074,696010.4276588955,695899.9033497651,14808.941980820528,[-0.88910731  0.35253417  0.29190384],[ 0.11513455 -0.44498938  0.88810387],[-0.44298107 -0.82322786 -0.35505445]
34,24966.810272543382,192971.0108349796,91968.33365382014,4478.052280343442,2794.636399093968,4972.22584179844,2941.0864054152466,1255469.9127889122,1255224.6315259293,38684.71283529823,[-0.74636276  0.36257344 -0.55810674],[-0.65536135 -0.25429112  0.71122255],[-0.11594882 -0.89659162 -0.42741004]
11,182443.66733694758,71278.94633287875,27821.000825863975,2392.7142979164933,2317.074773157899,2750.7333635870464,2338.9665582893826,656282.541158652,656237.2654380593,12039.276482399173,[-0.22420448  0.79427769 -0.56467274],[-0.31514403  0.4892      0.81324511],[0.92218035 0.36028644 0.14063104]
28,34737.482146720205,128463.21145055308,125692.41858552079,4675.001101637607,4702.422519588198,3190.0330983520826,3808.1009153048017,969241.679179216,968992.3044164234,33297.13469098647,[-0.29118796 -0.62763688  0.72199828],[-0.93772875  0.33667685 -0.08551893],[-0.18940527 -0.70194063 -0.68658939]
30,151907.6237196139,161800.2818854179,53213.15176489459,6045.318036847373,5270.010581103147,2328.3926915306683,7500.445238751703,1250807.180363538,1250789.841379992,20109.721289352856,[ 0.57148228 -0.28356728 -0.77006337],[ 0.47982111 -0.64580141  0.59389581],[0.66571743 0.7088936  0.2330025 ]
4,16598.145435836777,25919.158152837692,150578.72480731734,1972.2715250122162,1301.40246832195,2076.2469240384853,1748.8094537858235,307448.46150125185,307404.0462623724,5232.470357785662,[ 0.58902784 -0.80475484  0.07359249],[-0.80087803 -0.56917045  0.18611656],[-0.10789153 -0.16856644 -0.97976771]
4,183044.77663225753,39823.20843103698,146433.45431434253,3262.5135965635836,1829.3279257339361,1056.1870670019823,2304.2226400330123,475600.9141132985,475560.41112084006,6260.303456023468,[-0.40800861  0.87117524  0.2730983 ],[-0.4906926  -0.46150076  0.73907904],[0.76990243 0.1675433  0.61577552]
46,138944.00435805772,78122.94098518854,157182.45705814482,8298.421286320296,4764.250118292991,2919.5677754230387,5402.032705923689,1519606.6156830313,1518983.4887884748,57172.10128121215,[ 0.28002706 -0.93505145  0.21740202],[-0.73200712 -0.0614623   0.67851894],[-0.62108809 -0.34914349 -0.70167543]
37,142362.59758163526,64871.82566353327,190129.850225493,4817.242265773056,2927.9390339608867,4177.407563159873,3924.822848442235,1498237.7429031625,1497968.2198814459,35422.4098472799,[ 0.17970623 -0.96429347  0.19453474],[-0.79586301 -0.02628487  0.60490592],[-0.57819351 -0.26352837 -0.77216907]
16,37050.14728630798,132782.40761893115,52825.72977870182,2549.897745233666,3754.0766242396544,2749.341105827821,3926.838140991665,590864.5712809254,590763.1325112908,14175.72539152945,[-0.73389793 -0.06424491  0.67621477],[ 0.63119085 -0.4323375   0.64395838],[-0.25098196 -0.8994203  -0.3578424 ]
56,11049.489566785764,64217.61066045923,115109.28603182582,4475.278171694871,6920.690582594949,4796.864673492367,6256.183852504077,992190.9750610648,991159.0709735947,53973.17632352498,[ 0.80092571  0.48669873 -0.34877265],[ 0.59294524 -0.72570448  0.34895407],[0.08327037 0.48628937 0.86982107]
3,81314.52573158707,44625.263672385285,103129.6551290201,1806.8503513897817,579.9037370814086,1356.0978042941595,1848.3178741822712,240275.66384995173,240269.3129512849,2460.6342702168354,[ 0.62074303  0.41134346 -0.66743887],[ 0.52050432 -0.85284879 -0.04152341],[0.58630482 0.32162945 0.74350599]
71,139629.90890887298,148801.5126969741,23323.05262962133,4465.753163299417,6932.762556586033,4074.7078706385555,5481.80211055623,1731962.9396480576,1731569.6039946966,62302.87716565074,[ 0.05771595 -0.20687578  0.97666334],[-0.73129866  0.65720869  0.18242535],[-0.67961103 -0.72476144 -0.11335655]
131,9590.166640519765,150981.36036190207,125778.40267229761,5634.930198878544,9769.457941234557,5988.9825743912525,5602.195623002029,2255649.4497904973,2253616.494628607,131751.74772632954,[-0.99552471 -0.01445526  0.09338951],[ 0.08095496 -0.64027381  0.76386893],[-0.04875293 -0.76801074 -0.63857862]
8,174925.29547229942,56860.42121600336,199185.3707733986,1388.9328660502179,1768.9713613858823,1104.7072874366404,1422.1156630991948,766875.4320831791,766861.7320552074,5837.0170140664395,[ 0.56035904  0.52374203 -0.64163232],[ 0.51935194 -0.82565374 -0.22038479],[0.6451909  0.20973838 0.73466898]
91,12719.490400421559,119009.21117907905,149990.9768338835,5340.9309270376425,5461.772908733763,4612.382923433714,4793.323618193647,1832204.3676003008,1831404.0624801866,71640.6833678356,[-0.68889774 -0.53825339  0.48549273],[-0.721829    0.57058407 -0.39165892],[-0.06620267 -0.62025568 -0.78160098]
12,131219.93267140302,49833.7330752052,120923.41456466618,1760.4221085717033,3040.3500953281346,1852.0524201004419,2569.5899207595935,641917.174169009,641871.8392167272,10511.249959379878,[-0.67669089 -0.00473816  0.73625199],[ 0.20121966 -0.96309992  0.1787434 ],[-0.70823731 -0.2691024  -0.65267435]
101,30894.867968104176,135732.18059619996,156466.87112872163,13873.187799133182,8693.972189973203,8577.946271182287,7298.394052440231,2111337.7016169666,2107514.1011562333,171131.85469985334,[ 0.23263869 -0.75660192  0.61109146],[-0.96154755 -0.08462938  0.26127416],[-0.14596424 -0.64837597 -0.74719679]
66,15726.334621280654,94368.75211204385,169306.6863733136,6064.607245539288,3709.8750412007926,6295.73031569443,6431.042993501614,1581564.5254352968,1580891.2224276261,57048.777143548126,[ 0.06489163 -0.87421842  0.48117692],[-0.9946616  -0.01789558  0.10162699],[-0.08023325 -0.48520294 -0.87071277]
15,114000.03195109972,157892.4615498179,53838.64251877822,3356.988528831415,3511.408820134523,3523.274341896933,3636.413750032,782841.0380165117,782709.3039281584,18588.258176599622,[-0.77838395  0.39604292  0.48710208],[ 0.27515315 -0.48218595  0.83173761],[-0.56427757 -0.78143888 -0.26635334]
7,203297.36458808937,28637.982291096116,4874.887850027778,844.513968167325,5380.595233557579,1833.311127776426,1359.0962340858966,543533.1648907225,543366.5109376798,14796.017428812818,[-0.04676373  0.16436028  0.98529125],[-0.13363838  0.97647389 -0.16923215],[-0.98992623 -0.13958665 -0.02369872]
54,47364.10673603,29255.830927114934,123545.65637896245,7301.528187523,6326.544938439218,4868.033163390645,6956.304296458111,998298.9486488882,997748.4851260757,60979.11343885156,[ 0.50880995 -0.86082725  0.0094275 ],[-0.7862611  -0.46022069  0.41229892],[-0.35057942 -0.21719427 -0.91099985]
40,137995.79413255086,200103.4163455459,160810.5582456194,5121.794042126976,2777.167985907737,6564.129388607688,4576.995736770744,1843865.3732094977,1843808.1902816163,47272.26855585882,[ 0.87747016 -0.42200386 -0.22794489],[-0.07644699 -0.59222836  0.80213554],[0.47349972 0.6864243  0.55192363]
108,66147.24299303642,11156.557381635388,155317.3912957974,6909.763034368647,5342.070994336949,7142.083621139707,6033.285053040513,1761584.9504446713,1759851.914494779,99464.38379010673,[-0.3388662  -0.9169897   0.21047466],[-0.85603451  0.39332641  0.33540907],[-0.3903519  -0.06651478 -0.91825986]
4,38384.77984589911,20913.651641511282,115456.0570935708,1222.694545124597,848.9699584172764,1619.4475951446873,1355.0215779866132,246940.31229782582,246929.49567672907,3463.9881465871363,[ 0.28131923  0.92351447 -0.26073074],[-0.90786614  0.34415509  0.2394501 ],[0.31086744 0.16934669 0.93524496]
10,13465.926822425648,57859.1731740208,97146.69531500654,2452.379124521306,2753.1051799968077,1799.671098272045,1716.6488894977226,360259.9671959241,360196.44219517073,11740.55965963057,[-0.90098645 -0.30610376  0.30744741],[ 0.41736057 -0.80503989  0.42156961],[-0.11846339 -0.50814493 -0.85308567]
10,9365.084678103556,4157.9473800442265,15138.67702778342,3211.6735755807326,2016.0833403957984,1930.1961566488076,2442.042280520171,58978.1407146689,58712.06068512845,10955.92842873315,[ 0.02530845 -0.96850579  0.24770148],[-0.85292793  0.10831817  0.51066733],[-0.52141484 -0.22419571 -0.82332427]
155,86715.95115597222,188240.340906826,102264.11725553987,5608.234890677712,7305.9461446051155,9556.79984572386,8703.741942413853,2881493.37171364,2879890.7855140837,124759.6074428183,[-0.86955062  0.47466081 -0.13630419],[-0.32117013 -0.33387847  0.88621381],[-0.37514193 -0.8143846  -0.4427711 ]
48,25140.74961421077,188856.5707150856,194684.90174425175,5441.398178557515,7242.299997613272,7342.572544328622,8581.25074758416,1888842.9973521982,1888284.3181100646,54871.19705885327,[-0.75790772  0.51447287 -0.40111539],[-0.645786   -0.50460289  0.57300643],[-0.09239228 -0.6933207  -0.7146818 ]
90,82531.35392441906,130514.091890337,139828.68814611158,6909.667048266207,7115.342772186753,10792.43339306617,5831.207584037152,1980464.6577776498,1977843.8202135381,126889.19639285725,[-0.87373181  0.03220783  0.48534048],[ 0.28195249 -0.77953208  0.55931434],[-0.39635277 -0.62553369 -0.67202089]
20,115117.5755418645,19460.397643001656,152778.58036742295,4696.771202340206,4114.08887175907,1987.8456013794398,2901.9905886358647,860282.4994658259,860130.7016057417,26248.613642373195,[-0.52338247 -0.70139187  0.48385973],[-0.60616616  0.70555871  0.36708242],[-0.59886007 -0.10117489 -0.79443707]
3,192286.38289086628,9797.196102626862,131422.30051028178,959.0622374016893,1017.5358904820315,883.8214794706928,417.5294742181785,403773.74082800467,403765.58942197385,2772.714510802049,[ 0.32500898  0.78070467 -0.53373156],[-0.46256551  0.62348531  0.63031676],[0.82486502 0.04202721 0.56376538]
47,98893.13318348718,4829.040487623858,8456.65751488194,5330.05912793798,2719.7010745105476,3968.7432888007634,5463.311288054731,682805.3703220261,682510.9590128154,31976.95295107841,[-0.07374768  0.94372942  0.32239115],[-0.06547451 -0.32715579  0.94269941],[-0.9951253  -0.04841349 -0.0859172 ]
142,84378.27290459059,30255.1822937754,186535.3687717063,6520.240241830814,12727.172379652757,7498.180106876149,8069.001094492334,2472791.8305091076,2468975.0817089365,165444.59808540033,[-0.87849199 -0.20626646  0.43093615],[ 0.24913713 -0.96743033  0.0448246 ],[-0.40765489 -0.14674025 -0.90126843]
9,35847.918454311635,135364.26680623606,183635.29677319585,1193.1391789746003,3603.0831843630845,2329.4704923730615,1729.3192316622249,692925.8152165021,692825.918625762,12316.038529048667,[-0.97139664  0.23699279  0.01493273],[-0.17969305 -0.77473133  0.60621925],[-0.15523844 -0.58619603 -0.79515737]
70,55371.804423465794,13517.83243534346,190616.91596320082,6613.574487793044,8007.491157751199,5321.024741273838,5377.71648869362,1667089.9656379665,1665544.6778398275,86815.54305760328,[-0.78578823 -0.55762375  0.26756797],[ 0.55226318 -0.82735956 -0.10237935],[-0.27846408 -0.06731945 -0.95808447]
30,174350.56723521987,44102.28331387182,96843.92592055118,4739.749292038235,1909.7458787486437,4857.775551282323,5606.2498524435005,1119395.6611726878,1119239.7039332406,23475.93731177054,[ 0.17496502 -0.97603981  0.12935815],[-0.49081121  0.02743196  0.87083399],[-0.85351719 -0.21585592 -0.47425165]
2,55342.16719312233,165545.05121694287,56093.060837641766,244.62919078620325,398.8961821485136,260.82869460061556,513.8165792994259,259286.08878765628,259286.00013894058,214.4079048280992,[ 0.7484253  -0.02564444 -0.66272312],[ 0.5905457  -0.42902505  0.68351538],[0.30185319 0.9029285  0.30594899]
4,130228.84321029639,153480.02409684673,63407.41548117733,1028.6593217056475,3035.2199783657875,1965.6085804108973,2118.9276335230584,422117.33037323,422114.85121421923,6200.341244625269,[ 0.1063129  -0.4553118   0.88396195],[ 0.77972995 -0.51348626 -0.35826396],[0.61702412 0.72733969 0.30043003]
9,200212.62336546252,201850.0855790646,32976.88576169674,2267.3649146140738,2132.2619642663844,1877.3679589496207,2602.787356970684,858684.9014524055,858678.5961747206,7589.674637324621,[-0.19026991  0.33928341 -0.92124054],[-0.68880674  0.62250581  0.37152631],[0.6995303  0.70524697 0.11525657]
36,17583.78276222797,161080.29150174622,88013.08394738822,4874.163334255562,6259.803988517317,3398.8083799059536,6338.650317525609,1107465.688727109,1107159.026477371,35378.46384879983,[ 0.62412438 -0.42613259  0.65488913],[-0.775405   -0.2348322   0.58617482],[-0.09599914 -0.8736503  -0.47698985]
90,26953.412522582905,63466.56686461949,69548.64468420527,3921.3692213837676,9442.208959850908,4261.848526929619,5825.132283557133,934462.0300319088,931359.8813571122,88914.14837845325,[-0.88665106 -0.11456027  0.44802438],[ 0.37261523 -0.75076626  0.54544286],[-0.27387551 -0.65055819 -0.7083546 ]
14,200268.40994919263,79956.3191515607,63911.22471926338,2587.455430876999,5584.813050780227,2346.374766127668,1699.9724510816459,841869.6389951553,841597.0569968367,23821.451976218552,[-0.18511982 -0.2874966   0.93972143],[-0.41581289  0.88934491  0.19017171],[-0.89041018 -0.35554373 -0.28418016]
2,146989.644791483,119244.07113028632,202009.40498074435,253.7030093301437,1408.097722513412,1901.6339874076803,646.4078199259529,391506.23799004965,391492.83972149715,3238.9553747164014,[ 0.80630337 -0.52170921 -0.27873711],[-0.26065157 -0.7363986   0.62432192],[0.53097611 0.43073961 0.729745  ]
