N,MEAN_X,MEAN_Y,MEAN_Z,SIGMA_X,SIGMA_Y,SIGMA_Z,SIGMA_R,LAMBDA_1,LAMBDA_2,LAMBDA_3,EIGEN_1,EIGEN_2,EIGEN_3
402,50203.84793286226,182671.17810915672,166523.09230650848,11414.057087731091,12881.812615540195,12083.768102029413,9783.630672671035,5070108.8002289,5065705.75352656,371429.0984091568,[-0.97965643  0.16166407  0.11890339],[-0.02056131 -0.67023594  0.74186321],[-0.19962595 -0.72432625 -0.65992497]
33,136526.044331807,91219.79798630923,78043.46167090959,2953.7832378983003,3411.859245906951,6554.177188362775,2722.547924332596,1045234.2663600186,1044605.7538059447,42921.73877153339,[-0.63869275  0.71689794  0.27951552],[-0.16769271 -0.48421429  0.85872911],[-0.75096653 -0.50159134 -0.42948271]
6058,120013.69207035382,116725.37661445215,100873.55980960207,42967.57094241692,35601.07915508059,42823.326687545115,26034.444467797573,15876384.61640796,15672919.992838843,5011810.837802138,[ 0.23320719 -0.76409861  0.6014713 ],[-0.75441696  0.24810679  0.607699  ],[-0.61357107 -0.59547992 -0.51858866]
1132,179127.5180551436,170619.0120722658,33336.2576399807,18582.7014717316,27349.874300783325,20260.698267976022,13060.10435479909,8483541.335005894,8427515.009320846,1215876.3943749748,[-0.39654004  0.24081819  0.88586828],[ 0.5745859  -0.68748471  0.44408988],[0.71596581 0.68510683 0.13424448]
1685,23544.855918881007,41251.66246183973,34632.37910648492,13720.859469757326,17469.018787051584,25434.463473654563,17671.742588239907,2730813.018723168,2552564.0985973272,1230824.8858443154,[-0.89115941  0.44822817  0.07018834],[-0.22732792 -0.5750357   0.78591091],[-0.39262821 -0.68441614 -0.61434325]
1492,109420.25466320805,25351.181670584225,76901.30320308164,17483.71146704255,18372.968533884596,24862.983543962673,20996.849582968705,5388943.828063116,5368918.906473099,1090614.601928634,[-0.55976921  0.56020141  0.61060037],[-0.21620609 -0.81007655  0.54500543],[-0.79994585 -0.17306174 -0.57457487]
591,17237.463871727556,108467.41726039487,91321.88205231207,10438.924032655146,13667.47862714599,15703.94709451195,15069.198365867538,3513389.5744485515,3496587.444868671,431543.07780416927,[ 0.84608174 -0.41533703  0.33412699],[-0.51945518 -0.50174515  0.69167776],[0.11963279 0.75877992 0.64026638]
46,31830.92037052475,173528.62437128884,103296.27395015127,2834.3553664529854,6656.943658285293,3043.973034941848,6165.421865198314,1387454.0656362849,1387348.07146834,33046.68004036978,[-0.64168346 -0.30201531  0.7050029 ],[-0.75107841  0.43359173 -0.49787491],[-0.15531759 -0.84899056 -0.50506582]
103,174391.05825724604,71047.77783519746,156370.82592433508,7469.294028518924,7545.593787922082,6513.733430297074,8806.283123133178,2486968.982761748,2486125.602068744,89277.75903059272,[-0.58837015 -0.24898182  0.76930399],[ 0.38233753 -0.92399893 -0.0066332 ],[-0.7124876  -0.29023101 -0.63884848]
585,163043.95658562423,183283.92093543676,187980.86862833644,11645.695242588441,15520.617621518439,12069.66298791214,13130.708303420213,7491677.357358592,7485729.483800655,447160.3192465092,[-0.79195093  0.08448433  0.6047116 ],[ 0.30735132 -0.80059921  0.51436958],[-0.5275878  -0.59321438 -0.60806893]
2,63857.9284187479,33276.877562152076,154350.6080811885,1124.1138571889896,867.1797534400448,793.6309059986088,467.16179520731384,240881.47002190392,240871.39346099005,2203.273036711163,[ 0.40489565  0.84486521 -0.34966026],[-0.83396958  0.49802172  0.23763229],[0.37490566 0.19538974 0.90623871]
2,154472.7033740682,131126.8236664614,38921.88104844226,677.2077974509593,321.5568117036164,2040.3193572897908,1096.2121961384255,291807.12023239257,291795.04682908015,2654.4423777866637,[ 0.65850873 -0.74576018 -0.10103466],[-0.07650708 -0.19989514  0.97682578],[0.74867411 0.63551843 0.18868863]
184,147458.90992368554,79071.6363144736,119324.40606028298,9276.679218817822,9100.947556634095,8665.989765553275,5948.000866919583,2793109.364367548,2791445.122453405,196353.25444662178,[-0.33192682 -0.5444259   0.77034085],[-0.6121508   0.74564873  0.26320974],[-0.71770188 -0.38419839 -0.58077156]
848,164350.0350926754,33649.06497113178,14620.290534448272,25127.70283005713,19017.5013583486,9730.267410088944,26840.07586462354,4989513.156179529,4973875.64095266,550923.0549763662,[-0.10820706  0.09447936  0.98962866],[ 0.1958133  -0.97394635  0.11439261],[0.97465296 0.20616054 0.08688755]
212,129597.54164146593,172013.0058658452,154550.72819704423,8199.90490724466,9443.956308933888,9749.953246493633,7527.436389628574,3864673.0388371944,3863207.8226303044,202501.10338880526,[-0.82462239  0.56182064  0.06599613],[-0.28468216 -0.51297582  0.80982213],[-0.48882921 -0.64900953 -0.58295166]
838,17840.503406099804,146180.28833291083,27415.478858387924,12536.93921925957,13497.62357939446,10557.807016730014,13466.387718769036,4371695.693253875,4361581.800286006,476979.9380861096,[-0.51942076 -0.09604357  0.84910406],[ 0.84624939 -0.19571805  0.49553649],[0.1185919  0.97594573 0.18293683]
117,159027.85257983184,34100.4073475151,61556.94417749958,5550.280405348915,5492.12954566129,7510.234294245596,5570.930730030545,1884130.5236367888,1882557.9542211809,100548.2455344214,[ 0.0036491  -0.87862604  0.47749657],[-0.4049008   0.43530819  0.80409087],[-0.91435334 -0.19627295 -0.3541679 ]
63,54381.307532655876,14849.421799631295,190033.10927944852,5401.689877444932,6947.312575248551,5686.66877373964,5292.135628008071,1575079.401066295,1574284.3106190339,71961.84161309098,[-0.83236381 -0.48096064  0.275404  ],[ 0.48160825 -0.87358422 -0.07002928],[-0.27426991 -0.074347   -0.9587745 ]
12,188447.30942963468,10358.045312819815,49877.17359460212,4088.400740507856,1243.7949713333082,2604.3738650775326,3771.309239020144,676442.5799185213,676368.7560886693,11386.694384400267,[ 0.10916508 -0.97136588 -0.21102442],[-0.23686419 -0.23159777  0.94353475],[-0.96539025 -0.05301692 -0.25536419]
36,37868.93603204501,141382.78976736768,6019.757476737779,5033.586449679277,9376.198836027801,3279.5686460243305,8304.806179998162,881329.145466023,880522.1875291521,44089.56200532654,[ 0.22438328 -0.10147938  0.96920281],[-0.94010741  0.23935446  0.24270867],[-0.25661294 -0.96561451 -0.04169438]
96,181803.78932627136,5107.495914405651,31427.16758384863,8885.777406577608,4101.5810956800515,7109.044045319031,8636.49170343643,1811933.2997029414,1810789.1391625637,82321.52996767462,[-0.02617908 -0.95233506  0.30392858],[-0.17017856  0.30384054  0.93740076],[-0.98506544 -0.02718184 -0.17002128]
88,83721.22095132359,37902.59243868335,186564.53913187247,6299.654840449086,3726.331036818706,6678.837499177811,7434.405389554322,1952784.5872808425,1952577.6483143363,61117.151020443984,[-0.24792035 -0.92172037  0.29827347],[-0.88105547  0.34254228  0.32619939],[-0.4028359  -0.18192401 -0.89700998]
59,41517.34318733511,105074.30578742686,8625.080228183235,5008.074194246723,4629.864872215361,5747.158451324311,4148.005352424269,872474.6292448087,871448.6826594715,60969.477901589715,[ 0.64827035 -0.31314632  0.69403525],[-0.66772937  0.20422119  0.71584299],[-0.3659003  -0.92748751 -0.07670646]
48,11152.503208029199,18281.378879969543,167593.59913617096,6039.855901773907,5996.034662393859,5065.873190482337,5634.467599011241,1172321.2005279409,1171464.6766185607,56444.87435880366,[ 0.67562797 -0.73637973  0.03566147],[-0.73424433 -0.66773437  0.1225401 ],[-0.06642366 -0.10897575 -0.99182266]
197,164753.74838337145,153841.4513043153,147774.56073957996,7547.38018767451,6537.219815755252,7367.760597499671,7259.460175937694,3786345.384014573,3785213.742951613,140885.9506016954,[-0.78912685  0.49069771  0.36945173],[-0.05817696 -0.65849362  0.75033432],[-0.61146894 -0.57061538 -0.5481823 ]
323,109921.38970119577,95409.73371969139,50436.19958074335,7559.429203586571,11281.418726079753,15715.949241092045,13538.879331700218,2791866.877316465,2780912.0161527423,282805.1084516415,[ 0.45127462 -0.76374408  0.46156928],[ 0.5400021  -0.17807324 -0.82261027],[0.71045686 0.62047152 0.33206347]
513,149969.46857594902,15690.487301584391,173132.72093304218,12340.963908959358,7998.407956369579,13648.298828868688,13866.29679286875,5216938.968011984,5212430.4058994865,331083.93703865435,[-0.19464291 -0.94762888  0.25320672],[-0.73189746  0.312175    0.60570032],[-0.65302392 -0.06742608 -0.75432982]
30,36975.273047497314,135902.95814926722,199588.2269499698,5335.957465016965,7252.605100977767,1953.824708987107,4775.666388596047,1338768.3933451315,1338380.0797502354,43198.05085968198,[-0.69017644 -0.53213346  0.49039826],[-0.70766734  0.63792498 -0.30374109],[-0.1512065  -0.55667378 -0.81685427]
538,94703.40683251788,180371.15436305106,25310.481581982054,10662.729049018077,12845.250535585452,13551.042451934658,13301.866511148348,4783495.007306738,4775685.204523243,393005.6048454195,[-0.82762367  0.47578725 -0.2977676 ],[-0.3195806   0.03667297  0.94684916],[-0.46141879 -0.87879553 -0.12170096]
220,188899.5557546134,183101.57675749893,113425.07130687055,12261.90977701267,6774.141089302688,9576.448526912964,6212.788370672926,4255897.828745974,4251167.801423795,233183.16088444256,[ 0.2545504  -0.68531055  0.68231485],[-0.7072199   0.34930197  0.61467727],[-0.65957874 -0.63901298 -0.3957503 ]
62,120742.3264043642,197451.56251433492,187118.79762190583,5622.3102087542175,3480.3361169354084,7661.1709660953,3696.4374347356006,2344712.8180187712,2343792.1017761435,74094.1612561945,[-0.69534431  0.6704764  -0.25876181],[-0.59325147 -0.3322679   0.73324671],[-0.40564637 -0.66336975 -0.62880171]
49,132856.6621890986,159449.14105489146,75804.35406634114,4614.69221982206,5619.566498560307,5222.371581312361,7517.6588056238825,1547847.7587266867,1547693.3962688416,33862.551693685455,[-0.78837595  0.60573545  0.10746129],[-0.13037858 -0.33522332  0.93307382],[-0.60121942 -0.72160231 -0.34325694]
7,36289.49000412417,143458.36070913242,185555.27200971465,933.8719670605321,3374.305911798498,843.3728177840903,2623.3520745799606,627999.4416140588,627970.7748651714,6542.194957901171,[-0.97970067  0.1965004   0.03967599],[-0.12963133 -0.77196137  0.62231131],[-0.15291275 -0.60453556 -0.78176368]
284,194545.2837657226,38864.309629660645,138144.36385409033,7382.0180556149835,11668.106318215689,18021.359769130042,14716.404877688643,4089484.064624152,4083992.724558819,291592.9231156425,[-0.19622473 -0.83701825  0.51078009],[-0.56269032  0.52272288  0.64042204],[-0.80304138 -0.16174437 -0.57355323]
9,44298.45437458609,124725.92967153723,23396.528161637798,2572.1498905542458,1263.7275960103593,3123.3804321153584,1573.0377319034187,403384.7959391647,403308.2975917617,11836.474270782168,[-0.85280162  0.21357643  0.47656531],[ 0.40501268 -0.30561244  0.86172256],[-0.32968792 -0.92789339 -0.17412562]
141,39435.186742561855,13621.506392051124,62700.40037433897,10109.330067238769,4740.4437754367045,7193.797620098282,8280.957052794545,906723.7928251002,901080.9242863317,123147.8945641624,[ 0.07202874 -0.98277725  0.17017857],[-0.84698218  0.02983475  0.53078346],[-0.52671914 -0.18236988 -0.83024585]
13,75565.9392450781,114887.19391783536,65578.55135406369,2015.6155910974105,1056.3678439685525,3203.447613848454,2080.949353072247,549464.4580601283,549363.515884885,12059.941268233835,[-0.84214623  0.29705982  0.4500502 ],[ 0.21140891 -0.58589926  0.78232239],[-0.49608063 -0.75397448 -0.43061176]
23,45780.370596036504,25775.308758007664,142385.50526947278,4352.954084309754,1923.338972379085,3277.338132779462,3257.203869932379,728311.6059690062,728104.0138680227,22788.17006257774,[-0.04769162 -0.98011959  0.1925905 ],[-0.95218667  0.10286082  0.28768071],[-0.30177151 -0.16966215 -0.93816241]
6,63542.941759534304,61087.231679017765,131522.64735705426,1059.729315588762,1350.1293400543263,1756.4569796387852,1829.8297892334278,387860.7890999233,387854.4045798106,4010.7853848051595,[ 0.73582625  0.40428016 -0.54324699],[ 0.54543963 -0.82927389  0.12165703],[0.40131702 0.38582687 0.83071191]
62,197842.089177044,177905.42966954826,165207.6995692465,3824.7623131217993,9296.23127165028,5985.762286620446,7459.841502142071,2467406.7681035493,2467072.558912383,70862.97868783523,[-0.42593636 -0.31425134  0.84842461],[-0.64798277  0.76040264 -0.0436596 ],[-0.63142422 -0.56836074 -0.52751258]
7,11770.982685816865,176699.00950254087,103024.21523151534,1036.1741509187657,2147.422714406292,4669.3848183930995,3925.1004284662986,542232.7321641762,542157.8479698712,9195.443879189026,[-0.97551621 -0.05861004  0.21197401],[ 0.21227572 -0.50295555  0.83783933],[-0.05750771 -0.86232278 -0.50308278]
2,58722.79037655433,157492.20318188475,3262.6358495860704,677.4382146392927,959.5487119200116,450.0638886896529,653.537422253954,237757.80609329705,237752.94787428025,1519.9129539531832,[ 0.40962716 -0.13404095 -0.90235171],[-0.84273926  0.32311819 -0.43056378],[0.34927943 0.93681784 0.01939641]
332,93080.72489001088,182664.957152192,196308.46595589476,20487.83068762114,12656.263528834947,5477.921854959858,7408.112375716152,5189724.724186025,5175420.416617257,428503.5320412883,[-0.3205786  -0.61259023  0.72246977],[-0.88855163  0.45874604 -0.00529751],[-0.32818495 -0.64364996 -0.69138221]
75,136229.0225532135,80670.32263174794,158765.46646358765,6015.0317486682325,4758.697632095554,5131.035333027039,5736.803919960419,1943106.4068384394,1942695.552553461,62630.774796696554,[-0.56467684  0.82261827  0.06662759],[-0.55842046 -0.44026749  0.70308686],[-0.60770606 -0.35981066 -0.70797573]
2,83878.41962561078,94134.80930485131,138212.5123251286,1044.8074685569227,110.32585435499641,1026.890222634669,1171.5610812642408,264581.9663656025,264578.99683069496,1253.5397687814875,[ 0.67487445  0.3513929  -0.64889715],[ 0.5860973  -0.78953296  0.18201007],[0.44836864 0.50315081 0.73878605]
4,97923.96442353573,201728.08418969117,169641.52998507064,2314.4274222153676,1556.2717769830358,1203.713450470601,1041.7312297390301,562390.4431829255,562361.8869453181,5699.914472868231,[ 0.53718681  0.37470708 -0.75566192],[-0.76820454  0.58727415 -0.25489382],[0.34827019 0.71742851 0.60332761]
27,105738.45574402617,47483.06100057809,15971.31380203465,6420.2714495456385,3823.0445798713918,3391.0322737371853,7071.82886437057,609346.4314559901,609219.1143505595,21533.623167061058,[-0.41799976  0.90536045  0.07482418],[-0.09304983 -0.12460085  0.98783417],[-0.90366915 -0.40595207 -0.13632676]
85,183886.74766205292,72406.28789037606,124114.3190759303,10158.117168809467,7200.081157192494,5122.491049462845,8274.70308053235,2154821.0995834377,2153283.402232963,96774.31842625432,[-0.44279724 -0.31465985  0.83959501],[ 0.42700541 -0.89739528 -0.11112196],[-0.78841422 -0.30930711 -0.53172561]
59,120829.7528602361,201301.18752020178,62795.5818310531,7470.715602113685,3001.831314607128,6005.922970047877,4237.686200738224,1867783.2787823211,1867645.7138206228,69956.32026883734,[-0.18950204 -0.18692743  0.96392277],[-0.84653211  0.52848397 -0.06393812],[-0.49746594 -0.82810798 -0.25838886]
40,5113.555872186562,138322.78966885357,59901.26547144466,3387.5945497335288,4488.135705744444,4839.763517607058,4263.711027516154,954826.1506304371,954476.2294930873,38547.153385740414,[-0.97394746  0.11967869 -0.19262229],[-0.22418523 -0.38015645  0.89734166],[-0.03416606 -0.91714671 -0.3970826 ]
93,171861.24010606066,6829.881853609834,103383.35544161857,5356.878870509415,5405.865252239082,14697.22406303779,10225.70488188517,1941211.9865449257,1938459.04848339,124252.48561868642,[ 0.13244943 -0.9789436  -0.15532734],[-0.50115278 -0.20134198  0.84160994],[-0.85516258 -0.03362803 -0.51726794]
247,48710.76235554622,71636.01062563932,113724.94533481046,7682.253459838959,7235.428323862617,10519.58600945272,6718.232134831568,2256192.0078271586,2252088.371693109,208952.9772031814,[ 0.77213726 -0.63189222  0.06720326],[-0.53697086 -0.59225812  0.60074338],[0.33980339 0.49994254 0.79661227]
489,15096.381378586017,46269.074504839526,152604.4562945444,10989.392230480793,16732.639295612444,13616.187355006512,13404.24708917363,3574665.36127307,3562980.5882456447,438847.9720023754,[-0.95838931 -0.23301705  0.16490297],[ 0.26974576 -0.92827442  0.25601529],[-0.09341928 -0.28984419 -0.95250364]
167,180151.55719119747,142106.3217546539,19325.339406646806,6017.029768644385,9711.78799367021,6627.312071840659,8854.014764568014,2979831.618957686,2978596.607638537,127533.58396806249,[-0.4911497   0.52849688  0.69243268],[ 0.3836691  -0.58240595  0.71665984],[-0.78202941 -0.61765229 -0.08328059]
112,27230.634412824264,96953.62072983242,29874.580179223736,7055.235825738675,5302.929164667577,7168.697221847468,5603.927338229446,1116622.5951122157,1114830.4881345278,104326.24936099107,[ 0.41119691 -0.37299017  0.83174241],[-0.87434064  0.09663877  0.47559373],[-0.25777035 -0.92278886 -0.2863829 ]
2,57030.249987488685,75591.12471675524,183610.27871768508,359.0110466117512,366.70370949770586,447.0947397740383,362.2926609460119,292163.1915714706,292162.05523092736,814.8573301352232,[ 0.84955516  0.33956506 -0.40367265],[ 0.44949742 -0.86649622  0.21710911],[0.27605816 0.36589597 0.88876995]
24,33291.04035753711,201313.99425294544,32833.22306296874,3725.6596093667895,1967.1172671121758,3019.699469930467,1829.6384864219456,1012719.6902763842,1012609.8783295674,23756.948324360852,[ 0.51291044 -0.22011955  0.82974108],[-0.84319014  0.05220887  0.53507441],[-0.16110019 -0.97407475 -0.15882416]
189,98314.22143543394,169442.97762594308,176900.84902387782,5219.967690384929,14695.046180923755,7501.4032247656805,7459.383721856403,3635809.523150216,3630909.579521808,214565.12113022225,[-0.91584868  0.13754323  0.37723076],[ 0.15036409 -0.75364865  0.63984713],[-0.37230609 -0.64272512 -0.66954656]
4,107579.48066023599,93284.68144451338,202599.88663124898,903.8977319033578,1355.2494925592675,176.2848611425838,825.388619937322,495275.0263660131,495270.47724490927,2829.348253648766,[ 0.85990339 -0.44375651 -0.25228224],[-0.26801422 -0.81311936  0.51672555],[0.43443589 0.37671882 0.81813714]
2,182252.2500119909,27271.633990610848,172218.09731384588,698.7630555495416,667.1642998661755,240.60509354174428,268.48557494941633,356706.29085053777,356703.71398105565,1355.8629981424408,[ 0.44800168  0.6789761  -0.58162355],[-0.52648134  0.72615527  0.44217182],[0.7225731  0.10812023 0.68278703]
182,173919.81789179012,154265.4250410285,93207.07812798748,8762.66978248627,8190.846653171846,15790.144329141296,12258.318468040701,3388868.958794233,3383834.2662967737,208199.05914405268,[-0.6835403   0.72619902  0.07353665],[-0.22568347 -0.30608065  0.92486843],[-0.69414669 -0.61558884 -0.37310958]
15,93038.77814231542,21188.05068813403,7199.2845370425075,2991.1892893031986,4402.002166365044,4028.3518768526483,3527.2927171721326,371385.9736227823,370994.9266837127,21934.435719381,[-0.21713738  0.73355506  0.64400958],[ 0.08890089 -0.6421477   0.76140854],[-0.97208435 -0.22258327 -0.07422057]
3,41860.15584219943,1279.7603965158303,129861.52504598512,5321.013329394663,543.1483133283199,1788.6829851736375,2266.8797484509155,236534.05315585286,236366.93949079153,8984.086956894578,[-0.03243333 -0.99926879  0.02024776],[-0.9511195   0.03708282  0.30658858],[-0.30711524 -0.00931435 -0.95162675]
10,76658.95455731577,99668.68915277875,73245.87792143955,2325.2649839330475,1978.0824025689974,1917.9008973024866,1442.0768787486097,460284.08254868624,460214.32507782074,10456.072014873886,[-0.50837171 -0.22075987  0.83236007],[-0.6811958   0.69441111 -0.23187389],[-0.52681163 -0.68487831 -0.50339966]
6,67613.05143332102,159316.06068832355,14185.365727465874,2707.729623364918,1378.9715167353322,1395.179999610271,1920.0944455451381,425423.93121184275,425389.316604593,6696.638105086461,[-0.27373526  0.03053675  0.96132019],[-0.87943298  0.39675876 -0.26302115],[-0.38944402 -0.91741484 -0.08175184]
222,13545.501690175472,108998.93001639978,161779.4200188513,6383.230589070996,12041.241700013232,10067.123670860767,6459.584045384791,2922840.1450382974,2916725.491313085,233098.5171672763,[-0.99046926 -0.06125226  0.12336451],[ 0.11943109 -0.82808558  0.54773213],[-0.06860654 -0.55724539 -0.82750874]
20,48045.02192532619,117624.0842096206,69704.4419421024,3017.024053246205,4790.780775162957,2330.9513639356405,4218.062061766561,648618.332195165,648458.4462036742,19842.842980238267,[-0.24004661 -0.4203691   0.87502426],[-0.91254504  0.40516623 -0.05569444],[-0.33111805 -0.81186831 -0.48086452]
19,62483.51921479579,40916.712407903404,82145.32731358772,1802.9901780412065,2690.6722730685647,6666.825445150803,4390.031033162668,484918.147142585,484416.8550767802,26052.975129186594,[-0.66031478  0.73892696  0.1340572 ],[-0.49826802 -0.56462855  0.65796929],[-0.56188377 -0.36767043 -0.74101625]
120,35352.13597812465,14126.034086034782,117862.74013520256,11474.148726754202,11315.845989523576,6388.41963982881,10031.924963142174,1369276.986774588,1361713.5236812953,157376.20263927904,[ 0.71932827 -0.68168256 -0.13370015],[-0.63129107 -0.72179566  0.28369457],[0.28989383 0.11966581 0.94954814]
16,201615.01810656322,4714.400017118482,98317.55474174942,1735.0282406702718,1570.2461399534275,5815.058099338293,3376.21551559483,897773.0136565056,897553.1858434561,21190.763874520744,[-0.05342573 -0.98617741  0.15684325],[-0.43570497  0.16434926  0.88495791],[-0.89850257 -0.02105787 -0.43846288]
29,29417.743705777368,123726.76517812842,166954.17822170837,2655.4292991929156,3544.666659260322,5819.405023950367,4584.351250703079,1130780.2764619642,1130595.9138652117,30671.870514924212,[-0.9701001   0.24253732 -0.00902509],[-0.19829737 -0.77061163  0.60566977],[-0.13994268 -0.58934996 -0.79566493]
19,65792.2088872148,102404.59266896256,142355.9032420831,3794.711333000519,2669.5543118849005,3680.831653777977,2549.2953757924097,816757.7529887768,816552.4476128566,23268.497052065053,[ 0.63838382 -0.73370345  0.23269153],[-0.68487913 -0.4034726   0.60675402],[-0.35129286 -0.54670752 -0.76006856]
23,26995.575311246896,143798.63334985328,56315.623218089604,2466.3640821104773,4972.066444834072,3660.915798044517,4768.403604781793,752471.7202214225,752274.9439465677,22406.92518565711,[-0.85325966 -0.04351803  0.51966732],[ 0.49232152 -0.39580651  0.77521398],[-0.17195193 -0.91730223 -0.3591506 ]
4,47204.86534346769,100672.47864519604,155265.5654569947,1656.7497726194138,689.9507451965175,1954.359355578101,1939.8051607781993,381980.42718197143,381967.64356181497,3624.9390476396416,[ 0.54711936  0.61659252 -0.5661043 ],[-0.79971662  0.58477957 -0.13596387],[0.24721192 0.52711148 0.81304351]
4,195251.18858398602,43953.63609853738,3973.534258931574,1843.4535488045303,951.8138418323311,1800.238691079741,1990.0808379352598,400390.29121680616,400374.20361778414,3791.407404204742,[ 0.21960954 -0.95954051 -0.17622049],[ 0.01969099 -0.17623364  0.9841514 ],[0.97538911 0.21959899 0.01980829]
219,75449.24566847307,82795.65679942066,22516.714468011505,11745.210235889634,6268.093613887412,12241.000110078017,9450.10138225725,1708100.612370511,1700376.2061742542,228775.78475990365,[ 0.63598204 -0.68131121  0.3624112 ],[-0.39478415  0.11627725  0.91138635],[0.66307791 0.72269955 0.19502063]
29,193454.46838103113,85520.5239832605,5233.686558592291,3665.917042623914,2851.914160418659,2740.423100764708,2917.258385211746,1139670.406517655,1139586.0662020205,24436.425439903192,[ 0.13028796 -0.23581785 -0.96302388],[-0.38330274  0.88380259 -0.26827597],[0.91438726 0.40408282 0.02475921]
100,114540.59157346719,9486.166190648864,180676.09209701393,5763.234962131644,5059.65340033785,7218.526973671674,7559.681880329574,2143410.6143444367,2143198.655707533,73156.17037564023,[-0.42595806 -0.84824271  0.31471262],[-0.72974338  0.52773545  0.43470668],[-0.53482178 -0.04449264 -0.84379267]
9,158365.5314742682,123583.69613381832,3691.5018532123213,1720.7756314618941,2377.3115123931784,1592.689149995866,2676.2163854387777,602816.9274662972,602800.4809303789,5966.300237687819,[ 0.5160174  -0.67689079  0.52492371],[-0.33537253  0.40423918  0.85095002],[0.78819497 0.61515001 0.01841613]
2,13338.418621388348,101086.71522030795,140636.5581303952,18.96743308017267,775.1148919248371,752.3696384799405,156.60230168495036,245667.4423323008,245662.79089130874,1511.751827333917,[ 0.996626   -0.06840915 -0.04535206],[-0.02899325 -0.81036057  0.58521376],[0.0767855  0.58192434 0.80960981]
55,30612.4017358312,157302.11718320014,57192.38739269175,9308.793533209533,4044.273302076671,3187.2585726493307,3268.969144975058,1264164.0739934084,1262328.286732589,74765.61435414468,[-0.24610908 -0.28843052  0.92533138],[-0.95237246  0.24930844 -0.17559044],[-0.18004728 -0.92447452 -0.33605035]
3,64568.60415320707,130614.78273065033,24103.905522984747,480.4114852105969,800.4489093209925,499.75800829381996,442.1333319329468,255801.1959546561,255796.0906697519,1667.9345692253985,[ 0.5743132  -0.13489923 -0.80744445],[-0.69211476  0.44674322 -0.56691944],[0.43719734 0.88443354 0.16320478]
79,81419.80346023433,165726.74777448183,66687.65628575091,14370.54603929031,5694.30307850378,3508.585772309705,4562.933709163186,1750261.8040417929,1745802.4166708975,134374.0548215614,[-0.07183344 -0.34162287  0.93708792],[-0.9067128   0.41382682  0.08135886],[-0.41558617 -0.84382532 -0.33948044]
2,96015.56928407692,35763.99598122532,148949.23098061915,1716.0082730661015,372.97495596103545,656.8229082176113,1378.7031002473814,255685.12500437748,255678.81168850735,1796.7754609151473,[ 0.34412446  0.83819752 -0.42308778],[-0.77425405  0.50823357  0.377133  ],[0.53113936 0.19779674 0.82387343]
6,75101.32666105454,65266.8362482131,1844.5226494548644,1986.9184795229057,2008.0297730879897,493.449663453559,1852.4585053239673,243861.6119662584,243807.6866043995,5335.32969083133,[ 0.06502773 -0.10287065  0.99256689],[-0.65287455  0.74785507  0.12028136],[-0.7546696  -0.65584329 -0.01853032]
13,103080.63513220422,150372.95444750454,33152.96325838573,2109.668141714843,2347.9267613916627,2689.940630667258,2837.2735170904693,668267.4759843125,668208.3183986729,10918.300606774268,[-0.77562211  0.42974144  0.46231227],[ 0.29823949 -0.3960075   0.86846489],[-0.55629448 -0.81148035 -0.17898631]
60,81012.75759264817,174135.9575555776,147112.82920165703,5548.7934115203225,7294.456405878947,2976.8597619430034,5677.898119837164,1874965.5936969428,1874950.2900643442,60320.763494672676,[ 0.14878261  0.59652334 -0.78868475],[-0.93044714  0.35452695  0.0926216 ],[0.33486095 0.72004899 0.60778088]
282,145788.1274548829,197983.7616336903,104635.50651124226,16860.309747770138,4791.886440056933,15863.494444642422,11719.950124105382,4501023.926803994,4495170.791563125,345287.0914070914,[ 0.49333048 -0.66290624  0.56318768],[-0.6766784   0.11435293  0.72734431],[-0.54656324 -0.73991805 -0.39216055]
10,143632.61272757588,41809.29688096937,94116.6607338788,2621.4117877520575,3610.956463553432,1449.1872267445415,2537.255196611918,559055.107459354,558988.1817205683,12475.173990604419,[-0.54710042 -0.00443212  0.83705525],[ 0.20047641 -0.97157687  0.12588726],[-0.81270556 -0.2366828  -0.53243865]
11,199583.09387684028,61440.55001711491,200559.8338476262,4398.456281409449,2410.8051662699163,1313.2300145788822,3558.107443993555,960418.2972440919,960390.0771112909,12498.340436986651,[-0.16045236  0.97710845 -0.13969292],[-0.70639955 -0.01482811  0.70765797],[0.68938721 0.21222441 0.69260817]
5,16034.055080358423,178245.32548705806,28734.190718143695,1271.1257034720247,969.6244516969459,2851.3682103218894,568.3270447894012,405365.8304723737,405308.55316469795,7196.492919659493,[-0.93573302  0.02749834  0.35163554],[ 0.34143597 -0.17941749  0.92262172],[-0.08846013 -0.98338863 -0.15849794]
6,113802.45054387381,60050.382606041705,201028.41388730076,1372.0727907665105,1132.1968232447348,1634.0578836481116,1416.7333412954742,584679.8549144287,584662.3858089059,4796.848107219163,[ 0.22556486  0.89105787 -0.39387354],[-0.84959357  0.37776944  0.36807747],[0.47677171 0.25160708 0.84224855]
15,79083.81832846835,151165.22675669633,172177.03036245945,3282.615088150044,3074.5232882638466,4779.92049491213,3484.4587560896375,939046.4401373495,938895.5584945347,21502.719553923947,[-0.86608198 -0.10390658  0.48898408],[ 0.37871167 -0.77487258  0.5061126 ],[-0.32631192 -0.62351898 -0.71045381]
50,41419.837622863255,48336.10184736213,98990.45785053825,4837.578961716592,4393.505118215919,5610.52191129462,4211.349921142688,834158.4518106397,833011.4044728221,52907.67659308539,[ 0.59367164 -0.79258675  0.13914105],[ 0.72399913  0.45060959 -0.52227987],[0.35125381 0.41080074 0.84134625]
68,27419.14096857219,62601.240726080476,68229.34420740043,6747.4266887031345,9109.324936867832,3723.821015022683,5991.603555151747,801940.891810912,798433.8718912262,84194.60755184216,[-0.67031413 -0.39181262  0.63020777],[ 0.68610962 -0.65078328  0.32516875],[0.28272346 0.65035682 0.70505563]
33,22698.04785457436,159003.7585407143,170676.6765115535,4196.136324803385,3034.696756185119,2859.8515641798717,3101.6163234683527,1346664.2669227428,1346555.314638106,28928.713612856653,[ 0.16919652 -0.7322578   0.65967496],[-0.98080491 -0.05927582  0.1857636 ],[-0.09692407 -0.678443   -0.7282313 ]
2,47792.027018221765,8731.675405779282,182509.35851518373,230.97161962743849,513.2541518271246,85.66954122448806,117.50419835328648,267096.64941556245,267095.487625692,787.7937634603876,[ 0.89747598  0.36176082 -0.25232117],[ 0.36125188 -0.93112396 -0.05005241],[0.25304929 0.04623066 0.96634817]
3,67510.63502799343,87196.89070379914,83383.28944960887,500.81087316839347,1669.6603801346862,780.5980535789165,343.2379793393315,239483.2192891146,239461.1307994249,3252.88754601361,[-0.7979106   0.04281065  0.60125363],[ 0.35341133 -0.7748179   0.52417331],[-0.48830227 -0.63073328 -0.60310564]
6,129938.02127069658,185132.1297110448,52327.621154220345,1390.9119530764106,1055.688928037593,2280.77933346076,848.5719953332822,568698.5451043819,568671.7402695549,6717.630122814044,[ 0.72326506 -0.60284152  0.33685274],[-0.40449831  0.02552148  0.91418257],[0.55970419 0.79745267 0.22538957]
119,142169.45733444186,152481.28535376553,24017.894392628874,8965.375116409712,8374.157876195955,9546.724538936172,9772.783911996223,2294805.0037221084,2292397.525815798,133076.4218708525,[-0.65000843  0.51895941  0.55513077],[ 0.3439047  -0.45053565  0.82386114],[-0.67765669 -0.72642877 -0.11437939]
11,146525.7810949657,94880.31175085455,196324.8679797615,3849.4087840651405,1661.1412094401055,3300.1476403464694,2131.891967123252,871460.295266817,871356.0487312331,16235.582666508602,[ 0.29308811 -0.92807242  0.22974105],[-0.77653067 -0.09088807  0.62348976],[-0.55776293 -0.36113841 -0.7473149 ]
15,79966.55159759725,23363.83093816218,2586.98086479893,1399.0675756700198,4637.391234610291,1340.8149185387479,2173.6020103366554,323357.5663073776,322963.5105172259,17566.603748249585,[-0.0381938   0.02013212  0.99906753],[-0.28041089  0.95940948 -0.03005293],[-0.95911989 -0.28129725 -0.03099823]
3,19900.204703831,167069.19609502953,112817.13721707535,504.6097922053518,1197.4447503351355,2525.822697013036,541.4859696709693,350900.6871521764,350868.6379502791,4833.3897383853355,[-0.98397429  0.16417902 -0.06956904],[-0.14881353 -0.5411847   0.82763135],[-0.09823001 -0.82472078 -0.55694389]
46,14099.64702508199,143402.0294839101,163894.19972023254,6071.171994346719,4706.359122235574,3200.797179335732,3568.1294787681845,1481060.1377270175,1480423.1375012891,51094.51221190583,[-0.51737023 -0.62148249  0.58829207],[-0.85333023  0.42644869 -0.29994839],[-0.06446372 -0.65719177 -0.75096165]
30,178784.10051913004,50814.99453265551,115546.07666670987,6166.786536506546,3527.501434810713,6147.917714393634,6281.257079061061,1199608.5130030462,1199413.032850212,38115.65423894717,[-0.48370003  0.77393748  0.4087237 ],[-0.31399901 -0.5893488   0.74436054],[-0.81696934 -0.23170839 -0.52808363]
50,79137.9763923501,123640.12899109429,105277.52040922985,6040.17267108019,5799.834812284991,3826.9931494867697,5347.164493243527,1278917.5051330905,1278024.7969984622,52963.27732570125,[-0.56968144 -0.28999966  0.76900146],[-0.69527187  0.66898752 -0.26277886],[-0.4382466  -0.68436532 -0.58273838]
10,95697.23162312554,170050.08390760078,82825.61597035508,1855.4275423848014,6399.386370915617,4500.8219920119745,4320.97143123793,670803.8939634757,670490.6704751361,21422.337190909126,[-0.89034051  0.37589674  0.25689574],[ 0.05946122 -0.46340706  0.88414833],[-0.45139577 -0.8024684  -0.3902388 ]
45,141230.48256891553,47976.955663645975,176562.31431785817,4094.4200771288943,3982.144093345603,4423.0146331454525,3838.0604068678635,1551055.905865566,1550878.6598717128,41055.33383747885,[-0.14461455 -0.91947141  0.36559399],[-0.77832849  0.3338444   0.53174493],[-0.61097577 -0.20765416 -0.76392955]
30,115217.30760641165,162665.89873902878,66188.12569328019,6798.626226143128,3615.65871450437,1476.3625413311172,5423.5407061710175,1151174.3751912054,1150863.944389489,31042.078295757226,[-0.00390952 -0.37438297  0.92726593],[-0.83586435  0.51022801  0.20248004],[-0.54892214 -0.77427693 -0.31492812]
3,1868.858366573092,22433.9932783705,27347.18055584305,690.3378106885665,819.366489350691,1504.1425946858021,963.1900127070369,61430.9383737814,61375.94582016747,2750.4805872485567,[-0.93528731 -0.23945371  0.26057547],[ 0.34986168 -0.73641799  0.57903829],[-0.0532396  -0.63273254 -0.77253808]
17,23044.76105406722,5298.86433838089,132837.12389217882,2135.4249482953705,2114.2585603737766,3528.4482724572044,3387.9415181256013,556575.0732777701,556550.1478398608,13077.421394768315,[ 0.27061532 -0.96265091 -0.00840023],[-0.94745391 -0.26786911  0.17486346],[-0.17058263 -0.03936191 -0.98455686]
4,50062.55380820476,168031.4344047765,155228.06909089914,928.2233269666503,705.5640718690057,995.7069120019175,996.8099845406791,468351.98967062973,468350.7198472564,2330.0658167002944,[ 0.85960252 -0.4605559   0.22129567],[-0.46408498 -0.52250271  0.71527341],[0.21379581 0.71755082 0.66288172]
4,148348.53733413614,145416.15740840472,30556.755498361075,1501.1231764268568,476.489871190496,496.0091201163151,817.4624093040336,419949.9970092905,419941.03084878926,2871.149344308919,[-0.18029564  0.37500697 -0.90932022],[-0.68431771  0.61623722  0.3898217 ],[0.70654282 0.69254708 0.14551902]
2,193858.8523798703,13548.034865593769,152132.37050399877,385.8195933088864,649.0427425600647,522.3910067917168,589.4436262720556,349026.94754282193,349025.5277178673,995.5462440208534,[ 0.60907394 -0.24505334 -0.75430616],[-0.10965463 -0.96795459  0.22591985],[0.78549653 0.05488873 0.61642715]
19,125070.43386266344,54508.82205930634,174850.6793834313,3628.9857211249123,3223.4975459650313,6342.338811871484,2941.6614529185035,967288.6487246155,966860.509018206,32365.43379314233,[ 0.48281667 -0.87264818 -0.07330221],[-0.67017033 -0.42207314  0.6105129 ],[-0.56370187 -0.24564084 -0.78860686]
42,86785.19729707901,181924.724246538,87650.14063681157,7139.06886175381,5225.125146475711,3894.8589796035963,6845.613233698199,1425559.0943839338,1425409.7258356423,44117.032602221654,[ 0.34918135 -0.53672368  0.76811463],[-0.84955113  0.16455261  0.50118391],[-0.39539254 -0.82755673 -0.3985155 ]
28,42363.33670796342,61655.38374794403,180700.8226059512,2423.478992284919,7271.12696641939,4069.159927094761,5700.48264581508,1035814.0236102291,1035391.3206863193,34716.09687979426,[-0.92773084 -0.22821149  0.29535572],[ 0.30414356 -0.92090587  0.24378079],[-0.21636124 -0.3159935  -0.92376183]
130,79408.76389903814,132178.0773950646,134983.13849917598,5571.953505656755,5825.839395677641,10610.781462657375,7829.429359572193,2340784.896851272,2339026.2458024174,123025.6961044813,[-0.91816069  0.20538709  0.33881719],[ 0.08283273 -0.73674684  0.67107588],[-0.38745281 -0.64422064 -0.65943922]
65,66092.35721669284,26444.75151716089,98620.05272519507,4926.757877555735,4757.969668514117,7834.055209841269,7967.561131960978,983605.6338168917,983284.5839970653,53808.684845804775,[-0.41808198 -0.76789456  0.4853302 ],[-0.72851561  0.60257662  0.32583189],[-0.54265317 -0.21734619 -0.8113496 ]
3,201956.96829443375,90666.06721034524,171985.46163113244,1178.7341156092532,884.0026736305848,597.0517874521552,953.0113950121494,485556.444602446,485552.2137322252,2204.928593688288,[ 0.4974511  -0.85736634 -0.13215659],[-0.48324847 -0.40039397  0.77855995],[0.72042579 0.32343103 0.61349739]
99,110492.162436679,71753.28359375692,102197.11562280211,12583.670600152773,8414.97318561699,5120.759519954945,11932.377574615482,1665668.6931358364,1664354.6252832855,103417.02699219596,[ 0.20677072 -0.89110173  0.40395987],[-0.71848126  0.14195664  0.680906  ],[-0.66410131 -0.43102902 -0.61088742]
81,52105.84632506425,169913.97882954535,85645.99818805873,4259.816330387482,6764.852913644445,4325.783540288317,5034.680549645992,1777031.508764173,1776545.9012111828,68066.51349655657,[-0.78855052 -0.06642639  0.61137191],[ 0.55552506 -0.50336463  0.66182774],[-0.26378017 -0.86151703 -0.43382996]
32,152888.4054521268,109477.08335308562,104172.0263649477,4087.3658905813004,4013.264768305602,4939.275787876332,6469.566659883954,1216750.6914372845,1216654.8435677767,22185.8934965807,[-0.43808205  0.86016676 -0.26114606],[-0.54995652 -0.02665734  0.83476776],[0.71107802 0.50931575 0.48473242]
46,23910.769217634544,23744.011304706208,197245.16147310782,4568.931040881812,3630.2509166956593,2910.741874298467,3103.7182563569186,1357737.8830264562,1357474.4785887857,38855.02068952967,[-0.50370089 -0.84831079  0.16326121],[-0.85556176  0.51602245  0.04165219],[-0.11958045 -0.11869981 -0.98570324]
54,33570.87477267696,185617.31779554003,193541.6135954018,6487.394490273304,3835.0396827113423,5463.715443105406,5478.651036608934,1987001.841690155,1986541.6334882283,55333.75983237849,[-0.42156115 -0.61685382  0.6646635 ],[-0.89822836  0.38460083 -0.21276283],[-0.12438657 -0.68671214 -0.71620836]
2,183676.69489909636,97998.06431372999,140983.3050593547,212.14134667854523,744.6271711738591,90.2506877756241,495.80770007989486,355577.4143066864,355576.3968315163,850.6358474316853,[ 0.6356787  -0.08815165 -0.76690408],[ 0.24948523 -0.91668471  0.31216384],[0.730527   0.38976715 0.56072441]
29,41636.50468974139,172767.81896644592,5752.6680664660325,3642.8073969115094,4993.633854681535,3303.404447978107,5078.05512312408,958109.112617044,958069.5431551737,25930.91496959054,[-0.28910438  0.10154188 -0.951897  ],[-0.92821802  0.21348904  0.3046863 ],[0.234158   0.97165409 0.03253238]
6,188839.2942078055,31657.516189710994,68236.1839529246,1595.8539605294961,1911.1607833869587,2130.9477947713,2095.3836151245473,497955.21276115853,497951.0986041853,6167.835414314507,[ 0.34360735 -0.70010555 -0.62592827],[-0.13754543 -0.69683993  0.70391432],[0.92898614 0.15577656 0.33573564]
49,95882.75439096973,5014.410645392086,9482.118117198654,5776.3449198477465,3121.867065104474,5893.308195087767,6225.832697520172,677893.5242382839,677033.1039600566,44202.04508828334,[ 0.03190755 -0.97953749  0.19871643],[-0.108745    0.19423515  0.97490883],[-0.99355746 -0.05271637 -0.10032224]
10,155374.8465985095,12461.166742712167,52697.10389091315,3367.347458342412,1938.436329380065,2883.918411863893,3855.3056539272316,520541.2485184798,520471.97629683407,9282.741328698587,[-0.28951167  0.65375708  0.69913137],[-0.15674176 -0.75293248  0.63915938],[-0.94425368 -0.07546101 -0.32045377]
7,98753.28212950053,47040.171767221844,115837.5405812361,3460.925470177672,1974.4894872038403,3248.0671869581925,1695.7501279997487,421721.3573096158,421572.6945819814,12809.05617293886,[ 0.29919345 -0.94544077  0.12893808],[-0.72546363 -0.13761081  0.67436324],[-0.61982723 -0.29530495 -0.72705515]
31,190031.44878972412,110907.94115280345,150250.29724955515,4304.158111399675,3411.4449805370436,3166.288239416188,3794.9773348592144,1483769.633835484,1483694.9574571722,28363.839574468504,[-0.4815853   0.87560804 -0.03723108],[-0.50921557 -0.24498844  0.82503344],[0.71328473 0.41628262 0.56385608]
14,8187.254656995466,82628.41315966542,40179.83729143117,3419.371224590698,3040.139665466002,2384.1891878833635,2311.035888536567,345489.00953444093,345449.41552451643,17225.51864374525,[ 0.58961949 -0.39961768  0.70189356],[-0.80272762 -0.19383911  0.56396345],[-0.08931535 -0.89595318 -0.43507546]
