N,MEAN_X,MEAN_Y,MEAN_Z,SIGMA_X,SIGMA_Y,SIGMA_Z,SIGMA_R,LAMBDA_1,LAMBDA_2,LAMBDA_3,EIGEN_1,EIGEN_2,EIGEN_3
118,65212.842339166935,11651.413062656353,155153.60134607626,6870.918569517337,6461.604968855969,6938.024230445955,5902.06577445393,1836465.7486355654,1834198.8248771036,110839.43305718187,[-0.4892319  -0.82987182  0.26826277],[ 0.78215222 -0.5535595  -0.2860241 ],[0.38586274 0.0698902  0.91990505]
260,149888.84510263105,198536.2847666344,95065.66185275746,14997.107118250495,4201.928837290063,10453.039177268622,11680.399442080192,4302656.0422352515,4300278.108207675,237762.10180310524,[-0.36685513 -0.16205807  0.91605376],[-0.73982282  0.64780858 -0.18167622],[-0.56398539 -0.74436633 -0.35754616]
1132,98425.8365367668,36621.102569988296,73470.69611797422,17908.52757846807,22683.379617396266,13911.779199190452,17012.557983869763,4423308.895554678,4372715.278893422,912639.8281879857,[ 0.52416218  0.2314889  -0.81955286],[ 0.36605463 -0.93015344 -0.02861097],[0.76893304 0.28500434 0.57228884]
1375,103308.41212313228,119626.38327652069,47226.00003599946,22880.015857113594,16018.746841343978,17455.96905645987,17415.307764293968,6209632.7357220985,6183014.499068421,1015305.6057755391,[-0.2539166  -0.16049041  0.95381822],[-0.73443591  0.67368666 -0.08215949],[-0.6293888  -0.72138    -0.28893015]
92,51577.81054381049,170985.20384336077,85782.85975065782,4378.199851502011,7191.779755865508,4593.424219993723,6387.210074352021,1902162.9026980402,1901818.9480230273,68486.97607301384,[-0.32868522 -0.34250451  0.88014583],[-0.90802777  0.3708761  -0.19477292],[-0.25971445 -0.86321584 -0.4329051 ]
9,60227.87828071652,11825.809255190563,136142.77010235452,4164.11821935011,1629.3398233544817,1032.120209548458,2036.2091132320963,448217.34109674476,448068.2679121122,12366.791378724487,[ 0.29406174 -0.95462241 -0.04715664],[-0.8664131  -0.2870717   0.40855622],[-0.40355426 -0.07928362 -0.91151416]
950,18539.674550703432,145850.2368034787,32476.640351311773,12117.54363595432,12145.254201987767,15175.599634935632,12176.544835714612,4680293.019810273,4669760.025656366,599523.5304815993,[-0.92535758  0.03250435  0.37769937],[ 0.35878641 -0.24663539  0.90024624],[-0.12241595 -0.96856309 -0.21656381]
884,176532.7569342138,83966.10114889081,55589.012584611526,14481.693988137895,11561.774747079919,20568.252403062514,14507.656862990094,6090037.550181319,6065836.1269712495,705749.6980231376,[-0.46924638  0.86231565  0.19031439],[-0.15757932 -0.29382324  0.94278134],[-0.86889389 -0.41240712 -0.2737586 ]
5,155771.58591483676,177023.92248351354,112450.06718615566,1800.5571493414516,2022.7965424864108,571.8681089292065,1921.5226106275124,584178.7530881646,584178.5985643083,4460.276961586793,[ 0.79109441 -0.40488054 -0.45852086],[ 0.13644677 -0.61390308  0.77749938],[0.59628174 0.67763911 0.43041065]
461,144000.0682410639,20121.56115169183,12104.453188419762,13627.309664135133,12746.732517835597,9682.57484483458,13257.561329184284,3158504.889825705,3152037.401137276,350667.20078069903,[-0.07715152 -0.05543894  0.99547685],[ 0.13940771 -0.98924421 -0.04428745],[0.98722497 0.1353603  0.08405031]
94,161577.50654778667,34078.31255856223,60748.76495644776,4473.872901694139,5669.744171703227,8038.9966659375505,4672.489345283366,1708693.5517479319,1706943.280567367,94685.8871350801,[ 0.00777899 -0.88060578  0.47378576],[-0.39622468  0.43230441  0.81001167],[-0.91812063 -0.19402668 -0.34555485]
1797,25052.112260791724,37585.46170944713,36535.967257031036,14280.720274266483,19018.61634814681,25987.875828339515,17600.53516090839,2819848.8340525,2616441.092525238,1339103.6133746796,[-0.89136805  0.40957133  0.19420178],[-0.15068926 -0.67182217  0.72522254],[-0.42749941 -0.61717607 -0.66055881]
86,143505.64783052893,46639.498931350405,177012.33220134716,4454.281968898521,3626.5568399861772,5338.972880555025,4502.999448908197,2157982.733035248,2157717.69424814,59740.070192039486,[ 0.16905722 -0.97819852  0.12061226],[-0.76867072 -0.05426142  0.63733901],[-0.61689949 -0.20045788 -0.76108585]
92,150934.37316992856,196374.13949490193,169193.2637331216,11823.512852530153,4644.515562011262,8156.062416007338,6772.183640913068,2879777.3277547555,2878641.996703398,129531.12492375595,[-0.14074084 -0.58217607  0.80078901],[-0.85240509  0.48266843  0.20108893],[-0.50358474 -0.6542952  -0.56418101]
461,163198.08972942398,178260.04672143148,192342.74077703903,14410.85935668204,17698.274285111365,8757.457026091579,19155.773229580016,6649567.568790804,6647852.4124025265,323442.8740934327,[-0.45549796 -0.42488431  0.78230105],[-0.71638369  0.69662889 -0.03876337],[-0.52850357 -0.57808434 -0.62169323]
15,160121.34830757053,121387.63154603151,2644.9089394950556,4979.507406309721,2166.6015321476493,1537.328946835004,3788.9783043142675,778564.5293028625,778430.5155152275,16209.932316961073,[ 0.11693131 -0.17554292  0.97750281],[-0.59257836  0.77751812  0.21051476],[-0.79698053 -0.60386278 -0.01310673]
459,55963.77502828178,181554.03815929798,163147.71312384086,16420.948005216847,13007.247604753646,13835.115543929067,9644.851958407273,5384049.709439622,5377533.796375971,491317.9256465938,[ 0.52160959 -0.65328593  0.54876309],[ 0.82355528  0.21749653 -0.52388164],[0.22289044 0.72519842 0.65146535]
428,101380.28835351895,175985.47916878044,187655.84635739122,8463.870501374462,15769.880056422753,12104.751954922049,13670.612703511748,5736088.877403108,5729774.749927066,345550.1883624677,[-0.82398017 -0.11708502  0.55438956],[ 0.43251397 -0.76204045  0.48189836],[-0.36604419 -0.63685592 -0.67854712]
403,189960.7815727229,138952.1363974312,27536.603237778047,9875.075407536082,15514.134060778943,14871.37400112917,12028.626566223626,4778456.105911125,4764935.307646061,412733.92268122104,[ 0.50802883 -0.56566551 -0.6495608 ],[ 0.31620579 -0.57899238  0.75151961],[0.80119948 0.58718852 0.11527811]
4901,118311.28317446345,118572.72870393662,126372.09949571823,41139.884206227005,36291.55216578746,28263.2490548996,20341.530638441174,15069099.85043781,15012783.77698168,4052225.246830742,[-0.05930746 -0.69388936  0.71763514],[-0.81963734  0.4442046   0.36176913],[-0.56980458 -0.56674495 -0.59508227]
19,195338.62000175644,35824.91911249851,68197.07331618918,3344.0485017839474,4382.360398920932,2869.4331613012214,3694.8504332406246,915589.3390275687,915512.9575924503,21785.30338608249,[-0.3654974   0.35366361  0.86100738],[ 0.03229275 -0.91963167  0.39145213],[-0.93025203 -0.17087903 -0.32470221]
38,136178.83759072155,146409.22419568143,2837.5837045513777,9083.979848433768,3732.0299437504236,1969.5773310818117,6045.987183999707,1234211.6975416576,1233313.819882122,48998.12476240471,[ 0.11366688 -0.1247632   0.98565409],[-0.72283523  0.67023816  0.16819641],[-0.68160771 -0.73158386 -0.01399936]
306,190932.84879907823,51171.742833348915,17045.551286098875,8744.524252648725,9420.027288187472,8995.8010122143,9012.739215209813,3478954.3472824134,3476865.0220868336,223518.56133299778,[-0.24983538  0.71482824  0.65314843],[ 0.10776529 -0.64982161  0.75240848],[-0.96227279 -0.25836499 -0.08531476]
3,4800.558145791954,10946.71304292714,110422.20261116576,1178.0428578822577,2692.3601774519593,973.8887163584013,830.0733255410184,192447.20645208587,192381.5549917765,5152.921469052446,[-0.92644048 -0.36852802  0.07677982],[ 0.37395233 -0.9243845   0.07531905],[-0.0432169  -0.09849061 -0.99419912]
90,175176.6657369816,164933.31620916125,88861.91596508826,7999.282669047475,6461.565832106555,8441.445262275189,5307.909008091879,2435854.8689383604,2434481.0767287347,115356.88329398134,[-0.63231117  0.28325315  0.72107575],[ 0.36524313 -0.71183637  0.59990536],[-0.68321303 -0.64269482 -0.34664582]
27,43428.010685967914,9236.355003408995,5632.8214015378635,4304.02584148901,5392.03541524581,2492.5505782793807,5185.094885880675,235311.33891153077,234457.21483648676,26979.346027945936,[-0.11987503 -0.03914729  0.99201687],[ 0.21892284 -0.9756678  -0.01204755],[0.96835054 0.21573095 0.12552845]
57,157140.8350815006,148080.88181207565,39748.34470269665,4419.539909918486,6231.7992226723945,6848.765783150084,3212.007708525662,1659104.108214033,1657978.0757955634,73560.50018970776,[-0.57101195  0.41577098  0.70786994],[ 0.40214753 -0.61005943  0.68271872],[-0.71569736 -0.67450869 -0.18114995]
19,202082.40524823536,86787.47099142146,100944.62952594126,1933.670502655593,2428.7239106516704,8233.432880535558,4041.6209230512013,1055462.6870261596,1055000.291910296,34118.098811465105,[ 0.38515582 -0.92258436  0.02220552],[-0.39316248 -0.14227147  0.90839534],[-0.83491212 -0.35860413 -0.41752224]
255,123163.96308858524,17074.631539853297,111376.26646211858,7077.074642253967,10803.128702317284,15211.040563531722,11474.669731580549,2682891.98403772,2673864.9373721275,258934.95585373667,[ 0.53366097 -0.69360142 -0.48386262],[-0.41646672 -0.71349898  0.56344891],[0.73604445 0.09917802 0.66962847]
430,164190.4332824033,194824.77847926386,14308.854256935507,13624.301439261722,5907.250935280139,9363.727093475321,9883.867184071285,5301176.349130693,5298607.585293516,300800.59750902693,[-0.36603225  0.24283161  0.8983614 ],[-0.67149833  0.59943186 -0.43562763],[-0.6442906  -0.76270194 -0.05635037]
4,24651.92668489222,106851.95821375285,130660.08408608829,1375.2335813979407,1331.82298371624,1940.2959824279726,639.2209830019082,341190.22809568624,341170.7762760384,5300.576225067758,[-0.96331118  0.26599185 -0.03577564],[-0.2261619  -0.73273829  0.64182973],[-0.14450729 -0.62637284 -0.76601221]
676,17483.24295566532,108362.55613815665,89786.83966388593,10801.963472269457,12698.738251964576,17662.794999792295,16236.229184241609,3733999.93167678,3718598.579266546,463962.99754309485,[ 0.85874732 -0.40279692  0.31671389],[-0.49747773 -0.50732415  0.70366051],[0.12275568 0.76182468 0.63604575]
35,22379.115953879937,22526.513845345908,195271.5818457155,5481.101099323313,3484.4070860781276,3210.6600170763463,3412.7277701978064,1171022.5705706093,1170769.6470314045,37777.759681946656,[ 0.13268929 -0.98624715  0.09853987],[-0.98465926 -0.11980035  0.12686218],[-0.11331235 -0.11386144 -0.98701362]
30,7663.314673221627,142753.69316201023,200748.6430838353,3986.711261786007,8518.565392464894,2183.9259906131083,4254.071786610616,1350743.0584827862,1350217.1961246475,47351.18568908654,[-0.97130847 -0.17473453  0.16133101],[ 0.23579695 -0.79592628  0.55758511],[-0.03097822 -0.5796285  -0.81429181]
7,154912.1193363617,59195.59162319321,59895.028795186474,1129.0322925546593,2230.700329218634,2085.2529987608787,2030.1922037183228,466564.6484236712,466552.066189222,6719.096442758006,[ 0.30324427  0.15757793 -0.93979365],[-0.36909598  0.9286697   0.03661613],[0.87852779 0.33577043 0.33977515]
92,176938.9453493238,72921.550588576,155819.60858121142,6862.64780852711,4806.087876364958,7790.133105635547,9247.351980319285,2369397.088543391,2369038.010109822,64513.149560505364,[ 0.18169501 -0.95359595  0.24008683],[-0.67315785  0.05736138  0.73727076],[-0.71683012 -0.29557476 -0.63149833]
96,13507.019808803796,50374.98377146536,54433.15194139796,5026.817721615535,3677.2005795134337,5904.404089031553,3766.9706304819774,741871.8332915141,741054.8540568281,75829.74621834035,[ 0.93288479 -0.34876246  0.08994834],[-0.31224532 -0.65864042  0.68461351],[0.17952388 0.66675148 0.72333508]
15,134754.79535137877,77067.32261543731,81287.02436839526,4997.619646365073,3227.3143026266753,2688.787934441811,4142.497334330152,679096.335957042,678898.3219891732,19444.73136831301,[-0.43101314 -0.17916016  0.88438075],[-0.47174824  0.8802225  -0.05159416],[-0.76920821 -0.43944282 -0.46390595]
130,115195.0579783222,10774.560062980267,179460.44356422764,5501.145590800678,5189.646601109653,8338.40969435081,8771.133395185947,2437323.860091906,2437193.5308625763,80122.58829781148,[ 0.80039891 -0.34096269 -0.49305783],[-0.26170064 -0.93871877  0.22432087],[0.53932769 0.05051263 0.84057963]
3,32800.80968363981,59130.77595321216,89512.65522881069,3207.861951156213,1054.4941957157523,851.6198761982292,2161.7787614455933,194398.94380352952,194341.3971928683,4730.845862595591,[ 0.14873827 -0.84929697  0.50652896],[-0.94452565  0.0296669   0.32709506],[-0.29282798 -0.52708114 -0.79777017]
5,54345.649377241985,117138.64981166951,166532.531752343,2903.066394747216,3018.077368780226,1711.6109892980255,3660.9954113618796,471317.65358942444,471284.6520516338,5922.694495001718,[ 0.60794015 -0.72907267  0.31442298],[-0.75087904 -0.39922892  0.52611494],[-0.25804928 -0.55594002 -0.79015268]
185,99361.96764521836,187809.64113759052,12828.889323082305,7851.229051934879,10206.699881454537,8475.668038538013,10829.81221743222,2901600.132222472,2900194.208439256,148877.1567806849,[-0.70136353  0.41126232 -0.58219628],[-0.53882832  0.22880683  0.81074748],[-0.46664037 -0.88233255 -0.06112302]
107,9675.79141636148,149654.2103771048,126558.15463470329,4742.201168400615,5721.687774562499,4249.2431983508295,4274.575718810028,2031174.3232020785,2030930.375513647,76332.74228748716,[-0.99558763 -0.01411428  0.09276882],[ 0.07986305 -0.64649986  0.75872249],[-0.04926621 -0.76278353 -0.64477448]
3,38286.16608163745,113986.03754514993,57249.24589651028,1553.211163917293,937.7929313206507,583.7254689579382,1337.6049872492415,230691.00847865077,230683.08327555205,2347.376898130389,[ 0.17446483 -0.4881113   0.85516629],[ 0.94173494 -0.17092759 -0.28968788],[0.28757144 0.85588032 0.42985061]
107,102392.04262363599,160903.5782105779,65317.55875495676,9678.923927577154,4631.597206267679,7028.260912580203,5316.7496751979115,2088613.4657180316,2086960.8179686337,120662.4200170302,[ 0.29338925 -0.51413664  0.80596915],[-0.80964143  0.31465842  0.49545013],[-0.50833404 -0.79790576 -0.32394893]
68,16570.890879609153,95831.06585939415,169720.30258919587,5465.317588358604,4067.893304022163,6630.569675873637,6597.347392139421,1614655.8324320877,1614233.0918371705,56753.44143150129,[ 0.14073969 -0.86796865  0.47625914],[-0.98646228 -0.08204247  0.14199015],[-0.08416953 -0.48979533 -0.86776496]
112,26722.956854813816,6159.808051201059,116618.509980363,6553.99108825724,4240.873445638675,8028.9348175452615,7731.530600831078,1272802.564810073,1271054.92521789,85540.6165429876,[ 0.33259467 -0.9427212  -0.02564229],[-0.91652023 -0.32951814  0.22673433],[-0.22219686 -0.05190896 -0.97361903]
3,153268.9120122243,82573.29964437945,203151.47303374522,1397.602628302258,908.4836741041253,396.88283345887135,770.5626935551775,463410.5993489649,463403.2774983491,2648.947147513553,[-0.5280227   0.84751892  0.05388607],[-0.62689555 -0.43180166  0.64849772],[0.57288218 0.30864058 0.75930692]
97,120515.65927162339,10517.71565978064,34963.91316082502,5810.688201876213,4758.619628316727,3351.681842861425,5398.697836642299,1242280.5003910223,1241933.5790220557,61191.21290838199,[-0.2232146  -0.39569063  0.89084464],[ 0.18409457 -0.9145691  -0.36010075],[-0.95722747 -0.08361992 -0.27698967]
3,92068.66333637609,34052.31305416427,47317.58576244689,1146.8867781526542,1786.3413898876686,1752.3930688194198,1183.112034300482,188807.26071465333,188758.36283877413,4298.665996905441,[-0.53144838  0.39734141  0.74811925],[ 0.06104128 -0.86290377  0.50166827],[-0.8448885  -0.31227695 -0.43433458]
92,197160.66084389822,148870.83818818087,64106.928345331646,5913.0694403430625,6521.074386363975,4466.120431119061,4565.159265220586,2449639.5071418704,2448842.142856369,83449.7320765317,[-0.41276126  0.16075302  0.89654147],[-0.48253125  0.79623825 -0.36492223],[-0.77252297 -0.58323504 -0.25108795]
65,17596.276841228588,187987.6751958675,148241.0242915235,6133.870081848801,8414.703198301222,5211.572178605695,8766.883695159204,1937520.942573144,1936747.5799724923,61805.2851041546,[-0.44352583 -0.52909279  0.72342634],[-0.89331598  0.32635382 -0.30899795],[-0.07260436 -0.78329688 -0.61739339]
285,49174.904641586356,72242.26136437994,114863.92071736828,9876.003104593048,7071.708287778705,9517.12373988918,6735.2757590182455,2446094.999796586,2443486.374041874,235156.351097662,[ 0.44308796 -0.8324382   0.3327457 ],[-0.82933436 -0.23968102  0.50473511],[-0.34040796 -0.49959949 -0.79656938]
167,193189.23705200417,182196.48560589773,111456.48194211509,6695.414993630306,6443.804064607851,7429.723860882685,7467.497719535779,3724208.291664224,3723606.8843533183,119689.36120647412,[ 0.39877941 -0.74769452  0.53096883],[-0.62535678  0.20177421  0.75380108],[-0.67074875 -0.6326453  -0.38711244]
13,198458.23016040077,132636.7133409563,126097.40360302452,1575.5682574661075,3101.579851473501,1954.4736768966707,1823.6951202420887,973449.4158705908,973392.8288129824,12782.225003953055,[ 0.67410901 -0.45686824 -0.58038647],[ 0.07179001 -0.74151305  0.66708664],[0.73513484 0.49135507 0.46706206]
105,62645.66477022513,29627.325163738675,94176.46801357863,5913.708610765872,8363.646329866062,8917.884212660523,7601.631725162958,1205027.3866193693,1201918.1372611236,114211.00831541729,[-0.8379705   0.03910681  0.5443125 ],[ 0.10436876 -0.9675329   0.23018958],[-0.53564224 -0.2497013  -0.8066825 ]
20,45543.154057452906,26544.173696465412,142781.53540959765,3377.1160587708873,3627.2166163249167,2457.5940403082,2066.683611993704,680971.3212965312,680874.1035033672,22937.430656339624,[ 0.66840828 -0.73995069 -0.07552052],[-0.68098165 -0.64963637  0.33798902],[-0.29915608 -0.17448657 -0.93811517]
132,179646.27872540918,5106.2150606606,33805.13608745903,7227.400974255793,3433.9496005742467,8831.862907573497,7629.056117425334,2105212.942818243,2103102.7279037638,105487.67052384772,[-0.01516539 -0.97387699  0.22656922],[-0.1868289   0.22536452  0.95619339],[-0.98227541 -0.02782864 -0.18536611]
15,184840.46460760996,56324.19005686826,32525.119765497246,1819.0094137133287,2228.3527973997507,3309.3211716012734,1922.1496695338503,759071.9661884224,758974.977346831,15243.601287347821,[ 0.17003825 -0.84800438  0.50197167],[-0.28511564  0.44526715  0.84879104],[-0.94329002 -0.28744692 -0.16606687]
39,39754.0896924127,48883.566289458824,101451.21570352989,3826.996320765345,3379.77838568298,3800.4167778433575,3151.834988918057,746679.7062400857,746260.177798692,34461.67051199813,[ 0.60358093 -0.78461663  0.14165736],[-0.72454996 -0.46563054  0.50814915],[-0.33274229 -0.40934697 -0.84953966]
6,23968.26094906223,193877.4628541456,88957.30740628221,2035.2774681990513,3810.3606540555083,2229.9926315584544,2974.879997637478,525916.9105962614,525854.136846961,9415.246550514761,[-0.91141643  0.25925741 -0.31953981],[-0.39603347 -0.3418716   0.85222139],[-0.11170312 -0.90327703 -0.41426201]
15,44922.23096500565,138044.56940653623,79430.37880054604,2040.438839706488,4532.943356323771,1920.4499766424963,3707.479101643606,641182.0480259839,641111.1627244027,14794.687015479116,[-0.49920743 -0.30435448  0.81127079],[-0.82296835  0.45951972 -0.33401305],[-0.27113656 -0.83439198 -0.47986976]
10,13232.206122703423,171592.26714327544,126306.93079486422,1863.6760686817724,1444.5508095539467,2134.4125326254166,1724.7155035693074,675124.4671551825,675119.8638336,8438.112037585144,[ 0.84525913 -0.35752844  0.3971277 ],[-0.53074839 -0.47550836  0.7015682 ],[0.06199304 0.80378182 0.59168543]
251,196766.6079340702,48418.25327751314,157153.18440765183,6700.670546248633,12377.784040410175,15244.253267631912,12015.085434439345,4073031.3155318922,4069978.143407494,269432.9289069335,[-0.32432611 -0.71104715  0.62387861],[-0.55468458  0.67719527  0.48345795],[-0.76624904 -0.18925781 -0.61403899]
346,12300.274593421622,48404.0809735201,148567.84884378765,8373.27754155553,13225.087648144356,11816.649137210588,11921.604405875318,2934428.2694584075,2927904.705215338,287764.01956269634,[-0.97637045  0.21584384  0.01059146],[-0.20127661 -0.92612971  0.31901644],[-0.0786668  -0.30934641 -0.94769   ]
106,13060.743343918795,119429.76402834977,151459.9754231902,6525.240742372515,6387.014088981877,4403.929683188256,4981.733279903854,1992650.0068285943,1991539.0979760683,90718.75101737704,[-0.59468189 -0.60562499  0.52874551],[-0.80115419  0.50131971 -0.32684937],[-0.0671224  -0.61797808 -0.78332475]
79,199139.43429535348,173802.67349277737,160289.49582374655,2959.998026715882,5351.042333966609,8484.18973035301,6613.168879085311,2748856.2756977594,2748425.2655882584,71923.6850373449,[-0.63051093  0.77413624 -0.05629441],[-0.43326312 -0.29084711  0.85304808],[-0.64400236 -0.56224643 -0.51878696]
20,83383.9579762251,171647.59622213384,198538.4625599514,3361.49033811559,3410.7302883730163,2222.2089535227033,2423.3119101206753,1231715.044701698,1231618.855188701,20976.05138471244,[-0.71179369 -0.35511262  0.60600723],[ 0.63375465 -0.69668256  0.33613756],[-0.30282797 -0.6233205  -0.72094853]
4,60738.6354583732,132549.3761814076,101183.52562660164,2142.830701600284,1039.8251466105291,2205.292954363892,2711.4860775002912,355003.5640017213,354988.6905183307,3576.0225838056863,[ 0.63426501  0.26403755 -0.72663063],[-0.69318689  0.61040842 -0.38326687],[0.3423446  0.7467836  0.57018807]
62,90161.04413505406,82507.59411293427,16037.072804205809,3585.7269517532905,8085.824806229853,3926.1196007947924,5894.997074485554,973113.4169462338,972125.9204202959,60446.267263959286,[-0.27966605  0.12023556  0.95253888],[-0.62318183  0.73199667 -0.27536391],[-0.73036382 -0.67061486 -0.129786  ]
365,149643.0919570177,15772.92396317447,170798.3432776864,12841.831586028624,8371.56333678202,9800.883082106928,11159.542357487013,4360236.686177807,4356345.289882415,276437.70141413476,[-0.28209621 -0.90092635  0.32977786],[-0.69827286  0.42852805  0.5733923 ],[-0.6579033  -0.06852314 -0.74997855]
2,192435.8859616802,34160.19925554945,11765.70389133308,559.3250559105654,702.4769739088879,134.50403253942204,680.3581277365593,276903.39693418704,276902.0913716844,850.3103429702119,[ 0.03117782  0.16396116 -0.98597398],[-0.1818824   0.97091431  0.15570547],[0.98282589 0.17447675 0.06009264]
63,139118.4503448045,152689.6977345168,20910.370305896242,5167.237449304835,7401.656333750356,5082.681711255408,7094.428480946008,1649488.52538942,1649368.0369918654,59719.94837268437,[-0.71192427  0.59818945  0.36787663],[ 0.21073342 -0.3177311   0.92446653],[-0.66989197 -0.73567406 -0.10014198]
81,18163.359976837462,138661.9387290342,164284.5058142538,9449.92181709508,8284.531436459276,4422.470546363041,4409.502020470817,1945030.8771961671,1942529.6012402358,112741.724428043,[-0.60230626 -0.57601518  0.55266055],[ 0.79387833 -0.50470766  0.33915686],[0.08357251 0.64302153 0.76127456]
141,86956.99616081954,189698.0554307341,108362.98733265534,4465.9088984003065,6155.012865102538,6159.543521384969,6562.679917809425,2794095.8829734656,2793593.5079441275,86506.68498894952,[-0.92470841  0.36780617  0.09814773],[-0.09032469 -0.46245366  0.88203065],[-0.36980509 -0.80675599 -0.46085677]
151,130762.07447010768,171799.23163533892,159172.74958084224,9178.46955576351,8726.31104112528,6183.496976392161,6602.889864264654,3299435.912669765,3298354.706075657,152846.6460532743,[-0.74392043  0.66049154 -0.10165292],[-0.45674335 -0.39149328  0.79882321],[-0.48781954 -0.6406902  -0.59291497]
261,88557.81991629086,175030.9190545121,35743.32642806614,11083.486696341552,11435.664727826905,7618.01943807814,12644.396806715366,3232305.68476122,3229215.1050786907,199072.1438554061,[ 0.14718742 -0.2697497   0.95161492],[-0.88376275  0.39618627  0.24899766],[-0.44418381 -0.87765115 -0.1800811 ]
55,118936.56648275693,146266.17406587195,153643.10864929509,8398.093678999761,5489.834444255645,3311.0823102040963,5677.935548475911,1804896.4096814897,1804530.393119273,65938.21227115906,[ 0.39121585 -0.79858681  0.457394  ],[-0.77930765 -0.0231037   0.62621546],[-0.48951991 -0.60143606 -0.63138334]
11,165207.32612915692,45470.67028858551,1457.5483367214053,3688.4642655650173,2839.1844920908516,1218.9885408690238,3791.70857802063,568542.2075161091,568474.0958247201,9796.398511912386,[ 0.07054634 -0.28711454  0.95529496],[-0.2559703   0.92040261  0.29553044],[-0.96410706 -0.26537573 -0.00856176]
9,48760.36329650334,5377.247997214519,178636.56375034305,2023.8687944145918,1480.8441710446348,2441.1629556049247,2372.5709651440316,555832.3599000997,555811.2925057427,7735.501809813046,[ 0.06496838 -0.99781045  0.01238579],[ 0.96255626  0.05938976 -0.26449632],[0.26318161 0.02910592 0.96430715]
38,106002.41594589275,48668.21748660546,17137.78449888249,7109.927151567441,5301.639357201618,3827.3104210235165,8586.871773073333,728977.6306958863,728871.2421071134,27189.949052458152,[-0.33979993  0.86697018 -0.36455276],[-0.27725101  0.27805275  0.91968394],[-0.89870345 -0.41358116 -0.14588605]
117,27510.004461245764,99329.81139075979,30634.709250012114,6487.249465387689,6462.4990890605895,5779.9383093496135,6200.079771759453,1167852.3554464818,1166128.3665965511,95606.23020646843,[ 0.20732159 -0.34083814  0.91697717],[-0.9447554   0.17350012  0.2780916 ],[-0.25387988 -0.92397352 -0.28603835]
22,191105.57884240852,28119.391273659385,85066.01398450059,2957.941219305196,2529.6040583268373,3752.964043070488,2811.2369006914387,990230.2246788826,990144.3118052654,21643.509530722746,[ 0.11543397 -0.99097378  0.06816133],[-0.4084924   0.01518965  0.91263532],[-0.90543302 -0.1331925  -0.40305186]
223,180551.14026820913,183579.07616799296,52214.63868636187,12935.256888856915,10541.455162667606,9618.8993758409,5988.411376088148,3931714.9687613808,3926607.2011378887,273094.9162923088,[ 0.04951548 -0.3183311   0.94668555],[-0.72461633  0.64087418  0.25339978],[-0.68737136 -0.69853102 -0.19893472]
32,34060.23213166099,94613.44185369644,134276.46599931968,3070.6001521786206,3735.799969673604,4209.517022210181,4142.347639741254,949520.7475199526,949405.0242478237,27520.423785763593,[-0.97792234  0.07573033  0.19476347],[ 0.04921472 -0.82234044  0.5668634 ],[-0.20309063 -0.56393361 -0.80045804]
55,130861.76795286172,123547.83404397537,9253.59547583847,6873.464458503863,6377.479216022707,4874.582140713194,3442.2790049236437,1338545.901404707,1336901.452356121,73951.60808504256,[-0.32080627  0.27193112  0.90726887],[-0.60790491  0.67544671 -0.41740072],[-0.72631602 -0.68543797 -0.05137928]
49,145033.94523810665,8153.125992383048,100214.37306627029,4165.879052522343,5753.456077623672,6040.292359461994,3532.288702802429,1236396.9356376505,1236263.8403499217,60250.27952175378,[ 0.02823975 -0.99879839  0.04005362],[-0.56916107  0.0168735   0.8220529 ],[-0.82174096 -0.04601153 -0.56800065]
13,133767.53062421916,85654.36078874944,31196.90529995715,1889.754217733089,2785.1916475609933,2716.5734337381296,1390.5371015336914,583840.8176509792,583689.5697742936,14771.098448589462,[ 0.22152174 -0.62005043  0.75263908],[-0.51781109  0.57921803  0.6295857 ],[-0.82631701 -0.52919178 -0.1927596 ]
68,116439.52055917752,200393.14507350218,63677.9684865123,8973.040854909625,3161.1475438862967,6976.32239513055,4592.732181970714,1983643.1385291177,1983146.8325025386,89437.02514014782,[ 0.30582004 -0.44534924  0.84150945],[-0.81939088  0.32698296  0.47082984],[-0.48484296 -0.83351437 -0.26491716]
60,159758.98495555783,56725.76000405746,188788.41100027057,3138.9905739700807,4611.291156826922,4626.136876167475,4227.205830142793,1965990.0076176396,1965940.7345350902,45603.042603201306,[ 0.30277991  0.81131016 -0.50010014],[-0.71555812  0.54011648  0.44300199],[0.62952434 0.22371862 0.74407599]
2,115562.82571221805,139883.06460351305,136155.42523593802,522.5690175580967,733.8539380071306,680.5386106473743,310.26607806704124,320816.4990252939,320812.82561671565,1535.2415657612432,[ 0.79230069 -0.60827578 -0.04754144],[-0.33577025 -0.49975662  0.79843701],[0.50942905 0.61663919 0.60019842]
11,31927.459075842038,119220.88053645458,149166.77047279722,2098.523375131146,1726.231497123971,2838.846780315437,3044.643356343251,642240.0630238418,642216.221371089,8204.115331663099,[ 0.60637891  0.55279179 -0.57159939],[-0.77787358  0.56150913 -0.28217051],[0.16497673 0.61573431 0.77048942]
239,162794.7499091327,153090.84140021374,148209.1376146377,8162.182814451716,6774.249688437778,6432.887526430036,7122.692849359164,4148724.314553337,4148182.1735152965,157376.45882411685,[-0.62208177 -0.09105525  0.77763951],[ 0.49417574 -0.81604448  0.29976947],[-0.60729285 -0.57077171 -0.5526437 ]
11,148847.1238457578,114797.21685413485,187879.94806440218,1757.997960219376,1815.3097693179975,3237.6140787712466,2515.4110493934977,881546.7404260002,881505.0826582679,10749.805820371499,[ 0.09370984 -0.88087897  0.46397275],[ 0.8231733  -0.19357586 -0.53377346],[0.56000373 0.43194981 0.70697608]
141,66636.55931903399,82222.24558884355,30757.262686223276,6555.894849719324,3969.5290825524817,13426.607168181998,7140.894785016072,1320155.5789293274,1312763.7379643829,163334.39578442273,[-0.75427643  0.6493492  -0.097019  ],[-0.25602571 -0.15483137  0.95418975],[-0.60458076 -0.7445622  -0.28303574]
2,18217.256456455863,138009.73253543192,121380.551316714,413.3723482794976,211.98397513832606,1038.2184897901243,564.67900509834,261201.40373584436,261197.67160468825,1396.302927367876,[ 0.92684319  0.17143363 -0.33402426],[ 0.36225913 -0.642079    0.67564996],[0.09864084 0.74722491 0.65720995]
26,11469.922830270223,169031.32906658464,71959.68278353078,4159.001037528854,2787.1921124505243,4373.235609932612,2254.7182532152974,939120.5604503679,938706.6052104065,31786.235056771613,[-0.74841944  0.30208769 -0.59043321],[-0.66029688 -0.25581454  0.70609274],[-0.06226052 -0.91831473 -0.39092413]
120,67423.70471865438,191580.95068766692,195455.19644898135,6053.151520111418,7247.879479621256,6682.899263403361,7368.068100295023,3089840.574271862,3089342.1436237623,97151.95255183833,[-0.34780997 -0.60685637  0.71467026],[-0.90662574  0.41190269 -0.09146554],[-0.23886816 -0.67975108 -0.69345546]
19,73559.09380492645,132018.24494315527,124116.28689232586,4385.547209408347,6134.128784724656,3160.760282070131,4199.553422208154,852952.2202887505,852864.130697082,30509.00395822435,[-0.89443135  0.44340004  0.05821476],[-0.24196386 -0.58929612  0.77083304],[-0.37609313 -0.67537137 -0.63437171]
205,84335.1858002569,38212.99927440351,190856.3643228432,6690.415737651754,16643.035728462975,9350.461095138407,9542.922118606815,3050017.9323945334,3041492.1304601617,252968.36749414026,[ 0.80103809  0.41007298 -0.43609418],[ 0.44867369 -0.89355082 -0.01608903],[0.39626999 0.18277607 0.89975719]
40,131718.17481140056,156608.75414900982,72529.55113508242,4302.572429906046,6453.578613084815,5509.8408464651775,7948.466842777844,1374331.644125661,1374150.1994094271,32962.293506420036,[-0.673258    0.68961133 -0.26675807],[-0.4229636  -0.06326989  0.90393513],[-0.60648615 -0.72141051 -0.33427745]
23,51526.29158350905,108295.16042314176,29499.589240677335,3619.519250092398,3675.0668283439663,2622.0449428690913,4460.350116799924,592877.6843802367,592757.5357857253,17718.41645052289,[-0.00482429 -0.26102323  0.96532047],[-0.90874657  0.40400176  0.10470076],[-0.4173205  -0.87672655 -0.23915298]
18,168148.3621508802,168944.64108232094,27461.02616241638,3580.4992402247594,3558.9026871658302,3722.884842491013,2778.941600696368,1018282.9240844029,1018076.3186573347,23805.655650387456,[ 0.39806032 -0.51910998  0.75635495],[-0.59198918  0.48448071  0.64407085],[-0.70078299 -0.70413299 -0.11445495]
37,53603.39435642845,167813.4791657024,21605.983180525818,5122.674752597299,7292.03283456975,4804.486856972101,8702.830771240357,1081283.3413079607,1080981.2447927806,31658.187127609588,[-0.79414246  0.17891901  0.5807975 ],[ 0.52707047 -0.27299775  0.80477882],[-0.30254664 -0.94523024 -0.12249618]
26,195872.23411576005,26411.538575878487,19161.919026541218,2846.377569109067,5874.52357730837,4426.921014322371,3502.5023081706586,1013090.8887302264,1012903.6547849842,36101.57997541208,[-0.09423986 -0.02499933  0.99523559],[-0.13503142  0.99076742  0.01210083],[-0.98634951 -0.1332477  -0.09674548]
63,97458.32476972029,5187.681515721357,9004.81470874644,5931.633307118737,2973.399466006472,6816.706513296962,6340.966645043549,781236.6935505632,779891.329847001,56678.40378950229,[ 0.05565965 -0.9980658  -0.02768858],[-0.0926641  -0.03277555  0.99515784],[-0.99414052 -0.0528244  -0.09430914]
19,152592.44893327425,78497.453221314,173311.46836924684,2462.501091359225,2611.279755430398,2916.9536840182946,2345.120824917904,1063236.7334728842,1063202.1207315698,17385.50004806183,[-0.23196114  0.94646757 -0.22448424],[-0.74483539 -0.02439203  0.66680228],[0.6256311  0.32187602 0.71062054]
112,189656.20379728588,31911.073896640915,123271.6385458974,6490.962707765564,7024.209177536903,4631.845247349204,5537.245473866099,2419645.928767354,2418821.833236093,95164.77256117167,[-0.51547112 -0.17586536  0.83866614],[ 0.2116252  -0.97452392 -0.07428262],[-0.83036395 -0.13919235 -0.53955648]
3,140188.85592756126,73775.34241132427,1317.9214308092091,1934.863805887572,945.8691980459027,434.88616873966623,1291.9863267765254,274420.86311756284,274403.78341027454,3072.2690714205473,[-0.10703005  0.22069541 -0.96945248],[-0.45322114  0.85702831  0.24513889],[0.88494924 0.46561359 0.00829605]
87,144977.06521924716,135302.10320832624,199966.00305603273,7326.655228706431,6818.441043778379,2898.037592375209,5148.846402570705,2628331.382393945,2627507.3604662423,84592.18181000424,[-0.41843804 -0.58191154  0.69734394],[-0.74820595  0.65610749  0.09854346],[-0.51487616 -0.48052255 -0.70993001]
14,113639.14306366346,141570.75355864508,188829.40684560235,4847.895035007361,2731.8983630534653,2780.189040989322,4289.330348011094,980342.0453339536,980248.9279634848,16731.755434470866,[ 0.19554269 -0.83751152  0.5102328 ],[-0.87945788  0.08046669  0.46912573],[-0.43395495 -0.54046236 -0.72082143]
26,31494.632894386556,200744.16750758595,32851.313937975654,4250.7012762684035,1686.5096183521173,3735.9463504289906,1974.1518683618406,1049848.7493774341,1049775.7380701532,28416.646006256342,[ 0.41134057 -0.20976047  0.88701718],[-0.89853539  0.0701194   0.43326369],[-0.15307871 -0.97523526 -0.15963425]
2,180829.9474144617,54887.6025707715,106287.64062877398,257.54848538270744,443.64544501587443,69.61846896917268,68.36312506778631,306625.01315955876,306624.1543710625,725.7074688901057,[ 0.38947462  0.35918952 -0.84811108],[-0.39078321  0.89827437  0.20097673],[0.83402518 0.25315224 0.4902203 ]
67,26372.855219415127,188614.9724209219,195032.7474923258,5449.472321815349,4977.730133342591,6520.619691175427,7411.009330246036,2232635.882713737,2232237.587122741,53320.68240435794,[ 0.10227217 -0.7219896   0.68430361],[-0.99007258 -0.00720162  0.14037245],[-0.09641935 -0.69186643 -0.71555863]
23,77833.85747508636,126015.2561095707,104825.99980463003,5001.718410212854,2868.2734032339754,3667.0292574977066,4465.767507170566,870797.5717366332,870553.1208725428,24760.717829247107,[-0.39339782 -0.43216741  0.81146132],[-0.81306444  0.57553682 -0.08765608],[-0.42914377 -0.69425406 -0.57779489]
27,38186.467705191026,130111.28947952093,199451.74898142682,4654.777258537443,3037.599162386596,2866.0481249090103,3069.1167650683064,1253579.318226304,1253367.7544177577,28290.120007630623,[-0.37117966 -0.74359228  0.55614404],[-0.91496172  0.39501677 -0.08250337],[-0.15833735 -0.53947407 -0.82698066]
6,38852.44443753341,113457.26080012339,186213.74407612986,1676.6289581127028,2029.741595703304,592.1998634259113,1547.1357140361586,542566.3977236964,542559.9077315538,5411.249169195945,[ 0.80601398 -0.56508568  0.17612391],[-0.56529614 -0.64672125  0.51204677],[0.17544722 0.51227903 0.84070712]
10,88947.29715296223,19228.212574538953,10528.523891547691,2860.0861536253497,3985.890097679504,4010.923840393675,3029.2696818708887,290368.8636240558,289881.6038143573,17366.35141807865,[-0.2361378   0.76174795  0.60330672],[ 0.04078428 -0.61254855  0.78938009],[-0.97086332 -0.21100791 -0.11357852]
13,187966.17626402577,156800.46911416136,79466.57289893061,4675.125419440618,1049.3789601845854,1683.2053820554204,3622.0734783637026,928078.4080389799,928021.6390526011,12831.67196677651,[-0.17477421  0.60372915 -0.77779502],[-0.66019442  0.51420745  0.5474797 ],[0.73047745 0.60918126 0.30870842]
8,122164.92084718528,83043.58724492215,61613.56113802589,1753.1390662015435,1796.7891202616572,2531.8646912250792,1424.9632634537659,452776.98989479063,452745.467432806,9258.221911385297,[-0.32243455  0.82228033 -0.46892539],[-0.55987942  0.23377618  0.79491115],[0.76326338 0.5188485  0.38500032]
7,40290.429374461986,2550.6770607744315,27851.995759027188,2249.750896241554,2179.1745513242586,2859.139327639141,3028.707181007569,130156.21877186319,130104.28552793477,7863.720951096037,[-0.55759763  0.28530702  0.7795414 ],[-0.1233066  -0.95712974  0.26210329],[-0.82090217 -0.05002558 -0.56887351]
13,10437.440932551688,131297.01420181937,179353.47549278376,3739.9611785734755,1634.19622495184,2143.4052860313477,1297.6355576847134,802439.7187132436,802366.423763424,15955.3008382707,[ 0.13102183 -0.80357415  0.58060475],[-0.99027071 -0.0783917   0.11497242],[-0.04687427 -0.59001977 -0.80602697]
122,39121.40743311542,78922.36519447592,185558.94661299136,4091.249432538964,10539.022996208012,8919.09459424663,8746.87558562153,2273781.7680431833,2271486.7323514265,124695.14830336599,[-0.97492739 -0.03468186  0.21980389],[ 0.11584351 -0.92247603  0.36826385],[-0.18999175 -0.38449336 -0.90336481]
10,202316.5771166291,59512.534189805854,85620.03889940036,1301.520438462958,3096.490260716539,3300.722304086901,2196.603602513954,719851.803446784,719843.2782560624,13159.733531219088,[ 0.40675053 -0.82840176 -0.38510327],[-0.21096249 -0.49533316  0.84269798],[0.88884691 0.26152551 0.37623872]
17,80266.22409747879,53803.928013175115,9007.6098543906,4132.0170096679585,3207.7521891478013,1854.6301815100214,3628.6483231208194,400724.1902895479,400501.23761280585,17344.71462389886,[-0.00352247 -0.15967704  0.98716302],[-0.56175441  0.81700266  0.13014852],[-0.82729655 -0.55408473 -0.09257715]
7,68102.92752861178,78755.0658373614,84618.86533447335,3683.023673231156,1275.4512918742269,2080.758420817369,454.107369528665,355150.97736194247,354987.37455231114,11625.066286594869,[ 0.1628524  -0.78417735  0.59878625],[-0.84604233  0.20125734  0.49366777],[-0.50763321 -0.58699349 -0.63067199]
38,164143.9571521612,191801.1677404501,130221.33667235133,5138.337175794605,5387.284661099282,2643.420003254243,3861.9734878151444,1751660.520397754,1751273.4982440798,42399.33278656907,[-0.24046549 -0.39589294  0.88625342],[-0.77994358  0.62232043  0.06637238],[-0.57780996 -0.6752674  -0.45842075]
80,128343.22957300759,199666.4606787644,126135.89254000895,9159.438687744982,3240.997858734383,4600.287936838238,4993.064095042978,2405814.24081604,2404813.5618961165,85149.59769352489,[-0.01060398 -0.52927086  0.84838665],[-0.8784197   0.41031182  0.24499601],[-0.47777232 -0.74264161 -0.46927289]
17,144973.62537152934,43699.23402925602,92268.69587625972,3633.84571408755,3940.4150235349007,2824.0968183349155,3668.9572460113923,731452.300715546,731305.8142456986,19848.258725935135,[-0.56224019  0.53633518  0.62946846],[-0.12383511 -0.80719159  0.57715388],[-0.81764958 -0.24654881 -0.52025268]
64,157540.67835768612,14753.215158666644,200177.3445771532,12353.854427083197,7491.8562653928175,3795.7859131228897,9253.310609755612,2044634.0343292626,2042778.1343614447,94219.93347416229,[-0.49758791 -0.74369307  0.44646041],[-0.60838093  0.66609452  0.43149825],[-0.61828708 -0.05690969 -0.78388926]
7,28266.10021938802,145343.9220526021,199191.33624488482,2420.4264983616604,1224.6139089817013,1752.168756452632,1359.8732331478407,656709.790539352,656683.0910597511,7732.771293694362,[ 0.51656252  0.65513141 -0.55133112],[-0.84863727  0.4773846  -0.22785683],[0.11392082 0.58558243 0.80256792]
2,42530.72198975604,125308.6098091474,25650.817469879286,735.7082151038921,665.3425641448339,2.1716801370912435,850.2449827644159,190630.8390275076,190629.46980698773,722.516047056937,[-0.25177306  0.27537193 -0.92778264],[-0.91489853  0.24485061  0.32094995],[0.31554875 0.92963352 0.19029058]
