N,MEAN_X,MEAN_Y,MEAN_Z,SIGMA_X,SIGMA_Y,SIGMA_Z,SIGMA_R,LAMBDA_1,LAMBDA_2,LAMBDA_3,EIGEN_1,EIGEN_2,EIGEN_3
603,115801.75098118625,14542.266935748847,60455.03097161428,12670.515653914072,12879.171523115208,24372.901276421064,15900.769680219726,3302611.12524307,3264776.138494532,615891.101126863,[ 0.30223905 -0.87668183 -0.37427332],[ 0.37539166  0.47037414 -0.79864214],[0.87620355 0.10088176 0.47126449]
282,14276.18308644212,47425.0489748989,162978.12184011543,9875.8556817273,14054.606395098808,9724.324452932196,10022.735180191117,2875468.980559747,2869720.7792211254,283698.5435042806,[-0.93413044  0.35622556 -0.02244279],[-0.34699506 -0.89159485  0.29095196],[-0.08363465 -0.27957462 -0.9564744 ]
803,18006.845513858225,144852.17576374614,26855.9931933019,12313.155224186374,12132.133471085483,10443.439760330513,12350.103799076314,4237536.427022864,4227327.552017954,452126.50317014946,[-0.48662468 -0.10182555  0.8676566 ],[ 0.86523952 -0.19334229  0.46257899],[0.12065235 0.97583314 0.18218862]
1728,23529.917105780536,42185.010834588444,34528.336776658245,13728.672539966185,18282.08837910369,24331.902284798412,17562.817590593626,2779472.266274265,2609229.406413472,1225950.8198188234,[-0.8978861   0.4330032   0.07942777],[-0.20192199 -0.5654058   0.79971482],[-0.391188   -0.70201461 -0.59510288]
713,92379.09238996154,43117.242406869584,78894.6842282946,16189.616233553505,16576.203808304384,15404.529320047463,17520.907208976274,3509012.2570082215,3487880.8069151402,567321.7581990665,[ 0.56409338 -0.7965005  -0.21768235],[-0.4100234  -0.49903274  0.76344426],[0.71671436 0.34139899 0.60808491]
689,18441.002133974085,109104.1472833558,87235.31306743466,10821.43667527073,11357.38094244373,18991.869477449698,15327.25497682017,3747562.935852624,3728266.705546416,500464.74075650773,[-0.88644054  0.37212692 -0.27521761],[-0.44418528 -0.51684636  0.73182598],[-0.13008693 -0.77096783 -0.62344687]
1912,171804.49654852657,98895.69607795199,77514.59198319295,15979.714324626768,21470.66965245011,30616.570592759206,19426.094401896895,9441418.653686814,9382091.910624359,1551966.492981772,[ 0.43203933 -0.88399783  0.17857732],[-0.4081773  -0.01509871  0.9127778 ],[0.80419731 0.46724712 0.36735109]
46,149606.14074036965,198102.81794109114,177448.3412746162,5608.50048991241,5369.93938383142,4999.967379688878,4091.138528177195,2070441.0813088738,2069906.4657754546,56164.09454432074,[-0.08510903 -0.62840085  0.77321978],[-0.86750434  0.42845068  0.2527177 ],[-0.49009455 -0.64926295 -0.58160549]
379,146916.33679866506,14320.807508911405,12811.586747457954,13281.758046339599,8859.98635534549,9846.676170061392,13161.670123663826,2902898.2860805555,2900599.281240897,259363.91687010386,[ 0.02241437 -0.79262903  0.60929206],[-0.12716393  0.60223466  0.7881261 ],[-0.99162842 -0.09514532 -0.08729511]
447,166095.38025446577,181891.2650376965,194178.3300847248,12259.029336103578,14046.152195678034,7396.281870002519,12585.658392287596,6641523.094152217,6640085.504052471,329258.29094451224,[-0.31313873 -0.54389039  0.77854183],[-0.78831807  0.6060168   0.10629332],[-0.52962134 -0.58045404 -0.61852595]
12,167445.07537450604,193700.58307517212,130691.18985425441,1615.5112880136346,1658.6332580473459,1822.081205834299,1842.0714001935935,995860.1492186799,995850.5652209854,7969.140605938752,[-0.40388088  0.72529623 -0.55751736],[-0.70540877  0.14112292  0.69460981],[0.58247636 0.67381726 0.45463347]
116,117004.94061334014,9432.766482467416,183434.82833599788,4324.02896258881,5244.874332666124,8004.92401545298,7085.908084364953,2347742.26439713,2347318.627588288,83429.58049033808,[ 0.48830798 -0.83040356 -0.26830065],[-0.68797151 -0.5554623   0.46707263],[-0.53688967 -0.04349209 -0.84253067]
30,138896.21744270914,89719.65899101246,78439.91350111942,2742.7852965190764,2040.518840214738,5094.3025056845845,2080.471954910675,1002894.2674468686,1002564.5739081755,31645.875118839904,[-0.46509055  0.86877324 -0.17007012],[-0.45581754 -0.07032304  0.88729084],[-0.75889469 -0.49019153 -0.42870866]
6,116333.0862982041,178062.58513014464,66624.51857778545,1485.3884872686292,1994.0261351141166,1769.5514913542356,1656.5603839499663,546003.9843698188,545979.769476995,6283.1802082579425,[ 0.80501486 -0.34552139 -0.48225102],[ 0.28200215 -0.49231082  0.82347122],[0.52194431 0.79890239 0.29887975]
4,2368.000206619941,190925.67315904133,59167.926090880675,757.9976236656659,2208.3595103212133,659.3830586400986,1935.3051669801941,399821.8459867129,399816.83367786376,2930.7264600585627,[ 9.99147358e-01  3.99540462e-04 -4.12843440e-02],[ 0.03955034 -0.29617172  0.9543155 ],[0.01184597 0.95513462 0.295935  ]
989,100246.47413407666,126292.52308473889,46770.609002990794,24311.086700960543,10142.34518929852,17748.000517201202,15656.469086401718,5349888.974793927,5327612.090421402,862556.9679705129,[ 0.00988396 -0.35971985  0.933008  ],[-0.7980772   0.55933031  0.22410353],[-0.60247414 -0.74682744 -0.28155581]
31,110125.65022122161,68816.67753612624,181389.15538116728,2990.442577614843,3198.933053001307,7827.401985177227,7605.926369809659,1243001.7892583017,1242859.032707033,26296.972596399963,[ 0.22021192 -0.94883738  0.22630584],[-0.84152257 -0.06746685  0.53599252],[-0.4933016  -0.30847342 -0.81332508]
6,95724.79290229913,201042.24890896396,168819.2972883139,2158.073230472595,2300.6980181210884,903.2417223575503,1493.8098572693007,684504.4224286267,684474.7513734634,7164.493439438732,[ 0.34210453  0.50338299 -0.79345451],[-0.87500251  0.47847385 -0.0737115 ],[0.34254212 0.71949173 0.60414944]
46,194789.32383973783,53800.901260580606,196807.7997236157,4617.513395039687,7670.1892299077845,6484.561213208258,7537.455432415414,1914434.1427816444,1914073.5084112894,54900.9965846993,[-0.72041191  0.09365506  0.68719386],[ 0.0659693  -0.97709446  0.20232269],[-0.69040186 -0.19108938 -0.69773213]
4,82372.14029268474,79089.28537817238,88276.54818557513,1710.7218957165474,1784.3652400130154,993.9846246092164,2105.2646623027726,288717.6157897563,288708.34765038494,3268.752598784558,[ 0.69693397 -0.71709247 -0.0078372 ],[-0.43422649 -0.43066673  0.79118489],[0.57072795 0.54800051 0.61152682]
66,40492.60786234822,49373.44450919861,101086.6820430443,5931.565207653096,3652.3154574664745,5556.361095862497,3339.2603383333203,973868.0073881245,971924.0605051097,66966.70123271398,[ 0.55371322 -0.81394845  0.17575436],[ 0.76091327  0.40883987 -0.50384617],[0.33824942 0.41272011 0.84572421]
32,141009.65024553204,197650.39666576794,159513.53025508762,5247.302955960192,3691.5803024355287,3827.541850684534,3314.7986143250364,1643791.8701777363,1643564.69520982,37805.34953727069,[-0.44506539 -0.34832218  0.82497785],[-0.75250839  0.64487022 -0.13369188],[-0.4854358  -0.68030439 -0.54912478]
925,126586.55530603285,170049.59669098124,95223.12404859929,22352.40708140676,21207.20405171104,13656.350237659566,27820.36544199987,7131680.944064979,7129572.337713599,570392.0819540472,[-0.65855699  0.67650421 -0.32961302],[-0.51665497 -0.08799433  0.85165993],[-0.54714745 -0.73116281 -0.40746854]
2,148803.18086710366,50895.01950194639,45761.7462261361,289.6662164333975,215.18153540480853,431.7628755225596,75.66621192304592,231633.95127971872,231632.60905772768,788.5471228389532,[-0.13279259  0.84863895 -0.51203327],[-0.39621049  0.42808401  0.81225693],[0.90850612 0.31073465 0.27939327]
55,132469.35880508632,80355.126741574,157034.95691504134,8212.332832961736,5007.961661397881,4315.919987259742,6567.977783296485,1637560.56158308,1637093.3964778152,60853.08962193349,[-0.31312039 -0.71191962  0.62859054],[-0.73544099  0.60054256  0.31380755],[-0.60090112 -0.36403171 -0.711617  ]
10,84969.21861528864,45982.526090443665,117542.2965311753,1250.052411450801,2377.658413840317,2077.787425870291,1499.9956785696513,481258.24770084856,481181.2804281522,9632.343429101624,[-0.79131341  0.47351719  0.38678748],[-0.24893636 -0.82732631  0.50354927],[-0.5584387  -0.30217982 -0.77255005]
443,192394.5370307155,139847.60218885785,35798.37805126834,8913.59285690581,11940.247255974273,18053.744065916933,10895.874810400292,5081596.734591265,5072478.094090052,438120.21872220794,[-0.59974921  0.7591975   0.25282413],[ 0.03304665 -0.29218634  0.95579028],[-0.79950535 -0.58158946 -0.15014959]
706,169864.6676047954,189708.23032224487,28030.18605888793,15775.748522255466,10329.79315792807,20285.9822478615,9948.743562500265,6838717.000862015,6819790.961117245,688161.3597970626,[ 0.65029271 -0.49781784 -0.57384387],[ 0.36929534 -0.45296359  0.8114462 ],[0.66388277 0.73959542 0.11071711]
103,141628.46127163724,134817.93506112296,199934.73724757196,9003.884227908855,8375.603961983854,3536.157619561656,6296.0207624564255,2840463.5008093403,2839664.971882823,112813.35497606346,[-0.51627855 -0.49419405  0.69944885],[-0.69045018  0.72337846  0.00146502],[-0.50669024 -0.48217823 -0.71468116]
83,179099.86639410997,6139.434179914144,32657.156650490106,8498.023637445622,4933.074431905542,6231.449964106282,8236.734550161635,1662448.7084498294,1661702.8107317293,74285.85225163106,[-0.0593773  -0.87111834  0.48747018],[-0.17212787  0.48995202  0.85458704],[-0.98328344 -0.03316413 -0.17903577]
19,78407.9987862005,49619.07203091881,6909.967955521796,4221.3791519371825,6730.733069051735,3979.644943266688,1979.778519287539,407313.88207137684,405792.6449422978,37650.58399091323,[ 0.15999081 -0.37986252  0.9111023 ],[-0.51453535  0.75559293  0.40537969],[-0.84241101 -0.53365137 -0.07456478]
394,108508.76331480472,95236.38268739598,47517.571654509586,10501.801525145478,11124.641136525071,19654.391437258866,16992.121396386225,3052903.5038298625,3040771.9591692076,355980.2255323661,[-0.61041416  0.7758975  -0.15930355],[-0.34917377 -0.0830672   0.93336891],[-0.7109657  -0.62536622 -0.32162845]
82,198868.69346590945,176802.75657928802,158647.61413333064,3833.768602746813,8509.85020947863,12072.206804288704,8752.117058019632,2808048.2077859086,2807218.5690990873,113186.94532029203,[ 0.4762644  -0.82006606  0.31727571],[-0.60149958 -0.04065306  0.79783807],[-0.6413817  -0.57082307 -0.512631  ]
9,4313.510689998054,170299.57005824923,113100.53962653161,1689.5052516111193,2398.122856957593,2044.8711603254578,2943.3190257116453,613526.2887303233,613513.9954088825,6108.275297277262,[ 0.25642333  0.53022857 -0.80814896],[-0.96633372  0.15890543 -0.20235664],[0.02112399 0.83283055 0.5531248 ]
147,85237.03095399574,84240.14737763007,105877.03354233941,8527.846906476252,10415.57528102305,10734.113792345952,5644.721167561615,1948435.7028129639,1941817.3291341045,195381.42323620777,[ 0.72397139 -0.68900831 -0.03365954],[-0.43796112 -0.49678805  0.74926076],[0.53296855 0.52770179 0.66141919]
1033,60269.273259250105,174399.4899442699,139265.16703220108,16641.393558305128,16375.323157182693,17850.354449645645,19620.536767261197,7477835.210927269,7469122.436996333,700388.8865209266,[ 0.14529949 -0.64814285  0.74752853],[-0.9546842   0.10650621  0.27791096],[-0.25974243 -0.754034   -0.60329644]
829,132163.92187065777,115543.43604602586,126036.8120034181,19182.754944279684,14019.007182234373,15571.859743718385,19712.94985566515,6268813.05345864,6254775.793218692,592544.8521442477,[ 0.68467529  0.00944036 -0.72878709],[ 0.39311208 -0.84678737  0.35834904],[0.61374477 0.53184774 0.58348551]
71,143575.00287726845,124070.94773572397,8315.774699230165,8678.137030849713,10175.953394601782,5940.376967097708,11213.958526086984,1604341.7782621996,1604078.5022914724,79350.06407644622,[-0.30985895  0.3001727   0.90215508],[-0.57711492  0.69468544 -0.42936058],[-0.75559632 -0.65368837 -0.04202036]
4,158955.50470437098,141551.32855902932,173296.33111909247,1008.8517946700251,1100.5214257430443,874.3408584175306,732.2078977148669,548953.3361344653,548950.2204465528,3135.794112851645,[-0.03563122 -0.75771968  0.65160671],[ 0.81445793 -0.39986016 -0.4204404 ],[0.57912753 0.51572545 0.63137831]
878,96979.38178384425,76865.69233912135,158340.28426622003,18779.533689234482,20525.561123228475,12344.89095913234,19620.785813070448,6005310.7543697255,6001150.50990888,682026.4048909118,[-0.15387216 -0.8451413   0.51191752],[-0.86170465  0.36830008  0.34902742],[-0.48351675 -0.3874161  -0.78493332]
72,30218.905371049776,98218.3593532011,32532.870690961052,5012.87301235119,4960.857445938597,6527.195902382536,5455.309560896771,917437.6228857366,916642.3163322889,66516.26950097314,[-0.69429219  0.40993744 -0.59153162],[-0.66317909 -0.0451486   0.74709778],[-0.27955653 -0.91099555 -0.30320826]
155,90472.9350146991,181833.43395157842,39295.50774678945,11756.283034083572,6941.7040965067745,4939.211576081051,5382.105875257669,2581489.229843353,2576663.8265825976,166906.07358738454,[ 0.19619353 -0.29936558  0.93374962],[-0.87761611  0.37114034  0.30338887],[-0.43737634 -0.87899664 -0.18991272]
18,144925.03658064047,52139.974160133235,79896.43990101253,4217.685880872024,4006.11968656058,3467.8545615284647,4056.8220504331475,736602.8476872089,736431.7851011392,22930.399654094752,[-0.51651831  0.14177573  0.84445751],[ 0.18824532 -0.94326969  0.27350684],[-0.8353278  -0.30023647 -0.46052745]
2,82762.20620454093,121643.74120467245,84444.85282549309,105.75376856896037,283.89780057144526,703.2241002056908,94.88736318051815,239909.5747350961,239907.168391461,1074.5249954421288,[ 0.8496692  -0.52082483 -0.08248481],[-0.20011454 -0.46319936  0.86336581],[0.48786926 0.71706893 0.49779085]
180,136503.06813399697,113610.1863655072,169248.66401663754,6756.911078743766,10004.822438216668,8386.637527246123,6006.10036379006,3296351.13692112,3293364.5977677624,179945.90622818083,[-0.77237047 -0.01821401  0.6349111 ],[ 0.30635307 -0.8863201   0.34725275],[-0.55640961 -0.46271474 -0.69014739]
92,15797.280199444096,95569.90541947422,170088.23047490753,6429.265103389168,3564.181848295839,6034.597659179223,5722.749985414857,1879359.0023565528,1878551.6286336097,72938.40613416958,[ 0.08048839 -0.8722073   0.4824687 ],[-0.99353235 -0.03130835  0.1091479 ],[-0.0800943  -0.4881334  -0.86908612]
585,98339.13835254403,180352.3889482693,188859.61031677728,15880.320630954362,15497.809164593085,11831.913672267023,13747.552294790059,6770871.094319425,6762919.089915817,510640.5897994006,[-0.30650995 -0.60341523  0.73616691],[-0.88444027  0.46644085  0.01408345],[-0.35187649 -0.64677894 -0.67665349]
2,39181.03439335302,20626.16402931678,125229.53871321667,1402.3681588045147,35.69777665730544,1304.7242173063423,810.8157227011543,187865.37563420107,187849.33916155586,2454.615804200543,[ 0.13611803 -0.98347155  0.11939675],[-0.94578248 -0.09312526  0.31116425],[-0.29490233 -0.15527842 -0.94282619]
169,198092.00270588318,43572.8618944046,153477.88831549705,5935.510098816217,12455.23412616917,11210.58958621336,9873.93291200273,3313034.488729695,3310671.8298549997,191876.31513128796,[-0.61076643 -0.01644492  0.79164003],[ 0.14560657 -0.98506732  0.09187542],[-0.77830784 -0.17138241 -0.60404054]
375,188564.35876284243,48810.61121291441,18979.88241286696,9131.320720159365,9354.318303414939,9370.446170546797,9684.876647072027,3799108.4201869075,3797843.871249125,248185.67321387236,[-0.26803725  0.90315765  0.33535397],[-0.00319556 -0.34892268  0.93714607],[-0.96340325 -0.25011841 -0.09641037]
7,72492.98329405738,67818.1397044582,2019.6656706598792,1248.512950015173,1396.6790262617783,911.4343715450676,1159.7587777947422,262750.4946435116,262721.34463846,4582.5821021450765,[-0.30442597  0.2983702   0.90459939],[-0.6117854   0.66665977 -0.42577386],[-0.73009825 -0.68303732 -0.02041002]
6,80168.80391257037,21435.939555374433,55743.009233356046,870.8456360221758,3092.907325970283,2973.371008578487,1343.531729747816,245107.69254334713,244894.88191457745,10224.329296778982,[-0.56148993  0.58930305  0.5809053 ],[-0.20429751 -0.7790069   0.5927991 ],[-0.80186756 -0.21417322 -0.55779768]
9,148768.86849666043,121728.13903659815,96799.81553151425,1147.5510444009478,3110.6190541398823,1447.6004908948892,2057.919708469636,645746.4534470927,645700.7868279672,8931.338609234348,[ 0.34324599  0.29073607 -0.89311518],[-0.63597048  0.77168353  0.00678739],[0.69117562 0.56566515 0.44977683]
210,42390.04061011428,72084.10788002264,118431.2953606276,6729.95852664626,6933.000672465698,9216.610921731102,7118.804465062737,2107191.139958939,2106105.6932861498,164118.1671881015,[-0.92037607 -0.08724004  0.38117852],[ 0.26048687 -0.86380584  0.431261  ],[-0.29164101 -0.49621431 -0.81775111]
41,30524.465920705865,171650.52238707422,104463.39753722619,4706.433167227196,6392.581359029116,4221.590445240996,6307.1768228023775,1302485.241143726,1302207.5502899634,41140.70104340734,[ 0.01509505 -0.52168279  0.85300598],[-0.98863474  0.11983268  0.09078264],[-0.14957774 -0.84468171 -0.51394485]
27,66977.92003866468,140050.29293004292,25339.958133794156,3496.2322975512693,3499.4752217284677,2520.6444806993554,3774.0742152053385,817753.1957264172,817663.6142952286,21244.98114238072,[-0.04681105 -0.15619637  0.98661615],[-0.90358888  0.42768012  0.02483655],[-0.42583549 -0.89033275 -0.16115746]
21,201017.6742463586,88276.97622337996,137724.25506791,1787.1841342986743,3179.444164916134,3801.9773688348264,3137.8067168426805,1187832.0120909642,1187829.425197764,19391.08393815766,[ 0.53097989  0.10333524 -0.84106015],[ 0.34141512 -0.93449971  0.10072741],[0.77556178 0.34063488 0.53148077]
34,115349.83795959681,201039.956790099,55350.0555190344,8664.922114721558,3245.1105821503693,6826.865206404809,5735.0804895478805,1390663.5819113532,1390368.5941963438,58203.793180661705,[ 0.5344059  -0.49553144  0.68473274],[-0.69255004  0.20770541  0.69082046],[-0.48454595 -0.84339022 -0.23218132]
235,123372.47522189203,18877.864527746588,109106.1096885905,7912.996716097264,10260.699904363135,14037.343544142193,11417.254959782855,2556123.8476867257,2549246.632726865,235159.83211280836,[ 0.5449087  -0.67285087 -0.50034609],[-0.38866684 -0.73142545  0.56031678],[0.7429755  0.11085356 0.66007492]
127,41996.01922345494,15131.20808905476,64272.01698457461,7607.632758528912,5192.9260247875,8109.7738434242765,7491.470350691134,891330.7980178867,887123.7483503158,110308.26712335115,[-0.04020993 -0.96583889  0.25600471],[-0.84408588  0.16994121  0.50856564],[-0.53469822 -0.19564057 -0.82208429]
61,50085.3170658855,29943.00770073005,124657.41579282861,5039.944938155055,7273.468124797152,5861.942180427743,7702.437560850035,1077720.8693076335,1077140.3922041813,57202.41047985306,[-0.88092348 -0.23448614  0.41108402],[ 0.30247148 -0.94702182  0.10798458],[-0.36398465 -0.21946735 -0.90517913]
12,20935.56207075647,28768.675956508403,97047.81620518146,2931.133321989318,2863.4887229951564,3800.9285845478976,4017.458004909047,358497.9608021955,358426.5550524437,13433.067800891582,[-0.21591145 -0.92240442  0.32023794],[-0.95523034  0.26748896  0.12643044],[-0.20228011 -0.27860321 -0.93886261]
25,195869.7438212213,24434.207338073324,16670.680406298772,3547.102052202606,5310.579384864053,3105.0901389377846,3843.238168093155,990976.7170449608,990748.1950795436,29989.65956019839,[-0.06818451 -0.12874934  0.98933032],[-0.13304427  0.98395461  0.11888037],[-0.9887619  -0.12351893 -0.08421982]
132,175659.76958401527,75575.34247665336,157286.55476886293,12688.80025791217,6574.099787771854,7156.482471652413,12837.532048104758,2850094.829523017,2849143.7156958333,108793.96491872298,[-0.18110541 -0.79188496  0.58319725],[-0.68054092  0.52900613  0.50696802],[-0.70997527 -0.30507495 -0.63471599]
201,165107.42955404345,152882.43545582183,147880.62338740902,7697.699475234873,6276.589681404803,6512.311654870347,7400.402255963978,3820143.9358176133,3819911.342525876,131760.10975089675,[-0.78532543  0.36431244  0.50054011],[ 0.0840819  -0.73826007  0.66925503],[-0.61334672 -0.56766936 -0.54914233]
178,193415.65301488884,182149.55858250288,109845.09219105117,6052.631176297309,5998.621995058021,7808.065938528382,7018.992392994949,3838088.121336958,3837515.6811161814,122230.0039557227,[-0.52775159  0.77289318 -0.35229874],[-0.51863139  0.03525707  0.8542707 ],[-0.67268101 -0.6335559  -0.38223968]
16,95099.57565309477,92270.88120495765,3437.088790412803,3633.566637041704,4116.513367195451,1759.4737699695054,3166.408031806018,530665.2841240825,530393.5704018142,19232.80179833024,[-0.11892504  0.08544389  0.98921998],[-0.6864464   0.71276181 -0.1440901 ],[-0.71738984 -0.69618241 -0.02611258]
101,62674.6676157431,56819.397321206074,64973.676538700056,4907.7577878942075,8693.99772528813,4996.458693154764,7584.057701571376,1077069.20226171,1075515.3057277512,82151.48139010709,[ 0.62748395  0.17519513 -0.75866367],[ 0.51224634 -0.82669347  0.2327694 ],[0.58640224 0.53468174 0.60847995]
3,91515.06679305075,62571.842695071704,169566.93915219486,1314.3487166635443,2184.0411374383466,655.4059799618478,1152.038040209129,350925.37068405043,350906.3386205076,4102.093204939472,[ 0.84068264  0.16666705 -0.51524246],[ 0.29863779 -0.93638867  0.18436847],[0.45173905 0.30886624 0.83697878]
8,196065.76421221838,135758.2990955654,92498.31514496167,1088.8347708388756,1819.0205341132882,2238.1041777877044,1311.1143571308528,723518.8410424121,723504.571502006,7892.108253332853,[ 0.64058636 -0.59143736 -0.48974581],[ 0.04604277 -0.60705307  0.79332631],[0.76650452 0.53074327 0.3616385 ]
11,53813.7792602022,6017.411853743199,116905.78724247549,4241.965111959894,2488.7723229343733,3077.56531519696,4292.702615958555,427659.4862596664,427621.9516800891,12939.733332474269,[ 0.07214657 -0.99723004  0.01808656],[-0.90547907 -0.0578835   0.42042498],[-0.4182135  -0.04670922 -0.90714702]
16,154164.71630446293,161772.06921123696,54306.397126375334,4657.608635623511,4159.773711727251,2889.8819103664887,5981.379233694328,920272.1819355688,920208.9365144909,13655.606069504505,[-0.73819211  0.60028156  0.30778962],[ 0.07479529 -0.38061692  0.921703  ],[-0.67043126 -0.7034151  -0.23607017]
113,66129.05569133675,12268.156179171416,156114.97176245943,6600.032706165062,6722.597884585817,7630.034078453872,6324.161946586491,1811091.868867632,1808663.2723370928,110766.6701734064,[-0.5059268  -0.81630932  0.27870623],[ 0.77035075 -0.57296345 -0.27977242],[0.38806932 0.07315719 0.91872206]
170,85435.57730749036,187086.7450079537,101625.42396557053,5969.029397866359,7024.753689605631,10268.752357784133,9287.750111257837,2995862.929235809,2994236.896383391,133251.0153269547,[-0.79195202  0.52818052 -0.30632881],[-0.48405415 -0.23731324  0.84224343],[-0.37216069 -0.81529612 -0.44360867]
7,184750.44215559872,202304.76202314094,41497.05372913774,2235.7286830914163,1798.8698753756407,2422.4282382692477,2267.036839528707,733190.4908296295,733153.212368099,7923.417137133929,[ 0.62637085 -0.65780055  0.41827981],[-0.40386129  0.185114    0.89589557],[0.66675004 0.73008989 0.14971016]
120,10189.981826817342,150248.3116347633,126408.26739590819,4848.500312486809,4973.092518123179,4650.941725075856,4187.818023942622,2155109.2969452525,2154939.9992532018,79324.34556235862,[-0.98329503  0.15154639 -0.10081957],[-0.17447262 -0.62690072  0.75931205],[-0.05186714 -0.76421802 -0.64286906]
94,27088.50570894645,6407.027774304532,116622.48519302263,7297.080707690644,3739.470977354274,9716.61583901431,9474.232747408108,1168599.519216461,1166437.2023115363,82516.47720987418,[ 0.26907364 -0.96307888 -0.00885766],[-0.93651511 -0.26377658  0.23100077],[-0.2248084  -0.05386088 -0.97291325]
30,111627.41405251366,73599.06377219033,8532.837545015635,5075.6210828821495,3177.2525896350035,4564.032936309674,3406.201690250772,734862.5587605253,734196.0369814738,36784.49375497102,[-0.39349949  0.50807412  0.76617155],[ 0.38778149 -0.66390445  0.6394188 ],[-0.83353684 -0.54871812 -0.06422432]
51,24823.568721274034,57010.792404377906,201343.61772164862,6773.926654398785,5561.758828753043,2446.3484009983217,2477.5172138443404,1505822.3230061557,1505459.9796310791,62577.96268523497,[ 0.38623431 -0.89887959  0.20697476],[-0.91484044 -0.34463029  0.21046836],[-0.11785594 -0.27063898 -0.95543944]
27,79687.03569844921,143797.70695418262,38791.26817756803,4166.844926203373,3041.829317118907,2603.6351990981193,4024.4765141557737,878149.5041787154,878038.6377805081,21528.7705390427,[ 0.29411677 -0.39755103  0.8691654 ],[-0.83112582  0.34265239  0.43797171],[-0.47193771 -0.85120063 -0.22963511]
19,36603.33210919201,131921.47791612623,3768.4128155369244,4190.745584951947,3756.586252050009,1987.1086408347187,3439.670426449766,597525.970573322,597193.9610320269,21270.69593484885,[ 0.31545116 -0.11449526  0.94200924],[-0.91058566  0.24285711  0.33444607],[-0.26706613 -0.96328151 -0.02764818]
35,79157.70922825212,120829.54689016475,103992.31617708197,6021.177358167315,5831.185030131987,4146.656680519675,7182.86669939625,1054339.3492785867,1053959.1354585402,35623.19836840221,[-0.49106775 -0.36048058  0.79303608],[-0.74887565  0.63975367 -0.17291761],[-0.4450143  -0.67879967 -0.58411752]
200,125985.6861936403,164056.6869111504,158317.51650101354,9664.381950370114,10186.928453513432,5879.591508469887,10848.80110801141,3688941.8058285657,3688108.667615904,151097.43315792648,[ 0.12698048 -0.73711821  0.66372638],[-0.86590234  0.24401548  0.43665728],[-0.48382754 -0.63016918 -0.60728718]
186,103835.31134856216,191952.27029141135,13676.785347567646,6617.46492934243,7170.895722960609,7689.188663584316,6341.876630009522,2985907.6353462106,2984549.5601809523,145693.98997514756,[-0.64260944  0.39415059 -0.65703761],[-0.60144512  0.27176882  0.75126925],[-0.47467555 -0.87794477 -0.06241874]
60,22138.203489443797,137104.59251394143,200881.036283921,15317.655212860034,8029.930381031655,2756.5120457537023,5004.939190445608,1896209.2200557026,1892391.9264841028,130244.55554287306,[-0.26835994 -0.7815242   0.56320766],[-0.95911368  0.27133359 -0.08049239],[-0.08991041 -0.56178111 -0.82238562]
25,19713.72342773067,150942.60212472177,189419.10109854807,3635.505523378714,3842.4666591694768,3940.960061185182,4220.762207476313,1215430.4394919714,1215258.199663964,25431.87302126257,[ 0.68106211 -0.60552946  0.41168978],[-0.72772131 -0.49748611  0.47215385],[-0.08109312 -0.62116152 -0.77947564]
10,188172.61889509973,20178.558558237706,201571.42478880688,2342.4631020292354,1355.5354279542532,1673.521385063462,2201.3370639561845,874389.8165214731,874377.0251852445,7261.7240551909845,[ 0.31013134  0.8728013  -0.37687722],[-0.66379051  0.48259148  0.57139096],[0.68058851 0.07296128 0.72902396]
192,12473.741725389147,52704.385463696846,133190.4880519474,6495.395137452425,13622.81962616934,9254.740837852401,9226.037240874039,2005165.0556020525,1998818.4664136434,206987.74414658727,[-0.99420774  0.09215645  0.05530058],[-0.06498141 -0.9252758   0.37368718],[-0.08560597 -0.36792918 -0.92590482]
11,168312.7123548655,52450.887035749394,149930.59487584725,2914.9897517203535,1656.5507429220677,976.9558670362871,1644.8788248231797,767637.0493570192,767597.1553199249,10204.404134293012,[ 0.15116994  0.86781995 -0.47332461],[-0.66944024  0.44218718  0.59692567],[0.72732208 0.22662533 0.64779901]
63,139270.18838527726,40304.19205692867,9703.061459894649,4832.461849804198,3569.218097717937,5134.575084498153,4875.010063586116,1154826.0012512228,1154241.3255006473,49329.55708519917,[-0.28403934  0.90717866  0.3104006 ],[ 0.02604786 -0.31631399  0.94829688],[-0.95845874 -0.27743889 -0.06621555]
61,191458.36192301015,68574.51469090988,125953.27611728033,5323.371015825754,2898.070607197184,4310.401692769162,5418.432275651386,1869068.2243910374,1868943.9051620143,39834.88166461501,[ 0.45949804 -0.85736082 -0.23193528],[-0.38494798 -0.42757654  0.81792014],[0.80042277 0.28654969 0.5265099 ]
27,63931.27278476089,17123.59944007288,134443.4131847708,4819.312993379942,4980.297548409701,3387.3295361352725,3191.620281083123,779513.8063201227,779000.7193684645,36385.898334361584,[-0.63971795  0.73943303  0.20976114],[-0.63928881 -0.6633926   0.38887027],[-0.42669751 -0.11466934 -0.89709541]
240,82706.69417576212,39640.81754872234,190343.9351973221,7685.524850919311,15550.31990433346,9163.316452494702,9815.9554252711,3285906.422911038,3278340.187796882,261689.30178610442,[ 0.81230727  0.38941191 -0.43418344],[ 0.43308387 -0.90135174  0.00184272],[0.39063442 0.1895347  0.90082259]
96,82192.38099527032,163680.9577453791,27115.855112130626,6049.067528659391,4239.696149378312,6972.886228756662,4998.896258514395,1816162.2342457087,1815506.2899500274,86647.14470394365,[-0.8245079   0.33912857  0.45296637],[ 0.350599   -0.32216032  0.87937084],[-0.44414756 -0.88385776 -0.14672559]
21,190294.23096688022,156903.98924415867,125939.37055056632,3507.1665751412656,3564.1671946597467,3584.452877083671,2101.5169817338065,1269291.3691631919,1269184.5363139508,26495.673710375286,[-0.59626506  0.0821765   0.7985706 ],[ 0.41504    -0.81993428  0.39427094],[-0.68717522 -0.56652872 -0.45479163]
359,149496.57626850373,16237.41925818156,168637.56599387372,13191.086340259568,6890.205097429376,8762.591930086679,11128.367035835268,4292042.669914851,4287645.972742089,252185.73579400664,[-0.23415649 -0.92585459  0.29658727],[-0.71166266  0.37107504  0.5965229 ],[-0.6623496  -0.07139038 -0.74578577]
67,54208.84864633733,14369.854238578784,188870.66751497326,6074.7889781736085,7941.83697045469,5032.911216843697,5142.990191623421,1615008.1022988255,1613514.3873410258,81355.86953758505,[-0.81700462 -0.50792373  0.2729779 ],[ 0.50665195 -0.85836024 -0.0807558 ],[-0.27533116 -0.07232692 -0.95862483]
4,123225.10162672073,38088.03236426603,80934.0771570842,792.1170972758634,546.0104289808318,581.3426068583389,667.9064168988117,304542.5397295066,304539.44995201065,1806.380758064125,[ 0.33671185  0.54392647 -0.76861507],[-0.48135861  0.80098877  0.35596471],[0.80927067 0.25012195 0.5315261 ]
15,74396.21776688617,60309.9768597012,91183.46636898915,1998.0789421053116,4717.017090042923,5228.245209008835,1983.3020602294212,512873.34899658593,512270.3046800699,27254.87733573848,[-0.80091088  0.50753155  0.3177318 ],[-0.20525715 -0.73118407  0.65056849],[-0.56250446 -0.45583066 -0.68978775]
10,28738.313614375184,156273.38236529665,147441.80753977076,1741.7692530625113,2132.952083852981,2245.9250955189605,2245.2323005513817,685534.2700050368,685526.1149946367,8729.553931161334,[ 0.95117431  0.10047102 -0.29184415],[ 0.27874239 -0.68567773  0.67242005],[0.13255231 0.72093801 0.68020458]
160,189995.4493820102,31421.66896008216,124239.60841242554,6123.338009879283,8075.643001653246,8556.010381356815,6481.017965992233,2902252.0525507573,2901489.390276445,146043.85525755424,[-0.53431552  0.48011849  0.69569617],[-0.16543677 -0.86651227  0.47094284],[-0.82893763 -0.13653835 -0.54242021]
46,155391.0471800495,61570.08749533233,10048.830360777698,2511.746161806578,4930.434878162273,6282.916166260256,3269.0770931928505,1136856.5230070746,1136123.1983682138,52414.234745788024,[-0.35066625  0.80687496  0.47537983],[ 0.12653384 -0.46213658  0.87773514],[-0.92791291 -0.36794372 -0.05995871]
18,11289.34277201083,132605.6526256214,178027.1367231206,4825.081694886801,2157.235347644972,2388.2677255119174,2333.3290820073744,943305.5647071692,943117.1146254266,22561.740368399107,[-0.02484817 -0.80097606  0.59818051],[-0.998407    0.05020356  0.02575019],[-0.05065608 -0.59658776 -0.80094757]
160,40833.176971924826,80538.98155559089,184160.8104762151,5137.481094360272,11716.920446820832,8375.910707493254,8858.559915927413,2600676.1573386947,2597883.7884733267,156257.51137189436,[-0.97779279  0.14191591  0.15421132],[-0.06672691 -0.90835503  0.41284218],[-0.1986675  -0.39338406 -0.89765261]
5,203366.78519504904,74930.2150623616,107988.63800437535,935.5448262165552,2228.1098806481054,2798.291249964535,918.5250448397629,541509.835847863,541461.8512602162,8011.660608598047,[-0.52078905  0.69099326  0.50130538],[-0.15305633 -0.65328712  0.74147805],[-0.83985268 -0.30942568 -0.44598567]
14,74948.12973530123,180679.6924548953,183676.43979072964,1601.312591343794,2359.4866706820535,3175.8568851996483,3073.6811166869534,1004108.4905181318,1004060.3634561524,11065.121770705333,[-0.94351067  0.06015836  0.32583522],[ 0.17821193 -0.73689466  0.65209414],[-0.27933515 -0.6733255  -0.68454704]
14,8524.853462900623,24193.13684796073,115844.05325354783,2695.5312101571476,2788.4281026383624,1758.7274187835592,1791.8537953101236,444209.5066387634,444020.9453363279,14498.092465151765,[-0.72426254  0.68369287 -0.08948643],[-0.68576525 -0.70068926  0.19687707],[-0.07190127 -0.20395737 -0.9763358 ]
3,3462.0852053378635,89481.9710163424,164360.24915463943,449.4391045992299,254.62329538417893,2647.9827794421662,2424.601331184789,324224.1553129091,324218.9840948908,2055.079263418433,[ 0.96707253 -0.23152607  0.10567124],[-0.25382884 -0.84729191  0.46654831],[0.01848371 0.47800847 0.87816073]
37,56311.973121428455,115398.92556006255,37956.68027941777,3153.792993177933,8744.276672417154,8105.622741828128,10197.231714065363,817692.0350627758,817055.7996008672,42148.81735687222,[-0.74033129  0.5066572  -0.44182356],[-0.5257329  -0.02677482  0.85022822],[-0.4189445  -0.86173174 -0.2861886 ]
3,161084.21505901334,102613.1060712355,5633.648854150543,540.3615274791974,370.52816643750566,974.3021788126849,409.800850818417,330955.3775756341,330951.73181286745,1905.731230762992,[ 0.5283698 -0.8167206 -0.2319328],[ 0.10048016 -0.21110538  0.97228507],[0.8430475  0.53703071 0.02947749]
38,119900.35010151533,200590.65141011952,125869.31987639172,5613.278981772861,3893.2082117794157,5480.455836173378,3288.3307638303704,1636863.38806621,1636661.5402483926,49865.06791565558,[-0.51695298 -0.21160437  0.82944753],[-0.72711947  0.61987959 -0.29503656],[-0.45172657 -0.75562748 -0.47431025]
26,111647.22255776776,84240.80139348775,134677.63035526942,4493.663748409029,3711.10345114876,2934.8437256091647,3010.1402187614635,990539.4975473225,990231.3308088377,29509.5447024045,[-0.40523455 -0.58551706  0.70210735],[-0.71069708  0.6848443   0.16092838],[-0.57506053 -0.43377191 -0.69364784]
126,173977.0814804501,8239.2281120003,106697.65571618824,6163.686310555479,5229.722535260578,11116.69395076005,7901.5528641083765,2297698.027652823,2294702.4432890117,126681.74689155915,[ 0.25118367 -0.90647113 -0.33943609],[-0.46063212 -0.42036865  0.78173413],[-0.85130771 -0.04000369 -0.52313946]
107,153318.01853969286,15027.314156030207,197084.37559039434,10073.234472052709,7228.035045914138,5477.825112423337,9345.476819117093,2590849.281701009,2589836.5786124826,102483.33943035665,[-0.57937808 -0.64345198  0.50029051],[ 0.53668386 -0.76313707 -0.35998922],[-0.61342601 -0.05992798 -0.78747519]
9,100046.1712957328,2193.3604629382953,192354.29848447535,1081.5536217242245,1348.1709468651434,1403.021413126947,1224.283152083978,650507.9524187215,650502.5433847302,5574.024328936929,[ 0.67742839  0.64166412 -0.35966365],[ 0.57288958 -0.76691874 -0.28919401],[0.46139821 0.01013933 0.88713521]
18,155760.6315208888,155056.6737264499,31576.546024891064,4757.731010170763,3833.6439217255975,2404.3774655875072,1945.1321497817116,942388.7888775171,942115.494517931,26659.93746106882,[-0.03340834 -0.16712897  0.98536886],[-0.71183154  0.69604206  0.09392187],[-0.70155523 -0.69827885 -0.14222129]
163,68870.56453429708,81774.82798239264,31290.447861626166,6630.343284346929,4292.470633045896,14673.46193536528,7472.632522664024,1436422.5344144688,1427109.106170422,189825.14873863338,[-0.73248063  0.6683041  -0.12977579],[-0.28628523 -0.12942316  0.94936316],[-0.6176673  -0.73254302 -0.28612555]
123,77973.58724971999,128964.71637917691,134096.17036672408,6438.373605172848,7337.168433632831,12006.382863346407,9902.082964045981,2242877.2245285525,2240854.704807471,132628.22313931817,[-0.91031435  0.14783607  0.38661644],[ 0.14839326 -0.7553904   0.63825135],[-0.38640292 -0.63838063 -0.66570485]
10,56743.50413095633,139375.11783413548,167567.3282285594,3015.8472184511274,3024.6395055064704,2036.994266979188,3618.91252353222,712359.058994534,712307.0486220729,9605.544035069548,[ 0.51450307 -0.73680533  0.43863937],[-0.81961051 -0.27220602  0.50412547],[-0.25204206 -0.61888754 -0.74394423]
22,125138.90265230075,150302.8620037358,171543.18019979217,2417.129412216653,2094.5292772182033,3195.3142428233964,2653.230531433082,1220354.0551658059,1220312.6401994866,17138.632566161017,[ 0.75415542 -0.65622748  0.02480112],[-0.44706143 -0.48537926  0.7513608 ],[0.48102565 0.57773044 0.6594254 ]
3,135609.4118151466,43439.3212150014,202285.7219434703,1728.6442674108343,1905.8727942818787,949.694854653965,1192.626713736443,428499.43782724,428478.08196356095,4278.196945323382,[ 0.61071174  0.58395734 -0.53481304],[ 0.57141529 -0.79256739 -0.21288846],[0.54819316 0.17558687 0.81771237]
4,198226.08738409,87214.17715483467,152099.40385877402,2410.593510279481,508.2620811902165,1489.4555528040476,2290.1782501398457,529307.1549266354,529302.4780672403,3479.8238709960506,[-0.3328781   0.93726674 -0.10355305],[-0.57279959 -0.11374746  0.81176483],[0.74906128 0.32953388 0.57473004]
34,72716.47975714522,139501.92875881848,200157.69167248084,4121.16892872844,4410.524173045464,2891.344443298939,3750.4388550529893,1484861.539237609,1484713.3687369432,32338.321009514675,[-0.57994704 -0.55424727  0.59705225],[-0.76293773  0.62648404 -0.15951102],[-0.28563516 -0.54802164 -0.78618372]
22,35110.270821667786,126461.91727845106,124928.49292693376,3802.7607137760738,2727.5918171184944,3322.0214663852225,2840.5741231972675,850256.0791594953,850057.9436289965,23329.055280191384,[ 0.39628971 -0.69853008  0.59582731],[-0.89749157 -0.15791935  0.41178921],[-0.19355449 -0.69793782 -0.68950667]
7,65186.38043763731,175795.16812638054,101933.50968226512,2255.789042235221,2296.6792148385716,2202.0555401556903,1619.581636951012,564692.9156120939,564675.0748765711,9379.989752918566,[ 0.80540005  0.04408749 -0.59108972],[ 0.50797273 -0.56522354  0.64998927],[0.30544143 0.82375885 0.47762631]
68,194919.8492523977,131304.16727804436,155284.97239048433,5619.897313259233,4022.0319519670156,5122.9729996736905,5533.770258057558,2323726.4745983677,2323518.219085472,54266.4195837167,[-0.70127232  0.61508939  0.3603917 ],[-0.17111566 -0.63598773  0.75248856],[-0.69205243 -0.46603073 -0.55125202]
77,21615.123792815684,155494.08819329223,87361.07659392638,9584.240719170628,6801.3179679181,4060.4747372884117,5978.865016726949,1579949.543420818,1577802.2409941356,94107.07164716885,[-0.06334694 -0.48202047  0.87386694],[-0.99084508  0.13497826  0.00262657],[-0.1192191  -0.86570037 -0.48615807]
2,79064.34749407589,17763.49560649546,44003.59983851934,267.3814677909395,656.64848075187,724.707969947016,701.562965150224,130415.16400551588,130411.05683326807,1035.0160461196474,[ 0.2373958   0.6746725  -0.69889932],[-0.45664063  0.71252446  0.53271777],[0.85739289 0.19268086 0.47723319]
2,187106.26665759302,15860.629546653618,46305.33326116676,360.30330914317165,1107.7504495373587,480.2908907844612,554.4026692929037,273518.1386652776,273513.4580379791,1600.1409389850785,[ 0.19959343  0.3344215  -0.92104545],[ 0.15561851 -0.93884732 -0.30716215],[0.96744268 0.08202418 0.23942993]
34,134313.26640937777,180928.40618520966,51020.22843828818,4325.923199245373,3471.3344354846063,6293.669575769816,4565.68750624895,1347916.0575325857,1347572.7111106366,40908.352944440245,[-0.75884386  0.42372683  0.49458222],[ 0.29351842 -0.4554024   0.84050912],[-0.5813802  -0.78298418 -0.22120769]
34,106012.83194303032,126991.07619645086,128194.87222388995,2324.4866673176807,3816.9146380181146,6740.2048676141585,6019.341006233252,1221131.1945557427,1220925.6193595377,31375.0117609969,[-0.68176765  0.71677358 -0.14638481],[-0.52811158 -0.3437383   0.77649349],[-0.50625195 -0.60669565 -0.61288608]
4,174276.22645191092,54184.77071228974,5146.581719484247,732.1028652218877,329.89830132988334,773.6241188577413,734.6572650254893,365162.23028302536,365159.02097385435,1679.1918202106453,[ 0.28682281 -0.94003948  0.1845493 ],[-0.08125452  0.16807715  0.98241935],[0.9545315  0.29677574 0.0281741 ]
