N,MEAN_X,MEAN_Y,MEAN_Z,SIGMA_X,SIGMA_Y,SIGMA_Z,SIGMA_R,LAMBDA_1,LAMBDA_2,LAMBDA_3,EIGEN_1,EIGEN_2,EIGEN_3
22,196623.73841254247,196143.50102641498,66967.08297052287,2648.53832182161,5017.305213787718,4272.095743903283,2931.8461536126915,1340338.1231436841,1340140.1500371243,30310.804425553983,[-0.64929844  0.43882334  0.62116472],[ 0.32369955 -0.57962128  0.74783539],[-0.68820791 -0.6866391  -0.23430027]
659,50917.22380514453,167550.56804498294,134131.55154082153,14823.66426617312,17490.550383485646,9621.362510099547,12967.993034921545,5685879.3459819555,5684693.723012355,547564.4850704301,[-0.02835581 -0.61751901  0.78604467],[-0.9727289   0.19814363  0.12057196],[-0.23020522 -0.76118945 -0.60629711]
3,166483.62942350432,48098.45015998239,108050.96952785495,2303.766386322711,816.809064350985,475.9910678619764,2192.054152876717,353743.3765670996,353737.60406623414,2041.6286088659087,[-0.35125851  0.92743581  0.12837552],[-0.46041992 -0.29049031  0.83882589],[0.81524902 0.23553809 0.52904711]
719,187817.71014838348,153496.23633203638,42323.61342875181,12638.216303688321,25344.22938744393,16697.14255396955,15569.2585464886,6650185.134526014,6625928.19856216,780550.0982843917,[ 0.05157133 -0.32496603  0.94431852],[-0.64775417  0.70880781  0.2792956 ],[-0.76010192 -0.62608991 -0.17394394]
463,68923.21308728817,189433.595353382,175566.6424142571,19422.802040421328,8180.253819652326,16028.766176915717,13020.316423032242,5775322.230085885,5764006.099574556,492194.63442155794,[-0.35721936 -0.56279818  0.74542105],[-0.89752907  0.42773366 -0.10717035],[-0.25852639 -0.70732038 -0.65792247]
6,175687.85022171377,187670.6853419649,116322.05733047596,158.52341232821863,2214.6178869217642,2687.021080301468,1981.5638618509113,691205.1868402888,691187.164471856,7030.275435085502,[ 0.77542506 -0.5952249  -0.21076835],[-0.10520836 -0.45091325  0.88634555],[0.62261319 0.66511996 0.41227207]
1743,23708.42395146228,40181.10649934073,38142.26292726579,13537.765479445716,18042.53649959853,26381.419794081976,18268.60156853445,2853415.361568372,2663536.5780617436,1273844.1912544835,[-0.89731587  0.42843728  0.10614012],[-0.21736128 -0.63820529  0.73854457],[-0.38415922 -0.63963701 -0.66579741]
88,64929.91160927324,81148.50539885258,16496.073063509328,6207.182211656076,3796.4301536123207,6158.691543048334,4563.735272896537,990556.5293724216,988689.7616453826,78410.46813939132,[ 0.57014136 -0.57557919  0.58621449],[-0.5416095   0.27319587  0.79499884],[0.61773617 0.77076106 0.15597889]
1126,131659.53106940174,115413.31804066627,133397.17655315867,18572.981345095588,12980.148294861681,21490.561823305587,19883.9233175576,7440539.0715703545,7435142.887584215,813099.509904149,[-0.79377843  0.48710894  0.3641987 ],[-0.10639028 -0.70077964  0.70539989],[-0.59882962 -0.52118402 -0.60808741]
9,88486.83643404131,3022.578821321614,100874.40462509278,2734.7186621803053,856.3008336698515,1088.5012816897638,1951.2913738611169,402753.56184004195,402707.1604845136,7091.125500040901,[ 0.09339516 -0.99425931 -0.05220894],[-0.74596539 -0.10460883  0.65771775],[-0.65940351 -0.02248159 -0.75145299]
10,132322.90813368632,145972.97608814324,194595.1710135529,3098.7133385039565,2753.1024690876025,1542.748027978327,3359.7503668322324,875795.1998605601,875777.4756875476,9091.825773024284,[-0.02907876 -0.78998177  0.61244039],[ 0.87794704 -0.31310193 -0.36218252],[0.47787386 0.52715841 0.70266677]
571,143205.8627589047,15472.531955284701,175775.31681017185,16053.431865724735,7783.064815109893,13356.376158514366,14115.044517618791,5453186.435599294,5444213.33129161,410216.3161824036,[ 0.03815988 -0.99767854  0.05640357],[-0.77506239  0.00607673  0.63185549],[-0.63073141 -0.06782782 -0.77303122]
35,28200.9185425789,58199.03613790944,70481.0024588699,4346.932448365041,7262.334661943901,4613.340920034952,4081.133772428767,568268.0907787858,566867.1740422803,52314.370617848996,[-0.95427528  0.22560008  0.19612062],[-0.04649128 -0.76010141  0.64813919],[-0.29529181 -0.60938531 -0.73583442]
72,198535.42847788215,177144.5478899509,163341.54007007694,3488.9598784006344,6629.423258922093,7835.0494479658055,6126.679235761078,2650358.6519079944,2650185.3840757227,75637.24163496251,[ 0.19358248 -0.77349577  0.6035148 ],[-0.74730865  0.2823072   0.60152509],[-0.63565369 -0.56745655 -0.52339035]
228,165768.7808784646,152831.1386488395,148943.49794956585,8532.868768718552,6353.454260637654,6829.277370000141,7230.496222532797,4083386.825442811,4083111.787760021,156575.36398676786,[-0.7671282   0.26186474  0.5856118 ],[ 0.18678118 -0.78215594  0.5944282 ],[-0.61369953 -0.5653839  -0.55110247]
144,40324.71183370604,77147.45809647362,183643.47268477417,4702.002039468185,12380.533657163174,7619.4893516473985,8507.546334230638,2444884.8289590534,2441765.0751584056,150803.04475316213,[-0.97633944 -0.00513537  0.21618264],[ 0.08690637 -0.92474759  0.37052554],[-0.19801159 -0.38054635 -0.90331384]
364,109857.51403942806,96423.27700246719,52125.808775287405,8430.659849267542,11579.680123169848,16388.740247068385,13725.629165347878,2987996.8839254887,2974333.6451326106,320458.4397094446,[ 0.43214297 -0.75722038  0.489765  ],[ 0.56274432 -0.19794751 -0.8025806 ],[0.70467814 0.62244204 0.34057984]
29,108867.38461221299,69539.2337794083,183122.23299646447,4776.583334748664,2625.0402980257622,4478.536147115869,5309.302447458618,1207369.6776676925,1207216.9300407644,24955.991056073497,[ 0.02984532 -0.94020347  0.33930325],[-0.87352812  0.14046649  0.46606629],[-0.48585788 -0.31030083 -0.8171019 ]
1675,170185.2696272981,105367.44378783045,58015.56082561372,16510.014043846164,27219.67358757266,24588.111953377218,17689.48317781063,8645918.409645073,8602628.5290517,1468905.6050938377,[ 0.45675926 -0.25982088 -0.85080203],[ 0.35754386 -0.82213126  0.44301532],[0.81457557 0.50655039 0.28261871]
96,14289.157900412572,98533.42886237625,168716.9556018555,6822.0474463683695,7563.95581504731,5554.816731439303,6430.451442532111,1922072.3963977906,1921221.7036383927,95121.32775706523,[-0.62445809 -0.650378    0.43250497],[-0.77771562  0.56892923 -0.26735359],[-0.07218382 -0.50331699 -0.86108159]
1565,18170.51435007753,129252.51123789929,55634.39529872459,11554.400190469674,22316.94495269096,32231.71461849157,14475.731874217052,5823608.084245267,5661633.326523748,1507233.642219458,[-0.99174801  0.11901037  0.04766979],[-0.00221086 -0.38765323  0.92180263],[-0.12818342 -0.91409053 -0.38471744]
20,193175.11477241677,201385.76436468487,81520.26696446243,4002.413763602903,1838.4289326855567,2979.050699462746,3159.951641403988,1300313.7582492903,1300263.8134581042,19112.822881426408,[-0.4651075   0.67706303 -0.57031628],[-0.58487797  0.24858123  0.7720914 ],[0.66452447 0.69267093 0.28038226]
474,162124.41267325077,193043.35787025842,12868.591946206732,13889.262348687194,8270.18111731601,9034.64771050274,11279.132045709292,5507466.835486378,5503911.428365589,319870.70160543115,[-0.31682135  0.20420319  0.92624256],[-0.69723697  0.61191258 -0.3733947 ],[-0.64302786 -0.76410998 -0.05148896]
33,7302.0292359995565,179035.0796610778,191295.9035219648,2290.9997138753665,5508.339536593486,3963.452116168233,6134.740364074677,1506206.5129368647,1506168.8013589208,21198.646331197564,[ 0.95959076 -0.22275742  0.17194391],[-0.28002039 -0.69547902  0.66173825],[0.02782373 0.68314571 0.72975186]
130,191319.921664603,30919.321385155836,122855.14996236296,5697.427555449679,5630.6837685325445,6588.215443926783,4638.066287142756,2618138.929828012,2617609.474009456,105548.94925408128,[-0.00105938 -0.96940404  0.24546828],[-0.55208427  0.20523562  0.80813446],[-0.83378765 -0.13466305 -0.53541015]
93,126238.47577983962,7732.401168446689,124285.93258183486,8168.047372983958,4818.939291576738,4521.831885000114,7259.052848472275,1712408.6648232418,1712071.276860247,73392.05705442304,[ 0.01862619 -0.99888152  0.04346005],[-0.70149918  0.01791668  0.71244501],[-0.71242682 -0.04375733 -0.70038084]
25,35488.00109351254,10886.978928001778,151129.68125208784,3028.151393709715,3405.4517575116142,4019.349213437116,3898.9326185030195,778552.5569913514,778499.5761865987,23359.76816601342,[-0.89766245 -0.37127626  0.23739433],[ 0.3771413  -0.92589494 -0.02197706],[-0.22796177 -0.06980323 -0.97116473]
393,188739.55699050936,56473.19415161368,155712.71222680242,13426.410560162743,17867.756015378633,11565.035262350066,11521.988033189438,5000393.267833337,4986257.309903325,441447.73503726936,[ 0.5062717   0.40716283 -0.7602022 ],[ 0.42265191 -0.88554236 -0.19282137],[0.75170095 0.22368091 0.62041319]
18,66471.674005208,103661.73596587195,142660.71270393266,3203.2777640333193,3090.8163664690783,2811.0610479246766,2714.9985831632375,799838.4677611912,799673.0009057279,19150.57633234981,[-0.69073929  0.69878658 -0.1859477 ],[-0.63122402 -0.45724704  0.62648334],[-0.35275412 -0.55011131 -0.75692937]
87,104260.43026133017,41866.83856296319,26236.477669408,6952.176320862475,5218.8989398633,8090.389772738604,6455.0692970940645,1080906.997513739,1078757.4948099565,92994.56719145204,[-0.42697558  0.74114171  0.51807414],[ 0.0180015  -0.5658439   0.82431585],[-0.90408395 -0.36128886 -0.22825987]
41,30334.47539813376,187906.11711963316,195026.53312172423,7516.129693315716,3430.163998337826,5736.978299125496,5154.115709625595,1745963.9798614122,1745420.954329012,55488.854000392326,[ 0.06902972 -0.72383858  0.68650754],[-0.991409    0.0268615   0.12801036],[-0.11109946 -0.68944627 -0.71576584]
1029,94335.25042620023,76233.44339065866,159831.92101885233,19482.479275260313,20595.421227526374,12078.946367259332,18118.929329667124,6491276.509134231,6483368.141064056,795214.8202710798,[-0.07420668 -0.87942421  0.47021955],[-0.87905767  0.28033874  0.38557463],[-0.47090443 -0.38473789 -0.79386761]
474,13067.34012697223,47053.00095482262,154712.26870617975,9042.126564399427,13864.614051210701,15168.219201915197,14702.62453321341,3560524.421490877,3552308.146725914,365482.791300588,[-0.99655174  0.00579055  0.0827714 ],[ 0.0184178  -0.95723832  0.28871367],[-0.08090377 -0.28924258 -0.95383086]
449,144973.57209677275,19301.674537073464,12281.725198440156,13628.125756807067,13361.381269373813,9938.525101892143,13107.074261156024,3136279.81369746,3129123.671411752,362917.65217082994,[-0.08070876 -0.0313237   0.99624541],[ 0.13053241 -0.99123019 -0.0205912 ],[0.98815352 0.12838042 0.08408972]
112,23223.804515008367,135742.13603366734,163950.84591576108,10368.338461495046,14696.058500706946,4880.3036522244,10680.846489962765,2274081.3761949977,2269368.2764025824,160092.21148444258,[-0.66215891 -0.52823628  0.5315186 ],[ 0.74173167 -0.56298251  0.36453371],[0.10667575 0.63562341 0.76459346]
1050,91360.07234163937,33154.96380628935,72948.9778206799,18324.12317651677,17324.03637645251,13509.870900949523,10343.158690405147,4002845.1794082057,3996463.493378662,857821.8485124066,[-0.2115463  -0.76120712  0.61303498],[-0.61851482  0.58992094  0.51906907],[-0.75676124 -0.26936408 -0.59561348]
99,93587.54446328689,87332.7192990849,11896.502086006416,7883.324556453113,7169.293788303802,7536.956302792272,4459.020043500822,1284260.5894147959,1281276.8326915966,122928.73466522805,[ 0.29442374 -0.43143152  0.85274938],[ 0.61889521 -0.59383971 -0.51412364],[0.72820559 0.67913271 0.0921704 ]
36,121962.26505664247,198524.87242846878,188486.01040007337,5032.670274967695,3677.4146374475185,5233.380791971792,3310.8207617422513,1798682.3438599855,1798366.2616747702,44612.85330263233,[ 0.55807812 -0.72538661  0.40294302],[-0.72316184 -0.18703918  0.66487088],[-0.40692231 -0.66244291 -0.6289544 ]
25,34319.06271960919,93269.2971309929,133148.66075727544,3077.9493421635702,3473.612246402431,2207.6312800242604,2488.036307121381,831039.6491159709,830941.7768471614,22490.449665900538,[-0.59304842 -0.57960526  0.55888399],[-0.7782515   0.59060965 -0.21331862],[-0.20644168 -0.56146058 -0.80133879]
118,122063.4568734673,12899.274689393907,37639.642213425,7147.464337462983,6535.659750438879,6589.794960083857,7765.905901618289,1399564.248978337,1397914.0278364667,96645.74442528916,[-0.29950905  0.54008781  0.78651096],[-0.0809942  -0.83577131  0.54307114],[-0.95064939 -0.09895189 -0.29406505]
18,57095.318321005456,189797.10394195013,10523.971459106428,2267.6419706114434,3043.965071462647,2934.870070063051,2715.7651770909315,842257.179993105,842210.9103052667,16760.540341519347,[ 0.72320714 -0.25317154  0.64255397],[-0.6279169   0.14635101  0.76439633],[0.28756182 0.95628738 0.0531286 ]
229,133362.76707297956,199261.47924616875,84288.80691088391,13239.027145046688,4374.367452946346,15079.007032516625,9151.161054446417,3855974.0523798424,3851368.749296855,276184.8496105938,[-0.7563531   0.2509126   0.60412983],[ 0.38938203 -0.56940768  0.72398655],[-0.52565351 -0.78282678 -0.3329724 ]
29,202028.42565118856,15922.663660790751,82849.32494664124,2166.734908883656,6977.098617146937,3865.469678414302,2231.324197359683,1179756.9967589974,1179158.3115874485,42860.31505342597,[-0.32188923 -0.39453302  0.86065732],[ 0.21197959 -0.91599334 -0.34061835],[-0.92274156 -0.07280041 -0.37848133]
10,85424.01918738734,163310.93850539142,49862.58889627387,2393.4349803885766,966.53097721716,1428.204614614965,1398.1813221859006,603832.3548644036,603798.8576440442,8218.611764714971,[ 0.15119784 -0.36018476  0.92054666],[-0.88143714  0.37240594  0.29048646],[-0.44744585 -0.85532494 -0.26117325]
209,99847.24691034883,189477.84366185166,12386.287327030032,9305.057619008865,7337.743372427023,7923.806005045614,8460.185616717237,3106378.367237972,3105848.3610638776,165548.79566304418,[ 0.42922008 -0.28268334  0.85782297],[-0.77382425  0.37471343  0.51067198],[-0.46579625 -0.88299489 -0.05791269]
605,169525.45312991313,98012.25706072318,126800.81094100299,20294.019632764273,22703.843919187817,14824.304814169627,27068.500471228064,5791298.151947781,5783658.779264047,500823.2225690226,[-0.51845353 -0.1809661   0.83573753],[ 0.45209164 -0.88759389  0.08826228],[-0.72582304 -0.42358984 -0.54198944]
26,185083.02148222082,160083.3638795752,7983.622913435955,7494.753101290726,2602.0008100916943,3312.309213175946,6880.683860506693,1249140.7298162156,1249002.0342057317,26162.079753460443,[ 0.37630233 -0.47494571  0.79550181],[-0.53533348  0.58931904  0.60507944],[-0.75618425 -0.65355156 -0.03249221]
14,202433.6651097401,177042.0344094839,190858.0063019584,1336.7812798214482,2499.788056037071,2299.814391891327,1719.763913896281,1233954.1519577345,1233931.3772459254,12041.143469714996,[ 0.78474548 -0.33528672 -0.5213035 ],[ 0.08581977 -0.77418126  0.62711908],[0.61384811 0.53686701 0.57876102]
4,189153.82398025732,45765.127683894796,202296.86165757588,931.1777880376545,1577.0404478025018,1002.5821996839321,1190.0695508656322,561432.0485801672,561425.1712289584,3434.631505416626,[ 0.70283952  0.15944896 -0.69324789],[ 0.22793538 -0.97365003  0.0071468 ],[0.67384128 0.16303877 0.72066379]
323,104708.97366734192,170472.03495972708,193287.59104105525,10041.732746392852,14430.237972964907,8980.461376976407,13537.497476703975,5010439.510286708,5007022.255263605,259897.85705415055,[-0.64588979 -0.36380201  0.67117396],[-0.66434093  0.70099121 -0.25935006],[-0.37613497 -0.61339989 -0.69445163]
371,191012.6726859584,50609.525609673205,16614.55478794493,9352.555677505057,8603.040913406196,8253.026614211181,9715.737299996563,3828367.33109325,3826477.1438034303,223285.89452880254,[-0.24711571  0.71937211  0.64918225],[ 0.10587484 -0.64590398  0.75604138],[-0.96318448 -0.25556177 -0.08344961]
831,109340.47622730095,162352.09503235828,107763.52552268378,19276.273856861535,15107.53825789136,18369.1740217519,18741.677996917533,6496881.21392487,6466913.744126079,710723.9058816084,[ 0.40793856 -0.67935006  0.6099751 ],[-0.77129781  0.1010743   0.6283977 ],[-0.48855482 -0.72682012 -0.48274911]
21,137153.02984666903,94628.34483399182,3615.697710355884,4306.579363964077,3028.7034923373717,1646.9069729189434,4285.831771887383,764162.4114637428,764055.7419511155,15871.246979133795,[-0.17420843  0.21585077  0.96076005],[-0.54070702  0.79445971 -0.27653155],[-0.82297469 -0.56766383 -0.02168955]
121,57809.25703388421,166109.3263864948,83270.25633014788,11403.083846619318,9721.083321971013,6707.737537958352,7016.342279406741,2147435.416980275,2142861.57368522,161193.64548767864,[ 0.07276638 -0.46685491  0.88133509],[-0.9527155   0.22886039  0.19989021],[-0.29502242 -0.85420689 -0.42812656]
783,110318.39523379337,125949.65962566447,51032.77589591824,22666.019224382057,10009.800384377124,10917.285454046594,13332.16516786632,4950230.260508453,4918056.78645409,659417.4316742197,[ 0.13472863 -0.47192802  0.87128189],[-0.76112911  0.51371809  0.39594974],[-0.63445305 -0.71650378 -0.28998562]
247,88105.86966944767,174747.4586725018,34576.93924910002,10536.89674199813,10891.86833705182,7760.971200884683,12774.237380139783,3133229.7455695653,3131323.064209569,177104.67487039752,[ 0.1646554  -0.27185734  0.94814671],[-0.8809602   0.39180392  0.26532774],[-0.4436189  -0.87896716 -0.17498287]
55,39849.51304422031,49363.7817099362,102546.83687664368,4732.526843724377,3567.972693816269,4416.440244655691,3428.338332695995,895766.1049281503,894833.9739919347,48508.01127851413,[ 0.60625274 -0.78265597  0.14109301],[-0.72337344 -0.4689788   0.50674427],[-0.3304368  -0.40927804 -0.85047223]
133,35177.150544461525,14261.82144243907,117306.20714764067,10988.848802770986,10139.710558317855,6021.167857818905,8855.934587263748,1433160.554118618,1426290.8601234516,156453.807597998,[ 0.6819153  -0.72214091 -0.1162068 ],[-0.67197119 -0.6812697   0.29038994],[0.28887063 0.11993372 0.94982612]
23,193804.74196924933,32536.96329586981,88074.60881622876,6629.046601945466,2867.716693016982,4663.841043256778,7273.004061420456,1033568.2616893786,1033418.4927132224,21961.86711475154,[ 0.22296429 -0.96565223 -0.13342674],[-0.37471816 -0.21125591  0.90274982],[-0.89992957 -0.15128355 -0.40894995]
59,154998.2016420669,57270.29236693351,13557.422647797493,2839.1175685582757,7945.475437243101,7127.649995821191,3917.5077644408875,1275954.0663222694,1274235.3888331142,79122.69435634337,[-0.29777328  0.63681512  0.71119447],[ 0.19422814 -0.68899303  0.69825786],[-0.9346692  -0.34605651 -0.0814763 ]
73,96593.49132400469,5461.83257641975,5951.370947821535,7099.6396647969095,3315.3820974723235,2853.5861866395876,7171.665054224498,830925.3077477148,830740.1573314121,36571.06194419399,[-0.08130367  0.48602925  0.87015245],[ 0.01970791 -0.87208812  0.48895185],[-0.99649451 -0.05690246 -0.06132535]
352,166776.72997560937,186894.26947633675,194814.7037115026,11622.13972873671,11134.442747777404,7152.295453990442,8294.971920862612,5961263.628697795,5957181.637357389,290162.6204327201,[-0.25534863 -0.57900886  0.77430344],[-0.8116016   0.56360249  0.15380208],[-0.52545212 -0.58915276 -0.61383964]
5,39860.953735116535,183641.24409201153,38146.430169511295,1410.391638919811,830.86251797174,1506.4026485614688,1180.5974695878078,428793.99980791914,428776.11693415773,4214.039166794253,[ 0.72268939 -0.01331402 -0.69104471],[ 0.65916328 -0.28746571  0.69488649],[0.20790339 0.95769839 0.19897231]
111,26935.75323706172,98768.42238941469,30568.166761231532,6785.6688912046975,6920.006389382361,7430.026223126598,6742.994999464788,1131070.7495458194,1129857.112084867,106645.9077678701,[ 0.33042683 -0.36083648  0.87213253],[-0.91020185  0.1226391   0.395591  ],[-0.24970121 -0.92453052 -0.28791078]
256,127214.4608155961,162801.66800522548,159346.96922327537,8494.170591224607,15977.152407735795,9015.882660386485,11822.190588314304,4185895.40678968,4180296.2712096814,263233.9659866384,[ 0.87303664 -0.34733145 -0.34229796],[ 0.00218204 -0.69913764  0.71498377],[0.48764974 0.62495394 0.60961489]
123,136158.6542171517,4995.54765461673,92452.61749183421,9411.205841834631,3449.5197450725173,9520.831684629158,8882.561025997347,1832162.3540152698,1829191.35725324,117104.50975907412,[ 0.08092615 -0.99452672 -0.06608746],[-0.5563519  -0.10008657  0.82489711],[-0.82699669 -0.02998786 -0.56140645]
21,200366.5038787251,5107.305696221061,103847.12745876002,2371.6686723082757,2868.6993472841928,4972.8314850172555,3417.664933354212,1034764.048184189,1034656.5222409253,23784.239730081008,[ 0.01923768 -0.99974168  0.01210321],[-0.46035118  0.00188885  0.88773489],[-0.88752843 -0.02264969 -0.46019592]
14,155408.86041962574,174766.1674450521,165769.43394327856,4015.1585280082454,2666.566175450178,4204.181489104119,2330.2462223238012,1072823.2366543685,1072653.7884920898,22344.181327899812,[ 0.56264565 -0.77450747  0.28908138],[-0.62410542 -0.16862614  0.76292703],[-0.54214601 -0.60967483 -0.57825107]
12,19389.03435859076,10981.842083606178,55213.9096761019,2352.1500334958287,1584.1000331206856,4931.793396805346,4166.300171883384,207145.72884524753,206809.9314589111,13406.000802222616,[ 0.08106712 -0.98257146  0.16727657],[-0.94322277 -0.02138975  0.33147139],[-0.32211632 -0.1846505  -0.92851778]
167,70892.10704026688,128654.9286935733,17062.762566057096,6210.522419699304,7598.933316755884,10584.739831480327,8369.953141893817,1918779.4321212715,1915447.2729639283,152169.55977533496,[-0.87761624  0.47407558  0.07100754],[ 0.00656789 -0.13622297  0.99065643],[-0.47931888 -0.86988255 -0.11643781]
88,182166.7890041879,6209.7953487479035,29457.22497859489,6713.238342275395,4673.4691415132465,7811.920096290195,6838.578422125512,1734871.580722978,1733630.78884241,85337.50569716655,[ 0.08063813 -0.95136111 -0.29733741],[-0.14174611 -0.30622241  0.9413479 ],[-0.98661316 -0.03376211 -0.15954493]
102,41848.97549591927,14653.912625880354,65107.02392144923,7738.680055779443,5543.4515816222765,7319.02670281963,6232.429523194942,803309.6630534622,799494.7147112279,103611.05193234267,[-0.04954689 -0.96645879  0.25199704],[-0.8467355   0.17445754  0.50259682],[-0.5297019  -0.18847273 -0.8269788 ]
22,106234.86615010243,200264.3412138544,44835.1438500214,3177.0020986298773,2460.313628845546,2197.1648208747133,2355.244502592548,1084069.4943552772,1084001.8354762117,18366.079499717445,[ 0.10780264 -0.27132144  0.95643257],[-0.88149575  0.41877634  0.21815502],[-0.45972147 -0.86660894 -0.1940235 ]
27,104677.65502861861,160213.84229336106,66218.64083320083,8765.852907757135,2779.051083264855,2326.6465814483777,4649.1729440046,1053389.9443903759,1052602.5221971895,42886.21442204207,[ 0.11887033 -0.44458762  0.88781287],[-0.84740224  0.42057913  0.32407196],[-0.51747394 -0.79085716 -0.32675017]
5,67686.13596542494,159262.64498719704,14821.460869992714,2296.2058410850586,1316.0874781287964,1637.1122909387327,1060.653193532233,388427.92290303495,388374.3797137578,6536.486713297717,[ 0.48207292 -0.28207476  0.82948148],[-0.78468759  0.28211354  0.55197585],[-0.38970641 -0.91697644 -0.08534126]
2,72543.17604408534,155390.61117281066,158370.09095133707,2727.193059736892,488.9219694227504,830.0956069726963,1085.166140725356,330146.0459389194,330124.27367714216,3791.513977607738,[-0.32983062 -0.59390703  0.73381619],[-0.8914058   0.45185578 -0.03495781],[-0.3108174  -0.66565817 -0.67844804]
181,193479.8431786094,182574.62252057434,110366.12880354363,6485.445811996616,5488.0249422542065,7469.892075389545,6115.351320734823,3877254.1541624675,3876126.431916727,127571.99050805585,[ 0.41838594 -0.75162836  0.50990982],[-0.61131961  0.18217678  0.77012983],[-0.67174515 -0.63392936 -0.38326495]
18,41163.26613744827,25532.456777291714,143147.75643714808,4290.533120096073,2741.0044615813754,2627.773196597808,3297.8091885366807,641511.2757483864,641405.9333155828,19927.840461516542,[-0.3709146  -0.88992849  0.26542351],[-0.8877      0.42371573  0.18014907],[-0.27278391 -0.16879653 -0.94715187]
34,81019.56488100688,172944.2902434745,92199.25067816989,3596.0270199628594,5588.43040415861,3395.3301831262193,4750.220334239131,1237231.3754694245,1237009.5584814788,33549.371551214565,[-0.90405537  0.23245081  0.35867884],[ 0.19154913 -0.52984354  0.82618082],[-0.38209007 -0.81561783 -0.43448215]
121,172661.89449529184,7377.683309549594,106236.05968522615,5469.948872629763,4841.767198850154,13121.696563128266,9359.51070154122,2237025.1241113865,2234459.4914167067,128196.52446413893,[ 0.13617902 -0.97875095 -0.15330314],[-0.50853742 -0.20186285  0.83704306],[-0.8502029  -0.03602733 -0.52522096]
33,21958.20996130854,24812.51391835457,197143.1807827599,5149.453980939599,5010.041334358355,2372.662924227776,2479.8344884395556,1149000.735213806,1148678.8908989504,41078.11829213168,[-0.68982831 -0.70477977  0.16559706],[-0.71557826  0.69848515 -0.00813986],[-0.10993028 -0.12411276 -0.9861599 ]
7,6446.699765404405,22208.12830215725,202429.28476719055,2733.3670135136144,2576.806691082913,1762.3171370092043,1930.0395705282738,539145.4634544943,539112.0552503624,9729.656823066656,[-0.61265415 -0.7832772   0.10550698],[-0.78971639  0.61203207 -0.0420091 ],[-0.03166889 -0.10905764 -0.99353083]
5,6093.173463498629,42038.13717513943,190404.01022017788,1207.8348313155498,1776.9992255624784,1079.633141166174,1219.4520502891814,436253.28650851274,436233.27489449136,4648.693815986209,[-0.83388042 -0.53274499  0.14431293],[ 0.55106114 -0.81837579  0.16307263],[-0.03122608 -0.21550832 -0.97600261]
9,172712.1964600138,132049.3351691924,188948.51184344213,1870.7984671265228,2606.353241777599,1711.1139867407146,1567.814003800344,864174.9830956535,864157.2908976806,9849.278094388497,[ 0.79798313 -0.28028279 -0.53353958],[ 0.06074581 -0.84336505  0.53389637],[0.5996106  0.45845059 0.65596508]
16,71267.92328093131,122509.73429601445,160512.69185546655,1883.3196679456894,1881.5017842623467,4733.075550242473,3856.4388643270763,856780.8078649963,856682.2965972782,15237.2075543053,[-0.94291199  0.21191654  0.25692094],[-0.01193576 -0.79244388  0.60982803],[-0.33282807 -0.57194761 -0.74973422]
3,67588.69710851705,107172.07939232506,96705.80609565787,955.7617461665548,962.4026390487592,1060.6684415304237,1564.0888632481913,276092.65746985,276089.9927293439,1243.2906380099378,[ 0.4502294   0.4247734  -0.78540502],[-0.78579814  0.60621086 -0.12259556],[0.42404572 0.67236593 0.6067201 ]
10,45106.705182036814,57554.9718294795,161376.73388011294,1370.1341194214176,2938.652341609862,3598.4238650709362,3453.04045798908,560442.3564565257,560401.9766564822,10771.215655776607,[-0.95688442 -0.05187309  0.28579955],[ 0.14009662 -0.94433707  0.29765824],[-0.25445066 -0.32486408 -0.91088868]
8,80816.87890253996,6689.071904786147,42753.95958479667,2760.0188653839496,2700.905885952055,1884.5987213269773,2360.5793461360936,259549.09092301578,259406.62364648064,10104.67681160547,[-0.391362    0.66529166  0.63578517],[-0.26345239 -0.74297642  0.61528765],[-0.88171913 -0.07330108 -0.46604541]
66,163108.03854845572,55966.986812586736,188102.28306932584,6041.792343886084,5131.205349967381,6292.346068651246,6558.705469290926,2074291.8533311842,2074276.8409050088,62592.1078974705,[ 0.73044934  0.12682052 -0.6710889 ],[ 0.24056523 -0.96741063  0.07902558],[0.63919648 0.21916484 0.73715306]
27,39600.74597621131,131631.85430203227,199964.08974204308,5099.786240501519,2753.570885913191,2683.453828259213,3518.9345791079163,1261250.919356006,1261051.2003092412,27603.78869250415,[-0.04548546 -0.83022974  0.55556246],[-0.98551919  0.12823258  0.11094291],[-0.16334931 -0.54247118 -0.82404006]
200,43113.230418777224,71997.2072051955,118108.57076099994,6791.5375492485355,6586.869749320051,8424.606128317882,6717.7615130885115,2054691.4336756628,2053348.3817055803,151628.0090333266,[-0.79858089 -0.33929992  0.49713592],[ 0.5234256  -0.79926129  0.29530836],[-0.29714339 -0.49604128 -0.81587306]
4,136845.7380075261,166063.16888723942,36305.5044460318,1849.7210929172497,1476.577560871679,711.6023552002878,1968.3797331336575,436475.99848854187,436466.65462927986,3000.1594934906084,[ 0.33156372 -0.06749653 -0.94101526],[-0.70484691  0.64527618 -0.29463451],[0.62710154 0.76096181 0.16637545]
53,42894.55259901573,105130.6838235247,8180.197387215845,5105.7739103737385,4532.4321491816845,5369.705954187435,4747.178594199736,830505.5061339455,830131.1328362306,53178.47609670798,[-0.68407991  0.33027258 -0.65034967],[-0.62451405  0.19545128  0.75616201],[-0.37685126 -0.92342775 -0.07255557]
102,145448.73614850722,133457.26852583358,200449.05346120158,8752.524723102077,7900.672305964509,3101.4297687218464,6055.699486871428,2843381.8407306382,2842508.0770315123,106936.62823595226,[-0.37632588 -0.62138042  0.68721555],[-0.76869785  0.62346885  0.14279427],[-0.51718705 -0.47452394 -0.71228126]
14,113460.08855883208,111490.29803240376,186113.44882789374,2955.1514088307677,5463.85840919723,2944.05438904122,4449.964561068175,916397.3647313358,916252.8195844053,19534.339319576276,[-0.88030235  0.33487179  0.33604861],[-0.10143459 -0.82482217  0.55621885],[-0.46344234 -0.45555381 -0.76006047]
34,26943.61009886021,57962.065952608464,200058.64921877816,2749.3516454057303,4014.3236747587935,3219.354180064803,3212.4387032617474,1224995.058031555,1224870.772839974,28404.205233310702,[-0.97618007 -0.13432749  0.17037779],[ 0.17497887 -0.95172546  0.25219247],[-0.1282765  -0.27599778 -0.9525599 ]
65,86632.29726356252,84910.42708330859,109781.91904722247,6455.116430402263,4962.0170747938355,4871.367661330311,3230.685959973482,1320724.3594554553,1319824.6401187251,71856.96124850494,[-0.12922619 -0.73250735  0.6683813 ],[-0.83845269  0.44058684  0.32074962],[-0.52943146 -0.51895685 -0.67110812]
68,12851.842631708947,119360.53547796137,151521.16571331662,6277.434927742558,6879.471894311636,3756.315237251475,4597.94234685331,1595958.4139341407,1594878.32629898,73616.52705766652,[-0.68059034 -0.54638995  0.48811352],[-0.72968049  0.56555219 -0.38433983],[-0.06605425 -0.61774489 -0.78359944]
16,30884.135842302185,111388.49464390574,53069.98472678066,4414.387918834778,3123.8718730224937,3245.2472157493175,4354.960585990979,509276.0579501476,509178.0867490454,18254.677863720386,[ 0.03695497 -0.43834396  0.89804727],[-0.96918823  0.20328223  0.13910611],[-0.24353337 -0.87551751 -0.41732552]
158,122990.92889642446,25287.966375604272,99079.62720228282,7320.41603520014,5636.958362279243,10058.380732277597,6152.354430077119,2016701.6527676824,2013148.0360797276,152739.96074150153,[ 0.24581046 -0.96757438 -0.05811232],[-0.59058494 -0.19703684  0.7825509 ],[-0.76862647 -0.15803893 -0.61986858]
46,137990.30042479205,82952.52034474531,80289.5801042191,2827.054386537673,9199.542070036043,3964.2482886006937,5220.157902875737,1222011.3365199852,1221017.4493077367,60885.35060790693,[-0.57330949  0.17970899  0.79938783],[ 0.28918176 -0.86847929  0.40263833],[-0.76660951 -0.46200476 -0.44593886]
97,177193.2491930533,163029.31272004975,94238.202317441,7445.648627038557,6668.910976739,7030.6941260483445,6132.437188035721,2548788.4014672115,2547975.642283841,103430.49568518442,[-0.70217881  0.70472383  0.10153445],[-0.19250915 -0.32520622  0.92584077],[-0.68548169 -0.63055946 -0.3640187 ]
9,72701.74279168979,98663.62454824179,2679.5076086950357,3907.2487623557918,2066.559283380467,911.1318694028416,2137.7052265464727,367996.23190090543,367822.4094530167,11927.847517929638,[-0.05750141  0.01530564  0.99822809],[-0.80293064  0.59349691 -0.05535157],[-0.59329248 -0.80469072 -0.02183754]
16,144470.36333647423,202124.8900071365,183727.9778807857,3494.068440279358,2054.8491102081007,3509.2162055703816,3154.039253200988,1236150.192593431,1236115.591234151,17287.67744893414,[ 0.48010725  0.37691137 -0.79210785],[-0.74221629  0.65584079 -0.13779635],[0.46755963 0.65407238 0.59462368]
13,52576.066738735135,121499.54250334024,136315.29003116165,3764.893179209414,1577.2455116621716,1918.8172877026366,2673.5331447589524,685312.4370332827,685214.7626411273,13068.059052508192,[-0.21410054 -0.68672389  0.69467349],[-0.93675819  0.34590485  0.05323464],[-0.27684843 -0.63934352 -0.71735264]
8,6754.499390470704,26515.982101337664,115138.19467551098,1602.7263130387553,2385.3278393796704,1209.1784410424982,1165.9834992744136,334816.08395110583,334775.56705796986,8211.627638511854,[-0.99443321 -0.0736808   0.07532416],[ 0.08856139 -0.97178576  0.21860766],[-0.05709176 -0.22406153 -0.97290131]
23,74552.5816587089,54260.44261181927,94486.93745011589,2785.63528539544,5140.215791636274,3139.414268111397,2616.751930807507,633828.444656331,633410.9348669687,29339.027510017804,[-0.79991599  0.05911868  0.59719292],[ 0.20314301 -0.90971118  0.36215811],[-0.56468338 -0.41101163 -0.71568297]
29,139361.68945029916,65211.12588222168,192794.21410324323,3231.8725429252368,2661.1530397107463,4033.315425858271,3019.5230860956285,1328639.6439205057,1328496.390491736,26709.074043738878,[ 0.1914795  -0.96341934  0.18750674],[-0.80262672 -0.04374357  0.59487549],[-0.56491234 -0.26440438 -0.7816421 ]
71,180279.09852056444,127831.89661341386,177448.961613252,7750.191191132037,5746.234680339679,3516.336168275949,7741.010177799875,2389427.401406926,2389393.9385991334,56761.08312726304,[ 0.54765647 -0.83547266  0.04536314],[-0.54332849 -0.31387736  0.77863673],[0.63629124 0.45107253 0.62583307]
17,55509.53260087265,175601.04179635845,118173.30658112235,2691.3198721663266,3419.1407881186465,4203.134408019438,2062.447287992063,902517.0405673078,902299.7443715639,23438.371477665696,[-0.89120184 -0.02318855  0.45301387],[ 0.37605859 -0.59622716  0.70929057],[-0.25365175 -0.80248082 -0.540079  ]
15,75098.11478782613,36172.74192317056,25812.167825671288,4904.840357003836,1784.8403740030972,3819.370144050158,5220.540330489713,338761.3107575607,338692.309007487,14733.585719640332,[-0.50746809  0.65246792  0.5628159 ],[ 0.03889519 -0.63515727  0.77140288],[-0.86079225 -0.41335318 -0.29694418]
4,18433.302748229074,175233.53594023356,37502.629180132164,680.3436495360497,2046.7636976655422,835.8996479758841,2175.9964695375534,360322.9828747269,360321.922128247,1573.1671052440947,[ 0.96563203 -0.14742083  0.21406048],[-0.23891171 -0.17912166  0.95437761],[0.10235227 0.97271914 0.20818617]
134,77821.84985946919,127939.61436835938,133999.55766091618,7649.404168231392,7842.592554654888,11079.522841201317,10501.212196520577,2332484.278745268,2329927.6412306554,134301.06282538344,[-0.86914006  0.0109606   0.49444456],[ 0.30701533 -0.77183709  0.5567846 ],[-0.38773335 -0.63572586 -0.66746946]
6,96921.09650845874,21185.805341449235,201989.15592143344,1521.167451673185,1783.134466251719,1626.6041047498156,1412.8217855673195,551268.4405494095,551244.0142675476,6057.423654067017,[ 0.66038059  0.64502538 -0.38449934],[ 0.61515375 -0.75834279 -0.2156434 ],[0.43067777 0.09411949 0.89758464]
17,196043.43611676086,3381.0264430556313,66678.64177237499,3771.982793582564,2277.780392399306,5178.802611383285,3504.28235891466,854303.5605102611,854071.5967687109,24004.417369410843,[ 0.01977    -0.99977509 -0.00767609],[-0.32176257 -0.01363143  0.94672226],[-0.94661396 -0.01624682 -0.32195969]
2,84636.38231588289,129913.17296725337,124824.9917216441,497.09173477395234,66.79352967413433,601.8477507920034,545.1813717192999,281505.3891581182,281504.2646487818,795.6818536700217,[ 0.77259064  0.09921303 -0.62710484],[ 0.47149689 -0.75113482  0.46204671],[0.42519923 0.65265094 0.62709837]
6,81319.86183403693,151171.36884507167,175991.7925162715,2874.3794629298786,1177.4317044035304,584.9814127060519,556.0089276644376,602235.2614058155,602196.1721167549,7623.130754466621,[-0.12455904 -0.72348408  0.67901093],[-0.93544692  0.31377963  0.1627311 ],[-0.33079316 -0.61490905 -0.71586504]
12,54360.60165515732,101982.50534319606,121963.34494488197,1133.8237005332326,1905.4685297014282,3752.3630250641577,3061.846429204264,582209.9290658934,582155.2338770514,10785.846555793927,[-0.91666919  0.39129174  0.0812919 ],[-0.23475525 -0.69181807  0.68284532],[-0.32343094 -0.60685956 -0.7260261 ]
12,202062.37081681727,87375.28668182062,96796.11804208778,2365.197669608182,4183.411584467458,2631.6078240487154,3169.6059603309645,833232.8093847885,833185.9527984315,15488.242590809008,[ 0.30851375  0.29005067 -0.90591935],[-0.44600305  0.88530909  0.13156405],[0.84017888 0.36345347 0.40249351]
19,18589.5350474926,197488.17839363986,10468.661732143062,5756.675226640142,2813.750805160438,3378.001386858979,2831.337229030984,866318.3637678325,866023.9626514628,29069.45251073615,[-0.33752911 -0.01799155  0.94114314],[-0.93664085  0.10593318 -0.33388933],[-0.0936911  -0.99421047 -0.05260716]
210,82687.94143527884,35863.78830529139,190134.03022573292,8443.847923652787,17642.788482583772,9466.848743024551,10111.6356622552,3063166.7106973277,3055041.39831957,278068.91312551405,[-0.85500556 -0.29388202  0.42731588],[ 0.33935041 -0.94010002  0.03245373],[-0.3921821  -0.17275793 -0.90351973]
3,58199.129492626096,116605.23075666737,109643.17509923106,555.0866498681878,1244.9173851976757,2029.407245508952,2104.3726726501613,295015.67568929953,295008.83866916504,2158.927119838939,[-0.43968412  0.72190844 -0.53434641],[-0.83062908 -0.10051754  0.54767834],[0.34166243 0.68464913 0.6438341 ]
88,69743.34050400619,82545.413376483,40659.06545685721,6680.9499888872315,3923.3822368949827,6862.144139004616,5011.277952139752,1087021.3738617694,1084535.8228649998,85334.30050388475,[ 0.49366823 -0.68273351  0.53867118],[ 0.62533774 -0.15176966 -0.76545326],[0.60435453 0.71473136 0.35201517]
20,70896.57785437095,195606.29823856498,3605.8307029559596,4863.633535252356,6419.3096046644305,2248.6241782638626,7500.690713206033,931310.0506087379,931250.69547191,16628.590115096973,[-0.34954686  0.10956924  0.93048997],[-0.87265395  0.32340443 -0.36590252],[-0.34101624 -0.93989582 -0.01742897]
11,22254.364427678593,201824.25736881953,118894.08335524239,3543.8093685667827,1318.8972090460825,1775.7450959909104,1266.1660082077474,780487.1743416967,780422.4539382412,13209.39416262823,[ 0.14121666 -0.51400383  0.84608387],[-0.98544746  0.00869225  0.16975793],[-0.0946106  -0.85774385 -0.50529628]
123,44310.98046981749,165397.14135358014,176176.8694027211,7101.433520434713,4966.350253683335,7495.826352819793,5624.292520740778,2727099.58835362,2725989.5828631828,110742.5035233893,[ 0.56444007 -0.6678961   0.48510021],[-0.80560066 -0.3175237   0.50018625],[-0.18004163 -0.6731222  -0.71728063]
10,53289.506985087864,190250.18347250964,56709.61046770176,3596.1860711574604,3308.016547524571,1800.6318202173718,3656.015543300783,650204.5758374586,650120.4753200054,11722.153906918806,[ 0.48167446 -0.37149952  0.79371142],[-0.83708131  0.07304017  0.54218079],[-0.25939272 -0.92555564 -0.27579372]
2,118357.2791715542,94298.21451947933,198875.3790270937,87.76650815713947,870.3086615980865,89.00295016811287,216.00268825527746,353419.83034141344,353417.7749799007,1205.3243586888318,[ 0.85203288  0.03249167 -0.52247896],[ 0.22300952 -0.92550444  0.30611809],[0.4736103  0.37734047 0.79580617]
40,132765.86606255584,164550.09590390904,141665.43892344003,3576.4300423912964,5308.430155051556,5576.708779092165,5310.973131685258,1610391.940142363,1610105.8695355677,42082.68262216341,[ 0.17752283 -0.72039415  0.67046097],[-0.83464888  0.25073265  0.49040226],[-0.52138938 -0.6466571  -0.55676541]
2,160509.81488734504,160607.80215584332,19135.941909797242,1218.6468334004167,339.7240692843625,45.0624832706726,622.7387779030978,322260.9303171907,322257.16092278255,1558.6670231818332,[-0.05470259 -0.06405436  0.99644602],[ 0.70768889 -0.70649369 -0.00656492],[0.70440334 0.70481466 0.0839776 ]
5,98133.98759016457,125363.88193438582,200524.578221103,2871.1012956445034,2272.487076240257,1847.6374392159526,1668.1545935838838,572589.2935791669,572542.0551623135,8378.343468298966,[-0.68324353 -0.4202673   0.59712115],[ 0.6214845  -0.76399479  0.17340407],[-0.38332139 -0.48957875 -0.78318412]
3,155804.12336804174,79288.62665451803,82333.58645397499,2263.914597716095,1525.4645134580765,1122.6467601186673,1950.6733327223124,334734.0868402491,334713.5976777457,3841.6872288673762,[ 0.50210151 -0.85554356 -0.12625092],[-0.31263212 -0.31568132  0.89588306],[0.80632204 0.41035414 0.42597447]
