N,MEAN_X,MEAN_Y,MEAN_Z,SIGMA_X,SIGMA_Y,SIGMA_Z,SIGMA_R,LAMBDA_1,LAMBDA_2,LAMBDA_3,EIGEN_1,EIGEN_2,EIGEN_3
1171,108043.35780664296,116645.42852505301,53008.43137028215,19782.44074250463,17011.39027909199,13836.761084357231,15589.222457873011,5809289.72467529,5774616.474151191,856759.6097362561,[ 0.08647968 -0.47709488  0.87458661],[-0.7593651   0.53669722  0.36785968],[-0.64489217 -0.69594293 -0.3158758 ]
1749,77170.44953140644,169402.41625464874,123603.32212915196,30460.70771161302,17808.992170702324,23286.512107567378,19192.19639355607,9493358.12575223,9396550.020636117,1577613.9225049892,[ 0.35333662 -0.65077767  0.6720429 ],[-0.87025947  0.0349078   0.49135517],[-0.34322251 -0.75846547 -0.55401122]
156,191337.12328480935,175422.3117926272,50621.982715055194,6672.259688207321,4930.006906812879,12509.604612881007,7479.477332552602,3307917.770294573,3305247.73159437,162176.78904907918,[-0.6843043   0.72555947  0.07273984],[-0.09116762 -0.18409895  0.97867055],[-0.72347501 -0.66307694 -0.19212723]
51,49424.74972213636,161479.68730200423,16992.69427212117,5099.446425119586,5242.559884990498,3862.295428192603,6391.750211659207,1213262.623187818,1213218.0407661153,37581.98713066068,[ 0.08050822 -0.12904727  0.98836493],[ 0.9531058  -0.28025232 -0.11422769],[0.29173234 0.95121261 0.10043309]
24,84822.68745982101,12050.194577827026,132291.32264276032,3235.734434627667,3463.0136697280054,3133.5485190472905,2450.759330874938,772433.2064265811,772423.4789990892,25114.219810032988,[-0.45672279  0.86337897  0.2144319 ],[-0.70837537 -0.49876806  0.49943444],[0.53815298 0.07620481 0.83939514]
187,98750.97400450468,191129.88406289878,13959.545623574388,7760.278019990603,8191.58265303093,7250.886927482096,8542.307877567951,2952288.047529211,2951935.9597741626,140874.38599389608,[ 0.37838858 -0.26081959  0.88814144],[-0.8043656   0.38215335  0.45492285],[-0.45805902 -0.88652804 -0.06519184]
117,66221.1062224484,194105.2976774082,197643.69838394568,5300.70552594893,5821.866827056248,3906.224774281514,5102.394896542946,3081911.193476943,3081754.2508331663,77277.45065917456,[ 0.55063846  0.49578907 -0.67155825],[-0.80170324  0.53820733 -0.26000921],[0.23252785 0.68156149 0.69383336]
361,191637.36022423714,49618.928654337586,16979.498490390484,9569.952771630304,9122.368116057729,8173.81565360879,9997.066801235005,3784135.6475123283,3782176.3776150886,225858.48736903135,[-0.23033719  0.63803787  0.73474652],[ 0.12948743 -0.72823849  0.67297972],[-0.96445725 -0.2501527  -0.08512252]
6,151235.62983041044,77528.86174620592,173414.1243144774,3008.1966167063483,1763.4484618290655,1841.5363646087,1263.5216816497518,594823.0443434621,594771.7767252452,9135.990315654319,[-0.07240428 -0.88546695  0.45902712],[-0.7789615   0.33762819  0.52841857],[-0.62287767 -0.31930469 -0.7141904 ]
60,195320.11478509018,199318.63745663746,73856.93708049321,3662.4410396454164,3994.4855642070024,7443.741006804207,4870.290846449519,2237087.686115384,2236484.504937243,60620.29363063239,[-0.65328276  0.72319508 -0.224077  ],[-0.33985649 -0.01564198  0.94034722],[-0.67654948 -0.69046665 -0.25600118]
508,12868.189108084132,50291.08769250318,145356.4259734674,7882.152579214389,14379.380396027773,18614.13264615327,16806.2829735536,3519132.3756708503,3504610.3733446756,403840.4943778299,[-0.99184625  0.11854338  0.04678122],[-0.0967096  -0.9391926   0.32949129],[-0.08299558 -0.32228051 -0.94299894]
1763,24511.734104772924,42713.49971192994,37415.1248470259,13526.86837165806,18557.89403271777,25418.683579569366,18832.95672815279,2915144.341016419,2758172.180682153,1232731.592950916,[-0.90694553  0.40168773  0.12687306],[-0.16760538 -0.6204156   0.76615464],[-0.38646894 -0.67359592 -0.63000817]
6,108390.84332871191,24927.224675566933,197413.1323251777,1025.6025987676692,2879.0608028804318,1392.6678960620093,906.0066416023745,555079.4893716166,555033.2032910351,7931.164801811244,[-0.84894504  0.31172157  0.42675752],[-0.22465085 -0.94378648  0.24248521],[-0.47835585 -0.10998518 -0.87125137]
668,101722.13229179378,32060.806286911487,75113.84881978374,17029.0735722269,18401.89896717061,13700.08102389871,15295.049977795341,3436636.1132471673,3407626.807467258,635153.984218331,[-0.61801564  0.19853877  0.76068326],[ 0.06466386 -0.95147025  0.30087031],[-0.78350192 -0.23513127 -0.57518521]
2,101261.31542421255,24498.465654798147,173833.69842076983,761.1903582236409,1498.223774978098,1117.125644592903,1157.3969681521849,286622.59360514994,286613.06067069655,2337.6522236161927,[ 0.85913114  0.05731008 -0.50853637],[ 0.11060774 -0.99101667  0.07517911],[0.4996595  0.12083677 0.85775221]
5,172055.18428975658,143801.96786301315,111780.08546505682,717.3785173598089,2928.351143789077,1685.8957167114127,2501.568600409948,560303.2958939674,560284.7248126745,5325.787033860822,[ 0.30383599  0.33094903 -0.89339601],[-0.66045309  0.74900529  0.05284684],[0.68664794 0.57398939 0.44615108]
7,85669.19391846018,27804.898331402397,35285.970477269955,2688.374232481338,2345.209789292832,2326.8243709378676,3514.960518832767,256154.0952301944,256130.4854242738,6336.780821683745,[ 0.20790251 -0.9474522   0.24312728],[-0.4156946   0.13941397  0.89875566],[-0.88542337 -0.28792025 -0.36486625]
517,164602.42586547066,178756.16306210507,193105.59282252082,12855.536858944482,16452.41837912558,7915.424083769586,16216.184450679835,7072529.602439968,7070182.8700191425,346931.8308951548,[-0.45322696 -0.42655205  0.78271238],[-0.71650317  0.69669449 -0.03521356],[-0.53029099 -0.57677563 -0.62138663]
211,48904.882855641124,73408.80369483089,111362.77133191533,8751.339455130907,7966.6641894984305,10460.303606908099,6794.461393491727,2072846.8551188777,2069434.7392801275,207157.18955838348,[ 0.72711944 -0.6749305   0.12556329],[-0.59449212 -0.52756553  0.60683913],[0.34333137 0.51589092 0.78484401]
12,37238.43945697999,179741.17052628435,24806.977035197455,1734.9575241434118,3114.8210033870682,3335.7107096130258,2755.3853531999152,641848.911999888,641734.1518924398,13957.539224833601,[-0.91882536  0.13941149  0.36922135],[ 0.33964657 -0.19713518  0.91966186],[-0.20099794 -0.9704134  -0.13378217]
119,190374.50495537135,31708.357860252265,123276.03593905995,6153.472832197691,7116.546273567671,5241.791282218053,5253.055438731206,2500234.327685239,2499577.610567358,102078.33990531601,[-0.47972232 -0.31040815  0.82067855],[ 0.28049731 -0.94050341 -0.19176705],[-0.83137702 -0.13820319 -0.53824913]
15,199685.71273524375,8022.871151144762,130328.02276162902,3136.0113114306455,2823.520497862496,2809.3680410707143,2098.33440431852,924207.1717156689,924130.2457306776,17879.867409475773,[ 0.27692386 -0.88691325 -0.36972701],[-0.47199557 -0.46070962  0.75164276],[-0.83697871 -0.0336383  -0.54620061]
387,146637.65540925812,15571.62563591528,13276.224080088263,14199.107167182372,9498.385797792254,10795.99516961373,13986.784818788123,2934691.2135452162,2930630.9951026067,286696.9641930496,[ 0.02030955 -0.76515168  0.64352966],[-0.13557704  0.63560918  0.76001305],[-0.99055862 -0.10268337 -0.09082806]
24,152196.33119467288,172750.22903421757,167224.05182173217,3267.1886669064447,1990.2355783247638,7156.011883465376,3172.829476953587,1394570.3211164768,1394122.1721885088,36461.284817773965,[-0.61764931  0.75552838 -0.21837167],[-0.57668531 -0.24630148  0.77895419],[-0.53473674 -0.60705226 -0.58783006]
2354,166999.74419871616,98451.42894201033,85560.86708853158,17716.607640445764,22232.356907838468,37693.641817722535,17842.344835303134,10481543.837691559,10368941.074592233,2125115.5448976844,[ 0.4253634  -0.88438292  0.19217918],[ 0.45132884  0.02323012 -0.89205529],[0.78445411 0.46618368 0.40902876]
13,55199.638532083314,192765.13250924955,56724.449881364046,3712.6571438764463,2353.499898807342,1747.074630070432,2173.9031263943843,751495.3772676624,751403.642445956,15118.386052885526,[ 0.25112412 -0.33868478  0.9067686 ],[-0.93099048  0.1718975   0.32203722],[-0.26494036 -0.92506425 -0.2721447 ]
492,21109.18083010367,111103.08171940822,83941.47643829073,9594.710822242936,13359.548669697817,11281.262714896156,12516.630482834295,3149239.0275417,3142062.539133318,345641.05005626014,[-0.94004023  0.30074626 -0.16086036],[-0.30586026 -0.53467204  0.78776603],[-0.15091015 -0.78973255 -0.59459956]
5,47489.80034563192,16161.436846709872,2410.932362128548,1095.5614128916923,1866.744341598399,1955.0787497503284,1412.2691823446396,112447.49321937059,112389.09289581975,5673.095724914944,[-0.2350039   0.77761877 -0.58316569],[-0.22588175  0.53985128  0.81088719],[-0.94538384 -0.32228813 -0.04878273]
3,93594.55549241723,159961.14848991623,47648.97075885654,617.2545984738489,1440.0285016075507,832.8110229696528,1150.0295843574838,331456.0728059395,331448.1744038953,2339.7846107493133,[-0.26560946  0.41466495 -0.8703474 ],[-0.83081776  0.35952272  0.42483556],[0.48907408 0.83594042 0.24901837]
51,30727.596817375736,96579.64031871606,133176.04378831925,5394.415278608897,5983.318917232975,3853.234914046708,3277.5814979989104,1196691.0367709321,1195549.7791281168,59227.739893836115,[-0.74599128 -0.44537728  0.4951122 ],[ 0.64016084 -0.68449255  0.34880372],[-0.18355136 -0.57715598 -0.79573857]
344,185933.82830134407,175428.54578990687,104402.20216746304,10890.516795929463,10635.137976370546,13014.03902903662,14765.516159887084,5133363.343341607,5130325.533679746,248579.20642547653,[ 0.40975375 -0.74665048  0.52403714],[-0.61580434  0.19740332  0.76276926],[-0.6729687  -0.63525191 -0.37890386]
114,196252.93071465063,147907.76320333054,63711.33370986795,6618.781130497376,6767.558949650821,4861.485395043991,5226.428487200675,2712632.841852889,2711564.032434007,98503.40900654903,[-0.43066929  0.19176253  0.88190198],[-0.46561199  0.78987414 -0.39912944],[-0.77312964 -0.58251693 -0.2508876 ]
105,146348.87359486736,131886.74717564834,200692.629816518,9927.18333727107,7435.551971950278,2817.0989114756085,6759.217909987875,2883981.9609621638,2883279.778726074,110191.08496089146,[-0.05114582 -0.81685021  0.57457796],[-0.85217306  0.33569465  0.40138532],[-0.52075443 -0.46911068 -0.71326713]
7,187142.42216273822,108364.17257745404,148318.08926285314,1173.445834138067,3648.131246694209,3242.8052443325732,2922.20250142237,693910.3907048695,693837.8599950054,10812.763763136032,[-0.18892559 -0.66397762  0.72349212],[-0.67463858  0.62312546  0.39569867],[-0.71356142 -0.41333809 -0.56566927]
5,199853.51846359263,85976.14228416572,151680.11071922764,1793.276558342714,2975.436517598614,987.1186691935904,1802.0886768601392,593096.9407064397,593059.3700823335,6989.697357263076,[ 0.60585657 -0.00482563 -0.79555925],[ 0.25514129 -0.94598455  0.2000404 ],[0.75355208 0.3241758  0.57189974]
27,146068.13136174908,193447.96990989806,179976.94095639628,3731.301986823633,4710.866483935306,4164.33445487089,4205.955984287975,1569178.3663579568,1568975.512165153,31086.64033274175,[ 0.07978166 -0.71057303  0.69908573],[-0.87160771  0.29056293  0.39480779],[-0.48366816 -0.64082693 -0.59615933]
159,120052.48757324365,16847.176509246558,34948.18802937971,7282.541182285997,11831.966064876877,4487.302105899888,6280.880822601396,1600690.9181970262,1593820.8163637577,164839.76704377614,[-0.2825267   0.02433932  0.9589506 ],[ 0.11846026 -0.99114091  0.0600572 ],[-0.95191692 -0.1305653  -0.27714053]
224,135762.74981976164,197976.64302132963,83858.02335598813,14519.596809632854,5084.81064395444,16467.40175706912,11835.16941997872,3818764.626435708,3812006.8053236925,283090.1347125269,[-0.73873509  0.23985814  0.62987184],[ 0.40977629 -0.58213857  0.70228063],[-0.53512042 -0.77690589 -0.33175801]
124,115905.78137447537,8774.522164831931,181003.19141473572,4887.796160084783,4546.377594152963,8121.808316511875,7455.602285989557,2397729.589577709,2397347.1407330977,82506.06676417518,[-0.0111138  -0.99838767  0.05566456],[-0.8425684   0.03932785  0.53715158],[-0.53847468 -0.04093141 -0.84164698]
1597,104583.89693226159,94376.83383537401,143027.84676140605,17977.152155500993,27848.019727409304,21569.109891475466,17265.332645130155,8145556.839776806,8086891.11824953,1403927.9117313842,[-0.8413814   0.42533353  0.33341974],[-0.14476695 -0.77176929  0.61920489],[-0.52069172 -0.47271932 -0.71092656]
175,66481.91763358287,82003.15578904556,29092.476012002317,6477.1401890720945,4301.310017220125,13576.51568259589,7332.04073665991,1461463.019063666,1453559.100787505,183632.25072441724,[-0.75122804  0.65045586 -0.11208748],[-0.25980953 -0.13529816  0.95613462],[-0.60675814 -0.74739653 -0.27063441]
6,199112.558369845,132846.44613920085,127645.75973417137,2295.6848234467234,1721.6642625117506,1757.3122907186416,1930.0473202326311,664515.2790682013,664499.0009431188,6748.371227334457,[ 0.67703453 -0.4733401  -0.5635365 ],[ 0.05324143 -0.7322171   0.67898709],[0.73402288 0.48970119 0.47053496]
899,18394.256387116642,145587.2868850476,29546.92507120236,12091.828606621006,12762.215261401789,12325.450486575608,13633.88583866164,4525248.209170047,4515388.420594765,500115.3117618343,[-0.66796476 -0.0673567   0.74113842],[ 0.73392102 -0.22451777  0.64105516],[0.12321938 0.97213931 0.19940446]
464,162791.10832432317,194145.24059698015,14305.376609106526,14295.492657312032,6873.423642110612,9367.738871467871,10869.517789005233,5478117.568522815,5473859.893848198,321436.33483665634,[-0.38744928  0.25966343  0.88456653],[-0.66119469  0.59036783 -0.46291187],[-0.64242091 -0.76422557 -0.05704951]
162,129503.58681225091,170624.228035498,157232.976817091,7979.726232060952,8452.411689701206,8856.83126343126,7175.423363524681,3385959.3497147597,3384485.112499292,161502.50410975784,[-0.67864049  0.70490086 -0.20630529],[-0.54953651 -0.30096097  0.77937932],[-0.48729531 -0.64229065 -0.59161305]
65,34567.79452778304,27509.93135766479,110976.52855389302,12479.502069215245,3026.187756756182,11364.270995887951,13567.080194937746,972643.3999779489,969433.1131951849,84659.28640892234,[-0.37378465 -0.866526    0.33078351],[-0.87886338  0.44487621  0.1722914 ],[-0.29645269 -0.22631363 -0.92784586]
61,42409.16440083334,104840.78465239417,7687.237214181333,4014.6087346312247,3467.83849976667,5608.427535489419,3259.7798263852596,886854.4851672561,886205.4735303168,54816.30564188217,[-0.83786642  0.36845378 -0.40276753],[-0.39763685  0.09353836  0.91276257],[-0.37398503 -0.92492832 -0.06813815]
172,100092.06734463901,169624.30553619025,175239.53004139077,6960.027666114775,14857.297593895892,7194.169208310219,8204.694983538142,3464249.7369165486,3460255.6321955705,209549.04097993704,[-0.92457429  0.2392921   0.29648215],[ 0.03217467 -0.72634731  0.68657438],[-0.37964084 -0.64432824 -0.6638629 ]
75,64581.07968061923,26081.212909799768,99563.59305683873,6258.026973526904,5051.629332660553,5816.588128454305,6411.685312286286,1055055.1818724766,1054502.0833730926,65109.83300498676,[-0.384684   -0.80065694  0.45931109],[-0.75449964  0.55940162  0.34322022],[-0.53174102 -0.21451873 -0.81928823]
192,83729.63425258122,36123.177847627616,190397.1079999214,6872.816898808968,19594.20223936746,8631.35756187721,9209.258230303256,2940094.8105156003,2929798.585586924,282615.94528202293,[-0.85614405 -0.28561636  0.43062821],[ 0.33272311 -0.94231797  0.03649896],[-0.39536401 -0.17452833 -0.90179109]
12,174829.76442732662,196736.85370835944,169924.4760694198,4044.1545650764024,4605.87624314655,3445.5266200646283,6286.563246028896,1085496.9777200865,1085471.0342872075,10929.613222222524,[ 0.28618557  0.4678703  -0.83617893],[-0.77889212  0.62185677  0.08137089],[0.55805455 0.62800601 0.54238692]
83,7410.8466029977935,113149.63453520797,116178.03000386035,3566.199086831012,8437.949950735238,6081.078147704486,7270.861345887673,1482036.8293082733,1480827.53416052,75704.82533481666,[-0.9971938  -0.01094634  0.07405877],[ 0.05948088 -0.71655174  0.69499326],[-0.0454593  -0.69744805 -0.71519205]
82,21667.40842790495,134738.0046197546,163521.05952823034,10825.294537762844,10681.073006580724,3715.42059228623,6921.812243443312,1933575.90472575,1929999.3729281412,126893.38355160718,[-0.54579095 -0.6097622   0.57471933],[ 0.83190453 -0.47637279  0.2846117 ],[0.1002352  0.6334501  0.76726389]
12,4106.071297950283,20428.05205637546,151860.0295613703,2026.4679628047593,2470.4840468203392,1827.8677880316188,1885.6652324138672,531096.736204722,531071.7574188359,10930.57496844953,[-0.92065804  0.38939399 -0.02758777],[-0.3894554  -0.9113695   0.13315455],[-0.02670693 -0.13333401 -0.99071125]
140,112331.76650707242,168644.04650342764,198567.83693497395,7342.503998908304,7031.594219479497,3566.332336025802,5051.365613321498,3358822.8716581073,3357805.570602234,112742.16607287686,[-0.26181044 -0.65736139  0.70663378],[-0.88019956  0.46294545  0.10454783],[-0.3958586  -0.59460703 -0.69981316]
7,168386.637864857,15044.4687439662,39511.49375786584,2543.9938797038944,3483.33634501648,2072.895557695362,2583.9727616975333,459489.555360368,459411.0599139924,10640.322712369694,[-0.24328004  0.38704553  0.88938776],[-0.01091945 -0.91797086  0.39649751],[-0.96989463 -0.0867483  -0.22755031]
175,108986.72701172462,12949.128343365683,61610.05768724076,6620.093667348207,6645.728673663752,5670.748318297866,6840.945597356517,1669994.9076208507,1668825.7542963694,112892.4144486298,[-0.45916591  0.55289127  0.69532576],[-0.19821442 -0.82674695  0.52649836],[-0.8659548  -0.1039265  -0.48920504]
44,190458.93417894468,158782.90372130528,126897.041622784,2271.5575823206473,6724.433679174063,3446.317887557067,3253.514068575904,1848339.3079512538,1847893.8562785948,47774.18179505736,[-0.6804295   0.27250904  0.68026063],[ 0.26377118 -0.77499093  0.57429419],[-0.68369618 -0.57019985 -0.45544666]
231,163826.06032905215,151654.1336898284,147689.97506215252,6818.893833838662,6565.131438068215,8291.458155950351,7821.77694578218,4071883.1103265444,4070989.1242045998,149674.16070149263,[-0.7590137   0.61668145  0.20881138],[-0.22202362 -0.54665311  0.80738832],[-0.61204879 -0.56645773 -0.55183504]
2,40884.06575006881,47105.07255534093,13952.078067582275,101.10461486247004,233.75530221994268,1021.843465726768,459.96242073795656,90400.93144273132,90391.00434785782,1339.678580465271,[-0.74111529  0.66669197 -0.07918298],[-0.2039605  -0.11120809  0.97264221],[-0.63964696 -0.73699022 -0.21839684]
86,140608.48914537864,151175.88243535283,22669.042366853297,5360.674871525136,7757.393657924037,5615.587191026876,7214.331712780105,1928091.227688131,1927993.020985336,76775.69195780372,[ 0.55565176 -0.60207946  0.57336851],[-0.48296702  0.3275997   0.8120476 ],[0.67675253 0.72813375 0.10875318]
141,159806.4524601289,30329.64683648393,59047.16999331651,4240.50481094641,11978.925756887475,7324.266367017755,5354.631683638288,2060895.3330671878,2057096.3354875254,161538.5157310518,[-0.26969493 -0.33644782  0.9022569 ],[-0.27410681  0.92503622  0.26300847],[-0.92310893 -0.17638271 -0.34170022]
51,91367.88681750771,88635.8174544795,12921.789665234724,4043.4070710400356,5411.983171405129,7210.270394059382,4680.672139940395,915959.7864350313,914858.8768230346,62359.63685163523,[-0.69899097  0.69702792  0.15988652],[ 0.04138344 -0.18377649  0.98209654],[-0.71393209 -0.69309327 -0.09961269]
248,124080.634793588,15692.761645838567,111395.6721931768,7642.885373886796,9977.388393216497,15912.623348228393,11188.544879201954,2655449.239581978,2645153.1758183185,262911.1795225388,[ 0.47075144 -0.77840085 -0.41531338],[ 0.48201031  0.62118209 -0.61789875],[0.73895815 0.0906914  0.6676196 ]
125,69030.1788948209,79904.9964588745,136387.91461209254,7534.677432470117,6901.5640203409985,4683.185649058063,4794.379188668506,1931339.22140291,1930437.1301284973,113289.10065533631,[ 0.3705706  -0.87076618  0.3231775 ],[-0.83812028 -0.16353775  0.5203939 ],[-0.40028968 -0.46370429 -0.79040907]
7,4947.369695571922,182429.76914666747,15767.479546491417,2404.89666372947,2309.47893883859,2453.4492507270356,2442.0893938922327,484763.39726544823,484682.7431516339,8885.253385364289,[ 0.67990437 -0.08142071  0.72876657],[-0.73280879 -0.03904215  0.67931362],[-0.02685759 -0.99591484 -0.08621074]
3,68391.22316593425,29179.927341385915,47735.76613279274,1096.6144745954543,2115.7615912897027,376.536112180459,346.5738963166667,153101.4513091573,153045.7227391656,4130.702341784503,[-0.53036213 -0.12794389  0.83806108],[ 0.34579803 -0.93522121  0.0760593 ],[-0.77404117 -0.33013885 -0.54024865]
79,95787.94290714116,6663.423141549324,6654.715566915621,6672.361409852396,4821.629406684426,3682.9985428491827,6620.4143752786695,858740.0171217897,858032.0783211542,53960.619687951956,[-0.04111693 -0.35427044  0.93423865],[-0.08863429  0.93263635  0.34976193],[-0.99521523 -0.06842445 -0.06974765]
90,181473.67237958833,4248.785791153829,31186.58202635818,6261.7880167262465,2345.4098574471636,5891.969227756667,6529.686649693108,1749220.723518954,1748548.948505216,57471.29914256574,[ 0.0081824  -0.99609272  0.08793378],[-0.17096677  0.08524838  0.98158193],[-0.98524282 -0.02306545 -0.16960122]
13,36946.38269863382,127988.37030660619,123751.22219725978,2633.54229629279,2605.372502708481,2908.360990949213,2681.3332919459294,655744.8422103887,655705.9430183626,14005.475936539407,[-0.09945346 -0.6767107   0.72950095],[-0.97411164  0.21579373  0.0673764 ],[-0.20301606 -0.70391455 -0.68065321]
67,129638.0078386858,197797.04549512337,125252.69539249825,8956.773917968527,3939.5608960118125,3058.0264747467277,4457.828837156995,2191930.4026050232,2191029.5079599055,75598.57026976126,[ 0.02263227 -0.5453428   0.83790752],[-0.87438001  0.39555597  0.28106061],[-0.4847137  -0.73901063 -0.46788451]
305,87824.87111183771,169156.6068930045,35913.960408104154,12232.122940800755,14666.396211262385,7460.646190187933,16506.034514589683,3403877.5550605,3401699.759622073,211779.31142699512,[-0.16461441 -0.12214508  0.97876589],[-0.87601535  0.4741569  -0.08816084],[-0.45332019 -0.87192649 -0.18505402]
6,169254.51870448116,200608.57069559072,81242.66060907335,1647.6538843335359,1606.7680875400308,1681.4854532598497,1437.6099712298715,673042.7658580588,673030.2685198642,6025.529133440961,[ 0.63096466 -0.23261562 -0.74011726],[ 0.47159734 -0.64249796  0.6039804 ],[0.61601911 0.73012762 0.2956926 ]
412,190347.51467325012,136238.15150403697,30649.053632991236,10061.411733161185,12309.639827278383,12844.460187774488,11337.898167894808,4807079.8067474365,4799982.317281787,346190.0444843753,[ 0.52262434 -0.59163001 -0.6138711 ],[ 0.27755912 -0.56273353  0.77864749],[0.80611707 0.57732566 0.12988594]
62,31409.996899313854,174312.19593160768,103407.95389585136,5476.271739315185,6798.510781625145,3977.963786495623,6050.05786440611,1616347.0863403159,1615979.881561517,58698.79537357175,[ 0.38237726 -0.52107726  0.76306364],[-0.9112857  -0.07610839  0.40467999],[-0.152794   -0.8501094  -0.50395238]
74,25825.479022774958,6680.733906461103,116145.40111163669,6447.017610714507,4835.958627808107,5856.427688538931,6014.881499094934,1028040.6154281299,1027116.6207381476,68200.20282305854,[ 0.36082987 -0.93227466 -0.02580255],[-0.90706447 -0.35723738  0.22274537],[-0.2168775  -0.0569686  -0.97453513]
142,59153.21483948111,169782.66664890829,79104.97371060192,6989.170452863255,8114.570854980837,9604.969034665795,7760.413363040982,2346061.8483450334,2343394.036302018,144230.60656567596,[-0.75523816  0.47367027 -0.45304723],[-0.58246309 -0.16802713  0.79530097],[-0.3005862  -0.86452493 -0.40279596]
125,38788.98645434064,80598.98342291117,185961.99126064975,4838.722187750497,7883.1852606586,8245.453361412745,7529.898332062798,2310575.1265058066,2309391.386126141,109550.4196971347,[-0.98004556  0.13551071  0.14542197],[-0.06535725 -0.91060443  0.40807842],[-0.18772088 -0.39043106 -0.90129044]
32,122527.54046905212,150326.70822659638,173774.2801250634,4021.596072731291,4105.613313658702,2176.9622495668395,3010.1090682570803,1473341.4899480445,1473266.6591659451,30313.799730859006,[ 0.46355447  0.48171502 -0.74368534],[-0.75079183  0.65926837 -0.04094936],[0.4705623  0.57733514 0.6672745 ]
2,164791.11017414543,164221.14262281434,41724.69073583358,301.44311757036485,1337.1813195189898,995.0875286553419,1314.8852076511248,334270.8860035379,334267.4751974921,1510.051219084439,[-0.42642333  0.59990354 -0.67696299],[-0.57626951  0.39668859  0.71452894],[0.69719194 0.69480494 0.17654885]
140,194926.57095088484,174631.49060216988,157946.5548907816,6583.062200607695,9513.503371337672,9947.54326762284,9384.554453763987,3620502.0282337735,3619397.9840903278,142146.44969506047,[-0.64596339  0.76198445 -0.04594558],[-0.41999566 -0.30449716  0.8549182 ],[-0.63744408 -0.5715428  -0.51672418]
122,10163.3129597512,156738.0246303288,126231.44847172358,4764.293278884301,9627.00108536019,7571.208751935397,8715.560911481527,2229871.9252214,2228331.307302425,108824.9875190011,[-0.97285738 -0.10363882  0.20689975],[ 0.22588025 -0.61952192  0.75177836],[-0.05026551 -0.7781077  -0.62611643]
40,35003.138261394655,13128.724696925881,151784.79313959222,3384.4213552066467,3862.3442730202974,2856.501019914373,2850.4513313614802,989253.4459845253,988927.9921711877,32528.402189518074,[-0.75703119 -0.61248336  0.22752564],[ 0.61380905 -0.78601511 -0.07361182],[-0.22392461 -0.08393086 -0.97098578]
11,21804.896414658924,7496.586832989191,137664.92603725975,2192.9469327950765,2468.0840416061824,2051.6080948378353,1905.0473494761054,463098.00747319066,463010.8262836176,11219.284986623965,[-0.74284249  0.66449439  0.08143855],[-0.65100079 -0.74536228  0.14364207],[-0.15615058 -0.05368687 -0.98627315]
189,12887.928168421611,108913.84033921696,161992.77449685332,6351.194048160121,12347.448278865135,10122.679500056145,6314.003165173033,2698318.72266783,2692310.2326017036,219557.41425594766,[-0.99323248 -0.04367343  0.10761913],[ 0.09607026 -0.82964427  0.54996444],[-0.06526676 -0.55658154 -0.82822536]
46,193088.08002001184,30721.733612868582,90702.75651951227,5195.174527961488,4772.008321242622,5580.467693239884,6118.59916882527,1462809.4123402915,1462664.8522082372,44663.90784364896,[ 0.03235648 -0.96536605  0.25888499],[-0.44333948  0.21828175  0.86936942],[-0.89576959 -0.14290367 -0.42092205]
3,46455.926572368604,77946.78001139197,35575.50994850241,559.4245392969447,1423.8768519996383,648.9400634951562,1124.162829710455,168839.2549655187,168826.0653079981,2111.3732021966202,[ 0.00181453 -0.4160999   0.9093171 ],[-0.87916348  0.43264252  0.19972986],[-0.47651682 -0.7998008  -0.36503479]
20,158943.10988797422,24794.747489087258,116413.4306904674,3341.9124059319865,1994.9919316711737,3309.9078012402883,1954.8749106921246,888280.6053664433,888113.7420069213,21138.661006603506,[ 0.07313195 -0.99109458  0.11128008],[-0.59488693  0.0462063   0.80248023],[-0.80047564 -0.12488601 -0.58621006]
49,71866.54515401754,140141.9104503303,199456.250967862,2823.9073735008233,5173.560066100433,2970.4091010108727,4354.251076552504,1779511.7887048093,1779313.3236168239,34807.38134144561,[-0.81387647 -0.29502001  0.50056797],[ 0.50761183 -0.7802233   0.36548849],[-0.28272837 -0.5515567  -0.78476103]
96,173555.5381159333,76101.86084391992,156844.12284409546,9068.899560478752,6410.237837954485,5285.3014794209585,8568.647811729328,2412921.030700531,2412041.1104037613,86187.72054754464,[-0.38087456 -0.5929985   0.70942748],[-0.59733848  0.743462    0.30075071],[-0.7057771  -0.30922004 -0.63738659]
206,195772.91460412534,45295.04091249406,152956.77083056734,7322.077725405389,11575.88254167727,11148.891283993304,10624.537587966346,3631809.0603299346,3629402.273165091,202441.35078493392,[-0.57528593 -0.19785697  0.79366159],[ 0.26218297 -0.96371127 -0.05020631],[-0.77479429 -0.17920156 -0.60628427]
20,75411.6530244672,178802.6268422974,180624.07774617287,2221.493685357785,4145.409921376967,2854.434641862686,4111.388462213873,1185819.2165980462,1185778.2273577806,16359.731971949654,[ 0.93775233 -0.34346982 -0.05146898],[-0.19928112 -0.65350669  0.73021644],[0.28444263 0.67450537 0.68127447]
4,185632.21280552007,98867.56190485829,172466.7487829794,733.8572238957149,890.0924756146114,1130.4352617051534,553.3419720945823,543990.4093894869,543982.7366210131,3037.6999177753673,[-0.08077202 -0.82473435  0.55972237],[ 0.72642058 -0.43322068 -0.53351006],[0.68248738 0.36350116 0.63409611]
586,148151.13922435333,23627.345956596924,177476.30287167526,11128.366569323724,17272.654883590305,13914.497695391643,13713.83816277486,5652073.904426742,5640279.599241656,506661.7068714148,[-0.6878808  -0.37261488  0.62287892],[ 0.34800795 -0.92241141 -0.16747433],[-0.63695405 -0.10156444 -0.76418205]
108,60558.77504674193,52895.50090927611,69654.71988246654,3686.3081789990783,10816.149993914005,9820.912961602107,5454.817470115271,1114523.702239559,1108930.875837486,147093.37624834923,[-0.82216808  0.38710522  0.41735979],[-0.04600168 -0.77596557  0.6290956 ],[-0.56738302 -0.49802307 -0.65578161]
15,133239.88009579224,49641.991070649914,122695.03525306331,3206.6997347276574,3384.1883321769765,2682.5629698505822,3915.6368206809634,727618.5551161336,727580.1412213224,14292.246984938358,[ 0.67952584 -0.01089961 -0.7335706 ],[ 0.18687212 -0.96433795  0.18743301],[0.70945292 0.26444947 0.65325572]
8,133534.75029757508,169595.85649733705,3239.836108679552,2741.0024888498597,1719.6628456476246,1458.333732641852,1793.2507072262445,610680.1644737752,610633.1763920351,8654.68780538566,[-0.30427925  0.22188978  0.92637955],[-0.72440538  0.57761706 -0.37629161],[-0.61858789 -0.78557206 -0.01501874]
6,187471.62776623736,103685.05179453257,7512.162170434675,2109.722327502422,2303.455778488341,1188.0598921294254,2591.477470346024,525141.7574274603,525133.3656694043,5167.969182418326,[ 0.15143468 -0.20382149 -0.96722507],[-0.46073238  0.85116049 -0.2514985 ],[0.87452456 0.4837175  0.03498806]
5,45560.97786669258,139871.45087089684,114717.48200559846,633.059271399091,808.4096299823826,688.8151856990316,761.2752506123235,417140.9374556473,417136.96508766053,2177.091506453199,[ 0.71389977  0.29015532 -0.63730448],[ 0.65627664 -0.59466231  0.46441115],[0.24422959 0.74979105 0.61495145]
3,178047.65419005454,14388.23537446955,15605.563250801259,1008.1125670730795,1121.2075118637117,2409.3888507469474,1134.0659755920994,310609.1160825297,310578.9481214308,4505.308679545324,[-0.03945906  0.91756396 -0.39562527],[-0.11165863  0.38940479  0.91427362],[0.99296291 0.08025135 0.08708838]
73,138062.69213322582,41989.059634817495,8450.2260546346,5958.668610114979,4522.320932081904,5972.723973470303,5555.667969615849,1237334.7878572494,1236426.2528867049,66458.91850820163,[-0.27536008  0.80015394  0.5328513 ],[ 0.10820602 -0.52495967  0.84422083],[-0.95523206 -0.29012244 -0.05797147]
83,158924.7337921634,113669.27433583551,24362.13404124798,4435.764113270589,4166.182288715003,7815.259741037819,4423.827228196843,1795811.0181198653,1794684.382742343,80567.56861257568,[-0.5887183   0.80266013  0.09564249],[-0.04399016 -0.14995783  0.98771328],[-0.8071404  -0.57727755 -0.12359207]
4,153341.47620634912,51234.05567686183,112509.00567252566,610.8947487093775,1745.8317659499107,754.6156609411279,774.0798093069025,393958.17851533357,393941.40928487625,3680.93830214321,[ 0.46365244  0.37506503 -0.80271579],[ 0.42304996 -0.88975208 -0.17137666],[0.77849544 0.26012968 0.57120697]
40,8678.313860849525,201143.01227603323,79602.19195899888,3696.3503996733857,3113.9996716436544,11193.924567439146,3606.75579526394,1371235.3175270883,1369604.6890431675,73596.83555250213,[-0.98945282  0.08816271 -0.11493672],[-0.13922512 -0.35973141  0.92261025],[-0.03999348 -0.9288814  -0.36821172]
174,135405.026835531,115141.23786451205,168770.08862718276,6511.028224385956,10257.029521838671,9007.208136656414,6936.236284351793,3238370.8187105623,3235358.221354156,176742.66536969264,[-0.77707268 -0.00921627  0.62934339],[ 0.30177845 -0.88292421  0.35968681],[-0.55234754 -0.46942507 -0.68887756]
94,100733.01713831472,162515.20382508065,72191.80752133302,9654.107002301756,5313.641749448723,8117.4884629739145,6796.623851392648,1984791.4671989516,1983712.9662929452,116024.82978781947,[ 0.26154469 -0.52305214  0.81117867],[-0.82965425  0.30763758  0.46586796],[-0.49322227 -0.79484312 -0.35349145]
5,6220.846782605522,42078.44346563429,76015.09806679329,2318.1227715239243,853.2633713744602,1882.741528935245,1991.0828171151547,194894.31399763963,194834.21211798134,5309.949616044088,[-0.09346853 -0.86784179  0.48796953],[-0.99304041  0.11653471  0.01704137],[-0.0716546  -0.48298062 -0.8726943 ]
55,172394.38900863662,4280.591090207151,114543.08456827646,5443.778451240082,2123.6038982773384,4940.095471413978,5308.874065586413,1536296.8789686833,1535898.5923258527,40708.40560608162,[-0.06242491 -0.98940956  0.13104143],[-0.55010216  0.14366242  0.82264739],[-0.83276092 -0.02073248 -0.55324445]
128,111743.24451222266,69551.36235807544,96464.31777735718,7023.176316848313,9170.477501061076,10149.682491920956,12329.542781039045,1853321.6567847768,1852642.3537134507,102696.83235647631,[-0.70028314  0.6122318   0.36711817],[-0.20545279 -0.66535918  0.71769514],[-0.68366123 -0.42716435 -0.59172455]
42,171674.66910581174,198787.77190825163,104238.68292496998,4473.924214016466,4268.899013010718,5625.170033617341,5911.082988418383,1831988.5606836542,1831940.0696593875,38201.33542860143,[ 0.79300225 -0.51019888 -0.33293323],[ 0.04589164 -0.49491281  0.86772995],[0.60748776 0.70339066 0.36905311]
3,200114.96039986404,27989.7219977272,102884.3851585944,1193.6286535325983,1000.6967241537266,288.5762610324811,1288.175442254594,392748.3873499397,392745.37776592735,1593.9672883468975,[ 0.47002183 -0.26016118 -0.84344273],[-0.01391402 -0.95764002  0.2876317 ],[0.88254512 0.1234575  0.4537316 ]
18,44280.34999413787,114214.792874647,44486.145813353454,2103.0848069544636,3183.080045227945,2651.942527599102,2936.4016668918607,553204.9758805634,553135.9151914055,15308.514570713882,[-0.87105295  0.43001168 -0.2373957 ],[-0.35479996 -0.21658975  0.90950858],[-0.33968184 -0.87645812 -0.34122927]
16,137724.45694499332,179537.43442836468,56243.81549864241,2071.9514956320336,2685.9188706584314,4328.304910388847,2616.138745895966,932889.8129800296,932734.6839303254,19312.99671753262,[-0.79453051  0.60718005  0.00732526],[-0.14079689 -0.19594887  0.97045365],[-0.59067547 -0.77002365 -0.24117641]
16,10528.927857108954,68806.89766720444,51339.57420138466,3737.224342947794,2101.0329121534455,4215.886602480652,1600.8337021684008,346688.24868408503,346145.76057193725,23222.97877082467,[ 0.77716081 -0.44855211  0.44138653],[-0.61742205 -0.40784309  0.67264703],[0.1217008  0.79527669 0.59390563]
2,61248.15544193134,203823.16340551485,43750.402126955174,99.30058549901878,81.08035637553257,73.2855256238945,33.311407024462824,307276.2209392038,307276.1535869365,203.44900056831742,[ 0.59136457 -0.0046121  -0.80639114],[-0.75553041  0.34638903 -0.55604715],[0.28188959 0.93807962 0.20135762]
11,40095.69254483066,4048.8705016755744,27967.82532939705,3105.2744927028184,2668.9520170982587,1077.5570088872073,2501.5759879589637,163214.63271264228,162981.31072331526,11407.5102416152,[-0.47912115  0.64609294  0.59414379],[-0.31723924 -0.75860183  0.56910678],[-0.81841444 -0.08418537 -0.56842821]
2,96688.32354634648,147018.79374682394,202021.69923874445,1280.483105663654,331.0153409683553,646.3411744777695,1131.1484433782462,378888.08783950313,378885.74561924365,1332.243680705629,[-0.11154435 -0.77735385  0.61909519],[ 0.92590522 -0.30755011 -0.21934552],[0.36091188 0.54875671 0.75406146]
2,58024.64875521662,106790.90534074913,50338.490906021936,904.8255940270137,1011.966826012278,1594.5846997062072,1032.4875127427877,186061.85251112518,186044.01324872786,2576.449917791425,[ 0.49796797 -0.57610366  0.64817627],[-0.74668663  0.09526214  0.65831922],[-0.44100678 -0.81180644 -0.38273141]
35,142831.10041516606,199857.97354721936,162906.67353758428,5425.4840128671,2343.2820775785426,5893.920343718585,5491.437562697259,1744387.2502550515,1744243.0470154928,37176.23655077713,[-0.66644085 -0.12318508  0.73531083],[ 0.56652882 -0.72480942  0.39204134],[-0.48466657 -0.67784714 -0.55283051]
4,2799.027082443457,195605.9952806969,16482.903321804944,1541.8186324491005,1028.9623992647018,1196.121491630083,935.1777607617805,392662.6190630855,392643.32826126623,4003.263186594746,[-0.6281234  -0.0564022   0.77606687],[-0.77798352  0.06376839 -0.62504018],[-0.0142349 -0.9963696 -0.0839344]
7,82208.26899324245,125864.03094273958,108383.6329919528,2363.8393613240514,1785.2483120900374,983.5622177889923,1971.8436697844015,490393.5784706389,490374.21103744005,6417.336963911643,[ 0.43105119  0.41038128 -0.80360567],[-0.78573374  0.60858292 -0.11067669],[0.44364104 0.67912741 0.58478081]
13,44549.21937888992,200557.25305247933,72172.0478377537,2495.862925283492,3640.860239900359,2245.4660054090677,3567.102413955336,785280.0779596916,785272.2698186713,12379.43607837012,[ 0.97838658 -0.18209878 -0.09797828],[ 0.02989949 -0.34426019  0.93839807],[0.20461116 0.92104558 0.33137489]
22,188408.62442552386,88341.90069523192,95688.66202240688,2311.3406418504837,2408.211751396745,5441.994857424727,2149.444211933161,1074660.224017112,1074373.8130899603,28109.749431312925,[-0.50045979  0.8398939   0.21004342],[-0.2699616  -0.38190655  0.88389373],[-0.82259391 -0.38564961 -0.41786797]
7,139152.07833370505,166138.18229618043,37458.54838197375,3457.5548840362435,2989.9529145317515,1624.8117733418767,4064.051632201542,582000.1485748546,581990.3622405276,7019.951368444782,[ 0.77231761 -0.63154681 -0.06836765],[-0.0558433  -0.17470848  0.98303534],[0.63277724 0.75539763 0.17019809]
19,85768.79262832085,196024.71188772228,188554.43012256885,1803.3241459064102,3310.2525932201947,2042.3006100804673,2793.2250329858125,1243242.529250226,1243208.107847051,14158.115085946516,[ 0.93784698 -0.0872432  -0.33590424],[ 0.17321276 -0.72104717  0.67088622],[0.30073306 0.68737152 0.66112027]
47,137993.17452442762,84344.69703440816,79954.66010198135,3151.158534536801,8466.806528035962,5753.034110545225,4179.431007986572,1238720.2874847217,1237492.1147913067,67559.32386195716,[-0.63913551  0.46372376  0.61356832],[ 0.0818891  -0.75221376  0.65381085],[-0.76472216 -0.46811829 -0.44279261]
78,142714.1099219359,145312.75208050685,94934.11641275839,4073.2592842355643,7021.168694410583,9293.149838163281,7107.097558576862,1986917.634695849,1986267.6532931197,89240.06843437844,[-0.74273363  0.66163479  0.10288903],[-0.21332532 -0.37947247  0.90027382],[-0.63469604 -0.64671481 -0.42299042]
4,191663.64830697112,165657.07178723897,184654.30970032967,604.6113182841087,564.8172131833669,1505.2610041841115,775.7485604305159,626984.0844795418,626977.374734539,3066.154502725839,[-0.47257036  0.84086781 -0.26385334],[-0.63473264 -0.11704631  0.76381584],[0.61138509 0.52843305 0.58903886]
4,59013.63549524023,182185.8592253293,27387.07562305135,2649.042975333808,3815.752701109328,1544.622697798142,3414.0272666814444,387027.66740386357,386972.0133606838,6981.310075883325,[-0.40790786 -0.00515838  0.91300852],[-0.86059624  0.33615068 -0.38259225],[-0.30493488 -0.94179409 -0.14155778]
2,151974.00602189958,60280.2235544215,199870.24594107355,1633.564017831799,719.0171263341836,43.70028424705379,759.7320598167571,365187.9146341067,365180.7670419004,2284.814543214012,[ 0.33816128  0.79854745 -0.49796478],[-0.73433509  0.55482462  0.39105194],[0.58855665 0.23343439 0.77402162]
44,118575.0644997877,143925.29844572095,154196.4345324472,7729.168385733007,5712.279232510741,3822.9819478530503,4666.9965513258885,1606106.6166088898,1605793.8241062711,61296.78728657174,[ 0.54426562 -0.77982442  0.30927142],[-0.68065905 -0.19499263  0.70617358],[-0.49038575 -0.5948544  -0.63692233]
14,125223.75353686254,128578.9907905231,6033.058893832422,2310.7926662745795,3884.7090801508043,2066.405483736413,3432.9804472007236,672165.9343792672,672087.6873012345,13458.302699606047,[-0.38020559  0.32983153  0.86409194],[-0.60774308  0.61515939 -0.50222234],[-0.69720303 -0.71609363 -0.03343421]
