N,MEAN_X,MEAN_Y,MEAN_Z,SIGMA_X,SIGMA_Y,SIGMA_Z,SIGMA_R,LAMBDA_1,LAMBDA_2,LAMBDA_3,EIGEN_1,EIGEN_2,EIGEN_3
962,129778.52655492643,116105.16926102903,128531.04378537837,19553.097521376774,13272.524039813135,16359.112152665606,18148.792415322725,6758692.742693872,6749212.357347099,695531.5765848124,[ 0.65816546  0.09018429 -0.74745235],[ 0.45244208 -0.84090755  0.29693545],[0.60175941 0.53361155 0.59425947]
921,18194.005695324235,146001.39822894757,28465.429064148357,12494.834786059026,12297.151053987382,12767.765873562965,13079.853686418595,4586856.843762039,4573228.494967513,528985.5031154417,[-0.69378918 -0.05455707  0.7181087 ],[ 0.70979357 -0.22052087  0.66900196],[0.12185916 0.97385526 0.19171925]
431,144160.99673547407,24024.266040576636,12671.260873763185,12911.128363756572,17644.119431848234,9120.564045710431,13709.779609299681,3079296.5546538774,3063400.6144269956,409394.4947779562,[-8.78713595e-02 -3.30211261e-04  9.96131776e-01],[ 0.16418825 -0.98632744  0.01415651],[0.98250743 0.16479709 0.08672415]
28,151287.12631537765,110410.81603253378,106274.25287269069,4202.7633713458445,4986.554617603425,4345.767106536868,6668.690014941428,1140184.9625633147,1140089.38119949,21840.73054573689,[-0.70818025  0.5729202   0.41260535],[-0.07113436 -0.63932564  0.76563871],[-0.70243906 -0.5128598  -0.4935121 ]
480,117053.9263616444,10129.147449030477,84928.32600642246,12540.86606040772,7563.098432485709,24458.312221119057,20829.833861525392,3233676.0266191685,3210829.7047127476,436403.0867932241,[ 0.20010873 -0.96654417 -0.16046453],[-0.56449465 -0.24759798  0.78742684],[-0.80081352 -0.06698961 -0.59515553]
14,202000.30286924378,177186.43846452126,192617.25270909345,1653.5672160364682,3426.6570601056055,2535.925606002704,1649.2184973213955,1237103.0798552912,1237062.0660924944,15955.001485369141,[ 0.7680138  -0.22283935 -0.60041438],[ 0.1919702  -0.81430104  0.54777848],[0.61098466 0.5359631  0.58261592]
56,140606.9581949616,152887.241762095,23603.632729582016,4681.013225421406,7832.547696356723,6626.240522070733,8578.515242773638,1566485.9064416876,1565875.1923147903,54943.09806639765,[-0.7398002   0.66943558  0.06746604],[-0.0262033  -0.12886286  0.99131617],[-0.67231618 -0.73160807 -0.11287419]
132,190087.6044784804,31282.21132527272,123492.89652746402,6180.377570035572,6283.947296030496,5383.912482583632,5446.489424141237,2630977.431642902,2630548.480491119,99996.59882698981,[-0.50760068 -0.21226028  0.8350372 ],[ 0.22835906 -0.96766177 -0.10715803],[-0.83077896 -0.13629482 -0.53965733]
53,103457.4198605464,73252.50906246278,181523.56900403803,7765.831825794989,6047.965007669845,5604.512324821375,5702.732059090911,1613778.0104069214,1612581.992671216,70976.91547151882,[-0.45827296 -0.70248278  0.54452166],[-0.7560307   0.63021757  0.17675802],[-0.46733658 -0.33067167 -0.81991022]
1377,180232.62908987014,96448.61111127994,47873.154522166566,16391.127558936536,23832.906503335817,20915.071820707526,21353.954901212277,7888675.583148267,7842165.62641647,1081153.9926956303,[-0.50110715  0.6501346   0.57115376],[ 0.1185244  -0.60221868  0.78948377],[-0.85723018 -0.46331162 -0.22471927]
486,176003.52665838873,121862.13070349711,80008.99387373684,10731.134120046258,12126.34772047658,10671.805584996566,9709.740201168606,5053902.371650483,5045047.449246068,371180.77201662195,[ 0.52853706 -0.22567698 -0.81836329],[ 0.35669002 -0.81575257  0.45532403],[0.77033811 0.53255765 0.35065874]
5,59094.35453696741,67088.10939812646,2943.7640956301366,1413.575457485985,2323.316471077285,1113.8355161888546,2189.5258086267045,200123.08775656435,200085.320372845,4382.880525244119,[ 0.36136776 -0.35609764  0.86174695],[-0.65817035  0.55723338  0.50626351],[-0.66047341 -0.75012361 -0.03300673]
1750,23824.861801158208,42024.74510359005,35007.69162727689,13610.06339486282,18034.354368817934,25084.278653872458,18015.126686059622,2816377.5622406015,2640884.006863416,1240975.3758312238,[-0.90097365  0.42003119  0.10872109],[-0.18043211 -0.59061395  0.78652363],[-0.39457665 -0.68902029 -0.60791472]
674,19034.766518241668,111110.6511284697,87355.2202205489,11064.250986978723,14700.554376639864,15695.309606537521,13700.582673539266,3745466.6248649177,3728943.609437119,521159.6251991727,[-0.95321631  0.26984962 -0.13623456],[-0.27142946 -0.5656814   0.77867233],[-0.13305907 -0.77922124 -0.61246187]
2825,88508.59793547163,152067.76657942284,95738.90840251479,32797.04432999127,24565.21496718468,45329.86185099618,32773.440443200234,11095214.681976274,10834205.752120625,2704639.412371254,[ 0.47534888 -0.65403468  0.58845737],[ 0.76996777 -0.01435126 -0.63792138],[0.42566781 0.75632842 0.49676377]
223,163478.4690249875,152522.21040387382,146766.30127756894,7255.239515933759,6426.0132204697875,8286.432212257174,7552.115926143125,3997492.4837297085,3996352.925184419,153241.25878902242,[-0.77017775  0.58802039  0.24709967],[-0.18182664 -0.57374226  0.79859808],[-0.61136348 -0.57013317 -0.5488013 ]
2,45501.55039719261,88694.43419119963,147490.54914001885,92.4249506149281,228.22550963341928,1001.1527560404211,692.1285316331923,251760.27791041727,251757.9587231615,1080.6262432032306,[ 0.90023868 -0.43509978 -0.01607782],[-0.35247956 -0.74997715  0.55972532],[0.25559436 0.49821928 0.82852222]
2,29934.712595718258,110267.71751187336,15711.975802588135,1190.9503160025433,11.51422479262692,1071.031655530678,443.9678683745951,163122.58170546088,163108.06175514378,2176.431192335414,[-0.6663848   0.07520613  0.74180546],[-0.69896168  0.28336511 -0.6566253 ],[-0.25958403 -0.95605871 -0.136264  ]
424,13771.647953115506,47256.5939642105,153125.15973578254,9187.67606044965,14074.637910807012,14722.770137051059,14361.10766097785,3338509.8775712987,3330466.6887384234,351593.19311025745,[-0.99563286  0.06051405  0.07108631],[-0.03678526 -0.95415702  0.29703742],[-0.08580244 -0.29312529 -0.9522161 ]
139,195492.79231695272,175575.9836457309,160083.58633816382,6629.834287862258,8929.759242869412,9290.379935120947,9380.024741749203,3630620.2521710377,3630239.8651555316,130023.752871489,[-0.69819403  0.71239554  0.07083575],[-0.33029477 -0.40832649  0.85098464],[-0.63516177 -0.57075571 -0.52039163]
171,129909.61838159728,19419.439298801197,101065.42537998749,13315.813754457202,10390.496304496945,7180.262823481956,10781.489913542067,2178577.5770643246,2173620.5970441727,195886.4371994083,[-0.43626142 -0.59571523  0.67438812],[ 0.43921182 -0.79510075 -0.41821977],[0.78534639 0.11374608 0.60851695]
115,10169.225357729045,151366.67240667678,125794.36691948144,5726.736519597176,5429.636436025726,4540.616031155565,4184.951100950276,2114809.703927474,2114763.423380685,86645.04809789489,[-0.58142119  0.54266341 -0.60618959],[-0.81196604 -0.33978533  0.47461256],[0.05158054 0.76815516 0.63818265]
3,56975.4001553678,194059.81847900874,78239.60375881034,2493.677891823924,732.4481927128126,665.6505892661677,1242.6986186707607,375633.98357900797,375614.78260581655,4111.359303956893,[-0.14332978 -0.33357351  0.93176461],[-0.95414848  0.29656738 -0.04060132],[-0.26278747 -0.89486116 -0.3607856 ]
34,25129.0412235549,202595.77188344512,115155.08610935176,4984.798187814337,1753.7489216748004,5743.281848776134,2935.633835804333,1367191.5405320863,1367072.2782711454,42103.85679259376,[-0.71717016  0.40956207 -0.56384916],[-0.68861289 -0.29207621  0.66370458],[-0.1071413  -0.86426292 -0.49149807]
62,157386.86729466554,114593.66454247519,21231.22667685667,3359.179298517311,3843.0006468032257,5904.004904835896,3574.6081784094695,1543019.206830678,1542544.277266734,54644.21097141021,[-0.59450416  0.7810168   0.19125259],[ 0.0272348  -0.21815438  0.97553418],[-0.80363117 -0.58516786 -0.10842285]
98,173006.60916618962,8286.058205025798,108157.20286473724,5726.626018343387,5205.049759269603,11026.472586583488,7486.549624264593,2025585.4286565082,2023151.9389033164,110550.97493640287,[ 0.24752495 -0.91230684 -0.32623247],[-0.47087705 -0.40754381  0.78242114],[-0.84676219 -0.04005337 -0.53046162]
150,38488.166245851135,13526.346265983952,62989.92849242891,10694.696829741284,5695.088922113687,7309.371618750882,8448.990191021974,933387.8941346498,927212.4881607989,136912.05600737603,[ 0.01291269 -0.97843081  0.20617082],[-0.85626469  0.09565939  0.50760227],[-0.51637588 -0.1830913  -0.83656053]
169,98928.71374926144,191572.75404308242,13169.393982542551,11962.886774007444,7552.510480904368,7710.098343125933,7748.939757603289,2814396.0774497115,2811608.6924176244,181672.34811694166,[-0.26953326  0.07312514  0.96021067],[-0.84682998  0.45675743 -0.27249155],[-0.45850934 -0.88658072 -0.06118676]
396,100924.03080979113,172875.4307610485,188907.19979776148,9620.785586853195,14647.743214199863,11500.000675989702,13022.147066041942,5490310.426815105,5486114.175694965,327053.79715595103,[-0.78384737 -0.18909547  0.59146107],[ 0.50147316 -0.75451104  0.4233648 ],[-0.36620754 -0.62845524 -0.6862478 ]
47,188952.395402849,76923.04529106067,188757.8794977747,6291.053275524937,7619.764660395334,4084.705972205528,6638.547011539125,1906617.7576545049,1906242.134123707,57164.5407980793,[-0.72931826  0.35175003  0.58682773],[-0.07623761 -0.89415648  0.44121651],[-0.67991374 -0.27704891 -0.67894124]
269,135715.16710177757,198384.88587426057,84148.08214670193,14199.855412569657,4894.294675021652,14821.77560585593,10368.50181204111,4189097.9179122495,4182670.106455698,298081.61315188574,[ 0.7008688  -0.18755492 -0.68819044],[ 0.47285831 -0.6001703   0.64513614],[0.53402992 0.77757235 0.33195373]
216,49057.00794252502,73005.79137920888,113363.30134858387,8533.69304652826,6890.076900649381,11730.18739708928,7056.174278569663,2119327.4403641536,2114027.900618615,211240.71978097863,[ 0.63509049 -0.74475054  0.20495536],[ 0.69364973  0.43312348 -0.57554679],[0.3398678  0.50769152 0.79166861]
192,197317.54399938337,46499.45516828108,155485.51447217228,6276.2744082877825,11644.637204976256,12660.596529400707,11345.578009715226,3547249.8851213967,3545495.528086876,199338.29507215647,[-0.54686082 -0.29931089  0.78189272],[ 0.32490811 -0.93658884 -0.13128621],[-0.77160739 -0.182248   -0.60943228]
16,168053.84783829702,169151.98169378354,75926.52868622914,2943.244031439883,4328.654196411193,2196.0367829217744,3874.3202682470524,1001189.4125053794,1001096.5596881607,16583.273287958516,[-0.64674409  0.33506447  0.68516705],[ 0.36156361 -0.65629296  0.66223206],[-0.67156075 -0.67602614 -0.30330647]
86,13341.821882462178,62540.14666860856,114574.73329479832,5744.30044448649,7058.71195038376,4760.317748147726,5391.232390993889,1220037.2064111955,1218321.6749498027,81285.31561275467,[ 0.7340291   0.55664481 -0.3890345 ],[ 0.67160045 -0.67999305  0.29421471],[0.10076766 0.4772379  0.87297759]
635,143225.31741137325,15125.371425772752,175843.44296588228,15930.086194243067,8073.994626986956,13286.232451897335,13792.377872683199,5751409.095869986,5741991.595244145,438556.2248611871,[ 0.00396131 -0.99661078  0.08216602],[-0.77604892  0.04875585  0.62878529],[-0.63066027 -0.06625567 -0.77322559]
8,162696.51985226778,183523.58200308465,144854.9251580705,4049.1370569320525,1664.434655170033,1561.0942640300036,2212.399909052962,805748.8501341761,805682.9012655988,11562.528783716285,[-0.05030622 -0.5909201   0.80516006],[-0.81924276  0.48551873  0.30514401],[-0.57123601 -0.64427091 -0.50853163]
8,33425.347042666435,178321.8552841291,167759.16168403756,2520.1539947236024,1962.497136947131,1451.5797949278847,1578.1726800297347,698957.7994192598,698943.2885066882,8855.2908938631,[-0.02482069 -0.68251174  0.73045305],[ 0.99049579 -0.11566999 -0.07442141],[0.13528498 0.72166348 0.67889601]
10,30549.205186824856,199013.35355321437,146692.74552342377,3059.0059256246227,4073.5034038868207,2602.1033852757796,4607.4142256040295,787965.5879574018,787918.6557557281,10745.709708690478,[ 0.54337143 -0.5505674   0.63373735],[-0.83046893 -0.24214442  0.5016846 ],[-0.12275522 -0.79890025 -0.58880348]
107,69520.33439409366,190612.15876213886,194182.84210077082,5925.592309855529,8059.058019222436,7922.909488564276,9444.319716557233,2907712.9916549125,2907081.5979065504,88093.25506217385,[-0.01751224 -0.71037713  0.70360334],[-0.96885354  0.18591004  0.1635857 ],[-0.24701447 -0.67882383 -0.6915071 ]
210,84590.45021972433,36703.81609888514,189508.59475309224,6364.845798454686,17528.8304315366,9103.323091821721,9404.972204536069,3067900.3812239775,3058185.9773568427,266774.1685202668,[-0.81290491 -0.38461282  0.43733121],[ 0.42328483 -0.90594214 -0.00993903],[-0.40001945 -0.17703618 -0.89924559]
222,182872.23560122497,117621.59634456017,129067.43480774177,7813.027693270097,9709.289518613086,12592.104583629718,11879.731722450908,3774586.9704824085,3773613.525962865,197624.21850270944,[-0.68956238  0.43555271  0.57861693],[ 0.04634906 -0.77076678  0.63542926],[-0.72274165 -0.46498646 -0.51130432]
85,73244.61839512702,128428.01930994095,124095.50021525746,5198.524661614036,10725.850935486867,4702.514359647083,8748.320339634784,1783137.6500087595,1781821.9075310996,85672.43607827395,[-0.92121564  0.33630934  0.19559595],[-0.08554047 -0.66553485  0.74144871],[-0.37953205 -0.66630277 -0.64186918]
1004,100774.36979815117,89936.10304172043,160420.41424496655,23257.653739443074,24849.41240530063,10644.518073738023,23363.951586359784,6722073.943676243,6705269.650080622,846102.930420287,[ 0.740417   -0.66593568 -0.09117202],[-0.46573041 -0.60609569  0.64478152],[0.48464199 0.43494561 0.75891005]
263,191828.6337884719,48858.38534018304,18956.618767087326,9051.187456429358,8724.393699560773,9290.232570797216,9902.836690613965,3233020.4762632987,3230813.926189051,196136.26602919959,[-0.26385764  0.88306582  0.38803853],[ 0.01220021 -0.39920762  0.91677938],[-0.96448447 -0.2466334  -0.09456039]
472,165282.47218283953,186040.91974350554,192061.40490304184,12243.91309074652,10067.022472021185,10072.137455748465,11468.625680732852,6839571.519991529,6836152.939239482,321829.2970379449,[-0.36269336 -0.49388607  0.79027215],[-0.76934406  0.63723666  0.04515701],[-0.52589281 -0.59161303 -0.61108982]
78,42569.33802909787,105765.34580623734,7283.8131910960965,4723.476344770161,5031.304439227003,4900.030755391154,4663.4089642242425,1010904.2559114957,1010626.4732614164,62590.3808490073,[ 0.3957209  -0.22104433  0.89137219],[-0.83957469  0.30627443  0.44867619],[-0.37218183 -0.92592407 -0.06438404]
9,11337.506585593028,60716.60309463073,97352.96366268078,3688.2648739129863,2523.972135824289,1278.1124377453511,1766.7409649023157,346108.2142883563,345974.1368893294,12943.443990521007,[-0.15532808 -0.82990471  0.53584639],[-9.82975515e-01  1.83736215e-01 -3.73512307e-04],[-0.09814441 -0.5267819  -0.8443154 ]
412,162308.38303090137,194770.58920177867,13935.046706908408,14050.260912334668,6437.545217806196,8943.042572341705,10584.906876701614,5164574.296210673,5160497.064731836,292493.04472366907,[-0.40095742  0.27176632  0.87485782],[-0.65531739  0.58223702 -0.48120595],[-0.64015019 -0.76625264 -0.05535906]
292,89120.28875282624,173754.6215396763,35187.54299017653,10340.417367653561,11160.314019287502,6641.780342739326,12536.469943217195,3401182.846907691,3398640.2301955596,186972.86029795874,[ 0.00288973 -0.200669    0.97965484],[-0.89339635  0.43960541  0.09268249],[-0.44926007 -0.87548789 -0.17800661]
17,68592.02668437416,138931.2532102011,181273.99232241866,2709.13188800904,5119.7613655586,3623.385218659486,4674.779669801686,983562.2749619678,983488.4377035165,20531.382177082753,[-0.83603264 -0.23452357  0.49603238],[ 0.46731312 -0.77809524  0.41974546],[-0.28752023 -0.58272334 -0.76010895]
7,113824.25825323853,176621.61991304587,68047.47408132702,2865.2588397017407,984.2840664173718,1182.2821324499303,1577.122021808712,584413.4984866664,584375.8079520004,7515.710131440862,[ 0.2067404  -0.46491101  0.86088104],[-0.83163411  0.38001214  0.40493886],[-0.51540578 -0.79965526 -0.30807199]
18,142996.89335787605,152224.06575859356,53357.173304637705,4258.527084042009,4053.84512777353,1206.4002796206325,3684.524675703876,914887.0985337803,914711.6158564227,20067.093923989076,[-0.16680408 -0.18282445  0.96889195],[-0.72944697  0.68402846  0.003491  ],[-0.66338791 -0.70617298 -0.24745948]
80,69847.28291842042,82403.07302550584,134811.44373324068,7448.068214343325,7373.024526117515,4206.550057442743,4544.419968602411,1547236.7209211611,1546883.0554891073,92204.9011354968,[ 0.06500317 -0.8657507   0.49623614],[-0.9122689   0.14997267  0.3811478 ],[-0.40440084 -0.47747661 -0.78004875]
82,52618.29972082136,169020.4721075529,85519.78302977649,3827.5945797454956,6426.6704254129245,4786.985789263271,5837.765921190487,1781627.5837182219,1781485.8586112992,60702.24951391085,[-0.57334003 -0.22096089  0.78895976],[-0.77452688  0.46019749 -0.43396588],[-0.26718781 -0.85988055 -0.43498979]
3,11302.690865979319,10816.46522116555,160380.3015864526,2060.3799239317004,369.3317555625948,344.330114754675,349.5056548533631,279128.86570918985,279106.5568393607,3624.131720763804,[ 0.04532364 -0.99691725  0.06404507],[-0.99650669 -0.04061713  0.07297026],[-0.07014398 -0.06712862 -0.99527563]
149,32696.71556135297,13046.743999916569,119741.51378499177,10763.849202359277,10852.380831552186,8393.387724777645,10146.519194576556,1536905.096208934,1529474.1644659946,176891.5599097459,[ 0.70707638 -0.6975351  -0.11613684],[-0.65599163 -0.70835306  0.26059724],[0.26404161 0.10807736 0.95843691]
166,111188.32768297046,54336.255564225525,142442.72084784484,6679.099320933282,6714.100109307571,6432.704042334313,7210.838151828111,2434786.75686773,2433740.44050137,114729.33496058897,[-0.78504042 -0.0162856   0.61923043],[ 0.19031649 -0.95764512  0.21609131],[-0.58948382 -0.28749017 -0.75488955]
7,173588.2787606139,203765.96156795294,175532.61379995177,1977.6152655408996,590.1015631616617,2348.4067101873134,1786.9170377023522,846942.1940212855,846930.9496859835,6775.7608118145,[-0.35753676  0.76547945 -0.53498474],[-0.76032079  0.09405026  0.64270277],[0.54229121 0.63654989 0.54838352]
255,188917.68447195046,176379.3361689689,107162.54908571404,8997.724068517004,10753.647984091434,10428.248077687744,13643.4938838232,4475819.178282958,4474045.027483239,173815.98360222433,[ 0.48368457 -0.77022257  0.41569993],[-0.55734941  0.09515563  0.82480727],[-0.67484137 -0.63063666 -0.38325779]
64,54246.20059063888,14954.739734112878,188549.13539103023,6086.890942605836,7413.316927941874,3662.0374246242623,3920.393190017427,1575955.4239101997,1574759.0152566307,76007.48718212916,[-0.80231737 -0.53086926  0.27288216],[ 0.52929783 -0.8440799  -0.08586576],[-0.27591784 -0.07554435 -0.95820791]
652,86989.29904383757,40120.36497574259,75334.44504038859,14701.621173561525,14017.996445933244,13621.613612185925,9804.226929340628,3163806.773965925,3133132.485722292,566510.744950754,[ 0.55558601 -0.80327189 -0.21465895],[-0.42153084 -0.4946539   0.76001925],[0.71668399 0.33177069 0.61342666]
76,176691.80728614147,127718.16819008063,177396.07573126207,8998.36123432613,5613.987620885872,3378.44259840071,8089.378173735436,2451944.5379349203,2451644.52229409,66608.05423090915,[-0.0649803  -0.77786109  0.62506775],[-0.77472171  0.43413111  0.45971345],[-0.62895456 -0.45438123 -0.63083584]
31,5657.836350855225,178696.9633973577,188672.85940273738,2555.2291673430555,4146.7046002910365,6293.198545515611,6180.146941015581,1447831.9522865275,1447680.8788872284,27875.450696341573,[-0.97214702 -0.15487497  0.17590883],[ 0.23335039 -0.70960109  0.66484125],[-0.02185783 -0.68737184 -0.72597672]
65,77667.91277738565,122543.55669671319,103805.43831549292,7600.563653465024,6732.6912630076185,4492.088224023241,6015.51019219429,1440790.4860295206,1439339.0071259306,75336.30286597867,[-0.45032898 -0.39345732  0.80149557],[-0.77947178  0.61105092 -0.13798739],[-0.43546245 -0.6868829  -0.58186282]
74,142390.68648581053,106030.82672785416,171480.84897059045,3548.607076998025,7526.393711053256,4858.473910753825,4262.6695712921755,2124770.4249716317,2123720.4685615683,74532.39607120675,[-0.80299039  0.45422435  0.38585837],[-0.14967586 -0.7803653   0.60714672],[-0.5768913  -0.4297793  -0.69461225]
21,71598.23623524292,41821.16862105419,176333.14693201226,3268.924799139003,2812.9940242274865,3646.8587092891125,4000.828073575403,893267.1773934182,893176.2454322585,18300.83054793997,[ 0.60172495 -0.79678427 -0.05533459],[-0.70914338 -0.56484461  0.42197896],[-0.36748164 -0.21467511 -0.90491538]
91,177785.36814941384,4624.568819384007,33560.06579103392,7425.989833211606,3638.6505789969124,6761.083245499623,7032.630659098834,1729175.8347270705,1728096.533173733,76576.40862333165,[-0.01378012 -0.97814145  0.20748353],[-0.18623411  0.20638306  0.96058466],[-0.98240876 -0.02540354 -0.18500728]
69,139867.73492001655,136478.93815488892,5685.023060583857,8316.514292479464,11640.406051841133,4130.289601128347,10060.994611184504,1628353.0149778638,1626543.3262186937,89609.51262179384,[-0.16268795  0.12705608  0.97846276],[-0.68009931  0.70402083 -0.20449843],[-0.71484094 -0.69872128 -0.02812495]
30,36318.29423372905,10997.237754538488,151260.4119548386,3431.9306305611844,3247.0642237077104,4602.270093428987,4580.09055238741,854801.794545221,854648.1800491455,26090.721699097616,[-0.68437407 -0.69678337  0.21476746],[-0.69094166  0.7138342   0.1141944 ],[-0.23287712 -0.0702401  -0.96996628]
8,25411.309963430816,141025.1646915187,168910.27661499038,2090.60509219684,3256.5999442078223,1383.0024868043479,2910.748079551054,626595.4838501792,626588.8249896753,8183.951363820628,[ 0.43473289  0.65798506 -0.61486826],[-0.89322464  0.40200979 -0.20134019],[0.11470423 0.63674468 0.76249535]
28,10329.06087582162,101537.97344890122,51809.29714010458,5190.98523362192,4883.507475703354,3071.2335493086016,4170.428893441374,606836.5619589137,606290.5214035392,34375.65719587095,[ 0.5191611  -0.42934115  0.73901145],[-0.84987575 -0.16781505  0.49954912],[-0.09045975 -0.88741438 -0.45200968]
24,81901.0793863994,146072.36381514647,41637.31017940861,4438.961616477853,3000.2489942898355,5074.526699033799,4409.015966835947,846087.5436663934,845745.4524744656,28924.685216860315,[-0.71574469  0.53092359 -0.45368457],[-0.51214546  0.04261224  0.85784103],[-0.47478055 -0.84634765 -0.24141062]
17,13271.199272218426,176428.9280994631,101175.4708699348,3194.0013660946206,2504.71969723891,4052.361699467071,2777.4767474745827,840575.5249262184,840520.9532347152,20685.673968836225,[-0.95365178 -0.09252821  0.2863334 ],[ 0.29378869 -0.49212178  0.81945369],[-0.06508832 -0.86559499 -0.49649655]
176,67244.87668484391,81163.70611703719,28973.615971916905,6549.854936957281,3846.259897372024,14630.095115507884,7562.150115687589,1464871.4658605142,1455310.0476168327,194638.8243263345,[-0.76643896  0.64213851 -0.01514782],[-0.18510061 -0.19822551  0.96251982],[-0.61506836 -0.74051656 -0.27078798]
48,129808.30007839506,199111.61612240275,124767.05703911436,8138.549714069514,3616.114829598133,3637.4732800224015,4114.964140214412,1860885.8722033433,1860198.2336918372,60378.6202935423,[ 0.17672927 -0.60275178  0.77811121],[-0.85716841  0.29430662  0.42266527],[-0.48376552 -0.74166968 -0.46464719]
9,20742.47109782133,151744.22750820703,191179.29588080582,4124.719180211665,2800.491813012665,2007.8856708857918,2894.409627490233,735034.0889720389,734961.6592544601,13628.463653060298,[-0.13711513 -0.76853268  0.62494556],[-0.9869203   0.15999037 -0.01978393],[-0.08478068 -0.61948414 -0.7804176 ]
341,164165.99691949447,78148.9548929505,122292.37452536247,19730.50582126402,10987.9190979098,6447.141760767041,15509.25748453906,4066519.1635282426,4059389.947275468,325477.5272749737,[-0.32276512 -0.53783074  0.77882011],[ 0.57536401 -0.76485707 -0.28974112],[0.75151775 0.35458673 0.55631764]
15,123716.73068501019,54685.85876175577,68656.31119778352,2721.2433812829468,2238.435953010578,2464.3043061767585,2869.3672320160226,587680.6345360929,587651.1724359797,12412.81775030602,[ 0.46528303  0.05654727 -0.8833539 ],[ 0.34397292 -0.93107562  0.12157639],[0.81559447 0.36041725 0.45266441]
2,157044.06630057393,201307.532280205,120444.92522688964,461.3006603833346,507.28516517969547,816.5981285224916,453.5215749333147,399238.47082894575,399236.13817514555,1364.7581584627649,[-0.37913329  0.67467956 -0.63329728],[-0.73945613  0.19053975  0.64567735],[0.55629361 0.71309333 0.42665597]
123,88159.55788204582,89179.60187913584,102344.24763021505,7090.770098253469,6333.509793825736,9871.03499923493,4325.3007625194805,1800101.994919833,1797291.464103917,143694.1393707227,[ 0.54472426 -0.80556673  0.23310455],[ 0.63824725  0.2179314  -0.73834027],[0.54398156 0.55097019 0.63286327]
3,60436.39174891225,121225.87389789784,58156.70452796447,319.3218724925996,1178.750354677369,1807.6757560090487,1578.4827729365672,255353.91858192475,255340.8835034103,2607.2070244005017,[ 0.74090029 -0.55253135  0.38180606],[-0.5320024  -0.13584136  0.83577543],[0.40992707 0.822348   0.39459291]
9,180683.62284428536,1811.1054172356264,201867.23292748822,3131.6552075165137,676.9440647220086,1257.1333906675065,2308.5848515572834,812837.4052738503,812806.4774852492,7640.295999044214,[-0.03539344 -0.99854714  0.04063147],[ 0.74425597 -0.0534699  -0.66575071],[0.66695603 0.006677   0.74506716]
51,142300.675195802,47317.32658891241,175744.11302888102,3871.3797038652856,3824.5367219709783,4217.446034907175,3036.7649146588583,1650381.4655184154,1650247.169878323,44153.625577808074,[ 0.16237178 -0.97788484  0.1318205 ],[-0.7709103  -0.0423337   0.63553534],[-0.61589993 -0.20481478 -0.76073529]
16,93189.80763332918,2637.8798383392054,26649.111226977635,5237.6717987084885,1290.3634103772044,2737.9976344943593,4735.921845374747,388567.7657058134,388327.5349602019,15330.172399268387,[ 0.04894334 -0.99616524 -0.07252149],[-0.27059628 -0.08311784  0.95909805],[-0.96144797 -0.02731741 -0.27362667]
35,110464.3992498368,17575.82765848116,150767.95865649643,8147.846807186202,3719.4906521486714,2537.43399791396,5758.127468928463,1111776.8633226731,1111355.6525662716,43197.237737413,[ 0.07167743 -0.99539999  0.06357052],[-0.80486147 -0.02007762  0.59312301],[-0.58911829 -0.093679   -0.80259821]
9,81266.2752529894,40763.869645926454,1942.7276937541485,2893.737216639396,2680.4056675345364,1151.6954739661203,3055.509211966971,273071.29892337334,272987.0689372969,8258.081315926966,[ 0.03069858 -0.10870723  0.99359969],[-0.44776362  0.88724724  0.11090573],[-0.89362483 -0.44830244 -0.02143791]
57,72090.64000708978,143082.94256647347,199470.49774500806,3525.540545369551,5110.523203105588,2888.955016246102,4265.52737004957,1932166.0122837217,1932015.8193923277,40469.20517434871,[-0.71655009 -0.4176868   0.55865348],[ 0.63811196 -0.71599068  0.28314391],[-0.28172521 -0.55937026 -0.77957413]
193,107940.00781533869,88888.36908348503,40479.264212524184,6380.913434696553,5432.171907317585,9113.892939533363,5109.0817240301185,2028780.3546060487,2024443.318170774,156464.78756207798,[ 0.46216986 -0.76505646  0.44842795],[ 0.48656323 -0.20398914 -0.8494967 ],[0.74138738 0.61080033 0.27797072]
131,38563.60961206619,83684.46971319613,187335.63630594217,5404.009634894969,6077.865584338434,9727.588790557613,8383.311904040733,2393336.3967176815,2391959.5509947194,108772.43689865406,[-0.84455785  0.53167301 -0.06360692],[-0.50271391 -0.74638236  0.43611019],[-0.18439293 -0.40029637 -0.8976425 ]
5,202782.84269904232,8537.45729069881,196119.54829530724,938.9127348058267,2991.245664976848,1385.9656754885375,1421.3832573189004,631140.5262487895,631107.7242836669,6974.489117508635,[ 0.69206423 -0.13090828 -0.70986627],[-0.06947962 -0.99093231  0.11500318],[0.7184843  0.03026835 0.69488426]
37,61143.532782146845,7889.51093118021,38972.40549586613,2974.6725012128386,3521.9509808050198,3892.2987579750147,3038.2257918687064,444710.48828128417,444477.3300026085,31913.883427440378,[ 0.36911969 -0.83397629 -0.41016362],[-0.40157336 -0.54112417  0.73886634],[-0.83814646 -0.10801933 -0.53464225]
104,65888.8403293457,12139.586398302723,155699.08696252148,7201.831627540833,5796.713493902011,7130.257821040133,5918.397642676969,1732186.053177719,1730113.6789868292,103056.26696634028,[-0.39646581 -0.88688391  0.2371746 ],[-0.83200804  0.45630892  0.31550719],[-0.38804314 -0.07224336 -0.91880543]
56,98165.39144110355,61149.771382329716,98027.24618285419,10322.036123195328,6243.341660737707,4082.4254236737515,7234.221145106209,1138114.8131560637,1136248.5532943916,78282.09996726683,[-0.14069708 -0.77002619  0.6223054 ],[-0.74803462  0.49444144  0.4426871 ],[-0.64857424 -0.4032212  -0.64557271]
27,85501.89018343062,3230.6331753239856,102890.60292432678,7456.51166081896,1802.1522746745866,5320.170004223272,8589.641686894121,696972.1697646208,696840.0053053366,18821.501415383867,[-0.12875858 -0.98205039  0.13783417],[-0.75768729  0.18709431  0.62522451],[-0.63978996 -0.02393218 -0.7681771 ]
83,83914.4838145591,173908.59505181768,144852.45495455718,5161.422480334725,9263.861449915592,5086.037897864538,6843.261854347685,2200975.357075417,2200821.5094594085,86917.86178935994,[-0.86412596 -0.00250749  0.50326935],[ 0.36431013 -0.69303601  0.62207654],[-0.34722393 -0.72089861 -0.59978391]
13,153064.58686043482,164304.106753806,53039.69242282988,2600.6998630384496,2819.142099247165,2782.7981341011396,3099.366868813988,832075.4224432894,832015.2515120526,12967.986341801823,[ 0.63563534 -0.37413332 -0.67527178],[ 0.39483146 -0.59410503  0.70081904],[0.66338212 0.71208389 0.22991455]
235,182029.22056562864,182465.1589324319,51033.206680416835,12363.96470411307,11008.64296873062,11618.848491736275,6876.082882650285,4036394.238406567,4032370.804449593,291661.2974105396,[ 0.08861537 -0.34994609  0.93256906],[-0.7156413   0.62885176  0.30397859],[-0.69282382 -0.69432211 -0.19470994]
182,131201.8302444983,171517.2148341957,155934.65579345846,8020.183276054633,8808.020464824916,9262.896731661964,7605.955668202346,3597625.5476775654,3596419.4716588976,175220.58468958997,[-0.71108923  0.68556079 -0.15607215],[-0.50183077 -0.33939467  0.7955986 ],[-0.49246115 -0.6440634  -0.5853754 ]
18,123877.90932243248,180368.00638473942,135187.32304199532,2219.861606566716,4751.0451248540185,1695.7313461160786,3620.557672677292,1091450.3685508997,1091357.052348317,17669.058848918805,[-0.49738684 -0.27503964  0.82277551],[-0.72161734  0.65759773 -0.21641082],[-0.48153375 -0.70136896 -0.52555383]
18,6284.569520277772,44056.36306846524,188900.10383111043,2530.3515496155387,2333.7520347163218,2039.4218216755596,2139.977608025864,823530.7176708513,823445.0741269243,14323.424408552946,[-0.6265195  -0.7541698   0.19672628],[-0.77873501  0.61618131 -0.11786593],[-0.03232813 -0.22704295 -0.97334803]
16,66893.72123439879,104019.44863980859,141281.112164383,2664.719165336347,3319.062928496416,3098.7984994574595,2889.055418613664,751288.1033402864,751203.4356117904,17663.297700049585,[-0.82502081  0.56454583 -0.02507344],[-0.43866848 -0.61183199  0.6582033 ],[-0.3562452  -0.55403034 -0.75242258]
26,60695.561484268525,160977.94992406428,186972.5076997786,6109.092909871459,3499.969696104117,2770.291761237957,3785.0800448522023,1296085.044165379,1295748.4554236622,33435.08106338078,[-0.18351904 -0.71468504  0.67494152],[-0.95353621  0.29631017  0.05448827],[-0.23893399 -0.63358154 -0.73585663]
2,197457.37248894706,27392.343285293602,79351.40226962787,1360.0873009710049,309.904593268544,827.8923646188414,1597.4128024141974,303443.67104009615,303443.4088904707,398.8674224685382,[-0.03161851 -0.91790338  0.39554224],[ 0.38997629 -0.37570414 -0.8406931 ],[0.92028189 0.12767063 0.36983975]
11,38205.81485790699,203185.09214606966,69135.32703948457,6181.526197154357,1329.1341850809058,2511.195589198059,2157.934633029404,723327.6664787614,723101.1018216753,21411.15642845191,[-0.10718861 -0.30214646  0.94721598],[-0.97862973  0.20021569 -0.04687791],[-0.17548351 -0.93199849 -0.31715035]
57,196304.29655823708,131788.53207233667,157741.45858899827,4174.498898612222,3310.597671017832,6751.932598399912,5967.73505883099,2146781.0260919128,2146434.0726136565,46741.87149673112,[-0.65351149  0.72878925  0.20442349],[-0.30980985 -0.50396058  0.80625157],[-0.69060886 -0.46356225 -0.55513012]
81,142513.74509212098,132021.24185563106,198145.43780459877,7202.252615876598,7652.392857832205,5525.340519475389,6798.611843198593,2499417.9399956157,2498480.575872046,86980.94974258928,[-0.67346997  0.73916808 -0.00829152],[-0.53155067 -0.47645007  0.7003208 ],[-0.51370428 -0.47605239 -0.7137801 ]
50,10716.62249089971,122878.36122138504,152473.28700676336,5034.8955564163125,3093.332719121135,3610.7387077019107,2999.1670569382945,1387390.0968719376,1387152.8225292906,44220.89982117764,[ 0.17562565 -0.77253971  0.61019508],[-0.98294367 -0.10325295  0.15218596],[-0.05456525 -0.62651515 -0.77749688]
99,178020.08676857414,72881.03565224407,157752.7557023899,8970.48030695053,6152.414575444701,6195.949330749532,10913.030410871832,2478045.1347673144,2478008.3192838747,61353.222963205815,[ 0.20477062  0.77958122 -0.59188015],[-0.66771277  0.55340488  0.49789827],[0.7157015 0.293251  0.6338574]
12,202230.20594778712,2770.973937992934,97905.6884530156,1798.3411937374665,2081.031314346376,7653.575407795973,4581.631236981288,778867.6328532401,778579.2518697967,23090.374664256582,[-0.0503546  -0.98996919  0.13200536],[-0.43347668  0.14073818  0.89010715],[-0.89975685 -0.01240025 -0.43621537]
98,159938.1387706615,33775.42590524504,61164.91562974539,5344.919439437464,6459.941923099295,8163.4434480480895,6271.7865459191535,1731080.3178028031,1729517.3704725944,97720.86833427088,[-0.02802108 -0.84205761  0.53865927],[-0.40003587  0.50328431  0.76594791],[-0.91607102 -0.19402034 -0.35095582]
34,124377.5031813794,150399.98394582194,171973.74647298647,3486.9808364449123,2215.995315227196,3733.0898909805687,2827.229664310809,1517054.6584579225,1516932.0937547868,27981.231256480685,[ 0.55359426 -0.78280282  0.28417097],[-0.68183687 -0.23012568  0.69436349],[-0.47815466 -0.57815389 -0.66114008]
8,132025.59849014826,26919.0355768202,85368.62108168728,2277.782055135305,1947.1526964135503,4639.902923950121,4067.1254213430434,451422.15134895354,451314.76586742664,10595.813255196048,[-0.45131141  0.76705894  0.45600285],[-0.33397183 -0.61905458  0.71079831],[-0.82751485 -0.16849928 -0.53556247]
2,11058.467606697472,148041.56670553808,195137.64225526186,625.5959852589494,170.01557563101233,36.220449036656646,159.69502506681602,346749.8123746713,346748.67009469075,890.0390065338172,[-0.18024963  0.7885221  -0.58799912],[-0.98258625 -0.1169341   0.14439764],[0.04510358 0.60378747 0.7958683 ]
3,79158.2053229807,23089.508270353912,87291.62914205327,585.8264313334215,2089.376085021936,701.3989335652824,710.2257814063629,208019.98135057397,207987.20974894313,3750.2126750277166,[-0.70079814 -0.19340669  0.68664097],[ 0.27263918 -0.9620889   0.00726814],[-0.65920395 -0.19229872 -0.72696035]
18,37614.85869635888,128348.20630650705,122631.061585965,3807.0501878955965,3677.9813694727764,3913.9495504295437,3584.8044584646027,770245.0888982681,770123.930800182,23377.123406357903,[ 0.28447716 -0.70448891  0.65020621],[-0.93607969 -0.05771216  0.34702178],[-0.20694819 -0.7073646  -0.67587556]
73,45850.936855959444,166248.2424911468,20420.73664569372,5200.866775193708,8592.304787426358,7305.079347336889,8170.257801276822,1487067.2701025514,1485849.1912920142,80250.03699793649,[ 0.67886649 -0.27092342  0.68245205],[-0.68560447  0.09882636  0.72123496],[-0.26284369 -0.95751441 -0.1186564 ]
44,80867.04316533265,127194.28355423179,142007.80204587136,5641.421450109165,5247.983933616858,4119.767634627501,4707.401079100336,1374770.6047290245,1374090.9355828427,48957.34926679966,[-0.42452074 -0.54089989  0.7260919 ],[-0.81694875  0.57457202 -0.04961596],[-0.39035482 -0.61424287 -0.68580523]
73,51312.11666516017,116803.74488591084,39107.304085924574,6388.842836213128,7056.940363539537,6968.466913560054,8176.239819573235,1143882.091379711,1142906.974189806,72180.16281954493,[ 0.42956404 -0.45166489  0.78196775],[-0.81730946  0.17379626  0.54936336],[-0.38403121 -0.87509638 -0.29449337]
29,191956.2748094732,30767.389841345474,87132.20400796828,6934.111353672185,3840.9467863458826,4213.582179124591,7098.634605816212,1148134.078535206,1148025.9828036448,29644.51672015431,[ 0.23299998 -0.95656611 -0.17519214],[-0.36572685 -0.25311774  0.89564238],[-0.90108539 -0.14461219 -0.40881834]
28,25392.93896341358,192391.542497809,44420.66713381822,3542.1247540623795,2793.51269422618,4022.631648223833,2723.447327555035,1053764.0117872416,1053675.2430637113,28562.658678137446,[-0.82909428 -0.01966211  0.55876299],[ 0.5443788  -0.25627597  0.79873296],[-0.12749275 -0.96640366 -0.22318058]
5,67743.14373119181,194481.65113961394,86754.45400255964,1175.4630183941626,1109.816662315917,1301.5810039603098,897.6386887467942,499708.3906257535,499702.8535001271,4179.970698555532,[ 0.80921913 -0.45023202  0.37743281],[-0.50325937 -0.19973199  0.84073607],[0.30314089 0.87028631 0.38821043]
47,118401.35331971134,77232.50270980311,107148.8558181987,5309.729816533396,4436.260936742851,3399.1853737705533,2937.698615149225,1216838.7234466388,1216623.088719503,48908.52599925737,[-0.47377018 -0.3773403   0.79571108],[-0.57418574  0.8174445   0.04577373],[-0.66772192 -0.43519972 -0.60394424]
37,8833.940879907977,170754.58048460935,129423.4869042713,3803.8444862402403,3858.383776802564,11573.66266275438,5735.870477978894,1306550.2761173588,1305037.095982178,69454.39538298751,[-0.99105796 -0.04406038  0.12594759],[ 0.12683406 -0.6042195   0.7866587 ],[-0.04143951 -0.79559882 -0.6044049 ]
17,48977.51212434872,4787.671054458829,82728.5170559219,2384.705642920085,2616.5769091350912,2773.9551238286217,1821.2983942794986,397210.2301818497,397062.30463658343,16970.568847324677,[ 0.49691297 -0.83216533 -0.24612674],[-0.70316166 -0.55231917  0.44778032],[-0.50856777 -0.04944097 -0.85960131]
47,166947.27639559994,53612.31512126101,191102.61653984457,7905.868037691087,2882.0734481800723,5423.861732853756,8515.296496861807,1779299.8802810595,1779101.5992582403,36108.938406071655,[-0.14213422 -0.91377771  0.38053668],[-0.75176484  0.34974356  0.559043  ],[-0.64393128 -0.20661495 -0.73665648]
7,3260.1428407617323,157880.6521413946,88144.16112111208,901.5104218694293,1233.3513063136509,1990.0832606724823,792.312629829275,478522.4323337392,478490.6638768325,6292.418437462585,[-0.98245739  0.10596742 -0.15345482],[-0.18561333 -0.47607699  0.85959199],[-0.01803244 -0.87299577 -0.48739432]
9,188330.7429379668,147094.7820502077,96726.21452966612,2261.4132905997963,2394.5782081781595,1403.3599103016984,2633.959983427069,773470.4744097937,773449.8156852232,7279.919554294914,[ 0.66780335 -0.48216051 -0.56706253],[ 0.14267337 -0.664792    0.73327751],[0.7305361  0.5705899  0.37515886]
2,59055.48987945756,169935.6438004626,111853.82434334583,488.630171405639,2289.0046422816667,685.4108955235424,1610.4525975776342,299609.4124983559,299598.21723208786,2590.0364794062907,[ 0.96011319 -0.24519605 -0.13439331],[-0.02163889 -0.54435819  0.83857374],[0.27877307 0.80221758 0.52795125]
20,85656.46624180427,12145.57346456678,130898.78557439956,3129.303168671909,3494.1455970095026,3915.3197902670263,2770.083721101378,702165.3977145262,701873.7499740775,24325.610575669958,[ 0.56008592 -0.7742663  -0.29464464],[-0.62324157 -0.62812247  0.46586706],[-0.54577808 -0.07729079 -0.83435749]
151,115043.34257266737,109335.3163205307,68716.49865567137,5757.233192153144,8326.833891358285,6882.242127417862,7573.5428732441815,2129756.1128529254,2128072.7854987374,117741.30125704053,[ 0.10128632 -0.60347876  0.79092002],[-0.740471    0.48521415  0.46504831],[-0.66441235 -0.63275637 -0.39771296]
4,132349.58440804176,149511.29564257374,150846.31525656435,2142.9251271663766,1511.8949709253964,842.7864298147651,1543.834842835598,500525.4486345867,500511.0799562996,4565.830851740759,[-0.01311991 -0.70439027  0.70969163],[ 0.84859357 -0.38325185 -0.36470121],[0.52888262 0.59745491 0.60276928]
