N,MEAN_X,MEAN_Y,MEAN_Z,SIGMA_X,SIGMA_Y,SIGMA_Z,SIGMA_R,LAMBDA_1,LAMBDA_2,LAMBDA_3,EIGEN_1,EIGEN_2,EIGEN_3
1911,179694.41787474748,109083.8751013067,57227.949308757365,14362.24888600565,25487.71585289406,22920.367238137304,20373.14768760094,9626033.487240123,9600065.618492717,1366130.454190789,[-0.56424537  0.66563303  0.48842587],[ 0.07220698 -0.54954259  0.83233953],[-0.8224435  -0.50491148 -0.26201351]
231,188389.84153580279,183465.35185361688,114302.83455977809,12291.549846822132,6939.69250413292,9898.058500127214,6896.243176804992,4364935.318493735,4360162.718726882,239061.95727406023,[ 0.27037026 -0.69364312  0.66765196],[-0.70353488  0.33105321  0.62884214],[-0.65722035 -0.63973666 -0.39849519]
4586,102466.258274672,131938.13098885043,112676.05274540838,29465.800902375293,39017.483596500744,40927.38295809217,31364.042311800018,14157757.363355173,13989495.105668774,3681281.3364724396,[-0.79769255  0.60304429  0.00491812],[-0.33338543 -0.44776068  0.82967737],[-0.50253434 -0.66018782 -0.55822153]
40,18755.651756403,152654.3078014911,191913.54867881237,5488.38716739584,3741.1087285490557,4071.6690815941024,2767.6528773453206,1556049.2706662791,1555733.9784288765,46173.41420583386,[ 0.57283733 -0.66783412  0.47524202],[-0.81611938 -0.41080309  0.40643571],[-0.07620074 -0.62067577 -0.78035571]
863,158356.72684685918,101558.58134756502,130303.98739708189,18585.190009101763,20123.041731271627,12410.162744101166,16388.70351669909,6771821.323460367,6748498.652659089,742943.0010688646,[-0.29972079 -0.53949207  0.78683909],[ 0.65690834 -0.71479677 -0.23986874],[0.69183732 0.44498751 0.5686363 ]
194,164237.1229181414,153537.67809922106,148280.47170064895,7897.514072922057,5928.8919032693075,6326.1608105006635,7729.09983787095,3753894.856860859,3753674.0223231995,122695.23911500511,[-0.79158056  0.40705773  0.45574578],[ 0.03566879 -0.7137709   0.6994704 ],[-0.61002291 -0.56994308 -0.55048791]
611,140554.66647377366,15397.229421391077,176857.91476668962,18225.612859348133,7957.609958465984,12545.999974612449,15136.77765319928,5623618.707575705,5613252.091734752,442289.39482223487,[ 0.10462705 -0.99450807  0.00262434],[-0.77590571 -0.07997776  0.62575865],[-0.62211214 -0.06750752 -0.78001232]
729,170426.72203104847,189406.47446754342,28906.157299120776,15598.180001247894,10571.741083613219,20556.139307595793,10458.180892354585,6956393.785902351,6937312.724317881,698411.9882619316,[ 0.66210586 -0.51264231 -0.54663854],[ 0.34479404 -0.43925422  0.82956181],[0.66538177 0.73773545 0.11407678]
125,63225.98388815143,57402.03686622062,66710.54387299556,4959.343667762959,9283.85858478689,4989.663703147596,7609.780098677298,1217549.8837139034,1215567.1598904785,97944.42864532385,[ 0.69351647  0.06937414 -0.71709283],[ 0.42412768 -0.84390556  0.32854088],[0.58236639 0.53198743 0.6146859 ]
182,66995.38001826589,81506.33102510264,31083.185577864973,6140.597627376131,4154.698037748457,12824.104743483733,6663.650937885589,1495567.3204413627,1488299.6503420267,178108.9807848944,[-0.74767901  0.65578185 -0.10452875],[-0.26525838 -0.15063149  0.95233825],[-0.60878082 -0.73977045 -0.28657563]
407,12157.167594203236,50325.97983910977,151243.14831704096,9325.243131050416,12321.536610221092,14266.922199711038,14003.504186407816,3247809.8086857223,3242799.5257804845,312727.05775476975,[-0.9703692   0.2416204  -0.00178769],[-0.22918889 -0.91804958  0.323508  ],[-0.07652494 -0.31433192 -0.94622374]
292,152672.75844661653,13304.356300980418,16091.365644502894,7139.538459292592,9472.918999430924,11719.354805734254,6754.901343989825,2645422.678222622,2638765.7639660784,260890.1480815979,[ 0.01656805 -0.84147835  0.54003674],[-0.13390693  0.53337785  0.83521075],[-0.99085541 -0.08615248 -0.10384275]
397,100995.76367969753,173065.1466585202,187185.29254034936,8683.245890404998,14381.988543900407,12034.232676187752,12967.922072372123,5476476.010868338,5472225.256689651,320823.35263249686,[-0.82609661 -0.11521688  0.55162439],[ 0.42697335 -0.76681417  0.47925963],[-0.3677746  -0.63144366 -0.68265712]
78,141144.73817056944,103475.99980095771,173499.17729011265,4201.802407228759,6446.659918562757,6586.64516411089,4725.8660167200005,2178073.6468321774,2177091.0807910156,79524.24329149738,[-0.77370153  0.5606852   0.29498822],[-0.27090438 -0.71368179  0.64596371],[-0.57271001 -0.41986951 -0.70406877]
1694,23724.23975579348,41323.44728553392,34821.371368643384,13661.298060846259,17664.766925543638,24433.68208418728,17992.167366398542,2732400.478223858,2575019.5622284627,1189878.7824551426,[-0.89143041  0.44758937  0.07082071],[-0.22460503 -0.57213896  0.78880263],[-0.39357896 -0.68725597 -0.61055289]
77,27645.90617468596,7660.999174593219,115143.6882351001,7718.71389549675,4370.980116024812,4947.124478569838,5275.5195491604845,1044667.513680466,1042741.6765353943,75687.13452769759,[ 0.36112621 -0.93220088 -0.02427707],[ 0.90274939  0.35600529 -0.24146176],[0.23373363 0.06528206 0.97010661]
28,15817.420424982882,160611.0929748662,89912.51022525111,6233.202562023731,4959.082090971858,2509.104191169968,4715.460345208265,978452.2896715208,978010.0954892728,36520.89052154973,[ 0.30604038 -0.48771516  0.81760211],[-0.94812048 -0.07850445  0.30806592],[-0.08606302 -0.86946591 -0.48643827]
101,13217.39080994488,102197.49576308786,171462.25529533348,5465.291356539432,9354.589207270305,6934.056156989703,8633.274946426849,2013922.9453362683,2012968.7797147247,95900.63578978815,[-0.89839238 -0.34357847  0.27357808],[ 0.43431103 -0.78761903  0.43707001],[-0.06530745 -0.51147834 -0.85681085]
39,89439.66573315197,173789.92508132974,4421.729515065219,5765.515208539692,7884.613843272546,2269.445720854452,5695.158938090003,1222449.8056555032,1221514.7077285128,51705.57433268914,[ 0.01959506 -0.03553875  0.99917618],[-0.8893521   0.45598231  0.03365968],[-0.45680288 -0.889279   -0.02267146]
79,93794.935230365,7720.922782815598,8145.118592008616,9158.445320406905,5718.8258309554685,5773.376282253427,9282.398070691075,845270.4324285076,845006.3581362835,71224.59452557961,[-0.06947165 -0.21392939  0.97437565],[-0.09700001  0.97355582  0.20683343],[-0.99285683 -0.08014539 -0.08838568]
449,189925.8950249168,47208.83726671945,17609.53172866099,10107.218407354823,12188.444641808119,9515.390646455517,10400.653245302936,4177611.378668825,4173972.6724964096,322949.78125210333,[-0.17786363  0.37734916  0.9088301 ],[-0.18522628  0.89421    -0.40752877],[-0.9664656  -0.24082376 -0.08915245]
15,92822.79128023148,78389.69012344391,20816.115529466788,2779.4559684736246,3686.748128910916,4591.440984283291,4507.040631311064,478000.8728563213,477784.10999947623,18417.851138012604,[-0.6285786   0.77103551 -0.101947  ],[-0.19549974 -0.02976934  0.98025182],[-0.75277407 -0.63609593 -0.16944961]
15,45842.54561462699,20664.776180128043,86939.14270527959,1653.5730000744654,5004.027414229983,2645.8873890373893,2763.5409057299444,389586.83188867255,389192.5694789445,20102.204467267955,[-0.87612192 -0.0661596   0.47752832],[ 0.15576456 -0.97625798  0.15052492],[-0.45623217 -0.20626017 -0.86562634]
1627,17995.983656896904,131281.36569896384,55307.29056301891,11549.357668764518,21128.78304532584,32078.052329422208,14923.161833530261,5995553.00174057,5841346.921146596,1502197.3134009186,[-0.99190333  0.10711038  0.06822873],[ 0.02173211 -0.38616726  0.92217274],[-0.12512198 -0.91618896 -0.38071285]
199,86682.24798903096,30867.079714768715,187052.57877125902,5303.168369503494,18002.473511561748,8929.061043423108,9686.513815839044,2954042.4839431327,2945111.6052264897,258949.6752911115,[-0.87034459 -0.22168026  0.43972509],[ 0.26539984 -0.96332236  0.03966061],[-0.41480504 -0.15122137 -0.89725631]
172,69878.57988463543,128832.93491510964,15874.126861211551,6223.562252213991,8778.473806997335,9744.792949275288,9189.282573642722,1941147.2802218841,1938661.629124554,148881.53856635076,[ 0.88072659 -0.47000968 -0.05840872],[ 1.60663934e-04 -1.23026214e-01  9.92403408e-01],[0.47362502 0.87404545 0.10827694]
35,113971.52750991135,18143.11357041146,151247.7958457538,5639.8724053467895,4198.389858458352,2825.8477569154275,4712.053156569302,1126185.236037298,1126105.9267588097,35100.96424646026,[ 0.52816458  0.69897848 -0.48215273],[-0.60151587  0.70875664  0.36856842],[0.59935034 0.09535774 0.79478681]
840,120572.70157986206,12352.265047441295,82560.17818048927,12314.336383572054,9317.783526545201,27060.86640185743,19871.835836064176,4336776.139351162,4299513.5112340525,684402.913519369,[ 0.09269477 -0.99561034  0.01295114],[-0.57300928 -0.04270274  0.8184356 ],[-0.8142899  -0.08328583 -0.57445229]
7,139124.6162952264,200307.7331721137,136067.86388877287,3548.765505594195,1513.193592843456,850.9289355458619,1231.7900712039293,738958.355495239,738895.6225739093,9932.750952950908,[-0.11699638 -0.50117028  0.85740317],[-0.85913554  0.48415644  0.16576691],[-0.49819472 -0.71723141 -0.48721775]
5,4031.483298643885,88252.20097473539,160721.24261501836,1058.4724832192599,1581.5743009532423,1486.3571326387064,1872.2724404826627,410127.2973939946,410124.96843303676,3411.276873404273,[ 0.77137419  0.54945166 -0.32106811],[ 0.63600228 -0.68302947  0.35912651],[0.02197632 0.48122097 0.87632381]
3,53149.370958584455,90916.66633713878,193423.49247283067,369.6941927100349,666.4482680989964,640.0080309788847,460.0290984707224,381460.95459277375,381459.31152487115,1528.4454829750125,[ 0.93150687  0.15524501 -0.32892847],[ 0.2721325  -0.89748685  0.34707528],[0.24132727 0.41281514 0.87826238]
62,179394.35879502597,125985.5712178028,178708.85867463326,7012.566548079175,5038.739346785479,4380.900820492448,6863.079612601192,2228050.6091905665,2227884.9467832414,53833.34568365098,[-0.63528851 -0.16513569  0.75441283],[ 0.44030402 -0.87999643  0.17815347],[-0.6344611  -0.44534985 -0.63176152]
162,111449.26339734976,54975.005238601734,143120.91606744405,5934.4395267008385,6476.50017447646,7711.642804534017,7788.318550125393,2416260.8003208637,2415354.973544035,110867.44491060422,[-0.80812286  0.16932943  0.5641498 ],[ 0.03547494 -0.94205607  0.33357441],[-0.58794471 -0.28958229 -0.75529009]
3,172011.73833639696,134238.6820821865,189961.95737243912,683.4263696455886,2459.3487523504023,1823.651360462335,2003.4013417589347,501108.9949704902,501091.8611268789,4172.739357129914,[ 0.31542408  0.61658688 -0.72133783],[-0.73961394  0.63598532  0.22021327],[0.59454088 0.46405095 0.65664134]
19,94579.53605335653,171458.32787724762,81714.85557496763,1876.8056269540966,3196.48366215332,4875.487433133412,1920.8044591856706,925235.8200148367,924933.4153038859,25371.14359589984,[-0.89502976  0.39548343  0.20619067],[ 0.01434218 -0.43654411  0.89956853],[-0.44577576 -0.80809783 -0.38504788]
107,21950.981236611933,134577.2724514983,163751.02521868498,9036.912132090407,10595.19334883685,4722.996671542683,6762.660061180503,2208983.0517883557,2205841.002830203,134506.21031206578,[-0.65969114 -0.53491147  0.52789897],[ 0.74459449 -0.56045734  0.36258325],[0.10191492 0.63226362 0.76802087]
339,52341.12867529757,182994.54918928567,167821.5352273774,12173.017705306336,13737.670108346527,11119.621000456431,11091.693988941232,4684407.009091656,4681130.198451669,335376.05885408114,[-0.97816849  0.14264882  0.15112155],[ 0.01475887 -0.67767638  0.73521215],[-0.20728865 -0.72139174 -0.66077634]
12,92110.6625656205,14549.059820326134,24920.116451764352,4448.92301509752,2088.4701434713893,1117.4745751280295,4294.772433230958,334816.72329482605,334718.05306725,8985.755265863465,[-0.25393875 -0.04631326  0.96611086],[ 0.15687328 -0.98759984 -0.00610982],[-0.9544139  -0.15000545 -0.25805518]
8,4693.8872420160415,198556.31425406973,171749.73142273887,2319.9691981973683,1392.173441536523,2122.7430531957907,1751.1316265107303,742722.1641629272,742695.7873063717,8353.530590638034,[-0.54756739 -0.53997863  0.63921283],[-0.83657025  0.36961077 -0.40439844],[-0.01789343 -0.75618183 -0.65411686]
228,196634.4289888918,41953.45390071137,153249.43063354978,6408.2995511072695,13814.086061254975,12439.681903810988,11340.660864885518,3826810.586651858,3823107.2266516825,242701.7644497732,[-0.57300079 -0.21210819  0.79163136],[ 0.26038363 -0.96299683 -0.06955193],[-0.77709102 -0.16627453 -0.60702745]
60,195694.48169286727,130536.64714463353,158165.68821611995,5523.269740988282,3563.17707064126,5211.438721099606,5423.083537699858,2196547.9170532874,2196242.281208071,49439.572066001274,[-0.58776626  0.80668114  0.06161462],[-0.4217017  -0.37047365  0.82759709],[-0.69043356 -0.46045066 -0.55793072]
9,107059.81937132114,155124.93023097023,50400.8992520124,2776.3743115871243,2700.020690921814,2081.4670961147185,2252.857159394631,585441.6127531067,585373.4135775091,11332.797031282913,[-0.47353049  0.04094614  0.87982515],[-0.68895684  0.60511617 -0.39896477],[-0.54873249 -0.79508354 -0.25833083]
7,5094.299589785657,136510.53368202396,180029.48295449786,1465.7252713039775,1586.8766616263088,1247.4632791412084,1669.489358976032,597944.3872578989,597937.5305462608,4902.1415698696665,[ 0.23536725  0.77122008 -0.5914574 ],[-0.97164595  0.20080714 -0.12482241],[0.02250332 0.60406629 0.79661629]
2,15425.472417630624,162669.0868579357,82436.97372020662,2145.7814995350036,9.793014620328904,52.94755940880714,148.29253929694823,258842.18718067845,258824.47199345968,3028.293543264868,[ 0.01991748 -0.45345566  0.89105626],[-0.99624184  0.06613923  0.0559267 ],[-0.08429406 -0.88882145 -0.45043417]
8,183414.78977968695,24006.339800039197,2878.750011306955,2168.5772884186536,1318.341488009286,1123.5096026279066,2037.929613297882,523315.00061226246,523302.4111349702,5335.882110386846,[-0.04722013  0.46654724 -0.88323492],[-0.1217933   0.87493475  0.46867428],[0.99143162 0.12970295 0.0155078 ]
30,43506.650900098684,158111.5784198341,116590.30031097116,3714.1868743095356,3180.698258722725,1971.3163705270888,2975.1278230145654,1102351.5915200596,1102290.068892018,23860.873739580682,[-0.04626304 -0.58449931  0.81007425],[-0.97521906  0.20206302  0.09010174],[-0.21635045 -0.78583147 -0.57936291]
161,87717.13022289121,191462.42660136876,103905.10013420401,5103.024931473821,6156.7826947178255,9850.95708715133,7099.496789751863,2983460.2773755547,2981776.284579691,132688.3302025711,[-0.86162522  0.48160391 -0.16018635],[-0.34386149 -0.32177591  0.88216752],[-0.37331122 -0.8151797  -0.44285528]
8,61089.701932671356,177983.57368810487,28775.60163075451,2313.1551499076386,2906.5868840163894,2271.5260862654704,2245.7994605061112,538555.0416454625,538480.0382428671,10549.251961684226,[-0.63498383  0.09397362  0.76678843],[-0.70275383  0.34195134 -0.62386403],[-0.32083109 -0.93500708 -0.15109325]
8,19754.711151434098,122435.78571606206,202143.86444558593,1983.5590653757838,4556.665596603906,1426.4344206076653,2107.264767476062,670932.5920692331,670809.5214890889,13355.008852330631,[-0.91008524 -0.30902587  0.27613017],[ 0.40597032 -0.7986664   0.44420725],[-0.08326436 -0.51636712 -0.85230983]
101,172217.66389391216,8193.125498107322,107083.89426635872,6309.678536074132,5621.731199726369,12471.18723022264,9170.989412203346,2045073.06836097,2042092.457128799,119858.39687087448,[ 0.26288038 -0.89742113 -0.35430103],[-0.46054475 -0.43939629  0.77125186],[-0.84781627 -0.0395755  -0.52881126]
4,63473.67935589306,80795.45705614405,201697.56294519617,615.9414072871488,383.72826266077675,1798.5443651451826,1648.4716423564814,452736.0141679474,452731.46587049,2044.1207540688401,[-0.30385462  0.91356176 -0.27032811],[-0.91052501 -0.19495608  0.36460436],[0.28038649 0.35692722 0.89105913]
471,92945.62425461864,39860.27632805501,71384.29607987382,9486.257510645766,12454.987452507588,10884.774740678351,8057.972277639019,2713274.959086523,2697508.112583968,372535.9723300562,[-0.6183351   0.64877964  0.44356136],[-0.22977609 -0.68896492  0.68740838],[-0.75157478 -0.32312894 -0.57508524]
32,122391.7963535712,147449.9423956189,150813.66312217887,6344.607298145165,2418.617193750518,3036.866182332162,3735.6738842142768,1379977.6657009213,1379747.180797418,36388.66356723243,[ 0.14950635 -0.76495882  0.62648691],[-0.85176481  0.22213624  0.47450205],[-0.50213998 -0.60456058 -0.61835423]
6,38858.88337722308,118585.37228249735,197355.4055746135,2243.1195326455086,875.2568485384148,711.2670855916783,524.5705303416923,571982.8562550646,571957.1940247269,6011.358931818439,[-0.07510403 -0.848144    0.52441505],[-0.98319297  0.15074457  0.1029935 ],[-0.16640604 -0.50786596 -0.84521074]
19,35265.21250509771,200236.32844626275,32638.92091352302,2216.8739975896665,2487.638294578372,3633.138829307623,2624.952753922135,897799.7244152176,897709.1952195046,18198.19355184506,[-0.97826229  0.18694354 -0.08974964],[-0.11690806 -0.1397159   0.98326597],[-0.17127577 -0.97238448 -0.158534  ]
13,138637.4539245878,93661.85739958272,3280.34435254009,2539.8607057470813,2906.3002578169353,1837.073942032995,3009.0976171618036,603527.1928904735,603494.0918890601,10942.212821504656,[-0.15008886  0.25563143 -0.95505283],[-0.53961094  0.78824581  0.29578468],[0.82842825 0.55975094 0.01963461]
143,39569.66710305443,81259.22169008674,184270.63819272755,5540.797165128679,11472.681009596618,8722.928517411356,8671.88695289373,2460239.949367269,2457660.8963880795,151366.2292211344,[-0.96695017  0.23265379  0.10430526],[-0.16749343 -0.88806778  0.42811396],[-0.19223248 -0.39649442 -0.89768527]
4,4256.779500106368,52538.10743269248,140910.96562785958,590.4012586110949,1098.7856256785647,928.5182754984231,745.0001764223699,300907.49482516485,300899.91171402216,2729.870692798535,[ 0.99393602 -0.10942886  0.01079421],[-0.10626267 -0.93063553  0.35017959],[0.02827428 0.34920313 0.93662038]
6,169277.8033269108,166631.18383289714,24942.08867084833,2789.2424196723305,2421.3245288230437,2584.574916416775,1407.399676238196,585128.6324590874,585042.8673346002,10469.305634254515,[ 0.36928251 -0.49303819  0.787746  ],[-0.60107005  0.51976897  0.60708732],[-0.70876317 -0.69767726 -0.1044089 ]
12,80939.37286910287,3908.4660938120373,99648.93295487539,4957.8456788679105,2379.7103248251783,2041.760913319978,3282.9062672926125,445352.7765744956,445101.1466705205,16869.95239619642,[-0.30687029 -0.90806733  0.28503395],[-0.71283724  0.4177263   0.56335407],[-0.63062961 -0.03030618 -0.775492  ]
87,129739.73887898351,123601.88903818434,161853.26071970558,5531.505984534796,5450.5282820777265,8939.125892794747,7647.67966192138,2254406.2592831957,2253925.695577702,84649.95865399491,[-0.82890701  0.17302449  0.53195459],[ 0.15603354 -0.84169997  0.51690879],[-0.53718404 -0.51147208 -0.67069338]
20,174479.7608922759,57210.703062978304,198501.5073596214,2204.943203063457,4318.9972013636825,3314.7575528827624,3440.370351638498,1209524.0385719892,1209440.2469467141,21213.47549629555,[-0.66994005 -0.30515786  0.67680057],[ 0.36728673 -0.92847601 -0.05507038],[-0.64519825 -0.21168602 -0.7341037 ]
115,43274.32518423714,161568.7755661609,17734.711518876175,7064.417269804506,11075.072151185374,7217.415152542793,12049.49723188547,1809876.5545061633,1809419.7168393116,95386.67368263498,[-0.66136142  0.09405578  0.74414688],[-0.7044907   0.26266793 -0.65931663],[-0.25747606 -0.96029114 -0.10745701]
124,27907.226589012094,97356.63629623367,29420.610406948657,6671.702483916252,6332.438031199629,7825.278211292858,6524.058520088559,1179709.4751698922,1179049.9302330248,112811.23619244208,[ 0.38318789 -0.36732404  0.84749046],[-0.88547597  0.11503415  0.45022156],[-0.26286755 -0.92295189 -0.28117692]
26,200947.61891892835,17082.215966838652,81240.39704092694,2251.043123397357,3978.9814108140977,4008.034949215823,2765.9385989156103,1108933.0348676909,1108855.5707507266,27567.269498150617,[ 0.3053177   0.43617091 -0.84648452],[ 0.22944958 -0.89643643 -0.37914986],[0.9241937  0.07846435 0.37377714]
11,197072.64744704607,48922.41388614213,83458.3102013152,3859.7534181283313,1500.1764252227947,2274.413665716542,3711.084002425225,728268.2505809925,728245.4470669022,9697.469763403527,[ 0.06066952 -0.91703282  0.39417003],[ 0.43639662 -0.33078727 -0.83674236],[0.89770663 0.22277923 0.38012132]
2,137238.47119414667,151689.789330551,53229.83679101998,96.03363579268625,698.9701428793051,1232.5736652451014,749.6506416973716,298930.1681236349,298925.3007035101,1705.8762383653504,[ 0.58738611 -0.68349981  0.4333654 ],[-0.48314374  0.13343788  0.86531293],[0.64926858 0.71765058 0.25184909]
250,90177.55153515848,173633.8735764844,35319.35943477345,11409.119061643005,9789.901081374654,7943.32795226549,12136.058005519884,3153322.7159038084,3151134.1649815547,188540.80743776704,[-0.05948185 -0.17054069  0.98355365],[-0.88892398  0.45734215  0.02554065],[-0.45417626 -0.87278521 -0.17880127]
76,12035.010746506403,61254.67355898171,112137.31611458363,4556.237606540136,8167.5090370321095,7082.067532489039,7717.516647488731,1123232.5387307224,1121098.6192687452,78178.703334392,[ 0.87683067  0.37637807 -0.2991781 ],[ 0.47171964 -0.79379377  0.38389065],[0.09299769 0.47773528 0.87356765]
67,122553.08342524842,18554.52639799537,7420.273883657048,3860.423983432356,11345.926252426287,3367.7075335814743,4290.5930457649065,1021124.267924716,1017323.1364569139,96001.97923579208,[-0.05253694 -0.05202845  0.99726271],[-0.15319019  0.98724168  0.0434354 ],[-0.98679919 -0.1504889  -0.05983691]
8,56304.01897114178,16575.8118913308,169763.1950715345,1667.843407534787,3401.7697426377927,4063.1831793664724,3400.4849344183194,508276.8453139868,508159.05930668995,12406.046755363397,[-0.84433359  0.48253882  0.23293147],[-0.43467494 -0.87103527  0.22881269],[-0.31330254 -0.09194477 -0.94519187]
19,100643.0981705799,49542.21422623676,115284.76766040885,1820.0795767603922,2955.468011963953,3507.4107395033334,2238.60973794811,701437.9756331855,701252.5805083502,19195.123072247898,[-0.71113968  0.60284281  0.36174701],[-0.32073994 -0.73606166  0.59610328],[-0.62562468 -0.30788599 -0.71679842]
53,22568.66842400348,22608.839101708436,196635.74142999866,4746.658532122627,3375.3596876447573,3653.4543623088693,4041.6324404054685,1450961.5159194728,1450798.2857113045,40428.13016223722,[-0.00799004 -0.99331314  0.11517452],[-0.99349589  0.02096869  0.11192062],[-0.11358728 -0.11353117 -0.98702006]
19,67509.71722247197,159945.41922507095,75835.79581308592,2743.410012121537,3463.8528466661814,1317.0233401907117,3655.97008256657,826013.2083303815,825969.2855846959,12211.094776078478,[ 0.1761879  -0.48137316  0.85862548],[-0.91757906  0.23548481  0.32030542],[-0.35637969 -0.8442907  -0.40020836]
4,53075.99802659209,79148.27230055597,58354.501748831164,691.560547546801,1010.1750421062447,537.4287460685088,647.6012883007422,223499.82422524408,223496.56652285808,2341.202720233914,[ 0.75058169 -0.0163154  -0.66057621],[ 0.4593798  -0.70570254  0.53940163],[0.47497086 0.70832036 0.52219244]
186,42333.846475425526,71391.92655409941,118530.56066080248,6377.587076081486,7301.983083897239,8788.588060730204,6688.619109346409,1979063.75144353,1978015.0494941906,153514.9639030215,[-0.94130117 -0.00454466  0.33753733],[ 0.17003102 -0.87018687  0.4624546 ],[-0.29161886 -0.49270087 -0.81988066]
17,89793.15865756247,124308.70378904979,168684.15326607035,1857.8983572618529,3445.7637160107292,2819.685842885211,3648.215348520328,940114.5210521427,940096.1171319006,12994.190186199874,[ 0.91909658 -0.22274291 -0.32503394],[ 0.01244704 -0.80806769  0.58895813],[0.39383568 0.54535512 0.73991976]
17,58042.03917156704,40829.09488856962,88033.65953996607,3120.185391513194,2929.460349410697,5079.456169844939,3838.8791267022198,466923.33059451316,466584.3998405645,22348.3416359904,[ 0.50204506 -0.86207748  0.06908821],[-0.69643611 -0.35562872  0.62330165],[-0.51276456 -0.36104104 -0.77892353]
116,10186.561233770864,153922.54733453834,124922.58541968808,5375.763545749543,8151.736465941412,6315.228760389485,4865.5329651595885,2140860.5348237245,2139193.830701737,114471.3505190247,[-0.96417226 -0.12585819  0.23351995],[ 0.26031422 -0.61836116  0.74152949],[-0.05107211 -0.77575073 -0.62896935]
11,45871.12457979219,196361.6829521866,73457.29147210809,2564.200051407266,2167.0437675904504,2705.3530500694146,2189.121406986808,711902.2868081286,711848.7685014121,12345.922406782403,[-0.71206906 -0.09397272  0.6957922 ],[ 0.66878523 -0.39246596  0.63142441],[-0.21373808 -0.91495333 -0.34231044]
22,70510.62039434531,65617.45839126571,119270.73247823687,3070.2818316739276,6949.1335638926585,2866.2474386713357,1791.1228095953193,719896.5536202299,719307.0319441688,37084.240032992246,[-0.85062715 -0.03912645  0.52431152],[ 0.25501767 -0.90277235  0.34636408],[-0.45978195 -0.4283354  -0.7779006 ]
55,7370.083599351629,196637.38129970754,81385.84128967537,4697.904830654956,5710.191179077713,8214.136005544884,5630.337409390959,1581011.4590865364,1580096.3531518634,70712.52837869685,[-0.97643994  0.11290638 -0.18389454],[-0.21296919 -0.36689457  0.90555646],[-0.0347732  -0.92338536 -0.38229609]
3,202917.28387305324,37461.03593972005,134683.70946831314,151.8374900347909,1667.15971276046,3379.922305141978,2034.137575280673,426842.4045582992,426815.24465882196,5513.268420341249,[-0.07862416 -0.92355258  0.37532502],[ 0.56193706 -0.35203615 -0.74853008],[0.82343487 0.15205649 0.54665697]
9,3044.936521394314,20236.968836359883,152222.26850475263,1720.7480753814498,3948.4843722500414,2917.345874659306,3075.3080769361272,461017.28958769457,460889.7037575835,12590.607357840714,[-0.96891283 -0.24198648  0.05148267],[ 0.24661613 -0.96126738  0.12306709],[-0.01970804 -0.13193773 -0.99106207]
60,189035.1259362671,161612.12375244737,11568.394895032969,8800.054082419445,4790.2159079394005,4201.673083720577,9140.015264057572,1930108.6358483855,1930071.5460789965,45383.24707967954,[ 0.63912471 -0.73105451 -0.23891193],[ 0.12113976 -0.2110726   0.9699348 ],[0.75950297 0.64885103 0.04634194]
16,193083.43686196912,85149.48680165457,6265.433927706623,4157.335520839879,2143.46971839344,2372.8587254997906,3977.090059752421,844687.3971443053,844669.4609337583,13634.872523910244,[ 0.28875075 -0.60007909 -0.7460081 ],[ 0.28303243 -0.69086879  0.66527661],[0.91461229 0.4032436  0.02964704]
79,107356.65170736,41388.09214712206,24925.264542439083,6710.273807909986,5439.011405907484,9494.222078500303,6589.439476449675,1052112.813920827,1048550.9559813386,97271.54793851393,[-0.40943907  0.75270469  0.51555338],[ 0.01962248 -0.55769459  0.82981426],[-0.91212642 -0.34987482 -0.21357202]
34,17056.495795804913,25340.7760753672,171017.5802542387,5106.844851492239,3060.1106854962436,5174.560260120788,5074.524751602455,1013900.8389768584,1013531.5710028533,35157.589193764135,[ 0.07314069 -0.98755002  0.13926733],[-0.99252649 -0.0583989   0.10714816],[-0.09768111 -0.1460634  -0.9844409 ]
3,77987.68389608558,45712.130340197946,88641.88624106266,486.8845078206173,3054.2978981829688,1073.2909713626534,752.1248640949284,219357.7617188046,219295.15600631025,5521.193396290455,[-0.75344205  0.01049657  0.65743053],[ 0.23007055 -0.93245541  0.27855781],[-0.61594855 -0.36113257 -0.70013616]
141,103153.32520047494,191817.18648162516,14564.958828530614,5966.407410593496,7662.779844820766,7733.174781607744,6893.258785550387,2595484.8655995666,2593884.086863516,122557.84201960763,[-0.67047384  0.4073453  -0.62010857],[-0.57219741  0.24814273  0.78167468],[-0.47228694 -0.87891694 -0.06670871]
46,64408.67113565607,81379.39895738641,138220.79512718835,4160.35716937129,3666.959654322403,3598.5212406467667,3445.2551178732156,1172969.6915057648,1172730.4994585887,38271.27485254986,[-0.78038377 -0.30722334  0.54462371],[ 0.50200278 -0.82711406  0.25273611],[-0.3728195  -0.47063377 -0.79969336]
11,43791.08015159336,160535.16714486716,200566.35103958985,3750.0195173455963,2553.327875294868,2550.754239445022,2982.355427836162,864467.5600105486,864433.7080166538,14123.14953560209,[ 0.09472534 -0.78719566  0.60938502],[ 0.98120087 -0.02956334 -0.19071147],[0.1681427  0.61599432 0.76959667]
5,29411.629976997436,143657.56416188614,202394.73444983936,1451.4860122778005,1334.1450773779836,1631.1732618487067,768.6032999763635,558886.986833805,558876.3000943705,5456.598627777114,[ 0.86782663 -0.45592509  0.1975076 ],[-0.48273409 -0.6795329   0.55245166],[0.11766366 0.57477592 0.80980733]
62,25974.02381611149,63765.6254883435,68989.62398124505,5925.551023033559,9117.59480376384,3811.402736708549,5641.146234096878,772115.4327953961,769560.8842278322,78173.44126400373,[ 0.73930498  0.33190295 -0.58589127],[ 0.61907078 -0.67732218  0.39747456],[0.26491417 0.65656309 0.70621908]
594,161906.84104627115,184254.22163363465,189501.338349735,13699.682658213045,13960.492588508378,13331.460163602902,13869.47640707829,7572581.426642882,7566074.374047221,460783.194836668,[-0.75321705 -0.01413005  0.65762027],[ 0.39929643 -0.80430721  0.44005939],[-0.52271067 -0.59404566 -0.61145998]
31,70942.90971202521,143918.82228665162,200417.5558863547,2942.470815011276,3613.3133254715763,3075.8144303082026,3687.0199113349163,1429697.0393146907,1429665.2484580048,23348.773402971394,[ 0.47133941  0.62881131 -0.6184137 ],[-0.83755623  0.53880325 -0.09050201],[0.27629462 0.56061341 0.78062404]
41,93226.96338964354,161237.64925469676,66846.22525241938,3934.3416274609535,3658.0404994557985,3164.523441303974,3027.2772381048635,1267538.1835617295,1267363.4480611428,34931.46972175833,[ 0.03157679 -0.39829473  0.91671381],[-0.88153505  0.4211615   0.21335171],[-0.47106143 -0.81485231 -0.33781184]
63,40553.51587820932,49131.36511962362,101408.3390863783,5369.105221415169,4169.868447852824,6462.91392740489,4397.877447291693,953206.7897814327,951481.3151355215,65379.82500807156,[ 0.60644185 -0.78321737  0.1371088 ],[ 0.71977705  0.46747848 -0.51321035],[0.33785985 0.40992001 0.84724041]
11,188449.14843266644,4507.041838495332,77749.11857857375,1437.9763934508837,1770.0947178395963,2900.095074153762,1111.6852341437943,676375.0282486259,676316.1463220128,11653.102932312584,[ 0.12732701 -0.9590491  -0.25300722],[-0.36009817 -0.28237591  0.88915305],[-0.92418458 -0.02210576 -0.3813059 ]
40,122312.73183288856,41460.653102196215,196542.42120728915,5350.476039611573,5161.2267123640495,3406.641634112836,4820.678595737228,1488055.4417425394,1487940.2477020428,41708.310892048525,[-0.85122277  0.18609348  0.49070256],[-0.06896755 -0.96657711  0.24692544],[-0.52025308 -0.17634601 -0.83560686]
86,179819.3222899688,4157.613914449019,31283.74076164321,7848.783647339502,2163.4882957312525,5934.012239343931,8020.854873794076,1695519.6880401138,1694825.4405042497,56213.756219198556,[ 0.02218307 -0.99974035  0.00520966],[-0.17162022  0.00132564  0.98516229],[-0.9849134  -0.022748   -0.17154625]
34,68641.75115287701,167471.516126716,65655.18242002926,6337.148991269586,5151.4268430367365,2444.458612864208,5503.473718617122,1123682.9458817623,1123173.5009343307,38101.671913663515,[ 0.1978893  -0.42687112  0.88239496],[-0.91302618  0.24729337  0.32439047],[-0.35668335 -0.86984311 -0.34080779]
92,16260.11010089794,123666.29964677808,148842.5930178856,7180.294985354887,8842.010754646766,4515.822126442536,4898.313449966568,1865035.9080015537,1864574.771857054,107743.46583898526,[-0.9946625   0.00638446  0.10298423],[ 0.06074545 -0.77055369  0.6344738 ],[-0.08340565 -0.63734312 -0.76605303]
118,178330.55688812738,71238.87110605482,153720.87560696685,6197.963956634538,6785.71567613805,9708.897769171163,10134.287295397326,2675502.062474329,2674812.6539256936,94161.8948773731,[-0.12414126 -0.83751994  0.53211775],[-0.6779917   0.46315418  0.57080246],[-0.72451101 -0.28991128 -0.62532811]
34,16108.039149337123,186522.34569915675,144118.00714077524,4801.5433733152595,6347.967084460057,3236.9156199535378,5752.41067257369,1378437.0533144828,1378157.9561488775,37094.670852569,[-0.47562266 -0.51176395  0.71545842],[-0.87703786  0.3385141  -0.34089999],[-0.06773244 -0.78962388 -0.60984133]
72,138425.5296967092,150840.32637665785,22451.169894310948,6271.589679954242,7003.428336578737,4870.328198730462,7426.588867723572,1749403.0237803315,1749260.0616312583,63897.33263930363,[ 0.49631781 -0.33678268 -0.80015377],[-0.54952168  0.59166044 -0.5898846 ],[0.67208225 0.73247208 0.10858224]
29,32556.020903970977,16298.973101419937,153048.9665297421,5957.221477819997,8831.582973617451,2498.120631132021,2625.2622323309483,849118.0108945507,847411.666075239,57526.804838983924,[ 0.8036841   0.54903883 -0.22945203],[ 0.55800995 -0.82929671 -0.02986406],[0.20668035 0.10403525 0.97286171]
46,12403.625826332205,180073.39075799976,195591.8537611067,7477.698551633245,6105.158660901535,6103.5926899703845,7885.991229911713,1806608.7714262987,1806091.4404677076,56147.32962644931,[-0.24253475 -0.70590578  0.66548773],[-0.96899569  0.20961443 -0.13080193],[-0.04716199 -0.67657876 -0.73485844]
4,1690.0361153896945,176885.2644282066,134701.45502963092,485.00633326142344,2144.933986537198,2465.743425320173,2639.4715959507957,444731.0584648955,444715.2304565497,3981.9836071564073,[ 9.99960217e-01 -8.87191977e-03 -9.23372812e-04],[-0.00464048 -0.60583371  0.79557777],[0.00761771 0.79554183 0.60585078]
72,66738.33606792212,24208.21826134106,100205.06215164308,5181.279481258873,5923.207419249506,5050.288603355923,6297.724727406683,1044410.2239949186,1044047.9549037163,58651.02702245457,[-0.83757367  0.06454815  0.54249782],[ 0.05479886 -0.97806181  0.20097807],[-0.54356916 -0.19806221 -0.81566165]
5,130307.28244985966,61522.60067113885,180364.75861686972,1624.890737837819,1772.574108576303,2022.9962599780354,1824.0294424157735,516260.8461792383,516241.5473665012,5726.739012327656,[ 0.81632261 -0.32064873 -0.48041836],[-0.12251631 -0.90895305  0.39848977],[0.56445297 0.26643712 0.78128363]
64,135769.45410845504,138079.15989153495,3859.1867449155657,9755.17818984393,7598.241754767406,2537.31268196297,8766.356686873462,1552648.582430918,1551167.5997459341,73212.89951880866,[ 0.05472567 -0.08148722  0.99517081],[-0.71072926  0.69686445  0.09614499],[-0.70133375 -0.7125586  -0.01977898]
10,117303.82008183794,196091.62526613558,98909.7406401567,2569.125477779923,2516.5297159321262,4068.234012052193,2276.750439659504,787528.9809253947,787432.4692177874,15583.89266374306,[ 0.59354614 -0.6161762   0.51771602],[-0.65254964  0.00804444  0.75770327],[-0.47104346 -0.78756726 -0.39731081]
11,175932.06972502757,15112.752378579014,155788.17742855512,2803.075313200105,1786.869488143097,2246.874441741943,2676.6906571791114,781101.6523667392,781054.2647084305,9919.460161634977,[-0.37726019  0.86043438  0.34253091],[-0.54722615 -0.5054974   0.66709514],[0.74714008 0.06422656 0.66155624]
17,202058.3093860169,182533.402564147,8953.202826353467,2266.193574812007,5304.09838966714,3789.48970744519,4511.66174677914,1123583.2355860036,1123564.316738923,21745.97874369724,[ 0.58564942 -0.67038876  0.45562448],[-0.32730719  0.31865306  0.88956744],[0.74154215 0.67010382 0.03280408]
108,88260.57210059777,87445.40315735493,100999.84762652725,6220.190852596113,6419.308620546465,10813.731240637464,5510.470046567459,1669275.7815531676,1666067.9230968633,134064.26796724132,[ 0.64743377 -0.7567956   0.08994412],[-0.52708735 -0.35939773  0.77007285],[0.55046203 0.54597957 0.63158361]
45,155985.1469823277,60866.33929410427,13894.226325103768,2550.4847816555657,5173.408823704561,6760.92455693645,3533.9177583098435,1128401.2245928673,1127578.5305831956,54835.0464241895,[-0.35857141  0.81353452  0.45780796],[ 0.09858999 -0.45467396  0.8851845 ],[-0.92828151 -0.36253714 -0.08282672]
89,109624.60540438734,68888.04183710617,96708.5799171662,7012.126511925039,7429.9925825101545,11607.079717986473,12778.505664916142,1530958.953722219,1529967.744780668,80694.02832727075,[-0.55981211  0.82747287  0.04357808],[-0.47767872 -0.36524427  0.79901168],[-0.67707713 -0.42648009 -0.59973435]
117,196041.32539767725,174673.70363350605,158257.59679950538,6058.1069163164975,8923.689408206244,8839.65764869073,9095.275771806344,3318799.996427918,3318334.0657796604,114270.57624851522,[-0.73205635  0.65658559  0.18162839],[-0.23546536 -0.49405012  0.83694118],[-0.63925704 -0.56992091 -0.51627569]
18,27352.731467343165,202861.4351682579,116085.38405931563,3526.654664506985,1439.8494461872374,4206.194913858178,2001.082762125542,998652.3995789476,998452.0951771687,22563.167752335554,[-0.74038809  0.40629798 -0.53548803],[-0.66205826 -0.30306189  0.68544318],[-0.11620817 -0.86201824 -0.49337635]
4,123608.3497887383,53755.2116767629,91065.75287815311,1345.2276163914003,2028.8985266854056,2660.90990781799,2089.6048275566413,325418.7461571165,325369.5935778427,5853.667805735753,[-0.64890445  0.43759805  0.62243952],[-0.03941164 -0.83629607  0.54685977],[-0.75984849 -0.33032838 -0.5599227 ]
14,81035.69233217955,7325.090280891063,42150.34722411021,2207.6933578131357,1630.1622179685583,3376.432622056213,2724.9573721510264,343198.59486139176,343078.1096418853,12680.74104535378,[ 0.11294675 -0.99258578 -0.04490537],[-0.45336762 -0.09169911  0.88659409],[-0.88413847 -0.07977928 -0.46036337]
60,138274.4257220792,41026.69498462085,9747.025072769982,5281.176159993111,3798.412811138511,5502.781363782668,4876.412443809931,1121312.9914043054,1120814.5596014669,53899.37802932195,[-0.29110614  0.92146929  0.25719945],[ 0.01145568 -0.2654661   0.96405213],[-0.95662217 -0.28358789 -0.06672275]
5,179073.6190337182,47659.098974333705,101383.20782038648,1132.5273248357355,1689.2901940419388,2729.063555073378,1843.563877441275,472380.3453144227,472339.9458063199,6378.228476658528,[-0.06722834 -0.85197836  0.51924294],[-0.52615191  0.47244907  0.7070757 ],[-0.84772904 -0.22566514 -0.48003201]
13,35031.30666853099,202700.09246440663,70347.63708448705,2752.417088181868,1075.8896717411324,3186.33110987536,1920.454344453861,783988.1165076194,783902.1084031318,14043.29478429294,[-0.76869641 -0.08706118  0.63366094],[ 0.61896372 -0.35095538  0.70264801],[-0.16121335 -0.93233614 -0.32366586]
26,75721.45206400297,179686.680221288,183771.24262606385,2694.2364748423197,4298.844044087214,3634.6312112878027,3813.073798348693,1366555.8522885712,1366436.653420454,25153.923041106533,[-0.95655633  0.25040967  0.14931508],[-0.07160118 -0.69823433  0.7122795 ],[-0.28261859 -0.67064433 -0.68583009]
32,193518.3343568734,48785.88945339502,194246.42878908274,5240.157352915594,2120.015927034678,6082.41747613617,4829.57207316799,1576080.3567813693,1575699.5564320416,38259.008858687404,[ 0.16706284 -0.98266663  0.08035114],[-0.69950533 -0.06069987  0.71204482],[-0.69482538 -0.17516228 -0.69752123]
2,88632.85190311444,105307.34842727371,23708.6006593229,40.771772589367174,121.02393253923947,46.59939328211476,57.465602716983994,197522.33440863862,197522.25756499718,174.23164184210907,[ 0.4519338  -0.18385179 -0.87289997],[-0.62693759  0.63064885 -0.45741806],[0.63459049 0.75397649 0.16974793]
4,36108.656417580365,167491.32865187316,83696.3557563221,3208.300078743516,1525.042086081099,1082.3760950605158,1271.7095343953117,381449.18622802116,381387.04184506094,6989.14549512633,[ 0.11828001 -0.46414414  0.8778269 ],[-0.97477483  0.11423199  0.19174223],[-0.18927194 -0.87836284 -0.43892466]
27,116010.57397598785,77051.6375734977,85383.72524584523,3984.2767888705507,3436.22506887559,3583.2591521508166,2227.499248336039,849383.3307257396,849004.5610906746,30983.552128435556,[-0.05840757 -0.70044383  0.71131357],[-0.70164498  0.53565675  0.4698576 ],[-0.71012877 -0.47164636 -0.52274931]
10,128721.33766816945,152382.93243744163,65535.21651775464,1972.9718409002414,1799.002961465042,3197.0859721887055,2217.8205607270456,664080.212406778,664012.2456100308,11150.174962145846,[ 0.52863853 -0.67047878  0.52057613],[-0.58714563  0.15407646  0.79468261],[-0.61302635 -0.72575385 -0.31221794]
19,62396.72922073487,103532.4597638405,188462.66806402462,5609.59931787184,3139.4516129618282,3985.4719224884993,5574.464815801129,976451.6496250392,976307.7636458548,22320.26519068479,[-0.04319127 -0.86951714  0.49201064],[-0.95930559  0.17364533  0.22266585],[-0.27904712 -0.46237133 -0.84163261]
