N,MEAN_X,MEAN_Y,MEAN_Z,SIGMA_X,SIGMA_Y,SIGMA_Z,SIGMA_R,LAMBDA_1,LAMBDA_2,LAMBDA_3,EIGEN_1,EIGEN_2,EIGEN_3
2555,129022.2041374179,106685.05936395534,130308.05010614524,33108.289288100255,23112.635408056063,33553.530645444596,20811.093503718843,11016125.710811004,10814448.85602304,2402260.4208699493,[ 0.57127973 -0.81460896  0.10025823],[-0.54656044 -0.28645071  0.78690385],[0.61229989 0.50433941 0.60887651]
1406,180993.6955646843,101875.31489254066,47281.12311591312,14548.567645461168,25204.60907368604,20064.19780465139,20943.022545595133,8077954.496786224,8042667.682412312,1078923.5798032975,[-0.50476928  0.60664435  0.61415845],[ 0.16364706 -0.63130044  0.75807611],[-0.84760109 -0.48315876 -0.2193855 ]
131,179851.96172503728,5142.066289261188,31107.766386359403,6532.402651172131,3753.3282042422884,9359.535900880282,6783.0418775375465,2093993.2995617774,2091774.250308016,113141.13193213494,[ 0.04789302 -0.9923629  -0.11367553],[-0.16634794 -0.12014105  0.97872085],[-0.98490336 -0.02796421 -0.17083144]
8,90969.48704092343,142197.72954069605,193086.45733964464,1320.7646759006998,1052.2658411160855,2296.8518976607606,1822.8992302328109,725448.3799976547,725441.082473985,6186.200088331641,[ 0.93231194 -0.27054656 -0.23999793],[-0.07063083 -0.78704102  0.61284396],[0.35469104 0.55441049 0.75287667]
9,117912.82864334497,76610.46850471804,131305.11858159438,3368.155656883298,2213.086864676506,2906.0862234571214,2615.8819353705853,577352.1452430823,577229.3265888991,12671.969297038773,[-0.56760187  0.82276678  0.02971446],[-0.54964279 -0.4055588   0.73035256],[-0.61296079 -0.39821714 -0.68242376]
66,141219.83478206286,74606.235680817,39066.78300859355,6820.57241345135,7341.056751450437,10836.523101167055,5740.173670160779,1340540.490086688,1337198.583055002,110778.41862300402,[-0.4902183   0.59376023  0.63807116],[ 0.14670606 -0.6654143   0.73191607],[-0.85916433 -0.45240756 -0.23909005]
173,142085.24463969647,146440.97034134297,23708.6801665552,13795.527491421135,6416.446469146269,14839.151483379766,11856.766066424512,2714783.1992963315,2707672.4695159704,233048.20426800335,[ 0.62989317 -0.51736162 -0.57928537],[ 0.35079248 -0.47593167  0.80649468],[0.69294966 0.71121445 0.11829954]
691,51752.132220655316,168424.20986015347,131911.5399539197,11501.25123560992,17774.306197707294,9697.871397288198,12968.339164740386,5811006.65350794,5803140.109931364,507002.87034987455,[-0.96129519  0.27420762  0.02686518],[-0.14312611 -0.58030789  0.80172169],[-0.23542827 -0.7668461  -0.59709345]
260,103491.34302749175,176522.70296701006,197476.13099153832,10455.555041043164,12807.981179448621,4184.187865181776,6581.6014307466685,4591924.277232819,4588273.938958885,253672.528412269,[-0.61308261 -0.40129657  0.68050773],[-0.70130208  0.67304314 -0.23492195],[-0.36373769 -0.62126805 -0.69406117]
473,12463.407692054143,48795.356294379555,152292.3714470486,8870.171114867879,14536.725204337275,14249.737883444395,14416.914131388146,3516839.480850424,3507960.860965415,363847.93402564817,[-0.99056682  0.13120426  0.03953238],[-0.11250131 -0.94338329  0.31204395],[-0.07823568 -0.30465294 -0.94924484]
116,150895.74371434347,198163.63732534522,169737.84574693194,11842.948815947017,4938.71883592433,8801.732270460669,8123.590563555121,3249439.106020583,3248666.2709115734,143244.88577045474,[ 0.13176284 -0.70110933  0.70077404],[-0.85530381  0.27694791  0.43789867],[-0.50109275 -0.65707348 -0.56317004]
25,171655.37445739817,16966.559650166495,96521.14990757836,6360.8628476401045,4520.06324092517,3242.329606755424,6093.225177844265,989076.9107634667,988902.6322646495,29272.27783555849,[-0.47706763 -0.12259039  0.87027471],[ 0.13409061 -0.98878357 -0.06577817],[-0.86857711 -0.08531503 -0.48815485]
391,189805.80514640265,51058.42044831927,16181.144405975585,10528.962547976236,9360.96791801855,10072.786752754522,11023.559613291902,3911938.1381184165,3908767.1232648175,262214.50500599144,[-0.26657387  0.84056051  0.47158923],[ 0.05396025 -0.47551128  0.87805314],[-0.96230279 -0.25951309 -0.08140202]
77,158147.08777788279,114111.6896489049,20901.022773448924,4286.605309003241,5105.742956986358,9231.403850405002,4676.0001691611915,1723641.55374984,1721885.171150669,91320.13239909202,[-0.58837982  0.77057007  0.24501215],[ 0.06070737 -0.26006049  0.96368208],[-0.80630255 -0.58188513 -0.10623506]
183,107252.27659128683,88375.63738512086,41703.79657116693,7699.097385267567,5461.443669984718,10270.39034008021,4985.093639802845,1971011.809004284,1964864.0527640695,175665.9561883822,[ 0.44135553 -0.76024001  0.47669741],[ 0.50860815 -0.22572209 -0.83088344],[0.73927197 0.60916719 0.28704057]
492,58808.03091772211,182128.55050142933,162597.60141237674,14919.222388962418,11465.365869794894,12587.640605606093,9690.552430468542,5587007.972602439,5580869.641164097,449022.61019611044,[ 0.41641483 -0.67641669  0.60750239],[ 0.87866642  0.12776913 -0.46002214],[0.2335466  0.72535199 0.64754959]
603,18979.80772631778,107566.88565473819,91239.42233722891,11308.793067422754,13083.820438603369,15074.78761857868,14822.520192582891,3535283.90240775,3518503.7982283947,429859.47614624776,[ 0.77370829 -0.48351737  0.40937322],[-0.61956313 -0.44247383  0.64835055],[0.13235182 0.75526675 0.64191521]
113,39983.2345033722,83262.20326908006,184446.2973030395,7036.523721988396,9263.385633514687,8452.475606333073,7632.079959160916,2197014.4279272566,2195395.7720278157,129523.70672610996,[-0.88848869  0.45866151 -0.01474674],[-0.4160881  -0.79163286  0.44742386],[-0.1935421  -0.40366698 -0.89420044]
453,164114.57466042633,193650.96937137944,16209.348261499601,14068.397660187688,7925.225950654886,10703.08663138467,11995.322948248522,5426276.985728363,5422709.452149715,324440.80601546675,[-0.50179054  0.35921249  0.78687524],[-0.57520795  0.54083533 -0.61370429],[-0.64602018 -0.7605679  -0.06476417]
101,25226.408636569566,131294.4586639891,164061.48400110562,8825.299892386141,12042.475690180432,5825.468528771371,7717.687631990465,2132590.713483219,2128835.4223598423,140484.51396930343,[ 0.73574762  0.46918327 -0.48840813],[ 0.66687935 -0.62764985  0.40165607],[0.11809898 0.6212268  0.77468051]
56,120112.73219720215,199357.6628528459,185864.0119423605,5902.725877102837,3205.342063724576,8268.58204490242,5120.655404680464,2229950.6856452445,2229652.1100213593,69794.39908623898,[-0.82432251  0.56181632 -0.06967647],[-0.39732605 -0.48647193  0.77812407],[-0.40326716 -0.66910946 -0.62423403]
46,195317.8589027157,198021.75137973123,67576.4775047425,3081.2648140711253,5397.766990360487,5473.814491236912,3375.226620518222,1941898.2461753967,1941678.2409922269,51257.11526538158,[-0.69430315  0.51220836  0.50555487],[ 0.22888898 -0.50883592  0.829877  ],[-0.68231442 -0.69190216 -0.23604754]
34,81209.81098503755,123257.78086837076,105422.93475148674,5736.324661123428,5435.896103354982,4528.213945714693,7042.209813014732,1058886.21730907,1058570.9259842976,33636.479547099356,[-0.57143753 -0.28231978  0.7705548 ],[-0.68757704  0.67729127 -0.26175244],[-0.44799215 -0.67939096 -0.58114625]
226,100329.60049237555,189182.03465811478,11502.39983444609,8848.45650763733,9476.82490644408,7683.151480860149,10308.327580212366,3229988.9402914443,3229461.5984518714,164530.9308882712,[ 0.4120761  -0.27206192  0.86958358],[-0.78179822  0.38458653  0.49080011],[-0.46795815 -0.88208589 -0.0542186 ]
20,7735.588938273574,177662.93055965556,189622.88785184475,3040.711204439343,4538.961090637846,3255.517239927349,5171.695695704967,1162905.2686999277,1162853.4513130847,16519.059816713703,[-0.23728831 -0.70400909  0.66937692],[-0.97098544  0.19294424 -0.14127913],[-0.02969063 -0.68347913 -0.72936599]
10,188381.36584441178,27507.59809270444,65946.3326237851,1257.1147813873863,2708.131051464204,1902.1228657744493,1320.239222333238,637204.3340784007,637162.3047263838,10392.134427521596,[ 0.24042233  0.43444507 -0.86801762],[-0.26074424  0.89028517  0.37336945],[0.93499174 0.13656424 0.32732348]
2,176846.13564824715,84938.33186928867,115486.69309466721,1412.2163645870023,1330.0103403771645,1438.6312642877747,128.98960001589148,321969.2070334615,321951.14175430214,3410.6598858986417,[-0.05719795 -0.76044361  0.64688014],[ 0.62712373 -0.5315235  -0.5693844 ],[0.77681672 0.37310626 0.50729429]
1123,103494.35246567936,123675.70983746715,48947.841930345574,23976.87458726232,11746.788470332669,19484.078524919565,15444.638428917637,5726373.988822533,5703708.541722986,960458.1386544742,[-0.44894793  0.02131362  0.89330369],[ 0.64383799 -0.68550748  0.33992961],[0.6196115  0.72775354 0.29403465]
948,16185.54319408452,146096.71124799433,27935.861605186125,11774.82171761414,19762.02162484758,12084.205821082465,18486.836435843372,4663085.325823877,4655701.308445678,552574.8851092104,[ 0.88152172 -0.00898388 -0.47205799],[ 0.45978209 -0.21095108  0.86261236],[0.10733075 0.97745534 0.18182733]
78,176929.67406796032,127255.84819014724,179097.69065253477,8739.46223938193,5333.854981449965,5076.358131236098,7792.133507199591,2492974.590460515,2492704.400145914,73770.20053207116,[-0.09928394 -0.76217575  0.63971152],[-0.77228089  0.46442084  0.43346915],[-0.62747504 -0.45100045 -0.6347233 ]
23,92672.98718289228,81743.4205396811,180010.3488016189,4920.18008345438,3959.3945763035067,3234.59968423253,3223.284661039055,1047605.2709958369,1047342.7768638985,30266.574293972448,[-0.10693411 -0.88335092  0.45635101],[-0.89916258  0.28180959  0.33479846],[-0.42434862 -0.37453238 -0.82441115]
581,93455.24540594299,40239.13555233082,70633.24673932839,11627.29446969929,13831.32426849864,11609.944325737988,9238.113004517507,3023226.9246771517,3001483.4821023736,463428.7122311359,[-0.6014102   0.68890202  0.404623  ],[-0.25811955 -0.64683067  0.71762412],[-0.75609528 -0.32714536 -0.56682964]
205,148898.41454232013,78983.99738317693,118640.93264995239,9277.549614766926,10731.401983631698,7997.21548851477,5667.243954738813,2957569.3222621023,2955043.191834859,219164.19601201467,[-0.54546545 -0.19568725  0.81496868],[ 0.42448532 -0.90292993  0.06730345],[-0.72268918 -0.38265395 -0.57558345]
383,166563.5859685917,187264.44394653873,195633.47251425326,10596.512394202315,10249.72891733788,6862.219633854784,8421.092094053736,6228666.119356341,6225994.004991035,271120.3237652288,[-0.2138223  -0.6081377   0.76449235],[-0.82454102  0.53201608  0.19259025],[-0.52384361 -0.58917521 -0.61519138]
234,41947.75499124783,71488.14454549222,117006.58872524368,7911.4246670521,7604.628184173775,8379.872173840311,6579.207154151837,2200289.950121069,2199032.8321579685,186044.1495002743,[-0.82249029 -0.30481367  0.48020658],[ 0.48795442 -0.81195003  0.32037109],[-0.29225025 -0.49782103 -0.81655619]
25,101539.34056355563,23871.474998076574,171604.49752064046,2859.742475390339,8514.676308634942,4850.167870252448,3060.5354802266843,1005282.930429769,1004320.9802591964,48632.553895450685,[-0.82770447  0.34636169  0.44151885],[-0.2436767  -0.93058079  0.27320517],[-0.50549676 -0.11854529 -0.85464615]
105,9285.105553674559,153070.4079050284,125043.45349379159,5835.312862682232,7667.878742121483,5765.475355236166,4446.725729131218,2030067.529717471,2028795.7432532655,106508.46247640757,[-0.94062602 -0.17877069  0.28855457],[ 0.33622049 -0.60756827  0.71959473],[-0.04667415 -0.77388749 -0.63160089]
13,155195.80525724898,82803.11390018128,198697.9509960663,2474.868054532171,1114.6204807628515,2541.30185046367,2637.6358887562064,956899.2783167373,956876.0715143918,9413.993737628862,[-0.22996728  0.94896811 -0.21581144],[-0.77787659 -0.04597628  0.62673295],[0.58482738 0.31200273 0.74875312]
604,112165.31584437976,162348.16641713976,102896.51761359461,13118.230355514363,13863.588140742655,11264.840118465767,16555.066825362872,5494013.685569391,5486587.793687999,365427.92463990767,[ 0.54059817 -0.68354863  0.49042317],[-0.67343803 -0.00222191  0.73924034],[-0.50421704 -0.72990159 -0.46152881]
29,67930.56855485076,64043.61031634494,122200.53243673856,5025.3434261429,3709.371373410577,4829.702270395591,2069.511415651916,829130.7190404084,828323.6530199759,41068.415897727544,[ 0.57966068 -0.80850365  0.10156452],[-0.6848017  -0.41579225  0.59846758],[-0.44163348 -0.41645968 -0.79468308]
3,202861.24594070428,147540.1012197743,199032.103737653,1021.0330829368912,372.9181231516086,1146.9019584092594,132.22464076713158,554626.5212903528,554620.804044686,2727.0332691780163,[-0.29341268  0.88641127 -0.35802802],[-0.7159303   0.04444332  0.69675577],[0.63352412 0.46076008 0.62156845]
118,41992.65717533194,154371.25438489733,12665.873800301759,9140.181195941157,12548.741597095806,8346.76505050261,14540.650949812518,1753151.679770658,1750996.8960520742,108641.37291188473,[ 0.74950636 -0.15060531 -0.64463808],[ 0.60717617 -0.23161193  0.76006119],[0.26377512 0.96107958 0.08215066]
651,117170.76160187049,11765.699328530485,71430.67595305889,12554.086660296696,10186.646273414433,30328.294803803914,21197.58819705819,3614468.499111646,3564091.16859824,685123.3342907194,[ 0.21025919 -0.95906872 -0.18967935],[-0.4994722  -0.27216391  0.82246844],[-0.84042763 -0.07819199 -0.53625313]
35,27282.67027014957,58236.55405836572,201286.23039827045,3058.7377645827446,4384.014708476695,2465.28085316623,2693.6736103686962,1250518.0690503682,1250323.974473054,30972.794260999974,[-0.8734184  -0.42324365  0.24084251],[ 0.46955421 -0.86305514  0.18615765],[-0.12907033 -0.27568213 -0.95254407]
1572,23728.500374371455,41206.13782950826,35171.737177671166,14030.335770530513,17547.45216400059,24973.046395526886,18391.8939011617,2647072.7389179543,2489834.062026523,1157284.3157572139,[-0.88901795  0.45229508  0.07124773],[-0.23105538 -0.57749954  0.78301193],[-0.39529798 -0.67964949 -0.61791267]
10,62146.34213198335,162640.5751475437,113019.73650813587,1790.1238125958603,2295.596308925957,1396.7383173737833,1432.1470930917976,656482.5764151886,656435.1240651725,9152.36201630791,[-0.72124894 -0.18772472  0.66675287],[ 0.62463883 -0.59229666  0.50893124],[-0.29937652 -0.78354585 -0.54445349]
15,23603.23769185778,202621.27652083876,117851.39578885904,3999.598220865794,1546.9747920394943,3943.049209284501,1957.401509792982,912641.2416408448,912521.9630710181,21240.012358502947,[ 0.64561793 -0.4387948   0.62500929],[-0.75706064 -0.26039272  0.59921183],[-0.10018316 -0.86003184 -0.50030848]
95,150341.97071670883,19769.96454286628,31301.867787727904,4964.138290936663,8397.896016262013,4642.351593088748,4499.703918354873,1512305.232480417,1510307.0517715714,94982.66974874224,[-0.23668104  0.40303771  0.88404903],[ 0.03200128 -0.90617421  0.42169208],[-0.97106025 -0.12809722 -0.20157653]
419,150172.05517272558,15628.781630862162,174052.89898096383,11750.946117356349,8070.622946282187,12931.943390486551,12982.106202004305,4730021.452599671,4726639.433607774,293092.4915413861,[-0.15137106 -0.96452271  0.2162932 ],[-0.74331808  0.25530874  0.61830065],[-0.65158656 -0.06718182 -0.75559352]
131,67422.89072454785,192260.57816840173,195946.28116545329,6332.598164368793,7011.478864014088,5745.88210221237,6809.796064860055,3237370.263421707,3236773.697282656,99277.14143243697,[-0.20324307 -0.66300027  0.72050184],[-0.94970309  0.31253203  0.01969218],[-0.23823582 -0.68026052 -0.69317337]
10,193408.32655642106,34810.319146788366,185272.77398608119,2327.4968311350563,1628.2918390247958,2632.7480699253556,2891.0375042692244,854145.9783550027,854142.2953773901,8147.594168345881,[ 0.36637814  0.76714588 -0.52654938],[-0.59410726  0.62839845  0.50214734],[0.71610308 0.12885101 0.68599839]
96,160095.66603467692,34023.539420455774,59743.846895826406,5586.342872635871,7577.6047540722575,7441.717196524972,5758.67873753037,1710701.314250942,1708563.3193379685,103011.58361101351,[-0.10991224 -0.70784376  0.69776537],[-0.37944677  0.67873114  0.62876402],[-0.91866177 -0.19565595 -0.34318989]
262,141461.6920906359,13290.823820108559,7574.026478942697,16527.787089867667,8723.22092810453,4623.203939025079,15980.177950807889,2322823.896345439,2319076.4688467938,170845.41975854864,[-0.05562234  0.03441729  0.99785851],[-0.08761149  0.99538252 -0.03921551],[-0.99460061 -0.08960513 -0.05235015]
231,180815.0281275043,183330.82398051623,52875.7345263552,12892.92451896943,10643.171362484933,10567.738963347638,7155.6665413992805,4004162.2261124114,3999165.126466757,279891.64868757833,[ 0.11423442 -0.37821154  0.91864385],[-0.71671501  0.60895873  0.33983653],[-0.68794629 -0.69722686 -0.20150584]
3,158781.3876970005,75464.58435236904,86354.9663036876,1164.228593026812,1921.8301467427918,1291.6204553015439,1080.103232780585,339268.09752942744,339267.57369154424,4080.5577106013475,[ 0.54480472 -0.77225862 -0.32680949],[-0.21453188 -0.50511434  0.83596386],[0.81065646 0.38532601 0.44086276]
115,86726.91226924102,190068.63869005677,107561.78403416123,5201.0024553407,5788.880130975902,5658.000915230635,5946.85365343669,2521610.006698075,2521134.727210823,81281.54449246812,[-0.74718346  0.55110572 -0.37148266],[-0.55271836 -0.20486043  0.80779615],[-0.36907897 -0.80889721 -0.45767458]
23,173302.19006075992,53732.32910711239,196510.616278605,2889.441605843486,3397.1328758317045,3781.282988876462,4545.160047509636,1282974.755657902,1282945.5904489618,17657.954902274836,[ 0.57077057  0.51062471 -0.64302672],[ 0.50442667 -0.83597532 -0.21609951],[0.64790022 0.20101659 0.73472283]
173,83922.70742922067,31091.846992651575,184501.1182708319,7905.4631758500545,14362.001267036421,7186.695973035272,8742.104981879242,2706497.3197082416,2700667.3831571583,203873.01192705228,[ 0.85335257  0.28469428 -0.43673626],[ 0.32273588 -0.94639016  0.01368246],[0.40942758 0.15262642 0.89948554]
262,163726.71857652973,152415.04818373325,147488.63364624965,7619.512300908279,7119.038111479088,7451.33075089998,8049.725033477532,4340532.552285142,4340250.111728614,160847.50193611826,[-0.49379028  0.81744638 -0.296568  ],[-0.61866051 -0.09057595  0.78041987],[0.61108946 0.56883866 0.55044732]
208,190202.5750624308,182472.8141569961,112725.553564025,10490.80223094724,5482.786631242779,9151.736012173316,6948.313577967251,4139318.0527575705,4136451.16981791,189721.15559250792,[ 0.35073641 -0.72895716  0.58788215],[-0.66068837  0.25228268  0.70699669],[-0.66368279 -0.63637638 -0.3931288 ]
70,25467.25122438307,62531.9591427418,69718.80770182743,5302.615897629264,9912.570901022635,4332.762991222326,4459.5706516861,817247.3014327397,813876.3511611446,93640.45261109351,[-0.88973401 -0.12650929  0.43859866],[ 0.37437526 -0.75198685  0.54254857],[-0.26118299 -0.6469244  -0.71643022]
108,28820.81704218954,97023.11950134987,31112.45755801755,5470.800335957873,5279.539263858505,7150.14058764068,5988.397129592099,1104568.1085455779,1103397.970145824,88240.61345045725,[ 0.66550875 -0.40043871  0.62987851],[-0.69541946 -0.02615747  0.71812782],[-0.27109015 -0.91595012 -0.2958809 ]
166,42133.62924068887,13374.238093354676,64770.617933827,8694.254327828648,5139.341547869741,7547.64712727414,6464.44270664926,1021684.6378332588,1015263.5751174517,140574.5716658636,[-0.03490974 -0.97354254  0.22582345],[-0.84327426  0.14996247  0.5161393 ],[-0.53634861 -0.17241281 -0.82619852]
95,54074.05107734272,167392.437461888,83948.30085594888,5662.728664286133,7622.177920838779,5731.532430803374,7139.6419928357145,1902372.888702678,1901564.919460751,82432.99649430902,[ 0.1127901  -0.47425472  0.87313278],[-0.95437162  0.19282524  0.22802025],[-0.27650172 -0.85901157 -0.43086647]
250,181238.214125949,92658.56440026319,121547.78450313197,10685.105913721598,19250.84401621267,5714.797074711792,8098.29263165755,3764840.304694497,3751534.4249047814,337729.9224486973,[ 0.53750398  0.05188619 -0.84166341],[ 0.35552899 -0.91900211  0.1703944 ],[0.76464934 0.39082341 0.51241433]
108,12603.608578537258,98958.40504812382,168326.69180179512,6871.2872192056575,9836.140913502959,5973.434163008319,7742.615183002533,2037086.245849317,2036107.3617048129,114088.9779338261,[-0.88555831 -0.36848228  0.28285561],[ 0.46011082 -0.77955435  0.42496241],[-0.06391021 -0.50647392 -0.85988351]
55,9423.191310010341,67221.95012649962,115343.35960323106,4850.440066845846,7409.092159149685,3981.1840908106506,4642.246498900064,994955.850866596,993352.8012825218,62987.7179901812,[ 0.82711933  0.45362208 -0.33181415],[ 0.55768174 -0.73569016  0.384384  ],[0.06974733 0.50297813 0.8614803 ]
79,95061.16832560358,8259.828673596534,7349.373575764167,6897.301131895219,5718.288425717245,3811.160309407642,7008.820120427445,854493.933415969,853445.213296185,59579.48622672156,[-0.05350996 -0.25623305  0.96513279],[-0.10345208  0.96273917  0.24986186],[-0.99319401 -0.0864749  -0.07802398]
277,87752.1084994544,174281.62863576872,34381.23431831851,11488.610941857289,13025.971499048672,8277.152020504836,15264.272046649712,3311423.4021753077,3309002.5579773085,195458.35544444466,[ 0.15944781 -0.2692954   0.94976649],[-0.88214856  0.3930116   0.25952997],[-0.44315947 -0.87921662 -0.17489371]
123,189578.46372647566,129479.09464004148,146118.31117348757,8111.095662151491,5055.0380492936565,13415.858723026153,12007.471759233084,3023287.634302042,3021336.6083697877,125019.67268880663,[-0.62530201  0.76953425  0.12967049],[-0.35215115 -0.42653041  0.83310346],[-0.69641005 -0.47527765 -0.53770269]
16,102170.16191851432,49945.4777793175,3471.402169926815,4694.092276409892,3249.2290399174744,2609.7685319800617,3725.896630201337,455748.892017436,455402.483317955,20332.381209398747,[ 0.17638888 -0.42238134  0.88908996],[-0.40243303  0.79336685  0.45674576],[-0.89829539 -0.43836405 -0.03003911]
4,67202.66206562231,157681.48848375236,35803.190654961116,1190.9161151047226,1099.5659499470244,693.9078511121182,837.1160870111872,350225.3116535215,350213.66570736497,3103.963190839423,[ 4.69744756e-01  2.43495937e-04 -8.82802246e-01],[-0.79501704  0.43484695 -0.42291374],[0.38378088 0.90050434 0.20446066]
7,117664.68731030646,71563.40830539983,15171.210623439338,1763.456539276919,2174.0996396234023,1627.4015268319151,1417.3988412128276,366652.94595200475,366610.98677448113,7701.302141364108,[-0.32654553  0.35100735  0.87758866],[-0.41487978  0.78103042 -0.46676146],[-0.84926014 -0.51651265 -0.10941614]
2,194807.3614392381,131804.19239166979,202258.31142669072,680.1384772334422,106.95830165586085,834.9517101511883,926.0605308475788,438706.8472611279,438706.13248007017,791.9331901203354,[ 0.75805128 -0.14443987 -0.63599952],[ 0.17604869 -0.89365154  0.41278782],[0.62798497 0.42488121 0.65200524]
2,13883.689561617362,196880.02875166456,62683.31596677166,1694.2723971659161,1214.599059590866,470.68969326168735,1125.8229180487688,292876.3152469263,292865.048546273,2568.9244064590425,[ 0.44874037 -0.29969508  0.84191148],[-0.89114057 -0.07934134  0.44673644],[-0.06708632 -0.95073015 -0.3026741 ]
9,158160.96189666717,138774.94736518673,98935.25942391975,2491.78673126309,2500.3918640239217,3390.575705000147,3996.3254694701704,697675.6032879046,697650.6781928829,8462.570393848122,[ 0.73296679 -0.56131185 -0.38430287],[-0.00953509 -0.57335341  0.81925268],[0.6801976  0.59682064 0.42560117]
130,97175.33007173355,168113.14382817136,174984.48648933214,6004.973818899298,15085.555605628126,6875.279638186226,9027.264061289708,2986258.496092256,2982867.815002894,173211.32839557738,[-0.91389795  0.12685193  0.38561526],[ 0.16355679 -0.75434689  0.63577508],[-0.37153696 -0.64410353 -0.66864858]
4,147510.60809992388,189902.41958181455,152925.41717903045,1220.1934202712964,663.1317189020745,1385.4427550128755,1217.168166409306,569954.9676234912,569947.8807612803,3076.7045137054392,[ 0.7152142   0.00723447 -0.69886788],[ 0.46959303 -0.74557834  0.47285867],[0.51763987 0.66637872 0.53664548]
21,118131.75128579313,111943.70866033714,24663.43181475558,4704.785582207286,4155.497691481055,2186.469439316894,3195.563057371743,754871.7411333072,754515.6533317268,26676.957939068176,[-0.00343693 -0.21170359  0.97732788],[-0.69631274  0.70197275  0.14960892],[-0.71773028 -0.68001165 -0.14982454]
14,193208.01643072054,55300.70128664839,155989.41785428775,3234.985025574568,2153.3303336634276,2722.5856980176136,3212.908988458191,952021.8572287743,951987.4294488388,13054.657260509099,[-0.09127449 -0.89759533  0.43126742],[ 0.64410686 -0.3834999  -0.66185661],[0.75947042 0.21737168 0.61315107]
5,71938.95777656231,8328.644671920343,199604.43584981657,548.3749425376802,540.6844157916298,1038.8901574791491,1137.8058120382289,474805.9477150995,474804.43948266894,1373.8727689464963,[ 0.85668185 -0.42594031 -0.29098292],[-0.38898664 -0.90390049  0.17791373],[0.33880023 0.03922699 0.94004024]
62,138606.97888211883,41430.09204698099,9688.977893007132,5046.493609922543,4297.027973552472,5972.568305142773,4599.734669436883,1143367.7772189393,1142682.6839928865,60107.40311347798,[-0.2867262   0.8642995   0.41324868],[ 0.06075394 -0.41408759  0.90820726],[-0.95608423 -0.2855133  -0.06622016]
3,169849.52554920688,3240.8585579208325,59313.40178494734,2034.226097802909,1253.4817388716783,1042.4544484602268,1728.6859420615795,311693.2243107975,311675.0266948595,3384.142963074168,[-0.22074744  0.77687045  0.58969727],[-0.24538658 -0.62940149  0.73731892],[0.94395762 0.01805746 0.32957235]
28,34161.24480447462,92907.79347924955,135487.75107528726,3051.1678560638416,4335.211425927494,2499.351984167438,3031.291845168903,888370.5953903055,888112.2134366265,26488.75919361609,[-0.86445995  0.48883586 -0.11725395],[-0.45958119 -0.67399511  0.57837334],[-0.20370104 -0.5538683  -0.80730155]
21,18252.986246319888,9885.179693612894,58549.569067386365,3118.277904082089,3320.137264370491,2153.065999412111,2354.3593159800475,285401.01518649573,285082.3728197532,20392.806926522713,[-0.70621982 -0.62812003  0.32667842],[ 0.64402722 -0.76159827 -0.07209029],[-0.29407908 -0.15947821 -0.94238219]
7,74486.48237176379,123873.95569730036,176840.1280831902,2295.035672923511,723.743373022588,2212.3099449009974,2371.721092201342,604335.6942521991,604324.9095522554,5941.435864492819,[ 0.50208656  0.59459901 -0.62798177],[-0.80094399  0.59359261 -0.07833609],[0.32618678 0.54230972 0.77427537]
4,201732.87185312706,85969.54141608445,163808.54751434084,1358.4581237067848,1835.8970145231026,2361.4287233178798,1247.6121349059845,547469.0787123269,547437.7931194588,6086.025234116458,[-0.09160054 -0.83087206  0.54887245],[ 0.66966824 -0.45933478 -0.58357176],[0.73698968 0.31410696 0.59848394]
32,10363.755001448942,69665.44818819535,54445.751240715166,3862.631998602045,4261.3042283715695,3331.810086225142,2585.8550004374497,504620.7461355909,504171.5171596954,34610.415096360666,[-0.88914235  0.35646049 -0.28698745],[-0.44249297 -0.50970569  0.73783473],[-0.11672979 -0.78303003 -0.61093218]
49,133263.82355401313,198764.5288058927,124595.67916232409,10922.960532122614,3158.50724036659,4021.5039842785764,4618.6698674619865,1890331.969306427,1888993.2094349514,78039.75168336813,[ 0.12208487 -0.58463986  0.80205456],[-0.86064522  0.34013878  0.37893987],[-0.49435321 -0.73654725 -0.4616417 ]
2,88033.59420862244,111055.47873845029,148670.49671060083,722.042834522581,871.3542590161087,645.4298247703409,1247.7983501831332,290474.9450229738,290474.4624587905,529.4765116703907,[ 0.75248864 -0.65705013  0.04523249],[-0.50004856 -0.52528481  0.68849641],[0.42861671 0.54070417 0.72382782]
10,154677.8765488468,11829.045304624498,53514.41640995324,2711.880859530306,2879.4052392862004,2679.275425822359,3110.3093369745657,519108.5582909057,519066.25591035857,11501.907259006552,[-0.33383393  0.16608388  0.92788526],[ 0.01260881 -0.98348104  0.18057146],[-0.94254757 -0.07198041 -0.32622523]
92,68954.1958146819,9891.682959137399,151916.8925465644,5931.5723907913025,4369.141349891597,4771.116559251456,4798.648528301089,1604754.4589359665,1604141.167617644,70868.94624793,[-0.20732499 -0.96553688  0.15733684],[-0.88699566  0.25336976  0.38606019],[-0.41261975 -0.05951717 -0.9089569 ]
49,182414.70181059107,76587.50861555638,161020.83421004654,4985.806642303322,3363.738904281879,3148.508783194631,4585.1366236512,1786099.9023211405,1786014.5560826103,35021.73537162414,[ 0.50438971 -0.84683082 -0.16872635],[-0.48381946 -0.43901826  0.75708764],[0.7151991  0.30023413 0.63114952]
58,174059.10089142714,4335.999637828682,116299.62229695209,5374.442802478046,2735.2331011681295,6108.937929425073,6250.798364834498,1595854.052688838,1595412.059079678,44840.124081687885,[-0.14481835 -0.95668365  0.25255503],[-0.53677178  0.29038254  0.79218308],[-0.83120617 -0.02084177 -0.55557351]
42,143501.25809737563,45327.19706903462,84097.06669219356,2703.544916612913,7487.030383892893,6018.412113459686,3844.00228822383,1118751.022348367,1117883.2041896195,59456.29294313424,[-0.55349414  0.44590167  0.70343154],[-0.03249858 -0.8555246   0.51674123],[-0.83221877 -0.26315271 -0.48801903]
87,77631.59504395309,133205.66833791995,133966.29540012803,5950.717352868075,5764.965834045685,10735.725158422738,6581.342879977308,1908604.3354249524,1906777.993883605,110682.84382954439,[-0.91156123  0.14349115  0.38531339],[ 0.15672321 -0.74512043  0.6482541 ],[-0.38012361 -0.65131085 -0.65673451]
30,112260.12697606781,18305.714964122177,151278.5017308005,4654.065506132294,3356.7652602906273,2614.2285391488786,3727.176874641249,1037084.0582736181,1037023.0931316447,27977.266831450248,[ 0.27055534  0.91106541 -0.31106209],[-0.75815348  0.40076903  0.51438067],[0.59329849 0.09666437 0.79915762]
43,17233.11479674842,185913.2932226989,144635.67099975556,4546.570475230991,7369.392582158103,4671.074336158348,7886.518258327605,1549960.1256437178,1549697.191141817,38534.95936911459,[-0.28441212 -0.57212473  0.76927436],[-0.95596566  0.22982774 -0.18250718],[-0.07238372 -0.78730712 -0.61229739]
10,151366.37321030832,135947.21073593368,3522.98323846137,1497.698424936319,2349.531266283182,1218.6917721162997,1766.6344409761373,643534.1908419176,643509.1599025187,7833.748718897662,[ 0.01173469 -0.03898015  0.99917108],[ 0.66824662 -0.74302732 -0.03683552],[0.74384726 0.66812495 0.01732916]
23,24367.34395679466,191795.32918274865,47632.162863245314,3575.179991308508,2760.2476925998144,3770.3193634380414,2490.7493447738066,955188.3779933599,955177.4992849248,25558.396310439617,[ 0.64827313  0.10504116 -0.75412752],[-0.75153205  0.24727737 -0.61159912],[0.12223559 0.96323427 0.23924507]
86,61515.71028803726,56997.929738905616,65699.21776543572,4395.327288628173,10157.89301714715,4550.360734027343,6996.814059198697,993590.239384523,990687.4137396449,89632.51394585305,[-0.55771418 -0.29310554  0.7765591 ],[ 0.59847253 -0.79027183  0.13153353],[0.57513958 0.5381074  0.61616142]
58,12734.308435616002,122334.46733947228,151276.67725249368,4252.092717833732,5627.440445767294,3286.6046293354975,4543.730577586651,1485777.8470316273,1485478.628743564,47888.31387112718,[-0.76129627 -0.47127908  0.44533585],[ 0.64511518 -0.61961553  0.44710513],[-0.06522571 -0.62767238 -0.77574028]
95,90178.5878858039,163202.72257414332,65227.51304286282,19064.876246303364,4328.324014918781,2788.250990987136,7832.780060790086,1934735.999916758,1927173.0511300012,176250.1744497807,[-0.01977097 -0.36150348  0.93216111],[-0.88805753  0.43466524  0.14973296],[-0.45930702 -0.82485233 -0.32962964]
8,184326.75409370085,19189.72059585678,1562.8853407641432,1416.5817751760064,2671.4755867275985,986.0883460884093,1475.3833268479164,524261.02353820996,524214.8089872678,7981.924717300387,[-0.00151123 -0.06660047  0.99777858],[ 0.10390333 -0.99238958 -0.06608339],[0.99458625 0.10357265 0.00841973]
171,67473.55467128384,82237.81049361006,29246.701764452755,5903.059953187385,4948.524527066585,14919.641616732953,7473.77331839051,1457415.1477328574,1447916.8106915827,196001.95306622933,[-0.75306493  0.65147826 -0.09202868],[-0.24526709 -0.1481747   0.95806488],[-0.61052212 -0.74405667 -0.27137134]
14,55796.44493504653,4867.1434230484,118428.44435864019,3296.2090213214565,2486.263703133887,3632.1069253919563,4164.894361549965,490548.93819315144,490480.18038785184,13417.210406163686,[-0.68617993 -0.63808864  0.34928498],[ 0.58957301 -0.76909282 -0.24677907],[-0.42609949 -0.03659415 -0.90393589]
145,129076.3648226574,170933.0416974375,160100.4609103034,8523.659542444586,7713.4961366107345,5943.7295322332275,5591.1644255393085,3222847.3332951833,3221841.7428313796,140502.882854341,[-0.67313306  0.70807447 -0.21335987],[-0.56007437 -0.29971602  0.77232571],[-0.48291674 -0.63937536 -0.59832313]
41,156528.2702296996,158395.2382445353,193038.59588599493,3533.7218840528894,4780.191434805891,4724.566731477056,5583.707467661076,1887561.3634216762,1887533.906033445,32985.120344058225,[-0.10768679 -0.72396063  0.6813843 ],[ 0.84046747 -0.43238949 -0.32657888],[0.53105366 0.5375131  0.655028  ]
22,56969.05422090348,20641.07490477923,167799.70920431256,2577.0962448785385,5072.291088676107,3282.2749600430584,2872.586453354618,837270.0411753216,836989.8412553794,27731.38856444589,[-0.94733676  0.06442735  0.31369123],[-0.0243944  -0.99122537  0.12991219],[-0.3193086  -0.11541828 -0.9405959 ]
30,47675.810807066686,8627.569213430577,84444.11892634751,2271.2604997058493,6874.973858351473,1736.2329085677416,1735.0587084062067,534628.8302233869,533486.6253105551,39799.05342568931,[-0.8710357   0.00580998  0.49118535],[ 0.03874676 -0.99600186  0.08049214],[-0.48968918 -0.08914337 -0.86732806]
59,59756.34725681851,78493.28443362162,99821.31231413886,3981.7617576548773,4436.982247853852,4057.153417121864,4418.184760157016,1079286.8949253608,1078679.083293133,43498.86799456503,[-0.21171239 -0.7026837   0.67927423],[-0.87996626  0.43946886  0.18035107],[-0.42524963 -0.55955585 -0.71137895]
3,137891.28857077376,117294.44068325148,191311.45092171384,1175.6168646309327,1252.0728246845756,1310.6857927644228,861.8396140712857,456212.837811231,456200.00451454293,3434.4788428750503,[ 0.71133913 -0.69769629 -0.08495021],[-0.46894005 -0.56115557  0.68205546],[0.52353784 0.44533618 0.72634965]
130,198214.44840412505,178652.47529355448,159279.9470551688,3184.1805329256654,7706.029374026772,11898.11488301565,8783.067548098616,3546454.4544048375,3545419.898973235,131312.3603544215,[-0.62302124  0.77630163 -0.09591825],[-0.45343558 -0.25851302  0.85297549],[-0.63737015 -0.5749146  -0.51306189]
55,160769.12367888197,56492.7665921773,184337.5057633475,2408.4818286830173,5812.241882322449,7643.958289741398,5140.804578518095,1862914.0794011503,1862375.8379315203,62605.0107014518,[-0.64445691  0.67772693  0.35406425],[-0.4181821  -0.7000532   0.57883439],[-0.64015546 -0.22497049 -0.7345674 ]
214,195386.27197977548,41299.01437948897,152119.5662785712,7538.2768226615335,15024.546147293302,13597.743150496228,12564.778584172842,3683436.615717406,3679603.675374681,257295.3071225382,[-0.60203057 -0.08379435  0.79406404],[ 0.18178125 -0.98274705  0.03411465],[-0.77750548 -0.16488402 -0.60687601]
3,167391.81802512545,16907.899813344156,38343.32720585162,1714.034537773494,545.6561986374794,1364.157436049091,1569.1975867736178,298903.7175147343,298891.08204036334,2814.173163847875,[ 0.00474122 -0.92247659  0.38602391],[ 0.24277151 -0.37341755 -0.89533308],[0.97007191 0.09796058 0.22218058]
32,9841.100548143095,199564.8707237289,86336.47701418868,4344.834566742128,2863.634208304462,8701.793670608968,3663.1552612656,1232558.309760368,1231534.1512074443,53188.475737598106,[ 0.90154875 -0.20854223  0.3791042 ],[-0.4303215  -0.3408512   0.83584919],[0.04509173 0.91669548 0.39703418]
33,73821.79802112884,34880.98626918468,24592.327217316044,4668.661770574611,2513.9253344115177,3959.7028911613916,4940.0275893712105,491059.4038057713,490931.3729404954,25133.826415087977,[-0.44768512  0.37301078  0.81267521],[ 0.22342554 -0.83334862  0.50557997],[-0.86582854 -0.40791303 -0.28973764]
29,104685.89699318689,151570.96177623278,32827.58478317179,4417.890507973473,4515.089666152474,3900.951144888313,5436.515834200484,1008293.7732037118,1008170.4287324675,27287.809049518793,[-0.61576079  0.26440952  0.74224407],[ 0.55476456 -0.52346237  0.64670196],[-0.55953099 -0.80998442 -0.17564256]
44,20090.860179284708,157505.2607400991,88720.11502536693,5099.207816723227,7072.112999811322,3612.6892022086263,5489.959835199346,1207828.1911094177,1207359.9336570315,50578.79994397053,[-0.74359408 -0.25341052  0.61874951],[ 0.65948045 -0.43054167  0.61621377],[-0.11024239 -0.86626611 -0.48726752]
5,66441.91780601219,136313.7229439858,183436.0745340022,2135.6586778156025,2213.8177756132104,1354.635162122068,1305.8674960245066,532232.0947371947,532204.3709118003,6928.564059067128,[ 0.47523843  0.61504965 -0.62917593],[-0.83440956  0.54189971 -0.10052556],[0.27912205 0.57276402 0.77073488]
25,106632.26144150086,49083.14787037977,16037.02251464238,4297.360452551508,2880.327681636161,2627.087199528643,3990.7032785421943,592996.0750606192,592816.8787614036,21120.987265912856,[ 0.10479954 -0.50743511  0.85529332],[-0.42277655  0.75571275  0.50015821],[-0.9001539  -0.41401431 -0.13533332]
3,146187.85070217625,82688.25937796259,161013.4109255952,451.7078790127359,793.102738953981,1547.7464557813087,1357.9922418951694,403000.8287779497,402997.3703699502,2037.0282657838925,[-0.46936671  0.88258689 -0.02711581],[-0.62042963 -0.30778755  0.72134173],[0.62830085 0.35539725 0.69204829]
2,25689.34073790264,83136.64118712969,54954.14458995306,1854.5658927847035,1620.2484408035598,1208.7550772134127,1126.0135919590466,145596.20222750583,145553.22565014297,3537.3162017715877,[-0.73623253  0.51651398 -0.43723561],[-0.62894356 -0.28377267  0.72381149],[-0.24978323 -0.80789008 -0.53378081]
77,142651.3373672416,132820.94081048126,198537.81891090205,9081.02027896936,8778.984828382729,3638.767599596594,5592.0770524416375,2443449.255535019,2442569.4773787083,104214.59714169701,[-0.45796526 -0.55066619  0.69787863],[-0.72609326  0.68463584  0.06373647],[-0.51289024 -0.47753588 -0.71337444]
20,28006.36745248079,194324.20730662573,89196.58304047152,5240.98854213019,3241.8278492063987,3383.3222192761,3279.137282258856,964813.2740642101,964586.7008234012,27860.320796984644,[ 0.25920746 -0.43350518  0.86306706],[-0.95706183  0.00479226  0.28984426],[-0.12978503 -0.90113833 -0.41364907]
15,185631.26232379556,71018.55246171741,187157.3388191558,2552.744414560031,3867.505334416059,2041.5712613002358,1874.8547376769175,1057488.5933402227,1057387.6739422437,18235.67876622478,[-0.71655145  0.43402724  0.54605345],[-0.15548    -0.86252095  0.48154291],[-0.67998529 -0.26014989 -0.68552319]
19,71251.64534231041,196927.96985850635,4719.313965421687,4103.058405674208,4738.865181899505,2735.8129916002845,5640.829484426868,913499.4750089592,913476.5797678307,16886.028777047828,[ 0.60631206 -0.20101812 -0.76940067],[-0.71870907  0.2755833  -0.63836598],[0.3403571  0.94002424 0.02261594]
44,173500.86691288458,67825.05414831662,151887.31594323285,7067.99932583549,3808.6321992565245,4653.214437427557,6381.864703928331,1595393.7940713768,1595073.787018119,44948.37332760668,[-0.48940077 -0.43760622  0.75431272],[ 0.48900122 -0.853904   -0.17811728],[-0.72205588 -0.2816891  -0.63189125]
3,112612.06707021942,187767.22295281567,145203.49901995895,1193.887802507034,1598.4763646468743,1520.3925068689123,595.6737714677006,455065.1116698994,455047.3129733242,4221.656402879877,[ 0.77280421  0.02686339 -0.63407572],[ 0.46802083 -0.69891573  0.540808  ],[0.42863756 0.71469935 0.55269764]
26,140171.30242909558,65910.46050643717,193847.25806719143,3864.380661265199,2929.5203218048923,3635.8913422963833,4323.923315384253,1265516.4231813077,1265501.0620681182,21690.45206062356,[ 0.73678475  0.263852   -0.62251936],[ 0.37145069 -0.92728213  0.04660731],[0.56495365 0.2655748  0.78121534]
70,197790.93243547078,22612.023789956977,85720.76366332809,5813.408421421999,9197.728042078093,4824.653384855681,5047.615218624111,1815924.1738676655,1814215.1549175654,90341.35154474308,[-0.3151671  -0.43660752  0.84264083],[ 0.2605033  -0.89358627 -0.36557025],[-0.912583  -0.104295  -0.3953667]
2,174857.37272305452,15745.936744767907,126045.04319440271,311.1740208209958,132.98657502144397,887.783652058024,759.8222113795637,305651.078545362,305650.01413804496,806.6432644021755,[-0.24937107  0.94109371  0.22837842],[-0.53221667 -0.33020474  0.77955772],[0.8090485  0.07285234 0.58320927]
