N,MEAN_X,MEAN_Y,MEAN_Z,SIGMA_X,SIGMA_Y,SIGMA_Z,SIGMA_R,LAMBDA_1,LAMBDA_2,LAMBDA_3,EIGEN_1,EIGEN_2,EIGEN_3
669,119383.45452029792,12680.080999108539,88470.39851008396,12479.769657198492,9604.20834476781,22761.524957513167,20040.780733625565,3915307.3573003733,3899729.7290039267,494849.1922778327,[ 0.14912537 -0.98699497 -0.0600213 ],[-0.58791108 -0.13730635  0.79718726],[-0.79506112 -0.08359365 -0.60074114]
570,19836.02313653585,108125.13433824042,81220.86128883265,9909.856646234373,13222.258528544118,14192.16226287217,13700.521906097489,3297586.832447426,3287148.8920385703,397713.1148269338,[-0.96914482  0.23548347 -0.07284136],[-0.19755772 -0.5653333   0.8008553 ],[-0.14740854 -0.79053513 -0.59441142]
18,19720.178001862532,7238.9867093838075,56963.74546014918,2449.1560602976565,3138.501473524909,2963.0713498950827,2720.5091159125473,258224.09150093736,258071.73942343955,17537.265593608674,[-0.9341958  -0.11524895  0.33763277],[ 0.14811072 -0.98626156  0.07315288],[-0.32456343 -0.11834615 -0.93843101]
85,177905.9247096394,5597.34972542206,32787.45840357154,7141.733763784198,4176.824677460185,7208.57133955218,6959.24907038839,1671277.912209021,1670309.1552995762,77685.16742061476,[-0.00974398 -0.97603617  0.2173901 ],[-0.18340175  0.21545693  0.95913613],[-0.98298975 -0.03052392 -0.18110615]
154,101902.51729525006,191354.56755361255,14936.413880211852,5838.00342900965,7605.447783794843,6955.340268433823,7081.642214580867,2700140.0937823122,2698803.2071388196,117664.88861597859,[-0.63906844  0.39181754 -0.66186897],[-0.6098665   0.26621514  0.74645318],[-0.46867299 -0.88068639 -0.0688267 ]
157,117311.45686712678,21601.74776008501,35640.23340966244,10666.18008666881,15143.88873564743,7210.717201170573,9415.833154594022,1578180.0074241862,1566098.3560674898,217670.8663414747,[ 0.30300847 -0.07408091 -0.95010414],[ 0.13700631 -0.983231    0.12035809],[0.94308809 0.16663978 0.28777777]
99,115396.42084118052,160997.0530121854,69306.60391684702,17831.010102089094,4480.840298594062,6526.424127462564,11400.236324208829,2096523.706994408,2091687.1245472524,157079.5669349321,[-0.21882048 -0.24949412  0.94332936],[-0.80423594  0.59357429 -0.0295655 ],[-0.55255964 -0.76512891 -0.33053835]
2163,173242.77841753393,99631.4636454095,80321.32839725203,16596.200051755273,22347.372649062254,34304.370859849194,23390.32638593886,10186045.176084174,10116311.440550042,1742113.2536055483,[ 0.46436652 -0.88019357  0.09809695],[-0.37943682 -0.09764165  0.92005098],[0.80024461 0.46446246 0.37931936]
487,163735.79121431292,195121.2792521733,22631.978173064388,12890.810163584585,6168.9822847706855,18984.104250826284,10273.11787695247,5662973.14450079,5652363.155121742,474508.6092564931,[-0.76578439  0.62727325  0.14178341],[ 0.0518677  -0.1595083   0.98583307],[-0.64100235 -0.76228955 -0.08961375]
176,70024.10063641705,125260.49109905603,13838.626884204396,7268.325440177431,6752.572142694614,9229.169719356263,8774.493399749872,1920053.4413458053,1917119.0859150789,137924.74020944102,[-0.85834508  0.45440287  0.23824725],[ 0.16292712 -0.19891858  0.96637785],[-0.48651668 -0.86830261 -0.09670623]
317,87973.31413775253,171845.05495054513,35066.43870950076,10584.804869075604,12457.722887431439,7776.592101284014,13310.289335083715,3506050.698862671,3503780.434079359,218395.6582593419,[ 0.02539245 -0.21277249  0.97677177],[-0.89354866  0.43328742  0.11761297],[-0.44824773 -0.87577958 -0.17912034]
176,12446.986237872874,109273.81051635683,164743.26777408517,5696.537003604417,13071.635895171177,10181.173353967552,7288.436855623029,2637022.3496415396,2630796.2309620082,210153.53113168295,[-0.98941204 -0.07539984  0.1240108 ],[ 0.13113031 -0.83060966  0.54119537],[-0.06219852 -0.55172679 -0.8317024 ]
530,144561.36481636044,14389.256010540506,175604.56043131836,18070.27857992373,8038.6934258362235,12630.43715902755,14457.713550900535,5271267.2972395,5260949.658030072,422368.14732807165,[ 0.05548812 -0.99782162  0.03568031],[-0.77010517 -0.02002545  0.63760255],[-0.63549909 -0.06285695 -0.76953876]
363,59455.03516818823,179342.52502638157,167471.56993097064,13747.665628981027,12639.962109824697,12035.928391752046,10974.008522776892,4826880.973232686,4817280.083059499,364069.3474003216,[ 0.64672551 -0.62364664  0.43910247],[ 0.7255075   0.32536391 -0.60644637],[0.23534014 0.71077647 0.66288146]
855,107482.23554669978,126334.42314261293,51914.127001664616,22893.816224249866,10346.940283168364,11989.014228020227,13029.03470370765,5140454.433830032,5102470.011396872,721903.1490958465,[ 0.16637823 -0.49353124  0.85366574],[-0.76487704  0.48178307  0.42760751],[-0.62231937 -0.72409391 -0.2973325 ]
184,112451.49452401258,55281.78131634985,142814.2451383676,6559.523191635265,5751.845236785679,6479.683294269372,7349.780857651428,2580510.902074886,2580008.25902292,108606.66264069905,[-0.73579507 -0.18561453  0.65127019],[ 0.32881246 -0.93865501  0.10396695],[-0.59202026 -0.29064413 -0.7516901 ]
798,17877.870396558243,145408.41822784487,27347.07191400307,12107.401112165135,12171.476534794714,10075.73789805617,12363.367958552579,4240863.043783881,4231098.5888607595,440687.06753285934,[-0.466012   -0.10916522  0.87801809],[ 0.87671448 -0.19064754  0.44161663],[0.11918281 0.97556982 0.18455077]
141,87083.36956339802,26707.848555184108,184256.51992591599,3996.8850902861523,13124.92383067091,6497.713697967217,6567.956583757669,2446807.0169060263,2442476.0629085735,161773.40644634064,[-0.87407572 -0.20131475  0.44211312],[ 0.23842607 -0.97071658  0.0293655 ],[-0.42325483 -0.13107897 -0.89647848]
2708,116949.41076456783,113188.1538207409,125575.32220668314,22507.691058583372,31308.38881597847,38195.06363045045,28995.660586449605,11021230.480995616,10861567.659483295,2319762.9786376683,[-0.7892645   0.57616983  0.21234377],[-0.23665387 -0.604507    0.76063542],[-0.56661847 -0.55009056 -0.61346874]
16,98773.09483854815,69126.98428247162,64675.740825872796,2684.524839192269,1329.4500099039692,3305.152118997466,3244.870099925561,547485.611071229,547458.5028795485,12212.096670585128,[ 0.68791577 -0.59748211 -0.41205221],[-0.07450221 -0.6228607   0.77877723],[0.72195659 0.50503434 0.47298943]
1793,23890.94207796244,42258.42962476224,34934.931826334556,13392.315888413512,18108.584722946016,23824.17931236545,17181.02645903646,2836043.801760329,2671049.8599321335,1226355.0116828214,[-0.89788711  0.43175794  0.08592915],[-0.19764863 -0.56978543  0.79767135],[-0.39336212 -0.69923504 -0.59693936]
20,92463.61391920455,91058.51841371023,4198.624093659461,2063.6558208490683,4508.087117760127,2323.2764072508676,4028.0393180776528,581117.8406346939,581015.0726951577,16576.81752338208,[ 0.31759422 -0.36269555  0.87611977],[-0.62649583  0.61330378  0.48100046],[-0.7117843  -0.70164835 -0.03244552]
4,181004.80672225833,91930.44942409678,131533.14165670585,930.0107594051756,1667.6314071741908,3829.5389071183026,3138.5380910394574,483871.5727928836,483839.2818916786,5801.735885925973,[ 0.18733759 -0.90734281  0.37634246],[-0.63650356  0.1796841   0.75005123],[-0.74817634 -0.3800561  -0.54386535]
162,10686.003012050358,47554.272319181204,137064.63823243478,5837.42673450313,16913.169693469557,3810.2879872564645,6068.1296033780945,1864639.0078504102,1854773.851481057,218978.4556406055,[ 0.99731369 -0.02281917 -0.06960374],[ 0.00152696 -0.94355328  0.33121728],[0.07323294 0.33043381 0.94098376]
9,193735.53105582792,74150.07311138621,94833.71207935672,3643.760633946271,962.8368471706846,2815.3251252949262,3880.454862966769,684411.6086700762,684373.8022122924,7986.969725920182,[-0.28754117  0.94564823 -0.15188646],[-0.44254945  0.00945862  0.89669422],[0.84939394 0.32505378 0.41577636]
61,194085.28899246143,197589.4845379725,72390.89004554096,4880.098858756336,4904.125290151349,6836.843717281543,2973.6806663196753,2236805.7922192425,2236300.8916371306,72388.09821261269,[ 0.46722615 -0.67017135  0.57668889],[-0.56754868  0.27279349  0.77683474],[-0.67792936 -0.69025653 -0.25289862]
19,35947.085814215185,11751.983942391753,149197.5270376658,1870.138297753044,2376.524326362664,3785.294874090141,3837.6060571087924,671205.5390562924,671144.72726615,12947.603134101913,[-0.90744501 -0.34102196  0.24545381],[ 0.34928019 -0.93695977 -0.01047566],[-0.23355277 -0.07622606 -0.96935168]
264,163523.47405800095,155851.44000746717,148929.77625581413,7372.628078489442,9279.071433992767,7000.6396259747835,7996.075848260539,4400452.9574597,4399676.724921181,183317.8416973642,[-0.66415746 -0.01727453  0.74739311],[ 0.44013571 -0.81714373  0.37223201],[-0.60429746 -0.57617507 -0.55031525]
3,126663.67272203583,44099.3322583526,88644.80454259079,1308.4092541672737,272.9014575033456,266.1203814370724,1154.0511640763025,278468.2283276529,278465.5043219756,1258.1286786498545,[-0.08166756  0.93395414 -0.34793689],[-0.61038524  0.22910536  0.75824837],[0.78788341 0.27429984 0.55136134]
813,57438.22913300084,170452.82121813393,129943.39209634575,18201.847871971448,16949.85128481189,11180.822500960041,13901.851754704532,6363444.111903408,6350576.855619704,669204.2862622078,[ 0.23751815 -0.63664658  0.73366631],[-0.93648909  0.050539    0.34703603],[-0.25801806 -0.76949785 -0.58420865]
300,141237.59023923258,198582.91660741987,86194.59556718919,20433.613112293315,4324.67406254872,17948.777939580967,16182.345030859862,4500127.094498493,4488417.618127656,381633.05494972237,[ 0.64034865 -0.12654577 -0.75758813],[ 0.53720387 -0.63116828  0.55949853],[0.54896777 0.76525341 0.33618688]
106,146631.74946246852,134624.56708279985,199836.51135277867,9234.385171960354,8187.674622077052,3166.860224758936,4820.032268423397,2906708.668385794,2904689.3630845402,121684.2200562886,[-0.45345155 -0.54859359  0.70244342],[-0.72387788  0.68648494  0.06884211],[-0.51998317 -0.4772667  -0.70840243]
18,37690.10819628074,127590.126264146,122469.54099329429,3357.555328615312,1962.182699820578,2893.6777273496978,2154.9116529063294,767424.7615723454,767277.4412266284,18413.98238193035,[ 0.4923652  -0.67402942  0.55069125],[-0.84508015 -0.21873793  0.48784552],[-0.20836517 -0.7055764  -0.67730783]
64,27797.353974373953,195772.46323230263,41203.02090973017,6048.932468272335,4399.606124416732,7491.620694704988,3728.9838260315746,1617774.5170583588,1616444.1514927573,79407.53079793978,[-0.83613677  0.22402147 -0.5006892 ],[-0.53092907 -0.10121574  0.84134993],[-0.13780282 -0.96931406 -0.20356971]
412,191070.86815923845,135888.85148412207,38287.829527153044,10143.57254927745,11012.600716639598,18829.459427206584,12982.317672856625,4842500.4338457305,4833436.658333747,413944.9092376256,[-0.57795914  0.81596112 -0.01306445],[-0.14094628 -0.08404058  0.98644378],[-0.80380183 -0.57196559 -0.1635787 ]
83,7423.193659750721,112607.57977289466,117141.26775747989,3509.5716756802067,7594.673399085894,6145.712138252082,6984.881391988869,1484534.1372079072,1483603.6139067481,70266.15286461927,[-0.99879736  0.04495717  0.01956258],[-0.01881676 -0.71993718  0.6937841 ],[-0.0452744  -0.69258163 -0.7199173 ]
41,77391.51498764537,122442.92731285507,103805.62744108165,8228.748198733618,6677.117778828687,3276.520732873862,5329.780381896411,1143171.5246259568,1141682.709697218,62519.9104395112,[-0.3810615  -0.44571272  0.81001994],[ 0.81616316 -0.57377901  0.06823011],[0.43436141 0.6871083  0.58241939]
46,72296.47429482745,141034.02776252656,197820.84565401945,3268.368603146601,5449.564922490962,2763.1648931782142,3753.0561547706707,1719677.8382367142,1719478.4685239657,39522.3738256168,[-0.74871697 -0.37902143  0.54384341],[ 0.59845104 -0.73932294  0.30863885],[-0.28509517 -0.5565468  -0.7803694 ]
3,172643.73889059704,132926.68137133995,189365.30040872283,617.021388126435,746.5237527189336,2144.2715497047384,1749.1929364216164,500018.1563827999,500015.1052042372,2726.631824251902,[ 0.62806268 -0.7777051  -0.02668417],[-0.49788503 -0.42796513  0.75429195],[0.59803659 0.46045697 0.65599666]
182,129341.34448185486,169284.63959527476,156462.4400114996,8658.96014455772,8826.18089739022,10158.798246555654,8007.068420074309,3570860.6798494817,3569157.02392316,186712.6275766404,[-0.64229977  0.72371287 -0.25237015],[-0.59005719 -0.25675606  0.76544682],[-0.48916615 -0.64055914 -0.59194634]
242,42678.87022587795,74251.17794407334,119814.13692538631,7494.194740954943,10168.441245474845,9069.634234963723,9702.774130872514,2301565.4605662175,2298059.736456447,191809.7446723713,[-0.55715106 -0.60290455  0.57104185],[ 0.77912026 -0.61745561  0.10825982],[0.28732265 0.50522735 0.8137512 ]
81,25402.55419511175,6515.159083231754,120046.05377580416,5992.517053468386,4245.307895963778,9452.29538893062,8878.482459964407,1110637.1894496505,1109315.219946529,71555.97500419873,[ 0.35411942 -0.93490134 -0.0236415 ],[-0.91244722 -0.3509358   0.21043796],[-0.20503538 -0.05294854 -0.97732131]
10,82246.44895827855,149587.22197900852,174922.539477793,1917.40460608731,2035.5274680462062,2574.530919045688,1793.0427126100199,772975.808132968,772955.0744771692,10583.788558554492,[ 0.86047819  0.10893895 -0.49770432],[ 0.38256329 -0.78331855  0.48995651],[0.33648567 0.6120003  0.71570457]
87,181243.68513671833,126630.11706612322,178304.97186772423,6738.301007759766,5476.143364030648,4013.2286151926864,7072.311213466765,2650545.6739144996,2650426.9588316814,59872.85230405486,[ 0.56713557  0.27901233 -0.7749254 ],[ 0.52060335 -0.85051768  0.07477849],[0.63822363 0.4458383  0.62761358]
115,62193.82938072611,29177.16035935681,95086.8321012344,6922.508780150964,7346.196134785039,8652.404250246109,7316.294748990519,1264186.8989415597,1262384.1941422173,117788.1170923582,[-0.84514068  0.07764671  0.52887448],[ 0.06662527 -0.96637748  0.2483458 ],[-0.53037563 -0.24512354 -0.81155169]
45,90977.11146086604,86994.87584163777,16521.082067005078,3534.8346212595134,8704.892337382706,3218.581413300219,7429.460912430509,853978.3427810742,853387.5631251363,44015.38788435644,[-0.13747815 -0.0440482   0.98952489],[-0.68522671  0.7256086  -0.06290083],[-0.71523711 -0.68669637 -0.12993833]
440,166208.56169432926,186802.4294522944,190585.18701047695,12585.599330020998,10231.589727239292,12546.754335972353,10440.599890921283,6605332.283349576,6602088.9237357555,366087.530426887,[-0.59504104 -0.25029444  0.76372695],[-0.60521187  0.76480473 -0.22088985],[-0.52881448 -0.59365514 -0.60657137]
271,153193.48094022597,13076.905780924086,13278.303523919609,6796.592780199335,7878.72061332395,10609.820172833972,6612.839967941452,2549751.129864254,2545259.819483021,219429.10142800555,[ 0.03581027 -0.88843027  0.45761258],[-0.11499171  0.45120167  0.88498246],[-0.99272077 -0.08431311 -0.08600447]
441,102104.48993527335,172383.49114779517,188388.95763905052,9891.547957236979,14389.42241921892,12494.207899708643,13542.37330496139,5789594.8985229,5785502.164847493,349861.63127136923,[-0.85784022 -0.05104955  0.51137472],[ 0.35560756 -0.77733275  0.5189384 ],[-0.37101675 -0.62701494 -0.6849809 ]
3,203254.75237673867,148855.25834737535,5828.910922673892,499.6161318878508,484.7208981955433,811.2482494089265,560.3343829134379,436481.57373736124,436479.50650337484,1575.8743782920121,[ 0.57722784 -0.77853221 -0.24636481],[ 0.12752363 -0.21205672  0.96890127],[0.80656416 0.59069413 0.02312379]
176,193650.46964475486,27488.937724559742,108117.02203844428,6455.282644383989,7216.733148696961,18935.68965228157,7798.1900532309,2977113.1643037256,2967939.4183200416,261037.14957894364,[ 0.0197897  -0.97690738  0.21274476],[-0.50067058  0.17450082  0.84786699],[-0.86541166 -0.12329408 -0.48565547]
43,24747.296083010348,22645.708266596484,197026.2261421945,4671.807789977108,4008.9197248253786,3628.6371772769526,3861.664793917032,1311216.0233003697,1311026.6003522289,39345.96697524718,[-0.5553051  -0.81540045  0.16357977],[-0.82235066  0.56769837  0.03818316],[-0.12399854 -0.11331663 -0.9857909 ]
137,40218.91521946803,79751.2843200259,185635.03095523795,5433.310098370788,11792.13033280682,8895.495013514259,9273.410229596668,2417223.581951862,2414819.690450429,147010.66162761947,[-0.97823878  0.1440042   0.14937092],[-0.07180036 -0.9103955   0.40746134],[-0.19466276 -0.3878696  -0.90092374]
8,4530.245167965296,115064.67234767362,37866.55892376102,1258.5119527515099,1496.823828379512,1929.3111142626612,1967.8985543482177,342934.0327478096,342922.8622243482,5418.173816508853,[-0.94169156 -0.07110433  0.32887867],[ 0.33438353 -0.30662996  0.89115976],[-0.03747874 -0.94916924 -0.31252697]
83,61877.028011437236,57955.41719151203,66026.90469639715,4460.597969700145,8150.42874673074,5545.64950949074,6455.172725033845,982880.606077279,981876.5876875093,78270.19232722212,[-0.56613151 -0.27952734  0.77547377],[-0.5912724   0.7931938  -0.14574134],[-0.5743623  -0.541025   -0.61432881]
18,35954.943652786096,134657.07372084848,146680.65054250738,5921.898468075832,4046.647350947367,4194.303467904546,4268.445752037557,859102.1867323283,858705.2694831532,30198.64011912917,[-0.10491925 -0.71969265  0.68631948],[-0.97857559  0.19764838  0.05766216],[-0.17714897 -0.66556562 -0.72501079]
386,188638.3021183962,56281.230508833185,152999.97612215366,12487.286170545987,17891.30962232287,11198.997387047993,11523.140013504155,4919842.124920559,4905948.950376792,423570.9504323866,[ 0.50026596  0.40549938 -0.76505178],[ 0.42121204 -0.88593945 -0.19414352],[0.75651463 0.22512562 0.61400657]
53,144055.17692960353,48181.2773874433,176135.99441454574,4547.479316817293,3582.190685757664,5171.768183587003,4430.847078289158,1693997.9701415722,1693785.6450883104,46407.038268715485,[ 0.16669198 -0.97727563  0.13094321],[-0.76724756 -0.04514774  0.63976001],[-0.61931008 -0.20710873 -0.7573381 ]
2,12818.568419539211,60643.69829205042,95171.85281121111,1526.0644182200303,1003.0046376620303,887.7745937243017,36.122088376003376,160647.30586613316,160621.64681027172,2871.1422819592367,[ 0.64746849 -0.67922541  0.34559716],[-0.75368928 -0.50354593  0.42236709],[-0.11285842 -0.53394226 -0.83795504]
3,124266.83379756178,12111.44605887052,86157.92280495925,578.6850371087885,911.13173284858,1082.4942413127187,633.7582240247089,262757.70199904154,262753.3738994778,2408.3501402623183,[ 0.20185299  0.88676487 -0.41581658],[-0.53686322  0.4552691   0.71028722],[0.8191662  0.07986303 0.56796887]
117,11043.58776574031,150489.7480575887,126621.19765551944,5649.9786657010345,4278.573243374369,4740.519015712278,3842.0175243278795,2132036.921905182,2131739.64619085,82444.0754943005,[-0.46603748 -0.54938948  0.69352741],[-0.88298877  0.33844608 -0.32524619],[-0.0560348  -0.76395383 -0.6428333 ]
44,61227.520656463974,78259.39750434468,102081.3144564356,3042.8436329497995,3866.8715720995338,4795.160585801456,4778.907200644189,945816.0165165468,945713.7660827577,32834.0644669749,[-0.83457579 -0.0616465   0.54743306],[ 0.34487331 -0.83336996  0.43192235],[-0.42958776 -0.54926698 -0.71677063]
36,169596.81442295216,12921.433263921417,93486.74636851315,5272.130623769831,3856.030781348363,3728.6988018862126,5176.709594884433,1165209.873305402,1165125.83632762,32668.843688083776,[ 0.29070963  0.72237146 -0.62742919],[-0.38966126  0.68829058  0.61189883],[0.87387185 0.06659997 0.48157288]
33,47117.56362593668,158982.04241482657,16003.577956382376,3436.993168726289,4274.461571314414,5244.083490980074,4961.319796848532,957823.3166835959,957532.3996975025,33222.38574195428,[-0.94573998  0.29435347 -0.13759331],[-0.15972404 -0.05239281  0.98577037],[-0.28295603 -0.95425941 -0.0965653 ]
109,56751.52156848444,171608.30372870303,90730.02455786054,8300.23361586636,6343.234626372544,8406.668145809906,9199.612215334384,2115578.2521038535,2114124.220515847,103239.41967126192,[-0.66027028 -0.16867816  0.73184071],[-0.69635437  0.50249217 -0.51243752],[-0.2813072  -0.84796775 -0.44924042]
88,66330.24105523614,194620.09065535702,197468.25700633723,4947.906701335674,5530.056590175772,4070.4814629581133,4782.594304878377,2675099.6077217655,2675024.613098254,65435.816954157664,[ 0.96749605 -0.0900964  -0.23629224],[ 0.09892442 -0.72508704  0.68151503],[0.2327345  0.68273818 0.69260612]
2,37788.880598240255,144601.54612240358,127442.64152941872,1697.240345717968,1931.7899034396542,579.012171177339,2124.339949751753,277799.1404233287,277790.3774708012,2206.4914615822095,[-0.53011974  0.63438479 -0.5626091 ],[-0.82579116 -0.23565838  0.51238081],[0.19246305 0.7362208  0.64879651]
3,83771.23215615387,166813.12610969684,184490.38539223044,1786.246590075828,585.9797416510874,1109.970298589633,1409.2088462713648,454594.49198529776,454587.456983592,2886.5894708184637,[ 0.4402754   0.55738783 -0.70390083],[-0.83920187  0.53418696 -0.10190445],[0.31921434 0.63558092 0.70295029]
10,55162.87436763756,51152.680920241124,192139.4238273275,2365.699405541675,1071.887585979674,2698.8299369435717,2132.659196225378,652609.8245832012,652555.3404036744,9720.134396657228,[ 0.42538734 -0.89744761  0.11676213],[-0.8646405  -0.36491083  0.34530696],[-0.26728714 -0.24784648 -0.931198  ]
18,106068.2763735599,151415.12772291413,34487.95487887202,3765.924704067634,2779.861966101384,4367.750038654987,4142.087099587671,798276.7514618024,798120.2860217287,20629.641477838955,[-0.74814308  0.4041627   0.52624562],[ 0.34938129 -0.43430109  0.83025013],[-0.56410518 -0.80500626 -0.18371247]
565,94367.85961901247,40070.999040839895,70710.21686747015,11255.987640267778,11483.02280933823,10853.900079235473,8339.65106237931,2989815.449705137,2973082.953406083,417617.2930693955,[ 0.55359999 -0.7769386  -0.2998224 ],[-0.34187353 -0.54031315  0.76888503],[0.75937444 0.3231534  0.5647321 ]
12,197047.1421750451,58725.258706362336,202918.67830518496,2288.235541153828,4673.722093430918,861.1653690620163,1063.9841523965333,1000874.5242639942,1000725.2931736129,17891.890168872957,[-0.63268685 -0.3175793   0.70629366],[ 0.36664652 -0.92618757 -0.0880166 ],[-0.68211266 -0.20327316 -0.70242604]
82,69206.53165646685,8507.584036216123,152906.36862725508,5317.123342473988,4461.784542300353,5378.918474898812,5421.598167329776,1523372.620172855,1523090.4898239854,62542.91808345334,[ 0.19265917 -0.98073429 -0.03229076],[-0.89068058 -0.18858878  0.4136694 ],[-0.41178944 -0.05093645 -0.90985435]
5,201350.9859139953,60841.45236187758,86373.18493296759,1857.5366990344507,2309.9835851224325,1402.259195671333,2163.6825779503506,508495.82016849914,508479.7054067216,5496.119699130578,[ 0.29208213  0.31521387 -0.90295529],[-0.36137064  0.91050947  0.20095713],[0.88549381 0.26760554 0.37985258]
58,173462.15091073295,4486.537685717804,115510.13214819082,4845.720502827632,2389.931478896709,6359.054772275411,5686.965862127182,1588706.8635227059,1588182.6615343308,46654.05441730914,[-0.08889293 -0.98112303  0.17174299],[-0.54756543  0.1921693   0.81439736],[-0.83202773 -0.02164635 -0.55431155]
31,77598.27590666177,50549.00207547425,9531.667433285313,3223.868846573866,4156.469047550059,2207.184444697016,2309.6441251794135,519180.62528918695,518668.3048845683,28984.833071860416,[-0.05587065 -0.1013611   0.99327962],[-0.54970133  0.83360457  0.05414679],[-0.8334908  -0.54298191 -0.10229236]
335,190836.15221299103,51954.6843867854,15625.779316174883,10336.133078192423,9413.019232426592,9198.578610117944,10732.257574066822,3641278.766449136,3639584.5707731936,233702.09082525282,[-0.25654874  0.76374316  0.59235051],[ 0.09553348 -0.58982375  0.80186114],[-0.96179837 -0.26230578 -0.0783555 ]
11,4186.30858160011,173957.82247753884,115192.34381844431,1586.393158699643,3445.54029925334,1418.9772214334625,2852.989756709811,692243.7383064012,692190.6025671121,9506.504663850286,[-0.84905622 -0.2773243   0.44966073],[ 0.52792398 -0.47759376  0.70228233],[-0.0199952  -0.83366386 -0.5519101 ]
38,121258.2796641625,41566.047504026435,195615.64592468148,3508.163566831813,5150.994374799937,3009.5852743234004,2974.4354667564203,1442188.982852383,1441945.7452163468,38464.000606496425,[-0.82025833 -0.17293654  0.54522401],[ 0.24152061 -0.96877423  0.05607387],[-0.51850175 -0.1776779  -0.83641288]
2,149387.7114826468,122691.85745185707,99374.5814290937,1662.4606963014812,1966.8976499842756,1446.6869941691039,2914.2272228707593,307421.5770774987,307420.8205868575,681.9989147628459,[ 0.17135228  0.48565069 -0.85719415],[-0.70591025  0.66745864  0.23704364],[0.68726204 0.56448417 0.45719636]
73,129564.93027303371,199347.15747741124,125472.50749291696,10130.885129950682,4024.0290635430724,4601.451380180242,5209.424663310953,2298918.002196648,2297509.4147022585,90798.59829481792,[ 0.06978299 -0.563535    0.8231395 ],[-0.87325724  0.36438142  0.32349339],[-0.48223658 -0.74138687 -0.46668339]
2,5672.988680329222,17165.00395113267,55272.94903219868,1441.6740124710404,587.1264663546972,599.0814040906262,883.0723047033716,82276.37687574766,82252.04916980687,2000.6496864139829,[ 0.26943739 -0.92717713  0.26028074],[-0.95802825 -0.23058811  0.17032613],[-0.09790485 -0.29524853 -0.95039094]
176,192985.18425597716,182012.18623799607,110584.58449266796,6354.7019837569,4292.9174732806305,7442.080465404088,5626.5840110827185,3814908.8520329795,3814137.740064868,120231.94034131402,[ 0.49328221 -0.76957735  0.40549151],[-0.5529565   0.08243289  0.82912239],[-0.67149965 -0.63321048 -0.38488012]
119,143503.6517494516,152451.52668184057,184166.5594181045,14173.526068167244,7130.141994544551,10081.490023760685,15616.170933084186,3048500.954087973,3046819.498423881,112385.14831363947,[-0.47807836 -0.45625868  0.75051256],[-0.71098448  0.70273852 -0.02568344],[-0.51569579 -0.54588148 -0.66035691]
28,199207.43745386926,174050.722680742,142919.00040213953,3603.074367137057,5382.071321647877,5172.427818660659,3706.5158071945407,1591420.354382151,1591309.3257961979,39201.095347677525,[ 0.64906647 -0.76042541  0.02158508],[-0.3739305  -0.29420433  0.87955659],[0.66248676 0.57896201 0.47530442]
5,109479.98176298407,167279.76111080154,81383.75212509833,1478.3085947832512,1898.0197119786485,1542.3880450075667,2173.8160540006506,482694.15297500655,482688.04102774564,4156.685378119395,[ 0.86177294 -0.45121167 -0.23185217],[ 0.00956    -0.44251096  0.89671214],[0.50720411 0.77497876 0.37703039]
41,55689.497799606914,109575.8401286061,31197.122505765175,4178.2111179049,5484.44041419182,4888.641580662435,6329.173005068356,813535.5183887129,813268.1692809847,35931.36920689575,[ 0.6038911  -0.48699434  0.6309929 ],[-0.66533738  0.12793453  0.7354991 ],[-0.43890968 -0.86398453 -0.24675702]
32,15265.8952842704,150328.8767131355,196332.1943608407,7568.817526188795,6756.241995912888,5453.199450495984,3132.58515038718,1402795.7227622317,1401763.0690550853,62585.6863507526,[-0.73092722  0.56805705 -0.37822823],[-0.67967333 -0.55593146  0.47852312],[-0.06155946 -0.60683721 -0.79243866]
34,38306.609950158876,127890.2483314717,198218.21658520913,4429.1293872858005,7535.436020162367,2754.2142422618954,5740.1958255415275,1394318.5859438742,1394133.7467208612,41405.22333457737,[ 0.98705542 -0.0859672  -0.13539292],[ 0.00122739 -0.84012928  0.54238481],[0.16037486 0.53553005 0.82914864]
36,139167.5470743318,86991.01076897042,80838.5608165258,3724.91754012594,5802.786647658998,4649.849742430909,2993.9615550152043,1098518.9283874303,1098138.3923347758,46499.95063798676,[-0.64899072  0.54551915  0.53030171],[ 0.01134652 -0.6900173   0.72370394],[-0.76071171 -0.47569422 -0.44162508]
39,98667.28833850939,4237.5174266257945,7672.873901164943,6439.333862811899,2221.6017311549303,5124.577602288178,6663.772740993609,620736.0969564031,620136.1420269868,33562.274416554916,[ 0.04592123 -0.99816376 -0.03950135],[-0.07705102 -0.04296451  0.99610099],[-0.99596907 -0.04269856 -0.07888252]
8,74150.5311124174,171482.95222184528,87911.64618696502,3033.381737070361,3372.9362109811827,2165.752481566921,3085.2882781893463,584172.4444449404,584081.4658654481,11237.482646005516,[-0.79821955  0.50971784 -0.32098796],[-0.48351742 -0.22437667  0.84608865],[-0.35924427 -0.83056778 -0.42555931]
14,98654.74203492154,60720.00492169422,32422.41898976674,2898.5337797921625,2340.585807481839,1933.605348916778,2116.763542528967,450290.91575675225,450258.1211516383,13563.510780737859,[-0.16381487 -0.2438305   0.95588251],[-0.5480747   0.82816014  0.11732395],[-0.82023095 -0.50467561 -0.26930227]
83,193700.14168356158,174053.48503006017,163398.00736070107,6484.853232991556,9720.865419473774,5479.314665291238,9596.060567781667,2802897.7151865037,2802567.268213782,78959.96120974378,[-0.52804885 -0.18931742  0.82784257],[-0.56953482  0.80204629 -0.17986616],[-0.62991627 -0.56646329 -0.53134248]
143,67301.86744555962,82534.47016272921,30826.89250895642,7155.18196732304,4357.857315268688,13545.222817230775,7187.516751820425,1337317.1775400767,1330651.2081237277,170133.5008976457,[-0.76881979  0.63888972 -0.02713022],[-0.20049286 -0.20054536  0.95894952],[-0.60722215 -0.74269878 -0.28227607]
18,145692.6653622013,202510.16670548264,184130.22824868755,2574.1317812107077,1609.4548631524572,3287.1641959087165,2896.103733489716,1315598.309076475,1315589.7983758172,14462.676198464063,[ 0.86814017 -0.22009354 -0.44484994],[ 0.15981568 -0.72459685  0.67038673],[0.46988466 0.65308364 0.59387723]
132,112307.05220059576,68438.02609299244,95932.27966760914,8696.662539170233,7503.6891518056045,12619.83414695288,13729.121659348299,1879562.6476730932,1878028.8342464888,114162.01481889987,[-0.57348626  0.8142942   0.08965742],[-0.44340916 -0.40056684  0.80183198],[-0.68884092 -0.4200847  -0.59078509]
21,109628.5286666414,67607.81665828584,179403.28360398757,2552.6712273152425,2745.3668538888787,7002.577171500983,5754.320160947755,1012676.8340084305,1012447.9301572613,24997.59168366365,[ 0.22972574 -0.94870479  0.21722178],[-0.83739534 -0.07893164  0.54086859],[-0.49597895 -0.30615195 -0.8125736 ]
29,56768.66843978656,190050.0446931506,11085.805698191883,2695.817613671791,3099.8508765522006,2689.3232171595982,3123.4481265108966,1070031.1222826627,1070029.0959286871,20396.96730599212,[ 0.41813963 -0.07205548 -0.90552043],[-0.86226633  0.28210036 -0.42061403],[0.28575519 0.95667518 0.05582633]
51,33907.38759626419,171083.08200219084,202025.91132738598,9874.998210584265,11980.297333198581,1798.8424222651408,6642.628285645302,1909167.7505477967,1906716.7619236289,101259.15798178299,[-0.64738093 -0.52455636  0.5529363 ],[ 0.75164826 -0.55951859  0.3492332 ],[0.12618564 0.64170053 0.75650355]
35,35909.0701496259,187783.27581257749,193996.36363739497,5790.959771798901,4553.4616565556125,4696.714744682874,4061.938840471392,1612098.9727076713,1611662.171760905,45689.91385454338,[-0.63150589 -0.49544764  0.59643268],[-0.76407855  0.52844745 -0.37003684],[-0.13184945 -0.68940186 -0.71227859]
87,78686.10072915582,127843.40059233185,131659.84400505543,6396.318656038211,7832.944736283542,9796.782031975295,9638.666534188747,1866802.6815080002,1864803.3840669373,96889.35812669838,[-0.88048122  0.05757708  0.47057167],[ 0.26300056 -0.76652966  0.5858865 ],[-0.39444078 -0.63962267 -0.65977217]
89,141725.36870100326,154468.61656036106,25144.93519291243,8785.378136408834,6514.548819438844,6783.417014390012,9416.15228451458,1995129.4063075443,1994235.2394019798,83739.4210722132,[-0.62582752  0.47373714  0.61960716],[ 0.39660222 -0.4907527   0.77580182],[-0.67160003 -0.73125571 -0.11924135]
17,35753.90058117407,176538.5381251702,26686.403628443848,3788.413543945734,1935.4616236359245,3457.207920564366,2519.0079936389957,751063.0876625949,750891.9877122347,20086.003200589395,[-0.66085673  0.02043543  0.75023381],[-0.72432869  0.24437153 -0.64469412],[-0.19651039 -0.96946632 -0.1466926 ]
74,178885.73858165654,162889.46311734416,95104.19072320186,6786.043483193092,4148.406645383622,4909.120381207,4879.478276307583,2237300.0033122827,2237022.6999573577,68375.914298902,[ 0.26325092 -0.68548745  0.67882686],[-0.67598216  0.37095475  0.63674225],[-0.68829287 -0.62649783 -0.36572311]
3,114271.20428668828,129123.38487790983,109392.57442694389,2369.0049805288936,1116.5369455633875,360.4046138266733,570.9210821377328,353712.8179826624,353686.5249890766,4468.642769432981,[-0.16629109 -0.54758335  0.82006082],[-0.81188597  0.54801565  0.20129585],[-0.55963242 -0.63232217 -0.53570536]
24,13857.562341384786,200043.78416324034,72589.51496362072,3282.76291791115,2992.858047983839,6807.179159713572,4746.789198996029,1045379.5777495037,1045122.496832818,32459.62942030478,[-0.99733708  0.07236979 -0.0090202 ],[-0.03312711 -0.33935752  0.94007397],[-0.06497188 -0.93786944 -0.34085124]
22,115118.88814498139,78704.12074632027,86513.7246840408,3506.5290642970517,3923.2125800625367,3309.6451943793973,2116.146115969371,770226.5940726782,769858.2862874784,27341.742446308064,[-0.12570539 -0.64488636  0.75386984],[-0.70163779  0.59501345  0.39199924],[-0.70135766 -0.47966715 -0.52727304]
16,137189.14545800505,116560.98893404994,12097.208423816086,3494.284555236513,3925.394963843125,2852.328009241986,1796.3418803059708,722012.7134738857,721830.8340522741,22790.712651713497,[ 0.0642664  -0.17742551  0.98203361],[-0.64631191  0.74239794  0.17642622],[-0.76036225 -0.6460383  -0.06696098]
81,17062.773497703467,138412.76027409718,163961.19877003127,10258.081530647707,8773.82927387885,4021.4553597383892,5972.986005623842,1941131.9441946317,1938282.738048091,114325.25823409275,[-0.50800731 -0.63144477  0.58583792],[ 0.85779534 -0.43262477  0.2775301 ],[0.07820306 0.64351636 0.76142693]
16,187336.4912678532,201481.30256407196,41541.23815936661,3640.7952212342134,2503.119445328502,1543.4347808541381,3294.7292686662827,1113084.0869377963,1113040.5773715887,13289.593606990362,[-0.01072436 -0.19233081  0.98127155],[ 0.73925934 -0.6623259  -0.12173755],[0.67333544 0.72410859 0.14928537]
40,111309.93281345694,17419.499751262876,151950.83899736614,4679.066828065011,5027.4324417956,2826.603455553099,4078.0846845444407,1197063.05832437,1196870.2701293055,39320.12502893657,[-0.78211404 -0.18646478  0.59458264],[ 0.2045723  -0.97812703 -0.03765225],[-0.58859817 -0.09218679 -0.80315241]
4,182295.96427357628,101275.72800630904,11372.774594842045,967.3221366042592,1456.55472019223,912.9328457811957,795.3431393848373,417712.5059407388,417705.4224538302,3608.5342705518665,[-0.00765903 -0.09793745  0.9951631 ],[ 0.48791349 -0.86905342 -0.08177145],[0.87285839 0.48492722 0.05444111]
6,79683.29485483108,157360.18366626085,109390.76960478433,1098.3851926344712,1119.8008521912286,2264.856294707771,925.6343619518507,508439.33839528204,508405.3742044714,6359.140972383513,[-0.90498165  0.1956371   0.377802  ],[ 0.18331283 -0.62204647  0.76121915],[-0.3839331  -0.75814532 -0.52707784]
10,91707.09393210399,163113.35374405776,137622.68325573453,2156.9040851851523,2754.961730084044,3080.256719500658,3207.1189219589,734684.8123989038,734629.7725843233,10729.778743020624,[-0.74452819 -0.1333786   0.65413142],[ 0.53834977 -0.69939178  0.47013899],[-0.39478766 -0.70218323 -0.59252123]
173,14812.021990427718,56275.084358275744,164125.8578301286,9375.60274806153,5187.783708075198,10326.84258432378,9831.463214640153,2297765.9972795625,2295142.7596939746,145512.70056266245,[ 0.22933763 -0.92699153  0.2968012 ],[-0.96969926 -0.19122273  0.15204345],[-0.08418785 -0.32267719 -0.94275757]
50,40841.263823910456,49435.45951582936,99510.12079374873,4959.368810995759,4104.840763215254,5730.262345859423,3985.5769034286436,839000.6463768287,837860.164854511,53945.51621912679,[ 0.53999928 -0.82072192  0.1865913 ],[ 0.76811209  0.38991065 -0.50791092],[0.34409969 0.41759457 0.8409579 ]
22,64476.857060901675,197932.27545645527,92895.69985457155,4266.545393916818,2088.958539584509,4765.449335103899,2121.4752690635282,1069613.2047004243,1069318.609117989,29936.56035796702,[ 0.61574956 -0.49012802  0.61694976],[-0.73546698 -0.07654943  0.67322248],[-0.28273805 -0.86828262 -0.40760825]
5,157033.24836152518,27647.301000412135,131680.22791832918,1164.699546921735,1742.4044380026046,1609.5354949913299,1957.1565622765395,462438.85297711834,462427.7064683189,3965.130185185817,[ 0.60045811  0.23297486 -0.76496586],[ 0.25066213 -0.96324247 -0.09660453],[0.75935403 0.133741   0.63678473]
12,78545.2930384013,52159.48833699454,52132.14811133517,1467.2596805052888,2403.810436304354,3338.887320239709,2756.1305536766918,373509.3110900577,373356.6761817641,11796.534612391837,[-0.68118118  0.58363261  0.44200133],[-0.06861643 -0.65196934  0.75513427],[-0.7288923  -0.4840547  -0.48415603]
2,89932.14150363879,128547.88508737265,156241.19869298296,86.4113000686848,235.69109183528053,226.98568033812626,58.43409974311362,313125.4558306932,313125.100940332,471.4342862687021,[ 0.89424364 -0.09365128 -0.43767311],[ 0.18801855 -0.80879953  0.5572184 ],[0.40617402 0.58057967 0.70565566]
44,138280.243184454,79579.1141711272,158300.50953601126,5528.9908751050425,5868.313963662423,2738.671700662971,5260.397695290287,1491679.6233767176,1491468.5927613757,44333.49909742531,[-0.67894812 -0.21556829  0.70182602],[ 0.40040329 -0.90997003  0.10785063],[-0.61539146 -0.35423842 -0.7041367 ]
88,162289.5860802421,30020.164441139346,57639.82764166274,7361.813871232222,8234.11221384853,9467.648098228068,7696.202122552292,1644377.4170417541,1642762.915697327,115840.60145757925,[ 0.04207977 -0.92839007  0.36921698],[-0.36986593  0.32881487  0.86895338],[-0.92813172 -0.17312614 -0.3295434 ]
3,123230.6701574173,111195.55720593808,194930.62142289252,1271.498058777406,1219.7990590949496,869.8858346609651,1059.493595850728,443459.12527616275,443450.24068426015,2870.4051132842783,[ 0.7150685  -0.69692654 -0.05450173],[-0.5069453  -0.57066299  0.64602648],[0.48133512 0.43432379 0.76136676]
28,42018.30747470433,173316.52732203744,5417.714287494162,3982.1519682365793,6158.138849200176,4373.94955806137,6536.1623782432125,945025.1038758574,944896.7958366501,29276.656007597383,[-0.8818211   0.22702751 -0.41334013],[-0.40850532  0.07018161  0.91005381],[-0.23561613 -0.97135629 -0.03085432]
53,7462.912434413493,30346.917202136796,163966.72795403752,4682.402282589947,5710.313530925736,4439.08894115742,4185.866527376786,1216662.3733434088,1215692.2372590175,55103.83275400939,[-0.81249245 -0.56550627  0.14162867],[ 0.58123995 -0.80452127  0.12208868],[-0.04490136 -0.18151637 -0.98236229]
15,139750.7361685351,94072.53317092622,3388.0791720968386,4258.718697655944,3050.390666480096,2761.362652605559,4895.202788960488,652969.262021378,652884.9712675087,12884.992190233543,[-0.49260472  0.74776562 -0.44518217],[-0.26349122  0.35938739  0.89521678],[-0.82940519 -0.5582896  -0.01999375]
127,41268.71594305046,14375.904096550372,66813.31166448108,8257.72964088516,4717.298084375473,6379.73335409862,4759.294241424044,907473.9543098366,902639.9190097199,118262.33684239798,[-0.0643439  -0.96679698  0.24731246],[-0.85386707  0.18160535  0.48778122],[-0.51649868 -0.17978622 -0.83720131]
70,156791.56167524325,114047.57526231394,27500.185435993295,3897.1926816492114,4859.89104566584,6579.930866734999,4404.658145303484,1639745.950244474,1639166.274002045,66331.93483822347,[-0.59057253  0.80672045  0.02064456],[-0.10117589 -0.09939943  0.9898905 ],[-0.80061697 -0.5825134  -0.14032323]
2,28508.501501919607,20075.467587347746,127347.75323426451,30.907803907592097,1681.1307698955334,85.92498325133056,179.3947504755488,186740.6964194538,186725.68919875714,2367.423171251576,[ 0.97640064 -0.02889042 -0.214026  ],[ 0.00468083 -0.98794836  0.15471303],[0.21591636 0.15206372 0.96449818]
25,63103.85947304897,145546.63328987858,24691.428165106703,5754.563075292407,2903.1541621885854,4791.093890796897,2591.2125677529402,803659.173313001,802923.6500625891,38075.55291349226,[-0.59168259  0.12131649  0.7969906 ],[-0.70374641  0.4045292  -0.5840352 ],[-0.39325907 -0.90644274 -0.15397684]
2,192849.20171725738,202049.40827311302,154556.43262320553,307.466609258714,477.5070708715503,183.76744444492215,399.00847277237335,451448.3916704148,451447.9550514926,627.8707110839767,[ 0.78272374 -0.58535946 -0.21141867],[-0.14959423 -0.50669042  0.84905028],[0.60412343 0.6329448  0.48416502]
