N,MEAN_X,MEAN_Y,MEAN_Z,SIGMA_X,SIGMA_Y,SIGMA_Z,SIGMA_R,LAMBDA_1,LAMBDA_2,LAMBDA_3,EIGEN_1,EIGEN_2,EIGEN_3
3675,110196.87381576715,144380.18332890884,123090.69850910122,45686.14624385845,29734.70925086923,30325.347581446673,18258.210375753766,13727796.63389368,13442835.320755975,3642515.7901484533,[-0.02513467 -0.63899925  0.7687966 ],[-0.8658795   0.3982653   0.30271677],[-0.49962079 -0.65807653 -0.56330662]
1084,107190.67515348361,23878.879939978055,72209.50477678482,15697.41149908884,18128.20422334847,23910.24042781662,17816.217211677973,4425466.370096226,4409708.446615535,952068.6793668593,[ 0.45706487 -0.77999004 -0.42744267],[-0.36262053 -0.60223956  0.71120592],[0.81215642 0.17006776 0.55810295]
1044,101727.82163810918,127888.16498312858,45354.51969705679,26547.761122487445,10246.51402444403,18095.14184465694,17086.30110182728,5561742.792496944,5534639.429168708,928531.2240555877,[-0.17781342 -0.20470591  0.96253721],[-0.77457581  0.63242273 -0.00859115],[-0.60697175 -0.74708566 -0.27101349]
92,50729.864421075865,170450.38673660826,87351.95958477542,4101.737422383206,6897.884845555097,4916.746942538076,6015.6505565553,1901976.7823739143,1901921.3973868156,69326.1218831527,[ 0.95283811 -0.147051   -0.26547229],[ 0.1636225  -0.48780339  0.85748209],[0.25559188 0.86047885 0.44073681]
185,67864.73415779212,81513.56679306945,30758.90710007965,6251.720560237378,4502.718875822725,13735.321674089424,7015.236041082311,1515405.0911417871,1507082.473224943,191332.51456943966,[-0.76483432  0.64402141 -0.01627547],[-0.19428918 -0.20650163  0.95896235],[-0.61423137 -0.73660947 -0.28306593]
279,82800.49137154406,35027.48400992076,188996.46401673733,7291.455001941419,16264.492439602805,9021.823365670258,9479.936046728842,3509590.2336160773,3501602.4233192718,293343.8853681408,[ 0.85394111  0.29495434 -0.4287033 ],[ 0.33902647 -0.94034996  0.02833741],[0.39477288 0.16954024 0.90300082]
1884,24345.21060078921,39361.24456352214,38364.91091594301,13855.467178334598,18175.531945484498,25938.560117681922,17773.206064678667,2951972.442361462,2766839.022571144,1323162.0216426793,[-0.90339969  0.39362325  0.17008747],[-0.1583473  -0.67486359  0.72075326],[-0.39849108 -0.62419538 -0.67200074]
208,97622.39461586424,168427.64126922312,175834.09660228525,5632.21121174832,15159.062909007145,7468.8608885788,8315.833193546765,3791101.3597183423,3786157.7303930954,227729.9855076585,[-0.89792276  0.06599861  0.43517687],[ 0.23558689 -0.76308724  0.60182778],[-0.37179771 -0.64291683 -0.66964499]
4,33456.902115110504,74387.49568392646,65261.668323700505,2377.222226821529,560.1398361023383,1710.378790829109,1615.2544810617335,208999.3566211606,208951.7134101467,5016.614620931542,[-0.43151011 -0.47750813  0.76536593],[-0.84326893  0.51490192 -0.15418667],[-0.320463   -0.71194241 -0.62485316]
9,22062.07437305387,10808.158243342034,60201.8081857839,1849.0500655365092,2736.525976402435,3687.4033149070315,4188.481531274855,195618.49946645278,195478.22861132873,7956.759203922494,[-0.85530089 -0.35478636  0.37760696],[ 0.39156066 -0.9198741   0.02262509],[-0.33932379 -0.16720729 -0.92568952]
7,2915.1398273182745,6815.209347918679,107165.99560908064,1583.713388360539,2972.7783103749175,2165.4665796137474,2175.9037945881128,284395.1420649464,284285.6777714645,8859.126167362327,[-9.18123200e-01  3.96294927e-01 -3.47445017e-04],[-0.39536969 -0.91591905  0.06910209],[-0.02706658 -0.06358161 -0.99760953]
251,150518.22235712747,198521.46730158795,97115.11480791388,15793.971560111613,4365.478524664999,11408.378380281893,13408.862809672975,4246287.441334201,4243269.286630257,236130.5820572167,[-0.49988254 -0.044256    0.86496176],[-0.65706189  0.67002529 -0.3454501 ],[-0.56425802 -0.74101789 -0.36401288]
400,146133.31804756768,14669.211613110156,13587.87491299104,14521.344947445836,8637.237996392976,10034.08129897613,14479.0647221664,2972083.026566364,2967857.8810366257,266974.8839910035,[ 0.02073793 -0.79110479  0.611329  ],[-0.13319324  0.60382399  0.78591103],[-0.9908731  -0.09772306 -0.09284775]
9,125513.62974732007,178531.63258317122,25766.034593940698,2093.5759880842234,1709.6244228908035,1099.4945118729204,1214.2554396700325,659308.6896198541,659273.7320821821,7957.949760603725,[ 0.26454308 -0.04697421 -0.96322914],[-0.77703959  0.5811767  -0.24175013],[0.57116235 0.8124205  0.11724545]
935,175227.92531557256,84260.50363586016,53696.29173274496,14972.145265154139,11875.646921641639,19480.209688792806,16000.146515278306,6216402.515099511,6194137.319798366,684113.1957537882,[-0.47698164  0.84969565  0.22473498],[-0.13271073 -0.32239201  0.93725731],[-0.86883622 -0.41722978 -0.2665388 ]
484,150553.38522685523,16416.287215759912,172618.7294981521,12779.843380626833,7793.955088947423,13081.291854223766,12503.827244945427,5068545.0943323895,5061672.239715597,342715.2170151056,[-0.19335768 -0.9465931   0.25801997],[-0.7300103   0.31450869  0.60676952],[-0.65551336 -0.07103368 -0.75183539]
55,128441.23008005515,169721.7073327396,137346.54314087357,7835.587619045542,8420.516595102285,4055.6398977749063,3304.802865233713,1880563.7477570123,1878989.7783145644,87032.89024619717,[-0.50775589 -0.27612304  0.81605148],[-0.69653489  0.68901195 -0.20025406],[-0.50697446 -0.67008851 -0.5421792 ]
1183,92453.32430999508,79304.93467177707,154728.45083567622,19653.444742321593,19759.94031310718,17419.50424830746,21919.095144171617,6843093.8225343935,6840029.7439244855,830623.6576178346,[ 0.1986398  -0.91413302  0.35341625],[-0.85974861  0.01058575  0.51060775],[-0.47050458 -0.40527615 -0.78382184]
5,98265.6456247244,126484.1190511979,88597.52679614254,1709.1684109240978,2744.4903303482633,932.0897525151904,2547.493670401428,409354.6856476154,409336.95840404124,4912.32533405735,[ 0.82218429 -0.55719368 -0.11639671],[-0.18919776 -0.46036142  0.8673359 ],[0.53685864 0.69108796 0.48392173]
67,118317.83232310995,77343.64060217158,103886.57308171495,4928.2125976062225,5988.927137935341,9420.887097197347,6011.5986297616955,1438758.5137948983,1437374.1357376103,86840.67515439267,[-0.72496959  0.54734904  0.41812453],[-0.140602   -0.71186942  0.68809375],[-0.67427752 -0.4400579  -0.59304205]
863,19108.254383608437,146181.79975135298,28703.702317689356,12110.267292296097,11264.447165494224,12669.954899002774,12500.289969663107,4446054.063073805,4435576.221449425,492787.5743937493,[-0.68604897 -0.0544716   0.72551337],[ 0.71623763 -0.22576964  0.66032699],[0.12782982 0.97265663 0.19390364]
5,7864.144652423859,170923.5435135712,74626.27078745287,1552.8307158220264,1984.5481125504455,2351.894015087967,2079.858125807434,417463.86230552505,417447.75761199405,6158.931125244614,[-0.98662054  0.10117494 -0.12784187],[-0.15750612 -0.38906628  0.90764489],[-0.04209196 -0.91563697 -0.39979646]
212,148465.7491742155,79770.8371047862,118690.08285558001,9582.754271528596,8542.742049726348,8479.085806711493,6038.236014936838,3006794.0044779363,3005638.907380304,206480.075008878,[-0.21353552 -0.6662972   0.71445827],[-0.65972681  0.63773207  0.39756553],[-0.72052975 -0.38645291 -0.57575257]
24,201549.151705166,88098.65184264659,138956.82240757483,2108.5964368565533,2591.5123313261,4363.8541039670545,2986.918562026908,1274819.8396440905,1274758.1230307366,22642.27419532333,[ 0.48358225 -0.86141827 -0.15526354],[-0.40758217 -0.37858764  0.83099229],[0.7746128  0.33857047 0.53417699]
84,140869.3372978658,196744.0451019975,125998.60783624696,15534.052082280085,4281.756776079478,4215.841087715366,8587.938237278684,2504792.757360612,2501839.7546290895,131632.25808558465,[-0.1389636  -0.46159442  0.87613909],[-0.84434321  0.51752857  0.13873976],[-0.51746851 -0.72048232 -0.46166174]
3,163404.6108963554,172497.9090269635,145419.53898483922,1025.9284901130056,1052.4950620826946,1563.617349823442,1653.604786790265,482518.5252060389,482512.7158616837,2368.4820812244934,[ 0.80742524 -0.39681691 -0.43657854],[ 0.06318607 -0.67758106  0.73272876],[0.58657651 0.61920937 0.52202275]
355,190762.68961168625,50811.7076031714,18409.62847436431,11070.126557935178,9783.935446864825,10367.8100661489,11262.406475918388,3748305.7966519925,3744678.4197820383,264187.3877958792,[-0.25955711  0.75726214  0.59931975],[ 0.08354178 -0.60065579  0.79513106],[-0.96210752 -0.25645016 -0.09264146]
131,40313.57571788608,79207.36429577891,187419.6592162242,5194.293537927433,10802.249199082085,9618.22556628493,9320.950408896279,2379561.5321022817,2377587.848939348,138648.1550940382,[-0.98018231  0.11476956  0.16146389],[-0.04199021 -0.91692296  0.39684898],[-0.19359613 -0.38220444 -0.90357086]
345,13643.123977328518,45306.978895165244,149927.40706111115,9849.5707370899,15148.912013223224,12055.86798089905,11536.940417629363,2942714.166280584,2933129.723730583,342850.5508182037,[-0.98664074  0.15696515  0.04361182],[-0.13715732 -0.94480468  0.29754324],[-0.08790857 -0.2875866  -0.95371171]
865,18380.43922072813,109721.0867643045,80229.41650179119,10681.505530409697,14755.54445056628,25221.889391087872,19294.774600556506,4126888.1424098033,4088184.0326316003,690768.9931445317,[-0.93529419  0.29670134 -0.19285509],[-0.32939707 -0.53080275  0.78086235],[-0.12931489 -0.79386193 -0.59418928]
4,150523.30585349732,65657.1285316427,67529.51964958003,1225.384680810112,1440.462735227583,157.2980414058549,1205.6070663185826,355143.37739760673,355134.1812037546,2930.1921991832896,[ 0.41550724 -0.01726724 -0.90942596],[ 0.32972097 -0.92895883  0.16828418],[0.84772508 0.36978011 0.38029575]
197,163719.60008135682,153093.94331126206,147741.82790238142,7891.141782452202,5391.093053417598,6594.518228025648,7357.532569589779,3770503.373872126,3770391.6209723144,126326.02345854063,[ 0.79057458 -0.48447737 -0.37453106],[-0.05310254 -0.66354813  0.74624661],[0.61005898 0.57007505 0.55031126]
19,172747.28478249288,19157.185385495377,65092.843993238115,3377.686092903526,3219.3085148717646,2037.3808252013018,3341.438984539565,809272.5855410738,809145.6658846192,16819.343295832812,[-0.34817742  0.5427155   0.76435095],[-0.11132148 -0.83353744  0.5411311 ],[-0.93079537 -0.10332095 -0.3506348 ]
8,165306.73145208007,2870.53606132701,58007.64465559085,2558.394861112473,980.7805721045321,1345.4711748993159,2433.737961821131,495646.40824117477,495628.5841667113,5206.02923543742,[ 0.13114104  0.89887468 -0.4181224 ],[-0.30437701  0.43790138  0.84592968],[0.94348114 0.01633075 0.33102363]
462,165202.04975472164,193679.06390737137,14629.167155977733,14850.349754999437,7849.389380698374,9460.631582092878,12647.69069288277,5493853.856773157,5489867.213915923,313569.4790587666,[-0.41659857  0.2902262   0.86151865],[-0.63674014  0.58323302 -0.50438204],[-0.648851   -0.75868834 -0.05817537]
104,65097.608973954106,195180.93618589977,198093.72119801107,4977.558061281238,5796.034399363117,4217.227397525867,4254.094767776222,2913699.522987336,2913359.1503785937,77543.20463450304,[-0.82096807 -0.24806685  0.51427062],[ 0.52350715 -0.68657743  0.50453117],[-0.22792914 -0.68342832 -0.69352292]
73,84981.66312526957,42030.937601676844,7638.087889062574,9261.504847676351,11095.826194015217,5009.535667151743,10927.018777088355,822286.6449881931,819190.9255270704,88144.0438854131,[ 0.02089513 -0.22183042  0.97486135],[-0.45277186  0.86725338  0.20704884],[-0.89138153 -0.4457161  -0.0823172 ]
46,135881.02125281698,143723.3111863395,4663.348927677544,11213.22621930239,7745.673785598283,2741.8169445821486,4625.761214003587,1345017.1489267994,1342335.0807567555,88819.66644241106,[ 0.00975046 -0.04160094  0.99908673],[-0.72626055  0.68649332  0.03567272],[-0.68735038 -0.7259451  -0.0235195 ]
17,61952.08537226125,102676.83028438725,184404.64170261865,2067.0643592225365,3429.0571800246357,3476.663717289868,3357.3498250241973,907152.7736145648,907114.0399130482,16928.466533381983,[ 0.95858697 -0.09777594 -0.26748996],[ 0.04289638 -0.8789374   0.47500415],[0.28155091 0.46680714 0.83834371]
21,130239.2960685776,143950.72659801302,196428.60764537717,2117.545285198914,2252.7450329404937,3624.2036066111637,2790.518414474372,1265711.544288777,1265654.7470115733,17703.239893333186,[ 0.78937272 -0.60906143 -0.07703823],[-0.39307365 -0.59781239  0.69865117],[0.47157588 0.52121448 0.71130279]
25,117309.21675175923,44677.85741786749,194607.47561212993,3362.982227971779,2420.920344836271,3684.7514628538042,4129.26088307938,1158184.8036822164,1158138.8681410754,18475.92084699508,[ 0.66951127  0.52614233 -0.52433663],[ 0.54324256 -0.82824834 -0.13744891],[0.50659864 0.19281838 0.84034451]
98,10247.280360820108,150185.77696644556,126506.17605328312,5445.611846711275,5301.853955547681,4397.119142457829,4057.8318002806595,1947765.5719318497,1947726.8438837812,77070.50179580247,[ 0.78447258 -0.42984388  0.44703132],[-0.61797908 -0.48136601  0.62160166],[0.05200599 0.76388546 0.64325297]
295,197281.1108930867,136807.9228258107,48046.08768598543,6347.595867589082,11728.777396035857,16603.599889119854,10498.889178673595,4218507.212520082,4211555.340382571,319281.19525518274,[ 0.4990957  -0.81845412  0.28466882],[-0.3207931   0.13066041  0.93809362],[0.80498153 0.55951829 0.19734239]
24,96117.84840866912,59775.34014926358,32115.657354068233,5201.682037642778,2862.2894781104433,1858.896215280672,5260.1432277345075,577139.8862056792,577037.2876386594,16324.050030241624,[ 0.01148519 -0.48732883  0.873143  ],[-0.57624422  0.71039814  0.40407559],[-0.81719685 -0.50778449 -0.27266137]
696,155608.91710952116,178655.27238067542,184449.12180952766,20339.868556926496,14253.243049532222,17119.66654835629,24200.6171170606,7957506.485541681,7951167.143003115,465940.8238693074,[-0.57739383 -0.28599806  0.76473622],[-0.62971742  0.75217066 -0.1941527 ],[-0.51968485 -0.59367029 -0.61439665]
172,191762.99081055622,181723.98039155206,111919.97370946931,8865.470350065067,5696.722489505132,7676.588975876854,6647.770516566026,3766336.523414656,3764422.644495166,146025.31641884093,[ 0.41153338 -0.7516384   0.51544155],[-0.61948946  0.18412561  0.76310587],[-0.66848567 -0.63335414 -0.38985823]
285,111711.86606528422,98096.9298608043,53327.83799035541,6890.7313513806885,11573.517988506976,16288.673186679764,14401.235236788438,2688898.599702623,2678944.7969214385,259187.59932555517,[ 0.46261898 -0.7677282   0.44337015],[ 0.53915562 -0.15336439 -0.82812474],[0.70377191 0.62215173 0.3429757 ]
25,196061.49416080146,85719.5546226109,4962.344648024221,4512.955180749221,3032.593505227256,2746.0929579247695,3796.322040806934,1070585.0521311003,1070402.449706404,23880.59081667597,[-0.2181341   0.44892422  0.86653595],[-0.33647096  0.7988809  -0.49857456],[-0.91608122 -0.4003203  -0.0232132 ]
10,180491.17406301864,36671.58562522516,49330.98143156232,3575.0051729286424,1430.5426322363546,3773.374065984968,4098.170786308706,603171.4617058836,603118.5444573944,11036.990283881381,[ 0.22879401 -0.96615495 -0.11915502],[-0.22729579 -0.17203771  0.95850908],[0.94656744 0.1922177  0.25896415]
34,13497.2394154025,71150.82740966689,48286.56277091599,4174.524331508721,3151.5638913823286,4345.040633878713,3124.871416606034,508779.3709598835,508175.8368984796,35031.62919188338,[ 0.75364168 -0.46128545  0.46823067],[-0.63862697 -0.34536394  0.68766223],[0.1554986  0.81727565 0.55486999]
275,89614.18361969184,174657.32659465173,35692.2601775522,12270.089267102769,11076.24693693988,7180.741080667635,13063.97572286954,3320811.0373742855,3317190.9142668857,206157.3247562272,[ 0.1009861  -0.24959033  0.96307138],[-0.88744571  0.41496959  0.20059996],[-0.44971315 -0.87493137 -0.17959171]
44,190239.71732860993,51608.334318142064,137940.3879042956,6468.621510451573,2903.874913120009,3220.88985231913,4860.309141069605,1596602.9659711947,1596306.6379747689,40347.14903736898,[-0.15245693 -0.83813894  0.52371749],[-0.59263317  0.50160025  0.63022465],[-0.79091264 -0.21429025 -0.57318137]
4,5359.903364571239,27126.681017835217,114435.63011027605,854.6047335160349,1245.3052415572124,1572.8356606867628,1268.5946890121816,235494.85622817028,235475.00336491168,3539.160706836811,[-0.9355259  -0.33139121  0.12235671],[ 0.35030754 -0.91495943  0.20033442],[-0.04556236 -0.23028051 -0.97205708]
49,92995.16761142941,91232.51331670012,89832.45371192458,3406.6374166018677,5733.862603166409,4216.951872930239,4386.499309924978,1108748.5262697705,1108473.2842081767,46013.20960009232,[-0.39683243 -0.40611123  0.82316322],[-0.70542177  0.70872303  0.00958029],[-0.5872854  -0.57687549 -0.56772399]
12,3550.794836486031,49843.1039179007,118530.73528305253,1626.3868955119444,2026.0162500988943,2128.004606081369,1805.9572760009567,445718.50349458324,445674.1222283778,9785.282136378357,[-0.96654395  0.24554245 -0.07417349],[-0.25500089 -0.88860875  0.38124668],[-0.02770103 -0.38740597 -0.92149295]
48,41032.9172149252,49802.59802397203,100945.72315446024,5153.621357634437,3609.1072117327076,5378.879643127481,4117.126447173153,831892.153316231,830715.5309340502,49320.56925879379,[ 0.55055587 -0.81545706  0.17865613],[ 0.76147019  0.40285138 -0.50781288],[0.34212773 0.41562068 0.84273843]
54,134637.7594610321,78984.91764546969,159230.3077230456,6508.410719471108,5835.601628325821,4111.014498623061,5688.048417548321,1639738.341744937,1639456.2086452008,57486.92585604504,[ 0.39556114 -0.91086832  0.11768725],[-0.6919357  -0.21129029  0.69034876],[-0.60395064 -0.35450715 -0.71384053]
2,172313.71175500422,43496.50539156057,99142.07003874131,693.7355220639147,950.7730652328501,1231.8751456404061,1390.7609231408424,287805.5386763848,287802.17371676204,1391.7243659453825,[ 0.20312186  0.71648344 -0.6673777 ],[-0.49172925  0.66404623  0.56324502],[0.84672537 0.21376176 0.48719817]
261,181317.48891973225,182756.29748921187,51444.769924690234,12891.001262464106,11110.7491032832,10210.584577234267,6958.965636694796,4250960.835306969,4245302.550863499,299782.1398674768,[ 0.09045258 -0.35242181  0.93145972],[-0.71744901  0.62562004  0.30637638],[-0.69071358 -0.69598739 -0.19625573]
82,176312.22591024826,128296.6074648433,178321.41679860913,8950.223816706444,5505.12739428304,4389.092435874966,8433.294955832265,2552516.446587821,2552181.866809749,69285.27462095938,[ 0.15785043 -0.86887481  0.46919059],[-0.76350359  0.19393016  0.61599786],[-0.62621523 -0.45546422 -0.63277708]
11,42977.71656360723,115622.24481288246,41918.15388461349,2010.2013372057315,2891.1137072215056,2648.0287447769674,2455.1372843949425,432293.69468625303,432207.3816831031,12075.477664225704,[-0.92041271  0.2267234   0.31849167],[ 0.20976821 -0.40105852  0.89171148],[-0.32990566 -0.887552   -0.32158   ]
74,105319.26076537611,62331.2997228468,88974.92977417947,5752.640772954754,4488.029641707847,9071.69878128804,5264.344783183505,1304996.3807309421,1302866.3666230906,88746.12925891165,[ 0.53647087 -0.84272048 -0.04495772],[-0.4774589  -0.34701173  0.80722726],[0.6958678  0.41158845 0.58852608]
229,101889.62387377284,180010.31155139618,197055.21183652128,8577.479183352827,13411.91057202716,4755.171046476493,7226.040347417495,4329365.325148291,4325750.7355860295,225888.13858176465,[-0.7358017  -0.26528346  0.62307347],[ 0.57584201 -0.72928861  0.36951874],[-0.35637318 -0.63068439 -0.68937316]
116,178897.99647448014,70271.8382126354,157353.67892077618,9080.514342594586,8076.4421896593285,7461.142551481386,11184.645960869497,2679240.743964726,2678580.4951834762,95416.00873941826,[-0.6826844   0.12717333  0.71956164],[ 0.12313545 -0.95063421  0.28483727],[-0.72026361 -0.2830575  -0.6333236 ]
159,124575.25023453563,25366.525194637412,97954.69571181628,6637.2884183906,4845.970563487719,9446.827496629085,6349.387409890211,2029003.9550117524,2026197.268792798,135766.88485219702,[ 0.13132454 -0.98734939  0.08885406],[-0.61716877 -0.01128627  0.78674985],[-0.77579416 -0.15815751 -0.61084337]
3,152632.29546970277,179138.29738948285,74591.33910105575,1401.415904079618,828.4296037389388,541.1250731601465,746.4025039134262,427623.1537454516,427615.50562288624,2677.0669894636026,[-0.0655034  -0.33550023  0.93976002],[ 0.78325275 -0.60079097 -0.15989167],[0.61824303 0.72559617 0.30213533]
258,46601.128467953786,73134.22184355144,114316.13228849333,9588.402604396082,6843.715889528243,9327.258653888737,6184.700045838244,2313841.9468561993,2310470.3957964624,219098.9223374738,[ 0.46717695 -0.81907017  0.33297109],[ 0.82262988  0.26462788 -0.50324165],[0.3240768  0.50901487 0.79741965]
97,159962.49706345686,31380.534802808896,58207.615750489305,5169.3580825368945,9660.75823753964,8050.86346870752,6870.029686581082,1709073.3810536314,1707103.149612285,114627.16553687982,[-0.17949713 -0.57052159  0.80142741],[-0.33863831  0.80070484  0.49416178],[-0.92363676 -0.1826934  -0.33692469]
17,42445.48134900148,174229.76328054135,65642.37768238476,3560.5654782746346,2356.5766444280066,1478.40999369472,2369.792636864764,787552.7546212465,787442.7800830306,15856.63229828508,[-0.11480321 -0.325598    0.93851274],[-0.96819284  0.2481038  -0.03235923],[-0.22231248 -0.91237626 -0.34372476]
64,198851.29150950766,24763.547801182183,86352.52404132037,4443.160753988185,8687.834039071959,3855.1465050402335,3842.781901656509,1747404.0136529866,1746100.6626384424,78206.05046272845,[-0.3441072  -0.31750437  0.88361825],[ 0.22592938 -0.94143895 -0.25029707],[-0.91134305 -0.1135063  -0.39568949]
7,7971.566275462098,42161.489676869285,193413.05825857862,3288.0368671812907,1129.291346167295,3628.1088192890247,3633.5118780228995,524323.3277339735,524261.9878442181,9186.180912258727,[-0.21197304 -0.95300346  0.21645286],[-0.97643903  0.21569341 -0.0065704 ],[-0.04042584 -0.21274576 -0.97627096]
86,181092.36909323253,4307.312199426986,31643.898449459226,5506.785192382756,2549.2942310450176,6471.805509344157,5849.26052786346,1707132.613973831,1706300.9013895555,61958.93685156619,[-0.00281328 -0.98865591  0.15017183],[-0.17397852  0.1483661   0.97350859],[-0.98474543 -0.02338792 -0.17242228]
64,139739.86010703217,131452.66409126366,200274.74515157164,7221.265641440416,7811.7220785982245,2677.868213107967,7141.948183786117,2220235.461686555,2219668.27146989,66388.97806453245,[-0.7219292   0.69010764  0.0506919 ],[-0.47401939 -0.54658488  0.69032643],[-0.50410697 -0.47433787 -0.72171999]
142,116330.49363729975,11672.760951122957,182404.15241298563,5285.482366084795,7219.719605078059,7846.304790287584,8203.961894778473,2584937.1262912243,2584318.635470907,103282.9942294849,[-0.84116978 -0.04342406  0.53902482],[ 0.06595248 -0.99756777  0.02255702],[-0.53673427 -0.05452431 -0.84198778]
34,75437.719510254,59070.82810844232,91377.79332046091,2932.9397706195505,4527.808103298783,4255.98668382528,3479.899716185012,772944.1153780143,772404.8723821433,34735.36992333869,[-0.81370651  0.42369005  0.39795535],[-0.11491468 -0.78836573  0.60437909],[-0.56980377 -0.44605629 -0.69018654]
123,84249.44441822506,185743.49970808922,102670.36019574602,5305.400951854358,8732.298260426815,9590.747947148155,11410.69449046273,2536611.7338704653,2536159.00521874,90576.76576677768,[-0.88449842  0.45588383 -0.09915884],[-0.28592767 -0.36174621  0.8873472 ],[-0.36865691 -0.81320945 -0.45031375]
36,30303.363400222224,174753.0271335065,103262.55995720222,4613.781518544815,6162.837920128391,4418.60647240574,5646.1837023783455,1232376.0047589543,1232018.644513152,41201.02409718708,[-0.7377256   0.43347799 -0.51754978],[-0.65877586 -0.29466432  0.69223356],[-0.14756456 -0.85162772 -0.50294625]
3,76461.55509464773,56611.795038983226,71783.08706328284,583.8726578868267,701.9075054210988,1427.4650465800066,1269.5865267775198,206447.85931562464,206439.36532168224,1937.848566922636,[-0.42301184  0.87409244 -0.23879571],[-0.63993853 -0.10160939  0.76167854],[0.64151357 0.47501362 0.60234741]
5,2276.1219745985513,176607.77134588003,137287.6887788636,1024.1241100501343,2134.0389482758537,2373.3856428381987,2763.4574222821802,500267.7208482822,500260.39993086114,4248.537286175019,[ 0.99976101 -0.01989623  0.00905854],[-0.01936209 -0.61348353  0.78947012],[0.01015021 0.78945684 0.61372214]
3,3386.9553718374978,184854.60278089103,151177.63022106013,1398.5106275980434,597.0620687075989,1483.0917541610968,1034.9598109251335,413672.8494348952,413661.43045854353,3208.5729249201504,[ 0.66013327  0.46824189 -0.58734453],[-0.75101416  0.42621976 -0.50429598],[0.01420534 0.77400662 0.63301814]
37,19474.252900066895,152274.52504825566,193436.97233383096,3958.1944173830216,6214.159429340418,2666.9686851663937,4437.1236145746125,1502723.5903426807,1502559.5299459978,39284.8874605811,[-0.92045824  0.34669401 -0.18044358],[-0.38281366 -0.70663071  0.59508549],[-0.0788056  -0.61682762 -0.78314326]
80,185942.19273245946,72055.87406010744,127121.88257539664,11715.836754872034,6684.580333109142,3441.897857844112,8816.468874484755,2118715.649719386,2116858.6008138717,95935.42320552986,[-0.32978698 -0.52864447  0.78216084],[-0.52151732  0.79263437  0.31583293],[-0.78693089 -0.30375284 -0.53709774]
4,12572.461853977571,68801.64726007053,177071.38829472003,1673.1743425293255,1496.8396046663909,893.00928962418,1290.1279344254735,380792.33524528646,380782.405703527,4091.1003867955765,[ 0.37579244  0.85445921 -0.35871926],[-0.92434741  0.37320249 -0.07938371],[0.06604478 0.36141301 0.93006383]
40,15212.631280908205,54188.37669537335,177697.29173307293,4867.675877591707,5029.4395417675105,3983.4874445278115,4471.9931830513615,1179803.491416408,1179410.823827307,42106.90197083502,[-0.59454433 -0.7534685   0.28071739],[-0.79994205  0.58957891 -0.11175607],[-0.08130037 -0.29100159 -0.95326194]
4,13047.182934242228,17085.217598657007,189850.5527600102,950.4110596387702,2014.223912765559,606.5125854914769,637.8443073495654,382152.51166956447,382132.5672970508,4439.9255082913105,[-0.95639598  0.2893636   0.03969179],[-0.28397635 -0.95303276  0.10529002],[-0.06829468 -0.08942743 -0.99364912]
14,202568.73734288936,177757.33257676172,192841.54007558696,1396.9396645331299,5452.520404650202,2896.7760714754118,4774.5826280261535,1240168.2557420155,1240086.532244232,15477.35122167724,[ 0.42259582  0.40045169 -0.81305056],[-0.66924565  0.74282289  0.01801151],[0.61116531 0.53651896 0.5819144 ]
47,49102.03542283738,115007.69277800959,70840.64106662321,3848.702265260246,5436.6780513108315,7926.770480404338,6598.825747818823,987575.5889165861,986641.1304090155,54693.66712079666,[-0.76493686  0.54127291 -0.34913499],[-0.54659673 -0.25875114  0.79641689],[-0.34073981 -0.80004468 -0.49378628]
29,30556.283913079074,124078.69685469003,167118.007921906,2150.7136496927274,3223.9270171812027,5603.888908648526,3736.6855239125703,1133443.7849084027,1133136.4764803639,30699.272146131512,[-0.95732941  0.28652506 -0.03773325],[-0.24990714 -0.7551745   0.60601807],[-0.14514418 -0.58958872 -0.79455541]
6,113463.79330504249,195987.56278631146,100671.68315408645,1610.0737115877987,1370.8526084512391,1978.31173802384,1827.1985606239405,607092.4054034888,607082.0664035712,5489.883178570767,[ 0.7688018  -0.12269525 -0.6276063 ],[ 0.44646612 -0.59965448  0.66414042],[0.4578338  0.79079731 0.40623617]
6,38120.44024135703,25078.57571098923,119998.39938694243,781.6439327978694,1704.875677978455,1579.017072103735,1872.1785151435352,314523.0962665295,314504.36236655613,3870.8755918834895,[-0.94194026 -0.10075716  0.32030694],[ 0.15677843 -0.97552509  0.15417953],[-0.29693276 -0.19544513 -0.93468291]
6,68993.70267495164,135938.55568274186,179231.0211289589,1540.2987676718449,4330.524380861171,2697.688316119152,1317.643964871179,576483.4305657214,576373.0252959493,12649.196809785126,[-0.94546906  0.05702195  0.32068171],[ 0.14184761 -0.81420146  0.56298778],[-0.29320217 -0.57777546 -0.76171386]
131,196571.43947273065,179745.03353011675,156314.4538707679,4326.452281181053,8580.447386510628,11084.724145009384,9645.928648967618,3537995.213014192,3537413.4979674094,126409.70783253947,[ 0.36760781 -0.8057667   0.46433235],[-0.67852052  0.10906397  0.72643992],[-0.63598302 -0.58210401 -0.50663647]
20,24994.405323499763,161882.89923644267,169059.05636002257,3881.1916950146006,4405.488729094898,4143.293213143162,2910.2035958725646,1053157.5802020847,1052867.8514084455,29398.453642974277,[-0.84097051  0.44748656 -0.30417819],[-0.5305588  -0.57165054  0.6258778 ],[-0.10618828 -0.68772919 -0.71815918]
11,137944.93393589865,177989.3062678496,56866.51701803319,2599.3909485627933,3678.2751030091135,3717.905240057513,2082.3358243293733,770462.2465398861,770423.2176156236,18109.9362143395,[ 0.79471313 -0.51141952 -0.32692678],[ 0.12538976 -0.38866708  0.91280628],[0.59389263 0.76641241 0.24475206]
3,21733.232113719136,32088.984010647226,183761.33642407865,1186.440647522415,339.8748456531482,103.19762559258274,282.4923255494814,325292.5529686496,325286.3078164209,2089.495290725905,[ 0.19138942 -0.97046926  0.14683158],[ 0.97466726  0.17027646 -0.14501606],[0.11573167 0.17086648 0.97847372]
6,44804.22453543861,7989.018720454357,170592.37762052272,1318.845582384866,1619.6938919797112,993.1931195344188,1036.9801707781521,432505.14101562556,432497.30926950916,5059.437417025146,[ 0.88357302  0.39559592 -0.25060445],[ 0.39357565 -0.9173075  -0.06037515],[0.2537655  0.04528595 0.96620508]
3,58880.92638305226,67823.87835975691,3987.5925819531676,1324.4477493072807,1948.2604918121554,1900.2993334028636,2386.1343107067055,155807.9661968408,155775.96568754993,3217.058636891341,[-0.75138163  0.65627365 -0.06877891],[-0.08121194  0.01146782  0.99663088],[-0.65485133 -0.7544358  -0.04468055]
5,178152.63557538684,155461.65200778152,57588.30749172717,1438.5472958353482,1593.2030161470568,2492.5183795101784,975.1507441389076,544212.5685143936,544171.4762798535,7020.538931760152,[-0.42412541  0.69920816 -0.57552201],[-0.53312855  0.32093977  0.7827973 ],[0.73204616 0.63883144 0.23664913]
20,201059.32189475375,6052.068251874075,128000.77786810829,2912.8718991704627,3166.225659437919,3117.951460255345,2398.2837100479665,1066462.447010322,1066380.263469981,21150.493745086857,[ 0.30440748  0.80063208 -0.51606623],[-0.44293539  0.59861713  0.66743223],[0.84329374 0.02541264 0.53685181]
4,141649.7684976778,160103.08125125148,5276.544980569404,2847.6824987690534,1403.5072291276256,1736.7640482467891,2012.45177920096,427731.447679882,427689.5527385844,6015.206749944979,[ 0.42498926 -0.40272655  0.81067593],[-0.61685814  0.52658171  0.58497669],[-0.66247276 -0.74868086 -0.02463358]
4,4706.3636794745435,105219.39103946234,58387.47872298125,1095.6428732617273,841.309131212212,845.5116972451373,771.569298117005,240872.76658547868,240857.02601410012,2851.41782710424,[-0.63968458 -0.35086976  0.68388161],[-0.76764272  0.33687945 -0.54519436],[-0.03909345 -0.87372916 -0.48483921]
30,5321.8606493787065,191614.98567019316,84830.89678184147,2983.6087744452507,3350.743335229858,6814.572200928288,5360.3002049744255,1148896.031254637,1148631.8148513616,33634.65544399017,[-0.99034923  0.07815056 -0.11445913],[-0.13626793 -0.39838133  0.90704099],[-0.02528738 -0.91388446 -0.40518606]
5,14100.65990900419,61359.137365003655,96001.51624700267,2034.311787630371,2602.517702387963,765.7898983565109,1989.2179119912332,256798.72609410167,256772.7288648682,6147.70327260454,[-0.76821466  0.5846379  -0.26085392],[-0.62826255 -0.61018317  0.48266207],[-0.12301386 -0.53467282 -0.83605775]
206,191601.47467647615,28700.231221907583,130982.00200372138,6163.276019212548,7638.820498400534,13664.750328584832,10778.555375258507,3364260.0083361184,3361075.983286054,185157.80628894383,[-0.42888987  0.77962115  0.45633797],[-0.38211136 -0.61430814  0.69037412],[-0.81856239 -0.12172255 -0.56137263]
9,141541.62326404895,77774.60047194871,19694.637863278986,1739.0885511140634,2169.562445156149,2218.530378403173,2150.8884957734795,488205.6382041137,488144.2349241344,8520.015415545467,[-0.46956092  0.7281125   0.49936433],[ 0.15068657 -0.49120608  0.85791033],[-0.86994603 -0.47808867 -0.12093441]
7,29229.003355362463,197318.79818840235,181334.1066322878,2867.4914969852484,1525.1083678899347,1321.0990167269274,1592.3408438917986,713286.5807060777,713246.9537674665,8280.29093700607,[-0.06511444 -0.66997206  0.73952522],[-0.9919739   0.12395569  0.02495523],[-0.10838767 -0.73196477 -0.6726661 ]
113,60633.554575206006,49336.410429959564,70093.87960270922,3237.1607210147854,9521.402180416699,10628.732538165057,6140.119389072882,1125074.1832110405,1119612.0685941083,142871.85146158526,[-0.79565435  0.51132711  0.32477491],[-0.18981215 -0.71960562  0.66793645],[-0.57524387 -0.46980032 -0.66961344]
97,27046.670873957395,6773.5359839543435,117506.07535677933,6460.972702314713,4343.28942757037,8026.9532832526975,7837.580252388073,1193887.615227818,1192584.5749507209,78344.85638208043,[ 0.28695363 -0.95788898 -0.01031076],[-0.93154466 -0.28153884  0.23013132],[-0.22334314 -0.05643209 -0.97310496]
48,11838.880552412178,143751.8839789624,163071.30590867836,4451.973851430627,3437.284034901449,4162.283007889323,3912.0529765456163,1508895.8563596637,1508781.4614529505,40314.58813981982,[ 0.02851873 -0.75089982  0.65980008],[-0.99812022  0.01442923  0.05956355],[-0.05424666 -0.66025848 -0.74907679]
11,8959.712089434595,133323.38144132748,178851.79831261587,3377.4925290107976,2736.468607437563,1342.0900018358925,1541.6952111666355,740574.1315472756,740511.945127719,14191.700073485834,[-0.44316315 -0.70793677  0.54993814],[-0.89554525  0.37704209 -0.23630057],[-0.04006396 -0.5972142  -0.80108057]
51,122846.53447297495,197083.28065135816,187376.37910989526,5713.512748372675,2243.356006129024,2758.4499011175467,3838.396651670995,2131487.837073625,2131245.4471920324,39463.94958254078,[ 0.23050441 -0.74211491  0.62939112],[-0.88162975  0.11446621  0.45784984],[-0.41182121 -0.66042634 -0.62788561]
11,164565.89370571636,181579.48217360233,143148.9924735519,2402.1948956941073,2597.0637183618146,775.3254301292734,2166.1141662758914,941335.7534386881,941310.6792799757,9624.561826136229,[ 0.30166785  0.40645311 -0.86243398],[-0.75680715  0.65224382  0.04267241],[0.57986157 0.63982331 0.50436761]
169,96635.18030615257,188290.35978024648,12194.590109983174,9184.208581775012,9820.748633275865,7739.41837674726,10953.004069787936,2761581.3202802544,2761236.8579230597,142915.18178616525,[ 0.06191046 -0.09715875  0.99334147],[-0.88781379  0.44936511  0.09928581],[-0.45601948 -0.88804908 -0.05843848]
70,94760.72756355457,6747.07892146524,5738.44080493903,6152.159073925003,5300.498756659966,3035.6536340565185,6150.270192807451,799282.3495891338,798246.6728836539,50981.053163947094,[-0.03677952 -0.29884458  0.95359278],[-0.08554242  0.95167743  0.29494502],[-0.99565544 -0.0707247  -0.06056613]
23,160490.079261171,24465.330490872857,115826.16421995126,3571.679318946406,3211.1973845482034,2828.7335627184607,2682.9600905567554,956737.8895001614,956563.5928409428,23421.83792501352,[-0.29004096 -0.77236308  0.56509426],[-0.51786396  0.6232225   0.58601248],[-0.80479386 -0.12267433 -0.58073905]
14,193292.4603692368,48974.44740549036,193940.89893139643,4604.692963057263,2407.627169658647,4697.6993283411575,3288.6511531546917,1041086.140032355,1040881.1448135994,23221.425715618567,[ 0.18568205 -0.98061141  0.06263734],[-0.69473238 -0.08593514  0.71411628],[-0.69488783 -0.17611476 -0.69721912]
9,66105.99073914537,160836.53105576296,189820.7202526738,2291.1924039516357,3042.352219048686,2322.8184136881505,3191.922903724153,772381.0727208143,772375.1408289163,9364.49673266414,[ 0.93397569 -0.35658735 -0.0231272 ],[-0.24847665 -0.69459809  0.67512432],[0.2568049  0.62480313 0.73734136]
70,17285.989225772755,94712.97340477408,169883.87571601063,4466.621952787496,3095.5323031442344,5499.988871243177,5306.575680231794,1634808.3312875277,1634545.4372084285,47077.5806533104,[-0.05081862 -0.87017672  0.49011217],[-0.99480367  0.08745596  0.05212601],[-0.08822208 -0.48491641 -0.87009939]
60,13585.262815856126,62229.39779966925,111653.07284409249,5445.490799988731,5878.9165836621205,5446.622278286551,5403.568886827615,998010.1340978423,997053.3261008417,62785.691889267466,[-0.70913097 -0.57599078  0.40665452],[ 0.69723598 -0.65863456  0.28295318],[-0.1048583  -0.48418503 -0.86865966]
26,116263.11498493548,198594.12544798365,89145.29926810788,4822.954353607683,3613.5188334281806,3916.7939232125586,2402.791024252116,1258853.9029299316,1258480.0004512044,34491.10599982042,[-0.62098812  0.01177161  0.78373157],[-0.6263904   0.59360973 -0.50523515],[-0.47117812 -0.80466696 -0.36125097]
178,66289.36818667791,11085.65692757329,164183.6281765601,10567.302996176863,6499.8057859360215,20083.38461456782,15725.849846670635,2386169.628424788,2378065.1672965325,232222.91615500435,[-0.01532361 -0.99723772  0.07267816],[-0.92996329  0.04091772  0.36536834],[-0.36733292 -0.06198926 -0.92802148]
21,175924.4308830112,55883.3856179149,198333.12491733106,3236.1777003957122,4742.902410766733,3336.463605073263,3742.616778581116,1241930.6120554362,1241765.2311572144,25137.64864991652,[-0.55618467 -0.52764179  0.64206912],[ 0.51875209 -0.82401653 -0.22780038],[-0.64927257 -0.20637562 -0.73202065]
85,156117.1826927077,113489.20992308467,25311.407338280696,5413.11743399361,5042.426070232578,7549.732094441262,4813.088132128386,1796676.8487870812,1795896.001493663,86721.48822032771,[-0.58309747  0.81136    -0.04113751],[-0.12923031 -0.04264327  0.99069727],[-0.80205789 -0.58298929 -0.12971749]
63,142299.84098828494,45487.95690073113,177813.8306578635,5470.5480032169025,3702.9094375683653,5499.230789443634,4001.156291550993,1844441.1810728344,1843813.6094109698,60438.43931631746,[ 0.37118246 -0.92661629 -0.06004865],[-0.69771348 -0.32099199  0.64043738],[-0.61271485 -0.19582237 -0.76565927]
41,42023.774255708355,105140.55553890258,7064.502949950835,5108.376790284031,3156.64188692667,5388.239416956018,3506.915094068081,727580.8159377526,727435.9923090953,46656.63724479801,[-0.8702402   0.32303881  0.37192461],[ 0.32437329 -0.19246175  0.92614278],[-0.37076132 -0.92660909 -0.0627028 ]
3,1863.5547787390803,19582.452892213474,105474.7473612579,551.5165106745684,1526.2521728579998,314.2543388196581,176.41845370266347,185859.60997513984,185837.84973360877,2845.8723822898514,[-0.94216272  0.33211898 -0.04501554],[-0.33470541 -0.92541039  0.17772985],[-0.01736961 -0.18251739 -0.98304918]
120,12168.655072568617,118623.6354520067,158827.4654984017,7230.387475536513,7156.432975996184,11019.824427403251,7973.950834949002,2180322.778839423,2178908.2765090424,139742.77353354153,[-0.99578755  0.09141051  0.00716085],[-0.06889215 -0.79744138  0.59945069],[-0.06050646 -0.5964322  -0.80037966]
57,90254.92444310714,89820.18073298968,17978.487007974105,3210.3780696052536,7941.499889969707,3935.6591008388723,6370.7931236416025,973102.2083292503,972442.2530881248,52522.33752457744,[-0.37475557  0.19469288  0.90645074],[-0.60699474  0.68750401 -0.39861713],[-0.70079644 -0.69959483 -0.1394684 ]
5,173156.13989399243,180779.48640184815,150111.8641550811,694.7439493240837,1688.9123621071394,2831.8684562486064,2302.9531970083103,652716.8844366141,652703.8680355982,5505.235840303634,[ 0.64162082 -0.74958336  0.16262688],[-0.4862467  -0.23352688  0.8420388 ],[0.59320053 0.61934641 0.51431814]
172,184898.59509981936,151137.16982963847,16003.772770397289,10280.425381366596,18302.818029703238,7207.469632364148,18459.296203846647,3151520.9360163133,3149218.9710841775,161872.45865895372,[-0.41642231  0.42415278  0.80416844],[-0.4817425   0.64719284 -0.59081773],[-0.77104904 -0.6334318  -0.06517311]
44,33711.38548647501,92522.28575229808,132306.81390967852,4001.568120397214,4498.885586156469,4859.791108797828,3675.881318583673,1094926.7053329516,1094599.5980048955,45001.10173366755,[-0.9654057  -0.01996572  0.25998692],[ 0.16181929 -0.82771059  0.53731713],[-0.20446601 -0.56079992 -0.80230736]
75,138154.2830261462,40826.69160684533,10178.067092383075,5254.920886048687,4271.6766156475105,5697.313816330064,5061.460089997636,1252591.5029303425,1251941.310379932,62914.69953949569,[-0.28918951  0.89527455  0.33889956],[ 0.03337539 -0.34438158  0.93823633],[-0.95668987 -0.28263901 -0.06971141]
