N,MEAN_X,MEAN_Y,MEAN_Z,SIGMA_X,SIGMA_Y,SIGMA_Z,SIGMA_R,LAMBDA_1,LAMBDA_2,LAMBDA_3,EIGEN_1,EIGEN_2,EIGEN_3
4,200227.89934590217,201716.44218537578,96808.68736470255,1218.2162171295724,1612.193207189305,1096.0937099693629,1632.290086308031,600526.0809587965,600517.6739070072,3237.2698173661524,[ 0.74494632 -0.61186671 -0.26584602],[-0.01866447 -0.41745485  0.90850596],[0.66686327 0.6718263  0.32240162]
423,150610.9562785901,16465.072443102556,173549.66755433969,11746.992659762614,8063.596379018415,13843.502583091959,13200.39271521588,4753124.72590493,4748483.015194225,307254.56101498596,[-0.1956331  -0.94602189  0.25839944],[-0.7313035   0.31628615  0.60428326],[-0.65339336 -0.07075061 -0.75370516]
1281,25723.934413364677,44687.5895025315,25144.641949413002,14075.290184943022,16272.703266506283,14582.160514298956,17039.32961695703,2213183.924098262,2179452.3027165704,716937.5669207518,[-0.76737415  0.08641757  0.63534944],[ 0.45681371 -0.62165247  0.63629351],[-0.44995349 -0.77851153 -0.43756331]
39,122005.88531886936,196838.8668169924,189356.92395735707,5837.520060136229,2968.091680585891,4388.529617918729,5332.5404357812995,1868722.292710354,1868526.8276135735,36323.59461151105,[ 0.34366721 -0.75298227  0.56116892],[-0.84583861  0.01141303  0.53331679],[-0.40798272 -0.65794183 -0.63297919]
4384,134898.74960322698,129478.4379197139,96000.09060202692,47142.51912742329,34622.97298060813,39169.542964802764,22259.803657606688,14586759.005297726,14101535.2837673,4379282.561061625,[ 0.13903047 -0.67886833  0.72097734],[-0.7569923   0.39653362  0.51934934],[-0.63846157 -0.61797968 -0.45876785]
798,107853.176440238,127877.77058259123,52344.956782185436,22761.15976145288,10310.764942961081,12020.419762810297,12287.731891048235,5007269.933553826,4969248.956066536,705744.7464963153,[ 0.16826382 -0.49252872  0.85387514],[-0.76722668  0.47843455  0.42715759],[-0.61891075 -0.72699095 -0.29737794]
313,191385.90995146515,48220.48163441359,17231.45104701822,9238.65599059697,8863.483823605531,8804.312288670722,9675.12536244895,3513195.768212151,3511898.8081226624,214705.2210577994,[-0.25607643  0.85300487  0.45476098],[ 0.03735079 -0.46136475  0.88642399],[-0.96593467 -0.24397797 -0.08628423]
47,22622.06951416914,22606.789009716456,196801.7263196606,4142.130754614717,4125.744605163897,3161.6298915120856,3345.0240143962856,1367439.3885405513,1367322.0363260475,39298.671963066474,[-0.73628445 -0.65741907  0.16026659],[ 0.66707099 -0.74494184  0.0088292 ],[-0.1135848  -0.11340999 -0.98703428]
12,123679.01409033789,82517.37138707255,62633.675093302176,1714.347156757917,2591.14575113542,2247.367850233441,1124.4291311688094,559003.8422130251,558920.8275559386,12701.104409636482,[-0.07729485 -0.52676204  0.84649114],[-0.63751584  0.678891    0.36425344],[-0.7665501  -0.5114966  -0.38829393]
1169,98639.09640097048,84277.18536102194,165055.94995539455,25723.227915658397,23382.755154237846,13115.129387816485,23376.614516271733,7272391.41239769,7238840.414206481,994067.1751220659,[ 0.6450058  -0.76416077  0.0050833 ],[-0.59841321 -0.50094378  0.62526551],[0.47525692 0.40634179 0.78039554]
2,82384.07969124327,33340.450021031924,2613.829015380543,31.905659655887575,825.8066504770995,909.0230057614813,253.35002589460782,125754.23327840531,125742.7413889606,1700.0515958511292,[ 0.30374592 -0.699873   -0.64646438],[ 0.2218708  -0.60790791  0.76237872],[0.9265591  0.375001   0.02936816]
533,116218.52610520305,14818.993153306623,71187.30427996143,9996.69820956871,8876.754533903715,22668.373164024128,14970.638631313024,3217736.7227083566,3189026.6116306386,498958.50787465286,[ 0.04824629 -0.99009319  0.1318627 ],[-0.53705724  0.08559506  0.83919188],[-0.84216496 -0.11130572 -0.52760707]
24,163402.5670615761,83133.04907348222,157426.3147577875,4342.904776044441,3839.673908812546,1991.3500466069206,3718.578156984976,1184118.0476460112,1184075.2983356754,23911.099893027014,[ 0.52381099 -0.84632438 -0.09673204],[-0.51795356 -0.40659378  0.75259924],[0.67627373 0.34411705 0.65133501]
15,28044.572452401007,76863.71654504501,115934.20917177685,2599.8226757603743,3671.914269448042,4589.394578451186,5107.906567118716,550089.9250392049,549973.336199934,15087.60189739719,[-0.11299474 -0.81531881  0.56787977],[-0.97388244  0.20416533  0.09934539],[-0.19693952 -0.54182263 -0.81709428]
40,60942.998543013295,8010.789995090093,37203.242113119304,3593.4362469141283,3505.7186370651343,2732.225927640436,3591.268663850418,455539.13543361507,455289.37919241376,28166.537971667123,[-0.44061325 -0.39278791  0.80720358],[ 0.29354898 -0.91280226 -0.28393844],[-0.84834484 -0.11184675 -0.51749526]
334,14513.155869816195,22140.869963909514,78772.46237419617,10103.34889195448,11046.94449359812,10422.406535770095,8937.911326646992,1547625.8172879447,1534756.5355875858,291241.3465599933,[ 0.83592586 -0.54882879 -0.00386147],[-0.52003414 -0.79427873  0.31414294],[0.17547777 0.26059212 0.94936784]
177,146861.75733683727,81076.17698336935,119629.85544372952,11310.193625767697,7304.940722916453,7742.228384369582,6921.93417585542,2747183.0564729134,2744510.9788602036,185496.60795043185,[ 0.03136173 -0.84489788  0.53400751],[-0.70008127  0.36275356  0.61505778],[-0.71337413 -0.39313793 -0.5801206 ]
89,175797.11170241813,71891.79347121538,153224.2056010461,7174.351812645639,5029.105421543434,7031.105426132066,8371.146955632354,2304338.7936025923,2303801.855513348,70780.97651833204,[ 0.14935608 -0.94988874  0.27459814],[-0.67735051  0.10402763  0.72826818],[-0.72033954 -0.29477047 -0.62787046]
46,159958.78930174606,143165.26597711467,43603.849452611,3436.772324365721,4272.255617221719,6168.180731063704,4473.217778931776,1486588.2070853803,1486162.7777807717,46977.97910814641,[-0.51890235  0.72015305 -0.4605648 ],[-0.44463344  0.2327807   0.86493598],[-0.73009688 -0.65359983 -0.19941368]
298,88535.59269655276,176422.5769235332,35558.68241553416,10764.310685267823,11289.380745728427,7886.970210368464,13261.127692203048,3473761.863103548,3471643.3010587567,196444.73496430315,[ 0.20364045 -0.29172919  0.9345719 ],[-0.87372135  0.37655516  0.30792403],[-0.4417483  -0.87926122 -0.17820816]
55,43144.04065671179,102948.74430121084,5995.017476285419,4641.465833045794,3014.381797011816,4687.963505745958,3125.2219351762355,830087.0419401177,830012.5761826984,48564.71138159904,[-0.74980417  0.34731902 -0.56317245],[-0.5372693   0.17718367  0.82458938],[-0.38618054 -0.92085582 -0.05375079]
9,174794.83392123634,155256.82614826894,9548.028692641892,2948.152824505285,3808.478814025059,1429.601437590813,2415.0488413715675,702104.5253446907,702006.8768083117,13166.39936395139,[ 0.03860966 -0.10452989  0.993772  ],[-0.66369496  0.74077957  0.10370451],[-0.74700622 -0.66356546 -0.04077472]
287,14431.289017429523,45180.168167134885,163326.00091402436,9490.598711461476,12528.408307341133,8959.450711816338,8338.511537156863,2893221.3470628974,2889007.560336857,271415.45484425075,[-9.53480977e-01  3.01453072e-01  2.66251733e-04],[-0.28943309 -0.91570858  0.27875847],[-0.08427641 -0.26571384 -0.9603612 ]
10,98594.59944815582,128509.28543726358,11405.960468385747,1210.0888562313935,2010.0541520360925,1884.1145873468206,1518.4394617668013,513543.35317568976,513516.5079066601,8225.526704080876,[ 0.61695811 -0.41387254 -0.66938196],[ 0.50071709 -0.4497669   0.73958916],[0.6071615  0.79146652 0.07025428]
249,133376.6370193263,6400.686491213062,104324.7046962623,10797.007019784109,4569.068525165738,16177.457298971976,9925.850502986603,2691479.76839408,2679516.08382509,272864.4263595806,[ 4.78663589e-02 -9.98853724e-01  2.21036768e-04],[-0.61640455 -0.02936477  0.78688191],[-0.78597344 -0.03780142 -0.61710356]
185,70071.56425223991,126097.10399729134,14911.385592923709,6808.69643083169,6580.010741218413,9606.692242704721,8093.210498830929,1980039.6203956802,1976669.5520917657,147293.32877116575,[-0.86223939  0.45306481  0.22644098],[ 0.15004455 -0.19852236  0.96854298],[-0.48376634 -0.86909214 -0.10319389]
48,26959.86569541633,56380.03021512647,202547.22253674874,4256.261177925939,7262.8503490893945,1919.0486077476742,2484.669849536211,1469502.1055410027,1468951.9209781967,57172.10889423964,[-0.98566712  0.14151401  0.09183746],[-0.11076435 -0.95346774  0.28041137],[-0.12724619 -0.26621995 -0.9554765 ]
868,19099.36324094805,146045.3819857719,28146.36663444521,12742.511366523122,13377.32098402936,10272.073371742474,13430.721337763232,4453617.080499146,4443635.119271719,480893.2091323411,[-0.44742747 -0.11278083  0.88718045],[ 0.88524047 -0.19685129  0.42142481],[0.12711398 0.97392508 0.18791483]
32,64183.85205926421,102401.24346442016,140771.8873402234,2475.0850115289627,3703.7302957230486,3868.965872464111,4276.223713667404,1049987.9898830436,1049881.700204413,23004.59428990999,[-0.93770851  0.23108742  0.25942503],[-0.03214891 -0.80122407  0.59750015],[-0.34593235 -0.55194075 -0.75874384]
668,18111.05611531264,112916.31661490083,89438.7120865218,10755.206817411055,14400.592061455754,15536.746232090703,14074.414366779589,3793055.5550701646,3778754.9216212104,497218.12679035956,[-0.93696512  0.29592648 -0.18580604],[-0.32690587 -0.55458336  0.76522536],[-0.1234055  -0.77773056 -0.61636536]
240,67368.79072035193,186030.58672544075,162876.04208190844,9631.155323317176,8739.630252389075,11649.81305570359,10779.349352353292,3978475.436611833,3974636.974911869,210010.77064131122,[ 0.35502404 -0.68522203  0.63594709],[-0.89751117 -0.05947382  0.43696288],[-0.26159439 -0.72590195 -0.63610906]
306,111543.46530447033,97259.10237965244,53874.80936702671,6094.674175538219,12648.660161975497,16154.545419841956,14167.235927628712,2778434.348768497,2768217.8053784366,278461.3016953928,[ 0.42373009 -0.75902557  0.49430051],[ 0.56969215 -0.2009415  -0.7969149 ],[0.70420427 0.61927595 0.34726595]
443,168618.4788702018,186864.0180038884,193271.20406990976,11160.0138719618,10340.029927348582,9247.555340542298,9312.92318011405,6686726.376056254,6685160.58996125,317811.78040477895,[-0.20908644 -0.60546779  0.76791381],[-0.82092746  0.53538211  0.19860539],[-0.53137648 -0.58887584 -0.60898628]
18,94380.35217801461,172571.29036836146,78837.12717332129,2497.1803840898906,3445.1580401050546,3350.9074943820106,2558.606848117297,899295.5049640698,899138.4379367755,20254.609921490115,[-0.87288868  0.30262431  0.38273212],[ 0.19914996 -0.49512479  0.84568951],[-0.44542637 -0.81441388 -0.3719212 ]
103,180460.2886006224,135106.86137307915,21186.932758282335,6721.701411130436,6383.010192643102,6011.169407187172,6304.44641475031,2300275.6770151444,2299281.7002127375,92328.98328651332,[ 0.32102685 -0.54964668  0.77125242],[-0.51157533  0.58468832  0.62962708],[-0.79701471 -0.59668091 -0.09348503]
429,165155.8146247839,192549.92824963038,14522.977262433089,13043.71433477098,8191.069616590334,9801.561212827519,11018.95112379821,5273595.248694223,5270612.873816567,301196.12301833887,[-0.44598226  0.3193222   0.83614183],[-0.6146791   0.56977812 -0.54545624],[-0.6505916  -0.75722271 -0.05783025]
12,184506.892887232,70999.9717271546,187221.54311012197,1761.612869468522,2732.313708504078,3902.6001871371645,3137.180337537472,943338.4340697104,943290.4208265151,13844.003764952591,[ 0.72637937 -0.38346704 -0.5703736 ],[-0.11501469 -0.88600075  0.44919293],[0.67760212 0.26068313 0.68767701]
58,164176.2686596545,54636.45496362849,190191.36710119183,7042.8819428849165,3717.073513794076,5771.815199448234,8115.87887314265,1959460.8255765606,1959312.875368612,42306.02746013868,[-0.24243495 -0.85663616  0.45541167],[-0.730311    0.47015059  0.49558477],[-0.6386479  -0.21244509 -0.73959174]
42,195241.59466941294,29706.225768256263,87127.16875047756,7417.092671308693,6785.765005186477,3074.320153776568,7258.372135811737,1400370.6951052,1399855.7295552455,49507.89524364734,[-0.36012028 -0.25923698  0.89616381],[ 0.2280319  -0.95593706 -0.18489402],[-0.90460756 -0.13776985 -0.40336662]
220,135207.0304697385,198711.33368018104,82739.69679089294,14893.212929342595,4441.545083315729,17025.04819306644,11375.011658641943,3783972.6526524713,3776150.359586203,292859.4158303605,[ 0.73788118 -0.23945487 -0.63102515],[ 0.41373186 -0.57821096  0.70320554],[0.53325164 0.77995734 0.32758088]
215,195616.77244345137,47791.53906909255,154043.9727197124,7442.286029523655,11864.094395226684,11415.89843089644,10798.901225405945,3725539.514097773,3722331.1120970394,212536.07432395194,[-0.48607267 -0.4426935   0.75349573],[ 0.41139695 -0.87660444 -0.24963416],[-0.77102912 -0.18864551 -0.60821622]
163,88284.24810847861,24865.093121951828,184499.74882421066,5639.929091980088,11358.19415663545,7193.4844578660095,6310.206758108275,2636170.214275204,2632759.3635452185,167356.09300436755,[ 0.79710262  0.41637465 -0.43733233],[ 0.42605383 -0.9010364  -0.08131136],[0.42790834 0.12151362 0.89561649]
103,197644.96700088927,179702.0416652103,162557.39676416997,4174.7699013978545,8513.814701648753,7718.947385073377,7166.724640302062,3175382.0753727546,3174997.2581769344,100387.37183787141,[-0.57559396 -0.1014116   0.811423  ],[ 0.51915139 -0.81197717  0.26678625],[-0.63180173 -0.57481193 -0.52001713]
2,53766.43517916904,165890.76146286313,190765.3511414132,528.725952265424,346.4476372735371,775.5327722329384,904.7585540035798,365521.5301863621,365521.03107543144,604.0458038059094,[ 0.56672048  0.53593525 -0.62578055],[-0.79721476  0.54846836 -0.25225201],[0.20803009 0.64183788 0.73808375]
207,164258.0489681429,154763.65142814783,147499.2504633866,7905.390422739001,5728.025634147451,7029.846749484803,7021.697318402942,3881586.6035618074,3881548.7206329876,140817.112395647,[-0.15357052  0.76240176 -0.62861725],[-0.77784558  0.29906242  0.55273676],[0.60940328 0.57385122 0.54710367]
5,168191.0603646768,35410.030402648415,124464.68808713605,1399.5353060865214,3864.5825110215674,2806.818705464168,1308.9309776847415,474640.10160153476,474536.679399105,10726.105676006287,[-0.3915449  -0.59812353  0.69924304],[-0.46757248  0.7838233   0.40865268],[-0.79250777 -0.16694093 -0.58656812]
72,41490.22385685988,126376.41167205106,198867.4854447219,8421.509549924182,6432.376051035381,3381.4849941216257,5682.078852411126,2031892.3455311807,2031080.8794427575,81264.86987435169,[-0.12576399 -0.82503036  0.55091589],[-0.97674967  0.20016194  0.07678077],[-0.17361886 -0.52845066 -0.8310213 ]
550,91356.555165327,38558.26510799585,72337.73344278373,10887.18759308715,13498.562281283033,10714.649693523132,9082.128161018201,2911440.3970788782,2893602.835611675,423953.0638405138,[-0.62152252  0.64774673  0.44060633],[-0.24062434 -0.69309054  0.67950381],[-0.74552645 -0.31630632 -0.58663501]
281,49461.46497487175,73812.49740860391,111715.85132733101,9706.234096858385,7601.895274252045,12493.024880239296,7333.303427891603,2407268.4982756623,2399720.010013265,265285.6846711327,[ 0.63150865 -0.74553109  0.21302635],[ 0.69463726  0.42191751 -0.58263598],[0.34449369 0.5159157  0.78431823]
338,102952.20647871036,171736.02183756695,192786.2548504405,10777.057510311162,16010.479776594342,9544.530688117986,14309.7544421152,5123215.627902945,5119054.368804648,297285.5898050903,[-0.63532878 -0.37590297  0.67457713],[-0.67788511  0.68989304 -0.25400664],[-0.36990421 -0.61866352 -0.69312793]
38,168994.68031462666,93788.78767610043,98450.12326050678,3663.140671153613,6127.920391842486,4189.55130463643,3865.300062847212,1337885.7210320013,1337491.30043154,45076.49607479338,[-0.47882664 -0.05705419  0.87605358],[ 0.4047406  -0.89985621  0.16261565],[-0.77904435 -0.43243915 -0.45396727]
2,147238.82650572306,160000.34263371222,202619.12149672594,158.94023678076337,91.21724606551288,141.66490341360623,31.26724521815777,420318.7926355956,420318.6673166789,324.5732210185882,[-0.60324776  0.77791054 -0.17591855],[-0.62503434 -0.32410558  0.71013214],[0.49540309 0.53834075 0.68173676]
72,140257.6764134342,148043.8317040126,24293.141995856637,5879.379089124559,7971.839091260954,4582.808112539126,7623.3093753141175,1744634.0761266504,1744358.0931571375,66679.74765715652,[-0.16343176 -0.00656759  0.98653278],[-0.71216359  0.69279938 -0.11336686],[-0.68272475 -0.72110047 -0.11790262]
12,170188.4539645213,169605.13568043,75854.0518127826,1485.0916317321069,3663.3501473663587,2394.1441959993076,3125.783427940632,872927.5696798336,872916.5397953971,11795.42945639874,[ 0.69207322 -0.43763457 -0.57403018],[ 0.25469736 -0.59604086  0.76148838],[0.67539908 0.67320968 0.30103955]
4,3443.5382680172097,85334.19213696054,160700.31040820124,639.2901341307144,1862.0422410335395,1242.3249236526328,1115.0014341628312,363997.2961081258,363977.40852953645,4092.0864352292024,[-0.97992182  0.18402287 -0.0767386 ],[-0.19848354 -0.86385857  0.46298234],[-0.01890804 -0.46891785 -0.88303938]
51,172725.1832006026,3722.6363940771157,116662.92052765233,5007.358736426257,2450.2301914303293,5450.087961546218,4769.52816426261,1489690.460224343,1489233.0167722795,43949.43254971439,[-0.05660297 -0.99170155  0.11543026],[-0.55705627  0.12731629  0.82065759],[-0.82854355 -0.01784949 -0.55964005]
43,35598.29386188459,10310.432127408945,151669.8725996514,3475.500857642187,3979.624157536527,5122.24726516476,5030.819549552285,1024770.2453908094,1024547.5785487775,35393.60954490551,[-0.84484919 -0.48265555  0.23081046],[ 0.48400973 -0.87335435 -0.05465132],[-0.22795708 -0.06554238 -0.97146269]
20,191988.08795576464,87590.54946326473,5480.146679966742,3273.073997450443,2875.3852657710686,2290.0758594542353,3583.534344980629,944279.0179960155,944214.355760074,15096.019090042771,[ 0.30123414 -0.61481572 -0.72887558],[ 0.28656562 -0.6706771   0.68415815],[0.90947135 0.41496248 0.02584579]
63,9890.24954936199,32933.964076167016,137066.6866440706,6738.620868365041,7073.317982065994,4315.1513788585635,4263.461109902507,1123830.27486125,1123184.3517002976,77597.35375837887,[-0.68923641 -0.69173237  0.21554466],[-0.72124415  0.68336877 -0.11319892],[-0.06899313 -0.23348114 -0.96991056]
16,67740.61353847315,173186.13165609905,105666.94793823322,3409.769458577028,3761.5775083084063,5289.782201865832,1958.7589568792423,856024.0852143103,855613.6892928847,28206.653468567412,[-0.85906507  0.02406921  0.51130018],[ 0.40207946 -0.58642506  0.70316268],[-0.31676381 -0.8096458  -0.49409955]
89,13028.507923292098,119672.06231431848,151086.33917755837,5486.277832095669,6698.646990007756,3561.896903579338,4484.430790586298,1824241.7399142568,1823296.461834577,77327.55363086484,[-0.73744851 -0.49704321  0.45729393],[ 0.67206055 -0.60729702  0.42370385],[-0.06711412 -0.61978898 -0.78189342]
109,142302.54220383862,133333.6378011747,199064.014443302,11084.81667261584,8907.05223045342,4190.743085405838,6305.60103455319,2912546.31494203,2911033.0243854728,139714.10689200254,[-0.36011318 -0.63514872  0.68330418],[-0.78051489  0.60631599  0.15224132],[-0.51099413 -0.47850498 -0.71408542]
6,45783.87678234836,117244.0100893497,81317.734271802,2611.4624876634985,3891.7086671772317,3270.6927356483384,955.3326609107942,367290.2268368692,367093.931354137,13806.80204318195,[-0.84582187 -0.03876148  0.53205536],[ 0.43737451 -0.62141763  0.65003359],[-0.30543232 -0.78252008 -0.5425619 ]
40,190327.6356885782,163785.6681526886,9947.960504172133,5457.577376164575,2276.541378700628,3655.975680253524,4386.014763715009,1589813.150291739,1589700.1619269894,34051.89682725901,[-0.40680045  0.51847225 -0.75213026],[-0.51057603  0.5536882   0.6578309 ],[0.75751271 0.65162559 0.03947889]
123,14077.567494776873,99259.24849678326,168599.1283750894,6662.067153653823,9056.129248750469,5231.430410440514,6651.051538990037,2178936.033788633,2177506.2323428364,116987.44835306767,[-0.80028186 -0.48523457  0.35227313],[ 0.5953997  -0.71266331  0.37095849],[-0.07105025 -0.50661466 -0.85924004]
77,68933.02475707293,83690.9828875095,44287.92852710416,5439.432997410213,3901.827778906085,5866.855292918989,5259.3198466302,1030203.6596798628,1029254.6713468115,63173.11545387832,[ 0.50415213 -0.69041952  0.51879815],[-0.63192551  0.11454153  0.76651835],[-0.58864316 -0.71428365 -0.37854735]
189,98591.64475868257,190507.37547135746,12977.646702388065,7809.576796345641,10085.749263286143,8165.230693729601,10540.075446152678,2960165.2890067566,2959496.7850459935,149078.04097296385,[-0.73205473  0.41584367 -0.53960163],[-0.50373252  0.20283686  0.83970873],[-0.45863866 -0.88652764 -0.0609863 ]
53,78431.07416350828,123670.80112071792,104977.89065595058,9037.106306664266,5299.408215072542,4145.6006687786585,5446.462186805582,1314131.026269345,1312560.0921400008,71585.83405946329,[-0.34298894 -0.4719079   0.81219549],[-0.83213215  0.55378453 -0.02964413],[-0.435792   -0.68602159 -0.58263171]
92,116015.93950917375,9989.91520467652,182025.52493898658,4282.715834581635,5217.144814575146,7607.273371699693,7060.539095086399,2074536.9987663033,2074094.5524463286,70230.79414841632,[-0.61586635  0.7040722   0.35354064],[-0.57685453 -0.70861739  0.4063253 ],[-0.5366074  -0.04630056 -0.84256084]
90,44809.79967941684,165992.87979078942,178238.9305783713,5497.276359979701,7870.647995501788,6213.573992233301,8101.5235547036,2351625.6170671973,2350965.6112549324,76668.03688268123,[ 0.69097778 -0.60721984  0.39221649],[-0.69990798 -0.42629897  0.57306022],[-0.18077205 -0.67048732 -0.71956113]
29,11157.904535712318,199517.08394048992,68890.60563619056,3564.427727074426,3130.6467348915744,2762.167128688918,2741.9754944953734,1138593.5024434612,1138415.969535582,25606.489154706753,[-0.58715672 -0.23471554  0.77469711],[-0.80776037  0.23211947 -0.54188905],[-0.0526325  -0.94394341 -0.32588442]
108,79822.80070178332,129338.67435983916,134083.59311766922,5384.806399824718,6367.077567606161,10000.433924022984,7456.2188104519455,2110127.407739626,2108221.8525341614,111167.87723502418,[-0.90972791  0.16750589  0.37991698],[ 0.13126487 -0.75205212  0.64590025],[-0.39390946 -0.63746324 -0.66217517]
496,144675.22078118008,20026.69938930788,14178.491193707729,13682.43626200852,13721.860358494612,10089.966734282787,13634.545864110096,3296940.5199285145,3289078.6844005734,382603.94321949105,[-0.08276341 -0.11239334  0.99021107],[ 0.1444556  -0.98447889 -0.09966888],[0.98604401 0.13479259 0.09771468]
11,198844.41575937922,83875.88039917989,166622.84100313092,4416.885062776355,3690.150426899651,2610.5832279859947,5077.277535561567,904499.6670773076,904449.1578677832,12424.777557193343,[ 0.6282811  -0.65476916 -0.42016687],[-0.2707863  -0.69034562  0.67089322],[0.72934055 0.3077341  0.61103362]
120,102756.89245529116,64668.030667140476,82441.72298630493,6784.459350460363,4498.749562087402,15990.416363941733,11095.310193493528,1619028.7002209655,1613097.3049120915,151495.2260265161,[-0.66841613  0.68054051  0.30014078],[-0.25424916 -0.58827829  0.76764967],[-0.69898301 -0.43679888 -0.56624155]
73,64910.1769065346,25192.099101064716,99285.58421061611,6407.213362521116,5573.93543218689,5530.128688964393,5794.0586913878615,1038704.0336450475,1038325.1751575428,70619.32682321196,[-0.25757585 -0.88290629  0.39259543],[-0.8042954   0.42108201  0.41928373],[-0.53550312 -0.20776534 -0.81857802]
107,143179.28115202172,54174.34695141307,181891.38336708277,3818.966568008524,8560.921744108125,8669.004384342083,7400.873199801045,2461997.80978182,2461106.067925708,107770.61847623433,[-0.48215269 -0.66004603  0.57607987],[-0.63685474  0.71561467  0.28690014],[-0.60161851 -0.22854952 -0.76538898]
91,104759.44704749149,41412.89961142989,23829.016404260186,6655.620364860356,5434.216891324324,8906.686048227091,6672.830739411242,1104233.3789386724,1100658.125401262,99700.88980984817,[-0.41158888  0.72163305  0.55663304],[ 0.0485147  -0.59255083  0.80407079],[-0.91007743 -0.35795148 -0.20887752]
126,37911.11853918767,14175.378036407892,65126.43747225381,8946.714420569684,5204.8144428983815,6092.949715182007,7028.793169979732,869737.6587338127,865986.7916212825,107922.77807240396,[ 0.13810364 -0.98104241  0.13595286],[-0.85679992 -0.04948491  0.51326907],[-0.49681111 -0.18736872 -0.8473911 ]
13,160620.00752563725,178152.023750706,83729.83838115384,3510.0158070470998,4057.0690054301463,2521.4862967905565,4647.925767483522,916246.8681770528,916224.0067531818,13298.625735061873,[ 0.72706764 -0.38998546 -0.5650522 ],[ 0.26773279 -0.59680633  0.75640026],[0.63221183 0.70123716 0.32950667]
7,145175.47862205515,150853.2390299066,53079.86888439924,2131.441557953905,2231.2675124034613,710.9622283678125,1930.6785882765607,571505.4362888864,571470.8724543172,6651.49130476253,[-0.10073492 -0.24256094  0.96489205],[-0.73353442  0.67330377  0.09267841],[-0.67214562 -0.69844558 -0.245752  ]
52,42835.16418692259,50000.411094397496,98506.07967800769,4713.828120175122,2939.5263443301965,5791.663537620661,3952.4174177673126,856170.0223891535,855068.0794916571,50168.708259931234,[ 0.51906883 -0.83183861  0.19649956],[ 0.77482718  0.36088354 -0.51904327],[0.36084678 0.42167239 0.83185456]
271,182159.22276000207,181690.08793179362,53436.08675064323,13469.202328262285,10272.647764810934,10567.412971416958,6863.431596874568,4335342.272932158,4330164.276755921,308095.4687264034,[ 0.03441382 -0.31426778  0.94871041],[-0.71965403  0.65089889  0.24172033],[-0.69347947 -0.69106179 -0.20376416]
114,64797.49918536882,12349.34599974955,156500.6285817687,6891.4398030745815,6648.876970530848,8470.35182982767,6994.587831185645,1817842.891500596,1815452.2618854071,114902.60677519615,[-0.44641553 -0.85834785  0.25288762],[ 0.80997406 -0.50773222 -0.29351322],[0.38033563 0.07380355 0.92189904]
65,12587.804219726708,64652.16891161463,111287.05515688378,6073.330649109124,7571.115983675852,7263.2552233548695,7670.923210898845,1046620.5304782465,1044967.6216150235,75792.94247305696,[ 0.72336795  0.55901138 -0.40527162],[ 0.68382736 -0.66120182  0.30853248],[0.09549317 0.50031833 0.86055948]
128,189211.9554816555,32455.500080300604,123617.16439530734,6891.592922753113,7344.789586073353,5445.587920559271,5880.162151938167,2585768.9820442423,2584947.3367697094,110237.46312426179,[-0.47947255 -0.31886125  0.81757787],[ 0.28847578 -0.93714564 -0.19631551],[-0.82878695 -0.14172352 -0.54131935]
17,115877.1814630512,106733.76293093714,23276.370842473418,2639.0844618481015,3170.994421754937,2570.7102839836916,3530.3729219727534,656856.4819820565,656842.5501063812,13734.137477486667,[ 0.4071863  -0.25024287 -0.87839503],[-0.55212786  0.69867254 -0.45498518],[0.72756728 0.6702501  0.14632383]
110,10130.986594765296,151959.1064436858,125779.79341512876,5757.029050015925,7772.99989527502,6054.955133350947,4648.328456851497,2074255.4851772753,2072981.7429202965,110038.17313865172,[-0.96817954 -0.11815118  0.22060981],[ 0.24498278 -0.62748621  0.73908355],[-0.05110602 -0.76961117 -0.63646431]
120,93559.47344149984,83560.65724639132,13089.958454293102,8481.094227208858,9416.00765200125,6776.319415779393,8277.429573007239,1388907.3930102491,1386067.4804883464,130463.01380397496,[ 0.21992529 -0.38435944  0.89660509],[-0.63387866  0.64232313  0.43083506],[-0.74150571 -0.66309036 -0.10237414]
2,118150.68126118983,48250.43072900727,118667.50927890194,661.4351837845752,983.9812782624795,395.48933948708145,990.1742395970068,246459.84433149456,246457.48432156924,1078.5591258547784,[ 0.73496694 -0.23898619 -0.63459373],[ 0.0129826  -0.93070614  0.36553732],[0.67797865 0.27689652 0.68093558]
10,187674.18639186118,10716.740582633069,49913.26059936532,2496.664222060307,2137.093807477148,3194.305370506601,2202.2984101231086,615186.0008084703,615110.1679083745,12704.114650780506,[ 0.14629864 -0.92457807 -0.35178417],[-0.21786591 -0.37699303  0.90022814],[-0.96495137 -0.05506038 -0.25658761]
35,39469.55246673266,155784.03676989782,10311.324111680466,6203.947028300417,7094.538324298024,5971.636198725865,8528.89004742581,954886.4403664194,954128.3196579455,42932.77174666397,[-0.75870347  0.15016896  0.63389141],[ 0.6031296  -0.20579607  0.77063783],[-0.24617824 -0.96700427 -0.06556685]
29,77102.9668731601,52120.92062718198,10565.228620032834,3640.7745504439144,4786.458600996614,2992.5716658235683,2190.291090127201,505623.7390431285,504592.08163012087,34456.204646336904,[-0.32051952  0.29150451  0.90127263],[ 0.46844883 -0.77819542  0.41829127],[0.82330003 0.55627062 0.11287188]
64,17360.26391587533,186012.54863995183,146557.7081865719,6434.136123319799,8708.384936150249,3915.9168744518383,7799.079845398597,1901708.740151373,1900704.7175246899,67741.72971144559,[-0.56162698 -0.47909586  0.67456822],[-0.82421248  0.39534823 -0.4054301 ],[-0.07244947 -0.78368803 -0.61691502]
31,130804.53379082742,155636.9588835688,73286.79385044792,4695.413417907908,5151.43297922542,4073.875288123222,6622.770021233592,1204029.7989894873,1203877.8559916408,25640.34647871928,[ 0.56122844 -0.68816825  0.45983377],[-0.56452722  0.08800362  0.82070968],[-0.60525338 -0.72019429 -0.33909957]
14,146955.78360571887,65309.22819091034,103168.43141146156,3759.678756935186,3948.052809810556,2767.6754511639715,3201.290186790599,715234.9486084157,715014.1542875188,19521.088841549816,[-0.57371916 -0.00286078  0.81904709],[ 0.28126308 -0.93987139  0.19373399],[-0.7692447  -0.34151661 -0.54002685]
89,100242.32133067098,162034.03174631772,65960.25594036766,11233.372764136157,4693.29593601823,3779.1787184390446,6035.62728289195,1905610.3584162365,1903355.15956485,106204.2970762251,[ 0.00697068 -0.38064435  0.92469524],[-0.86715648  0.4582076   0.19515489],[-0.497987   -0.80321583 -0.32688419]
63,12264.508981908682,60781.60932446125,136748.7825861632,6373.37154343664,7334.880048950207,4154.445900851282,5432.211966732729,1194350.0244664547,1192957.6974142808,71610.89674193844,[-0.67067552 -0.65352758  0.35085046],[ 0.73731454 -0.6390266   0.21911701],[0.08100377 0.40564356 0.91043489]
64,23277.060382382246,155333.5179156409,55523.471518892955,10519.370347312359,3277.72442019489,3025.883994782852,3676.4236689172853,1335642.2408094222,1333288.5147350577,86716.35476898044,[ 0.0145461  -0.33845589  0.94086982],[-0.98999774  0.12718647  0.06105798],[-0.14033134 -0.93234715 -0.3332205 ]
49,31694.880342753997,186482.53398664843,191956.58378845442,4171.191936502941,4121.366278138823,4627.248890274933,5195.45789445249,1887074.863965637,1886932.036557787,37573.727396074624,[-0.58137746 -0.5335101   0.61430222],[-0.80507962  0.48640348 -0.33949735],[-0.11767348 -0.69193831 -0.71230213]
75,21142.662422033965,138666.34599078548,163992.38061920812,10417.09743030799,8677.319431736641,4567.571705183254,4862.278552274983,1872257.7365996477,1870072.453238149,116238.76576421561,[-0.51262087 -0.62191602  0.59197999],[ 0.85308615 -0.44702972  0.26908818],[0.0972824  0.64295014 0.75970471]
3,45394.24210048392,116668.04920820349,133229.25799194552,559.3142663633498,837.6045539622485,1304.6138436578456,1374.0150417236234,316661.4399985108,316657.5244140806,1574.7630879842445,[-0.26709531  0.76825903 -0.58175438],[-0.93113949 -0.05021705  0.36118901],[0.24827273 0.63816636 0.72876906]
99,177254.49108455578,6198.444690311497,31601.907046028715,7668.847736218249,4343.612839873363,7504.672558585831,7465.487442348386,1795682.6362645512,1794649.1361160807,87342.27170080882,[ 0.0309791  -0.99932473  0.01975788],[-0.17588548  0.01400858  0.98431096],[-0.98392306 -0.03396819 -0.17533274]
239,188026.61965969723,183229.69095190306,112722.80799611825,10834.194512800092,5179.039014165789,9375.685968346495,6351.794179724218,4422747.717594715,4418788.868118647,213063.7205895588,[ 0.35230788 -0.72541719  0.5913113 ],[-0.66522788  0.25031338  0.70343093],[-0.65829402 -0.64118102 -0.39438037]
4,56853.78852027801,128913.1432318197,48613.3656105848,1254.300965090758,2044.358207735551,2731.26476679152,2774.1056015116146,298176.31209699967,298141.2490381905,4697.980328582207,[-0.88043087  0.44748283 -0.15684581],[-0.28166819 -0.22745831  0.93216187],[-0.38145054 -0.86488256 -0.32630299]
29,139257.13771399955,200425.26051523772,162186.09657744097,3596.2624947553218,2393.1917988371306,5695.840473506148,4243.0367302005825,1578366.7972769185,1578308.226081996,30999.464657613946,[ 0.82191226 -0.56961107 -0.0018633 ],[-0.31407201 -0.45590991  0.83276943],[0.47520418 0.6838782  0.55361684]
11,111861.14577832347,202498.63633045193,86961.60786731442,2997.6043991763745,1746.858372661671,3042.1714583556914,1895.7348376703094,819791.497267532,819753.7878725743,13950.588088651135,[-0.48391164  0.55715499 -0.67483912],[-0.74897711  0.1351601   0.64866404],[0.45261773 0.81933514 0.35189079]
131,41150.3913757661,81402.19039905239,184337.03779268605,5952.624381120082,10773.999360893933,9026.196408067792,7730.007483810764,2359371.798824602,2356814.7726164176,149607.4841157433,[-0.96209289  0.25265953  0.10266656],[-0.18583704 -0.88288152  0.43125956],[-0.19960424 -0.39583251 -0.89636754]
47,194531.28155237352,132881.9221591741,153754.71165461824,4744.135335154865,3727.237407537103,5592.913352501765,5091.716672357206,1929349.892474172,1929044.6848609163,44360.90873435522,[-0.71678812  0.54218536  0.43846304],[-0.08931397 -0.69501843  0.71342301],[-0.6915474  -0.47221226 -0.54660568]
18,143863.7948823406,95348.10209193936,199616.62586379083,3378.902982701337,2724.2131325458154,3956.521431593498,1774.0596319013616,1119810.444776841,1119623.46933219,23752.00854081282,[ 0.53501316 -0.84465438  0.01788578],[-0.64542348 -0.39497427  0.65377661],[-0.54515085 -0.36132299 -0.75647621]
13,12917.302382456608,174838.75658006256,101711.28073944997,2815.93327478586,2466.531857492093,2971.3754922382036,2938.7585996290695,730931.6986202743,730920.3811193283,13586.187970840925,[-0.20016606  0.50372696 -0.84035272],[-0.97768399 -0.04686099  0.20478783],[0.06377739 0.86259098 0.50186577]
68,27108.905273101886,64600.00909253879,68237.9636851136,6239.800899198621,9508.333097865176,3034.596566158421,4318.56237288403,811780.6034618776,807814.6727590576,89773.2053368978,[ 0.72914325  0.32801642 -0.60062913],[ 0.62661191 -0.6728526   0.39322625],[0.27515021 0.66307963 0.69614493]
134,85815.8828447978,188921.32332806752,108790.11530233458,5360.2982942242215,6239.339327364347,5639.172460750758,7019.037163047082,2714059.2974665333,2713768.9709759112,82237.16008745681,[-0.92653721  0.36192424  0.10266273],[-0.08525466 -0.46779323  0.87971651],[-0.36641566 -0.80633761 -0.46428357]
9,159167.42815973528,140151.1399059571,99392.53044201418,1778.099476871958,1987.347110046378,1936.1973055910962,1772.7065294312217,702697.8650150384,702666.6483593013,8339.31823886673,[-0.008536   -0.57201046  0.82020191],[ 0.73356739 -0.56100161 -0.38360927],[0.67956311 0.59839888 0.42439693]
3,180734.56825226173,55317.61240585891,27161.806835954874,921.2417537645368,431.838120439726,861.5975672141226,882.8744774542339,330747.15065472893,330742.65027168766,1733.1115636629434,[ 0.30785634 -0.94270745 -0.12855789],[-0.09683027 -0.16546287  0.98145094],[0.94649267 0.2896976  0.14222141]
4,95112.65990476275,161416.07656497427,88224.13176722593,839.0924392203455,2478.744159380368,1261.575252264573,1731.0314766210467,414209.23085418827,414194.2368775254,4678.458117082375,[ 0.8775629  -0.32381495 -0.35359189],[ 0.13769177 -0.53620579  0.83278108],[0.45926499 0.77950448 0.42596765]
6,116966.00421194542,53504.29421582058,108667.24068613393,2148.523446857051,1188.2745934067818,2675.247953620403,2168.3028994818505,412524.73415179667,412502.72525664244,7138.953178596762,[-0.30066814  0.94329532 -0.1406862 ],[-0.65350911 -0.09632959  0.75076391],[0.69463984 0.3176705  0.64541533]
16,7239.121029445933,88736.136310343,137639.28786534118,3815.3800491836764,1805.1907660176844,4234.091358261486,3219.107994159086,656030.0268322979,655926.502100319,20084.469361753476,[ 0.51506578 -0.73262266  0.44493964],[-0.8560129  -0.41291508  0.31103545],[-0.04414933 -0.54107779 -0.83981287]
152,114484.93564127303,54554.788369227346,147181.5072140592,6279.604357301012,6357.684448008042,10834.092125101864,9976.871246154067,2400446.6085334006,2399500.079297995,121745.00598426368,[-0.8011913   0.32551583  0.50212743],[-0.1063762  -0.90321483  0.41579692],[-0.58887742 -0.27971846 -0.758275  ]
50,157123.04094143328,113714.46890432236,24753.30516008316,3919.2409177762747,3676.7311417869496,6829.767632496924,4005.239677906379,1383757.6199446777,1383085.6269794311,54562.85666790821,[ 0.59516947 -0.78565776 -0.1688644 ],[-0.00124683 -0.21103741  0.97747719],[0.80359924 0.58155404 0.12658261]
9,92627.93534771218,72007.47160606149,180969.6421574384,4890.27992344409,1710.8131483220945,2311.3379187783776,2710.355183919073,647221.7066232507,647093.8805954141,14942.417143449957,[-0.21795251 -0.86338611  0.4550397 ],[-0.87630846  0.37837299  0.29819015],[-0.42962797 -0.33376385 -0.83905989]
11,53652.01684845106,159479.94581844745,6872.005308296794,2720.1411617843755,532.27588034969,2841.0699051933675,1042.8162164742428,558673.4968694182,558551.5882946709,12735.832462232134,[-0.70605178  0.26583003 -0.65637282],[-0.63241151  0.1803922   0.75333548],[-0.31866372 -0.94699158 -0.04074774]
17,200013.192112949,201697.0666400888,34021.876943241026,3028.571533908191,1914.4362294959367,3360.2303312777385,2516.091212768771,1179696.7253560876,1179638.2057830447,17370.929265735846,[ 0.58723023 -0.66113834  0.46696547],[-0.40784425  0.25664182  0.87624086],[0.6991593  0.7050043  0.11893364]
32,109718.37493085783,67744.44126518117,179310.75250313233,2884.1139027392264,2215.5569370182006,6307.170288055383,5208.936978180302,1250016.3618541404,1249773.357922951,28702.66891888095,[ 0.23501524 -0.94805588  0.21437792],[-0.83562788 -0.0844118   0.54277132],[-0.49648151 -0.3066997  -0.81205998]
2,106497.98210145466,136150.5121663222,137104.58725792545,23.491453998976795,967.8123709851061,1489.3688193097478,1511.4290883541544,312024.37543920666,312021.5841945586,1319.7973120797794,[-0.34038814  0.78598105 -0.51611017],[-0.80694128  0.03758359  0.58943468],[0.48268176 0.61710718 0.62144754]
16,56176.90196251552,190163.9807429599,10230.829772950576,1672.9679521343242,2996.559417616045,2985.177015413789,2922.0378807544175,794390.7159406274,794318.3406614622,13969.526277992341,[-0.90485185  0.24866533  0.3455556 ],[ 0.31814327 -0.14439753  0.93698144],[-0.28289217 -0.95776558 -0.05154717]
17,178872.24972703733,198985.82323000953,151732.17499747244,2290.005097731254,3251.231068576298,2955.029949142511,2727.4628778642564,1268361.6669872347,1268327.1649952603,17071.06843629946,[-0.04013165 -0.5828119   0.81161551],[ 0.81256961 -0.49173627 -0.31293141],[0.58148093 0.64693565 0.49330943]
6,26753.16851575922,147453.52081178944,91050.02077874729,2311.1067829889116,1769.6458442003816,1317.0442910273132,1431.5420977244476,429578.78402837156,429553.4734816252,6994.329352755567,[-0.04774375 -0.51848993  0.85374981],[-0.98714645  0.15500392  0.03893167],[-0.15252025 -0.84091734 -0.51922596]
3,176278.90103885552,57821.92442819107,133709.04253056183,1506.142719440033,1435.569328146756,664.0649476532928,744.170960810174,396105.46945668384,396094.4774050259,3556.3440926218655,[ 0.30006479  0.66551185 -0.6834143 ],[-0.56191125  0.70225515  0.43714236],[0.77085463 0.25284715 0.58468064]
6,48706.81190803227,7280.925791271591,169957.28317036512,1203.9326939813295,1999.8712831814323,1576.1133398795505,1759.3870724851756,433482.62653127214,433461.6913619833,5393.848027219618,[-0.9579744  -0.07207478  0.27765136],[ 0.08065964 -0.99654884  0.01960675],[-0.27527999 -0.04117802 -0.9604818 ]
18,4619.843758692446,164781.51021973472,170865.60210840584,2123.59822847583,2887.111496306144,3230.548859794338,2677.6383341054348,1007482.5624771615,1007384.1946175131,17042.757167277006,[-0.90523483  0.31781531 -0.28203428],[-0.42446669 -0.64599895  0.63443943],[-0.01944072 -0.69403082 -0.71968276]
20,71536.9127448804,40919.376952789244,177984.85472044395,2471.3838363598197,3294.5110753959657,4201.001031685983,3647.367122163221,877490.3706459679,877375.323902335,20710.882997354387,[-0.86600793  0.43402659  0.24829655],[-0.34212713 -0.87645436  0.33878722],[-0.36466325 -0.20844343 -0.9075087 ]
