N,MEAN_X,MEAN_Y,MEAN_Z,SIGMA_X,SIGMA_Y,SIGMA_Z,SIGMA_R,LAMBDA_1,LAMBDA_2,LAMBDA_3,EIGEN_1,EIGEN_2,EIGEN_3
434,102366.81025578192,172991.28098324928,187318.556912391,9277.669476091363,14787.78534487586,12165.500211276658,12925.175131588867,5739006.735185685,5732399.925640356,352803.74129040947,[-0.80381653 -0.14859395  0.57601981],[ 0.46408485 -0.76241822  0.45093647],[-0.37216157 -0.62979226 -0.68180457]
104,60065.87532703036,50677.05900892755,71859.51559749519,3370.7010467243467,10694.7774460691,10425.584889826687,5682.560424869965,1095274.6687373514,1089218.3796503614,146391.14964703706,[-0.81721948  0.44606129  0.36494061],[-0.12783172 -0.75773826  0.63991545],[-0.56197097 -0.47630038 -0.67625925]
112,56050.56826002239,171796.6247138997,82695.00917366626,8049.580473650449,7227.705798568507,7747.9101806073495,5646.207010344038,2107169.6851019342,2104712.981889629,128004.45190375886,[-0.71361427  0.47855094 -0.51160891],[-0.64126332 -0.15222942  0.75206885],[-0.28202133 -0.86476309 -0.41551025]
139,67544.91262221622,82077.04630073305,28577.165825923657,6013.393556980884,4673.137014778566,12739.459739381178,6384.170793178128,1307675.515830283,1301575.4713071121,158957.15936190865,[-0.75152411  0.65270269 -0.09586816],[-0.24320468 -0.13902903  0.95995959],[-0.61323975 -0.74474836 -0.26322402]
2,141718.68713296842,92193.71541730214,158509.53147900468,199.2198359768081,1173.7659500114823,385.13167138939025,81.69650496135,327752.0549326426,327747.2980500027,1765.8237433766346,[ 0.76565744 -0.07948977 -0.63831815],[ 0.1995635  -0.91401646  0.35319729],[0.61150886 0.39781313 0.68396025]
9,53331.998613475545,162667.9690872978,189348.43188173606,1982.9267446082195,2325.89344750637,1648.761369834551,1978.9775331781957,765834.9448426885,765822.8004729185,8563.830337798185,[ 0.76859372 -0.57599822  0.27836979],[-0.60465677 -0.51195731  0.61015563],[0.20893511 0.63727997 0.7417684 ]
5108,99337.95782251199,125805.02634435981,114161.27682402957,30141.944253509653,41165.95517094506,45994.92247000283,29435.35594727653,14667191.679768879,14487244.647197712,4340741.094834941,[-0.86212604  0.44524833  0.24185245],[-0.10596298 -0.62519011  0.77324587],[-0.4954902  -0.64100799 -0.58617251]
498,175519.26939434328,124313.73008208667,81211.90976692722,11012.94083742532,12653.76185495216,11081.098544575278,9671.556823988336,5146814.146112732,5138336.457781469,394012.25305303105,[ 0.50494173 -0.15783158 -0.84860064],[ 0.40247966 -0.82666412  0.39323855],[0.76357316 0.54010705 0.3538932 ]
27,35124.04333260657,146272.0152951068,7087.880894493909,3396.4986068647722,5003.578122079339,2220.8204113847414,4707.752244660515,783173.8080921713,782973.6452840369,22846.831645073165,[-0.28784649  0.02259101  0.95741007],[-0.92892105  0.23655605 -0.28486299],[-0.23291649 -0.97135518 -0.04710657]
10,84075.28053325601,68063.64996156612,102006.40758149416,3408.555603276838,3472.41714489362,1376.6229739916146,1498.7673874714885,470434.0149144276,470215.6545011915,15261.223499388861,[-0.45597218 -0.51963272  0.72254495],[-0.68725921  0.72140895  0.08511113],[-0.56547693 -0.45776736 -0.68606478]
419,189229.754706173,46242.64480644644,17802.609027694907,9551.576700135318,11092.99561886517,9974.811880322553,9787.171719773969,4015714.959079247,4013781.8324674624,301851.1117242841,[-0.20078656  0.49615798  0.8446964 ],[ 0.15491915 -0.83532459  0.52747785],[-0.96730803 -0.23677011 -0.09085758]
17,132500.4064997424,181676.33608940046,48156.86519621433,1981.1532573949803,3158.9341689428697,2322.1047103580054,2875.9462756808043,948293.6364533545,948254.722633388,13679.495957263673,[ 0.38747822 -0.03834555 -0.92108102],[-0.71967367  0.61183346 -0.3282219 ],[0.57613404 0.7900566  0.20947586]
201,127780.28691566877,7380.030077383017,111220.94346804557,8217.88335561055,4621.347253878289,20039.614028583168,11785.440167499153,2423574.8202397544,2411177.2693053554,261020.14913752984,[ 0.05450949 -0.99850463  0.00415049],[-0.65923013 -0.0328655   0.75122267],[-0.7499629  -0.04368489 -0.66003581]
3,3376.8858104024366,25007.52930648949,36300.79329973483,209.32842774151572,372.60205733126094,214.48393921755286,146.44142497985536,76578.50912930217,76574.46043915833,787.8554042426862,[-0.88205893 -0.3456394   0.32016471],[ 0.46490673 -0.74870704  0.47254577],[-0.07637914 -0.56565995 -0.82109381]
172,32318.294268606307,12022.157412557888,119122.55864968577,10179.96686554347,9026.969456912044,7425.654995946214,8511.66933464218,1638128.7669985492,1630876.6164528064,172815.65732701326,[ 0.6401424  -0.76224641 -0.09590685],[ 0.72223324  0.63964526 -0.26312182],[0.26191002 0.09916832 0.95998374]
971,174359.61325358663,84828.66974734615,53721.230340800794,15680.00855595402,11770.898760588618,21244.79731890779,16802.280021209066,6325694.568307367,6298702.736351142,743806.982619961,[-0.46566632  0.87519077  0.13113348],[-0.17890154 -0.23821936  0.95459194],[-0.86668859 -0.42106133 -0.26750371]
5,49393.61920584766,49601.04840359524,194751.56852775387,2860.5212258583665,1079.6458811649104,1850.6126357933178,2386.6145563238942,462821.9142124403,462785.2572641544,5922.995371325282,[ 0.21891747 -0.95739608  0.18832918],[-0.94608169 -0.16104314  0.28105968],[-0.23875631 -0.23970367 -0.94103006]
1924,24622.601335034167,42022.59735412515,37228.052072003455,13619.19468820948,22822.350111058993,25622.630317747917,20153.41002398002,3078485.447453969,2866174.488449832,1418952.6463818022,[-0.91786879  0.33898353  0.20641474],[-0.06715637 -0.6452425   0.76102046],[-0.39116096 -0.68465486 -0.61501286]
90,177570.64397967493,71071.57382359855,152701.0003394269,7170.286651306984,5125.295627350205,7858.230391933857,9239.073247497387,2324289.1357232295,2323776.871083396,69689.86013389211,[ 0.13790839 -0.94950463  0.2818195 ],[-0.67437729  0.11837544  0.72883642],[-0.72539406 -0.29056533 -0.6239994 ]
179,111364.95135575488,54849.855985273214,141931.96916812073,6254.781570493271,6428.575175925095,6836.683310330127,7255.663172855437,2526399.8618600825,2525529.267631007,115551.45529278522,[-0.76951874 -0.07791983  0.63385283],[ 0.24278144 -0.95370272  0.17750574],[-0.59067595 -0.2904817  -0.7528096 ]
429,164460.05479776987,193369.23266963486,13616.967379204563,13403.082955523168,8004.6227916069165,9391.182786249417,10889.585034493964,5276168.571604717,5272861.737645581,302175.85174451664,[-0.39076883  0.27026243  0.87991928],[-0.6541351   0.59101502 -0.47202598],[-0.6476164  -0.76003912 -0.0541621 ]
3,21508.89176392035,13982.518912089863,2459.741520178095,1292.1585042888055,535.592737111802,454.50313294633446,1329.2984319536556,44710.822893513105,44698.30296141428,1069.6712269057423,[-0.44202901  0.76306211 -0.47153638],[-0.32786628  0.35186435  0.87675263],[-0.83493356 -0.54215098 -0.09464809]
14,118442.24147942632,107676.80273791416,24898.55012831126,3500.8605123305656,2736.3216228002298,2666.3633421664044,4268.865793070752,606409.4757980672,606380.9248738291,10949.833018618858,[ 0.58431192 -0.72653587  0.36155942],[-0.35211164  0.17443389  0.91955979],[0.73116139 0.66461903 0.15389793]
90,121651.8071993328,12627.163871252824,34205.37886982583,5989.692908910329,6196.644611647992,3579.3189962034403,5736.843361690227,1207557.0630080164,1206535.4983656113,70031.04197858927,[-0.26774476 -0.0269161   0.96311384],[ 1.02265267e-01 -9.94756965e-01  6.29221228e-04],[-0.95804726 -0.09866156 -0.26909355]
45,117787.35089461255,145168.49599077148,153652.8640852036,7573.725582979488,5041.944888625815,3970.7735893447584,4832.555241936999,1624248.8172068808,1624017.79626308,58115.22698701673,[ 0.42110825 -0.79803359  0.4310571 ],[-0.76511505 -0.05732004  0.64133718],[-0.4871004  -0.59988065 -0.63472545]
382,145040.2290795311,15247.964116655929,13281.80517459234,15110.83107411606,9050.629866072684,10534.976335617273,14822.929818813029,2884650.2130725267,2882377.6339663067,277374.1629826051,[ 0.03111348 -0.82151109  0.56934303],[-0.13271272  0.56117993  0.81698496],[-0.99066608 -0.10097831 -0.09156472]
14,41776.53626648341,54798.57374790924,177822.74343399072,1623.9107875066807,2636.34641509916,3195.372324901305,3417.334487085507,713733.0665113797,713694.6928269524,10671.220698290563,[-0.90147219 -0.30604124  0.30608274],[ 0.37332698 -0.90760624  0.19203615],[-0.21903162 -0.28738419 -0.93243524]
2,98819.63180492207,50344.24706731362,193765.50391729365,714.9515489588666,1010.6645007188272,1307.6573915357294,1679.2531149556744,315747.29109673074,315745.95259481587,919.3774610775621,[ 0.8956493  -0.06414781 -0.44011065],[ 0.04357959 -0.97212494  0.23037779],[0.44262077 0.22551755 0.86788749]
47,154102.1902619345,61365.07134990794,9526.524270314112,2792.051080029392,6610.297151721738,5789.881583016514,4031.3673739515057,1140437.5736101652,1139691.3321593506,57138.88133062786,[-0.29556013  0.63004074  0.71811759],[ 0.22957683 -0.68282961  0.69356918],[-0.92732879 -0.36985456 -0.05717445]
88,175992.51873961915,5101.896992364141,30895.128548658,7560.013765797262,4086.69907307493,7853.727842756928,7681.89173801774,1680058.0633660587,1678826.4524274583,81781.72373704796,[-0.01242667 -0.97305554  0.23023575],[-0.17495067  0.22881762  0.95761932],[-0.98449878 -0.02837988 -0.17308016]
86,176870.23388455517,128573.53479010705,178538.49814643644,9282.071595936766,5732.965393646506,5177.729743889341,8354.999823894745,2619861.1852328256,2619459.826432252,80994.78027658176,[ 0.2381184  -0.88453698  0.4011159 ],[-0.7418687   0.10090156  0.66291003],[-0.62684165 -0.45542641 -0.63218378]
4,71045.06622419198,59356.50213625105,30637.046304903026,1235.8664335495214,1913.4308097595606,2921.3744721190847,1386.889413181391,195170.42325758273,195051.9805507655,6841.780549540721,[-0.68453585  0.66319987  0.30261627],[-0.02402427 -0.43542176  0.89990595],[-0.72858322 -0.60874775 -0.3139947 ]
213,44615.22377856048,70646.56262082027,118156.90386828934,6758.344585796206,7982.086877568833,8006.482559737883,6565.501775642665,2118320.393612753,2116753.6767300162,165798.90376424624,[-0.94335222  0.04535353  0.32867864],[ 0.12328208 -0.87178053  0.47413103],[-0.30803916 -0.48779275 -0.81680482]
716,17302.238746913437,109764.07975468297,85656.97270696558,10558.675544470309,13955.591840888606,18582.96841027508,16205.228992502633,3805804.8880460677,3789504.941809178,526262.3554767837,[-0.98071552  0.19013483 -0.04523073],[-0.15192857 -0.59609488  0.78840891],[-0.12294218 -0.78007669 -0.61348641]
91,111832.62339302224,70308.61757264062,101307.63711031953,9096.631727261685,8744.327807376612,5925.499280510979,11602.032731115161,1592985.120493211,1592488.250782156,74337.42222330149,[-0.7163677   0.57954955  0.38850952],[-0.18754464 -0.69627525  0.69284038],[-0.67204489 -0.42346559 -0.60748051]
76,192920.33566367204,25790.62137047705,84794.59329131155,9427.28686025901,7481.684735037727,4797.8120048787405,9453.112979467018,1854036.953611084,1852880.220823564,77943.49014329181,[-0.31261337 -0.43558601  0.84411949],[ 0.27627946 -0.89193463 -0.35794173],[-0.90881381 -0.12131551 -0.39917416]
342,145519.51535383047,18278.183599814598,179447.47535311792,8566.27271533449,7486.778998085488,15839.193513283493,15685.316355703408,4298686.202974198,4298163.63795472,214079.57541835136,[-0.22119179 -0.93620571  0.2731173 ],[-0.74704476  0.34268081  0.56964375],[-0.62689578 -0.07803033 -0.77518575]
140,120328.29045495734,25595.95264736546,101249.57173511846,5353.204534151013,5243.01061305934,7174.69481503189,7067.906160388964,1888259.5482001689,1887986.116493021,89809.87993124804,[ 0.37693921 -0.8997065  -0.22010237],[-0.53671179 -0.40583236  0.73975709],[-0.75488892 -0.16071192 -0.63585721]
62,155078.58779435858,112777.05918906213,28809.787043069144,6203.899629585281,4389.852918731424,6005.015253566252,5154.049624818146,1528107.2966217457,1527910.6925281992,64554.12496216913,[-0.59771941  0.79388029  0.11173889],[-0.05284481 -0.17808781  0.98259461],[-0.79996183 -0.58141105 -0.14839899]
2,38073.92760833483,147455.0822493216,121766.97477739476,393.3357280222772,245.51135385307134,38.187123002062435,85.01135204915772,275753.6503410019,275752.89161902596,646.8694870640704,[ 0.39832751  0.52071281 -0.75511149],[-0.89621841  0.39619644 -0.19955184],[0.19526329 0.75623181 0.62448835]
96,166689.10806029898,12069.30965055318,168666.65226322014,6055.8109637037915,5779.652030672552,6530.042465584584,7045.433088318949,2328393.14004043,2327862.1279519275,78253.85505979885,[-0.52458827 -0.63785253  0.5638717 ],[ 0.48169981 -0.76848968 -0.42117563],[-0.70197752 -0.0506731  -0.71039411]
402,95934.92506755849,181827.5383602505,43138.87388336306,16187.32741386826,14620.65405344259,14963.92759198927,21171.61568804766,4240208.981305707,4237575.154779235,321305.03970087087,[-0.77630216  0.27475937  0.56732904],[ 0.43242306 -0.42273183  0.79643462],[-0.45865591 -0.86360008 -0.20935535]
354,195134.19786687216,137091.81341014095,42879.3202852084,7187.85802282866,12551.7087877364,15958.394770921755,11558.71162601104,4573788.625853167,4566937.408871674,344614.22675876145,[ 0.50736382 -0.81138671  0.29023019],[-0.30873304  0.14328765  0.94029387],[0.80452835 0.56667473 0.17780292]
2,47301.06638842301,178813.85150826065,162189.71970622987,1720.5425318588968,620.4006822871452,644.3337167514401,544.9259339469281,347911.05150780926,347901.0966621088,2631.8629469444186,[ 0.03187579 -0.6761086   0.73611215],[ 0.98082575 -0.12051078 -0.15316004],[0.19226227 0.72687985 0.65930335]
5,53827.446347306235,173479.82524366232,110786.35492360611,2680.101641991542,1409.0337638733395,1713.9085120795562,2286.348939461864,475805.44722912274,475771.16119603784,5885.442699338049,[-0.39510254 -0.40422123  0.82492375],[-0.88309196  0.41450472 -0.21985095],[-0.25306636 -0.81534719 -0.52073638]
268,187590.12328709083,182312.72331658873,113745.38177678804,12395.917574692117,5760.2379115505755,9944.035350329494,6750.446418485448,4677083.63348824,4671878.905535943,252501.81758010268,[ 0.31175175 -0.71285406  0.62821169],[-0.685515    0.28907363  0.66821076],[-0.65793619 -0.63896442 -0.39855294]
38,7741.778462717307,141340.36796507763,201321.89270112608,4807.662521483314,10129.746043256871,2518.3889403779467,5386.93009146593,1518483.5638689022,1517726.8438344006,62313.86066023203,[-0.98492038  0.1571201  -0.07242316],[-0.17010034 -0.80300976  0.57117528],[-0.03158661 -0.57488138 -0.81762686]
279,109841.0205457994,10915.502316868671,68966.79300748269,9093.33278887312,6715.665451648867,12409.142067003295,8152.966456794153,2189453.5459168297,2180570.713608902,247990.67978676056,[ 0.16167998 -0.98157675 -0.10181683],[-0.51205894 -0.17164359  0.84162588],[-0.8435966  -0.08393784 -0.53037649]
20,81963.50514459549,144917.14840028502,39567.78160045939,3228.790691713302,3185.09776329471,3054.8489450735556,2699.6158862658076,765638.7785006325,765456.9924899513,21287.36114911548,[ 0.36511272 -0.43171029  0.82481448],[-0.79837773  0.31050195  0.51592784],[-0.47883786 -0.84688533 -0.23129967]
13,109002.06273901122,155269.37896827422,51873.42626063141,2497.1039782799626,1363.2454194882932,3540.784243312776,2007.8865497918098,709290.4190752163,709175.57000221,14712.425619887685,[-0.77423444  0.37264857  0.51156044],[ 0.30550389 -0.48782955  0.8177345 ],[-0.55428189 -0.78940191 -0.26384885]
173,101679.98150023719,190974.00487189178,14909.662423044067,6885.877334919251,7437.130632957943,7474.149392918786,6733.869812880504,2856094.129824549,2855026.42775542,139853.60454279688,[ 0.56874991 -0.36050884  0.73929487],[-0.67593759  0.30727091  0.66984548],[-0.46864903 -0.88069175 -0.06892117]
102,177193.20502302228,162162.04080152,89654.1622815867,7188.022014525139,7013.762463852884,8507.906108345866,5978.745865264857,2592316.9737939816,2590493.408737652,117777.48977333677,[-0.65277628  0.33873406  0.67760045],[ 0.30986427 -0.69682276  0.6468556 ],[-0.69127944 -0.63221616 -0.34990779]
10,120418.38092063612,165119.50155605053,15755.399644875051,1796.8570651273735,1615.1121209111118,3020.7313302525154,1141.09061394671,648282.9446386122,648195.4659104894,11682.51605569397,[-0.65421345  0.52869593 -0.54081917],[-0.47631388  0.26743077  0.83761917],[-0.58747753 -0.8055814  -0.0768684 ]
41,53119.52929823803,170264.80371892854,22587.28410634575,4584.24769808162,6049.092387355529,3105.3260972580842,6844.573658040965,1152238.8600213616,1152141.9102167208,28825.692182657578,[-0.12500358 -0.09222554  0.98786059],[-0.94705447  0.30787856 -0.09109679],[-0.29573965 -0.94694522 -0.12582853]
481,12080.478378797552,46789.050294604254,152927.01609540117,9674.384129616392,14460.380129623489,14853.259746044223,14644.718880264909,3547181.153910874,3538189.865655318,382810.7097754543,[-0.97154475  0.23681632  0.00433916],[-0.22455518 -0.92676097  0.30114628],[-0.07533772 -0.29160271 -0.95356808]
10,22929.930684521485,81309.29025759295,119290.55150901302,3050.2602439843054,2847.636958998591,3385.763357791997,2710.145251292131,462492.3399368267,462394.32016018056,14636.262640691937,[-0.85264475 -0.34069107  0.39613953],[ 0.49834782 -0.75808505  0.42066198],[-0.15699168 -0.5560905  -0.81615989]
82,12799.916246999408,63478.691361268175,111121.29023888917,5321.490647773713,7398.05781839982,6262.801967575302,6729.838817639026,1168352.920020279,1166786.3588657782,79941.87752258168,[ 0.81266936  0.46107957 -0.35633432],[ 0.5743387  -0.73713852  0.35603631],[0.09850669 0.49399639 0.86386573]
14,110783.33835594833,140592.92841864668,190750.6972622045,3421.6443384470213,2144.486046244157,2309.320263334791,3445.286897894025,978892.3373331634,978847.8649062718,11691.864759353688,[-0.22882337  0.84234159 -0.48795545],[-0.87648609  0.03982853  0.47977685],[0.42357054 0.53747032 0.72918698]
488,166175.3130894177,184890.54263947837,193144.22047448874,12254.078242967658,11870.223306826714,8643.688845217988,10525.494923577542,6964583.061243386,6960835.71999568,351145.30706416734,[-0.41099067 -0.45538471  0.78975403],[-0.74321961  0.66904681 -0.00099099],[-0.52793114 -0.58736797 -0.61342284]
246,180930.21197183037,183794.35300149958,51540.39531654112,13638.114118619476,10971.777091319456,9890.512305362625,7184.265613829245,4134827.2041072445,4128972.855603638,294164.2708860475,[ 0.07559422 -0.33788988  0.93814495],[-0.72164995  0.63072627  0.28531688],[-0.68811835 -0.69858056 -0.19615896]
36,139337.69595866895,85973.03188986584,79785.10485802132,2341.113878165261,6843.761884898511,4872.987259454221,3506.800134238676,1093898.6375493812,1093146.21616294,47739.57103828984,[-0.64088193  0.49012745  0.59080067],[ 0.0645265  -0.73251295  0.67768807],[-0.76492266 -0.47244034 -0.43782811]
124,14421.42522377923,101028.05097980879,169876.3546590988,6016.878076896627,9356.211919752972,5817.439274613751,7978.2161501280925,2210605.329951407,2209120.457684846,108174.00721978661,[-0.78688565 -0.49882069  0.36330275],[ 0.61288894 -0.70037629  0.36584178],[-0.07195918 -0.51053989 -0.85683773]
55,90968.95817031931,89358.54878207135,16592.890640430178,3946.742976269902,9796.37836757445,3913.3155998771567,7675.16427986618,956977.2291398547,955717.7965969953,60592.71138031859,[-0.32376341  0.15577477  0.93322638],[-0.63007147  0.70032636 -0.33548909],[-0.70582377 -0.69661841 -0.12859082]
2,72326.55566972843,9839.833290355233,202086.92442398923,1624.2034475060282,444.0545991376839,1145.9415073156415,551.3746006998263,303879.01013607223,303866.35898684425,2772.8464359502077,[-0.18624283 -0.97584762  0.11417107],[ 0.92304901 -0.21359717 -0.31993244],[0.33659193 0.04580037 0.94053612]
76,132233.01088170885,145938.58993115657,176062.6552518891,8209.460831816481,4856.831667147473,3443.2228626590213,6284.938016803395,2304336.8328455207,2303834.4190059276,69489.22486553388,[-0.22464835 -0.6605094   0.71642198],[-0.83583243  0.50855553  0.20677384],[-0.50091642 -0.55235732 -0.66632134]
145,140041.6108360958,52137.50231514174,178540.86201026166,8588.578480216747,7737.959145536065,8086.172978226855,8549.996137794795,2807788.571224975,2806356.946333536,135561.12579598586,[-0.35065089 -0.78840911  0.5054256 ],[-0.71785735  0.57287571  0.39559354],[-0.6014356  -0.22410825 -0.76684465]
18,8117.9534050866305,194872.04898700095,175422.95084323816,4929.307304991434,2653.764185623657,3006.6298372181996,2329.7599644244933,1113230.6437454838,1113038.4439228785,25077.256814547218,[-0.47560358 -0.57748615  0.66355932],[-0.87911238  0.33864032 -0.33538659],[-0.03102683 -0.74285428 -0.66873377]
31,27167.1372300596,57372.58790202802,201395.05718787483,3477.6695441484444,5459.5278741623715,2428.6321398438354,2220.965998343093,1176221.7656591889,1175879.9600909748,36464.443109684405,[-0.91061893 -0.34848992  0.22209896],[ 0.39271916 -0.897061    0.20261594],[-0.1286267  -0.27172842 -0.9537394 ]
147,142353.8016133909,197814.3189375951,91400.00046950909,7413.0322405302495,4267.263098358828,9088.70969076211,5734.886121186112,3158417.6603355864,3157588.6981397336,134363.5039572891,[-0.66864933  0.64912623 -0.36268886],[-0.50370048 -0.03660511  0.86310248],[-0.54698619 -0.75979945 -0.35144117]
44,64357.79884879069,83286.98702244274,138728.25956238122,4532.209558833776,4526.2498169712235,3202.921496020588,3544.445552163807,1155880.7205472998,1155542.8322788472,41248.59843522796,[-0.64584105 -0.48411771  0.59035531],[-0.66801166  0.7327194  -0.12993347],[-0.36966169 -0.47828059 -0.79661654]
150,147785.0416999493,151588.0607559278,32436.969864626986,10601.11982231708,7327.269452236584,11192.888253361585,8088.665272282162,2629491.6950346525,2626918.4819933474,184210.32293078906,[-0.61981999  0.47040488  0.62812613],[ 0.37279711 -0.52783191  0.76316171],[-0.69054    -0.70718649 -0.15179519]
12,33992.088993987665,167487.7073244478,122451.88332726083,2123.524972421502,3319.9794222317337,1736.775414668393,3191.7992178007244,728430.7212583466,728411.1580310441,10020.589806952086,[ 0.03025708 -0.59386348  0.80399669],[ 0.98639056 -0.11231362 -0.12008042],[0.16161116 0.79668803 0.58238305]
44,91393.74731324031,109423.89503000249,33983.82490230553,3536.2693476073164,3648.209908643476,6057.634321531378,3097.0957124700585,973305.2719025478,972731.7081087017,48225.09780273392,[-0.77630125  0.55630458  0.29644828],[ 0.09224336 -0.36496695  0.92643957],[-0.6235764  -0.74654159 -0.2320089 ]
116,65602.6095370096,12455.993031364776,155645.97883249656,6594.432981018893,6828.156692174535,8195.74857762714,6547.800506956303,1828500.8048161054,1826054.8534345748,115790.06554912897,[-0.48373006 -0.83233841  0.27058824],[ 0.7854291 -0.5492401 -0.2853707],[0.38614291 0.07448549 0.91942676]
24,121045.01008936796,200987.66378387835,126964.52365042361,4559.201969695398,3286.11582000372,3231.2639868069236,2570.4650419347186,1307201.6705192775,1307079.171505234,29077.694709936808,[-0.20572311 -0.43109157  0.87854315],[-0.86705875  0.4965475   0.04061658],[-0.45374787 -0.75339275 -0.47593301]
74,26035.10654640143,155152.65669482466,56697.06364418416,11584.093139385552,4035.76087501922,3580.870125067391,3796.586058772263,1442310.174408716,1439343.0390228115,104793.58926935184,[-0.08385024 -0.32937095  0.94047005],[-0.98413402  0.17546801 -0.0262909 ],[-0.15636295 -0.92775307 -0.33885819]
3,174237.58561013316,189141.5007166872,118595.38361764296,1364.5739291953364,665.5056161659111,1613.3188222620588,1665.5465163693073,490517.31506054034,490514.47495825076,2532.0573678678948,[ 0.70658501 -0.23164861 -0.66863782],[ 0.34955227 -0.70730621  0.61443562],[0.61526485 0.66787487 0.41879867]
14,120480.72414346757,17437.698101868533,152746.32375237063,1229.8161367367622,2007.6617100661238,1688.7658135584363,1304.3106571285302,730891.1213186866,730870.1745506001,9659.842818775845,[ 0.70232096 -0.51101857 -0.4955858 ],[-0.35537297 -0.8549179   0.37792253],[0.61681061 0.08930511 0.78202895]
26,65057.8993730237,103608.73653257241,141475.47290210624,4591.526369277673,2300.3092672654648,3564.2169644464484,3487.1803255599693,954148.650942188,953953.8347875868,26460.646280631547,[ 0.33980256 -0.82647196  0.44886336],[-0.87375899 -0.10083895  0.47579064],[-0.34796471 -0.55387327 -0.75640264]
69,55749.45649717215,13250.006429472782,188976.4860371959,6065.78625235656,8173.742497671293,4754.602705407306,4458.11793392522,1642588.1416868274,1641151.1621426896,85717.29649746037,[-0.81926681 -0.50228161  0.2766136 ],[ 0.49908303 -0.86214261 -0.0873284 ],[-0.28234382 -0.0665079  -0.95700505]
25,4927.599740361186,177134.79951852784,190647.17969025363,2400.6690778232664,4706.9102353268645,3243.11141635318,4957.96623616061,1301740.9439379785,1301696.4676032683,18625.21577641004,[-0.88197129  0.35641782 -0.30837149],[-0.47092107 -0.64010046  0.60704592],[-0.01897325 -0.6806157  -0.73239489]
39,77945.39063409765,121358.4703451645,105604.53171215928,6718.546640418059,5148.701370440513,4451.242847861889,6109.129002406869,1117762.3613195294,1117207.4373500939,46171.82493183886,[-0.25541162 -0.5360955   0.8045909 ],[-0.86283243  0.50185818  0.060486  ],[-0.4362168  -0.6787783  -0.59074099]
281,161920.62073404892,77193.35155597999,120746.94878407591,20223.98559291833,8419.521553930777,7240.996444177056,15781.199942943686,3643794.349095029,3635886.135273045,282235.6000177734,[-0.21618992 -0.66480121  0.71505334],[-0.62358026  0.65755544  0.42281025],[-0.75127197 -0.35448583 -0.55671377]
129,10524.988165334109,152878.64890570246,125039.67012697524,5555.398947850156,6912.788467244328,5133.530575485175,4665.7290011967325,2248627.2998189298,2247726.6711118603,104044.2464452941,[-0.90951623 -0.22386385  0.35023591],[ 0.41227029 -0.59334677  0.69135578],[-0.05304178 -0.77319117 -0.63195094]
47,106903.57720812446,38458.213761510415,31359.028068109663,8609.97121289795,3268.1439920927482,4093.7364105032702,8373.97833946804,810745.0924006795,810276.3317480981,37779.895382502364,[-0.33776166  0.18682956  0.922503  ],[ 0.24946956 -0.92727968  0.27913677],[-0.90756928 -0.32441811 -0.26659123]
47,16178.362359835943,186019.038410777,144313.98624788533,3926.6064117667947,7226.111633383635,4443.395062356947,7438.160104747583,1619043.0221382258,1618762.6020262926,38829.16256125476,[-0.60182461 -0.45630284  0.65543486],[-0.79571901  0.41259293 -0.4433941 ],[-0.0681058  -0.78838746 -0.61139743]
2,14473.241263469687,19221.560100245253,57744.576945279885,286.92340227368913,809.9335977689225,224.69101023528856,107.8303143876692,88477.88486925913,88469.10063907245,1246.7329511756118,[-0.92637199  0.35939719  0.11255482],[-0.29715948 -0.88114068  0.36781427],[-0.23136805 -0.30728611 -0.92306233]
101,173228.85125013362,7180.648220317017,108233.9878903843,4875.9569527778995,4357.601875140965,11957.876544679384,8589.075782726373,2058374.8448291114,2056172.3450931697,105820.70693138558,[ 0.20270182 -0.94360943 -0.2617503 ],[-0.49181184 -0.32924183  0.80605269],[-0.84677806 -0.03465645 -0.53081621]
137,80350.3197187863,129302.31062989651,136045.7928262116,7831.3668006041335,7447.452280792046,11836.913182793895,8734.805088949193,2396258.7814038782,2392628.6453604084,158125.5372139528,[ 0.85783845  0.0078843  -0.51385895],[ 0.33004431 -0.77489019  0.53908807],[0.39393393 0.6320467  0.66733277]
226,163783.6217765151,153532.99436480794,147867.81821606134,7938.066382107434,7215.627765090095,6894.731584868128,7551.633150920239,4044475.733620529,4044043.1675351537,154964.04268316252,[-0.52507038 -0.22917191  0.81962268],[-0.59411389  0.78826701 -0.16019926],[-0.60936835 -0.5710651  -0.55004988]
49,42417.31711012649,49830.85980197421,100150.16316378367,4270.3870493573495,3621.2255589710417,4651.57724981042,3409.0453589248464,838738.750361083,838043.841069343,44806.02505253166,[ 0.63810937 -0.76219795  0.10895278],[-0.68354807 -0.49567562  0.53578701],[-0.35437052 -0.41636517 -0.8372942 ]
3,98800.59275645239,176178.52212853706,96326.25451817508,1665.9312249514496,761.511802570412,1402.9593333247626,1810.5659082420907,387625.11738051235,387617.8983051182,2476.087352103335,[ 0.58634423  0.10998851 -0.80256026],[-0.67915678  0.60675362 -0.41303283],[0.44152748 0.78724365 0.43046592]
36,70639.12833974986,141953.71031348605,199866.66473294634,3599.528217764473,4302.58797027398,2714.924034292312,3317.5377371317727,1531086.774295784,1530968.1530483211,31637.51771209639,[-0.4301106  -0.65726609  0.61887492],[-0.85929887  0.50823873 -0.05743564],[-0.27678571 -0.55650219 -0.78338687]
14,24457.3718909844,193318.64185488832,88679.49735550098,2991.917810888624,2544.6649351945366,3409.612971091976,2914.592439575623,801250.8001836083,801158.0577688634,16160.686112925669,[-0.7509247   0.35151635 -0.55906023],[-0.65042537 -0.24718602  0.71822413],[-0.11427565 -0.9029592  -0.41425325]
2,88724.65815812533,11066.151815461806,110724.9943543153,797.8886614682197,775.371654532195,133.53712102634745,541.0125676432217,201274.95977256403,201270.1755276857,1387.758805358826,[ 0.62532219  0.54775669 -0.555819  ],[ 0.46936146 -0.83301859 -0.29288198],[0.62343563 0.07773442 0.77800089]
22,65253.5286944082,196191.84406789514,92438.80812927311,3643.2920699120164,3362.2518532730724,4087.77699142009,3326.8718990896823,1062682.584778548,1062451.7946959413,25752.891415529295,[-0.74896554  0.46943    -0.46763886],[-0.59667665 -0.17090474  0.78407177],[-0.28814511 -0.86627192 -0.40809968]
157,129479.44510850866,171468.83928221453,157317.09160933958,8065.391160434233,8972.255815616927,7568.151779445871,5856.862275917697,3339992.5855807895,3339023.7386094765,162534.63914558504,[-0.87117562  0.30532067  0.3844897 ],[ 0.0673003  -0.701466    0.70951823],[-0.48633704 -0.64399126 -0.5905519 ]
10,135938.43784185295,54875.9942546365,142923.31453502347,2876.3661845276747,1670.2893813150731,4054.813000569313,4209.503852541513,647622.2076523046,647604.3826357847,9913.940522179255,[-0.14628186 -0.86904886  0.47260522],[ 0.73336469 -0.41589712 -0.53777859],[0.66391102 0.26792472 0.69816796]
158,181985.26282529204,143939.32721532104,17746.15595225048,8529.485629345641,14512.42753439198,7070.560491555023,14186.61567707385,2932979.4402331365,2931493.5766606196,146213.4699472846,[-0.42298207  0.4371428   0.79372057],[-0.45922988  0.6516989  -0.6036526 ],[-0.78114921 -0.61983443 -0.07490792]
7,145633.71835068607,97695.10123609076,198293.2638402721,1833.9007994510619,1729.3487957984235,2904.5466938998115,1396.7993022464839,700426.7200335057,700394.2449508342,9466.34480027277,[-0.40791485  0.90150137 -0.14457091],[-0.72868182 -0.22604402  0.64647267],[0.55011661 0.36905199 0.74911437]
12,120109.13137001045,130883.88591231819,110582.81888352883,1922.7821016738235,2570.2615878263296,5647.661309207334,4654.007365672959,725189.2353273904,725062.6839234896,15683.748700544696,[-0.76140137  0.64518446  0.06328485],[-0.30156729 -0.43891142  0.84641239],[-0.57386857 -0.62537491 -0.52875428]
750,19487.90154315407,145199.6437835327,28174.642369050314,12467.400409123638,11013.15422473514,10704.425419162188,11270.395367917026,4115141.440065706,4103472.521350216,445957.1050948555,[-0.52685959 -0.09482881  0.84464577],[ 0.83997209 -0.20993253  0.50037509],[0.12986865 0.97310628 0.19025852]
7,191476.77882320565,64529.27317240973,76908.26149521804,2289.4525092777285,3333.1654678556934,3318.7554516610944,3862.2596525029953,572173.2233851295,572106.5041371988,9315.311775321079,[-0.07366887 -0.66608972  0.74222462],[-0.45868477  0.68348668  0.56785055],[-0.88554005 -0.29861421 -0.3558769 ]
3,105836.28659555876,49928.81077445347,20825.77659214076,882.3313694139318,1286.5826024032247,509.76457750192213,372.1896273276271,205891.36478127257,205875.58735539668,2768.1181110982575,[-0.10556261 -0.18388387  0.97726315],[-0.44271007  0.88868027  0.119395  ],[-0.8904293  -0.42004059 -0.17521864]
59,29566.290923148714,187615.45461119668,196057.0122979866,7162.10298309299,4152.465818712416,5671.63860886883,5003.481170328354,2097840.587364664,2097357.3446078827,66823.55582686901,[ 0.17870693 -0.724225    0.66600449],[-0.97793791 -0.05632409  0.20115926],[-0.10817247 -0.68725959 -0.71831259]
148,67840.11412007998,191005.49062949626,194946.92526785092,6478.419986316893,7038.310768697837,6135.319897855134,7361.218217130543,3423732.43729024,3422838.504102909,104914.60479411563,[-0.15671418 -0.6776549   0.71848765],[-0.95782872  0.2816794   0.05675267],[-0.24084189 -0.67929415 -0.69322048]
37,190287.67764866122,159691.4005079196,125798.73161707315,3074.002832025392,4755.7828858737785,3251.5997218566386,3001.8628717958222,1694151.905902586,1693938.3383787011,35303.70078062778,[-0.70587394  0.36114664  0.6093563 ],[ 0.18636154 -0.7352689   0.651651  ],[-0.6833823  -0.57354403 -0.45170331]
35,41634.9919589361,172132.8042144913,4737.106356901848,3558.8331812577303,5787.971311646012,4207.413722539188,5872.833093961455,1048972.267051156,1048851.9285200753,32103.626209953505,[-0.87298972  0.22321431 -0.43366384],[-0.42742386  0.07817287  0.90066522],[-0.23494211 -0.97162975 -0.02716301]
8,166043.58242584756,2853.2891479719874,187808.99490713197,3030.356167895926,1852.102346580382,1678.1562988393653,2657.6961395099856,709163.9717379519,709140.1260202399,8180.0445195750135,[ 0.43321169  0.80998671 -0.39528365],[-0.61123585  0.58633904  0.53159879],[0.66235819 0.01131673 0.74910184]
154,177764.18348366744,115685.85252362734,122991.62254653426,5406.094203807195,9529.97589171166,10139.909513877534,10605.834613600317,3047145.221200365,3046361.014587341,131121.97094967176,[ 0.00410727 -0.73141071  0.68192485],[-0.68944141  0.49187565  0.53172257],[-0.72432981 -0.47233116 -0.50224456]
19,54483.05291584132,192165.5122699892,56307.29995334379,2888.800523556564,2745.9344986697456,2492.279418702177,2476.8377276487613,904754.3425988224,904700.2391969218,17427.094543782558,[ 0.5258947  -0.37302324  0.76438762],[-0.80902419  0.05799681  0.58490703],[-0.26251596 -0.92600758 -0.27128461]
6,25126.65782621661,140055.55803413887,169091.9335809799,1357.68862810546,1700.0201376210043,1557.3594229994787,1698.4504179249338,541361.4496033539,541346.3511859628,5069.247193727241,[ 0.70983078 -0.59064321  0.38377189],[-0.69513944 -0.499491    0.51700088],[0.11367245 0.63375811 0.76513347]
144,39785.671553709006,163334.0400646575,173499.64041883597,10380.85563722211,6535.751867898642,6571.834960714434,7279.081450209155,2902999.8116661096,2901185.259159367,141583.91416810433,[ 0.29802586 -0.72825367  0.61711196],[-0.94015758 -0.11206998  0.32178261],[-0.16517964 -0.67608203 -0.71807296]
15,175988.65042663604,57833.52283384674,197465.40619701412,1902.8481952321836,5144.070505601344,3443.1967212968716,4095.184840789892,1048930.4863287746,1048764.6419166022,19363.37293694892,[-0.63754054 -0.36902952  0.67628342],[ 0.41372406 -0.90449581 -0.10353617],[-0.64990342 -0.21378622 -0.72932914]
686,91664.43538033126,41144.56128528705,72693.3968721106,12240.022580844621,14230.316643932141,12906.406563590244,9419.465200470959,3294203.6010582824,3266350.7818443086,540254.2422367281,[ 0.59066499 -0.73756299 -0.32728536],[-0.32012937 -0.58650863  0.74399248],[0.74069701 0.33467665 0.58254569]
3,106639.10212667791,119689.19315466867,1872.0008423883253,820.0585021244319,392.5568317527667,542.583572555735,407.27652673633406,277679.2973478602,277675.17770385876,1691.791750738494,[ 0.38288086 -0.32762095 -0.86375156],[-0.64103237  0.57903437 -0.50378238],[0.66519151 0.74658135 0.01168554]
54,31779.89565415757,121445.79461036535,161140.09937373988,3426.474175153016,6854.900537096967,7180.670711140042,7443.544598811277,1502798.2691435672,1502293.3218442018,54245.333730125356,[-0.93993794 -0.15690682  0.30314506],[ 0.30402845 -0.7885864   0.53450743],[-0.15518821 -0.59456853 -0.78892641]
2,54480.408558697454,96805.75792599803,168929.09401762037,375.1511709349834,51.13270275092509,64.60166976058099,130.58456423532334,285925.3609468514,285924.9046249759,510.83048618796187,[ 0.2039121   0.8195915  -0.53543406],[-0.94117348  0.31465849  0.12321735],[0.26946677 0.47881083 0.83554046]
26,86098.96293272403,14845.24931431842,131011.32435272647,3635.235973953624,4259.346804415486,3767.8379192778375,2559.2625825827404,803554.5538964916,803191.0857532882,31885.770485364497,[-0.5023036  -0.75807541  0.41594802],[-0.67002515  0.64530214  0.36694884],[-0.54658704 -0.09437591 -0.83206718]
3,112750.8332437453,60053.642599605104,202484.96020755568,1190.8864284322917,593.548866750891,1187.425431581288,535.091865753526,414688.2605597338,414680.7855106807,2944.9283435535253,[ 0.04756203 -0.96454943  0.25958091],[ 0.88088574 -0.08201938 -0.46616857],[0.47093329 0.25083305 0.84575683]
23,120951.79141992195,42395.25961928299,197092.26577340905,3599.7386193239995,2337.645881978241,2176.4531728932993,2484.7014456330767,1127688.4818676366,1127611.753122365,19756.04790754702,[ 0.14639376 -0.9817519   0.12137577],[-0.8448937  -0.06027242  0.53152786],[-0.51451288 -0.18036199 -0.8382995 ]
46,61225.01779862183,76793.34205984918,99120.64573589773,3466.9713770384096,4516.035354979478,6052.618440286267,5382.633124842836,947744.3486713648,947422.1112508309,42681.94274042649,[-0.02256333 -0.78371262  0.62071364],[-0.89874345  0.28784592  0.33076417],[-0.43789395 -0.55039918 -0.71085134]
17,70639.85042781821,122733.87170301804,158355.5441898377,2492.2018239282843,3778.3221232404157,4404.758227907237,4566.921566538499,876268.8206419981,876133.7325193463,17923.046207980748,[-0.93120092  0.07607601  0.35647902],[ 0.14921623 -0.81271759  0.56322698],[-0.33256483 -0.57766994 -0.74545159]
5,62159.18310873015,61647.24676317646,15749.384791591607,1096.4899485665308,1355.0797840757552,1137.1968905976928,1364.6630531374444,198945.84641818347,198930.64849466216,3516.6404128195695,[ 0.26846483 -0.4836169   0.83309143],[-0.66307383  0.53456585  0.52399661],[-0.69875584 -0.69307579 -0.17716158]
2,157990.47023011948,42059.94569617691,138794.96886278302,1312.0350054043374,125.35353322803712,1695.2772694150917,2039.1019749484112,303310.67311093543,303309.1792739352,951.9407442900362,[ 0.61442166 -0.59386342 -0.51943456],[-0.28248594 -0.78030317  0.55796832],[0.73667341 0.19609486 0.64719324]
7,4773.716142884798,19111.12837840131,126925.36892882109,2551.5637451051684,2368.3877824804504,1143.5140380550947,1331.5768692038782,339919.0948667527,339903.6563273377,9028.656405040032,[-0.11760368 -0.98131287  0.15229717],[-0.99236596  0.1218664   0.01893124],[-0.03713738 -0.14890814 -0.98815342]
3,59891.49989719816,26380.07416357019,105655.0256527039,698.7035900972786,1400.5048167977136,837.3419724019483,931.1201227595958,215283.76698788995,215267.94228744303,2612.328063065194,[-0.7126697  -0.46950877  0.5212134 ],[ 0.50979619 -0.85702426 -0.0749484 ],[-0.48188146 -0.21229915 -0.850129  ]
30,15552.419675410732,159649.2297792744,87118.47484243411,2826.747732424485,4450.038075418949,2966.165412514467,4041.1486122949514,1000253.4407202158,1000122.1150222875,24642.995916807897,[-0.88508017  0.28639792 -0.36689144],[-0.45756268 -0.39100069  0.79859555],[-0.0852613  -0.87469692 -0.47711195]
3,195885.96392032655,18050.061831080904,199762.48350876014,415.4793383489469,842.2567934965992,1471.1391228974162,710.772781983773,485608.4795828423,485600.72594252555,2758.5512321875,[-0.43427378  0.82963103  0.35088266],[-0.56854771 -0.55458846  0.60760608],[0.69868433 0.06437385 0.71252805]
142,136002.62199209546,115466.49637968726,169023.41223316113,6137.119330325043,9781.274257723913,8834.717837912665,7175.506273678623,2933090.179163559,2930449.5680553275,150178.12272187517,[-0.76467403 -0.04137113  0.6430879 ],[ 0.33038323 -0.88197398  0.33610836],[-0.55328161 -0.46947879 -0.68809092]
14,7938.57503470016,28385.585187712353,114103.34815386891,2265.235224200255,3781.6705479801876,2673.17524957228,2935.5094392977617,441302.7417472121,441156.0406343604,15838.202538370946,[-0.9091492  -0.38501198  0.15878765],[ 0.41105552 -0.89083052  0.19353124],[-0.06694104 -0.24121931 -0.96815915]
11,124480.96504190663,176424.18390282398,24564.206354792266,2532.7351286103394,2735.448620923489,2616.6798038656775,2221.702352952198,720871.9669625841,720807.4127876437,13173.338649511721,[ 0.40780417 -0.40190972  0.81985629],[-0.71106399  0.42348597  0.56129104],[-0.57278596 -0.81186711 -0.11308419]
