N,MEAN_X,MEAN_Y,MEAN_Z,SIGMA_X,SIGMA_Y,SIGMA_Z,SIGMA_R,LAMBDA_1,LAMBDA_2,LAMBDA_3,EIGEN_1,EIGEN_2,EIGEN_3
852,17456.81167571536,145880.0133080344,27198.91820665453,12115.917246061677,11530.095096164785,10274.302527445901,11788.882831448818,4392361.34687798,4381406.327647129,457867.68177353585,[-0.50869126 -0.09994158  0.85512858],[ 0.85306123 -0.1926502   0.48494582],[0.11627444 0.97616473 0.18325576]
9,57273.786717869516,50953.37882543131,190669.4653953149,2243.6487781592436,1910.4287797646148,3013.5836330380703,2890.0420243190592,616620.0243814705,616586.8049111301,9222.110921454614,[ 0.82388096  0.43473483 -0.36362865],[ 0.49347932 -0.86578854  0.08299617],[0.27874419 0.24782218 0.92783934]
48,137499.0929234538,142665.39623846766,3855.883776041103,11311.76510557636,5267.937539310421,2050.2510205193585,6778.983686009916,1375748.7956128023,1373905.5077766755,73359.18339966492,[ 0.05900685 -0.08379797  0.99473418],[-0.7168601   0.6899149   0.10064309],[-0.69471562 -0.71902387 -0.01936172]
610,143901.58294110117,14762.001328659271,176841.49637228082,17763.294770968074,8414.547260060475,13304.80478126808,15434.171638803165,5669127.62809449,5659941.098899671,442177.32147638605,[ 0.03844128 -0.9979537   0.05109487],[-0.77488464  0.00251454  0.63209768],[-0.6309327  -0.06389127 -0.77320233]
2,13782.222852777519,134226.63667867263,54206.56158673158,136.09192459259975,244.9641525817715,180.91035321021263,280.65865344645863,205646.3091664522,205646.1511889291,254.90187164733646,[-0.4198554   0.37659289 -0.8257719 ],[-0.90262877 -0.07824765  0.4232477 ],[0.09477736 0.92306831 0.37277627]
529,12188.26529236891,48551.185463922506,151954.70936871239,8769.649754536395,14913.564092772654,15154.164553917315,14707.48009179635,3712256.5567693124,3700770.57575032,404563.8702370006,[-0.993983    0.09813549  0.04865415],[-0.07849191 -0.94797595  0.30851357],[-0.0763991  -0.30283828 -0.94997482]
6,4151.074681687716,77892.67756371759,68137.28908232096,1954.1547828194975,1601.6851992500576,4547.971546492954,4091.002786260514,254000.29868299668,253915.82678590436,7855.4914611401,[-0.79486186  0.42308914 -0.43496001],[-0.60549567 -0.50623826  0.61408291],[-0.03961841 -0.75147748 -0.65856813]
141,66894.9155854392,83028.39317936132,29980.819894047283,6536.129781599811,3896.584782449307,13998.85823366071,7001.91796204862,1327109.0840253406,1319391.5154273142,170331.01173677086,[-0.77193945  0.63491637 -0.03147518],[-0.19829105 -0.19345123  0.96086278],[-0.60397859 -0.74796914 -0.27523087]
310,187532.64467181746,174920.69286384442,102285.12102702673,10519.395294472348,10450.596550663511,13027.985746511105,16134.889934856668,4872311.056210883,4870738.055393253,198496.1739940923,[-0.68428935  0.72917265  0.00743899],[-0.26616695 -0.25925497  0.92840832],[-0.67889855 -0.63331991 -0.37148707]
2918,117357.61692082733,111521.54899990064,133546.1607797608,27697.283529204837,34120.007989074446,27530.299046811906,22872.38666438989,11619881.660977876,11469122.484834515,2485016.5111653907,[-0.8075859   0.51613692  0.28532034],[-0.17256098 -0.66943001  0.7225553 ],[-0.56393946 -0.53429032 -0.62968733]
1224,108593.55376453791,118066.22808749284,52135.35653799761,19927.65464072303,17236.804457908675,13005.319688043408,15898.061474000993,5977622.253252382,5939979.5283589205,862834.0384368016,[ 0.08193447 -0.46403677  0.88201849],[-0.76058511  0.54278767  0.3562188 ],[-0.64404738 -0.70003673 -0.30846644]
525,92895.69377179939,40616.33705713394,70883.03320125041,10665.171915926732,12496.059867810085,11495.485661469567,8316.686862174636,2865047.5687847533,2847475.579786928,417632.8967097372,[-0.59445503  0.71306213  0.37170636],[-0.28441666 -0.61881263  0.73224182],[-0.7521505  -0.32956535 -0.57066303]
2,58375.7945190302,167444.03458808456,161007.13738674868,785.546699704948,124.47475196774758,598.3724465013656,123.75939226754417,338731.5368296997,338728.6575158561,1396.6461671174252,[-0.50830381  0.68236958 -0.52535607],[-0.82597056 -0.21364979  0.52165737],[0.24372091 0.69908907 0.67221618]
2471,21906.33505812184,61610.40270580626,48387.16497764907,12555.968284661589,34159.41805441257,32950.97881486778,37183.67483025063,4653114.831269461,4545053.558256331,1517921.6200956416,[-0.95297745  0.29990973 -0.04345255],[-0.21601886 -0.57173496  0.79148909],[-0.21253194 -0.76365783 -0.60963669]
177,69681.97496948777,125754.46743717884,14938.85597925197,7236.857618609101,6232.781101614873,10825.859084183672,8665.547709728302,1931742.6743271255,1927333.9359469076,153729.4936782093,[-0.86724177  0.45847253  0.1941511 ],[ 0.12071359 -0.18469632  0.97535404],[-0.48303203 -0.86930444 -0.1048325 ]
96,86637.68430902033,189866.3625156803,107436.35453984169,4392.925642972016,6272.719820532024,5826.950670463799,6873.849959132857,2301575.859266269,2301077.431584835,66073.8851498525,[-0.92580345  0.27705152  0.25715839],[ 0.08120618 -0.51864837  0.85112245],[-0.36917954 -0.80885495 -0.45766815]
1213,60197.84176513835,172603.39699073706,141748.77329288548,19010.58343072029,16338.575689024212,19889.77055258773,19264.952295008836,8118696.88007883,8098700.647098886,890711.6018833359,[ 0.46307538 -0.6535163   0.59873002],[ 0.84764862  0.12918523 -0.51459012],[0.25894596 0.74580669 0.61377469]
105,172662.84200484253,8641.3485458278,107729.4839297916,6086.4087947690705,5483.068482436234,10779.015622684012,7987.602903220423,2091581.4889311658,2089205.3993831757,111721.92602090411,[ 0.27461061 -0.88789423 -0.36909734],[-0.45482653 -0.4581406   0.76370153],[-0.84718466 -0.04184528 -0.52964812]
447,166205.1525491142,177712.5195401233,192511.0043200448,12864.144156862427,16908.084688963725,8168.063073773943,16442.6863348778,6574292.56969958,6572238.795086409,331160.0049139027,[-0.35247601 -0.51493305  0.78141193],[-0.76743303  0.63689848  0.07353144],[-0.53554384 -0.57376326 -0.61966807]
118,40079.05315771304,15400.892525802608,65988.29937337789,9345.933511767478,3577.669390280936,6457.094844519153,5843.5774497759785,864178.1178856032,858336.1439625926,112478.12139140005,[ 0.15299147 -0.97886289  0.13572417],[-0.84613585 -0.05879945  0.52971383],[-0.51053671 -0.19588278 -0.8372468 ]
895,173261.1886096932,83864.87618973796,52551.31892632637,15292.5607766271,11551.394509577,20004.534156181104,17180.312758382912,6019054.07349885,5998133.523514128,659500.8438855776,[ 0.46641524 -0.87238836 -0.14627158],[-0.16960185 -0.25048858  0.95314778],[0.86815439 0.41975472 0.26479037]
11,169575.0659938081,14559.713263787957,40085.58950504216,1432.2696841386244,4192.645837592601,2403.425315790471,1423.9693938041387,580139.4040410769,579982.8781009348,16031.474375822665,[-0.24388826  0.34276243  0.90721135],[-0.00309884 -0.93572975  0.35270417],[-0.96979839 -0.08320911 -0.22927566]
62,144840.6379192042,136513.47570167432,200333.8219830651,9591.31273299477,8523.366147247549,3628.9790851569837,5041.892209770183,2225945.975385448,2224095.868252739,97003.45171852509,[-0.53339588 -0.46796827  0.70462368],[-0.6724577   0.73992548 -0.01763285],[-0.5131174  -0.48323491 -0.70936208]
7,39418.00513711028,114157.53167838845,138369.35555130272,1434.6945318888456,2792.1326017611927,2313.0239979311027,2698.5077898039367,486010.7501904992,485999.89280741446,7464.1195609124115,[ 0.97265754 -0.06570593 -0.22275557],[ 0.08896638 -0.78056426  0.6187119 ],[0.21452808 0.62161255 0.75337609]
330,191583.59568080635,50408.64999426572,17429.24611669006,9193.370264495321,8848.019086331931,8628.10221648598,9665.050915753618,3621001.69389178,3619422.169026647,217049.7541977343,[-0.25975596  0.79922925  0.54199579],[ 0.0681209  -0.5446978   0.83586114],[-0.96326859 -0.25404115 -0.08704428]
190,129502.91191981976,171281.30802453108,155020.67790336008,7098.783521442901,8876.110358704796,9319.071004856583,6586.180984921728,3654529.3810986704,3653327.602698403,181073.74638878362,[-0.81896674  0.57144419  0.05239284],[-0.30059853 -0.50498518  0.80909239],[-0.48880875 -0.64687055 -0.58534135]
25,11498.57242668751,201516.5523708715,72744.60730651721,4776.109130222523,1726.9013441740192,5221.909725255361,2871.896139383691,1073162.0018176227,1073080.8961645814,33460.31242876416,[-0.66470271 -0.21998984  0.71398514],[-0.74518231  0.26379142 -0.6124683 ],[-0.05360635 -0.93915843 -0.33927541]
50,180384.1856023971,126794.5609220287,139879.69090465966,3405.3257797801994,4535.826663035636,8215.571215646178,4985.812247207968,1847486.1886050382,1846942.244906975,61073.618635388484,[-0.6440474   0.75002144  0.15056821],[-0.32889524 -0.44918812  0.83069727],[-0.69067422 -0.48548725 -0.53597692]
104,87665.35897152337,87965.96747672549,99591.81434237308,6930.105800563459,7404.459548455195,10243.259111768828,6860.630377782605,1628844.0209568855,1626149.977618751,129638.85841148821,[ 0.65950266 -0.74740604  0.08025248],[-0.51223626 -0.36870365  0.77567495],[0.55015476 0.55266792 0.62600951]
387,144706.83613499822,15328.766356888564,13154.0079511028,14650.589173850427,8742.626541239984,9826.5777915656,14564.885402013699,2895966.908583746,2892848.5330618946,261221.4399296167,[ 0.01929622 -0.76041583  0.64914977],[-0.13599459  0.64124019  0.75519301],[-0.99052164 -0.10285323 -0.09103892]
230,82565.062395693,34647.23900241198,189308.4219794434,7585.7564054320865,17662.035726826885,9507.270213816057,9929.865930406037,3190715.1374117103,3181471.480079265,287169.5432434273,[-0.85103075 -0.3056101   0.42702357],[ 0.34791193 -0.93725487  0.0225964 ],[-0.39332423 -0.16779682 -0.90395812]
450,163262.08384160776,193418.1439320945,13551.798685443353,13179.60546994556,7567.786706395573,8876.600335752772,10602.094046025522,5387214.334568343,5384372.720805791,298507.46466025565,[-0.33774926  0.22098708  0.91492631],[-0.68568908  0.60813016 -0.40001023],[-0.64479138 -0.76245814 -0.05386708]
101,9967.800018492213,151443.40176380327,126149.26412412281,5504.276597485766,5234.553143993854,4933.023359683985,3975.1287820378125,1984786.3485562715,1984442.9688007154,81826.29556024312,[-0.84751394 -0.30560296  0.43396653],[ 0.52836072 -0.56361932  0.63495528],[-0.05054771 -0.76742432 -0.63914383]
155,17561.776101966658,145995.5183889443,61561.53024948119,12388.161045791678,8771.029485740824,6950.708451474563,7825.828879959023,1992977.4607630891,1989564.9490045754,184608.53634823923,[ 0.37125846 -0.39781888  0.83899183],[-0.92169429 -0.04845593  0.38487875],[-0.1124579  -0.91618348 -0.38465707]
3,138344.1762061064,79801.12780933623,23698.421171346967,735.0489235497679,2838.753971722399,3110.913226751374,1236.670462874326,279752.0247614614,279663.8604682943,7089.918015598572,[ 0.27481154 -0.67867268  0.68108885],[-0.43640536  0.5431532   0.71731092],[-0.85675491 -0.49435614 -0.14691163]
14,86330.48834160973,11574.72203668734,133088.7959901915,3074.6575697789403,3470.6612783164974,2484.2431705024132,2856.091566401551,595386.8758673667,595318.1392324704,16525.58949236209,[-0.81093418 -0.21377408  0.54468927],[ 0.21844981 -0.97417584 -0.05710618],[-0.54283095 -0.07267791 -0.83669139]
30,80347.46896410882,145217.00823308603,40052.1541981006,5270.357174405928,2461.3397185200715,3699.8684816648292,4106.28772631476,935672.4138828076,935591.2029801749,30164.319816226354,[-0.13007187 -0.19615456  0.97190776],[-0.87249481  0.48828358 -0.01821982],[-0.4709927  -0.85035436 -0.2346558 ]
128,197597.39178210095,179069.1295769353,158758.87482984207,3839.287420144908,8058.157390138497,10111.61243317928,7684.447510980521,3513555.087514229,3513172.516243033,125401.66080604162,[-0.6658839   0.74593956 -0.01314594],[-0.38942944 -0.33249762  0.85894706],[-0.63635159 -0.57707843 -0.51189563]
69,117071.03412494244,200592.96001931603,64087.199882894914,8582.518105311365,3198.1558592042043,6822.7502944475,5262.136553949937,2002896.6944484331,2002561.1310083494,84261.19170293472,[-0.52131276  0.03203558  0.85276417],[-0.7012067   0.55344433 -0.44945359],[-0.48635601 -0.83226984 -0.26605403]
98,180465.73716398398,5595.827068332238,30068.56992180083,7752.516503111881,4071.6311472037746,8837.716092224413,8173.831632602307,1815727.8727298612,1814247.0756281065,92883.36991426336,[ 0.04059984 -0.99745261 -0.05865106],[-0.16270203 -0.06451573  0.98456375],[-0.98583959 -0.03043048 -0.16490689]
197,13205.949322276474,107975.87574452926,162831.64665735996,5812.456121127165,12424.122288951203,11422.559987074725,7462.832565300675,2758671.9883230655,2751852.550985163,226761.6124026167,[-0.99397535 -0.03577537  0.10360078],[ 0.08683573 -0.83379601  0.54520068],[-0.06687716 -0.55091228 -0.83187926]
277,151016.90465328065,198885.00871634192,95561.57449795197,14738.443798322925,4123.547436752456,12420.33256238962,10659.747451694628,4458562.340677755,4457245.692279824,277004.1938591455,[ 0.31845234 -0.59716777  0.73619207],[-0.76059936  0.30254159  0.57441902],[-0.56575324 -0.7428723  -0.35786034]
125,189681.17932548732,31511.06787527536,123602.17519413747,6254.629414639275,7343.329102917909,4812.808242817059,5533.236097123546,2557918.051062183,2556931.044498227,102759.92312945255,[-0.52068604 -0.15723591  0.83914416],[ 0.20029384 -0.97795986 -0.05896508],[-0.82992073 -0.13737311 -0.54070343]
8,108638.79010567258,155132.7739774852,50961.49575789299,3040.1120545544295,2288.457015369451,2092.381973877661,3476.2811149167987,554850.9039803323,554831.7065200452,7360.916912542533,[ 0.5925109  -0.15529524 -0.79045191],[ 0.58482334 -0.59189027  0.55465986],[0.55399684 0.79091674 0.25988115]
10,75611.00240206024,172494.82113764557,62781.14066622164,1136.3130393922377,3351.734676957573,1644.501969625508,2764.5098649184706,627903.5015649163,627873.3251171724,8720.507716926604,[ 0.72430336 -0.06772452 -0.68614724],[ 0.57480316 -0.49027367  0.65515881],[0.38077024 0.86893332 0.31617859]
374,189491.29840719767,132377.81373383215,32425.623869779927,9716.984872311821,10100.138344592604,12155.913568400947,10798.466191597174,4525800.754604775,4521288.551643914,292006.3073856855,[-0.56357748  0.69851268  0.44097672],[ 0.15301667 -0.43631537  0.88668754],[-0.81176741 -0.56719392 -0.13901343]
15,30071.016040689672,184574.48345566544,103100.23113809676,4811.772662731681,2543.9162100109097,3070.0062847092786,2715.0730234952734,827391.5139857369,827144.8695918494,21818.425845664915,[ 0.39891734 -0.49583551  0.77137028],[-0.90612873 -0.08408044  0.41456147],[-0.14069715 -0.86433652 -0.48283195]
18,52944.63653902424,6455.920660041005,115463.73293929445,3167.9496749367595,2200.635300586884,1598.3057317847274,1893.1970168425514,539827.2612134573,539745.4010855955,15803.88813143148,[-0.19632356 -0.96985665  0.14434381],[-0.88772782  0.23832005  0.39388179],[-0.41640889 -0.05080974 -0.90775658]
16,176070.88228088213,25063.546010840335,83347.14132921366,3925.354061264581,1759.100533473657,2211.6772742190137,3932.0752789270696,785852.6596390771,785802.2161494426,11284.786419302844,[-0.24221544  0.94306417  0.22795099],[-0.37100334 -0.30711952  0.87637556],[0.89648659 0.12770112 0.42426904]
81,130951.91311829857,80792.07545101701,157744.71375395625,8730.29768701398,5259.797852193041,6396.348873076525,8057.586316961982,1985644.1236897113,1985170.240521518,79731.86899134681,[-0.68894117 -0.22672716  0.68844379],[ 0.41422065 -0.90259053  0.1172672 ],[-0.59479519 -0.36595784 -0.71574685]
6,189110.57143130538,38095.84685737348,106240.32119034108,1358.2386254508376,560.5319265044662,1727.6304604282107,910.4225448666606,539477.750443832,539456.0069415463,5097.9791168090915,[-0.1770634   0.98348513 -0.03749072],[-0.48091787 -0.05322195  0.8751488 ],[0.8587005  0.17298678 0.48239923]
42,44970.54147652544,129520.29730898494,200357.47454144093,9096.55319483269,3252.983477990164,2362.7550910816803,3052.356966221571,1574568.9359619059,1573635.510696455,61273.192434543555,[-0.13387482 -0.81825422  0.55905059],[-0.97347408  0.2142042   0.08040385],[-0.18554178 -0.5334572  -0.82522582]
5,169796.1644795458,47973.7750120811,3766.742249429658,1911.800774284651,578.7363678195203,2816.297693337793,1886.4693107433325,394702.1235083857,394653.6797180961,6481.540730131891,[-0.26632558  0.95370222 -0.13972388],[-0.05837473  0.12873442  0.98995951],[-0.96211386 -0.27180789 -0.02138684]
79,158443.04815007083,113677.03024663373,23505.43393715828,4116.784240176438,4013.36797997495,7399.27672252975,4138.1127318137915,1747482.8097096113,1746452.1161622158,74773.77700809391,[-0.59079343  0.78486962  0.18692991],[ 0.01436559 -0.22141677  0.97507345],[-0.80669495 -0.57875235 -0.11953646]
24,50016.62347001239,179799.26002900978,182967.69999875466,3759.206037080571,4502.356249923118,2322.4523121114917,3393.9189883796835,1280712.0689785634,1280516.3990614559,26117.873080252422,[-0.60053388 -0.48209668  0.63791994],[-0.77638373  0.54241076 -0.32096552],[-0.19127823 -0.68802133 -0.70002806]
213,164920.46687397937,151658.61934948902,147629.38326349296,7491.242186964296,6883.579094477548,7102.421289069187,8111.372799229267,3919221.5580717344,3918645.3613594747,136919.21079505328,[-0.78846621  0.45765695  0.41093935],[-0.01954252 -0.68641183  0.7269504 ],[-0.61476753 -0.56514504 -0.55015631]
23,8834.823840905186,79736.98160789629,93147.63413675062,3848.9168390340546,2754.0089053315232,3097.6505426029435,2617.3975407418798,589997.9429468699,589893.6151226157,23993.708277940645,[ 0.22490666 -0.75069239  0.62119074],[-0.97172854 -0.12580103  0.19979426],[-0.07183759 -0.64856383 -0.7577627 ]
253,88151.43100353838,175409.28776811346,34739.935328063206,11658.675142124715,11247.549386690795,7543.7239737511545,12732.632946281718,3182366.7397958036,3178931.801638642,199935.7324151118,[ 0.06622332 -0.22700419  0.97163963],[-0.89439556  0.41819064  0.15866055],[-0.44234721 -0.8795372  -0.17533757]
159,41573.333074953305,81281.14836331634,184343.74382435463,6794.176438530914,11620.585428315462,8922.211875731546,9382.338868257975,2600723.335918956,2597836.0653633666,165569.30265858345,[-0.94119628  0.3313825   0.06584226],[-0.27083119 -0.85651355  0.4393575 ],[-0.20199017 -0.3956895  -0.89589608]
45,196178.99467417295,197550.35002063194,71377.91522311099,3853.73596587716,5246.009582530745,6757.365461308895,4304.650591756087,1928854.5259319623,1928456.9528648257,56037.00373771438,[-0.5787227   0.71577473 -0.39082806],[-0.44643761  0.12299369  0.88632162],[-0.682476   -0.68741478 -0.24836952]
12,55089.371035897675,192032.15528428648,55826.86690918251,3303.5761519978373,1965.8297753708648,1920.2105671024617,1636.7873990955488,718677.0471387152,718627.0482926498,13764.869456652737,[ 0.08095796 -0.29953944  0.9506429 ],[-0.96067625  0.23071283  0.15450805],[-0.26560677 -0.92576872 -0.26908239]
206,99138.80917445364,188892.3144690684,13211.568504573284,8549.147541358841,8680.77940477363,8007.440062163898,9352.056559648343,3073399.843736293,3072068.2015329595,160401.8839067649,[ 0.57077173 -0.35205811  0.74180504],[-0.67750969  0.30847357  0.66770104],[-0.46389681 -0.88368498 -0.06245479]
501,175165.55538933547,122887.35233942045,80473.41578337568,10204.852880951856,11849.82878775705,11533.764433522234,10210.534973947859,5131649.087440217,5125563.071799303,371329.3587776489,[-0.53086336  0.21966032  0.81849462],[ 0.36211905 -0.81441437  0.45343029],[-0.76619442 -0.53710202 -0.35279956]
60,139212.479369271,151138.70034835252,27361.12498303085,9462.122701269176,5451.819310823233,4795.962425122781,9296.949747491517,1608188.24931757,1607503.9535024376,57710.61197225982,[-0.37373365  0.17918183  0.9100643 ],[-0.63923606  0.66118733 -0.39269399],[-0.67208661 -0.72850888 -0.13256846]
18,163821.52771593016,182564.79122946222,122002.52458519286,2695.45456223192,5089.80026216621,3498.431456693402,2846.039025857559,1162602.251219605,1162407.1894306587,25937.26598648782,[-0.6872765   0.14041454  0.71269542],[ 0.41245178 -0.73220249  0.54199912],[-0.59794192 -0.66645575 -0.44531134]
2,194801.328459991,46217.27067268953,79469.52977555795,962.7191116714675,373.2730295504043,789.1882952638844,499.3829018780816,304633.18538848055,304628.45973321755,1696.8089167106996,[ 0.02635073 -0.89086252  0.45350812],[ 0.42596099 -0.40041222 -0.81131208],[0.90435771 0.21455543 0.36892153]
237,149682.27468498054,80198.55676841793,120046.1601662407,12523.778195094472,8597.050455897956,7168.877080096486,8472.198461325996,3208996.3326606546,3207006.229076639,224917.8521745191,[-0.10509832 -0.76124916  0.63988598],[-0.68524942  0.52174361  0.5081504 ],[-0.72068549 -0.38507574 -0.57647992]
58,123907.21441859714,146977.20498807172,154739.2549658337,9564.23256807041,4490.418987909467,4987.621333472001,8136.839940239238,1881174.0920247412,1880771.7151530932,63744.82069579123,[-0.07193714 -0.69378473  0.71658063],[-0.86144229  0.40534124  0.30596677],[-0.50273475 -0.59528248 -0.62681459]
676,119136.89943012364,12065.52359947456,91746.30886964271,12139.295045508065,9147.512258749199,23680.584830450112,20317.32082020145,3982603.52579516,3965121.295807874,504065.25061401166,[ 0.13176651 -0.99039945 -0.04179125],[-0.60699696 -0.11394433  0.78649309],[-0.7837042  -0.07826629 -0.6161835 ]
382,102136.2332388565,173469.04253710466,187173.7259118919,9121.480504773856,13562.657026891187,12219.513135363832,11599.397786053174,5384933.619434581,5379454.49349215,328529.83172845334,[-0.84101628 -0.08224625  0.53472158],[ 0.39346846 -0.7713445   0.50021019],[-0.37131414 -0.63108099 -0.68107459]
11,154029.9198149978,58422.711855972426,60056.816425142024,2702.5112204096968,1804.8412667694017,4340.45121730467,1448.3740881775195,581812.1956337171,581581.3819554583,17320.260795824277,[ 0.19169648 -0.90230952  0.38612173],[-0.43767582  0.2735399   0.85651375],[-0.87846021 -0.33318681 -0.34248242]
275,194085.51131960755,42147.267773365216,155026.99030650995,9700.440228388834,13039.123176731333,13779.041797472002,13339.119272467926,4190184.547503962,4186874.084894651,274859.1210555629,[-0.51130374 -0.41634803  0.75181301],[ 0.38227894 -0.89368397 -0.23492931],[-0.76969559 -0.16728204 -0.61610504]
46,119545.37384710631,40905.38886925769,196557.70481607554,3301.282417943571,5876.733778738791,3607.336525166992,3455.3075045509354,1585513.7084298613,1585097.4596739674,46077.1916417124,[-0.78499376 -0.30287276  0.54041918],[ 0.34940118 -0.93680981 -0.01749831],[-0.51156975 -0.17508703 -0.84121396]
4,188947.84478477272,85015.15751679643,184422.42301542635,1121.5553218029272,952.6117217932774,662.5782822369442,981.6095761480833,554771.6567046902,554767.2018844123,2560.6429172994817,[ 0.61746277 -0.72845024 -0.29681641],[-0.39334643 -0.61271593  0.68546172],[0.6811889  0.30649542 0.66486258]
7,160731.25227634734,180084.44010614624,83502.82644181939,2156.105362622556,3286.918336509164,2073.7424893538036,3260.312346883811,675859.9840318417,675835.0537644376,8005.4493578776155,[-0.16527801 -0.28966265  0.94275062],[ 0.75942903 -0.64726088 -0.06573359],[0.62924616 0.70508787 0.32695622]
82,51817.15952748985,172548.85123785332,85458.51982176173,3612.0658664460607,6637.956335674988,5129.7145745486405,5458.761250684096,1807163.5132472361,1806737.484529627,66268.44745365302,[-0.89497369  0.04882307  0.4434393 ],[ 0.3628859  -0.49849926  0.78728159],[-0.25949166 -0.86551418 -0.42842652]
7,70854.00959272562,50278.418407357,123860.40250677023,1981.5534125645624,2096.235598584304,3250.4812691722605,1726.6993759791844,400426.9635044769,400332.1672874,10551.915824336653,[-0.66976924  0.73784347  0.08364314],[-0.57635378 -0.58756424  0.5679653 ],[-0.4682152  -0.33219765 -0.81879133]
73,18506.55894762324,159270.28582970795,88669.79671289236,4833.679402588758,6238.892213633573,3711.7754595800866,5989.08202618348,1566887.660767428,1566702.9360033732,53856.878861096775,[-0.38902412 -0.41293832  0.82349389],[-0.91566393  0.27142133 -0.29646253],[-0.10109307 -0.86937472 -0.48370216]
2,157971.04124093946,198556.48877132506,89983.52921544785,776.9324235326349,290.4201707126049,540.0724938750936,61.17895310881431,380729.67911676184,380727.11586378084,1397.0706494798906,[-0.30495002  0.58366668 -0.75255478],[-0.75012574  0.33966029  0.56739956],[0.58678519 0.73753922 0.33424399]
281,181595.6765590659,183163.76119608933,52730.72815142715,13019.73771739701,11337.295842092335,10686.531182386587,6437.785189726574,4423103.901629036,4417483.003166153,322371.742220174,[ 0.01404393 -0.29008219  0.95689868],[-0.72380986  0.65730373  0.2098835 ],[-0.68985654 -0.69556029 -0.20073323]
107,184714.09533552345,73580.3102710888,124955.4922853561,9839.27161405639,8102.995994819101,4383.155721786948,7170.824308920618,2432911.402753802,2430522.295968636,117862.1964101419,[-0.34396942 -0.49332196  0.79894836],[-0.512257    0.81168414  0.28064501],[-0.78694206 -0.31273359 -0.53190215]
80,57048.75839146818,12233.842152735166,191089.11342828991,8303.605310630846,7928.267270911332,5641.793382596537,6600.8601961427985,1790317.2212825094,1788395.2768540971,98350.59323813366,[-0.71703645 -0.64851304  0.25551824],[ 0.63558034 -0.75880627 -0.14230488],[-0.28617541 -0.06036458 -0.95627389]
86,124577.70578618397,159764.07418974917,70394.57244597416,9395.432777066313,5925.754469336866,6349.983559916583,6872.331101153884,1992157.468565926,1990343.9437431188,99610.35242833187,[-0.45314389 -0.03932548  0.89056955],[-0.67584804  0.6665949  -0.31445297],[-0.5812831  -0.74438212 -0.32864145]
119,77302.47056422108,131005.31866763515,131502.38649405466,5458.77768529919,6043.057657088885,10117.230415207388,7962.8922402721455,2197515.0482682353,2195668.9569809316,112581.50120443561,[-0.91320449  0.16460105  0.37277882],[ 0.13484543 -0.74119321  0.6576088 ],[-0.38454423 -0.65079883 -0.65466527]
33,74939.49711258814,180704.23225000582,183060.28241741564,2105.2007589875884,3077.878908128869,3523.8026163903696,3623.2396394560537,1539320.2399575245,1539267.0160086586,20844.80035474044,[ 0.9433691  -0.32530378 -0.0650553 ],[-0.1783963  -0.66278105  0.72725239],[0.27969537 0.6744618  0.68328016]
18,52100.986934012755,106980.85985882947,30567.76567913361,2151.031912365523,3336.676201849451,2581.5275631942604,3148.605482483806,521567.165206632,521464.76445211633,15049.147462884212,[-0.83199612  0.26612524  0.48678517],[ 0.35774468 -0.41328306  0.83738632],[-0.4240297  -0.87084698 -0.24864501]
3,162391.4745433133,172459.18291485214,164934.38543103056,207.47219006464212,479.56539997745006,218.5371187035456,469.45257897898296,499950.3959879418,499950.2963217686,548.7415921636411,[ 0.50273576  0.30144099 -0.81017905],[-0.65630918  0.74307059 -0.13078364],[0.56259667 0.59747756 0.57140665]
74,25790.23613014427,66327.65985721616,65779.59424673943,3369.298826035738,9514.08929499715,4827.903577820762,4923.530983876029,838749.6617166136,835233.0134159924,85707.84011741735,[-0.91165729 -0.05067497  0.40781495],[ 0.31441274 -0.72502381  0.6127684 ],[-0.26462353 -0.68685699 -0.67690609]
8,19924.011612298178,121893.58330360064,200006.61824627657,2212.639934327709,2801.6327233504358,1323.9933691187562,1279.5420453946317,664951.4476379888,664899.2857049527,10150.169292634006,[-0.81109606 -0.46006776  0.36119361],[ 0.57874107 -0.72071229  0.38161836],[-0.08474637 -0.51856673 -0.85082701]
3,171199.71937092644,27740.611282812115,108978.32602434685,1477.822579744992,1025.7808602869754,326.2464729254281,1137.3016466132071,354786.8929561435,354783.2200471897,2479.7008538284817,[ 0.41667903 -0.78748561 -0.45414206],[-0.35744597 -0.60126634  0.71464059],[0.83582951 0.1354445  0.53201863]
26,198431.7345398425,80212.07814465508,61424.7060503121,3236.7168864140463,4882.98806518002,2580.3370781515596,1958.834602595814,1135802.2852062283,1135512.9869944623,31061.191654495884,[-0.24264132 -0.13546174  0.96061194],[-0.38332136  0.92301323  0.03333644],[-0.89117334 -0.36013428 -0.27588652]
41,141560.23611858033,94061.35338967147,74612.11189514965,5287.70358436244,5229.227227867735,5560.9061904914815,4618.6637093682475,1189884.2719511923,1189018.8778816012,51887.68226756895,[-0.58561828  0.80486015  0.09618405],[-0.27415732 -0.30833564  0.91091542],[-0.76281649 -0.50707915 -0.40122529]
32,156088.24902548638,141241.64510512937,44598.73170325621,5831.596609797959,6690.530190547729,7233.256320193681,4483.311811854588,1218816.3072996102,1217645.407322807,59421.200984376854,[ 0.32457398 -0.59170433  0.73792799],[-0.60727377  0.46777373  0.64218868],[-0.72516915 -0.65656205 -0.20749934]
9,38989.32355451774,198899.9155357486,165157.76163349196,1142.1876003330378,1243.095580126368,2114.9660519390936,1344.4251482201785,784397.3534786734,784381.7274067766,7046.30970157754,[ 0.9796586  -0.0268992  -0.19886041],[ 0.13428717 -0.64850828  0.74926896],[0.14911736 0.76073218 0.63170449]
63,196246.4127875968,132821.64717130535,155712.20287977817,4137.220750075084,3984.677741354038,6780.670602822689,5556.520890680597,2251544.9035104457,2251206.754987138,55059.01621507999,[-0.67766191  0.68365333  0.27091043],[-0.2486594  -0.55972668  0.79049007],[-0.69205696 -0.46832058 -0.54930228]
13,135994.27970919103,125241.61504695124,86398.91360148625,1713.6941098337759,2849.6896968997094,2813.830155624231,1890.8272892751208,735920.7703858732,735850.5050282775,14129.709872717069,[-0.73820708  0.46334482  0.49026716],[ 0.10473228 -0.63924401  0.76183873],[-0.66639437 -0.61374154 -0.42336729]
45,28701.312531517222,123810.67534517,98274.60092706856,5269.313907424529,5836.658799850106,6120.0701493367515,2460.4601599722187,1079267.304972748,1078376.8971218814,64717.50615317716,[-0.94740902 -0.03297721  0.31832163],[ 0.26550693 -0.63631631  0.72429802],[-0.17866792 -0.77072308 -0.61160749]
20,202427.4965511743,176668.20532284174,192620.69316043213,1135.2417605871158,2665.2129408693013,4206.068223877739,2988.238221761076,1478604.973297079,1478539.1844326153,18537.567603022762,[ 0.6402238  -0.76755355  0.03122535],[-0.46393947 -0.35393929  0.81208814],[0.61226926 0.53440483 0.58269875]
13,75760.06792107252,62657.97665230138,87685.83889383373,2369.820076104524,3012.154681191501,3456.798894229958,1659.2991710294114,475312.03399867465,475054.8391899543,17572.60066879949,[-0.74426418  0.64192182  0.18441042],[-0.33955086 -0.60143774  0.72317208],[-0.57513132 -0.47561436 -0.66559367]
2,156170.88356797714,83253.76776400684,105770.48147556945,2122.2924815793813,1711.9702078456903,1217.1171115003817,291.84504117962206,291605.36968414235,291575.0835781589,4202.649761164335,[-0.13015687 -0.67660882  0.72474802],[-0.63974958  0.61575502  0.45996329],[-0.75748245 -0.40378986 -0.51300495]
41,32857.55517989334,169400.90745352235,103870.44268016703,3736.0776086196975,3503.0410469314047,3385.199090376322,3635.9897687163275,1290128.6099269276,1289966.192638502,31702.229937926175,[-0.26581229 -0.46601399  0.84390449],[-0.9501542   0.27461001 -0.14763585],[-0.16294425 -0.84108282 -0.51577986]
14,25975.207632363657,166497.00474011066,19694.02284799895,4148.751145016943,2332.249436411977,3530.5244736100076,2662.3275604103646,635080.2842274267,634989.6083738301,19783.840979684668,[-0.42696872 -0.04037077  0.90336477],[-0.89119392  0.18803967 -0.41281289],[-0.15320284 -0.98133138 -0.11626524]
90,93096.1411697861,85416.11598926487,12633.400036239886,6193.58081604971,8532.696692888887,7062.575479180957,6560.381978313555,1208965.878974364,1207751.9352498127,103723.55439759123,[ 0.28290959 -0.43327646  0.85570653],[-0.61920995  0.5988232   0.50792697],[-0.73248973 -0.67355941 -0.09887627]
38,16503.470717778775,188222.81874470357,145632.55455814928,4841.73219650792,7131.9456970168585,4236.477045655707,7224.642967157004,1471642.8624766036,1471343.2554571445,38914.40231851258,[-0.42951805 -0.52879605  0.73204438],[-0.90044259  0.31243403 -0.30263528],[-0.06868324 -0.78915126 -0.61034654]
30,124552.56786647772,148834.70420056488,172711.12076070817,3913.209487929565,3159.1617522061983,3670.893001580375,2713.613607572145,1423210.7527014217,1423203.9803334598,30696.51500681964,[-0.23660157  0.81388194 -0.53067493],[-0.84507592  0.09713372  0.52574873],[0.47944383 0.57285358 0.66481004]
103,11920.549799499417,64243.51682824341,111147.03964961178,6006.8614606332,8837.102687217724,6907.668921692418,8031.3482256372035,1314150.986349834,1311686.1228739705,100862.40655062153,[ 0.7914361   0.48902951 -0.36671384],[ 0.60447853 -0.71523393  0.35077933],[0.09074474 0.49929006 0.86166979]
30,121099.224143693,196557.13806472305,189398.17866597732,4613.111889575837,2556.858637409731,4004.5986940006255,3758.0167944953223,1635949.1143698804,1635754.906092464,29861.887682995533,[ 0.48611553 -0.74293541  0.46015071],[-0.77408181 -0.12169448  0.62127916],[-0.40557248 -0.65820775 -0.63425036]
2,59175.384875909665,67124.35235258768,2651.7487131095545,1373.4516569878324,417.5000909944283,739.1788834382365,616.6272056366579,126625.7768892704,126608.19140686418,2110.270478902398,[-0.37970266  0.30016855  0.87505699],[-0.64714783  0.58975003 -0.4831093 ],[-0.6610791  -0.74972912 -0.02967622]
115,160151.37963719902,35402.57256446925,61628.7123174556,5340.74957808886,6066.389012592076,8661.557042326469,5485.124723806639,1882607.3320552586,1880531.3816635169,112469.15482069319,[ 0.00521681 -0.87298285  0.48772301],[-0.40606614  0.44385811  0.79881179],[-0.9138288  -0.20221505 -0.35217325]
3,101285.65117488195,137134.08577995433,180692.15382512737,1360.1047244584415,725.8501632217632,1360.8340792404024,1125.3765302444378,430296.6376458627,430286.49433512194,2979.685092846823,[-0.32801676  0.83194019 -0.44752712],[-0.85216342 -0.05612763  0.52025685],[0.40770395 0.55201921 0.7273598 ]
5,191899.7546601422,123739.56775981918,11065.284684842027,2244.3546280225964,1744.3163885868905,923.3758971676621,2524.6233208619865,511213.09824975004,511206.4279843329,3584.6898228218442,[ 0.1824386  -0.19673873 -0.96333277],[-0.51190675  0.81750055 -0.26390213],[0.83944484 0.54128248 0.04843177]
39,24993.064045444382,21442.12884015098,197433.89222790813,4505.336489220866,3253.2619183266042,2639.445390398129,2831.7728531327143,1250456.0836377998,1250275.309016299,34045.38643696151,[-0.23053197 -0.96379911  0.13396378],[-0.96501426  0.24412032  0.09566999],[-0.12490993 -0.10722197 -0.98635742]
70,12147.23638237309,146722.98552922954,196533.9965140219,8058.423204764094,7962.167155289973,6089.011421286122,5250.056102267275,2056939.5446224788,2055411.4207861137,97740.86631680865,[-0.71826083  0.57791444 -0.38744841],[-0.69403318 -0.55573335  0.4576881 ],[-0.04918656 -0.59764148 -0.8002533 ]
9,72603.60320865375,98797.45521809113,3970.9539406492,2175.4794325410867,2338.8191637657483,1339.761854008297,2198.7668089981435,368136.55343037006,368091.2390210482,8004.761836549261,[-0.12825161  0.05442105  0.99024738],[-0.79579021  0.59021762 -0.13550315],[-0.59183568 -0.80540766 -0.03238863]
86,61433.824484197394,57432.31889671082,65632.70679532511,4349.143444649105,10176.279850963803,4716.764619419091,6913.92710833429,994943.2614584024,992017.4626101587,91005.53784583921,[-0.52998432 -0.3271477   0.78236245],[ 0.62480473 -0.77442494  0.0994237 ],[0.57335475 0.54151676 0.6148365 ]
116,178430.77027050604,71817.2307819509,153286.0960485588,7221.684627913434,6125.301520082258,8278.948345255289,9275.489294006238,2652022.690645895,2651273.388915384,91362.1036327704,[ 1.46279211e-04 -9.05482765e-01  4.24383011e-01],[ 0.68847153 -0.30769826 -0.65675622],[0.72526335 0.29227169 0.62335409]
3,151557.50248464625,117160.14319656494,92884.48531856846,709.8205379325542,978.2236213265351,252.74744177587394,240.77772184199966,368748.7772242236,368742.870349668,2098.262650666191,[ 0.26616988  0.36347375 -0.89277121],[-0.64989617  0.75168448  0.11227378],[0.71189083 0.55032469 0.43629597]
58,41967.1997525539,105839.57250752978,7116.267732122585,4620.002564884588,3670.4291427943467,4727.508803317926,3264.417831398207,870041.3892455397,869807.1144064666,52033.23704458687,[ 0.51299416 -0.25849529  0.81854577],[-0.77563679  0.26891756  0.57102619],[-0.36772892 -0.92782732 -0.06254532]
46,43803.701630794225,158855.66907773187,16140.81247898357,7040.427699430141,7893.685129929674,8111.940775235846,9832.551311312425,1126381.2573493798,1125185.2433907944,60796.274654631234,[-0.83222759  0.17604461  0.52574283],[ 0.48654308 -0.22278204  0.84477452],[-0.26584406 -0.95884121 -0.09975208]
3,144089.3983110223,96014.29346628058,196142.97137987684,722.8052553159432,551.1501150767036,498.0966518618399,695.1639183565767,453167.6445582659,453165.6934109731,1331.536316978441,[ 0.44573432  0.63007124 -0.63587039],[-0.70570417  0.68435175  0.18342384],[0.5507291  0.36697809 0.74968296]
10,70971.03301672051,122609.39069620706,158626.5718487071,1912.755305417425,3678.8761353500045,4274.202736329735,4387.392229116012,672809.221908634,672697.8090944862,12705.518522557944,[-0.92461713  0.04603121  0.37810618],[ 0.18362036 -0.81584363  0.54834545],[-0.33371653 -0.57643759 -0.74589073]
5,164353.59617906317,147660.4693941145,28366.42222152481,1854.8334649418089,572.1080401388715,2669.570245339677,1090.056494061693,498150.87942488276,498106.33263784694,6960.818807243368,[-0.56181747  0.70765402 -0.42847044],[-0.37411026  0.24461529  0.89454171],[-0.73783646 -0.66286435 -0.12731149]
20,47694.25791668052,3574.167635025972,84739.01555761966,2264.7675483453145,1998.3512531478416,2755.6372002079906,2269.0826149866457,435459.0597748842,435366.7577490733,15117.703548641344,[ 0.32610076 -0.93424239 -0.14439341],[-0.8084399  -0.35477464  0.46963802],[-0.48998287 -0.03641592 -0.87097111]
2,57005.83233500707,119475.74193047415,33636.349549582126,703.0104457302405,1056.985715793322,335.7717344506782,713.8357997149287,193169.59401631367,193163.3063962739,1558.5616723987448,[ 0.0303161  -0.28424958  0.9582709 ],[ 0.90825091 -0.3924456  -0.14514385],[0.41732628 0.87475061 0.24627252]
20,3571.1646434300033,114205.72346562377,41112.503682645365,2012.6608008727278,3478.2350052914526,4957.709942038365,4424.883494739336,543746.3484818641,543488.511961014,20659.046802191686,[-0.99292689 -0.01135526  0.11818311],[ 0.11497147 -0.34035376  0.93324213],[-0.02962686 -0.94022889 -0.33925193]
95,139574.00068016976,41378.351016199944,9066.45019686521,6670.312731774028,3698.982703799903,5493.807785378289,6319.574653138285,1424129.5885375913,1423490.954461266,67953.35985471531,[-0.2894308   0.92259962  0.25502891],[ 0.01577625 -0.26179844  0.96499362],[-0.95706892 -0.28332228 -0.06121737]
7,175523.84641588348,2585.2367046807003,151281.68700008365,2280.769977728358,1076.690821856583,2661.243332278333,1729.8074560093085,613186.1166765484,613137.9274959153,8556.675063300932,[ 0.08806929 -0.99246493 -0.08518895],[-0.64695503 -0.1220182   0.7527023 ],[-0.75742524 -0.01117654 -0.65282623]
4,89105.66062954522,15514.480180361978,24143.114921713393,1963.5799867808084,1029.3309844781795,1316.4014715919877,1951.3971909724833,187291.49327177292,187272.53188199055,3367.907254511902,[-0.30637083  0.48942129  0.81645803],[ 0.00879034 -0.85621188  0.51655004],[-0.95187165 -0.1654328  -0.25801616]
86,23923.644074411157,135134.01753963451,164000.94308943313,7960.1856350590415,8622.438291016842,4726.8198575958195,4935.4817977402745,1985888.5829386653,1984367.4768451408,107685.59867411866,[-0.68692818 -0.50852265  0.51916702],[-0.71813988  0.58448285 -0.37769687],[-0.11137681 -0.63228516 -0.76668813]
11,20837.804041628628,29309.576599232303,99486.03251721905,3209.622730130402,2168.273828740464,2073.9862189733685,2552.2606702342273,351101.35086347756,351010.7088554162,11841.258175315841,[ 0.03528118 -0.96057144  0.27578567],[-0.97972008  0.0212197   0.19924428],[-0.19724046 -0.27722234 -0.94034248]
5,72650.49137403592,57716.70244397819,31618.09874623271,1308.9470588784566,2324.227477247877,533.9176232213727,2020.818633489455,219271.8789806559,219242.79733867603,4074.482003783948,[-0.60536657  0.37851688  0.70018304],[ 0.29041533 -0.71399951  0.63707427],[-0.74107372 -0.58900736 -0.32230433]
8,138533.94920515077,169137.01103688538,10717.72502960643,1244.4169034265897,2417.2032270048394,3405.908711608518,1430.1866599562804,619239.7574561669,619138.5426084326,11623.502979643747,[-0.62032702  0.54388904 -0.56513635],[-0.46337078  0.32721791  0.82353869],[-0.6328364  -0.77273097 -0.04904018]
