N,MEAN_X,MEAN_Y,MEAN_Z,SIGMA_X,SIGMA_Y,SIGMA_Z,SIGMA_R,LAMBDA_1,LAMBDA_2,LAMBDA_3,EIGEN_1,EIGEN_2,EIGEN_3
430,95680.88412096271,183975.40999921967,196205.42592957616,20711.03747788051,14229.480175059754,5828.425815503937,8062.967098666152,5940179.959552446,5926016.278640896,507362.1590951222,[-0.26258958 -0.63615194  0.72550494],[-0.90476595  0.42363169  0.04398593],[-0.33532862 -0.64486192 -0.68680989]
1539,106461.28022125478,25238.14353501083,75220.0764841532,19732.768600787476,17549.028720336337,26823.56158112263,20795.676104837414,5364976.698676769,5328434.898100319,1203341.749262865,[ 0.38006633 -0.88944543 -0.25384328],[ 0.46686149  0.42138249 -0.77748128],[0.79849229 0.1769848  0.57540111]
7,85702.98963224563,58948.300272809916,33806.80644622169,2070.7561164844387,1443.4337267154554,1083.726700137857,1581.449286165724,289442.14376799914,289435.2835283876,5947.4180805469205,[-0.01329328 -0.48266462  0.87570437],[ 0.62104493 -0.69036318 -0.37108203],[0.78366223 0.53891886 0.30893361]
174,111528.83606225603,69613.3340304334,97423.81196446948,10142.691349671812,7266.538842660096,12478.330337404203,14263.49341401842,2169577.9179129894,2168190.9831542945,135363.6593412573,[-0.67961409  0.66949501  0.29983517],[-0.27223754 -0.60972945  0.74439017],[-0.68118383 -0.42427165 -0.5966424 ]
87,78327.3307695066,127984.87593544507,133344.62387260533,6867.360721144044,6331.652139930767,11362.436342622217,10706.77765312677,1876946.6802344285,1875418.9923900117,95078.41836996646,[-0.87588485  0.03436333  0.48129502],[ 0.28347799 -0.77052704  0.57090131],[-0.39046889 -0.63648035 -0.66515172]
837,19018.681796588306,147267.56100419845,28698.54580522624,12229.969131917802,12792.823928004906,12543.464013688417,13603.859167456045,4412450.897482161,4400457.729561667,493422.6050328326,[-0.66354606 -0.06173225  0.74558417],[ 0.73757844 -0.22080969  0.6381388 ],[0.12523846 0.97336129 0.19204978]
12,53656.62120904534,49201.439198146865,194088.91627082243,4410.405873919298,2085.8994395531195,2137.3781805176345,1583.3765486646876,718306.0264005843,718118.8388987374,17618.72787164708,[ 0.39195542 -0.91175553  0.12277135],[-0.88281689 -0.33520792  0.32904406],[-0.25885381 -0.23735522 -0.93629974]
28,185115.56140189033,169424.7496883932,161007.2632348053,3702.35556256894,4220.4545239630115,3172.5402864029375,2669.9834623660036,1577948.556000323,1577850.012302365,31054.058393887215,[-0.78209948  0.49556103  0.37780903],[-0.05287696 -0.65687482  0.75214327],[-0.62090614 -0.56827347 -0.53994522]
1651,77509.43781842203,168965.92466031652,130519.78052350285,30550.98591463402,16548.637473339328,27389.9059823464,20203.622509229113,9388998.051026005,9279561.566941202,1599585.6943139604,[ 0.40414869 -0.66823715  0.62459823],[-0.85032382 -0.02284543  0.52576373],[-0.33706564 -0.74359747 -0.57745091]
52,143903.44802093395,148407.55246282197,93741.47814676234,3671.282250749751,6267.259552578325,6984.395746560696,5678.400970262164,1638077.1673082863,1637613.4223154867,60118.52362154701,[ 0.47770499 -0.75090039  0.45601157],[-0.60851351  0.09156727  0.78824282],[-0.63364757 -0.65403673 -0.41319089]
1875,25256.07694213117,38742.22107622576,36462.086344949086,14397.573090180333,18187.35720379514,24921.929494433458,16756.505654781093,2878189.1732144677,2704508.3336014855,1324663.1196777842,[-0.89931153  0.3744698   0.22585647],[-0.10083819 -0.6801239   0.72612888],[-0.42552372 -0.63024111 -0.64940412]
15,69094.32497813783,41818.03161518826,178170.87008447488,2303.4919432781035,2896.5174215630154,3491.1721761451204,2711.795561569408,757830.0851347196,757773.255080643,16695.953511187643,[-0.88771639  0.38388938  0.25414279],[-0.29538294 -0.89833279  0.32518782],[-0.35314095 -0.21360511 -0.91085911]
4,166103.45651716128,63319.80920060865,87525.72721078791,2053.8351420758645,1520.3563787987812,3594.9592543874783,3720.675865615452,396381.15587835404,396357.2454423167,4755.660641528494,[-0.25241033  0.9456317  -0.20510904],[-0.4834349   0.06037957  0.87329548],[0.83820029 0.31958567 0.44191094]
17,172722.88412024186,55171.41599721898,198375.2683126936,3094.3381098182304,3369.950197690016,3721.7666083632766,3553.736848583657,1108319.5686428666,1108263.6038977813,19397.336413747973,[-0.0983871  -0.93330185  0.34535146],[ 0.75983343 -0.29455607 -0.57956007],[0.64262986 0.20538835 0.73813447]
2829,156792.20297978615,106066.49774109999,97097.7391539111,26355.74799757016,19681.708846902853,41654.364933137695,20431.11741030048,11622571.783173215,11411928.221217887,2591218.4568851576,[ 0.35072858 -0.85977989  0.37117114],[-0.58310514  0.10964175  0.80496402],[-0.73278773 -0.49875569 -0.46288758]
365,186934.8748762716,172041.7593028778,105350.47380570909,10278.42024782574,13894.335059883673,9208.570541546756,15939.662153853707,5265871.046714647,5265243.013697899,215030.66682102106,[ 0.37354556 -0.74398592  0.55402948],[-0.63177507  0.23327324  0.7392184 ],[-0.67920834 -0.62615377 -0.38289358]
2,25701.414445200237,64022.257561055594,97797.13393521013,1244.038496499934,140.97158097057763,92.20925408079347,417.89390575518337,169264.68964880696,169256.41047316426,1674.1193645219807,[ 0.05564158 -0.84200602  0.53659097],[-0.97507577  0.06978324  0.21061231],[-0.21478189 -0.53493566 -0.81713682]
86,60597.18290440583,56556.32418509127,65834.90113489093,3386.4028951475725,8698.573697894215,4184.820567379262,5189.405675106837,985680.8391870366,983321.3760170606,82153.17835094384,[ 0.62930869  0.20059287 -0.7508216 ],[ 0.52732177 -0.81989811  0.22293239],[0.57087856 0.53621786 0.62174599]
122,13983.524461079534,102346.7359472964,167910.31827055168,6134.226420612061,8836.250303219338,7873.314096951479,6435.047611208969,2181310.069010433,2179816.236016127,128557.86162144542,[-0.99383412 -0.03702618  0.10451225],[ 0.08579223 -0.85390983  0.51330079],[-0.07023847 -0.51910217 -0.85182128]
537,192251.4584181103,141565.28865252304,33441.84966742598,9722.194346884624,14819.902893382196,19142.74549365429,12808.113842661534,5612902.522296552,5600286.331777526,532585.9513802275,[-0.59429756  0.72135492  0.35560862],[ 0.10860174 -0.36613437  0.92420306],[-0.79687896 -0.58787133 -0.13925236]
24,22225.162018922285,123790.37041359826,57576.875692810725,3606.621279387068,3741.4936093311326,3557.1426203728133,4581.938227257158,678235.1428766905,678113.1841416295,21273.4724674748,[-0.47433868 -0.29990561  0.82768318],[-0.86551061  0.33072508 -0.3761812 ],[-0.16091673 -0.89480587 -0.41644719]
67,56530.36510939872,12093.467195743466,191477.83750652877,6891.311393423553,7155.204360691106,5458.284013594604,5853.340581538624,1639468.8507826922,1638224.2885611497,79641.07851031412,[-0.7397125  -0.62170681  0.25749964],[ 0.610558   -0.78095907 -0.13161256],[-0.2829211  -0.059863   -0.95727325]
8,21293.29645043704,75066.58717369637,169680.17041242903,3408.0592542371282,1421.863571570604,2765.6541563936407,2142.400181100574,528385.8534590707,528291.098974193,11557.965006480757,[ 0.40874532 -0.85250662  0.32582162],[-0.90551107 -0.33426232  0.26137789],[-0.11391649 -0.40187207 -0.90858234]
390,168598.89112645737,185169.96816283328,195670.49621510506,11704.963064039974,10664.544890844514,6772.954445942211,9165.609913101562,6283948.0166022815,6280234.384790699,286981.7785500365,[-0.22764701 -0.60151789  0.76573695],[-0.81653757  0.54635839  0.18643741],[-0.53051224 -0.58281107 -0.61553881]
764,107984.06120431694,128148.04425429828,53380.98002220853,24071.853566468555,9611.419080133586,11708.684298968812,12038.973252457748,4918184.846054185,4878789.194333029,713457.6411417614,[ 0.18701924 -0.50791483  0.84086047],[-0.76301896  0.4640154   0.44999087],[-0.61872924 -0.72574943 -0.30076884]
6,30620.09849869205,22361.731599702314,178372.36298675826,1620.7072753647515,843.273852903758,1704.0137761843723,1882.9008399477345,446721.2069076111,446711.1950021158,4027.0764559567606,[-0.11926368 -0.98241655  0.14364503],[ 0.97855317 -0.14078255 -0.15037944],[0.16795797 0.12262949 0.97813707]
31,26339.98470124073,58832.83071991686,200999.08520933223,2836.739502895087,3599.4040860480436,2491.1709794668477,2636.2896642031697,1175516.9074032116,1175446.7927034765,25039.5413427188,[-0.95198461  0.30405022  0.03575974],[-0.27955277 -0.91095742  0.30332628],[-0.12480202 -0.27876522 -0.95221553]
640,18326.39650030532,111372.94498584785,88346.31233992144,11030.252348450738,15024.42609594837,15294.310223850807,14292.580669930878,3667485.325263306,3653366.757572322,493931.63837701146,[-0.95396016  0.26615495 -0.13828073],[-0.27145559 -0.57007147  0.77545495],[-0.12756127 -0.77729021 -0.61607471]
193,43839.61204238454,71906.413977095,117190.13698591995,6099.408377529686,7074.7411107510425,8605.98115292536,6846.025765202588,2010670.9985578589,2009030.2872775868,148638.18496164237,[-0.91660907 -0.08079996  0.39153439],[ 0.26043397 -0.86372814  0.43144855],[-0.30331824 -0.49743851 -0.8127441 ]
218,147743.30293541326,80901.08869752547,117942.67295724434,9882.163249748535,7572.188324194664,7972.996225207704,6265.319757178818,3041678.0069072475,3039729.5310627236,197884.37606143305,[-0.02468602 -0.80984498  0.58612431],[-0.69473882  0.43548313  0.57244424],[-0.71883834 -0.39307194 -0.5733811 ]
6,110346.39514213639,55564.225887681685,197929.77682763422,230.84409126219444,2242.3116833045237,1437.6997245657387,828.8472904960925,571560.5739146952,571528.0884688571,6230.032452263969,[-0.87179958  0.26599338  0.41135509],[-0.12769374 -0.93410156  0.33338954],[-0.47292685 -0.23812139 -0.84831504]
282,86735.40401589002,173064.23413000014,35412.546607941375,11299.637587682466,13352.197505950313,7424.472887619197,14449.664321513785,3318269.85390076,3315524.519873598,206882.51400578898,[ 0.07870568 -0.23788711  0.96809872],[-0.89417409  0.41250042  0.17405777],[-0.44074723 -0.87934813 -0.18024636]
11,11778.225861739857,195359.67743086908,174965.6822828304,6966.624352944691,2636.1926203584617,2715.2813005845665,1541.8999548599909,871068.6342066922,870708.7211934944,25792.153663605728,[-0.42539856 -0.58940782  0.68675649],[-0.90389148  0.31436083 -0.29009904],[-0.0449027  -0.74416106 -0.66648936]
323,185254.03235698398,182805.78566521255,54251.62038109495,13234.70874792445,10935.261331910251,11614.746507671416,9252.098256550164,4788756.921674551,4784823.892874948,332048.6773422274,[ 0.0338405  -0.31657022  0.94796525],[-0.71630558  0.65377422  0.24389669],[-0.69696567 -0.68728638 -0.20463697]
2,201355.87725346826,201872.83563608315,83693.02880038419,152.49737669878232,741.1295363967947,1831.1296624818206,115.5770495668985,420250.5912103617,420241.2818876481,2797.2147012172804,[ 0.73446337 -0.60560478 -0.30627833],[ 0.03750177 -0.41439904  0.90932231],[0.67761138 0.6793499  0.28164966]
188,126974.77512985682,167610.7397587385,159270.7532116357,8288.953868986355,11255.658941965714,7353.375298872392,9400.391607606807,3621731.1810255223,3620718.321688749,174693.65317436765,[-0.86767741  0.44319738  0.22519323],[-0.12419921 -0.63188235  0.76504853],[-0.48136313 -0.6358465  -0.60331481]
1218,93794.3184178579,70346.09283769618,165556.19711375632,18932.02710367788,25629.65466746349,16361.08583237657,18269.64421981184,7163384.597529289,7134384.439193169,1079319.094541724,[-0.84533013  0.45102391  0.28634666],[-0.26667153 -0.82066056  0.50537366],[-0.46292902 -0.35084707 -0.81400434]
2,69259.53223377196,58206.570171064595,34708.069707953764,1804.9921807330757,1169.4545285757522,746.0707046870557,2259.829604879058,137074.57795912016,137074.0284007337,388.1503133504219,[-0.10663246 -0.41256344  0.9046662 ],[ 0.69115047 -0.68484895 -0.23085262],[0.71480105 0.60064408 0.35817055]
4,182475.92990337504,117667.66189846004,194777.528276851,864.456073605875,2252.8673774588033,1314.002002514813,1354.2555596797276,583398.3541499831,583382.7130912666,4774.745687835285,[ 0.77950672 -0.28829676 -0.55610633],[ 0.03183005 -0.86841261  0.49481955],[0.62558462 0.40341606 0.66775697]
9,9542.090717517716,172913.50592900015,73142.2616406244,3100.06351802604,1775.4367303250274,2336.8254678228877,2019.9617421689934,564100.1460127152,564012.8297191361,11277.294599926714,[ 0.47573576 -0.36479273  0.80037601],[-0.87812936 -0.14458851  0.45605152],[-0.0506391  -0.91979369 -0.38912113]
387,145096.3285100701,15211.049928855347,13930.556285935332,14420.459580915118,9562.104028065674,11184.222205046312,14345.06278832439,2905753.924375222,2902472.24443595,291643.459182038,[ 0.0325382  -0.83571073  0.5482051 ],[-0.13612723  0.53967879  0.83079251],[-0.99015688 -0.10165814 -0.09620281]
346,188316.49667461598,57264.447387303146,157639.16623256108,12453.03563604544,17404.278462851216,12103.686433988769,11828.103003808854,4710419.232242787,4698574.612566262,399513.3727557463,[ 0.51745088  0.39353776 -0.75985039],[ 0.41805304 -0.89105207 -0.17679891],[0.74664331 0.22617302 0.62559534]
324,143020.48160207318,198884.42090721824,86165.30232079193,21654.022921732678,4310.90706739281,20115.32615270151,17654.234614320503,4702451.713745777,4688012.428818585,430138.04860008863,[ 0.67150021 -0.17074112 -0.72106514],[ 0.49249685 -0.62422756  0.60645429],[0.55365542 0.76235649 0.33507948]
17,66297.15234121335,183856.38536070182,71054.91623006776,3330.139264285058,3605.544241691822,6601.5329414321195,2585.8491025777025,858072.8975801573,857541.6453615525,32274.823925021083,[-0.87876312  0.41073955 -0.24303991],[-0.35515886 -0.22262868  0.90790894],[-0.31880646 -0.88415468 -0.34151567]
18,48035.88319304431,11318.691163280575,83413.49551194494,2045.9391014809116,6087.467022364282,2293.545277177922,2392.284119869914,412083.13688694977,411445.32204921724,27123.477174740623,[-0.85703933 -0.09517888  0.50638381],[ 0.14167135 -0.98844038  0.05398921],[-0.49539158 -0.11801096 -0.86061641]
2,125856.26632891918,79954.04569158888,63685.44135383103,1342.637706001573,416.0221168448479,260.09518122747613,1145.1771650122537,229304.72318317104,229301.5313551533,1209.8728413745052,[-0.34092166  0.85241623 -0.39643283],[-0.53028255  0.17383357  0.8298086 ],[0.77625565 0.49312113 0.39275782]
167,66959.39669077143,81013.76715031893,29878.95777809312,6262.971691195154,3969.161255232828,13912.479441540365,6998.601004545542,1425051.8487502988,1416478.3117824446,183398.42929223093,[-0.75387217  0.65261576 -0.07595672],[-0.23768388 -0.16311433  0.957549  ],[-0.61252194 -0.73992323 -0.2780836 ]
6,33737.65988126481,124673.04481721278,186119.29944216096,2566.4270533821364,2721.426590248288,1131.0523965251127,1614.8236931786432,554983.8011639463,554945.2537331192,8712.44869458231,[ 0.66886527 -0.66796717  0.32625007],[-0.7283132  -0.50090276  0.467607  ],[-0.14892657 -0.55037831 -0.82152577]
145,69862.0156163549,83160.306673414,136628.15546770283,7189.3762580736775,10399.031004568937,5177.192193082492,6213.990263426816,2105978.9542679577,2105184.5992076537,147018.82802033267,[-0.71188409 -0.37593264  0.59320797],[ 0.57749225 -0.79401924  0.18983189],[-0.39965454 -0.4777113  -0.78234785]
74,29271.22427247086,95645.18253240442,29621.086623769097,5050.321928971149,6624.476956234815,7258.894476801513,6452.836372602482,901445.9016912989,900027.9351467891,77335.01003900361,[ 0.65724087 -0.39844563  0.63974645],[-0.70054904 -0.00990768  0.71353548],[-0.27796669 -0.91713844 -0.28564243]
227,63161.640430623476,121214.29795888231,13563.121780710853,13509.468993305674,10870.900513008557,10263.68589152616,15676.522973009834,2089052.24727631,2085602.1168934752,189052.42580075093,[ 0.78623549 -0.35707246 -0.5043144 ],[ 0.40750303 -0.31390213  0.85755859],[0.46451592 0.87975264 0.10129289]
2,64483.573198916114,186039.02995928167,30929.39621500259,41.34137042427392,1427.0700354475557,595.0054165815418,1226.3133964979643,281878.2421555656,281875.0905728461,1332.9348301650725,[ 0.82418919 -0.19743054 -0.53078561],[ 0.46481046 -0.29959666  0.8331825 ],[0.32351726 0.93341471 0.15515655]
91,87241.8761334484,190268.5631886031,109180.36888164277,4651.653372311828,5916.132827267323,6214.765944824213,6531.446123806675,2253647.219718773,2253250.6632828396,69230.65885177448,[-0.92840075  0.29964987  0.21973168],[ 0.03849245 -0.51060528  0.85895319],[-0.36958136 -0.80591079 -0.46251207]
120,10185.646800831251,153075.04793563578,126931.0534820598,4899.57759657805,9640.901436804459,5776.46060067156,7144.220766815172,2184663.565777152,2183256.370767262,109745.22529854374,[-0.99849147  0.0262721   0.04821373],[ 0.0203599  -0.63834057  0.76948476],[-0.05099276 -0.76930559 -0.63684271]
492,12161.54041237855,47851.75631718716,155036.8176363712,8057.7737013349715,13471.538963302633,15555.544413325404,15201.72942354799,3637889.140411812,3629416.5556519087,352408.4039260459,[-0.99385908  0.10019347  0.04696167],[-0.08170969 -0.950711    0.2991189 ],[-0.07461674 -0.29344481 -0.95305954]
281,163226.3957920371,154138.93462569005,149668.09504510113,7945.636423931516,9368.495780638332,8828.924439978453,8872.984848965378,4528461.723570797,4526964.857384401,207552.71285932552,[-0.04515258 -0.67087715  0.74019261],[-0.79522828  0.47259251  0.37982668],[-0.60462652 -0.57147193 -0.55483925]
176,102587.91083567917,191676.32450408538,14992.754787713835,6721.903716748817,7562.047199099745,7156.6351832294595,7271.1302100931225,2894938.307825523,2893380.481837103,133521.6375709167,[ 0.60805245 -0.37982302  0.6971418 ],[-0.63937495  0.28624993  0.71362501],[-0.470608   -0.87965644 -0.06879435]
93,186723.56025602543,72006.3704265107,125663.71969306847,9029.167472995938,5914.371408614993,4459.665639471796,7081.728373331376,2281314.94893088,2280284.3806483666,88781.06519394409,[-0.34586791 -0.49461374  0.79732844],[-0.50544637  0.81415264  0.28579615],[-0.79050576 -0.30415905 -0.53158999]
25,31213.54671791249,182570.7348115354,103023.30219531666,4969.8462654074365,2835.93887733665,3331.1888273029867,2190.695871280785,1060165.1750051214,1059847.1072345276,31206.140135459016,[ 0.53013998 -0.48359625  0.69648135],[-0.83502334 -0.15509969  0.52790161],[-0.1472672  -0.86143993 -0.48603869]
47,12029.0719322682,74627.14986983701,45469.327270795446,3542.7665965905044,6134.051762366523,4579.859563000073,4326.887605496106,607028.4183853942,605952.2788849187,49754.07508978943,[-0.95260582 -0.03138649  0.30258393],[ 0.2724197  -0.53068805  0.80259436],[-0.13538706 -0.84698588 -0.51408682]
11,200044.71021997512,114590.80046588746,116872.53074472294,2809.6822212559246,2706.5682584041406,3277.063328269322,2950.2709769814355,857402.0257120859,857334.1241225249,13778.136421260986,[-0.60579812  0.7262884   0.32482889],[-0.18438173 -0.52531537  0.83069076],[-0.77395867 -0.44333838 -0.45214937]
154,98060.35240632811,168735.90836090108,175817.44169491058,5060.234755185465,14629.155890035236,7515.431430442573,7179.985313354738,3266013.9576200712,3261679.662286662,193949.37345179476,[-0.92323201  0.18615523  0.33613819],[ 0.09173387 -0.74272675  0.66328114],[-0.37313208 -0.64319764 -0.66863237]
476,164816.24006179802,194332.04814233375,14851.947370274498,14165.781019540427,7394.086389347364,10505.205774891794,11626.168117000967,5581437.496776037,5577435.907933982,332616.7544315295,[-0.49167481  0.35630841  0.79454402],[-0.58325624  0.54276966 -0.60432876],[-0.64658181 -0.76055599 -0.05904706]
2,184567.90430060736,133338.79635897966,126894.94431022188,323.35935372050153,183.15449452742178,261.1460165110184,449.776225566864,368638.2484440712,368638.23757866153,89.50313400056093,[ 0.70191057 -0.43440901 -0.56445581],[ 0.07726154 -0.74136722  0.6666373 ],[0.70806229 0.5115305  0.48681038]
10,42045.737708931694,80700.48580979086,40537.65216899327,2518.9410060452424,4176.339257760993,3139.3643419682076,2288.610747290028,315429.03516850073,315227.61135386815,16828.568149702398,[-0.79913607  0.12037911  0.58897403],[ 0.42845777 -0.57317611  0.69849344],[-0.42166987 -0.8105418  -0.40646834]
8,149850.19370637654,120873.5187152079,97357.75245638238,3146.3204148891327,4347.785080225049,1603.7877912175452,1606.7469815411614,610400.7892999365,610234.2608502706,15209.840492195408,[-0.229299   -0.42212639  0.87705831],[-0.681953    0.71261328  0.16468886],[-0.69452291 -0.56034956 -0.45127187]
452,150431.71282533105,16432.946360401445,172423.92287889586,12351.282239102131,8075.123302921758,12794.063253630002,12512.96175455203,4892130.470239774,4887296.479819542,321742.5389784157,[-0.16188248 -0.95922424  0.23169575],[-0.73750667  0.27360274  0.61743457],[-0.6556508  -0.07092533 -0.75172576]
363,110725.26789441836,97784.37850628058,52679.87715024201,7188.307923911856,11548.86657532424,16722.408680335226,14241.045824056566,3014476.44602727,3002152.777290421,307934.4534827005,[ 0.45766847 -0.76370916  0.4552888 ],[ 0.54510265 -0.16353322 -0.82226516],[0.70242628 0.62450397 0.34145589]
126,159757.50751241326,35395.92807708025,60395.182074865086,5860.5637808265365,6419.315846994157,7870.862187377115,5709.72247033641,1961329.9397205438,1959886.92652096,115120.56441389026,[-0.02496297 -0.83257426  0.55335065],[-0.40076611  0.51543133  0.75744114],[-0.91584026 -0.20285621 -0.34653424]
58,92936.86181860017,90851.36229327493,91129.36441613015,3623.2242550759706,6272.893787051613,3673.78679754723,4856.390905772748,1210174.6295005956,1209697.0068292748,49752.0022498369,[-0.33093143 -0.47757126  0.81388579],[-0.74040845  0.66612945  0.08981586],[-0.58504676 -0.57288502 -0.57404097]
26,75092.86701596691,58495.982292480774,92666.22063682231,3268.8698480448584,4724.071929612654,3359.7577559326164,2279.2296195797094,678093.6365246526,677611.9390085303,31890.834583122803,[-0.7833913   0.5513724   0.28685632],[-0.25811542 -0.7084642   0.65685228],[-0.56539765 -0.44053032 -0.69732241]
133,191326.731936523,28221.583310788377,128677.30410660076,5270.767991467433,6174.550117362034,7669.439710391131,5400.127930329843,2681398.677224542,2680274.368247383,113258.253524683,[-0.42421646  0.78004576  0.45996632],[-0.37651752 -0.61388352  0.69381668],[-0.8235745  -0.12114308 -0.55412038]
67,138652.64121528124,41417.28481510184,8465.810598436823,5224.940349696714,3795.1794474357525,5400.778889885643,4867.125546322263,1188051.8869799173,1187615.7271022003,56169.4791885851,[-0.29118529  0.94270586  0.16283974],[-0.00791693 -0.17258447  0.9849629 ],[-0.95663392 -0.28551752 -0.05771739]
141,197736.96085952336,178844.69688988398,158379.31706522504,3952.4957890503524,8151.496411780393,9991.425278913968,7475.620114781863,3684805.518801873,3684489.5088553806,133394.9032072065,[-0.66349753  0.74798926 -0.01682545],[-0.39196344 -0.32835657  0.85938735],[-0.63728776 -0.57679635 -0.51104822]
111,45640.17292556994,171317.45062424295,16348.001532070235,6427.719164649375,6526.885073197765,10019.544607729958,6597.291878505913,1880550.958535317,1877819.2881016615,125012.80499127919,[ 0.8830875  -0.19452212 -0.42698665],[ 0.39293125 -0.19076762  0.89956253],[0.25644004 0.96216883 0.09203068]
22,172470.738637052,44867.02652638795,96814.06044218964,5210.862913760735,2024.150438634689,3848.673809238949,5883.208376421164,951752.1812233609,951715.2308697032,15749.674169169371,[ 0.09929056 -0.95852873  0.26714052],[ 0.51667793 -0.17977573 -0.83709295],[0.85040302 0.22114104 0.4774006 ]
69,82930.35188968571,86067.39236626042,112252.29606796948,4716.174364766592,6793.9045477294285,4280.724902029245,2717.3807443890373,1363695.5012226095,1362734.4610134892,73976.14242560531,[-0.7728926  -0.07676879  0.62987585],[ 0.38321796 -0.84765256  0.36691844],[-0.50574799 -0.52496828 -0.68456357]
53,190666.50717163426,24713.908334131633,83786.96231265322,9476.873297251002,5391.460981198868,3262.9915459233093,8297.58871374432,1528926.731971036,1528156.891558125,56857.29609009838,[-0.26029579 -0.5880413   0.76580254],[-0.32422886  0.80032145  0.50434236],[-0.90946234 -0.11701709 -0.39898027]
18,134686.74946486385,119784.88593355633,13027.783000533178,4257.851191588449,2223.229281037412,4517.963387366969,3321.8482671999677,767190.3288136245,766884.6746007889,24169.628844107272,[-0.5341095   0.65823566 -0.53052131],[-0.39883817  0.3571198   0.84462629],[-0.7454228  -0.66271507 -0.07178842]
49,21583.088383756774,24647.328350805037,197001.62356056352,4447.259749690754,5923.727434859949,3065.3516985195747,3202.449657329246,1398928.6210490635,1398279.385104731,51395.9832367987,[-0.8481045  -0.50622814  0.1563708 ],[ 0.51865662 -0.85352816  0.0498497 ],[-0.10823156 -0.1233805  -0.98643965]
5,14721.853706601152,182768.26458952046,162444.75951791374,496.4141887021932,2607.9111761013114,3108.1867142767096,1035.1182011684016,547840.1088277916,547770.8075658764,8840.59877747677,[-0.99759171  0.02184575  0.06582962],[ 0.03462774 -0.66549369  0.74559981],[-0.06009738 -0.74608372 -0.66313452]
42,11793.315380067012,124431.1352486245,150285.49638034467,3422.421999118817,4100.868530663729,2904.1726053411835,3644.4291542550163,1267241.8133014238,1267151.469618638,31553.650445941676,[-0.73188972 -0.49548887  0.46779079],[ 0.67874571 -0.59088936  0.43606654],[-0.06034648 -0.63666361 -0.76877679]
10,23551.65398420723,29525.127635512683,154758.16657405117,1888.925473102271,3402.771141874262,1364.4136322269205,1548.2050411140826,503907.67155730585,503786.5922657414,12098.432991025888,[-0.88544331 -0.41279031  0.21352822],[ 0.44060622 -0.89175546  0.1031424 ],[-0.14783877 -0.18540861 -0.97147689]
9,79955.05417492829,160021.87342604963,195885.76204728096,2086.6123780153916,3042.209047854194,2297.137533223913,3168.586118542647,795919.1206363307,795896.8591037695,8924.78687525602,[ 0.15873196 -0.79534039  0.58501096],[ 0.94020854 -0.05908445 -0.33543542],[0.30135039 0.60327663 0.73840724]
54,146903.05673806064,66671.04064385692,46343.513913079696,6319.688475841682,5186.723827711086,12229.142961600259,6989.2168567771205,1237843.093105162,1234794.7351550218,95438.9209335451,[-0.48323033  0.74170055  0.46515453],[-0.0223335  -0.54157598  0.84035509],[-0.87520835 -0.39569654 -0.27827071]
2,116061.25991169241,93564.93106344476,77507.77295889452,236.31945815450308,217.6087066473192,1304.605741999032,886.1976078525913,237629.4276507929,237625.13608279824,1428.1411957589241,[ 0.61998046 -0.78439834  0.01853316],[-0.37217718 -0.27320673  0.88704128],[0.69073032 0.55684588 0.46131799]
23,156468.3575717423,122874.96011711894,201038.8618006347,5289.291510770266,4168.1215809766145,2251.3355468823493,4310.209329389974,1356820.2844054615,1356651.617570627,26958.798338565404,[-0.63871883  0.76895983  0.02718519],[-0.53464237 -0.46894274  0.70302933],[-0.55334961 -0.43450371 -0.71064107]
4,47033.401952395274,178684.1197554648,49189.34414677544,2177.9244507655576,711.1266168805794,339.97879171860245,1112.4294381934578,382440.09774872416,382418.57712682744,4061.7325642617075,[ 0.23491224 -0.31497874  0.91956763],[-0.94036198  0.16582129  0.29702298],[-0.24603982 -0.93450077 -0.25724058]
67,171466.70754148468,4328.732153822177,114992.47330021633,4925.638833816237,2964.4716756509556,6714.988523694304,5499.0130134725105,1691692.6266792463,1691033.9343121368,56493.99541768504,[-0.10236361 -0.97655549  0.18937018],[-0.54796472  0.21423937  0.80860136],[-0.83021465 -0.02099682 -0.55704827]
2,101779.74313829378,174812.22570811346,44896.90500712361,424.65319746613386,214.13395962456707,1163.2738484272777,641.2949867635325,293038.36554034153,293034.37931812456,1528.468578758372,[ 0.86511812 -0.44355198 -0.23416295],[ 0.1014393  -0.30248696  0.94774032],[0.49120333 0.84366065 0.21669334]
114,67470.0200550435,11731.505520792343,155680.18886964506,6985.888884610176,6200.374993037482,7392.680199950587,6365.540271232563,1819775.7686276354,1817752.0121840425,108211.09553916931,[-0.43474361 -0.86402392  0.25389106],[-0.80880545  0.49859135  0.31183394],[-0.39601987 -0.06978066 -0.91558666]
39,90768.30130602745,84830.65216592618,17679.63618600243,3064.245622588322,6136.803806598491,4444.003736717804,4169.664927745097,784876.3198245397,784587.6647319385,43838.25194641834,[-0.20211529  0.01174645  0.97929129],[-0.6609443   0.73624527 -0.14524302],[-0.72270467 -0.67661283 -0.14104267]
20,135340.66515894796,161481.29824836002,137337.40219964646,1971.949034557192,2663.6941789073244,3288.1872721404834,1957.6015616953887,1124929.0561617268,1124829.8170943658,18948.274078229424,[-0.84237293  0.43177223  0.32246023],[-0.02874335 -0.63352003  0.77319221],[-0.53812794 -0.64204759 -0.5460707 ]
2,52461.00576576003,82210.75593397142,177649.76496968803,490.11239065642076,49.12520930636674,195.33932849598932,278.17829076517955,286602.4608822138,286601.7511980812,637.8039934007994,[ 0.27118877  0.84050813 -0.46904449],[-0.92706211  0.35914433  0.10756954],[0.25886774 0.40566173 0.87659914]
91,133680.40568318716,198628.30613350295,124716.77790203095,12198.598986839224,3417.567734055644,3845.4045359082334,6603.651134285803,2578132.8181016203,2576210.5335562327,109787.39846960412,[ 0.01983612 -0.54122891  0.8406413 ],[-0.86818573  0.40766558  0.28295283],[-0.49584278 -0.73544547 -0.46180072]
54,26059.462089480807,5424.05867567339,113843.65909895515,6164.201066715467,3789.4381866740077,5574.1668790180665,6042.54755395472,861372.0462533254,860674.3512738103,50286.873621394836,[ 2.06594726e-01 -9.78426602e-01  5.23109318e-05],[-0.95253444 -0.20111538  0.22854045],[-0.22359954 -0.04726508 -0.97353442]
19,46959.19943775821,121306.02703853782,68849.98085601516,2417.7000618095317,2386.021746063187,3574.953381712878,3031.6861071546787,641801.663073329,641739.4112229216,17015.420987005644,[-0.89111373  0.42897778 -0.14796749],[-0.32269624 -0.36980851  0.8712685 ],[-0.31903519 -0.82414788 -0.46797096]
2,4684.240812982,189514.49484587077,3684.2532356028623,536.6079161835628,1258.823046401798,482.4297454789173,1235.5603104022302,268154.3022685291,268152.14430994616,1075.7913828780754,[ 0.66601957 -0.00196077 -0.74593169],[-0.7455257   0.03134334 -0.66573946],[0.02468536 0.99950675 0.01941347]
4,99770.83385180132,33338.30795645069,169211.9496061639,622.2516494632413,1164.2281604330922,837.2309371489284,622.0815682778805,398499.5391966486,398492.40915726474,2869.3865281406,[ 0.84769414 -0.29328543 -0.44203881],[-0.17512281 -0.94127153  0.28868653],[0.5007461  0.1673068  0.84927132]
14,42710.566679073054,172672.28236134816,65370.65328240324,1877.7510453118327,1414.2528312692532,2505.8983033744144,1782.19043339657,709156.5729424165,709138.2841502111,10995.406909402085,[ 0.84455951 -0.35924383  0.39706812],[-0.48572925 -0.20190152  0.85047215],[0.22535822 0.91114195 0.34501308]
51,44849.937710175036,89809.48671753313,179165.19184963204,8215.789188910909,5299.99508401762,4919.135905405463,6984.992085891325,1468578.5579446664,1467630.9912128102,60432.63175736589,[ 0.4120321  -0.8517194   0.32373387],[-0.88441872 -0.28838188  0.36693245],[-0.21916451 -0.43750424 -0.87209917]
366,191378.1455220174,47716.481484791395,17298.192221535406,8822.274951893103,11589.423405370162,9589.280669110314,9258.736159912534,3798880.1838700343,3795657.253341878,282366.5604515121,[-0.20654293  0.53117116  0.82170385],[ 0.15261161 -0.81204479  0.56328763],[-0.96646248 -0.24174462 -0.08665922]
2,96073.68150497889,145652.4103580761,174932.1372479612,380.70903418745,1149.2212276311911,808.6547888930218,43.09948292284389,349422.80731098074,349416.74665325176,2058.0153896609354,[ 0.88670841 -0.03085001 -0.46129868],[ 0.25009621 -0.80717455  0.53471593],[0.38884454 0.58950617 0.70801299]
50,100332.54879223801,162318.78578509387,65544.41287371861,9634.93960480368,3686.292126804134,2853.970688735888,5660.537945880763,1428552.9900216348,1427430.202062004,64372.59804741853,[ 0.09673374 -0.42340489  0.90076128],[-0.86175545  0.41720225  0.28865173],[-0.49801619 -0.80415831 -0.32451394]
115,152974.46404659006,195950.76064877727,170243.66029062695,11098.415256415898,5063.560399323753,7555.782190777662,7000.529709063158,3233975.772248348,3232671.9648667932,134805.86228451447,[ 0.0427955  -0.6742475   0.73726444],[-0.86029927  0.35034077  0.37033297],[-0.50798987 -0.65011665 -0.56506163]
14,29383.232501651048,155468.354490491,147913.97685830735,1864.744470705381,1765.0375173432253,2131.6041696116495,1627.9991011420293,810481.3540781094,810467.8225292785,10903.659195295053,[ 0.89127921  0.21263439 -0.40050965],[ 0.43269271 -0.66300423  0.61090295],[0.13564061 0.7177827  0.68292724]
5,203174.28792182016,11974.30625159986,197360.981479392,906.5457290434633,1399.6809881299066,3479.4634708965727,2063.55665579716,633985.1979822387,633958.879045396,7287.477766687599,[ 0.10883786 -0.99270767 -0.05182464],[ 0.6889338   0.11291065 -0.71597584],[0.71660626 0.04222153 0.69619883]
3,131360.94381616628,169494.07161857488,6332.224098816819,2491.8572849248944,1037.178954792132,1593.9789011640705,919.1958839155748,371619.4297879919,371584.75928693876,5189.494825232355,[ 0.40525359 -0.3456912   0.84632566],[-0.67882413  0.50629471  0.5318491 ],[-0.61234576 -0.79004004 -0.02948577]
17,78254.61157219208,25004.450639760802,4652.629167087499,3413.6904252434074,3846.297423750559,2361.740837745347,4263.621039179732,339940.81993373984,339848.19492029736,15314.182733862432,[-0.1551001   0.30899003  0.93833316],[-0.26890027  0.90075948 -0.34106452],[-0.95059802 -0.30521718 -0.05662038]
40,6647.752782524697,180846.40437413298,190948.85117984976,2636.9890592392926,5656.057415790793,3102.7385691208347,5483.650224925752,1664387.6079559177,1664285.3435379495,27206.41766389777,[-0.89588636  0.33772063 -0.28867354],[-0.44355978 -0.64283026  0.62451901],[-0.02534487 -0.68754203 -0.72570214]
6,158467.78098211647,57133.07354144693,130903.27393661735,3072.61240987975,2218.6606203331853,1851.253358657068,3508.383153152627,522654.1142225494,522643.2127051924,5740.168918201852,[ 0.65417044 -0.09557453 -0.75028431],[ 0.14231146 -0.95871272  0.24620595],[0.74283812 0.26783471 0.61356017]
131,148047.80873069534,149477.40555766545,183844.58957929592,13648.518671717267,7036.962247988826,7892.898907293386,11724.443726888465,3203378.639277446,3201233.3434128584,142893.02409283837,[-0.24571674 -0.64577147  0.72291251],[-0.81122406  0.54522013  0.21130673],[-0.53060231 -0.53452242 -0.65783507]
19,131861.23854998275,6006.987630110418,53901.25448859072,2572.236141496086,2689.500976103983,3492.345254600227,2477.3272096044075,621827.0573260551,621637.4211848885,19564.5174107273,[ 0.22613811 -0.86016383 -0.45714301],[-0.30587839 -0.50826714  0.8050484 ],[-0.92482429 -0.04222195 -0.3780441 ]
2,109212.43797018753,159158.03902060405,24727.440062295667,488.4163919802959,559.7975241656968,490.8271071554136,121.3653779734741,275212.1985646702,275209.3712593047,1247.4814057702572,[ 0.53572074 -0.24191606 -0.80899933],[-0.6309126   0.52208685 -0.57391167],[0.56120636 0.81786425 0.12706486]
36,118855.92399099091,41078.081717204164,196341.99546443723,3974.983740916286,5061.801693660861,2760.2865462790114,3074.6360448353,1399393.4029034062,1399300.0229611387,37676.00471290002,[-0.85911093  0.05282442  0.50905599],[ 0.04527683 -0.98291432  0.17840808],[-0.50978272 -0.17632077 -0.84204071]
10,45377.35951677684,183182.87377430373,197155.6624434076,2235.157737337842,2434.4939754170978,987.4686224991553,1590.9421782461166,863107.8606368725,863074.4837991779,9680.73944997596,[ 0.57547591  0.5288391  -0.62382424],[-0.80074347  0.51941825 -0.29835309],[0.16624492 0.67121821 0.72237715]
9,152899.12726047853,71007.95031517609,10011.568092027886,3065.620265535325,2791.7602123176157,2377.1957510721536,3594.7771650806526,506836.27067098935,506761.84478237096,9469.255442157546,[-0.37130706  0.71628693  0.59081647],[ 0.20613874 -0.55683387  0.80463835],[-0.90533855 -0.42055806 -0.05910186]
31,35461.24825647283,133782.0258773133,54066.15786274955,4659.6787552919395,4417.3040882088135,3456.3816740793222,4196.084433464057,828155.3323086525,827768.5101043948,33287.358227605706,[-0.12958016 -0.3420356   0.93070975],[-0.96255033  0.26880453 -0.03522764],[-0.23812989 -0.90041978 -0.36405821]
95,52644.46424259476,170413.19536542677,85604.22199369284,4584.086088281315,6375.638166499594,3994.950771757666,5376.050223848821,1929781.7988889941,1929425.7991996594,68122.2589818351,[-0.3599748  -0.32758984  0.87355769],[-0.89433154  0.38780854 -0.22310453],[-0.26568636 -0.86156221 -0.43257522]
8,190191.23116161342,30480.465885980495,65796.03232121193,1203.6247052527915,2709.417250618262,2662.5517493870566,1473.9877858845248,575817.0175697312,575736.8517864759,10488.014076232019,[-0.13796997 -0.68449481  0.71584296],[-0.32851493  0.71346645  0.61890514],[-0.93436729 -0.14977478 -0.32330371]
95,116262.52193770513,10468.177965938348,184020.29252287393,4126.301427354705,5503.125150782679,8515.020400589116,7833.890983008386,2126143.0889573214,2125999.706664456,74233.6116367659,[-0.58086471  0.74682198  0.32381031],[-0.61515837 -0.66326173  0.42622067],[0.53308195 0.04838192 0.84467913]
19,152726.26018075284,59047.01768590081,11536.862142853657,2294.8415804180054,1896.167483579748,4619.301835039535,2399.670512060977,715885.204504533,715607.3518180202,21692.437566679535,[-0.36619267  0.92036102  0.13725347],[-0.01505677 -0.15334001  0.98805877],[-0.93041723 -0.35975328 -0.07000965]
6,190646.40883121823,167657.95251010158,201104.1133614301,1004.8686818846567,985.6115545165568,601.3616103762861,478.83116130190416,793347.7486276119,793342.3409125025,3559.9998503617267,[ 0.55770484  0.29599367 -0.77546957],[-0.58521288  0.80276001 -0.11446506],[0.58863503 0.5176525  0.62092246]
7,68254.29772724841,177403.15886808973,11925.972052230625,1401.4343315923718,2245.144861480931,1678.5845424636288,1850.4170828972346,503942.5230738673,503937.93630267907,6680.191977440212,[ 0.09675926 -0.10375148  0.98988549],[ 0.92857215 -0.34863546 -0.12730704],[0.35831747 0.93149823 0.06260703]
38,43797.330329783355,27073.741302831633,121162.89594428967,8456.712841485352,3286.771996892276,2995.369795100667,4651.4569670991,813492.0836770714,812227.5489642158,51573.98260866161,[-0.16038166 -0.94930899  0.27035192],[-0.92882306  0.23783394  0.28411749],[-0.33401415 -0.20554186 -0.91988428]
18,82127.37057620264,22935.34491977443,54297.319849720654,3717.2473100518864,3144.8681195242093,2573.440644173297,2635.9877161943004,429344.839937537,429209.9256504674,20556.6922114744,[ 0.13309254 -0.9688952   0.20863479],[-0.56730583  0.09813625  0.8176389 ],[-0.81268104 -0.22718137 -0.53659869]
10,71024.04882004166,32553.172407762566,38758.703854943175,2094.674061982527,1642.6460868533406,2445.57610546236,2609.537350889937,276021.4983289129,275931.94006667257,7890.884312649056,[ 0.16410845 -0.88253505  0.44068163],[-0.55689672  0.28584865  0.77984395],[-0.81420787 -0.37339314 -0.4445707 ]
58,18725.559190422944,186013.6071542113,145461.16080317082,5448.740850874641,8168.969975127069,4566.385874176466,7950.650580717937,1805773.1713539693,1805126.711516679,56042.51576942159,[-0.54677499 -0.48101052  0.68532181],[-0.83359899  0.38939995 -0.39176575],[-0.07842083 -0.78549129 -0.61388404]
45,14010.699924687195,60538.405653232345,111754.22357325845,4896.24033114193,5214.152660757635,6425.577309023657,6418.113364081093,859819.2899602923,859182.7962433868,48523.33005745196,[-0.73168559 -0.55701081  0.39290603],[ 0.67283936 -0.68251967  0.28540165],[-0.10919429 -0.47318691 -0.87416861]
31,71629.19904285525,141623.23107327425,199225.04489709903,2833.9978363433547,4522.356626191141,2634.877345430895,3320.3967741864176,1418494.5097419412,1418372.2883281524,27509.89950037483,[-0.83417066 -0.2613007   0.48567608],[ 0.47444632 -0.78897889  0.39040107],[-0.2811761  -0.55608835 -0.7821162 ]
37,78534.18445817406,122799.73885305253,102608.27413562125,6793.650780266072,3361.796072883928,6016.924906018737,6708.402122639943,1085688.1521773261,1085267.0165092123,42667.64602944167,[-0.35834478 -0.45334998  0.81612671],[-0.82289001  0.56627378 -0.04675516],[-0.44095471 -0.68833698 -0.57597843]
28,195179.42587313583,85455.5317672058,6413.088884678637,4271.61566792306,2526.8238898912596,2601.3716474390712,3949.7729090870557,1128280.7325422333,1128214.0167912536,21117.414202394324,[ 0.21766609 -0.43140237 -0.87550755],[-0.33787094  0.8082493  -0.48226164],[0.91567718 0.40078057 0.03017014]
