N,MEAN_X,MEAN_Y,MEAN_Z,SIGMA_X,SIGMA_Y,SIGMA_Z,SIGMA_R,LAMBDA_1,LAMBDA_2,LAMBDA_3,EIGEN_1,EIGEN_2,EIGEN_3
69,13295.668908728043,61515.520577133175,115889.39603089506,4913.163128397874,6808.7582953643105,4379.407827568779,5595.177069916853,1098010.4784913475,1096664.0525747435,63827.4645148278,[ 0.75941531  0.5344855  -0.37096312],[ 0.64283175 -0.70430155  0.30120867],[0.10027824 0.46720935 0.87844163]
356,195233.9384271383,134413.56882857982,43172.76422200055,6923.332837844611,11596.156456794497,15784.853367257252,11163.299132757467,4559953.304474367,4553361.191683422,332563.1539181694,[ 0.5144367  -0.82315686  0.24034904],[-0.28267386  0.10183471  0.95379515],[0.80959889 0.55860762 0.18029741]
29,71568.02527489222,141615.33323884418,200519.32393981167,3874.4824926292877,4604.878034597692,2487.4690936991456,2876.311972575709,1377356.0735328877,1377199.875049111,31519.249871476903,[-0.54288039 -0.58237641  0.60507735],[-0.79183605  0.59499087 -0.13777349],[-0.27977947 -0.55391659 -0.78415551]
8,44031.804085875,172348.50732364476,67193.76492856759,2146.3247632664975,2215.014479136068,1568.099909634311,2173.870075579714,537897.0690131519,537889.8410153922,7600.6414973791825,[-0.03611035 -0.35494909  0.93418798],[ 0.97214318 -0.22910711 -0.04947284],[0.23158944 0.906378   0.35333448]
15,102160.36568208077,150015.37650709428,29730.869979907573,2534.8114023752773,2668.939289421472,4211.228284724187,2543.8763785113447,712581.2912403885,712426.7490335287,19309.664877553176,[-0.82271797  0.51092745  0.24917522],[ 0.12068799 -0.2713519   0.95488353],[-0.55549037 -0.81567229 -0.16158328]
2031,113548.12688779084,87273.15312392708,147243.89740044315,30882.571637063196,26998.690105966798,25235.38257877164,18192.709573936452,9462921.85928325,9342870.639303407,1990887.0010543903,[ 0.62234858 -0.78254577 -0.01744623],[-0.54955535 -0.45270863  0.70217078],[0.55737883 0.42740732 0.71179479]
1100,106761.81435906641,25012.683317893407,81380.15442182438,17079.181679576766,16027.071630028167,19752.339826284748,20102.712538718737,4619807.231202119,4600487.236329956,761755.0266091281,[-0.61634568  0.37126498  0.69446405],[-0.10277182 -0.91226724  0.39649267],[-0.78074065 -0.17300521 -0.60042755]
475,12394.346533628863,47469.868700493695,152874.2741249227,8994.451877260288,14995.127317515264,13020.477195628768,12494.315362480796,3526395.4170201607,3515142.264829078,385366.14477519493,[-0.97349722  0.22856326  0.0078733 ],[-0.2153011  -0.92753425  0.30549249],[-0.07712712 -0.29570096 -0.95216193]
325,86920.71006562434,172549.94083883523,34620.9966607237,11550.0248979692,10907.588778877189,8153.415639152986,13138.56284042699,3551014.839358566,3548612.325093843,218287.72967704033,[ 0.0728094  -0.23258462  0.96984699],[-0.8933553   0.41712566  0.16710025],[-0.44341301 -0.87858442 -0.17741004]
135,151195.4888762089,195606.676230591,168183.45163967606,11039.975245463367,5884.565879761086,8227.769791711824,6402.966660837028,3477567.177761027,3475964.1217345055,157543.89864354787,[-0.39127386 -0.4073906   0.82518947],[-0.76872674  0.63764332 -0.04970105],[-0.50592882 -0.65379193 -0.56266521]
213,191404.05629538812,182135.69278237992,111792.6842261868,8974.4784515353,5627.191334684196,8013.592419370154,6830.749900041765,4190783.822930394,4189017.5652371864,164925.00584025693,[ 0.40553858 -0.74839169  0.52483172],[-0.6246907   0.19224695  0.75683726],[-0.66730801 -0.6347842  -0.38954978]
1776,24119.737413803752,41071.23240738526,35544.77567706641,13413.767219068648,18229.372335594533,24551.440674921538,17307.221984699358,2821907.4144161027,2642740.3604525076,1248634.582564938,[-0.89718156  0.4266606   0.11413142],[-0.1853885  -0.59834872  0.77949337],[-0.4008695  -0.67818843 -0.61592541]
105,64281.3596613361,81525.90601214825,18685.07792017147,6271.862222843857,3963.107586874609,6319.709519052708,4593.938967155997,1084916.239362473,1082608.6742839748,87624.13838666194,[ 0.53175323 -0.56453223  0.63130172],[ 0.58762021 -0.29085579 -0.75505324],[0.60986965 0.77246765 0.17706704]
253,96597.18794123949,189010.88245117123,11618.966374180736,10646.071323128775,9790.285513146644,8116.986638718543,9784.029319622188,3389269.5501421737,3387287.387164429,212216.14417766788,[-0.10665353 -0.0072552   0.99426978],[-0.88436258  0.45774034 -0.09152384],[-0.45445336 -0.88905632 -0.05523585]
19,200592.9262694984,5722.187109977286,129118.35651271396,1999.0823417734814,3235.2346136021583,3395.6691097059283,2367.0453417370636,1040340.21540432,1040231.9663326795,19658.05655654448,[-0.37678633 -0.69182274  0.61596539],[-0.38915636  0.72166848  0.57249623],[-0.84058872 -0.0239981  -0.54114203]
63,163921.84264456434,55880.33465281936,192059.7884985066,6310.170456576008,4269.2472105946945,3992.3453841582773,6290.67226994305,2053614.5853011191,2053457.9388502182,46610.959659517815,[ 0.59683538  0.47390515 -0.64745767],[ 0.4917365  -0.8536764  -0.17155702],[0.63402109 0.21598727 0.74254074]
60,173141.56335061233,12867.700306202278,94546.84409956173,5810.259191428232,3585.3872254708244,4238.084401758744,6220.54586996401,1532390.3415407245,1532290.5187340498,39201.93963985933,[ 0.29842589  0.70572961 -0.64256338],[-0.37931824  0.70548613  0.59867102],[0.87581942 0.06507708 0.47823144]
322,112448.76254079545,97576.31207357497,53537.50527112725,6729.285328526568,11964.509302985027,16457.965875190195,14202.103473935334,2863440.6060860255,2852175.7942382917,286840.3480433393,[ 0.43465504 -0.76315888  0.47818774],[ 0.55788564 -0.18866134 -0.80818965],[0.70699265 0.61805778 0.34375278]
464,164503.03259300225,175289.08173128718,195954.29863618722,15022.19107482273,23006.500244227263,6525.995303673772,17137.772262121824,6703231.47265978,6696751.021775774,469656.96100204845,[-0.84702071  0.38112317  0.37054157],[-0.02978505 -0.73001752  0.68277908],[-0.53072476 -0.56729142 -0.62969172]
476,150386.5095707232,16206.253835167021,173468.2282698879,12331.947527665154,7746.148350551451,13443.162328394546,13278.328660688043,5037189.648260121,5032213.466549736,323889.856753907,[-0.15417848 -0.96264567  0.222581  ],[-0.74128341  0.2616399   0.61809665],[-0.65324414 -0.0696984  -0.75393251]
481,163126.65423482851,193927.94053971383,14608.724973246108,13037.742492395893,7633.675997563618,9109.545347129826,10488.323304347627,5577625.8469918035,5574574.035048318,311425.53008748416,[-0.36165539  0.23606066  0.90193167],[-0.67480871  0.60124462 -0.42794639],[-0.64330287 -0.76340047 -0.05814757]
150,189787.50194086754,126804.01042169487,147484.53800924573,7566.1530080164075,8324.825302579742,9517.700235970184,10057.132351230643,3332442.219233627,3331351.587144938,130915.35839108418,[-0.69525124  0.26129635  0.66958937],[ 0.17041955 -0.84509061  0.5067337 ],[-0.69827135 -0.46641835 -0.54302029]
226,112836.8784199402,28688.200858250188,29989.013128941246,10633.19928239625,17314.621525527637,8810.619232026012,8597.847889232722,1835490.917435801,1814511.3921875425,306043.85297483375,[-0.29952771  0.20318866  0.93220037],[ 0.1649473  -0.95131877  0.26035548],[-0.93972099 -0.23174762 -0.25143091]
132,179128.3584261366,139493.4141938634,19798.054418494416,5558.295294082168,8347.05333055755,5201.2784188812675,7497.386944745255,2620898.393052546,2620409.1902358155,97458.7442112686,[-0.27082174  0.21463771  0.93839556],[-0.55608463  0.7608364  -0.33451138],[-0.78576426 -0.61242031 -0.0866943 ]
62,157101.13625090066,63330.46329415884,8150.290572218133,3817.812303346211,7690.005054161683,4715.526565021208,4625.223584576532,1337261.8532625858,1336047.8481552291,67743.85117273332,[-0.22093271  0.43587905  0.87246673],[-0.30550791  0.81861954 -0.48634038],[-0.92620389 -0.37399399 -0.04769534]
1222,57757.42644428063,173010.7375037281,144569.77602715918,22664.962839332456,16990.33355457696,21342.855719513,18542.509220355907,8212366.625699468,8179052.052385228,1059998.1200695632,[ 0.49460895 -0.64848424  0.57864512],[ 0.83336759  0.16488542 -0.52755214],[0.24669911 0.7431561  0.62197955]
66,54415.38050962439,12036.973504400794,190687.96805060125,6160.76275518103,7372.845316234189,4539.464445860337,4768.394701598141,1615950.8173077854,1614752.9011332258,77034.06258910398,[-0.79207555 -0.55189819  0.26081545],[ 0.5454199  -0.83173596 -0.1035974 ],[-0.27410481 -0.06019697 -0.95981398]
118,178791.43612113487,71963.31318262279,156904.1218910009,7265.967383574375,5281.013648700962,7494.671568295307,9810.875516675735,2702276.529767346,2702138.8433027896,68909.67459530392,[ 0.1156635  -0.94616354  0.30231856],[ 0.68498191 -0.14443405 -0.71409984],[0.71932033 0.28967803 0.63139916]
738,18745.07784511972,108815.93584308389,87855.51530995786,10726.824480578573,12678.317238596006,18106.68229149051,17054.33413810134,3884264.615992373,3868365.008406798,477171.35899213643,[ 0.84409102 -0.41826603  0.33550542],[-0.51971067 -0.48421153  0.703875  ],[0.13195141 0.76850031 0.62609592]
1457,176353.27771108516,98396.79920333202,69149.5354783945,12554.649687805504,20702.855488856872,25584.08895279376,19214.90524813678,8232920.048369666,8205104.9554047,1133394.8230441918,[ 0.29553367 -0.84325756  0.44897276],[ 0.48539249 -0.27224207 -0.83082993],[0.8228329  0.46346623 0.32885419]
113,116415.70172964141,10279.59304326492,181471.19549605058,4840.440613290599,5295.179050665385,8885.831042636937,8491.53797972373,2297025.62463098,2296939.2090712744,81105.98403723296,[ 0.04310252 -0.99864716  0.02908632],[ 0.84123053  0.02057208 -0.5402851 ],[0.53895581 0.04775595 0.84097919]
36,80028.45029427714,32669.61896495476,3491.0562359772284,5383.955023762965,11564.134892028816,2190.3063311500905,8309.504736630348,524700.804784514,521621.47940668464,59264.41597263217,[-0.08823075  0.11179754  0.98980637],[-0.37723687  0.91591586 -0.13707836],[-0.92190438 -0.38548598 -0.03863779]
849,18128.04109590612,146152.7131674288,26929.0387046933,11972.82187837969,12136.11112786419,9898.548043557126,12436.76330371494,4393681.47016734,4383566.2974976,446602.40107325715,[-0.46736558 -0.10511259  0.87779312],[ 0.87581761 -0.19035137  0.44351986],[0.1204696  0.97607259 0.18102313]
52,17182.781493132927,154816.95226601447,88396.42737496759,7060.554136590655,5915.52042384929,4032.2905660145425,4993.526930170614,1293243.2680110815,1292349.9856563183,62646.34692994861,[-0.44036906 -0.40768279  0.79991864],[-0.89269658  0.29384128 -0.34168716],[-0.09574915 -0.86455309 -0.49333564]
12,115629.04780574549,55099.4040010758,111726.00191244966,2195.7543130572767,3353.3083571926563,2155.8701866076735,2564.6758918348805,588972.967998219,588868.4144039323,13086.518082102126,[-0.61106881 -0.24439645  0.75290457],[ 0.40473899 -0.91387765  0.03184324],[-0.68028028 -0.32418824 -0.6573589 ]
4,29841.970221483687,197162.77040841716,184125.40458082958,1407.115024695883,259.81085995377543,474.86712642650787,339.79791339674483,542837.2841259885,542829.7689376472,2938.6007110751557,[ 0.26884812  0.63535229 -0.72391171],[-0.95688611  0.2619809  -0.12543915],[0.10995299 0.72642514 0.67839285]
3,52574.52818440675,98725.4919005736,94460.5106135984,148.78788430776964,287.7251119780194,584.9491890627269,521.427495480671,253578.62043146504,253577.5865219383,724.1476256697615,[-0.50511585  0.72175611 -0.4732083 ],[-0.78479511 -0.15597984  0.59980574],[0.3591025  0.67434295 0.64521856]
18,35209.04506730996,134768.15242716295,54139.959704885245,3448.501185027408,3134.204906938584,3108.8140652992006,3168.303232605338,634401.8292637422,634254.2213581706,19575.45000604442,[-0.38421095 -0.25620499  0.88698419],[-0.89273057  0.34805444 -0.28616471],[-0.23540196 -0.90178551 -0.36244835]
714,120550.71411591044,156379.78823773883,100070.4076681562,14881.478214969553,15969.330531266436,9713.774861085598,16305.97620842288,5943323.941839865,5937032.235449181,466277.02370483143,[-0.55472421 -0.09916101  0.8261042 ],[-0.62855396  0.70048863 -0.33798756],[-0.54516141 -0.70674095 -0.45090605]
30,123134.29756590289,148612.18679358673,173383.26797939194,4632.396510601736,3331.65523667021,2714.776344797076,3215.8823839269257,1421327.8708677937,1421231.9290628715,29771.199768741477,[ 0.40111631 -0.81659452  0.41506518],[-0.78343036 -0.07100369  0.61741019],[-0.47470262 -0.57282796 -0.66822568]
163,39867.635965087626,12713.943372382048,64607.76296194956,9188.978456696528,5263.177513762121,8126.391569070925,6832.209843468633,995653.9230412282,988244.6132220078,147506.9132048152,[-0.05494742 -0.97239846  0.22676425],[-0.85456952  0.16325929  0.49300846],[-0.51642204 -0.16669627 -0.83995276]
258,153866.61803360388,13530.88239329714,15178.197274366812,6741.100511970398,7924.312528403638,10487.335553311677,6454.641794482292,2502166.978330437,2497157.2479545935,213499.4030067034,[ 0.02630138 -0.86384681  0.50306752],[-0.12796741  0.49619179  0.85873048],[-0.99142956 -0.08696204 -0.09749371]
12,5116.241284813888,165598.19080024445,167407.96007567074,1929.6113661575703,2434.7867873642854,4275.344186833256,4431.337354172778,816084.6331190023,816065.0353902861,9936.646383138224,[ 0.86880452  0.33845997 -0.36141882],[ 0.4946734  -0.62548023  0.60338438],[0.02183887 0.70300735 0.71084719]
87,78591.56711824823,128139.28690197528,135260.25515099126,5043.2421308153225,4789.296131455833,9996.880460303075,9037.017221575867,1889088.4106524552,1888510.6464138904,76322.08802493764,[-0.92020134  0.22873469  0.31766324],[ 0.04790678 -0.73960663  0.67133224],[-0.38850281 -0.63297905 -0.66962907]
122,85644.81875446203,190209.02300089246,107690.9664700863,5652.2471280423515,5984.840301319306,5920.688581491694,6914.469819622865,2594857.212806945,2594677.277540974,82133.69865172464,[-0.846945    0.49349828 -0.19784743],[-0.38667962 -0.31632964  0.86626464],[-0.36491511 -0.81018208 -0.45873954]
182,112443.0739365297,54421.13910045643,143697.08809648192,6551.424130537104,6289.6426592459175,7462.606196985159,7660.561890098087,2572587.3092437303,2571792.952657502,120044.71469589898,[-0.70077422 -0.28256486  0.65503633],[ 0.40020141 -0.91582993  0.03308134],[-0.59055425 -0.28532901 -0.75487285]
193,135318.44555358344,116265.6512202815,167888.96626166056,6522.032503381064,8659.56249444024,7796.245094856227,5926.597198238188,3407562.0853836727,3405262.3823829954,165871.94999212024,[-0.7532531  -0.06831827  0.65417305],[ 0.35707788 -0.87773496  0.31949449],[-0.55236325 -0.47425094 -0.68555152]
130,60551.64931608133,52193.35247919451,72355.27038023248,3838.8198422911137,11009.723097351462,10636.794304512432,6408.116389059327,1240504.6030535155,1233307.018334518,166158.72765187183,[-0.82099479  0.43449084  0.37038529],[-0.11266485 -0.75926943  0.64094974],[-0.55970902 -0.484487   -0.67230809]
163,144031.97553068126,151872.87476431503,27926.041855411604,10426.388748997855,8361.91041666802,12309.186933656334,8954.676272818224,2704834.2256168053,2699358.0013664034,203594.91029705585,[ 0.61876403 -0.471417   -0.62840837],[ 0.38897082 -0.51113897  0.76644547],[0.68251943 0.71868141 0.13290695]
10,120951.80739115985,52904.01202228402,176215.5709521636,1383.9452553481028,1694.0798417281524,4279.354730396886,3844.4563794546807,696427.9774024287,696396.7673867763,9143.813589770754,[ 0.68788751 -0.67379745 -0.26982916],[-0.47450226 -0.69878932  0.53529533],[0.54923436 0.24018843 0.80040686]
128,178492.1318439516,5208.482374545842,33284.41677056326,7169.796654210807,4263.3643618761425,6588.328066515639,7223.926578299054,2058113.907265932,2057182.0554174173,87556.45448492756,[-0.03733973 -0.93765461  0.34555691],[-0.18178658  0.34640182  0.92030398],[-0.98262881 -0.02845371 -0.18338757]
11,146365.0856113146,18742.86123098804,97608.34303310116,1469.1803494289688,1846.064186138101,6093.961759401796,3046.847154485233,587155.2418765704,586904.3413156006,19046.174603433497,[ 0.1405146  -0.98986532 -0.02054961],[-0.54431839 -0.09457187  0.83353083],[-0.82702668 -0.10593772 -0.55209063]
15,4491.195228968573,198921.9560060167,172069.9002666677,2439.455537824879,2468.7057089763825,2237.5519265660846,3002.9474983969953,1018927.6883374662,1018883.0552760347,10964.85814219776,[-0.43393261 -0.58378111  0.68622307],[-0.90078312  0.29557528 -0.31815879],[-0.01709549 -0.75619764 -0.65411993]
18,33949.12293783538,168347.1718527968,124040.11202093953,4254.981131832082,3746.052157452941,2469.6333538531117,3232.037351569248,899098.114009139,898971.434601104,22425.92368447027,[ 0.07606739 -0.60128798  0.79540337],[-0.98416172  0.08282787  0.15673307],[-0.16012328 -0.79472782 -0.58546411]
138,69093.73710825708,85022.61726842649,136839.5229909446,8040.215966834743,9714.637166317432,5728.802897579176,6543.53042104812,2063709.06136295,2062639.6455862646,143021.78628360206,[-0.38283235 -0.68502638  0.61982115],[-0.83577436  0.54267869  0.08355275],[-0.39359957 -0.48604393 -0.78028244]
48,146979.9491298704,3682.599017039047,102346.67718676066,4561.223413533447,2724.687797325662,6940.790861469293,4190.7588444038865,1242468.92516891,1241606.6821690558,52947.36840425166,[-0.04005853 -0.99482335  0.09339062],[-0.57050436  0.09950486  0.81524447],[-0.82031706 -0.02062226 -0.57153708]
117,15164.72325178691,98972.86920363283,168078.38483485958,5693.805952230989,8648.45311417206,5364.184507201236,6146.324247391059,2119386.29596738,2117777.649472541,107755.99290946107,[-0.85568989 -0.40862511  0.31752217],[ 0.51173833 -0.75938927  0.40181067],[-0.076933   -0.50631359 -0.85891086]
809,107246.3919514419,127038.41623433902,51234.61394272553,24049.22624742646,10750.698454748443,12789.557472861146,13779.545013540554,5007846.42304929,4973794.742359249,734801.6049451263,[ 0.07949947 -0.43149658  0.89860477],[-0.77968712  0.53475889  0.32576206],[-0.6211021  -0.72652848 -0.29391928]
16,16655.620350881625,198076.50648153207,8640.384189411048,3313.406467992607,2765.412475832569,3144.9317373361637,2719.958985296103,796106.9149156914,795960.3134623057,18365.266452185024,[-0.67591167  0.02469496  0.73656878],[-0.73221492  0.09099756 -0.67496723],[-0.08369425 -0.99554488 -0.04342429]
321,192358.6349844665,48925.41452068142,17772.371619132686,9180.814833391238,9333.049594544134,9180.936048453786,9638.85098208886,3578562.9292165856,3577769.962364413,228725.16200731279,[-0.26105285  0.88535584  0.38470307],[ 0.0161283  -0.39446612  0.91876893],[-0.96518977 -0.24605185 -0.08869722]
27,135199.11621657523,163932.48124796117,138079.41383466765,1717.5170755528752,3399.83407045495,4440.713953487624,3149.971925530458,1317054.7666980987,1316951.433603384,25642.647709108496,[-0.84480648  0.43929323  0.30548889],[-0.04177887 -0.62334311  0.78083154],[-0.53343841 -0.64688856 -0.54495748]
105,137661.40286456453,136574.40774901945,4415.444423876519,13095.5967210904,8565.024085911062,3894.283363662635,8869.252336922711,1994043.7805916336,1989977.0493164137,138410.71069753024,[ 0.05428884 -0.08667085  0.9947567 ],[-0.70145301  0.7056983   0.09976765],[-0.71064506 -0.70319135 -0.02248399]
18,170458.33102587523,169893.11478348996,27908.733625275272,3515.4190781734947,3423.824612527647,5735.909011798763,4843.16634713091,1028357.4057305664,1028142.1688431437,24617.76458960111,[-0.67626113  0.71054245 -0.19442301],[-0.21843085  0.05864387  0.97408873],[-0.70353311 -0.70120633 -0.11554582]
89,10598.428206524131,152060.75212188624,124784.76314666918,5950.264810610849,5637.156667352142,5693.147080671403,4115.704433961615,1859943.5498609869,1859683.3306656133,85966.63147795205,[-0.99394429 -0.01965767  0.10811256],[ 0.09590988 -0.63536643  0.76623156],[-0.05362876 -0.77196054 -0.6334042 ]
17,10717.215790710963,3720.7440689295854,16612.070176653793,4025.017236132555,1923.7727799439601,4430.909870134389,3422.229948681133,86614.7629142173,84212.39787728233,22558.63749956082,[ 0.14145595 -0.98090436  0.13347975],[-0.84267979 -0.04855457  0.53622125],[-0.51950071 -0.18833237 -0.83345661]
325,193011.6709475508,40800.563638024614,141830.33498677687,7296.713292929649,12443.36316533295,15826.776490049662,13705.263707132479,4394226.757735076,4390109.120010558,296485.91573008057,[-0.35642641 -0.65090181  0.67028878],[-0.49393444  0.74022876  0.456169  ],[-0.79308826 -0.16848803 -0.5853399 ]
2,64123.200077218164,66964.3452762279,108671.52555889476,225.7857204545835,55.41961645366973,632.5484509758244,608.5430523980467,202019.61767007975,202019.20265857966,409.48840881249635,[ 0.87847371 -0.38741964 -0.2796247 ],[-0.16365071 -0.79382423  0.58571455],[0.44889018 0.46877405 0.76075521]
9,132758.65878252982,6838.183208397537,52567.22056310808,1688.696856549906,2518.918385775072,3641.02736194328,1698.6023872593007,429071.8633896747,428899.6258923042,13245.467475527414,[-0.15896427 -0.84456213  0.51131709],[-0.335156    0.53331036  0.77669203],[-0.92865538 -0.04790471 -0.36783736]
115,31350.211704052253,11986.454115329683,118986.46865022101,9046.182735027622,9808.066889864236,6377.930717672128,7601.765919816345,1334449.7490591824,1328898.0857863156,137709.06073304522,[ 0.73771174 -0.66303034 -0.12716979],[-0.62510062 -0.74198335  0.24230132],[0.25501099 0.09925461 0.9618305 ]
133,16996.695954381557,147567.8054871416,60983.61900586978,9438.446096912818,8521.088023655737,6923.785474154112,6711.276471360205,1857120.081020766,1855701.2622739568,147725.9653135955,[ 0.67943616 -0.34537893  0.64736381],[-0.72589477 -0.18777164  0.66167862],[-0.10697329 -0.91948638 -0.3782876 ]
19,190140.35325895654,6023.811385040001,72709.36159210601,5301.312971497907,4029.7650542229076,4544.132712688308,4139.442538504843,888293.7906098523,888026.5687955249,30194.87389288872,[-0.14411987 -0.88157797  0.44949943],[-0.32763764  0.47113161  0.81895578],[-0.93374677 -0.02924514 -0.35673756]
149,69853.93971622633,127063.19177370136,10729.790335348458,6290.693931665503,7165.259860644216,6447.926642968701,8390.087949117727,1779745.6765254044,1778316.2842229393,96050.45371868339,[-0.81670315  0.41589224  0.40003701],[ 0.31896866 -0.25235334  0.91355174],[-0.48088976 -0.87369985 -0.07344118]
12,85199.98618380164,3910.5913385843264,103578.29038468632,9199.010354380676,2886.891942637938,5225.7255509756205,9607.604328495334,466323.4973605494,466008.97786487394,18204.13255683115,[-0.42088988 -0.82476043  0.37765321],[-0.64624971  0.56478589  0.51320387],[-0.63656345 -0.02805596 -0.77071385]
90,187998.47851658752,69909.50669040579,125360.15738522419,7597.476694346567,5017.842847211404,4618.023181284664,6907.264858488367,2245666.144230552,2245204.8657650715,71189.57686481456,[-0.45028367 -0.2981847   0.84162373],[ 0.40643464 -0.90772398 -0.10415405],[-0.79501918 -0.29516617 -0.52992587]
2,135307.5050477715,100919.71423827703,104956.06278005982,128.88509978352522,340.858007080511,456.2776146100805,155.60260975369602,281101.4967704426,281100.3698718324,795.9550880698513,[ 0.73139649 -0.43094492 -0.5285316 ],[ 0.04079469 -0.74599067  0.66470574],[0.6807312  0.50772472 0.52803469]
8,134157.88408406117,112582.75750416823,147183.8137811227,1608.0441178186034,2962.2713789269274,3224.7957488871234,1771.7161626886646,647185.7623777447,647093.4534362337,12225.266956201433,[-0.80833251  0.3045941   0.50380649],[ 0.05192083 -0.8155394   0.5763677 ],[-0.58643224 -0.4920548  -0.64341223]
160,45019.76396826141,71523.80302633994,114976.68965687887,6301.428172252497,7061.235843277376,6837.5673301892275,5888.170418470546,1809630.905194876,1807897.7074433092,127389.06660110806,[-0.79787377 -0.31992174  0.5109281 ],[ 0.51377534 -0.80423035  0.29874477],[-0.31532894 -0.50086288 -0.80604221]
23,57515.560452705686,140440.59146445015,165946.50501399048,4165.033945500013,4715.706143045436,1758.5337756299064,3224.7473896403976,1078861.1039271397,1078653.5457533263,27224.194415128513,[-0.76578167  0.59677642 -0.2396588 ],[-0.58998773 -0.50363405  0.63108417],[-0.25591582 -0.62466844 -0.73776449]
232,181961.3964711374,181563.91910391886,52723.798533220484,12146.126119116365,10451.751188377306,10834.124141238735,6145.360205226506,4004710.128636329,4000849.809601611,279135.338305986,[ 0.05288539 -0.32749536  0.94337157],[-0.71848945  0.64360722  0.26370942],[-0.69352437 -0.69174889 -0.20126454]
9,160159.08927580214,138055.57671843783,10906.273724126595,2072.5219704492333,1914.6663973369095,2157.670501664002,1780.5699449944907,635244.8963664911,635241.6694359286,9222.752534641751,[ 0.65402874 -0.75328534 -0.06933687],[ 0.00645536 -0.08609747  0.9962658 ],[0.75644216 0.65203406 0.0514475 ]
70,123098.32844721388,17281.149945727575,7928.140144859695,4551.750403379295,11256.113002890195,3370.026663940894,4482.901854589524,1047108.6385504013,1043091.0986888054,99045.06023667398,[-0.07777604  0.09965411  0.99197779],[ 0.13128998 -0.9853027   0.10927732],[0.98828833 0.1387359  0.06354936]
146,128618.48337980427,171052.4195437818,159322.84420295205,9125.532218004684,7732.586198005747,6412.302672252813,6484.479025115969,3226864.2892680876,3225918.645980263,143939.80302582515,[-0.67612484  0.70571027 -0.21172676],[-0.55691662 -0.30136423  0.77396607],[-0.48238893 -0.64121184 -0.59678162]
25,136720.59000027704,117857.25877451613,11793.932980499245,3357.5236986441437,4279.867183427527,4306.624463761178,3441.9162770284956,904927.8051843563,904824.9770798472,30029.85091187686,[-0.60372194  0.65501207  0.45439962],[ 0.25364327 -0.38255074  0.88843684],[-0.75576776 -0.65162422 -0.06481487]
20,200989.1077047154,201954.22865508794,33701.49637317734,2558.0974391054124,1338.0867061988006,4159.994257235764,2545.660525525228,1283285.7160972261,1283174.625975385,19574.359765762507,[-0.71161482  0.67675037  0.18871483],[ 0.05329242 -0.21583785  0.97497381],[-0.7005457  -0.70386288 -0.11752775]
40,31625.08027593354,174045.95971942894,102515.00138917929,3420.575376831157,6449.197747373565,3291.8932055635296,6008.983735286186,1293881.9371176632,1293827.3063433329,33587.83389549056,[ 0.79231633 -0.40981613  0.45197962],[-0.5902261  -0.32726983  0.73792114],[0.15449269 0.85143714 0.5011854 ]
19,179952.15893799503,140770.74111746703,201203.07659999523,1908.0090227467965,3095.727835049072,2131.2117414498093,2607.914214501038,1327115.676828338,1327080.1435872328,14423.242655211909,[ 0.6096272   0.28042167 -0.74142994],[ 0.52818545 -0.841147    0.11615442],[0.59107936 0.4624234  0.66090074]
64,67067.25847291385,26282.79492030767,101953.89913938288,4552.802115661813,6678.881621456477,5042.289099117566,6315.420211273439,1001177.566864776,1000330.9930848262,57217.87174066339,[-0.82795033 -0.05239705  0.55834827],[ 0.16083325 -0.97598779  0.14690305],[-0.53724381 -0.21142939 -0.8164966 ]
2,29685.0200378764,8452.364225006992,173817.47265921254,731.2288780679137,1788.602971325781,206.5080917871237,165.99582634388935,249675.52190445314,249660.50644233535,2738.2040131553263,[-0.90443326 -0.38977876  0.17341566],[ 0.39207991 -0.91966256 -0.02222881],[-0.16814821 -0.04788832 -0.98459783]
17,175645.92262094183,27703.98652786451,84015.02877091525,3668.6108782959486,2634.4116454414298,4858.470752906416,3427.833650611224,811300.0104600583,811032.1770896842,23475.69382953258,[-0.00446293 -0.94680544  0.3217756 ],[-0.44984815  0.28928244  0.84495699],[-0.89309391 -0.14097917 -0.42720972]
67,153180.218935055,153140.784952713,186669.96010445876,4489.413448308694,8050.687105314453,7475.102118482153,9344.860419464314,2342390.5233810977,2341931.1291271243,59500.36996212614,[-0.10372794 -0.72543242  0.68043245],[-0.83826443  0.43196517  0.33274441],[-0.5353067  -0.53586743 -0.65291105]
4,32852.18781427256,59693.39945778786,125750.06320354124,1567.4313521795455,700.796263588798,1736.635077305533,942.1799026180404,286086.2817964658,286054.53782797133,4508.242257751423,[ 0.5522024 -0.7997881  0.2353965],[-0.80146646 -0.43148378  0.4140933 ],[-0.22961712 -0.41732571 -0.87926971]
18,133518.6433324798,179358.90752262936,181296.09809794748,2321.049871431483,5096.976280259854,3077.7204365912726,1957.039075934296,1221558.9653515464,1221368.6386291233,25824.330089402247,[-0.87701396  0.22237822  0.42590426],[ 0.12535501 -0.74983479  0.64964137],[-0.46382392 -0.62313378 -0.62973936]
8,172192.5224662472,202139.65050148894,174161.28355355267,1730.8680767142034,1668.9212278469122,2203.1694475508752,1596.7363718563208,898231.6862748549,898204.4609258716,8027.407248604254,[-0.58419317  0.75475535 -0.29843374],[-0.60390448 -0.15857217  0.78112371],[0.54223401 0.63655261 0.54843691]
31,92293.8706873704,189399.91226467848,88010.95553159047,2946.685398328708,5027.311186240373,3812.583213563183,4751.435803911227,1271834.252082958,1271650.3529788496,28411.286701273715,[-0.9098227   0.32136431  0.26257883],[ 0.09399341 -0.45670805  0.88463721],[-0.40421269 -0.82954369 -0.38531722]
95,37650.14233055811,84848.86261317611,186390.069998286,4537.590474054529,5070.710356368313,9550.067156789522,8169.751563610062,2032431.864491133,2031418.0293230705,82039.89014876664,[-0.86675021  0.49616127 -0.05067615],[-0.4649177  -0.76700387  0.44221782],[-0.18054255 -0.40685262 -0.89547492]
4,148789.04097307866,181939.23083720024,71282.593818719,881.6705503768943,1135.684521239448,3448.4496478924157,2078.338966580507,491264.129703233,491225.8565594523,6208.786937845668,[-0.79039696  0.60206566  0.11309104],[-0.09101685 -0.29797629  0.95022422],[-0.60579582 -0.74076114 -0.29031768]
22,131357.750662782,180842.90242319618,49511.67896937151,3489.682737957083,2984.1816801613236,3776.1301149065607,4297.5419894598745,1074122.6328367242,1074011.1537012726,19343.540811773015,[-0.72645388  0.36887655  0.57982313],[ 0.37814118 -0.4899482   0.78546802],[-0.57382403 -0.78986129 -0.21643736]
150,57693.12570148822,170007.03123068853,80176.58733465272,7571.750122703546,7980.528571273367,8444.729344019706,7376.8184546277735,2413155.8810959375,2410681.4489882425,144033.07021933357,[ 0.6482708  -0.49302656  0.58023252],[-0.70284748 -0.09440348  0.70504851],[-0.29283168 -0.86487733 -0.40772149]
6,77205.2433610565,100650.9688078063,71235.90324287544,1039.2947839995504,1446.529112919152,2171.8994613775753,1726.3345612460548,356412.9525857373,356405.4828057475,5428.462623346551,[-0.52316011  0.72189691 -0.45295513],[-0.666905   -0.01587269  0.74497367],[0.53060458 0.69181855 0.48974062]
15,70728.21750218589,119864.36206645392,159007.43715007722,1734.3597547461388,3915.4297464359884,4477.411480739804,5353.76761542599,818748.9507322289,818691.1982362443,12074.155799233342,[-0.9421114   0.21907766  0.25383281],[-0.02086452 -0.79386854  0.60773136],[-0.33465025 -0.56725454 -0.75248355]
237,162887.00557066916,153609.91122251822,149291.16001562888,7392.170556038552,7267.193458845136,6860.617087100729,7267.0881841218725,4146083.8264355743,4145377.6703234054,155809.25371112284,[-0.6521308  -0.04398614  0.75682933],[ 0.45635524 -0.81995241  0.34556901],[-0.60536379 -0.57073923 -0.55478952]
21,153051.81892669195,162598.24158278093,50971.83586875751,2661.1800842213647,2979.371758291628,4677.8933448573,3228.5414081086337,1049940.589623255,1049765.944959813,23977.513200651498,[-0.64434586  0.70176081 -0.30389172],[-0.3719581   0.0596148   0.92633323],[-0.6681808  -0.70991397 -0.22261306]
28,22042.099219141593,22506.181358767655,196019.60694404817,3854.5169434658997,4503.604602895304,2839.284655145807,3052.623189219873,1050960.860586423,1050833.6966211142,30804.675032735926,[-0.94131597 -0.30656004  0.14122741],[ 0.31867464 -0.94508188  0.07257221],[-0.11122373 -0.11331897 -0.98731357]
82,180384.86848403423,162062.77881583932,94898.87305459322,6726.746613616655,5354.149008671739,4586.37843896621,6131.837331725855,2359228.2120608194,2359149.0532993083,68409.69078565633,[ 0.69093431 -0.71748879 -0.08842862],[-0.20629004 -0.31291863  0.92710644],[0.69285944 0.6223277  0.36421701]
67,68721.44409980862,8806.72032792682,152618.44102357488,4825.365130586321,4371.609891184195,4614.148651454855,4816.692819860441,1373067.6209027846,1372920.1687021824,52111.37966496223,[-0.32219389 -0.92555437  0.19884721],[-0.85326335  0.37490355  0.36247618],[-0.41003994 -0.05288143 -0.91053325]
4,52024.59093973061,194273.576338675,112246.39775611553,2327.4107374812775,1353.968570137939,1816.0475977581345,1064.9329660257245,460680.30722616025,460656.7306366871,6139.261999783256,[-0.46242006 -0.34750625  0.81572489],[-0.85741281  0.40960394 -0.3115572 ],[-0.22585605 -0.84348327 -0.48736539]
535,94505.08355810998,178134.4275350762,190417.13679384926,16738.671903330654,14947.811376511487,11721.705596048996,12234.122338101357,6437499.647119252,6425467.631291601,513954.22875310906,[-0.36624328 -0.58208111  0.72598033],[ 0.86621831 -0.49825691  0.03749509],[0.33989953 0.64258978 0.68669257]
67,29377.49026551017,196439.05594604884,38408.372561225,4966.612317859929,5336.809258200396,7484.84880602909,4590.30695959989,1657801.3736565965,1656684.887539173,76651.97515699796,[-0.9352862   0.1973302  -0.29376951],[-0.32262877 -0.13431045  0.93694791],[-0.1454318  -0.97109294 -0.18928311]
5,176801.72015676243,45196.62248848563,2086.754162574185,789.1595017166777,2605.009146739654,643.6296813353765,1408.1553097960477,408127.2967266413,408093.5953179383,5415.99015928824,[ 0.03860404 -0.19623577  0.97979654],[ 0.24498899 -0.94874272 -0.19966883],[0.968757   0.24774738 0.0114503 ]
3,22459.362262400933,133848.0564995512,199376.6215731413,1279.0263953790834,216.09458679687233,718.8617694916331,575.8596791924899,417754.569997308,417747.8820638862,2365.7883398344834,[-0.25973851  0.81504924 -0.51790988],[-0.9611795  -0.16648974  0.22003442],[0.0931122  0.55495577 0.82665241]
4,63752.69026344638,163428.38448424716,113002.04610047994,1528.7373145609615,808.8614685539911,964.7934254854813,735.7884826710325,417352.4655518868,417344.5059603151,3673.984400239254,[ 0.16846201 -0.60422011  0.77880589],[ 0.93716403 -0.14671439 -0.31654141],[0.30552271 0.78319407 0.54153755]
17,37672.41433188859,70502.79228016095,135513.36680793812,2179.3458534884644,5065.241449848853,2003.343995078803,2129.709114004509,649094.9472114799,648822.0185310554,22421.55094742829,[-0.9373022  -0.12472676  0.32543482],[ 0.25332007 -0.88512301  0.39036676],[-0.23936067 -0.44833079 -0.86122353]
42,193916.9355752791,198581.42141395304,69370.50497622807,3992.2721924165758,3545.450392306446,6248.265877442341,3806.9096293060425,1854773.5148513564,1854375.455821894,47260.80704953164,[-0.62844503  0.71810565 -0.29896675],[-0.38163504  0.05026194  0.92294552],[-0.67779904 -0.69411671 -0.24246741]
20,107640.6977643671,123451.60523347583,169261.55279445535,3021.478044997302,2337.0263494417877,3063.0561318980776,3655.3342611336493,1053536.8199627916,1053498.2589002044,14566.984364193338,[-0.17875219 -0.7373464   0.65143529],[ 0.87130956 -0.42617692 -0.24329589],[0.45702003 0.52411212 0.71863703]
5,151198.98305250972,39565.808916432194,141860.31645794277,149.7771349968515,1720.385420195769,1811.563711306981,979.9328047476279,471997.8614189707,471978.2355305399,5153.076048698759,[ 0.64253905 -0.55277627 -0.53064297],[-0.27207169 -0.81197687  0.51640155],[0.71632434 0.18743523 0.67212162]
5,53904.090372759965,161822.95876273242,188409.5629164557,1816.8523399782464,2102.843701204987,1750.0425124772503,2075.077415628487,568330.137135492,568314.2791277525,5695.111208366756,[ 0.26895564  0.69127463 -0.67067298],[-0.93952093  0.34160145 -0.02467526],[0.21204548 0.63674785 0.74134262]
44,150807.49754153666,91695.71264439756,198214.9695727721,5245.014476333995,5717.5089460432055,3363.808627903863,3462.1700566259565,1761234.3829557884,1760816.01270912,51083.58532552448,[-0.57589677 -0.48129836  0.66082888],[-0.58773152  0.8056136   0.07455459],[-0.56825573 -0.34545421 -0.74682448]
20,23295.065758883757,160305.46419618634,171372.76951033334,2542.9212705346345,3007.744267565576,3702.975491457612,3742.1958694650702,1054826.1046514171,1054785.202571958,17440.992739669717,[ 0.77003161 -0.51477559  0.37690505],[-0.63032282 -0.52241574  0.57426034],[0.09871407 0.67977046 0.72675144]
97,43617.69577488143,158269.0438450404,16995.508119398208,7907.04354145661,15555.547565079498,8875.277117308615,17035.67535129843,1635897.4050748185,1635194.0447327415,94759.91444945647,[-0.87917537  0.19431122  0.4350791 ],[ 0.39619957 -0.20915966  0.89402357],[-0.2647198  -0.95838165 -0.106902  ]
29,26313.905255507678,58012.13610215475,201142.25720222626,3240.800377460944,3408.8737824426485,2808.740631115493,2679.949013354785,1136460.3841370384,1136426.2694346383,25768.103104530386,[ 0.92158681  0.32387253 -0.21397272],[ 0.36758888 -0.90527174  0.21298238],[0.12472432 0.27493574 0.95333844]
36,122895.88384419108,198605.5120692075,185861.2259967617,5053.706948040996,3285.7248492664635,6161.228712135622,4935.7949238030415,1791563.2949635945,1791222.7892055896,42321.838046036486,[ 0.57750884 -0.71910872  0.38647922],[-0.70496849 -0.20053185  0.68029876],[-0.41170737 -0.66533422 -0.62275791]
54,90462.84324578854,88401.9469243968,13344.486376198063,3263.5236215621426,8046.565391205744,6551.1870149694505,5927.630650931861,937212.2718247945,936497.8980749586,66674.99778755347,[-0.60904593  0.53323053  0.58713564],[ 0.35314267 -0.48053013  0.80273348],[-0.71017837 -0.69624421 -0.10435847]
3,158059.9450783464,54486.74929681386,114140.94334557383,871.1743656467988,831.3832127709255,455.94915070755025,1103.2154146344901,350634.35104243975,350633.1648671051,1151.5070782300636,[ 0.62231723 -0.41524578 -0.66354518],[-0.05552225 -0.86897514  0.49173111],[0.78079353 0.26917122 0.56383358]
22,20985.221244052475,27747.292140887064,170713.41477177196,4613.042954116367,3079.790561443095,4928.883796398063,4989.269159401916,817869.9311887762,817550.534778701,25892.425603672546,[ 0.4587651  -0.88424154  0.08747277],[-0.88037057 -0.4389975   0.17952397],[-0.12034222 -0.15936778 -0.97985696]
72,83792.9433864404,86039.36308192904,110905.61629808508,7581.808545162408,5449.108571927435,4373.548211952519,2398.0262655460324,1389151.6501876242,1388016.6431645623,85109.31697944713,[-0.08604159 -0.754574    0.65054971],[-0.85425386  0.39189133  0.34157213],[-0.51268624 -0.52634519 -0.67831671]
57,96985.64679681235,5186.823048159888,9112.374371226531,6377.903363610188,2884.859013714455,6501.499795895609,6792.7728959933975,739720.9907985562,738539.4292953832,51172.98419927504,[ 0.0400853  -0.99016086  0.13406952],[-0.10208135  0.12941708  0.98632176],[-0.99396809 -0.053223   -0.09588923]
12,201996.98614717077,180117.47090084176,192397.00069305257,1518.9682186142215,2034.5787073186268,2936.87990346993,2291.135516191145,1150343.417790957,1150319.2953661603,10856.678342289844,[-0.35013318  0.83854507 -0.41743134],[-0.71231002  0.05104232  0.70000652],[0.60829368 0.54243603 0.57943244]
115,141248.47920246804,55517.058450345714,182518.78578958008,5483.110395246912,9294.28116697348,9204.858228437326,7781.723663354098,2549031.957497517,2547966.908623852,127435.60731034257,[-0.37241774 -0.76738857  0.52193851],[-0.71276394  0.59667991  0.3687013 ],[-0.59436739 -0.23470804 -0.76918108]
7,137194.74763624658,124953.79455086625,86581.24495834047,1638.3398746287771,2083.6194651838555,2247.3882328741934,1963.0907372811992,541836.1020256103,541826.0251580459,7584.706082416714,[ 0.6224292  -0.77212322  0.12809221],[-0.40463767 -0.17736179  0.89711268],[0.66996287 0.61022006 0.4228253 ]
2,14977.663194965553,10136.193122584398,196579.17848087364,8.737373735709298,410.93293389981045,673.222912803205,690.8274246855435,279181.1898725397,279180.6707639183,538.3776143909198,[ 0.98409403  0.15702633 -0.08307634],[ 0.16063215 -0.9862584   0.03862232],[0.07587001 0.05135272 0.99579448]
3,115165.29763623176,86514.72031359642,183581.33614667584,765.3784384539871,2093.789483454927,57.23754595122367,847.3855332728995,404182.67836150946,404169.7168774815,3569.0659458912487,[ 0.83779023  0.04018389 -0.54451151],[ 0.23350894 -0.9278501   0.29080539],[0.49353937 0.37078221 0.78672704]
44,37315.267167383645,10576.288330933998,151585.05852067823,2880.941480775596,4475.674090283202,4068.674911830024,4162.168411824899,1038729.2093332573,1038370.7155717597,34953.051487709774,[-0.95399524 -0.17029187  0.2467666 ],[ 0.181523   -0.98310998  0.02332746],[-0.23862623 -0.0670481  -0.96879413]
