N,MEAN_X,MEAN_Y,MEAN_Z,SIGMA_X,SIGMA_Y,SIGMA_Z,SIGMA_R,LAMBDA_1,LAMBDA_2,LAMBDA_3,EIGEN_1,EIGEN_2,EIGEN_3
424,163712.45481125,194446.2195940412,14307.84249599616,14208.942622377283,6262.483289203959,9185.086967651845,10136.829909283408,5252898.18188245,5249013.58162781,307788.3377295768,[-0.35401127  0.23145974  0.90614702],[-0.67820693  0.60361724 -0.41914388],[-0.64398089 -0.76293684 -0.0567097 ]
452,100947.03620442463,175738.58687246565,188516.56603264803,10507.489732300372,13530.607786459343,12522.308332469427,12687.115461219097,5898647.19159686,5894051.4297070075,362216.59874454234,[-0.73649718 -0.25130162  0.62802818],[ 0.56997399 -0.73053432  0.37609742],[-0.36428225 -0.63495442 -0.68127185]
185,102350.48646580674,192213.50448004185,13645.057362015077,6528.920440901478,7236.7468524094475,7830.330795574009,6607.599216507104,2971683.826508466,2970011.688641912,144437.45570719268,[-0.66320441  0.39793643 -0.6338821 ],[-0.58334689  0.255773    0.77089985],[-0.46889906 -0.88103733 -0.0625052 ]
411,50461.729688618434,159058.4328177592,135118.3201777473,14148.20797978982,12465.7982540271,9448.753443417654,10245.279124422577,4367476.847970938,4364007.362299639,377967.8108896302,[ 0.11392192 -0.66329211  0.73963868],[-0.96532896  0.10209699  0.24024197],[-0.23486549 -0.74136346 -0.628664  ]
95,14823.489022239239,99221.80959988065,168110.5778576097,6029.959213969108,8190.36392583355,5161.638147946426,6531.814890038287,1910696.4517036667,1909837.1059679445,91611.62412173826,[-0.78970936 -0.4953924   0.36186393],[ 0.60886387 -0.70513158  0.36342021],[-0.07512607 -0.50732221 -0.85847554]
79,27258.96183654377,99625.64026307999,31324.744063450296,6003.057555979993,6397.917670757996,6615.296043711648,6167.9976286185465,963195.6144829182,962038.9802190373,80256.9860126562,[ 0.42941256 -0.37583948  0.82118788],[ 0.86770192 -0.08041112 -0.49053789],[0.25039614 0.92318944 0.2915871 ]
49,88269.12373725764,183679.11691623452,88296.35405751891,7094.387602483782,5642.994430604349,3757.820666243497,6886.036522444868,1555871.8617957793,1555714.6607011575,48686.51775810816,[-0.32671951 -0.27694679  0.90363424],[-0.85726607  0.4893937  -0.15996465],[-0.39793121 -0.82691855 -0.39731156]
224,48008.198828242275,72990.83904055858,114469.18261280819,8144.263300311351,6815.667784457298,9731.592340672792,7147.628361072459,2163197.6815282623,2160570.1494313185,187175.1778211212,[ 0.6499893  -0.73440263  0.19536295],[-0.68326058 -0.45222428  0.57327845],[-0.33266933 -0.50610866 -0.79572931]
360,11507.296784042699,48218.50309578889,148734.01325231715,8687.316284520877,14100.919041212028,11983.690187347338,11962.20682305754,2995826.5776014985,2987555.0809477204,312241.8828151427,[-0.96718999  0.25394074 -0.00759047],[-0.24320087 -0.9168185   0.3166973 ],[-0.07346326 -0.30815247 -0.94849629]
13,5170.796512431262,113414.83483087026,183337.9132971441,3733.6827235276355,2046.2875081685584,2352.5951521033458,2241.220693096735,777681.470965773,777591.7778084824,15541.551519222068,[-0.18462332 -0.83349464  0.52076954],[-0.98252056  0.16937265 -0.07724149],[-0.02382375 -0.52592736 -0.85019576]
3438,129533.58229830679,117851.78824964174,124379.37780388155,34668.41694644727,30516.080218298084,31902.42660046432,22593.646964541902,12916949.811656708,12777705.703054419,2965572.055189442,[-0.68164794  0.7313205   0.02294366],[-0.40553571 -0.40371971  0.82009218],[-0.60901303 -0.54970968 -0.57177128]
797,18535.54613070469,145756.39411186927,26828.657106456503,12656.54279323045,11651.046396043488,10213.709224402546,11900.802316973828,4247904.889661391,4236261.973947956,454727.02834970556,[-0.46834902 -0.10336366  0.87747658],[ 0.87487548 -0.19302547  0.44422298],[0.12345882 0.97573414 0.18083362]
22,30081.622930824327,184712.8535022032,189906.31500813662,4985.860541783476,3348.4589409560754,2879.099277752377,3102.012565168994,1250879.0642351715,1250746.634090374,27656.939669073847,[-0.26689649 -0.66934084  0.69336073],[-0.95708927  0.26837679 -0.10933446],[-0.11289991 -0.6927891  -0.71224776]
328,144581.65435016554,17888.86478562018,177477.36241215927,7181.7250916673565,7657.020947162109,15002.082800250028,14537.934130296604,4169399.784588032,4169047.377935609,201918.39010657283,[-0.59956087  0.68194108  0.41890707],[-0.49531973 -0.72730714  0.47506071],[-0.62863752 -0.07733488 -0.77384378]
6,36602.08481977338,181791.11665591595,99569.40310712834,2592.403428333343,1575.903593828991,738.3264760516053,1523.3426290728344,515619.81251398526,515587.0264408057,6684.4500209935295,[-0.02543433 -0.4762631   0.8789349 ],[-0.98443154  0.16489452  0.06086323],[-0.17391846 -0.86370322 -0.4730424 ]
4,71430.6169177773,127537.48290024138,101542.84377985976,1119.4548047058045,1470.0863393924185,1904.1037307773174,1617.3141110466377,356005.5160070211,355993.6994147169,4196.630369302027,[ 0.898853   -0.18834703 -0.39571288],[ 0.17608671 -0.67163371  0.71965382],[0.40131877 0.71654278 0.57053457]
23,105452.47950476738,151094.8971024594,33375.441834378216,4019.2839197278095,3319.02039522666,3500.5348601856053,3979.1047282660975,898489.9546911835,898286.2460252293,23378.595798663337,[-0.60497551  0.25562812  0.75409475],[ 0.56281728 -0.53264391  0.63208162],[-0.56324181 -0.80681146 -0.1783646 ]
18,51501.19420470055,28283.91037300254,124209.95287551366,3665.4519983503046,4556.312505841301,3180.725011747152,3549.372791376584,583612.7349862843,583190.137484167,24029.767598438637,[-0.67816012 -0.60391212  0.41879471],[ 0.63220439 -0.76995215 -0.08655227],[-0.37472185 -0.20606756 -0.90394673]
244,137768.5487305975,196891.6947746023,83488.13999745068,15166.399538515912,6864.876018682462,14680.480284966638,10409.161097875623,3986255.859933348,3979976.150411483,302924.2145020493,[ 0.63551903 -0.12095128 -0.76255253],[ 0.54927171 -0.62327042  0.55662785],[0.54260129 0.77259612 0.32966509]
3,174249.0227700339,172839.28527178118,33526.52240410125,805.3145049321939,1187.471790379744,555.222182122439,1182.1466033071158,429053.88686504104,429051.36241538695,1703.224667109074,[ 0.57371409 -0.44502079 -0.68761082],[ 0.41955698 -0.56133391  0.71335557],[0.70343733 0.69775407 0.1353336 ]
701,17325.88047826753,110072.61619843128,87927.89955792302,10651.607303267929,13259.351505436936,19057.719177962725,16012.863809162478,3810880.28828396,3790288.7037096857,521946.04418040026,[-0.92098011  0.32182645 -0.21959821],[-0.37016165 -0.54692442  0.75090214],[-0.12155655 -0.77285277 -0.62283433]
34,197763.13652787326,28989.412973643877,19758.6034999035,2997.7995450557555,6407.343653257757,5250.1917946869835,3886.1380554099123,1171963.4804642745,1171686.5178545546,46050.421775391005,[-0.02644141 -0.43420636  0.90042528],[-0.17315989  0.88911324  0.4236665 ],[-0.98453873 -0.1447152  -0.09869653]
18,106726.7997565279,121459.42279117515,166682.1516769357,3990.2878633823843,2790.026168844541,4653.845106396918,5229.275891366754,985579.2248842748,985533.284573274,18020.66643006364,[ 0.39440031  0.60401212 -0.69254441],[-0.79573079  0.60142941  0.07138053],[0.45963128 0.52292641 0.71783498]
11,57897.236540701284,173490.52816373509,18278.069529120272,1006.619723156706,1842.4276805578113,1990.2244542050662,1746.8869559705652,609687.1513403831,609655.7196645606,7661.661181097529,[ 0.82514303 -0.32409827  0.46270865],[-0.46898549  0.06363717  0.88091028],[0.31494696 0.94388062 0.09948762]
110,85378.58485163042,190389.60751796453,108605.20161713363,5382.999354178761,5679.60938976159,5848.007916167829,6471.009593559441,2468760.2450488787,2468508.0511908396,76819.57616686249,[-0.81000469  0.51903151 -0.2729445 ],[-0.46054797 -0.27490183  0.84399322],[-0.36302613 -0.8093425  -0.46171068]
4,101169.26873313668,99387.516693539,13575.876704004255,747.9628258814364,548.8628231190811,489.25053949134366,862.1686470944204,284945.30055484583,284943.47600846365,1192.6446467296944,[ 0.60411075 -0.67319506  0.42644884],[-0.36163713  0.24526753  0.89947897],[0.71011886 0.69760465 0.09528358]
435,49443.402849253354,182248.37204038966,166456.23027123263,12961.547791864634,14797.19738347348,10037.527855624261,10961.889363126858,5264882.09144331,5260915.725093501,396488.30701772746,[-0.93479875  0.34203386 -0.09572954],[-0.29519992 -0.59831344  0.74490136],[-0.19750522 -0.72459221 -0.66027102]
19,159228.20073405383,144372.76405971238,45590.822562215886,3366.6835379094114,2726.683650039654,5703.077137166104,4232.216180850703,958158.1593254373,957977.5570678376,25206.655765890428,[-0.64848633  0.75221087 -0.11680873],[-0.23310024 -0.05014883  0.97115878],[-0.72465837 -0.65701134 -0.20786137]
71,54056.24691750519,13277.203722684177,189410.31024986506,5765.97598896903,7835.3376653282585,5395.143337079843,5129.783736161986,1665767.794444077,1664418.1777079995,83059.71472928856,[-0.82555064 -0.49552749  0.27003454],[ 0.49344478 -0.86603001 -0.08064903],[-0.27382183 -0.06666728 -0.95946708]
4,130204.28433265926,2546.6914142207584,149026.18108679942,3040.5530768548374,1353.5046369151423,1572.0513654491112,1415.5498131927823,395882.0128447259,395837.3092446256,6796.642031794503,[-0.17607417 -0.9695221   0.17036659],[-0.73218695  0.24466821  0.63564121],[-0.65795149 -0.0128202  -0.75295118]
1063,103332.31907622494,125913.46596589887,45534.45195538411,25691.117855347853,9459.784325804121,17802.777662727356,17069.66212764433,5591757.633458753,5569346.049346128,892460.2880370705,[-0.1243718  -0.25083366  0.96000736],[-0.77648578  0.62695571  0.06321687],[-0.61773901 -0.73756967 -0.27274438]
1456,180657.68405263036,102271.20306084285,52169.593271149424,15648.013460272436,25343.570444176316,23328.556256922002,20836.84737087271,8266452.683021354,8232881.09124458,1215067.254030638,[-0.53781712  0.71853217  0.44098102],[ 0.03967388 -0.50092064  0.86458343],[-0.8421275  -0.48248319 -0.24089673]
564,162457.50510589784,180810.042819611,190595.12433801312,13173.63760044793,17459.23667835051,11286.18751052781,14898.256518539538,7355467.647268089,7347997.977955659,459515.14955945447,[-0.65657322 -0.18146558  0.73210781],[ 0.5407618  -0.78990716  0.28917703],[-0.52582152 -0.58576183 -0.61676154]
16,132459.93508552815,6061.2811491137045,52538.24608730813,4516.886021425698,3423.1559672608128,3018.0233764262275,3963.0236713906975,571014.3700717463,570807.2820446063,20136.079604042196,[-0.26296164  0.77588793  0.57345366],[-0.26096342 -0.62941581  0.73193841],[-0.92884297 -0.04282129 -0.36799058]
39,73423.11778722182,140214.31526383408,198937.00742168957,4092.7308389667146,5613.442947335243,2915.7027729510255,4004.598232535456,1588147.064738497,1587931.2709446792,39900.88712970946,[-0.72976593 -0.40219707  0.55288263],[ 0.6197224  -0.7306757   0.28645623],[-0.28876605 -0.55167975 -0.78247276]
24,188836.34043209717,163356.15757800473,160503.61205282537,4449.5865882039625,6071.281303397584,3212.802222465614,1494.701733680586,1454611.099460026,1454251.2638542273,39416.5069434662,[-0.54407735 -0.17692105  0.82016997],[-0.54704094  0.81598059 -0.186874  ],[-0.63618083 -0.55034046 -0.54073961]
124,67412.18255318613,81989.17809626841,28513.44989680203,6403.27418357744,4305.298851056362,14429.517015806396,7746.740095107978,1235965.7438957803,1228241.7854022065,161134.28283727795,[-0.76309662  0.64469144 -0.04534863],[-0.2046406  -0.17447491  0.96316184],[-0.61303    -0.74426571 -0.26507126]
148,197443.85773266188,43602.997368050594,151249.51206137982,6136.639078706047,11810.186552756364,11976.071429272313,10226.076513609514,3077933.0118401526,3076141.714950255,178983.01827976084,[-0.61748367  0.07456873  0.78304114],[ 0.0903368  -0.98218635  0.16477026],[-0.78137902 -0.17248038 -0.59974773]
68,121003.48382375484,11808.366546196665,35724.54703357991,6310.860019332806,5735.220628492886,2643.875310467484,6004.76965564181,1047205.4857047276,1046449.876902107,54471.132836448916,[-0.27958456 -0.03167667  0.95959838],[ 0.09815466 -0.99516209 -0.00425271],[-0.95509064 -0.09300007 -0.28134117]
22,7740.970126788225,20641.40866214342,201902.0783260198,3052.6464791735684,3897.0326653814745,1822.966051442721,1715.8266437518885,952887.3126019606,952733.6533056472,23412.84901832843,[-0.86397559 -0.49649458  0.08390058],[ 0.50208519 -0.86207652  0.06880802],[-0.03816591 -0.10157369 -0.99409564]
7,31961.990047143452,21393.464924517186,2883.9191016587397,1850.4724549915627,2663.4726563285662,669.0335806434753,2617.0769127853937,102406.7692647568,102293.85058142034,5317.034369758122,[-0.15021092  0.09153366  0.98440757],[-0.54066038  0.82601941 -0.15930564],[-0.82772159 -0.55615962 -0.07458851]
681,97193.14744020053,45265.87562331607,74708.14587059451,12960.168683676644,16111.80325879204,13682.695413151452,15880.698124613056,3459520.2206385205,3447257.421940967,494041.82484382397,[ 0.59926098 -0.73019727 -0.32817408],[-0.29979358 -0.58479499  0.75374971],[0.74230054 0.3533083  0.56935328]
32,176444.56427065792,198110.2940714045,171567.57383130406,5462.7686075708225,5778.944533410015,4355.511158409683,7307.124983225426,1787900.5707486195,1787725.6479960834,30355.212694021957,[-0.59289771 -0.15606363  0.79001041],[ 0.58011782 -0.76319132  0.28460906],[-0.55851197 -0.62704318 -0.54302968]
5,18063.30309051371,114456.45001175287,185082.70785076168,2272.426730549555,1684.9939642006261,784.6761636230609,1449.3765759494845,488311.6290660579,488290.05027293257,5698.6227466801165,[ 0.36569922 -0.80713711  0.46345849],[-0.92704527 -0.27159635  0.25850047],[-0.08277169 -0.52418042 -0.84757521]
49,111149.01944055124,36380.30492171428,33541.32649162625,5017.597929938835,3441.556835456139,2582.721612693334,5096.497685945949,852790.6678135612,852539.6830215906,29423.71103991368,[-0.12461036 -0.43938203  0.88961547],[-0.3870269   0.84710516  0.36417445],[-0.91360956 -0.29892521 -0.27561074]
324,110160.49457841479,96589.89133794283,54070.136250019554,8057.3165306897,10504.17517798219,14780.665762067214,13661.377616834809,2832063.922051702,2823392.3957722313,258390.51574146756,[ 0.45008264 -0.76842615  0.45491413],[ 0.55084625 -0.16204896 -0.81872373],[0.70284709 0.61908108 0.35034925]
9,190431.9155540654,200920.66558218826,42863.99346303869,4003.053172857713,2074.0777640718497,1216.6436125247164,1868.2115319313727,840488.7928719157,840404.0400983056,12870.867321120997,[ 0.00814576 -0.21601538  0.97635598],[-0.73329992  0.66253561  0.15270164],[-0.6798565  -0.71720564 -0.15300721]
588,118524.19760175035,12359.632847244993,89273.01318519244,12065.651919614587,8950.513983577437,22913.961037013156,20075.44433229739,3664934.2718018177,3649311.7590158163,453940.948420254,[ 0.14267293 -0.98840188 -0.05202086],[-0.59594637 -0.12774907  0.79279764],[-0.79024829 -0.08210912 -0.60726085]
105,65829.7544199853,191811.35020972323,196197.46773417725,6065.648158103744,6215.390845781746,5864.901388802287,6545.467042896595,2893005.3990838774,2892496.8473817385,83362.85222148984,[-0.13869357 -0.68449506  0.71570287],[-0.96252559  0.26322973  0.06522727],[-0.23304202 -0.67983573 -0.69535229]
21,123014.3023655252,53977.39362345403,173153.67890499666,2298.6916702472327,2647.3621859837276,7390.314086876814,6150.634079439005,1004928.7448757602,1004741.2026724409,24719.128443406473,[ 0.3717642  -0.92798403  0.02523943],[-0.73968769 -0.2796825   0.61207827],[-0.56093983 -0.24621808 -0.79039431]
33,119087.53995272057,44602.951592615864,195601.393942248,3804.236725860363,2768.1551921420987,3978.097584998406,4521.125299167393,1340637.9448483558,1340550.1216982559,24039.837634715295,[ 0.60969512  0.60711161 -0.50959528],[ 0.6063631  -0.77130339 -0.19342921],[0.51048569 0.19106693 0.83839   ]
81,11634.69421700732,122096.5379153973,151184.27854056394,4784.515260231764,5587.251261708918,3996.9232560527385,4797.733196345985,1753415.8719570236,1752947.8704295517,61628.925321136994,[-0.69126694 -0.53524509  0.48545105],[-0.72014151  0.5656594  -0.40177811],[-0.05955019 -0.62732937 -0.77647384]
3,3903.03859974698,181938.7254711676,22328.218010762434,1349.6253004284365,1283.1747475365669,96.6353459532955,1245.8907891134004,317579.7146196047,317570.60155289207,2408.1554417452076,[-0.14323625 -0.1175266   0.98268554],[-0.9894606   0.03831394 -0.13964154],[-0.02123896 -0.99233036 -0.12177589]
1757,23411.183476121096,41202.65207778324,34631.94942609553,13605.804088973096,18169.253362606665,24637.91477062619,18195.15174304264,2780190.0489166663,2608987.6032531173,1230244.6962479164,[-0.89689718  0.43388976  0.08552852],[-0.2051992  -0.57962317  0.78862556],[-0.39175086 -0.68976565 -0.60889622]
6,3139.7042723679174,134636.4580798842,127561.22432975586,1287.2531772986902,1267.8161613658071,2726.5264097533504,1300.73634585142,454435.19662000093,454386.96731502324,7342.368946023652,[-0.94411452 -0.21483914  0.24998385],[ 0.32918165 -0.65353817  0.6815624 ],[-0.01694771 -0.72576305 -0.68773598]
47,53609.819462554064,108445.19153697602,29126.099846343932,3648.978870385554,3895.6532722511415,2889.134913586654,3421.2706282546014,853850.3599073489,853578.6914749887,34347.71014402295,[ 0.07934145 -0.29493002  0.9522191 ],[-0.89904065  0.39146817  0.19615959],[-0.43061682 -0.87164727 -0.23409442]
218,187474.0623441448,182988.57595347828,113340.03718562097,11928.845690122813,5356.0513107950665,9809.418957767406,6813.246821198149,4220812.1409132825,4216358.652615578,218343.11263403468,[ 0.37597626 -0.73486034  0.56446624],[-0.65333854  0.22175045  0.72386152],[-0.65710776 -0.64094229 -0.39673967]
50,193269.7925863793,199309.6081754422,72754.70626655455,3782.20453295738,2847.237051317626,7613.8043160795505,2812.6658110147177,2030294.0332475358,2029629.6633252418,60214.15994540078,[-0.67471572  0.7174828  -0.17313907],[-0.30211459 -0.05444354  0.95171565],[-0.6734133  -0.69444534 -0.25349593]
6,184883.2923708642,69355.92804506618,9728.536723361429,1925.5648145153996,4380.261500073317,1178.6876961903176,2475.1569500547257,484413.8109694026,484320.40612595243,10443.239545706825,[-0.03876959 -0.03658198  0.99857833],[-0.35224832  0.9356798   0.02060179],[-0.93510322 -0.35094881 -0.04916186]
16,90832.65114290328,18964.003744087502,9155.760271775755,2967.722539772489,2194.096300588761,2124.63155346177,3171.8212281146575,373287.79445660266,373251.02165091265,11368.989072745386,[ 0.16173663 -0.93093474  0.32741681],[-0.15797808  0.30308101  0.93977914],[0.97410687 0.20372139 0.09804798]
7,164804.18999383325,52451.967564527484,150409.32592454608,3131.668316909623,2457.892541159437,1561.7379975895349,2967.8917511248596,606509.2719498702,606482.4640346689,8116.901492193168,[ 0.66716991 -0.49154121 -0.55970667],[-0.19444682 -0.8402482   0.50613574],[0.71907909 0.22884536 0.65616694]
337,191873.0353276721,49745.957295496846,17224.920405940837,9116.725515756529,9266.095534084734,8822.137783320446,9819.469323325233,3660917.119954459,3659905.663282202,224733.0320813532,[-0.26434606  0.88452617  0.38436261],[ 0.02048091 -0.39330098  0.91918163],[-0.9642104  -0.25085414 -0.08585167]
45,40103.06774999135,48165.10143230194,102800.83838926734,4770.266679060756,4163.572367014024,4431.14482222132,4621.1698198296035,809114.8433593208,808479.0779802611,41510.98601915815,[ 0.63049117 -0.76781421  0.11376392],[-0.70098482 -0.50030998  0.50824227],[-0.33331841 -0.40018904 -0.85366713]
17,149572.0248335983,37257.460016445286,125210.69260501536,3697.155579106634,2888.640722368396,4911.6536823222505,5965.939470551728,819253.0273024774,819203.8386450451,13323.85022710994,[ 0.65405986 -0.317837   -0.68642941],[-0.07165235 -0.92939533  0.36206388],[0.75304159 0.18762717 0.63065395]
36,113971.16164159548,172392.7979011921,130348.06620303937,5180.636747540168,4703.9520589196345,4206.093486981563,6871.48151432128,1466777.148771181,1466630.7210132454,26637.46481359839,[-0.64173771 -0.14502481  0.75308732],[ 0.60863664 -0.69375893  0.38504543],[-0.46661991 -0.70545472 -0.53347868]
49,185734.88802608105,160313.05472870814,10917.731591564885,9303.065017549656,4115.705088529604,4453.860479578005,8461.972615468754,1720661.2666108964,1720449.44530739,50223.66827626703,[ 0.17114469 -0.26319484  0.94944087],[-0.63106889  0.71075038  0.31078283],[-0.75661189 -0.65235142 -0.04445292]
274,87771.30433573922,173475.5192859709,34920.8883097415,10887.595530335257,11041.929131251265,7762.483504393295,12445.58624136067,3280518.675390998,3277827.643773869,200419.72450382586,[ 0.070321  -0.2320551  0.9701574],[-0.89303509  0.41869221  0.16487921],[-0.44445841 -0.87797908 -0.17779049]
16,66392.91165645677,176639.2675526222,104099.23097514694,1805.81367739171,2781.954113109293,3063.180647169018,3410.4317947209647,862231.182841286,862175.2663976952,11774.785125723365,[-0.89288813  0.07382223  0.44418584],[ 0.32838714 -0.56817878  0.75454275],[-0.308079   -0.81958718 -0.48307782]
20,132839.7647419434,121462.43603973596,200900.04255818014,4190.046667184043,5024.809949018809,2781.7024930186562,2027.5692218818651,1206665.6348156538,1206427.3264451725,30446.959893694097,[-0.5632287  -0.48753116  0.66714826],[-0.66353898  0.74801894 -0.01355269],[-0.49243218 -0.45031214 -0.74480167]
50,79018.66496810758,57489.98651080196,198700.71977291445,9141.729486353683,5835.75143587577,2900.337711456195,4324.3124980449475,1567325.9604772714,1566456.7564663645,73545.09476555542,[-0.3760726  -0.83934542  0.39251582],[-0.85490015  0.47768733  0.20238711],[-0.35737253 -0.25944959 -0.89720164]
7,79387.43107190503,36364.40231842192,121372.58023228709,1541.690016011163,1689.9025998871366,2222.028862019435,1888.9448080754055,395672.6062279744,395630.5996137646,6820.411436213165,[-0.28630256 -0.85011013  0.44197694],[-0.7976376   0.46704405  0.38163348],[-0.53085319 -0.24327478 -0.81179571]
479,146791.2975325832,18153.85523297336,12991.48726357014,12958.626064992355,11785.836118079786,10219.618038752309,12476.754705137455,3272609.2720516217,3268218.6506695487,350524.7555899496,[-0.05691448 -0.24343423  0.9682461 ],[-0.13697792  0.96255085  0.23395064],[-0.98893771 -0.11931316 -0.08812819]
7,202980.59327111905,105555.12361201447,71014.134950767,1073.7759244762492,1892.129530664788,2876.58129899892,949.389411508676,633849.0318255215,633827.2332462209,9204.977398449952,[ 0.40687261 -0.89736152  0.17087123],[-0.34133477  0.02415548  0.93963136],[0.8473165  0.44063456 0.29647249]
25,21579.947287755076,188335.66636025868,201069.1940432292,4339.213779748969,5316.728216533373,2215.7625276928497,4176.428538516387,1382032.7333174136,1382014.2559957316,29399.426446731486,[ 0.45622246  0.62438157 -0.63404158],[-0.88642559  0.38146621 -0.26217018],[0.07817121 0.68163861 0.72750125]
103,41491.803365978514,15306.294703883183,66228.21462181075,8515.749633203899,3999.621432747976,7171.134083371204,4404.410094424093,816141.7228361968,810294.9830828827,112340.24663396367,[ 0.02206722 -0.97706526  0.21179358],[-0.85424055  0.09163382  0.51173853],[-0.51940939 -0.19221531 -0.83262666]
42,159985.1042386996,54304.66122893796,187467.58305777912,2267.463865333829,4049.8352198572275,4601.239059216038,3794.524971235952,1635894.0413395904,1635869.613072428,34475.00024935131,[ 0.76343304 -0.01987305 -0.64558117],[ 0.12418519 -0.97636088  0.17691091],[0.63383596 0.21523125 0.74291822]
68,144987.68303632634,46076.33424593815,175587.57447782133,5779.942563950554,3126.546660265817,6769.4412705115,3708.836687747049,1917231.9767221932,1916212.165082225,71548.91974190385,[ 0.23690502 -0.96974818  0.05885983],[-0.74470442 -0.14235188  0.65203625],[-0.62393216 -0.19830384 -0.75589963]
24,38157.88480040067,5934.071420523327,53687.46658788598,2958.688225279745,3383.348580920589,3670.6911090250746,3616.411220622819,325015.4930404863,324712.35064539895,21797.27267376608,[-0.7222665  -0.40935257  0.55745994],[ 0.38161403 -0.90810164 -0.1724011 ],[-0.57680312 -0.088215   -0.81210607]
9,31114.590895299494,155672.11686813296,147759.325431244,1463.376067365253,1984.8924389370989,1903.6475021343294,1507.1333162321964,650675.6080301614,650656.8018270194,8189.2423887349705,[ 0.986997   -0.15421089 -0.04534234],[-0.07251842 -0.67895427  0.73059029],[0.14345035 0.71780227 0.68130896]
7,124355.2565653988,169465.16064734032,53897.51233499235,2104.1850044478892,2083.726970501545,2538.47624460847,2194.51773891599,574185.4726727997,574176.0532326117,8512.51605014307,[ 0.11264735 -0.37536134  0.92000785],[ 0.81173943 -0.49922492 -0.30307354],[0.57305294 0.78094708 0.24845924]
167,51583.369320380894,190361.45088581226,130569.11181507817,8083.415399240224,5678.751656591316,5657.973529076853,5773.191137445451,3059236.9081920236,3058494.510604179,127038.66950452248,[ 0.39020708 -0.59041271  0.70650638],[-0.89443732 -0.06101784  0.44301095],[-0.2184498  -0.80479169 -0.55189675]
224,181756.59971821986,181383.99323856618,51909.65263150759,13663.912282761898,10422.688964154202,11147.256268020694,6891.757757712227,3929953.6874028035,3925159.4228357407,287937.76353079703,[ 0.08538348 -0.35291211  0.93175249],[-0.71484027  0.62973877  0.30402708],[-0.69405551 -0.69201309 -0.1985065 ]
13,186841.98008216912,7891.837034297728,75114.58434818388,1844.4895160547335,4678.871095475389,3102.5604682584594,2213.9682084662,726910.4000067251,726698.7912739355,19815.28916094236,[-0.35074114  0.4410835   0.8260908 ],[-0.13218484 -0.89661687  0.42261728],[-0.92709645 -0.03903259 -0.37278497]
6,122619.85133734393,168965.95239434982,19723.454702140083,2904.4859010516116,3530.794149434858,2732.4543851658054,4329.417295029225,513807.3043589192,513784.36403336265,7598.39488784086,[ 0.66096651 -0.54055309  0.52050516],[-0.47034003  0.24205332  0.84864035],[0.58472517 0.80573727 0.09425462]
16,175901.03621097808,44853.39640133879,100366.62122911416,5593.377064810213,2150.5586270315844,2854.7626237288114,4584.8963597007305,830111.9319603015,829941.6038367674,19177.601311863036,[ 0.20770962 -0.97553504  0.07202845],[-0.48731624 -0.03934977  0.87233851],[-0.84816248 -0.21629373 -0.48356739]
107,54060.80471382941,174440.78673596022,84388.48829571533,6428.456540663617,7756.375729626883,6591.543691831453,6504.8739907649015,2084189.557383737,2082646.0317216564,105359.59290007112,[-0.77925795  0.45133993 -0.43479802],[-0.56619464 -0.2095993   0.79717737],[-0.26866462 -0.86738711 -0.41887817]
26,139841.02759703874,90318.93862560889,77732.78766208988,3052.6736631520835,2485.3299159061007,5081.885119714822,2003.5989558272881,937331.2972187918,936946.780262962,31157.535986956744,[-0.54444019  0.83878545  0.00488462],[-0.35243349 -0.23403472  0.90610065],[-0.76116721 -0.4915961  -0.42303399]
47,22421.573454819034,20841.178711423294,195966.63316093088,4996.751169347045,3636.1913816828087,3062.5796053342565,3498.4051397876156,1360416.5043131418,1360161.9389718121,40720.805553266786,[ 0.386869   -0.92057358  0.05363459],[-0.91514707 -0.37614071  0.14499653],[-0.11330583 -0.1051782  -0.9879774 ]
33,45540.29750364481,169401.52880823571,25534.75008523448,5552.0517497857145,6115.35462736475,3025.3533468018904,4792.221047274731,1019434.5563549316,1018805.3323102065,42447.59134395114,[ 0.02460077 -0.15550276  0.98752908],[-0.96635909  0.24927869  0.06332644],[-0.25601739 -0.95586559 -0.14413906]
88,161077.28737979737,33844.63081309632,58945.52953330886,4947.787891109234,5887.507171027098,8318.15469268777,4331.782035741388,1642855.663392779,1641197.2931318441,98421.71130547786,[ 0.03398095 -0.90389289  0.42640702],[-0.38745887  0.38137146  0.83930414],[-0.92126051 -0.19373553 -0.33726195]
63,106131.44287996592,161989.1459453409,64614.29167414535,9656.665587307689,3036.406853992777,2493.4626586835275,5618.020305857716,1622420.9186950529,1621166.172986934,69759.30318744064,[-0.02584257 -0.3556951   0.9342447 ],[-0.85339785  0.49456044  0.16468783],[-0.52061912 -0.79302646 -0.31633015]
20,21748.46011906792,28316.68495344682,97557.34961181281,2287.525078952599,2644.727897121651,3846.41168783424,3740.4712174745036,465090.62240295496,464973.8415232066,16173.878191051192,[-0.88830433 -0.34854151  0.29905556],[ 0.40875767 -0.89688471  0.16886378],[-0.20936232 -0.27224368 -0.93917559]
3,83795.60727581248,202480.39893639577,178247.70850293137,1293.5907197927302,780.6361845177945,516.1205858977587,994.2391760721216,489269.21386827354,489264.5631845002,2164.8340433282415,[-0.16941002  0.68978152 -0.70391882],[-0.93983914  0.10191849  0.32605984],[0.29665239 0.71680826 0.63101765]
118,78073.98123367428,129226.10377207895,134606.85250704671,6735.0765346681,7684.26357767068,10906.780377605308,8501.402814101919,2202474.5176998666,2199873.7792660943,134406.64583175626,[-0.88710573  0.05888395  0.45779483],[ 0.25286531 -0.767746    0.58874886],[-0.386138   -0.63804292 -0.66618217]
66,165631.54938299773,142541.14784027578,122423.06633196292,5201.062432716424,5418.724290376263,7377.818901312818,3488.707270754251,2036324.978496448,2035451.714274348,80761.6411340781,[-0.67173303  0.73923007  0.04810032],[-0.33385199 -0.3600531   0.87115132],[-0.66129991 -0.56912273 -0.48865299]
3,81863.19546834887,46960.74868341696,99454.6447173811,406.92239439668134,875.3734934517109,1319.8685438144707,453.0409285217835,237491.689684902,237476.41054834568,2724.250243639524,[ 0.69322667 -0.67532773 -0.25173249],[-0.40367175 -0.65317194  0.64063682],[0.59706441 0.34248924 0.72540693]
28,70000.29938152034,122416.28304739449,159384.71280302337,3044.9598121937674,4289.421146330907,6516.734810531287,6326.316198909388,1126897.2038005074,1126673.3108912474,28932.84057127729,[-0.91504272 -0.00211841  0.40335138],[ 0.23352203 -0.81813668  0.52547106],[-0.3288834  -0.5750199  -0.74912471]
86,137127.66778007324,139308.1911060658,4651.728201677061,11679.052955896888,9074.929403688531,3073.747631409545,8072.7409127174615,1818499.9395274085,1814984.3219633952,118806.09080914612,[ 0.06607844 -0.09802514  0.99298777],[-0.70930638  0.69531675  0.11584068],[-0.70179633 -0.71198714 -0.02358442]
70,157873.7186135514,113707.89200860345,22073.021751685865,4388.887961753852,4372.816777496225,7269.409926069421,4779.459680916135,1639926.2116616308,1639011.0185043572,69071.05499952256,[-0.58869053  0.80641509  0.05601935],[-0.05817308 -0.11138339  0.9920734 ],[-0.80626258 -0.5807654  -0.11248199]
156,112294.22205304039,53666.45536467727,142635.59617507228,7112.0852121798025,5990.882831517545,7347.597683060817,7710.951403395046,2367977.9822014496,2367374.058680648,112079.80952892802,[-0.67011197 -0.34511035  0.65715203],[ 0.44598296 -0.89491247 -0.0151944 ],[-0.59333729 -0.28289666 -0.7536049 ]
14,107942.76942839201,156346.69757818995,50436.22997640291,2510.042050429194,2455.1101861441025,2485.835995444924,3450.7499063965756,735647.8440807353,735636.12857462,9632.659189639107,[ 0.78862249 -0.59480416  0.1558287 ],[-0.27660429 -0.11684267  0.95385421],[0.54914901 0.79533377 0.25667014]
3,143815.50777737846,174886.4672448562,147646.6041853232,1396.492453406619,2689.413479322871,1210.3190082388314,1064.6309238578108,468225.3938791136,468194.9885649447,5338.524037098179,[ 0.68522597  0.0499548  -0.72661536],[ 0.49740366 -0.76085421  0.41676189],[0.5320291  0.64699721 0.54620476]
52,97770.59227438028,4199.736303684319,9227.01786744569,6827.032819266672,1986.4759492476742,6224.58085928754,7235.843679894497,711946.6132939879,710844.8173618794,44189.8763635353,[ 0.04738129 -0.99784175 -0.04546258],[-0.09432111 -0.04977978  0.99429649],[-0.99441367 -0.04282297 -0.09647617]
32,26419.51869428574,57606.40371636983,200244.66847508546,3690.2325258009796,4242.679127144849,3337.375088338491,3314.2001526922973,1188541.4746800775,1188447.1981647243,31959.974269646205,[-0.90573731 -0.36032983  0.22316437],[ 0.40474285 -0.89159151  0.20309554],[-0.12579008 -0.27427539 -0.95338862]
6,28302.909383041504,71435.88766784525,77012.20938232513,1800.3335887650237,1147.816354217726,1871.083159220656,1311.9761354864158,266561.6611241037,266502.6775487372,6178.409986399224,[-0.68966107  0.63952035 -0.33967827],[-0.67576973 -0.39984595  0.61924025],[-0.26019776 -0.65661019 -0.70792668]
2,104601.88302140526,81697.53193270059,92074.59967261853,548.5760900307723,520.4515949883353,1004.8479782952272,1191.20488507759,228452.8576553163,228452.1461801057,570.1548770637162,[-0.52472035  0.8383534  -0.147757  ],[-0.55259845 -0.20341798  0.80824259],[0.64753649 0.50575162 0.57001034]
19,92904.73193004348,79977.75519488999,180205.79110433324,3012.7913329595413,3216.879068007247,2569.59569987043,3657.4092773608227,950226.9789823759,950203.5056847526,15544.904584267704,[ 0.61066402  0.55751652 -0.56237424],[-0.66735027  0.74462099  0.01353496],[0.42630163 0.36703529 0.82677205]
249,164816.1718558696,155035.44588665376,150215.31625895033,8371.591475207877,8112.098407743617,7927.20395824991,7776.29250310365,4290340.365250085,4288574.4514802275,187208.43359543878,[-0.12948167 -0.61567831  0.77728677],[-0.78432636  0.543201    0.2996078 ],[-0.60668497 -0.57085278 -0.5532273 ]
72,27012.760300175112,154883.56778354364,56004.36697773422,11488.722687333338,3865.009216232832,3430.989316607407,4344.071228033386,1419893.278816368,1416982.5560432835,100252.26717267776,[-0.07905863 -0.32665612  0.94183094],[-0.98348926  0.17983757 -0.02018226],[-0.16278393 -0.92787619 -0.3354805 ]
6,94936.04893937358,128907.29800728381,7842.222592765877,1518.0699803169725,847.5482387120132,2485.6402735103884,1297.001449489565,392684.4615524614,392633.99746869254,6724.354768481073,[-0.74342898  0.52206241  0.41804808],[ 0.31059862 -0.28407255  0.90710048],[-0.59231905 -0.80420994 -0.0490359 ]
27,122824.21186955714,73942.492954996,83641.3754953074,8622.972071387785,5514.796793746315,4323.697105990381,3668.549254789721,864288.3637364607,862759.0808033323,54534.20105248505,[-0.09701326 -0.67070347  0.73535385],[-0.66500418  0.59339294  0.45349119],[-0.7405119  -0.44501872 -0.5035876 ]
123,175273.3809019606,72463.9185690449,155100.42929802023,8661.96395532509,7769.660298141722,7109.756103596756,7754.447690167438,2720793.2930690646,2719297.9975552135,123747.47502388449,[-0.36246985 -0.61759172  0.69799432],[-0.59728177  0.72884627  0.33472018],[-0.71545097 -0.29557331 -0.63306108]
114,88034.90110456636,22991.14125499137,183841.04767398574,3461.096466116575,12711.788753691562,7198.927378868674,7728.813628741995,2195534.7554038083,2192119.1840700125,137910.18201365005,[-0.88685215 -0.13626445  0.44150341],[ 0.17235867 -0.98411772  0.04248301],[-0.4287024  -0.11377309 -0.89625328]
6,10056.383575539972,15958.517217505969,61825.034143449106,1092.0767055085985,924.6557093266141,2421.3319530943245,2090.8188623286746,158467.10780432788,158428.90390053304,4589.48815575364,[-0.81593555  0.57791486 -0.01623558],[-0.55687386 -0.77806158  0.29070893],[-0.15537273 -0.24624092 -0.95667378]
3,62312.45256811404,21172.240828925493,80233.77194137625,567.1031159516468,1785.4548359775683,1042.3112296700003,581.3567034476807,179771.92636433925,179744.98922873425,3570.8072448598855,[-0.79792962  0.08940855  0.59608257],[ 0.05243352 -0.97489216  0.21641625],[-0.60046569 -0.20393964 -0.77320733]
45,10049.590459494997,143898.89653346027,163898.21369324502,5293.30383954969,3270.498205659783,4036.68346816641,4119.915060206905,1465349.693623828,1465038.151615597,41356.93437367342,[ 0.07597416 -0.75161851  0.65520802],[-0.99605724 -0.02702407  0.08449656],[-0.04580279 -0.65904425 -0.75070819]
76,186995.0154976729,70531.45182812943,124410.12299452224,8457.059103292238,4092.5065449883705,3858.2987443948045,7455.899060415255,2053974.8806663794,2053549.0060351773,59982.96489156597,[-0.1880478  -0.70588301  0.68291083],[-0.57727922  0.64196909  0.50460319],[-0.79459847 -0.29934071 -0.52821247]
110,70692.28073483703,82186.05778867111,137078.46280077085,6728.672315138962,6549.234978543199,5623.672426428855,5560.773382076836,1835718.3130738402,1834709.8294406629,98346.20603458713,[-0.16091502 -0.80753407  0.56744611],[-0.90044974  0.35551888  0.25059247],[-0.40409976 -0.47063261 -0.78435217]
2,88273.93601185735,109677.27022289144,124028.63216042693,496.5484755494035,982.025470939021,220.3681507444344,486.0891016500682,265351.6627974776,265347.80675372924,1430.5245093395095,[ 0.51440127  0.42698559 -0.74368988],[-0.71697782  0.68991286 -0.09981506],[0.47046162 0.58455415 0.66103125]
6,128577.83216999331,64490.24534580601,26700.439872897234,1712.1674964604622,2660.0435775894052,2882.334368424683,1489.9207396296918,358467.17974531074,358433.2747670058,9829.593636989202,[ 0.24377425 -0.74368588  0.62249934],[-0.41015574  0.50258119  0.76104167],[-0.8788324  -0.44084404 -0.18251068]
61,144139.59359169484,8485.911372829964,102402.8553933353,4490.23164671718,6425.083380617643,5886.27722354989,3420.411888590608,1384035.483828544,1383423.4179183282,71604.28596485591,[-0.42855479  0.72187164  0.54336188],[-0.39159426 -0.69036588  0.60831643],[-0.81424488 -0.04791952 -0.5785404 ]
5,202237.00572947154,147592.8446531599,200344.89458314967,1237.0767148253913,1219.3835555613718,3096.435216024946,2252.5991015218256,717056.506619777,717031.2372788945,6126.4499691022975,[ 0.77325068 -0.44084703 -0.45578206],[-0.06568533 -0.77060624  0.63391755],[0.63068917 0.46023898 0.62482898]
9,64704.1860675942,58644.551886073394,21065.509991348037,1508.4309456474289,3061.238255063417,2242.492186834288,2983.855231938832,269714.5381590354,269696.6456277471,8379.653987422838,[ 0.6299995  -0.47313942 -0.61582442],[ 0.29117619 -0.59121976  0.7521141 ],[0.7199424  0.65314492 0.23470122]
74,61942.33050209202,55775.04153986436,64959.74078385898,2874.03981265592,8776.906234869763,4765.415030501771,5645.587348878117,912832.5824122693,910942.7301746556,75437.98636211552,[ 0.67393414  0.10476874 -0.73132502],[ 0.4518808  -0.84159019  0.29585417],[0.5844797  0.52985796 0.61451934]
50,183184.08977448905,127605.60281672933,179653.82918708317,3669.6825252412104,7020.321833286267,3643.6717146134747,4906.421365680975,2027079.7476944493,2026684.9223528034,51074.46553970491,[-0.76897503  0.36253704  0.52653992],[ 0.00733588 -0.81858831  0.57433384],[-0.63923672 -0.44551101 -0.62681445]
25,132469.31639233546,91116.33443548024,192289.55525319654,5005.458715458709,3582.826687174253,4415.12715877453,2243.5394298883384,1253672.6670690821,1253454.6664617339,36116.97462252725,[-0.02576117 -0.8964348   0.44242627],[-0.84856955  0.25356743  0.4643633 ],[-0.52845632 -0.36346692 -0.76721947]
18,189561.76245050755,63933.547312974064,183711.0848872946,6232.7671027929355,3515.478207430697,3012.1840710200427,4308.197791795171,1152750.7069626567,1152532.5443736354,27528.542468534262,[-0.08969428 -0.90821901  0.40877031],[-0.71041598  0.34599476  0.61285949],[-0.69804303 -0.23542697 -0.67624705]
17,60507.313893204635,123322.98509364051,46619.94491794027,2393.576654726748,2855.4650145183514,4074.666488034831,4213.95596494996,598503.5001703993,598397.4820784801,14709.559818499536,[-0.89968754  0.33602352  0.27865845],[ 0.1286993  -0.40579574  0.90485707],[-0.41713166 -0.84995177 -0.32184338]
2,173265.0918139734,18182.393384123086,67814.61258173754,1256.3616406327055,55.67888141624644,299.12861026434985,1267.4865725881536,264393.20782775857,264392.96389364026,359.1503704096106,[ 0.19408221  0.70286954 -0.68432924],[-0.32150869  0.70463929  0.63254694],[0.92680325 0.09725169 0.36273662]
12,152355.7077201417,45179.48473666216,22233.3977718247,3847.061671697834,2384.4790430360167,2130.880738593419,3154.218198478575,556087.4115367815,555996.8937774997,13468.158592103842,[ 0.06267462 -0.60258089  0.79559296],[-0.30718507  0.74681437  0.58983525],[-0.94958371 -0.28136198 -0.13829754]
4,155888.49877436692,163462.0498846944,54871.16394664576,2278.3167359017566,2228.0471998995995,2255.3883220618936,2193.2739329974324,464954.4868763581,464922.59515175456,6443.8124191848665,[ 0.57236544 -0.28811869 -0.76771442],[ 0.47183786 -0.64999417  0.59571521],[0.67064658 0.70320352 0.23608889]
41,92541.24405760113,92028.05469969742,91526.64657665408,2742.23073968242,6279.741964869268,4045.6828375816212,4670.716555936614,1021697.8513773857,1021399.2620727218,41274.42916703555,[-0.48974389 -0.31588563  0.8126298 ],[-0.65093308  0.75255131 -0.09976296],[-0.58003194 -0.57782592 -0.57417781]
