N,MEAN_X,MEAN_Y,MEAN_Z,SIGMA_X,SIGMA_Y,SIGMA_Z,SIGMA_R,LAMBDA_1,LAMBDA_2,LAMBDA_3,EIGEN_1,EIGEN_2,EIGEN_3
143,39586.120118642226,80217.95631606768,185414.502989713,4516.539167690785,10462.769362693058,9440.538798515503,9214.060865525033,2467331.9240932856,2465160.3109597745,136814.42649584406,[-0.97994798  0.1269338   0.1535896 ],[-0.05442942 -0.91203863  0.40647629],[-0.19167523 -0.38996583 -0.90065935]
365,191060.12185802002,51548.274433536215,16805.928153336477,8846.907896483197,9253.697121501837,9004.246562695478,9247.54237325461,3802997.002905591,3801613.8458826584,240063.79667486553,[-0.2625004   0.79321622  0.5494557 ],[ 0.07620226 -0.5506049   0.83128061],[-0.96191827 -0.26008126 -0.08408914]
39,33765.12975929123,8815.208035479298,153606.5828455203,4618.727246506695,5436.7176982581195,5804.203623470882,5287.767319541817,985164.0168064842,984483.5655201095,47302.661264856666,[-0.75971719  0.63698484  0.13069086],[-0.6140337  -0.7689029   0.17818797],[-0.21399162 -0.05512387 -0.97527891]
2121,24489.691704113757,40434.10905979909,39734.932333235156,13564.62740794843,19714.341195751884,26213.332110828793,18623.828111350664,3218475.2422492737,3023595.8337970325,1421375.9193392873,[-0.91165404  0.37405172  0.17021229],[-0.14407559 -0.67880418  0.7200466 ],[-0.38487549 -0.63190995 -0.6727263 ]
28,195097.25741195143,85351.89057063313,5366.000372842196,4703.88150132296,2879.367140354078,2456.904042610106,3989.0881526625076,1127586.056774331,1127434.1675255876,24027.314458298333,[-0.16962435  0.32934933  0.92884692],[-0.36367794  0.85506324 -0.36960142],[-0.91595084 -0.40049454 -0.02526246]
744,17036.719896587325,146863.60167934714,25447.703582085283,11482.573390938674,12239.670449179066,10768.201552539069,12843.23889956974,4121468.004805246,4113529.5488021737,417220.4903037374,[-0.56814352 -0.07767594  0.81925539],[ 0.81507653 -0.19031956  0.5472008 ],[0.11341599 0.97864443 0.17144066]
3806,106856.37611247963,123244.1171536026,132420.6338922981,35910.40527631686,38722.47560654278,25857.255578472887,19223.12802147675,13293305.70944202,13190656.270190436,3409895.10619475,[ 0.67518025  0.17478145 -0.7166471 ],[ 0.53178362 -0.78862152  0.30867827],[0.51121209 0.58951467 0.62540759]
43,17996.379810962808,157873.14947330562,88499.35750703712,3857.377360970659,6321.67887582786,4072.3507442251985,4969.573325836018,1193759.0269218457,1193301.0658338747,44601.3786335422,[-0.88562115 -0.14608497  0.44083371],[ 0.45377577 -0.47416171  0.75449203],[-0.09880652 -0.86823375 -0.48621746]
503,93830.44116016908,178317.22443642197,26220.977791972164,11734.484381831344,14701.675007131194,12800.815762941333,14933.00274992546,4580339.635233447,4574782.262904067,386156.3894895202,[ 0.81324328 -0.47611538  0.33458856],[-0.35408639  0.0514158   0.93379829],[0.46179887 0.87787844 0.12677242]
81,114611.029415562,71490.39394740021,102060.46727719427,8105.977434905912,8914.552482938454,5257.903484303026,10190.607143716175,1527639.737305887,1527138.9110058122,74505.37971556303,[-0.6723649   0.0231455   0.73985791],[ 0.29924415 -0.905696    0.30027935],[-0.67703647 -0.42329545 -0.60203205]
983,174396.29913679702,83200.97288002775,55475.9606682803,15587.875539949662,11553.087475122145,21779.338760488336,17541.852093276062,6360863.7961902,6333692.943792478,741914.8853539822,[-0.46880418  0.8653      0.17742197],[-0.16716982 -0.2841477   0.94409445],[-0.86733897 -0.41293582 -0.27786167]
67,173264.64826769082,4923.937560453847,115929.68459480142,4346.494966711789,2808.7390301045234,7244.85196757717,6336.1453195769545,1708316.440080985,1707801.4492062433,51227.64208164492,[-0.08279593 -0.98268044  0.16578294],[-0.5506372   0.18376466  0.81426606],[-0.83062838 -0.02386834 -0.55631538]
152,116179.03318208971,18912.053237193442,183906.51731494072,5593.149485952837,14833.291884915563,9700.56373507102,10946.602904848436,2701085.7119946512,2695911.6682859357,186977.77058750862,[-0.82648339 -0.16312216  0.53881014],[ 0.18527908 -0.98259626 -0.01327581],[-0.53159841 -0.08885801 -0.84232261]
40,26221.581005741366,56381.35548880203,201410.54015631072,4744.272237441847,5116.970599017761,2477.797083595871,2137.805554940808,1333758.2508970662,1333447.05990519,44778.17436328571,[-0.79099043  0.60812327 -0.06723259],[-0.59903905 -0.7474148   0.28726875],[-0.12444417 -0.26750178 -0.95548754]
67,17498.517553614725,56782.039418442975,174646.48599227253,4917.185906338202,10510.386508230871,4576.064444957676,5074.465068863347,1512864.7740655248,1511183.76508436,93127.81405805906,[-9.95076987e-01  5.57924297e-04  9.91033746e-02],[ 0.03004724 -0.95121784  0.30705339],[-0.09444021 -0.30851955 -0.94651822]
36,36867.9230764965,25093.31578259741,117719.83706324891,11203.368042436465,4312.685776300199,6257.15797292855,8779.27575293508,759294.0514214301,757571.9720528506,61054.83264828296,[ 0.00774366 -0.97842706  0.20644739],[-0.95485905  0.05407492  0.29209606],[-0.29695831 -0.19939005 -0.93384119]
323,110872.29278758109,97531.43464429377,53335.76021038672,6568.044181535464,12276.891433754598,16087.147700913909,14603.528396978862,2845939.3128406834,2835584.3383136587,276126.3889156993,[ 0.44741638 -0.76306268  0.46642677],[ 0.55365057 -0.17325535 -0.81452663],[0.70234581 0.62267    0.34495281]
159,143020.41682458483,198385.33816539994,91621.316805855,7073.414277922917,4288.74247812131,9223.678066519222,5453.098486073885,3295769.327607894,3294931.1752224388,140250.26165222615,[-0.73185731  0.63822248 -0.23886595],[-0.40549343 -0.12613996  0.90535285],[-0.547686   -0.75944768 -0.35111148]
130,76522.15042366237,127287.94086995476,132910.77868066527,7220.190948792268,7367.148219563831,10852.716591962071,11569.013964252921,2278050.9390842146,2277036.2519035204,109057.50580182385,[-0.9188386   0.19369862  0.34382623],[ 0.09006936 -0.74532549  0.6605887 ],[-0.38421757 -0.6379426  -0.66738752]
614,18724.74281519297,112013.42548785613,76542.47402435965,10472.371204113158,15976.472289083618,16865.092174332978,14631.875761367384,3444450.9947238145,3420610.3660446573,515179.93925521953,[-0.96595076 -0.0124001   0.25842864],[ 0.21824586 -0.57550047  0.78814209],[-0.13895277 -0.81770743 -0.55861139]
99,160286.31151691973,35316.359799629194,61327.99683692608,4774.305328263803,5782.944055776081,7082.752905810759,5081.724928439535,1745747.2587364572,1744722.1542074266,89401.11180225882,[-0.00576528 -0.85986684  0.51048582],[-0.40419482  0.46893761  0.78531781],[-0.91465475 -0.20180815 -0.35025728]
10,64845.49357544051,175272.09632006555,99608.55194479656,2912.8927284850456,2936.1527777346737,2790.8197016521012,2730.3604053849335,669829.5262226934,669771.9848272612,13189.939228618536,[-0.67841434 -0.1569065   0.7177286 ],[ 0.66782736 -0.5388745   0.51344024],[-0.30620353 -0.82764402 -0.47036664]
112,20460.350385557886,119781.31776842319,154180.7780728873,10395.775514304207,5899.459406025653,6751.926371805902,7061.233257238896,2082209.400707322,2079310.488370633,124811.97816137741,[-0.43023729 -0.68426183  0.58879675],[-0.89660049  0.39970485 -0.19063996],[-0.10489727 -0.60993588 -0.78547743]
20,11393.373323879734,119069.15670500677,102122.47237968081,3250.051448440203,5602.183154991652,2360.612790901466,3983.1778091405745,703892.8617363643,703740.9421081799,25203.430145626382,[-0.98694829 -0.03944869  0.15613094],[ 0.14385494 -0.65173687  0.74467765],[-0.07237973 -0.75741854 -0.64890548]
498,56792.197300868436,186160.29528424976,175690.85936399724,13216.155394775573,12800.558230167264,16680.87810903246,16235.052346973482,5872124.875440641,5868031.930030959,414669.14861008374,[-0.96772452  0.06806067  0.24264582],[ 0.12643866 -0.70175934  0.70110419],[-0.21799659 -0.70915553 -0.67050423]
65,42882.14387760497,104479.57259123118,6476.744122956683,4103.342209702687,4152.9804009544805,5030.697972019507,4354.033840673623,913692.8670113015,913140.2600892879,51441.52009403587,[-0.82323086  0.36495734 -0.43485295],[-0.42254698  0.11764881  0.8986728 ],[-0.37913717 -0.92356099 -0.05735949]
88,7217.185389190333,113097.77097182442,118949.4590612696,3646.1397801779635,7595.968725722341,5603.763463535027,7320.341145540398,1543770.8399328524,1543076.7463770972,65793.38075444307,[-0.97170107 -0.13900151  0.19098589],[ 0.23213456 -0.71154232  0.66319007],[-0.04371012 -0.68875693 -0.72367349]
56,117399.00613766008,145552.51012810032,153962.77794249807,7201.7129741505,6414.331500917329,4339.434949464307,4507.116359920107,1813677.365272013,1813642.1295283812,71648.14150967842,[ 0.63398964 -0.74198546  0.2179787 ],[-0.60244923 -0.29713635  0.74078669],[0.48488356 0.60097218 0.63538993]
561,170785.67668394995,118789.03932443583,80715.26465248712,15767.097866092568,16753.86727071098,11391.631283791156,18521.823732878544,5316081.397545592,5307554.266163172,420670.1207770457,[ 0.54859281 -0.24642431 -0.79894993],[ 0.3366445  -0.80959405  0.48086168],[0.76532112 0.53275935 0.36118009]
8,136248.7534837937,116302.73235161588,194690.55370920332,2034.7825046033886,900.874404406125,3939.1892610776404,2840.806133786286,748401.6346841102,748354.516250365,9968.878868270165,[ 0.33637128 -0.89327762  0.2981769 ],[-0.78848329 -0.0940165   0.6078281 ],[-0.51492569 -0.43956342 -0.73595892]
5,105875.73523289617,24534.162510199498,180161.88667221912,1165.8238633507988,1118.578309247976,2061.3034024700946,1742.4927244852925,470510.0004997101,470498.57936449326,4363.266532846385,[-0.5696054   0.78989541  0.2271892 ],[-0.64989146 -0.60206086  0.46385753],[0.50318066 0.11656743 0.8562834 ]
529,91626.3756395023,40814.579072526765,70777.2892706872,12415.707657772347,12138.268084100684,11335.659914463002,8760.226742765433,2855438.599361291,2839521.5036284286,428084.6505962179,[ 0.56887528 -0.76697578 -0.29686541],[-0.34068099 -0.54830111  0.76374233],[0.7485435  0.33333774 0.57320902]
211,183953.61828081586,66600.97500409556,160844.98162307282,13366.496900069507,11651.632303171895,9103.145127231803,12262.865403900094,3689362.61391593,3684227.159906153,228537.33207437926,[-0.54329817 -0.34677136  0.76457617],[ 0.42010383 -0.90078131 -0.11002634],[-0.72686991 -0.26142427 -0.63507281]
74,138479.7327973727,149473.66165171852,23376.59251166686,5185.611922872752,8000.104198545005,4416.531370439428,7749.343158432945,1766214.1194248975,1766005.251769954,61177.06531051818,[ 0.32622915 -0.43285     0.84036624],[-0.66187145  0.53012714  0.52999189],[-0.67490794 -0.72911322 -0.11354813]
213,14765.273340451067,47111.403075343944,160283.37913116807,10259.39705693646,13277.262573607473,8044.382248900849,6871.577977808279,2458408.1550348,2454025.9925956265,253235.03721282654,[-0.95306971  0.30274619 -0.00169241],[-0.28984067 -0.91079853  0.29400411],[-0.08746719 -0.28069695 -0.95580266]
281,46386.64298620001,73917.28158909283,114556.25171669455,9295.857476710882,6511.346868185471,9762.478342396515,6604.6601953030495,2423918.3874759255,2419736.6344834752,224838.20262504576,[ 0.55971004 -0.78112454  0.27671126],[ 0.76379479  0.35673616 -0.53791899],[0.32146881 0.51242927 0.79628766]
537,115648.39111939547,14854.307479712723,89413.80563442454,9898.360290625986,9194.421015485124,24482.575556537955,20728.469675129723,3460430.054404918,3444553.0203514933,433523.7373615135,[ 0.20434588 -0.97393799 -0.09842534],[-0.59246964 -0.20309141  0.77957271],[-0.77924482 -0.10098844 -0.61852958]
16,7394.76017145679,132867.51378717303,176604.9399787155,4049.5418385114745,3029.650157999405,1693.2479383819552,1758.3646462776771,884727.0579033762,884585.3357350671,20136.49910374476,[-0.49472037 -0.68438071  0.53560694],[-0.86841156  0.41296688 -0.2744444 ],[-0.03336347 -0.60090049 -0.79862725]
44,186243.6522435076,167003.5547026152,159338.44448223888,4719.992918846027,4981.724208631895,2930.150214082643,3254.7175515221043,1967781.7007156066,1967670.272951192,44540.75989360718,[ 0.31149099  0.45065456 -0.8365906 ],[-0.71317955  0.69267555  0.10758953],[0.62797157 0.56312614 0.53715981]
11,127763.11064002021,57026.03613617578,168678.36432100722,3397.5232925063065,2584.272152710516,2937.3978468983905,2983.3473881976,727018.9373621781,726944.0128807483,14055.091465152798,[ 0.01188852 -0.94992574  0.31224949],[-0.81240276  0.1728836   0.55687792],[-0.58297549 -0.2602928  -0.76966696]
361,145420.4154578411,17106.774469456952,178725.03144393134,8719.824255655896,8123.152433518091,15185.678982012363,15579.641918198131,4402794.028361446,4402201.71849549,217108.13026705978,[-0.77763444  0.04257357  0.62727361],[ 0.01288779 -0.99641566  0.08360461],[-0.62858459 -0.073098   -0.77429845]
14,118098.58916979357,106853.59993383063,23788.647046218477,3155.659894152882,2684.1924168173587,2060.924779329197,3497.67538102043,602734.6791884209,602699.7620789397,11300.87167338858,[ 0.15332434  0.05043848 -0.98688784],[-0.66227186  0.74646139 -0.06474091],[0.73340823 0.6635144  0.14785468]
957,98469.35115854394,128493.54991951043,45572.401049689004,24563.398920289095,8710.017053502312,18916.01360408332,15946.047188893102,5270595.640715896,5254448.21834674,855216.7642144839,[-0.22477054 -0.17275335  0.95897575],[-0.77408284  0.62941649 -0.06804886],[-0.59183948 -0.75762205 -0.27519969]
27,63553.354861886415,197249.93114447952,91596.44294266254,6080.627706719722,3028.9061298863408,4843.787883017626,2870.7055974473333,1178064.2573537484,1177471.1765526012,40678.33059431454,[ 0.55618567 -0.4906433   0.67076572],[-0.78228825 -0.0366681   0.62183642],[-0.28050417 -0.87058865 -0.40421876]
228,188713.53104788967,182631.8407223267,113440.60359687531,11633.206347507445,6149.016712619683,9634.427896403893,6641.526329829946,4325904.435288776,4321440.328628294,224009.23320896213,[ 0.30130687 -0.70808114  0.63861982],[-0.68832184  0.30196648  0.6595675 ],[-0.65986908 -0.63830819 -0.39640314]
465,165360.29586356692,181138.1631680466,194375.6134808721,12999.68331329146,15604.396472080794,7869.381006989925,16606.9882150931,6762076.44092902,6760576.935377085,302462.4977645603,[-0.41531895 -0.4608213   0.78431747],[-0.74039433  0.67216665  0.00286735],[-0.52851339 -0.57951335 -0.62035303]
158,88041.38898153523,27808.17517767042,184577.81636436738,4340.2706979451195,14905.72730603706,6584.514463981375,7373.52344489468,2602269.8466450544,2596473.2551466706,189585.7534984916,[-0.88412714 -0.14637311  0.44372753],[ 0.19145284 -0.97977052  0.05827132],[-0.4262218  -0.13647215 -0.89426525]
73,8726.281785090976,196785.3022601342,82734.43587853367,4380.679791764389,5837.042294543509,10214.940357873142,6451.143571520106,1828357.8248181646,1826441.0104786446,92128.09760213268,[ 0.94955062 -0.15645484  0.27180047],[-0.31095298 -0.35703354  0.88081513],[0.04076591 0.92089572 0.38767152]
457,163233.8095568205,193440.5630039113,13662.300382923693,13576.219167926409,7893.323317215884,9264.682164376984,11167.509593484769,5429725.740892573,5427023.384993714,308126.05015279975,[-0.3170139   0.2016534   0.92673518],[-0.69560886  0.61477624 -0.37172366],[-0.64469411 -0.76248677 -0.05462072]
3,102109.8635807843,24446.93584056644,1475.2650360831976,421.7396906951077,711.7543216688803,282.02597360839826,409.3123079842686,181881.85722944073,181877.17480260256,1336.8606559214604,[-0.06523722  0.32934406 -0.94195361],[-0.2239311   0.91505682  0.33544876],[0.97241913 0.23281645 0.01405462]
22,189703.385199538,201169.32051184803,41808.93915002626,3752.5954882698034,2390.3267088936873,2537.8204088694542,2970.666764434518,1311860.2939310293,1311788.7308447368,19580.751104335777,[-0.30000503  0.45694762 -0.83737438],[-0.67065502  0.52322393  0.52579327],[0.6783943  0.71932996 0.1494844 ]
2,145746.86503185087,92308.49234177347,22393.360935774217,503.7043105507619,491.55441625635285,401.3323644624179,734.4784141533746,246028.96354074668,246028.48819489908,483.6294723153848,[ 0.43767658 -0.79359004  0.42267489],[-0.32643481  0.29776777  0.89709234],[0.83778251 0.5306121  0.12872944]
128,178766.05733530823,137886.35232604673,20244.061452211216,6022.122014195084,8817.598467204805,6444.862003527631,6853.291547738457,2567560.2423250405,2566445.8796906015,118460.16473443325,[-0.38045839  0.36895169  0.84801301],[-0.48328175  0.70247998 -0.52245634],[-0.78847331 -0.60860211 -0.08895678]
145,11641.993112455182,52519.66202735933,137174.42818537052,6126.124855000684,15377.90079899127,3973.964752784279,6670.676267174796,1784599.0509160354,1777736.9581691192,187071.26415049494,[-0.99411633  0.0977312   0.04670475],[-0.07404771 -0.92786883  0.36548101],[-0.07905478 -0.35987226 -0.92964633]
26,72092.82023238922,198652.53192286502,3726.2232124213288,3113.136539647953,3499.721455981587,2365.6543296015016,4174.9231078396915,1078018.8300590853,1078005.6909396527,16234.993602447801,[ 0.91759351 -0.32894264 -0.22320146],[ 0.20396382 -0.09235368  0.97461252],[0.34120509 0.93982314 0.01765074]
63,140142.07106267795,141629.64641523868,3875.4943483758916,12071.894303547248,9064.48363890671,2499.7912999801365,5401.8710253305835,1586306.9971391684,1582484.0897605529,113191.11707382955,[ 0.03603269 -0.06280446  0.99737518],[-0.70949983  0.70124135  0.06978945],[-0.7037838  -0.71015222 -0.01929214]
22,86068.93257377324,10960.727133316464,131285.70484021917,2917.047311805686,4423.2180598890045,3021.9353086262345,2227.0822885064786,738543.1874865085,738306.9176537065,26590.67856714837,[-0.74480252  0.49549535  0.44693798],[-0.38232405 -0.865824    0.32276481],[-0.54689809 -0.06952091 -0.83430769]
70,127886.86495887973,198712.05610072508,125475.93210381038,9350.891141119295,3713.7375763157784,3699.137117496052,3793.3470045637096,2240127.6919583986,2238936.920356167,84149.74194237763,[ 0.02386314 -0.54469504  0.83829462],[-0.87791793  0.38969662  0.27820254],[-0.47821612 -0.74259266 -0.46889816]
44,165636.42921804686,144829.31138336548,120922.78354336867,3419.6757084899473,6243.229033497151,7205.832239820844,3215.5960564402412,1666551.3992555025,1665682.7992133496,63749.23696737751,[-0.74286164  0.59757968  0.30175337],[-0.1136715  -0.55680271  0.8228302 ],[-0.6597237  -0.57694823 -0.48155516]
81,18043.303987009887,149369.3541169637,168084.36559779526,5895.352258501715,8522.030619821851,5034.262976132834,8672.318720361254,2032433.4233211048,2032278.4564717351,67802.46937071202,[-0.21446241 -0.71816529  0.66200037],[-0.97342592  0.21287523 -0.08441636],[-0.08029858 -0.66251245 -0.74473444]
158,66808.83184982275,82611.6214071611,29124.25195422833,6070.598457805385,3818.7891628297607,13490.311804509041,6605.210029900509,1396609.1165170185,1388625.5263955025,173325.77103104108,[-0.77099098  0.63605442 -0.03174398],[-0.194421   -0.18761516  0.96280893],[-0.60644322 -0.74848869 -0.26831193]
132,121694.12509266805,10797.662471312256,37418.21250970464,7598.525950102115,6104.876299379379,6074.962098095259,8175.867877805084,1473042.6584742628,1471857.075067973,93361.58153652507,[-0.29481662  0.50070566  0.81386547],[-0.07892806 -0.86157087  0.50146385],[-0.95228857 -0.08360305 -0.29352514]
47,38010.79705956184,147101.68150990395,7997.596802410022,4171.149089255535,7991.859716739121,5060.166997378435,8472.029813990523,1045216.6494979386,1044882.1901835144,40890.77758759815,[-0.8981246   0.21081427  0.3859139 ],[ 0.36179945 -0.14456943  0.92097819],[-0.2499467  -0.96677661 -0.05356888]
9,43010.73239952692,89158.7591418994,69028.55893012715,2054.8805110190438,909.5765351757193,3531.6463429627975,3015.441662003449,362243.7437826283,362178.4642950322,8736.244074965813,[-0.87169753  0.04243212  0.48820378],[ 0.33623041 -0.672966    0.65883676],[-0.35650039 -0.73845534 -0.57235583]
93,95242.45643030888,9637.783463341186,8016.656434514587,6445.569572054145,6850.978246666134,6090.106810930268,6283.328772537325,931521.9029098487,929599.7433910092,89035.55224156979,[-0.00868866 -0.59114562  0.80651805],[-0.12985233  0.80038622  0.58525232],[-0.99149527 -0.09964319 -0.08371592]
33,63493.09291499713,160134.02632758525,187052.72351672783,4515.261924419108,2701.9483451908036,3116.358064204145,3593.296874056818,1461155.9423932307,1460972.249730253,28457.421156461467,[-0.15341775 -0.72434046  0.67215615],[-0.95608874  0.28070094  0.0842692 ],[-0.24971445 -0.62971254 -0.73559827]
4,61053.551238579676,178942.93414209434,31709.654192448354,899.5621913479007,826.6836907482489,756.7691578559343,1034.3295785294542,383433.36809217924,383432.26311807864,1992.5140940197834,[-0.15126721  0.22230532 -0.9631711 ],[-0.93578533  0.28172062  0.21198895],[0.31847143 0.93338836 0.16541496]
10,21943.261200277753,29512.58852655753,98740.07504525638,2921.4874883750426,2107.7532330247345,2090.7686880134834,2177.9256323022514,333392.8779909286,333332.69090413983,11292.780086193758,[ 0.20673624 -0.94908147  0.23770672],[-0.9559526  -0.14420109  0.25565732],[-0.20836205 -0.28008999 -0.9370885 ]
442,143050.85525189608,19877.924389646167,11694.688223136494,13248.168780302913,13474.855953757673,9211.977645514715,12820.679477652884,3072391.0990032097,3063994.8545494466,350716.6297300835,[-0.08875731  0.04805724  0.99489328],[ 0.1299524  -0.98973926  0.05940171],[0.98753963 0.1345611  0.08160144]
12,81459.49683313248,69340.32390979245,18377.667545358356,2561.953165163681,1758.923710987758,2690.1121690763384,1256.6946003469452,376199.57597923867,376099.5329103969,13554.728610619924,[ 0.34008015 -0.59310682  0.72977379],[-0.56654633  0.49016955  0.66238891],[-0.75058027 -0.63871599 -0.16932556]
11,157049.6965696727,26031.796422631538,132660.49110188475,4269.031286600157,1698.3342750211111,2557.614379439202,3055.284567831987,687483.3391616251,687369.9146049496,14179.285519797135,[ 0.19683796 -0.97958719 -0.04078907],[-0.62186902 -0.15690538  0.76724157],[-0.75798004 -0.1256568  -0.64005986]
57,165595.63990605687,54374.780263612,191303.23739877483,7804.967201098845,3524.3985291571503,6466.822627369096,9249.793499709162,1955385.6787773904,1955277.11402656,41096.672699860654,[-0.16394817 -0.90244221  0.3983956 ],[ 0.75064154 -0.37616242 -0.54317502],[0.64004552 0.20999974 0.73908175]
8,150028.41383916844,38904.771846616524,138869.57087684993,844.2353006585889,1870.450973508916,1495.3115116846395,1217.3140164689678,588637.3358904987,588624.9282086318,6305.574173518142,[ 0.67816749  0.00795765 -0.73486429],[ 0.14270052 -0.98233531  0.12105334],[0.72091984 0.18695995 0.66732343]
137,181892.18876187346,118473.98486565643,125804.24971923354,7716.312254932562,7734.143349768443,10785.996138483175,9747.041443138798,2941491.9378060573,2939417.0521767195,140233.70793026927,[ 0.18476555 -0.83465361  0.51885937],[-0.66401898  0.28319394  0.69201155],[-0.72452776 -0.47239237 -0.50190136]
119,197516.47842654903,178106.392815164,161831.3954892704,3481.837008016078,8271.768720552289,8332.53318238359,7618.1801392954985,3398087.966157114,3397897.8891697545,104430.29365817836,[ 0.02239668 -0.68583175  0.72741542],[ 0.77293132 -0.44960299 -0.44769892],[0.63409428 0.57226913 0.52003123]
54,9431.064128654196,112359.1067656377,172618.80217258597,5052.606767619989,3104.561623886819,7474.037443427698,6840.657231207964,1516487.9514831442,1516201.3354177787,48902.51764233613,[ 0.41957874 -0.77116151  0.4788148 ],[-0.90658988 -0.32971237  0.26340947],[-0.04526008 -0.54460966 -0.83746752]
34,157476.7162411881,52759.85621981425,10485.199967366878,5509.699468550046,6041.236420002194,5312.846501595554,3755.355113557131,971880.1139189145,970689.8794994436,52561.996365195555,[ 0.13747142 -0.57107365  0.80930618],[-0.29184771  0.75743826  0.58404811],[-0.94653395 -0.31648408 -0.06254043]
4,13719.539401905065,182018.47633040615,163236.12833038156,480.76260647098775,2567.182140091098,1694.0222144441866,1555.6445421078806,489793.7811661833,489765.58634147485,5397.512937351286,[-0.99456088  0.10026189 -0.02821707],[-0.08780677 -0.66137011  0.74490238],[-0.0560234  -0.74332841 -0.66657651]
8,158606.56372663932,26124.639283885215,115579.37662832801,2423.1251956597157,1859.058103933266,2269.5137815772673,2267.488164317611,560077.7265100669,560021.1172314209,8662.55839118689,[-0.26376204 -0.79773935  0.54225594],[-0.53725743  0.58838961  0.60427818],[-0.80111425 -0.13194539 -0.58378624]
191,194057.82629437026,129445.53332791006,34482.05042522119,7907.853116126116,9520.0263659132,9479.072898168124,10182.024247189278,3264935.7475933456,3262935.8575546136,163863.83246782364,[-0.56619896  0.8147626   0.12482249],[-0.04987806 -0.18502338  0.98146754],[-0.82275812 -0.54947999 -0.14539883]
27,37060.224116127625,132255.0649032326,200678.11556388234,11737.988120751246,3533.15256852948,1915.9054430172635,2657.819220879458,1265200.6984763849,1263711.6767216907,63143.77474047485,[-0.18602902 -0.80424927  0.56442566],[-0.97063394  0.23959924  0.02149341],[-0.15252202 -0.5438523  -0.82520404]
2,193206.6156466127,195062.91358978723,133214.658545618,681.61805228304,30.428190283389995,116.58289686578792,462.99202844439424,431566.8220792607,431566.2085984434,727.6781960371885,[ 0.17064303  0.43482768 -0.88419786],[-0.75500341  0.634302    0.16622524],[0.6331278  0.63920722 0.43653559]
18,118474.98188311011,201674.2846808316,173338.50294888706,6104.5163048930435,2166.4866398062723,2573.4354814668777,2389.8161377308465,1235462.085736116,1235229.2309374071,27817.474068210202,[-0.24966307 -0.54266676  0.80198575],[-0.87862085  0.47510532  0.0479618 ],[-0.40705497 -0.69266711 -0.59541458]
13,199704.2788123878,4711.144791872393,100664.80311804,3897.381947679583,2452.274824390377,4415.167636761817,2373.9921976256633,806808.4694758361,806620.3342802067,21310.98489997833,[ 0.03822352 -0.99885098 -0.02890818],[-0.44878147 -0.04300704  0.89260607],[-0.8928237  -0.02114509 -0.44990969]
14,153640.51051187245,43223.33680397631,23272.865792429624,3383.059830909252,2885.4445746509136,2663.961758902257,3500.004277378355,603747.3232044321,603709.8348040974,14283.06485485706,[ 0.27603854 -0.96040951 -0.03763373],[-0.12824666 -0.07560875  0.98885596],[0.95255211 0.26813596 0.14404024]
2,177292.18648641472,158020.14780784817,109637.90240572134,64.51962845824892,228.4053545647912,78.45297790182667,148.82733032188844,369928.151491428,369928.0424511629,284.0318919672981,[ 0.71264014 -0.39940277 -0.57673343],[ 0.18100066 -0.68959251  0.7012139 ],[0.67777783 0.60410231 0.41913914]
127,87282.68685206576,88439.42876883099,104464.46619419719,6123.387368212815,5935.826899637823,9833.813985282966,4545.777512424787,1834136.3506041379,1831349.3398934975,136770.97664292977,[ 0.60194987 -0.78237345  0.15983782],[-0.59106289 -0.30194641  0.7479793 ],[0.53693669 0.54472025 0.64418852]
31,63492.38322588582,163887.2463616953,65725.51258726213,3670.4303492149234,4633.4142202047,2534.584613287418,3905.0102650682643,1045303.3336566836,1045050.3774261684,28370.52493853157,[-0.03034297 -0.36189022  0.93172677],[-0.94063557  0.32560755  0.09583551],[-0.3380592  -0.87350741 -0.35028672]
92,179994.0503586815,127881.87901185667,177879.25170967713,7803.671225080139,6695.515160072154,3584.203737814417,7504.339248198379,2721207.055599757,2720912.784555181,75716.7743879313,[-0.76302049  0.49286946  0.41818587],[-0.12041195 -0.74403163  0.6572046 ],[-0.63505959 -0.451106   -0.62705876]
2,105456.14730395422,80427.18926224721,204312.3870236421,381.80158912907063,34.96087838039966,78.85660047660349,219.89494098100113,344480.0037192205,344479.69932079647,457.95004955919165,[ 0.17096382  0.88353591 -0.43604549],[-0.88506333  0.3321805   0.32606597],[0.43293681 0.33018239 0.83877608]
13,184830.31051911454,103416.58012517431,7512.873565879602,2124.392728308299,2256.4947505847585,3145.3729530318715,2079.5392733016965,764252.6679190255,764187.6391643251,14058.468179828538,[-0.43544756  0.80711977 -0.39867668],[-0.22308342  0.33230521  0.91640986],[-0.87213486 -0.48798659 -0.03535355]
92,12905.526292742372,94066.73656301075,169079.79663238014,6816.583994059624,4765.439997084075,5609.099903872155,6670.993493713161,1862255.2090062387,1861281.88508485,71550.45054313622,[ 0.13693683 -0.86994963  0.47374671],[-0.98834567 -0.08788764  0.12429237],[-0.06649162 -0.48524571 -0.87184601]
59,47806.59882870374,172759.62871031548,23689.136044931292,7082.734722109748,5385.5935200825525,4204.325677649643,4840.84825676609,1390547.9927255043,1389660.244080506,66088.57545581575,[ 0.19487732 -0.18582559  0.9630637 ],[-0.94457862  0.22891494  0.23530656],[-0.26418565 -0.95554529 -0.13091655]
229,104336.22428667458,177192.07449369933,197478.09252492484,10194.681614400379,13080.784280542823,4339.466443157532,6779.962367802438,4320684.699253998,4316940.652217142,238430.14080885638,[-0.60468703 -0.40670505  0.68479529],[-0.70757235  0.66903303 -0.22745587],[-0.36564322 -0.62208183 -0.69232885]
6,145528.71933751748,57716.417871371224,124491.68158315937,873.1642636372198,3140.060242504146,1954.0486079332222,2088.9637808660787,490023.03763374925,489985.63123137446,7775.223746363926,[-0.59093509 -0.19729855  0.78222055],[ 0.34859229 -0.9368844   0.02703775],[-0.72751572 -0.28865361 -0.62241462]
199,163549.30426639903,152813.75816174896,147418.97507777557,8068.2914304062515,5912.0178900449655,6845.704621008931,7575.363549711107,3783716.233503076,3783329.392856801,133512.19601876792,[-0.79204981  0.43729146  0.42594987],[ 0.00227505 -0.695637    0.71838986],[-0.61045223 -0.5699696  -0.54998429]
98,148061.50997724617,198090.34222516365,170337.027944985,8376.415746935281,4785.8765543727,8591.004089199012,6634.0210001274045,2974525.978351912,2974477.630092705,109627.13150488908,[ 0.56115053  0.25726633 -0.7867173 ],[-0.66472937  0.70641449 -0.24313254],[0.49319868 0.65938805 0.56741736]
84,63625.386978796974,59578.83918415796,67278.48730629821,4874.785871089574,10528.00024558669,5418.205545377227,8658.711873139471,1015074.465186558,1013263.0095773225,85653.32905607596,[ 0.67244108  0.10871601 -0.73212282],[ 0.46480946 -0.83180546  0.30340047],[0.57599927 0.54431656 0.60987239]
55,198080.30100809215,25426.584984643054,86372.15297121377,5619.221786240679,8786.740249296266,5395.352653043742,5561.595923676038,1615758.3643236791,1614387.705934899,76919.56547729348,[-0.29308251 -0.49462565  0.81819809],[-0.29222421  0.86116806  0.41592618],[-0.91033382 -0.1171966  -0.39693488]
110,190827.95965827734,31438.77309985441,123457.00000745313,5648.564134654282,5655.385754394204,5432.880131680048,5346.959841591447,2408029.4730384187,2407657.045103603,84292.02643911057,[-0.40618842 -0.51085894  0.75765039],[ 0.37849594 -0.84871924 -0.36934601],[-0.83171617 -0.13674352 -0.53809796]
69,13257.835526543291,62105.65648947806,112000.32394651952,4804.499407884408,5643.724149903765,7746.055090083049,8035.454568589611,1072636.2094914785,1072133.6396889403,58839.2167632386,[-0.57110155 -0.68790562  0.44791615],[-0.81458226  0.54237531 -0.2056326 ],[-0.10148284 -0.48230165 -0.87010709]
12,201863.02136213912,160563.21597199535,36709.83325724105,1892.5541085914033,3079.221645712481,2558.9066708685773,2838.6532763283244,902617.8966659899,902583.512636513,11777.521438386828,[ 0.46593223 -0.70724907  0.53170096],[-0.42734729  0.34630743  0.835132  ],[0.77477832 0.61633588 0.14088518]
53,189713.1554916923,51623.00034081411,137555.08010228167,9610.993436659755,4561.350256650248,3255.8274419310846,7526.119227229398,1748562.7698332113,1747938.421515073,59715.8676515516,[-0.32488451 -0.64620978  0.69055266],[-0.51831122  0.73240169  0.44152151],[-0.79107746 -0.21447769 -0.57288374]
58,143090.66077888553,48285.24626813576,176713.8016624094,5300.205770170136,3473.1455053114737,4742.277762991803,2851.4880206562184,1771122.7113456232,1770646.8023686989,56255.39708158791,[ 0.1085789  -0.97779847  0.17922269],[-0.7805741   0.02777767  0.62444573],[-0.61556047 -0.20769822 -0.76022809]
166,98089.31462080643,170532.1938880386,175334.32945487238,5811.228759383423,13930.01961136184,6775.783966897264,7240.269180083945,3401037.7864435343,3397464.7658709856,191701.14466332868,[-0.89425854  0.05801778  0.44377427],[ 0.24893147 -0.75955129  0.60092842],[-0.37193385 -0.64785475 -0.66479277]
19,47047.06891857974,26723.159947553242,143861.6866674396,2506.393172338031,3351.6197298782145,2532.2630714062175,2589.502626071314,670224.8948761224,670135.9469801272,18103.394549994984,[-0.9279052   0.2742597   0.25253428],[-0.21279104 -0.94580563  0.24529917],[-0.30612402 -0.17387735 -0.93597797]
97,27357.95109285255,98931.77901669411,30517.382114425964,6210.442931435348,6650.684196059715,6913.848016677714,6188.697178832846,1059468.6453586798,1057684.5128080058,93893.31616727539,[ 0.57435891 -0.38149669  0.72427351],[ 0.77838212 -0.01940828 -0.62749071],[0.25344253 0.92416643 0.28580288]
8,183288.14491379936,142213.30045600532,99571.98738938314,1932.0856778095256,1755.4457504184682,2258.793698692784,2481.2284553861555,714110.8815895054,714094.1080989547,6773.604522702669,[ 0.65334725 -0.74399183 -0.14004827],[-0.21455682 -0.35937367  0.90819377],[0.72601841 0.5633176  0.39442433]
15,131998.69646040982,181534.213792635,48436.48153388811,2802.2596408252803,2926.1428490603375,2882.0308472675715,3925.650513404999,889477.5959912738,889474.0814048005,11818.568570126625,[ 0.61978049 -0.58911048  0.5184795 ],[-0.53423964  0.16722665  0.82862733],[0.57485664 0.79055935 0.21108236]
12,90107.50496318511,127313.71836720967,167218.4309153461,2148.1423724182455,3687.4469422691745,3867.9457515313848,4497.481046716031,792362.786059033,792316.1163065406,12494.37071066672,[-0.88100021  0.45551357  0.12785151],[-0.26191304 -0.69461585  0.67000775],[-0.39400531 -0.55679099 -0.73126166]
161,112595.24667882109,53369.58077719916,142988.0614204641,6620.21285134858,6221.588675409757,7105.006938106303,7563.741652747045,2410080.505177199,2409357.2178787896,110418.4084983637,[-0.70423748 -0.27190082  0.65583498],[ 0.38927407 -0.92040182  0.03641675],[-0.59372996 -0.28094559 -0.7540254 ]
60,157743.4706659728,113089.197341941,25939.503317499068,3232.073400913038,5081.6548425117535,6691.42930220091,4576.22984695001,1518130.6994581693,1517502.8060015729,59941.74728517761,[-0.59247607  0.79086744  0.15329971],[-0.01621216 -0.20196235  0.97925909],[-0.8054249  -0.57770226 -0.13247953]
11,185067.51847077985,11749.004861858713,72026.69160112356,1947.984977148164,1881.1525088482833,2105.670706126166,1549.918025739943,659871.9216798131,659844.2540882939,10130.262436242576,[ 0.10403777  0.90395669 -0.41477519],[-0.35175016  0.42352787  0.83480295],[0.93029456 0.0590462  0.3620298 ]
10,156918.90019637704,60440.24073655511,128401.38765418206,1579.4386712974626,5447.250954829979,2720.4494079533733,1866.9440448897992,669328.1481468729,669103.5216457775,19007.19657926106,[-0.65813595  0.13502418  0.74069261],[ 0.12963159 -0.94877365  0.28813923],[-0.74165539 -0.28565194 -0.60691865]
22,195871.2064532379,48325.20375846847,189356.7716809558,5796.474305781737,2102.5964704765015,2513.140487194412,4573.841029241124,1298129.8900391029,1297996.4385516397,22712.413168174688,[ 0.08658711 -0.98309292  0.16134119],[-0.70084867  0.05498904  0.71118728],[-0.70803518 -0.1746554  -0.68423803]
2,176160.55402146466,67714.50410749562,77308.21970360886,49.94593406900821,586.7233708043568,666.5094626904611,14.702088231337257,288427.27564219333,288424.5340104564,1257.583090230095,[ 0.49896031 -0.66869562 -0.55125745],[-0.07044772 -0.66528858  0.74325515],[0.86375675 0.33201999 0.37906068]
2,59920.144006694136,61401.23784927778,12676.435712437917,1683.8029687514208,1452.4089841563327,851.7824523904492,2316.135846435631,122693.91107319995,122691.42277004427,781.404569071306,[ 0.70696879 -0.61945968 -0.34126946],[ 0.15095569 -0.33924704  0.92850623],[0.69094683 0.70794149 0.14632611]
38,22709.40269953908,196620.18035674663,10397.717737558807,5978.467548424155,3871.9403683261426,3830.8736951765272,3523.687209729492,1222652.506340501,1222138.0760092274,44756.98495702814,[-0.39233719 -0.00336817  0.9198153 ],[-0.91268067  0.12578789 -0.38883339],[-0.11439197 -0.99205144 -0.05242533]
72,177762.49688741958,162243.94721985728,94805.08132410559,5360.286234007563,5034.376761148917,5326.80703953817,4953.57673401723,2195959.125803659,2195588.4382081404,64463.2973378459,[-0.6587366   0.75073518 -0.04962653],[-0.30613213 -0.20719564  0.92916795],[-0.68727667 -0.62726921 -0.36631151]
3,68049.29859586648,110803.75761515686,86453.34648323378,1846.915991212639,1121.3544979416126,1181.3261149073105,306.81834189928895,270478.4399298031,270470.05092825054,4232.568362984334,[ 0.12048121 -0.65559842  0.74543611],[ 0.89193506 -0.25816943 -0.37121475],[0.43581662 0.709605   0.55364665]
8,37621.31405015342,114419.66864945224,198442.93959204393,898.6863794250831,2711.095616110562,1665.71194315072,1832.072182527249,656642.549518182,656600.2151724136,7798.837278198125,[-0.96173088 -0.11504662  0.24867244],[ 0.22092319 -0.86243397  0.45541255],[-0.16206988 -0.49292183 -0.85484585]
26,41796.27606292873,173920.0186103818,6128.686725599454,3352.203496515691,4885.434303198519,4515.640556163515,4995.3692564058265,913267.3358543667,913088.0433042737,28235.090446499253,[-0.88474386  0.22708133 -0.40701643],[-0.40337889  0.06439574  0.91276429],[-0.23348185 -0.97174444 -0.03462608]
3,200529.5767159768,105184.74104458273,67440.99934003374,1233.9557409982792,1673.318503159541,2013.6796569345936,892.9252233785176,409264.3327360552,409237.7740852114,4774.009518536292,[ 0.5035228  -0.51531175 -0.69348294],[ 0.16160903 -0.73231693  0.66150921],[0.84873277 0.44515808 0.28545924]
322,184195.37193373416,183413.5455191736,53331.50361483668,13617.269947559482,10791.69983115837,11179.746095233126,10640.044850924478,4773010.156690765,4768584.799791767,315704.552498641,[ 0.12788156 -0.3941092   0.9101232 ],[-0.70821081  0.6061383   0.36198592],[-0.69432252 -0.69085041 -0.20159848]
2,67990.69309238829,47627.935782343775,124696.78700158549,1463.2265788401564,1232.1263237447783,256.9478401321394,486.224363750036,211868.67862938312,211852.2116487883,2641.477555808251,[-0.59284932 -0.58966672  0.54847319],[-0.66521057  0.74244597  0.07917624],[-0.45389931 -0.31791059 -0.83241112]
140,56519.212538732696,171638.15651870007,82311.31058354446,7172.764933321022,8462.516491819715,6873.696632231214,7582.45891382086,2353702.7919737655,2352042.0285457945,125907.86662162955,[ 0.5365346  -0.50142326  0.67875278],[-0.79466301 -0.02954611  0.60633136],[-0.28397415 -0.86469748 -0.41431503]
34,49645.65227949422,114129.92446281835,67030.50083677098,2836.4786104191157,6087.522402222995,2964.8728924404654,4961.252461287856,825171.4354825652,825010.6252328409,31413.698211681392,[-0.91395224  0.18525854  0.36106866],[ 0.20392868 -0.55957245  0.80330054],[-0.35086236 -0.80781059 -0.47364297]
14,70819.36400430198,134567.49275855158,178110.62239801936,3040.1947297783868,4102.903614568969,2707.3583895971024,2588.7701160660054,876477.9375388474,876396.5369577968,19290.63490491521,[-0.85431729 -0.19046655  0.48359534],[ 0.42274217 -0.79593549  0.433331  ],[-0.30237564 -0.57463831 -0.7604997 ]
69,67028.88318389427,25084.294004027986,100662.92732272786,6208.962881558037,4212.01103817126,5663.696321220462,6036.949447614945,1028384.081156352,1027783.4590907211,59064.68254035999,[ 0.02488194 -0.97376661  0.22618462],[-0.83943454  0.10251821  0.53370372],[-0.5428909  -0.20314676 -0.81486248]
7,27043.26613118473,9411.53090535309,39786.40302133024,2576.751580484956,2069.844461644623,885.0828736284035,1980.3282209684005,129992.87816804323,129809.65318399004,7445.115874803344,[-0.59488939  0.77269797  0.22145982],[-0.58360148 -0.60465652  0.54203302],[-0.55273494 -0.19320542 -0.81065144]
3,1806.0522126523354,138608.03753676065,103569.44324343624,1057.368149844386,996.4412059649129,1656.3449737541832,397.27508512792093,299732.46178739826,299713.1344207121,3753.8809719252763,[-0.90495474  0.26220608 -0.33511923],[-0.42537975 -0.53815932  0.72762395],[-0.01043989 -0.80101968 -0.59854698]
64,91841.19697453015,110282.12962682889,34453.68689301931,5997.81455854213,5105.6494089191265,6289.973089517309,4882.361650580455,1182825.6854133366,1182068.7773781316,70679.3016288309,[-0.77678099  0.55440145  0.29874793],[ 0.09430094 -0.36663349  0.92557399],[-0.62267055 -0.7471405  -0.23251335]
