N,MEAN_X,MEAN_Y,MEAN_Z,SIGMA_X,SIGMA_Y,SIGMA_Z,SIGMA_R,LAMBDA_1,LAMBDA_2,LAMBDA_3,EIGEN_1,EIGEN_2,EIGEN_3
218,192366.41987678435,177946.72857226257,113069.78028083863,6529.516507390766,10063.330028136794,9838.918653014649,6531.583656435958,4218709.643782655,4216533.4997229045,206184.89084134612,[-0.73867717  0.5780685   0.34668841],[-0.01260824 -0.52608848  0.85033637],[-0.67394145 -0.62375293 -0.39589798]
524,94244.97793979332,42975.613318802934,73402.15922266168,10178.759751953823,13124.510360507184,11022.1944548121,11020.266426595757,2935315.9694694043,2923869.495090007,376611.1624264542,[-0.63294113  0.64013044  0.43545212],[-0.22035044 -0.68814163  0.69130803],[-0.74218004 -0.34160522 -0.57660616]
189,114653.50619352101,25613.890229428198,31982.188991534775,10582.772853771858,15167.60221229756,8564.095243411488,8941.599611267175,1695304.2185493815,1680414.5080443001,250554.2055530145,[-0.30895834  0.23258117  0.92219886],[ 0.12556527 -0.95117505  0.28195637],[-0.94275029 -0.20290892 -0.26466934]
340,163213.62988335243,77808.18376666248,122619.12628712891,19524.303878291375,9538.24331652647,7189.324181405886,15178.822830905638,4048023.1915640053,4040436.364606158,315944.22260643536,[-0.26014835 -0.61991597  0.74028847],[ 0.60896173 -0.7003199  -0.37244819],[0.74932533 0.35391556 0.55969217]
3731,99761.2080581629,126404.99516557998,135096.44617011104,34291.82712725954,38453.157160111536,24957.453130495585,20842.531576465186,13153167.876222882,13059228.424744906,3254218.462279077,[ 0.76072212  0.07843206 -0.64432156],[ 0.4400247  -0.79206275  0.42310149],[0.47715838 0.60538006 0.63705169]
1928,178863.6661333316,109157.80144665074,52816.36440648372,14998.312819642475,26289.393066790468,22358.464716741724,22060.912331298874,9592002.940648621,9575565.600473706,1351471.125633332,[-0.56160944  0.6899339   0.45671222],[ 0.0648401  -0.51358682  0.85558421],[-0.82485793 -0.51011744 -0.24369982]
56,53643.79239248212,16137.689498465626,189811.0292833956,6460.06926802143,7068.561023195964,6047.965380723356,5326.927098292051,1482966.948768293,1481962.119817564,74770.50962808989,[-0.70322694 -0.66378585  0.25467669],[ 0.65736251 -0.74351227 -0.1227356 ],[-0.2708254  -0.08110392 -0.95920579]
75,137869.13458409478,143066.55355773174,3691.8177958766005,8673.491488210044,6221.048636134234,2398.709052144992,4859.889117347908,1723470.0575099182,1721600.6552389485,84438.32718834335,[ 0.07578905 -0.09857346  0.99223953],[-0.71588149  0.68730951  0.12296069],[-0.69409632 -0.71964499 -0.01847638]
874,20634.492155749103,108464.83884665619,79131.75510081176,11404.385037139118,13151.72202779731,24157.05611881697,18434.668591954993,4100236.684027714,4068395.74511382,663693.3760633558,[-0.91733717  0.33381276 -0.21693678],[-0.36945424 -0.51081142  0.77625721],[-0.14831077 -0.7922378  -0.59191484]
243,47037.63287141944,73789.30901359639,113586.40363099596,10049.398328215231,6800.3357571010565,9369.907923557465,6063.023128791965,2244509.190810781,2240610.85443974,218797.60909388206,[ 0.38575369 -0.83864364  0.38453991],[-0.86266017 -0.18008352  0.47263871],[-0.32712615 -0.51404939 -0.79293235]
284,137931.7301478469,199036.92594386564,82263.75588040859,13530.720227506414,4278.970373145113,14484.651221521512,10080.039423121118,4321002.748857278,4316025.8622088805,293707.74433503154,[-0.74255178  0.25986996  0.61732039],[ 0.39574796 -0.57335239  0.71739152],[-0.54037062 -0.77700363 -0.32290083]
55,195493.69910624245,197576.72192231106,69097.82590624828,4524.221602340999,6180.299124695315,6113.286935097943,3705.1217484632434,2124859.8440122437,2124661.379942729,67253.22949797729,[ 0.43513246 -0.6486805   0.62439839],[-0.58725147  0.32120532  0.74294203],[-0.68249209 -0.68995706 -0.24117172]
888,18738.176231686328,142824.16195124428,26679.105114903905,13137.924007837571,12641.5874497645,11524.404960838603,12215.90554302041,4401708.522876833,4392227.429861434,524792.2313318609,[-0.52346403 -0.08984776  0.84729735],[ 0.84247332 -0.20323666  0.49893242],[0.12737393 0.97499858 0.18208142]
242,197003.17452515624,44063.183163247435,154342.14037348912,6192.336928417022,14771.784474501275,13234.727427662832,12204.730509798923,3964382.441642407,3959522.7957849205,261305.73950195062,[-0.50797315 -0.40189047  0.76187094],[ 0.37744451 -0.89890075 -0.22251533],[-0.77427316 -0.17453219 -0.60830879]
1306,101555.53294558226,119492.6414103232,46709.794181129044,25534.399019641613,16792.782488516405,19186.423223876194,19970.3831088022,6025073.906776993,5993967.7746250825,1051285.6557653288,[-0.23266588 -0.18188338  0.95539784],[-0.74516133  0.66461722 -0.05494129],[-0.62498095 -0.72470848 -0.29016621]
543,118853.00635941785,14453.193363710867,84300.63175727139,13659.059397202425,9691.211823167368,17162.457479577573,18418.149244186334,3450861.244092556,3445875.6772901607,357057.6960003743,[-0.05553745 -0.9682974   0.24354824],[-0.58496025  0.22923339  0.77799329],[-0.80915827 -0.09925827 -0.57914652]
1838,24465.82345943971,41689.07795531991,36307.68239408353,14168.817463556363,17772.89524188883,25328.00756343869,17467.213187455367,2917988.370760535,2737906.976988407,1296760.0464970341,[-0.90178862  0.40574886  0.14881242],[-0.15440419 -0.62408657  0.76594732],[-0.40365409 -0.66774532 -0.62544349]
97,178457.4465089135,127189.08571804842,178192.64996876614,9418.745320274671,6165.024091917237,3861.7645765287584,8473.168871468924,2783747.766361157,2783559.7706882074,81906.41375606006,[-0.13099224 -0.73998502  0.65974481],[-0.76366765  0.49967608  0.40882213],[-0.63218095 -0.45027324 -0.63055631]
90,63560.659364895066,26901.164841357095,95718.7046518989,5961.626421285788,7089.343888824707,7791.797437268252,6898.034616445907,1123864.0404133594,1123032.881825132,93407.69495929466,[-0.82356424 -0.06330969  0.56367884],[ 0.17917557 -0.97190622  0.15262505],[-0.53818033 -0.22669401 -0.81177076]
106,171956.97753453988,6559.26573972656,107715.22143776454,5897.065843959893,3945.41603536347,13241.64828795642,10278.371072697544,2095509.1971314745,2093241.621356201,112080.53925449598,[ 0.1121804  -0.98649548 -0.11934078],[-0.5212311  -0.16066774  0.83815513],[-0.84601046 -0.03182045 -0.5322159 ]
717,84256.85901327986,181142.5107547232,184222.98647304557,21091.337170831248,13551.507835766684,13687.626300715767,12940.710862522194,7311967.488803303,7290003.776591987,679483.6613081656,[-0.47312376 -0.51061731  0.71793027],[ 0.82434424 -0.54409063  0.15627528],[0.31082227 0.66575922 0.67834665]
142,67562.25387052898,81425.85652227513,26313.562700874834,6883.895211920768,4068.702259012804,13316.244020128095,6493.836054479288,1310245.4271336335,1303589.333109141,168537.20812413233,[-0.75793104  0.64967953 -0.05879657],[-0.20328204 -0.14958242  0.96762674],[-0.61985236 -0.74534663 -0.24544133]
6,2555.82592711572,4629.110059555582,108985.00064326196,851.2857514251787,649.2027298918438,1983.8160344849464,1958.5896681513364,267323.12909896264,267320.4415577606,2720.5812041529066,[-0.13169652 -0.99026529  0.045063  ],[ 0.9910137  -0.13259709 -0.01760289],[0.02340676 0.04233981 0.99882905]
254,88276.83703000964,174979.14311735157,34058.46857187376,10887.238257985633,10830.933094765767,8684.521917854532,12492.498290048174,3180711.210085736,3178594.9114838364,198835.10076883787,[ 0.12041933 -0.24938131  0.96088925],[-0.88794218  0.40576906  0.21658752],[-0.44391201 -0.87929542 -0.17257374]
3,113660.34868296674,59894.516484902124,24684.450669517217,1106.3967106123282,227.82393824329196,940.0805076326757,744.0345324761521,226610.15239395062,226601.11297208336,2198.5176448740044,[-0.30482133  0.7947654  -0.52481608],[-0.3901923   0.39846129  0.83004733],[0.86881179 0.45779532 0.18865184]
531,151726.87639890338,15554.569535789517,175802.99482975405,12612.225717754534,8267.16257479785,14120.00841881443,14420.518939438885,5381005.813522235,5376647.540603072,343351.7009532077,[-0.18441836 -0.95256379  0.24209934],[-0.73571121  0.29712509  0.6086425 ],[-0.6517046  -0.06587034 -0.75560718]
408,168138.11445058795,185778.74099485896,196021.47564299457,11129.051601422017,9710.39113636021,6488.249213983307,8776.873426018012,6432819.705097715,6429858.196841877,272615.88266749633,[-0.23143266 -0.59903991  0.76654426],[-0.81672139  0.5477523   0.18147613],[-0.52858783 -0.58405359 -0.61601648]
348,12438.62003899979,51995.79364593681,152174.84270580122,8760.993822909626,10653.51739717036,13214.440544501767,12461.381066393267,3025830.4713451704,3022045.203416912,268902.0585106402,[-0.94712949  0.31929421 -0.03157434],[-0.31151598 -0.89154231  0.32880101],[-0.0768344  -0.32125304 -0.94387126]
182,98925.74588322564,191412.02472949217,13685.822001984363,9172.146197825585,7319.548754785801,7360.804822734953,7869.08027948556,2917071.7694812366,2916136.0779039613,153356.4219368008,[ 0.2538527  -0.19924139  0.9464997 ],[-0.85169962  0.4177561   0.31636624],[-0.45843927 -0.88644386 -0.0636453 ]
235,180193.02997773117,184163.25164052006,52516.58213724749,13472.865860232325,11373.99433442127,10311.874629176857,6804.769783559462,4040759.0354941217,4034721.876800145,294757.79463922925,[ 0.08536449 -0.35001048  0.9328481 ],[-0.72319183  0.62225528  0.29965304],[-0.68535135 -0.70020785 -0.20000621]
46,120113.64845641311,196380.0033122115,192690.61771875445,6947.178604813039,4283.909884159999,5174.459501904975,2798.505516943602,2036986.1171653683,2036314.6651713422,62708.33196523707,[ 0.5803859  -0.72288141  0.37495957],[-0.70922335 -0.22242042  0.66897787],[-0.400193   -0.65419541 -0.64177405]
106,10193.50883558999,151545.82659034003,126053.73299844858,5531.545786636427,5561.680123481193,4922.378504577837,3567.191084763968,2033635.6993613048,2033269.8326728935,88054.4815951394,[-0.95872154 -0.14089742  0.24698364],[ 0.27961791 -0.62490857  0.72890542],[-0.0516413  -0.76787838 -0.63851075]
110,179984.87403337308,73913.81735233314,156062.05353146768,8413.910417915029,6062.958501570455,8092.50470781845,10978.274635444805,2619290.8377977284,2618882.7133960407,75735.5922982684,[ 0.10516535 -0.94005498  0.32440236],[-0.68438568  0.16825669  0.70944058],[-0.72149601 -0.29662489 -0.62566539]
110,43070.35716767618,164962.593136686,179099.380215367,5052.1561026534355,5963.662776679832,9490.15099509308,7638.65168794607,2596163.474273805,2595128.220982183,101214.92424317438,[-0.86779742  0.45154817 -0.20744129],[-0.46553642 -0.59276478  0.65719537],[-0.17379148 -0.66688392 -0.72461187]
34,53835.30421762185,109145.84701657663,30532.23464409291,4221.577726379072,4951.615731186208,4291.340828174967,5427.0428511950795,732828.7426095156,732518.5696319162,32443.124860540847,[ 0.47629477 -0.44703434  0.75716814],[-0.7676078   0.20860371  0.60602207],[-0.42886076 -0.86985332 -0.24379019]
77,95083.83533237797,7944.199946137396,7486.562367548209,9032.544228885668,5613.427757818958,4786.525178109248,9073.55166685764,845152.4120545342,844516.7968899326,64098.59487429326,[-0.06482658 -0.17289205  0.9828051 ],[-0.09405213  0.98155117  0.16646771],[-0.99345443 -0.08164338 -0.07989147]
137,179689.06958078698,196010.2431980659,26428.44895891986,7534.866514057281,5060.772960841736,7388.266190956185,6281.758288528453,3129902.5354997017,3129402.5199152897,116188.32821162595,[-0.6302175   0.6376579  -0.44296536],[-0.38786542  0.23567038  0.89107794],[-0.6725967  -0.73338385 -0.09880185]
10,29696.637441565494,157454.01405566672,146298.3613668743,1683.5071261444668,1255.7612388381444,1893.729754494523,1124.7266785679908,686164.2056782321,686154.9722288236,8205.544110399946,[ 0.99058389 -0.10219573 -0.09110206],[-0.00279878 -0.68040687  0.73282922],[0.13687849 0.72567384 0.67428611]
2,95012.74038061028,176799.34373085102,74231.5230178933,6.726954051860957,85.22708866924222,542.0137357766798,120.58667487773346,302641.8638445356,302640.9170260261,757.0290221617526,[ 0.8917561  -0.445195   -0.08107078],[-0.0874506  -0.34532534  0.9343997 ],[0.44398587 0.82616695 0.34687855]
14,135558.47296151487,122956.9884570381,89166.46668102201,1779.180137223136,2331.5167166238352,1991.561547017527,2043.854598078596,761829.0327861811,761784.6068200513,10847.021367031242,[ 0.68729645 -0.26819575 -0.67505158],[ 0.29024519 -0.75052543  0.59369126],[0.66586885 0.60397237 0.43799094]
13,157095.2433047802,130474.63269612784,89820.72755595575,3015.367474139576,2295.1306961524197,1665.9401968505645,1663.362823033016,804487.4488589857,804416.7622635396,13680.466848363696,[-0.20480149 -0.37564186  0.90385261],[-0.67981954  0.71895096  0.14475814],[-0.70420292 -0.58480998 -0.4026109 ]
162,37378.38844009677,16370.726696423915,118620.47059262707,12646.768765535367,11403.603671550803,6890.495901647025,10087.928058788546,1611633.3829281568,1603747.033757327,196015.79074231858,[ 0.66160096 -0.74243209 -0.10525567],[ 0.68624226  0.65605898 -0.31409898],[0.30225109 0.1355773  0.94353753]
2,131267.5265241791,67291.08206530989,140754.9239344667,1906.1934739840653,128.52160456692945,32.940188025764655,1292.3618356521329,288356.9074376854,288350.03802804684,1990.3859549734768,[ 0.0553152  -0.919914    0.38819899],[ 0.76315112 -0.21175606 -0.61054054],[0.64384828 0.33002666 0.69032007]
8,46515.6906220931,151878.34247579594,16332.458562786429,1540.3089198386144,2834.7188543910597,1774.156534932649,2838.2267873499995,451754.01112971955,451720.2131742703,6624.86985599301,[-0.82897096  0.30428521 -0.46927354],[-0.4774362   0.05202597  0.87712483],[-0.29131052 -0.95115919 -0.10214876]
145,190251.30167981607,30590.35819988306,123446.97988776091,4676.848725401585,4861.972545838258,7182.606056017465,5245.864198382127,2757621.3156538303,2757018.5090875262,99867.95913026997,[ 0.28876678 -0.93320348 -0.21388086],[-0.4750364  -0.33361655  0.81427294],[-0.83123653 -0.13353378 -0.53964299]
29,168810.41114414536,38769.91883189376,199611.1995794731,3611.4326079417856,2626.530533969976,3632.201615837617,3423.242082567188,1423474.7587068721,1423380.5621776097,24926.375308094564,[-0.25305514 -0.88701548  0.38622097],[-0.72660972  0.43783371  0.5294714 ],[-0.63874988 -0.14664645 -0.75531014]
24,195756.88394804942,84827.98452541167,6215.08025737734,5879.749837267582,3682.6834680231286,2593.1782788738724,4748.055175414311,1046204.6491258816,1045925.943728559,27860.215250093454,[-0.15373727  0.28562812  0.94592887],[-0.36730556  0.87219222 -0.32305937],[-0.91730664 -0.3971112  -0.02917566]
26,7969.901426194746,143141.51217334365,201472.55970465517,6120.447654540466,7128.874217842022,1803.6975820461757,3445.5901656459405,1261418.3901917397,1261354.3066300047,45468.06063360728,[-0.91839545 -0.30442371  0.25273701],[ 0.39435144 -0.7562515   0.52208295],[-0.03219832 -0.57914581 -0.81458787]
83,81064.47002025237,177098.2480768159,146789.3457653413,6509.976556844963,7416.875157897067,3388.0244748168025,6021.910717494558,2223432.3517549955,2223174.102178101,77380.44708698972,[ 0.59387863 -0.65672367  0.46478188],[-0.7326305  -0.20267497  0.64975027],[-0.33250673 -0.72638618 -0.60150012]
2,21031.0127403975,16796.047096416853,101842.18704461242,351.0075470169686,751.1402156602526,776.9009966578305,561.2416508368406,148980.0842398868,148973.53325062548,1397.1009085141623,[ 0.86048309 -0.50051531 -0.0951487 ],[-0.46874039 -0.85092556  0.23708256],[0.19962792 0.1594055  0.9668188 ]
87,138535.20916664085,134001.73496101226,199562.88935122837,6960.4150181794885,9617.562475549272,3657.6210791573717,6103.847870621124,2589801.6360937175,2589036.1737662377,100575.18911993661,[-0.82483528  0.01145187  0.56525713],[ 0.26494405 -0.87539026  0.40434706],[-0.49945111 -0.48328124 -0.71901866]
272,184607.46779877454,120295.26877190603,132648.54322562777,8951.036204271697,11035.821526918711,16642.31077161467,16909.565806340077,4255509.4303540625,4252310.666204459,229567.3752643189,[ 0.22716214 -0.85768412  0.46127575],[-0.65968373  0.21291179  0.72075374],[-0.71639008 -0.46802407 -0.51743476]
50,28992.279029635334,174939.65996549794,103679.78437722188,5180.69149039355,6653.670512518959,3193.9012227500352,5658.862528528113,1453551.616488876,1453361.0621436841,49537.535045222925,[-0.03324472 -0.50517872  0.86237419],[-0.98947012  0.13825102  0.04284313],[-0.14086755 -0.85186919 -0.50445537]
4,95384.78420095114,158775.2864410118,91202.01097140163,521.2528420667082,1628.457949903531,1639.6975867064396,1483.2326160498474,412939.98834316444,412937.0889447972,3696.9823681884445,[-0.56465668  0.63913685 -0.52217518],[-0.68392577 -0.00821998  0.72950529],[0.46196144 0.7690491  0.44176363]
544,150302.27886081077,16086.799113178618,17322.856925245862,16722.90092694488,11913.46733903178,11893.061465175886,16589.499083484036,3583560.6525595686,3577927.915708815,394857.6981986774,[-0.15053257  0.46110497  0.87448394],[ 0.03421261 -0.88160384  0.47074852],[-0.98801288 -0.10078137 -0.11693448]
89,138499.18259948198,152378.32752815454,22286.672436989065,6240.745527688162,6938.252235667381,5029.527948117321,7302.517626722681,1955883.2618296584,1955787.6592326392,72394.37894707255,[ 0.41801534 -0.2526988  -0.87258609],[-0.61493635  0.62830039 -0.47654161],[0.66866768 0.73578661 0.10724553]
173,112049.6845581993,53925.68522806669,143124.1309054575,7085.518794702767,6320.2683737088255,6913.79665938934,7821.890279402097,2497644.666667866,2496826.8998405617,115051.87036546622,[-0.64559878 -0.39440957  0.65394442],[ 0.4835011  -0.87392847 -0.04975656],[-0.59112511 -0.28406007 -0.75490461]
2,50622.26211229498,112889.13269611787,164255.8452956445,40.13196326239995,920.9739013858634,649.5273878681764,3.351265766847064,290818.9268440534,290814.5540624333,1594.7903294437142,[ 0.96854517 -0.17021758 -0.18151094],[-0.03631947 -0.81832432  0.57360806],[0.24617299 0.54897294 0.79876628]
5,181402.73442415262,113056.53733143707,53512.14122448879,2048.639278710391,464.9031405530269,1607.7253960375651,1731.5912858867111,492737.0534307814,492730.0929257341,4477.674968336186,[ 0.52278213 -0.51863174 -0.67655004],[ 0.22113572 -0.68396492  0.69519133],[0.82328478 0.51304298 0.24287664]
15,95657.29499643149,94913.67274118733,3691.394084819664,4389.855655708067,1639.5507417438216,1741.4706293810343,3313.7850537407326,522416.6650043638,522299.89352178574,14487.657407931283,[-0.00193406 -0.03706279  0.99931107],[-0.70428591  0.70947787  0.02495029],[-0.70991381 -0.70375245 -0.02747497]
62,145789.85123721056,47008.24623654032,177040.60358318096,5229.073609635366,3376.0631100628857,6852.30863526588,4374.009532452817,1844607.3694971388,1843930.008870738,64366.51761626855,[ 0.1350055  -0.97960697  0.14880756],[-0.77083684 -0.00947567  0.63696214],[-0.62256251 -0.20069975 -0.75639641]
196,163784.27493594112,153347.68339601552,148942.56103837158,7419.512199295396,6358.941064345377,7281.143100913076,6666.353322187305,3773239.8668810623,3772295.0425263783,142620.25430220144,[-0.76261034  0.61231283  0.20856286],[-0.21984896 -0.54857894  0.80667688],[-0.60835179 -0.5693278  -0.55296831]
36,78893.91901339464,121343.57703994411,105142.72778401503,6042.612650157875,5374.502669099452,3678.5449353092263,5945.603266104137,1074572.4992352924,1074082.189299411,39710.12338986616,[-0.47561584 -0.37853468  0.79404097],[-0.76097851  0.62985429 -0.15554832],[-0.44124968 -0.67822936 -0.58762544]
22,120475.06528840988,47510.73727702157,48271.96792698952,2247.8440374122188,4286.960694741843,2385.189166674637,2927.2293620813953,648665.4614359654,648483.3923735106,21406.562288451725,[-0.40880771  0.11689251  0.90510353],[ 0.2705653  -0.93165173  0.24252727],[-0.87159089 -0.34403663 -0.34923936]
102,62173.845135256044,57777.43840191054,66756.12931342707,4898.026066226778,9369.28021345769,5221.180418063182,7117.596895047908,1095939.6279396908,1094078.480017267,94617.92808669736,[ 0.65040089  0.15850932 -0.74286841],[ 0.49706375 -0.82833116  0.25844752],[0.5743747  0.53734746 0.61753656]
30,139930.45190569258,64998.42369481914,193008.24727294318,4384.492752871039,2248.0001030192575,4268.3946898741415,3272.00219777518,1353821.3189041594,1353596.643870161,30730.258223967445,[ 0.07904676 -0.96068066  0.2661659 ],[-0.82042093  0.08897589  0.56479447],[-0.56626947 -0.26301325 -0.78112926]
32,160686.7497693764,53849.22846937967,187318.94737176038,2646.010065795374,3663.439696945946,4467.042972146077,2974.163075108235,1429251.8919693201,1429178.6131326188,31726.9872935784,[ 0.08417541 -0.97450435  0.2079802 ],[ 0.76706265 -0.0698542  -0.63775801],[0.63602625 0.21321739 0.74162589]
408,189761.10577394528,47950.619588682246,18083.188128279322,10208.029322419003,11915.02493112976,9442.327902060284,10500.530174021507,3983379.7082257257,3980223.1850617025,301229.99600478675,[-0.18889161  0.41208446  0.89135086],[ 0.18032065 -0.87770154  0.44398702],[-0.96530017 -0.24459439 -0.09148312]
3,153377.78944173697,27797.84224020156,123750.90256193075,1375.4961008146952,1419.8209867953526,183.39329021513987,1232.2007156319064,344741.91802614403,344731.5949690663,2701.8038611514603,[ 0.57265269 -0.57987648 -0.57949302],[-0.27958137 -0.80263635  0.52688627],[0.77065113 0.13970739 0.62175452]
20,24743.844646876896,192775.52462707408,90669.94465429273,4092.16243194447,3624.434284581663,3945.9468986082893,3156.630110655041,959505.1088742041,959314.5692649891,26675.83322033175,[-0.75267422  0.35683137 -0.55331085],[-0.64819877 -0.25429737  0.71775427],[-0.11541175 -0.89889055 -0.42270073]
97,78879.80548171137,130486.41283113556,133200.53679889996,4975.170939604889,5370.455463808411,9278.004556204558,7457.115143052738,1996956.8643998336,1995830.0546957785,90543.82873337223,[-0.91873643  0.22182603  0.32667504],[ 0.06429167 -0.73222332  0.6780233 ],[-0.3896023  -0.64392719 -0.65845867]
38,26075.96329791447,53920.275331048586,201391.78669178212,3055.2167068835793,5535.383720517991,2576.5451595091977,1934.014877747313,1295751.296797108,1295391.3767235714,40356.636848321185,[-0.99211558  0.01527178  0.12439234],[ 0.0172785  -0.96640191  0.25645427],[-0.12412951 -0.25658159 -0.95851852]
15,115030.32695280522,79056.164151041,85094.83042846064,3265.672830242374,3221.3399704587964,2261.4199673784906,2411.308456342383,633411.9054475819,633210.1516805536,17562.26651163281,[-0.2964214  -0.46612173  0.83358556],[-0.64574349  0.7408881   0.18466233],[-0.70366874 -0.48354458 -0.52061016]
98,38709.19550908104,13647.408864917476,63526.331715638305,5468.01373966896,5008.020988736428,7412.9077262285355,6431.354443848679,754594.5756809892,752812.0503219136,81093.39240349339,[ 0.11671883 -0.9828581   0.14271182],[-0.85275945 -0.02552066  0.52168   ],[-0.50909531 -0.18258873 -0.84112028]
40,89905.09288806541,85302.62086279425,15721.698924816645,2372.2503726160894,7007.918490173063,5184.3078745042785,4761.807301644931,791597.0209049777,791248.0201495565,48587.488666077945,[-0.43996083  0.30696323  0.84392419],[-0.53838881  0.66197909 -0.52146062],[-0.7187294  -0.68378159 -0.1259793 ]
356,156235.74118986388,191847.2352152214,9527.286441047867,9746.238407997727,9221.57824897709,6248.208115643785,8185.276676611206,4678539.587812694,4675806.756381403,231860.44738597274,[-0.00715136 -0.04361409  0.99902286],[-0.77574042  0.63066923  0.02197994],[-0.63101161 -0.77482523 -0.03834335]
8,42393.69812384458,88741.13310334907,67841.95698463666,1927.6448069244718,1880.106630465084,3217.0260830764173,2650.2324581856105,338133.29903476255,338023.30029884324,9145.821808162647,[-0.87584442  0.05161797  0.47982511],[ 0.32695862 -0.66783215  0.66865408],[-0.35495721 -0.7425199  -0.56804012]
3,134461.9842731188,202038.99718577936,134765.5069000621,910.7029510857094,1751.4341198900993,548.9818713675116,564.9391091008418,480829.65742162295,480817.5783435981,3409.8805557261976,[ 0.63453084  0.08975926 -0.76766783],[ 0.60229646 -0.67987164  0.41834618],[0.48436515 0.72781716 0.4854612 ]
161,129068.93381596172,172670.05424837617,158351.02657045473,9030.908001891967,9341.552571673172,7745.785355893389,6184.053873985573,3397869.0112378537,3396512.673358356,174860.90744074833,[-0.8737853   0.39996639  0.27663358],[-0.05804    -0.65054223  0.75724907],[-0.48283601 -0.64561729 -0.59164829]
2,1869.3885240417349,190351.65459667053,59739.60847022168,47.47626655860904,2513.3135722911975,1479.4207359333304,1954.3517464407341,282186.3764469922,282169.765324974,3061.7950180854414,[-9.99494327e-01 -1.63439454e-04  3.17972321e-02],[ 0.03038684 -0.29946987  0.95362175],[-0.00936645 -0.95410575 -0.2993234 ]
23,65792.28741203848,103147.31117930211,141920.1729445083,2919.684888929912,3541.4334859268115,3638.6951336206334,2848.028117843415,898992.5991362786,898783.3594284488,24657.245871793148,[-0.8245394   0.5650877  -0.02847225],[-0.44367473 -0.61451381  0.65232316],[-0.3511232  -0.55049857 -0.75740598]
2,124017.20892494568,6209.269412511153,150823.6537970464,620.1367501588902,20.812410515202828,419.0751686452859,717.8606743575365,276286.6566000044,276286.49263412505,301.0035587270677,[ 0.01291083 -0.99945045  0.0305303 ],[ 0.7725621  -0.00941351 -0.63486943],[0.63480793 0.03178325 0.77201601]
27,118767.7263401256,44415.25517234903,196191.611980135,3824.097667119579,3379.428313759627,2778.4382994170437,3145.846772013283,1214106.8401571065,1214037.0915691638,25340.42733338465,[ 0.71277213  0.4543268  -0.53436229],[ 0.48310429 -0.87033084 -0.09557441],[0.508494   0.19002994 0.83983479]
12,87832.21967432146,13284.719372311518,129978.50252194113,3067.9994615160003,3090.3980250749864,2131.788608074982,1896.0089679441262,545576.6285856084,545454.8700226989,15451.885933650545,[-0.56497787 -0.69013099  0.45223801],[-0.6078663   0.71876421  0.33745603],[-0.55794136 -0.08424506 -0.82559324]
12,179522.1438842175,201644.39336996467,122874.428204739,2076.5171522598166,2099.9216585640925,4347.927785769689,1840.5295001192176,1027682.3501063364,1027581.8689250508,17040.971900696055,[-0.79488225  0.54430566  0.26812974],[-0.04322567 -0.49157683  0.86976075],[-0.60522207 -0.6797673  -0.41427367]
36,171755.71456281675,200300.08717202613,106243.07791563321,5011.86759653399,2950.7649681873736,2778.795346573424,4447.704596662678,1707014.0939568558,1706947.0462328698,27991.278220271488,[-0.30738014  0.6380593  -0.70597293],[-0.73538154  0.31156796  0.60178018],[0.60392999 0.70413474 0.37344723]
60,142769.15518815073,200032.001597487,166333.46432885548,5916.822773136126,3914.4806135982553,10860.255119784151,7943.598657964354,2300416.1109157708,2299881.7209040956,79634.16660968609,[-0.77400306  0.62685823 -0.08926382],[-0.41180934 -0.39128229  0.82298921],[-0.48097021 -0.67375584 -0.56099976]
13,8953.952852781566,175522.9069563698,27352.466926138623,2537.0498377322565,2070.1432816858614,5921.681354160342,2094.755491110744,641750.3074545154,641373.1137052547,23232.136431116665,[-0.94211381 -0.00415206  0.33526754],[ 0.33148328 -0.16184562  0.92947557],[-0.05040235 -0.98680735 -0.15385333]
20,60758.066368775464,102405.82346085862,185026.52196242352,4984.824595363089,4622.694217908307,2967.9990116840577,5153.530201940138,984507.6468414665,984329.2116948888,23961.086087546744,[ 0.4689334  -0.82891673  0.30495658],[-0.83889258 -0.3099766   0.44740781],[-0.27633441 -0.46563028 -0.84073048]
86,27597.444735395333,63451.53218831117,69824.6860982303,5256.960942546586,9149.162017374105,5835.962918228053,6225.309618464402,917938.319175798,913942.6369137884,95801.76313614112,[ 0.82247444  0.21997127 -0.52454594],[ 0.49534255 -0.73029468  0.47043112],[0.27959178 0.6467475  0.70960983]
79,28771.04160539207,155287.8500716964,56687.12989891238,8691.889411759363,4098.045881948972,3378.3301375919355,4262.6323673653105,1493898.773983526,1492124.8782947892,82434.21818797516,[-0.16918747 -0.31014192  0.93551461],[-0.97050543  0.21782538 -0.10330205],[-0.17174053 -0.92539942 -0.33784774]
9,178436.19691341298,51474.82770312068,162098.08725586612,1203.885149123266,3701.745012761643,2356.2349430581135,1712.8851449235494,739633.4809844348,739543.0282310155,12638.498419421885,[-0.68836518  0.28317139  0.66780786],[-0.04678627 -0.93606761  0.34869539],[-0.72385387 -0.20878552 -0.65760488]
53,14311.176570194755,61899.440504190214,111427.92266416582,5033.1567391034005,4907.910319939705,5517.208166091185,4891.757572624426,935300.5596761575,935243.188290526,54466.734061359995,[ 0.08792209 -0.87560123  0.47496546],[-0.98996934 -0.02387002  0.1392513 ],[-0.11059118 -0.48244451 -0.86891708]
121,194646.0293852315,176331.83524110538,159431.83644461678,6497.0493100911335,9832.643395761821,8434.410554241953,9892.152806988124,3382587.182321547,3382288.0683665667,116176.09015796096,[-0.71085226  0.69666554  0.09667568],[-0.30598238 -0.43007791  0.84935727],[-0.63329602 -0.57418648 -0.51888923]
158,39575.07081831764,81036.48310039581,185124.44735236937,4907.827843461443,10423.155229307507,9027.471983231755,8647.690921516967,2593979.4728362565,2591740.100973834,146842.6981670006,[-0.97000422  0.21566331  0.11216575],[-0.14970128 -0.89350885  0.42335737],[-0.19152374 -0.39386708 -0.89899242]
94,179413.92126325998,161895.07300786045,94202.86485117201,6004.716186660908,5085.792141340462,4514.08907343692,5474.736595116643,2515831.837606878,2515671.105238549,69918.26720892575,[-0.48169216  0.77346988 -0.41196724],[-0.53793386  0.11013713  0.83576131],[0.69180909 0.6241908  0.36302345]
14,71672.97066486652,123962.94441733405,160270.5126296841,2565.3322227392464,4096.313391756579,3260.834651353614,4505.144334100083,804415.8033747883,804368.6923386801,13821.218833260156,[-0.93250375  0.31813792  0.17095325],[-0.13860363 -0.75233885  0.64403051],[-0.3335053  -0.57686612 -0.74565387]
14,57382.97592060712,193275.42423890228,11937.618354535964,2104.7382775666456,3158.0954931990414,1555.3844201886432,3171.854095128676,755829.093598103,755803.4915438482,9703.760728330068,[-0.20849406  0.12188568 -0.97039894],[-0.93585318  0.26334935  0.23414941],[0.28409339 0.9569697  0.05916033]
2,34326.50885595212,144745.18218134064,184004.45004882835,741.8203382177962,1251.329052638539,283.03562213433906,1093.186827015088,334632.06912576256,334629.07737642335,1415.012930263174,[ 0.79949434 -0.53550759  0.27210371],[-0.58288886 -0.58224016  0.56677771],[0.14508405 0.61174179 0.77763912]
11,83429.8062406538,67289.34214447433,101039.69463713448,5759.922267189998,3286.156203971756,2459.267556754737,3016.757555970105,489064.75550500065,488681.7296211677,21197.315893877414,[-0.34690301 -0.6229139   0.70116801],[-0.74729349  0.63533005  0.19470021],[-0.56675457 -0.4564362  -0.6858974 ]
16,98268.35631913724,60314.06241220419,31989.693607006226,5716.377148098811,2287.091251004708,2091.036522658508,5382.381543585939,479280.22184310434,479163.84145946836,14660.668848945046,[ 0.29723698 -0.7779888   0.55351929],[-0.48627609  0.37555541  0.7889827 ],[-0.82169686 -0.50367803 -0.2666884 ]
13,201723.07791288893,179548.86027507047,6425.289267750119,1609.3051127626666,3112.6730051151,2790.335316737032,2622.115363816671,974077.2900387766,974051.8407142699,13089.858161755832,[ 0.62169734 -0.68483012 -0.38013171],[ 0.23641919 -0.29861291  0.92462765],[0.7467251  0.66470899 0.02373987]
31,79747.9236497653,46639.31759503419,6965.529253409465,3795.4757805456397,5673.304528996412,5403.3009774683105,2578.8578739646964,517668.9116814896,516487.09434879344,46198.69564545684,[ 0.25202068 -0.54992617  0.7962831 ],[ 0.44251857 -0.66628414 -0.60020226],[0.86061774 0.50363344 0.07543516]
101,152001.63294864303,151565.56608805864,187225.35543817253,5843.80019805653,9987.707622270473,7600.769455352566,11051.185052817147,2865537.139480228,2865085.3965972587,83373.96974956106,[-0.58756329 -0.32572767  0.7407232 ],[-0.60852515  0.78123792 -0.1391562 ],[-0.53335403 -0.53251178 -0.6572402 ]
91,178608.2656631037,78171.78648722438,93655.65275601963,7285.105745969127,10031.57561051897,5531.042372774489,8388.719868667578,2066880.9663952652,2065376.9886278256,101446.35321433154,[-0.29371459 -0.37936485  0.87739048],[-0.48190946  0.85146039  0.20682958],[-0.82552711 -0.36207391 -0.43290585]
108,159081.83596917966,33747.30470535174,60880.58184529236,5638.261316220398,5703.427620920925,7203.600804867173,5136.334262360619,1807337.4932499495,1806056.8630245617,98490.2500550102,[-0.0180667  -0.85387572  0.52016329],[-0.40050194  0.48286688  0.77874115],[-0.91611778 -0.19425712 -0.3507027 ]
94,156989.83543115022,113649.55353908295,25549.333072831378,5421.917264220024,4253.886978341723,6990.277936788013,4812.367031963251,1897179.302864077,1896404.3258156797,82815.39590584292,[-0.58049508  0.81284899 -0.04797899],[-0.13390657 -0.03717626  0.9902964 ],[-0.80317774 -0.58128689 -0.13042646]
4,42925.52764578557,87312.62547262701,147985.68605694664,1260.2933271825177,735.2571360310894,1570.3483085250894,1463.803355493554,354232.44497153565,354221.99917086004,3127.2781585333737,[ 0.58461265  0.61314158 -0.53130542],[-0.77426112  0.61728094 -0.13958495],[0.24237937 0.49297226 0.83560194]
11,201696.2523497103,115729.44761818308,172769.49304387197,2682.643012015691,1390.3161534577475,2146.238493413572,2898.7028685769133,960883.2008935763,960871.7889956218,7658.3707040020545,[ 0.60586863  0.11850043 -0.78668981],[ 0.38491422 -0.90906458  0.15950748],[0.69625013 0.39944867 0.59638621]
83,52372.277515323956,172217.15479208634,85627.19317264881,4691.236609095799,5632.18526272023,4589.159671302548,4710.438635406022,1817213.6206880917,1817018.0002106554,66153.2176196599,[-0.13546954 -0.40774177  0.90299205],[-0.95541377  0.29509801 -0.01008389],[-0.26235953 -0.86409711 -0.4295389 ]
38,94093.02436359035,70342.45869538921,56849.34551419563,3865.5040107085065,2248.65915912804,3580.5133402251654,4018.5794991607386,805162.7922393471,805051.6450142276,25255.9558529726,[-0.6406463   0.2788051   0.71542997],[ 0.26382074 -0.7950967   0.54609509],[-0.7210901  -0.53859906 -0.43582119]
5,112259.45229127754,30127.751757306243,116114.17107482399,1880.2971822219154,757.1141881604597,1656.0397386381799,2282.5402256582915,367415.7293822067,367409.4366913153,2857.8827048271573,[ 0.5599261   0.48966551 -0.66836401],[ 0.46859042 -0.85242196 -0.23194789],[0.68330504 0.18331529 0.70674587]
28,75977.06257041117,178702.97223896536,182070.03062216594,2290.9955722645254,2895.727566478185,4741.820434553729,3904.2606841024544,1408847.1378626486,1408747.3765755168,24122.907378275777,[-0.92842638  0.370773    0.02349125],[-0.23786193 -0.64180378  0.72904706],[-0.28538774 -0.67127885 -0.68406034]
15,90781.96001320083,166711.9774092391,3296.6365428278064,2575.759443154384,2101.43267374317,1568.171279044529,2001.035258533718,735420.1209306342,735372.9655664815,11941.666544403552,[-0.07404067  0.02061125  0.9970422 ],[-0.87513973  0.47804275 -0.07487044],[-0.47817197 -0.8780947  -0.01735688]
2,171207.23607549322,154128.3508878001,36269.44196606445,20.817158006000682,1567.8608141799486,438.6221304946084,1119.722975990051,329804.7594040822,329800.523033244,1671.6257306080633,[ 0.03895741 -0.26968927  0.96215904],[ 0.67787572 -0.70030372 -0.22373918],[0.73414361 0.66094055 0.15553379]
39,31808.299536209935,94630.30142979267,132409.39213624015,4789.763696666533,5163.812876844082,4078.9809706103515,3274.9641248285343,1036637.6084877348,1035998.3759118738,46602.96526802282,[-0.79444944 -0.38738843  0.46773956],[ 0.57621821 -0.72412304  0.37897018],[-0.19189233 -0.5705927  -0.79849941]
7,95642.2358443355,170898.1154329967,84969.0533419441,1162.335749679825,2255.7741397014956,1611.179174036678,1819.9629324610069,564860.8350299185,564841.263042397,6315.459858031653,[ 0.67269568 -0.00858258 -0.73986949],[ 0.5888912  -0.59919595  0.54237568],[0.44798178 0.80055641 0.39802232]
4,146814.3795870619,117410.03655050763,97191.466918702,1772.8065392184467,1145.2861324827127,1769.8247585177394,815.770038712574,423288.56269544316,423256.34645424486,5256.626933659744,[ 0.19797613 -0.75999348  0.61904391],[-0.69248591  0.33852932  0.63707234],[-0.69373534 -0.5548043  -0.45926405]
39,23347.84903891164,21549.909116890423,195773.84945110342,5006.617537450247,2549.5926090939774,2861.948852111875,3076.073714142412,1239137.4210943903,1238848.3709107218,34264.58774880712,[-0.0996194  -0.98768303  0.12065739],[-0.98802191  0.11255029  0.10557055],[-0.11785027 -0.10869527 -0.98706466]
7,151986.5977653107,174128.30078331684,169620.18379382984,1820.7520437913856,873.9762047939615,3603.4608828770934,1914.931219583606,758589.254427449,758530.963910452,9715.115732805254,[ 0.62597652 -0.75101622  0.21006675],[-0.57195243 -0.25902267  0.77831721],[0.5301168  0.60735648 0.59168766]
154,81702.56749012985,45506.32988292839,194117.4404123558,6946.62323278806,13396.133629074293,6622.589562065004,6837.297981252417,2680083.9679995985,2676972.198660482,185337.92450921057,[-0.902989   -0.12843842  0.4100176 ],[ 0.20272568 -0.96873672  0.14300861],[-0.37883131 -0.2122563  -0.90079637]
2,3585.7858686049904,63638.37448962369,99283.35484061585,848.8680645938873,1276.9612124279993,192.81985630619602,825.1872629766804,166866.85412514274,166856.62238860398,1847.8557001255663,[-0.74278455 -0.55116737  0.38011268],[ 0.6688427  -0.63657046  0.38396288],[-0.03034069 -0.53943728 -0.84147897]
24,169916.318438564,190609.21766219437,168129.6671607363,2492.707646739382,4295.081461159765,2261.3380075313826,2632.2770199409238,1497972.5537625076,1497854.8885562385,23384.53751746555,[-0.7121747   0.01581969  0.70182401],[ 0.42888252 -0.78166952  0.45282727],[-0.55575803 -0.62349218 -0.54990047]
3,80980.9904542319,57325.23718096939,53119.70821154359,3105.282256486635,1824.3479979943988,980.9781459277824,2836.8075404566425,195035.54796420955,194992.62350161443,4177.8056142253545,[-0.32682606 -0.35120821  0.87740385],[-0.61250257  0.78573661  0.08636313],[-0.71973976 -0.50918639 -0.47191513]
107,89198.12420700218,88489.94486609357,100043.19088902113,6384.490612001444,6171.745698217872,11025.70350985928,4828.054793670705,1666722.8254033353,1663182.42103249,137723.43499949298,[ 0.60180956 -0.78311483  0.1567049 ],[-0.57479915 -0.28849192  0.76575346],[0.55446479 0.55091159 0.62375093]
62,40013.29375589816,48488.64984794887,99723.39403730303,3855.711410066674,4454.982226946755,4704.96262593678,3971.848696841816,929879.9312348821,929018.988027708,50204.49594916054,[-0.74523812  0.66632121 -0.02522286],[-0.57407278 -0.62190257  0.53261397],[-0.33920582 -0.41140399 -0.84598237]
16,184884.76623609522,69637.75967495446,188522.2538193572,1509.928879522264,5037.411189901012,2777.4818590886343,2904.956150021153,1092551.4098026296,1092405.8306282435,20752.282313484207,[-0.71561036  0.00895092  0.69844234],[ 0.1719839  -0.96687676  0.18860239],[-0.67699583 -0.25508666 -0.69036761]
24,134177.93973692748,175774.12177145013,186452.07880052438,2214.1080515496237,4553.779716771568,7590.477408443733,3845.931755134071,1417674.7923802405,1417196.1614049308,40646.239285849304,[-0.85892385  0.48672722  0.15920562],[-0.21709152 -0.62764211  0.74762066],[-0.46381148 -0.60758703 -0.64476113]
60,120306.28863113759,74102.87527468662,108362.7568320925,4330.339337916112,4936.952473417543,5300.054863896961,3945.9028028750226,1380597.1592263116,1379861.30800524,57959.62547640796,[-0.73232165  0.28448562  0.61868646],[ 0.0839943  -0.86387654  0.49665107],[-0.6757588  -0.41567446 -0.60874032]
5,4079.755823011489,188962.5161114172,75802.90846417114,1344.9672298199887,942.2278411293549,1244.783971203001,862.9819127413109,455368.8119543325,455367.72114133957,4186.186610357389,[ 0.05413658 -0.37277298  0.92634202],[ 0.99833305  0.00161665 -0.05769326],[0.02000891 0.92792116 0.37223911]
6,162375.36590834704,4252.896373233416,57585.09055414686,1774.6915907314399,1938.541212735099,2408.6306853128544,1163.8561967590576,422207.4999852481,422165.4685967521,8265.748366758824,[-0.11613001 -0.9113623   0.39488298],[-0.31422599  0.41086365  0.85583473],[-0.94221858 -0.0246944  -0.33408732]
96,115147.17594573501,8846.57584489231,182449.03414306752,4631.164593149032,4494.9160950110445,7805.578276126897,7602.29127968224,2117525.498666379,2117415.093438676,65519.461940642024,[ 0.01928438 -0.99915332  0.03634233],[ 0.84588854 -0.00307338 -0.53335085],[0.53301096 0.0410269  0.84511307]
