N,MEAN_X,MEAN_Y,MEAN_Z,SIGMA_X,SIGMA_Y,SIGMA_Z,SIGMA_R,LAMBDA_1,LAMBDA_2,LAMBDA_3,EIGEN_1,EIGEN_2,EIGEN_3
1209,93973.61970447523,89689.61770899726,150119.79167340157,18302.49058431408,27010.651439277677,17433.696977624753,19058.111813366995,7001877.007539047,6957982.624561391,1079600.357096815,[-0.85272893  0.02419618  0.52179299],[ 0.21839867 -0.89090863  0.39822585],[-0.47450542 -0.4535376  -0.75441915]
681,159006.94742837164,179962.07540822375,188088.3446806131,15515.21389657258,18912.377041499447,12434.57221746464,19159.838845632796,7988110.768428641,7980623.536775123,505038.94120556384,[-0.73096401 -0.06309133  0.67949327],[ 0.44003301 -0.80464043  0.39865364],[-0.52159617 -0.59040093 -0.61592546]
598,95647.23754581121,42618.69545024688,73119.21284733615,12002.153490535356,14455.897965435015,12502.217525151482,12733.652394891627,3162621.143818121,3148440.570003164,449959.4197983823,[ 0.60539415 -0.69899712 -0.38065858],[-0.26996617 -0.63024157  0.7279518 ],[0.74874307 0.33793282 0.57025014]
1759,23519.56852137156,41665.08370585752,39340.53434460081,13494.930387055181,18221.463688658852,26597.50095776864,19275.38136789617,2933074.069313027,2764493.6009744196,1245015.559639495,[-0.89531721  0.44151762  0.05890064],[-0.2564765  -0.61910665  0.74224441],[-0.36417976 -0.64943756 -0.66753573]
376,145927.8361341929,16226.16182655317,177388.811527817,9730.621689113726,9163.204914825577,14946.370616894917,15673.661355883367,4479474.742952581,4478020.622474342,242452.13375443444,[-0.70982759 -0.34530529  0.61392919],[ 0.30881144 -0.93592307 -0.16936204],[-0.6330721  -0.06937051 -0.77097824]
42,35695.21482154672,10205.036884631434,151359.72572792185,3429.675377010324,3582.0106624168398,4660.019557527599,4635.709690170209,1010734.5537046356,1010667.1547486546,32471.36445359154,[-0.90353036 -0.35700611  0.23702221],[ 0.36218567 -0.93182527 -0.02287367],[-0.22902932 -0.06517899 -0.97123492]
447,143819.85799955457,20905.386513488822,13088.80604788343,13317.643167574259,13582.849366942955,9532.808600905648,13077.75117416982,3111690.249818782,3103295.8002573303,356617.2639502432,[-0.0710053  -0.13974267  0.98763872],[-0.15203717  0.98008487  0.1277433 ],[-0.98582095 -0.14108734 -0.0908373 ]
228,164315.22934223703,152308.05043566236,146746.93113691136,7326.522202697705,7606.550915927055,7439.936742849825,8095.924423787504,4047505.1963352975,4047285.1567854844,151763.79144240115,[ 0.78941047 -0.46007371 -0.40640286],[-0.02095456 -0.68184874  0.731193  ],[0.61350795 0.56869542 0.54789918]
1020,102854.77522344858,126247.23235579398,44325.288711986905,26098.442950807963,10210.14784212646,18818.443890955365,17701.866774055234,5470534.949537712,5448621.300415055,902252.9462104113,[-0.22124697 -0.16260797  0.96156561],[-0.7557108   0.65180443 -0.06365674],[-0.61640163 -0.74074938 -0.26709436]
49,56855.7319223592,128857.39172951822,156754.04113058542,4983.140513767323,6518.825208225642,7453.459158520539,8637.060035146184,1477038.554136252,1476522.86523602,48223.473442288574,[ 0.42801976 -0.76797853  0.47645362],[-0.86270707 -0.19008331  0.46862016],[-0.26932434 -0.6116186  -0.74389992]
798,18879.0754506287,145283.29162584036,27323.273050880278,12166.029868891603,12073.4354308038,10586.581427616244,12626.273476630306,4241171.806116933,4232049.921101927,444370.48436865734,[-0.47956361 -0.10326478  0.87140985],[-0.86835783  0.19887419 -0.45431678],[-0.12638601 -0.97456936 -0.1850436 ]
1404,83875.45288432717,164937.9753424208,116416.94026546806,36023.93992245664,16154.178860423583,18822.971895942337,14696.243524110547,8343011.878901082,8220018.507489811,1548722.4105811352,[ 0.24836594 -0.63855633  0.72839562],[-0.88932493  0.14773564  0.43275322],[-0.3839473  -0.75526154 -0.53119157]
433,60460.83180871296,181821.83847290353,163036.63212679,15838.775912366458,12843.42983471228,13315.548557229236,10690.71031697534,5253673.62984599,5246356.550145559,449803.59070683474,[ 0.5158611  -0.66031096  0.54578086],[ 0.82239833  0.20330627 -0.53134504],[0.23989228 0.72294951 0.64791643]
111,199059.89000152439,49563.76363575207,160648.72698051622,4863.918694588202,9294.144364061864,10960.49987368077,9593.452809020959,2749013.338376817,2747720.639274831,124524.01551117105,[-0.33404643 -0.70106966  0.63001136],[-0.55289651  0.68707706  0.47141337],[-0.76335996 -0.19085713 -0.6171346 ]
3,189543.81079824688,12675.59129534653,203130.27799589583,497.73760549517704,519.5287319035068,352.2832482057338,526.2062960633109,481715.78961293324,481714.9299052922,1046.362079651275,[ 0.68649182 -0.38552844 -0.61651992],[-0.25348232 -0.92156971  0.29403397],[0.68152454 0.04557502 0.73037471]
17,174299.98190713435,19241.130198655494,64577.84727475569,2170.8883209350297,3208.0735101850537,2555.8752395786955,1998.0035959411432,770681.4965381718,770582.6413090843,17285.494534657446,[-0.33270337  0.61532451  0.71462173],[-0.13898124 -0.78151093  0.60821451],[-0.93273398 -0.103036   -0.34552988]
55,182409.67717238914,125961.74443164167,181406.63189966482,5743.935476986642,7464.242895603052,3911.656126214734,4860.282353887841,2125471.07514787,2124779.496449651,66390.42187307436,[-0.71273558  0.64905788  0.26595464],[-0.29384088 -0.62056765  0.72701673],[-0.63691878 -0.44002234 -0.63302038]
439,118403.98336639252,9815.018286992314,78004.76220540007,15331.39218716317,7183.582067108598,15375.16091805454,18942.0973264825,3013575.209828326,3007175.1733904453,265726.6462051988,[ 0.3201278  -0.86842612 -0.37862155],[ 0.45356698  0.49136663 -0.74352931],[0.83174226 0.06629417 0.55118953]
4,170608.73720256053,30681.57103408304,122033.17517134213,1262.1572040036046,2977.4606379978563,800.2273816480958,905.5031550784861,424035.55054216104,423990.44561548566,6411.7191395994405,[-0.56417303 -0.11489435  0.81762344],[ 0.18442694 -0.98278638 -0.01084594],[-0.80479532 -0.1446728  -0.57565118]
17,68668.00179811004,22176.754176481307,136392.72925676155,5282.3343433130185,2710.972524388532,2201.3903552611782,3608.7955927062817,636675.2426832106,636469.4049856352,21386.565418101884,[ 0.17969072 -0.98128525  0.06921346],[-0.87709921 -0.12795887  0.46295087],[-0.44543039 -0.14389504 -0.88367754]
3214,164681.0467627757,112153.18380834087,80855.17037989073,26526.73365498671,23802.095690131024,40653.354580958905,22433.67749313739,12502823.445019545,12326159.013419842,2781542.697150607,[ 0.49280398 -0.85131533  0.18001793],[-0.41429234 -0.04762888  0.90889677],[0.7651837  0.52248799 0.37616512]
122,59817.31180551732,51736.02067643403,70678.48484258071,3713.521973706396,11374.702743711248,10021.511989836763,6287.041111049227,1182374.3513009683,1175142.1041595964,159731.53972175263,[-0.82172377  0.42115982  0.38391985],[-0.09316676 -0.76389386  0.63858134],[-0.56221881 -0.4889689  -0.66694784]
45,199695.60385348278,9591.366004535788,75612.2992280099,3782.643581011358,6465.320846872276,7142.835135787851,5770.145743761789,1435302.8723289825,1434610.4971206242,57613.62821796536,[-0.2388161  -0.65828955  0.71387796],[-0.2656149   0.75139664  0.60402964],[-0.9340319  -0.04536462 -0.35429713]
14,37845.470769867614,155541.77384436122,57105.75097021472,5605.236343093206,3054.8526146599293,2843.81517994275,2304.6345881170723,636361.3164153113,636101.3076517942,24726.17769322166,[ 0.00437098 -0.34549405  0.93841076],[-0.97489817  0.20742973  0.0809102 ],[-0.22260828 -0.91520859 -0.33591485]
203,132820.1880666973,111405.81793926483,172544.83191983134,7857.348756801151,13305.54902212162,12601.853060276933,6656.698220872959,3494667.345030625,3487954.2010103296,267413.84606373985,[-0.83950373  0.27797497  0.46686552],[ 0.0160264  -0.84618755  0.53264414],[-0.54311753 -0.45463892 -0.70592267]
233,148285.80039695578,79331.42796125523,119117.78849138755,9957.32189058769,9693.38048942043,8592.317365021043,6367.335737705139,3152537.0962186116,3150331.408628109,229988.7665522818,[-0.32651463 -0.54729285  0.7706223 ],[-0.61260579  0.74341799  0.26840983],[-0.71979326 -0.38444795 -0.57801163]
4,178325.05515349566,54075.684830988655,71521.52936922894,1608.0592518610304,754.0467209042007,1839.081255448797,2081.461058873556,399228.1944597071,399217.9171608422,2978.2282051367306,[ 0.32408065 -0.94109935 -0.09645593],[-0.31112222 -0.2023127   0.92858631],[0.89340623 0.27092727 0.35836255]
7,66343.32770322653,176148.1711382676,102894.83067423457,1093.083998036656,1939.6046403759228,2208.822587333216,2549.941667565019,567608.5885648876,567602.2843576042,4826.924649900592,[ 0.76191126 -0.51578901  0.39173069],[-0.56908743 -0.24435177  0.78513165],[0.30924219 0.82112965 0.47970341]
395,191596.7312469988,48253.27995030493,16890.964531809605,10334.481327093325,9505.797390293585,9908.584135391886,11074.849997853044,3952882.252211494,3950354.742781099,260580.63375977968,[-0.25390822  0.83502313  0.48812599],[ 0.04813629 -0.49313022  0.86862275],[-0.96602977 -0.24404703 -0.0850149 ]
53,10619.078360708949,190866.57780427168,76403.01752688756,5914.73377121495,5214.363542660609,6485.345661316384,5014.822122536148,1500333.7247881992,1499371.5721912934,65095.33185834988,[-0.76619668  0.27505816 -0.580763  ],[-0.640535   -0.25440005  0.72456576],[-0.05155159 -0.9271589  -0.37110485]
33,166271.51122782915,171993.6937332311,78232.28932746415,5557.035822327599,4667.062052908207,4188.745517868164,3030.175726765607,1446590.3825554585,1446022.6727045758,44929.50427092159,[ 0.15970035 -0.53248261  0.83123888],[-0.73357225  0.4994578   0.46088357],[-0.66058123 -0.68337704 -0.31085088]
2,157924.90580283853,144105.37676150422,56292.008279357644,36.59465126696159,1292.661322211352,563.7772468184667,725.1747855870053,312657.6908946276,312653.0076315084,1711.284468576723,[ 0.57569655 -0.34051568 -0.74338587],[ 0.39787077 -0.6776059   0.61850553],[0.71433348 0.65184301 0.25461414]
369,111431.8995796854,97639.00406410966,51887.175767559565,7161.466201313073,11844.762289500797,16047.337485511414,14075.83162457789,3041186.393563866,3029270.984741377,304087.2041854061,[ 0.43996893 -0.75793268  0.48162785],[ 0.55451083 -0.19256774 -0.80958965],[0.70636045 0.62326215 0.33555806]
201,113613.45902180483,25074.589297415336,31608.7639688885,10721.522171568415,15919.228088082758,7386.167905176524,8730.966363102907,1732693.7948080767,1715343.1675426753,262308.5590434855,[-0.30166843  0.19246725  0.93378398],[ 0.13624617 -0.96065725  0.24202196],[-0.94362765 -0.20023488 -0.26357704]
4,3068.7494752265825,101146.29388588137,22491.188508814455,1032.0666988840162,1246.4512516774353,1361.5583613358958,1474.2989069573644,207365.90268077617,207346.94710617297,3025.8032810976642,[-0.71606817  0.17218009 -0.67646167],[-0.69740596 -0.13549054  0.70375226],[-0.02951797 -0.97570299 -0.21709988]
92,157849.49205333472,113714.70158317995,24685.08080639483,4406.350695476925,6104.552131896176,7280.907829500049,5768.583208556002,1883142.6438326777,1882258.303448365,84386.9413322936,[-0.52769758  0.79621111 -0.29594449],[-0.27189245  0.17174628  0.94687787],[-0.80474205 -0.58013023 -0.12585369]
78,53721.399273772164,14717.832199009848,188824.5279175462,6210.34729430895,6890.73000808928,5580.834589978644,5443.950922354804,1740907.2211687877,1739775.4682064801,82738.5802779945,[-0.7562014  -0.59978007  0.2615785 ],[ 0.59469618 -0.79671772 -0.10759803],[-0.27293938 -0.07419395 -0.95916597]
13,114043.61026659307,202130.16598606503,87352.00387939968,2737.868904995642,1143.1837018162655,3582.623095448007,1965.6665709987165,894214.1445308328,894163.5954247931,15201.255862946682,[ 0.74990895 -0.56899792  0.33745805],[-0.47552054 -0.10900103  0.87292554],[0.45990954 0.8150829  0.35231104]
2,51277.011848838,111073.83524777798,161207.53185088374,56.2939404623321,1005.2559507148035,464.65329285358894,167.33970557144494,286202.1200392017,286197.9215524473,1550.2303031706383,[ 0.96316793 -0.06649508 -0.2605493 ],[ 0.09003664 -0.83326382  0.54549501],[0.25337904 0.54886229 0.796586  ]
290,189676.93770897062,180467.82547389128,114795.36789505996,10492.860318721052,10265.761418125157,10291.026400761197,7001.296115841992,4874546.038287251,4873113.388566887,279045.84959350934,[ 0.43187752 -0.76121029  0.48377752],[-0.61087141  0.14775239  0.7778209 ],[-0.66356456 -0.63144922 -0.40119067]
143,146170.02947772332,133827.701862412,200021.8185507552,9998.589553785454,8664.571903976575,3669.036632808528,6135.519061766973,3370516.4670849196,3368581.783484089,146584.63400294568,[-0.49422026 -0.51092199  0.70335273],[-0.69711156  0.71631355  0.03050202],[-0.51940524 -0.4752406  -0.71018629]
178,42504.08201680832,71898.85079190647,116229.3309952037,7387.797935867517,7502.081385610192,7721.45490853365,6645.932760703946,1915963.3274246347,1913159.555808865,149542.61855298016,[ 0.79158118  0.34637077 -0.50341486],[ 0.53388302 -0.79279593  0.29401281],[0.29726781 0.50149965 0.81248382]
160,169157.91783420485,11030.841894351703,168351.8717967971,6104.385581719421,6009.775449949384,8673.837912806577,6297.323278766628,3024960.387824041,3024027.6016205857,132391.99927745498,[-0.00575381 -0.99747341  0.07080746],[-0.70638002  0.05417409  0.70575664],[-0.70780941 -0.04595618 -0.704907  ]
106,67179.46496807566,192787.75430480242,196611.88569962248,6625.264117853369,6500.858815691574,6102.187103775623,6702.772753423573,2919975.552184912,2919422.9403019794,90527.46369862603,[-0.07440794 -0.69920251  0.711041  ],[-0.968712    0.21997021  0.11493551],[-0.23677103 -0.68024184 -0.69369339]
6,189779.59926389993,33985.76311588087,186617.5061754315,2230.6858441975237,2315.1317208407495,1693.4086643725739,2055.0192628658033,657306.6278600639,657283.5596646244,7336.50604850292,[ 0.62000422  0.36153511 -0.69633837],[ 0.33960639 -0.92372227 -0.17721361],[0.7072922  0.12660777 0.69549134]
658,169288.05798088323,190282.3152064538,28638.305375959826,15787.164594075697,10060.105405805067,20960.25205054681,10497.772743785648,6605749.674724483,6587681.551389171,669764.9324048734,[ 0.67159278 -0.51803023 -0.52972429],[ 0.33403113 -0.42648209  0.84055709],[0.6613519  0.74145648 0.11338407]
111,11645.743836492902,152036.16131529785,125509.72729857627,6048.352268038968,5935.668833034536,5393.611115018374,3885.7399259134563,2082655.9317188652,2081853.1500262094,97813.53243004606,[-0.8473417   0.37512848 -0.3758865 ],[-0.52775905 -0.51619328  0.6745479 ],[-0.05901205 -0.76995007 -0.63536955]
265,80163.26253959503,42848.783516844334,185390.67492686588,10141.7751838393,23527.171927749016,10035.928891497782,8839.817197687895,3389233.545027606,3366694.802414987,417872.63226546993,[-0.84754421 -0.30270633  0.43593313],[ 0.3626001  -0.93006623  0.05914366],[-0.38754353 -0.20819627 -0.89803359]
174,101002.92632398404,191215.9777077423,13610.375564056882,8017.408306926581,7683.106839558316,7814.925402177684,7918.854971339084,2862242.8227286525,2861719.939364079,144994.63120258527,[ 0.55100039 -0.34544975  0.75964665],[-0.6921549   0.31933196  0.64726246],[-0.46617611 -0.88243503 -0.0631527 ]
72,12200.06755937875,122427.49469919706,150309.94645206878,5723.972268583999,6421.6874500618715,3121.3088780058197,4961.145133165628,1649688.4841258372,1649109.5833195983,64839.67064297974,[-0.55940964 -0.61974872  0.55042927],[-0.82652958  0.46716304 -0.31401838],[-0.06252772 -0.63061098 -0.77357616]
12,199147.16005522487,56147.45481340977,203286.8714741046,3675.4718957932123,6621.240707750607,1134.8244887798826,3868.840319179428,1005133.9359479154,1004935.8253141091,22833.91049594316,[-0.7145103   0.00160456  0.69962308],[ 0.13443786 -0.98104672  0.13954855],[-0.68658684 -0.19376471 -0.70075227]
9,135104.20443792953,89656.8852209067,86124.93740647241,1201.5065941961861,3642.9663612084523,2066.7800989104717,2212.078726890944,550943.6266633956,550852.4078452832,11253.606636380238,[-0.5839764   0.10686595  0.80470568],[ 0.34289173 -0.86604783  0.36384944],[-0.73579673 -0.48840641 -0.46910805]
103,34903.89188598656,13549.661572967563,63718.32632851883,8942.576170435947,5424.8299038097,7133.2100445312935,8759.707178005505,759672.6094388519,756863.2773345731,90690.91235333867,[ 0.25234787 -0.96510828  0.06990395],[-0.84265273 -0.18366717  0.50616473],[-0.47566471 -0.18663435 -0.85959915]
2,37492.960895277785,182215.83254603582,36444.93467878581,1015.6810749889628,117.78862484454294,203.31579414352746,48.57307003525784,268095.69869880093,268091.6536200495,1472.7253870585748,[ 0.16591921 -0.22612194  0.95986441],[ 0.96610223 -0.15794478 -0.20420561],[0.19778094 0.96120878 0.19225084]
45,142558.85137766108,47370.28466887166,175019.4227689111,5308.713489956692,3423.7915555933637,4910.184726581265,3379.1857048030297,1548014.2095933708,1547556.7553501583,48688.47910764843,[ 0.05721303 -0.97445182  0.21718727],[-0.78405646  0.09081702  0.61400956],[-0.61804703 -0.20541643 -0.75882933]
19,5983.406204402102,88772.6983246509,138115.51755317728,3121.009477534097,2040.9903772154626,2921.3572968210274,2277.065307812576,716342.130855754,716300.4482557068,18093.051547440296,[ 0.27741383 -0.81366458  0.51087328],[-0.96006381 -0.21467407  0.17942275],[-0.03631869 -0.5402453  -0.84072348]
22,55917.27287508107,12905.312475166194,57726.336627551886,1944.1947750197046,3486.715304324349,3361.395639401659,2903.309361882351,382465.67506379914,382146.12944958586,20246.99670823572,[-0.70923837  0.35981721  0.6062281 ],[-0.15952621 -0.91954527  0.35914882],[-0.68668211 -0.15801286 -0.70957707]
389,101688.68184796658,176169.29130549656,188667.87835199013,8086.480341947208,14648.116844433,11528.050006142528,13147.731352561173,5484873.287688148,5479830.3837302495,304739.3911492052,[-0.84286479 -0.0832411   0.53164825],[ 0.39436097 -0.76775732  0.50500309],[-0.36613983 -0.63531065 -0.67994265]
467,13408.202922228744,47471.16527700205,153192.02973349983,8290.326093743006,14943.312874498974,14209.35345417938,13758.709143420838,3506288.2575131785,3495558.600538393,374123.20367740584,[-0.99652947  0.01787503  0.08129882],[ 0.00694342 -0.9554177   0.29517589],[-0.08295061 -0.29471596 -0.95197778]
6,156652.8171531978,86139.53137978374,201225.32761066235,1678.4222922155454,1288.727434559876,2966.129718137893,3014.8282487831293,659381.7281905734,659371.8567852377,4987.852856853606,[-0.49160725  0.87076007  0.00995997],[-0.64779479 -0.37332299  0.66407217],[0.58196582 0.32001068 0.74760213]
8,46959.68319521902,27295.24997572643,141871.49983135518,3604.6801508478165,816.5209756275008,2266.236574395697,2801.822494144816,429841.0947249497,429761.24091829435,9321.419001130735,[-0.14503301 -0.96161604  0.2329378 ],[-0.93981524  0.20750213  0.27145936],[-0.30937476 -0.17954793 -0.93383606]
187,87260.3619272359,186606.16097877873,100141.24620142551,5655.7757443880755,7721.218363594749,11835.976781428037,10238.623939967338,3138595.3938306095,3135868.3207961535,154679.08537725787,[-0.84522856  0.49855801 -0.19242815],[-0.37506547 -0.29692359  0.87815846],[-0.38067648 -0.81441776 -0.43796019]
108,116105.22550892818,9044.47708707452,179547.98814170988,4571.93708405563,5237.931455209652,7321.99543781322,6775.481999666599,2225906.6542669297,2225768.1209160783,77804.67613115582,[-0.50498336  0.81464174  0.28522035],[-0.67152068 -0.57841664  0.46313515],[0.54226542 0.04234418 0.83913955]
156,126198.65207106897,171429.43432432128,157059.37485971636,7764.978969704914,8723.58889297802,9124.57390045124,5951.503474979193,3308116.3025358263,3306132.5325105963,169431.82323021622,[-0.86099848  0.48000419  0.16815946],[-0.17592493 -0.59128515  0.78704021],[-0.47721279 -0.64805698 -0.59354031]
147,12899.996311658815,102182.50016579237,170667.24093739572,6473.417039710384,8935.301137371438,6377.128296198896,8063.5668322849515,2420956.1612237804,2419594.6870871065,119859.5871113446,[-0.7393105  -0.55179042  0.38593694],[ 0.67033866 -0.65738276  0.34422955],[-0.06376572 -0.51320097 -0.85589643]
83,78890.57388053549,165835.88507380994,66977.04829153312,14148.66239581666,5276.042628733047,2820.426071136642,5222.921793455579,1786138.5914593334,1781785.1404870208,131072.3167635342,[-0.06874575 -0.34518164  0.93601477],[-0.9119058   0.4022527   0.08136688],[-0.40460083 -0.84796368 -0.34242631]
702,20046.618571358533,106436.6620591784,80470.5874778938,10699.39404947389,11635.665579460989,26560.395364373253,19408.053211755043,3661475.344751227,3623807.7543223402,603583.9327915895,[-0.89304862  0.3672029  -0.26005036],[-0.42655155 -0.50690078  0.74906967],[-0.14324082 -0.77988052 -0.60931801]
374,139732.18000183895,198679.99036240784,94650.34508522075,18094.475070876997,4634.356849689953,20544.33062946089,13361.37568441723,5061191.642599323,5057153.600046048,467363.5560843659,[-0.84327589  0.48741839  0.22651509],[-0.0057968  -0.42966157  0.90297139],[-0.53744969 -0.76014094 -0.36514871]
20,108987.4516181045,69526.64975611985,182373.1479518135,2607.631292574084,2387.794967845721,6695.099725289514,6584.961705132552,1000281.7819786837,1000169.224722222,16682.158701305623,[ 0.10978754 -0.94882542  0.29610305],[-0.86631906  0.05469947  0.49648691],[-0.48727608 -0.3110278  -0.81598023]
14,58449.18571238936,51913.691740591756,190520.50222026088,1863.0427596256202,1164.888502743551,2914.6132628085525,2987.4688875820607,770645.5208145353,770636.2073447157,7846.683496342076,[-0.36607368  0.92023748 -0.1383945 ],[-0.88624223 -0.29939236  0.35346701],[0.28383933 0.25204602 0.92515298]
11,134712.8042100536,175802.79692732988,184672.7962284454,3458.140453659577,1559.0605938231492,2238.1754877258486,2666.717962127249,956522.852091612,956470.8392431078,11612.265258645008,[ 0.05891284 -0.74414966  0.66541006],[-0.88219889  0.27313672  0.38356415],[-0.46717706 -0.60962087 -0.64039675]
39,40081.33083917263,106110.85662123175,7482.166127770326,3996.799598068721,4059.5904069325816,4995.18658327748,4189.2083465786445,711065.531097951,710793.6750507175,39403.52372463234,[-0.9319307   0.3439881   0.11479265],[ 0.08445734 -0.10196194  0.99119661],[-0.35266432 -0.93342163 -0.06596915]
49,198712.088906011,174318.4818341093,167542.67326110092,3060.948649793538,4232.703620149255,5465.455144506469,3991.8367668400897,2191219.037153401,2191040.812618886,44834.5850286501,[ 0.43441593 -0.83041238  0.34885251],[-0.63893859 -0.01112177  0.76917735],[-0.63485454 -0.55703822 -0.53541399]
212,122568.25346754747,14001.88321320362,114150.60256694208,9000.615443581712,9833.845640972682,12568.202485704694,11867.933857329652,2460019.777274571,2455171.2283174493,201257.14897439728,[ 0.57718311 -0.60686405 -0.54642079],[-0.36892485 -0.79073185  0.48850547],[0.72852874 0.0803689  0.6802843 ]
10,3789.09745711919,197653.5030658445,173265.6840664502,1239.0347974023707,1681.3219157397498,2154.540571197097,1854.0470513393666,831322.6383135797,831307.6612505689,7453.956149200295,[ 0.9953524   0.05199124 -0.08105868],[ 0.09521623 -0.65723682  0.74764539],[0.01440374 0.75188874 0.65913266]
68,66331.07303306473,25011.502323179888,100734.5354970588,6557.787289200816,5282.777632917591,4200.770329156813,6439.255653738059,1018136.318469692,1017735.8028309841,56227.879636422156,[ 0.54624051 -0.82316448 -0.15498883],[-0.64089371 -0.52986595  0.55542536],[-0.53932973 -0.20406447 -0.81699519]
49,86229.82181762673,86535.62373688904,109328.35879065061,5904.451904853909,5242.745365991321,4095.0444944898986,3151.2499658593097,1148762.3847462635,1148316.0506502728,58172.94974941614,[-0.17643439 -0.69923051  0.6927825 ],[-0.83199069  0.48204144  0.27464076],[-0.52598708 -0.52793252 -0.66680196]
34,25937.554560078,22450.12700143582,195901.94882045657,4055.46712496613,3216.8892641475722,2215.9322164746977,2123.83059214227,1160030.1189162058,1159852.9743743762,30367.672149537288,[-0.496504   -0.85251435  0.16341068],[-0.85818029  0.51037653  0.05515778],[-0.13042377 -0.11284977 -0.98501501]
5,16881.534639150734,193831.841246901,177821.85013889946,2111.5865262723883,1770.076389472122,2207.1271320901665,2494.154742924183,589443.0973812967,589418.5342391942,5572.524117393979,[ 0.43297004 -0.62954861  0.6451399 ],[-0.89913381 -0.25081498  0.35867845],[-0.06399476 -0.73536412 -0.67464382]
100,22362.699970571255,132528.93862028347,163825.6848186873,10351.358330286857,12812.018535897654,4728.130814026464,8012.3926183665635,2125492.8575287415,2121034.9395196163,150978.85746147396,[-0.66615775 -0.53285919  0.52181887],[ 0.73854681 -0.56872779  0.36207362],[0.10383864 0.62658581 0.77240388]
36,24935.68169798165,153866.06249722076,189518.62764600368,3983.978647202963,4527.602214523822,4356.213329262383,4255.649350940406,1472818.4115602889,1472700.5491522285,36636.687826838344,[-0.94971063  0.29231645 -0.11225338],[-0.29614878 -0.72206191  0.62523795],[-0.10171345 -0.62703883 -0.77231903]
16,24971.475535013524,194204.7983712939,90016.94876420165,5476.956015331811,2648.805934280779,3110.78392179065,2628.8813479166547,862398.7172237446,862133.8843900347,25215.945587180515,[ 0.31921267 -0.43200086  0.84349187],[-0.94058234 -0.03567024  0.33768698],[-0.11579351 -0.90116752 -0.41771877]
29,25313.35444767454,195883.35932914627,11033.757588678076,7649.792916394892,3157.283913901449,2431.527077683725,2577.39051113281,1066255.4920709745,1065435.9368499112,44306.95539596144,[-0.21288617 -0.02744927  0.97669136],[-0.96868515  0.13665885 -0.20730038],[-0.12778327 -0.9902378  -0.05568248]
16,200777.53752160416,4272.301299048234,98629.43340893716,2695.1277871264274,2140.227308888715,4008.325577366184,3951.0059515971725,895174.5906584733,895099.7750244987,14013.859206140514,[ 0.22695424  0.83685671 -0.49815923],[-0.37858376  0.54708669  0.7465725 ],[0.89731049 0.0191572  0.440984  ]
2,61041.46372202485,200007.84002426855,30511.664416551288,2734.8047041121827,1602.4734975829924,427.79917359319006,2244.6620424731227,298899.27440588386,298881.90881709306,3221.928337927786,[ 0.27925371 -0.22753822  0.93286855],[-0.9157103   0.22924424  0.33003291],[-0.28894984 -0.94640025 -0.14434178]
6,73322.04234238814,66746.28176032891,1843.7206863837007,2878.6221832833144,2154.7553652455667,1288.8933677757195,3486.8137491277025,243087.06716737253,243072.6606740139,3807.300247107557,[ 0.59219869 -0.63677584 -0.49377853],[ 0.32018964 -0.3763732   0.86938013],[0.73944527 0.67294854 0.0189987 ]
10,46961.86610542813,17580.39781260257,86578.76312578205,2488.3450849182564,2693.1999655256495,2287.3794552347463,2151.3894741689,316621.03096332715,316529.5891265468,11877.60058844526,[-0.53858901 -0.71959478  0.43829811],[-0.69978413  0.67175999  0.24298289],[-0.46928035 -0.17584615 -0.86536355]
70,39932.599563066804,48931.203574762876,100930.90846804455,5194.992380919541,3877.8549973025,5517.667386880867,3924.872644449228,998433.0777753366,996969.149797357,62920.90516811892,[ 0.56333927 -0.80867831  0.1693761 ],[ 0.75533263  0.42098466 -0.50223952],[0.33484546 0.41086654 0.8479783 ]
96,52265.98115938611,170608.38265936938,85804.33773047778,3861.77277929921,7310.553644796978,4328.695911961372,6320.1112088198515,1941600.6795132891,1941403.948533824,67205.26123965686,[-0.71729773 -0.12515057  0.68543512],[ 0.64501024 -0.49132917  0.58528406],[-0.26352563 -0.8619356  -0.4331527 ]
40,197520.27033511718,24771.944884180797,154272.1305668781,4277.523011947287,3643.5331076753378,3838.7623654101744,3366.3058145471864,1593227.9536472978,1593158.9344390805,37386.16432994026,[ 0.04434219 -0.99373288  0.10260965],[ 0.6187737  -0.05331749 -0.78375784],[0.78431682 0.09824569 0.61253155]
57,54856.22131688155,112237.76204666345,32446.714509008976,4178.467537053974,6491.88620845423,6269.168375801404,8063.505795645999,977057.8327016945,976629.379836329,44605.94513965928,[-0.84463028  0.48104346 -0.23494017],[-0.32588908 -0.11383033  0.93853021],[-0.42473051 -0.86927547 -0.25291135]
17,50475.07159412922,119692.13774428528,67951.19510431009,3078.122578533439,2767.123994402427,2591.8740295993384,2989.658599095792,604726.28247081,604621.5263866425,15943.995021964758,[-0.1839994  -0.42555004  0.88603125],[-0.92068074  0.39029859 -0.00373928],[-0.3442255  -0.81643994 -0.46361044]
26,145228.92570605958,46079.89005784753,85087.78816095242,3320.4099151271844,4441.708192686267,5880.409182000107,4275.183883251565,890696.6746386696,890209.9652079351,35055.270105083786,[-0.52840526  0.64422042  0.55296287],[-0.1684858  -0.71793367  0.67541379],[-0.83210601 -0.26372581 -0.48790192]
53,121938.63025422979,197149.56067800283,189377.90612838112,5436.777428625185,2664.265226441915,3591.2873292102468,3628.080553570261,2179698.518013811,2179434.4574706256,43993.15743197982,[ 0.18948166 -0.73864744  0.64691318],[-0.89336784  0.143688    0.42573192],[-0.40741945 -0.65859982 -0.63265762]
5,147682.2192080563,199251.15772241788,45074.02284210075,1901.9738397395802,3056.0551227446435,1121.3519109169813,2068.2984224940587,563722.9081499052,563680.9355967146,7051.406811060874,[ 0.12202653 -0.3041544   0.94477491],[-0.8012113   0.53163528  0.27463499],[-0.58580712 -0.79047709 -0.17881833]
10,54733.475825887246,31903.181250585367,15204.047589832222,2115.257774985432,1347.1158241826586,3957.5324799621612,2952.5079507193955,206538.77285178626,206257.15520783217,11546.925612861103,[-0.51197317  0.85793028  0.04288479],[-0.18069737 -0.15637001  0.97102877],[-0.83978088 -0.48939152 -0.23508299]
23,118282.00619732593,107684.1103591241,23836.022646890007,2813.365215440238,5226.161707627828,3031.7275593084432,4217.561675072645,776153.6357286011,775969.29782144,24792.481822782152,[-0.09248176 -0.11761876  0.98874312],[-0.67596684  0.73652833  0.0243895 ],[-0.73110598 -0.66610198 -0.14762182]
17,37970.88770193479,139917.39728733082,55121.84766039637,4240.646651860314,3011.473789071858,2735.0279607641673,2950.5972835604725,639868.6220880977,639723.9085255757,20891.19453013721,[ 0.62998571 -0.42666364  0.6489038 ],[-0.73688211 -0.06459297  0.67292831],[-0.24519942 -0.90210082 -0.35509345]
21,69171.24661347263,41300.23511286841,176671.11974425707,4985.796448745805,2057.436449554946,3622.9375455871013,3338.254288198911,890255.1252008136,889995.3130057321,25604.453110377948,[ 0.07451849 -0.97712165  0.1991991 ],[-0.93141512  0.00316219  0.36394487],[-0.35624832 -0.21265768 -0.90987024]
3,181392.56976495698,37054.22700071171,49274.89175917269,1812.724743608458,1931.3154506577857,995.7738159673904,1767.1295440954264,331867.2927628085,331848.37588143855,3817.183370879557,[ 0.25746875  0.02429727 -0.9659811 ],[ 0.1930302  -0.98082732  0.02677881],[0.94681    0.19335823 0.25722249]
134,67893.3800143049,82347.20443032563,31918.462448375565,6977.35023636489,4050.049834943707,13714.71483188974,7026.400060897384,1300937.0736162558,1293835.3933065722,164662.43967597303,[-0.75251379  0.65362446 -0.08061054],[-0.24939606 -0.16954116  0.95344502],[-0.60952818 -0.73758447 -0.29059343]
7,160423.72415043082,145154.61969074028,121024.11719585066,1853.6921837560083,2225.6730603765454,1658.0943599605364,2442.7418778430965,655921.5166669176,655912.5108687951,6024.508470835652,[ 0.61626276 -0.77877008  0.11720651],[-0.44881562 -0.22500107  0.8648347 ],[0.6471358  0.58556953 0.48818396]
94,193682.50181907308,29851.998116177154,123166.97401373553,5402.784672009622,3592.462969496702,6766.430549933852,4826.598280966178,2245653.663380135,2244876.8954924257,77655.32998298072,[ 0.09096819 -0.99111355  0.09705006],[-0.5399651   0.03279557  0.84104824],[-0.83675712 -0.12891228 -0.53218337]
2,34346.30155802419,172990.43211259047,89065.78831999237,1147.2735925397828,157.36974625055154,515.7022964198623,294.1152106481459,279426.8406329961,279421.39929780917,1743.8120862431333,[ 0.42370874  0.34671689 -0.83681438],[-0.88895986  0.33647563 -0.31070006],[0.17384269 0.87554072 0.45078506]
7,4761.470629953657,195173.11314537277,16350.120172644105,1549.862613109426,1576.7112441272523,1405.6983687753366,1546.308096797435,518378.184374842,518367.02813451417,5600.804539889366,[ 0.58137306  0.05386102 -0.81185242],[-0.81327575  0.06820394 -0.57786743],[0.024247   0.99621645 0.0834558 ]
47,88599.97346775727,83258.63612807795,15681.164058725522,4226.837508108099,13276.682543353316,3636.035051408616,10623.979701915718,845887.11648554,843830.4139205914,67343.42822818375,[-0.27690259  0.11479016  0.95401686],[ 0.63714368 -0.72126207  0.27171483],[0.71928637 0.68308436 0.12658151]
19,154563.2650261694,58554.78841291014,13617.898028212883,2896.529882515188,2637.2730138143975,4435.348534031079,2927.375193743836,723253.3650130488,723105.0090117909,22429.50091830567,[-0.36162619  0.92117744  0.14373107],[-0.02512297 -0.16373656  0.98618415],[-0.93198462 -0.35301907 -0.08235415]
67,44829.81239283778,156778.8613196179,14324.750001879516,8507.856515837548,8352.68970663953,7049.269363960975,10334.980618985606,1344192.7215700683,1343024.3368104596,74863.12459898506,[-0.69344832  0.13380588  0.70797275],[ 0.66568729 -0.25695741  0.70059497],[-0.27566257 -0.95711487 -0.08911381]
83,172902.46136973012,15039.232919292695,87238.60039441305,9930.734287615089,9112.07359905899,8210.84304039264,10641.840708386859,1774169.2057649004,1773672.004035721,106163.06046081537,[-0.42120057  0.51932278  0.74356838],[-0.17430506 -0.85090768  0.49555409],[-0.89006057 -0.07911994 -0.44892339]
9,116102.23073685219,52668.005589623965,111122.0380465625,1586.9473110984145,2590.839503882872,2474.6709470830488,2682.9051469323904,507488.35627907893,507434.73396456137,8574.420176776965,[-0.32876083 -0.673032    0.66252868],[-0.64866398  0.6707921   0.35954555],[-0.68640466 -0.311554   -0.65710178]
32,119811.89517575504,40519.88908365729,196447.147538179,4427.377643836297,6746.434196235979,2356.751179164816,3158.0904589549878,1322466.1860170246,1321858.2706662887,44087.84668238909,[-0.78108568 -0.31212169  0.54081902],[ 0.35611066 -0.93411502 -0.02478579],[-0.51292335 -0.17323159 -0.84077372]
14,44333.4824050952,114901.75348136442,43926.50186126055,2104.8705270320147,3172.779600508564,2953.029783900217,2473.9862481036807,489534.35426050844,489380.9928298503,15487.930487503783,[-0.89281922  0.18810708  0.40925489],[ 0.29651341 -0.43849408  0.84841189],[-0.33904813 -0.87882801 -0.33571967]
3,150451.64918867787,51069.71206769202,105082.39770139917,670.1087447534778,1584.898623154936,2602.6580556916297,1041.7580513515243,329980.20634541096,329942.94064750144,5086.772333331182,[-0.53949246  0.73152896  0.41690918],[-0.29182978 -0.62691006  0.72237051],[-0.78979951 -0.26804693 -0.55169519]
21,169982.19712437416,39571.24464957028,199019.80956130943,3305.230205504615,2618.0157838104647,2154.391682204063,2560.83270419174,1213197.7850295198,1213113.7485158136,18271.56362015344,[ 0.44055419  0.73067734 -0.52155789],[-0.62730302  0.66616194  0.40338467],[0.64218605 0.14946203 0.75183653]
158,41403.179135893086,85030.99567524805,187641.80237945614,7722.752345258174,8375.435269127194,8101.553014819754,6789.625470587163,2646423.738030415,2643312.4081468936,154077.1290556431,[ 0.78491239 -0.61089263  0.10355065],[-0.58744657 -0.68056347  0.43788115],[0.19702557 0.40452881 0.89304947]
108,177612.25523153238,72776.00430965044,157256.10552291383,6930.1611156216795,5456.595705619354,6582.633494744238,9218.144860886709,2580935.4764359053,2580809.0226968015,62459.06373802068,[ 0.54164722 -0.80607854 -0.2384443 ],[-0.44083805 -0.51390957  0.73590677],[0.71573746 0.29348654 0.63370777]
46,173773.13668806388,4363.371136452856,115810.87705819876,4944.288997565946,1989.1235442922537,6415.639791031997,5347.84885370503,1417719.319509001,1417176.6600871726,43425.376157388026,[-0.01505824 -0.99807058  0.06023599],[-0.55478267  0.05845904  0.82993899],[-0.83185903 -0.02092046 -0.55459255]
21,69008.0298426023,139141.58884560037,179664.91906164918,3911.964866450181,3428.1240264646867,4177.102563569053,3898.595275124595,1088687.8648723485,1088529.4889337905,24785.248012782675,[ 0.2573244  -0.80931619  0.52800706],[-0.9216591  -0.04134973  0.385791  ],[-0.29039396 -0.58591595 -0.75655393]
322,89400.00478629222,175432.57975286097,35461.08694941113,11899.930533899142,12806.434099668568,7854.436947164079,15265.598581477707,3604751.311359731,3602247.284356939,207735.83551070353,[ 0.09673342 -0.24557117  0.96454002],[-0.88908956  0.41428687  0.19464365],[-0.44739513 -0.87639101 -0.17825938]
4,139358.51602357675,43503.22305947445,188510.41672410292,1951.3867215074147,405.33016863434847,876.8957817703234,1305.9682837746318,476881.73449641286,476870.618936908,3490.306059100436,[ 0.03710201 -0.97938142  0.19858365],[ 0.81054419 -0.08673901 -0.57921884],[0.58450112 0.18245101 0.79061373]
2,186754.31743528496,35168.1182936516,105203.69184479327,343.27094450380537,1760.2799078757125,328.2313209936183,148.83231427620922,307197.3715997752,307186.62261553033,2569.825650519874,[ 0.43993193  0.24679505 -0.86345359],[ 0.25933383 -0.95544597 -0.14095732],[0.85977082 0.1619111  0.4843335 ]
54,11874.502984702629,63543.3492951444,109318.36743768079,4448.030124341687,5286.218284925913,7935.894878383898,8222.827022971662,935896.7441598035,935769.5125945833,48475.74737972535,[-0.18162715 -0.84179168  0.50832898],[-0.97905168  0.20317287 -0.01336366],[-0.09202923 -0.50010755 -0.86105927]
14,141535.34052665313,89325.6151606207,73162.5722918473,2617.119431594371,3281.9129629983227,2308.793654737678,2552.1766791536506,683625.8170433036,683564.9482232103,15217.411877550525,[-0.32632448 -0.23321333  0.91603705],[-0.54140957  0.84049388  0.02111179],[-0.77484709 -0.48906193 -0.40053766]
66,191510.38247561193,68114.00282813158,125000.0689577957,5302.532718975058,3170.304231156393,4949.598726454147,5963.315676816235,1939471.2766404613,1939357.3475315783,42387.096443378345,[ 0.58627245 -0.21483694 -0.781108  ],[ 0.11020603 -0.93408119  0.33962769],[0.80258286 0.28519717 0.52394974]
27,155063.52049913193,173932.76421111703,161940.6076116098,3080.3677178742264,2583.7010222892604,8026.951915122307,4617.8195823630995,1475178.9017205024,1474719.4211019836,39917.2845367196,[-0.61742189  0.75524694 -0.21998245],[-0.56602161 -0.23233995  0.79097262],[-0.54626894 -0.61287863 -0.57093786]
5,6798.011386890609,158724.28360976613,149039.4931715539,2390.294621067357,881.2740415427073,1408.1785656546847,709.0644585388908,487134.26352417696,487102.56512093317,6312.563349769584,[ 0.47104329 -0.61446463  0.63289133],[-0.8815577  -0.30252882  0.36239803],[-0.0312129  -0.72863539 -0.6841902 ]
98,175644.51555396913,4687.861888072915,29890.13758860858,7985.692373169716,3378.2702560430894,7081.83156038849,8316.753161910845,1767586.8427873724,1766625.7315606913,73817.83953347684,[ 0.05765565 -0.98091044 -0.18571629],[-0.16016851 -0.19270457  0.96809658],[-0.98540442 -0.02607033 -0.16822147]
2,67358.1168520065,157613.6584255924,158643.39912317158,44.47615062888508,750.9538605724374,573.8320481594274,909.3915850552876,330296.2443218208,330296.03784673143,369.3180884985646,[ 0.47039011  0.5180404  -0.71439994],[-0.8340006   0.52555241 -0.16804068],[0.28840275 0.67485466 0.67926066]
22,142719.16669634945,65085.254168157466,190656.05488399873,3683.76459351704,2885.2528209232482,3764.4034034354477,2606.3318484408032,1158286.6201495223,1158152.949570483,25344.581322953258,[-0.02005293 -0.94150241  0.33640911],[-0.81577341  0.20993863  0.53892441],[-0.5780239  -0.26362659 -0.77226252]
10,110350.15769085712,156199.00560300276,52117.848921073615,2207.611217197667,2036.879856772172,1172.4245434249065,1381.0917309966162,626907.4370907409,626850.5268011211,9195.601714722214,[-0.41112098 -0.01367527  0.91147821],[-0.72184425  0.61551791 -0.31635198],[-0.55670496 -0.78800425 -0.26292374]
3,95069.21646765828,30878.086148378236,51982.782691635075,436.5261997475997,243.0527468583248,990.2729249765281,376.5645952943039,195154.17949648897,195145.80809609854,1808.964039120962,[-0.16213929  0.94977735 -0.26764496],[-0.51157985  0.15102759  0.84585857],[0.84379909 0.27406868 0.46139945]
6,67360.558473375,185048.21384249328,2899.879860214103,1288.60387081196,3620.898569850423,950.604100232227,3703.847739231029,482518.4165893692,482510.84394724254,3422.1087197642723,[-0.60267654  0.23134629 -0.76371453],[-0.72098938  0.25229282  0.64538565],[0.34198727 0.93958886 0.01474725]
