N,MEAN_X,MEAN_Y,MEAN_Z,SIGMA_X,SIGMA_Y,SIGMA_Z,SIGMA_R,LAMBDA_1,LAMBDA_2,LAMBDA_3,EIGEN_1,EIGEN_2,EIGEN_3
46,175442.8144277121,200400.10570130448,110902.84257454234,5647.127894191556,2398.785207455102,8094.729747245362,6561.309615037397,1957856.5163505436,1957432.6490499203,53015.36868781063,[-0.79285381  0.50764527  0.33716333],[ 0.03879323 -0.51009568  0.85924239],[-0.6081759  -0.69433326 -0.38473811]
166,31904.58235318821,12344.941427516587,119174.45202549746,10254.87299926823,9640.079365764037,7776.107568183014,8607.652033472652,1609542.6491813613,1602300.4654787502,177860.2070747758,[ 0.65933738 -0.74538575 -0.09835801],[ 0.70610907  0.65883797 -0.25950436],[0.25823285 0.10164945 0.96072014]
972,107343.65874634818,124560.10016602189,54678.587424116246,22176.130012526755,11963.108366646378,12545.746030738077,12441.851954248685,5461551.419936588,5428023.72260608,788631.1101018057,[ 0.09058446 -0.46503221  0.8806472 ],[-0.77710883  0.52001022  0.35452959],[-0.62281323 -0.71647359 -0.31427579]
6352,125533.45893579008,125382.96532745344,111421.82969892187,48349.39358793403,37664.8375426298,46113.98539727653,23001.017173613494,17533730.44368136,17071679.442049224,5787500.420157544,[ 0.25832219 -0.77022028  0.58312122],[-0.7612016   0.20938736  0.61378258],[-0.59484601 -0.60242647 -0.53220351]
1730,22622.9777044547,41534.53290852369,34257.15155197691,13007.32950210623,17951.405946164326,25113.722745303072,17686.554082359147,2751974.57558273,2565823.0736943674,1235323.5100357556,[-0.9023421   0.42438494  0.07534026],[-0.20541949 -0.57709228  0.79042225],[-0.37892158 -0.69775492 -0.6079116 ]
416,163981.7507829855,194305.01602755516,14562.028746291808,14308.363707971734,7092.3753738972855,9639.591313634368,10951.527907357462,5205366.783158288,5201858.939993781,308107.7141426942,[-0.38036858  0.25439326  0.88915905],[-0.66298588  0.59530812 -0.45393608],[-0.64480188 -0.76216292 -0.05777736]
136,111800.96815158895,55547.08915747859,144172.01335551578,6274.734889147952,6474.157396909685,6716.021010722204,6951.477625579902,2227169.75640291,2226259.636671235,103144.96827296169,[-0.7928882   0.01494224  0.60918391],[ 0.16580203 -0.95669274  0.239267  ],[-0.58637701 -0.2907159  -0.75607293]
25,86373.77595063411,194577.0597474622,188966.1398434042,3333.177115118049,3006.569269977515,2596.8273613396295,3428.464588639959,1423496.308438257,1423400.0498919631,19451.936483969104,[ 0.24665265 -0.72926801  0.6382246 ],[-0.92038331  0.02990786  0.38987187],[-0.30340902 -0.6835742  -0.66382925]
94,9577.439223391006,150615.53258089357,125991.75530068447,4757.657912534879,5323.247213164185,6017.173973199435,4087.21316113142,1907708.5332052496,1907018.0333311183,81543.7232931497,[-0.97261359  0.18235518 -0.14411593],[-0.22727445 -0.61631337  0.75399214],[-0.04867379 -0.76609687 -0.64087943]
239,163349.49833906855,155106.3236361956,149616.89980813747,7820.958085870118,8390.153434231044,8479.657977018529,7727.282680763451,4184684.636825869,4183928.1416379805,186448.11654701608,[-0.03778666 -0.67290089  0.73876692],[-0.79616651  0.46704954  0.38468639],[-0.60389657 -0.57364546 -0.5533894 ]
400,191122.19893072706,48762.332483287755,17455.223058064596,9195.256911439154,11531.516359809342,8529.626109932718,9686.809853403061,3971803.412176116,3968248.408121369,279507.75190467,[-0.18405935  0.40043499  0.89764914],[-0.18656246  0.88241808 -0.4318944 ],[-0.96504746 -0.24696184 -0.08771116]
184,85028.11214287516,33003.66467973843,186933.68834916598,6920.459356468698,12857.929256443447,8377.508625074322,9149.397562017246,2829587.6902076737,2825301.272244063,190433.93052439915,[ 0.83221773  0.33914567 -0.43862725],[ 0.37494725 -0.92703053 -0.0053819 ],[0.4084461  0.15998317 0.89865298]
115,60550.37018454621,51221.71114934279,70725.65913157782,3776.987657436288,10458.360967085493,10153.571515855323,5741.365363126595,1149259.11912992,1142687.8798784309,151021.4917952572,[-0.81128862  0.46387584  0.35585106],[-0.13753986 -0.74301107  0.65499415],[-0.56823724 -0.48244559 -0.66659785]
41,186158.72114689255,53507.71335390903,137545.93567732378,8300.118505259687,4299.896153634663,3198.1475303847305,6055.313620656666,1522324.496113808,1521803.521714,49824.95412339282,[-0.30263623 -0.67557832  0.67231336],[-0.54205333  0.70220436  0.46161371],[-0.78395759 -0.22472866 -0.57871196]
113,68012.31829996729,124552.18704432229,10089.892663012382,7022.742184131469,6329.4942561976,4907.533443398808,8116.921158760393,1515873.8505113008,1515528.7485619464,73122.61614977852,[-0.66508555  0.30893621  0.67986736],[ 0.57298846 -0.37273037  0.72990157],[-0.47890023 -0.87500314 -0.0708807 ]
378,103534.25029977916,172011.31455103698,187900.14509278105,10610.975025329431,13657.096582320204,11859.473489924178,12774.26855773001,5358847.836620114,5354831.506250232,323945.4481950332,[-0.79093859 -0.16708523  0.58864137],[ 0.4824379  -0.76202697  0.43193584],[-0.3763905  -0.62561764 -0.68332479]
106,116273.70027884666,10450.307305635208,179858.27854971547,4532.186483546609,5233.6843793284315,7787.10291344872,7651.1687455105275,2209693.241774384,2209586.212147211,72743.06871330843,[ 0.79788979 -0.34335017 -0.49546195],[-0.263837   -0.93793456  0.2250973 ],[0.54199809 0.04888164 0.83895689]
24,47737.50775737283,7468.779970994005,84622.54312542762,2635.1426685695765,4067.1961853060557,3125.494133429902,2887.0621436155584,478010.4611799506,477793.9567611088,24602.13717507128,[-0.87054118  0.09774435  0.48229046],[-0.04800686 -0.99226872  0.11444703],[-0.48974829 -0.0764776  -0.86850319]
27,169508.47090844248,36132.34061199668,199876.75490536337,2864.1292371068657,3329.8940719438892,2934.1848317590593,2293.4960757020726,1374857.7102808435,1374805.1527937676,24708.297274263292,[ 0.64748723 -0.62491396 -0.43616835],[-0.41258258 -0.76866001  0.48881224],[0.64073076 0.13654422 0.75552616]
1375,106906.04876871889,23681.084006325458,79039.91950040095,18925.012509236305,16786.221420708076,24227.794799290066,20008.473894686445,5129977.670460703,5110077.554440655,1047010.4661715571,[ 0.36643331 -0.89908748 -0.23951688],[ 0.49270606  0.40586868 -0.76974759],[0.78928282 0.16404974 0.59170965]
141,198718.25409873977,41672.83602421247,158083.3707057011,5291.602294715795,12759.957892596798,9079.663120640162,9321.45611098546,3061337.0510279937,3058108.178763566,161674.08893842011,[-0.53520456 -0.3556917   0.76618503],[ 0.34343142 -0.92030325 -0.18734139],[-0.77175835 -0.16286605 -0.6147062 ]
491,13167.207856644272,46432.81239859473,154296.95372764952,8959.94243636046,14676.323489004744,14270.835445440478,13610.336645201785,3611369.5382976197,3600460.461881423,389236.33854522347,[-0.98387155  0.17609915  0.03139853],[-0.15910522 -0.94175377  0.29628595],[-0.08174539 -0.28651165 -0.95458303]
14,138882.01445393445,92558.47685170306,4815.365499261759,2802.532924486884,2458.651043672884,2567.721981030917,3130.2530310727548,624934.2355738473,624882.4009112911,12256.633905562967,[-0.49154347  0.71136539  0.50233884],[ 0.25791989 -0.43203733  0.8641881 ],[-0.83178263 -0.55434919 -0.02888984]
101,77549.02712659394,127401.31862009365,135756.1736077954,6321.485481496973,5744.399602415424,9508.881107246958,9809.749048075046,2030444.8945395742,2029721.9446418711,82530.99388466642,[-0.81837553 -0.10445237  0.56511167],[ 0.42697516 -0.76868534  0.47625104],[-0.38464751 -0.63104084 -0.67367184]
5,151360.95864722,115176.435752856,92922.75349746377,1826.143095501845,1641.4340885086106,1438.7924067165184,2433.758549767977,473382.28731266124,473374.28460648394,3298.748463686072,[ 0.28203295  0.35006435 -0.89325941],[-0.63968706  0.76250906  0.09685251],[0.715023   0.54409088 0.43898431]
2,64101.44225257544,32678.842602093442,201676.11636228772,477.95747794593626,415.64699126969754,889.7993147569796,758.4081177885382,302824.5383460208,302822.4983782426,1111.530674282517,[ 0.32530617  0.91165552 -0.2511177 ],[-0.89697546  0.38156449  0.22325673],[0.29935083 0.15261962 0.94185792]
921,19715.423494964158,145479.66938181422,29673.00548088023,13140.689436846727,12443.729410825426,12881.301912574792,12931.659783549603,4585792.392801419,4571945.693511117,547085.0935959048,[-0.62544181 -0.07587302  0.77657313],[ 0.76919532 -0.22704956  0.59731654],[0.13100038 0.97092316 0.20036746]
2,47786.193326966124,23954.153329329027,139789.50959456043,438.8976409520001,1649.2326786799076,176.7011789875396,569.1207702625397,211666.58947490607,211654.2118708061,2289.038506958502,[-0.93424097  0.21841522  0.28193724],[-0.15886982 -0.96263398  0.21930846],[-0.31930267 -0.16009563 -0.93403169]
563,97985.76928478491,183266.64802789575,30000.116683133383,14826.62438830777,13680.273832525183,16271.811603576869,17983.943170551145,5014222.894725043,5005271.6141314,451853.2525634273,[-0.88299674  0.4564581   0.10937439],[ 0.02996608 -0.17772353  0.98362411],[-0.4684216  -0.8718144  -0.14325104]
141,144582.61369429625,196915.03023962257,92370.20351835544,6821.271154852186,4711.163961827014,9465.834947437732,6376.953643762807,3103830.1698335498,3103241.5510820677,128602.41213550585,[-0.7640464   0.62885698 -0.14412495],[-0.33133506 -0.19079191  0.92402139],[-0.55357942 -0.75374886 -0.35413624]
5,6248.386787748542,169652.161511477,187062.8607364986,2772.629083517071,2595.542619205824,1317.1594038647856,1285.834317371638,564926.2103269349,564872.9164175042,8525.169012635622,[ 0.68947493 -0.54783582  0.47381455],[-0.72388567 -0.49880662  0.4766356 ],[-0.02477623 -0.67161586 -0.74048516]
2,152240.5429929658,135151.28257409844,108248.53719499029,52.2940380499349,84.28228577744449,729.8718314346115,327.79151723907853,326071.5886676805,326070.2542891936,932.8472788187606,[ 0.70858546 -0.69338877 -0.13083829],[-0.24884811 -0.41906732  0.87318795],[0.66028877 0.58616943 0.46949349]
114,146475.33554823932,149615.45847980655,29861.934268634977,9640.995829941348,7146.109246850877,8743.985146819015,8319.539109786754,2263236.2589407996,2260395.948229346,132029.4039554243,[-0.54033138  0.37889357  0.75131995],[ 0.47734409 -0.59728672  0.64450849],[-0.69295355 -0.7068863  -0.14187015]
58,83914.68851160331,86403.91535308953,110577.29173843442,5846.9571347538495,4454.925706725819,4430.182844240786,2958.9712187245646,1246410.865898406,1245979.1260658063,61317.116058923115,[-0.04074905 -0.77211625  0.63417349],[-0.85726536  0.35305414  0.3747651 ],[-0.5132598  -0.52838364 -0.67629514]
247,182428.02478983474,180362.55470870103,50694.20868741839,12565.262154017366,10113.903187924916,12677.065503964737,8018.758209613232,4118452.4751273706,4115634.8745910637,296313.60665403516,[ 0.14563637 -0.40247441  0.90377231],[-0.70136718  0.60228331  0.3812334 ],[-0.69776366 -0.68939769 -0.19456799]
481,165316.28402217053,178235.55674322325,193628.8773525194,13158.859821950338,16073.370012757598,8558.756400666698,16703.52381464107,6831402.7007184895,6828532.09615494,328320.31119037006,[-0.33868731 -0.52933935  0.7778758 ],[-0.77615296  0.62450874  0.08703688],[-0.53186228 -0.57427232 -0.62236149]
131,190496.95413987024,31288.650745529296,123580.72535626854,5698.067855287457,6548.4223572931005,4307.810125961651,4720.036696032749,2625189.1368505047,2624725.8122982434,96692.55232731883,[-0.55417766  0.12467569  0.82300856],[ 0.04506146 -0.98277633  0.17922095],[-0.83117783 -0.13640621 -0.53901462]
5,156850.81720236767,59780.0350413772,41841.48291864266,2580.8005400531233,1053.2772509192089,1668.8507921569872,2487.8123530124385,386886.21054405096,386869.8490678593,4662.75036739183,[ 0.41939816 -0.67824244 -0.60340068],[ 0.0444194  -0.64855457  0.75987096],[0.906715   0.34549118 0.24187547]
12,136395.36289401227,122446.0345649285,88713.16452853427,1996.5608960676232,2676.2251409220376,1559.5156145891879,2755.4990023758537,705504.9183748162,705492.0072113829,8474.52456541777,[ 0.72374691 -0.3975289  -0.56405778],[ 0.16602988 -0.69307195  0.70148796],[0.66979436 0.60135019 0.435607  ]
16,30063.241622716378,121203.4387499752,164610.53926591607,2323.364889675863,3713.8596272131135,4270.313414609807,4038.3682863785325,826766.0460865042,826691.509449204,18416.05156129756,[-0.93781556 -0.17493072  0.29983533],[ 0.31525443 -0.79076799  0.52469098],[-0.14531561 -0.58658778 -0.79674221]
2,4191.085417749953,179874.31670064264,178404.56572867272,1276.996521258529,504.2994861453917,1560.4090174618614,719.5415813540312,358342.9753538558,358332.36493443727,2757.5761000194466,[ 0.75019947 -0.47435481  0.46063898],[-0.66100502 -0.52061445  0.54040074],[0.01652638 0.70989303 0.70411559]
781,18468.643204447973,107959.01743714247,80603.01530261242,10840.009014738036,13776.953311722287,26914.720493375607,19905.341360500548,3897640.921962432,3854300.1813253528,671193.6812420248,[-0.91543431  0.32983007 -0.23063424],[-0.38061723 -0.52323781  0.7624649 ],[-0.1308073  -0.78576989 -0.60452885]
7,202146.96296466715,3906.122910663353,94977.30973391,2225.027389859497,2346.4956133393653,3058.891770389571,3126.7862148941167,591105.5952216382,591093.7597538586,8397.507368727864,[ 0.34193389  0.56501947 -0.75088895],[ 0.25346114 -0.82489096 -0.50528443],[0.90489705 0.0175473  0.42526865]
11,69442.70829577377,178081.6185752549,13249.11786064995,2200.0952621287424,1783.3904712492395,1121.3052916670977,1928.889858638116,635538.0473792123,635510.9229854787,7810.0079536232015,[ 0.07509968 -0.1030802   0.99183391],[ 0.92896996 -0.35430367 -0.10716213],[0.36245669 0.92943175 0.06915032]
69,125134.44997517786,160161.87974667348,69736.69410164756,9843.530321136139,4723.559376741363,5635.211211151966,7607.5203287465765,1787616.8680625404,1786300.5031822838,79718.51262647372,[-0.3812889  -0.10238127  0.9187692 ],[-0.71746772  0.65950618 -0.22425805],[-0.58297414 -0.74469435 -0.32491764]
319,157999.72416503658,78530.96402619746,122791.57490597245,20295.781366737996,10607.005637038823,6658.657164412168,14336.353432903998,3860428.8245710256,3850237.026624485,341830.4737989566,[-0.22725101 -0.66038708  0.71571355],[-0.63587122  0.65726701  0.40455887],[-0.73758035 -0.36316524 -0.56928573]
377,185730.7161214863,175011.73829781014,105891.59442451446,11720.411927889169,10696.686995866481,13609.80005856058,14978.705955459773,5377979.320193746,5374658.577983514,280663.664415605,[ 0.42452975 -0.75421176  0.50093824],[-0.60688361  0.17354965  0.77561125],[-0.67191278 -0.63328125 -0.38404176]
170,43139.61735829861,83218.68765016976,183505.62601923937,8129.094015767942,12083.843855085648,9002.91751082371,8531.334564692987,2694574.500447839,2690439.9021053934,192636.4509465263,[ 0.88051794 -0.47393936  0.00834515],[-0.42534795 -0.78222632  0.45519349],[0.20920631 0.40435562 0.89035344]
187,108947.40868575018,89575.96020775136,39572.277038796616,6858.140573445503,5757.227399484253,10078.658255912744,5634.227698981325,2010762.9064078575,2005694.8049478,166726.69843217306,[ 0.46563625 -0.76368525  0.4471775 ],[ 0.47990602 -0.20665214 -0.85263421],[0.74355436 0.61162058 0.27027243]
254,154069.44652380602,13399.994258178696,14631.757881190671,6710.910712750483,8214.74582475959,10482.763498558665,6465.758777286727,2485262.6320530805,2479699.303918157,214739.90157145678,[ 0.0196443  -0.83252545  0.5536384 ],[-0.12578641  0.5472874   0.82743839],[-0.99186283 -0.08589464 -0.0939693 ]
21,96070.93637800994,60391.35544803055,31651.871045512347,4727.618877942464,2640.9836941257154,2806.3318685547642,4323.909253482997,540445.722018008,540364.0338056446,19697.379516335277,[-0.50560869  0.8570163  -0.09941282],[-0.28074313 -0.05447416  0.95823581],[-0.81580828 -0.51240182 -0.26814405]
96,68526.25102598873,8740.349025922755,151975.64670296208,6408.918746989369,4188.316341330201,3813.002280001122,4330.192837498386,1637324.6890177773,1636701.854204503,72371.23662915337,[-0.07411097 -0.9931068   0.09081   ],[-0.90872134  0.10475952  0.40404328],[-0.41077134 -0.05257694 -0.91022117]
69,137673.60595844945,41796.80791949593,8739.64713022462,4918.284187114906,3849.927713100554,4593.825302133823,4548.549984670961,1198729.97956691,1198294.3434124705,52065.99934792286,[-0.26814731  0.76118991  0.5904972 ],[ 0.12516564 -0.58022222  0.80478304],[-0.95521232 -0.28971036 -0.0603102 ]
14,164641.1029724381,181194.0306747623,143546.4540243111,3296.5651464676534,2413.053194023477,1755.0832049564417,2248.0551063673593,1062001.0466937942,1061941.6299407633,14381.831383825558,[ 0.2216894   0.47376416 -0.85229181],[-0.7837635   0.60658179  0.13331661],[0.58014532 0.63844033 0.50579181]
49,43301.67621098238,102971.43231599007,3666.239680128335,4046.7336829540163,4180.267149935499,2058.666092269467,3972.9881131231255,783424.3097591993,782984.094801086,33030.442211446636,[-0.12552291  0.01755729  0.99193535],[-0.91336621  0.38828774 -0.12245321],[-0.38730628 -0.92137092 -0.03270277]
3,201847.29413702924,78576.95787133556,67249.9178837336,435.46121853091176,1508.0607618631655,1234.837562187352,651.6797899744442,392846.6454403978,392835.95159572695,3268.0223499523217,[-0.0380562 -0.5915365  0.8053796],[ 0.4544441  -0.72804189 -0.51325975],[0.88996196 0.34646729 0.29652678]
61,12061.061590231671,119894.38889382657,150518.23755672644,6051.86977786271,6502.528889325383,3963.966572178554,5100.537619048314,1507581.0997155416,1506671.4950098721,64347.274936543115,[-0.65288765 -0.56599668  0.5033741 ],[-0.75487649  0.54098538 -0.37080494],[-0.06244367 -0.62207924 -0.78046026]
3,87827.22320741475,96540.48281244375,60275.59487875978,1709.187697051538,1625.0827871283539,982.042400303565,805.2039935603232,249036.1499408151,249004.9455568271,4206.260843671451,[-0.14484713 -0.42587735  0.8931113 ],[-0.77834139  0.60634055  0.16289816],[-0.61090424 -0.67155016 -0.41930466]
328,45165.93916944741,76037.65067027057,115279.23225256937,11245.337954190885,9818.936482814901,13365.196734311663,10368.455640535582,2650507.8095272146,2644148.1090382626,308997.64803606726,[ 0.26501108 -0.84926943  0.45662957],[-0.91419245 -0.07070318  0.39906543],[-0.30662891 -0.52320406 -0.79513283]
21,165573.95863007443,193235.27635412433,165033.62657867427,6385.622946270387,4942.091471904548,3121.0049992801432,4104.949625360726,1390442.0927525563,1390039.0152340515,34921.19046336158,[-0.54520421 -0.22295027  0.80811233],[-0.63608182  0.73791869 -0.2255569 ],[-0.54603323 -0.63700014 -0.54413099]
110,189736.97557913495,129080.93351709814,152420.17676186815,8355.211560252248,5138.8542423689805,9075.505430517034,11138.703762196827,2892430.412173321,2892021.972359213,77493.03560755288,[-0.65563357  0.72817918  0.19974909],[-0.30950547 -0.50046457  0.80854287],[-0.68873143 -0.46828442 -0.55349682]
14,11467.022944748142,3449.0236497894066,16074.367841238896,2948.7133154734597,1669.2649178113825,3349.4607375661517,3020.783398941893,76861.00329081836,76187.93240118078,13155.036758634544,[ 0.30528054 -0.95211891 -0.0165342 ],[-0.76230195 -0.25475119  0.59497694],[-0.57070091 -0.16903082 -0.80357268]
33,191849.6848640626,159383.90809474248,126725.27784537345,2747.514984761304,5141.364426117505,3431.5838936289106,3266.8667428293365,1607531.0512516254,1607309.9393707362,34078.66631184421,[-0.6692417   0.24888455  0.70012287],[ 0.28617546 -0.78321547  0.55197566],[-0.68572527 -0.56976312 -0.4529358 ]
19,57480.90784487302,190526.05080289193,113230.924607682,4429.871256259347,4034.7510098287758,3276.652409406414,5445.683948797167,998428.7427559295,998377.2320283919,17978.42508288241,[ 0.1198708  -0.53373034  0.83711583],[-0.96045167  0.15110988  0.23387687],[-0.25132365 -0.83204431 -0.49450853]
472,150664.5755330241,16249.43116643106,175417.57764559818,12924.590953232126,7897.750471022642,14438.690379340058,14486.370264138948,5053793.151140142,5048650.956258206,331188.75599763606,[-0.15754973 -0.96198373  0.22308157],[-0.74366376  0.2642097   0.61413146],[-0.64972478 -0.06914143 -0.7570186 ]
43,5660.505508190216,195262.44199261177,85593.31084025878,3571.307852950998,5246.344085173845,6808.047081969757,6415.799954477471,1399699.2122345613,1399316.2762800693,44433.44044508363,[-0.95424267  0.14292828 -0.26266412],[-0.29785215 -0.37630076  0.87731513],[-0.02655243 -0.9154066  -0.40165373]
74,103813.01667790624,63294.0425833827,90434.47343166835,7169.088021050692,3954.9443528662878,10618.353913790485,6605.849664487321,1308118.6369794947,1305355.0181284384,99044.70549995961,[ 0.49333528 -0.86887728  0.04089721],[ 0.53630195  0.26681384 -0.80074378],[0.68483613 0.41696841 0.59760926]
64,164284.8550355953,56312.44844394909,190797.22626944783,7457.520208530153,4270.497237638635,7231.760469082249,9190.388070454286,2065775.5349867528,2065497.3025077474,51531.37325238717,[-0.30809321 -0.80720907  0.50347998],[-0.70677629  0.54846147  0.44683027],[-0.63682481 -0.21818234 -0.73949349]
76,13518.09138292346,101774.89422739558,169824.69313691254,5534.184416787729,9081.504076475496,5484.602056023153,6696.298053271439,1732683.1141077024,1731457.5075335926,87088.96079237899,[-0.88074395 -0.3722392   0.29279356],[ 0.46876871 -0.77322146  0.42706495],[-0.06742395 -0.51338733 -0.85550422]
41,4729.388407096719,138402.49396876106,61582.76315913811,3314.8232810324325,3440.2093413697794,6201.145769078558,4690.542499022187,971554.6372889754,971100.7439839555,40176.01931358733,[-0.95716561 -0.08978757  0.27526749],[ 0.28783472 -0.39813103  0.87100107],[-0.03138745 -0.91292381 -0.40692131]
53,48029.80157075525,171041.26809714368,21493.590594329773,7275.846039550217,7575.615866297383,5386.94780899227,7338.894526827354,1305257.0347833103,1304240.1017671248,67612.86323485484,[ 0.3169698  -0.20566369  0.92586856],[-0.90982371  0.20977165  0.35807356],[-0.2678637  -0.95587567 -0.12062643]
65,11917.353819127758,63956.40652160243,113709.7024093122,4581.052575041332,6973.771904226584,3942.621566359177,4987.610478760325,1058541.1728768854,1057231.0527965354,62680.131594373575,[ 0.81492227  0.46450379 -0.34660918],[ 0.57248933 -0.73834882  0.35650666],[0.09031978 0.48895527 0.86762036]
133,195807.59616005796,177299.74660941583,159425.38742415537,5700.692761922623,9637.11595165731,9009.45602646609,9772.688883080777,3561156.271676473,3560829.193141221,121430.01953369325,[-0.7722426  0.501553   0.389982 ],[-0.03503455 -0.64651202  0.76209894],[-0.63436106 -0.57486242 -0.5168358 ]
82,176531.819814393,128402.37215412004,178190.60328752626,7678.878227380151,7830.030479946587,3868.0032138036304,6613.881244845647,2553506.232921139,2552691.331373764,86998.5774609197,[-0.48859899 -0.40228723  0.77423253],[-0.60717431  0.79402462  0.02939843],[-0.6265863  -0.45573006 -0.6322181 ]
40,171056.17635774403,12311.519257256705,94646.18412990133,7607.935444059444,4332.797096072958,4409.757925043069,8287.02172405899,1240279.6353640687,1240108.471467773,33174.07173894109,[-0.4097124  -0.44122724  0.79840733],[ 0.26358164 -0.89516872 -0.35944079],[-0.87330434 -0.06317817 -0.48306113]
3,130730.37666907354,4094.528203842269,146341.1039460603,514.4123390319633,984.2143864067745,1093.5333418516198,493.7853748541417,339960.5368778404,339959.326352957,2560.462239417082,[-0.21713769  0.96173798  0.16706668],[-0.71359746 -0.27317583  0.64509971],[0.66605547 0.0208571  0.74561055]
20,57629.35815296916,21014.043673418964,166359.65061912534,2095.6199952809343,4823.594943329666,3052.9611857489313,3126.358281364139,793365.99434079,793116.0321286505,23391.909025555466,[-0.9209695   0.26520783  0.285447  ],[-0.214951   -0.95685856  0.19549362],[-0.32497884 -0.11868654 -0.93824424]
56,54795.947330601884,14380.891316338282,189897.85147961276,5870.817285403265,7694.961516915217,4873.975424357519,4982.906564829162,1484918.4778794437,1483670.8765361612,72095.08638196866,[-0.82661722 -0.49072003  0.27549559],[ 0.49003395 -0.86834948 -0.07639317],[-0.27671411 -0.07185428 -0.95826211]
57,137710.98403189683,142463.02478284558,3394.1057742727,9422.874975620727,6041.37063640064,2306.9530642600507,4994.369052699523,1498557.5319906308,1496725.5507890529,77357.00295845777,[ 0.06374796 -0.08529394  0.99431441],[-0.71582262  0.69032584  0.10511046],[-0.69536621 -0.71845333 -0.01704847]
96,67386.36091059573,194381.19025160826,197985.0299456416,5815.624988645039,5663.2672012574585,4001.7647663241,4811.5696982635,2798596.1400731513,2798283.1280355114,74975.98559554544,[-6.02751230e-04 -7.13395011e-01  7.00761868e-01],[ 0.97177388 -0.16573709 -0.16788909],[0.23591347 0.68088088 0.69335854]
60,62500.8229624736,87072.49522615851,135927.87808951765,5310.641647160979,10668.887355604604,6959.904442041516,4599.3621990426,1344859.6573199285,1341573.6826304437,100558.42957648997,[-0.88445894 -0.08209629  0.45933929],[ 0.2953965  -0.86053951  0.41498514],[-0.36121086 -0.50272454 -0.78536282]
2,122795.91247747629,147773.85821715143,44997.62397393676,401.25218981190847,54.082503126744996,235.39965767279864,236.51053041538398,279073.3050583463,279072.71953581925,571.670421405759,[-0.46659214  0.58872022 -0.66007596],[-0.62854164  0.30435421  0.71575409],[0.6222758  0.74885047 0.22802589]
10,150877.25490297403,105012.67178590049,66793.77205088075,4656.316406982632,2385.6258324876203,1987.494332665798,4079.4844485734316,618727.8015400867,618639.9456421776,12136.026642141827,[ 0.28342276 -0.77037493  0.57113397],[-0.56954951  0.34392745  0.74654354],[-0.77154708 -0.53687651 -0.3412898 ]
77,180482.26521178844,4238.893863770395,33756.675791060836,7907.117149482692,2615.4878888128987,6044.693838573883,7818.1750590752945,1614008.7771977023,1613236.0621186036,58126.20002518799,[-0.01285794 -0.9813709   0.191692  ],[-0.18468935  0.19074021  0.96410996],[-0.98271284 -0.023007   -0.18370128]
5,153478.02643286771,58860.47182642009,64988.700051339656,3353.166075909809,2183.410070751778,3089.5997027160643,1490.2268953880716,395379.9852229134,395283.8436241677,10808.575204844103,[ 0.08233954 -0.82769147  0.55510993],[-0.48901015  0.45178421  0.74616358],[-0.86838313 -0.33289316 -0.36754983]
39,105042.29408532145,81247.3524108671,5277.16775363234,7283.54798225206,9225.513993475175,2876.18043450781,3290.8787473756406,833249.1637175154,830354.5753789834,73022.39085683406,[-0.09792802  0.06187863  0.99326791],[-0.60477571  0.78893243 -0.10877483],[-0.7903521  -0.61135641 -0.0398359 ]
25,24037.70842921163,190012.71403390565,201886.81799188707,4108.392417477283,4132.174033923167,2325.2928332729107,3315.3890782818676,1391691.4331978965,1391583.4652203717,26551.100719089267,[ 0.57812106 -0.62738617  0.52169208],[-0.81135916 -0.37428153  0.44900963],[-0.08644272 -0.68286157 -0.72541555]
36,53425.488453013786,128469.32165378255,158537.59379636092,3712.3566296822646,6422.881149582374,6572.197227445985,9054.595141687456,1266932.9685375257,1266829.8404973655,24049.551379661705,[ 0.19448085 -0.79301695  0.57732254],[-9.47667362e-01  1.57608227e-05  3.19259410e-01],[-0.25318722 -0.60919957 -0.75151321]
5,159945.21358203096,143631.55031984588,173375.6409470024,2522.548641169078,1907.4553280972461,2019.9031073536714,1505.022810764509,617591.4837928592,617558.5354892071,7687.362358256008,[ 0.65500836  0.16159797 -0.73813965],[ 0.48530296 -0.83872407  0.2470283 ],[0.57917622 0.52002696 0.62779525]
52,194732.28194096105,198490.0057028313,71693.38440749186,3800.952415907167,4642.706223833221,6460.436003624265,3608.730631370997,2071463.5031369498,2071103.5619075596,58120.08931364111,[-0.59878595  0.71657174 -0.35774339],[-0.42621579  0.09307226  0.8998209 ],[-0.67808221 -0.69127599 -0.24968383]
25,126064.03022292434,91102.70940264761,195734.9488000695,4873.363413892813,3613.1134919146425,2754.195246353853,2531.4217770440055,1250418.3132415244,1250168.6094941874,30865.194598147977,[-0.44942918 -0.66344881  0.59820489],[-0.73735791  0.6535405   0.17084534],[-0.50429826 -0.36430822 -0.7829194 ]
61,157823.7474391052,115265.82733860088,19292.5557000751,4657.24964699561,4845.194583462076,8813.91396001742,3874.352071561619,1535876.5303308628,1534488.4356565007,80992.03325177629,[-0.57970982  0.7352051   0.35129757],[ 0.13411225 -0.33916213  0.93111919],[-0.80371041 -0.58689225 -0.09801561]
45,77027.80564455199,60875.04519443643,198260.5567405421,5507.723370495441,3264.648762194982,2841.251638066187,3468.253602068901,1484745.8347973265,1484399.8240326862,40866.702679629,[ 0.36807057 -0.91930937  0.13926354],[-0.86208383 -0.28130381  0.42152063],[-0.3483325  -0.27520618 -0.8960614 ]
32,28534.213476133133,179789.58899880823,104690.91407549885,3971.1788061847196,5705.882262438037,3090.800024288061,4621.694780435742,1188605.9100647445,1188305.718112828,34142.427797915094,[-0.78030798  0.40238732 -0.47875245],[-0.61045339 -0.32372752  0.72287423],[-0.13589008 -0.85632058 -0.49824587]
63,173121.55563600914,4193.068193655389,115215.21237147349,5442.417547247859,2066.389712786429,5955.417345568799,5729.572352621366,1652187.7837904464,1651627.7717002113,47993.725174810854,[-0.05940398 -0.99032715  0.1253926 ],[-0.55116424  0.13727074  0.82302778],[-0.83227949 -0.02022079 -0.55398733]
40,85456.20419224785,184473.85917019326,5226.267777014785,4154.193095323029,8864.974740828651,2826.979018820465,7433.761801558839,1287773.7498150852,1287202.7487384034,43695.76305665706,[ 0.19905262 -0.11981275  0.97263712],[-0.88568788  0.402806    0.23087726],[-0.41944611 -0.90740963 -0.02593711]
34,35983.69575334536,145765.67342491506,6575.484381396881,2777.5486919668924,5798.971613306863,2402.5811559202075,5618.99667672197,877114.0004331793,877022.7692264303,23090.74730717075,[ 0.17504833 -0.08741673  0.9806714 ],[-0.95508416  0.22682114  0.19069981],[-0.23910736 -0.97000541 -0.04378568]
50,200342.65874646243,22709.189814355002,83737.8286254476,3067.811418897567,9233.264366352912,5463.239208237942,3229.796804365108,1545578.8508334795,1544151.9988520525,75650.50027115943,[-0.30383943 -0.43863549  0.84574258],[ 0.25643161 -0.89260281 -0.37081405],[-0.9175644  -0.1042072  -0.38368793]
4,179534.17745282885,193076.30797819866,99929.98841972178,830.6585464566557,1265.2362264104145,3077.845620588886,1139.9977598578446,563945.7511147453,563908.9074266924,6474.474355718874,[-0.76736289  0.60777795  0.20435302],[-0.07548014 -0.40210147  0.91247858],[-0.63675501 -0.68477761 -0.35443291]
3,110064.99921150859,168020.1828840086,82884.75874458962,1078.2665701544497,1117.885451211516,1776.8551613870482,821.5860331653263,376378.8157566267,376360.9288485765,3830.192065275789,[ 0.7719415  -0.60377962  0.19888813],[-0.38408979 -0.19369415  0.90275003],[0.5065386  0.77326111 0.38142614]
33,154617.09083108298,61868.79555607871,9349.17272809173,2454.7163341301098,5923.402338440913,5761.501092481717,3775.3556035868696,959232.3915708449,958652.4687902671,44592.802428675335,[-0.32209069  0.70940058  0.62690382],[ 0.19316013 -0.59901882  0.77708791],[-0.9267938  -0.3713856  -0.05591047]
24,192635.9374515769,46552.88287848156,189546.25214376082,5177.6058090244715,4760.140283583712,4295.139505331929,5891.144424076515,1344001.0444331698,1343838.5121491062,28104.99124325685,[-0.44905897 -0.64757017  0.61562887],[-0.5521779   0.74281636  0.37858081],[-0.70245683 -0.16993155 -0.69114229]
51,118445.1637964837,76520.55300165009,108079.58435835085,4327.35889370076,7056.730283614053,6098.306077190183,3300.392799198511,1270603.6385595219,1269334.3540211772,69684.5507955416,[-0.7286433   0.204687    0.65359175],[ 0.15658882 -0.87923297  0.44992147],[-0.66675249 -0.43017742 -0.60859551]
14,6737.827833770384,131604.81884594305,178635.32627670682,3868.8094170124136,3732.0315155709886,1699.3335975649386,3152.2196640628135,830790.0049131403,830720.4713725422,17435.152524308425,[ 0.04549994 -0.80501075  0.59151285],[-0.99850304 -0.01865618  0.0514163 ],[-0.03035531 -0.59296681 -0.80465453]
15,32729.24737967483,172918.71451401382,123286.20583512126,3728.250264491119,2223.519778820372,2246.8449691415085,2007.6531923949726,832388.8591950097,832283.2614604543,17243.73018379049,[-0.00865142 -0.57942979  0.81497624],[-0.98831133  0.12900608  0.08122895],[-0.15220336 -0.80474751 -0.57377312]
2,53182.35304750331,49475.698128054486,121774.361209344,85.67222774359834,613.3916032088273,304.8197582167995,15.621219221269712,200527.69850046115,200525.32345270255,975.9713524847741,[ 0.9174588  -0.27228169 -0.29005523],[-0.13263206 -0.89672248  0.42225292],[0.37507079 0.34892903 0.85881921]
2,98893.65712167104,72805.1661091269,185533.11119256885,492.4721466064002,459.34440888711833,349.52969702238624,660.6689664776641,314654.2822749456,314653.83984883624,527.6574116480394,[ 0.72006547 -0.68425964 -0.11530163],[-0.53286097 -0.65169825  0.53976715],[0.44448275 0.32722794 0.83388066]
10,184665.43110186938,133110.58685961994,125411.72963869563,2842.4021962552742,1580.6617987547259,1742.5543899073084,1735.66380917018,821951.0419491705,821899.9699378427,10307.424151971434,[ 0.13333087 -0.7713026   0.62234651],[ 0.69090249 -0.37787241 -0.61633286],[0.71054671 0.51215695 0.48251283]
19,18027.202042814457,119980.63175612183,60088.69992602858,7128.917064339235,3192.886494344216,3340.360050335735,4078.188060103386,591230.2803698543,590516.3956925768,32513.69790835426,[ 0.27945699 -0.46345535  0.84090007],[-0.9507416  -0.01121126  0.30978171],[-0.13414245 -0.88604935 -0.44375934]
47,99685.9424491997,47335.997300522475,15221.941036206978,5536.635618834325,3218.6787398091465,7934.1712087015,5098.2865185188475,766574.1860296841,764888.7288623957,59941.350979508774,[-0.43166986  0.90164591  0.02637788],[-0.11147571 -0.08234279  0.99034985],[-0.89511692 -0.42456369 -0.13605652]
2,42924.9104240922,122030.73652531268,25000.76598470947,571.8729925214029,478.41711948443844,444.2750062903742,172.49060203121917,186332.1775410239,186328.29440070016,1202.951747018617,[ 0.5904777  -0.04259051 -0.80592936],[-0.73837458  0.37460609 -0.56077915],[0.32578992 0.92620534 0.1897488 ]
11,64263.10252601287,60972.920622339334,20300.903002835803,1552.0015794318858,2132.680350543401,2954.6235064160264,2152.3949688626776,301667.13901427994,301547.1883997134,11040.020187367765,[-0.70625397  0.65354239  0.27219052],[ 0.03653157 -0.35031775  0.93591822],[-0.7070154  -0.67093951 -0.22353837]
24,24501.64021350093,193040.25880597436,47895.17333702892,3560.379295857334,3078.7208388792005,3568.8289723346697,2524.05548076618,982072.5606315273,981908.6619252622,26210.451539038633,[-0.72041645 -0.07954612  0.68896484],[ 0.68270063 -0.25629587  0.684275  ],[-0.12214743 -0.9633197  -0.23894595]
120,52068.26676513572,169944.93985111068,86827.58455504823,3873.5121120118815,7929.802272689615,4870.03172631677,6201.3684230298295,2169224.5206243703,2168610.5788386883,86705.33418004028,[-0.8926519   0.04400969  0.44859306],[ 0.36624192 -0.50932802  0.77875016],[-0.26275357 -0.8594464  -0.43853443]
10,160360.66112961882,140635.30965932325,100506.32313095419,1764.4224434049088,1879.0664461278236,2639.695853659433,1575.668955064354,745699.2611001761,745654.6488827006,10538.359822052837,[ 0.67288462 -0.73866481 -0.04000725],[-0.29098865 -0.31402236  0.90372317],[0.68011168 0.59645977 0.42624389]
3,67790.00979104447,25298.965646537705,136297.26048587126,1505.3724455481972,709.2816712508793,894.2619917277518,1420.3365646967782,267296.20919038396,267290.6182615283,2161.7969982665973,[ 0.24318135  0.9247857  -0.29263329],[-0.86477641  0.34335215  0.36643017],[0.43934565 0.16395338 0.88322969]
24,64537.470909164396,175701.44849808584,102186.32238603623,3005.2365673636787,4277.8056226445615,2656.530805941435,4289.290815055059,1045106.3213805254,1044973.716953258,19583.59698134794,[-0.45638637 -0.31613534  0.83172708],[-0.83677216  0.47031147 -0.28039166],[-0.30252907 -0.82393299 -0.47917699]
18,160077.74087996155,179203.97128902876,85784.99610253752,2738.8860152760426,3079.1661755095265,2911.4999931353063,3744.8771901337277,1082649.8365458217,1082639.2388206702,14373.155863400398,[ 0.5699569  -0.11993447 -0.81287444],[ 0.53059972 -0.70164573  0.47555989],[0.62738591 0.70235959 0.33627063]
8,8729.348516082126,82284.47245864908,37735.16356512769,1969.9850825080446,1891.439676339868,3877.6918333983654,996.5919484091746,257549.01863511297,257276.77103801438,13082.056169360143,[-0.94497519 -0.04802562  0.32359763],[ 0.31269751 -0.42328328  0.85032437],[-0.09613611 -0.90472361 -0.41500969]
7,65431.16234496318,188602.41968079234,2888.9285195052653,2461.6933004619723,2107.8101646048804,1374.31935047121,2548.2969260445448,528297.5151460299,528280.5014011877,6427.112353562394,[-0.30969854  0.12185859 -0.94299379],[-0.89254428  0.30464701  0.33249797],[0.32779798 0.94463786 0.01441546]
23,144733.55722145108,50208.4355765465,80361.82440282291,3971.8618196614307,3159.537745751283,2620.3094210565796,3805.0321242115183,830054.92756176,829894.6788430017,20325.64676711526,[-0.50087501  0.06223137  0.86327949],[ 0.22140693 -0.95501303  0.19730454],[-0.8367217  -0.28996097 -0.4645637 ]
3,65590.44531709097,175126.5471924075,149908.76504231128,1532.6433724876008,588.3717584232113,1078.7276681173073,862.9530220721881,415141.9346626553,415132.870934292,3055.78901927882,[ 0.60378174  0.37568874 -0.70306869],[-0.74869548  0.57006734 -0.33834643],[0.27368356 0.73067175 0.62547271]
8,90204.64823356413,130226.69092020117,170305.7396952596,1947.957529549266,1585.755144900979,1959.167588460248,1288.2136913968984,657921.5977530454,657899.8864609379,8240.361613591751,[ 0.6232355   0.42600486 -0.65581809],[-0.67909969  0.71068429 -0.18371569],[0.38781584 0.559864   0.73222344]
5,115150.74192237416,192824.8042016463,166193.47086889538,957.7526061657078,428.0786650944285,908.6184381605257,465.3700881934519,624752.0019647137,624747.4136139716,2923.8525350713826,[-0.22840609  0.71027768 -0.66583502],[-0.88202686  0.13855261  0.45036851],[0.41213988 0.69015128 0.59483773]
40,120534.18671054466,41423.66106343054,194851.21347635685,3411.855349872639,3886.4216271657187,2609.429612647233,2142.1253579542918,1472846.997728114,1472807.3398340761,34014.90338310275,[ 0.85554008 -0.10059331 -0.50787022],[ 0.00616142 -0.97889559  0.20426811],[0.51769992 0.17788876 0.83686461]
4,141316.92724788844,90356.95548737264,172025.01608285637,1542.6606911667454,1230.9817530332828,942.3145575752758,1692.436614858296,480549.91513578926,480543.4769762103,2772.4208538233006,[ 0.40621     0.62814219 -0.66364963],[-0.6993143   0.68117812  0.21669304],[0.58817765 0.37607679 0.71597018]
92,177544.0436550441,71973.5799751714,156424.50765619148,7208.195141561548,5658.094767245902,6691.152963639553,9286.902184780394,2374423.2719321162,2374300.5833769934,62533.03956897725,[ 0.6685462  -0.03463864 -0.74286347],[ 0.19431963 -0.95607387  0.2194599 ],[0.71783414 0.29107203 0.63244858]
75,144625.1563549278,197480.44817551615,165192.1899675024,8340.260011426155,4569.163884951025,6191.861946726165,4928.516912363643,2558991.223100805,2558034.838916541,88609.0783703539,[-0.59746275 -0.20984977  0.77395177],[-0.63476158  0.71354039 -0.29654317],[-0.49001633 -0.66844835 -0.55951837]
32,162330.31183297862,82939.94179830808,156725.8430037662,5097.51322735478,3929.4587550625997,2602.486386576425,5033.267361106696,1360395.5579087543,1360308.7280535044,27030.158799795634,[ 0.62375564 -0.73879298 -0.25517413],[-0.3934667  -0.57888     0.71420018],[0.67536128 0.34508387 0.6517701 ]
30,36325.189077875664,127641.67714080101,124666.46128028205,3001.4856109220186,3498.6514957308395,2726.5045290973203,3509.4176092587572,997649.352162019,997569.3307479661,22154.439030074867,[ 0.04737819 -0.70474601  0.70787596],[-0.9787808   0.10868331  0.17371263],[-0.19935758 -0.70108559 -0.68464265]
23,49391.6149190988,118320.991185813,66851.32152155488,2555.191237219051,5958.64432187535,1607.5395177037738,5639.559836597749,694162.0706482856,694038.5603155126,17099.43574996626,[-0.9090388   0.16299074  0.38351335],[ 0.23868183 -0.55075438  0.79981285],[-0.34158374 -0.81859858 -0.46175417]
29,65369.61166251154,197612.77640714197,93224.72469346154,4027.1852591049237,3259.3450807385516,5115.839845731486,3508.077019423648,1228760.9073762356,1228373.7551174702,34355.86315073445,[-0.70977501  0.47860588 -0.51687121],[-0.64350968 -0.14205197  0.7521413 ],[-0.28655667 -0.86646272 -0.40881245]
