N,MEAN_X,MEAN_Y,MEAN_Z,SIGMA_X,SIGMA_Y,SIGMA_Z,SIGMA_R,LAMBDA_1,LAMBDA_2,LAMBDA_3,EIGEN_1,EIGEN_2,EIGEN_3
1756,23343.83365054133,41346.31262549196,35671.300977932595,13641.973282692208,18095.127748256757,25451.599430292696,18125.35515430391,2816914.027877827,2634973.227495964,1259730.9214315128,[-0.89374817  0.4439044   0.06452197],[-0.23313682 -0.58256746  0.77862853],[-0.38322503 -0.68085537 -0.62415906]
342,159818.59242535365,78193.58476950321,121553.85951539665,20418.582170675912,9098.968131006603,7230.208161555946,15277.006264117806,4006236.0767766903,3997042.904280642,332363.7953301175,[-0.27811555 -0.59883052  0.75103512],[ 0.60706765 -0.71551227 -0.34570371],[0.74439277 0.35978355 0.56252573]
461,176079.3006866891,122101.94803696271,80464.43041645663,10740.609116510775,12471.941434268261,10909.372357240121,10040.877183871502,4929461.135954562,4922106.945029653,365930.4229249047,[-0.50947484  0.17940402  0.84157566],[ 0.38535807 -0.82689593  0.40956352],[-0.76937283 -0.53297028 -0.35214788]
99,12136.700530386626,101216.94003843989,170136.19717460225,6373.527416428568,9407.121438037368,5780.596414130615,7444.285125909164,1976857.128540776,1975488.916574268,103355.73315013829,[-0.81596564 -0.46956161  0.33721207],[ 0.57494507 -0.72001149  0.388615  ],[-0.06031788 -0.5109749  -0.85747677]
117,175099.4565528534,111164.00074663278,117957.54727912716,7229.663447941053,7987.526580566196,4905.320429354911,8501.325462227878,2583499.0587517815,2583091.187225094,88728.56703717627,[-0.5948062   0.08960992  0.79885897],[ 0.32812966 -0.88014334  0.34304318],[-0.73385047 -0.46617353 -0.49411104]
295,195570.55655646572,135621.18072165578,43943.21876203659,6588.589049433044,11008.974595148145,15595.346465612722,11008.16526527919,4169638.465254296,4162458.6481474866,293463.2298413716,[ 0.48699051 -0.80835578  0.3307585 ],[-0.33321471  0.17810132  0.92587682],[0.8073464  0.56110682 0.18262239]
1751,88123.00857036642,169272.3130947112,109970.90371447473,37402.91375104823,19281.168416890072,22841.323606170303,19527.363684455046,9409809.773302736,9273593.760084705,1836985.481709113,[ 0.3980506  -0.63508658  0.66198244],[-0.82357669  0.07045716  0.5628119 ],[-0.40407568 -0.76922092 -0.49499699]
957,105514.20328748088,88700.07137630075,163719.85819528913,23797.977486282616,22194.26257395053,11611.574420935309,24767.348424023105,6693511.427470111,6679643.4879235085,731547.0687498836,[ 0.63938549 -0.76886578  0.00562183],[-0.58621653 -0.48273787  0.65062611],[0.49753028 0.4192965  0.75937742]
189,150590.23688304538,121707.01369947795,17194.136380847158,11052.721847316368,13241.08845475018,11774.780413396375,7673.633071541368,2685775.6516169836,2676317.1759621967,267902.8753479062,[-0.4155926   0.39968995  0.81702554],[ 0.47643186 -0.66951936  0.56987412],[0.77478737 0.62609247 0.08782226]
348,181173.46799393868,180352.98190828704,55335.53132158877,12499.000240608451,10117.844521308685,13072.638719512222,6966.865962522281,4890001.500689482,4885766.644390775,362730.5894868268,[ 0.34545077 -0.57471889  0.74186385],[-0.63295599  0.44095084  0.63634037],[-0.69284232 -0.68939144 -0.21144496]
128,112353.33468264161,71006.11550030287,96375.12745156712,7571.302790612434,8143.194447947769,12025.816167887588,13422.223612792219,1865688.9375926873,1864649.212756237,104918.81735532884,[-0.5693831   0.82003303  0.05786807],[-0.45746981 -0.37455294  0.80649332],[-0.68302581 -0.43273077 -0.58840447]
212,188227.17009404505,183194.78368845518,112746.92249423845,11730.452832794987,6590.670289857047,10427.859039549769,6869.519926407156,4168470.202730947,4163796.9677423234,225884.706695815,[ 0.31045203 -0.70886704  0.63334592],[-0.68542348  0.29471472  0.66583623],[-0.65864572 -0.64082038 -0.39437933]
46,162933.02931066536,143655.62207107953,122234.61517574632,4157.137479660709,7106.66497887267,6447.197235630345,3684.84378648672,1691804.9337602886,1690847.3047187347,66556.18082664085,[-0.75292454  0.43067674  0.49761651],[ 0.07567156 -0.69446256  0.71553865],[-0.65374189 -0.57640203 -0.49028792]
33,77740.58765007791,121863.54298641741,104482.61572946065,4632.268313807445,4900.569326922144,4695.045149593892,6114.861901146675,1025553.9379455666,1025288.7227417857,31626.756769105104,[-0.61540254 -0.24875058  0.74793239],[-0.65669018  0.68660829 -0.31197285],[-0.43593316 -0.68314874 -0.58589255]
671,17530.90094101541,108240.34131530083,88649.95538272364,10706.426299262585,13435.24317722166,18119.667473743662,16512.76761650241,3701341.686918575,3686221.048961121,479921.5791626998,[-0.91631975  0.3326414  -0.22295247],[-0.38071391 -0.55103338  0.74257601],[-0.12415727 -0.76531818 -0.63156398]
593,88515.35388565059,37323.1336008169,75706.3549205306,13570.127110841648,12384.676553609062,13499.285181680396,8333.344816195062,3022770.1010120898,2993137.5082271197,512166.7420968751,[ 0.52072832 -0.82988739 -0.20032209],[-0.4492302  -0.46589115  0.76232385],[0.72597124 0.30697288 0.6154132 ]
9,172573.05748872133,56443.35465159381,197992.17054969294,2557.652043856833,3183.2051426628163,4505.331657501697,4312.441583802969,806123.8076782244,806034.9334082284,12861.29305175903,[-0.3137885  -0.80525292  0.50309493],[-0.6992875   0.5544168   0.45124162],[-0.64228791 -0.21021356 -0.73707292]
256,63641.279941524954,121849.86889024687,14054.136043394708,13609.660245343232,10781.707729106865,11176.671207811902,15714.064764295254,2232819.229888114,2227977.091805386,213654.82967634805,[-0.80050437  0.36735946  0.47353962],[ 0.37783006 -0.3039994   0.87454492],[-0.46522811 -0.87899453 -0.1045534 ]
1042,174804.53750376933,86409.31220542852,57198.02154478778,15427.338840354634,12655.672912730528,22182.019011434262,16715.465071592935,6618661.930129116,6592000.396123724,807729.4129813301,[ 0.43342504 -0.90049856  0.0352857 ],[-0.26953451 -0.09217028  0.95856966],[0.8599383  0.42497881 0.28266435]
62,94765.81737635836,7512.455476283713,7054.852653661527,7023.498843724368,6371.913427777604,5454.724106854646,7225.617769239618,754407.4980342236,753811.8392599261,65093.767005735586,[-0.08435333  0.11189347  0.99013351],[ 0.06906486 -0.99062876  0.11783334],[-0.99403952 -0.07832306 -0.07583493]
31,126802.20788271572,132535.34319620987,8581.232950001811,5514.594683954269,3575.8884752344634,5905.121563808062,5907.59013249231,1023430.1917079355,1023036.0434112538,36708.509693392785,[-0.70325205  0.65506917  0.27626245],[ 0.16828884 -0.22415706  0.95991275],[-0.69073542 -0.72155249 -0.04739808]
192,113484.88959993125,27296.016588827304,30333.539433096612,10157.482199645481,16087.935638340336,8409.615503041021,7747.232465770984,1693640.4988314416,1677001.62901474,265166.502138571,[-0.29651824  0.193384    0.93524305],[ 0.15591688 -0.95634295  0.24718027],[-0.94221381 -0.21911364 -0.2534213 ]
114,21899.538608539664,64899.25276890423,63220.189359816264,7665.948227750016,9483.628897117613,7859.124951556239,5867.227663444174,1005712.3427043223,998898.0624554337,140229.14571349023,[ 0.83906205  0.20613795 -0.50346998],[ 0.4903395  -0.68743993  0.53571776],[0.23567361 0.69637166 0.67788234]
119,161094.2379520445,34211.96989490741,59672.43208911153,6598.29529362066,6255.371219619601,9157.892452824184,6597.839361031323,1914985.2159671523,1913166.5222154616,121334.89902410576,[ 0.10362476 -0.95730922  0.2698536 ],[-0.37902638  0.21283375  0.90057804],[-0.91956561 -0.19560381 -0.3407906 ]
563,145081.68979439564,14147.53226456416,175576.93791940762,17296.19991089797,7993.732313942637,13275.79108740631,13959.953342695799,5439233.894472169,5428365.991281487,438788.1932287526,[ 0.01423032 -0.9975785   0.06807817],[-0.77106897  0.03239863  0.63592686],[-0.6365926  -0.0615424  -0.76874078]
852,16731.970652462813,145426.96981891335,27604.086998092596,11951.932550074158,12077.08362986569,10123.852167894844,12452.863116325922,4379378.322627462,4370297.79741517,448907.3500100167,[-0.47203686 -0.1127868   0.87433423],[ 0.87442343 -0.18600646  0.44809068],[0.1120931  0.97605365 0.18642532]
184,85530.15551002328,32044.774079239178,186447.36884206484,6283.69316194301,12940.282275848409,7303.9456622812095,8296.48339796196,2824027.975777033,2819314.5521208453,186326.55806310478,[-0.86476708 -0.24407956  0.43886566],[ 0.28728675 -0.95725154  0.03370186],[-0.41187889 -0.15522455 -0.89792044]
771,104556.39929158715,127456.0652418127,53660.73732570705,23164.048947076877,10635.8618912283,12598.028662551627,12825.407255567656,4871733.726826682,4832852.704738459,709596.6413180762,[ 0.17112974 -0.49931999  0.84934926],[-0.77626117  0.46254961  0.42832985],[-0.60673983 -0.73261682 -0.30844672]
461,162308.33153727584,193738.85479346366,12985.15636559138,13515.679376843062,8061.018638453746,9118.315705454377,10944.696968192631,5445037.412346963,5441573.483706407,312249.62208828586,[-0.35281996  0.2347278   0.90577091],[-0.68066146  0.5998425  -0.42058169],[-0.6420421  -0.76491296 -0.05186624]
135,34261.09100561156,14206.315753188512,64453.41105111752,8975.523511355921,5976.772376337854,8311.353080046954,8504.369327110671,876305.271068334,872158.9855232736,120597.50680406779,[ 0.01650811 -0.97750601  0.21026052],[-0.88733626  0.08259756  0.45366509],[-0.46082736 -0.19406093 -0.86601299]
22,22572.596000492584,158914.3723534424,172693.7291151166,3117.5560855910353,2504.2997683447275,3375.9239461589,3485.0925008577256,1106062.7484326586,1106027.9995620865,18302.02635047751,[-0.24922299  0.72868336 -0.63789377],[-0.96369689 -0.12144988  0.23777771],[0.09579254 0.67399591 0.73249799]
81,176713.87225020493,127617.71254357621,177720.29128164847,9410.207265198516,5445.591914060638,5167.043072991137,8476.462170678977,2533055.3854233767,2532817.194723856,76884.47670779924,[ 0.27342861 -0.88931004  0.36655758],[-0.7280128   0.05773712  0.68312794],[-0.62867651 -0.45364533 -0.63164211]
273,189766.64622757168,57248.39833307883,154959.72995358112,11983.324738952386,12551.690044344581,11706.144324578327,12193.551686382227,4169510.8804390305,4163926.1917366185,280429.2804168751,[-0.46355559 -0.48106359  0.7441062 ],[-0.46507088  0.84690563  0.25779822],[-0.75420507 -0.22655832 -0.61631651]
409,144087.44441133368,20415.735312344266,13137.333793566744,13608.276144343195,13635.058256337552,9752.763067360778,13129.396126227395,2980972.3098014537,2973041.2762359898,347810.1474883828,[-0.07609429 -0.10879722  0.99114723],[ 0.14538768 -0.9846163  -0.09691834],[0.98644416 0.13672567 0.09074145]
821,132639.295035219,116231.98131038189,126330.41569285851,19123.898298662116,14300.736873891694,15593.379286878426,19681.60788196545,6263032.943048684,6247597.575343564,595009.3309631725,[ 0.68260139  0.01300566 -0.73067516],[ 0.39698989 -0.8460481   0.35581124],[0.61355878 0.5329479  0.58267672]
199,111458.75780074566,53075.39449965218,143347.1270106542,6991.787240789359,6354.641873062618,7268.019823719082,8188.611888046861,2672695.9297605185,2672484.276343884,121982.9975038784,[-0.78776278  0.40782671  0.46163533],[-0.17952013 -0.86890378  0.46127947],[-0.58923877 -0.28050596 -0.75770316]
51,76253.42628891466,60710.65110537669,199069.188747084,6721.860775449231,3264.575325102668,3841.8654075219497,4791.836505556243,1583967.576872353,1583338.1296780864,49367.92873269493,[ 0.33204398 -0.93018709  0.15652082],[-0.87819142 -0.24428787  0.41122167],[-0.34427695 -0.27399893 -0.89799664]
426,168325.3607789326,185365.16410939745,195610.83015440314,11836.804689853185,10015.312108899943,6478.660409066165,8706.193546078022,6565833.508391108,6561903.665928591,295700.5151173597,[-0.24002323 -0.5929064   0.76866823],[-0.81342564  0.55500315  0.17409836],[-0.52983732 -0.5834668  -0.61549891]
332,110482.12098546214,99062.70897897541,55600.76172136458,7925.4263836501195,12260.139836593202,16108.129066407579,14764.778418590891,2912856.1391909323,2901675.9352336386,288378.3250788353,[ 0.41166571 -0.75001139  0.51770094],[ 0.59117209 -0.21256022 -0.77803195],[0.69357545 0.62633942 0.35588205]
4,78187.79110529793,18396.1242420556,43071.941020820566,1124.8458062394695,875.4021958141409,1258.3316881057106,1031.0541414472502,182321.06553464854,182299.817838881,3201.0733988342286,[-0.03234763 -0.89657024  0.44171872],[-0.51286975  0.3942181   0.76259865],[-0.85785678 -0.20187591 -0.47257578]
63,13423.443008999626,120859.53074637003,150376.416819385,5346.929749781732,7708.5983109436365,3122.330603116119,5327.501599883053,1536739.0412991708,1535853.424695861,65884.54002704241,[-0.75253085 -0.47889525  0.45205825],[ 0.65494745 -0.61600373  0.43770222],[-0.06885606 -0.62545882 -0.77721304]
366,190950.07543922937,47620.18966205355,16250.143407190179,9314.427657530845,12416.646493180977,7104.748930667668,9516.15501510459,3789466.535840886,3784618.1239680755,270730.413363918,[-0.12229898  0.15758501  0.97990302],[-0.22392634  0.95747582 -0.18192596],[-0.96690225 -0.24167546 -0.08181088]
41,71370.40450629134,140734.70756541684,198866.66050292022,3344.762572881305,4811.5981408768785,2700.1652969035345,3477.0074528483083,1625935.8134381357,1625811.8567985874,34833.32293566094,[-0.74757713 -0.3853053   0.54098823],[ 0.60177208 -0.737635    0.30621067],[-0.28106726 -0.55446771 -0.78330502]
85,29041.23326674423,187048.44616363326,196179.71975482322,6709.95732469085,3996.2800512100966,5340.427561948965,5331.688046040367,2514627.028078885,2514072.0912764426,72105.97159352538,[ 0.05034161 -0.7265931   0.68522127],[-0.9930457   0.03669317  0.11186535],[-0.10642353 -0.68608751 -0.71969296]
18,175636.0479791552,26470.277504576177,83269.66989820266,2190.0137865212,2544.5506400376853,3011.3269197130285,2307.739452007016,832447.2160625393,832384.7688457164,16452.592750976735,[-0.06428574 -0.9038168   0.42306328],[-0.44078931  0.40606001  0.80051237],[-0.89530561 -0.13502025 -0.42449665]
97,142437.14576580736,54224.919615817955,182142.21291324688,5361.157404634266,9973.632608886493,9051.733940575949,7357.802318195529,2342629.826940643,2340954.0936803147,123511.92218503478,[-0.46583979 -0.67961694  0.56666931],[-0.65128237  0.6968607   0.30036052],[-0.59901966 -0.22914185 -0.76724797]
109,44404.73168789525,164059.83259629106,11098.446573222102,6085.235960141122,8944.68023100391,7491.411325319294,8936.747266913775,1783033.655151501,1781162.7543320383,101519.49309841683,[-0.78120641  0.1705657   0.60051968],[ 0.56733702 -0.20738696  0.79694376],[-0.26047122 -0.96327462 -0.06524379]
4,185947.78626955068,97672.7854469918,173181.6054846819,1056.9767559130037,1081.5292575310766,1509.8355741203966,993.5300461797144,544473.9188813288,544460.9575243121,3783.5394493966687,[-0.09550931 -0.81966219  0.56482905],[ 0.72410412 -0.44656429 -0.52559828],[0.68304553 0.35879552 0.63617182]
339,49913.106785863856,72494.13029442218,113136.16853918636,11713.234201182886,7262.523736280298,9911.232754650993,7018.194908869844,2651894.7821927434,2647949.456508535,285893.5796229841,[ 0.12373839 -0.86020984  0.49469975],[-0.92922846  0.07447255  0.36192308],[-0.34817135 -0.50447287 -0.79011635]
479,94416.1560144007,181043.69532154678,27621.984545446656,11907.326307532188,12008.34063257603,13750.852524577433,13305.825628261231,4530697.590966285,4522688.213534646,379889.3181934912,[-0.81796873  0.47593044 -0.32313677],[-0.34683588  0.04013161  0.93706687],[-0.45894665 -0.87856683 -0.13224335]
2,36556.13152668487,45558.70795010659,183601.60164986906,579.3301647917033,899.4628567880936,1138.9767837916443,1188.1237500436255,272484.6295689398,272480.8487475026,1435.4153276876232,[ 0.57911428  0.75680776 -0.30309845],[-0.79286635  0.60935956  0.00662431],[0.18970926 0.23648033 0.95293622]
10,134381.09288976158,50699.34215870504,122783.10410541114,1472.1568671218643,3866.701209947202,3064.839019400566,3596.460541753429,597737.200967311,597657.5378252029,11566.538513908596,[-0.62506431 -0.18190286  0.75908232],[ 0.32202849 -0.94594719  0.03849123],[-0.71105012 -0.26850562 -0.64985572]
11,60618.34838502025,197134.55568158973,95089.17603673614,2914.710450279127,2277.081942845928,1992.27229809917,1772.3018099283424,753333.1365904046,753290.1666635928,12645.740388300004,[ 0.53651955 -0.49471093  0.68367234],[-0.80055913 -0.04211651  0.59777193],[-0.26693041 -0.86803646 -0.41864168]
82,43785.77217617239,166215.67378911132,175775.89805049112,6105.426399697551,5930.273454470717,8154.516097369222,6232.919319603969,2228541.5232526683,2227250.0493834284,90751.55350285313,[-0.76431334  0.55262332 -0.33231398],[-0.61983664 -0.48747827  0.61495323],[-0.17784165 -0.67599734 -0.71512233]
3,1041.6978938895204,60408.089050458664,193356.24070226648,693.8277017215224,1233.7112718107364,740.0237629403426,377.54190772863603,350880.02582998044,350873.82760045736,2687.0218318397274,[-0.99945057  0.03278693 -0.00485482],[-0.03274254 -0.95394319  0.2981951 ],[-0.00514568 -0.29819023 -0.95449259]
5,4255.795784966789,42137.42809097763,194738.8499336396,716.466330961522,1620.9336998695774,2137.605060579274,2240.6275886975654,445668.73549881985,445659.13092409115,3655.3318682834943,[ 0.99166039 -0.12873011  0.00618346],[-0.12709668 -0.96887286  0.21244252],[0.02135676 0.21145673 0.977154  ]
221,183877.59466532414,148804.70398730657,20347.573139204047,9191.700097418447,12560.338614435577,9823.504443820482,13715.181371595023,3539120.736888837,3536239.0797242066,184249.2531320408,[-0.57696592  0.6432425   0.50333828],[ 0.26092386 -0.43880622  0.85986502],[-0.77396969 -0.62744577 -0.08533892]
73,129860.08249408961,199401.65632051017,125070.78230763556,9990.23026483861,3571.1627444397777,4658.616207021076,4969.078545297768,2298755.8295925325,2297467.708225905,89446.57198251285,[ 0.05754239 -0.5571787   0.82839651],[-0.87352405  0.37365116  0.31199447],[-0.48336799 -0.74157718 -0.46520821]
99,11256.659016558435,150740.94422708242,125564.24928222738,5758.461367311311,5109.679205353894,4920.352974765051,3163.0953358542733,1956734.4944955755,1956110.0632014365,85472.29161740233,[-0.79574187 -0.35144555  0.49323514],[ 0.60292769 -0.53662985  0.59034448],[-0.05721076 -0.76714694 -0.6389151 ]
23,40612.2478240819,153685.87090679808,58252.771031150936,4260.103350849731,2434.3212525988356,2732.1944158139336,2242.700731156056,812287.0323654824,812089.1344434902,24654.01387718827,[-0.17020556 -0.30968597  0.93548098],[-0.95577847  0.28293059 -0.08023591],[-0.23982825 -0.90776918 -0.34414754]
107,23390.53973877801,133792.0077443965,164883.27180818922,9424.965011324197,10184.012757169003,4343.945687558953,6898.517571284001,2214453.1240812587,2211258.598506051,132032.2905813691,[-0.59460711 -0.5809975   0.5557736 ],[ 0.79667443 -0.51895346  0.3098341 ],[0.1084078  0.62700017 0.77143926]
101,54473.595917493134,169814.96481061712,84270.21906357456,6545.716962658874,7041.151963367382,5758.90575250889,5846.910067471161,1984787.6639816836,1983899.6383729323,95572.25791698183,[ 0.1407998  -0.47581041  0.86820497],[-0.95096952  0.17892128  0.25227791],[-0.2753768  -0.86115714 -0.42728912]
7,203599.16584283175,177166.65724295302,194009.24146355633,1067.721635634653,2661.492922539536,4298.790305219894,4199.675280459945,879511.0987591764,879484.8177950728,7984.638428128047,[-0.40124966  0.8458856  -0.3513919 ],[-0.68108662 -0.01901247  0.73195597],[0.61247019 0.5330254  0.58375011]
112,125177.68220537403,7343.8387265235,125218.72892307314,7965.042283195892,4898.935819054427,5205.450418576175,7476.297767072354,1878159.010250666,1877709.2861365746,81735.5173733193,[-0.17698924 -0.95612668  0.23344502],[-0.68493101  0.28998604  0.66841425],[-0.70678449 -0.0415916  -0.70620522]
226,56689.209249552914,190002.5534847247,163041.5961584814,11403.016890922303,7128.102925243736,9621.069269111433,8723.245620295529,3866247.432995253,3862304.1411411176,209403.50079364693,[-0.59836747 -0.41145946  0.68750089],[-0.77000952  0.53248004 -0.35149729],[-0.22145362 -0.73970678 -0.63544644]
122,77206.97293885783,129567.76020509793,132772.36582734867,6913.546971484285,7209.9191146201265,11094.442544474035,9145.107437398721,2224645.7277064077,2222635.996994899,131386.1781582494,[-0.89750489  0.09276351  0.43113791],[ 0.21627117 -0.75941427  0.6136096 ],[-0.38433286 -0.64396032 -0.66151595]
96,189391.99986626557,31241.321329774346,123125.50436330408,5129.563594041195,6388.28309279047,5311.430067219917,4865.567556684335,2235817.1416281736,2235520.961817785,82932.77155461807,[-0.55458996  0.11303928  0.82441015],[ 0.05182838 -0.98411425  0.16980269],[-0.83050815 -0.13689872 -0.53992124]
247,108357.9922787466,12103.16672753529,70324.23931343456,6644.62905585745,6567.006182940541,12188.015996021815,7599.038850044838,2051648.8675190634,2044198.8783441384,210248.35347029875,[ 0.25685469 -0.93813675 -0.2322178 ],[ 0.48836051  0.33333526 -0.80646861],[0.83398422 0.09373924 0.54376767]
70,65811.44722136071,75767.15161098023,176905.04550298906,5612.757665740506,10625.118756273832,5577.562315500221,5034.002521593054,1705004.9667250041,1702435.880752992,103195.48145642776,[-0.90190432  0.39932452  0.16464668],[-0.28584303 -0.83756713  0.46559109],[-0.32382458 -0.3728555  -0.86954955]
164,10663.396662158804,51992.55362259669,135489.3681774754,6663.649954059872,13158.597197856165,4784.5984585402675,6383.912270515226,1872110.331648808,1867287.6333630357,180214.0198217171,[-0.99728313  0.02065269  0.0707094 ],[ 0.00620921 -0.93290957  0.3600572 ],[-0.07340163 -0.35951802 -0.93024674]
6,202679.7617630631,13759.070499505775,200268.8863329219,1374.2297197468895,1818.4676394117562,3051.9362751127687,2527.2925132736923,698807.1524571868,698789.229437271,6970.541475655434,[ 0.33836848  0.8513313  -0.40092617],[-0.61704866  0.52240428  0.58851059],[0.71046303 0.04825752 0.70207798]
11,109250.00265978355,200742.9762823294,44158.14822065638,5072.857861504553,3449.9953965199916,1667.5853025221388,3520.7637683783405,772280.2777498355,772136.1580169945,17594.11711719764,[-0.03104285 -0.1985105   0.97960703],[-0.8824271   0.46573753  0.06641514],[-0.46942386 -0.86237007 -0.18962886]
55,18668.29270365903,158893.86015118644,88139.9027003674,4667.120806861847,6580.231419993475,4437.0767380733705,5881.95838764596,1355959.901445286,1355751.5151061271,52152.47513677709,[-0.87188076 -0.15509696  0.46450929],[ 0.47894505 -0.46791686  0.74274185],[-0.10215472 -0.87005675 -0.48225062]
164,67397.14351175267,81946.11538149093,30103.66391642813,6789.5715005673665,3763.3930865200737,13129.134094228788,6445.145569969543,1424083.9073473853,1416554.8786063567,177140.54955453568,[-0.72702555  0.66403724 -0.17460924],[-0.31320606 -0.09443269  0.94497854],[-0.61101212 -0.74171221 -0.27663546]
11,3292.5267355953665,14937.79892612598,150736.5575295023,2079.383942472462,4576.805073212391,1355.0174457313606,1101.0868465923854,502757.12517151947,502560.3405867956,16896.033449053168,[-0.99017043  0.13964835  0.00780169],[-0.13816789 -0.98529097  0.10055513],[-0.02172929 -0.09848877 -0.9949009 ]
73,99163.97712873507,154565.29091628513,179272.41867437027,3599.5001838118646,6017.845343167729,7919.324975773593,3819.2622262867044,2194368.8731174953,2193145.7917679604,84384.07338757238,[-0.89083765  0.43993671  0.11341941],[-0.23908103 -0.66623175  0.70638199],[-0.38632698 -0.60215525 -0.69868485]
150,189447.15604584536,127194.31111710638,149083.51584400574,8935.573684495206,8029.758799521631,9812.00350635169,11640.64960513395,3343141.3729076623,3341929.139787699,124290.72175987955,[-0.69322702  0.23271299  0.68211506],[ 0.19071624 -0.85346754  0.48499534],[-0.69502778 -0.4663023  -0.54726462]
10,30093.870701493957,170034.979384361,165379.91284002078,3117.948217115693,2346.0275093633554,1890.1196178661758,2999.3753356437446,756211.7147519974,756163.480315743,9879.790252485398,[ 0.07657746 -0.70210321  0.7079456 ],[-0.98907668  0.03619953  0.1428878 ],[-0.12594928 -0.71115447 -0.69166184]
2,85782.1300925356,122495.82507836903,182361.231146498,201.5227198138091,1438.861144729286,904.0642305088986,25.011590592272114,333533.65016154776,333524.87240310904,2419.768289638908,[ 0.92468927 -0.10111512 -0.3670497 ],[ 0.11246087 -0.84852369  0.51706876],[0.36373384 0.51940666 0.77324926]
106,62149.0780595684,54189.92018697799,70835.27626943211,4830.876035432916,10488.933132600092,7819.1131027711945,6732.373934264709,1126913.949802665,1122676.5499333246,126623.86704087525,[-0.82102768  0.34446832  0.45525282],[ 0.00340985 -0.79447309  0.60728978],[-0.5708782  -0.50015406 -0.65110981]
87,82506.54129793259,175467.99579100826,146011.484033532,6448.705181639316,8932.927839041124,5407.386628794331,6513.859333091636,2265943.878467855,2265768.9019403574,96591.1992861305,[-0.28437566 -0.5304194   0.79861489],[-0.89656404  0.44217527 -0.02557259],[-0.33956355 -0.72328162 -0.60129884]
165,41980.8585379041,85313.58048270557,185707.81941445253,7773.190806830071,9000.599192668933,8994.405446588973,8037.729795199914,2685889.7944181785,2682798.6075930656,162053.45570664885,[ 0.8040763  -0.58792474  0.08835048],[-0.55947503 -0.69799773  0.44697523],[0.20111936 0.40883208 0.89017264]
77,53543.96205167607,19826.633931706605,182596.84794798042,5390.085721016069,4195.8755290472345,10482.564545619422,8990.300936044936,1681937.5908722542,1681091.701020579,76025.33900347154,[ 3.46900684e-01 -9.37901835e-01 -2.51850747e-04],[-0.89554467 -0.33131385  0.29703683],[-0.27867483 -0.10281674 -0.95486599]
6,85837.97867442277,143567.64877640145,201881.37910807555,1797.3460178183657,1426.3987870474161,1321.5897744610727,1359.251175591923,642224.9276530364,642208.107528517,5573.5068535268465,[-0.11647026 -0.78533502  0.60801611],[ 0.93768421 -0.28874242 -0.19332911],[0.32738816 0.54761001 0.77002615]
16,194417.3557713593,88669.7578347158,4716.643201695308,3488.7614851448557,2293.0260173911165,2230.6187232105317,3046.6280820006114,855109.8374461873,855066.7849331605,14515.881294372439,[ 0.18472236 -0.35644603 -0.91587329],[-0.37202551  0.83720176 -0.40086187],[0.90965635 0.41477637 0.02204287]
7,156755.26317902454,160464.7814224011,116861.05767824758,1381.8250666320635,1043.230097826742,4469.9195508821185,2312.5234459304174,669323.1114951723,669247.3353466671,11116.817701641214,[-0.77279631  0.59590373  0.21836804],[-0.13686705 -0.49246034  0.8595058 ],[-0.61972032 -0.63433553 -0.46213112]
182,136242.93244094425,151549.99511550608,172778.81013851674,15823.708266784473,7169.671086927389,16524.79661973749,20588.446819261182,3617870.6404797533,3616176.5075662537,163087.54065793625,[-0.69717555 -0.16774437  0.69699933],[ 0.50260804 -0.80765016  0.3083608 ],[-0.51120583 -0.56529908 -0.64738362]
25,6020.213067904847,191446.59077873136,86250.33489119262,3648.7176763180014,4034.776858512656,8149.895047470702,6611.317671326226,1051337.0224748168,1050972.593588665,36135.27589154437,[-0.94596984  0.1574503  -0.28346159],[-0.32301033 -0.38106623  0.86628682],[-0.02837948 -0.91104222 -0.41133523]
132,112990.31309265252,165744.76804143313,197205.6650758285,8193.573542672539,6323.151893483046,3763.21626832559,4749.275707185021,3233636.5452267826,3233013.269273768,114393.1238385635,[ 0.0984327  -0.78876421  0.60676356],[-0.91041075  0.17482211  0.37495265],[-0.40182492 -0.58931167 -0.70089121]
55,41001.47726956712,49087.140642322076,102460.3862580014,3965.189637859413,3117.0397855487,4663.4122902995905,4143.713588193941,897048.8533519474,896447.5889494211,40539.64886940411,[ 0.63315672 -0.76568755  0.11329228],[-0.69562901 -0.49871475  0.51709174],[-0.33943018 -0.40620951 -0.84839907]
101,108008.79290434145,119191.8794658683,141952.74219670874,3924.1318799567716,5674.183343774766,10209.824959372078,5367.582642521237,2159146.6763616013,2157131.094444775,110567.39509781272,[-0.84175798  0.48814595  0.23055808],[-0.19533102 -0.67353226  0.71288154],[-0.50327855 -0.55503858 -0.6623012 ]
305,130799.27933705314,15498.69742849156,98210.38220770434,10710.476939266451,10902.832955182912,9676.201740670018,9558.731781794728,2883053.8773979237,2877898.1548657324,267595.29620759166,[-0.42052941 -0.62534441  0.65734267],[ 0.4346274  -0.77482927 -0.45906277],[0.79640068 0.09264974 0.59763031]
56,173508.28242305777,4485.821394460024,116543.89979294306,4916.549775541763,2275.5603236944958,6523.665531189231,5631.556372766465,1565698.8885599962,1565144.4072137289,47214.58515744214,[-0.05913872 -0.99023161  0.12626945],[-0.55490758  0.13775706  0.82042707],[-0.82980732 -0.02154887 -0.5576338 ]
99,151092.74531657965,133447.34635820857,198776.78651020673,6227.027853212137,5616.172453024392,5164.410821864202,4803.492675352054,2818210.8341721054,2817645.2646160354,85745.40619580029,[-0.46279355 -0.53217184  0.70895364],[-0.7077975   0.7033335   0.06591427],[-0.53370856 -0.47129092 -0.7021681 ]
17,52683.940230650995,178212.03217392016,184127.4453840924,4162.05443747107,2875.6135656589477,1931.6652435542726,2249.608542782458,1078830.533886611,1078704.6922560965,20280.189216587347,[-0.42542628 -0.5863928   0.68931558],[-0.8822955   0.43826016 -0.17170523],[-0.20141284 -0.68122795 -0.70381912]
24,7782.185167583633,20759.38375116391,202148.87862354066,3745.0883986625577,3493.6901089236085,1985.945537081662,1909.5267135947229,996514.2869066702,996415.0480333766,25250.032940795827,[-0.65738387 -0.7466231   0.10198229],[-0.75258028  0.65737693 -0.0384511 ],[-0.03833232 -0.10202699 -0.99404282]
145,31869.851131117677,11233.07194482809,118036.56943428442,9602.696908970764,8622.315071071196,6898.152631326703,7715.927884595509,1487934.8461372317,1482163.1238994864,151487.45089422644,[ 0.63988004 -0.76201667 -0.09941894],[ 0.72294342  0.64077866 -0.25837091],[0.26058847 0.09345212 0.96091641]
29,109373.9972485778,67537.59851202404,178732.91811998322,3167.5635603925653,2906.4753378419946,7346.233541718252,5642.470666510463,1186403.67202066,1186047.6709902857,34170.256500362084,[ 0.28367245 -0.94144504  0.18223934],[-0.82046886 -0.13992154  0.5543039 ],[-0.49634744 -0.30676245 -0.81211823]
2,56138.550521860874,41838.61990658502,72495.6870257671,559.0592609181149,248.97754427247128,1087.0976953162317,989.9775589907367,142542.54050068793,142538.49848013083,1073.4539673354388,[ 0.83044352 -0.267942   -0.48843695],[ 0.00998893 -0.86944232  0.49393347],[0.55701327 0.41506281 0.71934628]
43,193584.71269833294,199778.37028880487,74984.27243449156,3933.891842835514,3209.494422943712,8089.147460914125,4685.024931640651,1890192.622715166,1889657.5428242765,54691.50079467832,[-0.68638495  0.7150124  -0.13278917],[-0.27833109 -0.08958761  0.956298  ],[-0.67186867 -0.69334791 -0.26050177]
72,98188.04903992865,180948.2839090151,171863.16610688608,5517.573366784819,5785.271481242486,4292.346925138733,4487.469256321507,2276521.206196123,2276255.13464593,66842.5725366143,[-0.47605846 -0.45588695  0.7520209 ],[-0.79959659  0.58036301 -0.1543505 ],[-0.36607873 -0.67479321 -0.64081236]
39,59943.33619203988,7396.4038746783,38352.670988663616,3006.5591858882576,3484.7083211418867,2957.9425705249146,2271.949975180277,447781.01115027646,447350.4725324703,31205.123951235662,[-0.32233848 -0.69886088  0.63850714],[-0.44030568  0.70779181  0.5524144 ],[-0.83799093 -0.10307391 -0.53586096]
8,83327.36868531536,47195.10749292907,114076.53470371937,1221.8476005096065,1998.168023474805,1405.6310993146096,1532.4067003658956,421334.78483198234,421312.1479662576,6403.456264364725,[ 0.82816984 -0.25157535 -0.50084385],[-0.03396086 -0.91448481  0.40319249],[0.55944738 0.31690278 0.76589246]
96,68233.6830682833,190565.79075173978,193963.57139016237,6562.193375377965,8114.747202653302,7928.1301868581695,9227.138118875924,2749507.474775006,2748610.2881759144,90497.45029302794,[ 0.00790896 -0.71466708  0.69942006],[-0.9700685   0.16427826  0.17882887],[-0.24270261 -0.67989971 -0.69197675]
30,192726.94981607568,47806.03878013218,190033.13871305602,4532.529905960263,2767.3827649752084,4953.451561518878,4442.019696894439,1505879.1121455352,1505657.5643292274,31448.90953193065,[-0.04148131 -0.95818058  0.28314181],[-0.71177492  0.22721545  0.66464246],[-0.70118169 -0.173963   -0.6914341 ]
51,197364.5937948162,19746.49326920645,160920.79895888682,4613.821281401942,6667.850658361486,7693.252480620715,6034.211240236366,1825647.916559165,1824705.1644626092,67092.83778539933,[-0.50876652  0.66894267  0.54191542],[-0.37986036 -0.73931341  0.55598723],[-0.77256892 -0.0770155  -0.63024271]
11,70473.94968044994,50268.631183823716,126085.51718547333,1156.834437717618,3320.2277167141233,1722.9738889119203,2252.3172947978805,507392.19198008993,507328.64735297643,10565.80598784255,[-0.88205084  0.06648366  0.46643997],[ 0.0986044  -0.94202272  0.32073412],[-0.46072063 -0.32889683 -0.82435634]
20,170957.8202808202,37718.730013162276,198360.29068213876,4699.465247361035,3714.079450747221,2591.3407797572245,3164.0027350408704,1183491.0055273625,1183318.2096994556,25577.017832214977,[-0.46939918 -0.70038708  0.53770098],[-0.60167994  0.69940473  0.38576453],[-0.6462551  -0.14244634 -0.74970887]
69,182774.8182600834,4712.358002766388,33024.84290139834,4248.09537866184,2977.9998799732402,6707.699469606782,4324.548353835599,1544737.3079356267,1543935.7206724007,60504.482723511064,[ 0.00598412 -0.99410568  0.10825008],[-0.17958202  0.10542376  0.97807777],[-0.9837248  -0.0252927  -0.17789263]
197,85664.26443658471,187781.37459051184,101982.7907426918,7271.325604159731,7525.321496676563,10395.04129843217,9537.191548773342,3237065.2771594943,3234923.2534947004,157080.76188201134,[-0.82956581  0.5064872  -0.23514101],[-0.41627208 -0.28023033  0.86497891],[-0.3722071  -0.81543956 -0.44330598]
7,109116.3149919256,202883.23665353545,170706.51772668507,2850.2972769677467,1215.0867926384678,2351.3321064954725,1275.0918873224907,758639.3788352668,758620.8362951636,9707.451709113984,[-0.47553657  0.70193398 -0.53023925],[-0.7931065  -0.08132249  0.60362964],[0.38058778 0.70758416 0.59538022]
4,68204.72927735059,88716.90064611656,151513.01120839274,1628.130768549168,998.0255674656719,1089.9260815019104,583.4426553242225,376739.420918962,376720.40538121184,4237.015046160863,[-0.50934185  0.82270332 -0.25244827],[-0.78067447 -0.31829432  0.53780674],[0.36210254 0.4710074  0.8043841 ]
63,88630.88491667825,81054.39978608144,17931.83860826054,4512.216717027763,9622.786866383214,4805.008945028336,8365.148838058187,967585.1225555792,966859.3829886254,64812.27215010595,[-0.03445042 -0.17928652  0.98319353],[-0.68458342  0.72096685  0.10748185],[-0.72811999 -0.66937519 -0.14757419]
17,59463.85640074364,4958.234209316155,192814.78591723886,3322.3060757651256,3636.8548034948503,2505.4429479148757,2707.426557607318,832452.4487948467,832322.4711636603,19880.254374826112,[-0.74563638 -0.61929892  0.24595778],[ 0.59766488 -0.78476893 -0.16411706],[-0.29465754 -0.02462868 -0.95528549]
19,156988.25707558816,11841.387727538711,53219.03881790382,3098.9349101549287,3241.0530945711225,3856.853196473293,3352.7383776821416,724781.997325435,724596.9641665125,21353.148767524508,[-0.2652424   0.74011216  0.61796477],[-0.1931873 -0.668719   0.7179788],[-0.94462963 -0.07105548 -0.3203529 ]
17,170995.20497350438,13604.012394755711,42583.82432259086,1970.9240223184133,3020.8342591147302,3006.009957180935,2387.2404658770956,728942.6322556763,728835.1490102736,16646.85202687562,[-0.23671283  0.61189999  0.75468234],[-0.08944178 -0.78718383  0.61019815],[-0.96745398 -0.0769416  -0.24106594]
11,55856.76008349076,93852.03693858195,68965.26565477675,2283.0235615649617,2084.9728792830083,1987.9793351976923,1854.8271040508212,428550.6073913295,428470.6043422274,10543.054428221942,[-0.75138069  0.61772389 -0.23204368],[-0.4983374  -0.30070271  0.81316524],[-0.43253543 -0.7266327  -0.53377713]
311,13336.243843860877,46370.11075296112,162766.83469341687,9275.592597783178,14674.326529996957,9080.52854317675,9100.069130053573,3009421.841526262,3002684.683000026,304501.3719547583,[-0.98225947  0.185566    0.02704787],[-0.17045397 -0.9436261   0.28375205],[-0.07817781 -0.27410772 -0.95851614]
7,116307.41728288321,54320.918377737216,110453.59252946591,2354.1898890596485,1567.8429069055887,1659.8204652255831,2175.3131494452487,448121.0398146743,448096.30402879143,6499.315484014371,[-0.41845596  0.90821702 -0.00603816],[-0.59426188 -0.26876316  0.7580364 ],[0.68683872 0.3207931  0.6521843 ]
51,123255.34422170333,197192.36177838364,186552.4209682582,5779.689793134401,3474.0060156601107,8379.97361162169,4284.692803347055,2130274.9195050066,2129413.5451595224,70258.17071615705,[-0.69819179  0.67144969 -0.24836171],[-0.58451054 -0.33432964  0.73930448],[-0.41337109 -0.66134636 -0.62589563]
20,11849.31802285158,174069.4789878205,98588.39440027146,2572.7505438657904,1796.1107334336466,3497.795427456763,2480.525395521797,896395.5920179475,896354.0228563328,17833.90378243344,[-0.92392856  0.23424724 -0.30246363],[-0.37796813 -0.43673463  0.81633508],[-0.0591279  -0.8685569  -0.49204959]
73,199286.08295325222,173716.5209887826,159052.4375149681,3046.6105049213143,5459.576578923711,8307.836389337886,6802.345643476713,2637285.1449400894,2637001.8766451846,66928.56967667276,[-0.65915417  0.75199542  0.00432071],[-0.38543852 -0.34277466  0.85670455],[-0.64571893 -0.563035   -0.51578935]
10,41221.2148417057,5788.489044948342,25894.37601103486,2254.8847114170158,1530.1662982473572,1560.0875714215942,2509.3417745800675,155302.51155559876,155265.29884913226,5940.5362276826645,[-0.437109    0.72458022  0.53284071],[-0.31910488 -0.67883173  0.66133166],[-0.84089702 -0.11904195 -0.52794054]
7,46648.05626648317,7612.822400111618,167595.39288957717,1435.618108991042,1979.7528152067055,1275.3148173898605,967.4537287612426,460758.4716057196,460730.4044018115,6825.561343096689,[-0.76898294 -0.59213751  0.24091164],[ 0.58044979 -0.80464917 -0.12497099],[-0.26784936 -0.04373655 -0.96246758]
51,118475.22183724622,40047.46958650518,196409.833172796,5414.298929729497,5894.2263958998155,3586.4382950925888,2966.824410752616,1663652.0945193863,1663361.368358743,58910.70666101289,[-0.52859039 -0.71090956  0.46389633],[-0.67948383  0.68190354  0.27075687],[-0.5088162  -0.17209058 -0.8434992 ]
32,19250.137862315045,197557.68111560846,9819.369412461598,7566.346231349334,3694.1562867763496,4362.668575348399,3376.3560961540106,1125304.9724455927,1124585.7410055993,49967.14106166392,[-0.3514359  -0.01210107  0.93613373],[-0.93119183  0.10792885 -0.34818549],[-0.09682242 -0.99408497 -0.04919849]
59,158915.14393190073,193127.41682303924,170553.37213611623,10513.696634865822,4138.074086718246,4570.615922731066,4981.9918064134845,2326854.0300892796,2325847.6281447285,85509.6584302636,[ 0.14548073 -0.71945138  0.67913553],[-0.83839819  0.27480346  0.47071386],[-0.52528453 -0.63786579 -0.56320813]
12,135039.7122210088,179481.03333978602,180942.7278024977,2536.204571673271,4689.169816383468,3100.615113604512,1962.5073821460946,999346.2109888186,999178.0492295899,20240.21719633326,[-0.81877156  0.03856199  0.57282292],[ 0.3322722  -0.78183452  0.52756988],[-0.46819688 -0.62229234 -0.62733079]
17,196442.15974891657,20775.535073749495,141936.9550936285,3801.8809079613757,3540.9552461989315,2741.7103163847687,4149.742881008981,1003162.2342401777,1003111.401801069,17107.836044719767,[ 0.58967533 -0.12912219 -0.79725182],[-0.00716938 -0.98793511  0.15470236],[0.80760857 0.08550836 0.58348669]
12,116362.36614447813,106735.10730945702,23633.599757379357,4497.36426015873,2822.8852667444794,3571.612009577931,4475.476673342404,553474.6041476831,553340.7473231179,15806.429023954057,[-0.52813422  0.411076    0.74302811],[ 0.43554242 -0.62001549  0.65259758],[-0.72895614 -0.66827937 -0.14841036]
80,177507.76532396575,160225.19770686966,95532.11863610955,5643.2325318465655,5783.927897167129,5343.657752993996,5191.410028472767,2304353.8803534135,2304094.330392515,72940.18078865408,[-0.68142081  0.73077182  0.04047496],[-0.24577199 -0.28056402  0.92783617],[-0.68939234 -0.62229927 -0.3707854 ]
16,122087.1657831968,50182.80980371919,50026.957606592456,2042.6739193236017,4807.608994556635,2975.8031424383475,2706.2454161725777,565056.5340772358,564843.8915633251,21451.951595309063,[-0.386001    0.01920313  0.92229847],[ 0.32127058 -0.934396    0.1539134 ],[-0.86474762 -0.35571809 -0.35450838]
