N,MEAN_X,MEAN_Y,MEAN_Z,SIGMA_X,SIGMA_Y,SIGMA_Z,SIGMA_R,LAMBDA_1,LAMBDA_2,LAMBDA_3,EIGEN_1,EIGEN_2,EIGEN_3
441,152951.8582341463,15359.573147513991,174738.10795824815,13378.708072099827,7719.731112718257,13558.319054943331,13109.283281958573,4903668.321605354,4897661.491383161,334374.19676664035,[-0.10195158 -0.9794101   0.17424616],[-0.74681544  0.19106666  0.63699311],[-0.65717012 -0.06518727 -0.75091814]
7,190779.13273609846,187418.05247086703,154098.4156405988,2205.4665534862092,1193.6281715374562,1392.715019590523,1146.0066878373689,816652.4816688122,816642.4736190831,6953.518865193758,[-0.31995334  0.77444087 -0.54577577],[-0.718031    0.17761529  0.67296678],[0.6181111  0.60720189 0.49924395]
1326,105636.14976985699,24647.890337179047,84176.27762323688,20406.61342392999,16910.909584117668,20712.729531940648,21470.559595269187,5112617.809857276,5099092.288652663,925671.4842211779,[-0.63789279  0.22163874  0.73754258],[-0.0139988  -0.96087063  0.27664359],[-0.76999793 -0.16614424 -0.61603512]
4452,141204.41396442856,115644.59343919405,86066.78505159935,35825.34599624998,27606.23205102274,37087.117767451724,27621.03605664452,13849915.47097636,13779438.811894367,3367069.720355622,[-0.21486449 -0.41653243  0.88336515],[-0.67921595  0.71366652  0.17130613],[-0.70178269 -0.56318809 -0.43625706]
187,117369.07828340017,21291.761657133487,35198.85382925242,10107.025152060012,13795.043345293681,5991.416657367676,8983.498114591472,1717578.4538907704,1706536.6319559712,213113.89603847917,[ 0.29587071 -0.05156822 -0.95383502],[ 0.14354203 -0.98480309  0.09776787],[0.94438139 0.16584206 0.28397218]
120,40482.73458866147,14057.37676030853,64962.67347784619,6425.855056119647,4131.046341592692,7068.64728241919,5771.463059922629,859107.8254721876,855821.7452255884,95325.3845431533,[ 0.09941056 -0.98336696  0.15200973],[-0.84940434 -0.00429178  0.52772516],[-0.51829509 -0.18157918 -0.83570282]
8,126465.74665754489,55642.35317221764,88602.33837667452,2754.96510169818,2230.9181639725443,2035.9289155164163,2753.4424865867,464382.43146220775,464310.0381449456,8545.744498648504,[-0.5650641   0.75514888  0.33234429],[-0.29486768 -0.56105554  0.77347898],[-0.77055539 -0.33906762 -0.53970134]
86,26696.82354298914,6226.290260144876,120259.94041620071,5996.703746649139,3871.109905874835,8775.577265688924,8501.14010930974,1148188.3357886178,1147026.9079121412,69275.61475738714,[ 0.2711492  -0.96248601 -0.00993939],[-0.93811434 -0.26656649  0.22109677],[-0.21545206 -0.05062592 -0.97520122]
1513,98538.24191866512,76460.78834353757,165470.16646383586,24004.329046817915,27863.730825622246,16748.02436763011,23688.000646849272,8182615.445787159,8141367.901761247,1276814.3797190841,[ 0.79260516 -0.57334843 -0.20748164],[-0.37727074 -0.72847646  0.57182938],[0.47900297 0.37495816 0.79370179]
18,92996.32750161826,168946.11877471203,3730.6099103386887,3153.5088188326927,2735.982017668842,2073.687911152638,3101.049548119868,818554.0110871166,818483.1854903195,14758.580839057644,[-0.42564776  0.21491437  0.87899704],[-0.76571961  0.43206887 -0.47643465],[-0.48217991 -0.87585861 -0.019345  ]
490,93429.13215131708,178121.44631243276,189101.2531719402,16903.6661317332,15495.387376674114,11438.375717403556,12179.812054162107,6133053.409327458,6121264.041301568,500551.55627151526,[-0.36740951 -0.57964448  0.72733935],[-0.86666724  0.49714986 -0.04159215],[-0.337488   -0.64564254 -0.68501647]
13,52463.79505297147,30578.329726115328,11748.237224296092,3412.2051597384207,1715.1924108484543,4787.794100973075,4273.017263761755,224041.4757201962,223591.5356168711,15829.828310082541,[-0.52473352  0.83316497  0.17461632],[-0.07549866 -0.24986589  0.96533258],[-0.84791196 -0.49335906 -0.19401585]
10,180373.44551955978,116602.79481514159,49994.91149781742,2079.743824511768,2441.130934312018,1625.442865641411,1838.6326734397396,697429.2172850062,697395.9209830542,9777.643651489889,[ 0.14518855  0.19160481 -0.97067393],[-0.55669116  0.82686328  0.07995043],[0.81793352 0.52875771 0.22671579]
747,152426.56112682042,174768.12041516727,180414.2073255214,19870.173093936053,16090.264187016139,19288.00862926054,26114.88400177714,8072671.205479284,8067756.629491862,498342.5794499423,[-0.7488971  -0.02905009  0.66204927],[ 0.41082489 -0.80424811  0.42942739],[-0.51997697 -0.59358324 -0.61423358]
163,50970.716633720745,188361.8010314565,127764.21213501811,7895.632038492218,6215.656120309758,6617.797214656454,7828.714129694628,2981242.722909795,2980050.6592281163,117032.80559611622,[ 0.44499808 -0.58221099  0.68044623],[-0.86838148 -0.09485914  0.4867395 ],[-0.21883854 -0.80748505 -0.54779338]
212,133838.62504866646,198674.2508521923,82759.44894729808,13990.18416225613,4191.385662055094,16766.630831449755,10713.405638799797,3702114.9477857635,3695961.322401817,280697.9165229973,[ 0.7738966  -0.28649051 -0.56480726],[ 0.34783004 -0.55300521  0.7570994 ],[0.52924315 0.78237358 0.32831885]
441,12372.929342407224,49308.69723817177,152641.2605745594,8335.227850211768,13555.220281023641,14742.99910781652,14699.83068703426,3405204.2142076283,3397072.0883407374,330208.4196912877,[-0.96054959  0.27783657 -0.01230151],[-0.26736148 -0.91034849  0.31588522],[-0.0765658  -0.30671236 -0.94871766]
362,110916.16530143935,96876.47181574028,53182.75828133962,7648.241472812912,11537.414104730437,17165.4121695069,14677.480094299359,3006797.209705728,2994022.174764043,310693.1921183146,[ 0.46955117 -0.77244913  0.42760266],[ 0.53176815 -0.13918804 -0.83537376],[0.70480092 0.6196362  0.34540793]
1935,24546.76579215477,45471.488284677514,37358.36513682545,13399.57247478691,22036.854984779486,24758.383995461863,20194.315396717036,3162446.73938231,2982103.9378852034,1336881.8890579673,[-0.91880372  0.37114342  0.13435884],[-0.1220949  -0.59093688  0.79742488],[-0.37535659 -0.71627241 -0.58826972]
17,145001.45253807423,117681.26386977707,98166.76987718492,3795.569270221007,3012.781581281451,1717.9573459371989,3836.2632546464824,870120.3763983325,870037.550759041,14089.146869792108,[-0.57889965  0.80752801 -0.11302083],[-0.4386335  -0.19156134  0.87801191],[-0.68736879 -0.55785551 -0.46510362]
17,66003.36414530184,141740.04601640187,25542.721787405586,3479.304831194272,2065.6768336443,1893.255814973466,2041.9262952619913,653420.622219597,653316.046678622,16373.571713282588,[-0.22075086 -0.07239236  0.97263991],[-0.88182902  0.44088507 -0.16732586],[-0.41670931 -0.89463943 -0.16116344]
2,19557.72403057629,74189.86908507037,44062.97273063378,666.0989437300213,134.99406422842003,652.5429985543815,359.00423217294883,125132.52601575508,125126.46178170772,1231.9208880701017,[ 0.70530995  0.21522523 -0.67543761],[ 0.67354547 -0.50059359  0.54382217],[0.22107549 0.83850114 0.49803762]
2,168729.5282092467,8614.035071041755,74631.08714884278,978.7181348334416,957.6040033500876,1392.7694067210396,286.6451617562125,261218.1814505769,261203.89216996444,2732.2217348077816,[ 0.16665943  0.86327137 -0.47643171],[-0.37102641  0.50258151  0.78086569],[0.91354476 0.04663012 0.40405643]
127,77711.95654051536,130691.31499855316,133513.65478511128,4704.958963844093,5690.916818930694,9646.86361280397,8304.452355486908,2283887.178179954,2282844.0436265757,100330.05052961159,[-0.91796447  0.34414989  0.1972361 ],[-0.09998564 -0.68193899  0.72454267],[-0.38385426 -0.64538365 -0.66040582]
721,17577.119394099624,109311.83542915079,87745.3590918283,10250.145987780692,13234.80323997791,18645.21828393669,15654.735917106487,3845299.1607473535,3823776.497359536,525541.8746875788,[-0.92326957  0.31985805 -0.21275367],[-0.36377988 -0.55001394  0.75176384],[-0.12344023 -0.77147618 -0.62416906]
54,41837.097654496465,103715.50090159054,7512.835396978944,4139.685734878884,4269.775654107966,4529.166328487003,4109.928175127951,824909.5513819264,824816.1318427058,46003.751164179565,[-0.7197736   0.33446158 -0.60832674],[-0.58545026  0.17845732  0.79082297],[-0.37306026 -0.92535854 -0.06736175]
788,18836.43713164816,145287.4462111529,27421.47236091472,12717.289588630314,12459.96568426643,10439.918618375086,12888.25514413782,4217114.4650672525,4206285.147101443,453412.7981853808,[-0.44374235 -0.11202859  0.88912447],[-0.88728564  0.19416146 -0.41836052],[-0.12576536 -0.97455165 -0.18555902]
29,94390.078605987,58869.3965159307,32778.69087705374,6071.556919393881,2107.3135357607875,2881.8159986914998,5482.654195605047,625621.4350248784,625296.6290251982,23502.00127608486,[ 0.40325832 -0.84398119  0.35366435],[-0.41707957  0.17448825  0.89196327],[-0.8145105  -0.50719779 -0.28164348]
14,81822.94009332154,172242.23662433602,199680.18117139177,2408.060096294262,2280.3953487365193,3626.2330953872656,2367.7366449056253,1033217.7410606822,1033172.7981593154,16087.426604877115,[ 0.87246977 -0.48487804  0.06074366],[-0.38857436 -0.61300477  0.68792087],[0.29632157 0.62379359 0.7232393 ]
110,87064.54725822085,189594.0235539544,108333.74598640825,4340.188197422836,6127.868699401385,5548.066940408649,6532.180405523969,2467155.365612207,2466801.036900337,70190.93357913783,[-0.90669304  0.42168772 -0.00933837],[-0.20184433 -0.41434325  0.88745622],[-0.3703601  -0.80653527 -0.46079741]
403,144052.9595842081,14503.272036440767,13444.371642510783,14613.506719557974,9266.040810216135,10680.359399725987,14568.260679302919,2941500.685076432,2939471.8264984153,284749.71859219455,[ 0.0428373  -0.88182076  0.46963509],[-0.12851685  0.46129765  0.87788832],[-0.9907817  -0.09796238 -0.09356808]
3,23608.099501951157,179626.67675733412,175932.84730837555,687.513460749994,1919.957768384045,586.654766948698,1687.6653331301995,437423.8359381202,437418.7269308199,2230.7630760890197,[ 0.75675709  0.40393349 -0.51396153],[ 0.64698041 -0.5752248   0.5005325 ],[0.09346158 0.71130455 0.6966425 ]
204,191384.2925730832,181615.57894322625,111701.5101248647,8335.006857254499,5032.627877054191,8190.436002226967,6213.92166619369,4095669.226886657,4093784.134123526,157942.2553984403,[ 0.42481676 -0.75498789  0.49952378],[-0.61090514  0.1681247   0.77364656],[-0.66807607 -0.63381967 -0.38980379]
86,171976.7540869051,199471.96088307234,101661.32351769769,7314.059527864879,4065.264495124354,13175.542700123413,8940.604406459743,2621645.3818754507,2619779.224739782,118533.46828824932,[-0.78979904  0.58102617  0.19653514],[-0.07093487 -0.40479417  0.91165231],[-0.60925013 -0.70608093 -0.36092106]
248,164360.21487907556,151110.29849988053,142444.95214925046,7333.756864733109,7943.764305773199,11555.712297868104,9877.534989073603,4176603.153765866,4175138.485638588,193496.1774126035,[-0.59453016  0.7896186  -0.15177731],[-0.51165413 -0.22590165  0.8289623 ],[-0.62027731 -0.57050058 -0.53831696]
39,59753.86524767744,7029.697795937993,37418.286595102785,3880.6505617286057,3223.537461865021,3258.579555017899,3966.2695742256265,443741.83975207846,443485.6001549918,28151.076745775143,[-0.39235967 -0.55870285  0.73068804],[ 0.36689061 -0.8235196  -0.43267394],[-0.84347209 -0.09831878 -0.52809871]
16,6574.652345935323,202253.13099782262,77070.53258689624,3233.2152819796415,1813.5914039937988,7280.031781349624,3272.598691126877,866746.2582483704,866287.4089692197,29904.637770377783,[-0.92567418 -0.10811805  0.3625435 ],[ 0.37709336 -0.34084273  0.86117758],[-0.03046148 -0.93388261 -0.35627991]
94,24273.043696800243,133827.41610058805,164930.27477552323,7754.972210729363,8459.425048692283,5153.100223168999,6189.056893462876,2075821.9793233608,2073945.5113766324,106040.05118895823,[-0.63718548 -0.54999895  0.53990353],[-0.76239642  0.55242555 -0.33701292],[-0.11289975 -0.62636026 -0.77131477]
252,47477.48642003162,72671.55219870745,114242.1302495333,8228.381695797056,6863.951913602254,9910.905726667223,6920.337911221332,2286898.574417155,2282882.452949155,203787.31492525802,[ 0.63116063 -0.74603505  0.21229215],[ 0.70202715  0.43305193 -0.56535291],[0.32983956 0.50586335 0.79706219]
15,81108.66302759254,3580.602293411995,46445.66325361411,5242.608962215906,1498.3085148431576,3523.777012766495,3650.2132855922628,363097.0340145559,362572.07328330626,20627.86928640393,[ 0.1081504  -0.98772731 -0.11268655],[-0.48488514 -0.15136409  0.86137989],[-0.86786513 -0.03851855 -0.49530439]
14,12595.186681583387,194845.72075999464,11249.169268615558,6269.652361114718,2585.8582559243573,2667.2512985682115,3006.3629553897163,732255.7225936083,731896.9132486547,24830.9770480075,[-0.29597113 -0.03599614  0.9545184 ],[-0.95299675  0.07891294 -0.2925234 ],[-0.06479414 -0.99623141 -0.05766015]
1011,61400.49524280518,171456.387155538,143854.40282550023,22395.36214775225,15776.810250057495,18754.350977361708,19529.606841236193,7445074.64079687,7414700.15434863,854084.8577316679,[ 0.28762883 -0.67423922  0.68019933],[-9.20791786e-01  6.94262385e-04  3.90053848e-01],[-0.26346184 -0.73851269 -0.62063425]
14,146999.53508360693,18881.3267697464,93633.30720770068,1343.3124020049934,1640.49548257964,5598.770417669287,3647.983612560878,656297.4115151021,656103.4921976939,17812.426693044054,[ 0.08338302 -0.99408199  0.06962954],[-0.53884819  0.01379913  0.84228986],[-0.83826601 -0.10775242 -0.53450867]
8,70788.47615848428,168902.88897697936,2876.8379584463974,2412.714384648649,1777.174740995406,1440.270635408949,1363.4481967736854,518136.5265341839,518070.73332384217,8581.678193565442,[ 0.40881388 -0.18655366  0.89334705],[-0.8267512   0.33881928  0.44909237],[-0.38646302 -0.92217093 -0.01571944]
25,82405.26771163236,144705.6015835253,40193.04511419741,4628.281250590484,2496.119062075764,2439.488910018042,3199.826002947857,856941.2341745332,856765.7596470858,23985.350770824414,[ 0.02483863 -0.28067994  0.95947997],[-0.87623912  0.45590866  0.15605223],[-0.48123596 -0.84461001 -0.2346186 ]
252,181363.35670032783,183919.63199627094,51516.16149964163,13396.077874381353,10688.438963861097,10721.09998177986,6686.204764738655,4190973.3069758364,4185003.6641408238,302390.5272161199,[ 0.12500642 -0.38055209  0.91627152],[-0.71417037  0.60655807  0.34935368],[-0.68871916 -0.69804542 -0.19595537]
434,163620.7620714807,193141.95035043036,13685.398147437027,13427.321338763215,7979.789723555528,8927.192487454482,10990.240165452971,5291833.638791107,5288627.78860235,296670.94712182746,[-0.34294253  0.22567997  0.91184372],[-0.6818378   0.60789549 -0.40689101],[-0.64613284 -0.76126975 -0.05459608]
435,187948.66190708813,47930.11850927114,144770.31788042962,11736.47233698696,20325.486477118116,16087.113144314093,13212.263793183047,5079368.8853954235,5059279.715773435,522582.8115640389,[-0.42831706 -0.53217503  0.73029736],[ 0.46401715 -0.82302257 -0.32760026],[0.77539189 0.19855372 0.59945295]
85,156969.94900216113,112316.70763711189,26145.537327604507,5544.200366217213,4771.62198138325,6230.138756056684,5594.629948079771,1797538.5805522108,1796901.5870903225,72026.35571074268,[-0.55166476  0.81361533 -0.18356494],[-0.2147459   0.07411085  0.97385409],[-0.80594677 -0.5766608  -0.13383621]
81,142570.56137535154,45961.25424321629,177414.35439107943,6011.927292912838,3961.607829420768,6389.556420808835,5217.133759335572,2091230.7665012837,2090597.3815651517,73090.04432093058,[ 0.31618981 -0.94865775 -0.0085138 ],[-0.72321487 -0.24683782  0.64500492],[-0.61399044 -0.19778668 -0.76413099]
95,198094.20961690627,177340.06448619821,157821.7555399363,4046.2880054415727,8747.098769529712,11980.37142220138,9314.318709875344,3016484.1721145734,3015832.6364960154,119223.64066365451,[-0.56416849  0.80251069 -0.19414046],[-0.52142704 -0.16398712  0.83739003],[-0.64017791 -0.57365915 -0.51096714]
28,172000.5054951584,37684.54267541946,198501.63651218332,3611.524702334127,3288.456430432396,2372.548297896798,2893.400427982303,1404306.809048514,1404202.4713873575,24333.743748072386,[ 0.54376513  0.60140603 -0.58534628],[ 0.53299478 -0.78622874 -0.31266746],[0.64825616 0.14196885 0.74807004]
68,14401.545930454322,95052.9849368737,170316.2671533696,5407.396292689058,3258.4270782173617,6685.167899992078,6512.922373672547,1614374.0853210604,1613830.4086812886,53485.31976166743,[ 0.18263237 -0.86505782  0.46724767],[-0.98047164 -0.1249885   0.15183292],[-0.07294367 -0.4858527  -0.8709916 ]
19,40002.21004169875,169388.79153828675,2917.055059833057,6836.3797897626655,3983.518338157343,2630.918155659942,3250.855251040774,759552.5939397838,758972.1120359581,33624.967873801164,[-7.73087223e-02  9.66084011e-04  9.97006734e-01],[-0.97022456  0.23015393 -0.07545503],[-0.22953792 -0.97315376 -0.01685559]
15,66665.6516204767,23627.871082428785,136561.9474304775,3457.375973662125,1107.7681489699607,2941.5763543746007,2877.090761039434,595894.5163068916,595746.0337448957,14280.032883994656,[ 0.17797685 -0.98054801  0.08276378],[-0.88340153 -0.12215767  0.4524149 ],[-0.4335043  -0.15363303 -0.88795885]
132,178240.40370665523,162140.84512913224,91654.8825047393,6668.037391318938,6791.792282086526,7430.699170782237,5812.226121444684,2964627.0046626036,2963153.509529172,120904.29487200866,[-0.64316135  0.31170613  0.69941602],[ 0.3289108  -0.71238349  0.61994149],[-0.69149199 -0.62876788 -0.35565402]
89,176915.8323345169,7265.334180875063,32153.404004785843,6662.909719744366,5044.307357862982,9394.806869012365,6460.155166347547,1701187.6051130872,1699567.6860739798,101250.83962928531,[ 0.03588165 -0.99902783  0.02561064],[-0.17962216  0.01876261  0.98355673],[-0.98308107 -0.03989187 -0.17877431]
11,161701.3443709516,179708.42053907886,144406.97174941775,3259.4655779051204,4298.445749694201,1705.2633984173965,2306.430178963323,934101.3699223733,934009.7570795817,17103.159464319895,[-0.55365603 -0.1586633   0.81749065],[-0.60309822  0.75332559 -0.26224624],[-0.57422777 -0.63822137 -0.51277281]
35,16894.733833638806,24654.506155009123,169730.25225662696,5845.146482961664,3513.1425732521116,4650.487558920321,4800.61420280309,1020608.9258065241,1020125.3534194605,39819.54788213291,[ 0.27666658 -0.95449836  0.11130361],[-0.95595787 -0.26156284  0.13315193],[-0.09798041 -0.14324025 -0.98482591]
96,149054.67781305136,133145.25948289153,200031.55497812887,6681.870654317327,7432.902049220141,2801.894073858986,4905.225474769694,2772055.8812619364,2771315.173372458,89783.16805511466,[-0.57025904 -0.42097779  0.70539516],[-0.62997115  0.77521695 -0.04663715],[-0.52720108 -0.47097386 -0.70727834]
72,61245.69767970111,58462.53998374603,63817.88256246004,3348.6179174225017,9034.487619448788,4539.393599001428,5471.545491994538,903629.0702432495,901477.9943595508,76952.25498650323,[ 0.61916277  0.18539785 -0.76306297],[ 0.53394367 -0.81192141  0.23598257],[0.57579651 0.55354427 0.60170352]
71,107767.5422991791,64157.57278036501,87869.71949858541,3973.500537806827,2890.188375160106,10724.023168035561,6261.399556701602,1293967.645312726,1291679.2658496273,83850.81289995437,[ 0.55361743 -0.82951027 -0.07362367],[-0.44645421 -0.37026555  0.81460547],[0.70298391 0.41811019 0.57532381]
23,37864.72852612898,137121.7018603816,54146.19786992569,3442.602486881892,3976.651318513948,3331.367181422916,4468.023547952003,730485.4987723154,730388.9730314667,20732.419978054266,[-0.62538919 -0.1310531   0.76922912],[-0.73955717  0.41397211 -0.53073749],[-0.24888461 -0.9008064  -0.35581495]
53,33060.539370392886,186591.28274609524,197388.36441952173,7727.71756983353,3501.8905702829584,4746.346579445306,4468.82922521622,1993148.787730517,1992430.8018585288,63019.12118517798,[-0.11353034 -0.71250882  0.69241753],[-0.98618349  0.16543639  0.00853984],[-0.12063577 -0.68188121 -0.72144648]
24,52817.50986445401,29772.904231337234,125200.09982226409,3497.87722739177,7239.846068610364,5476.167045143099,7018.27847597336,683018.5622131082,682480.5282560848,33245.88144025037,[-0.87067668 -0.24568171  0.42610166],[ 0.31302812 -0.9450051   0.09475629],[-0.37938835 -0.21588389 -0.89969918]
8,90223.36370117235,16766.335370378147,10906.533623498359,2717.4073974382604,2570.416897571275,3089.7378333016313,2643.6771750802704,261667.3750590178,261570.71615303645,11516.764068407769,[-0.20062455  0.96364979  0.17643375],[-0.08086229 -0.19576976  0.97731033],[-0.97632529 -0.18180561 -0.11719915]
11,12496.615145035581,174118.60566097006,101844.97903465928,2205.7416374764143,1794.600531796027,2695.126026344508,2621.0894872276867,670400.3516719211,670385.8631065458,9625.052847243223,[-0.43765241  0.47723357 -0.76204231],[-0.89701425 -0.17343824  0.40655209],[0.06185303 0.86149132 0.50399098]
29,191565.3077584441,158335.12685399858,126775.22929697522,2955.499665955849,3918.9433170785023,2973.624462406267,3039.6064978295444,1502701.7189993316,1502592.7596912219,26241.657067437405,[-0.68402134  0.29258336  0.66821387],[ 0.24629224 -0.76961135  0.58909974],[-0.68662576 -0.56753269 -0.45436957]
35,37612.76619614168,127246.22152216743,125240.39448525698,3815.5774651583406,3816.747929700917,3016.301777716711,3351.3155539284103,1079941.4834720248,1079747.138619475,30848.53056607201,[-0.35253511 -0.6014558   0.71691695],[-0.91286336  0.38959947 -0.1220358 ],[-0.20591133 -0.69746912 -0.68639445]
54,135528.57430102697,141392.99210871017,3745.515652000077,10494.83355190265,6488.325976093778,2307.129479156763,8512.079888225706,1442378.2580288588,1440942.6812298275,68103.56463872666,[ 0.06328285 -0.08695454  0.99420028],[-0.71864994  0.68726805  0.10585321],[-0.6924865  -0.72118066 -0.0189976 ]
53,33946.52901095292,12990.966553666774,152953.8758561123,5320.660685714243,8878.837059650808,4726.133355682213,4442.045467621199,1147176.0869678946,1145311.7541326515,76622.31571193584,[ 0.87934738  0.41685261 -0.23017838],[ 0.42447947 -0.90526267 -0.01779574],[0.21579009 0.08205736 0.97298573]
351,190473.1050835088,47255.5270294746,17071.63834643743,8566.327466187511,12559.9794107083,8798.671636432722,9029.533408197425,3701618.8016867936,3698130.6800684487,281479.40252853715,[-0.1345375   0.19167838  0.97219291],[-0.21743672  0.95149028 -0.21768674],[-0.96675795 -0.24067747 -0.08633321]
254,87527.61299367948,174646.1836302673,34466.30144508607,10329.776398980212,10705.962474674963,7440.674924869193,12220.268945896552,3171155.2402327973,3168890.5595631762,180041.46196911036,[ 0.13173488 -0.25616295  0.95761499],[-0.88760464  0.39964133  0.22900832],[-0.44136597 -0.88015189 -0.17472471]
7,17044.703113775588,11095.174342330238,59002.04791884943,1771.0717610973172,2475.4366352053066,2148.1022629759254,2240.062632929742,165359.14344005464,165276.55347065572,7902.436074855939,[-0.77655437 -0.53927448  0.32580109],[ 0.5679624  -0.82301043 -0.00851698],[-0.27273068 -0.17842887 -0.94539998]
3,126932.6878671515,178190.00871309757,134416.35245263155,3309.293462544856,914.4531732948049,179.8875088472533,1945.1120382897782,444779.61230988335,444753.8105636282,4911.015455373509,[-0.02299649 -0.59155951  0.80593332],[-0.86892744  0.41049523  0.2765118 ],[-0.49440496 -0.69393877 -0.52346224]
160,57371.91739122019,169558.7921885256,80293.83879299997,7606.126705886122,8390.393196462921,8714.63150949278,7632.770432506028,2486970.906642523,2484641.8447934673,152631.62442239726,[ 0.58198956 -0.49994041  0.64136397],[-0.75917672 -0.05136834  0.64885437],[-0.29144272 -0.86453507 -0.40943896]
16,62366.590901150885,110631.63091155811,113333.02748100164,2835.36445801848,4965.668009261392,4483.949631770718,5549.768786650545,681456.0015992582,681251.838505363,18701.073359286627,[-0.87746538  0.00334376  0.47962831],[ 0.30951148 -0.75996363  0.57153995],[-0.36641117 -0.64995699 -0.66580685]
122,39590.054824168255,79081.84599860995,184880.2864923287,4903.533250957149,10277.298353208691,8481.210724176277,8287.655652298188,2268250.8610750986,2266456.1220984906,126096.36955115499,[-0.97897805  0.01269117  0.20357041],[ 0.06717355 -0.92232136  0.38054042],[-0.19258684 -0.38621527 -0.90207986]
51,93614.55862418302,90733.43087145979,90599.67141565886,3849.9514883730067,6927.516354945011,3775.394090639781,4414.814115594888,1135202.91898035,1134504.0696981214,54211.04596203941,[-0.39205331 -0.41512807  0.82095242],[-0.70656265  0.70736033  0.02026293],[-0.58912089 -0.57211017 -0.57063695]
14,170859.56871981564,173204.33988532837,31740.098632206256,4619.362795150561,1961.795746816531,4341.385139252451,4566.307309234788,918322.4603113158,918258.3314925444,17978.1444844466,[-0.71678322  0.67563879  0.17243562],[ 0.03416152 -0.21296933  0.9764615 ],[-0.69645876 -0.70580188 -0.12957199]
29,187209.17383156467,167480.90696740113,160349.9247131095,4256.104538297266,4661.51896254193,2719.2112018899684,2833.5575163311705,1605150.610770631,1605000.9152754173,33742.91618699336,[-0.39998077 -0.35986673  0.84291834],[-0.66736181  0.74473257  0.00127246],[-0.62820665 -0.56202254 -0.53804002]
24,51397.88027516896,180506.89652575867,183360.06421034774,4745.435144053888,3671.1139525785616,2615.5410324759496,2512.417372208723,1285739.676634849,1285545.7519693584,29677.43759202622,[-0.49398426 -0.54637005  0.67635739],[-0.84711955  0.47768392 -0.23282298],[-0.19587754 -0.68796646 -0.69880909]
31,141399.60334702587,64779.63172573752,191194.05806537272,3552.9010326630346,3195.284663785488,3787.589537184242,3775.578023896853,1372615.248721576,1372491.542901336,26744.01126989551,[ 0.44651477 -0.89436544 -0.02711137],[-0.6866611  -0.36192975  0.6304787 ],[-0.57369077 -0.26290173 -0.77573293]
3,146332.59744493978,67016.78827906014,97911.40061154997,769.2741858503549,449.3944213817443,1139.8768503287304,1331.1584773475925,326312.0520604097,326310.84423826385,981.882062609594,[-0.30847851  0.93433665 -0.17848261],[-0.54910524 -0.02169455  0.83547159],[0.77673963 0.35573077 0.51974145]
2,2367.877209065624,50812.13641554389,190142.0769555744,317.1390036586199,1335.9142063427753,2249.872178633421,2514.4777801638993,278382.6023561932,278380.35951160383,1117.4671344271433,[ 0.89811164  0.42194098 -0.12394069],[ 0.43960357 -0.8690795   0.22682487],[0.01200761 0.25819883 0.96601717]
4,196028.6611123801,153354.7278769041,90302.92487565431,1140.2461634809215,1368.0666537514142,1385.8868383473484,1679.4100707943026,529542.0988454478,529540.4251881242,3009.5661656869656,[ 0.16901092  0.33071747 -0.92847254],[-0.65058921  0.74507395  0.14696427],[0.74038435 0.57921565 0.34108685]
4,78616.02225202782,83590.2657892864,93474.78308040724,2069.5011257406545,1304.8274233463032,1759.487342665413,1007.6851856469964,296064.72348827554,296021.8355511183,5672.258422839929,[-0.03147822 -0.73178031  0.68081326],[-0.84670995  0.38147749  0.37088701],[-0.53112275 -0.5647765  -0.63161391]
2,59287.676774204025,139367.2316782007,92504.77733103027,1390.7514564140038,871.8132062767836,917.7412082352384,698.3582428403752,250993.72186888143,250981.57506340984,2469.29064375745,[ 0.15250161 -0.59076384  0.7923013 ],[-0.93014126  0.18516533  0.31709782],[-0.33403666 -0.78531006 -0.52125582]
51,21825.157548337273,149705.99982074898,194820.46539970263,7095.020074885679,5056.493947824112,5462.332155811145,4173.974273818211,1762697.8273291897,1762142.1872251602,67434.85331405904,[-0.55914524 -0.62604471  0.54352978],[-0.82434535  0.4897024  -0.28398294],[-0.08838182 -0.60684395 -0.78989181]
10,3738.08021777062,180442.89585701213,4543.299139131851,2120.820952792434,3414.568159024492,1892.0038822357342,3404.5650375629875,571075.961847206,571026.3150020231,8999.978598204152,[ 0.63725173 -0.03257204  0.76996707],[-7.70379246e-01 -1.64428821e-04  6.37585908e-01],[-0.02064087 -0.99946938 -0.0251976 ]
342,196458.46340885933,135437.87270562447,45653.673961657056,6117.4153515010275,11204.852424393956,16070.28330558282,10566.005342854889,4506819.649257915,4499055.232174691,327630.06919146824,[ 0.47687586 -0.8076969   0.34672054],[-0.34637167  0.18986103  0.91868355],[0.80784657 0.55819218 0.18922318]
35,131960.98289951103,158995.37621113542,74355.84881271918,4467.21960454953,6695.986739866825,4344.9584017662855,8124.126212993074,1300207.3000286138,1300094.1003847832,24796.733474080593,[-0.59818038  0.68823094 -0.41050994],[-0.53033553  0.04405331  0.8466425 ],[-0.60076988 -0.72415294 -0.3386415 ]
38,99907.1257958846,79059.07735774432,12138.8215860483,7672.133722159618,4540.638319758519,8193.209226497052,4182.810746978379,792085.3431349879,789701.8540431997,70194.62836733257,[ 0.4206361  -0.63151393  0.65134893],[ 0.46081629 -0.46971626 -0.75300397],[0.78148168 0.61689285 0.09343229]
24,43805.42889547318,158371.59231760216,200915.42389359872,3691.7074639241027,5228.811054996392,3300.1141249484017,4042.871844988192,1271914.165693722,1271813.596233389,29207.18408859241,[-0.67872892 -0.49757526  0.54013508],[-0.71477802  0.61641678 -0.33033732],[-0.16858065 -0.61028617 -0.77403576]
110,9474.298868331933,152338.60620516678,124075.31073996797,5283.331642002283,7109.361098126698,5007.830343461858,4677.8518650190845,2065198.5616973776,2064162.9645191294,95357.08695768818,[-0.91122214 -0.2245349   0.34533792],[ 0.40910484 -0.59108512  0.69516301],[-0.04803574 -0.77472735 -0.63046816]
6,201989.42025392162,70347.98701812107,153527.8490938866,1438.1072674054128,848.8963441562602,1598.865868137477,1720.999178618301,644937.51084207,644932.4431585025,3778.901738183777,[-0.01672014 -0.90047365  0.43458906],[ 0.64120973 -0.34315957 -0.68636113],[0.7671835  0.26718667 0.58313014]
58,196368.22201946224,132401.71786088994,155929.57805240608,4008.0471188742567,3841.7868850393256,6001.999217690506,4785.567777282072,2160196.631227218,2160021.473890357,50600.38282097493,[-0.67424056  0.69001612  0.26320604],[-0.2566454  -0.55311113  0.79259145],[-0.69248307 -0.46684668 -0.55001943]
11,44036.651287132576,116397.57168597425,43200.119342215956,1256.2741109586284,2704.6118830678665,2198.5460322851877,2364.5446457025982,437074.6434836317,436993.8986927276,9447.417670871135,[-0.93380383  0.26349082  0.24203926],[ 0.12751089 -0.386984    0.91322744],[-0.33429237 -0.88363792 -0.32776919]
35,153179.96787346434,107913.12784975304,103381.82868275876,4621.788899057325,5452.961206427953,4937.817940949423,5872.17112504553,1266966.9563887306,1266666.1276960575,37887.61557192955,[ 0.02220936 -0.70778744  0.70607626],[-0.69814854  0.49454348  0.51770201],[-0.71560839 -0.50444394 -0.48315727]
105,148687.4820728512,148434.20281346003,31266.672391204178,11658.127441259503,6955.270119073966,9055.684823034211,9109.857581213195,2182408.9847434903,2179140.1565741734,138566.03942611747,[-0.49582893  0.32714036  0.80444569],[-0.51293911  0.6371536  -0.57526408],[-0.70074756 -0.69786423 -0.1481161 ]
66,39885.58150178506,49342.62857831698,100680.70549358,5455.767968140584,3779.3579275098755,5349.966361038095,3615.148384932823,968906.6336755917,967629.534502029,62534.788451855035,[ 0.45573107 -0.85720164  0.23982191],[ 0.82490308  0.30549605 -0.47561231],[0.33443101 0.41458114 0.84633231]
58,154771.73306700384,57613.065715934354,13470.932601947796,3016.340553426063,9046.678490857226,7850.961037555488,4469.218478263154,1265116.790237775,1262630.2508343137,87896.77116814727,[ 0.29911667 -0.63737963 -0.71012424],[ 0.19629322 -0.68717897  0.69946697],[0.93380843 0.3486148  0.08043338]
8,152727.66403142284,1821.436965866897,202269.07536729405,3213.8291896060477,784.5081717582552,1774.7633233137167,3312.5806327488917,716969.3770023778,716955.1989137816,5003.164596614361,[-0.27587037  0.94019233  0.19983473],[-0.74881852 -0.34056765  0.56858112],[0.60263286 0.00721473 0.79798596]
156,68076.37831885334,82165.10379142295,29969.485897875697,7071.39267903808,3813.817715861939,13914.72697845058,7036.396486417929,1396880.5340251129,1388889.080349704,181011.22744153836,[-0.75915142  0.64904443 -0.04929965],[-0.21461103 -0.17807471  0.96032885],[-0.61451707 -0.73961526 -0.27447776]
123,116638.86577487444,9064.9773426567,181710.40324962643,4328.306624103233,5241.9465317737695,7362.034534589572,7046.294303733577,2398791.5973735256,2398708.0801673955,79026.64194355997,[ 0.77518169 -0.41484273 -0.47644397],[-0.32876165 -0.90891422  0.256497  ],[0.53945261 0.04219528 0.84095805]
61,170015.8886626407,11842.183131432985,93188.03386021408,5553.305605013398,3753.7692557388714,4720.062767785034,6125.053797557279,1518193.735837842,1518059.3393489036,42430.405563363674,[-0.17727296 -0.88233279  0.43596232],[-0.45001102  0.46662851  0.76141179],[-0.87525104 -0.06121013 -0.4797801 ]
14,54832.23370848878,4904.991714452036,115934.31694375128,3375.9773296655835,2162.357131642727,2140.228338252171,2861.330506140004,480487.3097544672,480349.2193143125,13192.237789547062,[-0.52093217 -0.80616482  0.28058505],[-0.73883918  0.59046137  0.32476459],[-0.42748842 -0.0381269  -0.90321647]
8,170553.88916791638,92842.2291884658,199632.42644056448,2853.6634288449195,3518.8840545358903,2063.795279261321,2004.0960356587586,787834.2520597472,787737.5600434766,12880.990384319153,[-0.70679165 -0.17528643  0.68536139],[ 0.35405903 -0.92639497  0.12819734],[-0.61244409 -0.3332672  -0.71682997]
2,56134.37534841962,151656.2338794368,75689.58547237472,1052.8752685671607,2156.3157137343514,740.6668835847959,2476.529277316251,252530.79634156506,252530.10902975555,589.1810628191762,[ 0.68398783 -0.51234431  0.51929178],[-0.65825866 -0.12666429  0.74205909],[0.31441403 0.8493877  0.42389191]
23,70929.67658681823,35522.84344871809,23560.441699619267,2917.7317274505417,2919.8537524055905,5313.80501204154,4403.257644413094,398015.027949621,397591.1202286187,24399.749893307482,[-0.48808967  0.85411299  0.17960921],[-0.16795769 -0.29385648  0.94097746],[-0.85648041 -0.42911463 -0.28688315]
13,200931.09144756728,201659.08278487137,34690.8081735172,2118.746652976671,2089.115084766584,4070.0129016524174,2189.2636898317032,1034144.0843059657,1034050.4051135777,16380.737870998493,[-0.69844362  0.64126039  0.31774458],[ 0.14584338 -0.30713208  0.94042522],[-0.700647   -0.70317494 -0.12099086]
31,31494.918303633214,95681.46142579206,133924.66725002366,4584.530192916084,5273.483884835319,3807.6991629537074,3647.1017332434726,933989.4931890743,933367.8487826779,39255.42232210063,[-0.76900694 -0.42056868  0.48140453],[ 0.61096943 -0.70505341  0.36002228],[-0.18800181 -0.57098308 -0.79914557]
17,25825.778899807978,77759.67838130082,116610.68573900404,1883.0967862486311,4092.6819336830135,4927.200885819468,5462.756899448921,588190.9447059996,588124.2179814259,15839.460128419954,[-0.8180195  -0.37852887  0.43308197],[ 0.54606754 -0.74762303  0.37798155],[-0.18070512 -0.54568828 -0.81827255]
4,202539.72429854763,134495.99576537622,191692.4720003971,805.5148355666863,1069.4125840227935,1581.4621834558106,1546.3487478720076,619230.247550335,619225.9541701752,2756.682986579258,[ 0.74713551 -0.49849297 -0.43965132],[-0.11765684 -0.75019917  0.65065972],[0.65417535 0.434403   0.61915155]
5,85987.61388581016,125486.69364666962,175772.32762471813,986.8675783301587,1274.4690619742114,854.1603851343474,1215.4740824722903,519805.584946877,519801.0187702145,3040.4375974462787,[ 0.86432309 -0.49845793 -0.06697233],[-0.34074917 -0.67832157  0.65097608],[0.36991296 0.53983289 0.75613812]
25,5590.409439581813,89143.68113590412,135684.89388485774,3646.8180776720983,2695.816637470056,3574.6167245418173,3814.4619803809214,812678.0405244421,812506.1020202341,21619.805102786362,[-0.3961765  -0.75981051  0.51549216],[-0.91752679  0.34869646 -0.1911946 ],[-0.03447862 -0.54872467 -0.83529184]
43,20237.644918491656,159087.57765779144,88455.80686173412,5202.994277660472,7116.718276716522,4736.890761861837,6222.797198177022,1202337.5110091728,1202113.6309935527,51047.77529091803,[-0.88507108 -0.13484715  0.4454946 ],[ 0.45214013 -0.47637559  0.75407931],[-0.11053731 -0.86883977 -0.48259606]
63,137825.1811077054,41741.58649414286,10462.429419070564,5397.015248433988,5850.206149273165,5996.604655444061,5216.0352494642375,1148401.8538992372,1147156.0932791447,67211.35453915145,[-0.26137882  0.69747457  0.66724083],[ 0.14289079 -0.65569553  0.74138087],[-0.95460114 -0.28912383 -0.07172223]
64,121345.34675228146,38296.98665495805,196428.75464657738,5448.582401604835,6429.480638156137,3339.9223568661773,5053.273433456637,1873480.3994955516,1873035.3864620803,60054.51806194794,[-0.84558125 -0.04686974  0.53178527],[ 0.12636681 -0.98540164  0.11408344],[-0.51867502 -0.16366683 -0.83915993]
182,100402.4649455104,191487.40925971238,15916.733966442465,7260.609548533604,7568.280563354817,7732.508730509656,7822.362899733081,2928757.1169423335,2927964.2593052825,140457.5569512907,[-0.68880408  0.41098118 -0.59719629],[-0.5577575   0.22579173  0.79870187],[-0.46309341 -0.88323981 -0.07370157]
87,55419.43916326952,12385.474218900474,190030.33246104003,6590.65289503515,7355.262287079343,4968.045294773511,5297.085506878901,1852369.405115234,1851026.4480625836,90557.34792592016,[-0.7785027  -0.56940227  0.26403523],[ 0.56187172 -0.8197286  -0.11110893],[-0.27970291 -0.06185533 -0.95809196]
17,67015.64818394688,136831.87378271332,179458.18485151767,2668.8944782822127,3149.8893993533984,3019.6620230737203,1570.2387902491691,970794.5110788163,970721.4293847383,20090.635599004145,[-0.9346232   0.34512049  0.08585639],[-0.21319118 -0.73692566  0.64147494],[-0.28465592 -0.58123353 -0.76232446]
11,100108.97168879631,16287.949107245502,151347.59345607474,2682.398050619981,4468.1184082333575,3330.96179672837,2132.8484497630816,604567.5409591257,604332.1942690781,19303.771724967988,[-0.70494107  0.58327643  0.40354269],[-0.44855175 -0.80735576  0.38337711],[-0.54941734 -0.08924849 -0.83076789]
5,143244.8877581328,77382.24220109746,97527.2388769747,1224.0286324205636,1111.8608804500368,1435.293884649982,1549.141012655856,424401.0360494823,424389.4879310055,3461.8817139544244,[-0.09406799 -0.70801635  0.6999029 ],[ 0.64922539 -0.57659806 -0.49602527],[0.75475665 0.40773464 0.51390161]
6,164395.32586792725,74800.7012957375,184033.1808623496,1608.4592307328912,1839.035763742171,1213.127231685655,1074.7921286095627,631642.5359127038,631624.4205055516,6143.743244151653,[ 0.44988286  0.61185552 -0.65056762],[-0.62540989  0.73585346  0.25958072],[0.63754834 0.2900905  0.71370836]
41,60033.852614662166,191529.58403552297,7397.300391333828,7276.071914599952,4756.521102016179,3945.2662438568013,5792.076040417033,1287465.6584296036,1286697.253034201,48877.62698827932,[ 0.46132448 -0.17805557  0.86918119],[-0.83519506  0.24341606  0.49315093],[-0.29938093 -0.95343843 -0.03641734]
9,96874.9845091714,128989.29648681557,13028.697630265138,1501.2900140278655,1053.7080824494851,2396.830512859387,1540.537038471527,485602.75852908654,485554.29469375877,7772.820714979731,[-0.79671729  0.60278747 -0.04346068],[-0.08313619 -0.03808549  0.99581016],[-0.59860666 -0.79699232 -0.08045682]
3,40396.26970530212,27123.753346604295,144922.32007545987,1493.955861698719,3015.097424148717,1422.2709835489757,691.9545159023655,264858.3421082492,264786.1471163783,6216.195427265847,[-0.85931796  0.48959282  0.14789021],[-0.43790276 -0.85371564  0.28179918],[-0.26422304 -0.17739357 -0.94800723]
4,47178.34563323934,41170.48168830457,87489.03377903384,1810.3016426881914,1280.476031238351,1573.0463930958701,1895.899540571951,215242.69917911149,215210.50189180105,3903.554565233902,[-0.7257317  -0.38289345  0.57158211],[ 0.52999516 -0.84088363  0.10963507],[-0.43865549 -0.3825014  -0.81318758]
74,86172.87232556287,84178.27837408222,109797.36431201505,6255.85871264701,4887.710114955115,5917.765481678852,3460.64469159094,1403910.5284265664,1403252.2812483446,79848.12981612998,[ 0.05845994 -0.81402371  0.57788219],[-0.84689415  0.26604027  0.46042684],[-0.5285383  -0.51632158 -0.67383922]
8,105391.55952925119,181257.712654252,45869.245430117015,1346.989212433193,2645.7401703857904,1650.9810277469383,2132.3529664761704,607132.3681727569,607100.4670324909,7455.312410315385,[ 0.65806802 -0.19883944 -0.72622955],[ 0.57084363 -0.49720061  0.65339812],[0.49100309 0.84454392 0.2136856 ]
24,115399.09822056291,163152.4488015132,64503.848096405825,3496.9545391231677,3476.4443043477027,3097.7688754701985,3320.8888420503454,1029058.625753618,1028952.5939246357,23468.31588791096,[-0.30158434 -0.15849976  0.94017271],[-0.77915548  0.60929837 -0.14721492],[-0.54951217 -0.77693843 -0.3072508 ]
