N,MEAN_X,MEAN_Y,MEAN_Z,SIGMA_X,SIGMA_Y,SIGMA_Z,SIGMA_R,LAMBDA_1,LAMBDA_2,LAMBDA_3,EIGEN_1,EIGEN_2,EIGEN_3
203,87055.29952754918,187335.95147997155,100623.71317315883,6163.354737824277,7211.060715403174,10185.728402704353,9122.028042772157,3279015.08509471,3277244.1075809407,150283.1177104632,[-0.79501306  0.52897664 -0.29688035],[-0.47392189 -0.23617118  0.8483049 ],[-0.3786189  -0.81511158 -0.43845279]
93,139666.39943785337,137820.80141545596,3761.5938817877636,11792.488694031157,8711.512865440882,2365.80367620625,8399.812332477268,1897896.6709326885,1894412.5255787459,118663.39159635092,[ 0.04995845 -0.07766626  0.99572692],[-0.70014823  0.70825515  0.09037201],[-0.71224758 -0.70167129 -0.01899456]
451,185450.025298969,44096.22880144511,26635.46175878462,14077.015348209126,11201.161569507938,18713.773901505418,12217.13533830106,4119672.632029248,4101941.619238002,474694.6740136874,[ 0.24493025 -0.964075   -0.10280358],[-0.1045582  -0.13167999  0.98576263],[0.96388628 0.23069413 0.13305436]
6,173005.930185235,24868.8870424256,181017.14367520835,2496.678385077165,1387.850461017918,1824.6489619229642,764.2920261160657,616410.3106144625,616369.5568384794,8087.125266604173,[ 0.24445622 -0.96437142 -0.10113811],[-0.68373964 -0.24539235  0.68722827],[-0.68756183 -0.09884509 -0.71936665]
235,191147.24497379857,182205.91959621056,111777.96445370346,7694.592808518445,5119.07148570621,7969.742493802352,6589.096616592611,4399275.080930469,4397752.601438089,156587.56016518123,[ 0.46406872 -0.76300262  0.44996358],[-0.58329231  0.11907211  0.80348734],[-0.66664106 -0.63533364 -0.38979592]
2002,104443.25145327186,88431.54509282603,151179.8917810415,23579.159374925566,31757.425081458365,27354.794464463692,21314.212105265004,9347470.801304214,9205994.741446914,1907034.8726738675,[-0.77945759  0.59724309  0.1890676 ],[-0.3583657  -0.67264508  0.64739681],[-0.51382866 -0.43686301 -0.73832975]
123,65940.67979737892,11425.60143604144,155396.8713031285,6556.003049166842,5335.418134382231,7024.494184613119,5948.990058412351,1879885.2575648113,1878114.487919294,103202.49651937628,[-0.3671276  -0.90317057  0.22248652],[-0.84488831  0.42383747  0.32638252],[-0.38907721 -0.06815223 -0.91868069]
1315,83472.76401364304,163500.79370640282,116731.28191461455,31776.410751749998,16648.33930999768,18231.798379815093,16101.920930486116,8011314.226518901,7922004.992543628,1337123.2474071083,[ 0.33834064 -0.65377221  0.67683639],[-0.8585621   0.07997617  0.50643354],[-0.38522296 -0.75245312 -0.53424486]
527,150727.53950728773,15214.23583777479,175105.71463232243,12001.180620702327,7989.146405921958,13975.111075866278,13846.40829806482,5332293.325542041,5327839.850682908,336210.9618507427,[-0.16337881 -0.96103256  0.22298829],[-0.74158132  0.26870035  0.61470096],[-0.65066467 -0.06493484 -0.75658374]
105,89813.10498807231,86801.41907845606,100741.10227956784,5854.934735576085,6584.811662174886,12101.616831750398,5248.524180922721,1650221.5838373527,1646369.3886951176,143950.51702537763,[ 0.68999309 -0.72376158  0.00887123],[-0.46005946 -0.42906664  0.77733334],[0.55879766 0.54043593 0.62902638]
394,101474.37298030083,173248.4993052798,187758.01923859824,8926.798202056336,14629.301223584982,11838.841648914644,12822.852232527408,5469459.307598599,5464969.5539446175,326122.60218340653,[-0.83425408 -0.09962065  0.54230605],[ 0.41000174 -0.76971091  0.48932984],[-0.36867152 -0.63057184 -0.68297911]
1312,104808.49008036019,24225.242292265506,76043.33914302013,20512.57408495409,16869.235661116,19512.04214377827,17734.45747234327,4874963.659191223,4862885.599019002,987164.4213277895,[-0.02389151 -0.94653339  0.32171997],[-0.6029237   0.2703416   0.75059872],[-0.79744104 -0.17603966 -0.57714628]
99,140623.48413153115,153953.76011361627,22510.790680714912,8307.005496117245,7280.167877580136,8552.481065167089,9649.61182343864,2090724.1313084022,2089490.262577445,101332.60059832198,[-0.72530725  0.61875562  0.3017795 ],[ 0.15507086 -0.28025158  0.94731836],[-0.67073275 -0.73389409 -0.10731754]
63,37923.89774437049,76639.91834840261,192417.50643364736,5098.668701341194,6049.93669485317,6569.134832847042,7145.515885121942,1672966.0656686479,1672551.3567010444,58882.058879238335,[-0.70899634 -0.59591898  0.37710047],[ 0.68185571 -0.71575434  0.15089242],[-0.17999164 -0.36411029 -0.91379796]
11,41491.11864465703,5468.500341364324,3773.842958363588,2709.308833614548,2681.457908430388,1658.5797584526536,2760.1929137902725,139929.09303493742,139782.03942968056,10272.649674206537,[-0.05091819 -0.26427466  0.96310241],[-0.15028966  0.9553992   0.25421525],[-0.98732991 -0.13180016 -0.08836495]
8,170308.29633190174,14610.335709828614,39048.87834353468,1932.4304138531559,4007.9310829840756,1379.327018369172,2076.9823417283574,496088.3750154147,495980.21002776193,11757.663388455705,[-0.2341467   0.17198135  0.95686872],[ 0.04166121 -0.98154996  0.18661193],[-0.97130823 -0.08355887 -0.22266173]
82,54433.75005406961,168043.6889824816,83706.78740232252,6692.842279452683,8105.8127152949755,5528.549923283561,6755.537805660549,1772635.512461908,1771809.815643471,88251.77007853513,[ 0.0639202  -0.46119264  0.88499466],[-0.95857196  0.21829582  0.18299381],[-0.27758603 -0.86002807 -0.42813282]
230,165392.44330190797,152969.8999633341,147541.07712157225,7888.138836446528,6197.531859926604,7254.205756439412,7340.840393269942,4087513.9500607573,4086610.6094185677,151123.27317484267,[-0.76983412  0.58357207  0.25845515],[-0.17289586 -0.58048498  0.79570359],[-0.61437972 -0.56787395 -0.54777434]
616,186105.47955721762,155898.94504304498,38522.119180412534,12594.071788083926,25784.400587734173,15867.260266367426,15681.728007682543,6147574.381870585,6120464.488482024,716860.2797325804,[ 0.11862745 -0.36964469  0.92156949],[-0.64586533  0.67622301  0.35437328],[-0.75417869 -0.63724818 -0.15852208]
370,148397.04239209808,113894.80441082169,139283.5089274566,10473.755822523162,11564.32178298791,8050.6284921255765,7223.7551725283465,4496704.139269484,4490477.038332431,307631.3211559218,[-0.59529144 -0.18160065  0.78271917],[ 0.4902899  -0.85385433  0.17478156],[-0.63658771 -0.48780527 -0.59732914]
5,136252.1776037658,54738.491467612854,143751.18399829362,1747.543912350303,1692.510161317859,2745.716192435754,2447.8842068406893,459542.4428641236,459534.0555157858,6114.091411909607,[ 0.63491579  0.29503029 -0.71403016],[ 0.39656082 -0.91762497 -0.0265317 ],[0.66303956 0.26631099 0.69961203]
1755,174719.19146339744,101113.92245554015,75068.7022241424,14662.09407493784,22042.78983377266,33600.86106992697,26196.183748962216,9170446.269509265,9113861.58067903,1441748.8716887762,[ 0.36689435 -0.87224282  0.32338984],[ 0.46549492 -0.1288402  -0.87562245],[0.80542101 0.47179726 0.35875386]
65,195771.84539575182,198050.94773217692,72169.86474194763,4354.381051186635,5021.056380371084,6826.135002667968,4033.097918517425,2320305.869987534,2319880.3588857744,69587.01870640248,[-0.6262578   0.72416995 -0.28875431],[-0.38045997  0.03939789  0.9239578 ],[-0.68047878 -0.68849523 -0.25084444]
47,186454.80895028415,162440.63829692983,161321.75261068039,4141.275918519841,6272.366749550061,3268.0220852754574,3364.4844783270196,2024829.8645622144,2024449.1614339089,51263.26066025585,[-0.60102102 -0.09784886  0.79322086],[ 0.489906   -0.82926606  0.26890502],[-0.63147909 -0.55022123 -0.54634308]
90,53092.46537904333,14728.87336610423,189796.54399713097,6286.2961539502585,7269.734312595631,5065.08442830505,4880.47603775067,1877348.3887100352,1875862.9503826753,92038.57929081701,[-0.74754028 -0.61270224  0.25647515],[ 0.60746556 -0.78681862 -0.10909654],[-0.26864312 -0.07424576 -0.96037412]
63,166305.56044285616,55393.34462509551,191704.7531603537,7345.83623299431,4169.2732581694745,5856.838976415194,8547.130544304062,2063268.9105319085,2063066.9431830365,45262.090922087315,[-0.32273397 -0.7970454   0.51045217],[-0.69698213  0.56500929  0.44156587],[-0.64035826 -0.21326773 -0.73787409]
2491,21839.85521162413,60797.61708476021,51886.98131203028,12564.888942725474,36978.6727265245,34458.42022441393,37758.99874805788,4815152.505037712,4634687.336868791,1747260.5717348556,[-0.97523989  0.20404842  0.08527246],[-0.06463645 -0.6317467   0.7724754 ],[-0.21149298 -0.74783712 -0.62929355]
96,152083.17770162097,154014.4315992091,188251.73218361064,5496.674065658932,8889.659357321301,8014.200046622096,10633.159101192705,2813334.3130317437,2812849.147419781,75619.33936919844,[-0.30387791 -0.60222358  0.73823098],[-0.79180584  0.59056008  0.15582779],[-0.52981292 -0.53718297 -0.65630231]
16,200656.59001445863,5205.58032771712,129004.8669843802,2585.483988944747,2319.4256750955856,4321.493133317395,3807.117708978111,954648.4606154679,954572.4892524375,16087.89430445981,[-0.20676753 -0.91037115  0.35842929],[-0.50016068  0.41321137  0.76098335],[-0.84088434 -0.02192559 -0.54077055]
396,168931.56819594986,186344.46903590232,195072.7161234595,11126.270591688677,9492.851428743003,7591.779691933476,9180.908728922986,6341104.461346893,6338270.931818704,271393.4606685726,[-0.14495724 -0.64964564  0.74628944],[-0.83504023  0.48491872  0.25992624],[-0.53074967 -0.58550352 -0.61277273]
64,187460.94045203214,70653.52750343652,124780.97525093003,8483.891295085097,4240.221700143652,4698.066941247559,7937.391295545301,1889816.516982696,1889410.2158829903,56130.95257119275,[-0.34601069 -0.49248865  0.79858095],[-0.49902068  0.81738089  0.28786602],[-0.79451556 -0.29890368 -0.52858454]
116,190796.7166538463,32046.247456276913,123866.24789232429,7094.79410961533,7033.256120310324,4887.538772759287,5977.34914047189,2476464.8228349644,2475716.389404805,100140.82398995457,[-0.50600819 -0.21524928  0.83523856],[ 0.23210611 -0.96662102 -0.10849222],[-0.83071202 -0.13896602 -0.53907883]
148,13027.10764964135,101942.78849941389,170629.44034951692,6254.628525452754,9093.915330632415,6251.136261843078,8228.055478302369,2427407.0505020777,2426039.595237545,117811.37339093577,[-0.75031511 -0.54085031  0.3801423 ],[ 0.65793193 -0.66698679  0.34964869],[-0.06444229 -0.51245445 -0.85629295]
47,173936.43015726554,5000.609783084222,116421.99586814966,5258.827852498972,2456.534000636382,5892.717830449859,6340.114446453545,1436346.334883783,1436075.986793749,36399.99827587417,[-0.04172921 -0.99359953  0.10496973],[-0.55516668  0.11040812  0.82437856],[-0.83069166 -0.02387503 -0.55622059]
117,147429.07084838208,197450.02766117963,167952.05314996286,8308.160225014899,4779.50984775988,8689.054138633512,6346.833544172546,3227715.566780154,3227340.145472717,121862.51418710018,[-0.7312356  -0.03358629  0.68129763],[ 0.46981051 -0.7489217   0.46732684],[-0.4945428  -0.66180681 -0.5634174 ]
22,72973.20645895715,35131.02743192315,29592.136761488815,2735.477726306614,3992.7591027980698,4484.882233671017,3003.2726584942748,405484.4327328421,404842.0310328017,27199.574787619178,[-0.5325949   0.62716374  0.56833821],[ 0.01613042 -0.66385722  0.74768536],[-0.84621657 -0.40738095 -0.34345056]
3,32363.032676953804,57259.017102492835,86599.94919367983,195.0428761020632,1153.9586296869766,1816.4011575302395,2013.8322289841958,188389.27264997526,188384.468321733,1364.053387319365,[ 0.07181975 -0.8441352   0.53129811],[ 0.95202288 -0.10085384 -0.28893068],[0.29748001 0.52655889 0.79639273]
837,18012.186958127477,145982.03926509392,27239.536555230112,11887.485804618245,11780.620557973885,10411.237675632772,12078.846748196056,4357797.674872298,4349343.324535247,450060.08062091866,[-0.49591712 -0.10095348  0.86248166],[ 0.86002703 -0.19444649  0.47174577],[0.12008216 0.97570434 0.18325206]
103,70986.16831891626,78162.1770449316,135576.45755502066,8852.465282211559,6900.143521965765,5481.568216492418,4323.454190168446,1747457.367070355,1745706.739859147,118682.87066423288,[ 0.03749078 -0.87386985  0.48471222],[-0.9100323   0.17053304  0.37783554],[-0.41283853 -0.45526912 -0.78885637]
55,194474.3993736857,167548.53491944604,12294.304073238181,6185.733027888767,8617.094946336485,5079.161908523835,9416.425382468518,1907742.4275438348,1907305.696711513,52472.826089685266,[-0.54532911  0.58934664  0.59605931],[ 0.36093214 -0.47670423  0.80154917],[-0.7565343  -0.65224506 -0.04724655]
344,147518.0318450749,13545.666490304195,12612.720758091973,13057.379540531556,8305.039198540406,9489.831519013087,12888.365022440326,2774367.7296087733,2771496.138725857,236752.62080846488,[ 0.01817984 -0.78944843  0.61354761],[-0.12225738  0.60728895  0.78501801],[-0.99233191 -0.08928222 -0.08547548]
1293,103655.49363828568,118705.32907431578,47333.184671590636,21819.929982576345,16230.787916437152,18129.873437501246,17182.24620705244,6004278.628470382,5981516.198563289,975044.1725961621,[-0.32936088 -0.09095981  0.9398126 ],[ 0.7011904  -0.69015443  0.1789382 ],[0.63233965 0.71792282 0.29109002]
41,173661.99979377264,11924.723430688386,96311.3246337372,7243.2324498411235,3281.010749560474,3221.700377794832,7272.75292119152,1274856.6235083637,1274836.2300769228,29104.207656874816,[ 0.33708139  0.642785   -0.68789794],[-0.35228321  0.76369499  0.5409866 ],[0.87308229 0.05997838 0.48386973]
125,179401.07361833315,163501.55519409582,89734.98427560335,7018.265120260678,6110.433209309019,7960.645052938616,6482.445599939378,2895826.82903206,2894959.6963269445,115561.4661195893,[-0.70549544  0.49699832  0.50524139],[ 0.14675223 -0.59500227  0.79021268],[-0.69335414 -0.63163675 -0.34683577]
6,202652.22743814182,188597.3365272393,154574.8245476114,1319.7764326958704,4256.205733061896,2861.866956526488,1874.933100748427,776739.5225139895,776677.4434558833,12145.60508973417,[-0.69545933  0.17631026  0.69659961],[ 0.32842391 -0.78425693  0.52638275],[-0.63911975 -0.59485776 -0.4875143 ]
112,143950.59615724089,132337.7233080467,199318.66193914998,10769.598655666185,8523.111210083693,3556.9213537286623,6649.049392022557,2957937.750622047,2956657.6610776437,132563.09102969483,[-0.38821315 -0.61315427  0.68799157],[-0.7636035   0.63197511  0.13235238],[-0.51594597 -0.47397183 -0.71354779]
452,12820.261587816629,48126.18896853878,154732.78618073187,8350.78360799154,14995.055250611227,14705.003214003544,13800.194307150874,3484725.448296553,3472967.0457769125,378307.3553934204,[-0.9924184   0.11361229  0.04688249],[-0.09435748 -0.94872234  0.30169949],[-0.07875524 -0.29498841 -0.95224968]
166,142653.35988616865,197655.50026032559,91079.61248687196,7611.511174342444,5188.420483411894,9321.043804556835,6341.61064081034,3355570.6272039604,3355028.629787881,147373.3171972565,[-0.75490901  0.62966066 -0.18341168],[-0.35987598 -0.16391714  0.91848813],[-0.54827152 -0.75938043 -0.35034227]
63,172221.25887966916,200279.33027234947,107741.67231534178,5277.617029571174,3079.046677589996,9457.180298847901,6971.688204000045,2265853.529007678,2265128.456689118,70600.19667476589,[-0.78953459  0.59197738  0.16185767],[-0.11025183 -0.39626466  0.91149265],[-0.60372151 -0.70180987 -0.37813125]
28,61810.35455536603,7094.574620598809,36552.87543047445,2949.3492638166276,3643.050822187442,3559.463903152305,2282.694288631636,382627.0273305253,382505.183968434,28570.47014560291,[-0.16721856 -0.87604472  0.45230918],[-0.48807849  0.47216399  0.73405759],[-0.85663139 -0.09801433 -0.50653317]
110,78770.57099814799,130241.3381731709,132153.38716509307,6117.618223186781,6625.621257027105,10062.789117012706,8081.324865290484,2118193.7060742835,2116467.0062822667,114276.7101893521,[-0.90429724  0.1363751   0.40453472],[ 0.17161481 -0.75153346  0.6369818 ],[-0.39088984 -0.64544503 -0.65620565]
7,60835.627812569044,52252.88776610291,190662.87228446556,1912.0687439044011,1214.8376278455994,1751.3466645422243,1775.8879567313088,547299.2981897438,547278.8786908432,5954.536152416417,[-0.44507568  0.88968697 -0.10180731],[-0.84581177 -0.3803165   0.37411471],[0.29412598 0.25261918 0.92177734]
21,33747.83310496109,200659.20378539333,33796.02879842018,2819.887766094466,2450.6210013934774,2236.8557228030404,2437.4084252270854,945384.2444329914,945341.0872453527,16546.19352656761,[ 0.1997149  -0.19531821  0.96018996],[-0.966101    0.1243552   0.22624024],[-0.16359346 -0.97282402 -0.16386153]
19,105160.53045339095,150186.38341355647,34230.01313585446,4459.436538988947,3167.415790989391,4497.923678563847,4969.44894680465,813470.367129534,813372.5113961655,21892.987379070197,[-0.82575487  0.55165369  0.11750364],[-0.00678624 -0.2180312   0.97591821],[-0.56398834 -0.8050718  -0.18378397]
35,10684.703424025036,145095.42520644344,163487.90410102412,4044.8949616060786,4304.226980900361,4084.5108799626105,4852.317419655132,1295327.0490620912,1295148.7767118947,31420.418211409175,[-0.4921247  -0.63493612  0.59554127],[-0.86916839  0.39655656 -0.29544745],[-0.04857554 -0.66302264 -0.74702168]
9,181303.31341666245,91828.17105825068,130809.30206174187,2112.3104941815477,1583.181569611908,2933.307643754067,2402.4071240414596,725161.7021983326,725114.8748858037,9382.655916939524,[-0.22239508  0.91573449 -0.33462033],[-0.62278336  0.13063395  0.77141147],[0.75012087 0.37995409 0.54125185]
49,32241.643845253704,186689.309388736,192841.9216134927,5631.113491281547,3667.6822781376677,3976.9160734389434,4253.427171425367,1893024.4373842448,1892670.0698579084,46002.72753419064,[-0.35285254 -0.64210972  0.68058077],[-0.9280461   0.33288691 -0.16708304],[-0.11927079 -0.69056601 -0.71336741]
33,26627.57539819875,192895.55578119564,90490.97152649748,5278.096642120316,2170.7871937116565,2715.832420435328,2196.815611948081,1233930.0992017076,1233657.209350817,34077.023461446035,[ 0.20504305 -0.4387493   0.87490365],[-0.97085098  0.02218543  0.23865495],[-0.1241198  -0.89833561 -0.42141122]
5,60979.74305441128,178102.96315150923,24690.715158281873,1961.631885799214,1192.582283812643,1403.6228247517988,807.0346049484057,424583.9157845901,424565.8770769569,5742.663528655997,[ 0.15766447 -0.18837123  0.96935968],[ 0.93381073 -0.29080831 -0.20839395],[0.32115328 0.9380548  0.13005294]
82,115745.95847352444,71730.52372001135,105372.37106407632,7636.008676572406,7334.464072531373,6999.939308065996,9984.792723884764,1562871.822343669,1562259.9546395645,71387.82524269693,[-0.73656888  0.45921162  0.49657928],[-0.07391812 -0.7844468   0.61577539],[-0.67231124 -0.41685478 -0.61174316]
182,67559.83758141946,82173.01900832282,28784.750186862057,6305.571050755693,4016.061264425665,14578.411932780373,6987.1926549739555,1501346.4163529624,1491366.8401492103,200940.5373983155,[-0.77214321  0.63544506  0.0021065 ],[-0.16737388 -0.20657537  0.96400861],[-0.61300966 -0.74400013 -0.26586268]
317,191207.36148998997,51392.1231779318,152581.08734735523,10218.9570212238,17455.892170018262,10753.527115101811,10242.482272165409,4466857.6718048835,4456627.043851869,363595.8670948248,[ 0.5351591   0.32562526 -0.77946965],[ 0.35893651 -0.92293506 -0.13912386],[0.76470212 0.20532671 0.61079589]
495,91608.96320330814,180995.68883036196,23541.645443733054,11289.75577590041,12504.846172289908,14017.3465313684,13701.440930877043,4565811.769031536,4557618.346816853,381814.85386074637,[-0.84069432  0.46225023 -0.2820599 ],[-0.3025834   0.03096948  0.95261964],[-0.4490839  -0.88620856 -0.11383338]
117,125098.63852835362,6876.390024282377,125587.57163158145,9116.903242560345,4901.217027745834,5343.659911267119,7784.191354769169,1922326.948388137,1921282.308132572,94217.34505357718,[-0.17405535 -0.95834815  0.22643667],[-0.68669846  0.28293517  0.66962147],[-0.70579739 -0.03894252 -0.70734258]
67,44134.83609191345,90289.39348244935,179472.5846290159,7738.965484401543,4965.323516695861,5862.533455080546,6444.153808053372,1685857.2095066651,1684689.3269302596,72419.38660299436,[ 0.45934696 -0.8337296   0.30642343],[-0.86188335 -0.33490931  0.38077927],[-0.21484289 -0.43901105 -0.87241723]
240,48481.702499165855,73307.91812170079,112789.88099276117,8465.290118206261,7424.813534129989,11647.180943596935,7195.83468175456,2226583.2353470395,2221013.7236864655,222529.2136792868,[ 0.69720155 -0.69984941  0.15530872],[-0.63246484 -0.49850671  0.59285688],[0.3374881  0.51156804 0.7901898 ]
432,163721.30898891375,193799.00549154647,13120.63982801094,13513.002066173076,7932.123871815715,9401.123409586824,11255.491862551526,5290548.403727122,5288394.144890178,299341.6245324374,[-0.33097232  0.2174297   0.91824923],[-0.68860665  0.60968292 -0.39256544],[-0.64519626 -0.76224082 -0.05206463]
156,39371.01897700647,14164.211651323889,64721.42022677351,10393.51597632264,4993.26411492605,6679.821569997865,7930.810173276461,975299.006000842,969565.1122507892,131467.44751036007,[ 0.0590552  -0.98168828  0.18110936],[-0.85531646  0.04378906  0.51625214],[-0.51472928 -0.18539319 -0.83706817]
127,68134.75878830829,191122.52990211264,196033.44364199688,5780.805571129415,7007.493317934615,6727.789428370407,7435.932974858725,3181551.8462798833,3181080.3847298264,95548.94464306918,[-0.1303432  -0.68690791  0.71496026],[-0.96170172  0.26296599  0.07732196],[-0.2411233  -0.67750012 -0.69487635]
98,116049.3291810905,8668.471941364622,180182.13059207314,4791.953201658771,5085.819914422348,7999.413633784221,7123.5825193898445,2125421.4144931706,2125140.33656367,77974.39044953517,[-0.1500581  -0.97817443  0.14372666],[-0.82773943  0.20379653  0.52279481],[-0.54067551 -0.04051863 -0.84025486]
6,149582.4590973245,141616.35719376002,24295.31049742643,1128.9523494874013,1289.9752629333757,1947.0333653180587,1224.0477859749692,508089.1185595633,508074.08268508606,5597.310641349457,[ 0.5981713  -0.69904858  0.39181906],[-0.3494301   0.21248291  0.91255116],[0.72117245 0.68277529 0.11716744]
72,12790.706983318005,119178.04543695698,151933.76080231008,6157.701581310364,6562.044223577581,4130.647845872668,4850.691334086081,1643993.1322552334,1642847.7686970723,73360.35928509706,[-0.67745406 -0.54997711  0.48844772],[-0.73261565  0.56390349 -0.38116553],[-0.06580506 -0.61606658 -0.78494055]
28,30649.063713317217,123346.17549314292,165094.16862989226,3536.875059151742,5699.962812933495,6757.495738949105,5363.072164045827,1103504.1712071472,1102967.5855547094,41987.736647089085,[-0.91635366  0.38307846 -0.11639096],[-0.37249193 -0.70914719  0.59863179],[-0.14678463 -0.59191313 -0.79252326]
6,22189.168255535216,74069.75388853616,169511.99204200582,2675.679814512544,878.4191711723588,3106.06254701268,3124.985402684237,456487.1490682948,456442.1584046217,6856.949311508413,[-0.20111482 -0.88770989  0.41415455],[-0.97230003  0.23230951  0.02578628],[-0.11910278 -0.39749648 -0.90984124]
109,197694.04929845742,179666.40205277933,159244.34798288412,3754.3143127280837,8571.774927861077,11818.85360784751,9010.12756485284,3249961.354290718,3249124.5142165297,125764.73802283515,[-0.66675708  0.74515011 -0.0136497 ],[-0.38977917 -0.33304527  0.85857617],[-0.63522216 -0.57778211 -0.51250428]
17,65583.87162205983,103494.88522997602,141311.3024495087,2462.0900694033107,3435.434141570027,3443.7733553747817,3443.206377604755,771441.3340845195,771329.9106064085,17433.048181216396,[-0.79308443  0.6045066  -0.07475864],[-0.49809254 -0.57298563  0.65083891],[-0.35060079 -0.55340693 -0.75552621]
2,84151.30219050865,38219.883598285,46167.08453252686,174.8783590005478,147.6031292309308,75.93032062670318,121.76888251592754,146107.21399982984,146106.9175955698,294.3017387726587,[ 0.45193315  0.07832593 -0.88860648],[ 0.36373227 -0.92574804  0.10338952],[0.81452763 0.36994001 0.44686589]
89,13228.148180670569,63395.52395638179,112787.436761971,6330.4826956987245,6341.672477937541,5554.074312839731,5246.591457942353,1230308.8556372924,1228617.636409992,86536.15690354671,[-0.68182592 -0.60100144  0.41702599],[ 0.7245415  -0.63336459  0.27182513],[0.1007622  0.48749006 0.86729489]
14,58536.627581659006,123951.3125300606,47265.833549020805,1804.8356613678313,3206.626339952276,2104.8524534317035,3135.226910422377,542734.8793411664,542692.7849244828,10640.615499376418,[-0.24531422 -0.24222777  0.93869412],[-0.88146531  0.45878263 -0.11197054],[-0.40353418 -0.85489427 -0.32606128]
47,72512.5619322206,139637.64331615894,199175.23733935627,3155.3591161857285,5211.243141373814,3201.547513674343,4358.091413825998,1740705.8484221543,1740472.675938932,36563.28364575909,[-0.73949737 -0.39424387  0.54563304],[ 0.60957371 -0.7360705   0.29431295],[-0.28559331 -0.55024721 -0.7846429 ]
2,43074.135378575214,87465.90449004278,68830.78639044863,313.8443066578948,1143.4411042464344,1296.6721101109288,1472.5219190358766,168798.28231572453,168792.839555369,1355.5174563566982,[-0.30341258  0.67705092 -0.67047957],[-0.88189616  0.06692783  0.46666887],[0.36083233 0.73288657 0.57678186]
13,115603.31905044854,77683.87465061546,87535.3917869172,1801.1122426008228,2349.210287645946,2695.939643163234,3115.3857323290617,593281.0005670241,593251.8984531641,9050.591855214954,[-0.10687639 -0.66943555  0.73514181],[ 0.70347161 -0.57342231 -0.41989826],[0.70264154 0.47227419 0.53221421]
41,121914.51511651298,197705.8945846838,188914.4990482243,4734.738614689996,3248.277808951158,4154.304682422431,3156.9836763462736,1917507.156767395,1917307.3148155347,40658.76047864484,[ 0.48676647 -0.74146375  0.4618332 ],[-0.772814   -0.11907663  0.62336128],[-0.40720625 -0.66034253 -0.63097608]
81,196095.5658653131,148383.18068948624,62968.578364545145,5498.047335167279,5150.1968794728045,3820.998737662777,4517.46130280499,2285661.47835323,2285135.910586533,64107.86463475729,[-0.34814298  0.06313806  0.93531281],[-0.53098472  0.80896469 -0.25225257],[-0.77256178 -0.58445677 -0.24811003]
15,200398.95568388572,201453.69191129986,34230.55048246111,2423.434844061914,2091.0609975611655,3965.6798082293244,1937.7962570897,1108607.314143971,1108551.8622904632,18265.202209763993,[ 0.70858563 -0.70561199  0.00425607],[-0.08741125 -0.08179126  0.99280888],[0.70018974 0.70386213 0.11963454]
37,144414.867780046,49043.54458777313,84441.50452690697,4216.278067231594,6515.613200639531,5571.862259336894,3917.237673857204,1061809.2196882905,1060883.1496905347,52896.7943548615,[-0.55946023  0.45456095  0.6930935 ],[-0.02553776 -0.84526008  0.53374453],[-0.82846368 -0.28090878 -0.48449787]
4,62129.26073594989,134985.38368166465,151255.72377884883,1309.76979398643,1791.5935725734685,2774.215751945621,2748.860602047538,424129.51990594424,424110.6695162952,4517.250469281029,[-0.16571217  0.76862747 -0.61786025],[-0.94167377  0.06275218  0.33062468],[0.29289929 0.63661132 0.71339753]
141,9848.89786141708,154141.98432739015,126170.85557542094,4863.630237752772,9458.243809377369,5392.171714692052,6638.699019451986,2371732.0419916105,2370223.215277323,117525.65964548943,[-0.99867645  0.02911856  0.04239648],[ 0.01438813 -0.63322737  0.77383208],[-0.04937949 -0.77341788 -0.6319703 ]
103,141894.3777368611,53630.22448679404,181199.2123414552,5157.673532941381,8602.053515144476,8923.148735039407,7635.287981639428,2401765.763822459,2399937.3778622705,112610.96192155487,[-0.39668637 -0.74793959  0.5321901 ],[-0.69493977  0.62347773  0.35823769],[-0.59974882 -0.22773206 -0.76709808]
22,63352.88611259363,167052.45904664233,64971.22992799403,3344.857754595423,5106.239115020576,2093.3132242506217,4092.5755753617277,892124.7244084096,891977.8102323681,23276.515431143544,[-0.26923432 -0.25859076  0.92770885],[-0.90367508  0.40089537 -0.15051328],[-0.33299284 -0.87887071 -0.34161681]
10,188750.6182858573,18692.17823698609,201338.9452380907,1367.6680501677688,1835.1412452465308,1982.710720831701,1332.9595558616268,874757.4933138668,874745.7960685344,8590.353653746399,[ 0.54166257 -0.71538253 -0.44139494],[-0.49090324 -0.69546033  0.52473702],[0.68236037 0.0675482  0.72788843]
169,128904.91671053835,172154.6741765059,153834.37629157555,8223.844687873176,9138.841711316874,9221.631707538318,7863.101468202453,3441476.6604592004,3440826.065152664,171216.4350858291,[-0.78247983  0.62139142 -0.03997536],[-0.38752444 -0.4357232   0.81238544],[-0.48739115 -0.65116664 -0.58174898]
37,35079.226979872314,11280.988457590644,151930.66873267098,3286.5659098280958,4149.685070416679,3788.956889692361,3861.0304242781294,951637.3972546271,951376.1769087518,31943.8235755231,[-0.89318088 -0.38360864  0.23467494],[ 0.38964895 -0.92070076 -0.02199543],[-0.22450303 -0.07179495 -0.97182502]
29,25669.26473706732,191943.23502816478,44252.964369322865,3446.9552342589545,2938.6835759659157,4159.640678859062,2535.199317282422,1070077.1922426187,1069984.500200091,30151.886126855203,[-0.95742522  0.06302739  0.28171706],[ 0.25818032 -0.24964061  0.93328585],[-0.12915059 -0.96628521 -0.22273979]
5,59345.19416212919,195929.0481970963,96334.7140830528,1986.8385486067957,2863.8705186646525,640.380508554464,2525.710212248806,505964.65041806817,505963.18842870824,5552.433902191099,[ 0.85993542 -0.00962691 -0.51031206],[ 0.43783331 -0.49994687  0.74723163],[0.26232245 0.86600257 0.42570704]
49,43443.2455903067,106191.86974927894,6289.729577666957,3783.8056203224933,4252.468246289194,4432.280812528953,4399.571974543106,805662.4193095678,805202.6637537464,40112.25415308285,[-0.7834635   0.35079305 -0.51296118],[-0.49317603  0.15125178  0.85667981],[-0.37810362 -0.92415753 -0.05450247]
21,89987.42704772516,124595.85323428185,169807.1647893764,2569.2799948428415,3877.9541135938052,5083.442055150687,5408.036230718752,1049977.953806228,1049914.8132249853,19635.102853598197,[ 0.67566399 -0.71766053  0.16864615],[-0.62386771 -0.4347422   0.64945231],[0.3927687  0.54402443 0.74146488]
47,195703.71430508397,52278.220561473994,195412.58381992776,5150.139019044215,6555.636875861231,6198.529226096895,6756.5443627189425,1930569.272617878,1930458.680885374,54455.860205391116,[ 0.67248577  0.17278467 -0.71965849],[ 0.25380333 -0.96724324  0.00493891],[0.69523144 0.18597306 0.69431064]
13,24718.0851461457,139349.03842500548,167807.13612642218,2013.5316658504025,3492.524946075041,1848.3394040760982,3310.4076140855614,791616.6384703153,791605.441175296,10630.343438517762,[ 0.74121745 -0.56597335  0.36093055],[-0.66175815 -0.52593021  0.53429726],[0.11257373 0.63487918 0.76436613]
75,59306.924467656936,50823.11819677656,70405.7685913505,3736.6025442917667,9535.775452977925,10650.24876076881,4955.421524718709,918221.3765147348,912964.4819534349,121261.8761671039,[-0.81061293  0.48188292  0.33270936],[-0.1630437  -0.73143148  0.66213649],[-0.56242637 -0.48249024 -0.6714758 ]
16,190031.3715651026,33638.34879784653,68446.70334205564,3186.6236847820296,2058.4183675181825,2487.52753242033,3424.503218934615,819218.6513741249,819211.1983413458,11896.913000229473,[ 0.09444285  0.76441859 -0.63776545],[-0.36030462  0.62344542  0.69389941],[0.92804156 0.164256   0.33430351]
6,72998.63308954585,108430.20596714439,193732.88807220838,517.2022366185117,2302.324657146521,728.8210915683319,1057.2526636296543,572491.112249946,572465.9573926587,5472.62141151735,[ 0.94979103 -0.13581232 -0.28187232],[ 0.01820386 -0.87536946  0.48311172],[0.31235494 0.46398634 0.82894575]
114,139631.04469705487,85750.67079821191,124042.69121382257,6634.164840106797,6580.159122275435,6040.18758517607,5021.949907117502,2196595.5936361398,2195869.4813376395,106272.8729628172,[ 0.31516146 -0.90865853  0.27388488],[-0.66259754 -0.00406657  0.74896459],[-0.67943929 -0.41752023 -0.60335653]
2,194159.8106914453,76199.33179492777,17126.920014542866,532.8710551436088,868.1369592379197,306.5151686216668,835.5467645743192,295969.02948722825,295967.5650983713,931.0345606891304,[-0.06160445  0.36570774 -0.92868872],[-0.36807966  0.85655021  0.36171688],[0.92775118 0.3641148  0.08184228]
3,59632.00989266406,23530.812127968024,12488.581062008861,226.94125968077404,429.6798014476435,1638.8329863244246,461.53695642824255,113159.40107755785,113129.04146850682,2853.700935209977,[-0.37322386  0.92706788  0.03534257],[-0.16468973 -0.10369569  0.98087945],[-0.91300671 -0.36026705 -0.19138026]
16,75248.70726234953,116129.42393450762,101504.96175769606,1901.9172387899487,3022.731344536782,3467.7850751840188,2424.210952117664,686680.1779624366,686594.479511841,17455.402401064643,[-0.89784644  0.29963323  0.32263244],[ 0.04107819 -0.67254382  0.73891636],[-0.43838835 -0.67668658 -0.59153269]
48,118696.90399938985,143021.3231185402,154760.44131711125,6891.444715213155,5718.8063909504845,4055.5747651270935,4832.951822371744,1676764.0960997238,1676226.2415226782,59253.993406950445,[-0.69541877  0.7083313  -0.12107643],[-0.524621   -0.38529294  0.75915885],[-0.49108608 -0.59145255 -0.63954541]
23,139159.01106720953,89675.51606499695,77984.3481175412,3523.872867579665,3016.762965081911,5307.062793721204,2437.629995128914,878106.0265720309,877882.4302707373,31750.43216019456,[-0.54928076  0.83540423  0.01975892],[-0.34638888 -0.24914256  0.90440186],[-0.76046393 -0.48992627 -0.42622395]
46,125312.45663863892,198559.39267286722,126231.02801924832,6719.490187138682,4503.324438482982,4421.03866103271,3469.6664313995307,1808925.8474713126,1808335.9257476549,57891.95806924513,[-0.38699838 -0.30832542  0.86900385],[-0.79323102  0.59182563 -0.14327236],[-0.47012424 -0.74476698 -0.47360885]
82,180029.37606787847,4285.233254434888,29866.12930566186,5769.985026403285,2590.2566650573426,6684.921514831587,6225.7785222147895,1654903.4377490687,1654096.8927889988,61473.736678612964,[ 0.03134135 -0.9984434  -0.04613565],[-0.16278023 -0.05064089  0.98536191],[-0.98616445 -0.02337261 -0.164114  ]
450,59192.33327651836,181546.41317826125,163477.60451698766,16172.065139623515,13327.819545522638,12817.221066859078,10948.689674616893,5351739.384258893,5344051.296279321,460529.9511907323,[ 0.45078438 -0.67354494  0.58577355],[-0.86117503 -0.1554776   0.48394657],[-0.23488509 -0.72260911 -0.65012696]
5,9254.554443469442,68718.64295066017,192562.201201296,2337.732852528594,1905.6321763646135,1625.3223967613362,1974.0912323135174,457707.905855467,457670.9774632011,6255.42222296979,[ 0.56289019 -0.78664733  0.25365451],[-0.82528924 -0.51810181  0.22465125],[-0.04530244 -0.33579232 -0.94084601]
2,204088.60503384174,152698.32433867705,86762.2589846784,166.03878967410128,995.4811061014043,176.22594526482135,495.4864031073521,380782.5525197281,380780.4408234369,1268.1442143931692,[ 0.24627331  0.20862797 -0.9464797 ],[-0.60399984  0.79677044  0.01846797],[0.75797998 0.56712542 0.32223455]
65,176911.17302105168,126098.35588720722,178189.8985134916,8739.537573698939,5633.590549474064,3388.155026179851,7127.329283295755,2266637.0559056876,2266483.302658722,66762.49246553739,[ 0.13469994 -0.86693184  0.47988031],[-0.76486783  0.21691693  0.6065676 ],[-0.62994693 -0.44874963 -0.63386958]
13,197622.60491648008,3452.0846895300597,64691.52142253263,2839.719826860338,1266.2666017438157,2733.104500612324,2736.7719703121006,749981.3519971813,749926.5400854648,11199.326092463296,[ 0.03437864 -0.99805766 -0.05195211],[ 0.30958123  0.06006086 -0.94897426],[0.95025132 0.01654105 0.31104473]
20,56274.5783884769,138866.7954333578,167254.18497260273,3261.657408015854,5341.887677826233,2483.824691382426,3673.311158227936,1004629.2431074067,1004433.2183537175,25275.157537466577,[-0.9072459   0.41847646 -0.04221761],[-0.33773653 -0.66500388  0.66611101],[-0.2506769  -0.61858492 -0.74465683]
55,18469.516166965546,183984.6611929226,144337.3537365611,5223.199903229727,6624.326178976828,4532.453662051589,6616.961965542009,1740994.2897652646,1740431.3762780214,51456.46944196251,[-0.56428366 -0.47385692  0.67604998],[-0.82185395  0.40014068 -0.40551636],[-0.07835836 -0.7844406  -0.61523402]
10,171736.94966691016,187813.94059926755,74674.1374619802,1831.0340630543405,1996.503356682909,1745.5664994783422,2077.938259920904,838766.1805214437,838746.6765613758,7789.778358825896,[ 0.1354004  -0.47051488  0.87194179],[ 0.74993693 -0.52646057 -0.40054197],[0.64750393 0.70813489 0.28157351]
11,46933.620321052666,118562.83585039298,136401.93242029758,6242.241302165644,4050.314433804343,1190.5677192894045,3705.638927298792,619764.8483149447,619437.9143430066,21824.187548598704,[ 0.46468313 -0.74120538  0.48444213],[-0.84890846 -0.21730638  0.48180117],[-0.25184126 -0.6351319  -0.73019412]
10,159722.60982040735,146731.57411041873,46485.25060900907,2780.8117769498353,2300.683593665339,1751.3550033970178,3012.8088243519305,701543.1081235628,701523.9186982556,8380.576781370826,[ 0.42563447 -0.18254437 -0.88629163],[-0.54800863  0.72740665 -0.41299651],[0.72008461 0.66148101 0.20957345]
11,125123.34949573128,53183.616510751446,70187.67900336125,3188.3953361874687,4166.248604876229,1577.333228848995,1613.7986369673283,507765.90031568764,507509.6113675586,17394.133376899004,[-0.35379517 -0.32511845  0.87699885],[-0.45382023  0.87954679  0.14298477],[-0.81784851 -0.3474125  -0.45872473]
9,31133.11726288381,116747.45014247092,147175.43015576605,1180.4204802069307,1829.188590285516,961.5678334889672,1530.2595032092695,571297.134331836,571287.104443059,5458.543191420156,[ 0.7896228   0.38831662 -0.47508529],[ 0.59141146 -0.68795311  0.42065783],[0.16348798 0.6131319  0.77287836]
2,110667.58538333775,127109.46200946512,201546.3722959861,806.9809719407276,893.5359404605624,227.98202871244575,597.3261912021553,371555.03380564664,371551.9527145573,1513.1359207428632,[ 0.74373675 -0.66834376  0.01312485],[-0.51905564 -0.56501314  0.64135902],[0.42123259 0.4838148  0.76712864]
59,42041.55365051068,49355.990193785976,99899.43324725643,5804.95538842954,4481.648887594984,5910.449506200406,3906.3829033422357,917292.3696873788,915631.3968743421,65603.95755658203,[ 0.53184925 -0.82638465  0.18499945],[ 0.77012884  0.38113519 -0.51150517],[0.35219022 0.41451705 0.83912911]
34,107615.62167980288,64203.074085545086,79085.43561172659,4271.3156025105245,2463.9497088655944,5376.260347160511,3682.132272465452,864902.8180899838,864487.7281064702,36661.6337913889,[-0.50434163  0.86338895 -0.01410835],[-0.46702863 -0.25899557  0.84546174],[-0.72630832 -0.43299056 -0.5338496 ]
11,146613.1449669323,117809.54741766771,29467.36876677276,2317.688746149425,2320.473201792191,1294.6376032869189,1971.9073052637746,631504.0910888182,631446.444668085,9681.570805477519,[-6.00549191e-05 -2.42640240e-01  9.70116339e-01],[ 0.63789224 -0.74712075 -0.1868263 ],[0.77012563 0.61881847 0.15482319]
5,164913.08279878562,148479.3146341722,178717.128029694,922.8229653144392,2037.4476043631635,1087.2070858258928,1719.1530025917564,637133.5181523797,637125.6311689207,4011.774252774964,[ 0.76195721 -0.07154052 -0.64366386],[ 0.29056261 -0.85047099  0.43848883],[0.57878716 0.52113438 0.62723551]
91,160137.29842238707,78150.20681074006,117798.9738761485,6757.751484930814,10147.592917296706,7474.9241620664425,7514.627867455735,2041879.323559244,2039351.0731895831,115304.68227211562,[-0.65564836  0.52375706  0.54387845],[-0.08943508 -0.76910378  0.63283548],[-0.74975102 -0.36627573 -0.55110389]
12,41731.765235283674,159116.0081387791,199073.51588570455,2405.2037369976656,2032.1831603285063,2903.8726341439033,2544.9553180172393,894698.9941890026,894631.5354194674,11894.355349361455,[-0.771447   -0.40826615  0.48804536],[ 0.61541939 -0.67359728  0.40929901],[-0.1616431  -0.61610507 -0.77089951]
83,40583.146778792485,152073.76168548944,12107.823659425543,7313.822432119601,8617.677673092996,6290.547770170682,10150.477226401432,1442701.696164556,1441429.0154541158,73443.19035942758,[-0.69860146  0.13021851  0.70356175],[ 0.66721166 -0.23658805  0.70629647],[-0.25842717 -0.96284435 -0.07839745]
58,80932.33629005725,39599.44763020549,8311.906779213574,4332.621735519634,11491.480901718276,5154.381181407836,6199.085518903992,695865.8227523122,691557.2568939999,88417.27475326131,[ 0.04388739 -0.29027905  0.95593513],[-0.45037731  0.84836019  0.27828989],[-0.89175904 -0.44274491 -0.09350278]
24,49279.10994210885,116287.28582439758,66867.8097336125,2760.603608133363,4231.714740756205,3055.949817679182,4289.00567739958,700615.9505656174,700495.8097491398,19873.966365884917,[-0.91169513  0.17189072  0.37318302],[ 0.22328708 -0.55516471  0.80120848],[-0.34489834 -0.81378482 -0.46775999]
