N,MEAN_X,MEAN_Y,MEAN_Z,SIGMA_X,SIGMA_Y,SIGMA_Z,SIGMA_R,LAMBDA_1,LAMBDA_2,LAMBDA_3,EIGEN_1,EIGEN_2,EIGEN_3
1789,23701.155882324667,41869.42694003604,34900.09458423144,13558.479246941066,17955.889509955483,24268.922107832474,18253.24147296158,2827558.902781085,2662634.7997720107,1214250.2707148546,[-0.89241486  0.44615086  0.06741763],[-0.22259079 -0.56526577  0.79430973],[-0.39249085 -0.69384726 -0.60376064]
1333,78641.78743478881,165231.46713806034,119739.73213607659,33549.59594773184,16638.32918325908,18160.580073058733,14628.66730273286,8114864.69955378,8014543.941102643,1425407.6796428415,[ 0.29385077 -0.64715588  0.70344935],[-0.88548624  0.09283397  0.45529768],[-0.35995257 -0.75668429 -0.54576829]
72,138767.0373464533,154990.32121235848,21485.919766256404,5363.8099512549,6214.441659467092,6408.236644814061,7147.617889827361,1776632.642629598,1775845.398049837,64169.93167277546,[-0.74786011  0.66088442  0.06274583],[-0.02088578 -0.11789371  0.99280656],[-0.66352772 -0.74116993 -0.10197109]
183,191138.19181618656,181305.70353329752,112336.04775473788,10622.21197287182,4864.804185612655,8154.521859132647,7475.105844041542,3878526.197347183,3876348.712738229,162432.09326922783,[ 0.39008788 -0.7459303   0.53983279],[-0.63403819  0.20753709  0.74493217],[-0.6677028  -0.63286361 -0.39199059]
137,188404.5969390513,33889.98282835686,123430.56677880257,7496.479074238928,8593.161584725234,4824.39597916295,6243.830232175079,2669339.630538076,2667654.462409312,123911.26579127701,[-0.51535458 -0.18348337  0.83710424],[ 0.22332485 -0.97181395 -0.07552252],[-0.82736671 -0.1480253  -0.54180517]
130,7667.855892368975,116822.96184510237,113672.45028678392,3780.8726755978128,8364.508812271786,8439.773377768968,6863.398610330193,1865506.614508637,1862653.9117780866,118607.24487343631,[-0.99173735  0.11674688 -0.0531714 ],[-0.11939224 -0.68834468  0.71549081],[-0.04693107 -0.71592721 -0.6965958 ]
396,190959.68471991384,49320.501130426404,17632.935729644516,9147.85553473431,10844.004383242715,9555.045949426365,9486.839915178107,3950923.4251678037,3949174.099483416,281960.25639964826,[-0.20795681  0.5055251   0.83737587],[ 0.16413038 -0.82591892  0.53936923],[-0.96426925 -0.24960432 -0.08878344]
45,140199.3124758697,65838.66441226215,190858.3172573914,3806.738094070327,3189.5178792952265,4606.138832731408,4076.804738197479,1649400.755642399,1649201.7588362042,36230.6073447147,[-0.06207778 -0.92856683  0.36593715],[-0.81908855  0.2568984   0.51292997],[-0.57029842 -0.26789338 -0.77652614]
259,64007.050374710285,123130.33694724547,13369.755848725876,13224.499562355899,12485.597029360097,9924.641236190106,16774.74284797728,2265136.807943825,2263207.850563555,194005.1804075646,[-0.85813115  0.41753663  0.29878771],[ 0.22204421 -0.22290463  0.94921541],[-0.46293337 -0.88089539 -0.09856981]
61,28581.660988879823,196347.62357722878,39723.1016306861,5700.324592682235,4919.029948642305,7560.326524972427,4257.956021413558,1582360.975053648,1581052.409851116,76538.31766210885,[-0.86226676  0.21792692 -0.45716944],[-0.48630229 -0.10416612  0.86755951],[-0.141443   -0.97039027 -0.19579734]
641,115348.11998678309,13204.318628310033,64647.300259732394,15134.870932399295,13152.068331663748,27112.897777420763,18683.692948306678,3461401.625986782,3411279.760851901,691591.2629357266,[ 0.28474878 -0.90010382 -0.3297442 ],[-0.41929635 -0.42628279  0.80154448],[-0.86203753 -0.08997827 -0.49879375]
476,19179.966325994206,108516.38400103895,82453.1430936173,10633.613799608813,15664.368874879818,10914.51687464774,10707.517028563616,3031829.646575397,3020256.914317475,416747.6112214551,[-0.98882897  0.14272931  0.04296063],[-0.05097565 -0.5946638   0.80235681],[-0.14006696 -0.79120371 -0.59529651]
2505,111295.58622002324,92708.01726312315,149963.24062908406,27220.085054872623,30001.459403255456,23416.51200514578,20679.007175190683,10648784.409541972,10539424.014296038,2068716.002249867,[-0.756216    0.63068797  0.17427005],[-0.37242965 -0.63386391  0.67787367],[-0.53799026 -0.44771558 -0.71422492]
787,107849.69269100622,126456.1876793944,51879.730038130605,23088.509122203817,10102.465097735525,11107.271775961732,13390.197518317289,4939447.635224371,4904286.396308542,676997.5041819445,[ 0.16412383 -0.49142651  0.85531477],[-0.76416494  0.48496754  0.42527452],[-0.62379108 -0.72339925 -0.29593618]
58,97365.98482641485,4714.083089911468,6789.32789258257,7206.401611806209,2649.030662853498,5075.456545291666,7455.694567928235,747209.9454761765,746587.7851566271,41603.06368333744,[ 0.05064432 -0.99818614 -0.0325512 ],[-0.06977321 -0.03604967  0.99691129],[-0.99627649 -0.04821669 -0.07147236]
45,35749.07687241255,126440.50360805688,198843.25737737195,6197.679317217561,7049.36425881561,2575.8937234627692,4605.16204516158,1599872.083159743,1599368.4449601185,57462.64115160163,[-0.62117414 -0.6058026   0.49713771],[-0.76920267  0.59266137 -0.2389137 ],[-0.14989978 -0.53080666 -0.83413089]
42,144014.00368593397,70569.00129415083,41090.51170041805,5024.27272276215,3125.2265237034567,6228.170465978905,5281.993560747142,1074240.5438829525,1073579.612603597,44078.180145957616,[-0.49006346  0.68997686  0.53270042],[ 0.05508231 -0.58538121  0.8088849 ],[-0.86994468 -0.4257473  -0.24886843]
91,42325.396941854255,164799.3097870333,178861.7095683331,6735.53865369831,6143.708471953617,7141.679290530701,6751.231229400151,2357133.751852254,2356193.7369924206,89897.41851779979,[ 0.51312848 -0.68817384  0.51294827],[-0.84110956 -0.28411936  0.46022917],[-0.17097915 -0.66760239 -0.72461933]
32,8615.54271146439,101721.26477964102,51556.76757861319,3542.7345773359966,5536.667078160134,3935.0510507927584,4736.742441502513,648178.9838756747,647733.4251226103,33946.73664969794,[-0.93812277  0.216774   -0.27006424],[-0.33784816 -0.40162731  0.85120745],[-0.07605447 -0.8897778  -0.45001243]
174,129483.05675431118,171661.59279658442,158438.3712273702,9480.333604439187,10818.809518564922,7353.841783218424,6713.184098673847,3527637.290910113,3526230.7306425134,193201.70827986437,[-0.85502146  0.20642089  0.47574018],[ 0.1835132  -0.73757703  0.64984847],[-0.48503733 -0.64293899 -0.59276323]
843,82274.49837160051,180825.97907255427,179363.58008606694,21537.10708519365,15095.14073207692,18499.28072135183,16021.63299205713,7819742.93749914,7793078.634848946,803204.0883937175,[-0.592633   -0.41588461  0.68980151],[ 0.74411664 -0.61052001  0.27121164],[0.30834488 0.67402175 0.67128095]
329,146507.96966425268,14460.894255474861,13201.609593709722,14090.083403094237,9622.221110939885,10478.478429714625,13870.224971043186,2700973.822457576,2697389.9095603586,261925.7484591534,[ 0.01170959 -0.74580778  0.66605829],[-0.13070464  0.65924729  0.74047911],[-0.9913522  -0.09572761 -0.08976102]
21,104888.21308111574,64770.337515413936,79627.64504112577,2552.8998642769834,2505.1544649501716,5024.426435786131,1461.8133218529395,673005.161890361,672662.0935886052,27454.95179667699,[ 0.41165035 -0.8926      0.18387286],[-0.56565321 -0.09205643  0.8194889 ],[-0.71454912 -0.44135116 -0.54279712]
111,138965.05306719767,136028.4092181472,199537.24948875053,7773.020573354653,9326.406623627157,3825.7048651963014,7385.266239680656,2937864.2164453915,2937180.621078354,108557.08712823967,[-0.78916239 -0.08524841  0.60823962],[ 0.35813645 -0.86840146  0.34295362],[-0.49895992 -0.48847888 -0.71584033]
885,18903.612115812557,144663.64037835103,28501.235179767005,12291.229141392978,12949.627060036415,12223.328826222216,13802.952196286942,4460171.7694040565,4449862.641110433,496357.52306673204,[-0.65337455 -0.06433576  0.7542961 ],[ 0.74614666 -0.22310858  0.62728599],[0.12793301 0.97266822 0.19377738]
290,46168.104285868394,73019.17096012905,114241.84385618352,10132.25015358399,7407.232584435032,9966.033945994724,6716.327163407347,2450155.698667001,2445996.437288597,247422.11848962997,[ 0.49399254 -0.80952289  0.31724448],[ 0.80784169  0.29241838 -0.51174535],[0.32150145 0.5090817  0.79841884]
51,41027.06367738122,48658.87823919643,100737.00326587216,4416.1801217983075,3717.569522811296,4663.414444525882,3696.5625068634813,852434.4273267187,851571.2781970112,45626.83606832426,[ 0.57611456 -0.8028346   0.15345558],[-0.74147126 -0.4343194   0.51145579],[-0.34396567 -0.40844003 -0.84549652]
93,54463.276281265134,15371.422865145792,181939.02821118172,5456.056840208141,7441.311421466023,10109.747506755182,9197.609279107448,1841237.247320944,1840595.9685046729,97497.70581074423,[-0.90285612  0.35692793  0.23969413],[-0.32180878 -0.93072063  0.17377632],[-0.28511389 -0.07975934 -0.95516937]
274,88804.39932857994,175681.1509711988,35148.564033408875,10003.438514907668,11536.914310507478,7343.998307784998,12867.455255004701,3320429.0867842226,3318223.7373641063,183122.72935910957,[ 0.14791282 -0.2662966   0.95247463],[-0.88370824  0.39682121  0.24817871],[-0.44405128 -0.87841849 -0.17663355]
3,39401.98260091377,41208.23851305304,85945.0022851926,2338.027931183985,702.7569892857388,397.0604187965824,565.2776109540837,178687.28680814628,178642.65822529406,4175.28697910268,[-0.18837926 -0.84911145  0.49348049],[-0.90469917  0.34555343  0.24922326],[-0.3821422  -0.39950289 -0.83328553]
83,11301.452881886547,60188.78624030673,136737.9318742573,5794.801506446536,8217.761444484033,3980.017945473985,5430.715589813732,1367773.2444705344,1366651.484012925,84782.70359211849,[-0.85690006 -0.44176735  0.26563864],[ 0.50997252 -0.80165656  0.31188907],[-0.07516855 -0.40272617 -0.91222876]
789,177044.04338992623,121432.0340793644,93478.4498128887,10636.253034605328,12083.20302735205,24929.551409566317,16372.95335299551,6621839.267571731,6600244.221037938,705045.8135877257,[-0.63705993  0.7241188   0.2642094 ],[-0.15564025 -0.45654705  0.87597997],[-0.75493759 -0.51693012 -0.40354986]
19,21815.150857395387,9932.523364074581,62377.77292918339,3100.1463406112425,2481.593647327749,3487.060196649053,3933.198425261192,292037.8363990712,291946.2299906384,15271.083036558559,[ 0.02944788 -0.98853663  0.14808157],[-0.94461201  0.02092293  0.32752157],[-0.32686537 -0.14952445 -0.93316744]
16,200631.91064807976,113666.99832274568,118748.50559277381,2087.7607406121047,1910.5812339956108,2263.9313114203087,1800.228826863855,1037569.6322661772,1037543.8542081523,12576.020195619616,[ 0.61815293 -0.68101101 -0.39256968],[-0.1397498  -0.5866718   0.79767549],[0.77353536 0.43822391 0.45782404]
271,149206.6202280885,76532.08717624588,118447.9031021661,9236.403973355107,11434.713951320156,8490.066379103004,7016.849917960728,3388166.636424459,3384818.728677932,254226.45834417854,[-0.44868761 -0.37846627  0.80959416],[-0.52009731  0.8472723   0.10783523],[-0.7267587  -0.37268341 -0.57699988]
6,21064.39293540326,60828.79945957379,106706.56312831992,1549.5097551525082,1114.984080005162,2357.6844576686985,2197.840850836856,305334.53580937634,305314.3286607752,5110.910421297678,[ 0.2864752  -0.85559652  0.43114563],[-0.94308276 -0.1724924   0.28432602],[-0.16889901 -0.48805836 -0.85631312]
4,58630.5472096032,138336.41484972974,195414.77965776296,1462.2238496350892,838.3180458253013,1790.4172009318675,1009.7369974615352,493017.0148128737,493005.0693291712,4485.895981491821,[ 0.76271534 -0.61328557  0.20529521],[-0.60140703 -0.55583163  0.57389963],[0.23785479 0.56118803 0.79277556]
4,126485.5354395821,153626.0649792294,116916.3731752825,2503.572018186859,1676.0850112947978,1309.2618309784252,2303.0241681668426,461646.3403414119,461626.44139819685,4689.3621628652145,[-0.38610702  0.73852592 -0.55272131],[-0.7419913   0.10734934  0.66175904],[0.54806047 0.66562421 0.50653147]
382,169500.88577430282,184312.0864409827,195476.34615876919,11611.75124803561,10313.551949764356,6420.7778716152325,8592.274363692497,6216063.648036458,6212421.808829683,281587.25638046017,[-0.2394879  -0.59395903  0.76802228],[-0.81111113  0.55716067  0.17796269],[-0.53361435 -0.58033151 -0.61520002]
12,134708.39906097605,164055.472515716,136965.51901606837,2137.3015656891216,3289.74840343332,4434.05235601223,2403.931099506192,875313.9842213615,875213.051716004,18742.375062082538,[-0.84489448  0.37612854  0.38036908],[ 0.04305216 -0.66094091  0.74920199],[-0.53319773 -0.64937234 -0.54223218]
104,179306.9047553704,5167.295867662794,32595.48676250805,8169.517635119135,4093.734673465861,6809.254705751497,7992.991317936716,1862502.3042116894,1861524.7646395534,82282.38301331936,[-0.01959786 -0.96562763  0.25918953],[-0.17974493  0.25841836  0.94916369],[-0.98351801 -0.02798643 -0.17863112]
230,123466.55171473953,17247.756268540044,110215.36238553806,7478.995660356046,9694.769399318624,14781.062349552545,11347.612828480704,2538691.046889771,2531156.2878503897,233785.3844254576,[ 0.50673622 -0.73304582 -0.45372043],[-0.44158311 -0.67271588  0.59368148],[0.74042067 0.10048463 0.66459015]
552,143964.58481659493,14430.214242396934,175119.1220654087,17906.227970258755,7585.549408371665,12559.77891505778,14162.997139972851,5361572.271666502,5350678.111640164,427388.08900971833,[ 0.05456174 -0.99783336  0.03676406],[-0.77063495 -0.0186688   0.63700334],[-0.63493684 -0.06308767 -0.76998386]
215,164054.5419095074,153131.37490218054,148377.5574969344,7392.756008686334,7431.913561311941,7728.4906943418855,7231.392085178494,3948179.8720148057,3947467.9488344756,159002.13527436854,[-0.78115849  0.31431055  0.53944443],[ 0.13364214 -0.75982634  0.63624186],[-0.60986162 -0.56909824 -0.55153967]
4,4649.8720017878895,56136.86006572064,101839.98259742276,2015.5358194854387,959.7669704150665,886.3994420917257,1079.1350828298425,232804.6828031565,232775.95916627644,4276.659215285445,[ 0.0595586  -0.87534961  0.47980812],[-0.99742043 -0.03289298  0.06380072],[-0.04006561 -0.48237031 -0.87505065]
1141,180619.6539567082,94883.18512568274,50586.14646366913,15486.65081335202,22106.568246157898,21134.285205347594,19992.182436313422,7180712.092240106,7143575.347171181,958753.8784158883,[-0.51029985  0.70651323  0.49033979],[ 0.05510669 -0.54212996  0.83848575],[-0.85822917 -0.45490016 -0.23771524]
60,155182.73494790788,113453.39984948424,26179.729059389534,4738.505753923291,4188.462608550431,6200.663143233082,4722.589720603233,1504005.3690473875,1503552.9253250177,57946.88397673311,[-0.55331502  0.80568997 -0.2114383 ],[-0.23239781  0.09443878  0.96802509],[-0.79989608 -0.58476062 -0.13498619]
217,102729.56170926536,189777.42000258176,14675.56991305954,5865.858388201251,8543.822307657527,8004.722286523574,7491.570901885743,3191345.698073499,3188907.804472224,157946.164373661,[-0.63962505  0.39692252 -0.65827982],[-0.60478078  0.26873502  0.74968107],[-0.47446813 -0.87762976 -0.06816146]
238,196770.09628530272,38107.88553069912,149248.10476195108,6681.95821452652,18227.86196540852,14754.604487758448,12777.769698381271,3871653.503492817,3862116.8364192354,318631.6848082533,[ 0.47655857  0.46526314 -0.74593709],[ 0.39361281 -0.87160781 -0.29217937],[0.78610488 0.15436981 0.5985057 ]
3,54164.57540491931,196227.62173444,33335.20137759853,701.836448857241,923.2964805091788,1142.1351736224296,991.9155266723586,357293.341772307,357287.37879422354,2234.3876608389396,[ 0.73919981 -0.30596945  0.59997195],[-0.62019366  0.03806214  0.78352479],[0.26257087 0.95128017 0.16162479]
61,138597.79877191666,41691.86266169101,7645.29761210454,6168.528782619058,4493.218265080955,4374.087945497839,5766.896379907933,1133642.812755004,1133295.29509165,51658.701837287415,[-0.21987224  0.5911879   0.77598522],[ 0.19215911 -0.75361935  0.62859586],[-0.95641574 -0.28732341 -0.05209784]
138,84676.6461739,189381.9075327923,107050.72325639868,6650.618686482473,6887.7484718624155,6132.417035158819,7896.320782789364,2744970.02157875,2744514.695401375,96005.83608178145,[-0.82122609  0.51098855 -0.25392598],[-0.44023447 -0.28428376  0.85169029],[-0.36301696 -0.81121726 -0.45841601]
12,182432.9176003706,140409.52735227204,99424.75236836368,3368.6838097610516,3982.970562729565,2363.2967307130857,4650.449948252848,868881.590671123,868829.1563506528,11536.070415846985,[ 0.68409522 -0.63625774 -0.35663682],[-0.0524885  -0.53062553  0.84597961],[0.72750168 0.56001128 0.3963946 ]
18,118250.81214328209,201765.8859076127,128315.0239585982,2768.8782608942147,2208.841074226251,3778.8706382294645,2765.006269102168,1131903.2302950302,1131850.3546820995,18563.047560696446,[ 0.82616751 -0.13652901 -0.54663248],[ 0.34775157 -0.63978502  0.68537871],[0.44330135 0.75632993 0.48109142]
7,93004.65213109084,48257.91563460859,10724.025352086199,1207.8300647472595,2673.712254094087,1465.1589418981298,676.5532878569786,278783.61363118916,278693.275744627,8489.122075884994,[ 0.03198554 -0.27524235  0.96084264],[-0.46833835  0.84513677  0.25768786],[-0.88297006 -0.45824174 -0.10187439]
107,27488.684550345613,6675.976563814386,118066.63455654708,6605.312465337075,3799.9734217863934,7193.271784349152,6735.0579139522715,1260070.7575704483,1258266.3206423456,82655.05448806385,[ 0.28257326 -0.95918182 -0.01107175],[-0.93235182 -0.27734652  0.23194609],[-0.22554918 -0.055219   -0.97266563]
4,100168.03521016471,128507.90833141582,11938.323979149343,1924.6767544336644,926.9798828275243,1258.7311970999428,1113.7754623387407,326771.40643304127,326762.14504822885,4434.411083179252,[ 0.00947114 -0.09977857  0.99496459],[ 0.78989737 -0.60938658 -0.06863053],[0.61316592 0.78656992 0.07304325]
22,86097.63838203938,188518.20266148655,6104.402711776024,4115.179415480598,6795.065703603678,2557.750721696395,7615.718432039287,973236.6755368981,973211.7780918676,16053.24990705643,[ 0.8618012  -0.40359596  0.30726048],[-0.29120262  0.10232784  0.95117298],[0.41533087 0.90919707 0.02934195]
32,170298.39797253915,11794.310880986483,92002.99512361136,4882.16606572985,4895.484696430137,4444.069874074996,5781.103977637061,1097832.1240792596,1097600.944560564,33059.66444186974,[-0.4399222  -0.28721313  0.85086842],[ 0.18809313 -0.95593056 -0.22542788],[-0.87811698 -0.06087178 -0.4745579 ]
115,87761.88906775108,88585.35059483738,102321.42647172084,6929.925754198683,6528.087351955002,10309.704603772823,4487.3628020348115,1735032.6013329546,1731820.510575947,142009.3198148982,[ 0.61086465 -0.77746887  0.14962132],[-0.57578    -0.30652697  0.75797006],[0.54343515 0.54916608 0.63489752]
97,42770.245773298826,152211.35410185353,12823.593673663008,9318.443457696436,14114.919722974953,8358.780500333145,15900.805670209567,1572540.881202936,1570856.6921792056,100051.43849195204,[-0.71133345  0.1405236   0.68866381],[ 0.64838216 -0.24701143  0.72012911],[-0.27130296 -0.95876925 -0.0845945 ]
24,62878.688002129726,104702.43971777218,186408.79772444224,6818.504490891831,3868.2541352676276,2456.99198148868,4576.211146817875,1092420.421714153,1092079.8216595254,33440.67318489324,[ 0.22584082 -0.87987533  0.41810923],[-0.93229381 -0.07073648  0.35471763],[-0.28253172 -0.46991037 -0.83627751]
22,166741.17971018396,179494.45328296447,145044.33798298857,4719.610406400826,4220.407230095127,2892.6981430426117,4574.717405845712,1335767.5328889263,1335602.1467069346,24668.611380361694,[-0.55722208 -0.14324018  0.81791552],[-0.58859137  0.76293433 -0.26737879],[-0.58571645 -0.63040738 -0.50943379]
22,153589.3607799234,155475.85461103873,34556.419403647924,5292.676425107291,2202.8587869523217,3950.885282287537,3303.2752853299635,1038172.7744954769,1038074.2187260427,28663.063769934302,[-0.34630032  0.13585438  0.92823471],[-0.63086305  0.69859549 -0.33760355],[-0.6943255  -0.70250119 -0.15621833]
38,129697.3523298527,148362.68018009778,174726.08422563985,7580.374640428918,3681.905909635758,2963.8506920467485,5452.691429197223,1624294.517846363,1623992.550382912,43584.09984644966,[-0.05019757 -0.74258336  0.66786987],[-0.86870774  0.36240451  0.33765342],[-0.49277486 -0.56323435 -0.66327974]
28,19948.45674157117,25114.896064214285,169717.3498583759,2621.518787557492,3706.9417762744606,3555.1716133429422,3591.151360818596,914348.4865030631,914267.0796834338,23972.41882663358,[-0.99116695  0.08198893  0.10423962],[-0.06539538 -0.98595424  0.15368044],[-0.11537559 -0.14550618 -0.98260695]
438,163356.54407139518,194687.39964771006,14755.727334069112,14233.609285195325,6773.244713906596,10341.48595270658,11318.603971867498,5339472.308596756,5335848.1105362745,316866.9684545507,[-0.47886328  0.34057982  0.80913247],[-0.59809898  0.54811214 -0.58467999],[-0.64262553 -0.76392308 -0.05877033]
13,91525.90934638087,169271.58664412337,2934.6677821633934,3498.736084648326,3641.938275179874,1867.336023257509,4253.542505181964,694154.4692897534,694091.3214743609,11871.469403881098,[-0.40608377  0.20413082  0.89074496],[-0.7802948   0.42988403 -0.45424634],[-0.47564271 -0.87950573 -0.01528671]
2,112395.10690197528,193447.5032894821,199983.3289025348,27.755516508957953,124.04400590372097,156.9330270022474,174.154984480876,424377.11815940094,424377.0935226023,144.6049334781276,[-0.18093005  0.75575266 -0.62936653],[-0.90938236  0.11515163  0.39970468],[0.37455046 0.64465341 0.66643375]
130,178564.8887942959,137541.20927819514,19219.138800053082,5790.107372243902,6905.874416170595,5507.146092382205,7468.365879359917,2581470.2900632536,2581205.3586324407,84913.59972079183,[-0.5037466   0.72026393 -0.47692686],[-0.35122581  0.33363058  0.87483202],[-0.78922734 -0.60820268 -0.08491001]
29,26421.811822800984,192933.49377604286,90343.14232135005,5206.3360484822315,2789.7345220405746,3877.5993893190766,2344.0316916788647,1156541.6822007003,1156221.4898463504,35942.58466254792,[ 0.57667243 -0.4099052   0.70670124],[-0.8076374  -0.15561648  0.5687753 ],[-0.12316959 -0.89875538 -0.4207945 ]
304,11894.05493356887,47728.38058162165,162884.61346159223,9558.842541846101,15272.240198105019,13791.6501934392,14858.614425131473,2989798.364638892,2981576.9507378354,294010.3007933559,[-0.8963303   0.43864102 -0.06469971],[-0.4379145  -0.85293622  0.28413148],[-0.069447   -0.2830086  -0.95659984]
161,68348.34338957643,82166.71178689423,28935.5576796823,6987.622289214826,3730.1823687241517,13540.90169582208,6478.922190908147,1417114.555081318,1409212.6021563374,181415.72200364084,[-0.75283125  0.65410149 -0.07345992],[-0.2275323  -0.15388932  0.96153374],[-0.61763595 -0.74058715 -0.26468191]
320,110703.4825197143,96491.59633199297,51592.98613308025,7192.9329891597945,11063.903504024312,15347.060112116687,13396.447938166515,2806591.039041443,2795955.637828501,271327.47990889335,[ 0.44003414 -0.76029244  0.47783404],[ 0.55218713 -0.19052749 -0.81165796],[0.70813793 0.62101102 0.3359851 ]
22,109423.36979484628,68927.76550519431,185341.91120800824,3245.8240641848442,2678.0006282068907,2580.1935155147316,3666.946198908737,1060244.3124129022,1060218.8087773048,15493.269623022676,[ 0.06665634 -0.94738846  0.31306874],[ 0.87240378 -0.09693286 -0.47907793],[0.48421955 0.30505594 0.82004409]
100,195005.02505944335,148048.33815493726,63231.518467542526,7175.729064612211,6395.350094343366,4506.768147753426,5083.0086111104765,2530551.240550637,2529617.3036179477,92662.0602846491,[-0.33133817  0.03389108  0.94290318],[-0.54341853  0.81010049 -0.22007612],[-0.77130494 -0.58531069 -0.25000017]
8,7459.822391681255,112686.76401289843,180624.80978289223,2399.5287187382405,1058.6062875303483,2358.607478465953,2062.2190439122314,602590.0814087571,602566.8795694304,8115.069548262191,[-0.02398866 -0.84776256  0.52983316],[-0.99909983  0.03887784  0.01697159],[-0.03498665 -0.5289491  -0.84793206]
161,177492.37260894355,187548.79237467094,58278.717512264826,14705.04493447831,9887.065768698021,5102.662148372205,6783.373741190769,3366397.3963167244,3360565.396151638,217824.60867297606,[-0.20426567 -0.10882304  0.97284792],[-0.71265355  0.69785563 -0.07157119],[-0.67111881 -0.70792306 -0.22010108]
8,126209.42359605961,177296.94285654044,134946.41310642808,1956.2685877153997,3689.620224451901,2247.22152543895,2760.7300579673,724402.7801305744,724333.3858401257,10887.896632649115,[-0.86495216  0.32414889  0.38312565],[ 0.09448424 -0.6445862   0.75867079],[-0.4928798  -0.69241327 -0.52690926]
9,48231.330257317524,15076.29137946512,6492.810580703191,1792.756671833323,1406.412778360646,2939.7643487150717,1791.0264507145982,153191.27215489905,153001.8339253908,9731.956669626503,[-0.32214101  0.8725216   0.36732986],[-0.0042301  -0.38933701  0.92108566],[-0.94668225 -0.29516563 -0.12911227]
545,90196.24009530265,37986.85492077133,75012.00690388925,14386.605078588234,13111.715462808732,14042.760122590274,8633.862470157128,2924881.468064018,2894064.0396009116,520604.7493830877,[ 0.5047497  -0.84451588 -0.17894318],[-0.45429746 -0.43611864  0.7767975 ],[0.73405828 0.31079488 0.60379217]
66,173258.37937070313,4471.885831344086,116162.83799606594,4989.801005673095,2359.6595957704717,5452.749903606146,5699.020146000105,1696130.7149364387,1695733.961664731,42809.034231251935,[-0.14058891 -0.95882462  0.2467592 ],[-0.53923169  0.28317955  0.79311949],[-0.83033965 -0.02155658 -0.55684053]
37,168975.09382787335,169471.21514196837,75126.12036876108,3197.581884085117,3151.987940104381,3585.558369384611,2894.95888890985,1526062.0034126518,1525950.7976287347,30178.857282522193,[-0.40553821  0.67672774 -0.61447403],[-0.61785607  0.29247156  0.72987277],[0.67364133 0.6756478  0.29951194]
24,123963.61981469968,53513.28416944985,173127.73260515428,3908.293580270689,3209.5453265448346,5286.8641874585455,4038.3062750577437,1076090.5186766463,1075864.1047678126,30005.15967449616,[ 0.46110796 -0.8855451  -0.05647408],[-0.68461378 -0.39552775  0.61225957],[-0.56452053 -0.24365483 -0.78863737]
8,172596.12560978415,19942.433166639134,62867.31020174315,2054.1693223539746,2419.9209160982596,2463.3581703424825,2311.201223567547,522706.0180088768,522667.3339392039,9291.25918157599,[ 0.15334621  0.73931093 -0.65567087],[-0.32240178  0.66464184  0.67402397],[0.93409958 0.10803043 0.34027546]
19,131293.51122370313,49835.510375713915,118815.56379966546,2388.034685155983,3782.573181015562,5138.520448253352,4431.477019396209,802295.4382916797,802154.9210213405,22449.310824909826,[-0.53728929  0.80352626  0.25625335],[-0.44967977 -0.52997216  0.71896983],[-0.71351827 -0.27106284 -0.64607787]
43,138187.20243386217,143110.53610962554,3233.0293977723077,9684.074801243478,4402.291183655972,2299.8331258892904,5351.808233604662,1306568.7177469702,1305254.3896256248,61960.35606609799,[ 0.05602862 -0.07655891  0.99548959],[-0.71663764  0.6911516   0.0934877 ],[-0.69519155 -0.7186433  -0.01614073]
6,36190.579738656386,168727.65250803274,202035.6214318733,1661.409467526173,2496.0381067786216,2160.9989371502606,3150.2650264518775,650890.4319976739,650883.3695233479,4739.512753328853,[-0.14155544 -0.74717389  0.64937911],[ 0.98051479 -0.19608589 -0.01187758],[0.1362087  0.63504449 0.76037207]
330,138055.3385604991,199057.5278018372,84952.94863324975,20833.88485089851,4431.513923773499,19044.114379047427,16840.20248285385,4689843.041702143,4675931.814024944,417078.8351897824,[-0.66552945  0.14969131  0.73120658],[ 0.51463538 -0.61751915  0.59482815],[-0.54057467 -0.77218043 -0.33394074]
8,156609.3162307448,176451.86925778116,113137.45223992775,1832.331338380287,3089.7944493003893,1949.1114799631134,1610.9803364345353,740139.3689196039,740092.5745444244,10635.771769508598,[ 0.69354821 -0.16610393 -0.70099954],[ 0.40093744 -0.71943833  0.5671487 ],[0.59853157 0.67440193 0.43236789]
11,56004.77735789295,9560.69485081341,136747.77726187426,2991.402395231242,2258.4904212136394,902.9603971233842,822.9018052328713,491253.5961824109,491176.7813531479,12490.76858977036,[-0.40059243 -0.88790128  0.2261792 ],[-0.83453249  0.45547942  0.30999036],[-0.3782608  -0.0645741  -0.92344407]
96,39290.42163635216,15093.747066310278,66029.7730650615,6095.009747719909,5291.277523286895,7416.448606446316,6601.904445698823,773465.841783519,771197.1577533301,85559.24192098994,[-0.02300561 -0.97088561  0.23843633],[-0.8662128   0.13843524  0.48011568],[-0.49914539 -0.19549125 -0.84417833]
6,169462.40916363365,146760.1200735919,181605.7734898855,1816.439464640986,3498.51554750117,1947.7669438072658,2320.2053100469893,706775.2819787336,706722.7725328731,9164.770675109321,[-0.79781474  0.23335147  0.55591251],[ 0.13591569 -0.82871194  0.54292121],[-0.5873828  -0.50870778 -0.62944248]
20,194065.24807832023,3464.450321281486,70241.39488044471,4327.691977269033,1740.2574966821912,7362.527539599177,2078.0624670163793,923906.0217424607,923196.0737320583,37845.74961534824,[ 0.01610298 -0.99985866  0.00483318],[-3.40085176e-01 -9.31422759e-04  9.40394176e-01],[-0.94025676 -0.01678685 -0.34005211]
2,54426.80964278988,53681.65493209078,90969.2344681928,146.13419924677873,195.0916091545405,277.13620423079556,233.36833083617967,168044.84832499587,168044.36179341536,404.3736076669798,[-0.08447653 -0.83520901  0.54340558],[ 0.88490993 -0.31357306 -0.34439272],[0.45803725 0.4517719  0.76557431]
29,85496.97725215698,13420.75743057222,131902.37081600932,3743.327637935267,4707.2622455169485,3058.085607703386,1912.491128202752,850019.7150086908,849943.5784895114,34808.91433876173,[-0.81540848  0.29408837  0.49861914],[-0.20352639 -0.95199399  0.22865792],[-0.54192806 -0.08496745 -0.83611872]
9,84848.88677302572,40949.683336715374,958.6059543586257,4306.963413544853,1399.9184826275664,706.6081996305498,4029.8743547579884,282983.548242009,282920.7476948701,6530.494193300931,[ 0.05908144 -0.14584015  0.98754242],[-0.43011608  0.88901311  0.15702179],[-0.90083825 -0.43403495 -0.01020402]
2,185543.59486083663,82712.31852905799,193381.61474450177,388.9369850142393,617.0263479620771,965.0126087479875,1104.6248285175825,396650.1365040808,396649.5237740168,697.1933386537642,[ 0.28569408  0.75098082 -0.59532067],[-0.69335956  0.59081015  0.41254804],[0.66153716 0.29490874 0.6894907 ]
28,122598.50410704789,197060.8944074362,189392.97302560703,4441.788760084986,2229.9154549887894,4642.805381337724,3210.500356477445,1585442.7595750454,1585248.1757520332,31667.15094750025,[ 0.56368512 -0.72721008  0.3916945 ],[-0.71745934 -0.19609252  0.66843086],[-0.4092813  -0.65780942 -0.6322781 ]
10,72503.13438241741,71677.46944761861,114989.41225240313,3769.752542565295,1835.3922391562435,2491.3279922876145,1588.4614708733047,486174.2588084053,486041.86241627776,14567.339126879677,[ 0.37727891 -0.87382601  0.30673886],[-0.79685916 -0.13753663  0.58830193],[-0.4718857  -0.46638158 -0.74820593]
7,190329.63349545602,124125.52505892534,103338.78257239437,918.2010358797436,3499.864833091618,1559.489308386738,2090.265548629502,660507.3276557706,660476.1797844367,8859.739381300773,[ 0.43966263  0.07123666 -0.89533352],[-0.47476584  0.86463184 -0.16434469],[0.7624265  0.49732998 0.41396705]
40,153586.6579161953,105270.23015879889,103447.04451644534,6155.442693967676,4142.503206099248,5836.740271646223,4164.528510893666,1348375.2163964405,1347557.0684793994,53493.176236569736,[ 0.13305398 -0.78664756  0.6028949 ],[-0.68000906  0.37008281  0.63295054],[-0.72103004 -0.49419059 -0.48568647]
4,23916.858688476812,165874.96484494657,153980.99682686507,1169.9890058980614,2501.0438205400214,1675.1137304914594,1849.2562865140976,455218.41412241803,455197.6459221129,5298.981006059154,[-0.99441931  0.07080075  0.07821438],[ 0.00910713 -0.68099336  0.73223296],[-0.10510612 -0.7288589  -0.67654816]
15,125256.11497368346,176806.72353905256,24380.603705088513,2927.4419150656836,4033.6122085600996,3397.3523998272817,2767.992183950563,844720.3394705406,844649.4876180454,20736.911001017867,[ 0.11068942 -0.21236284  0.97090158],[-0.81110244  0.54523705  0.21172954],[-0.574335   -0.81093686 -0.11189604]
19,54677.310612075984,31622.01720948257,15254.737463982674,2632.1909341258884,1684.781545683093,5482.846482967174,3505.9353417533557,284451.1041664178,283767.3175078594,22876.177801856313,[-0.4895072   0.87066945 -0.04813948],[-0.23075017 -0.07609892  0.97003264],[-0.84091442 -0.48594615 -0.23815809]
6,104864.5239437223,67505.89607608285,22484.46533923126,3172.7965465717903,1076.474271201088,1452.536097679143,3251.2978911679643,310528.7598076634,310523.95522775204,4095.4774608261264,[ 0.47411646 -0.8324056   0.28690505],[-0.3005132   0.1532998   0.94137718],[0.82759012 0.53254116 0.17746691]
38,89608.42407370983,131620.1139077776,89197.75059013115,4467.000854959839,5683.046574825358,2299.5046307944012,3504.1032943453984,1125865.1290687649,1125438.138194473,41612.85394886806,[-0.50640271 -0.2200223   0.83375445],[-0.70894002  0.65665639 -0.2573061 ],[-0.49087711 -0.7213824  -0.48851519]
96,52375.65411944425,170181.58443581648,85180.70859826986,4249.74187867747,7924.965000639546,4777.833976457414,6657.241617529701,1936059.6150144944,1935552.9230078855,75352.74738695778,[-0.69392722 -0.14018324  0.70626742],[ 0.66960374 -0.4862926   0.56138253],[-0.2647562  -0.86247792 -0.43131889]
2,42277.20975985985,202395.21814525788,52899.8651470352,270.79622432497854,1086.3814751467435,553.8505530953043,1113.8778667978913,301831.55180153064,301830.4930487713,799.4553494188572,[-0.45277472  0.31280845 -0.83495265],[-0.86934452  0.05315699  0.49133944],[0.1980787  0.94832759 0.24787017]
19,4412.540807622822,88733.95847198571,138493.74502122297,2500.1403668589624,2108.488473858022,4513.729764389469,3702.9272034592495,717554.5009993638,717473.1360129421,18144.695686441057,[-0.97137132 -0.18468059  0.14943506],[ 0.23602351 -0.82179739  0.51859613],[-0.0270307  -0.5390196  -0.84185938]
145,148081.343800833,194481.9698688755,170430.26783064552,11212.322545207717,7614.128712870873,9429.314758698529,7203.237300592513,3591666.8141346984,3591452.5642999676,178364.95813572314,[ 0.33321596 -0.75223125  0.56843229],[-0.80107251  0.09207924  0.59144252],[-0.49724236 -0.65243357 -0.5719095 ]
7,182641.4803580978,101555.67639429343,10904.382525931274,2706.1070163874188,1043.3841687611657,1199.554231943136,2299.403485038722,553713.647563995,553689.8118484226,5647.609363436355,[-0.24364779  0.52569154 -0.81503629],[-0.42286472  0.69869867  0.57706637],[0.87282368 0.48525104 0.05206002]
5,172689.51667233586,90868.76985876875,202594.08625906077,2443.7601882662602,1785.3120797159622,1156.7827181849682,1646.574552527842,629018.0754654408,628994.4353293044,6236.863717992775,[ 0.57190567  0.44686659 -0.68792017],[ 0.54404868 -0.83425312 -0.08962569],[0.61395027 0.32300462 0.72023127]
28,8280.569533307553,112043.45181255903,167966.4218752897,4354.842157353226,3409.486878848206,2293.4617643664933,3013.4369522665397,1069674.7862326812,1069491.1648086945,27445.8974675331,[-0.24503963 -0.8008933   0.54637487],[-0.96865479  0.22595049 -0.10321956],[-0.04078582 -0.55454152 -0.83115595]
54,142411.54517908485,46445.17093492329,176364.60862832714,4170.330056900519,3250.336037545733,4214.36469892699,3758.031141749181,1700938.5875501598,1700777.89941215,41340.81343206744,[ 0.25741735 -0.9651912   0.04628461],[-0.744955   -0.16771695  0.64568806],[-0.61544972 -0.20069126 -0.76219726]
36,138043.70468998895,196499.31368265615,124068.422136857,6783.300894875345,4306.48536416988,2585.586994834424,5173.576890502292,1622494.4801043174,1622171.0717398766,39944.48302590953,[ 0.33008749 -0.65869312  0.67614024],[-0.79373344  0.19400712  0.57649672],[-0.51091045 -0.72696947 -0.45878743]
46,193788.62698644077,30637.289240230675,87150.87896709316,6519.140690700535,4231.836952284767,3297.3988957789065,6580.582492033116,1457016.9176358439,1456871.4316937483,35730.13744618799,[-0.36645857  0.74964392  0.55112803],[-0.22531969 -0.64620343  0.72914481],[-0.9027398  -0.14302137 -0.40571632]
30,59827.61736560312,6842.274330160182,36950.41800529394,3237.982033628214,2992.9645507342852,3218.124048635829,2523.870856582137,387801.5226956722,387528.1882750763,26635.277416067423,[ 0.24184324 -0.94580538 -0.21671184],[-0.4732791  -0.30995387  0.82458201],[-0.84706478 -0.0968544  -0.52259017]
59,77803.98877843453,123995.7233783881,105047.1456587498,6422.962189268915,5463.555635982535,4406.952461598511,5914.603116939195,1385680.424634173,1384904.1110792917,57290.37562018052,[-0.49166207 -0.36226021  0.79185602],[-0.7560486   0.62876591 -0.18177995],[-0.43204043 -0.68805594 -0.58302667]
3,31728.302237347725,19406.501684185914,127382.06212256044,1100.2277830602816,628.6162357121373,1101.4568200589592,861.7328176508896,229862.49889135486,229849.54279153628,2501.1614207576686,[ 0.50780373 -0.8614597   0.00474938],[-0.82763622 -0.48632106  0.28019656],[-0.23906832 -0.14621562 -0.9599309 ]
4,118113.60431133157,172603.6329406816,2394.8579512976316,1865.3243927786484,2244.7528522948746,1251.5813205212514,2014.0806967447882,418370.1010950626,418343.7138711442,4925.221114179477,[-0.39515278  0.28251176 -0.87409461],[-0.72456066  0.48906456  0.48562095],[0.56468232 0.82522904 0.01144169]
24,70459.91437487902,120285.3091449187,158957.4931090646,2551.3919118193417,3159.5162412393174,4850.702855812359,4873.885734675607,1036205.4904374687,1036071.0659011842,19663.8228648893,[-0.92716337  0.34247156  0.15192537],[-0.17108769 -0.74777373  0.64153212],[-0.3333123  -0.56881252 -0.75190107]
22,54291.4847643756,108329.24918400288,30799.277149283353,3321.8267365386914,4183.157017513643,2911.1796646373487,4093.5884714007098,586945.2762287229,586910.1021725876,21004.019975074705,[-0.17538368 -0.18676391  0.96662289],[-0.88359355  0.46285766 -0.07088884],[-0.43416933 -0.86653449 -0.24620107]
121,176085.56795844377,74019.52970301136,156841.81471193352,8238.498772657413,7519.433986649439,7466.336838695652,8959.576348798699,2722141.2153507234,2721036.725742912,109194.87165070005,[-0.36916899 -0.60915493  0.70188641],[-0.59680219  0.73432507  0.3234097 ],[-0.7124194  -0.29949451 -0.63463504]
10,51598.24354510677,122169.63733754444,201610.77210013306,2722.4860135656395,5308.663742207476,1186.1636696839894,2804.6840818715878,763345.7815534191,763180.368875617,17117.472585694082,[-0.91042561  0.41330474 -0.01744685],[-0.35408112 -0.75677318  0.5494733 ],[-0.21389661 -0.50643217 -0.83532909]
21,4380.559476711413,164720.5363871765,164848.09056356267,2242.8402430119527,2735.4124701095366,5579.743732604165,5104.3172599836125,1068526.9360390203,1068383.643564084,19263.789534164258,[-0.87957977 -0.32466661  0.34775138],[ 0.47537656 -0.62878965  0.61533788],[-0.01888281 -0.70655161 -0.70740954]
4,85938.06872553859,142152.35912416654,202195.82104088494,1717.247135717532,1009.9195432626534,849.9940063628367,535.8934343941054,523372.5912233344,523361.6329427686,4197.868235394455,[-0.35814676  0.82858746 -0.43031816],[-0.87400047 -0.13541267  0.4666761 ],[0.32841144 0.54323681 0.77268344]
23,46615.29918303406,27078.34896116433,143033.2936272569,3621.7172787562845,3579.268828245889,2557.2835371731917,2350.221677583591,733375.6778254536,733358.706422931,24838.713277414467,[ 0.9502344   0.00877621 -0.3114122 ],[ 0.06334583 -0.98416387  0.165556  ],[0.30502768 0.17704367 0.9357423 ]
67,143373.61072485594,148319.44838963007,94460.3368433688,3338.9990024663434,7403.82492934014,7374.391172447358,7149.099458515839,1858947.1347130558,1858439.387832186,67952.58196663561,[ 0.36912285 -0.72601448  0.58021659],[-0.68198378  0.21253408  0.69980525],[-0.63138455 -0.65401241 -0.41667892]
13,154038.19162513645,165119.39903513994,52998.61839943911,2253.959993369641,3178.887783076179,2506.3633363509566,3442.911585385965,836441.1025340143,836436.6785431453,11180.4966741968,[ 0.72885315 -0.68451749  0.01445303],[-0.1667185  -0.15696353  0.97343073],[0.66406177 0.71189764 0.22852509]
21,179091.11308450706,143145.4742832338,200518.57812009924,2155.907587928704,6610.763348000405,2745.895802624959,1537.9312832309724,1396180.909451578,1395823.6200631491,33537.008863532144,[-0.77446654  0.09227068  0.62584958],[ 0.23341798 -0.87782098  0.41826592],[-0.58797757 -0.4700175  -0.65830534]
99,197135.84445373865,181472.02657608292,163185.02083793678,4647.456350955652,8546.754017114616,8039.265281370583,7155.374926114941,3123494.2924541594,3122924.883596612,103004.37318004754,[-0.67561698  0.073834    0.73354634],[ 0.38594864 -0.81232445  0.43723293],[-0.62816028 -0.57851321 -0.52032406]
