N,MEAN_X,MEAN_Y,MEAN_Z,SIGMA_X,SIGMA_Y,SIGMA_Z,SIGMA_R,LAMBDA_1,LAMBDA_2,LAMBDA_3,EIGEN_1,EIGEN_2,EIGEN_3
2,44809.0865274678,39327.50952363513,87191.33246573966,1264.624180091574,974.0042187924519,527.2322929540169,463.86336268576997,149396.53028323443,149379.0545414676,2285.0218744303143,[ 0.61909644 -0.78450377  0.03568512],[-0.66084463 -0.49588379  0.56336812],[-0.42426874 -0.37236152 -0.825435  ]
588,53187.47665214938,167057.1889412062,131425.87486937243,11587.739408726533,16749.015938992892,9141.722265253478,12901.127770148898,5333109.252147584,5329873.468589609,442693.67595492967,[-0.96957657  0.21189716  0.12255963],[-0.03310931 -0.60959631  0.79202027],[-0.24253875 -0.76386644 -0.59806607]
1865,24435.52169476201,44545.7174658895,34243.782366420215,13645.331604876019,21512.912679848603,23743.83714518407,19349.177578492297,2987550.4381583524,2815991.1647472535,1292665.610542293,[-0.90734638  0.41027203  0.09164832],[-0.15931662 -0.53734252  0.82817947],[-0.38902541 -0.73684454 -0.55291894]
2745,112323.06384023378,115876.3561456692,135606.18455319403,25380.704348305473,34300.55362046887,29401.738263105188,20601.359098120825,11326260.347678607,11153067.305645429,2450057.4133409197,[-0.82770076  0.49110329  0.27153086],[-0.16343031 -0.67384678  0.72056995],[-0.53684447 -0.55203992 -0.63800465]
554,20930.539963073355,111805.95805866345,90126.84552993333,10985.588911158398,10792.727184835721,15610.909306201376,13785.808886508643,3449476.257139493,3436034.7988693593,404635.0633202583,[ 0.76140047 -0.48730689  0.42755271],[-0.63251762 -0.41386275  0.65470535],[0.14209429 0.76892758 0.62334548]
478,191991.02719618386,138720.1650934522,37419.44355252528,8603.469280842994,11775.77300128638,19046.442437702943,10953.427247100512,5264044.321338766,5252927.008738438,469686.9122026387,[-0.59914543  0.78287267  0.16773534],[-0.02606932 -0.22846603  0.97320279],[-0.80021569 -0.57871725 -0.15729334]
323,190247.04389741085,51371.70375219836,16357.041487946264,9509.40760101653,8738.697836028583,9184.637084779064,9964.468065865072,3562833.2968376493,3560727.8439325183,220522.6693383413,[-0.26755655  0.8396975   0.47256915],[ 0.05404741 -0.4765988   0.87745796],[-0.96202514 -0.26031076 -0.08213365]
1157,172290.39397597607,107380.34286618797,99949.82280583089,16325.127216896077,24689.152866732355,24184.496506524203,15182.023850631227,7790830.93749884,7730291.662814797,1188852.261336446,[-0.64671632  0.51991837  0.55807068],[ 0.0353487  -0.71045795  0.70285132],[-0.76191106 -0.47427249 -0.44108632]
1118,96732.98276335318,35191.49048368495,72926.99814971242,16237.056726724968,19475.90858785373,19700.142549663622,15564.469570226483,4309601.91722346,4296468.638179643,925714.3432794381,[ 0.38694139 -0.92017234 -0.05965916],[ 0.51557138  0.26953605 -0.81334892],[0.76450148 0.28395981 0.57870918]
193,128687.86255003736,172007.05630923252,155320.20335992344,8583.641786763981,8651.908462877145,10167.795843242528,7480.852222055406,3687376.327104783,3686156.942655407,193617.96231393507,[-0.70091796  0.68939251 -0.18289882],[-0.52266351 -0.32196924  0.78940399],[-0.4853214  -0.64890197 -0.58599434]
1184,98766.20304153195,129009.86938455708,49560.96740818921,25566.208159170466,14581.147325553491,19907.95000754973,16161.224174019622,5939226.36500612,5905031.91511651,1083345.5361360286,[-0.21857889 -0.20492275  0.95405971],[-0.78060515  0.62340691 -0.04493802],[-0.5855586  -0.75456643 -0.29622735]
4,146218.8327082933,123035.31103837631,30567.128508601905,1625.2401010504934,519.7573269216192,816.3922350109727,923.7222296958054,387065.52985693334,387057.93167147547,3306.1595121300174,[ 0.04726471 -0.29339397  0.95482251],[ 0.65335253 -0.7139767  -0.25172949],[0.75557694 0.63573362 0.15794379]
480,150537.81900607704,15573.115461193685,175009.40124234406,12313.945663379565,8052.50216675199,14434.425117044233,13761.447422145753,5086046.4850711,5081025.213018829,338081.3070419068,[-0.11218142 -0.9768421   0.18219449],[-0.75137495  0.20337331  0.62775392],[-0.65026995 -0.06647405 -0.75678939]
22,124503.83893213846,53741.28486996062,172043.98724317504,3207.751888487496,2623.396557041389,6266.986387230186,5193.509144267312,1028077.6496066106,1027802.4415923252,25585.586793985254,[ 0.51441198 -0.85091415 -0.10642095],[-0.6423205  -0.46454987  0.60960462],[-0.56815904 -0.24523156 -0.78552962]
30,110560.18637922469,70643.624659798,184622.00355316134,2634.882141519877,3814.247087583717,4019.962663550909,4512.909294761578,1240928.3413960452,1240886.4255200694,22769.373064887644,[ 0.53649936  0.6294009  -0.56215918],[-0.68846452  0.71167619  0.13976265],[0.48804205 0.31204408 0.81513401]
6,134802.85795150686,185335.15263162192,177725.3514041614,2385.307597930569,2262.888586441946,1016.35338537678,2063.212600924228,710425.3035296788,710407.7138638089,6756.204442235807,[ 0.69883286 -0.68979007  0.1892678 ],[-0.54364628 -0.34025056  0.76725372],[0.46484552 0.63907685 0.61278008]
116,70418.86826841581,79506.41668930618,135733.5872304706,8002.826905942578,7358.5869172715575,5133.856505881599,5606.125615899667,1859535.1023666481,1858464.1380860088,114162.08215004658,[ 0.22036004 -0.8868896   0.40603977],[-0.88573375 -0.007582    0.4641317 ],[-0.40855498 -0.46191921 -0.78721882]
40,91443.78624308015,109782.18508115616,34819.9941464742,2959.0487691775006,4300.006636285388,6699.039106268525,2836.861211713547,931417.802715356,930482.6790873703,50545.113673032,[-0.78238299  0.57851579  0.2306433 ],[ 0.03545855 -0.3283563   0.94388815],[-0.62178738 -0.74666031 -0.23638705]
59,27700.95850999275,154040.12159958895,57112.713127694435,12861.990882429516,3528.2510119338085,3346.7036320802486,3743.6943946904494,1283811.3287751502,1280336.8361612246,101341.22962238014,[-0.07603158 -0.33453056  0.93931278],[-0.98300078  0.18303736 -0.0143802 ],[-0.16711872 -0.92443855 -0.34276042]
151,12185.09469038178,107211.97837760563,171758.03330178073,6144.808828823173,15806.663028847153,7247.988551852167,13107.184025308135,2502064.535848699,2498347.6969986353,161413.68700136917,[ 0.9133901   0.31321318 -0.26003081],[ 0.40285301 -0.7873293   0.46671408],[0.05854887 0.53104621 0.84531766]
977,79515.7280246581,179876.28826620054,178630.74863693689,23306.98390194525,14245.208985569454,17967.537233002513,17318.674791582296,8356497.536118406,8333465.861335407,859307.5542001509,[-0.43099757 -0.53333296  0.72787159],[ 0.85073013 -0.50908713  0.13072316],[0.30083109 0.67556365 0.67313773]
16,3436.5781468202604,179100.13948658522,7096.988906550111,1476.8196006934002,2498.4930547938825,5254.602580860572,2596.985705481898,717472.1892027959,717193.3574982898,21671.10481815144,[ 9.99815245e-01 -1.92121334e-02  6.07695905e-04],[-0.00137117 -0.03975125  0.99920867],[0.01917277 0.99902489 0.03977025]
152,111903.94925802985,55282.909065135114,142355.68384199296,6810.530986453244,5906.263917271545,7360.967040988253,7931.1902552332795,2337740.3897458264,2337015.2082066108,105036.42744981343,[-0.79332556  0.04230667  0.60732587],[ 0.14512199 -0.95568385  0.25614055],[-0.59124798 -0.29133918 -0.7520288 ]
62,30204.620832444296,128338.0433382084,164196.23962203567,4793.05614133994,10014.578234842971,5184.023914401286,7069.389974565581,1660558.1025654406,1659386.723778376,78603.94280277913,[-0.88381413 -0.27586411  0.37785126],[ 0.4455249  -0.74274388  0.49983906],[-0.14275905 -0.61010697 -0.77935187]
186,192960.38015387487,181639.90546633737,111490.58808741321,6139.557721785966,5445.66312718612,8069.365625925502,6118.022855621991,3923348.309427982,3922673.8571153833,132728.2776444192,[ 0.52227871 -0.77428951  0.35735234],[-0.5261457   0.03720162  0.84958033],[-0.67111523 -0.63173712 -0.38795948]
947,174365.2546514694,84028.00003236961,53046.72619045877,15209.871005446752,11626.616265858469,19506.62758742092,16303.049795769115,6225040.825495526,6203491.019886239,683213.8657339594,[-0.47270758  0.85964262  0.19380947],[-0.14669956 -0.29363074  0.94459527],[-0.86892277 -0.41808558 -0.26491068]
80,11761.495520906808,63862.83719387618,112089.38371702112,5801.869744237395,7594.382748730863,6917.840738910021,7488.744405762165,1162837.6202587697,1161171.9578722238,81799.5237314759,[ 0.76295423  0.52443307 -0.37798253],[ 0.64023572 -0.69388692  0.32957422],[0.08943751 0.49344797 0.86516474]
127,39400.85254986408,14677.723566759236,66616.81267228397,7997.60200422903,5154.347919807418,9175.956536546028,7069.380711778519,898824.7483502442,892580.687366497,126620.4829440275,[-0.03236648 -0.9715354   0.23467293],[-0.86799421  0.14372956  0.47531869],[-0.49551837 -0.18831035 -0.84793912]
63,75343.40162898584,143151.11092476355,199915.73151635114,7626.516341444166,4620.795830574343,2909.504608058783,3456.8417857224817,2042295.5293490477,2041651.4532848939,69318.88675610679,[ 0.02222531 -0.81673816  0.57658028],[-0.95583649  0.15169547  0.25172424],[-0.29305741 -0.55671112 -0.77729665]
22,109032.33824691075,139491.86221445227,188484.05647401718,4308.476010591787,1924.662375909151,2962.7374945172696,3764.4390610736236,1213157.8702290906,1213105.513350154,19205.67311871877,[ 0.22137705  0.71826808 -0.65960834],[-0.87926925  0.43954558  0.18353547],[0.4217556  0.53934279 0.72885635]
108,27058.74371288596,6846.483219484314,118605.4953974716,6748.499931832321,4487.315221844881,7817.667129392994,7818.963942995817,1271090.5733997647,1269461.8861552677,83585.4436908096,[ 0.39138087 -0.91953946 -0.03561188],[ 0.89305392  0.38887377 -0.22634463],[0.22198134 0.05678362 0.97339607]
72,196443.46845130032,130444.1955356421,160418.97036526157,5228.13150154859,3152.4200909181477,7547.599059604954,7141.52446866403,2421338.815692962,2420855.194836159,55717.11949161573,[-0.65334458  0.72781866  0.20837673],[-0.31424152 -0.51112909  0.79999957],[-0.68876203 -0.45719476 -0.56265426]
200,101198.00661285869,189597.68612130158,12896.950007382653,7323.655429678102,9757.784677316931,7722.594118671795,10244.394800332486,3050536.478076635,3049376.8691498246,144165.12697393374,[-0.69272009  0.41022208 -0.59317512],[-0.54713482  0.23693533  0.80281078],[-0.46987485 -0.88066991 -0.06031692]
62,40870.33891147496,50046.62912659552,99284.90387410915,4785.98915402867,3561.7664565157193,4434.997659209533,3363.840185764954,934398.1186487429,933328.1516423585,51829.309018087806,[ 0.55383898 -0.81253893  0.18177697],[-0.75786693 -0.40153903  0.51420241],[-0.34481893 -0.42254809 -0.83818436]
75,195569.80841284024,199377.7869961737,72515.44624658907,4184.601217625337,3843.010242932438,8786.868996978757,4086.2148844435424,2500226.475682561,2499383.2315143063,83699.53863999654,[-0.69746105  0.71240348 -0.077649  ],[-0.23279911 -0.12276301  0.96474547],[-0.6777556  -0.69094901 -0.25146931]
119,79152.0864169436,129865.74688588329,135526.65632710408,6610.82115123799,6521.267812873738,10239.350700881878,7692.264551973819,2226501.6211819844,2224581.9270228436,125855.7002088641,[-0.90211907  0.11618398  0.41555081],[ 0.18722471 -0.76228346  0.61957311],[-0.38875198 -0.6367301  -0.66591793]
435,143820.05156823545,21194.058255015672,13022.369492434014,13002.981645045576,13156.236523334857,9821.462263574622,12727.355951918324,3068936.642093436,3062058.0296633192,347307.9642129759,[-0.09263326  0.00690928  0.99567632],[ 0.14176499 -0.98969713  0.02005696],[0.98555658 0.14300998 0.09069938]
420,161620.3884521477,194653.61965349913,14862.51120609751,13294.030567851325,6794.9180863915635,9066.771767309627,9850.76579052337,5203697.650483098,5200480.307712546,296260.3449770573,[-0.35425751  0.22479599  0.90772704],[-0.68327691  0.60049792 -0.41537322],[-0.63846243 -0.76737801 -0.05913299]
439,11801.799766137436,48055.189987036916,152254.09981978702,7670.335833555504,14593.310474289412,15220.607064201966,14717.065674304531,3383399.675078148,3372476.3774119304,352278.4127009898,[-0.99462058  0.09172102  0.04813678],[-0.07283411 -0.94968365  0.30462462],[-0.0736552  -0.29947991 -0.95125532]
175,108047.34693549892,89154.06037661732,41043.20470320795,6358.149351574404,5536.161949121775,10762.105213624502,5541.04264586381,1938798.8729048944,1933070.5929914801,165040.73458475305,[ 0.49473352 -0.77767712  0.38788793],[-0.45583678  0.14779192  0.87770745],[0.73989971 0.61104488 0.28137622]
774,18871.90081940529,145619.03074366564,26828.16090423305,12377.667573623805,12045.050037568537,10413.533435778718,12215.052233451304,4184320.3622402498,4172709.1587735047,447506.14376312005,[-0.49851925 -0.09596419  0.8615506 ],[ 0.85779258 -0.19812559  0.47427644],[0.12518166 0.97546764 0.18108679]
248,181845.85901235303,183034.71048103753,52807.67051763127,13041.880370392859,9960.47294879742,10801.041436907533,7069.428847583011,4156130.4632398733,4151714.8604542064,288069.9569245087,[ 0.08558354 -0.35441832  0.93116224],[-0.71805998  0.62595736  0.30424867],[-0.69069916 -0.69466901 -0.20092197]
6,170595.0524127613,167712.1915719462,75168.1349267914,2479.73818853101,2293.891207781389,1817.1084347106896,3029.4349343658964,614294.6266010471,614287.507094979,5755.069813902836,[-0.41921448  0.69057579 -0.5893762 ],[-0.60118906  0.27530014  0.75018768],[0.6803168  0.66881606 0.2997568 ]
38,48110.48391960043,161491.50987771014,17789.9812461475,3680.3701738409013,4485.56108856751,5471.622086450739,4750.7792925236645,1045413.4650713095,1045176.14849261,39468.48449177694,[-0.95375849  0.2919728  -0.07139071],[-0.09883963 -0.08034985  0.99185414],[-0.2838582  -0.95304553 -0.10549283]
2,39171.11125863227,141467.38385055822,129047.50494516469,1250.6141784887259,135.93622928558034,1577.597250920684,692.5567652417667,276422.5986090776,276409.60514570505,2680.150180615466,[-0.64987724  0.6025353  -0.46326102],[-0.73314626 -0.33626753  0.59111818],[0.20038993 0.72379234 0.66027913]
251,130199.53748881903,5848.416901827715,110812.64664517109,10482.279245859343,3842.0130514569382,16211.126136392117,10484.252631400857,2727555.237685935,2716248.821396062,261235.1504248241,[-0.00877449 -0.99795925  0.06324823],[-0.65033737  0.0537419   0.75774212],[-0.75959484 -0.03448389 -0.64948175]
55,151857.47054481113,131193.7627991078,199018.11285549565,5770.028604460798,6625.762336153515,3098.7018542356964,3869.0665048693263,2097057.6334281522,2096379.1700188227,62997.205616474086,[-0.52488731 -0.46943937  0.71001407],[-0.6601617   0.7510748   0.00855418],[-0.53728935 -0.46423412 -0.70413553]
16,11970.337130575805,197098.0382108905,68692.089816856,5012.584620736365,3861.442457691994,3222.908613546105,3356.159655565675,836693.7153172231,836438.5205513814,25153.831406679783,[-0.49166636 -0.25987644  0.83110073],[-0.8689186   0.20885204 -0.44873299],[-0.05696196 -0.9427858  -0.32849699]
115,189153.13304659748,31306.60372309753,123633.25056648435,4853.522107811168,4721.4167107801595,5388.15502329724,4830.669602425111,2447614.8071584995,2447578.9067494078,76980.02274436477,[-0.37280836  0.85796948  0.3534152 ],[-0.41659729 -0.49509079  0.76245118],[0.82913245 0.13701636 0.54200174]
4,144751.08877837055,200797.74675988255,43786.21132116531,1337.2920611107616,2232.899002117739,1214.1708628115443,1624.7999960218133,502781.0939397347,502765.8214954613,4737.971059918785,[ 0.03748584 -0.23864266  0.97038368],[ 0.81672767 -0.55222096 -0.16735566],[0.57580441 0.79881268 0.1742056 ]
278,48334.51497582778,74856.01208837135,110171.64629983809,11010.4531785616,7136.348273334668,11945.576295378625,7289.2371562589915,2377153.9477457665,2369803.3129938864,266995.8028515043,[ 0.49499855 -0.80430775  0.32873314],[ 0.79987322  0.27403342 -0.53395554],[0.33938071 0.52725206 0.77899037]
4,97154.35056424135,202771.78352212562,168068.04038269754,2510.861874084045,885.5360949501104,1168.860660336942,947.5328737182813,561460.1969693193,561442.5392822676,5495.706749416962,[-0.38388455  0.69131366 -0.6121422 ],[-0.85605732 -0.01795648  0.51656889],[0.34611921 0.72233163 0.59869734]
51,174181.1164563121,200498.27295930954,104143.54873803769,4513.186576331392,3089.232840982641,7966.001834238213,5215.519905226111,2038297.1666870783,2037821.922714652,58042.21363908941,[-0.75801788  0.65211329  0.01253612],[-0.2294117  -0.28456226  0.9308032 ],[-0.61055644 -0.70268953 -0.3653057 ]
106,54725.248747513295,11005.02320595332,189186.73652185258,6213.999267166653,7112.227922146274,7061.193953064917,7469.469250079016,2033991.3119334378,2032710.8651789557,94096.40215629387,[-0.79120411 -0.55301009  0.26110514],[ 0.54490647 -0.83131505 -0.10950903],[-0.27762023 -0.05563388 -0.95907866]
86,50955.251631295534,170166.12697658205,86251.0778236819,4342.968244825919,7388.930425915442,5235.512372766084,6652.751960869762,1832943.3712954323,1832890.0938885706,69567.96741333247,[-0.42183323  0.50686936 -0.75175805],[-0.86933928  0.00936679  0.49412698],[0.25749939 0.86197199 0.43669023]
13,138928.07280072145,94571.91125852955,4382.728121649855,3524.544863077637,2326.3262896907213,1908.7382865361537,3137.683007770203,606353.4421599258,606307.9058192308,12260.03119559123,[-0.02952018 -0.00293066  0.99955989],[-0.56225935  0.82683936 -0.01418106],[-0.8264339  -0.56243052 -0.02605623]
158,123108.86385047922,24902.124110406316,98872.2906370352,6303.484252215507,4512.574478959396,8957.67174454412,7018.829689267524,2014034.1345099928,2011972.15521822,119577.13449856821,[ 0.18672956 -0.98229635  0.01503165],[-0.61045718 -0.10402944  0.78518782],[-0.76972339 -0.15579396 -0.61907523]
510,161553.47054664796,176560.72529622063,192848.07705647245,15760.856782735471,17520.286417087827,9096.75660570715,20157.55086639883,6960925.1091830535,6959317.485137267,342295.75544930843,[-0.42842859 -0.4569125   0.77953827],[-0.73463331  0.67843699 -0.00609537],[-0.52608255 -0.57528621 -0.62632494]
110,178660.22439470614,5461.941907251773,35260.249858088864,7188.082708528347,3840.9996782369203,7620.11781955717,6882.166240409345,1914020.4840961602,1912569.0705861247,91450.18598160859,[-0.01698526 -0.97190472  0.23476098],[-0.19490237  0.23350918  0.95262087],[-0.98067557 -0.02957495 -0.19339275]
273,89516.2400213433,175108.33966384467,36117.39007341695,11158.222945664551,11102.596555024757,7902.6973270291355,12676.975526806445,3314875.683474639,3311981.0526361223,202846.125473684,[ 0.17159038 -0.28340891  0.94352325],[-0.87748163  0.39142332  0.27715296],[-0.44786462 -0.87548111 -0.18152163]
12,123612.68021432233,53659.14954240107,67751.99098864176,2616.6680031789697,3791.400369453277,3489.530527229744,2983.5612028670985,522798.8828740055,522667.5281365429,17178.43499034114,[-0.5648104   0.36879342  0.73822803],[ 0.09688863 -0.85875933  0.50313518],[-0.81951315 -0.35570189 -0.44930431]
11,178933.4759847124,11731.78904595559,99019.88151556876,2710.575408428315,3257.3135518391846,2030.2063542443861,2324.513096431926,679517.7140821079,679464.0369475629,13593.080435644368,[-0.449311    0.47687892  0.75545094],[-0.18716232 -0.87709532  0.44235061],[-0.87355017 -0.05736105 -0.48334234]
26,62727.58840858898,197328.83744137065,94231.36343470581,3841.2719222347696,3060.111906310826,2999.9547757979876,2960.88083210233,1160297.403924973,1160152.8956241661,25136.749062907104,[ 0.45889804 -0.49740618  0.73620627],[-0.84462451  0.01291411  0.53520339],[-0.27572092 -0.86742165 -0.41419519]
36,139318.38067248423,155956.80944976333,20007.188129182217,3826.5459418397395,6079.159942096084,7639.527151037933,6118.913072407938,1261958.6625285558,1261076.4257184342,50974.394022318964,[-0.745441    0.64359273  0.17351114],[ 0.06804903 -0.18546661  0.98029152],[-0.66308902 -0.74255675 -0.09445855]
86,180700.35936266917,162075.15954940475,95494.13658836033,6336.397323738762,4926.658941268117,5405.655179410312,6095.032112282108,2420238.22315004,2420050.62595253,69332.32060804906,[-0.62914456  0.7688577  -0.11417075],[-0.35233977 -0.15116779  0.92358269],[-0.69284472 -0.62129392 -0.36600554]
34,195565.69145273717,85607.47050673632,6835.133047297753,3829.0321249593953,3126.2027748932655,3915.4960384200576,3486.783893414491,1245908.9503743213,1245681.2016267446,30684.635017602046,[-0.32558311  0.69249803  0.64377179],[ 0.23579815 -0.59988906  0.76454715],[-0.91563905 -0.40072384 -0.032024  ]
6,65952.46382942433,90013.35319737832,69486.9189624157,2395.522176415535,2373.1824053179175,1855.5002216209714,1713.3511249109508,322114.133213186,322049.9697730939,8415.505440414272,[-0.11083621 -0.55515072  0.82433186],[-0.85797133  0.47207412  0.20256162],[-0.50159797 -0.68480194 -0.52862631]
2,79724.06964938427,163865.41890326736,104444.68800390267,351.9906972427925,1131.1751759157778,1686.3688994731856,177.5314180412679,297054.6850020393,297040.49275970546,2903.7118886322514,[ 0.91472147 -0.39699427 -0.07536703],[-0.13860853 -0.48345726  0.86432445],[0.37956859 0.78016962 0.49725552]
2,129974.90004901656,86684.03763486753,113716.10732136702,147.66378309314314,79.57497596501344,216.24113311107067,262.2770958114852,273272.8489431651,273272.8265929752,110.52329885013826,[ 0.64203512 -0.74920794 -0.16272173],[-0.36790685 -0.48728518  0.79195814],[0.67263322 0.44859851 0.58849294]
306,135074.0896566845,198494.12111373086,93571.65497382153,13875.947920799787,4465.91078937318,23054.583716794747,11589.988981162134,4527509.730341321,4517785.248382534,428666.98797522305,[-0.84229138  0.53109055  0.09213061],[-0.12346231 -0.35646433  0.92611567],[-0.52469256 -0.76868459 -0.3658165 ]
26,79674.14574247625,30491.459612990606,2954.8385960393525,3989.660974163061,10405.59226456594,2218.46713926918,6919.279983293897,438960.55657534424,436822.7674649347,45911.226591772094,[-0.07359134  0.09734429  0.99252627],[-0.35813175  0.92626083 -0.11739901],[-0.93076633 -0.36409472 -0.03330269]
5,145666.14414732804,37415.175738293314,120937.99180431661,687.2123749976192,1528.3343736262354,1726.7286823352504,1731.619684789534,431563.74860634445,431557.4666327482,3737.425481879625,[ 0.64033401 -0.01025142 -0.76802817],[ 0.14249424 -0.98096825  0.1318965 ],[0.75476338 0.1938974  0.62668656]
49,17948.966226276905,160252.030580836,88650.24466882703,4793.751275029581,6511.582410384151,4057.5931648633123,5305.322957819735,1289259.331096384,1289057.7498304276,51110.22672254193,[-0.97814932 -0.00510905  0.20784083],[ 0.18350551 -0.49111075  0.85154915],[-0.09772226 -0.87108216 -0.48131718]
27,111420.0360911176,72997.5141631165,6962.956987531199,4727.9423480150335,3657.4542953311284,4851.353460358858,3293.964433429685,694146.963979629,693383.0744707581,36382.16777534226,[-0.40099245  0.54158091  0.73884719],[ 0.37546428 -0.63851269  0.67180958],[-0.83560255 -0.5468013  -0.05269449]
21,41594.62234131565,174306.7760303535,6173.085798065572,2928.9624597163197,6092.7279736397695,3813.761428357995,6297.9214541413085,822366.8391985459,822287.9370733375,20751.665669459086,[-0.96583019  0.22587476  0.12709304],[ 0.11564226 -0.06327907  0.99127324],[-0.23194593 -0.97209894 -0.03499616]
97,12912.177484993697,120168.42282954833,151345.36840486247,5976.851690399134,6596.370809376445,4303.366294497473,5396.433600394757,1909689.4838551267,1908624.7831188838,81517.65736433493,[-0.63524647 -0.57758113  0.51270066],[-0.7694693   0.53021045 -0.35608128],[-0.06617342 -0.62070679 -0.78124526]
126,12475.845421953527,148884.15847431924,128856.81496975367,6410.509902287774,5865.780086416575,6773.605076723198,5043.588791649002,2217348.981755703,2216109.988313424,110524.58195391615,[-0.82345681 -0.33025826  0.46135491],[ 0.56383136 -0.56710613  0.6004039 ],[-0.06334885 -0.75453305 -0.65319737]
73,42455.42218690363,104616.17073261963,6899.374363987858,3977.2018526615557,3967.9484565916455,4016.0171227595856,3821.1519310591525,967739.7720915395,967499.0446802177,48999.20442380213,[-0.61227609  0.19780155  0.76550149],[-0.69591623  0.3247047  -0.64052124],[-0.37525803 -0.92490075 -0.06115561]
2,94261.03579112352,153276.26224756555,1719.305015445135,334.6111275682415,568.7915229656646,224.8207591805567,307.0565479126235,254488.49671257497,254486.95735829367,885.1517069420958,[ 0.31463802 -0.18304696 -0.93139504],[-0.79159343  0.49088473 -0.36388464],[0.52381558 0.85177813 0.00955223]
5,46771.17834689053,63812.657404667654,80945.5104713103,621.5974058365595,983.0538874039665,2130.3216942960707,2009.5976114677578,253153.5818435055,253141.6682935927,3034.8980194178107,[ 0.90246104 -0.35858914 -0.23870043],[-0.12192245 -0.74409067  0.65685919],[0.41315734 0.56368689 0.71523291]
11,67226.80032775838,24096.107295722748,136779.1731100853,2373.1871995770953,1900.6913418816753,2850.127029088934,2497.124414384358,511913.07919027575,511852.53888589353,11109.939631458605,[ 0.0632873  -0.98769615  0.14300714],[-0.8979249   0.00618707  0.44010522],[-0.43557502 -0.15626274 -0.88648539]
2,101681.07097865701,179991.24644048786,65423.52786929572,1105.192448108981,201.24721390703053,1547.066842154698,817.9758182286168,306658.7104780629,306648.9724713596,2443.8482620102923,[ 0.77828505 -0.22685194 -0.58550029],[ 0.41756016 -0.50941673  0.7524215 ],[0.46895192 0.83007999 0.30174709]
2,203748.17043416837,190022.97943795088,22990.776326014784,505.0738064742909,1729.6412989551754,3459.5907472185554,523.0148762203171,395388.0144681447,395350.22224604996,5466.603612915969,[-0.64516022  0.64155643  0.41493811],[ 0.22930486 -0.35546112  0.90612729],[-0.72882616 -0.67974461 -0.08221737]
8,184591.1236745592,187579.87457415625,156533.59277716177,1589.193853862224,1233.6678144626196,2478.2420421781662,1662.8667138192395,866124.1304507442,866105.3516752267,7698.3245707263495,[ 0.72314969 -0.69021402 -0.02567364],[-0.33711976 -0.38516098  0.85907001],[0.60283065 0.61258112 0.51121383]
6,28570.553474735327,7988.13612038353,40147.99930274506,3419.8048004272173,1942.61773339084,1008.2362415871173,2802.0939360720745,122643.4520389522,122504.43008044487,7242.721819772336,[ 0.41806166 -0.900739   -0.11787154],[-0.70394003 -0.40323491  0.58469654],[-0.5741889  -0.16146471 -0.80264329]
7,161202.79941457763,62270.45103436529,171721.76971294582,1614.7527652382691,2500.8824463284886,1773.307797350177,2302.4165992258236,644627.8839934823,644599.5592160402,6843.912605890434,[ 0.67239453  0.21366765 -0.7086831 ],[ 0.3317613  -0.94287024  0.03049827],[0.66167971 0.25562049 0.70486745]
8,20397.52708181616,143145.40402047237,68101.2141129729,2740.2050413547395,2297.9230963719165,3118.7492303392246,3311.192589970784,452234.21482820343,452176.74291713414,9577.00943640796,[-0.68794057 -0.22950182  0.688525  ],[-0.71441494  0.38127438 -0.58672067],[-0.12786348 -0.8955215  -0.42625365]
4,22028.01298340686,82842.74678998644,93026.46293211915,1606.1399767792464,1427.257206784588,1705.3862708924546,1522.022038389649,253053.48747162952,253021.75696051258,4553.962092778526,[-0.76047079  0.56390401 -0.32201932],[-0.62557005 -0.50314531  0.596244  ],[-0.17420187 -0.65487179 -0.73538878]
3,110500.15789398462,100619.13771086902,186462.7496467705,1519.7030142853944,1200.5267332640917,1277.78958435299,1128.9510585749326,413912.83531703235,413900.02039516764,3515.048905944401,[ 0.72378956  0.32907339 -0.60649763],[ 0.51213624 -0.84524554  0.15256622],[0.46243393 0.42103526 0.78031031]
11,179296.5128078891,139938.55999655614,200950.5411662846,1972.7912569155715,4161.023414627316,1635.8158228173677,2054.7727291585743,1006701.2338151437,1006631.3619014631,14725.855522198623,[-0.75049274  0.01274705  0.66075575],[ 0.29625331 -0.88724202  0.35360369],[-0.59075767 -0.46112808 -0.66209234]
5,124734.08449253024,55557.6030088373,87184.65842742079,1839.3999039880396,1279.4384395616842,3191.217786932262,2294.5647153435357,362351.80267604004,362308.3504993779,7064.702866176256,[-0.57015831  0.74836257  0.33892914],[-0.28664849 -0.56784779  0.7716097 ],[-0.76990398 -0.34278616 -0.53828014]
46,36299.59051206308,143691.16816246507,5568.986074753678,3350.3678445307573,7934.277894127013,3268.2850461201483,7486.801902544833,1007602.7090371377,1007401.5893382373,36081.1306083364,[ 0.17616234 -0.08267745  0.9808829 ],[-0.95366945  0.23255265  0.19087651],[-0.24388811 -0.96906331 -0.03787994]
12,14226.115383267059,173154.09372918765,126105.30476180579,1788.7725994269235,1787.8207360132963,1982.45732824535,1322.2667602695042,743730.7005084509,743709.6867418854,10142.221740224462,[ 0.98528831  0.04002072 -0.16614837],[ 0.15751905 -0.58977983  0.79205271],[0.06629244 0.80657181 0.5874072 ]
39,169100.38106140422,67831.70394373083,149036.27441829734,3076.1842873060427,3714.436029629172,3649.5384056896173,2973.003840883704,1470334.9376483087,1470273.6573015521,32850.17198966903,[ 0.69056235 -0.18544413 -0.69909521],[ 0.08400263 -0.93946682  0.33218316],[0.71837817 0.28811902 0.63318262]
15,136043.8197242587,54453.4597937089,144918.75777891546,1715.9794042036706,2276.7963903100685,4212.411388964582,3575.0126998650508,798400.844415968,798356.2364162359,13999.680771222018,[-0.00639724 -0.93410516  0.35694065],[ 0.75126426 -0.24006946 -0.61479157],[0.65997052 0.26422379 0.7032956 ]
11,118944.57380075543,201088.11550460348,173488.50153465418,5830.96146742753,2572.738747845311,2805.074597631181,2075.7580609116617,965396.4229103527,965197.3261695033,22037.196540180426,[-0.3196422  -0.50350673  0.80268913],[-0.85481801  0.5187103  -0.01502672],[-0.40879706 -0.69095629 -0.59620832]
38,26768.792797026665,54709.63158297388,201931.85138556553,3611.426261341191,6950.158059125543,2088.9780229348685,2271.3303758990064,1300970.3690302726,1300434.0784998185,47868.265992040244,[-0.97914732  0.1871138   0.0791136 ],[-0.15859772 -0.94742612  0.27790378],[-0.12695392 -0.2595615  -0.95734556]
3,43426.093041549844,125962.64306709079,19950.032416831324,944.6870642989152,1375.1127677643772,1023.5881800611087,1472.8446976965904,233371.9177573458,233362.44088373674,2237.5407612120484,[ 0.8967008  -0.35171803  0.26874169],[-0.30332047 -0.04607777  0.95177389],[0.32237302 0.93497127 0.14800125]
88,157447.37634186077,114322.74550693588,20683.42019597209,5264.563747920654,4899.856177465758,10645.746532422587,5592.942923248264,1839204.216673793,1836583.0813972126,109005.93155722624,[-0.59364569  0.79332775  0.1349662 ],[-0.00441536 -0.17092539  0.98527408],[-0.80471442 -0.58430779 -0.10497195]
2,62439.958811217584,56692.61506424445,81001.62758758341,275.9474806122271,939.2685040889846,678.204193642574,777.7951623626941,165381.2750239265,165376.3572478975,1275.3791418069752,[ 0.35685136  0.61350262 -0.7044655 ],[-0.76653713  0.6233267   0.15454661],[0.53392691 0.48484879 0.69270752]
25,196641.91197013526,54375.21021209275,200497.2791489345,5126.086263193613,8110.283468774026,4334.968417771334,7036.678727621798,1431178.813521806,1430700.8789685944,39467.301279828396,[-0.7255007   0.22326763  0.65099946],[-0.03250461 -0.95597621  0.29163838],[-0.68745341 -0.19042336 -0.70081863]
191,86503.84724927574,187712.72347516107,102407.92535322222,6858.159297010949,7860.475733394395,11131.3091755005,10338.346113864469,3194302.221135557,3191584.228582367,154780.09487195045,[-0.81662703  0.51680855 -0.25696151],[-0.43873482 -0.26657214  0.85816727],[-0.3750094  -0.81354055 -0.44443192]
81,61450.09461320532,55665.89116672669,65669.02631391444,3918.553626726234,10108.609567497224,5384.849626174714,6050.736447844244,957117.2125115956,954501.2586540679,94464.12857312405,[-0.54651479 -0.31367341  0.77648604],[ 0.60577545 -0.78828188  0.10792489],[0.57823671 0.52935873 0.62082336]
7,35478.63736988235,178017.52572796697,22577.210953393478,2892.832770239171,1809.4375134490165,1093.3428862472456,2265.996614805641,484038.73259803833,483997.8398607022,7360.597749440255,[ 0.21938446 -0.16567157  0.96146939],[-0.95613287  0.15956337  0.24566129],[-0.19411439 -0.97318676 -0.12339831]
30,153613.97526474466,58019.3162392231,126632.16753494377,4315.837841442463,3714.6425760608317,3638.020430224439,4611.759473225227,1136260.7709972628,1136164.9680408225,27060.25275555459,[ 0.52830727  0.3187983  -0.78693016],[ 0.41480716 -0.90560561 -0.08839399],[0.74082822 0.27972507 0.61067785]
15,150267.94234675745,102561.14483770757,66318.51583516422,2276.367079068743,2135.4498636246967,2054.898827934965,1847.1314065826402,750092.2072735236,750029.7015747309,12558.643193601798,[ 0.20493594 -0.72522242  0.65730792],[-0.59650064  0.43989685  0.67132536],[-0.77600789 -0.52966329 -0.34244497]
20,24650.65640725287,191981.12729751546,50330.986703558665,4424.875407058777,2379.978755852144,2362.832507008608,2158.9571889514423,894674.7892589377,894521.7194634385,22926.83389025186,[-0.07751512 -0.24347741  0.9668041 ],[-0.98934393  0.13866159 -0.04440211],[-0.12324768 -0.9599436  -0.25163126]
50,187530.31867296097,52417.73783365151,154914.24956063717,5663.13674336475,7876.036832066093,4181.438697436019,2943.699271532391,1760762.443862546,1759862.2246862203,71594.37527225426,[-0.42271459 -0.56981095  0.70471828],[-0.50325218  0.79428565  0.34036384],[-0.75369067 -0.21077425 -0.62251473]
43,15355.235349863284,188701.44702410346,146404.75995927776,4383.367046996948,7850.288272348888,5273.422253405801,8824.359019252812,1570780.8188327337,1570546.916405788,36248.88781978541,[-0.21943796 -0.58683468  0.77940493],[-0.97355044  0.18379789 -0.13571244],[-0.06361222 -0.78857047 -0.6116454 ]
120,40888.05076818538,82407.53677221596,185649.50322154135,6632.81910045917,9720.927302808152,8924.764981096752,7374.81576258796,2274514.9370832685,2272061.0339947273,139757.147069521,[-0.91191541  0.40995068  0.01872776],[-0.35993466 -0.82091043  0.4433431 ],[-0.19712262 -0.39755063 -0.89615633]
5,87509.75915677045,121186.5305866093,108140.23476031286,1964.4242009612396,2016.7886751531325,1869.096163519663,1402.6094117335203,412606.7993818449,412561.8032548025,6857.256508491128,[-0.73141792 -0.07650454  0.67762444],[ 0.48992141 -0.75015593  0.44412059],[-0.47434675 -0.65682048 -0.5861587 ]
147,84677.93659517828,29462.57060005545,184610.45311087888,7425.989532164453,13236.294356108277,6426.142839912235,7427.470414878991,2495299.133431069,2490993.1778354472,177216.1074214705,[-0.8542882  -0.28126391  0.4371296 ],[ 0.31605427 -0.94871353  0.00723482],[-0.41267587 -0.14433729 -0.89936943]
10,63679.65072026769,160135.0490733543,38620.17324676609,3003.4225767815774,2237.5486506795364,1889.0310306245074,1649.6160492228441,558611.3932588771,558527.9596550909,12195.678586718812,[ 0.17707648 -0.29672141  0.93840307],[-0.91579514  0.29957352  0.26753498],[-0.36050406 -0.90675913 -0.2186886 ]
3,157584.44590499834,199188.26927678203,130800.95123434435,99.56211260352815,1065.8636279288282,1035.1027727510534,1238.7581132246903,494832.7959444133,494831.327113037,1429.886030092238,[-0.32093051  0.68404651 -0.65504502],[-0.76990608  0.21437569  0.60107211],[0.55158701 0.69722553 0.45785187]
7,195505.99493325435,17817.318814143237,18409.012693399236,768.9586231783098,1317.4965822351721,1857.9951978978008,851.3748032469563,521711.2210624963,521697.32279379736,5950.774632583793,[-0.06239545  0.96139961 -0.26798807],[-0.11398689  0.25988986  0.95888699],[0.99152095 0.09037731 0.093371  ]
27,23169.59991042767,22673.048431024337,196577.66554657219,4689.948123881251,3652.5469292778885,2734.7811917152035,3124.982302649808,1035636.1898809826,1035538.6507479348,29798.3751817001,[-0.18185367 -0.97416844  0.13388461],[-0.9763962   0.19502605  0.09281863],[-0.11653197 -0.11384501 -0.98664057]
4,79493.17588552198,13373.185954623148,60299.85410136903,884.0627991781472,2174.172620396368,1150.4932965045039,1124.6984500454919,201401.4650762497,201351.6331061615,4718.441996308536,[-0.6079614   0.0375588   0.79307772],[ 0.0827128  -0.99044928  0.11031236],[-0.78964646 -0.13266333 -0.59904834]
59,180091.85778490326,125743.57338078618,177181.7055768412,6879.339704976799,5547.148985383611,4121.014281382557,7446.075455320262,2168713.1081749676,2168601.781422168,48362.74630739261,[ 0.76958426 -0.38744593 -0.50756843],[-0.01701733 -0.80704457  0.59024527],[0.63831848 0.44560601 0.62768209]
8,101475.87368651156,4340.457929687841,22486.719064792538,3013.517845366892,1818.1589331120017,2872.9027332614287,2412.903738998065,294474.4468583895,294356.57649222494,10898.431487680775,[ 0.0659129  -0.99219897 -0.10581445],[-0.20938201 -0.11743715  0.97075625],[-0.97560989 -0.04182972 -0.21548924]
13,127194.10440028546,39042.1625550307,155379.14997651998,2859.253416771564,2604.877556506253,2533.495709210291,3546.303419305043,737707.8478734369,737703.40495706,10712.755205619118,[ 0.59812142 -0.74187156 -0.30311278],[-0.50558176 -0.64276698  0.57553253],[0.6218021  0.19099004 0.75952943]
40,145900.93898431034,48359.10770496934,85528.28473356397,3783.286823355675,4997.048896411617,6156.365011648251,3981.294927841239,1113723.1088625402,1112929.3582650407,49455.33315948863,[-0.53034984  0.66052662  0.53144485],[-0.17537953 -0.69878763  0.69349684],[-0.82944021 -0.27459139 -0.48644476]
6,168949.28683771883,186786.54850971405,71569.92272279561,2006.7303008830772,1397.3152627245229,1060.4003721197282,1395.3166658437349,641380.4556680896,641365.2036690668,5567.249101424038,[-0.22665329  0.52043919 -0.82326869],[-0.72955627  0.46928214  0.49751575],[0.64527199 0.71338441 0.27332533]
10,118412.12108652243,185509.642754811,168394.7517258919,2156.1262864070295,2848.795172051538,1658.8530374191812,1857.4779594768231,876388.1592404664,876341.5425175717,10983.125236535177,[ 0.61554721  0.27688237 -0.73786028],[-0.66221377  0.68932726 -0.29377008],[0.42728745 0.66945059 0.60766878]
28,41942.52528341429,34636.361436810796,72980.86194992682,3339.6867155476766,2636.49496046734,5600.288280060519,3843.3542351538026,482749.6086673745,482407.0321097529,31141.346483246354,[ 0.58086747 -0.812393    0.05109393],[-0.67158278 -0.44282611  0.59403839],[-0.4599669  -0.37937138 -0.80281243]
15,145028.05032946868,17642.322669039047,92883.37001926436,1679.8308209400564,2140.316269858988,5412.654319935056,2442.3578636615057,670890.9162455797,670596.1490192866,21410.10305373601,[ 0.26806205 -0.93266726 -0.24140117],[-0.47607375 -0.34607928  0.80844475],[-0.8375539  -0.10178859 -0.53678912]
28,192471.74632291895,200881.7601243755,37713.276072507826,7070.623894396388,2385.8108818686464,5217.743365748241,4942.417541936742,1486284.9997753086,1485915.019978454,40504.554301992706,[ 0.49106225 -0.5907433   0.64021888],[-0.53720068  0.37319514  0.75639991],[-0.68576475 -0.71536546 -0.13408566]
177,66821.52274854094,81963.77891781813,29136.075412802147,6858.97461013553,4305.946084526095,13149.419778854914,6575.536090293505,1471746.7086258216,1463928.7429891143,186172.54246992248,[-0.73304693  0.65908688 -0.16806754],[-0.30276114 -0.09491137  0.9483288 ],[-0.60907955 -0.74605383 -0.26912039]
114,119226.35325137127,9874.78873727862,37647.63807891574,6801.760987732267,6386.0919318693395,7280.50935343709,6098.539386075977,1343829.6817028655,1341910.3844976919,108258.28065177567,[-0.22407291  0.84165635  0.49133076],[-0.21354772 -0.53430071  0.81787537],[-0.95088838 -0.07834115 -0.29945611]
28,200877.14140414633,87275.7710279103,135120.43306434495,2444.862271694755,2305.066066447275,3684.2904748756564,2429.8413680686417,1361932.2298870191,1361862.9798644688,23031.100974443096,[-0.34891434  0.93337061 -0.08413134],[-0.51863908 -0.11754377  0.84687482],[0.78055896 0.33912057 0.52509518]
54,26422.8815601797,63256.78914204909,69215.00806721768,5573.522616843045,10895.619385013752,3992.3441035050264,5136.245225544244,721493.10441711,717482.2505244842,86704.13265229316,[-0.84241311 -0.19655606  0.50170297],[ 0.46662103 -0.7317251   0.49683316],[-0.26945309 -0.65264393 -0.70813201]
43,116216.28502220837,148693.86240701977,151482.31402923263,9328.711970590897,4312.143688482768,2361.0371412774525,5792.771206734734,1588239.7934692109,1587491.8650467077,57818.59229519556,[-0.03735273 -0.69856586  0.71457016],[-0.87606797  0.36689296  0.31288092],[-0.48073869 -0.61432507 -0.62569563]
39,139203.16068530825,86814.75599170274,79628.5059972231,3167.860531676486,7616.863610605633,4154.392794681199,4236.477945512509,1140032.0020350076,1139419.90239152,50943.037389030564,[-0.6231769   0.36434668  0.6920275 ],[ 0.17090204 -0.80002792  0.57510679],[-0.76317957 -0.47666217 -0.43629133]
