N,MEAN_X,MEAN_Y,MEAN_Z,SIGMA_X,SIGMA_Y,SIGMA_Z,SIGMA_R,LAMBDA_1,LAMBDA_2,LAMBDA_3,EIGEN_1,EIGEN_2,EIGEN_3
1261,109269.52742302233,141059.37481059995,72286.38045121258,20029.228221537916,20847.674247417042,24343.045965805937,27141.429088325593,6955649.83478485,6917163.138998712,920212.0233431897,[ 0.4075048  -0.64943303  0.6420098 ],[ 0.71807925 -0.20645757 -0.66463333],[0.56418262 0.73185518 0.38221193]
667,89989.32062463628,34486.33569950326,76112.19243084524,16011.614791562168,15443.806027852894,13463.731391746576,9391.689858622134,3222788.6549701686,3200237.0516071618,625642.5029706415,[ 0.55883869 -0.76408918 -0.32228412],[-0.38027121 -0.58148029  0.71921797],[0.73694853 0.27937145 0.61551479]
9,49554.929943900126,119542.44045517381,154755.72839194015,1524.3823632371507,3853.323793439378,2672.1297547562735,3876.9425151069117,605351.5317412345,605327.6147218911,9121.912394884897,[ 0.95967922 -0.26030211 -0.10610656],[-0.13678055 -0.76219888  0.63272739],[0.24557458 0.59270202 0.76707069]
1564,62514.51619253831,169583.34677738516,141722.3340177737,22222.46392837692,20521.510610297613,23713.93096921218,19732.943977431307,9185184.24083151,9140424.963532723,1309083.645321688,[ 0.63978634 -0.61673661  0.45859502],[ 0.71966938  0.27134146 -0.63910077],[0.269721   0.73892474 0.61744701]
5,156818.86911338326,128657.94590584282,37744.81624189961,625.2198780509032,2083.897359278032,2258.3791295481724,858.5420815101396,461399.51158211794,461367.7521615604,6751.673833847722,[ 0.60394882 -0.57385349 -0.55311662],[ 0.23995583 -0.53086469  0.81277542],[0.76004409 0.62359831 0.18291561]
769,17276.177686781783,111747.80517444332,86856.03974515427,11055.535320515135,14856.901437042046,18331.8577087877,15933.244705748712,4009182.1460743533,3989130.029228949,570238.3900355687,[-0.96105287  0.24648346 -0.12499311],[-0.24838493 -0.57206527  0.78169448],[-0.12117054 -0.78229613 -0.61100775]
554,96783.2175305358,183240.32547485916,29596.914651434257,13519.901401367879,13647.263176700537,17558.421833615255,17507.453493289595,4960316.594243004,4948150.045051488,462709.4328023806,[-0.87552513  0.42729961  0.22554553],[ 0.13621677 -0.22957992  0.96371056],[-0.46357387 -0.8744759  -0.14279762]
255,185526.23005867266,121245.7932355862,133756.4073816324,8613.860440451337,10343.92741593367,17750.343888051983,17634.06387435439,4147643.224735479,4144684.8621322475,217954.85328822347,[ 0.3163395  -0.87875397  0.35738043],[-0.62324129  0.09150068  0.77665817],[-0.71519201 -0.4684219  -0.51873048]
530,190199.8196523292,138736.99631698796,34121.98114348871,9901.555640585308,14581.091726602646,18332.02010890514,13566.256579953575,5501568.553054166,5490859.669035931,502242.49201990786,[-0.59802487  0.74574296  0.29365574],[ 0.06405452 -0.32075011  0.94499544],[-0.79891381 -0.58394075 -0.14404834]
13,70907.00806016332,101165.27897161577,4142.3254227655525,1663.3014460611555,3054.3858471640297,2801.6232177900442,2405.2590149784955,445897.91243850207,445841.69251016114,13512.572910374236,[-0.65471171  0.48261349 -0.58175321],[-0.49246856  0.31152536  0.81266639],[-0.57343464 -0.81855737 -0.03371267]
1734,24282.181950089893,42234.70579899634,34341.43673678309,13691.697231356158,18061.44108062054,24351.341805450855,17962.618937589083,2791246.000771935,2629325.3038193136,1205975.2768035065,[-0.89492086  0.43618733  0.09411305],[-0.19265079 -0.56791777  0.8002219 ],[-0.40249513 -0.69800431 -0.59227329]
42,173581.36191218483,69210.43014207277,149209.043954296,5947.815650696499,3387.8390728067616,5242.452230094214,4075.23092674106,1550562.6773932192,1550165.0398498604,49362.34664754886,[ 0.28799795 -0.95172121  0.10622575],[-0.62450196 -0.10256041  0.77426007],[-0.72598518 -0.2893235  -0.62388895]
169,43831.24223716773,72696.14208227671,115911.42326469795,8150.562991073539,8026.182045723722,7873.060499240751,6471.456741371227,1874209.3027821777,1871845.5262073742,159667.9197583253,[-0.71799665 -0.43489093  0.54346176],[ 0.62572712 -0.74527042  0.23029887],[-0.30487109 -0.50541258 -0.80722472]
137,31680.489526183508,10688.284849604346,117268.29520533465,10101.392668905914,8976.680880605816,8690.820205952823,9398.022283401711,1438567.7334288193,1432394.0559426746,154316.00519208104,[ 0.63907678 -0.76228542 -0.10247833],[ 0.72357186  0.64103222 -0.25597157],[0.26081531 0.08943505 0.96123709]
52,29728.75683374485,187723.32817142844,195162.2879856601,7493.891648846142,3701.0659693021807,6976.707649349369,6271.039324048653,1965773.2020379158,1965195.1486916048,64313.01230397189,[ 0.15188833 -0.72392772  0.67294768],[-0.98238345 -0.03557601  0.18345872],[-0.10887006 -0.68895791 -0.7165782 ]
35,95112.16600375072,88452.8074838555,89361.62177499097,2482.7303091063527,5820.6259990782655,3135.6747185474005,4117.290736849473,933487.1181322627,933189.4328789689,33929.33146472424,[-0.72013017  0.07760801  0.68948498],[ 0.34315113 -0.82384751  0.45113477],[-0.60304216 -0.56147331 -0.56664617]
1507,175421.2003163284,98808.8696330556,63526.73884096935,12999.238635472475,21877.735967240966,21250.92965208167,17296.683865617902,8267436.012905022,8251071.310039142,1104842.1473645922,[ 0.10555203 -0.66364559  0.74056283],[-0.55004261  0.58145961  0.59946463],[-0.82843943 -0.47061582 -0.30365911]
2182,112987.1731074969,92343.70369214396,144645.90441266086,30216.047924928604,26845.333753624025,24938.115082331657,20060.213052515344,9809273.682263458,9688824.073349748,1994597.3780564792,[ 0.63993602 -0.76835822 -0.01036981],[-0.53192455 -0.45267781  0.71563892],[0.55456123 0.45244717 0.69839344]
454,150916.8585545032,15688.459881304452,175636.50675774782,11863.494208357042,8143.494601167982,12732.904201741436,12916.999613855056,4959555.531424421,4955733.724387868,304765.8607921928,[-0.23288262 -0.93065803  0.28220793],[-0.72326478  0.35973461  0.58947355],[-0.65011826 -0.06683291 -0.75688811]
443,100081.3546144779,176012.9659616302,186395.55457165255,8828.388073376502,13865.321949186775,12342.014305810417,12485.592901433933,5805659.529920855,5801375.844807491,344194.98043543275,[-0.8221201  -0.12219589  0.5560456 ],[ 0.43850714 -0.7588075   0.48158349],[-0.36308405 -0.63974943 -0.67741467]
276,193991.6970666599,49609.80630082877,167146.45748886387,8410.919199614193,15680.778351941479,21551.01716907343,14053.357003420195,4353620.735522973,4343968.139413609,400827.4620353004,[-0.18202086 -0.86489852  0.46778088],[-0.64579927  0.46389364  0.60642064],[-0.74149289 -0.19171134 -0.64298916]
269,164615.47701041706,151733.81533765048,143501.9466091598,7606.914441953576,7001.253957375726,11504.017973013953,10009.624228433337,4367324.537873826,4366090.046453318,191532.50642160999,[-0.66700501  0.74472347 -0.02216478],[-0.41491286 -0.34657484  0.8412688 ],[-0.61883086 -0.57032696 -0.5401625 ]
181,112157.1780747064,52748.51457202554,144387.0139143173,6170.3545304001955,6249.156203054259,7106.504582020866,7718.108981654898,2563633.106598707,2563098.877575827,110718.02151060439,[-0.80400069  0.10975927  0.58441063],[ 0.07860531 -0.95457334  0.2874212 ],[-0.58940995 -0.27702462 -0.75884996]
91,139797.3809059916,135069.48073332317,200198.17135770217,7979.013892742899,7967.971556905555,3388.993635882208,6499.4252597960485,2663566.7732146205,2663382.9757378413,93362.54762198581,[-0.8069664  -0.03759051  0.58939985],[ 0.31235074 -0.87414438  0.37189866],[-0.5012407  -0.4842092  -0.71714657]
171,110129.40984230222,69225.29246374201,94273.93846075446,8861.813719470814,8149.2919333443315,15199.299260979487,15551.136421932828,2114908.6010976,2111928.434988345,148000.98214806218,[ 0.64041664 -0.74084713 -0.20251433],[-0.34968259 -0.51602761  0.78194475],[0.68380451 0.42995469 0.58953401]
362,190052.17644553896,50283.78420365962,17814.650191344543,9636.365863799963,8694.18834213628,10262.019259072198,10031.716343205753,3766362.924220769,3763242.1405955753,248697.19516516372,[-0.2704767   0.90042101  0.34071156],[ 0.00635613 -0.35222486  0.93589382],[-0.96270554 -0.25530308 -0.08954542]
142,122913.09093213438,24717.174132657583,99294.08304623557,6307.585759816521,5236.674266691796,7773.376548686341,5822.405859914139,1909646.243033109,1907955.1450011842,115432.85377577168,[ 0.26038602 -0.96196089 -0.08264607],[-0.58460803 -0.22520749  0.77943251],[-0.7683961  -0.15463777 -0.62101094]
30,160589.46811116856,56025.88279583287,188540.63929090722,3402.3665504263136,4337.455163347188,4782.095311116097,4623.792743205895,1391231.7490798002,1391128.6013709449,30949.739748006436,[-0.34266993 -0.77994751  0.52369763],[-0.69478371  0.58560945  0.41753702],[-0.63233924 -0.2207792  -0.74256557]
3,43489.628028181614,40909.513415224894,88103.61317053098,1283.3400936257399,1603.131353928104,2481.7633052264046,1674.6367379803075,184424.9999159579,184363.85152280552,4768.923307595379,[-0.73449069  0.67690338  0.04822067],[-0.54188761 -0.62779422  0.55877745],[-0.40851101 -0.38428665 -0.82791456]
66,70249.79527533862,82258.2075615142,43668.2045811998,6780.920457828258,4630.137160589678,4200.172096268492,4818.440083070121,950271.1360292567,948892.4829427679,64180.5009742221,[ 0.07169154 -0.51488853  0.85425413],[-0.79486634  0.48788413  0.3607722 ],[-0.6025345  -0.70488217 -0.3742904 ]
135,9788.821699227392,153197.7819496178,124390.93515463665,5355.076314172625,8512.495820868324,5747.609008797143,5156.099054191699,2299069.3086260757,2296978.8743482907,121600.69742377804,[ 0.92132993  0.20790442 -0.32852231],[ 0.38564863 -0.59577837  0.70450214],[0.04925738 0.77577309 0.62908651]
635,158977.64661949917,179486.796455392,187152.70117057278,15819.336864441399,18186.9289503274,12725.874931408192,18622.239273736275,7690754.57362413,7684146.529982192,494449.72578714153,[-0.69549617 -0.12132958  0.70821198],[ 0.49270307 -0.79795273  0.34715288],[-0.52299977 -0.59038171 -0.61475253]
10,170465.25556699355,11120.649112164168,40498.375313920944,1284.6690189279616,2334.8258629325987,2550.426316821452,1463.4907871418886,555257.8879026283,555238.5150463682,10714.96384525886,[ 0.08068334  0.8210934  -0.56506267],[-0.22525199  0.56726529  0.79213107],[0.97095404 0.06336972 0.23072178]
32,39551.64051579813,130545.88154868284,200139.3089962339,3725.2469203011997,4159.747923731277,2774.413212220077,3636.8703240646464,1370422.7774013225,1370402.3406744525,28537.81614060531,[-0.52615204  0.75607047 -0.3892576 ],[-0.83455631 -0.37116343  0.40712834],[0.16333953 0.53906879 0.82627177]
19,85350.00168397382,2662.9642451147797,101937.47769219012,8383.488550954085,1668.5447291605196,6112.117574597257,9697.19373935217,581415.8508813191,581206.3366180578,17423.05532595871,[-0.25426473 -0.9375613   0.23733573],[-0.72253447  0.34727369  0.59778335],[-0.64287899 -0.01948803 -0.76571981]
6,156582.19005831904,53977.40261022007,120196.61918919398,2902.281844102726,2337.1444969616705,991.2792624990657,1891.5346257054966,501354.51651809574,501298.09019613906,8217.357565659157,[-0.40147878 -0.51770734  0.75550903],[-0.5032682   0.81391204  0.29029003],[-0.76520318 -0.26367839 -0.58731406]
41,192452.66249316797,151031.12518802471,35618.1235798802,5187.860737410354,6258.50671970089,3399.9517525481897,7767.172435214759,1583922.5526177532,1583808.614942916,26585.025445486695,[-0.36058194  0.62303976 -0.69411967],[-0.51399091  0.48826485  0.70527356],[0.7783277  0.61108011 0.14417728]
101,197320.51377295892,179911.71305820363,159920.08636209505,3257.919351793945,8629.761187344455,11430.69877681699,8857.428247739612,3130773.9554928024,3130086.8368240097,117288.91319358278,[ 0.51118735 -0.811606    0.28281301],[-0.5808993  -0.08374396  0.80965607],[-0.63343784 -0.57817182 -0.51427021]
66,156990.57753172526,113510.03069174713,25727.864172708953,4748.734372603808,4409.646457559601,6660.53917746029,4360.178523365627,1589058.9167889217,1588477.4872618304,66627.29852694416,[-0.59021067  0.80593281  0.04608329],[-0.07911605 -0.11456241  0.99026062],[-0.80336294 -0.58081646 -0.13137818]
60,17683.6630585716,94360.55990663488,167808.36407883634,5628.229162201675,3895.2162464103903,6068.031475946378,5952.541851311076,1498936.2724445148,1498479.895108752,54235.11576979428,[ 0.03554621 -0.87274252  0.48688495],[-0.99522969  0.01337735  0.09663809],[-0.0908534  -0.48799747 -0.86810375]
766,18372.890490474718,144439.1500388068,26862.40936712063,12413.117733948013,12300.735984799974,10272.751996242338,12460.269628762651,4129048.407500854,4119505.655351533,440902.5326907492,[-0.44688957 -0.10959453  0.88785064],[-0.88602684  0.19120856 -0.42236917],[-0.12347529 -0.97541187 -0.18255281]
258,131344.821796649,6291.925703894127,108061.25209679172,10978.732341443898,4866.931074456662,18147.55428277,12684.572193318769,2755003.3050266765,2742544.946868733,283535.60630862194,[ 0.03046341 -0.99930493  0.02148572],[-0.63776597 -0.00288169  0.77022481],[-0.76962753 -0.03716653 -0.63741047]
119,65868.5861654004,194956.54336396517,197587.48553393353,5485.387266959957,5351.1227303734995,4181.884612980279,5021.049918305776,3113141.693872864,3112983.6716555594,77808.73406306065,[-0.30730947 -0.62411703  0.71835842],[-0.92316487  0.3787145  -0.06589348],[-0.23092751 -0.68341295 -0.69254547]
79,91467.10772647361,84534.98913034974,15723.221693126874,5661.247239780541,8767.256681275421,6049.22957513982,7549.319555100926,1119755.857451418,1118971.8159804714,84014.39829712026,[-0.36316901  0.2242573   0.90433232],[-0.58187263  0.70346504 -0.40811908],[-0.72768985 -0.67442242 -0.12498752]
11,4885.214302884437,166524.41228665694,171922.63126193208,1850.3780263720396,1528.2427656175983,2736.048322595304,2178.5663175185837,794071.1385981726,794043.546316762,9657.716595490438,[-0.83176123  0.41037815 -0.37384895],[-0.55475917 -0.58972973  0.58690809],[-0.02038441 -0.69556353 -0.71817536]
44,135629.51383919636,91519.01466552564,194855.63311155865,7275.968545826168,3234.463008679875,5167.012770974662,6217.341020147212,1688860.2686237528,1688354.4609424048,47354.9470560897,[ 0.13662297 -0.92984535  0.3416457 ],[-0.83488346  0.07755142  0.54493613],[-0.53320143 -0.35968514 -0.7657172 ]
5,10368.392609470848,143084.43519589823,49798.97529403724,2824.3548408011893,1704.6862754924077,1079.346678695481,1748.7211939854922,339648.97117418033,339588.5788324214,6680.102152352847,[ 0.07096514 -0.33246852  0.94044066],[-0.99515062  0.04078108  0.08951062],[-0.06811165 -0.94223224 -0.32796222]
123,137773.79923438383,134979.47482890097,4855.182837585397,13390.226874283595,9341.05201944304,3144.0254890267356,9448.44113079235,2147429.252077902,2142526.893107594,152951.42384892044,[ 0.0234381  -0.05964611  0.99794439],[-0.6987607   0.71291649  0.05902165],[-0.71497142 -0.69870767 -0.02496895]
232,180915.22265800854,183611.67338202035,52630.21392250813,13378.272697263832,10805.848615362956,10306.348447792001,6183.34535515427,4016448.966414711,4010675.2590327896,290171.26426298404,[ 0.08045122 -0.34760674  0.93418261],[-0.72141704  0.62642156  0.2952177 ],[-0.68781179 -0.69768588 -0.20037305]
18,85742.71511932235,9628.198507774148,133042.90347390808,3072.4641326352116,3270.5051796025823,2908.5433821004103,2390.903173199521,673027.701396451,672955.2811968,20293.30456832358,[ 0.51967098 -0.8084392  -0.27634784],[-0.66151004 -0.58543538  0.46868954],[-0.5406908  -0.06075748 -0.83902443]
361,147607.48902080007,14566.787579728816,14568.971440815638,12698.727782561667,8661.738387400961,10974.84120232903,12540.309368535036,2849659.9525882327,2846563.348260355,267282.2736071026,[ 0.05426826 -0.93011159  0.36324564],[-0.12656109  0.35444069  0.92647401],[-0.99047324 -0.0962509  -0.09848105]
29,87821.12021193482,13572.135283982636,182463.05903222194,2563.4458240194867,3862.8561337916963,4480.272729083767,4031.283447694473,1093333.572333613,1093293.4998048707,27092.291335575996,[ 0.82899419  0.36250022 -0.42586643],[ 0.35449494 -0.92956643 -0.10119085],[0.43255285 0.06708087 0.89910967]
61,18052.47803734745,157414.23627600406,88321.16747664074,5443.758043482153,6021.044263665458,3968.2327005006005,5238.245800953225,1417995.051628104,1417904.566076571,57437.57020979785,[-0.30547475 -0.43870754  0.84511589],[-0.94697101  0.23285626 -0.22141334],[-0.09965483 -0.86793643 -0.48657503]
6,157096.31847360448,131604.91201286166,90486.84798451538,1155.515719558277,1712.4071698302716,1224.2760500014092,614.2081893297549,548769.7756026785,548755.2087171226,5688.655047179333,[ 0.60736895 -0.19563151 -0.76995537],[ 0.37330289 -0.7852493   0.49399239],[0.70124739 0.58746221 0.40390623]
61,46589.82033948199,171191.63168787,21582.02605030949,8368.536242323442,7633.508120856991,4581.125702224973,6815.602486084544,1398853.2531385047,1397191.0901721574,79512.86581055744,[ 0.20174319 -0.17646894  0.96340978],[-0.9443404   0.22591488  0.23913107],[-0.25984781 -0.95802984 -0.12106996]
176,135560.8220436615,115366.87867410142,168512.24563224593,6556.4587385629875,9428.915753968891,8475.982646664015,6494.551232022141,3256498.113400597,3253873.480257164,168307.85300455557,[-0.73861745 -0.10535763  0.66584085],[ 0.38561385 -0.87619165  0.2891196 ],[-0.55294324 -0.47030623 -0.68779781]
21,86210.93239414936,65273.937684503726,56017.3623516288,3418.4681080148302,3946.3023930328172,4185.741542876427,3723.206582028602,558826.3975474094,558432.5683420484,25437.19081655583,[-0.64779818  0.75230524  0.11997643],[-0.28139535 -0.38264597  0.87999927],[-0.70793656 -0.53630112 -0.45957256]
416,12121.124885107998,46441.063400065636,155148.60584038222,8115.659727291204,15206.90551219275,13836.014919888463,13115.651973353535,3338917.02581649,3327318.272704577,361772.56266971555,[-0.99380295  0.10048292  0.04752768],[-0.08246017 -0.95317502  0.29095998],[-0.07453871 -0.28523775 -0.95555398]
6,71548.11772864698,141832.57011492673,40165.1014201818,1968.678863590587,1430.0961702476845,1114.7625209711255,1141.3646265897964,401411.06527696946,401380.39161573636,5921.006651806294,[ 0.2662711  -0.38458743  0.88385079],[-0.85932467  0.32066771  0.39841351],[-0.43664723 -0.86560079 -0.24510092]
31,24002.59742728522,192995.11801209566,93514.18206017437,4661.374761455484,3290.6418172517965,3920.693416810831,2910.0352063324194,1201991.1906058784,1201742.596432188,35047.34888147765,[ 0.599176   -0.40818442  0.68874785],[-0.79286068 -0.18306305  0.58125714],[-0.11117582 -0.89435642 -0.43332036]
5,87066.9163192126,64213.46546284534,102865.1434806472,1467.099684382067,1213.925342015918,841.5530381347847,878.2880180522087,333836.6072425907,333813.05058389925,4225.7633364375315,[ 0.6261142   0.30237835 -0.71871297],[ 0.51747065 -0.85064133  0.09291637],[0.58327106 0.43008913 0.68907054]
98,11332.928552848372,118116.74769862517,153929.3871706929,6661.521035407677,6723.943282607261,8673.662262638072,6895.436117292818,1927083.0796515425,1926355.4748928428,107538.53330168783,[-0.97197921 -0.14682515  0.18357229],[ 0.22782528 -0.78074999  0.58182909],[-0.05789692 -0.60734819 -0.79232324]
27,69064.88109925218,61470.278173314284,121091.73130704575,5374.637993712721,5177.096250591565,4237.912058323619,2316.9442855433304,792599.252972531,792054.513635777,42990.35989974512,[-0.69465565  0.71865203  0.03150863],[-0.55840068 -0.56633269  0.60618147],[-0.4534779  -0.40349294 -0.79470198]
7,41249.52968328174,200937.37556602975,121793.68475299932,3157.484674071266,1933.454341507111,2573.2164616759737,2354.1347517818685,631276.2991481922,631209.8041917824,10187.650265044338,[ 0.28557321 -0.53895864  0.79244654],[-0.94265004 -0.00887676  0.33366465],[-0.17279709 -0.84228545 -0.51058435]
4,120994.31360521301,26272.245512321864,32327.27583917398,1664.9077772483163,661.9602229600885,605.5797059906445,1552.7696179191519,255956.2700366903,255948.3993797147,2163.319200828481,[ 0.26016611 -0.94304152 -0.20733135],[-0.19557794 -0.26174293  0.9451137 ],[0.94554898 0.20533712 0.25253475]
31,65108.08581157575,197513.61192787832,92132.13729071515,3342.3969053537776,2484.399777898362,4088.6314677425294,2630.6243349701444,1266823.0129151132,1266589.9629009361,28988.888667002833,[-0.68725859  0.48061178 -0.54469069],[-0.66766362 -0.12252019  0.73431199],[-0.28618338 -0.86833238 -0.40509005]
444,162761.48408267493,193566.24069436526,13684.89446670839,13515.810412850768,8079.121879118111,8865.606142733895,10749.196145840435,5347868.609430759,5344029.821899484,306078.12587462517,[-0.35051524  0.23052253  0.90774359],[-0.68063543  0.60307758 -0.41597216],[-0.64333077 -0.76364703 -0.05448608]
46,60276.339385014006,76000.08889700472,100300.55484877228,3462.9869471215707,5041.283477734399,5161.16228052997,5714.88971113789,947721.344314864,947350.6334171538,37850.92100134128,[-0.42949801 -0.57685853  0.69481342],[-0.79337462  0.60855329  0.01481885],[-0.43137937 -0.54488267 -0.71903735]
30,194584.51896368124,85148.35379090255,6042.3755081721,3954.9533667249166,2717.4291713390317,3272.0151913357586,3483.798921606314,1164154.1749575948,1164094.4382362813,25423.885846449517,[ 0.29673415 -0.62718761 -0.72012815],[ 0.27065989 -0.66793478  0.69325779],[0.91580133 0.40062306 0.02844453]
275,189975.41457832762,176784.1307471511,104827.26583946962,8709.699799359618,10235.568286701033,10675.162023620609,14105.655842616115,4648919.525405959,4648211.818946443,162232.11775093988,[-0.53004159  0.77441291 -0.34545701],[-0.50876607  0.03549215  0.86017289],[-0.67839001 -0.63168421 -0.37518269]
4,31833.70056067792,43486.62638068237,57382.24476855439,1944.4329609230754,1257.4818276378007,444.73659319327925,1385.2453900874764,157509.49041850603,157474.6747131005,3809.41704218377,[ 0.41789354 -0.82050438  0.39004813],[-0.81340968 -0.14669573  0.56288991],[-0.40463524 -0.55249699 -0.72870941]
144,160575.49189704968,32291.834595490378,61031.03273820129,5965.51205426058,7145.061987851167,7324.374216097513,5528.495836225138,2101120.9773297743,2099697.7842825674,126289.82135951844,[-0.12917149 -0.69546839  0.70685107],[-0.37333453  0.69448176  0.61507432],[-0.91865992 -0.18444184 -0.34934961]
34,24129.045872376093,193317.3471629199,46491.373269020754,3497.950937941436,3476.8397079868623,4400.300512187816,3303.8167071047574,1168336.8356111222,1168197.0319146006,33358.57332832368,[-0.87972628 -0.00469178  0.47545732],[ 0.46000202 -0.2614605   0.84854967],[-0.1203321  -0.96520277 -0.2321719 ]
151,39853.758643434514,83577.35514392977,187392.96243189106,6563.826195306305,8513.596588827715,8712.211071026968,7510.276074690073,2572987.356278942,2571303.315258644,142209.17416630342,[-0.8870154   0.4614108  -0.01742867],[-0.42069871 -0.79204145  0.44236063],[-0.19030574 -0.39971291 -0.89666789]
19,189400.4023909557,18458.533809335004,199832.55587688924,2992.5465502060024,4260.321458110707,2152.5997711812456,1849.5422675531026,1203007.054134939,1202913.3943664029,23197.84108497075,[-0.66249721 -0.35322838  0.66055064],[ 0.2999536  -0.93314537 -0.19816044],[-0.68638567 -0.06685381 -0.72415833]
13,185869.57960731082,165789.91413219197,161035.84285432776,2601.022186412993,4606.966115392563,3310.478777186591,2975.0752849915903,1069537.2318057567,1069502.1166546931,19819.46929091177,[ 0.7518968  -0.61687473 -0.23263011],[-0.20485344 -0.55399204  0.80692496],[0.62664685 0.55906922 0.54291375]
2,171123.90470435284,7148.768978661412,73610.61642686231,734.4586815005606,1024.0583086023853,389.7785391341895,788.8149387604499,263646.5761666598,263642.33642931195,1495.181091321448,[ 0.39659757 -0.0641131  -0.91575099],[ 0.0097788  -0.99720651  0.07405098],[0.91794049 0.03832339 0.39486273]
4,96836.02351088822,130264.34073590633,9135.327297595131,1675.909450696507,426.09953446837534,1307.5208661042884,1338.0176381875344,325171.45387577853,325154.16118259926,3411.8580924571493,[ 0.60842659 -0.40441027 -0.68283924],[ 0.52436989 -0.44098688  0.72840016],[0.59569565 0.80123836 0.05624757]
29,55774.11067481588,109411.81212554807,29583.33419399388,4860.522844529439,4525.850319076984,3947.0222996974453,5289.62950630173,681428.572162135,680963.165510169,30075.856262626516,[ 0.46257556 -0.44367445  0.76757855],[-0.76875821  0.23053896  0.59654221],[-0.4416273  -0.86602816 -0.23443669]
2,26479.15872669185,84903.64044686974,96164.06906496157,1407.8858152200355,555.4866581656388,378.60723315297946,202.4901756712934,185255.15506170658,185242.2370888775,2187.7100459307953,[-0.42226605 -0.61868416  0.66251135],[-0.8836397   0.44394948 -0.14862619],[-0.2021689  -0.64818112 -0.73415868]
18,159421.5208086638,57557.684586796706,130911.2104839212,2279.775897260047,1749.5055293189066,2360.163634805529,2581.276789629466,908732.6123006742,908704.8122003066,11364.511102492681,[-0.34774354  0.93752223  0.01124727],[-0.57005426 -0.22093679  0.79134384],[0.74438738 0.26877316 0.61126788]
18,23407.078958677765,157863.44650543394,170254.08187887294,3154.482241703384,2755.7695131583037,2567.5479784075937,2591.0681018721366,990217.8166626159,990157.1464095048,17721.68635919046,[ 0.61842106 -0.61683555  0.48689762],[-0.77941321 -0.40232378  0.48026099],[-0.10035156 -0.67649795 -0.72957528]
3,46173.32021413274,103400.05956544506,157234.4717075381,712.0516078544857,1173.9331911690458,1063.1859980235758,1327.8585605990017,335629.660644358,335625.43881942914,1936.5394115635759,[ 0.96412052 -0.23061702 -0.13148164],[-0.11697135 -0.8136673   0.56944116],[0.23830513 0.53363032 0.81144892]
148,110314.34405545263,14234.621905974771,61799.791313912414,6439.172897489005,7108.877733751278,5375.946744229152,6754.0535447348275,1552492.4016812802,1551510.268405374,104561.833734321,[-0.49274217  0.34177818  0.80024548],[-0.07510882 -0.93290969  0.35219054],[-0.8669278  -0.11343364 -0.48535451]
17,72729.14210905082,107383.66112952013,190751.9611903852,2480.0119932461153,3388.796214267147,5093.738873586472,3739.4608411168288,951409.7355066136,951230.1757865654,22437.691054040028,[-0.9303605   0.32343081  0.17269005],[-0.18713538 -0.82391507  0.53492458],[-0.31529303 -0.46535628 -0.82706338]
163,70871.49350422432,129287.16768620905,15750.084446030618,6661.028235554678,8571.916394130538,10801.141426341575,9135.697069761369,1901581.8061916379,1898146.5547195575,157844.52190929814,[-0.8757673   0.46337587  0.13533087],[ 0.06857733 -0.1580766   0.98504261],[-0.47783761 -0.87194873 -0.10666124]
35,166999.97758001793,189298.84321246034,127806.57945955997,3086.650797057543,7968.633843614671,4481.93456896104,7087.972286617623,1674849.299943262,1674497.5540717356,38540.947785169985,[-0.16235284 -0.44975718  0.87827105],[-0.7909993   0.59142423  0.15664448],[-0.58988276 -0.66928011 -0.45177701]
9,59697.518005174505,10141.829274211179,137101.53687313976,2778.0630253289573,3119.9119062121326,1469.532591829345,1210.201214349545,449809.46476537065,449671.0588656443,12769.270733605199,[-0.69939226  0.66762952  0.25518873],[-0.59343594 -0.74141243  0.31327526],[-0.3983519  -0.06766413 -0.91473347]
6,9585.572032407546,166846.34416810385,143455.96173455208,1789.2672375949835,2223.5239042768553,2122.612246058132,1269.3379639189998,539552.8703099198,539517.1537516292,8132.508730970513,[-0.93524318  0.26016832 -0.240068  ],[-0.35131722 -0.59869278  0.71982162],[-0.0435478  -0.75754828 -0.65132495]
2,49309.18089454212,19674.50926374735,105551.56044626668,22.558798030131584,1818.3760824346245,937.0160412977857,1149.1888260280757,167115.5202094649,167098.382546811,2393.2499074859325,[-0.86768467 -0.21916219  0.44619642],[ 0.27015031 -0.96135024  0.05314623],[-0.4173034  -0.16665427 -0.8933556 ]
4,29170.51412496919,169158.6139324075,166877.16778649,1633.3777654545413,2088.3590605592276,1697.0676580116033,1475.3480928918364,478840.0230321901,478820.23516140494,5571.885302919791,[ 0.84886762  0.28976557 -0.44210821],[ 0.51437232 -0.64557057  0.56449955],[0.12183951 0.70659362 0.69705135]
74,64767.79570110219,80664.88145616376,17976.288859283246,5436.09264692669,3777.0409256238927,5427.83186729054,4441.241405266337,905707.4206666086,904597.920042599,62592.55236024954,[-0.5601044   0.58159558 -0.58994036],[-0.5525295   0.26832988  0.7891199 ],[-0.61724728 -0.76794899 -0.17105597]
54,85275.09820351684,85483.18488999,110873.84228139819,6165.93392397244,4196.521963446925,4883.434374730912,2753.6052710391805,1205837.6256362842,1205352.2024463352,62174.61050590731,[ 0.055722   -0.81109586  0.58225301],[-0.85218232  0.2652369   0.45103734],[-0.5202695  -0.52131842 -0.67642202]
79,179088.34188661372,4781.39125254321,32159.96279727277,8522.537848043523,2871.5204315983187,6388.16696708983,8864.937296065795,1620560.3262953898,1619914.839285867,58213.21955005839,[ 0.03134217 -0.99916961 -0.02603389],[-0.17626322 -0.03116379  0.98384963],[-0.98384397 -0.02624716 -0.17709359]
5,148520.6723313459,174632.3383593601,171405.92605209793,1609.1972046040016,992.395596722652,2158.794461115898,1076.9706578455925,640083.115416976,640069.4332217636,5951.937420866284,[-0.42224702  0.79197556 -0.44100132],[-0.74330379 -0.02403957  0.66852194],[0.51885155 0.61007935 0.59882907]
261,106792.74625346571,88694.13976983228,41245.66167025965,7761.921836073928,5875.217734857737,10207.414786831765,5036.181334089964,2349647.2386640627,2342153.5424186015,212129.6885488061,[ 0.40084938 -0.7361762   0.54531127],[ 0.54373983 -0.28787978 -0.7883351 ],[0.73733762 0.61251109 0.28489189]
137,113876.50789766794,109970.42231070748,69480.48317820451,6069.367491768599,8605.512860153234,5154.569667047355,7401.74446203211,2027528.112334401,2026074.2514497289,106645.86204044949,[-0.16331615 -0.40035857  0.90168778],[-0.73496412  0.65907645  0.15951796],[-0.65814556 -0.6366563  -0.40188701]
148,65484.1462320999,12117.021859986868,155692.00210879828,7286.081704958361,6608.244637227154,8046.329371031827,6516.091672339601,2065316.5189151294,2062095.263768755,133540.84108356753,[-0.46139278 -0.84817866  0.2602108 ],[ 0.79899257 -0.52473974 -0.29369897],[0.38565215 0.07239591 0.91979957]
5,35431.52265689122,158244.03315094998,116568.20623672658,1607.9616075478737,2203.0823640840063,1489.746993459952,1996.5593489299074,446615.39226393553,446598.3583361425,5321.430156400266,[-0.60172293  0.55661206 -0.57281109],[-0.77876209 -0.24960431  0.57552349],[0.1773672  0.79238924 0.58366101]
24,33559.683899217955,12744.77367316583,152151.40807911023,2800.0189515244624,2800.268268054755,3801.454105778303,3404.1929298281143,766203.6158038962,766152.8996196596,21149.16200879117,[ 0.53292207 -0.84486746 -0.04682999],[-0.81853498 -0.52875783  0.22453429],[-0.21446344 -0.08132729 -0.97334028]
51,119490.50767186304,40752.30079348729,195007.3133039946,3689.7011980000307,5372.114819965667,2838.149473111547,3125.010018451587,1659633.9365398998,1659305.2120642315,45462.771049647825,[-0.77708532 -0.31861989  0.54278889],[ 0.36269397 -0.93150116 -0.02754411],[-0.51438458 -0.17546213 -0.83941739]
6,22787.982173880257,93510.485125863,15617.619896787204,1706.566946546027,1282.2774386399385,2377.385295587027,1005.0904616160012,238938.39787182372,238882.65310364708,7414.78307621035,[-0.91825201  0.27183279 -0.28795864],[-0.31964946 -0.07957668  0.94418842],[-0.23374658 -0.95904874 -0.15996265]
35,97809.64927013459,5171.422821164433,7753.672275453728,7096.616560070186,2429.7982705247173,5632.574820002329,7397.27929818278,583735.4553543006,583072.6315282984,34496.190594100786,[ 0.05176766 -0.99860331  0.01056083],[-0.08162668  0.00630857  0.99664301],[-0.99531763 -0.05245592 -0.0811861 ]
15,201781.0138728994,201310.34947547788,32282.25499546149,2090.6744193942177,1215.826578556315,3629.61725470855,1736.6344099523967,1111084.5251619057,1111003.8891197944,15478.538561568179,[-0.70224937  0.66185905  0.26227546],[ 0.10956709 -0.26353533  0.95840711],[-0.70344927 -0.70177754 -0.11254955]
28,155202.55773556867,154745.11662862435,35004.75766077185,4948.018213976167,4135.523306019275,2877.249643412175,3864.023952519878,1174914.9990641808,1174695.405699123,31209.725218872863,[-0.09608466 -0.12694972  0.9872444 ],[-0.70830176  0.70557329  0.02179338],[-0.69933995 -0.69717293 -0.15771348]
93,177257.76536073766,125804.31263273832,177445.52611677145,7124.596617984427,5971.24159321109,4242.886721619851,7623.6456104132485,2707491.9905455434,2707230.024614403,65803.2827052666,[-0.67046189 -0.09306729  0.73608379],[ 0.38885582 -0.88900509  0.24178731],[-0.63187974 -0.44833964 -0.63223378]
34,25343.40665954492,22208.953952880438,195542.94808155062,5039.552047018982,2821.0838443137427,2953.154415834431,3261.193213406722,1157522.6675540444,1157270.6940790014,32585.605411596745,[-0.181757   -0.97413496  0.13425899],[-0.97498757  0.19628614  0.104264  ],[-0.12792039 -0.11195014 -0.98544586]
9,86380.70282352756,28675.93885623597,34984.85420328633,2586.421114053796,2868.389898836124,2612.791085297377,3230.6183446174045,292806.74360192195,292736.1448449727,10144.281982820328,[-0.21930682 -0.41657681  0.88225182],[-0.40917756  0.86016924  0.30443817],[-0.88570776 -0.29423228 -0.35909486]
4,156202.53526545686,159948.6805459807,114362.44050222804,1486.3785283861143,755.0594695784431,1395.4639965015588,1112.0584898350587,502257.10087090515,502249.2360640052,3737.0280325217464,[ 0.67259469 -0.13687269 -0.72724291],[ 0.40086172 -0.7586817   0.51352893],[0.62203397 0.63692068 0.45541826]
12,142367.7518923244,41013.60417945356,92316.45822588024,2571.292323460478,4481.804839177627,1683.8002136177606,3344.9826445913122,604994.7918960201,604832.8436160246,14826.850460791393,[-0.57592571  0.24032952  0.78137782],[ 0.056729   -0.94175838  0.33147093],[-0.81553136 -0.23522941 -0.52874921]
13,133064.91714566763,5100.813051282558,53257.96343737921,1543.6141091307773,3529.9799834362834,3582.796338504819,1845.059435277969,517306.81363483233,517286.2642998962,17733.842827689543,[ 0.30007388 -0.66327654 -0.68557997],[-0.22187922 -0.74751972  0.62608616],[0.92775281 0.03575615 0.37147842]
18,200449.00060548988,55032.95812181379,83268.74053759272,3543.2066535107097,5282.732842853859,2622.6303452980796,4662.588124214958,950425.6999815959,950291.0719420601,21403.555193469358,[-3.83452998e-01 -7.49075600e-04  9.23560089e-01],[ 0.22755575 -0.96924715  0.09369276],[-0.8950878  -0.24608818 -0.37183118]
13,118720.57223127261,108640.17870567391,25470.522871706293,4165.6047394562975,2825.6658594105843,1845.8515987676767,4711.38278690997,587734.789585925,587730.5827894503,9175.214892848338,[ 0.23866125 -0.03332986 -0.97053075],[-0.64182826  0.74459411 -0.18340146],[0.72876423 0.66668488 0.15631371]
7,127423.43166026096,54954.59926250379,89836.96235012263,3118.3036147231173,1571.6195267667133,3048.889642412827,2403.033198679551,437503.7012312243,437452.85278492316,10498.978707411863,[ 0.32522237 -0.93888834  0.11277894],[-0.54770762 -0.08980101  0.83183661],[-0.77087403 -0.33230176 -0.54344159]
129,129358.2849899085,171790.99653142784,157422.1260695635,7663.798383691627,10192.719320078448,6944.179556839237,6474.150307814832,3030370.911492498,3028934.4632441914,147938.22370818703,[-0.87360462  0.33247898  0.35534869],[ 0.03290236 -0.68818807  0.72478591],[-0.48552281 -0.64486813 -0.59026494]
19,129067.62488301532,151396.2722131407,66856.8226629036,2066.160930495818,2427.9336187546182,4922.490386708972,1641.0830825621279,915161.0788117468,914905.2846844562,24535.633463064245,[-0.75126644  0.65870123 -0.04136932],[-0.23964127 -0.21384038  0.94701867],[-0.61495593 -0.72137714 -0.3185031 ]
4,45891.86940507512,58948.15410164614,163256.81498936456,1601.0839135951571,2273.467754212138,1646.0732450781356,1194.2512632198095,359131.9912034411,359084.2689450134,6010.296978396486,[-0.87222886 -0.3273587   0.3633911 ],[ 0.41696021 -0.88605475  0.20261089],[-0.25565797 -0.3282427  -0.90933807]
21,200495.78699129488,88470.97708317867,136055.11329630276,2637.2126298625476,2194.3848154708526,3157.420503986598,2024.5574036531907,1182217.7259785058,1182135.5580263578,19232.70093462493,[ 0.06535572 -0.87783625  0.47448092],[-0.62576704  0.3343252   0.70472851],[-0.77726717 -0.34297256 -0.52747092]
4,57801.53630654319,100435.75682109766,166616.10610201652,1350.6166113657086,614.3677297919961,1778.2069767021162,1259.9842200182811,405925.67648311245,405914.34900525596,3883.3991634675867,[-0.27206464  0.86295158 -0.42578797],[-0.91917871 -0.10211207  0.38037302],[0.2847654  0.49486128 0.8209878 ]
31,77940.63600520541,21375.273161427052,4654.986269964974,3887.3440220422794,5938.313366936482,2337.0884788871845,4719.234797229025,452454.54916614364,451709.5075404316,31792.444921747137,[-0.03279911 -0.0953425   0.99490403],[-0.27061368  0.95910418  0.08299041],[-0.96212912 -0.26651263 -0.05725875]
48,183326.06029716428,76794.09358081325,160513.8846587912,3984.812542927503,3105.9640093532835,4999.680342944576,4811.699074337116,1770571.0347171258,1770477.4029562897,36119.79829150054,[-0.0365133  -0.8846662   0.46479295],[ 0.69557449 -0.35644454 -0.62379758],[0.71752554 0.30052121 0.62836621]
7,46146.6364555823,5203.31464328703,168139.48090461284,2376.2559162534712,3784.8823141160965,3382.1509393891934,3484.918862649091,461722.86367168766,461629.6828639614,11592.556066486672,[-0.88935181  0.39412494  0.23177337],[-0.3729224  -0.91856384  0.1310319 ],[-0.26454158 -0.03009998 -0.96390443]
27,104138.24501809628,151250.58032852478,33127.66405666583,3885.505164059023,3496.324168900905,3242.594734427109,4590.939033696152,970077.9733754795,969927.257247314,21366.021490020692,[-0.65823252  0.30218941  0.68950091],[ 0.50513491 -0.50181061  0.70215727],[-0.55818336 -0.81047373 -0.17766164]
11,60125.301709923355,92731.5067107347,66894.73502805857,2205.202055832737,2364.0914558631725,2355.42311108888,3076.9464139621246,428660.383402645,428591.94807400956,8437.458025248672,[ 0.52302535 -0.69499848  0.49337774],[-0.71404112 -0.04121605  0.69888949],[-0.46539205 -0.71782892 -0.51781453]
62,53127.8317665666,14079.727392143983,189298.26583279116,6247.868768806671,8051.244601333033,5173.289953248985,4873.682824083212,1554224.5787055774,1553042.1114940927,81353.55137682956,[-0.823512   -0.49998533  0.2680348 ],[ 0.49916973 -0.86312899 -0.07640638],[-0.26955067 -0.07087329 -0.96037462]
46,70395.44363570209,140551.44991478996,200824.72349843587,3144.465108552104,5049.568055244574,2933.3900050375255,3919.337195923692,1730235.1988988377,1729961.859353151,36313.664051117,[-0.74832867 -0.39090639  0.53590709],[ 0.60320129 -0.73712884  0.30461334],[-0.27595727 -0.55121074 -0.78740987]
42,74519.27898038135,122109.72688918967,101897.11314977075,3422.053333298856,5298.143592066011,4363.914000928574,5823.385003027574,1139147.4546245188,1139027.568848355,32290.16033443617,[-0.52802338 -0.33065071  0.78221571],[-0.73576199  0.63808494 -0.22694033],[-0.42408208 -0.69535438 -0.58020399]
39,32068.769597385617,93949.29168432154,132948.36931203873,5264.743151116693,5760.543688990531,3028.768003526477,3274.3685058162537,1037317.473546985,1036573.7322910839,48004.66102089653,[-0.66836646 -0.52188079  0.5300252 ],[-0.71834648  0.63779104 -0.27785056],[-0.19304046 -0.56644773 -0.80116937]
2,80483.45862907167,57150.523867991826,44842.50428177796,209.82222436413576,336.91179632269996,332.9843600900531,471.07781507637264,153328.9802682655,153328.67701515078,304.95063490767075,[-0.16776975  0.74386838 -0.64692591],[-0.64868658  0.41084348  0.64063512],[0.7423335  0.52713135 0.41361033]
20,6855.7594377722435,180436.98345275532,189885.552221829,1480.914764514229,3324.816230976951,4590.994696788919,5059.003244938584,1172124.159997561,1172077.365300389,13182.115028546694,[-0.93232693  0.27834355 -0.23084924],[-0.36067156 -0.66963545  0.6492337 ],[-0.02612518 -0.68855881 -0.72470976]
5,60068.72394302258,76495.31755963435,83407.25265985762,788.9630970636014,741.5443375102385,1722.271829491453,1313.1114330700073,286533.77354380337,286519.18761444493,3476.7035192181456,[ 0.87393734 -0.42049433 -0.24375819],[-0.12823643 -0.6832346   0.7188504 ],[0.46881654 0.59697152 0.65102692]
124,115342.53332606229,10039.758775085877,179851.97148359698,6378.858397875287,5225.096876406353,8004.940866320556,8286.22187278324,2384591.721621032,2384331.4407797437,88281.59794129891,[ 0.23103385 -0.96839171 -0.09402582],[-0.80990145 -0.24497     0.53296279],[-0.53915025 -0.04698079 -0.84089822]
