N,MEAN_X,MEAN_Y,MEAN_Z,SIGMA_X,SIGMA_Y,SIGMA_Z,SIGMA_R,LAMBDA_1,LAMBDA_2,LAMBDA_3,EIGEN_1,EIGEN_2,EIGEN_3
1077,108184.02412989507,117947.55241358062,54797.604494032836,18887.503939412138,17636.924115814898,13393.697597763394,15339.688025855292,5619801.77433932,5588657.73380043,808178.1883009116,[ 0.09756811 -0.49001219  0.86623814],[-0.76288752  0.52213317  0.38128673],[-0.63912682 -0.6980437  -0.32288064]
206,189810.59997812117,181854.9985819229,113246.67416362668,10083.603108149446,5380.9050940333855,8635.11734873534,6700.123178881337,4112511.8082079454,4109978.8486013873,180546.5198402823,[ 0.37722853 -0.74033872  0.55641461],[-0.64625599  0.21991533  0.7307465 ],[-0.66336403 -0.6352447  -0.39549   ]
3744,98165.34060902028,137256.88470937876,134052.51836278682,36399.89097209139,41303.353246927225,27015.267407405157,22765.290504446195,13509912.616767732,13465901.433403518,3478446.2682786533,[-0.58389979 -0.30648074  0.75175168],[ 0.67336481 -0.70009148  0.23759576],[0.45347643 0.64493525 0.61515661]
1925,23245.613448463242,41575.63665205822,36269.43549379178,13465.091730251199,17599.414969283076,25700.019167947332,18181.664875527742,2959829.722671989,2785621.977192254,1308795.372403626,[-0.91290179  0.38408878  0.13815254],[-0.15271575 -0.63527286  0.75703784],[-0.3785343  -0.67000314 -0.63859814]
19,79634.18473798131,22480.57267096713,3253.5064970812864,3362.9091847072586,2540.596234622142,1684.1032194463635,3549.6480294509506,361460.5457579352,361340.22726762254,12238.351930396171,[-0.18710607  0.54594107  0.81666374],[-0.20085247  0.79252153 -0.57581933],[-0.96158702 -0.27176823 -0.03863198]
224,143109.11653431816,13062.85303823894,7889.620858111447,16934.653415189616,9285.513595894743,4920.623772959965,16389.61911085443,2173203.9187015533,2169498.8365367036,166980.7135000519,[-0.05564701  0.02189877  0.99821033],[-0.08584773  0.99595218 -0.02663496],[-0.99475302 -0.08717625 -0.0535418 ]
24,134336.70499862375,161666.60156917214,138534.56588715842,2188.8623424405264,2475.1408075432078,2444.885972439913,2930.962105578596,1233424.7346726623,1233385.3922451776,14129.293997757073,[ 0.74255607 -0.04432703 -0.6683155 ],[ 0.40478349 -0.76527307  0.50050719],[0.53362985 0.64217773 0.55031532]
2386,180549.15216747613,95800.5807608533,54788.19482859382,14887.815767148191,32079.517195743352,28928.632864583615,22172.032961801713,10522823.98925746,10446667.546292633,1943599.791425364,[ 0.13635852 -0.66879487  0.73083498],[-0.51318506  0.58333864  0.629569  ],[-0.8473768  -0.4609007  -0.26367234]
36,90001.2231702478,107870.67275083908,37330.77258502281,3731.0393366494945,3933.7585168739615,5985.375499575538,3288.5761205325493,873244.1058964405,872658.1735508856,44274.875369765876,[-0.78482103  0.57456449  0.23223179],[ 0.02489132 -0.34520719  0.93819637],[-0.6192224  -0.74209679 -0.25662419]
281,163569.9238188858,152097.23038454494,146202.29490716456,7458.313083953684,8825.121071479683,8719.652770921295,8802.70039624191,4479673.196079712,4479241.733466157,192194.3156500814,[ 0.01260862 -0.69994778  0.71408272],[-0.7903609   0.43047727  0.43591164],[-0.61251177 -0.56987931 -0.54778363]
222,11702.768568783838,56714.087227103606,128597.39679784044,5536.880609858197,13479.629411474732,14222.69434355309,12383.315266182059,2121456.431669381,2111621.5573623264,236777.74486982232,[-0.99501937  0.08500017  0.05207125],[-0.05672805 -0.9123921   0.40536723],[-0.08196568 -0.40039435 -0.91266971]
95,14044.565947749363,99798.10213456897,169658.31863369027,5143.209175828103,8683.61412069028,5335.533669184812,6299.5277157503915,1926161.0075908862,1924755.2825071772,93516.91383168017,[-0.88934281 -0.35827137  0.28409681],[ 0.45174809 -0.78449267  0.42484693],[-0.07066138 -0.50617475 -0.85953132]
822,19126.111602335997,147035.87869662116,26611.876756670874,12246.44199288024,10921.136970646723,9964.218164274065,11013.380375206154,4347501.711092972,4337012.860899195,451232.8418119924,[-0.45650356 -0.10197436  0.88385843],[ 0.88074791 -0.19252944  0.4326841 ],[0.12604608 0.9759783  0.17770408]
19,70088.00058971466,198021.6259365719,2569.3206102931094,3309.231816663902,4796.620012345878,1544.5188961007682,5361.540313121818,916048.1264794553,916017.417007973,12072.860876113127,[-0.11901468  0.02927845  0.99246072],[ 0.9351228  -0.33267523  0.121953  ],[0.33373769 0.94258685 0.01221429]
2,171297.30449374678,135421.74501349215,98436.08451118534,850.2854160757997,2296.8010455458425,114.4496469998121,1953.6519288125855,338755.04324591,338748.56554993783,2094.9134583316745,[ 0.59350229 -0.18063538 -0.78429962],[ 0.36922827 -0.80477978  0.464758  ],[0.71514021 0.56542052 0.41094295]
449,166594.913225055,187263.28661950433,190057.80649631988,11398.790528965708,10472.793792287272,11472.316296695633,10101.538469672942,6674371.1379894,6672180.905385289,345372.353883913,[-0.53170434 -0.32230923  0.7832032 ],[-0.6609014   0.73619088 -0.14571319],[-0.52962235 -0.59509643 -0.60445051]
756,20326.668874377952,115245.88544493353,76112.79317198966,11876.427237642472,20089.093372340332,16968.53218933378,16907.813737446148,3908132.985571499,3876897.735074773,648654.1468365315,[-0.98880195  0.12137171  0.08683096],[ 0.0063068  -0.54733944  0.83688694],[-0.14910041 -0.82806307 -0.54044484]
3,56796.21048815976,103443.51925852231,113733.29765858485,1350.2905530615365,1781.2237356561768,621.8285908119897,915.8550602053984,283897.30625333474,283885.2182955284,3688.3340172588073,[ 0.48021793  0.51610524 -0.70924335],[-0.80580948  0.57898619 -0.12428224],[0.34649939 0.63119757 0.69392204]
22,37170.56213214627,113584.87513767164,200112.428744004,3156.696732124364,5358.346678780399,2000.5098499538371,2924.682912601211,1093645.5377554318,1093393.4276986464,27333.00164407663,[-0.89407535  0.44002253 -0.08372244],[-0.41854387 -0.75414895  0.50604386],[-0.15953151 -0.48748286 -0.85843472]
301,102076.08996505533,167670.33535199953,183927.60664217832,7942.59901516747,11819.179688019825,12251.609881485514,10468.408262332116,4677191.3173923,4671749.114396235,270444.2835384201,[-0.89983527  0.07687606  0.42940256],[ 0.21493622 -0.77843992  0.58977429],[-0.37960362 -0.62299387 -0.68394424]
73,104795.08301317811,63770.73629149654,89989.27999257446,4553.355152390069,4277.841467224397,9467.17400377763,5544.328421524594,1303149.1250088168,1301133.7516556,84074.93517718495,[ 0.60571071 -0.78099972 -0.15216428],[-0.39899578 -0.4635832   0.79113399],[0.68841623 0.41848543 0.5924129 ]
27,19538.110325956524,30052.274287939777,95321.53941939618,4516.255657003392,3972.3144310147063,4241.777092664989,4040.4676265408557,530453.7206825728,529673.5560007433,32059.42560705657,[ 0.74868259  0.57262918 -0.33402126],[ 0.634264   -0.76529951  0.10966243],[0.1928304  0.29396    0.93616449]
149,88112.4324847341,189656.325104738,103553.65945127861,4974.787868819342,5467.928158309771,10347.799198721808,6341.149803932351,2852209.8203854635,2850115.346476374,134263.8762773863,[-0.83250351  0.50772822 -0.22169792],[-0.40569118 -0.28616197  0.86805875],[-0.37729641 -0.81260285 -0.4442117 ]
90,179463.02439384875,5678.775530626901,29374.662970419446,7021.285772090279,3337.3995926500656,7091.022929301933,7387.718091034792,1728668.0398837302,1727711.1982840484,70905.96479105683,[ 0.06809078 -0.97103611 -0.22902513],[-0.15020168 -0.23691884  0.95984838],[-0.98630781 -0.03095687 -0.16198324]
69,127058.80661761804,199388.50071668005,124411.63741792199,10202.855801306881,3780.1149495524273,3796.8019267733152,4256.982973882662,2221110.6251971275,2219726.6003170176,89264.3769581547,[-0.02639266 -0.51704274  0.85555259],[-0.87910871  0.41943754  0.22636262],[-0.47589002 -0.74614942 -0.46560685]
106,41244.40443973126,86311.40704044545,185505.65294456566,6870.391826889656,6120.321851398035,10432.541947323938,8323.207427099927,2153129.9071169375,2151089.644267085,115088.47200309267,[-0.75845492  0.63894394 -0.12843982],[-0.62118678 -0.64911688  0.43906066],[-0.19716269 -0.41279284 -0.88922941]
23,65416.83852896511,197821.23143598562,92301.61590947531,3256.124151627236,3424.2755737814846,3421.724527704607,3173.20227158897,1093182.5975111257,1093090.6630445372,23474.393618173428,[ 0.50356327 -0.49639752  0.70711635],[-0.81491053 -0.00105644  0.57958581],[-0.28695793 -0.86809469 -0.40505155]
190,78250.65000254403,192379.48342042894,194647.49098833153,14780.448418654723,7099.239416616794,6804.192173311428,9588.021372905265,3930524.568621711,3926275.043557541,207262.22161230436,[ 0.0020675  -0.71163038  0.70255101],[ 0.96130066 -0.19213481 -0.19744682],[0.27549366 0.67577098 0.68369352]
23,134440.32173817116,179244.11925071693,51807.62653915591,4327.872045301608,3104.918568558673,5676.9223859799185,4571.595364182968,1103479.4630702613,1103178.1448926989,30101.054760552062,[-0.75459799  0.42033551  0.50388484],[ 0.29786775 -0.46480123  0.83380731],[-0.58468511 -0.77928036 -0.22553368]
10,175142.48622667007,54486.436016486434,107217.22008096232,2828.4532139145076,1829.023647812361,3152.633614167843,1828.9930684472413,671987.8332934773,671908.8975201312,13430.051422975077,[ 0.02194295 -0.90534374  0.42411227],[-0.56562313  0.33855262  0.75196583],[-0.82437187 -0.25638806 -0.50465451]
60,26811.66106580363,186456.51378000007,196516.45852276357,5552.042698404743,3994.7349114406725,6346.443166321574,5666.495553552117,2109638.058143321,2109268.300239239,57407.07979518367,[ 0.52422398 -0.65234998  0.54738353],[-0.84588472 -0.32467498  0.42316096],[-0.09832731 -0.68485448 -0.72201529]
2,104465.02085242083,158642.67431934032,160124.75036315538,169.9962462910771,507.4079364277568,336.9858923774882,35.333387468752335,351342.4947164267,351341.3600025372,892.9418401710283,[ 0.85876409 -0.05088897 -0.50983777],[ 0.29276564 -0.76788248  0.56977607],[0.42049081 0.63856621 0.64453136]
15,67102.82982135846,174147.2215269964,101256.89992706009,2995.1764060582286,3068.459034271835,3738.135281245435,4981.431979619832,822623.8365683181,822579.1390965797,10701.323469511379,[ 0.76650982  0.07547011 -0.63778284],[ 0.5590188  -0.56728387  0.6047206 ],[0.31616559 0.82005687 0.47701786]
156,188125.02782293377,129502.31550876338,148221.33364081383,8558.570063411327,5315.861506476954,11306.182554933897,11978.73941221506,3405554.2979878183,3404356.690028706,114533.05955331457,[-0.68402934  0.67363189  0.27986413],[-0.23407825 -0.56607603  0.79042096],[-0.69087715 -0.47516102 -0.54489519]
193,63570.65415519945,44823.326814431704,77711.2258109131,5101.707233160034,17553.335080295437,14019.487254662045,9201.632337895917,1558914.6866010642,1533709.6762204664,298115.66648650874,[-0.81671475  0.27870891  0.50527057],[ 0.00645906 -0.87115212  0.49097074],[-0.57700545 -0.40424662 -0.70968259]
70,155860.1436486232,159136.04872122323,192748.0515693651,4043.5242632234767,6050.815919927874,3807.5175637799575,5709.922381121518,2465318.9716419834,2465116.139126374,49356.123894716955,[ 0.60252094  0.30374196 -0.73804426],[ 0.59754623 -0.78469959  0.16487889],[0.52906239 0.54035855 0.6542978 ]
78,71172.50065858438,81493.94014959609,135616.62067250226,6864.720326946828,5907.33350878684,5399.512336433677,3969.5033376165347,1534319.5417824727,1533348.760591576,86247.91115808718,[ 0.38318433 -0.86646289  0.32001848],[-0.82768007 -0.16830013  0.53536974],[-0.41001886 -0.47001821 -0.78164405]
43,79295.3633337205,61457.164225259025,196955.8450196022,7922.344441742347,3790.9114518858105,4136.536127824725,5513.931670126439,1450688.1432951554,1450003.1599835146,52395.79448113024,[ 0.24762104 -0.9487433   0.19639237],[-0.89983532 -0.15006677  0.40960513],[-0.35913815 -0.27814764 -0.89087242]
37,41958.11872752329,151624.50937637113,11520.110113579149,5481.3406055666,4470.414378769207,4286.191414815639,5366.112205599942,960628.3230084394,960290.8447989239,38109.73760657837,[-0.61116621  0.10981433  0.78384736],[-0.74525061  0.25373533 -0.61661975],[-0.26660345 -0.96101987 -0.07323526]
21,131871.3359339546,25838.49940208323,84155.89169739893,3001.478045340069,2527.2138915868572,3667.007915433619,3726.700738276232,726948.3716599122,726856.5868847325,17674.73309696922,[-0.47162703  0.71180546  0.52048144],[-0.29314935 -0.68324237  0.66876254],[-0.8316438  -0.16282769 -0.53090087]
2,110199.2090842753,126053.69819599786,81456.20608608253,182.05589152826724,240.25828015890147,44.7909889172297,289.99923212204885,263319.60388944607,263319.5705648294,132.47659649269062,[ 0.79833653 -0.56723663 -0.20224093],[-0.11123639 -0.4689505   0.8761917 ],[0.59184901 0.67699929 0.43747766]
309,89383.21321359178,177146.03855970982,36656.19724752267,9990.38731702,11755.156114306428,8143.084062806717,13259.896788165883,3558123.247233647,3556632.940930559,198190.93327991883,[ 0.17399483 -0.28391436  0.94293077],[-0.879468    0.38597158  0.27849952],[-0.44301449 -0.87773491 -0.18253654]
547,149828.1456911667,19048.91822695881,176157.95224839,11623.51519752023,12093.379796584913,14565.906209188975,14667.975097652414,5446120.6437185975,5443321.569536648,392593.425556992,[-0.64544677 -0.47416964  0.59880015],[ 0.408656   -0.8767065  -0.25374394],[-0.64528966 -0.08092507 -0.75963965]
497,188039.96816368785,57077.80032971885,147370.93707845925,11739.240259902614,17429.959871454823,13702.681123769202,10822.124176937521,5497988.711247725,5488056.379286871,502041.0402838838,[ 0.57563266  0.17165839 -0.79948761],[ 0.28773965 -0.95770743  0.00154327],[0.76541031 0.23093264 0.6006806 ]
158,112603.33689174672,55748.42895755616,142179.0336916176,5787.143294016353,6358.7961505851545,6777.96221003335,6837.577622510963,2388133.6407673033,2387436.663342364,107521.75850957143,[-0.72877826 -0.19935098  0.65508888],[ 0.34170085 -0.93493092  0.09562788],[-0.59339934 -0.29353595 -0.74947573]
3,89571.49562748942,161626.94935362504,136022.12884158947,653.872842713049,231.74985980035828,294.01105133047724,308.478640316013,397425.0107811746,397423.4631841513,1190.228068974025,[-0.4521559   0.70758292 -0.54302987],[-0.80197459 -0.05605807  0.594722  ],[0.39037392 0.70440322 0.59281051]
206,103324.67823660985,190989.53773991842,14084.628344742057,6456.8367343214995,7691.491961584875,7379.308632064953,7090.151177247071,3127371.956000366,3125792.64405294,147358.18879872622,[-0.62365348  0.38725228 -0.67903756],[-0.62113672  0.28190523  0.73124456],[-0.47460036 -0.87781838 -0.06472543]
9,47948.94449527642,13065.951964101174,12655.086405294494,2219.3423815625106,1870.0606466494576,4506.75319058064,1860.8434639548177,154668.8906412823,153951.96372686196,15264.912036950687,[-0.31016723  0.92478781  0.22037195],[-0.17023085 -0.28208397  0.94416635],[-0.93531692 -0.25533536 -0.24492062]
14,76689.46225366343,174692.07886180817,88247.16612253818,1357.088163016772,2642.263088257773,2054.224132335986,2956.381229035302,786620.7786241411,786603.3850366737,7778.54531243182,[ 0.89233706 -0.18336047 -0.41244818],[ 0.26578813 -0.52509455  0.80847534],[0.36481671 0.83105634 0.4198263 ]
180,68687.70494026641,127241.01334690543,15527.098804739868,7281.051797967833,7942.883466269679,9635.29972725805,9782.025645888858,1959436.8657309606,1956805.1915215298,143219.84210628504,[-0.87670042  0.45436971  0.15793839],[ 0.08874542 -0.16991911  0.98145389],[-0.47277967 -0.87445735 -0.10864493]
56,15504.216965684192,188750.24162288284,145497.58103466712,4170.341962975397,7519.809859399734,4969.129146786537,8185.333916282093,1788637.2796702883,1788339.5333302736,41977.95003170817,[-0.51985805 -0.49440528  0.69664268],[-0.85181201  0.36161325 -0.37901472],[-0.06452834 -0.79044246 -0.60912791]
382,181012.3723726286,167776.93295105756,35282.025927784314,11480.664936553596,22447.489081842657,17991.797478943547,16830.073797555793,4906951.9709164975,4887321.498681632,508599.9700921447,[ 0.3493072  -0.53736687  0.76760753],[ 0.59553194 -0.50514809 -0.62463358],[0.72341287 0.67532381 0.14356727]
75,160742.5639186354,33731.69560734342,63468.83368954317,4330.9256383240245,5339.926319720105,7786.582785592223,4715.313965798045,1527214.2647941483,1525780.4156426606,80248.99942623652,[ 0.00119972 -0.88414739  0.46720654],[ 0.40865642 -0.42598071 -0.8071805 ],[0.91268751 0.19189534 0.36080146]
2,35723.94144115473,134369.24655920567,160790.34172778067,633.2194227548498,554.5942236174305,256.89073148931493,262.6722680961975,300618.0398457627,300615.6928864203,1187.8851484865947,[-0.69276212  0.62163918 -0.36557541],[-0.70130985 -0.46257839  0.54238892],[0.16806292 0.63212813 0.75641846]
2,91471.33523969118,68910.9987768969,175148.8025086774,1664.1789146206283,1345.2864648410323,1227.9380576319672,2198.120897152796,295969.3263234921,295965.08562888997,1584.3651932560988,[ 0.64406684 -0.76413478 -0.03572027],[-0.6277645  -0.55465427  0.54614135],[0.43713801 0.32932762 0.83693111]
11,65789.02300222729,159142.19136387136,36496.46062606826,2072.2272141717685,3188.03137073587,1649.7654309953589,3129.0744756749186,583967.217468233,583934.9698832076,9028.856391808897,[ 0.5637537  -0.04392808 -0.82477397],[-0.73656102  0.42508634 -0.52609835],[0.37371063 0.90408624 0.20728828]
181,85648.2173974523,27502.481450940915,184015.36381476952,7422.305262323351,15288.443421209668,7753.162233722262,8465.628315939925,2766040.0743678296,2759167.006552837,222619.924210863,[-0.83657875 -0.32809252  0.43873829],[ 0.35431972 -0.93482993 -0.02346353],[-0.4178439  -0.13582454 -0.89830851]
73,22696.297563275653,131996.5527447185,164415.67522785347,9497.4463643313,11445.473094710229,4153.746666587274,7142.572920699376,1816375.2394275833,1813209.2592972962,116591.00439517193,[-0.65916135 -0.53938762  0.52399171],[ 0.7445239  -0.56611411  0.35383467],[0.10578506 0.62335849 0.77474752]
12,9002.639133258695,133157.72222970272,177939.02605983836,3323.228623721527,1957.2974313591646,1556.142816043693,1537.12562673823,770627.3396102854,770554.3164312805,13357.671506723878,[-0.29722677 -0.75718703  0.5816563 ],[-0.95395117  0.26128336 -0.14733692],[-0.04041551 -0.59866418 -0.79997986]
3,3488.469428136044,64537.46639213452,78342.16779406769,1583.2220695495985,1199.9994290904378,862.6894950995086,1298.7900424315626,175947.93546408528,175925.80023592655,3012.8412532633797,[-0.24771464 -0.74233782  0.62255282],[-0.96823116  0.21233225 -0.13207357],[-0.03414484 -0.6354916  -0.77135242]
261,11669.21933102742,49685.78227460935,162387.12204750857,8784.451811640432,10374.72982720086,8925.186934203184,9318.173532237659,2759356.504787226,2757340.120936268,213835.05629675044,[-0.82725519  0.55092428 -0.11014209],[-0.55770497 -0.78154966  0.2795448 ],[-0.06792651 -0.29268168 -0.95379422]
15,196533.46364827422,86266.76363959168,6012.059503975642,2909.2814704746343,2223.524097729196,1662.4173721461273,2643.7355053419424,831722.0378367124,831679.7847487224,11721.209952562906,[ 0.16079463 -0.30086845 -0.94001237],[-0.36920601  0.86492415 -0.33998992],[0.91533164 0.40172677 0.02799272]
18,137857.85379031886,94155.93743848483,3326.1289918016473,3206.1695062612625,2286.889566574046,1821.3257117169176,3601.8586031272944,708639.1500992698,708608.4664445466,10259.132644822208,[ 0.47324269 -0.67287922 -0.56857269],[ 0.30721825 -0.47883956  0.82239262],[0.82562601 0.5638672  0.01988655]
12,13631.151610144776,200966.0033018291,81568.47012030579,2862.087092553558,2957.7273696241627,3272.1682098621227,2493.3996057726195,753021.619078387,752863.1374597227,16014.194374906569,[-0.80037324  0.2712859  -0.53460886],[-0.59620523 -0.26679943  0.75720366],[-0.06278533 -0.92478215 -0.3752812 ]
15,66360.21960176525,63040.68369129458,121145.9403054113,4409.549889262366,4448.00397303914,3005.773596062522,1936.3083707827404,588594.9729152904,588184.0289776204,25841.327349947685,[-0.70831811  0.70558546  0.02084747],[-0.55416906 -0.57412364  0.60272606],[-0.43724377 -0.41536876 -0.7976758 ]
88,135717.81580725545,141234.09851692637,4853.276736772434,9484.286980625087,7082.480142431974,3957.915461787438,7498.227336389692,1841364.6608116992,1839736.7211841827,93772.26868923704,[ 0.02135102 -0.05451874  0.99828445],[-0.72058366  0.69132662  0.05316666],[-0.6930392  -0.72048262 -0.02452479]
135,7656.784914724332,116655.2676244388,114927.23032568594,3491.812469557632,7922.200472408825,7449.287837369897,6813.919510343914,1908943.0932253734,1906866.031338127,106592.8878611449,[-0.99760228 -0.00305506  0.06914015],[ 0.05134797 -0.70248481  0.70984398],[-0.04640129 -0.71169218 -0.70095732]
12,5829.461091845944,165057.56124365763,173474.47096369544,2572.6310457834716,1985.4781182106663,1594.3407441725292,1454.9486291828284,829819.820458169,829755.6547123826,11490.67765437526,[ 0.61512615 -0.5814069   0.53252778],[-0.7880525  -0.43253025  0.43805346],[-0.02435293 -0.68911799 -0.72423983]
624,118233.02735066741,8122.269016812194,91070.42006291852,15585.751661996414,6095.171650149265,24950.82338585104,23476.508867911703,3804984.192758151,3783132.9268671977,464039.19342738105,[ 0.09874536 -0.99421355 -0.04229377],[-0.61164641 -0.09416419  0.78550734],[-0.7849446  -0.05169637 -0.61740542]
23,17932.107630892253,24292.536796409742,170370.49005003553,3612.839392298931,2509.6928421522434,4166.76440822696,4140.6795632789035,830239.9993386221,830106.3924612988,21263.619273403296,[ 0.13770837 -0.9824603   0.12573053],[-0.98506021 -0.12259532  0.12094122],[-0.10340597 -0.14050676 -0.98466495]
4,33088.03376723085,58182.36474727289,85324.59375183453,2471.3700809503443,1635.230335672287,1302.1570660690234,1564.5679545228172,216978.87033443275,216920.44846477098,5642.84659629003,[ 0.5782977  -0.76082698  0.29447254],[-0.75653745 -0.36503225  0.54258874],[-0.30532418 -0.53655732 -0.78669142]
5,185664.16741682397,64509.83316784383,189286.80413930226,1288.8986933439967,2662.8383094976116,2481.1602899671134,2592.533743684864,610230.2824407781,610204.0225187492,6410.392112343338,[ 0.61314225  0.33486335 -0.71548803],[ 0.40144849 -0.91212485 -0.08286952],[0.68036438 0.23642079 0.69369268]
80,165001.42331803482,55614.2721691437,187678.9968272872,6412.115066192626,3833.579905908547,9068.520377385617,9842.079146622948,2292015.9436756205,2291769.245118854,56887.874251877845,[-0.60768433  0.72737111  0.31882758],[-0.46420238 -0.65105255  0.6005387 ],[-0.64438801 -0.21693743 -0.73328183]
106,120692.41378059435,25146.880077554222,103429.44834767081,5254.43414623784,5813.813972236133,6583.513456504087,6409.737101201184,1659238.0471671994,1659083.573328137,81690.76037905511,[-0.57319452  0.639051    0.51289556],[-0.33061983 -0.75308029  0.56882388],[-0.74975901 -0.15647329 -0.64294443]
2,111860.3083690721,27527.160413480502,116951.07242055706,2057.4873293138808,174.81617720724716,202.1580123216263,1228.6044769768923,232173.77617569055,232161.73789533105,2364.2760200971634,[-0.05421845 -0.95916006  0.27761905],[ 0.72983309 -0.22781365 -0.64454992],[0.68147195 0.16766907 0.71237845]
463,90887.18288349437,39121.39163302933,71055.8378070279,9856.963632102288,12653.234775314166,9741.521906102558,8412.676523854534,2647219.3867202955,2632978.7630250035,357067.03692011005,[-0.63064438  0.62075824  0.46577557],[-0.21012748 -0.71433236  0.66751458],[-0.74708374 -0.32309207 -0.58092806]
12,80205.14615216001,152009.8333063277,174503.61911242525,3118.3897237942665,3111.769681325649,3182.734276163198,2159.189873248368,848651.9302123623,848524.7894311924,17242.64347409984,[-0.74545586 -0.29366108  0.59838009],[ 0.58057189 -0.72708576  0.36644588],[-0.32746275 -0.62057189 -0.7125017 ]
3,102706.69455051608,97944.44743210463,2287.948825674754,261.04008613813517,192.8895950067294,1352.7497962140822,295.74664763980894,245859.36943354318,245848.1818178075,2353.9815703808754,[ 0.68973564 -0.7219974  -0.05463063],[ 0.02606439 -0.05064341  0.99837663],[0.72359201 0.69003986 0.01611215]
89,198506.13508250602,174639.31622861733,157099.58613092697,3708.7445466155373,6035.99882310432,9074.838129758413,6284.7749379039915,2902976.64956612,2902405.275026596,91043.31542755895,[-0.73756641  0.63732407  0.22319009],[-0.1989992  -0.52098058  0.83004732],[-0.64528684 -0.56780038 -0.51108476]
265,132359.76141872793,118993.75614871457,166348.06495732078,9792.24956550311,17230.55817151631,11627.229118010066,6304.407010902394,3981794.188685,3968875.329772093,358925.84836333786,[-0.78331648  0.00213597  0.62161944],[ 0.30167152 -0.87303828  0.38314288],[-0.54351595 -0.48764701 -0.68322091]
412,161815.81110731076,193302.3740510134,13975.679388965957,12865.452524611368,7753.402826151996,9026.876244143183,10552.222271553335,5134743.617216063,5131557.708277266,284374.7168346186,[-0.40636605  0.27714187  0.87066585],[-0.65060607  0.58128841 -0.48868757],[-0.64154375 -0.76504652 -0.05590569]
112,78074.22548410877,129512.06261852504,133415.56572534543,6442.232479344091,7268.13130021576,10094.657624840265,8502.877691513004,2138639.3508308604,2136790.006989817,118694.30330379154,[-0.87353928  0.0254882   0.48608588],[ 0.29497821 -0.76664476  0.57030138],[-0.38719115 -0.6415654  -0.66217585]
7,156224.50819587233,27458.90545239928,133852.84605038303,2240.924227881172,2027.312259728679,2148.1355079920136,1745.1712580657475,549196.9144099776,549157.1043593145,8665.499791785947,[-0.27308726 -0.82860213  0.48871449],[-0.59903894  0.54398056  0.58756914],[-0.75271222 -0.13230136 -0.64491911]
13,201182.00368571587,200928.3440786461,34424.55578318667,1939.0179934113473,1847.5392687330175,2756.786029909515,2287.003673736748,1032757.5717599037,1032709.7073766119,11144.887216633952,[ 0.68934032 -0.62848858 -0.36029438],[ 0.17721697 -0.33593624  0.92506269],[0.70242727 0.70153329 0.12019556]
158,68004.89490531685,82243.14201534039,30650.822769444483,5965.677129753332,3953.385128192165,14293.282374966651,6947.955232947065,1408530.0629977873,1399882.126304705,181072.89519972002,[-0.76394054  0.64452896 -0.03126143],[-0.20425136 -0.19556985  0.95918393],[-0.61210803 -0.73914468 -0.28104965]
73,179597.52096433187,128202.11499054082,177398.79626175636,9084.461141375177,7174.246070195957,3641.49968282991,8521.887907863307,2420757.2587820017,2420653.407069146,73710.12127640312,[ 0.25826555  0.63941079 -0.7241911 ],[-0.72839093  0.62131513  0.28881509],[0.63462237 0.45290324 0.62620532]
6,72435.6016297089,108103.58704963881,190997.57296158947,2532.8412460062887,1635.9538202843844,1553.096233577408,1990.3925203880258,566155.1863234475,566146.2836134258,6725.542725018518,[-0.01850245 -0.86710007  0.49779025],[ 0.94941582 -0.17133593 -0.26316079],[0.3134761  0.46774081 0.82640866]
120,40851.00949031515,13787.222572009803,64143.58277305662,7395.540297463784,6001.732470873918,7813.186919508467,7469.61940026639,855558.2635801078,852349.2396863071,107393.69346397501,[-0.04500325 -0.96936762  0.24145627],[-0.84887298  0.16453468  0.50233754],[-0.52667767 -0.18235889 -0.83027457]
229,146408.01922441064,80016.40024649462,120367.8745395549,9646.33895432004,9894.715859324746,8269.45676481074,5572.724704092057,3119781.7057354893,3117507.6760714785,228818.80684488453,[-0.27773366 -0.60923283  0.74276468],[-0.64512347  0.69118348  0.32570095],[-0.71181439 -0.38871681 -0.58499531]
111,105557.4463060676,160137.5083520616,65719.10661699598,15543.308647716878,6408.2463129879925,6730.390178748209,6303.126784789102,2143544.322235673,2138044.02941927,179416.64024377248,[-0.00813058 -0.37530432  0.92686599],[-0.85304419  0.48625098  0.18940856],[-0.52177534 -0.78911764 -0.32410467]
10,92552.95245686975,2859.0560721052,28463.356797108718,2161.6018876874923,1264.9895106609804,3227.772994790701,2128.035847501706,306596.1629420074,306428.17100694514,11050.406403578552,[ 0.0995939  -0.96893983 -0.22635518],[-0.27805504 -0.24552484  0.92865653],[-0.95538812 -0.02954933 -0.29387138]
17,105556.8081181766,151595.56584495978,35738.779778948076,2659.127279281334,3955.1783849352073,1821.9971556015041,4092.45642559639,776021.7047365041,775977.7797410646,12581.389470187267,[ 0.29073445  0.02307932 -0.95652539],[-0.77511005  0.59179753 -0.22131447],[0.56096158 0.80575618 0.18994495]
4,33763.2144738641,146041.94578392548,200526.36672953606,1680.5395521359833,1294.0502292455453,2594.5474387501617,2603.397720490752,500755.2290908776,500747.981422167,4210.695217259633,[ 0.5204684   0.64616265 -0.55819931],[-0.84316278  0.49216615 -0.21644634],[0.13486726 0.58330636 0.80097722]
20,23412.123121301294,158142.47322115616,169992.69276344051,2231.818708210881,2276.136410421709,2894.0160644190596,2803.822590298711,1043742.1236632187,1043703.3613958973,14647.725762471138,[ 0.761423   -0.52359289  0.38221133],[-0.6404455  -0.51634371  0.56852329],[0.10032234 0.67767224 0.72848869]
11,130295.03235794963,47307.40112180905,121664.65161318354,2288.874586146891,2827.481057775187,1503.2161171080184,2425.3728370664194,611840.7310322127,611769.2410741834,10284.7242839051,[-0.69104722  0.45123312  0.56466133],[-0.15276375 -0.85473297  0.49607941],[-0.70648211 -0.25655452 -0.65959291]
30,95265.42528345383,80033.25472047883,180698.2704216538,3324.8967934781904,5471.525281997123,3964.3264344854074,4348.83954110405,1202293.5636372622,1201968.1126595123,33565.31878098949,[-0.60603189 -0.55817379  0.5667163 ],[-0.66660065  0.74511802  0.02104069],[-0.43401489 -0.36502212 -0.82364429]
64,173022.81700778578,4136.480891330717,117488.8758303195,5223.512230318515,2983.598783466451,6188.158062179164,5600.729452656265,1674727.9224601523,1674225.983865879,52586.49479825123,[-0.04161587 -0.99447017  0.09642198],[-0.56056295  0.10312521  0.82166561],[-0.82706548 -0.01985626 -0.56175477]
6,73093.83702510159,100157.59892532394,21012.804628730413,1473.3860055184775,1334.5203506615032,3875.1114973206286,2225.6790479850065,308224.4299835748,308108.9161976008,9149.602381069584,[-0.81369803  0.5712432   0.1075952 ],[-0.01003198 -0.19887071  0.97997439],[-0.58120124 -0.79632383 -0.16755141]
11,151415.14008274936,172527.15017135188,170253.09896256222,3514.83974372432,4528.837992347314,3077.163077556876,3010.222195129746,948100.0395396246,947941.9857221957,19125.88315461578,[-0.78213894  0.61938987  0.06793282],[-0.32788364 -0.50182451  0.80041519],[-0.52985942 -0.60376182 -0.5955843 ]
4,183611.00161654307,200266.04209374086,126878.2323843637,1466.2574107975913,794.7874458200919,1313.9039340274444,1290.0001733232045,599740.1456598822,599730.7796071002,3376.429350338017,[ 0.56417278 -0.74403208  0.357946  ],[-0.55386779 -0.01953094  0.83237552],[0.61232307 0.66785837 0.42311423]
3,136320.38935503026,198297.48342442236,195295.24807735975,1746.0505410613196,1472.086413437325,185.0706019003562,1771.607888173756,536797.5659767551,536792.1457345266,2512.325437779451,[-0.59664624  0.73265944 -0.32744986],[-0.6712031  -0.23193328  0.70405494],[0.43988598 0.63985709 0.63014541]
8,138054.3305627928,52767.35773816111,145591.29416365724,1939.9474226358477,1351.219889765456,1903.4223408008102,1403.130832278901,586843.3655262303,586811.5329909886,7613.085335554624,[-0.48780056  0.85980361  0.15095814],[-0.56499236 -0.44278063  0.69622478],[0.66545793 0.25432864 0.70177111]
8,26412.42793671719,24730.568801210648,111661.64186645825,1803.3067758360644,4354.757103999719,1317.6518865484722,2227.9873823107946,332278.4043143421,332059.1241199783,12315.314368913407,[-0.92923198  0.34007637  0.14448522],[-0.29294226 -0.91636917  0.27285963],[-0.22519492 -0.21122407 -0.95114228]
26,41676.84995699721,199501.1128903371,165886.13758010577,2459.9392601624713,2514.493782994295,4991.971145555058,4137.4681904942,1340256.9573870546,1340160.5217287927,22919.291222421856,[-0.98382437  0.06760692  0.16588823],[ 0.08323858 -0.64746982  0.75753163],[-0.158622   -0.75908638 -0.63136909]
12,189795.4538662805,79167.57377616061,187287.5216753639,3416.2056169429807,5563.231627808861,1738.2977908386254,3707.466524817618,963794.789615133,963643.0269240882,19533.467395385087,[-0.72219844  0.40512256  0.56062923],[-0.11307107 -0.86877006  0.48213433],[-0.68238138 -0.28480572 -0.67323202]
2,158302.01748332882,102878.31469712671,120305.0237247539,1985.8790334185032,423.00246025330125,15.970702985789103,1201.2552788142057,316609.84826535924,316601.38431851385,2315.0520975619106,[ 0.13437852  0.65881669 -0.74020469],[-0.69417657  0.59564781  0.40413186],[0.70715012 0.45952611 0.53737739]
7,103906.91520529249,126560.28655476033,199024.23343893,2424.8521877574603,969.0479014979203,1676.35139129026,2159.1212233648293,681936.844447701,681916.0156437748,5888.684419562493,[-0.23366927  0.87110904 -0.43193485],[-0.88478001 -0.00628937  0.4659665 ],[0.40319103 0.49104938 0.77220949]
3,179655.29136301205,91615.28326907849,132560.89229965964,465.44141450421324,1774.247560328015,1726.0812226206685,1825.3813040968967,418023.84251014993,418014.0947176411,2998.5750552307345,[ 0.17162289  0.68621893 -0.70685866],[-0.64530699  0.62045585  0.44566066],[0.74439537 0.37965526 0.5493063 ]
36,101314.18503737777,48179.978278868235,11873.541779766361,7514.185727987147,3179.9284843493547,4587.814114293798,7277.110450079472,678844.0165653955,678665.5558024683,35018.66060476879,[-0.391121    0.66681506  0.6343359 ],[ 0.19921186 -0.6115624   0.76570625],[-0.89852045 -0.42585103 -0.10635743]
12,7819.259197676809,20427.02536142734,202155.01085945952,4356.413987491304,3703.8048686047164,1888.8570772205082,1819.3789122495957,704656.7254919956,704425.2972735509,19887.310726384352,[-0.64134273 -0.76049192  0.10164421],[-0.76628819  0.64153611 -0.03512578],[-0.03849556 -0.10041642 -0.9942005 ]
13,124735.77675590111,175251.9429864622,24182.030622252936,2070.895464985602,2375.435720742089,2391.6364597383567,2171.3880303192823,780566.8341365352,780552.5760041352,11948.08783469014,[-0.48132289  0.44666525 -0.75420053],[-0.66052927  0.3807982   0.64706555],[0.57621989 0.80961898 0.11174858]
52,107481.49524719665,39225.45922107353,31345.937016940425,6603.09627030748,4123.718167095335,4268.200975633369,6614.771543898089,857522.0423673943,857135.8985289012,42581.31290481774,[-0.10106474 -0.43868094  0.89294174],[-0.41072064  0.8358797   0.36416163],[-0.90614264 -0.3299457  -0.26465328]
128,26555.31805605803,96806.9143621776,32624.654142603697,7033.4632572763785,6837.93063694421,9768.091019985131,6290.450082155705,1202039.1810668653,1198881.365663774,137751.44169688414,[ 0.84762498 -0.36222608  0.38771659],[-0.46791948 -0.16578054  0.86808305],[0.25016645 0.91722902 0.31001237]
77,139508.44545383786,151697.31243594814,21216.149502221782,4554.843289157499,7767.283880681302,6054.892949979544,7443.749178540606,1820102.3026806852,1819608.9316649344,69302.74287280653,[-0.73154214  0.63924078  0.23710191],[ 0.10858498 -0.23408626  0.96613297],[-0.6730939  -0.73251269 -0.10183202]
12,190309.20716728378,28812.316307527293,66561.63360421556,1986.2293609969786,2434.0939671370934,2129.324405961479,2256.920693609009,705621.6413806479,705555.1045636096,10605.073836143747,[-0.17055524 -0.62785125  0.7594167 ],[-0.31268295  0.76536074  0.56254094],[-0.93441976 -0.14151235 -0.32685466]
123,116128.71889764549,9613.585400640464,182010.79510661153,5945.916765259318,5161.274262530105,8011.660974635251,7801.164923125235,2399509.488914221,2398987.900946288,89352.9633401744,[ 0.38638706 -0.9006758  -0.19871624],[-0.74978168 -0.43219679  0.50103229],[-0.53715218 -0.0445986  -0.84230547]
17,42769.873709268155,115312.14112984808,41894.4361366089,2453.5862946076654,2269.6230627433524,2683.434937382618,1717.337853827714,535942.8515334085,535808.7403533392,16216.075080069086,[-0.8038276   0.08429736  0.58885919],[ 0.49545039 -0.45299139  0.74116645],[-0.32922652 -0.88752056 -0.32236182]
6,5576.3327950193825,15735.794850726908,126174.92245796391,1358.031267888268,2461.2912906115353,821.1877048314993,1103.057770348046,311824.12077097193,311785.3167216532,6664.385164986251,[-0.98049841 -0.18495724  0.06643559],[ 0.1915789  -0.97492102  0.11325424],[-0.04382227 -0.12377326 -0.99134242]
251,49095.49249949585,74248.43239823479,109600.29741334333,9701.183186189579,7132.774052700406,11282.224976890946,6695.30742860401,2248485.562233335,2243313.5065942844,236902.39356283794,[ 0.56158636 -0.77988166  0.27641519],[ 0.75153094  0.34101611 -0.56472051],[0.34615314 0.5248739  0.77761519]
7,201377.61544322068,178570.3980840553,196263.471543801,2098.318504402272,2650.975062420286,1705.6247461375744,1501.3093864374866,881361.9982909084,881335.7506974649,9198.800220811883,[ 0.58880956  0.19743499 -0.78378742],[ 0.53649721 -0.82075666  0.19628868],[0.60454449 0.53607642 0.58919269]
67,54119.66472823144,14660.452717106746,188453.8668326564,5716.592571910682,7038.355923048063,5699.445280385815,5808.424224091628,1611447.9592009555,1610415.0184196094,73745.2246584166,[-0.81427692 -0.51199296  0.2735257 ],[ 0.51100058 -0.85578797 -0.08065583],[-0.27537522 -0.07409562 -0.95847709]
26,164303.1468269578,146814.35389648753,120010.04414839554,4438.44129115782,4031.192846256882,3104.025579591683,4383.993570016499,1279765.676294864,1279612.0656826876,26219.266575988375,[-0.62116395  0.77721618 -0.10045077],[-0.43040009 -0.23121424  0.87252263],[-0.65491305 -0.58521362 -0.47813586]
68,41125.943022233565,49908.89319177974,100203.45435976973,5492.319965178791,3186.887121152758,5552.34411321942,4151.892909745602,985685.3127477369,984254.5755962505,60565.50882666118,[ 0.44408315 -0.86131495  0.24683337],[ 0.82721077  0.28828253 -0.48230232],[0.34425645 0.41836556 0.84051041]
69,14382.471940592099,120395.05529502558,150671.35797487348,5557.225440441727,7072.736089835884,3820.013055372724,4194.65612589719,1608265.0468326744,1607169.2213680546,73332.95167879053,[-0.79614321 -0.43333476  0.42234698],[ 0.60054324 -0.65141158  0.46369254],[-0.07418762 -0.62280329 -0.77885317]
128,191167.44743611052,29676.551418165807,124276.32123560846,5539.574793245508,4154.305021284529,6942.975014882887,5324.284239768565,2603349.352004603,2602566.911504395,92884.18588352442,[ 0.07755578 -0.99009794  0.11700925],[-0.5503153   0.05535073  0.83312026],[-0.83134721 -0.12900527 -0.54057327]
112,66780.8596163548,11334.79714030331,155149.32789047714,7460.486990516478,5307.547656675959,6887.882136845333,5719.468015408059,1795265.229450559,1793039.9681861487,105629.8902105649,[-0.34883556 -0.91169984  0.21706485],[ 0.85038233 -0.40526923 -0.33556929],[0.39390817 0.06752961 0.91666575]
29,171247.35390199823,199510.96229408012,106804.79961960543,5775.610299198344,3738.518067574901,4328.016943392565,6721.85078403688,1528824.8237717224,1528757.5033956768,24588.969852185586,[ 0.43656349  0.10377801 -0.89366797],[-0.66721219  0.70369307 -0.24422114],[0.60352317 0.7028842  0.37644865]
6,145579.2859317096,42157.04773190968,92227.09105895797,2833.4604898633165,2906.7611417694543,1855.3944322965979,2910.9956531932326,434701.5014207194,434650.67809097463,8307.43982629235,[-0.57129085  0.36691214  0.73416773],[-0.01626042 -0.89939508  0.43683417],[-0.8205866  -0.23762149 -0.51978232]
53,115163.80425674941,198916.4882441214,66095.86196974647,5401.531429722076,4394.4460753860685,5783.529999246655,4331.625307736648,1742265.981434428,1741540.9396827954,57774.82684630804,[-0.68158994  0.15708079  0.7146753 ],[ 0.55089813 -0.53267274  0.64247257],[-0.48160815 -0.83161612 -0.27652887]
10,116726.78886324081,202480.78168377522,173911.02299962763,5103.678916795963,867.9424307999161,2841.9991413830166,2005.7013671457662,921413.4628489059,921281.1371943203,17576.557443473415,[ 0.11255749 -0.68399601  0.7207498 ],[-0.90926194  0.22162087  0.35231649],[-0.40071627 -0.69500622 -0.59698645]
3,2378.636547134401,26849.772901966615,126920.99565807478,671.5557069541601,630.3841320486576,152.2518069881877,45.40568581229002,224741.6892299788,224737.26491449823,1615.0309894918032,[ 0.69043901  0.70499918 -0.16208066],[-0.72315824  0.67834779 -0.12994779],[0.01833397 0.20693099 0.97818374]
2,124803.89751755144,4964.855565198341,55619.04695030274,1392.7050227097716,1231.5081294223069,581.9393289379441,989.7396323848225,193380.12257184254,193365.56513315105,2372.767716820417,[ 0.2859826   0.65425212 -0.70012007],[-0.29148541  0.75540747  0.58685246],[0.9128254  0.03624519 0.40673835]
65,150486.5601461473,20268.784426123122,31640.083477757686,3662.2987696926375,6278.521937173235,3323.796478467983,3361.6967864536045,1251848.3263551863,1251128.2633562787,58431.58498245332,[-0.20944597  0.03051044  0.97734411],[ 0.12146665 -0.9909595   0.05696593],[-0.97024648 -0.13064599 -0.20384647]
