N,MEAN_X,MEAN_Y,MEAN_Z,SIGMA_X,SIGMA_Y,SIGMA_Z,SIGMA_R,LAMBDA_1,LAMBDA_2,LAMBDA_3,EIGEN_1,EIGEN_2,EIGEN_3
1869,72111.05185472398,166238.31835812278,132038.33460970424,33433.36686918994,19228.37384798827,28237.276794790916,19662.63337548553,9891387.770527383,9750914.554596778,1878189.1137292576,[ 0.4657401  -0.66439884  0.58451718],[-0.8257777  -0.08888019  0.55694838],[-0.31808387 -0.74207445 -0.59004082]
603,145589.55689873477,15784.171793462978,176350.26493042617,17830.401703366224,7885.8423305319275,13581.361030531581,14372.603557177377,5655580.233477268,5643660.692785526,462048.3485356648,[ 0.02583721 -0.99740079  0.06726141],[-0.7712178   0.02292239  0.63615853],[-0.63604681 -0.06830976 -0.76862099]
35,193108.0761840355,85568.82854238324,5053.20009094895,3561.122699212299,2788.9528427698556,1981.0408952764717,3380.805660813811,1250221.7424046649,1250152.1878352568,21264.80553015916,[-0.03773695  0.02624868  0.99894291],[ 0.40390764 -0.91395633  0.03927391],[0.91402108 0.40496275 0.02388789]
2,63190.60591859309,90547.88684328404,121470.09014181577,753.2230843049729,441.2297238392566,65.27896348002832,94.87009449265315,232153.92125583816,232150.6592195881,1230.6820761546505,[ 0.4165651   0.61160617 -0.67261535],[-0.8235834   0.56716696  0.00565956],[0.38494662 0.55159726 0.73997065]
54,131747.69410446362,198784.89926535077,124232.04854979756,12198.11135129114,3500.7075036536025,3412.915765855037,5026.942854221008,1978194.7883290092,1976504.0859682143,89047.62468278693,[ 0.00290154 -0.53134986  0.84714751],[-0.87142825  0.41419805  0.26277897],[-0.49051441 -0.73899074 -0.46183146]
354,164709.45203891068,185610.07107628885,196709.5702694534,10422.612878910004,11042.482222474027,6057.0292532135145,11065.369063793058,5963881.838017108,5963641.682313865,225781.7407356923,[ 0.062715   -0.75119831  0.65709051],[ 0.85165772 -0.30297443 -0.42765128],[0.52033254 0.58643636 0.6207628 ]
1789,24838.824274404233,40081.05773236504,38010.20102951289,14056.558864753837,18420.056824634237,25651.109030351865,17436.6916301946,2889846.816204808,2712904.585159656,1299653.9982419028,[-0.90092133  0.40231863  0.16272823],[-0.16066422 -0.65751774  0.73610966],[-0.40314733 -0.63703229 -0.65700996]
5,131948.28205175948,82592.18672353089,152742.72609971432,1364.3791030816317,1898.8633272426632,2895.2450931408953,1897.9290753051432,487718.84727590566,487687.6415613283,7153.673881675841,[-0.0458748  -0.86160804  0.50549687],[-0.79494532  0.33792964  0.50385067],[-0.60494417 -0.37872832 -0.70043373]
1469,174393.800180166,98989.0261141978,63858.62891045288,14636.269791229937,21720.83819336524,21409.747598450183,20385.84972224165,8145494.254748265,8127167.134964981,1042196.7001915429,[ 0.10345183 -0.66270493  0.74170068],[-0.55438939  0.58070546  0.5961825 ],[-0.82580272 -0.47286715 -0.30732154]
455,193574.00450481786,42358.098783189154,137208.55569989202,6878.439135297931,16731.85561336171,15972.528758783257,13173.398145966185,5161306.712525465,5154373.51840331,431736.55718292383,[-0.59210874  0.10736006  0.79867457],[ 0.07913835 -0.97854864  0.19020957],[-0.80196282 -0.17583054 -0.5709109 ]
513,191538.05288398254,140208.29702556218,34422.98354844443,9579.360912667109,13503.064574867925,18124.966925322566,12515.34172022566,5455814.268307813,5444694.993052036,483305.1527565895,[-0.59542743  0.72896443  0.33775292],[ 0.09236033 -0.3555045   0.93010006],[-0.79808254 -0.58500206 -0.14434974]
7,200830.09264187468,64425.47647322938,202119.71322194068,1891.2904994346898,3667.445290102723,1831.4567576265886,1697.5833257469537,772955.8206418526,772918.2751854563,11064.84576687164,[ 0.72618757 -0.20319288 -0.65678327],[ 0.00428571 -0.9539693   0.29987365],[0.68748327 0.2205793  0.69188982]
686,19225.15272553091,111612.61823624281,90248.54778216362,10759.131540539312,11973.713197514995,16087.199205370483,13763.653106901183,3832838.9495580727,3816344.1862028306,478272.85668173333,[ 0.84871131 -0.41296881  0.33037233],[-0.51234982 -0.48719409  0.70720547],[0.13109835 0.76947948 0.62507163]
76,27617.341414310155,65335.62710486757,69450.18238791027,4995.6655889916865,10881.230718918952,5063.468245572801,6478.689449648906,872207.6222802236,867986.223472052,97310.17050462987,[ 0.8381731   0.18975976 -0.51132875],[ 0.47049062 -0.72577297  0.50188862],[0.27587032 0.66124491 0.69760356]
178,136581.98259292592,114539.71634186173,167622.5154663123,6963.7604932807435,8967.584975799411,7994.502155249373,6236.411812899864,3268960.611834514,3266409.779173381,165193.6073568595,[-0.778736    0.01056909  0.62726274],[ 0.28610826 -0.88384096  0.37009084],[-0.55831202 -0.46766811 -0.68525487]
96,141379.047104359,54670.16656119394,183719.66633692934,5137.663745470217,9591.348323019927,8239.949726043655,7001.152831389402,2336840.5473243953,2335350.409656431,114887.09984905733,[-0.51371384 -0.62971117  0.58271943],[-0.6200487   0.74192212  0.25512972],[-0.59299047 -0.23025076 -0.77158725]
2655,129525.63623242144,101791.82469030294,139688.32935406663,32089.19584559719,29070.58386852807,20192.54475305492,27473.95596356393,11350919.928982837,11273687.97705114,1974668.9329002288,[ 0.61758642 -0.78650046  0.00200768],[-0.5023407  -0.39248795  0.77045897],[0.60517835 0.47683354 0.63748642]
29,7422.353924735639,142113.138685025,201029.63406807525,4272.655465423812,8129.79806274287,2064.7441518516384,4403.380487947908,1327146.2703236318,1326773.9269538226,44876.50455202978,[-0.99109763  0.12316733 -0.05054999],[-0.12968199 -0.80714845  0.57592878],[-0.03013426 -0.57735707 -0.8159355 ]
116,159253.68835225506,35168.323317184506,60638.85342152658,5750.766292496454,6533.378593828496,6967.7005283784265,5949.966681530628,1877090.166409163,1875891.3766103685,101717.3024717976,[-0.08846943 -0.74325067  0.6631377 ],[-0.39330707  0.63771758  0.66228833],[-0.91514081 -0.20222447 -0.34874426]
6,25305.832322033206,30476.74040516307,154633.48273330252,1272.0308547736706,2668.6917639434864,887.0861813963076,1042.3484679161115,391063.03533272306,391027.09256859537,7113.9387631594545,[-0.9787897  -0.09859495  0.17958218],[ 0.12981138 -0.97662431  0.17132998],[-0.15849206 -0.19100783 -0.96870856]
390,162387.48267119206,193916.72875994886,14158.539295285518,13862.035845253702,6948.014863265886,8681.416905979953,10445.476873007472,5012943.3446257785,5009138.036371942,284368.7593421351,[-0.35497225  0.23121671  0.90583306],[-0.67970018  0.60142704 -0.41987282],[-0.64187411 -0.76473809 -0.05633187]
4,96434.29871215035,99762.24154276488,95664.54944643244,1429.060074553845,1692.4720549839346,1368.2376612006537,1285.2968769645358,337095.27368578856,337091.5722399927,4533.9811339449325,[ 0.59521264 -0.77587252  0.20915004],[-0.56420139 -0.21817486  0.79628922],[0.57218765 0.59196415 0.56760879]
40,133713.57041854927,6464.032789229623,53881.72135737252,3161.253421161337,3576.729749021258,4622.675120030665,2407.0689197147767,913464.3837216666,912977.8051376442,39168.87748340059,[ 0.20556081 -0.89181614 -0.40299965],[-0.31478037 -0.45016286  0.83562355],[-0.92663805 -0.04491508 -0.37326206]
916,111457.22414849653,127651.90367532,49552.38408960718,28642.59096767414,14560.281936053196,15570.471712782948,14247.586400101209,5444062.491946313,5366390.813590862,1004374.5947450178,[ 0.1972698  -0.49966525  0.84345674],[-0.74608595  0.4816025   0.45979864],[-0.63595627 -0.71999561 -0.27778759]
942,19171.29445966196,147535.22511859177,30572.148754405556,12454.667268748923,10627.259144423788,13190.634194541964,11660.07272242381,4695780.737350269,4685388.669674802,539711.6294175356,[-0.6941431  -0.06038793  0.71729956],[ 0.70869025 -0.23201396  0.66627896],[0.1261883  0.97083614 0.20384723]
46,21948.793892371887,23385.265875320172,196448.32973916252,5195.181726212296,3467.3504053748575,3066.9192046529565,3391.1897233304626,1350644.4971977808,1350411.382225648,41172.21619622321,[-0.08860623 -0.98786607  0.1275522 ],[-0.98991894  0.10153992  0.09874279],[-0.11049629 -0.11751711 -0.9869044 ]
127,21752.475809809835,98700.48194240096,36450.30446021777,10114.866498191715,6069.046244897137,11245.599441081282,6473.186986437654,1223502.944793567,1214266.597805643,167722.30061894533,[ 0.64615422 -0.38526872  0.65882679],[ 0.73685898  0.09005833 -0.67002115],[0.19880535 0.91839943 0.34208029]
59,60022.48763405774,76694.59645708703,100324.89380651404,3920.621030827849,4533.80543829629,4606.166191138973,4483.486100650418,1075248.5531186918,1074834.5723157653,46858.964131869,[-0.51455457 -0.50466267  0.69321655],[-0.74245496  0.66665914 -0.06577398],[-0.42894548 -0.54852637 -0.71772181]
43,70305.68866179319,141968.49284134284,200431.7761012402,3322.928762766118,4722.07215129337,2825.7985360090547,3463.0476758451823,1675704.6318294138,1675589.5499234388,35493.75605461467,[-0.66610348 -0.47821302  0.57237965],[-0.69327628  0.68000565 -0.23866359],[-0.27508936 -0.55579188 -0.78448788]
15,98996.84108189824,73690.44188535927,177003.7872482686,2604.6579443479027,2835.5093940861375,3309.7066146796788,2811.121452643813,835916.7024583543,835809.741353044,16388.786813849867,[-0.67069397  0.738651    0.06755951],[-0.58284865 -0.58116928  0.567917  ],[-0.45875597 -0.34152154 -0.82030848]
12,7036.422148719659,22782.342306883802,202177.85867305505,3813.0098686833476,4453.198691198246,1258.6512576410985,1283.004629880011,705478.7086976094,705277.577930897,20313.063495319064,[-0.78316744 -0.61427749  0.09649835],[ 0.62084836 -0.78111303  0.06640604],[-0.03458438 -0.11191788 -0.99311546]
3,116735.84135555853,132252.50909110738,93532.80304311588,1327.3828079387424,600.325159047145,747.1632198067269,1063.543214421024,345840.49620050035,345838.09669567045,2157.3060463189395,[ 0.58245756  0.05921155 -0.81070166],[ 0.56471051 -0.74684555  0.35117484],[0.58467532 0.66235619 0.46844322]
35,76488.34867344523,122599.06252096465,103997.43465385203,7917.862654946563,6308.774856956788,3152.752173424086,4357.553568557568,1054972.664848039,1053737.345389857,57385.34504202815,[-0.4106537  -0.42700172  0.80562589],[-0.80416787  0.58605098 -0.09928893],[-0.4297413  -0.68863182 -0.58404506]
823,119780.61173867965,16051.23942281747,79115.18434654702,12128.05720858813,11501.502502878939,29801.754559682355,20901.908520147153,4247375.878432838,4201246.258638609,757376.413577221,[ 0.23317826 -0.9598856  -0.15571618],[-0.5234956  -0.25885502  0.81175516],[-0.81950001 -0.10776692 -0.56285525]
325,110644.92134602476,96809.55425128233,51371.22684176138,7501.284490578982,11805.778834697758,16893.027327596596,14647.47355078256,2833657.8219235996,2821585.497253344,293949.0612579876,[ 0.46893319 -0.76760069  0.43691056],[ 0.52957743 -0.15153265 -0.83461704],[0.70685883 0.6227576  0.33544531]
76,64256.60664871312,25861.40777454278,99075.42811530517,5761.0512725140425,4738.123430122188,5880.492600004972,5391.2291353358105,1056318.9043832384,1055733.823474863,67873.75873574209,[-0.03559706 -0.96112551  0.2738076 ],[-0.84639362  0.17467148  0.50309812],[-0.53136682 -0.21384019 -0.81970829]
231,183167.83240720144,182131.36064492885,50348.186406328256,12660.43128555892,11184.294225490214,10849.91237225106,6342.228584554852,4008722.810851609,4003677.8874882646,289437.2606040429,[ 0.07516485 -0.33581644  0.93892362],[-0.71405388  0.6391192   0.28575114],[-0.69604404 -0.69192049 -0.19175173]
25,93175.08686079682,186485.26189347263,89292.79300043678,2849.065834315239,4460.654706531498,5373.299818417677,3035.1036513930344,1134490.725979166,1134091.1109617506,34498.15820219964,[-0.87057965  0.22559133  0.4372638 ],[ 0.27075454 -0.52239486  0.80857628],[-0.41083216 -0.82232121 -0.39370645]
118,51248.4067344945,170045.72484081468,85826.54207677016,5312.476940520637,5992.149178910682,4745.64309782468,4867.075202111555,2144353.865267607,2144087.878274991,86050.49647996863,[-0.41883436 -0.30535801  0.85518083],[-0.87018136  0.40414249 -0.28187454],[-0.25954226 -0.86222116 -0.43498561]
3,37821.18872128936,1913.5535020732452,72581.65349516408,1753.544403858552,1106.6657025107304,3839.1118895198897,2600.9475051817717,141992.88107679618,141878.1246021158,6004.372536063857,[ 0.23763498 -0.96637423 -0.09823681],[-0.85505391 -0.2560957   0.45088557],[-0.46088222 -0.02314842 -0.88715936]
100,172042.77806544505,8269.784351160097,108450.76147819105,4573.1820400252545,5941.660631777186,13281.647070910634,8641.907110848286,2040675.4379810395,2037726.5277553299,124792.41271510201,[ 0.24970339 -0.91158896 -0.32657891],[-0.47412218 -0.40916859  0.77960838],[-0.84430822 -0.03983255 -0.53437533]
80,135939.1244404965,140328.57167697203,3383.7257883878992,11263.395944950793,7547.603172346531,2447.5079000217274,9373.35953295166,1751970.5636993696,1749871.9136023335,90549.7136546546,[ 0.06545091 -0.08707579  0.99404929],[-0.71472574  0.69107903  0.10759598],[-0.69633562 -0.71751486 -0.01700355]
362,10714.601772630016,47628.68940243724,150743.47055421607,6835.991769675198,13605.2914655051,15128.445240395395,15228.151360910144,3039536.265592477,3031784.2095386824,283621.7788069408,[-0.99243527  0.11835945  0.03260777],[-0.10278025 -0.94627271  0.306601  ],[-0.06714497 -0.30093021 -0.95127943]
339,192134.54006230616,46778.3057692417,16338.435365215428,8766.741548574797,12148.13042465109,6652.554369834346,9241.377134985798,3663795.0293825017,3659240.081957875,249331.22702987687,[-0.1205539   0.15311261  0.98082786],[-0.21930177  0.95951534 -0.17674006],[-0.96818051 -0.23640399 -0.08209545]
20,5609.620146374252,133967.02220298798,180278.590690189,2955.2736154250256,3686.7541589370253,4960.592074491737,5580.343590215569,1005184.2453823137,1005149.6978962779,17779.033515250358,[ 0.31517089 -0.7663871   0.55974827],[-0.94871243 -0.23905278  0.20687796],[-0.02473922 -0.59624205 -0.80242344]
378,144693.90060469919,15389.359692145012,14209.218679889174,14205.967125050607,8724.903030128302,11080.393662067818,14164.447750896028,2864083.283802308,2860678.2948025507,275729.9981541311,[ 0.05211845 -0.90393177  0.42448913],[-0.13277266  0.41502106  0.90007163],[-0.98977527 -0.10327089 -0.09838717]
643,97979.93119768724,46963.25223927835,75367.77945880515,13386.480674079829,16283.538322459623,15689.390299061686,18172.933149773864,3406213.0758496406,3397552.054573731,478784.47077258915,[ 0.54597095 -0.81635243 -0.18837312],[-0.39664395 -0.44990937  0.80015944],[0.73796294 0.36214676 0.5694387 ]
3,105136.90688981116,154190.58259654188,74194.23425000517,1313.873990717294,1399.2847370052345,1441.6761389754508,731.2011274767875,347874.6972384909,347853.12508130167,3963.66438359216,[ 0.66624873 -0.09859915 -0.73918255],[ 0.53108362 -0.63311243  0.56313306],[0.5235101  0.76775442 0.36944596]
5,26988.620560058444,9232.893985418094,40396.71176721192,3616.4851217783003,1892.8670555418223,1379.988114090961,3375.527916108112,110990.91239527681,110838.25600651394,6068.284201366152,[ 0.48823608 -0.86312184 -0.12902023],[ 0.67909598  0.46859868 -0.56501675],[0.54813701 0.18824445 0.81492935]
22,33775.00926908238,201706.40427538316,33544.00594132568,4034.3748278690045,1821.9988218814765,3568.082966299678,1860.0231137686221,972389.0266840169,972167.1042069683,25215.04569732561,[ 0.57265361 -0.22692309  0.78776504],[-0.80345002  0.03558975  0.59430753],[-0.16289846 -0.97326219 -0.16194076]
16,122911.73607411346,169000.52235745612,20305.74495198732,2962.612046721343,4153.145124473517,2564.18587750077,5068.740109566772,840109.3059432058,840079.3055263652,10572.05617206743,[ 0.79163126 -0.59329192  0.14602963],[-0.17502131  0.0087942   0.98452537],[0.58539516 0.80493935 0.09687696]
187,85589.46329627933,27825.24421215921,187520.53531455158,5773.990057331776,13624.60312188747,8314.595615852959,7865.738530294738,2852121.293527267,2848095.747080522,205299.09709055533,[-0.8798595  -0.20043613  0.43089745],[ 0.2390535  -0.97030957  0.03677998],[-0.41073188 -0.13536876 -0.90165105]
11,11277.544599124114,180671.70486180956,166901.40294704383,3493.3677106830487,1487.0226027126125,4288.824997818874,3156.383791981891,816828.3358684847,816714.2549010388,15895.547012997202,[ 0.63889715 -0.54315292  0.54478927],[-0.76793622 -0.40826571  0.49355148],[-0.04565515 -0.73369205 -0.6779466 ]
63,40606.61415300494,50390.00968187513,101796.7497728232,6613.937628326019,4282.619284671016,7311.099069799518,4955.073700364398,960790.6865294661,958685.5147711162,75764.16539242331,[ 0.43036166 -0.86527106  0.25708914],[ 0.8381941   0.27737683 -0.46956654],[0.33499177 0.41757404 0.84463746]
665,101300.80457119511,171343.39048570668,191492.43450099448,24145.416784895606,21422.243953162466,11422.141765631652,11311.649929975814,7172239.599471488,7133405.608547454,835555.1130079537,[-0.49419646 -0.50165146  0.71001104],[ 0.78857996 -0.6024601   0.12322123],[0.36593921 0.62079597 0.69332594]
46,154842.28631552236,63490.352755447486,8751.908524963408,2446.6721265148412,7126.248407764352,5125.018395114023,4018.7703265521695,1137954.989760541,1137247.086660284,55427.18137952965,[-0.25368864  0.50441427  0.82535345],[-0.28700444  0.77558987 -0.56221775],[-0.92372643 -0.37950836 -0.0519892 ]
2,36343.78236873482,160027.8526240689,183848.56831925944,1022.5883046930685,129.11483133220463,338.3751136383362,17.785811259949696,348514.72583113675,348511.3499492533,1533.9744787734269,[-0.29138019  0.74933188 -0.59464218],[-0.94517079 -0.12968275  0.29972415],[0.14747802 0.6493721  0.74603359]
109,197958.1851642077,177997.56162218057,160349.86894304556,3496.321938793598,8289.29592328222,9722.26489675799,8309.075141935022,3246835.0489245113,3246497.139925808,107645.11952410743,[-0.75173445  0.61033536  0.24977204],[-0.17201879 -0.54711494  0.81919154],[-0.63663558 -0.57284902 -0.5162743 ]
76,29296.235216204193,187157.09779851526,193964.75552056095,6156.355475850261,5044.181212381646,5416.905597402754,4414.380813683956,2364649.29442563,2364364.6440056222,74666.10027282036,[ 0.50135056 -0.65920069  0.56044809],[-0.85849341 -0.29822653  0.417193  ],[-0.10787343 -0.69030094 -0.71543549]
15,193484.4625337978,67160.5192083063,77751.28558103814,2180.2239334570804,3045.403615856054,2397.9544107504735,2120.5574845110073,848609.197000548,848521.042785734,15128.179628160144,[-0.11371577 -0.59418578  0.7962487 ],[-0.45502444  0.74359839  0.48991243],[-0.88318825 -0.30660185 -0.35492792]
84,13398.890295208226,118738.68418947823,150227.77684049707,6513.393562203926,6546.416035836639,6061.271479853335,5765.423146284198,1761944.1376164954,1760380.6137208887,85865.5608431744,[-0.72713168 -0.5054961   0.46449243],[ 0.68292761 -0.60154889  0.41442587],[-0.06992424 -0.61855689 -0.7826225 ]
2,144422.35566858633,136649.33516853716,83409.16396754375,69.7446371124388,1105.8938736123528,578.5323026538754,971.4077790290758,304924.60975733254,304922.5800455951,1112.5708962750116,[-0.07773446 -0.45828219  0.88540092],[ 0.73844574 -0.62312884 -0.25769815],[0.66981732 0.63378851 0.38685512]
376,96303.79908547578,186399.1352834788,23309.07715981975,10874.07680766551,8765.805141784016,14615.403697160029,8414.94217611763,4107670.4215692487,4101159.6664170786,354648.75532502553,[ 0.82200403 -0.46565483  0.32783372],[-0.34052761  0.05950254  0.93834983],[0.45645407 0.88296377 0.109657  ]
17,198129.25727120932,7636.46525872749,130617.14111034066,3259.9716410859296,2899.076655128531,2335.120309728,1910.0950036234908,979150.4907566909,979015.5405756776,18800.737896480554,[-0.31710813 -0.78838308  0.52715705],[-0.45059828  0.61434455  0.64772059],[-0.83450801 -0.0321386  -0.55005771]
6,50880.12709593058,115746.28567613267,87178.12312297817,1161.1553630509657,826.2411455199307,1859.8270655671563,1319.7456375690535,376217.1885045793,376213.0043611023,4739.511233295186,[ 0.89402598 -0.44305758  0.06646446],[-0.30161541 -0.48552358  0.82054555],[0.33127886 0.75363575 0.56770369]
13,21879.26823000328,29549.663012570996,98567.42127001652,2536.451758674739,1398.167009045697,3251.707200119997,3322.5260549695904,379607.93968291685,379526.645027326,10164.168069057165,[ 0.24670857 -0.94199868  0.22753763],[-0.94650194 -0.18382418  0.26522208],[-0.20801193 -0.28079737 -0.93695457]
321,140595.173306639,198453.34823443173,85771.4868487177,19142.465032196473,5046.106080077248,15644.092541254839,14148.995352995023,4639769.253733813,4630384.00106978,372301.4103781171,[ 0.59413193 -0.07467794 -0.80089353],[ 0.58946418 -0.63705126  0.4966867 ],[0.54730177 0.76719548 0.33447253]
12,177727.07339309526,45997.760342148715,162679.33507185857,1848.3592151360067,3920.0513604395264,1519.7851138896615,2573.514239785824,849851.6504680511,849764.0757893376,13189.481853728152,[-0.67657259  0.01010688  0.73630658],[ 0.13144265 -0.98218978  0.13426116],[-0.72454976 -0.18761951 -0.66319421]
147,127034.51854483073,172142.8947611221,158509.21039758605,8191.176850427313,8328.32338854763,8176.575790021791,5623.958862071708,3231612.24524743,3230275.343030967,158856.00612935948,[-0.86793243  0.45270568  0.20433026],[-0.13730795 -0.61405334  0.77722907],[-0.47732569 -0.64652615 -0.5951169 ]
102,62103.89440887929,57952.43393099996,67671.86752214133,4175.792248880599,9734.646439369071,6088.987493569841,7591.921103905025,1102526.824550085,1100782.2159256497,96524.1953516738,[ 0.64437053  0.17898808 -0.74347151],[ 0.51016899 -0.82486028  0.24358391],[0.5696615  0.5362544  0.62282983]
7,169324.47056849088,52583.61546779662,147453.40509361905,3349.2983349568526,2157.2712226373246,3151.3404987183326,1924.0795224997553,610267.4795882769,610145.6183783411,12395.094339301866,[ 0.41720396 -0.89461078 -0.16003876],[-0.53548344 -0.38426227  0.75206382],[-0.73430126 -0.22806589 -0.639365  ]
51,155592.1131286362,145648.66347160932,45686.49226561541,7020.5474475868505,6375.764897840177,7730.311495305829,3495.0756010234595,1558787.800107777,1557062.4739194738,83635.4423145846,[ 0.31083913 -0.57064645  0.7600932 ],[-0.62765984  0.4772899   0.61501014],[-0.71373816 -0.66824919 -0.20981148]
57,41835.23429215747,104364.8925037216,6205.668228384672,4398.619713883363,3998.743243164462,4316.435774432431,3940.4972425575993,851387.3287974586,851291.4357932665,46882.89791271491,[ 0.49089414 -0.24642704  0.83564146],[-0.78803489  0.28342451  0.54650851],[-0.37151575 -0.92679246 -0.05506168]
47,89747.23812242909,87188.16469120428,15989.936993267675,3012.962566961839,7959.8978025262895,3872.265891651866,6168.084968199033,866815.0043698966,866186.0121235194,47980.69197626959,[-0.24681261  0.07615192  0.96606647],[-0.65922171  0.71750381 -0.22497781],[-0.71028887 -0.69237935 -0.12688799]
13,111220.60297443664,156668.78910127902,51121.080276974404,2794.5653307298776,3038.5438618890835,1399.5140868730043,2932.0444663099015,717007.5836829606,716937.8763117299,11625.412381145541,[-0.24093328 -0.14223279  0.96006301],[-0.793113    0.59900502 -0.11029397],[-0.55939514 -0.78801194 -0.25712692]
5,201183.88545377704,18213.06888189821,170626.02901933793,1921.7591182144977,3536.9891817230755,897.258613223597,1694.8800320368525,591338.7308922824,591284.459270623,8391.247855636368,[-0.62902772 -0.16612811  0.7594245 ],[ 0.15946163 -0.98369966 -0.08310817],[-0.76085223 -0.06882172 -0.64526541]
3,55491.19788911704,52761.02825432841,183851.04563673414,1688.8948480370948,534.8304895157191,845.1769118819607,1273.7642595228463,344969.73143565294,344960.1818288229,2590.4653513707112,[-0.17187744  0.95943864 -0.22346283],[-0.94488399 -0.09639401  0.31289365],[0.27866178 0.26492581 0.92312617]
13,19139.260042379403,12327.89964614411,58265.97833793639,2068.0239023837858,3351.67733526002,3246.032570092539,3211.688470481987,226142.67355737992,225993.85450581752,14388.325805684295,[-0.80206642 -0.47404846  0.36327334],[ 0.51363682 -0.85788402  0.01456823],[-0.30474035 -0.19827525 -0.9315687 ]
10,22039.19018484027,124036.36429985221,58203.11421244559,3045.504885271038,2885.123214173818,2476.1059083573605,3538.6283906552767,439071.64754799445,439027.31426418194,10614.608486636174,[-0.40891755 -0.32701481  0.85196699],[-0.89858192  0.30712903 -0.31340437],[-0.15917592 -0.89371868 -0.41944004]
100,176880.98804922358,164367.93174777064,89270.5910077407,5698.939616573594,4166.7256082149115,8460.164543603658,5779.1447921234585,2576399.006129863,2575327.5512053906,93417.41209276968,[-0.71995341  0.53424541  0.44299991],[ 0.09728571 -0.55431868  0.82659923],[-0.68716997 -0.6382105  -0.34710918]
92,23408.58934747335,163811.907649131,94126.28742592435,7730.81101944651,8904.533097623958,8036.964105841845,11336.92060666534,1830625.9681020975,1829743.020355746,82823.28731524234,[-0.42779786 -0.4035871   0.80876847],[-0.89531441  0.31205861 -0.31785458],[-0.12410115 -0.86007957 -0.49483536]
150,35877.2002623382,15565.09162436715,118454.25137600471,11060.382746746012,11515.061856487506,6744.060467500873,9637.667012420068,1540852.471713333,1533754.8351641556,178184.34223530864,[ 0.73311622 -0.66685095 -0.13360547],[-0.61475433 -0.73378486  0.28920042],[0.29089124 0.12988298 0.9478991 ]
186,189645.66426535454,182383.32813219397,111744.93149028698,10217.58292588426,4591.884054294346,7940.971831628166,6732.177505781706,3902583.6726679173,3900283.397375875,161716.64404533402,[ 0.37190449 -0.7345833   0.56751601],[-0.64899075  0.23135965  0.72476459],[-0.66370028 -0.63785585 -0.39069408]
16,146487.14634769573,43970.58101094974,123043.79298733338,1341.6946909548558,5333.613355423333,3725.142251153057,3416.161009583783,785590.8395693768,785336.4012412303,22786.378593543006,[-0.495909   -0.441157    0.74796708],[ 0.44436704 -0.86894294 -0.21789013],[-0.74606447 -0.22431824 -0.62695226]
58,135624.11519092848,148583.09742417157,173473.1754339377,9758.727307904372,3227.5303837936167,5565.081411198735,6705.273705599882,2024675.4721160536,2024013.306117827,72840.63102361858,[-0.15628018 -0.68659815  0.71004189],[-0.84523861  0.46490031  0.26351353],[-0.5110266  -0.55897288 -0.65299397]
35,101259.60956546686,48269.23637704036,12539.356278054564,6054.924323900714,3499.3637555434966,4713.945690952376,6290.006061386463,669366.5499396999,669082.6544141788,33200.46273061901,[-0.42267268  0.75683436  0.49854745],[ 0.12790737 -0.49477886  0.85955429],[-0.89721096 -0.42707801 -0.11232481]
43,161484.8370478775,54804.297421518466,185484.97865612057,2548.6153707708677,4228.71059033393,7129.537037415005,5632.539049612146,1653015.3886212797,1652849.0427922027,43064.49499052898,[ 0.43106289 -0.8955294  -0.11050737],[-0.63541449 -0.38822311  0.66748127],[-0.64065062 -0.21750842 -0.73638093]
18,47925.802104475304,117976.4040614033,67557.82731548997,2759.039113339785,4014.950178167413,2879.006181386447,3965.1318839675027,611956.3811793127,611903.8602852799,17125.489601378336,[ 0.40551066 -0.57256176  0.71255466],[-0.85155072  0.04675669  0.52218309],[-0.33229877 -0.81852724 -0.46860504]
6,200500.27920880236,86299.78255487762,151814.7433322293,2611.194794091323,1046.728156549187,762.8656291689846,2161.3425266992026,651322.8309930232,651311.3982222192,4769.945072665103,[ 0.14362703  0.76681107 -0.62559736],[-0.64085249  0.55377195  0.53164342],[0.75410833 0.32455726 0.5709494 ]
40,119195.06518758852,41352.250744843834,194890.75771743842,2863.553700667052,7184.354448574603,3056.0779697482867,3444.8056937090173,1469185.0875378994,1468586.3399840456,47666.2637245464,[-0.83017341 -0.14460798  0.53842423],[ 0.217386   -0.9732937   0.07377462],[-0.51337651 -0.17829162 -0.8394383 ]
10,196879.83681822795,34638.87060213276,184684.6819657515,2034.1456684868417,2141.443474649498,2473.3185654020626,1806.06494687084,860715.4258204577,860667.7108244131,10767.03616085713,[-0.48579168  0.79223696  0.36927909],[-0.49061129 -0.59679347  0.63493159],[0.72339962 0.12727199 0.67859769]
9,1991.141637780284,86045.6275536651,161213.87315638742,1426.9612460910503,2247.318487278284,3792.618573409796,3754.7540510371036,548410.3448966597,548384.2728439055,8145.558495264034,[-0.99783617  0.06229316 -0.02103683],[-0.06485793 -0.88005524  0.47042133],[-0.01079046 -0.47076782 -0.88219115]
9,72077.40535878978,122700.2849423703,162753.0217800782,1816.1393977832413,2426.9335520784466,2916.9966946040827,2828.465985525406,648689.3375929592,648641.7445235854,9361.18629482204,[-0.84764769 -0.16913939  0.50287699],[ 0.4127249 -0.805805   0.4246604],[-0.33339399 -0.56751226 -0.75284678]
6,53242.82978204007,131477.51080950812,18248.67688571814,1083.2416369212583,1261.841072054728,1432.9752873174039,1031.652060962456,350359.0461816119,350333.6524745773,4742.0822386993395,[ 0.58624454 -0.33950931  0.73556153],[-0.71955953  0.19895328  0.66532073],[-0.37222497 -0.91932095 -0.12766189]
6,63161.4583392149,159268.47669190567,36274.90361202697,1504.9789656511948,1538.9028485601257,2238.4036923056956,1405.051302050613,429046.7979307698,429009.2119036881,6774.8311033192995,[-0.70681847  0.41136297 -0.57548949],[-0.60858242  0.06109599  0.79113508],[-0.36060378 -0.90942168 -0.2071645 ]
184,44561.57524854957,72182.12225343575,116884.69285354363,6180.2002428081105,6984.342354431388,7743.864080481693,6755.387199436266,1964553.5871302045,1962598.890731761,136245.54351385916,[-0.83296856 -0.26939369  0.48331193],[ 0.45939672 -0.82356766  0.33270251],[-0.30841212 -0.49916265 -0.80976455]
50,54303.88155066887,15520.406434392291,188898.67916973858,5696.027052576148,5920.323908515206,5761.061290304608,5245.103338689306,1395573.5432512315,1395002.4000575026,60513.005292900954,[-0.69536286 -0.6720257   0.25466048],[ 0.66383831 -0.73638358 -0.13060599],[-0.27529838 -0.07823482 -0.95817019]
108,88833.3047060392,86266.13651301868,102253.11799488023,5860.511353499841,5357.668123348928,10850.699945828617,5044.744774194634,1673797.9230197517,1670679.5805910947,129164.12232441684,[ 0.59575148 -0.7893023   0.1486003 ],[-0.58319406 -0.29790362  0.75573681],[0.55223624 0.53689414 0.63779293]
2,43004.076989235095,129260.02138821362,121047.28801328324,619.1853780881247,1187.368843876393,1015.7045789428375,313.63833447059733,257731.54480367267,257720.96572652552,2335.168489553431,[ 0.91395074 -0.39423674  0.09628834],[-0.33015902 -0.58434375  0.7413079 ],[0.23598533 0.70930937 0.66422221]
100,69020.55519457307,85616.87422957754,137110.8009663874,6993.647530659573,11105.523527538242,4781.31689730692,6852.920751352924,1761767.2299856124,1760410.95165604,121827.93351482283,[-0.74048082 -0.33520429  0.58251715],[ 0.54587034 -0.80558993  0.23032681],[-0.39206342 -0.48853142 -0.77950197]
18,152858.7192393502,10888.291776089072,51564.30113250223,2832.0346744709855,2752.307665714157,2341.860635163071,3210.1679793769463,686217.9067763678,686167.0084148095,13950.695597418111,[ 0.31245253  0.09213304 -0.94545487],[ 0.09312411 -0.99346222 -0.06603576],[0.94535777 0.0674116  0.31898959]
40,44446.11112141669,170408.17585499832,26094.67905370284,7696.489810738805,6281.383070484676,3226.8764194248256,4969.4428232335,1127720.6070862578,1126593.9644468208,58201.93975102743,[ 0.07127106 -0.16889517  0.98305384],[-0.96589617  0.23427257  0.11027671],[-0.24892776 -0.95738748 -0.14643834]
21,11448.886209634129,68915.06900569519,51891.4181544347,4067.8843871535973,3590.9054332462083,5725.67605160009,1566.827483612006,400077.23923396185,399205.5269036082,35441.69437865338,[-0.93591115  0.29753984 -0.1885215 ],[-0.32676982 -0.53361366  0.78004996],[-0.13149829 -0.7916606  -0.59664202]
73,179738.69172310026,127833.54549304457,178931.22172525572,8122.758743343707,5925.242198287801,4372.008128288315,7501.945625133272,2428031.4998680428,2427853.097391089,68234.33133408175,[ 0.45707724  0.43931909 -0.77335576],[-0.6247329   0.7774728   0.07242133],[0.63307915 0.45003864 0.62982221]
50,150864.68785908193,108405.4645993403,102729.84819328667,5545.128657660316,4492.875163794076,4477.611111659553,5693.344440758391,1502054.7203476934,1501846.9537768704,43791.93200914569,[-0.28410739 -0.42105764  0.86139042],[-0.64356436  0.74969848  0.15419824],[-0.71070944 -0.51055132 -0.48397257]
9,7244.061160657524,176126.4810581576,61399.54695618089,3198.811126500783,1612.1433998651264,1325.5508314457418,1410.833742942052,560087.4303708127,560021.4071135364,10640.148440597606,[ 0.16411004 -0.33070681  0.9293551 ],[-0.98567736 -0.01788656  0.16769085],[-0.03883354 -0.94356403 -0.32890558]
11,136406.855820862,178972.45016831107,180405.95577722212,1562.3278056988042,3392.4861894840024,2231.980272973485,1836.9428519005278,956665.2099096413,956603.7398843463,13097.784695668812,[-0.8509598   0.13762898  0.50687838],[ 0.22846134 -0.77198942  0.59315912],[-0.47294063 -0.62055668 -0.62548906]
32,176588.75977825356,48038.09304167719,100800.85536896889,4555.307530075366,5490.214507437555,5216.6931514284415,5344.691380331993,1182877.323806226,1182344.6878003138,39912.816228494,[-0.21871979 -0.6748425   0.70480441],[-0.4878847   0.70115831  0.51994764],[-0.84506223 -0.23014045 -0.48260253]
91,181881.40563971878,3726.4237855353385,32639.759930599997,6588.23162902233,2473.5712936959,5684.440435077965,6964.051153160951,1765063.255110271,1764532.0932086343,54845.406475028816,[ 0.02461288 -0.99941922 -0.02356756],[-0.17642119 -0.02754705  0.98392923],[-0.984007   -0.02005952 -0.17699674]
2,154709.67386376235,36436.130485926,114182.77069282722,57.91276488064614,44.97960564239838,263.44269311847165,191.11117699839812,276768.6929333436,276768.55471120577,276.6064022103006,[-0.3849401   0.89201405  0.23692206],[-0.47633093 -0.41188405  0.77682712],[0.79052512 0.1861786  0.58344457]
21,86968.69577145197,13223.76353340364,131745.07621299365,2714.094154201631,3873.4518492166944,4145.217764599251,3365.2074785939553,726361.1879250364,726268.957772143,24328.97239085722,[-0.79136804  0.37221099  0.4849697 ],[-0.26927115 -0.9244159   0.2700894 ],[-0.54884394 -0.08315177 -0.83177888]
12,144059.04450816746,94316.35816308175,198097.04094004876,2827.6372323390974,2352.0568751423575,3469.2580462833657,1303.4713789484017,909373.0656164186,909259.1230778696,16926.605687181716,[-0.60630348  0.79269144  0.06353243],[-0.57546495 -0.49248389  0.65291632],[-0.54884987 -0.35930475 -0.75476083]
23,2634.6344977804583,138624.30254102335,59220.21944008874,1939.3736996035236,4216.829272755231,4787.2704424214635,5372.6830199883725,723704.5947854484,723566.3049335714,18963.466789074708,[-0.98510001 -0.05143763  0.16411014],[ 0.17108826 -0.39027844  0.90466101],[-0.01751503 -0.91925889 -0.39326367]
54,176183.12375479323,72946.91581016348,156677.57836530093,5097.59913755039,5668.342859712523,6341.280683156367,7573.46609769549,1814780.999411242,1814723.8407936976,46951.72374538184,[-0.41764383  0.90741189  0.04666139],[-0.56229983 -0.29845989  0.77119427],[0.7137174  0.29584684 0.63488748]
25,38714.390444752105,6293.786630630323,6732.304468985256,5736.749725326818,4738.449917831813,4352.216068504147,5719.525744407352,203083.61511804577,201575.97342130903,32037.583446836055,[-0.22762596  0.80914987  0.54172217],[-0.03484501 -0.56273877  0.82590006],[-0.97312499 -0.16911998 -0.15628878]
137,9356.391645108775,148326.957702652,127935.77998346835,5108.911931915294,5227.439813016325,5620.19617600505,4513.305953477814,2297079.879085647,2296693.5798060717,94118.34237624642,[-0.98940289  0.12545997 -0.07308705],[-0.13713152 -0.642007    0.75433544],[-0.0477165  -0.75636421 -0.65240809]
2,182416.44904587843,123677.31191906222,193631.76556969486,162.9954946347425,611.300145803034,94.87336356462038,218.97801988356514,414886.7514395331,414885.8805875313,850.0642079814161,[ 0.60470428  0.27712157 -0.74668358],[ 0.49769357 -0.86340934  0.0826161 ],[0.62179887 0.42157792 0.66002895]
3,160149.69628646653,103012.15687589317,6959.343183313061,1758.368007266232,994.7840815598095,2228.329470703153,1378.2490641895206,330076.00929074315,330045.36376689933,4619.549225313795,[-0.44149537  0.72236455 -0.53223238],[-0.31409028  0.43122067  0.84581087],[-0.84049339 -0.5405906  -0.03650575]
7,189371.6242809624,78586.62647781886,166252.24112327554,1391.2237496538871,1905.2362460020304,3038.2837073759965,1261.3744927751602,698442.5488735617,698408.730973359,9606.741895410494,[-0.43583741  0.89711101  0.07237114],[-0.5435065  -0.32643379  0.77333154],[0.71738862 0.29771263 0.62985772]
6,134604.06905763925,44195.07818831261,201655.1600522455,1820.86091470692,1027.425389984759,1609.9650593210579,1259.0618860513018,603702.2018517915,603680.500747088,5677.060813610564,[-0.10923997 -0.95322263  0.28183904],[ 0.83052087 -0.24331778 -0.50103048],[0.54617004 0.17934065 0.81825132]
35,189669.87288551638,4173.965526788062,72967.95592532458,5133.751448761286,2655.7464787506474,5951.676752452222,4056.8431883718617,1203429.7770289965,1202861.0503184719,42995.26819728191,[-0.01996234 -0.99390981  0.10837342],[-0.35879399  0.10829633  0.92711314],[-0.93320329 -0.02037638 -0.35877071]
4,158747.06742615547,5596.028939386273,193669.81820538847,555.0152186730314,1609.851292709111,526.1434752004561,553.0450039354963,500970.4827828438,500961.1584173183,3386.528871847585,[ 0.7709152   0.06370454 -0.63374402],[ 0.06341496 -0.99771869 -0.02315076],[0.63377306 0.02234158 0.77319633]
89,82310.59693353876,162409.59720182835,27185.504783857312,6978.101506997149,4061.2325365029133,7553.815579151797,5935.372658938505,1739591.391116498,1737985.2349376073,87067.0009187987,[-0.73991872  0.27206366  0.61522488],[ 0.50212272 -0.38523653  0.77425163],[-0.44765283 -0.88180167 -0.14843438]
10,31354.534684130893,13353.524882452673,81667.06827827726,1853.2509752908768,2876.920756589291,1395.0789438462002,1367.1413149836444,280034.6569694352,279919.67261460354,10834.537052702231,[-0.93499631  0.04512792  0.3517746 ],[ 0.01134158 -0.98755957  0.15683577],[-0.35447605 -0.15063054 -0.92285274]
19,138482.44810335466,199845.05272513948,160645.5006985947,3648.7402243794513,3588.952522330513,2995.8767678175627,4078.968316396173,1270485.8846600372,1270394.7626144977,18729.34566768704,[ 0.56417064  0.24329639 -0.78899832],[-0.67518197  0.68596367 -0.27126213],[0.47522709 0.68575557 0.5512699 ]
2,44863.9922647113,2027.879136684866,168352.8332144138,843.6086543800666,693.7829197763903,333.64160284603713,113.22514262716868,246417.8194614261,246412.5782831104,1607.1751596961321,[ 0.58644179  0.79283451 -0.16582966],[-0.76797769  0.6093258   0.19731279],[0.25748068 0.01164101 0.96621332]
2,182073.6267428653,104635.24221780652,183906.92917590166,1952.4870032065664,257.99674296628655,1225.7085301992774,1984.3269974009308,394782.16575070226,394778.5094650227,1699.0760400556255,[ 0.52388346  0.40523273 -0.74922129],[-0.54779883  0.83384507  0.06796198],[0.65227491 0.37481839 0.65882366]
14,95031.40842854368,165041.94357868293,85875.85304364222,2135.567945923484,3004.143025558514,3346.6174767652847,2972.9687370477614,781876.7637669449,781783.7954551555,14902.419965761852,[-0.85004077  0.24751739  0.46493637],[ 0.26554437 -0.56093396  0.78411688],[-0.45488116 -0.78999255 -0.41108988]
7,202947.97047743565,115614.88202683789,172509.47977122982,1363.5611229854858,1407.2397177130795,2377.613213762178,1795.7185715464907,768276.5960635404,768270.0063093856,6631.031410413422,[ 0.69432823 -0.57694446 -0.43016672],[-0.17150915 -0.71317243  0.67968353],[0.69892269 0.39814593 0.594127  ]
9,175279.40578474887,25649.513281267402,81662.95848805032,2946.633904020205,2906.3887474690346,2743.4221663704325,3813.1087771826833,585359.7457172396,585319.4850637832,9580.915793434106,[ 0.293309    0.5295227  -0.79597459],[-0.32654724  0.83800985  0.43715716],[0.89851919 0.13170118 0.41871001]
17,34098.894411300345,127722.24265260767,127379.53667916883,3815.9035628724573,3858.868938182873,2697.2176643015596,3938.5621091678972,757303.8529859832,757113.8012135237,18996.295730036756,[-0.13551703 -0.68122917  0.71941779],[-0.9732703   0.2274205   0.03201308],[-0.1854186  -0.69584965 -0.69383947]
4,139374.5556994687,77426.59859990078,19961.850885432294,2229.7857816658134,61.21361222411098,1355.7735342983342,1828.8735334993044,321403.7620017186,321386.3919154231,3725.9730568205564,[-0.35155831  0.77011234 -0.53229102],[-0.35207095  0.41808355  0.83740802],[0.86744037 0.48180196 0.12415344]
92,138984.2562615505,40490.18431569846,9653.809550836293,5695.438264544388,4021.7618866834814,4815.772853899658,5529.5993777013055,1393506.57379065,1393065.406091514,61536.19813954615,[-0.28243159  0.8795708   0.38286762],[ 0.04896323 -0.38537873  0.92145854],[-0.95803706 -0.27899543 -0.0657765 ]
