N,MEAN_X,MEAN_Y,MEAN_Z,SIGMA_X,SIGMA_Y,SIGMA_Z,SIGMA_R,LAMBDA_1,LAMBDA_2,LAMBDA_3,EIGEN_1,EIGEN_2,EIGEN_3
3,96597.95943708804,11268.197904237071,150457.27900966618,972.7492407302211,1073.9213267907296,1686.1330514804433,1010.9676573276348,310324.25143758155,310306.1490516314,3434.1720296797566,[ 0.3971409   0.86038236 -0.31940773],[-0.74269388  0.50574998  0.43888809],[0.53915202 0.06292176 0.83985472]
85,196670.82013424064,148534.40209019338,63660.89578237038,6615.041083169978,6766.039080414446,4775.614544941767,5891.859904433234,2348587.794206364,2347710.592261964,81050.4670635474,[-0.4412141   0.21045114  0.87237632],[-0.45636487  0.78440824 -0.42004146],[-0.77269737 -0.58345012 -0.25004947]
37,59571.680029965595,8212.878522715058,36845.50053954418,3640.2577934219153,4006.735706797015,3157.3160494588124,2598.4210249877315,430304.13135159435,429653.0712773477,34728.8973772564,[-0.30407168 -0.69835458  0.64795162],[-0.43981066  0.70624324  0.55478561],[-0.84504852 -0.11628144 -0.52189235]
69,105905.2350249266,63168.726081452376,89746.79366706584,4472.538916795302,4075.515168598523,10296.004465931002,5905.932363151404,1270547.491931636,1268104.9260802425,85301.93011256805,[ 0.59127873 -0.79444297 -0.13874376],[-0.41102539 -0.44487693  0.79570261],[0.69386425 0.41345482 0.5895825 ]
1556,174781.50865808193,98740.90401635578,66811.43718936201,13669.203529069826,20617.38203866844,25266.319076438973,20087.801530122077,8434869.581380447,8408574.58166342,1157368.2156292407,[ 0.34865578 -0.86224361  0.36738957],[ 0.44838417 -0.19076946 -0.87324604],[0.82303753 0.46919395 0.32010351]
119,177735.64128176842,162042.4524364773,91674.10482765237,6580.752864492884,5965.753486857505,8118.762247113986,5554.988245989665,2810166.6688777604,2809269.597647578,115647.4874005761,[-0.72085442  0.55931672  0.40930882],[ 0.05840421 -0.53943886  0.83999683],[-0.69062135 -0.62942079 -0.35619043]
31,32955.93979650348,119311.32868441167,163734.2956110336,2946.465155804431,6140.920171380177,3670.427914124882,4335.667345554577,1143541.1958163164,1143167.8599585623,35569.60317949169,[-0.88544039 -0.27240342  0.37655237],[ 0.43623306 -0.76658783  0.47121525],[-0.16029981 -0.58149761 -0.79759921]
1982,116094.1928762739,98611.39879328286,141141.27260302976,28477.566522473575,23584.27956851114,22055.873323626696,19592.041362388136,9405534.188031355,9328887.595153628,1671809.209264206,[ 0.58772675 -0.80517478  0.07918859],[-0.5810231  -0.35193514  0.73386226],[0.56301814 0.47732088 0.67466685]
34,49996.87175560981,112332.81155543476,65463.52800838643,3815.9964570153597,6093.851212767284,5389.469400123082,5854.083096331256,813668.0452914918,813215.4269455585,39690.8719055832,[ 0.51778953 -0.59048054  0.61905309],[-0.77702932 -0.02184753  0.62908515],[-0.35793776 -0.80675611 -0.47013312]
1846,23173.771973863342,39577.94461413304,36613.881620284184,13285.85527306476,18367.99798822108,25320.699392074883,16927.024241357605,2856158.338793011,2664541.85215526,1312350.8015973752,[-0.90791136  0.39433859  0.14210572],[-0.16459728 -0.64719725  0.74434096],[-0.38549279 -0.6524054  -0.65250479]
1063,17986.416827490666,136575.56637132767,28822.852553718865,11611.836788746486,20645.667884824485,12109.68361509732,18957.75618644455,4655784.782000816,4646877.10499189,587220.4984976829,[ 0.87902776 -0.01626444 -0.47649309],[ 0.45981663 -0.23522743  0.85629243],[0.12601137 0.97180426 0.19929278]
180,111279.15130857556,54641.901179323286,143611.42869300302,5893.673871985471,7177.036158912533,7565.171557301456,7331.381972618574,2549446.6510864366,2548199.8813023726,127048.96441154834,[-0.80992241  0.20192085  0.55068472],[ 0.00548441 -0.93622642  0.35135454],[-0.58651139 -0.2875901  -0.75716334]
8,151730.20140000587,77428.60578610715,173553.74632368822,2059.9836011619614,2352.672118636364,2376.6457903862856,2379.123812476033,687896.2364933267,687879.1232383945,8845.69458671281,[ 0.06481651 -0.93115376  0.35881958],[ 0.77880481 -0.1776127  -0.60159522],[0.62390856 0.31844372 0.71367479]
32,24077.52556032648,194226.6964025494,45365.2753286612,4036.353043013184,3514.570027204301,3881.9445285671254,2968.2713068898847,1136971.9817603463,1136718.1355181835,33406.008274987,[-0.68747885 -0.08332832  0.72140781],[-0.71627082  0.24155151 -0.65468235],[-0.11970357 -0.96680363 -0.22574719]
9,95610.4276295785,162752.60621982548,87578.55994936879,1506.0862196778426,2476.6490811375434,2692.2364688688413,1516.903487284415,624353.2238935669,624292.0909670438,10953.564533634368,[-0.88407102  0.44834096  0.13194245],[-0.08546996 -0.43266042  0.89749643],[-0.45947069 -0.78217347 -0.42082223]
442,100939.9617000054,173362.9470841583,187431.60372417152,9961.936872761675,14669.222030786486,11713.907276184353,12766.637381963044,5786770.956460042,5780635.485947992,357174.5181228076,[-0.77276626 -0.20124072  0.60194225],[ 0.5176252  -0.74864857  0.41423361],[-0.36728253 -0.63168623 -0.68269762]
7,195198.2633837841,36133.87975165429,182925.98468341393,3174.243053113748,1763.8882394586085,1277.5327643898625,1761.3333970680587,714264.0835230909,714234.6615936965,9067.99012894687,[ 0.03529394 -0.98691849  0.15730933],[ 0.68979296 -0.08984248 -0.71841075],[0.72314591 0.13386642 0.67759853]
6,199499.32842525453,86273.88309523383,150797.55558639925,3156.0589042716992,2273.0780574684695,2762.8020430930155,1696.690709597984,648085.5367895667,648024.5231220289,10922.227137306567,[ 0.06339914 -0.90006748  0.43111377],[-0.65364669  0.28898215  0.69945359],[-0.75413962 -0.32614084 -0.57000491]
90,138500.0276632636,41010.55039234895,8475.609183561453,5339.383958031058,4602.454576735261,5598.761307302116,4987.138999415821,1374794.8249046416,1374034.5669092038,70905.46792645563,[-0.27042937  0.80656086  0.52566865],[ 0.10222527 -0.51887001  0.84871898],[-0.95729721 -0.28325516 -0.05786679]
248,180868.61500667673,182768.98289402356,49988.71330266471,12879.942669904616,10878.55425159553,10723.479364440936,6488.572882417657,4134264.0014146823,4129327.100738168,297461.42642066843,[ 0.05971435 -0.31844395  0.94605901],[-0.72078734  0.64191146  0.26156315],[-0.69057932 -0.69752643 -0.19119904]
3,145285.44599955878,66849.0591163875,66210.73824746317,1612.6811187990008,335.0381707535405,932.317753747006,1146.3041126610965,299818.07695664343,299811.4831416911,2608.610823897566,[-0.19155764  0.86873419 -0.4567347 ],[-0.50866817  0.31010522  0.80317585],[0.83938213 0.38618087 0.3824944 ]
462,165234.72128487675,194156.58102414792,13808.299319258125,13811.435748505863,7210.489960565837,9305.023713601617,10720.49751940563,5499237.250035556,5495389.090888256,314504.23674622347,[-0.39917672  0.27764533  0.87382551],[-0.64868757  0.58801219 -0.48316261],[-0.64796789 -0.75970701 -0.0546157 ]
928,66046.233168332,172646.961021438,123683.97470431858,24353.728050516074,15282.235312834715,14167.074219704655,13349.30636199978,6832022.2675764505,6800293.1415762855,892550.6736510337,[ 0.33626301 -0.6291712   0.70076443],[-0.89341628  0.02224388  0.44867868],[-0.29788342 -0.77694839 -0.554632  ]
38,156216.34187744104,54776.48720585229,15206.958986869126,2546.090193676834,6379.195533962612,6551.087319407209,3004.744125844833,1025852.7336759021,1025516.2234862383,55403.5566540942,[-0.3041702   0.68133287  0.66578225],[ 0.1569527  -0.65350308  0.74047253],[-0.93959903 -0.329726   -0.09183913]
130,136807.66101411602,4834.492116364874,94468.20815474157,8610.991333243743,2924.2752017259368,9788.357413608135,9581.899406650251,1902213.4081188792,1899868.976218365,105463.14515990892,[ 0.0617544  -0.9973415  -0.03868226],[-0.56578278 -0.06690789  0.82183525],[-0.82223855 -0.02886619 -0.56841051]
1665,103879.90491458547,124865.697451368,56701.70110715353,20257.137632240563,19860.18168590709,24926.840523872015,22157.18711853948,7141593.831419887,7127676.56101908,1225862.151657476,[ 0.29543111 -0.59486436  0.74756729],[ 0.74251526 -0.34941228 -0.57147366],[0.6011585  0.72391122 0.33846861]
311,190106.1234295102,47785.84772980685,16284.872671625948,9444.691030720332,11469.302048928574,7613.78560291897,9728.057189725105,3478989.561202963,3475295.948299251,238502.71875617193,[-0.16373314  0.33664502  0.92728722],[-0.1981017   0.90960494 -0.36520484],[-0.96640942 -0.24349331 -0.08224252]
466,47985.40592424629,184718.43834808114,170253.25553488472,13517.164343308383,12213.503790655956,13458.056544702762,9957.27150754094,5535715.736210971,5531980.541320912,439289.2921424047,[-0.82003713  0.48818672 -0.29868517],[-0.54073344 -0.48994706  0.68378303],[-0.18747387 -0.72223653 -0.66575366]
31,140245.35616365267,64560.50200323895,192255.93759099196,3159.150575783627,3368.8791325537563,2985.696119980679,2893.3574376376782,1373130.5510268172,1373046.7325582453,26047.002802459825,[ 0.42172895  0.72103079 -0.54978113],[-0.70616045  0.64151683  0.29965577],[0.56875488 0.26186018 0.77970964]
466,151237.22612584304,15820.202347157347,175328.940844759,12230.759563402644,8448.968988325949,14014.025020299401,13915.074859635037,5026145.548147474,5022155.474607299,324530.2820541234,[-0.18157645 -0.95330253  0.24133853],[-0.73670276  0.29443236  0.60875169],[-0.6513824  -0.06725979 -0.75576259]
359,187621.2156133609,63067.11797712434,149443.9973312921,12553.790920780182,12551.963170715706,16886.56508602318,13545.182930284742,4715041.456243962,4713528.427007937,384921.81775051664,[-0.36485241 -0.60322928  0.70922292],[-0.54340203  0.75650174  0.36389469],[-0.75604031 -0.25262532 -0.6038075 ]
1076,91707.41104886096,34268.23050458835,72181.11014364735,18579.507595306553,18886.967863166246,12995.87303528696,10730.323087304816,4066572.4097588486,4046980.7391439555,892778.1237559703,[ 0.46717106  0.39862059 -0.78921026],[ 0.45339341 -0.87431616 -0.17322145],[0.75906892 0.27689868 0.58918715]
20,84058.34529243347,171366.56601912322,199615.55464227014,4185.3300231897265,2119.69998094522,2514.23412332852,1601.2862299501692,1235322.5636601192,1235209.5908054416,22708.825271148587,[ 0.13572646 -0.77926293  0.61182319],[-0.9428432   0.08810621  0.32137827],[-0.3043436  -0.62047287 -0.72276441]
46,171268.37979129242,4456.1957557685455,116284.64032482411,5163.346545694822,2346.025497496495,4820.192704839013,5058.978619998253,1405187.5568562532,1404870.2625969385,36996.82895264828,[-0.05350955 -0.99171059  0.11681969],[-0.55942188  0.12667687  0.81914598],[-0.82715409 -0.02151935 -0.56156302]
196,193968.17185480313,181893.31323423848,109737.73646940541,5985.849308832748,5524.277631927872,8006.547029373053,5610.273790996245,4029843.9325504526,4028734.2174555557,138803.29174638464,[ 0.37475554 -0.73817378  0.56094364],[-0.6364267   0.2351435   0.73462139],[-0.6741805  -0.63230294 -0.38167217]
230,125676.24551514914,174231.30501000318,99613.60330165045,8472.905306598243,6641.290182232412,8565.505122389384,8226.403387521616,3595621.3223983063,3595083.847282466,167188.25297906372,[ 0.07129127 -0.53375542  0.84262845],[-0.84450516  0.41723665  0.33574486],[-0.53078111 -0.73553975 -0.42101388]
404,168246.98187394402,184790.0122895073,195528.81103736398,10999.708884757474,10326.279883061166,6302.130602633643,9164.718395695274,6384980.966562559,6381893.8150048405,271438.062955745,[-0.25576783 -0.5828395   0.77128525],[-0.80833916  0.5665399   0.16006358],[-0.53025524 -0.58252096 -0.61603467]
355,144221.57092878566,198689.87400975075,93650.09030604883,18989.616826077396,4383.2930754354375,19132.698240108417,15192.629832848148,4971342.865463238,4965798.233440609,424449.7846903317,[-0.74659925  0.25281814  0.61536375],[ 0.3731839  -0.60659011  0.70198449],[-0.55074798 -0.75374494 -0.35853206]
718,20389.27457241177,115980.22097170062,80756.47968056278,11317.47150408214,20340.14825701496,14266.98208346239,14420.89308653152,3884411.672590906,3855514.6357049593,628423.2582783236,[-0.98893526  0.13915644  0.05140557],[-0.03579411 -0.56011393  0.82764193],[-0.14396468 -0.81664427 -0.5588974 ]
337,145571.50633435746,14940.060791461201,13928.899237728427,13880.246726830652,9071.497660866704,10242.69677157815,13865.203171131914,2717942.806495508,2714643.3382299542,252013.98793531972,[ 0.01582914 -0.7700219   0.63782107],[-0.13760952  0.63015311  0.76417974],[-0.99036006 -0.09986656 -0.09598756]
3,127756.01180432597,168912.8484612785,8285.138417858021,936.2948641495824,1607.824294331915,743.3004083168343,1809.1311488413203,367120.3257804461,367117.53623992694,1490.3407293055661,[ 0.77508251 -0.57318523 -0.26590562],[ 0.18952936 -0.19055166  0.9632075 ],[0.60276507 0.79696221 0.03905783]
232,11983.27570151413,56780.04877577517,126045.12655073253,6052.299615257228,13933.225594161178,13773.429558072065,11560.682804055827,2134530.1031137635,2123247.315126611,254944.3090215749,[-0.9919775  -0.05036781  0.11594708],[ 0.09301071 -0.91196485  0.39958618],[-0.08561338 -0.40716482 -0.90933336]
8,161309.64914194925,25560.88426352696,115369.27538112033,1955.6560954079303,1876.2766832788325,3384.3827766250215,2428.3063502481164,565684.0312284175,565638.3589763476,10164.206659327778,[ 0.25222755 -0.95740819 -0.14053761],[-0.53448958 -0.25890874  0.80454158],[-0.80666111 -0.12781167 -0.57702862]
10,185637.41403730385,66542.58537372312,188238.01609149785,913.0949484203321,3577.7980602922908,1995.0871203809572,1990.4064085098457,862196.3313440771,862141.1449272105,11693.790423355873,[ 0.64865992  0.23667348 -0.7233436 ],[ 0.34001911 -0.9404144  -0.00278482],[0.68090184 0.24414424 0.69048264]
109,65694.61675183738,194057.6538744033,197966.78946861957,5577.286392689269,5512.816218119162,4382.391166881524,4477.160783199232,2975379.1526287743,2975244.1246128445,81275.1598875586,[ 0.82202263  0.24566422 -0.51373912],[ 0.52064466 -0.68966332  0.50328286],[0.23066844 0.68118543 0.69482262]
68,83945.59119228239,175099.2977437776,145283.55337393543,5813.240641973758,7093.139644080836,4713.192027671194,5091.283506752238,2001083.9677390864,2000841.239496267,73840.03148750469,[ 0.07971531 -0.65864439  0.74821992],[-0.9348868   0.21104918  0.28538555],[-0.34587879 -0.72225052 -0.59893409]
213,164384.0139023559,154163.79623721068,147855.7751376752,6950.404544464347,7031.581904509029,6807.378048303168,7446.069611485998,3936758.6143241385,3936140.7970087663,137739.21528844754,[-0.75569789  0.21141884  0.61985706],[ 0.23852058 -0.79261365  0.56113415],[-0.6099415  -0.57189656 -0.54854872]
127,10886.658450359104,151514.1257775318,125007.42616850839,5881.049248074949,7433.629889701403,5039.81655204608,4802.553030411196,2219396.9890256235,2218549.045256458,108966.23906202761,[-0.93461453 -0.184019    0.30435618],[ 0.3513665  -0.61032822  0.70995848],[-0.05511132 -0.77047808 -0.63507973]
163,77823.29680496846,128053.87257020445,134110.17868703726,8040.74718461712,7997.528432406242,11117.021321411761,10734.887525842396,2574338.425834441,2572113.9848294174,150346.24706231823,[-0.88016191  0.03974492  0.47300671],[ 0.27426717 -0.77072896  0.5751125 ],[-0.38741777 -0.63592233 -0.66746555]
3,128858.59831656097,202475.34462058652,148187.0626458464,1034.3675474434158,233.48419817346806,606.3779778289324,600.9108985492633,488553.81352781295,488550.9071243082,1841.0967250435742,[ 0.46115422  0.3139239  -0.82993287],[-0.76067603  0.62142784 -0.18761507],[0.45684654 0.71782953 0.52536846]
102,52482.10806287106,170961.3356880345,84918.26568511837,4493.528281577253,6950.728086598902,4441.797964574096,5688.154298956965,2001050.271903766,2000877.0519875127,75590.8422551198,[-0.69009023 -0.14082809  0.70988937],[ 0.67357542 -0.48374919  0.55882276],[-0.26471046 -0.86380216 -0.42868893]
24,132567.08408117978,156929.7029516037,75287.92563937989,4338.9062407356605,4943.799505245299,3343.209500123968,5930.736862463501,1072413.9640876276,1072289.1450851397,21468.473338368163,[-0.78918824  0.59639314  0.14661903],[-0.09994341 -0.36026639  0.92748016],[-0.60596472 -0.71730283 -0.34392356]
254,123177.3011211635,16682.47840983613,110715.12842921313,7465.862549873417,10917.587281475713,15995.108017670664,11248.434705283205,2671797.4341225913,2660959.6046299045,275124.1180255716,[ 0.50593358 -0.73402731 -0.45302882],[-0.44639661 -0.67221529  0.59064089],[0.73807945 0.09659453 0.6677636 ]
50,194939.70181560784,168314.90120574116,9873.222531758933,6456.775077268131,7464.3191471273885,3634.7341673007672,9152.791475838772,1823877.2285431796,1823757.691284564,36453.42101118611,[ 0.54627291 -0.59834384 -0.58614892],[ 0.36012997 -0.46402722  0.80931153],[0.75623562 0.65319476 0.03800395]
36,86085.12097428305,14450.62731424093,132467.13824359578,3981.210385516374,5741.5475992289785,4773.652253587592,3669.757183252132,952804.3092199577,952485.0768040175,46004.07576424441,[-0.64649726 -0.58947062  0.48431981],[ 0.53654749 -0.80260774 -0.26064843],[-0.54236342 -0.09135208 -0.83516269]
94,154358.23779748892,155760.57106264093,190731.66614887567,5028.764138200099,7191.11671218538,7133.034961816533,9292.038686110714,2819701.409568275,2819414.7583166193,62507.675283657154,[-0.40208419 -0.52241386  0.75193887],[-0.74595686  0.66311886  0.06182022],[-0.53092059 -0.53605702 -0.65632781]
9,66287.70647551805,22179.754216428144,135941.6061778034,4244.269150277686,2582.473827546229,2091.1061381823783,2814.9193227071078,458811.45947729825,458708.75004855025,13839.17942101106,[ 0.24397043 -0.96898978  0.03920758],[-0.86731908 -0.19992778  0.45583604],[-0.43386178 -0.145216   -0.88919979]
22,8665.038089653071,172385.3772679721,65168.58825852377,3687.9262001213697,4439.432309878385,4845.558338999846,3574.0857468108616,865952.586592702,865654.8099190324,31167.325244934655,[-0.91170077 -0.10450925  0.39734057],[ 0.40818564 -0.34046304  0.84703565],[-0.04675672 -0.93443177 -0.35305959]
16,11627.504614668083,175012.35342691862,100562.838941035,3038.256264685421,2196.1070508473526,3553.219843010859,2603.2469949953493,808925.8812239749,808858.0829018352,17840.684165608767,[-0.80446178 -0.25485395  0.53655448],[ 0.59120734 -0.43107991  0.681648  ],[-0.05757717 -0.86557471 -0.49745884]
116,40582.8986307132,84689.28484249816,184909.9389586037,7070.7918275037055,8440.62257873118,7560.871234254446,7151.80730484426,2237587.9631981165,2235677.8400021405,121948.27540675554,[-0.81814413  0.56925213 -0.08119237],[-0.54068565 -0.71353755  0.44555941],[-0.19570183 -0.40843137 -0.89156301]
35,119622.94187666802,144937.66545455973,154336.17335258337,4177.337054251874,7002.726331070584,4861.884354535443,3621.2042960259723,1439622.9854672542,1438974.2008979605,51805.50546670113,[-0.86897107  0.29176972  0.39969952],[ 0.05313699 -0.74801375  0.66155263],[-0.49200177 -0.59610893 -0.63449854]
523,92709.70713189086,182187.52023674897,24656.29071322779,11864.297826727072,12495.907628334095,13863.030708255317,13958.841236950897,4732209.010049599,4723164.455657057,393708.0923038776,[ 0.81839361 -0.4626343   0.34088328],[-0.35614168  0.05721681  0.93267858],[0.45099335 0.88470094 0.11793749]
44,32752.35984559173,16768.631023382997,152499.12257219898,5629.559838126071,8414.858433871008,3468.4523677281823,3623.087923954587,1042884.308389243,1040975.0344210293,67172.28463595128,[ 0.80372065  0.54754803 -0.23286107],[ 0.55727402 -0.82985996 -0.02789452],[0.20851567 0.10734803 0.97210988]
69,25089.77575127097,63462.47661626956,68058.02142991313,7041.407650371965,8288.921777766649,2863.062857301851,4555.666566805599,805338.2566098165,802175.3199820897,85234.86702408758,[-0.60579542 -0.4575249   0.65090926],[ 0.7524203  -0.59536463  0.28178832],[0.25860318 0.66046341 0.70492019]
7,137737.27490590996,54846.21230314581,48278.00445232752,1556.9878111534017,1880.472898951287,1311.5817268581093,1556.4983239202743,412566.3182207676,412560.10969448235,6060.733639566169,[ 0.46503817 -0.73972952 -0.48635352],[-0.05788633 -0.57360365  0.81708508],[0.8833961  0.35182253 0.30956782]
16,36549.31451208553,134222.81780838192,4286.684489513853,1947.2815614424844,2965.84200226228,2079.753616331722,2639.507102161205,556924.9437401439,556828.6745202959,12547.440860826244,[ 0.60772736 -0.19001018  0.7710795 ],[-0.74953426  0.18361027  0.63599187],[-0.26242305 -0.96446016 -0.03083416]
21,34015.145743282286,149445.63048561677,6296.027867731884,3284.5041459047975,3571.8460181753294,2918.5440916511566,3891.147178447661,703344.9501029537,703268.2816838821,18822.52286883697,[-0.66545236  0.12043987  0.73665961],[-0.71268735  0.19089591 -0.67500777],[-0.22192316 -0.97419351 -0.04119616]
50,119678.25097509056,40462.40306881182,196076.0480823151,4001.060022739638,5779.700827648436,3395.8234696634354,3404.82290841175,1650098.8433183488,1649666.2246817567,49601.44592125076,[-0.73676113 -0.4134496   0.53501632],[ 0.440372   -0.89384723 -0.08431857],[-0.51308434 -0.17348356 -0.84062353]
31,174926.85546485012,184067.64872744703,171530.29139494037,4135.184448283996,7308.053567867779,3833.100710877899,3760.2821830067087,1706912.5804110917,1706320.0146629547,46759.38521646573,[-0.72685089  0.05269867  0.6847705 ],[ 0.3818571  -0.79772362  0.46671424],[-0.57085282 -0.60071614 -0.55970277]
4,189689.54022091196,186061.5561909639,185746.56185523776,564.6217069707742,896.6663481824203,1476.8403054102764,581.9384999345999,648401.3167940775,648392.4534935757,3444.760660949884,[ 0.77878351 -0.59468046 -0.19962816],[-0.22615115 -0.56300639  0.79490846],[0.58510846 0.57391546 0.57294776]
14,62011.69568386063,196108.0715952508,95667.89959267387,2475.3729419035094,3870.255390958679,2134.981771039365,3597.192592227883,848932.695292863,848897.8252983048,13312.226684759857,[-0.54254733  0.50054681 -0.6746075 ],[-0.79431562 -0.04439539  0.60588097],[0.27332233 0.86457038 0.42167875]
4,57711.99851246858,147952.9579228906,15144.97326880378,2496.0748911046417,1069.0122325778636,1593.8379829386051,1029.4726514618378,319111.9822181134,319080.625736173,5948.699259303477,[ 0.24159522 -0.19166244  0.95126088],[-0.90041477  0.32120199  0.29339823],[-0.36178031 -0.92741296 -0.09497483]
41,65203.30028672122,76747.57443930645,138456.73749344758,3546.6199861912914,6118.761603391235,3552.1509469837356,4830.45841906884,1097189.2926049747,1096945.0965804905,40017.23449131036,[-0.8966869  -0.03437876  0.44132833],[ 0.22583079 -0.8930083   0.38927706],[-0.38072701 -0.44872517 -0.80851263]
16,103417.43281809826,151769.40991267603,31422.181619331488,2166.182988742961,2857.0409319294877,4771.935066078556,3199.4494874846464,745635.769699872,745445.2748136111,20144.777677748472,[-0.81495909  0.49169068  0.30672781],[ 0.16678092 -0.30789432  0.93668843],[-0.55500073 -0.8145191  -0.16891665]
131,135215.6517880439,114900.70736884636,167955.98221436984,6276.491797830528,10535.001731345434,10111.234039401694,7037.325554844352,2801721.603505778,2798198.2064852603,163183.38400550853,[-0.79968178  0.06857759  0.5964949 ],[ 0.23294909 -0.88020285  0.41349446],[-0.55339296 -0.46961693 -0.6879071 ]
9,174543.5540809856,133368.7500024506,102696.84656960392,2464.7996767184954,2363.2648023741294,1508.5609295571533,2115.884138291818,727526.032545287,727502.0501089044,9231.0398757083,[ 0.59257311 -0.1691542  -0.78755569],[ 0.36152281 -0.81785379  0.44767895],[0.71983218 0.55000186 0.42348505]
7,90121.02245905942,81193.63893722011,182534.8145413953,1883.943450847376,2190.87336746215,3351.870480996544,3529.235324319534,579955.2384264532,579948.8265740698,7053.922316503706,[-0.34840104  0.9081844  -0.23198666],[-0.84235824 -0.19479468  0.50248147],[0.41115606 0.37048094 0.83288328]
3,87218.44299145111,56267.24512984949,2994.8283310450147,2491.048292453971,200.7725225993351,536.118113001635,2065.017856044389,179904.51091339218,179886.0685043608,2596.0833151388583,[-0.1919617   0.24701003  0.9498088 ],[-0.50732427  0.80348957 -0.31149091],[-0.84010284 -0.54165538 -0.02892504]
143,83199.18704213199,83468.99767658394,108650.92424593079,8857.555140253737,10516.435652680815,13649.623032716981,7308.456490318004,1929324.8014634522,1920509.5208500603,212708.10396345283,[ 0.70160777 -0.71247047  0.01150497],[-0.4891229  -0.46979865  0.73487959],[0.51817499 0.52122458 0.67810001]
14,109976.5292832932,85279.79986793021,134544.31888308478,1839.9085493998195,2705.464889217672,2801.2378955401323,2463.420328200286,724403.2681014136,724386.0464737656,13211.720387705256,[-0.02289903 -0.83582004  0.54852574],[ 0.82266412 -0.32751611 -0.46471167],[0.56806634 0.440611   0.69509897]
281,47969.22373800913,73136.44299864433,111782.58089692911,10608.351681068894,6811.642995841984,10557.97198877924,6779.05208788239,2391637.3808951653,2385699.0832062806,249309.03006358613,[ 0.4723732  -0.81687021  0.3310387 ],[ 0.81443343  0.26092997 -0.51827959],[0.33698924 0.51443037 0.78854274]
287,15059.47998675226,46686.68905961553,161886.03847105062,9299.057459942993,11465.20110545031,9412.889494823758,9718.553198575672,2877726.096930202,2873776.4733840204,245377.3839928326,[ 0.84212922 -0.53384266  0.07635708],[-0.53192534 -0.79898401  0.28049951],[0.08873452 0.2768331  0.95681222]
5,4221.955806755874,137384.48631513244,135929.82408840643,1497.864254324101,2418.3627446174078,2221.1452569425055,3077.5069830294196,432331.65392413153,432312.4724719574,4232.42908306834,[ 0.61331314 -0.56496845  0.55195801],[-0.78953718 -0.41918733  0.44823322],[-0.02186382 -0.7106987  -0.7031567 ]
18,191197.24497485708,70888.53331737107,87444.3323640055,2814.973555606644,2398.9027092055176,4950.870539544833,2741.3668962377487,941666.0623312689,941436.2876460294,23420.7040103569,[ 0.2093199  -0.93148441  0.29752643],[-0.46224412  0.17386698  0.86954048],[-0.86169342 -0.31954197 -0.39417937]
39,139147.96829950417,87526.45218949889,79328.43899123785,4215.121023575593,6467.901446558009,6412.9212065771635,3631.5160769057766,1141166.2137041453,1140557.5409923934,58101.76425948019,[-0.64475124  0.50430583  0.57443144],[ 0.05627679 -0.71813096  0.69362875],[-0.76231802 -0.47954516 -0.43463511]
72,42763.28057748859,104212.31403905236,7531.768379326182,5194.676237364082,4535.173353093615,5274.546543376281,4150.912779620783,960009.0715968324,959381.6769079769,64762.31738623804,[ 0.57645137 -0.29163835  0.76331572],[-0.7241453   0.25045638  0.64256142],[-0.37857285 -0.92315691 -0.06681262]
5,21665.35554443461,123721.50612950601,199577.34872495048,1309.2536981621527,2103.6707946665665,2024.1306101333953,2433.5122388694626,527335.9599066387,527326.0084311243,4647.727218997964,[ 0.75390365  0.51861257 -0.40332405],[ 0.65053367 -0.67509528  0.34792571],[0.09184352 0.52467834 0.84633174]
80,177928.4169217396,126589.55174489936,178615.59957999707,9371.40584742058,6319.440305121403,4258.355912410155,8223.012798403466,2525164.545325071,2524782.839279793,79204.49524964512,[-0.59252537  0.80530702  0.01985683],[-0.50064344 -0.38744878  0.77410567],[-0.63108623 -0.44873605 -0.63274491]
21,197748.2535818881,115379.0744889232,116520.24215915817,3070.337384062057,1386.2412760624911,1784.367872627337,2171.284986436048,1177327.7474778646,1177300.9697264654,14362.741099578709,[-0.16575547  0.82686412 -0.53742056],[-0.61637293  0.33853529  0.71096995],[0.76981136 0.44909864 0.45354258]
7,177220.4455889944,3643.79415386727,202010.16400912305,2369.0967564977427,1156.0545255121306,1091.7369825632572,1748.555388799734,711088.5837334365,711076.652165955,5964.351997503602,[ 0.06170076 -0.99744005 -0.03614367],[ 0.74922175  0.07021105 -0.65858726],[0.65943899 0.01355571 0.75163585]
9,188217.15225443683,88336.03835952883,95352.89665636721,1041.2211472536246,1575.9637151544093,3581.565268678328,1508.5082880462057,686304.4735623279,686246.8671914148,11260.987911370838,[-0.37786013  0.91975025 -0.10621299],[-0.42449429 -0.07014952  0.90270906],[0.82281609 0.38618457 0.41693544]
159,33784.56027178301,14406.867112153326,119917.62734978097,11935.881690856062,12045.849394658644,9173.464738665894,11525.851487368865,1598844.0162881475,1588741.4032650553,199219.84906304182,[ 0.70829131 -0.69656107 -0.11456918],[-0.65124744 -0.70739814  0.27470827],[0.27239711 0.1199606  0.95467757]
42,51885.924732738255,167814.47251146677,21586.50489878537,5910.184423829919,9798.645641764393,4799.361084362773,11256.217370688359,1149617.4321847234,1149370.2436115632,33572.32058474523,[-0.74981921  0.14891706  0.64466647],[ 0.59278636 -0.28159586  0.75452509],[-0.29389707 -0.9479069  -0.12286998]
17,10077.905744233307,199993.04431277388,68421.32198995109,3502.042471592154,2869.428122952971,3754.0649306196374,3556.4104108080824,872754.8837206805,872714.3290057577,19326.64276718433,[-0.32843712 -0.29105409  0.89856362],[-0.94332862  0.14896318 -0.29654861],[-0.04754121 -0.94503835 -0.32348469]
2,56520.26116063462,169273.87565268745,108787.80602539456,928.6767728028608,1341.801469132959,899.1933643770681,367.5451716364478,295589.04939257866,295577.76218808,2583.1416327999436,[ 0.78107158  0.13151225 -0.61043567],[ 0.56285146 -0.57161603  0.59703714],[0.27041712 0.80991336 0.52049489]
74,95917.61029126785,9230.573863438274,7783.862820840212,6518.084052056179,7311.208949399824,4219.255231910753,6296.337308295514,836007.9179968957,834083.8272505013,73713.50577514016,[-0.05590073 -0.24109112  0.96889121],[ 0.1107132  -0.96592094 -0.23396436],[0.99227904 0.09419027 0.08068765]
12,76506.75262961346,153788.43692988096,164475.6791608368,2278.8465870891296,1928.188923344314,7052.777770691144,6176.128592762437,824214.6380610457,824127.8295671464,15658.54479284135,[-0.92677772  0.36463068  0.09015278],[-0.19401527 -0.67023686  0.71633835],[-0.32162266 -0.64639541 -0.69190451]
14,178977.5049983974,52365.245249292384,161597.2983980158,2487.188290292873,4614.167062731429,3427.7222055994444,2804.556655092377,923552.4048920174,923360.6024077684,20965.79876226389,[-0.67818563  0.38351624  0.62688081],[-0.11819517 -0.89884373  0.42203063],[-0.72532349 -0.21212082 -0.65491266]
60,129608.25626001979,79931.61273924992,155866.5524213582,7456.712834579995,4632.3108850500785,5700.229486087547,6137.393274864319,1689493.3647723622,1688879.7430185492,65216.552781254555,[-0.60901692 -0.37528205  0.69875731],[ 5.24288613e-01 -8.51540547e-01 -3.82459135e-04],[-0.59516371 -0.36611758 -0.7153587 ]
35,10179.183433654101,111208.08706660807,168579.0178076964,4321.0599229721365,3949.001885065266,2580.8222869423803,3103.270671358105,1196792.8657963471,1196551.307434687,33142.99025079356,[-0.53318146 -0.6910224   0.48806308],[-0.84450985  0.46897714 -0.25857988],[-0.05020594 -0.55004408 -0.83362514]
93,198240.27855134977,179130.7748015412,160570.3861028404,3628.871467051447,10401.794773238313,9808.624012324113,10045.299346091037,3008847.674462315,3008334.167364775,104067.23728456987,[-0.11240134 -0.59155055  0.79839457],[-0.76398126  0.56521711  0.31122703],[-0.63537279 -0.57497615 -0.51546469]
52,41406.4148560613,49697.74427755238,100590.36140041682,4526.245713405423,3671.3673808079457,4577.27144892899,3468.9661034335772,863769.7366553365,863065.9120348283,47110.0557061038,[ 0.56551849 -0.80777579  0.16639441],[-0.74866398 -0.41816672  0.5144306 ],[-0.34596398 -0.41549352 -0.84123365]
178,84659.91370404267,40222.7553123303,190700.71729481898,6999.672744171924,18087.9824548116,8860.546360863407,9452.173233330343,2848062.521155455,2839089.9701856407,253106.20337108648,[ 0.81894679  0.36712704 -0.4410713 ],[ 0.41425505 -0.91008636  0.01164333],[0.39713839 0.19225128 0.89739654]
128,185980.79768558886,129889.08596500935,145831.42977410718,11387.158765093083,5142.914485408673,12295.68582016409,14151.616293699502,3056875.6082311226,3055950.7471960527,115827.48474493388,[-0.71514283  0.33571739  0.61307795],[ 0.11286839 -0.81013112  0.57528106],[-0.68980538 -0.48060524 -0.54146758]
2,44546.59595048068,115915.93607915059,111218.39714730048,668.8067823797646,109.2795347881547,464.3783617563895,412.5417300849076,235758.81830246563,235756.6775671754,1004.6839612097742,[ 0.55714331  0.45340646 -0.69571109],[-0.78624492  0.55761718 -0.26623675],[0.26722699 0.69533133 0.66716121]
42,22568.29186091275,23001.1123784716,196229.95160088746,4162.6926497735785,4487.404995284181,3243.5816297749057,3453.895348700949,1289332.4153575618,1289139.6869816822,38932.05500802557,[-0.83172864 -0.53217153  0.15818002],[ 0.54341918 -0.838703    0.03567731],[-0.11367961 -0.1156319  -0.98676553]
121,178873.1078167831,138718.21548688642,19228.82698823663,4929.782674557853,7489.478602284299,5451.265735659793,6424.484831020627,2501117.571696029,2500367.6940395324,91512.52981767205,[-0.44681017  0.47070574  0.76078694],[ 0.42503849 -0.63659834  0.64349424],[-0.78721214 -0.61088351 -0.08437055]
23,90806.00160716628,3363.741427738941,105817.3965814107,5901.430846386597,2847.8268393081244,5354.989182205919,7623.029595388098,670092.77178824,669967.9356268329,17710.934040013195,[-0.60125905 -0.59319565  0.5353564 ],[ 0.46291033 -0.8046911  -0.37173411],[-0.65130759 -0.02431351 -0.7584242 ]
221,194802.6243560784,130916.06604230114,35091.91694533199,7453.473055514897,9326.408029337048,9051.461197047342,9929.025323646854,3533755.5979044284,3532172.640110814,168308.83415707122,[-0.54245967  0.83373338 -0.10308328],[-0.17984693  0.00460777  0.98368382],[-0.82060501 -0.55214801 -0.14744486]
16,168960.4348110889,14965.09850881332,39943.53646169494,2347.4213096303597,3842.596002218761,2270.664683745723,2426.3118330125703,697307.9477115022,697143.8835169572,17665.016826956125,[-0.24476966  0.35196389  0.90344299],[-0.00315237 -0.93207073  0.36226263],[-0.96957613 -0.08582291 -0.22925216]
95,143361.79514080798,131403.40246639398,199615.98473422677,8049.928432878917,9441.270989069539,3819.97935521056,8012.5795805086755,2718634.255658211,2718024.8477781503,99647.41587193306,[-0.4994544  -0.51377166  0.69755572],[-0.6970286   0.71647165  0.02862686],[-0.51448657 -0.47191848 -0.71595846]
11,135498.374381898,181467.45997382238,51628.04001311777,2541.630351160429,2603.5718723803243,3927.291962122845,1807.833826409311,770561.0662992041,770462.7969344129,16695.922032397022,[-0.73051933  0.38496299  0.56404344],[ 0.35506344 -0.49142165  0.79525764],[-0.58332792 -0.78122228 -0.22230673]
8,167018.34925196372,148836.5883307407,181180.3561615608,2226.6521381187504,3331.396508630738,1817.8541547171133,1598.883908720449,814326.2587406937,814265.4593308328,11608.877236558337,[ 0.60902379  0.23772186 -0.75668906],[ 0.54083659 -0.82230239  0.17695921],[0.58016015 0.5170175  0.6293704 ]
2,104296.61681261024,14260.50293473581,108271.68885201376,1338.214799602305,149.77776931089102,866.2572900033629,289.00051135985996,213571.85434086525,213560.24147223769,2227.1571375454137,[-0.01624544 -0.98916126  0.14593179],[ 0.72298136 -0.11243918 -0.68165635],[0.69067651 0.09443216 0.71697177]
45,195466.70182918376,23766.244252379503,154837.927159033,4424.307938540833,4821.875136579537,5883.817431490556,3322.900206682648,1681215.9735204207,1680684.7284385026,54755.29027330206,[ 0.39484621 -0.84118323 -0.36946887],[-0.48498605 -0.5323833   0.69379864],[-0.78031084 -0.09475652 -0.61817166]
2,106047.25101946783,138297.6536674006,167998.42241965947,577.6906864275443,447.3603197499033,147.86027580691734,611.2867161010945,342334.0068255991,342333.4750443194,603.4014830397526,[-0.52968532  0.78785017 -0.31420627],[-0.72629543 -0.22995826  0.64777631],[0.43809635 0.57132418 0.69401749]
67,162801.43664785934,54198.06713646545,190782.18906560144,8299.658840966225,4064.0823606573936,4154.590557065746,6703.436306130118,2101699.7372835064,2101248.4436864755,62240.18572295656,[-0.16499965 -0.90273854  0.39728861],[-0.75486638  0.3748362   0.53821424],[-0.63478489 -0.21109466 -0.74329482]
54,172765.29507299667,11940.514809846512,95374.99228431027,6159.725398144811,3404.727061574155,4348.223976831709,6697.289606179287,1453914.3035405856,1453832.4635876375,35661.76497885787,[ 0.34508753  0.62210228 -0.70278257],[ 0.34243599 -0.78061602 -0.52285392],[0.87387195 0.06022767 0.48241107]
158,67674.1246778512,81097.04286171893,29533.349173285045,7612.706397754534,4387.877339958022,13031.607970915897,7595.933039044505,1390490.8344824472,1384061.6044986455,173351.39535157874,[-0.74515489  0.65974696 -0.09735568],[-0.25214093 -0.14356479  0.95698177],[-0.61738897 -0.737647   -0.27332722]
5,50817.75981491902,165962.51939501852,191653.563944616,2885.9151422216837,960.0959549129827,3645.2509882972504,3190.1651291354833,578267.7718033978,578222.0063702946,7873.257714928189,[-0.72630957 -0.41253091  0.54981147],[ 0.65864336 -0.64650171  0.3849993 ],[-0.19662994 -0.64175835 -0.74127113]
37,26629.179234177675,58933.70594271552,200756.64578123533,3711.420608633215,4098.564794562172,2615.265242909946,2678.040289023774,1283367.8451168125,1283176.3905643995,33507.482428017254,[-0.78347518 -0.56043384  0.26847822],[ 0.60845582 -0.77963617  0.14815181],[-0.12628604 -0.2794304  -0.95182482]
22,5609.408327298775,177090.02645264167,189192.89974855309,2368.4078242261153,3977.124337024716,4827.414410114385,5641.118310156822,1216129.067281851,1216105.6406503278,16803.352959707274,[ 0.98621461 -0.13446964  0.09642958],[-0.16403167 -0.71776714  0.676686  ],[0.02177974 0.68317512 0.72992972]
25,42593.93518180446,34274.66744451992,70686.21357411676,2442.5679528486567,3032.699056817178,5497.1627566032,4894.942916033149,447849.3127825493,447707.0109765847,23138.322700816163,[-0.86243106  0.379671    0.33475751],[-0.17252064 -0.84223076  0.51076802],[-0.47586688 -0.38274963 -0.79186706]
10,37541.8603145067,143544.6586347082,181122.26478219836,2280.607244996879,2928.9297601808053,2531.2209835568824,3278.1126033477344,740526.4217442845,740489.4993881509,9713.883466229323,[-0.21662869 -0.74274406  0.63356395],[-0.96301629  0.26908876 -0.0138153 ],[-0.16022371 -0.61312519 -0.77356697]
5,183288.88295037454,54613.98067054292,28033.069501051308,1602.5076718281925,820.8382308144696,898.6615116776352,1682.294261099113,432243.1644855206,432242.7720257523,2464.0636861723538,[-0.00269813 -0.44951549  0.89326846],[ 0.31757813 -0.84741375 -0.42548098],[0.94822827 0.28253453 0.14504272]
47,172732.25357288826,145567.65523722683,117324.41066282034,8628.199067461512,3502.445948621063,3054.244142280706,4315.091488365038,1746218.5585309588,1745420.6200808778,60384.16466586288,[ 0.00319345 -0.6297932   0.77675629],[-0.73419446  0.52589323  0.42941215],[-0.67893173 -0.57166147 -0.46071127]
2,81948.06226384864,112616.35325359015,20566.135506620212,56.20976331760903,1461.5364247372127,544.3598733897015,1281.3067912572878,199114.6877281722,199110.7015567252,1259.918519673583,[ 0.24910517 -0.34642952  0.9043966 ],[ 0.77407372 -0.489989   -0.4008998 ],[0.58202791 0.79993586 0.14610319]
122,191948.60220862765,29411.825514666758,121785.11571209563,5302.122043249423,4874.614917912152,6824.670320214853,5364.662715603825,2533544.7970538163,2533125.6821272327,91843.83706863111,[ 0.02711175 -0.98068364  0.19371256],[-0.54600197  0.14779577  0.82464432],[-0.83734509 -0.12812499 -0.5314482 ]
15,202164.83179642766,28999.00596076296,3429.933087180427,1663.322103481001,5167.132593105489,2048.9222995920777,1427.1615116926112,791388.703647147,791163.2719657505,21778.34678420183,[-0.03001672  0.09120442  0.9953797 ],[-0.13975301  0.98566396 -0.09452859],[-0.98973132 -0.14194475 -0.01684031]
70,139372.87478173416,152407.16490275756,21145.41428285726,6798.32993258819,9357.575833755165,5055.389120020682,10205.67520508633,1739687.1407732158,1739526.7653663494,61843.083429893326,[-0.67916601  0.55420202  0.48124178],[ 0.29728172 -0.39176968  0.87071241],[-0.67108651 -0.73442266 -0.10132252]
11,162108.15673183638,141814.87152008768,36503.38669975512,2708.552683159318,2696.344072260015,1463.7878827881755,3126.834732727467,724655.4885639724,724618.7236812571,8764.687984079499,[ 0.40718175 -0.23851992 -0.88165258],[-0.53248745  0.72227937 -0.44132712],[0.74206478 0.64916928 0.16709012]
45,148008.30297492235,107245.14410157413,105146.45112430367,7159.958671241095,5375.567316458587,3459.1736385977492,7722.980106165816,1415895.2080995638,1415571.6832185127,37775.556517591416,[ 0.48877577 -0.85312104  0.18243557],[-0.51780439 -0.11539165  0.84768118],[-0.70212311 -0.50879196 -0.49815046]
10,103262.13417118757,126147.55146821188,199623.27667031588,4110.556313680737,2410.4182694581755,3094.3796837428267,917.7312256695919,815198.9503136228,815043.5968103226,17741.47343309034,[ 0.57379774 -0.7930944   0.20434635],[-0.71429051 -0.362544    0.59862419],[-0.40068094 -0.48945187 -0.77452673]
