N,MEAN_X,MEAN_Y,MEAN_Z,SIGMA_X,SIGMA_Y,SIGMA_Z,SIGMA_R,LAMBDA_1,LAMBDA_2,LAMBDA_3,EIGEN_1,EIGEN_2,EIGEN_3
244,163517.73406820864,150625.37038452295,146140.50124047906,7143.872210547419,7292.930177947876,9707.81554998758,9062.529376600522,4160323.639460251,4159632.6355422838,167825.39008985535,[-0.66705705  0.74470417 -0.02122713],[-0.4212761  -0.35354526  0.83518393],[-0.6144602  -0.56605781 -0.54956093]
866,17092.02945677794,146490.71570664877,26783.61214140052,11989.759454804527,12051.179723417627,10532.975259680488,12361.645216455134,4443212.7903293045,4433153.876000158,462646.7519666184,[-0.52454885 -0.09490286  0.84607444],[ 0.84378185 -0.19042338  0.501768  ],[0.11349313 0.97710408 0.17996367]
712,189090.29766416474,153158.7931825966,40594.24754282353,11667.596971667464,23899.316062959828,18159.689571536834,15861.583968767509,6625388.949966851,6609333.863601835,750533.368594394,[ 0.12375329 -0.39494068  0.91033345],[-0.63321906  0.67489553  0.37887946],[-0.76401488 -0.62332807 -0.16656342]
1442,107534.85172760635,24482.371784851053,78621.94958366042,18988.954648808645,17064.075418774064,23997.29048187207,20349.794720953632,5264981.810293673,5252934.952394056,1064327.5627087273,[ 0.27608905 -0.95650205 -0.09422671],[ 0.54532409  0.23662148 -0.80413426],[0.79145213 0.17062857 0.58693221]
76,139036.28171839163,40002.9565455588,10043.749413144213,5270.755867585653,4259.427607686922,6173.052128918835,4904.679724383961,1266365.4462848415,1265481.4171927748,67397.97105685066,[-0.28035707  0.87962689  0.38426093],[ 0.0456281  -0.38765053  0.92067646],[-0.95881072 -0.27565124 -0.06854487]
675,140506.4629774467,15193.74892233817,173466.85430038857,19585.408833389265,8054.139299268543,13610.111559846366,16631.00228567035,5845910.801923603,5833122.325044433,491369.9581736417,[ 0.05210504 -0.99765758  0.04432165],[-0.77520796 -0.01242852  0.63158384],[-0.62955356 -0.0672672  -0.77403969]
197,12412.192977018012,109357.85738354475,162648.52170310286,6106.261431824723,13108.444445187237,11644.740988207071,9257.188920847886,2767487.5091099543,2760823.4626396694,224448.34610073533,[-0.97978127 -0.12393477  0.15706317],[ 0.19010215 -0.82140422  0.53773254],[-0.0623686  -0.55671832 -0.82835673]
115,184593.79171452275,18945.986125130556,88490.68203918399,13709.277570978491,9789.907083178494,5712.396323140875,11861.71867052966,2211501.0264230208,2209721.2924350435,141377.40852117093,[-0.36068333  0.7132765   0.60095271],[-0.24959147 -0.69463831  0.67467156],[-0.89867215 -0.09335011 -0.42857219]
14,200682.94631632607,202621.3553289732,32819.90269054524,2098.9445586892452,1676.383133746937,6368.175689741846,2586.9915917286557,1074399.1681105352,1074153.130129248,23932.29720855202,[-0.70070161  0.70812166 -0.08706874],[-0.14248692 -0.0193143   0.98960822],[-0.69908135 -0.70582623 -0.11443163]
504,92851.81015364453,178829.43559933902,26687.262945446586,12192.027059140619,12532.348693574326,12785.762279859518,14213.3508679446,4584692.484745076,4578444.214521603,368133.9731090924,[ 0.79568199 -0.47039844  0.38159597],[-0.39691709  0.07096406  0.91510706],[0.45754453 0.87959616 0.13024436]
1146,93061.65444392047,76239.67712647755,157786.32709983096,20323.425085545292,20873.857643581287,13591.211708194976,19892.27557497766,6782694.341042361,6773203.234965239,849924.891248389,[-0.25602287 -0.79922573  0.54377433],[-0.84463288  0.45854469  0.27628259],[-0.47015699 -0.38855501 -0.79245026]
150,85393.64506641803,188255.497601976,105900.24659927575,5175.5366297407445,6778.940920357586,8996.82951919649,8812.04681811087,2848075.8409950547,2847345.3976881225,106366.84592198643,[-0.9067368   0.42131792 -0.01787685],[-0.20678772 -0.40729136  0.88958   ],[-0.36751491 -0.81031164 -0.45642944]
328,110899.68617551062,100142.33377720557,55053.814322110695,7517.6071555699355,11970.578715675587,17032.582160948055,14467.15724051793,2910281.8761022585,2897659.504261807,300268.7893291742,[ 0.45219667 -0.75860037  0.4690881 ],[ 0.56184192 -0.16619517 -0.8103782 ],[0.69271338 0.63000368 0.35106059]
730,119404.69660378354,160760.08209002524,91983.83896499538,15095.741088925372,13132.338240305842,14789.432653685672,15724.496214249648,5982135.386870736,5979535.706468343,513831.3048216806,[-0.75026218  0.19640544  0.63129357],[ 0.37792343 -0.65607026  0.65325776],[-0.54247631 -0.72869522 -0.41799848]
124,129458.02987946762,171391.64581000438,157374.03186715228,8068.191309993182,9359.816234562313,7930.135328375871,5549.752428568743,2968141.8380089854,2967164.8065225757,151647.22063491933,[-0.86994286  0.2930613   0.39662892],[ 0.08219513 -0.70685697  0.70256472],[-0.48625444 -0.64379213 -0.59083696]
37,160094.2929931344,176598.45071303978,147508.20817486345,7093.3786129633845,4966.966004813628,5482.92117483254,4328.831754795118,1705966.7261007957,1705542.2376706686,56488.91667360976,[ 0.54883028 -0.76977699  0.32592746],[-0.61026766 -0.10250467  0.7855356 ],[-0.57127814 -0.63002871 -0.52602767]
1866,24265.776946316288,39214.660884695295,36546.68053484639,13853.436085413075,18580.51457010728,25110.34533218835,17956.526941851767,2877503.166020259,2701424.2522885175,1304336.433245399,[-0.90151349  0.40102789  0.16263475],[-0.15510239 -0.6502741   0.74369808],[-0.40400084 -0.64522882 -0.64843126]
716,18171.39981714674,112168.11562608684,88583.96145720451,11180.518461017693,14902.759851629735,16728.352502305897,13992.647772664583,3902144.748744777,3883789.29480112,560455.6648834911,[-0.9663396   0.23607346 -0.10225998],[-0.22484786 -0.58181212  0.7816253 ],[-0.12502489 -0.77830841 -0.6153087 ]
24,85179.61322661059,12047.52870546317,132194.15355842098,3496.3345836667672,3312.5358600938043,3118.4016694504858,3152.1775267378034,773015.4785597543,772997.4143668914,23462.418506878526,[ 0.82050328 -0.26915361 -0.5043121 ],[-0.18719604 -0.96008391  0.20783775],[0.54012222 0.07612633 0.83813649]
6,140739.81255188806,86800.89486298361,104979.24184668982,1903.188241021768,2611.1002807955783,1039.8353111306806,1984.5203458976916,479831.8324496789,479798.7488332821,6753.130822854016,[ 0.63201528 -0.09458441 -0.76916219],[ 0.2901977  -0.89142084  0.3480721 ],[0.7185694  0.44319598 0.53594341]
198,190311.41688212505,98600.33003580768,36965.57987131375,8109.075224336617,7394.564998761642,9476.43692963567,7711.479016285354,3065840.8618562254,3063926.8865925386,172525.0019055171,[ 0.25975584 -0.73660426  0.62445261],[-0.40857763  0.5020851   0.76221708],[-0.8749807  -0.45312771 -0.17054048]
96,52224.92028371434,169220.23438922563,85487.79502769998,3829.314871753678,7253.930505542617,5035.26803646089,6209.975904508961,1928614.4613999317,1928178.987777657,72168.20902459277,[-0.84568423 -0.00888822  0.53360957],[ 0.46316135 -0.50896743  0.72555752],[-0.26514098 -0.86073989 -0.43454241]
4,43021.26151849127,130845.9759485097,142476.299859715,1469.667617325547,743.6656915968929,951.3324204894061,974.2234315267739,396352.11117750657,396347.3834885017,3264.141032964052,[ 0.31963606  0.64783839 -0.69147539],[-0.92232885  0.37994154 -0.07038406],[0.21712273 0.66026499 0.71896305]
4,197144.4680951029,8224.7466606879,169412.4031148124,857.4065662383007,1980.998450834755,1742.1606986567947,1732.0558820968342,520159.84057992685,520143.9409086088,4333.437473473306,[ 0.63220585 -0.28102469 -0.72203939],[-0.16026244 -0.95918056  0.23299915],[0.75804466 0.03158763 0.65143727]
177,85388.05767609976,38315.347145326465,190715.40394850876,6455.508964380545,18305.87713210475,7346.725566333486,8328.725327927816,2838851.8304529767,2829525.5466100983,252510.01212191483,[-0.84617787 -0.30140707  0.43947332],[ 0.3509211  -0.93579209  0.03387536],[-0.40104539 -0.18288504 -0.89761666]
108,143429.16804989675,55097.45800953651,181156.40793253735,5578.19716143161,9485.624117832895,9373.76038901494,7732.041002389351,2472418.844810105,2470622.1899994006,127166.91707477772,[-0.39088396 -0.74750899  0.53706613],[-0.69536924  0.62211051  0.35977788],[-0.60305169 -0.23282787 -0.76296779]
4,149100.0807441291,98692.79419628307,195478.78261755063,934.2159882726796,2337.7666826436507,720.3573654454917,1174.1192135625038,529866.7348011422,529847.7345840161,4682.455377041114,[ 0.72754477  0.20043603 -0.65612804],[ 0.3923399  -0.90610603  0.15824434],[0.5628037  0.37255505 0.73787175]
30,201159.33102484464,87892.83732332868,137743.53503962897,2466.1647194895936,2372.112363246902,4857.18325124203,3738.9446009075823,1419779.952258198,1419687.749476707,25301.648329506548,[-0.38074445  0.92407053 -0.03357572],[-0.50264546 -0.17635437  0.84631358],[0.77613221 0.33910588 0.5316258 ]
5,150299.25799561897,39726.04309456349,141523.56554510165,978.2337384047063,1436.0172173841029,1540.8995004848473,1047.9906267110412,470112.02682413807,470102.76974187605,4631.768756487762,[ 0.19586035  0.87010965 -0.45226974],[-0.67122528  0.45518348  0.58503386],[0.71490932 0.18898995 0.67319199]
1094,173187.24984843557,100419.38965378974,69825.67801826699,11783.023745198863,23300.04978661417,18859.98256125346,18838.71123065687,7076576.758806186,7057525.2120969985,861139.8637154157,[-0.16765953 -0.35621666  0.9192388 ],[-0.55695491  0.80360159  0.20982304],[-0.81344423 -0.47679573 -0.33312809]
133,87373.09690153497,87954.40016345173,104504.17442626215,8024.778261945295,6487.889096083818,10409.714926537481,4635.898791930412,1876056.6785278511,1872308.0397286431,159600.53777536296,[ 0.57740984 -0.7948928   0.18639555],[ 0.61376968  0.27205343 -0.74113003],[0.53840937 0.54233971 0.64496743]
282,46906.156248719984,72875.32093931317,114678.5236059878,9440.795931192333,7375.04650663361,9907.376711016306,6682.696876050471,2424003.79124605,2420470.002177829,235151.42619038082,[ 0.4711456  -0.81898965  0.32753287],[ 0.8199773   0.26983031 -0.50480574],[0.32505238 0.50640652 0.79868228]
496,161690.9122910636,176912.6210002344,193208.04208411276,15232.560798613402,16554.70292209407,8955.115195330776,19443.204329466607,6874638.36589959,6872543.606864545,319824.5606745546,[-0.26712463 -0.58770455  0.76370661],[-0.80771651  0.56878135  0.15518317],[-0.52558393 -0.5754052  -0.62663418]
1275,59053.73471273065,172885.1706031539,142014.30795246386,21929.86260348854,16548.64397175589,19741.004874225662,18418.684497696428,8334268.16851793,8305175.412210629,1010656.8128552784,[ 0.45939562 -0.65235595  0.6028162 ],[-0.8509259  -0.12860795  0.50929864],[-0.25471705 -0.74692149 -0.61418851]
17,81267.5190496587,18366.87563075538,53669.291438159,3233.187400928203,4000.9058321741886,5988.2722431102775,2871.345452359232,409846.62832164724,408872.7767976154,30341.321603245324,[ 0.41113283 -0.84926424 -0.33124016],[-0.39867832 -0.49429467  0.77248196],[0.81977155 0.18553443 0.54180401]
466,163677.6508526128,193980.77565290293,14634.303627605488,13024.748495624295,7441.551519795903,10296.855185463526,10707.432621445168,5498812.518565644,5496218.390347684,318131.15790212085,[-0.49636875  0.35922378  0.79030142],[-0.58159386  0.53825462 -0.60994307],[-0.64448945 -0.76239113 -0.05825043]
65,8236.673554930465,106029.26676347514,48914.44872369766,4599.097314763767,7044.779662001924,7098.7364814590865,4747.2723091808275,947260.4258953693,945192.2830718259,80056.07966359355,[-0.97561238 -0.02483331  0.21809123],[ 0.20803334 -0.42155281  0.88261847],[-0.07001863 -0.90646375 -0.41643829]
2,30572.677408481322,42038.858749955725,88571.23144498272,585.6041655093959,800.091743904246,161.82468338441686,292.73442547383456,145243.42707928625,145237.06825088212,1359.086319755517,[ 0.64909346  0.5756642  -0.49728101],[-0.70004713  0.7078357  -0.09435377],[0.29767716 0.40936456 0.8624436 ]
45,30734.753959971506,174355.46755673562,103996.19885504212,4880.902371109931,6932.02719875374,3442.2975453081194,5756.061944205343,1378394.3333157604,1378271.784151154,47968.48760452491,[ 0.44023961 -0.5154855   0.73516242],[-0.88537043 -0.1130254   0.45093732],[-0.14935962 -0.84941154 -0.50615387]
76,90308.5399383823,91224.71471729483,12833.64900004371,4050.6025444814627,8596.169716672452,7508.110365390163,5854.133112116463,1128524.3613446371,1126878.7657824403,92186.97374844499,[-0.57646309  0.47613722  0.66406599],[ 0.42328031 -0.52114805  0.74110626],[-0.69894498 -0.70830647 -0.09888311]
34,165863.28496175262,126854.19567464273,177171.42053632461,4609.642286447616,4044.597082575254,3954.8713013530296,4724.269920074181,1597284.5497582979,1597099.6545347034,32465.40578465341,[ 0.03528718 -0.82786408  0.55981772],[-0.79494547  0.31622675  0.51774737],[-0.60565379 -0.46329441 -0.64694805]
42,143717.9905941032,69760.97388206658,41766.158002921344,6083.112768131054,2766.2347173593844,6569.668086169238,6509.76292704233,1071652.454507818,1071141.2030985507,43896.70454677543,[-0.49122826  0.77832341  0.39103384],[-0.03250359 -0.46499932  0.88471416],[-0.87042422 -0.42188659 -0.25371911]
40,91056.86345095153,109212.64020875511,36718.25239579044,3219.8511022412545,3404.5408396259795,5210.902753171712,3092.7451327706185,929674.9558380697,929206.0678907165,39600.06805796931,[-0.78450702  0.59053199  0.18926357],[-0.00682968 -0.31341418  0.94959197],[-0.62008233 -0.74366896 -0.24990877]
22,177393.9043146984,49537.71611259019,102132.98050612073,2742.368104073986,5264.30164836077,5771.891150734891,2917.3042224157944,988555.5101295986,987934.3098650082,36386.378731800025,[-0.15925256 -0.75101196  0.64079611],[-0.51522773  0.61689908  0.59495875],[-0.84212767 -0.23540722 -0.48518495]
447,11077.457077971583,48032.482100592635,152142.3916228224,8433.957984284918,14159.542613852742,13567.027466883768,13260.163060982879,3407101.9341061134,3397440.1047226996,349861.2844692656,[-0.9711654   0.23836054 -0.00469269],[-0.22816312 -0.92354954  0.30821719],[-0.06913289 -0.30040057 -0.95130444]
607,170146.56509823806,89710.96483216858,127554.03413746775,17215.340902839973,20484.62790658542,14950.465719877067,19165.05405924127,5728086.223742056,5712875.221569261,599937.7918270204,[-0.66567134  0.28237279  0.69075848],[ 0.11296426 -0.87684914  0.46730575],[-0.7376454  -0.38910307 -0.55179531]
39,15054.480284640584,155106.243786242,89795.01096139367,5727.918353381972,4729.018063920681,2492.3534177126057,3985.8587094440973,1124181.6890983207,1123555.2587955564,41831.833727750745,[-0.41814038 -0.42431242  0.80319212],[-0.90453821  0.27574968 -0.32522721],[-0.08348203 -0.8625086  -0.49910888]
33,67160.46844073308,63119.92970431768,120280.17720239029,3562.5291752261837,4375.81865480495,3905.1685691633074,2628.219734030857,871155.7860361384,870835.5068725015,36488.2790917092,[-0.8824044   0.35846547  0.30473757],[-0.15767427 -0.83555118  0.5263013 ],[-0.44328468 -0.41636131 -0.79381481]
69,146776.5290448642,136290.05705726866,199903.06290961074,5267.260126781334,7025.1620050927695,2659.4942792223696,5035.282598310933,2351655.721553147,2351224.6735480693,63664.19092619606,[-0.65222982 -0.31113838  0.69122295],[ 0.55277213 -0.81919518  0.15284708],[-0.51868991 -0.48178021 -0.70629215]
434,118397.55818355983,117505.94685401653,114368.42628181221,11419.513118775316,15028.601932717369,11112.02377863283,15018.919270349186,4235579.251922404,4227587.889084635,331646.7107029437,[-0.77334579  0.60984835  0.17326649],[-0.24282632 -0.5373838   0.80762246],[-0.58563782 -0.58249776 -0.56367073]
58,196073.18211584506,130615.206019021,156870.30228191678,5126.133242557727,4261.990680445887,6361.055671331743,5761.2344826118215,2156626.436287655,2156143.3163034725,54791.34867339203,[-0.70783256  0.58200157  0.40030892],[-0.13792978 -0.66967296  0.72973523],[-0.69278311 -0.46131584 -0.55429167]
300,194447.37050697446,39444.49985696614,141692.45660920962,8065.191553953544,12043.42771708273,16385.70621789964,14806.251066329267,4236122.164940372,4234391.871031414,278898.9465452119,[-0.4013712  -0.57932834  0.70942218],[-0.45264543  0.79881731  0.39623608],[-0.7962495  -0.16207895 -0.58285259]
105,147334.99362082154,197205.03799093066,168130.4009937735,8598.951681441979,4653.445624672814,8437.137153569349,6692.3328221654865,3056779.9700338454,3056149.323603603,113031.48271235912,[-0.24271184 -0.51832388  0.8200191 ],[-0.83471946  0.5422935   0.09571408],[-0.49430192 -0.66125496 -0.56427608]
435,101292.2842448136,173611.28903086192,188574.95664017266,9454.054397927599,14334.89312851135,11455.621317277364,12196.580834683391,5761747.565045878,5756591.336641384,348067.37275913084,[-0.79436274 -0.17031931  0.58307733],[ 0.4839758  -0.75753627  0.43807103],[-0.36709027 -0.63018262 -0.68418901]
6,99150.63535569132,31891.35231585916,168616.92397809096,2583.3485186151884,1518.5190381317977,2164.3485993300606,1485.428524843997,485535.41588244325,485495.18838704284,8284.724528740027,[ 0.23511579 -0.9709089   0.04534833],[-0.83333551 -0.17734767  0.52354534],[-0.50027241 -0.16088416 -0.85079011]
3,68097.95630605536,141772.49992387564,184030.24049166488,1625.709302794337,2706.153413950468,635.7621905083412,1807.4362222342327,419333.9877660469,419312.97121441993,4612.812378570479,[ 0.85809222 -0.50814304  0.07394852],[-0.42957543 -0.63147496  0.64552639],[0.2813231  0.58568765 0.76014952]
44,154202.39853495994,107422.28436188569,104584.46618492271,5313.290796859124,4994.344449356817,5289.184422202773,4650.074162608474,1427658.7899348652,1427177.4878833343,51085.170203952985,[ 0.06619695 -0.74319308  0.66579427],[-0.69401785  0.44512015  0.56586861],[-0.71690808 -0.49953188 -0.48632367]
9,165649.84505745265,72813.67131864231,185569.092829069,1537.5405979888642,2584.509379487935,995.886598268632,1353.3838450999283,777603.6409387686,777583.4774780843,8589.199280095387,[ 0.72343331  0.09642045 -0.68362808],[ 0.26110705 -0.95486272  0.14163438],[0.63911451 0.28096314 0.71595555]
88,160156.83838668503,35144.327075588764,60100.09526094184,4844.841268141716,5946.46363099873,7413.001845640313,4438.670505458966,1640432.8422391103,1639595.2044745598,90933.62447383926,[ 0.03288974 -0.89859041  0.43755404],[-0.39743807  0.38993005  0.8306609 ],[-0.91703939 -0.20122086 -0.34430934]
598,142691.17566735498,113480.53259350584,151516.63927212852,11723.932082694999,13802.890215644284,16490.597458186792,9805.052092981005,5816395.292683327,5813649.4741809545,546633.7081418708,[-0.74400483  0.62727964  0.2301675 ],[-0.29146858 -0.61465424  0.73297082],[-0.6012511  -0.47824724 -0.64013803]
7,101142.07389886449,136909.79591243976,185549.77629465176,1538.111817929791,1529.0320929105965,1899.6501532897537,1985.4328832929893,666234.333814662,666225.0625773661,5530.224451970358,[-0.52730893  0.79520498 -0.29932313],[-0.7487361  -0.26834393  0.60612357],[0.40167093 0.54372841 0.73689883]
14,105626.10562051498,78185.70324757902,3168.102181427726,4398.915943669906,4332.822338839525,1228.3521093555369,1671.1210378263102,492396.4995488696,491913.7941377825,22668.21360603514,[ 0.02067785 -0.06832915  0.99744852],[-0.59466743  0.80115755  0.06721034],[-0.80370584 -0.59453992 -0.02406691]
23,168543.9086267842,127841.95797469321,101715.08683755828,5911.352725223492,4738.160128383275,2973.4346094730536,7183.448356866594,1126355.5499598882,1126267.0517924337,18301.75920722815,[-0.66784846  0.71438287  0.20889124],[-0.19563562 -0.43927327  0.87679285],[-0.71812613 -0.54469819 -0.43312671]
57,90765.79258413245,134596.95089187162,87179.41804351426,4473.74820798664,6157.037532223002,3225.7060720773898,3846.8786557689355,1392234.6460719618,1391871.3441046334,55122.74090605732,[-0.59922828 -0.10933509  0.79307711],[-0.63120557  0.67387508 -0.38402072],[-0.49244796 -0.73071076 -0.47281792]
991,97158.85423420627,126126.27685180897,43664.5980121091,29515.187901844572,10941.99710917137,21081.051422829467,22082.49507165728,5303373.327965815,5277522.996459407,940582.0099171414,[-0.3122883  -0.0931685   0.94540766],[-0.73760035  0.65094319 -0.17949564],[-0.59868335 -0.75338741 -0.27200306]
10,154087.8153175243,154904.65828626504,33356.5696630641,1684.5806325303563,3618.7380604302125,3497.7900629399123,2710.0888070351075,699108.8731347792,699017.0098636067,14447.49906306373,[-0.63511585  0.50599696  0.58360512],[ 0.33269398 -0.50267837  0.79789045],[-0.69709581 -0.70091478 -0.15091686]
86,178354.73400885932,157454.84240131057,101150.24891186204,6305.69866565251,8748.074389522366,10344.568778036233,6031.021372350346,2401095.189577005,2398440.3943315484,126684.06852857287,[-0.71752815  0.64669742  0.25871955],[-0.09501394 -0.45884465  0.88342172],[-0.69001863 -0.60929799 -0.39067922]
2,42157.85719712135,21609.65181805424,21174.610404626204,140.55294477530697,673.1796812269004,1691.072869594036,1084.1646388678091,73429.67730287116,73400.3187730107,2076.225619772616,[ 0.29251731 -0.89655928  0.33258846],[-0.50483893  0.15059569  0.84997564],[-0.81213994 -0.41653619 -0.40856618]
82,11738.83888774262,64244.1707491951,112345.81081984642,5093.179991732105,8664.640875467301,5692.034479945428,6914.36567301702,1180975.6649579392,1178730.47241232,84788.66256658277,[ 0.86055303  0.3982263  -0.31759141],[ 0.50141112 -0.77202217  0.39060038],[0.08964026 0.4953762  0.86404111]
62,41141.822935929435,49310.5478479416,100125.59408559807,5467.06726186919,3808.0827381475774,6017.827531332182,3855.9071404989695,938964.4902605445,937452.9110866474,63542.637733895106,[ 0.50892005 -0.83650642  0.20311914],[ 0.78867281  0.35854545 -0.49944004],[0.34495736 0.4143696  0.84220084]
133,41330.326437870506,85402.51093689747,186082.82837791208,8012.852343568047,7240.866750827135,9209.67596127171,7568.0541111199855,2413824.5377098974,2410990.4152300307,139182.28922290026,[-0.72601954  0.67180353 -0.1468865 ],[-0.65864628 -0.61792074  0.42937051],[-0.19768841 -0.40847763 -0.89110343]
87,10625.774226416233,151683.91271706112,125206.12900456521,5087.672772613624,5549.121128389694,5692.6723303811195,3459.343365509826,1838729.4054443466,1838100.5764674824,82002.87968551049,[-0.98849981 -0.0488595   0.14311142],[ 0.14126946 -0.63601422  0.75863618],[-0.05395431 -0.77012899 -0.63560229]
2,44684.44436170209,127175.62729530901,18418.876183685567,1199.7022301945653,899.8365263205123,350.6755787046859,1187.6669584798801,192416.0425240893,192411.04669468352,1386.5534567646189,[-0.45857623  0.28312279 -0.84234751],[-0.82571179  0.21463711  0.52166173],[0.32849336 0.93475793 0.13535035]
3,152271.81275757853,72657.1186898197,174283.16851350758,247.64416816979764,549.6273688843987,477.2439189960363,258.88572302461273,420146.3138590173,420144.4471702667,1254.4496211385651,[ 0.72700448 -0.55548513 -0.40360966],[-0.27821488 -0.77570506  0.56646107],[0.62774276 0.29952952 0.71848528]
94,26914.588956934385,97165.58463168108,29711.79224782994,6496.960160176909,5919.21043589687,7862.425430797218,6524.328046339778,1023598.597102193,1022983.75758604,94771.74814122872,[ 0.51285432 -0.37910816  0.77023207],[-0.81984203  0.04983738  0.57041677],[-0.254636   -0.92400933 -0.28524949]
11,110945.34304271378,80321.59911995118,130131.01032577705,2934.376333502365,4221.889584889891,2902.8756337576315,2600.300109716541,626814.0142584643,626768.1510246915,17663.910668634024,[-0.17434148 -0.76442867  0.62068821],[-0.79050057  0.48449817  0.37466034],[-0.58712341 -0.42533555 -0.68874943]
124,69384.87868781941,190218.5171996169,194687.74568549046,5687.801294753509,7596.776211924304,7986.984173595352,9092.197404793524,3130536.3473967547,3129941.7821059856,93418.86024243763,[-0.0663545  -0.70182035  0.70925685],[-0.96686633  0.22083631  0.12806571],[-0.24650879 -0.67725883 -0.69321995]
90,26635.66331686072,7178.230294291506,118213.20169384293,6780.545100871703,4349.481288301466,9156.249002964623,8599.354770488908,1157003.566522587,1154865.2504937889,82236.91821578605,[ 0.39678749 -0.91731836 -0.03296546],[ 0.8917102   0.39373249 -0.22322106],[0.21774435 0.05917569 0.97421026]
467,169858.48724337836,190043.05894902183,102938.82243934726,22240.89506029136,9792.180986963203,13795.277959589923,13827.933695233516,5966880.678894641,5952377.030603819,521788.2921670675,[-0.42472565 -0.10758613  0.89890675],[ 0.65973489 -0.71673039  0.22593676],[0.61996613 0.68900128 0.37539211]
6,48221.5572992381,59734.6743480241,42021.938935811435,2152.389242665643,1758.031540163536,995.6941966079513,2144.7126216534525,214488.43577116815,214445.92510459007,4995.35573196293,[-0.53158492 -0.15624564  0.83246908],[-0.64313132  0.71402992 -0.27666475],[-0.55118017 -0.68245775 -0.480054  ]
80,136172.82320248283,139529.1650718007,3643.7499730477225,10272.657312422303,7945.987793853771,2112.3593977344517,9710.931621163536,1747982.622071957,1746398.768179695,79379.05759718115,[-0.01581381 -0.01031696  0.99982173],[-0.71520891  0.69889871 -0.0041004 ],[-0.69873181 -0.71514625 -0.01843103]
23,160882.72356786163,194537.77127441633,130653.74450416655,6283.399394461908,4225.790721375,1984.2023577851464,2737.2178045930873,1363707.1953444846,1363313.999523927,35095.8499971167,[-0.2614531  -0.37974428  0.88737622],[-0.78180769  0.62247751  0.03603458],[-0.56605566 -0.6843362  -0.45963568]
13,189468.4373177173,115981.49208985484,149502.9345849265,3057.170348891218,4489.032490540742,4087.345489463763,2575.3571202038584,965756.1253634848,965521.9404773223,22649.180897967966,[-0.67388877  0.65133295  0.34876828],[-0.21251635 -0.62298373  0.75281344],[-0.70760916 -0.43319356 -0.55824064]
19,154229.83546488098,174650.84014255338,169672.01348929564,4406.824244050498,3184.7345877963103,3845.475461603615,2622.9482893045383,1256690.1441162867,1256456.2891109742,26647.655707119055,[-0.62827115  0.75125424 -0.20221874],[-0.56470688 -0.2615672   0.78274436],[-0.53514623 -0.60597002 -0.58857357]
24,180428.843495195,121981.32833847326,181471.29245394687,4129.760609762039,3955.1496047797045,4338.396043479028,2781.410768946358,1389221.9027217638,1388903.720365972,32285.106871003198,[-0.64349991  0.75377533  0.13315636],[-0.42516355 -0.49663553  0.75669618],[-0.63650909 -0.43032069 -0.64006272]
29,192907.07087011196,198670.2627195625,72138.44070656945,3333.3552984558623,3869.021107533076,7133.573880460722,2387.943945800773,1541581.167748835,1541222.194004842,45495.55150101378,[-0.6393036   0.71935331 -0.27170154],[-0.37002099  0.02195148  0.92876402],[-0.67407372 -0.69429745 -0.25214216]
25,78916.12590183705,47878.61567849417,6924.640875488805,3998.650630983364,6959.911913491389,3757.655289402135,3151.7519067198687,464816.7942557759,463223.28383863444,41235.73306911142,[ 0.14525054 -0.372027    0.91678689],[-0.50295167  0.77019409  0.39222529],[-0.85202224 -0.51807043 -0.07524049]
27,93004.7168990671,17512.394297892304,16078.162075893752,2391.177951064118,3304.261496881799,6931.413005825813,2940.4504564347217,500320.55122950574,499271.0136254604,38913.31081398495,[ 0.22123978 -0.94184116 -0.25295889],[-0.11292781 -0.28238383  0.95263145],[0.96865901 0.18219388 0.16883459]
54,19699.917573982668,25037.79436319098,167615.95109346634,4808.292876160941,2694.5475984692644,6954.854160203618,6638.92167349814,1255307.6952528246,1254882.7819285484,43197.19893494819,[ 0.26862865 -0.95680264  0.11120864],[-0.95634948 -0.25113401  0.14942353],[-0.11504055 -0.14649376 -0.98249949]
3,64847.84337895216,55424.40060516679,21428.741202679506,1218.9813414026614,1304.365440402049,2084.3853398878086,866.3577189924853,152417.94892795218,152352.51542213256,4523.174564382654,[-0.62512785  0.49960544  0.59967456],[ 0.25604989 -0.59451648  0.76222608],[-0.7373287  -0.63003536 -0.24372489]
80,55159.86371448077,13021.063657532128,189175.74508381,6306.304151168373,7442.629771912242,5249.205435023038,5418.887148797596,1768756.4219680089,1767379.7682323353,86275.62867301358,[-0.78691114 -0.55602463  0.26759572],[ 0.55013348 -0.82858572 -0.10391757],[-0.27950672 -0.06543947 -0.9579111 ]
14,58020.74933790671,92648.22951369108,68147.5054689401,5547.182628519023,1402.3407811526592,2294.54419894417,2234.6503149920254,482472.4761116131,482140.19727092475,21502.939273731627,[ 0.21315019 -0.6620551   0.71850542],[-0.86671018  0.21132293  0.45183634],[-0.45097723 -0.71904496 -0.52876638]
13,46948.51089029825,4702.375353514285,83877.4610316889,2680.827474715434,1890.4334391924733,2038.3300669209598,2008.178608602776,347200.8584296802,347134.27109574113,11893.343768896206,[-0.0857825  -0.9909339   0.10339905],[-0.86866183  0.12521249  0.47932082],[-0.48792211 -0.04870147 -0.8715275 ]
44,159696.42966795605,55091.38384053227,187890.09809010633,3085.701945143219,4049.8009418955003,4469.450113334331,3415.4190384307485,1676428.5450452375,1676336.3381821124,38786.652484246646,[-0.04998151 -0.94610647  0.3199756 ],[ 0.77339617 -0.23937866 -0.58698911],[0.63194953 0.21812931 0.74367963]
10,64487.58477423852,160069.0219088739,185308.16895129223,1344.1226606793239,2105.459460204647,3317.33845298035,3582.439850620311,800849.402896126,800835.725343631,6664.757083145975,[ 0.85670712 -0.49850329  0.13246655],[-0.4485572  -0.5932376   0.66848006],[0.25465537 0.63211045 0.73183811]
44,59716.630134900515,8286.753822655653,38104.78030553861,2494.79382560405,3150.3546214767293,2786.9394234234082,2348.865329057773,473815.23128733545,473733.72886428225,28486.321633312346,[-0.38722438 -0.56346562  0.72976967],[ 0.38610084 -0.81787462 -0.42662307],[-0.83724752 -0.11656583 -0.53425555]
37,108549.53386661228,70026.47404136288,183897.41922672233,4825.615077289232,3915.2664296053763,4549.720550586148,5411.850630973914,1367671.842179662,1367526.865360561,33182.74228511415,[ 0.18226709 -0.949809    0.25424708],[-0.85641728 -0.02632494  0.51561269],[-0.48304053 -0.31172081 -0.818231  ]
25,103422.8851181064,59651.94908136279,29432.485340038762,8502.145571451687,2986.1335286407957,5094.007908332771,6531.370152022406,616963.9713450461,615758.6415213282,40004.27918888937,[ 0.24790675 -0.73904462  0.62638271],[ 0.47890153 -0.46855518 -0.74236741],[0.8421375  0.48401353 0.23777161]
230,87052.56276417596,123453.05049709383,136330.77475946207,16089.10504339917,8133.542499978393,11140.418586601001,12493.145740529759,3100624.2118175654,3093688.6650897213,260889.3919362106,[-0.50216765 -0.4568873   0.73422179],[ 0.75023195 -0.65243925  0.10712159],[0.43009262 0.60462965 0.67040534]
16,158731.83332088345,124360.56523565322,200218.88153228228,3088.0347585318054,2544.900933715909,2981.9861632718553,3225.183500362495,1136817.5068536024,1136739.2048021946,15269.15831531707,[-0.71283999 -0.18101842  0.6775629 ],[ 0.42402139 -0.88078058  0.21078765],[-0.55862779 -0.43755903 -0.7046113 ]
36,53037.77861170752,108869.93281246464,29620.882864794163,4105.328625185288,4293.860763158755,3596.574062340002,4341.594190685932,748902.1850976051,748782.0482806388,32309.91580678867,[ 0.08993317 -0.30206201  0.94903665],[-0.90053498  0.38233081  0.20702633],[-0.42538074 -0.87325924 -0.23763319]
25,137644.33465001406,92699.69306841346,3657.614843582294,3898.945921062567,3010.152784680631,2245.566876259589,4412.0504665138305,830337.9849909191,830292.5457082501,15719.186836548599,[ 0.40163932 -0.62282277  0.67139977],[-0.38864481  0.54792011  0.74076903],[0.82924126 0.55845801 0.02199057]
27,31028.95709547043,200264.78966030714,33213.83698929323,3278.0575027777318,1926.4767135340255,3579.477379821953,2116.885960214497,1067282.6442796723,1067262.2504603884,24827.943103973186,[ 0.98727049 -0.14067987 -0.07420342],[ 0.04960074 -0.17094904  0.98403058],[0.15111829 0.97518491 0.16179512]
27,95690.34037167781,69975.44437120446,59728.14658853535,4707.41357196818,3119.079694712675,5107.682261245005,6265.276582221767,690762.9846664794,690644.0063419553,22438.882497182232,[-0.66147127  0.71697535  0.22000481],[-0.20709909 -0.45656922  0.86524824],[-0.72080908 -0.52677405 -0.45049237]
2,106833.52260885976,163431.36585865112,142002.05720304657,1586.2648707169137,2784.4949625975423,311.20156002898875,2769.8281062585156,341462.04370086896,341454.15448150435,2321.136724782149,[ 0.86944369 -0.48452025 -0.09647695],[-0.21963913 -0.55402295  0.80300512],[0.44252269 0.67697762 0.58811136]
281,191824.42530701254,49980.77027137521,16823.109541227128,9046.031953870017,8710.008141980294,8783.967160093616,9467.748888018546,3343110.9555788813,3340344.0871319883,200917.57791782488,[-0.25365003  0.78193968  0.56941373],[ 0.07800383 -0.5702132   0.817785  ],[-0.96414577 -0.25184764 -0.08364031]
178,153567.1901527236,9926.640015207417,8079.75365628631,7887.066976924266,5771.360283357423,5468.793958545945,7589.172859330773,2060093.0627975273,2059743.2112881988,109319.9096109308,[-0.07614241  0.48298376  0.87231246],[ 0.03046242 -0.87331701  0.48619897],[-0.99663151 -0.06359311 -0.0517836 ]
11,47812.37045373499,26312.838640883958,143086.5071564571,3317.0698482736007,3884.4632916081637,2626.5633822719424,2805.414067433527,508172.1363194262,508091.472606454,16641.602774221217,[-0.91497378  0.31890521  0.24722955],[-0.25548382 -0.93208702  0.25679136],[-0.31233155 -0.17179421 -0.93431031]
6,34132.17256830214,143332.39214422845,201463.30985813696,2166.657609432377,1953.90404110949,1365.1619872318695,1697.9796562585866,611413.0210402075,611402.8515162123,6702.339435397277,[-0.28429794  0.8032882  -0.5233572 ],[-0.94893196 -0.15789947  0.27312248],[0.13675824 0.57427853 0.80715634]
206,165510.33506052374,11687.965024772573,31258.970686079076,12939.44040030466,8788.027065689443,6317.804635699645,12564.615479926199,2433933.666364139,2431576.2297630487,160306.11401974046,[-0.17948937 -0.08424628  0.98014597],[ 0.08017299 -0.99426493 -0.07077815],[-0.98048756 -0.06587731 -0.18521426]
4,95854.68085096187,18799.757440490404,153264.93321698502,880.5179557048289,1336.9165943714559,1304.194724360704,1607.5236299984927,363514.9796171176,363507.57729069237,2594.8601115604038,[ 0.84655883 -0.14808453 -0.51128185],[-0.07196919 -0.98354583  0.16570464],[0.52740742 0.10348219 0.84328693]
86,67077.81315916064,10185.998209616158,153279.05554039136,6385.974443931126,4287.347742335656,5715.978353640666,4463.616112097771,1556719.555316518,1555300.0600510007,79109.9210646967,[-0.30967294 -0.93012243  0.19742073],[-0.86273107  0.36214253  0.35291342],[-0.39974713 -0.06103326 -0.91459126]
13,68902.25748214567,40976.876019551506,178073.47469100935,3004.648513168962,1857.539615307712,2227.258091435719,1589.3468800206742,704250.0918838555,704164.4171744775,13934.875212617555,[-0.13891475 -0.95198621  0.27280937],[-0.92534361  0.22291069  0.30667577],[-0.35276323 -0.20984062 -0.91187994]
53,130014.93357365392,199398.18496489138,124197.1954648202,10598.691830175227,3560.4956032119567,4934.773286740415,4134.913476894865,1956443.4204247913,1955121.6962055417,83890.55643576077,[ 0.05199246 -0.55226199  0.83204776],[-0.87322581  0.37910715  0.30619351],[-0.48453429 -0.74248533 -0.46253871]
4,6550.903166747101,78395.56355945938,71779.19290462224,1356.9383758832523,1335.8653892721102,3866.3172324553943,3509.3507118642656,213159.6791564534,213108.71938497986,4946.588466369738,[-0.89396018 -0.25972783  0.36520767],[ 0.44386657 -0.62551244  0.6416515 ],[-0.06178719 -0.73571437 -0.67446772]
24,4782.701588069579,194867.79244784164,91432.26761077321,2601.743054888459,3848.4851359853265,5766.361674380667,5538.120961483054,1055323.7831868257,1055199.0858762208,23992.029788760385,[-0.993347    0.06806846 -0.09288933],[-0.1129866  -0.42010995  0.90041194],[-0.02226592 -0.90491674 -0.42500579]
51,43495.79457066233,127541.19508918599,199218.60849984924,9576.146548605637,6249.699238042511,2674.833703805164,4129.602670864692,1719166.4246044117,1718350.1012000921,78549.45955824635,[ 0.02266391 -0.84409248  0.53571843],[-0.98319705  0.07826862  0.16491693],[-0.18113508 -0.53045444 -0.82813536]
7,152623.29869868435,61890.072910168914,65228.4107700766,1817.8688158279354,2610.1842221741,3034.899075812496,1571.5356402845848,468803.978614841,468702.25643159443,10844.02948530291,[ 0.04107852 -0.77102384  0.63547997],[-0.50601554  0.53236652  0.67862667],[-0.8615456  -0.34943972 -0.36828122]
7,128440.69564170038,38590.74002681874,155119.26993906117,2116.9722016059713,1964.7755732387536,1137.7160271574637,2058.4500235324067,542588.5005281477,542559.1227734397,6136.907029652813,[ 0.64570905 -0.66892778 -0.36823286],[-0.43667407 -0.71909342  0.54057415],[0.6263989  0.18825588 0.75642855]
5,139035.41262563402,165411.23725042026,7457.473219391303,1077.2780098322073,2749.657562032393,1175.7578924015556,2509.689912897146,483508.29074634536,483502.9044700081,4368.347072855565,[-0.01436331 -0.03297701  0.9993529 ],[ 0.76572669 -0.64308497 -0.01021526],[0.6430057  0.76508446 0.03448821]
3,55852.591562380425,117487.03914936208,166106.01020770916,371.408775488955,1404.5691908385372,1153.9623563488428,1699.7128990243948,365447.78628529847,365445.5591205514,1284.9218467333042,[ 0.96179511 -0.09337304 -0.25735509],[ 0.06980182 -0.82533528  0.56031187],[0.26472226 0.55686907 0.78728582]
4,58404.983916097524,9860.703315415309,139081.40576820046,2154.8615628379807,737.6453118291504,1391.1285061229578,1033.5044463588908,302381.35201160243,302348.21672793094,4915.330051278397,[ 0.10023686 -0.99455767  0.02841857],[-0.91689092 -0.08124295  0.39078207],[-0.3863465  -0.0652275  -0.92004443]
62,118575.64832668946,200288.39613565223,61055.6723956738,7881.795866775804,2965.453759627677,7391.46674811185,5234.210035433583,1896132.9323916377,1895829.564618572,78119.36523374302,[-0.82126994  0.54152427 -0.17963059],[-0.28685148 -0.11975595  0.95046028],[-0.49318548 -0.83211176 -0.253689  ]
5,85750.09597189112,142753.1870366012,202358.35209705186,2153.698970041792,2359.0361992758826,1104.3570546436706,1390.351337291191,586047.731815883,586019.871392851,6894.739946893467,[ 0.48722729  0.60288549 -0.63177421],[-0.8096694   0.58291473 -0.06816072],[0.32717738 0.54473801 0.7721499 ]
6,114858.13992045923,140955.48120133774,189065.43936199837,2296.262544695753,2022.2828650474758,1588.324062406973,2773.3147967093014,642573.8903044426,642569.3038712092,5007.2019474738545,[ 0.63633499  0.38105968 -0.67072446],[ 0.63507134 -0.75235169  0.1750752 ],[0.43790658 0.53736436 0.72074779]
12,177949.83754360932,141354.02303876376,201338.99233181705,2399.455327923555,5149.84665369666,2427.1080031259453,1873.3149266190728,1051954.4232879777,1051816.8899372807,20421.690957284434,[-0.77282085  0.07538412  0.63013107],[ 0.24339932 -0.88178028  0.40400532],[-0.58609274 -0.46559721 -0.66310975]
11,61771.35322000762,62298.50674631915,14522.487613153264,1951.493784861748,1732.6057762523958,3877.0738433851056,3014.2535496346904,295330.19318946777,295111.5491763058,11803.396952925306,[-0.71523919  0.69687985  0.05283341],[-0.07759624 -0.15431525  0.98496986],[-0.69455865 -0.70038938 -0.16444757]
5,175159.36863011593,181507.71656520886,171084.74987139317,1048.8347893490857,1651.3093848507854,1433.4997581714924,983.3102410962117,681546.7023942121,681532.6815346137,4958.502205415847,[ 0.77909826 -0.18820574 -0.5979837 ],[ 0.25046561 -0.7809845   0.57212777],[0.57469373 0.5955181  0.5613246 ]
51,34931.92674857577,122177.2199579039,162418.91844145095,5859.531126107833,8949.76439505822,3913.5627418946037,5772.305429225174,1474341.7872589736,1473909.5723890227,70269.4810255984,[-0.96544986  0.26033945  0.01139939],[-0.19817126 -0.76190374  0.61662861],[-0.16921799 -0.59306498 -0.78717165]
37,31612.93212129223,95619.94907673143,133892.50397413183,5828.246192501144,6322.615614364053,3028.8907646907996,3087.6433373545606,1020475.187797637,1019427.3682875687,52065.56964126613,[-0.67834367 -0.51270106  0.526296  ],[-0.71017817  0.64119389 -0.2907187 ],[-0.188406   -0.57097112 -0.79905892]
159,66387.16084082451,81604.04422844281,31648.559033666534,6695.599806574898,4349.6663147541085,12786.516541439283,7593.6280597331815,1396591.8132534237,1390111.4027375635,164449.27831321294,[-0.77124657  0.63626774 -0.01849562],[-0.19964132 -0.2141987   0.95617062],[-0.60441878 -0.74113581 -0.29222535]
3,9221.593260759642,10251.541003684799,184612.90639739568,1095.1501335916537,1406.4768907712812,1930.893276621906,1812.4016002835422,320679.0328786388,320667.83872245403,3297.402430076317,[ 0.81871619 -0.57412783 -0.00900159],[-0.57203894 -0.81689525  0.07384855],[0.04975187 0.05531175 0.99722884]
