N,MEAN_X,MEAN_Y,MEAN_Z,SIGMA_X,SIGMA_Y,SIGMA_Z,SIGMA_R,LAMBDA_1,LAMBDA_2,LAMBDA_3,EIGEN_1,EIGEN_2,EIGEN_3
28,168852.05915201028,37586.119975893664,199316.59083359007,4344.537516165434,3538.184434189678,3322.299537786553,3007.5968983689663,1396856.0315834344,1396666.5831429635,30639.06794258437,[-0.37951424 -0.79599059  0.47155904],[-0.66827496  0.58833307  0.45527221],[-0.63982617 -0.14234881 -0.75522135]
15,138207.28046508014,16901.813779783435,74162.26732034591,2332.0668326846717,4666.93409979844,2712.5313141614,3122.048785057977,611362.8226785562,611155.4839330814,19254.606666586278,[-0.46148899 -0.09669129  0.88186093],[ 0.14015334 -0.9895057  -0.03514994],[-0.87600511 -0.10737445 -0.4701976 ]
30,135840.4258771902,118895.90643987991,11985.35661667633,2977.6427408890645,3126.6646766652952,3949.4448076006943,2625.079204575254,991315.3076906168,991199.9105722457,28662.288949896163,[-0.59377261  0.71539543 -0.36829806],[-0.2892966   0.23730628  0.92735819],[-0.75082725 -0.65718727 -0.0660555 ]
2,130784.89230291045,89340.88634178985,31881.47556907005,273.2149651482832,317.67960949501867,1042.8694392374928,602.614040625951,228491.4600369147,228487.52123564988,1341.621924910131,[ 0.54180034 -0.83303621  0.11181712],[-0.22623319 -0.0164106   0.97393492],[0.80948807 0.55297501 0.19735171]
927,112933.10534092998,125633.30907011351,49816.6853003002,25400.56800812413,10299.910223609051,13807.445360601505,13470.645083294541,5436609.544069136,5384088.4362003375,843211.7591560978,[ 0.22202522 -0.52620038  0.82086415],[-0.73012442  0.46825585  0.49764927],[-0.64623768 -0.70982365 -0.28022714]
2304,170331.52925822337,102833.95742360182,80674.33087558893,18758.6962195004,21893.139129723353,38573.78973465106,18419.223684841396,10522259.222545598,10381485.202613067,2145640.1398150353,[ 0.47064364 -0.87300022  0.12792646],[-0.39113097 -0.0764664   0.91715291],[0.79089262 0.48168818 0.37744585]
103,196646.4301300024,147080.85173121036,63797.085236930616,5591.693554650007,7527.220063676923,4316.395955543613,5644.479819576794,2576815.9206435536,2575869.6899964954,87375.91051038555,[-0.39195163  0.12892293  0.91090768],[-0.49571829  0.80450407 -0.32716445],[-0.77500793 -0.57978624 -0.25141723]
9,43558.88236424189,55404.672312252944,176237.0515575589,2109.33386625906,1237.9006724100868,1964.0812911850435,1831.2468507438198,569486.4172137612,569457.2899474296,7659.254417874623,[ 0.21926943 -0.94495177  0.24287255],[-0.94829609 -0.14786377  0.28083953],[-0.22946776 -0.29189462 -0.92851606]
134,87690.18755418318,189867.02419364947,104562.00878960459,5240.112497324457,5898.6949108086255,9969.815237072124,7177.917582477723,2710192.2628224883,2708456.0519951736,120889.67129686383,[-0.80324087  0.52544343 -0.28055892],[-0.46300025 -0.25443432  0.84905474],[-0.37474641 -0.81189432 -0.44765248]
742,18370.799900677546,109928.45173605694,86833.45325256625,10556.980791730879,14229.274920032374,17442.866851931227,15279.074787890291,3898560.5762552153,3880461.685443966,532846.6931859804,[-0.94584178  0.28321292 -0.15866243],[-0.29779976 -0.56242417  0.77135878],[-0.12922319 -0.77683299 -0.61630502]
759,117202.9614464766,14041.44696603426,76405.86582568484,10644.338323652231,10571.228345560752,30146.00927634685,19797.490190163044,3973431.875499163,3924716.372785042,736762.259495806,[ 0.19074035 -0.97507042 -0.11338338],[-0.5352654  -0.20013203  0.82063276],[-0.82286638 -0.09583758 -0.56009471]
57,28645.682327825743,64788.26189379381,67630.37007639126,4569.978841082314,9466.200757999179,2948.5516995361127,4939.23636999729,743611.6722737121,740810.9048608348,72882.2430745255,[ 0.78784104  0.24257905 -0.56609354],[ 0.54315691 -0.70695954  0.45297768],[0.29032233 0.66435203 0.68873023]
2,188759.77466424176,37187.3005639911,108275.5951525601,1819.8622639464447,1848.8887626461837,443.9719554797848,1462.272142157628,312229.6582952576,312214.320684512,3094.7501808841225,[ 0.44854889  0.2344021  -0.86247292],[ 0.26019037 -0.95744558 -0.12489569],[0.8550467  0.16838532 0.49045032]
339,12478.916318934174,53284.6486746469,154923.56160882406,8630.218490192603,10349.468832785651,13897.088674694605,12674.522583444366,3042144.829787911,3038335.871385764,267233.25744930917,[-0.97412235  0.22601876  0.00107723],[-0.21290656 -0.91918891  0.33130431],[-0.07587117 -0.32250158 -0.94352334]
1363,68439.99486315374,169271.1602691902,131137.21728025572,25662.22443027164,18891.783372629223,21970.80285728242,20641.007384070945,8408601.5305213,8349859.175255632,1189207.4990727936,[ 0.23766075 -0.6532275   0.71889582],[-0.92393383  0.07638205  0.37484939],[-0.29977266 -0.75329916 -0.58538597]
2072,24658.239694013126,42446.96144982542,36932.45259487832,13545.55963444346,22775.745364558294,25161.306288435568,19823.221381584783,3189276.5850859797,2979806.938482239,1456476.556598201,[-0.91883778  0.33854452  0.20279234],[-0.06464632 -0.63605473  0.76893123],[-0.38930448 -0.69341328 -0.60631678]
68,43784.78887492729,159562.83319300468,17723.042184089856,5331.995014286055,9874.880142457761,7539.004726646067,10637.621699647441,1376102.3543463724,1375663.7913266167,69246.78565289023,[-0.95818191  0.27255675 -0.08717938],[-0.11315973 -0.08107316  0.99026361],[-0.26283513 -0.95871787 -0.10852528]
396,189374.90366629392,49163.65513016592,15983.753389387257,11421.314877533923,9387.15041934836,9589.914968559528,11657.87847741293,3918534.838095654,3916904.7336921752,262525.0003471842,[-0.25345339  0.79905925  0.54522077],[ 0.07181543 -0.54652629  0.83435697],[-0.96467814 -0.25062587 -0.08113415]
283,51830.48433065956,70936.08431145117,113461.78222032158,11112.596172477652,7878.012916113183,10638.259384887862,7007.738037041621,2425394.0131828985,2423095.461145735,264892.56816900487,[ 0.18087284 -0.86980147  0.45905382],[-0.91496236  0.02238348  0.40291794],[-0.36073384 -0.49289388 -0.79178704]
281,126540.34684237557,172373.4443525031,97863.38575627781,8765.691081610237,7562.418318577776,10225.047603167735,9014.647185815624,3948832.67782383,3946770.377935524,209048.9901311164,[ 0.36857176 -0.6489875   0.66555998],[-0.75821179  0.20436194  0.61915351],[-0.53783802 -0.73283792 -0.41674794]
86,29138.11679332472,8626.420435483078,117160.70938737491,5632.168106171165,6293.55758443566,6170.302774521733,5649.952051901115,1125492.6211416468,1124851.0187449087,81283.7060557909,[-0.74629355  0.6513475   0.13708527],[-0.62082809 -0.75542516  0.20953594],[-0.24003837 -0.07126894 -0.96814375]
89,44916.568327238696,164123.76588439997,175856.23214773735,5340.035702434636,6200.279261485652,5467.289130354305,5932.566281327519,2310070.051777273,2309515.1475483645,74233.82632870703,[ 0.68537278 -0.61129267  0.39570876],[-0.70471343 -0.41991893  0.57188029],[-0.18342063 -0.67081247 -0.71858716]
938,18791.06566420512,146670.6990081096,29424.074680235593,12426.850340155876,11457.707885981636,12286.265444813882,12579.167205096763,4652972.776944248,4642009.960517207,514238.45902976627,[-0.624061   -0.07788132  0.77748464],[ 0.77131186 -0.2205825   0.59701037],[0.12500355 0.97225401 0.19772772]
123,176009.53554842222,73031.4929603614,156418.13535082288,8779.350825806194,6775.699072912481,6495.320290322017,9058.025111982102,2737389.6069535757,2736600.6169571523,100634.8504308164,[-0.41004079 -0.55753393  0.72181886],[-0.5674238   0.77554423  0.27669727],[-0.71407057 -0.29612004 -0.63436279]
45,34787.91203596011,12672.348670686528,150389.80952491213,3310.451098761561,3135.993872272606,5130.382119092452,4830.343542151703,1039799.847117782,1039659.3156703516,32779.00124941223,[-0.49121316 -0.85115961  0.1850323 ],[-0.84165727  0.51851899  0.15083467],[-0.22432714 -0.08164181 -0.97108802]
84,153713.53420202647,195386.7708789757,173495.11960056095,7557.377666161879,5061.822415643717,7522.394358377824,4033.388174773471,2780154.0192084927,2779152.2967822943,101985.6032891283,[ 0.32668065 -0.75813618  0.56436627],[-0.79768513  0.0991099   0.59487449],[-0.50693016 -0.64452056 -0.57237667]
234,196132.98221042292,39922.11157884334,150554.91353233057,7258.865504635482,15252.08763875587,12487.415228577871,11461.49641221239,3842861.5337831243,3837281.522992608,266880.88147760177,[ 0.53344955  0.32677779 -0.78015886],[ 0.3214925  -0.93146713 -0.17032779],[0.78235168 0.15995394 0.60194733]
697,85072.75761044344,41085.997655529165,74031.62207921055,17913.44898529421,13318.72612285902,13688.558451698867,11213.424643139615,3224427.9027356845,3202398.8581124563,620995.3159369456,[ 0.48826868 -0.86832449 -0.087214  ],[ 0.50111633  0.36078744 -0.78658429],[0.71447611 0.34036012 0.61129279]
1705,97743.9730474205,77947.82009893864,163181.56987693429,23204.75734835169,29197.125951073307,17633.35841339904,22742.33548866184,8624817.721318487,8572522.209441055,1423880.7537581217,[-0.82950403  0.49283822  0.26274239],[-0.28800313 -0.78052991  0.55482182],[-0.47851569 -0.3845563  -0.78939166]
32,194018.95422469254,19552.859864353326,17238.934349980904,2633.5847716300473,4973.579548323551,3701.1053992999323,2985.576358082014,1107872.895887294,1107703.0039209216,34319.03660488458,[-0.06457941 -0.21836347  0.97372835],[-0.11665684  0.9707269   0.20995349],[-0.99107047 -0.1000334  -0.08816256]
3,132314.1053938058,59706.569546160135,176250.08472705694,333.14532215843343,1559.729194908692,1752.876972757018,1382.4089711997287,395502.94410901034,395494.54186030646,3335.006487859231,[ 0.76653407 -0.49661043 -0.40718989],[-0.27686297 -0.82764721  0.48820794],[0.57945873 0.26149222 0.77191282]
195,58766.00074106376,170140.1790072141,80506.0951839143,7958.349708535533,7462.657958196467,10172.61461980003,7846.620818064748,2760022.5544807552,2757106.1870531607,177588.56353075622,[-0.73602663  0.47997963 -0.47737235],[-0.60800459 -0.15865254  0.77792017],[-0.2976495  -0.86281454 -0.40860231]
226,135061.16441653774,198131.83866346587,83150.80382232055,12616.851697385182,4309.963721383548,14924.959296455245,9641.81401630199,3825270.839943527,3820208.459101887,261680.5030916272,[ 0.75896548 -0.26861566 -0.59314166],[ 0.37394192 -0.56592659  0.73477516],[0.53304675 0.77946951 0.3290721 ]
30,37208.69224962804,130397.65896687092,198743.00271068834,5892.044592439823,2874.455232125254,2789.4574521627137,3632.5892318093433,1318342.3603040474,1317994.2133187456,33455.97355126509,[ 0.25401115 -0.82980812  0.49688712],[-0.95472793 -0.13287754  0.26615437],[-0.15483192 -0.54199819 -0.82599337]
132,67014.4248717922,125698.96048429543,8486.112783941871,8127.533716779508,7085.481653348741,5024.652081525622,9101.242239318553,1644354.103811037,1643670.283968354,87659.16238966241,[-0.46499522  0.19019214  0.86464235],[-0.7497716   0.43473564 -0.49884615],[-0.47076746 -0.88024535 -0.05954933]
477,165084.97731511714,193922.44204682313,15647.176269413627,14662.289228214891,7353.71966085161,10487.648696551214,11908.30607162429,5585700.599736159,5581794.691955323,337866.6872106628,[-0.458834    0.32379421  0.82742291],[-0.60797957  0.56467916 -0.55812032],[-0.6479446  -0.7591408  -0.06223373]
13,173452.93336427008,20530.456421728028,65709.86989120481,2766.7851395942894,2633.3056457047765,2506.341698526111,2742.115278753404,673021.1660296534,672953.5763428875,13191.629763183808,[-0.31443394  0.73551214  0.60012764],[-0.19288585 -0.66850766  0.71825661],[-0.92947638 -0.11008813 -0.35207138]
77,54133.67931411978,15111.089296738517,188848.05794627607,6313.386283211346,7744.739186228648,4755.403721036296,4561.825814534229,1731096.6389087916,1730013.4249775656,88678.00857221465,[-0.82996801 -0.48448946  0.27644723],[ 0.48540093 -0.8714832  -0.07002125],[-0.27484368 -0.07607234 -0.9584748 ]
64,27489.66472913494,188615.49570855236,195142.15993764758,5327.105072669662,5697.6979036744515,8000.150029548833,8181.611786971048,2183900.185957012,2183477.691843274,60948.65481918578,[ 0.6964734  -0.56253487  0.44551018],[-0.71048366 -0.45347194  0.53812282],[-0.10068649 -0.69131593 -0.71550298]
55,138403.4618528801,84830.93363153812,79501.7933579375,3284.764725992507,8824.395758343939,5381.2573046766365,5028.951892446814,1342548.141174953,1341422.1078738715,71039.61514438651,[-0.6301941   0.40941321  0.65972435],[ 0.1302271  -0.78190996  0.60963737],[-0.76543863 -0.47010387 -0.43943835]
5,61395.938512942346,122388.6975400967,146865.97303134465,977.694997819675,2974.9646486592605,1963.15127979903,2991.7284944471085,449063.5480817322,449038.4403592966,4867.994864898483,[ 0.64920308  0.42847989 -0.6284428 ],[-0.69648838  0.66693225 -0.26477405],[0.30567841 0.60959524 0.73140574]
287,85876.56272483856,190968.37223422262,189289.30366392585,15281.248545311011,7318.647923652163,11975.655162146746,9764.761516201746,4793581.475846525,4786040.208613274,308963.82695099927,[ 0.15785723 -0.73026576  0.66467512],[-0.93965524  0.09581362  0.32843231],[-0.3035278  -0.67641087 -0.67107318]
71,128899.65343831312,198410.1588140946,124916.31158790483,9973.227167856585,3736.0226468841424,3069.174633602046,3851.551848905324,2256210.5936498838,2254873.5822900636,87668.20021218831,[ 0.0190861  -0.54149584  0.84048675],[-0.87591564  0.39627914  0.27519925],[-0.48208662 -0.74144797 -0.46674126]
21,139985.18898967598,65142.65999313827,192524.4795717881,3473.674823933723,3059.552454436725,3631.933571825742,3066.5398543799174,1131200.501664333,1131073.2913543156,22947.107762575142,[-0.21082212 -0.86914136  0.44737829],[-0.7961584   0.41821246  0.43729869],[-0.56717355 -0.26399174 -0.78014263]
12,7727.419766186665,129813.55651423825,202174.74993697842,4166.83789393864,5604.683037818473,914.7582357517456,3502.5656854407293,833067.1623783326,832828.759926435,21158.691497989683,[-0.75074181  0.56854572 -0.33636661],[-0.65980215 -0.62040306  0.4239825 ],[-0.03237056 -0.54023681 -0.84089021]
220,187311.1547509979,182692.62496065532,114226.02721227575,12000.06876052986,6871.65769709719,9864.682416466061,7480.7937002834215,4241365.275911233,4236883.132127031,225482.18764970932,[ 0.3062429  -0.71027077  0.63382231],[-0.68957815  0.29349325  0.66207529],[-0.65627529 -0.63982587 -0.39990698]
18,188312.72787096497,27702.192855052264,88847.10195598578,2922.68905132159,3683.5946694481927,3807.816582054074,2319.625027359727,891423.3071050047,891373.3049220041,23676.670117073078,[ 0.14172218  0.81924295 -0.555658  ],[-0.41975757  0.55809464  0.71577507],[0.89650343 0.13180045 0.42297782]
34,114927.6952267979,17491.197336155128,151212.18911838322,4906.023580174487,3981.617462223714,2305.1423067487476,3317.210068247439,1112619.2800758595,1112560.9448222888,34127.29979669805,[ 0.09185659 -0.9947385   0.04536165],[ 0.79263498  0.04546816 -0.60799872],[0.60273722 0.09180392 0.79264108]
104,115395.93402803464,9373.821046614126,181660.8621702544,5141.302788885428,4873.634047494336,7689.898887527316,7058.099965514957,2198896.798320819,2198543.386600582,78665.35927523844,[-0.01979273 -0.99772531  0.06443958],[-0.84436978  0.05119506  0.53330923],[-0.5353951  -0.04385519 -0.84346239]
218,163713.60434296966,151435.3201353163,147676.56857685713,7961.930830657985,6935.33452744554,7927.979375528702,8267.58843905161,3952717.162796039,3952449.9831425804,151664.11981327823,[-0.46006479  0.82283949 -0.33357991],[-0.64316453 -0.0498365   0.76410452],[0.61211092 0.56608435 0.55214919]
10,157137.15550210892,158391.97526514775,114170.3433182711,1182.0411431225073,1619.6268953097338,2394.0399047549695,1898.5854739011488,792611.3729313255,792590.8228930066,7839.067541395102,[ 0.59182742 -0.76663037  0.24903451],[-0.50663155 -0.1134813   0.85466161],[0.62694879 0.63198091 0.45556047]
20,131203.53145372815,145447.58774704387,196440.47215501242,3203.5163205971903,2499.206721189938,3941.075180052588,3753.0524534744336,1240844.8652096875,1240788.2293346224,18954.61227159656,[ 0.80515061 -0.58356531 -0.10575449],[-0.35780211 -0.62017569  0.69811157],[0.47298006 0.52424579 0.70813573]
78,37419.26012487414,78084.19568226648,192997.37548657123,3999.604111990757,6687.659667871624,6847.313753464076,8111.30642132693,1870265.936856017,1869739.2874867364,56907.65860708033,[-0.7379253  -0.56362811  0.37120021],[ 0.651366   -0.73873357  0.17319077],[-0.17660287 -0.36958904 -0.91225839]
244,179118.4870986579,184200.324741789,52684.488816648496,12877.394548988357,10759.710336642915,9905.61979857741,6179.48161528501,4105799.0382317915,4100410.732706448,288629.4530273127,[ 0.0569895  -0.32577702  0.94372747],[-0.72815844  0.63313677  0.26253214],[-0.68303549 -0.70214469 -0.20113514]
141,181527.14542691584,146018.52315931502,19118.780312356335,6615.23926749244,11175.159938153258,8109.585774702356,10516.396205039402,2780700.013428762,2779298.9091726565,132357.75628474192,[-0.56555951  0.6336393   0.5278671 ],[ 0.27892395 -0.45538485  0.84547387],[-0.77610816 -0.62540056 -0.08081006]
522,121491.73060663346,119796.09448491634,113066.77893422636,13316.705403342698,16311.558932126074,11882.359213856276,15155.141820448724,4706451.702982004,4691590.5851407945,432949.2297140985,[-0.75331758  0.64564836  0.12510322],[-0.28121547 -0.48819612  0.82618546],[-0.5945002  -0.58719907 -0.54933302]
48,144269.52496522813,46886.552253669746,88294.77381040894,2683.306440028463,6115.386485527721,7038.211831847243,3737.8115711963464,1217647.538424625,1216596.7678813194,61909.71360733615,[-0.554176    0.57951043  0.59754215],[-0.1324578  -0.77010166  0.62401792],[-0.82179309 -0.26666664 -0.50353254]
30,95581.68180097817,79601.81301322007,182052.03327586642,3963.4879371319144,4909.2937580618345,3445.7421257025103,3203.3563027288533,1208213.6436034911,1207886.9036367089,35284.45716303258,[-0.54084343 -0.62866878  0.55880582],[-0.72089603  0.6887387   0.07712274],[-0.43335586 -0.36112957 -0.82570463]
47,99218.95585753319,4480.748137428076,7348.871988868869,6121.862784730786,2648.7626341227096,4130.778115015327,6261.121814636974,684647.2498330033,684332.0926907654,32734.63030186349,[ 0.04441893 -0.99894763  0.01142741],[-0.0748732   0.00807768  0.99716035],[-0.99620327 -0.0451484  -0.0744356 ]
55,77790.53300374221,120431.37512854126,104843.8211632316,7331.73399880442,5231.700064133056,3639.480754113289,4614.675509832467,1318968.1216277508,1317907.6091866402,63462.716577479034,[-0.35027104 -0.47595798  0.80670577],[-0.82783289  0.56022944 -0.02890795],[-0.43818135 -0.67794319 -0.59024582]
34,35610.00203942577,127306.52760562487,123694.30804092217,3850.90144671121,4082.2714707020637,3989.485880007285,3813.7897876972784,1056214.5380081811,1056050.74568709,33352.511287515954,[ 0.53312942 -0.66142826  0.52752789],[-0.82291485 -0.26064178  0.50485346],[-0.19642853 -0.70326277 -0.68325494]
14,9719.668332141544,166043.5087786605,144154.0755509419,1845.4893075939708,3193.04840374011,3798.4119342670897,2169.438150163245,823764.4259281722,823614.2338161445,18039.97430318622,[-0.98199144 -0.0877647   0.16730262],[ 0.18369087 -0.65055191  0.73691239],[-0.04416415 -0.75437363 -0.65495798]
58,146100.63325651645,46664.67696230156,174713.79135844827,6398.475932101527,2888.3307441964853,5453.797144805107,3353.7746588440755,1771721.3602616068,1770821.2927174421,62597.302209283516,[ 0.25040674 -0.96690634  0.04887315],[-0.73641702 -0.15745863  0.6579489 ],[-0.62847946 -0.20074586 -0.75147499]
301,144901.53514171677,20271.90449092737,8815.479288149136,12436.134137004114,14560.757367701619,5292.474871722465,10894.826392446936,2564594.2344184597,2551880.4651020444,287058.7696526653,[-0.0532038  -0.05067418  0.99729709],[-0.13578524  0.98980256  0.04304951],[-0.98930871 -0.13312782 -0.05954207]
19,201901.4259353535,17675.8267580899,81884.92357319026,1467.9008456433671,4128.014180642711,3360.9058196914348,1837.0696130366114,953026.9452297979,952937.122116453,22717.162599975723,[-0.33230596 -0.31822647  0.88786523],[ 0.19102127 -0.94456016 -0.26705239],[-0.92362526 -0.08085805 -0.37467099]
16,55088.52267910476,191236.697713618,11109.353811155637,1920.7741375789926,3278.0237391714245,2696.8525359213704,3147.894785848889,797465.0211517059,797435.996189398,13726.852695835685,[ 0.87184056 -0.27467019  0.40552476],[-0.40441379  0.0633756   0.91237767],[0.27630333 0.95944766 0.05582699]
348,111433.9598847056,96301.48372902539,49865.23282573569,6801.625902439585,10873.015180098648,16570.739297413667,13333.107049391563,2925311.897864007,2912828.6828423473,302479.6071901319,[ 0.46707493 -0.76776955  0.43860109],[ 0.52245185 -0.16055303 -0.83741673],[0.71336181 0.62028432 0.32613233]
24,193986.69192526638,83016.2528471359,190691.94418029976,3143.5951917387733,4351.831187471901,4268.437944721758,3774.1538872880096,1393653.4029515395,1393458.406316486,28062.594712743845,[-0.73089112  0.30163719  0.61221988],[-0.02362886 -0.9076791   0.41899921],[-0.68208493 -0.29177674 -0.67054193]
395,168064.76132116432,186826.12891740663,195061.24400854038,10376.230896039046,9914.895082186713,7637.415218932653,9150.589912146947,6329096.022628025,6326733.922523747,265927.18453504215,[-0.1764541  -0.63035132  0.75599018],[-0.83054629  0.50754097  0.22933607],[-0.52825829 -0.58741755 -0.61309364]
145,67707.86163571327,82854.37528436678,30550.494440688642,6772.550526789191,3727.973457247132,13245.227632657507,7127.816310374612,1350946.175960426,1344379.645430918,163496.92777633408,[-0.76821018  0.63962562 -0.02705894],[-0.19853135 -0.19783349  0.95992042],[-0.60863653 -0.74279268 -0.27896344]
77,97305.26744675773,48619.310296258125,10935.97308450752,11985.842232276516,3866.8773759446426,5175.495272991986,10398.868711992613,965671.2619321125,964799.9305535724,75899.39485610748,[-0.0616284  -0.10011357  0.99306556],[-0.44738512  0.89217732  0.0621786 ],[-0.8922155  -0.44045079 -0.09977278]
119,178986.2656532587,5328.632726773595,34742.571604383076,8369.334845773861,3981.771154303575,9447.162142249046,8632.72738449953,1994606.2093476455,1992463.5360255933,109285.45620776605,[-0.00446079 -0.98505589  0.17217719],[-0.19304723  0.16978835  0.96638744],[-0.98117933 -0.02892747 -0.1909197 ]
23,35375.10891541252,91418.05300909169,134525.17314263017,4216.994771667871,3878.2703712409348,2867.139490249993,2840.7270834384385,798687.869112247,798555.8575798577,27488.210330928167,[-0.62980895 -0.55532292  0.54309957],[-0.74708596  0.62445656 -0.2278521 ],[-0.2126106  -0.54924535 -0.80816229]
2,41695.57640111403,191925.52511184366,108582.37694764923,964.5172739196278,629.6845696809614,834.1008736626172,762.8692334886,317383.3120533463,317378.77328907576,1697.3613266440677,[-0.34049193  0.5179366  -0.78473366],[-0.92171166 -0.01895999  0.38741209],[0.18577636 0.85520886 0.48384393]
41,119385.86897819905,39486.53064206161,195142.08321639223,3351.0002347274094,7782.956223430221,3044.7220546057706,4077.289044955155,1487487.7505290036,1486809.7950650435,51170.83147135413,[-0.82835021 -0.15524552  0.53827016],[ 0.22223215 -0.97306172  0.06134945],[-0.51424586 -0.17043977 -0.84053642]
44,30525.42220362553,173746.25420379525,104013.1282129808,4240.483955739017,7569.7475047095,2811.823620698578,6510.69577357995,1359535.1064679013,1359326.9286463382,42249.6285899169,[-0.46920328 -0.39130814  0.79166042],[-0.87050503  0.35575424 -0.34008809],[-0.14855732 -0.84871483 -0.50755676]
44,137064.67376242683,143389.5607245162,4159.799908726931,12195.117932024807,4684.748076945772,2056.0274160248523,6613.4594917870445,1318932.3707712896,1316868.0977777892,75834.83894443096,[ 0.04854039 -0.07527154  0.99598094],[-0.72029891  0.68817202  0.08711347],[-0.69196338 -0.7216325  -0.02081388]
76,40819.17688622986,49823.05396379287,101153.33872200172,4703.332510317291,3980.880527994825,6419.152279776886,4888.794869875549,1047844.2773255417,1046777.7452726703,64461.35619304939,[ 0.63020646 -0.76658709  0.12322362],[-0.69814519 -0.49003704  0.52197412],[-0.33975448 -0.41497944 -0.8440136 ]
449,152012.1302644359,16166.298887454239,174882.64485684293,12586.990031390458,7847.57319531709,13777.253597274674,13454.523377399668,4937956.990188413,4932519.794189889,323463.9430667732,[-0.17423927 -0.95533717  0.2386872 ],[-0.73594513  0.28738614  0.61302037],[-0.65423654 -0.06884846 -0.75314968]
2,85507.83790791684,143637.87213809256,130146.64479994238,183.95770058011112,38.05399636659422,668.8446205540822,459.33522054587957,299606.610242153,299605.7035509401,737.089234438587,[ 0.91492288 -0.30112807 -0.2687713 ],[-0.00276384 -0.67054583  0.74186296],[0.40361923 0.67800456 0.61432999]
30,17169.818268517938,23755.67674901806,169091.37868088335,4997.677998787158,3690.34105697245,2590.972891104763,2934.4297873123287,940554.6433199699,940227.201870826,33317.1915879283,[ 0.49679008 -0.86496044  0.0710144 ],[-0.86205527 -0.48234965  0.15556196],[-0.10030117 -0.13849998 -0.98527023]
5,66731.15985652336,108478.88531209486,84885.64692566385,1600.6201528722931,542.3123715110498,3553.8253959655794,1683.8468870904383,342352.87600801286,342269.85957955685,7975.1000685363815,[-0.74940163  0.62716087 -0.21228858],[-0.49836387 -0.32319278  0.80447491],[-0.43592505 -0.70867177 -0.55475551]
29,117079.82775311862,149419.62123089618,151584.93174612214,7817.810355571535,1849.1673525438268,2158.8449440548575,3438.3009515207546,1308919.6581562262,1308347.8075542809,40731.865293512135,[-0.10400385 -0.6670026   0.73776062],[-0.86983105  0.42068568  0.25771593],[-0.48226252 -0.61492365 -0.62393251]
111,87476.91828226637,88591.98869897469,103755.22659397584,6827.311479278465,6200.738990186582,9928.05532657211,3862.484433882672,1711975.3554839266,1709487.2840717784,136339.50824192178,[-0.61353355  0.7761344  -0.14557463],[-0.57692454 -0.314683    0.75374577],[-0.53919816 -0.5464339  -0.64083956]
4,118694.37587455392,180392.15623809362,191898.4665190137,894.8103381570251,610.7201250074398,733.6517503440924,356.1895304399286,577774.873427467,577772.6230951158,2517.479753679317,[-0.64455125  0.71425435 -0.2727534 ],[-0.64477737 -0.31609019  0.69595196],[0.41087204 0.62444193 0.66427137]
25,44380.59019228725,197083.43249862027,73798.09098884385,1864.524447975508,3372.710472437262,3744.9069061104515,2839.100646488521,1075669.8406569755,1075517.4634382958,22893.159174831035,[-0.97838368  0.18814245  0.08583588],[ 0.01411205 -0.35336107  0.93538057],[-0.20631585 -0.9163724  -0.34306763]
21,3930.582312592365,185119.10321166797,16567.007631326393,2316.350836732322,5420.763707748517,5033.4858780387485,5712.6166789706995,852579.6695916359,852370.166236079,23969.220214023127,[-0.98786334  0.03446329 -0.15145394],[-0.15390079 -0.08540985  0.98438799],[-0.02098959 -0.99574969 -0.08967718]
63,31562.147026326686,123585.33364693735,164921.07520631157,4863.399381853187,9979.977343175135,5344.574299502466,7657.868185186145,1657436.477395706,1656238.949425775,77022.01183082799,[-0.83143349 -0.35666835  0.42603525],[ 0.5348385  -0.72151528  0.43973115],[-0.15055275 -0.59346726 -0.79065193]
99,178992.94440100872,159765.05871778037,96538.5250029882,7051.95805919855,8192.51024468929,5945.998694768906,7174.141279706034,2575668.592596223,2574692.8147908826,99323.57257243006,[-0.72126852  0.60960647  0.32886421],[-0.02393832 -0.49644232  0.86773958],[-0.69224178 -0.61800079 -0.37266117]
3,88054.28242333948,26978.337434461748,35144.83823779597,3246.44229111256,1675.4794893416288,2409.5941669994204,3672.7704562876443,170887.01312703767,170864.4605271252,4142.878645440836,[-0.33843879 -0.11376018  0.93408662],[ 0.29590355 -0.95517432 -0.00911645],[-0.89325264 -0.27331419 -0.35693008]
19,85569.21280020455,170732.56903676083,201123.85041572223,3017.0572043816105,2457.3164954595186,1880.5062180863165,2195.296566882874,1209043.4990252363,1209013.9979869497,16243.23600441303,[ 0.25878616  0.67926709 -0.68675028],[-0.9153305   0.39955258  0.05027745],[0.30854466 0.61559237 0.72515256]
299,86365.42992272109,173084.42908336496,34424.24094432274,12086.810786450143,10690.419778362675,7554.123342039769,12683.350993314707,3409604.4733531526,3406115.0760548627,216665.28550123132,[ 0.13389666 -0.25815733  0.95677922],[-0.88786199  0.39760892  0.23153452],[-0.44019628 -0.8804896  -0.17596958]
9,193392.33969242277,33788.930713513466,185839.70399803665,2072.2883285836265,688.9124754362932,847.8436400055657,1692.6246894449187,811020.3162946575,811010.1786978861,4861.876016317858,[-0.14979367  0.98843003 -0.02383133],[-0.68246036 -0.08592431  0.72585458],[0.71540878 0.12499236 0.68743523]
32,164090.6020417242,148600.6800343666,119027.99769205102,3296.535342063409,3106.9531408407597,2366.266539317176,3033.3653061649493,1422071.3845748627,1421998.1111732149,23266.447057554204,[-0.42755542  0.80362582 -0.41398297],[-0.62527526  0.067832    0.77745075],[0.65286079 0.59125659 0.47348541]
6,114893.26740019694,136870.07109455,159595.05899926182,2680.270995200448,887.1276737553325,2079.1033056128103,2229.1610478396033,586928.795148108,586917.1246727812,6629.160088232262,[-0.21884698  0.81297798 -0.5396043 ],[-0.84976935  0.11300734  0.5148994 ],[0.47958112 0.57122338 0.66611246]
12,174949.65079629992,2302.031387347672,153343.0257947636,3667.1391716429002,1723.7423711397819,3361.44239413089,4792.790653882388,806121.7927751187,806113.0421627435,7548.484495737633,[ 0.64549471 -0.21386867 -0.73320991],[-0.13366721 -0.97681173  0.16724809],[0.75197716 0.00995163 0.65911404]
69,91197.89461882791,88185.26976441512,16741.13228139566,3557.0234642542023,6976.15796912769,5228.864066741812,5546.500424392029,1065034.1152895628,1064690.148553728,63081.41932800173,[-0.37190558  0.21179705  0.90378551],[-0.59570755  0.69223897 -0.40735454],[-0.71191204 -0.68988928 -0.13127843]
27,147757.36951918027,157525.439866457,52813.00235515349,6540.099871039709,5919.611198648446,1899.1492280814232,8174.644248234103,1156205.9820188773,1156167.3532020461,19755.81296614602,[-0.42684365  0.62069448 -0.6576799 ],[-0.61318592  0.33589137  0.71496854],[0.66468603 0.70845984 0.23722801]
2,151149.84959960496,38906.649115857,139741.36277070432,1060.0647857357108,1986.2846073392066,1742.051374888033,766.0080395293044,296296.3268598018,296270.95644957124,3877.328341363376,[-0.36525023 -0.71634274  0.59451269],[-0.58827727  0.67256981  0.44897627],[-0.72147219 -0.18574962 -0.66706444]
97,99086.98665856132,153209.64713858545,180251.24706480774,5198.058492340035,8204.660627991705,7980.168446343004,4597.140770411351,2528622.2872870923,2526908.4741395833,114694.40645149928,[-0.90968141  0.12089759  0.39732041],[ 0.15230388 -0.79292406  0.58997879],[-0.38637193 -0.59720617 -0.7028951 ]
81,171960.33576849452,199453.2156367538,103916.9820929675,7399.739897800014,3526.319385221325,12979.76534640282,9753.661058878886,2551488.5706679234,2549697.438554441,107411.53070368376,[-0.79426523  0.54327759  0.27201508],[-0.00842904 -0.45751896  0.88915991],[-0.60751271 -0.70393598 -0.36797071]
3,116175.4569403222,143060.86610472604,138083.1979096918,1897.0354832433397,2115.1668939768047,282.2197343987092,2223.2049751519285,398886.48469453567,398885.39831219113,3103.5112824959556,[ 0.79296111 -0.60814184 -0.0370969 ],[-0.34158296 -0.49415985  0.79945426],[0.50451338 0.62126447 0.59958044]
45,106520.29325100868,64773.26802753309,78820.1543805613,3638.727724190531,3832.124209273591,5227.611574454672,2689.419482362753,990325.1093337236,989949.6011114712,46451.07192103886,[-0.65175662  0.69056419  0.31358317],[-0.23151419 -0.57488007  0.78480194],[-0.72222883 -0.43890091 -0.53455731]
3,46582.280444034,43037.516523067774,2228.484942735578,1059.0282929974965,254.5542570632517,807.2778642815409,864.8324816142999,109939.41760357608,109925.80172388896,1813.2127008304335,[-0.52536194  0.5999233  -0.60339612],[-0.43016373  0.42458379  0.79667294],[-0.73413486 -0.67810076 -0.03500508]
19,47271.527468415065,11538.500739651983,83499.62043215508,2335.472068316898,5695.5987078934,2064.8492173726795,1766.6897665088345,422086.19314685225,421448.8075912669,27260.639049015666,[-0.82603254 -0.25471653  0.50278199],[ 0.28034012 -0.95956065 -0.02554964],[-0.48895773 -0.11984513 -0.86403558]
28,192549.1261463536,87380.93828242327,4672.500286986559,3535.477180930209,2926.0503225534535,2454.4183434490874,2946.643514177801,1119428.1832081412,1119328.7076098823,22725.92139664898,[-0.14005044  0.25744037  0.95609117],[-0.38922069  0.87356043 -0.2922318 ],[-0.91043568 -0.41305765 -0.02214141]
54,10392.612562744289,123582.27392892668,149804.57129103143,3848.638953533806,4650.465848002713,5039.841062382619,5900.555401801413,1430105.663897219,1429965.4202139876,38087.77854692694,[-0.6526756  -0.56150176  0.50865542],[-0.75573694  0.53002284 -0.38462639],[-0.05363059 -0.63544595 -0.7702806 ]
71,12742.071915345627,62912.963745249945,114378.66140350452,5737.437421678463,7100.920381825594,4984.149090011985,5432.031177368799,1108237.687632988,1106497.892779553,75116.76654099903,[ 0.76680086  0.52256523 -0.37274927],[ 0.63456796 -0.70457703  0.31763927],[0.09664334 0.48010081 0.87187343]
18,57087.39247958869,139089.5240211949,166240.8388087913,4237.272585878052,4306.4808264613075,2068.8003415722014,2826.9451736110213,951305.7180700222,951087.5237771973,24286.04395330772,[-0.74258591  0.61678794 -0.26103409],[-0.61936957 -0.4841168   0.6180714 ],[-0.254848   -0.62064769 -0.741518  ]
7,89302.31017330031,13466.426444848921,24136.157930432757,1879.4365786389758,788.4582833280828,785.4934908328407,1732.7962551223707,247385.30455269132,247382.69806295694,3510.577019332287,[-0.17536236  0.97910646  0.10294942],[-0.23786949 -0.14360933  0.96062192],[0.95533562 0.1439684  0.25808323]
21,64497.93519323175,106277.13644927923,186807.94384370983,5006.2984840964245,3171.5465455758695,2538.0933974336695,3316.0895990315444,1028614.3615913244,1028514.4075021652,25321.43118936999,[ 0.22494124 -0.87826712  0.4219577 ],[-0.93094643 -0.06587515  0.35916461],[-0.28764594 -0.47361094 -0.83243768]
132,72199.14690282865,11229.01566303321,148786.64193952363,9976.766150271855,6272.808594163087,12165.937010520018,7524.1607792853665,1913111.8705798318,1907682.2851350298,173859.74149821227,[-0.05756551 -0.99300435  0.103095  ],[-0.89968519  0.09635985  0.42577146],[-0.43272713 -0.06824329 -0.89893831]
13,26169.51320865855,202296.90174771307,111572.70636796049,4575.171364687633,1699.6635503734863,5794.034499363251,3058.8863168651214,838597.7529774468,838519.5800973958,24939.4727863353,[-0.87193288  0.31816819 -0.37215865],[-0.47651488 -0.37671222  0.7943686 ],[-0.1125461  -0.86997523 -0.48007965]
28,102110.21516236584,57610.18816331855,96123.80408298757,5289.41739943896,4053.4727222626475,2790.766348493793,5785.103004133375,803026.0045840445,802943.5294099215,22935.208342356003,[-0.60062339 -0.21784286  0.7692828 ],[ 0.43044371 -0.89892895  0.08151658],[-0.67377278 -0.38009371 -0.63368684]
28,16817.577871347454,154683.4644681699,89034.21794099423,3918.0643987972494,2939.7239015877494,4278.003182548391,2800.3986021385062,949044.0373607285,948888.502515684,30996.028288171132,[-0.77283619 -0.25150917  0.58263827],[ 0.62764935 -0.43850189  0.64325141],[-0.09370436 -0.86282051 -0.4967497 ]
15,144046.05262022564,19071.89409204855,95110.07493801629,2250.0487479653225,2353.335500226311,6325.927781582228,2583.1127355710664,673102.9762876146,672723.1998832118,25735.01455590826,[ 0.0692931  -0.99313039  0.09428947],[-0.55459922  0.04021461  0.83114529],[-0.82922745 -0.1098855  -0.54800274]
22,3675.427101118369,114550.13687118894,38639.655266281436,2490.5442368384365,3065.7288864188495,2992.738049500443,2951.878098621972,567684.4997619066,567551.2627987423,18550.194766147324,[-0.8663422   0.18443811 -0.46414845],[-0.49851823 -0.26256017  0.82616084],[-0.03050865 -0.94712446 -0.31941271]
9,67597.59046881559,34556.18087863651,46418.83819310659,1070.1692559559992,2076.1652634526645,3208.2065922271995,1976.2328979248477,267145.0408875731,267094.6214695266,10313.263415463896,[-0.52985836  0.83473382  0.14989853],[-0.37763326 -0.39047914  0.83959464],[-0.75937029 -0.38825957 -0.52212189]
6,86834.87944613436,56747.40028672994,32267.014115536964,1813.0993106110132,1404.7679214873008,2103.4892769012586,1985.6408511044217,266191.6433938857,266166.52600865404,5856.703987357036,[-0.51533976  0.85013332 -0.10815859],[-0.30905957 -0.06664854  0.94870446],[-0.79931666 -0.52233257 -0.29708848]
95,160390.14968787492,34217.34398820283,60255.0516406237,4399.930412150918,5672.055428296384,7327.105818810936,4516.410939690052,1705389.8082531057,1703993.2465347596,89881.43237041247,[-0.00786869 -0.86023231  0.50984161],[-0.39686145  0.47067092  0.78801642],[-0.9178448  -0.19613582 -0.3450966 ]
3,2552.4686643248792,28884.654889331443,104211.14479804238,596.9323862203713,2029.3703708148666,995.6769501664737,854.685380559508,187398.05355111446,187364.18126950628,3773.046396472212,[-0.99035878  0.13782628 -0.01390664],[-0.13649519 -0.95378242  0.26770909],[-0.02363344 -0.26702623 -0.96339942]
4,126519.05244803718,192643.38615235343,161030.4621999338,2306.0378704364934,1761.7076169912486,2077.805230241451,907.1954832690934,562346.4340062492,562330.504373715,6902.067683253694,[ 0.75520023  0.05031831 -0.65356   ],[ 0.47661638 -0.72664736  0.49479333],[0.45001048 0.68516544 0.57274679]
84,154080.7467823862,154910.22299737995,189466.22494182177,3672.3804095168975,7417.236080501971,6979.8581471949,8533.760187148531,2652180.3451372692,2651919.6019253274,60987.90273032316,[-0.08123476 -0.73814166  0.66973712],[-0.84254649  0.40983586  0.34949961],[-0.53246251 -0.53589314 -0.65521158]
28,53342.9480065707,111734.72293703484,31571.60446797195,3357.903781808875,3946.8151325895415,3456.0141957955975,4646.864022408323,676809.8354218686,676700.1970923181,21987.614055176247,[-0.56016494  0.03311673  0.82771887],[-0.7155012   0.48420201 -0.50359353],[-0.41746051 -0.87432928 -0.24753793]
74,151164.7242132933,23139.728410760385,29894.150902848363,4669.151642946,6440.325173488783,3659.215267281186,4344.607135927197,1342182.0536006088,1341290.029576221,65251.48001976301,[-0.2281554   0.29283708  0.92854271],[ 0.08178012 -0.94456251  0.31798376],[-0.97018407 -0.14848605 -0.19155879]
18,60867.91733828606,113602.8423504315,123695.99005834326,2549.603768942938,2426.2658578071937,2343.7034419635443,2651.7235468058007,758058.7331266318,758022.9643645586,13974.454828839584,[ 0.10156054 -0.75709225  0.64536562],[ 0.93466462 -0.14956215 -0.3225418 ],[0.34071616 0.63595793 0.69243773]
12,66576.32463987368,158365.53200038048,186240.8529407999,2822.5613291005347,2391.7616056998695,4329.401028203222,4387.330738585975,877890.919176361,877879.8619984746,12558.85531381022,[ 0.53377367  0.54051901 -0.65032675],[-0.80376557  0.56326507 -0.19155512],[0.26276716 0.62495733 0.73510663]
15,109808.04996123075,70086.5587857545,183793.23612430735,2754.1143686470873,2896.7172791284215,4224.697612661713,4707.464778802233,872753.8710425344,872717.8911713887,13247.819767386758,[-0.56817794  0.82250377  0.02571742],[-0.66304437 -0.4760873   0.57767902],[0.48738691 0.31117269 0.81585879]
11,175007.54825989253,24492.648617874467,82236.67921463116,2943.4043994219933,918.6024080539261,2445.867171601978,2667.5428953324113,646569.088464657,646518.0622852151,9615.25816184469,[ 0.11379333 -0.99207927  0.05319582],[-4.25222168e-01 -2.42420337e-04  9.05088973e-01],[-0.89790711 -0.12561313 -0.42188168]
18,71304.51460779086,124972.72887257091,31945.827120815902,2610.118929425354,2391.6923626514895,4328.698419413737,3241.615865056826,625690.9303884994,625536.3740640477,19254.57851897939,[-0.8593999   0.50712124 -0.06526769],[-0.16543276 -0.15500138  0.97396436],[-0.48380143 -0.84782228 -0.21710263]
2,107522.56243022191,16047.617270957355,33329.0219200836,856.8556636810463,842.4732404439237,1202.0687638276013,1281.423317963483,160824.99859093872,160817.24731014294,1578.967815945242,[ 0.06922092  0.79307867 -0.60517327],[-0.31797328  0.59252842  0.74013719],[0.94556938 0.14119595 0.29319318]
96,140021.81696673945,152374.46086635665,22219.69305675723,5422.547404499245,7386.462387285936,7035.774203403473,6803.916787914276,2041704.9566681504,2041010.1314590636,91441.99369758308,[-0.67777409  0.5517924   0.48595002],[ 0.29705344 -0.39907985  0.86746442],[-0.67259314 -0.73229804 -0.10657415]
