N,MEAN_X,MEAN_Y,MEAN_Z,SIGMA_X,SIGMA_Y,SIGMA_Z,SIGMA_R,LAMBDA_1,LAMBDA_2,LAMBDA_3,EIGEN_1,EIGEN_2,EIGEN_3
680,109796.77089566799,163762.6991111683,108243.81953683283,17101.819683467736,12773.673769244104,18368.632439573073,15767.275283372821,5907781.840636328,5881777.610494882,619777.8887291435,[ 0.49002794 -0.68474664  0.5394392 ],[ 0.72276125 -0.02680058 -0.69057795],[0.48732822 0.72828824 0.48177531]
390,192361.87494332198,136285.8876645762,39458.92401672076,8844.619024514053,10092.362836845457,17653.21864376258,11337.699470094272,4737211.198706679,4729029.791079755,378314.8023943444,[-0.56556613  0.82090411 -0.07906574],[-0.18209515 -0.03079673  0.98279851],[-0.80434837 -0.57023504 -0.16690025]
805,19792.077882570306,144345.14194665253,27896.83671917481,12764.943646655262,11963.217241967814,10769.518563054264,11812.966002188467,4241607.670283231,4229948.031850104,473939.6994741385,[-0.51639769 -0.09470283  0.85109624],[ 0.84600366 -0.21043625  0.48989222],[0.13270732 0.97300974 0.18878774]
744,119816.42433878199,12194.23666715,85263.58895293686,12200.793239282955,9045.234083244317,27729.55743647766,20913.776160320904,4108945.8336637006,4074866.136956626,632438.1246849356,[ 0.12453388 -0.99165295 -0.03340273],[-0.58241815 -0.10031329  0.80667611],[-0.80329348 -0.08100415 -0.59004908]
586,145024.6602441172,14159.029058520224,175753.92653371746,17229.6234280632,7576.2321865622,12648.162915510382,13471.410168397675,5550674.285069652,5539566.491523005,439284.85161787836,[ 0.03780289 -0.99809835  0.04868898],[-0.77062924  0.00190016  0.63728091],[-0.63616155 -0.06161221 -0.76909195]
33,196885.84464152856,26880.824130698045,19865.787308090257,2901.446798395622,6966.954296164776,4609.620665874239,3693.5880838145717,1148058.476007555,1147672.8720678748,46191.991295233514,[-0.07022908 -0.20735513  0.97574163],[-0.15241317  0.96890239  0.19493177],[-0.98581849 -0.13502599 -0.09964877]
118,67772.5488850854,81814.52951635575,27337.547593295763,6259.269966835012,4194.157764253365,14498.62409772245,7269.80309678833,1203318.5936557816,1195611.757283789,159957.04964692332,[-0.77371316  0.63294847  0.02727958],[-0.14081942 -0.21379988  0.96667445],[-0.61768749 -0.74408726 -0.25455122]
2,94082.61874314123,46899.516721301334,138280.38330698776,856.6843596974213,2326.0700297948533,788.8937116006127,463.93869265302783,245680.01582933124,245653.34745689863,3619.8150671876333,[-0.80665913 -0.09950624  0.58258009],[ 0.23648926 -0.95771571  0.16387022],[-0.54163999 -0.26996134 -0.79608228]
1982,25606.864518083938,37569.454254625496,41673.98035220957,14133.178181523184,19170.0284131067,29920.557461556626,20704.636262054228,3172462.9771698294,2929955.523998479,1492226.503375836,[-0.89477618  0.40547556  0.18698972],[-0.19452107 -0.7309244   0.65414913],[-0.40191683 -0.54894362 -0.73288728]
1309,104252.49845663398,118060.90534138586,47406.348296760785,22769.353327167566,17149.255212372504,18750.7284425418,17734.837732921864,6046372.087795812,6020960.671447467,1032146.7064360555,[-0.26810305 -0.14983859  0.95166651],[-0.72344604  0.68365    -0.09616912],[-0.63619697 -0.71426261 -0.29168878]
3803,142658.7528895538,100848.44795763586,112330.7284764768,35782.10852196331,22517.709579534712,44175.69058453492,19316.15345758091,13297274.027849805,12942321.71474816,3498662.303652828,[ 0.42458588 -0.87109356  0.24682553],[ 0.59031856  0.05964379 -0.80496374],[0.68647712 0.48748192 0.5395466 ]
165,59136.889755285396,187926.99132901515,169177.04756150683,6799.306476549478,8675.524041797311,6952.238424213058,9768.641098927275,3339105.248932341,3338839.1164918775,109502.38588646425,[-0.95036017  0.0200981   0.31050218],[ 0.21162935 -0.68979238  0.69238681],[-0.2280977  -0.72372822 -0.65129786]
34,62719.31317008535,7278.448342024187,35896.2127217802,3405.442813261263,2355.602443024886,2358.643465847377,2602.2911731291674,424185.3449311502,424016.1637407392,23166.41329184282,[ 0.00626818 -0.98218898  0.18779115],[-0.50351503  0.15915109  0.84920171],[-0.86396373 -0.09987862 -0.49354933]
388,102538.0895280809,173000.47515085328,187337.47590317417,8924.905852442478,14433.522849075754,11794.717877528827,13063.243182057153,5426811.94972615,5422155.77872508,315092.3012775817,[-0.85752441 -0.04676977  0.51231287],[ 0.35448181 -0.77542337  0.52255262],[-0.3728197  -0.62970722 -0.6815235 ]
7,101865.32562314272,48834.98227709384,2546.931874058981,2215.0172096408933,1489.2003846726602,1412.1727435197738,2103.0684067840116,299039.7020222994,299032.26387796813,5747.53605991229,[ 0.14941716 -0.26241416 -0.95331701],[-0.4060812   0.86279262 -0.30114274],[0.901539   0.43212    0.02235457]
631,53053.036803714356,165463.53068617944,133054.19155118408,10562.6965054402,17661.320163279874,9541.247388254835,13726.850047893182,5520628.290178073,5514535.886353718,454889.7929696432,[-0.96854038  0.22553298  0.10518745],[-0.05697672 -0.61242389  0.78847361],[-0.24224611 -0.7576753  -0.60600739]
10,3873.254960005651,169142.69614158274,112833.57524025805,2110.779254438638,3658.006787609462,2495.1535658169682,3980.5684871083904,643258.1197129968,643219.9488162644,9040.023196063792,[-0.65411461 -0.4093106   0.6360809 ],[-0.75615543  0.37503395 -0.53626346],[-0.01905362 -0.83175379 -0.55481762]
313,183953.0821156952,186332.87980745695,56355.48862889493,13915.833942190407,11437.008109882752,12567.325998425858,11651.310525775305,4750943.201230192,4746479.582705673,327597.82834346074,[ 0.17473744 -0.44027994  0.88069314],[-0.70545524  0.56799738  0.42392438],[-0.6868768  -0.69536505 -0.21134738]
209,98425.56225233404,191434.67035022826,13917.987433794047,8813.085161925645,7490.801264136304,7243.811439032296,8804.392744585812,3123168.6494550873,3122515.146929819,149996.64335390765,[-0.5507478   0.22481033  0.80382659],[-0.69864634  0.40277121 -0.59132787],[-0.45669482 -0.88726302 -0.06476244]
2,131017.69006626675,81670.08848257066,34990.93630236363,326.48982969581266,568.6062733631334,418.5788070628041,656.0825124438416,223877.6862632275,223876.9060739894,591.0442574113919,[-0.2159791   0.65623735 -0.7229838 ],[-0.51805509  0.55062239  0.65454863],[0.82763032 0.51591426 0.22104417]
671,18600.317299491613,109878.6876771477,87267.53953929702,10492.465007780838,14594.694025254508,16751.34367524269,15850.11052917088,3714162.2354313903,3696651.3875063052,486624.18111099984,[-0.90546473  0.34706794 -0.24428973],[-0.40382034 -0.52734992  0.74755013],[-0.13062451 -0.77552944 -0.61764984]
10,77823.71509300309,117370.71997577259,65441.52111737828,2130.4228268397437,2317.6711883106937,3379.212144546743,2292.2225883499245,491239.2759070805,491171.4241068855,12703.46243790528,[-0.68980417  0.64293361 -0.33287623],[-0.52259613 -0.12396495  0.84351999],[-0.50106237 -0.75582344 -0.42150615]
98,65172.47230589158,193929.2895140938,197513.1820391835,5329.229880362688,5504.581521036249,3788.130734173054,4285.752771493191,2815997.814882998,2815871.689703174,73256.66788586727,[ 0.63590389  0.43526383 -0.63731596],[-0.73694663  0.58770723 -0.33393096],[0.22920713 0.68201584 0.69449153]
8,64782.58173086544,157260.32429880163,71757.55708326827,2491.236296624369,1698.250775317111,4323.63470206966,2874.785203175987,522305.49057413917,522219.77683061134,12484.27750466468,[-0.91653581  0.22744853  0.32898219],[ 0.19176006 -0.47193972  0.86052367],[-0.35098461 -0.8517864  -0.38893411]
25,141647.82904753654,71225.03754446618,35420.17958518764,2861.8656447482435,3005.5264109187106,6551.480688000659,1929.1942664274836,813054.1555295442,812481.549447369,37537.56238296558,[-0.46163956  0.88447444  0.06777824],[-0.16299969 -0.1596849   0.97361791],[-0.87196331 -0.43841271 -0.21788592]
238,46242.84646054078,71324.56351121703,116355.61035167251,12110.545700949404,7906.555736814587,6655.745659062849,6356.57744067609,2234543.8917296934,2227072.902627351,226682.94726739594,[-0.42616314 -0.68616309  0.58954659],[-0.84556725  0.53377488  0.01001961],[-0.32156025 -0.49423131 -0.80767222]
44,32428.351389176645,122422.50669592916,163635.59663186257,3867.6259298671453,7124.937448416475,4849.193637310188,5569.457220591881,1373810.6465758854,1373205.4369075894,50655.85438071713,[-0.85291559 -0.32281249  0.41027685],[ 0.49809135 -0.7385481   0.45436959],[-0.15633301 -0.59189425 -0.79070929]
8,30388.63141325218,156760.9645856801,146871.4956840281,884.2634628402315,1414.3953742333756,2752.70926280673,1559.9460311551238,613698.1969636559,613658.0806225992,7957.609221679799,[-0.97343604  0.22555202 -0.03935167],[-0.1811345  -0.65351956  0.73491665],[-0.14004485 -0.7225223  -0.67701474]
387,152370.48814512495,13043.818999793477,17430.517216021384,20712.439363907717,10638.366867693238,12498.445327985724,20991.379484866855,3064786.972927489,3063326.4622576707,316688.17055127164,[-0.14183622  0.59132427  0.79386277],[-0.00688862 -0.80254078  0.5965575 ],[-0.98986617 -0.07914484 -0.11790276]
131,178776.68540083346,68995.04843744804,155222.31702745522,8105.766781195812,8569.146649943068,7379.751257317788,9522.848965550707,2826458.6098771296,2825238.058916716,116253.82040941282,[-0.60540763 -0.17716797  0.77594659],[ 0.3285272  -0.9436097   0.04087324],[-0.7249493  -0.27966453 -0.62947301]
110,159120.87207521245,36089.281745082044,61506.7845670691,6264.984276263614,6155.546990127978,7089.807380171459,5598.8944063081035,1831903.476625245,1830486.5692652569,102819.88075611951,[-0.04097436 -0.81195446  0.58228091],[-0.40686403  0.54582416  0.7324873 ],[-0.91256932 -0.20689596 -0.35271986]
73,158588.91451640354,114505.39805733306,23466.574965741464,5092.345976385957,4108.369454711523,7292.602491993751,4781.195154719042,1684944.340703553,1684121.6714525123,73162.71990462278,[-0.58649865  0.80985005  0.01273719],[-0.08888761 -0.07998797  0.99282472],[-0.80505797 -0.58115818 -0.11889847]
495,162326.97310919923,178744.43682184146,192706.15950787743,15612.227974374255,16353.788197435857,9854.417480604541,19990.411956914402,6892409.530951299,6890225.457267255,320358.5368201248,[-0.18931985 -0.63424979  0.74959002],[-0.82924993  0.51208808  0.22385341],[-0.52583509 -0.57921758 -0.62290003]
113,17640.45511423176,149955.90986076405,59139.05451904733,14241.587299393872,7255.137816356039,5625.693210429854,7186.299811076438,1732124.8839077274,1726448.798808273,163591.44245250843,[ 0.29474879 -0.38020375  0.87668025],[-0.9490708  -0.00961797  0.31491605],[-0.11130038 -0.92485275 -0.36367516]
36,24083.21271076493,24304.52085315353,197429.39010640088,4167.716273752131,3318.576430242716,2915.4996187527204,3143.8113053509214,1202663.7892642447,1202504.11031393,31187.22400753351,[-0.52920926 -0.83188824  0.1670315 ],[-0.83991095  0.541532    0.03595397],[-0.12036259 -0.12126441 -0.98529579]
66,41895.96976664906,106027.80681955161,7661.554828768759,4584.402026520151,4945.89835477962,5346.667864207328,4702.330551582942,930061.432449004,929893.6089935612,58606.89619731986,[-0.89531348  0.37132097 -0.24603761],[-0.25333619  0.02984702  0.96691775],[-0.36638033 -0.92802473 -0.0673466 ]
2,150962.58799783787,181051.70271678048,74706.96451187733,709.6799561899243,1613.981876689897,291.5685272802875,660.3403076794784,349724.8809380708,349716.9960607562,2348.4065637868516,[ 0.42218282  0.02192217 -0.9062456 ],[-0.6701451   0.68077317 -0.29572527],[0.61046475 0.73216618 0.30210177]
25,155247.46049457174,85720.38971825436,198654.20735377923,2190.719099988431,3341.005025322486,2978.754846851958,3037.884113549324,1331658.3658951875,1331615.310354608,19775.089664127056,[ 0.74927296  0.14209997 -0.64683663],[ 0.31424098 -0.93603997  0.15837231],[0.58296024 0.32192667 0.74600307]
188,12919.60014487836,109153.67379663621,161509.84902606255,6241.946919913125,12814.023549640158,10271.111571689205,7176.88771710668,2688077.8472115514,2681934.884221505,219685.1597149396,[-0.99027377 -0.06576352  0.12260919],[ 0.12287676 -0.82674241  0.54899753],[-0.06526221 -0.55872368 -0.82678213]
82,117483.69889384577,201130.15300984256,66081.03783061534,10265.308414385434,2934.6174587371006,9355.09186458233,5715.573362233503,2195316.54344901,2194034.650823426,118016.70934383453,[ 0.55408534 -0.5340505   0.63857615],[-0.67606812  0.15889492  0.71950282],[-0.48571734 -0.83038694 -0.27301317]
5,203577.13686933843,167550.3669133501,187184.11110801075,530.0106410081647,2383.6199013490955,1162.9966851299753,901.4489500273428,723055.2329972564,723034.1644565956,5705.59619903363,[ 0.74230589 -0.18123685 -0.6450854 ],[ 0.22935563 -0.8358476   0.49875323],[0.62958555 0.51818142 0.57888691]
682,90573.99936513955,38160.74536623062,70413.43872478216,14360.686332901676,12589.843996189415,17561.378860959554,8432.412327479633,3217317.295873509,3178804.3705273937,633328.4448829204,[ 0.43865418 -0.89527035 -0.07793275],[-0.49496544 -0.31307541  0.81055105],[-0.75006115 -0.31697759 -0.58045972]
57,134706.61443320764,141241.29278915314,4428.143498189291,9865.08952631093,6561.64925175427,2702.6868481489337,8722.63854815957,1476662.440034085,1475553.1775256272,64100.20589274792,[ 0.05262407 -0.08104353  0.99532038],[-0.7214018   0.68610643  0.09400751],[-0.69051441 -0.72297296 -0.02235924]
2,85994.98412021063,25791.188578476205,33899.86464616403,926.923908333898,72.34768302315388,888.1230436655387,536.2892306483482,135728.970450776,135718.9096374917,1652.5696469450504,[-0.22612597  0.96124793 -0.15770056],[-0.38188011  0.06145465  0.92216642],[0.896122   0.26874848 0.35318497]
77,143053.9894805136,135260.1620457131,200979.65291890083,7363.987125592744,8137.710192706876,2920.698814718657,6951.13494921202,2470316.487567553,2469973.1324416446,78287.97780533561,[-0.7560807   0.64629415  0.10317872],[-0.41181405 -0.59232504  0.69250288],[-0.5086759  -0.48109762 -0.71399854]
6,47447.83905246559,173906.8626288094,24119.157004029086,471.23856857575134,740.7365579345145,1247.43922354394,816.7421916873237,445503.2484958717,445493.38201358187,3156.091113375993,[ 0.96507924 -0.25498651 -0.06003281],[ 0.02358811 -0.14365039  0.98934734],[0.26089396 0.95621465 0.13261936]
301,87984.13759185342,173763.44569879456,34989.145432831116,10614.585084050881,11563.567583286957,7774.099192546698,13379.174307662299,3444867.471827914,3442799.501969455,196354.97680494454,[ 0.11397209 -0.25237918  0.96089287],[-0.88833074  0.40717649  0.21231064],[-0.44483577 -0.87778816 -0.17778943]
3,125566.23333940371,84169.82780909368,91957.99579672691,1835.215702765936,2791.0807851682316,678.6570615984674,305.3303311679887,306523.93170223304,306470.9836321026,5882.090276709209,[-0.40358127 -0.33018262  0.85328869],[-0.5775178   0.81528016  0.04232562],[-0.70964452 -0.47570758 -0.51971814]
49,11474.208735928925,62966.06641916804,116358.77377843906,4197.755822880272,5090.844920609047,3745.135800003106,4635.117545098889,930961.607473752,930309.1938783765,42187.42622253318,[-0.72558499 -0.57254763  0.38172717],[ 0.68267893 -0.66862596  0.29476909],[-0.08646335 -0.47447712 -0.87601116]
325,188992.47358895917,49364.094478353116,16789.78433530356,10342.859694552759,8704.366318655706,7614.820804092468,10980.253134045803,3543414.3648762964,3542013.069694636,196958.997601596,[-0.2379474   0.67157183  0.70169246],[ 0.11981878 -0.69662818  0.70735609],[-0.96385917 -0.25238948 -0.08529395]
20,8867.441204449753,85263.48389258856,42204.87879392782,5562.370000119187,3752.6540391033286,4336.509422112451,5085.6498770445705,428660.2267058371,428051.9829131734,27655.32749018231,[-0.4371734  -0.3618743   0.82336287],[ 0.89434172 -0.2716568   0.35546514],[0.09503842 0.89176767 0.44240041]
327,156627.27982102512,191760.87532706294,9449.50950187212,9463.754174063599,8806.524488985016,6595.29609860258,7609.737515388587,4486679.291488449,4484327.445634876,222920.79659532735,[ 0.05670533 -0.095033    0.99385775],[-0.77277129  0.62611247  0.10396014],[-0.63214637 -0.77391983 -0.03793486]
6,55764.82189068755,167917.52624262482,53587.40283451118,1601.1443673791139,1439.663169170451,1196.039302381824,1760.7925480701986,452875.0256135336,452869.28920594545,4227.100613664357,[ 0.66902644  0.01492271 -0.74308878],[-0.67925674  0.41810062 -0.60316014],[0.30168509 0.90827814 0.28985672]
170,111086.6915056797,55631.27654476,142370.92248406587,5749.796081882573,6459.772635898559,6728.541207521223,6812.25462107062,2467097.93824851,2466031.3213973837,111770.80731407397,[-0.75452897 -0.13660019  0.64189285],[ 0.29163913 -0.94600491  0.14149671],[-0.58790531 -0.29396444 -0.75362607]
24,132811.55180244602,159313.9138789206,75888.2680305026,2681.0669080372195,5209.546263542083,3091.0764689895345,4176.317611497992,1082412.0600422933,1082240.4752091493,25126.602633258397,[-0.77423847  0.41985326  0.47358002],[ 0.19751273 -0.55061562  0.81105558],[-0.60128489 -0.72148852 -0.34338143]
183,85485.31976780332,188251.90249391168,101555.01693569255,6102.446567658987,7581.53570026451,10679.358867023218,9782.854635613603,3121579.232620785,3119502.690962859,144198.92070718616,[-0.83472916  0.50166738 -0.22706181],[-0.40695814 -0.28422636  0.86810164],[-0.37096132 -0.8170344  -0.44140965]
37,183756.28433792136,48537.16054994262,118743.78574506915,7976.445656949943,2731.7300701572135,2577.2798098537755,6429.581350946338,1364108.9509827332,1363841.7552988753,36682.71812276216,[ 0.10151688 -0.96602537  0.2376748 ],[-0.56286957  0.14121767  0.81439267],[-0.82028786 -0.21645452 -0.5294103 ]
25,194931.92196938777,85476.11636222506,6871.560422389663,4688.184042491098,2703.397950792439,3251.9574432638688,4301.839535796918,1065159.67774002,1065124.4128958029,23020.198086739536,[ 0.33413316 -0.71290363 -0.61654152],[ 0.2244815  -0.5751209   0.78666639],[0.91540324 0.40125349 0.03213329]
36,25055.641666163832,199647.8041867263,115919.88496597757,6364.8756237914085,4680.463822112536,3516.803884352154,3981.320322174755,1394096.9573040518,1393674.4984823952,45936.087150413994,[-0.22774585 -0.46739346  0.85421027],[-0.96775392  0.20561798 -0.14551152],[-0.10762985 -0.85980498 -0.49915049]
4,139702.71854246984,193083.57188126395,77483.22624588682,408.82938209218435,1357.8240693195694,1844.2217794530802,1636.3292525729435,501225.65907924116,501217.80710978433,3312.03173133444,[ 0.75790975 -0.62430701  0.18924473],[-0.33885407 -0.12886283  0.93197226],[0.5574502  0.77047721 0.30921536]
9,184353.6767893417,145372.78937602794,99709.9609334284,3559.1240155871214,2472.9047474227036,2534.252311507594,2278.408814619875,765315.9386852934,765293.4310614688,13416.840656579634,[ 0.39676133  0.12089333 -0.90992596],[-0.56580471  0.81278566 -0.13872454],[0.7228039  0.56988093 0.39088394]
32,113901.5589005437,17786.6772471402,152845.9081938841,4628.534269105412,3826.9652320393875,3020.606564737883,3683.4029508217304,1083516.9749935258,1083320.9134793077,31851.04565266872,[-0.4767492  -0.75885063  0.4436845 ],[-0.64699461  0.64460637  0.40728443],[-0.5950699  -0.09288895 -0.79828783]
86,159971.80490188592,194695.83903110246,169257.9147061446,9621.901105090046,5090.178397169801,6962.949796439626,4795.209173759853,2816990.9515751284,2816000.841567265,111710.95049967579,[ 0.07435848 -0.68846197  0.72145057],[-0.84653875  0.33881899  0.41057743],[-0.5271081  -0.64126578 -0.55761568]
17,57359.7780125448,139744.78441061077,167334.11913676484,3439.509795043807,4248.061820369136,2131.644344269804,3857.0064003105003,929775.706543068,929632.187300521,18246.44347699885,[-0.71857467  0.63485084 -0.28392755],[-0.64719385 -0.46101687  0.6071273 ],[-0.25453988 -0.62002247 -0.74214661]
9,155564.51476375302,129529.1637830972,40838.07122044064,1921.2116867171471,2374.634657768354,2565.524362970329,1631.7971278296739,619624.683009651,619562.9563572926,10912.346866378213,[ 0.35768778 -0.64303677  0.67717292],[-0.55192547  0.43937092  0.70875346],[-0.75328462 -0.62726144 -0.19775076]
4,141417.52926313368,47591.918046773746,192812.981291206,884.4990166543533,324.61100202640364,1777.6118138556835,1605.1905775647308,487626.07924152975,487620.1116638714,2417.946720339774,[-0.30141188  0.95338745 -0.01425644],[-0.75677945 -0.23010561  0.61183027],[0.58003081 0.19520189 0.79086059]
60,25866.995675003905,64054.41886495812,70291.3960568266,4778.5508362319915,10191.987015949202,4006.617838001817,6398.811770859575,768580.6689426725,765458.5691288135,77734.66707786915,[ 0.82084618  0.23806564 -0.51916886],[ 0.50832327 -0.71897059  0.47401344],[0.26042083 0.65299773 0.71117856]
17,124621.89789208779,52551.076423621525,68868.35938952633,3060.9474216938916,3310.56628090637,2872.385707003147,2550.094848658965,626083.0863986844,625946.3183362138,19384.170340239387,[-0.27070096 -0.46382543  0.84355614],[-0.50247737  0.81551037  0.28715734],[-0.82111965 -0.3461341  -0.45382122]
48,106514.67509871865,62901.39684879999,89857.50134670024,4660.941558410909,4332.449020041245,9647.142847496942,6296.67625873884,1062108.7927612902,1060404.2716599249,66464.50574135694,[ 0.58222615 -0.80287105 -0.12810459],[-0.41995316 -0.43189893  0.79818711],[0.69616956 0.41092748 0.58863109]
9,90835.37098462036,2751.301090384544,100956.14030793407,3256.098173221432,878.4898383626465,2354.5367574019765,2408.538434263345,407684.6147815273,407568.5357059816,9982.040195742622,[-0.14843337 -0.97586476  0.16017337],[-0.72845868  0.21743511  0.64966909],[-0.66881648 -0.02024711 -0.74315178]
119,195270.17162153238,172131.22786352978,158239.33401223383,6095.677818511687,6769.469057995596,8627.901919547585,7864.367128035261,3325350.132390625,3324820.104685032,106370.86304156794,[-0.63431177  0.77103814 -0.05611377],[-0.43231941 -0.29360905  0.85258058],[-0.64089664 -0.56506097 -0.51957444]
12,70342.47633254528,100130.2956224109,4861.594677742063,2614.8030177611545,2118.212905648771,2530.1405708754,2595.851281252695,424426.87036898104,424383.95776398224,11493.807485005116,[-0.69736326  0.46330022  0.54684311],[ 0.42856948 -0.34199513  0.83628197],[-0.5744673  -0.81755259 -0.03993851]
53,42529.05810872542,49768.61012590485,97462.92143756677,4854.244157687054,3405.1057046688015,4643.36743031241,3630.144553052689,856250.0318360331,855410.4048392744,47903.495436652636,[ 0.47712107 -0.84937834  0.22563671],[-0.80083247 -0.31445171  0.50969352],[-0.36197078 -0.42388272 -0.83024129]
18,130706.69523215095,4716.039708495823,53311.0713038367,3982.953357097283,2134.8646941914285,3408.4563300166037,3812.902758074577,599644.0050653768,599513.0920365063,17674.384095785183,[ 0.07620114 -0.99217655 -0.09888921],[-0.37108599 -0.120273    0.92077663],[-0.92546668 -0.03346782 -0.37734775]
2,28846.6665889421,110487.43109742698,14521.037965457523,197.90526685217446,340.1998213742845,414.76499595847963,224.61698985885596,162793.0593103496,162791.36096423637,743.6094638333011,[ 0.83874486 -0.15019509 -0.52340089],[ 0.48343472 -0.23696183  0.84269802],[0.25059514 0.9598388  0.126141  ]
314,12108.628461166518,48186.65736680775,150130.06967419814,8760.64213177913,11936.710564929808,11718.81673137999,11342.73251665147,2818303.7533713416,2813290.1266003563,266954.4153634402,[-0.96398524  0.2658658  -0.00691695],[-0.25453464 -0.91473632  0.31379863],[-0.07710114 -0.30425785 -0.94946436]
17,188098.15945340984,64175.244815017504,184199.19392175187,2021.6277761838157,2941.0166135250815,3071.2513134924884,2470.483019846833,1117406.749784893,1117344.4710890946,16547.21601075231,[ 0.59292733 -0.72360727 -0.35331246],[-0.40820035 -0.64829717  0.64271553],[0.6941251  0.23686133 0.67976985]
97,72118.05509245711,78969.13957496939,135555.72641962086,8457.352873903552,8637.943164010963,4822.7810935242405,5155.696641382828,1703766.5329118157,1702912.3922628607,117287.72126232227,[-0.11136578 -0.8312716   0.54459635],[-0.90181428  0.31477317  0.29605551],[-0.41752686 -0.45815432 -0.78470756]
7,184489.50021341007,190317.36410534685,155802.81482584408,1226.5543458042537,2090.307870122362,914.9394733517252,1379.2309758433414,813490.8998120944,813471.0034738294,5807.04903730449,[ 0.28876348  0.42314715 -0.85881438],[-0.74604418  0.66164209  0.07515204],[0.60002812 0.6190123  0.50674454]
72,173593.63559919695,4730.799576312011,116970.02519354038,4982.364734411497,2908.931370978871,6654.383431771049,5997.582881052083,1778080.9881305748,1777484.5686016546,54581.48299879864,[-0.13343354 -0.9622784   0.23709864],[-0.54317876  0.27111341  0.79464102],[-0.82894651 -0.02275518 -0.55886482]
39,140865.82324765014,64606.94318746494,191734.0378430497,3757.455386945703,2533.2838125896224,3234.88421403036,2798.1598347296117,1539936.6870876332,1539768.9203266108,30010.57195322943,[-0.10500305 -0.91651418  0.38597426],[-0.81394324  0.30219973  0.49615696],[-0.5713762  -0.26206314 -0.77772241]
19,93509.12642836913,70848.43897218913,57895.62315692394,4407.995925724551,1755.9406509598884,4550.465558210787,5024.5119051511165,570919.157499738,570729.5580320047,18579.341118296274,[-0.68047699  0.39269353  0.61866215],[ 0.16060627 -0.74382356  0.64879283],[-0.71495223 -0.54084961 -0.44308578]
228,81590.25043127051,38785.95427521644,189545.9966145993,7990.846152165862,16011.834486442356,9857.176120147871,10570.986047089049,3184304.065961459,3175877.943285827,262536.66936411517,[ 0.79723132  0.42364925 -0.43005062],[ 0.46278151 -0.88634137 -0.01523993],[0.38762804 0.18686973 0.90267614]
22,74002.2642971814,58403.658179485545,92723.05081670966,2168.8758860218554,5077.648413148273,4945.185991157381,2789.122121782023,621147.9514055024,620406.9084610405,31983.13267562995,[-0.81377857  0.45287742  0.36423411],[-0.15682286 -0.77458523  0.61271879],[-0.55961687 -0.44149718 -0.70136239]
11,2350.407137511114,19693.77100334677,150303.22915356036,1825.5638883015974,5083.413406076389,3015.1524968910535,2795.473159439778,503210.4258067281,502937.22255895066,18240.057336391714,[-0.98811332 -0.14964263  0.03520148],[ 0.15292656 -0.98018949  0.12586515],[-0.01566933 -0.12975227 -0.99142262]
33,25648.445471400257,58914.189805499795,200921.3973209766,2180.2459406885882,4773.849421275291,2628.1230442487313,2718.6090786246978,1212193.8494553156,1211957.962137792,29906.825380889848,[-0.99163415  0.07612961  0.10424011],[-0.04338989 -0.95716375  0.28627763],[-0.12156906 -0.27935971 -0.95245951]
11,100793.16338762795,127018.39134375122,200627.83843823263,2670.2498826248598,1971.7776450979177,1836.1580154177661,1976.4313552385229,855628.8514065762,855616.143567389,10725.805079125365,[ 0.38913605  0.67733601 -0.6243309 ],[-0.83419476  0.54660725  0.07307266],[0.39075854 0.49237836 0.77773473]
235,163985.05188553262,151957.12931569462,148588.30140189815,7499.394284047227,6308.743325517161,6733.317944762777,6526.880372771869,4118074.176338695,4117422.1748309466,152335.40558126144,[-0.77587103  0.56683829  0.27698103],[-0.15693546 -0.59863568  0.78549767],[-0.61106088 -0.56597674 -0.55342111]
2,30023.917168983236,44775.27493328096,58835.93714867525,81.30072480831222,957.7076320023516,1242.1540895067774,408.9854340696038,112875.10893179293,112854.73616656868,2144.467565222732,[-0.92528309  0.26867056  0.26770755],[-0.04791684 -0.78298794  0.62018857],[-0.37623819 -0.5610223  -0.73735934]
26,67852.80015729462,191472.46497564955,4139.787473824738,5922.850816406236,8718.192041591556,1857.8396233311,9755.716234452208,1037419.8388203896,1037267.3021014757,22373.608322134696,[-0.06788995  0.00262771  0.99768936],[-0.94000666  0.33493634 -0.06484696],[-0.33433282 -0.9422371  -0.02026875]
121,39852.34614156709,79483.43319084236,185150.50882846184,4975.780014963835,10537.530398962424,7793.712167844612,7567.470105091418,2263745.64993601,2261759.0819798377,128864.22200159427,[-0.98057697  0.10610096  0.16495877],[-0.03173461 -0.91579376  0.40039318],[-0.19355031 -0.38738143 -0.90137334]
31,47161.812231175434,11609.432775774414,85061.89736291162,2827.1381642096994,7373.801833302483,2979.2614330914603,2999.7588691532724,547157.4872115959,545842.0200020665,44201.25408145304,[-0.84342103 -0.20697313  0.49578532],[ 0.23900999 -0.97101632  0.00123394],[-0.48116025 -0.11953838 -0.86844424]
115,191067.38944739668,30418.81064253004,122787.91744242291,6358.813422975077,3760.560630039724,6615.30664685412,5041.239207098668,2459291.514173838,2458296.3741389313,91293.97305718176,[ 0.05646481 -0.98610209  0.15625103],[-0.54905997  0.10004084  0.82977405],[-0.83387342 -0.13264422 -0.5357804 ]
100,42275.19528968129,165395.49586519308,178961.85462376772,5602.272144996881,5212.738153185609,6805.413897583202,6560.22236959031,2475165.1990981866,2474344.1971049253,78701.34349824392,[ 0.55506591 -0.6720501   0.49015355],[-0.81412643 -0.31808176  0.48582112],[-0.17058723 -0.6687097  -0.72369008]
29,47931.163889084724,115448.7962334553,69468.98850203597,2072.2619890608116,6175.191068917152,3805.274960509794,4181.133651688092,771094.1922469997,770570.6842565974,33724.69823121837,[-0.9309345   0.2041263   0.30280918],[ 0.14557328 -0.5530322   0.82034371],[-0.33491696 -0.80776719 -0.48512142]
4,199629.8728020997,2052.8647676338487,67004.14031837256,1935.5196070257496,1439.9835402378387,1207.789141124266,2148.765595538549,421201.5152585827,421193.23121885705,3258.124377157934,[ 0.31299181 -0.21094618 -0.92603339],[-0.05814751 -0.97744962  0.20300518],[0.94797415 0.00969242 0.31819972]
7,111316.66591850972,140193.9407176201,137852.5469641651,2185.247724698027,1964.7570471506558,1477.6500134005973,1914.3615992446175,597841.9216922942,597807.118880378,7076.247768211716,[-0.5951152   0.75177716 -0.28402289],[-0.63488786 -0.22313086  0.73968238],[0.49270205 0.62051891 0.61008276]
8,56969.50098720864,193173.59512174118,113818.14288280389,1935.0621676670846,1307.6580119901837,1703.1663511434306,1412.25235312527,654349.1495718736,654345.4983707664,7137.737455529474,[ 0.16342949  0.46459638 -0.87031087],[-0.95532099  0.29474675 -0.02204885],[0.24627748 0.83502968 0.49200899]
13,73124.5342946251,198745.93918391404,165794.0578329791,2772.171057726823,2162.0779433922994,4261.478910753769,3480.3785386910904,969889.2014149117,969831.6791980687,15497.285331707602,[-0.81624299 -0.16228275  0.55444719],[ 0.50973004 -0.6539888   0.55899368],[-0.27188722 -0.73889307 -0.61653417]
29,137971.50916017822,197904.96034933245,161012.37423709276,7801.974566771476,3441.992878381738,1959.8403127433114,4983.890552248053,1562589.1327742105,1562262.7724179903,38540.740396900896,[-0.10373401 -0.58311747  0.80573772],[-0.87332658  0.44107367  0.20677212],[-0.47596212 -0.68222286 -0.55500633]
57,92761.01050263002,94394.94309990227,88982.5886333677,4039.1641912026644,10873.536485875038,4132.393286215926,5358.427264993244,1207146.5757881966,1205129.0504135618,84251.44426090475,[ 0.62731143  0.11042544 -0.77089986],[ 0.51892839 -0.79738086  0.30805372],[0.58068382 0.59328744 0.55750902]
40,54756.89436155711,111369.53179595934,33599.08341941705,4310.7435317460595,6856.904209646979,7223.874365158495,9006.758818187871,815838.386739205,815320.317952488,38914.08833524739,[-0.8542721   0.48041848 -0.19853782],[-0.29852446 -0.14072601  0.94396999],[-0.42556119 -0.86567562 -0.26363497]
82,62384.70009182715,58412.59603304149,66854.68099669118,4220.841493717235,8932.277553149159,4471.310280497698,6713.427536278758,986846.6060366253,985093.408199701,76503.1420586394,[ 0.65129389  0.15472302 -0.74288428],[ 0.4967381  -0.82701302  0.26325033],[0.57364408 0.54047225 0.61548534]
72,94825.96931763836,164233.1346636946,66683.74054163329,12985.67420000757,6078.029228451685,3082.971272491157,5666.063309631445,1710039.7682830435,1706631.2690760635,115578.85234413772,[-0.09467002 -0.32695178  0.94028725],[-0.87625233  0.47563416  0.07716218],[-0.47246105 -0.81662395 -0.33152056]
47,143587.53598497907,46519.3866484274,176890.3539264581,4202.791893030153,2992.3725064820665,3881.7807451056133,3112.844828352495,1594661.076967133,1594429.255349686,38771.223235703925,[ 0.36918901 -0.9276793  -0.05577272],[-0.69453365 -0.31528388  0.6466986 ],[-0.61751314 -0.20001799 -0.76070383]
3,32795.48464240643,20482.078080236977,100349.16351543549,1905.8567599231226,530.4987395908161,779.746217739213,1269.8437023818612,186302.42916692852,186278.87847235237,2966.2066613845845,[ 0.22593393 -0.9662958   0.12339483],[-0.92513218 -0.17316597  0.33785203],[-0.30509721 -0.19048877 -0.93307541]
206,150226.5790850048,198957.83175154333,96358.92416793185,13325.961514011675,4635.460804052407,9374.064353822505,10663.989895717008,3842257.8847092115,3840741.568502271,190106.4890939439,[-0.37435362 -0.15991738  0.91339247],[-0.73685317  0.64929416 -0.18832017],[-0.56294473 -0.74353448 -0.36090125]
26,35059.15972467699,171454.8436227436,123245.94955988241,3191.7386645622405,3353.608296923691,1845.9904472871697,3210.675279097578,1091662.1004312339,1091600.0135657077,19482.885796450162,[-0.19590912 -0.54557543  0.81484174],[-0.96684081  0.24628247 -0.06755578],[-0.16382447 -0.80105705 -0.57573358]
21,96037.71111248815,79038.03432016898,179719.14613632244,3715.0170078560163,5875.366781753476,4025.2813027603247,3784.1303895567034,1002155.0708658707,1001822.1803161561,32480.293833834654,[-0.57192343 -0.59328913  0.56649059],[-0.69286974  0.71906995  0.05357184],[-0.43912995 -0.36186519 -0.82232504]
30,190791.53769120315,159574.04843224058,126481.29357901099,3843.6883212156185,5044.891463456204,3643.640482849262,3770.499282763425,1528744.3823825342,1528640.9812521155,34289.17757491655,[-0.71137314  0.38404064  0.58860942],[ 0.16260055 -0.72484879  0.66944402],[-0.68374653 -0.5719327  -0.45319274]
116,189175.29138553637,129099.98702380293,150791.0010304681,8534.43717597025,4895.174290750872,9542.677434614026,11726.539639139672,2956775.8132847706,2956306.054650033,76581.65406225016,[-0.70644449  0.60347719  0.36979922],[-0.15808857 -0.64382756  0.74866152],[-0.68988709 -0.47042678 -0.55023127]
10,4593.832305077328,199453.62875659956,173818.53840659367,2162.2497586382483,2974.0709144437283,2145.751969636588,2577.9500809316614,836849.5388775124,836806.7240035858,10705.21714790957,[-0.8062064   0.39913831 -0.43671484],[-0.59137936 -0.52199092  0.61465107],[-0.01736961 -0.75379977 -0.65687457]
51,119931.09049173388,75685.42861135335,108486.86137754636,5139.743147340453,5151.900285281966,4044.2947377302626,3313.1585711095904,1276128.0468718207,1275720.3249390235,54610.36886768132,[-0.68862714  0.05533642  0.72300107],[ 0.27264209 -0.90415887  0.32888147],[-0.67190696 -0.42359723 -0.6075413 ]
11,146933.33603221603,120298.36960583106,98193.79895944851,3612.0768335181083,4291.838152577028,2588.428583068498,4111.776910372252,709268.5407747218,709233.7528546534,15298.56692777477,[ 0.56519128 -0.81144888  0.14869274],[-0.45626933 -0.15731179  0.87582607],[0.68729696 0.5628532  0.45915048]
2,140792.54703041996,28192.91287123119,105287.09748505533,554.1432362423802,315.69152791655506,147.06038264981908,301.2318008036964,251806.20681360745,251804.86601666754,821.7299954168068,[ 0.28119854  0.76407129 -0.58062247],[-0.54374645  0.62539948  0.5596564 ],[0.79073837 0.15833684 0.59132247]
43,19116.007450161815,185602.1083073112,147284.38002338438,7055.133224312321,7401.4954468215055,3629.793730191181,6202.793779927175,1560309.9973656975,1559389.7601119196,58301.21542289026,[-0.51798261 -0.49837666  0.6952084 ],[-0.85165461  0.37635674 -0.36474654],[-0.07986521 -0.7810098  -0.61939102]
14,186610.65279867928,7294.720445033166,76452.63793411008,2070.017600740183,3525.4354167248307,4642.992771779903,2320.160690321815,755368.2126719117,755142.3590981961,21438.21469344875,[ 0.25258582 -0.8028327  -0.54005561],[-0.28480699 -0.59511642  0.7514795 ],[-0.92470827 -0.03600145 -0.37897033]
4,201852.66491076184,13220.663656375695,198341.1681785706,711.6053691592919,792.231845336734,1688.2122758489395,1426.3548497781926,566611.0470436546,566607.4635450114,2793.2785262403804,[-0.38405256  0.86098926  0.33346832],[-0.58724067 -0.50647902  0.63136946],[0.71249704 0.0466529  0.70012247]
76,138354.2805109915,41270.08859033787,9591.294618301514,4220.7064640039725,3398.5943341956277,4989.536553687438,4029.686171842436,1262779.6274692507,1262218.5055687325,53683.066832323224,[-0.29024579  0.89522037  0.33813884],[ 0.03746893 -0.34244753  0.93878952],[-0.95621831 -0.2851494  -0.06585101]
29,17767.804462885433,159329.98871255366,88696.98519806426,4378.1689891269125,6037.81201982305,3930.3505430193472,5434.797977371531,987454.0454071757,987344.8776358097,34679.40308099958,[-0.98802445  0.02588763  0.1521102 ],[ 0.11977469 -0.49279914  0.86186021],[-0.0972713  -0.86975792 -0.48379692]
85,78344.52807426946,128488.27760184988,136127.93124204228,6051.57866205832,6265.771748489142,9110.68119786207,9181.517022598995,1873868.5432199049,1873365.0303800157,79853.15179731869,[-0.84780176 -0.04347266  0.52852844],[ 0.36360172 -0.77314578  0.51965315],[-0.38603882 -0.6327367  -0.67128108]
28,96017.55506671403,59123.55412495735,31047.54193487228,8787.667039937147,3231.177852397573,2270.848784497411,8028.263779615431,620845.4562287466,620450.3513168856,28451.415343496497,[ 0.23501064 -0.72263963  0.65004767],[-0.51843804  0.47251253  0.71270885],[-0.82218733 -0.5045036  -0.2635984 ]
23,127862.67719039056,88322.06055562185,195290.50617630407,5223.542148167356,2750.921324291146,2970.222560269943,3547.6027031970452,1197289.9568276873,1197097.5293363447,26698.565895467425,[-0.24575475 -0.81264272  0.52840932],[-0.82281871  0.46305983  0.32946162],[-0.51241972 -0.35381832 -0.78245679]
6,176622.49426439244,10662.035815221358,52395.27892050238,1679.9117989979795,1634.5445700536936,1040.7836521924664,1516.8873810365449,452060.30936085084,452048.9081406095,5057.972392310976,[ 0.27140657 -0.52174855 -0.80877496],[-0.10135895 -0.85113799  0.51506358],[0.95711276 0.05781506 0.28388832]
42,191580.27067241602,31036.76263121667,87950.13641510296,7859.630216885003,5508.624386338945,3760.4340387386346,8771.841347524914,1382410.8823595764,1382157.5838233298,35113.814179186644,[-0.4281109   0.09676755  0.89853052],[ 0.09137967 -0.98451997  0.14956667],[-0.89909444 -0.14613854 -0.41264114]
5,57990.94397457675,29948.927198389498,94927.66450402793,1579.678815242346,1474.2068216317273,1614.9105804794608,2171.99278156063,257664.18136362816,257644.65150118532,3558.42406950467,[ 0.57314975  0.61313203 -0.5436621 ],[-0.64658867  0.74595348  0.15961355],[0.50341082 0.26004329 0.82398728]
18,10659.310594879262,114969.64111325897,181797.79690804132,4847.056048664702,1865.8232600122171,2498.729122057634,2462.807130887656,913998.7978816471,913819.3993457608,22158.514640238085,[ 0.066394   -0.8450852   0.53049302],[-0.99655579 -0.02968977  0.07742786],[-0.04968293 -0.53380664 -0.84414577]
9,65127.02537725995,158951.6633263243,189460.35303260537,2105.2575416065556,1942.321692004277,2587.0490934259965,2374.8026600646576,767290.7062515299,767263.0927207137,9133.669219153446,[ 0.70108316 -0.64632442  0.30124267],[-0.66605701 -0.44267964  0.60033557],[0.25465755 0.62152995 0.74084415]
31,65267.655867151254,101862.05896074857,142140.7704162988,3712.919540975555,3094.391597311803,4486.744995160414,4169.209635468539,1039783.0893250506,1039617.634088027,28407.112949657978,[-0.6898668   0.69996943 -0.18473385],[-0.63387314 -0.46077978  0.62119791],[-0.34969792 -0.54564164 -0.76156849]
3,43024.14527970853,140980.38122648172,24215.38968011126,1806.7888093095994,1542.3122916620139,1512.3895141193298,1637.4896366931246,258762.1366812271,258750.05283819896,3966.1540221933283,[-0.16297021 -0.11860184  0.97947655],[-0.94365919  0.30853005 -0.11965177],[-0.28800703 -0.94379172 -0.16220092]
6,79536.23059090365,72124.1422218186,58260.15349976808,3099.6927060158596,2915.518939873992,2777.3907760768284,1577.5480474998126,299474.62105531956,299250.33344060037,11825.75428347934,[ 0.04372461 -0.65652797  0.75303332],[-0.75793192  0.4692639   0.4531342 ],[-0.65086663 -0.59056111 -0.47708512]
19,38052.43316225404,126988.38484533006,123451.26221749395,3094.067983481453,3897.6928479229136,2656.8052472971744,3245.7702202056576,789897.4705840108,789813.1609851723,20199.71998754524,[-0.58157028 -0.47073198  0.66346621],[-0.78594785  0.53557676 -0.30893933],[-0.20990946 -0.70111977 -0.68144632]
82,190291.00669894303,70194.51626616431,124780.24066469738,6480.531293429656,4161.815820572598,5933.253140901432,7102.026360830734,2157848.149637146,2157707.4215419334,60092.28230423805,[ 0.54508502 -0.72269612 -0.42496193],[-0.25355446 -0.62525177  0.73808561],[0.7991198  0.29456842 0.52405819]
