N,MEAN_X,MEAN_Y,MEAN_Z,SIGMA_X,SIGMA_Y,SIGMA_Z,SIGMA_R,LAMBDA_1,LAMBDA_2,LAMBDA_3,EIGEN_1,EIGEN_2,EIGEN_3
4,202256.34964598258,148775.39615999837,128704.22435264141,990.3504588023467,351.67510525875707,2745.7595290870518,1584.6538858454464,564322.035756202,564302.5904856717,4958.8684934959065,[ 0.64102247 -0.75578386 -0.13371967],[-0.27427788 -0.38828765  0.87977517],[0.71684157 0.5272793  0.4561959 ]
2194,105093.34324214248,164965.55856076005,138324.11626479332,45606.97666811441,19357.56051873936,35184.350494361395,39617.374256093324,11517167.49986906,11440863.679501962,2121341.6209905534,[-0.04997266 -0.63032582  0.77472065],[-0.89127786  0.37818202  0.2502042 ],[-0.45069559 -0.67798799 -0.58069421]
1114,180059.67283777188,99154.65285880366,47737.25110790458,16913.92525208857,25875.096274333562,16925.958106109687,24444.03768819524,7121865.845582002,7107550.847562069,863924.8096599068,[-0.46681745  0.48717574  0.7380659 ],[ 0.24218828 -0.73224989  0.63651782],[-0.85054471 -0.47588853 -0.22383877]
1736,23766.311260513554,40790.37908471434,35078.807863333175,13557.272701859916,17916.68917536753,25021.50712992413,18044.917456991883,2769595.2897365587,2597319.024253562,1232922.5388109323,[-0.89301953  0.44184628  0.08536973],[-0.21594847 -0.5871829   0.78011698],[-0.39481943 -0.67822423 -0.61978183]
1240,105464.20976467054,120974.38214631198,53363.35691407157,20844.46840589182,19911.738731832862,14011.304819797138,15642.678905298024,6047262.638357768,5994510.295049665,992420.3874732928,[ 0.04974691 -0.43814168  0.89752834],[-0.78141493  0.5425966   0.30818766],[-0.62202568 -0.71667343 -0.31537795]
20,140401.25426014146,33431.572073730014,76200.8062084573,2593.6757609678943,3060.5943392242834,2820.6077906074956,2624.382020108333,730150.8679130258,730047.7117826171,18489.468463964822,[-0.2529273  -0.62370052  0.73961169],[-0.4427426   0.75434083  0.48471527],[-0.86023646 -0.20485988 -0.46693218]
82,25925.241481694597,5659.6583003031465,119380.94996822871,5371.538237631454,3839.7434232567125,8499.374655792784,8280.79747254763,1111199.1353806,1110454.8012145404,62461.25612293068,[ 0.0765303  -0.99657572  0.03130409],[-0.97449131 -0.06811736  0.21383805],[-0.21097346 -0.04687065 -0.97636742]
62,54002.98428017784,12347.721106503137,189444.25812986665,6034.8596076501635,7935.490440323377,4893.0951383668835,4821.675152639276,1556246.255479869,1554985.8357799754,78686.5082603955,[-0.81699783 -0.51157421  0.26609469],[ 0.50756235 -0.85698577 -0.08919561],[-0.27366953 -0.06218703 -0.95981131]
99,96125.2053672288,195019.24599393198,194321.865440721,6219.363362001549,5895.86072515311,4757.621185900017,6141.27567395328,2902800.268500006,2902360.2424477804,75640.31209221706,[-0.54743269 -0.43959923  0.71208846],[-0.76915216  0.59957771 -0.22115951],[-0.32973082 -0.66877432 -0.66634713]
811,17621.29068575335,146521.0491043967,27092.28269339115,12340.108106483485,13312.61705743435,10605.137312841312,13157.91242703978,4307158.275564265,4296728.609642964,468344.3609773989,[-0.53359055 -0.09202366  0.84072158],[ 0.83772196 -0.19408961  0.5104421 ],[0.11620257 0.97665801 0.18065462]
99,64604.24829789265,11628.851837078864,156233.7179148867,6433.335661192937,7324.014978136453,8118.575912824964,6667.53676812252,1690374.579073849,1687881.2803321234,108183.43168386488,[-0.55465541 -0.78082283  0.28752928],[ 0.74021164 -0.6208561  -0.25811709],[0.38005802 0.06966648 0.92233534]
71,80537.38862603533,176457.97694964023,146573.25135445877,4956.011615106379,7421.676132613253,3336.1100231006963,5446.778090536242,2049639.2542773734,2049583.5423625372,65785.4742178401,[ 0.63246031  0.30317522 -0.71279643],[-0.70025584  0.61715207 -0.35883852],[0.33111285 0.72609098 0.60262441]
1283,107005.49411444667,25317.79135013814,84467.81745017298,20891.463943208684,16940.228667272386,21194.540894883467,21937.425738343798,5083098.134584654,5064010.671793941,927764.4471470641,[-0.61296267  0.44863029  0.65039037],[-0.16511067 -0.8777196   0.44982972],[-0.77266761 -0.16834243 -0.612083  ]
12,83023.43047735152,125934.0786261141,107259.87004219626,3834.4477538385804,2906.670902138566,1784.683247398465,1754.0233955034435,641372.6212711041,641218.8254063172,16695.737102060484,[-0.50157224 -0.34498527  0.79335392],[-0.7396923   0.64659148 -0.18647994],[-0.44864305 -0.68037095 -0.57949529]
12,67117.21852289741,175289.36404825558,103369.02462670232,3151.8423454270537,2123.434740909428,2121.237165128766,3341.5452407456023,742432.6963312346,742391.0997201634,9667.99891254289,[-0.38947979 -0.35260895  0.85086569],[-0.86609218  0.45451186 -0.20809448],[-0.31335257 -0.81797671 -0.48241504]
3,29731.114097861824,168275.75385223457,125247.62751489358,1874.7180664060124,878.7078447853881,1058.9239227872274,1011.0144374632355,366986.5583064983,366968.5914569903,3631.400058350496,[ 0.43655585 -0.58553255  0.68305974],[-0.88866541 -0.16222024  0.42890371],[-0.14033097 -0.79425199 -0.59116072]
19,132980.57895331242,161550.4421889364,76326.10509260898,3277.9993967681244,3954.207984004581,1882.9911289503768,4074.0087222029238,971087.2748239263,971070.9032046612,15939.72091548177,[ 0.77472071 -0.41061913 -0.48083236],[ 0.20812613 -0.55247043  0.80713068],[0.59706896 0.72537463 0.34254971]
815,19015.77393434798,116096.59463177598,83178.19293759664,11508.793900614506,17830.590604993555,20815.712566622537,15861.717594896707,4189545.242731975,4145631.3255150826,733765.5199418964,[-0.95948191  0.24978606 -0.13038938],[-0.24926076 -0.53665158  0.80614772],[-0.1313908  -0.80598511 -0.57716935]
33,183725.80994147778,128429.73069012137,179165.86806571443,4129.955832272959,5940.659632578073,3518.0838354816456,4887.479834304895,1649038.1502516898,1648842.022850635,36746.47248415565,[-0.7672524   0.41242249  0.49115317],[-0.03757459 -0.79340786  0.60752952],[-0.64024363 -0.4476736  -0.6242407 ]
20,82964.1886204805,177518.14253192878,89041.20650149256,6505.764160743936,4834.7513565021445,2334.2215783550196,6777.9479126295255,963227.8863631298,963063.7130059467,22574.71651560949,[-0.02272233 -0.43962737  0.89789279],[-0.92223163  0.3559556   0.15094516],[-0.38596959 -0.8246353  -0.41352641]
2789,121944.11722827004,96936.55589762419,145690.61561335518,36505.471005498504,22784.930962615992,22992.188567438116,25463.3309974614,11509625.635940818,11395160.997865273,2171607.853355032,[ 0.40450548 -0.88042071  0.24745643],[-0.70790623 -0.13012371  0.69421652],[-0.57900266 -0.45599034 -0.67589106]
104,194672.90334791705,174212.8953045125,163756.65661379896,6225.507696655308,9653.113604169299,5733.407807978326,9747.313284871736,3146697.4656949705,3146202.122435426,85336.57994913333,[-0.35525217 -0.39790169  0.84585468],[-0.68949895  0.72253744  0.05030755],[-0.63117913 -0.56534404 -0.53103579]
48,121989.33366746189,197424.97824505626,189135.54308066648,6097.442638310103,2658.982460616171,4585.971657321179,4941.7236560609535,2074808.6912961693,2074602.8835243362,44327.10065596282,[ 0.37910287 -0.75158092  0.53982139],[-0.83073766 -0.01945146  0.55632417],[-0.40762232 -0.65935405 -0.63174068]
50,130663.79755315286,197856.81931351396,125259.20628026463,9244.428796263815,4096.004142101637,3511.6132045726054,3727.559769656617,1897543.384951483,1896511.2501985673,71082.796656376,[ 0.06795194 -0.56526813  0.82210369],[-0.87049592  0.36901169  0.32567964],[-0.4874622  -0.73776847 -0.46698853]
65,14947.598898808134,94690.37386348151,167903.76896387865,5965.008195172627,3828.1944582631377,6391.173379857922,6571.8490776965455,1560505.1047300235,1559840.6258122392,56039.41838102353,[-0.04664481 -0.86836892  0.49372024],[-0.99597531  0.07829861  0.04361783],[-0.07653398 -0.48969862 -0.86852623]
32,119791.21601304319,40363.271913289616,194871.17108520947,3645.48638797954,5197.79342433667,2217.9923563873263,2375.1949208364845,1314438.6895309126,1314127.412005547,35557.08526056353,[-0.72544445 -0.43236088  0.53553191],[ 0.45578384 -0.8847976  -0.09692422],[-0.51574359 -0.17377365 -0.83893461]
3,201042.09226475912,36948.44200850781,183887.7691988362,511.5039842830777,673.6311722957985,741.1593739744467,476.5481150746128,476232.3206812739,476229.1253713312,1765.3955419142478,[ 0.5367257 -0.7184526 -0.442438 ],[-0.42104881 -0.68247181  0.59745304],[0.73119315 0.13438041 0.66880377]
90,184083.38798147903,80442.48111745322,94562.42430120568,9642.250103227914,8110.437836701804,4550.033657366794,11204.073974099176,2109835.7440328365,2109513.934024418,69274.3854828572,[-0.36945952 -0.21569102  0.90386783],[-0.41974628  0.90653739  0.04475512],[-0.82904326 -0.36285995 -0.42546437]
234,48438.11671028944,73150.02657621748,112476.54402343086,8810.655999253295,7224.891416913921,11911.21494929344,7315.15601898215,2193894.4973677825,2187750.709994452,225090.10342488665,[ 0.65076065 -0.73331545  0.19687312],[ 0.6800909   0.44765856 -0.58058435],[0.33761954 0.51171306 0.79003974]
455,14243.274409127984,49378.71529904094,152637.8904859681,8460.517131491912,12841.68553867493,14701.502469054152,14318.508283702504,3460571.3719474105,3454007.4944345453,333269.34398700006,[-0.99563923  0.0564642   0.07425851],[-0.03080646 -0.95037054  0.30959135],[-0.08805393 -0.30595365 -0.94796565]
12,22991.58813999232,76239.83925717384,66823.70235674428,1761.3988822320277,3923.9396451373404,3615.205225511795,3332.5022223003966,360603.56264825613,360328.0506855214,15596.065871858087,[-0.96230147  0.27110582  0.0218522 ],[-0.15819553 -0.62325243  0.76585285],[-0.2212466  -0.7335244  -0.64264446]
507,53673.32197659763,182944.14982337938,175831.97161451518,14508.374910462888,13842.179410677929,15322.499226050306,14263.826616981569,5861438.796027029,5855171.813703565,462914.5519684432,[ 0.87811263 -0.44007918  0.18774592],[-0.430668   -0.5560718   0.71085106],[0.20843054 0.70506345 0.67782169]
200,165238.86901678672,153196.49977440134,148880.82759312823,7466.953471474235,6008.976481021196,6506.287243480437,6542.836683052805,3821844.918877217,3821560.531712701,135186.48504837448,[-0.79025513  0.41126173  0.45426932],[ 0.03093058 -0.71361161  0.69985839],[-0.61199683 -0.5671175  -0.55121468]
71,79401.11984466514,126328.37367753517,136096.9499808168,6349.329493464961,5550.751868216519,8585.390522694646,8297.736601617074,1704512.4638158237,1703340.3299577634,73590.17342177134,[-0.80328734 -0.1230766   0.5827363 ],[ 0.44711018 -0.77099781  0.45349184],[-0.39347418 -0.62483159 -0.67436159]
390,189433.73090311515,51008.05785875532,17204.00690709331,10070.103687204575,9114.987344765432,9076.485508845895,10593.590644285723,3899709.332907398,3897604.3989017443,244539.34086674676,[-0.26346351  0.79160728  0.55131198],[ 0.07424519 -0.55316884  0.82975411],[-0.961808   -0.25954219 -0.08696677]
77,135265.94045712275,148622.35057387073,21671.55859308211,7189.96319726117,8732.291416750324,5350.749401902183,9827.838103560294,1776454.6208549405,1776353.5350795677,67682.56925163633,[ 0.16194048 -0.00340507 -0.98679465],[-0.72536663  0.67757735 -0.12137623],[0.669043   0.73544363 0.10725728]
97,51487.75411923585,170825.00936023565,86435.44648183795,4849.371945060296,5828.197854212688,4018.1159703637213,4581.8355992475135,1953899.0098357224,1953534.4645457035,71401.29942057806,[-0.44182688 -0.29541077  0.8470664 ],[-0.85877942  0.41230049 -0.30414833],[-0.2593972  -0.8618241  -0.43585813]
713,145120.40228182176,21134.351176023665,176669.36550031125,16120.82142249234,15954.954566808192,12761.209346442403,14026.71283458189,6158091.939292609,6154310.45181673,587355.397352126,[-0.60493282 -0.56109746  0.56500082],[ 0.48351622 -0.82260181 -0.29922956],[-0.63266764 -0.09217328 -0.76891856]
23,141636.84430692525,196813.62968424978,180753.33446973312,2949.1134443614983,4485.563431129265,4053.6631943759885,2680.1573803261745,1450771.5112846964,1450523.216883234,29510.240407363744,[-0.78669478 -0.00085901  0.61734155],[ 0.40223824 -0.75930573  0.51152635],[-0.46831157 -0.65073349 -0.59768738]
269,195714.9442548752,43461.98975216744,154511.73813634217,6323.137051726717,14387.047536951362,13429.216265574869,12146.550041280925,4162604.5796178994,4158782.054755651,274375.78178405226,[-0.56235048 -0.26198945  0.78429807],[ 0.29547058 -0.94952789 -0.10532765],[-0.77230763 -0.17250595 -0.61137764]
70,100942.68119067131,162665.8983148195,67796.40430742153,9199.663097821527,5405.775162589945,4726.346670259882,5760.645660087482,1701603.8207586028,1700217.8773923195,85480.38664605572,[ 0.05409531 -0.41258248  0.9093126 ],[-0.86587193  0.43417592  0.24850969],[-0.49733238 -0.80079146 -0.33375671]
43,110084.34515586517,18703.635600415117,152202.43171557135,6784.066808372841,4895.853715326551,3667.897450022124,6014.346169822664,1239009.1740962267,1238764.3267088905,44910.54533312543,[ 0.52141841 -0.80674083 -0.27801454],[-0.62253744 -0.58247703  0.52265442],[-0.58358374 -0.09944718 -0.80594061]
532,174647.94037722622,123328.65613302791,81974.17002106998,10796.857850190027,12472.348748421398,11117.007517630998,10439.342456356853,5297905.197540395,5290302.159897162,391405.3601688693,[-0.54116708  0.22789275  0.80944616],[ 0.35393614 -0.81143568  0.46508208],[-0.76280233 -0.53817936 -0.3584628 ]
4,71001.79846120713,169752.8244994882,50516.81791238589,1069.6583367795677,1063.3541461882073,1505.3761990012317,900.4951332142745,381641.7842811711,381634.28365446226,3867.3035049420546,[-0.61151788  0.4495414  -0.65112089],[-0.69828579  0.08035813  0.71129427],[0.37207907 0.88963762 0.26476794]
15,158003.9858492962,9791.639532220965,55169.126942730414,3875.2707493050566,3014.619903008534,3459.623294134339,4058.6245693899455,649648.657881055,649530.006346357,17107.926930674887,[-0.28024233  0.67400932  0.6835025 ],[-0.1821845  -0.73643787  0.65151214],[-0.94248239 -0.05805772 -0.32917511]
34,80142.73094998543,17369.3412214034,132743.1598251868,8987.217374908461,5728.097040135372,4616.270853380851,3105.193634562394,912075.4426521957,910237.2598232133,65110.41516897053,[-0.34811888 -0.87925555  0.32515062],[-0.78400628  0.46322125  0.41323145],[-0.51395272 -0.11106646 -0.85059793]
2,134638.71831206256,73892.90396520155,47233.45334234138,60.729470552745624,285.40701585268835,393.96089134217254,35.44322012209159,227239.89610183233,227238.8439330463,691.5116370424555,[ 0.54209155 -0.63859575 -0.54619797],[ 0.06346058 -0.61702135  0.78438346],[0.83791975 0.45986968 0.2939564 ]
43,114038.37345102479,144599.40578775413,154909.59328804837,5819.120142480035,4866.544864012224,3896.075929899087,3062.3799979118903,1578679.8217719218,1578488.3198906092,52162.95438819497,[-0.72170534 -0.153629    0.67493668],[ 0.50439968 -0.78448292  0.36078735],[-0.4740489  -0.60082    -0.64365593]
19,53501.96418895171,125947.2925307511,154059.27452288885,4902.250143893272,3335.4281639718615,3701.5958455980635,1791.5088275060307,898670.3821941621,898243.8757914929,29408.701978070723,[ 0.65623197 -0.67966319  0.32774618],[-0.70846052 -0.40549073  0.57763393],[-0.25969847 -0.61125708 -0.74761052]
107,85024.52577408722,86054.22862843261,106284.90693448739,7167.171551204201,8565.524234479071,9725.916151906911,4395.928944221113,1671427.7015938733,1667744.520505284,145342.1962157275,[ 0.71728906 -0.6967183  -0.00894489],[-0.45500644 -0.47808583  0.75126765],[0.52769835 0.53480608 0.65993705]
182,102141.39231941802,190983.92675043765,14639.151274571072,6031.335629113444,7816.242128354108,7260.957643680207,7527.352856113994,2932250.053707572,2931180.034662451,131079.16227135004,[-0.7139762   0.42423173 -0.55701475],[-0.51867039  0.21394736  0.82777265],[-0.47033926 -0.87991702 -0.06728311]
20,56574.271297838524,188780.765026336,9800.05445008126,3282.5792720047816,2674.1167920030325,3097.2925810062948,2702.4114350156383,882651.0685191251,882619.8247664428,20118.983019826588,[ 0.4059054  -0.07426128 -0.91089301],[-0.86777509  0.28137037 -0.40963045],[0.28671798 0.95672147 0.04976767]
225,188111.64587543625,182466.85039005487,113285.62499952602,11534.405852023905,6167.856119925845,9942.077039695778,7252.160588118497,4288640.122276871,4285080.94883817,219805.91108512596,[ 0.36147991 -0.73163886  0.57795921],[-0.65945564  0.23758626  0.71321177],[-0.65912861 -0.63895019 -0.39660071]
99,48107.356344202635,167126.38289778092,15862.100173227074,6926.343206261092,7888.967323589606,7087.967332764971,8488.74777916536,1741649.5588176714,1740124.3627621734,93962.97569585599,[-0.74917403  0.15472424  0.64404866],[ 0.60219006 -0.24586856  0.75954972],[-0.27587207 -0.95687463 -0.09102494]
192,177936.3621735389,146416.2034766348,18994.54488215114,10244.739433685927,11845.250918948503,9374.852022950872,11150.25556985142,3211157.853812336,3210197.884832602,199013.42253702515,[ 0.36153514 -0.53612733  0.76279737],[-0.5266116   0.55772018  0.64158275],[-0.76939753 -0.63365265 -0.08069543]
152,113212.03317199976,54500.87814086106,143163.96987930784,5981.033571703484,6147.400192239329,7008.779656927295,7144.718084001194,2351521.600638196,2350930.921709799,104255.72690184695,[-0.7056481  -0.26312969  0.65789325],[ 0.38584309 -0.92145115  0.0453087 ],[-0.59429443 -0.28581557 -0.75174703]
388,146224.11426685864,14402.658271001495,13804.118504528278,14478.120555144165,8603.03771405776,10484.20088657292,14374.902015726999,2928696.787515067,2925067.635269374,270156.63678186596,[ 0.03160133 -0.84877787  0.5278044 ],[-0.13042761  0.52005088  0.84411831],[-0.99095408 -0.09551553 -0.09426976]
12,198157.50299003636,201409.47800821112,33313.28831778363,3086.1026011142167,1655.5847934728527,3209.337499869511,2829.4431087320227,985676.3734316363,985604.295702117,13213.299481170348,[-0.62274153  0.51530349  0.58877441],[ 0.35641629 -0.48306242  0.79976129],[-0.69653458 -0.70789336 -0.11716047]
9,197390.97958801486,8451.466055276544,132700.18655700158,3013.6301581791536,1930.8276791527664,1183.0090879076367,2506.3580501816496,714079.739504325,714049.0344824238,8441.287587905283,[ 0.37685952  0.70119469 -0.60522963],[-0.41237674  0.71208834  0.56822146],[0.82941083 0.03544295 0.55751365]
149,142835.9713832319,197635.3959765107,90350.34677328293,8212.049299463359,4543.1461874825645,9529.16345668757,5570.774071722948,3177374.6629682966,3176124.4605582245,148645.72326257153,[-0.61751882  0.64947262 -0.44368437],[-0.56289899  0.02908317  0.82601386],[-0.54937714 -0.75982859 -0.34762808]
23,196068.08918792487,80536.42895898527,191975.65033317255,3653.298554162882,6260.3406841835795,3955.123034399621,3286.198854861649,1372016.718349268,1371650.859658049,36327.0811909686,[-0.72642739  0.20524775  0.6558785 ],[ 0.0468315  -0.93735927  0.34520199],[-0.68564572 -0.28147996 -0.67131138]
136,85917.87790554354,189063.19267755921,107243.25497765647,4956.579664389189,7387.765357187326,5814.754967542548,7374.885564787627,2728065.0139336744,2727484.856668402,89430.80307339056,[-0.90636555  0.20123589  0.37149107],[ 0.20821916 -0.55232416  0.80720679],[-0.36762247 -0.80897598 -0.45870642]
90,9686.67611807028,120026.50553559192,154569.2814376176,5303.733937274486,5785.825901917927,9349.845234438964,7065.654306983423,1861746.8117347558,1860709.3369562824,94964.39875268255,[-0.99834558  0.05362248  0.02075424],[-0.0296271  -0.7890794   0.61357634],[-0.04927822 -0.61194634 -0.78936261]
106,27549.904136012152,98239.6770862451,31922.53348204021,7574.040149416468,6699.730133180206,6686.462096230122,6413.825702007074,1106323.1287092706,1104118.8230183239,105315.71818452442,[ 0.24094538 -0.36104466  0.90088405],[-0.93631378  0.15785581  0.31368462],[-0.25546394 -0.91909102 -0.30001647]
4,53763.60258605079,191590.35101593423,54939.73774877679,1619.3599919464782,2038.9936143473099,2639.0219330761033,2843.4952879171383,412930.697261343,412918.402680501,4762.8615186993475,[ 0.96356727 -0.26723334 -0.01115584],[-0.0607973  -0.25945387  0.96383991],[0.26046459 0.92804635 0.26624833]
636,167016.12496027944,191552.19729249954,26259.255415932974,14187.385579492542,9662.961252586985,19145.93424398958,10114.504755337026,6467951.773874875,6456255.050793489,595603.6942766426,[-0.70758697  0.55779855  0.43379887],[ 0.26692412 -0.35742566  0.89498515],[-0.65427227 -0.74907121 -0.10401985]
5,2567.4961148255406,18205.633981434978,129150.1116122943,1526.3979439243979,1861.846134334463,1950.8126746591042,2094.8479513465913,291769.67815226817,291750.7021869218,5088.000267747903,[-0.7524941  -0.64992364  0.10654521],[ 0.65830986 -0.74704901  0.09244407],[-0.01951291 -0.13970338 -0.99000112]
318,104237.22684265081,168667.51243050696,185239.77033073493,9882.408309171416,11006.751746316086,12967.02528261568,11858.461499200543,4849798.7954626335,4845012.808500884,280626.0378193368,[-0.85940017 -0.02940339  0.51045743],[ 0.33708567 -0.78324626  0.52239692],[-0.38445364 -0.62101589 -0.68303343]
123,179965.7742084221,159630.25754183638,96252.82809971132,6423.623122269841,8263.310719894373,6028.984210455067,6593.1101237331595,2876173.0775952647,2875087.549586296,111265.2886798605,[-0.71666516  0.54835901  0.43092162],[ 0.06216299 -0.56519671  0.82261075],[-0.6946415  -0.61632384 -0.37096915]
73,161742.53009621787,32842.30811746623,59691.22663852865,4301.48041896177,4833.517524595943,8458.42675608602,5014.200161653513,1502020.9458117427,1500380.5460549733,80535.01350055254,[ 0.03901989 -0.91624561  0.39871222],[-0.38681495  0.35405585  0.85148027],[-0.92133145 -0.18745251 -0.34060228]
121,190042.8195413422,33331.11839849125,123474.014171809,6397.318226847515,7252.883795498252,4879.25993554137,5627.815932900447,2521995.97302023,2521135.8932198416,101431.69585552599,[-0.54662752  0.01607405  0.83722158],[ 0.11276047 -0.98929641  0.09261583],[-0.82974902 -0.14503186 -0.53896413]
40,175359.93248035086,201415.4876585435,106582.90133958487,6021.223034408012,2686.4331732693067,7260.273303029883,5872.953942326913,1819481.639432692,1819076.8241015864,49782.69736575179,[-0.62402416  0.71288894 -0.31997377],[-0.48844483 -0.03623962  0.87184192],[-0.60993073 -0.70033995 -0.37082131]
41,17005.344404189218,196083.79550518183,10414.548419045714,8351.621523360425,3356.1968123646307,3595.507436896403,3157.86412889046,1263335.5945305126,1262412.9066489218,58420.61749684269,[-0.00582091 -0.05246844  0.99860562],[-0.99625198  0.08648933 -0.0012629 ],[-0.08630247 -0.99487017 -0.05277524]
74,135641.77879190416,137445.41372423802,4120.775218802819,10108.942577553722,6647.102980010201,2940.149388376987,8644.104602251402,1664796.3783684473,1663357.2773280288,77857.5601265533,[-0.02060154 -0.00964667  0.99974123],[-0.71107454  0.7030726  -0.00786896],[-0.70281476 -0.71105264 -0.02134388]
127,10662.934982121518,153709.50336472114,125885.72087299518,5175.022755604577,9773.598983857728,6187.094461043266,7759.786445762526,2246041.9126564325,2244656.345727172,113283.67487165895,[-0.9860305  -0.0591384   0.15571289],[ 0.15775289 -0.63160672  0.75906981],[-0.05345914 -0.77303014 -0.63211274]
38,70898.19348585914,141819.2465912389,198999.711929044,2674.9728028683667,5012.863222007934,3047.80043408715,4192.277291695357,1568886.7739075392,1568785.5023400998,30271.996039118116,[-0.95327265  0.06144947  0.2957959 ],[ 0.1168488  -0.82790329  0.54856403],[-0.27859937 -0.55749449 -0.78203727]
36,196358.16036071623,27880.02424968237,20097.721753421032,2195.290393379483,6124.659033588537,4386.446922804615,2721.1605386281985,1196702.7900078176,1196457.573439859,44070.87112086043,[-1.01819713e-01 -5.03630519e-04  9.94802740e-01],[-0.13944486  0.99013408 -0.01377115],[-0.98498116 -0.1401223  -0.1008854 ]
280,87956.28667073863,172255.70146489606,35384.688074281396,9935.390319200706,12795.64752709741,6895.635941871285,13180.720130961998,3301747.6691013067,3299022.17200808,195805.82072997288,[ 0.14184152 -0.26826408  0.95284593],[-0.88326734  0.4002709   0.24417619],[-0.4469002  -0.87625201 -0.18017386]
117,24616.504156417643,174427.28104921474,95126.77993665256,6828.973112493459,14592.620329420404,7688.710599902683,14199.602136994168,2173189.6602929034,2171796.7221257207,117598.79401503249,[-0.95187939 -0.03075824  0.30492548],[ 0.28042382 -0.48882104  0.82608503],[-0.12364507 -0.87184168 -0.47392402]
76,138196.38108132794,41851.67712309896,8353.21720683653,5153.808581527177,4365.803446305432,5209.069544772822,4885.994160603765,1262727.1697486457,1262016.367422629,60578.38565420779,[-0.27137351  0.78711543  0.55390046],[ 0.11526    -0.54477795  0.83062153],[-0.95554777 -0.28925125 -0.05711538]
65,103599.23751928934,74031.6997660262,180955.19718255123,6724.854283864275,6712.097585182313,4850.21277973622,4770.858418659116,1785763.1352145325,1784521.2243736756,76838.94756640568,[-0.53357423 -0.63074367  0.56343675],[-0.70436201  0.70016908  0.11677938],[-0.46815884 -0.33455297 -0.81786405]
4,143770.11511633074,77035.81110542026,18819.435066754144,1208.0402982410535,817.1594518183604,1851.10493000441,823.1771115777749,328410.98061889806,328389.10491380136,4418.124230287256,[ 0.45501836 -0.7218325  -0.52145578],[ 0.16187957 -0.50877963  0.84554024],[0.87564451 0.46914937 0.11465413]
132,67466.95705494333,126273.298555311,9381.830797776754,8505.603525443781,8425.825181751987,5717.997752773105,10378.127952301722,1654653.4115514185,1653493.595821555,94496.84149228006,[-0.63265496  0.28582666  0.71975747],[ 0.61444355 -0.38045257  0.69116928],[-0.47138819 -0.87952201 -0.06507086]
51,146944.03431933268,196162.81620560098,166088.07691775807,8295.777570682463,4673.523625362485,6616.245422069104,5889.630669120227,2115880.772860934,2114892.337962326,71215.64246327755,[-0.64004468 -0.15730734  0.75206197],[ 0.5862802  -0.73263868  0.34571098],[-0.49660681 -0.66218952 -0.56114767]
80,120316.00597995604,200616.76937691757,62872.85613982446,9331.41314979545,3139.9461910546406,6857.716514437948,5622.098118178934,2168432.2525380272,2167970.785779546,94880.7985817425,[ 0.3363191  -0.45960374  0.82198167],[-0.79978893  0.32143695  0.50696741],[-0.4972194  -0.82791467 -0.25948059]
9,95047.46937564488,163153.92661826086,87911.33405296688,1418.565041530689,3421.842722543301,2114.1182066982497,2332.8963488004247,624966.7498614842,624898.7362540428,10717.622432932156,[-0.73103204  0.05957072  0.6797378 ],[ 0.50735865 -0.61866861  0.59986361],[-0.45626675 -0.78339037 -0.42204286]
185,82437.54396740238,30412.28866230622,186348.87410752845,8091.667612979691,13004.05723509749,8182.91097976746,8623.484447478857,2810238.28477329,2806734.1939999443,204143.93718939702,[-0.88140261 -0.2081817   0.42401629],[ 0.25120433 -0.96676693  0.04751932],[-0.40003228 -0.14839838 -0.90440704]
13,178138.46689220052,46195.111822063926,100589.4549774728,1550.7827213835888,2378.4329530279315,4461.997515219563,2521.9460600195225,756383.0747886677,756277.469263972,16743.128140909972,[ 0.2371557  -0.97112065  0.02611259],[-0.47164642 -0.09159773  0.8770174 ],[-0.84929785 -0.22030558 -0.4797485 ]
18,136634.9996818864,16604.9743048067,79270.66216680763,3299.0482355631907,2234.694035362347,2809.9846472243185,2061.785977534589,674143.7257719534,673992.9517325752,18769.393046958026,[-0.03855224 -0.96258336  0.26822938],[-0.50829915  0.24999676  0.82409562],[-0.86031721 -0.10457004 -0.49891824]
23,71636.95816045906,121944.081303155,161251.37282798407,2041.3935097767478,3744.6936650611083,4066.16806881928,4585.312732437466,1029001.7896198931,1028898.4032399021,17740.119774361414,[-0.91237845 -0.00531465  0.40931322],[ 0.23670286 -0.82264477  0.51694036],[-0.33397202 -0.56853085 -0.75182136]
54,193828.08402760394,174375.26309888152,64058.37894956585,5687.336572685748,5395.4388932629245,4342.131150585985,6346.349786513445,1973833.925778982,1973591.39772708,46689.40459646872,[-0.69064175  0.65602926  0.30436751],[ 0.04134324 -0.3843604   0.92225692],[-0.72201434 -0.64953267 -0.23833296]
2,200866.1575953898,174020.15812069183,136198.87092254905,396.4905369049083,1179.055425169834,186.36071253629052,868.7570429644258,422331.48887294787,422329.52985285694,1286.3545023168967,[ 0.71057905 -0.33661304 -0.61787465],[ 0.20653632 -0.73967126  0.64049136],[0.67262186 0.58273329 0.45607208]
2,90753.61295984802,16361.123244649345,25472.707558377995,1026.4685210374228,268.10516014956465,809.9688348917898,1143.4974916147912,135311.08614568302,135307.58420263324,973.4943100762025,[ 0.30490718 -0.71910488 -0.62443557],[-0.08475885 -0.67354397  0.73427138],[0.94860295 0.17095817 0.2663189 ]
3,2225.7983827701996,107524.47673310577,95525.11156901,1046.0561860678233,634.3589140866499,967.5654461921424,865.8837718716806,249161.6374472563,249152.78795462486,2246.984133901224,[-0.58607189 -0.53132108  0.61173331],[-0.81011061  0.39869288 -0.42984274],[-0.01550921 -0.7474904  -0.66409154]
23,64543.79080715747,102442.50152990001,140967.17756688604,2773.23123645605,2828.251779701635,3468.9604058017417,3772.2085182010765,891502.069982659,891440.351013864,17623.915409147845,[-0.75198922  0.6470471  -0.12586604],[-0.56022783 -0.52673078  0.63929606],[-0.34735714 -0.55125741 -0.75858967]
10,172850.39272158372,188811.1874618286,73421.75552790285,2323.0457162974844,1540.5983460582397,2353.4002302866425,2330.656112184508,842183.2638033025,842180.6293416104,8879.553398381493,[-0.33962824  0.59442722 -0.72890942],[-0.68069604  0.37946995  0.62662226],[0.64908054 0.70898437 0.27574554]
9,10595.081900999774,176058.44994086778,101463.11481677614,1171.0591792681735,2486.898060373412,2373.956217425514,1911.354445032443,610525.3475469796,610470.9775859285,9283.659910498729,[-0.98375782 -0.04143161  0.17465388],[ 0.17177942 -0.49960585  0.84904995],[-0.05208059 -0.86526147 -0.49860826]
6,45625.269975514915,2203.6858288033213,133853.03221682218,1946.8027562929076,1268.2057068334368,1496.0878797228659,1171.4447244013727,346494.07002626045,346458.9141144033,6130.983393601956,[-0.32178571 -0.93850421  0.12515513],[-0.89017695  0.34491438  0.29768957],[-0.32255071 -0.01561796 -0.94642333]
74,195098.35825683502,23544.93114667654,85393.66430867284,7223.01317257935,10293.026817110946,4147.526476037304,5934.790394096441,1846400.083522302,1844177.6521793834,102053.72428387824,[-0.33440207 -0.37038851  0.86659541],[ 0.24242708 -0.92239606 -0.30069024],[-0.9107164  -0.10953475 -0.39824336]
83,12044.999341887082,64901.71184221424,113640.94492111534,5249.221528355182,6501.602660900209,5142.689418026496,5651.296866480949,1200074.8954604457,1198980.8551205627,72996.01827473285,[-0.72026215 -0.56706173  0.39957906],[ 0.68778168 -0.65884172  0.30476868],[-0.0904367  -0.4943365  -0.86455343]
145,38241.172432435545,14071.178884598163,65139.721278382785,10507.074694104416,4025.3143265216145,6702.120543168817,6946.003662570812,937528.7354525657,930037.9417608188,133585.39105327515,[ 0.10359778 -0.98287509  0.1523944 ],[-0.85945964 -0.01134706  0.51107765],[-0.50059626 -0.18392335 -0.84591701]
43,109699.85653192172,36735.45248878374,32681.8641670008,4943.042648615431,4180.6671259558425,3890.1644489569717,4848.173334427424,789520.9987921795,789284.5349822445,37879.07288150095,[-0.04260513 -0.59005723  0.80623648],[-0.40668083  0.7473326   0.52545664],[-0.9125763  -0.30549377 -0.27180517]
28,33965.97903724957,127778.90771410726,125466.94548137579,4022.2936803156063,4544.568146533194,2447.0721968061052,3815.087645020733,964995.5684262322,964820.2269545124,28222.80781158381,[-0.24616431 -0.64485762  0.7235757 ],[-0.9511953   0.30407186 -0.05260994],[-0.18609309 -0.70121249 -0.68823717]
6,48842.6438226054,14133.453764312733,4458.663813097196,2304.4009345069276,1445.7314954308433,2200.8824349084425,2181.765611211495,125269.62097249045,125187.27673294117,6742.09854934417,[-0.2710129   0.74358653  0.6112537 ],[ 0.10266727 -0.60906672  0.7864459 ],[-0.95708487 -0.27589273 -0.08872294]
26,144676.34100958804,49498.67734960155,85483.47795086549,3124.0279169933065,3937.94046705393,3927.901107655668,2505.864300592599,893657.3508746875,893542.6687656884,29852.2450359316,[-0.563822    0.42004422  0.71110309],[-0.00419168 -0.86245197  0.50612155],[-0.8258857  -0.28238174 -0.48803009]
2,195144.2442245501,87083.07133423712,166508.03298968988,801.0312538867875,96.65232709010161,590.4780844919442,971.0134761178633,383120.50865016517,383120.3604239804,337.0118107441933,[ 0.54721696  0.28113831 -0.78836213],[ 0.42621603 -0.90422985 -0.02661341],[0.72034262 0.32144927 0.61463556]
2,203640.08053704284,18784.217125813004,60942.005581636025,796.8355643405812,98.30202062667377,557.1708457195164,910.8877651125804,301784.73224479175,301784.31695355906,500.6565034208835,[ 0.21783983 -0.85910964 -0.46311601],[-0.20459098 -0.50416517  0.83902325],[0.95429992 0.08802333 0.28559333]
27,125296.04475961997,53376.474689521376,174518.46696394988,4655.675328930966,4151.0737779090405,5574.646148384666,4906.917619250002,1150997.1498915707,1150647.9540544956,35432.036020960244,[ 0.55324415 -0.82006284 -0.14634835],[-0.61124215 -0.51899853  0.59751449],[-0.56595401 -0.24111712 -0.78838987]
14,74328.56726650387,123846.8516689031,100914.34613277008,3604.5454629404244,2732.630943527069,2784.397661682685,2341.817825837735,659560.2548289547,659358.4581339936,17838.22467522261,[ 0.05324178 -0.64980904  0.75823052],[-0.90519541  0.28920875  0.31141542],[-0.42164746 -0.7029271  -0.57280618]
43,155952.38380514673,145294.44561688387,45331.950428076416,6646.014991938994,6294.956395952176,6878.612055968301,3066.4333063334275,1430778.2411765994,1429257.0282585255,72262.04298093959,[ 0.27798524 -0.54524959  0.79083949],[-0.64086584  0.5080068   0.57551722],[-0.71555236 -0.6668073  -0.20821344]
4,2455.7541990906043,84463.35614690855,160108.23119079124,1286.941505901961,2182.94863982839,2328.919629583172,1763.7201499105158,362132.32874602894,362102.088618404,5907.312126818733,[-0.99789885  0.06236148 -0.01757632],[-0.06335286 -0.8823184   0.46636966],[-0.01357559 -0.46650326 -0.88441529]
15,200135.67118748956,141462.92984395975,107220.54258764173,2311.725365505973,4303.4242725842205,2646.9090963235535,2162.2489331287334,1036245.9066064379,1036146.0754221827,19763.247085585772,[-0.14695789 -0.45695842  0.87726415],[-0.64712648  0.71517003  0.26411956],[-0.74808468 -0.52888641 -0.40080978]
63,69866.53119479393,81648.09137065588,42064.31535099147,4504.767310099331,4330.734614239437,6174.226649968859,4693.564619991551,918149.0958298268,917158.9421392123,59210.587924470456,[-0.60286599  0.70660907 -0.37048108],[-0.51990295  0.00430013  0.85421451],[-0.60518883 -0.70759108 -0.36477574]
2,24213.118306894205,108643.44207893322,157051.3359541673,1080.2740382059783,250.92929566986277,1795.9070095772477,1187.667878221153,272247.13026728854,272235.9473570397,2467.57074651636,[-0.69823089  0.63457939 -0.33133461],[-0.70474229 -0.5280183   0.47385122],[0.12574549 0.56436307 0.81589362]
102,178988.75298444438,6341.19503022305,34883.80268512676,7147.818621872192,5288.499806065191,7686.906130253771,6777.348277137218,1846071.7364130486,1844708.739193984,96125.44734201064,[-0.05038548 -0.90594399  0.42038885],[-0.1874406   0.42202162  0.88699705],[-0.98098284 -0.03410617 -0.19107445]
150,42831.88332525997,83566.15907197291,185613.3429548957,9807.864786239565,13691.018796522743,8106.363115835982,9671.11174732794,2556364.5326511674,2551927.708266196,196281.99947659808,[ 0.84290654 -0.53597024  0.04737587],[-0.49700186 -0.74182747  0.45020123],[0.20614974 0.40302346 0.89166943]
43,49006.28434016123,27154.05778134958,123871.0149947574,6267.879185389031,5440.40411264724,3234.687348620094,5186.939562405281,892945.7829215291,892604.2754393534,47604.76691259264,[ 4.85856851e-01 -8.74038394e-01 -7.79298330e-05],[-0.79590279 -0.44246     0.41324074],[-0.36122275 -0.20071382 -0.91062181]
3,20181.44835831245,139589.23066347442,191163.36738429905,741.2665668816423,348.4671796646881,305.15182410717085,365.1263097017136,411472.815668487,411470.62976277276,1374.8366689302272,[-0.31216064  0.78264374 -0.53853924],[-0.9462235  -0.2054416   0.24990964],[0.08495185 0.58759044 0.80468669]
12,118474.92560323504,51982.23385505043,108775.75468943175,1629.883260154613,2144.9494083567724,3829.1441908653906,3342.897940996114,585709.9628020101,585692.2464039838,11380.453255673074,[ 0.63099918 -0.68809385 -0.35828325],[-0.33277792 -0.65726281  0.67621332],[0.70078448 0.3074613  0.64371474]
22,70023.63776957261,198106.57276040697,2999.8763612472903,3558.97881409811,3555.323159564664,2206.5996021763394,3932.445693576893,985950.0973231139,985839.6017151352,18040.00367238805,[-0.4692933   0.15274069  0.86973219],[-0.81772613  0.29658408 -0.4933172 ],[-0.33329833 -0.9427132  -0.01428487]
25,46026.04389742127,13103.43716814689,85174.74957824138,2455.9654874519765,7129.1547443730415,2607.6313068932745,2535.407602474109,489985.65985814435,488776.4362281976,37897.27792951841,[-0.83898866 -0.23719351  0.48973184],[ 0.27285512 -0.96205398  0.00148937],[-0.4707952  -0.13487541 -0.87187184]
10,182297.02071011602,202667.49154396518,124923.00501047664,4402.652179281037,1096.662482281594,1461.014049640359,2457.9009134292073,948335.715142104,948255.3263119016,12925.959594125114,[ 0.14926134 -0.61266047  0.77612383],[-0.77976318  0.4097217   0.47338939],[-0.60802174 -0.67585152 -0.41657447]
43,96234.00987169603,4953.469721896419,6144.993846104326,6388.999748123625,2805.563455840837,3890.4993866465134,6521.731188608659,635071.1397769445,634857.9799579016,30518.24086866794,[-0.05964386  0.98904282  0.13504411],[-0.05697488 -0.13843738  0.98873098],[-0.99659243 -0.05127761 -0.06460753]
12,160673.25912881223,121749.65307701152,2685.3132182155205,5621.408107665428,2661.454543388709,1235.4541981931422,3470.580866477798,698725.2594628363,698509.613735304,18395.98967176439,[-0.00831594 -0.01104812  0.99990439],[-0.60368997  0.79721018  0.00378779],[-0.7971758  -0.60360075 -0.01329919]
31,54077.1243172066,108328.90139494573,31353.465127611802,4114.299456936869,5020.278943900689,2599.9712037401373,5111.495063445004,697298.5503010966,697089.9033502273,26612.47397258161,[-0.32042057 -0.11205333  0.94062464],[-0.84284521  0.48695343 -0.22910328],[-0.43236861 -0.86621037 -0.25047351]
45,160033.73347550968,53780.27648844327,190350.65946873082,5499.864190227279,3324.99209961887,4630.683337112993,5167.40560959524,1707480.6502491566,1707284.1285889042,40272.45152385451,[-0.07945195 -0.93982521  0.33228897],[-0.77330696  0.26845929  0.57439181],[-0.62903397 -0.21132482 -0.74810299]
13,115741.84788909016,83687.21866639772,134352.84713835467,4648.9702634619525,3600.4440475682945,3743.1433654280386,2809.817753008705,707407.0466821241,707122.320851653,22963.271471261272,[-0.19753924 -0.74668122  0.63517353],[-0.78272751  0.51023004  0.35637473],[-0.59018293 -0.4267698  -0.68523838]
12,42310.72422293211,114316.19299745672,43843.83935948007,2042.4348116883536,1780.3840157050438,2728.746839624235,1644.9271269140372,448884.46178253257,448830.6203772296,12034.52325473976,[-0.89207135  0.16947196  0.41891283],[ 0.31230232 -0.43880656  0.84256517],[-0.32661287 -0.8824557  -0.33852028]
7,2078.273151067486,14664.864187983916,168146.2670411753,953.4417461222096,1445.0547898845286,3317.5741491286685,3292.7500731037094,446698.9456372767,446687.24181534065,4715.247173845906,[-0.98183383 -0.1875896   0.02850391],[ 0.18934173 -0.97840244  0.08293599],[-0.01233037 -0.08682634 -0.99614715]
8,151487.15994188946,60418.59844333249,67360.35946708595,811.0047616898117,3207.7703451663215,2037.1474404115143,1761.2327399890826,499178.88550347945,499144.15623999375,9801.350185876689,[ 0.40365364  0.00801641 -0.91487676],[ 0.31643363 -0.93947246  0.13138206],[0.85844831 0.34253062 0.38175814]
40,29477.744929446933,55285.70028587374,69349.20074598286,6518.217420427181,4063.950789410839,4693.124640842631,3785.4016327883614,593394.761271454,592003.4090549918,51744.58937558249,[-0.5325509  -0.53735409  0.65394199],[ 0.78513723 -0.60221903  0.14453986],[0.31614723 0.59040903 0.74260899]
15,175670.00355176532,25942.013029124653,81056.02467599351,3367.087394666874,2273.515255272996,2253.298202952603,3179.6740921645724,756183.2938189431,756143.5411618404,13107.100783982927,[-0.02245633 -0.93692596  0.34880577],[ 0.43536618 -0.32323897 -0.84022191],[0.89997333 0.13298993 0.41516464]
