N,MEAN_X,MEAN_Y,MEAN_Z,SIGMA_X,SIGMA_Y,SIGMA_Z,SIGMA_R,LAMBDA_1,LAMBDA_2,LAMBDA_3,EIGEN_1,EIGEN_2,EIGEN_3
1765,23882.19169354736,41693.04768343557,33865.76005524422,14084.017097866245,17923.17362068475,25076.616589800975,17917.44412560827,2794821.691987023,2616031.003164915,1263905.5580190034,[-0.89668892  0.4299588   0.10528251],[-0.18304658 -0.5767059   0.79618105],[-0.40304209 -0.69465512 -0.59582828]
80,66502.34781450492,193412.58725413392,198493.1032287523,4799.288950915559,5294.430450101491,4016.396986987295,5153.699114955968,2549990.965241067,2549889.1372782555,56949.76089491609,[ 0.2634329  -0.73349125  0.62657297],[ 0.93603473  0.0372541  -0.34993017],[0.2333283  0.67867718 0.69638724]
31,122676.03768859545,198237.7973845273,190111.498061973,7134.198700879738,2360.7186515467038,4538.035599421083,3411.7339811749293,1675524.8666787683,1675034.473662763,45109.63979429015,[ 0.22103869 -0.74285202  0.631912  ],[-0.88589399  0.11802261  0.44862289],[-0.40784032 -0.65897006 -0.63200058]
1109,105226.42412467135,91885.8942742295,159721.79777509926,23574.715824392777,25370.851768509056,10206.801230107514,23701.523240047944,7151095.336357298,7129375.232052298,891314.995207533,[-0.7909309   0.58222558  0.1882596 ],[-0.35191574 -0.68450188  0.63844536],[-0.50058327 -0.43871465 -0.74628804]
19,194936.40697116288,82334.70302470349,191022.17022308178,3862.189117492369,2459.4998067790484,3691.765749076551,4625.803397391944,1242864.6331539277,1242803.8933747262,15819.630641133524,[ 0.66826356  0.12087843 -0.73403829],[ 0.29291929 -0.94975728  0.11026962],[0.683829   0.28870315 0.67009581]
3322,115061.66920235305,135499.98147291658,102857.65508067682,34197.934474855334,29497.775477842217,40794.0905702444,34717.90171838131,12235464.910718335,12102760.338736499,2943231.6999701248,[ 0.10561166 -0.66695921  0.73757141],[-0.82729141  0.35261948  0.43731959],[-0.55175637 -0.65637254 -0.5145289 ]
210,193050.3041850236,181961.9282427924,109656.8621162218,6570.498160331983,5091.288268075077,8474.417310792123,5487.201973816436,4162740.8547473988,4161367.5950116226,152085.2909556442,[ 0.4727063  -0.76510204  0.4372272 ],[-0.56949448  0.1133951   0.8141361 ],[-0.67247661 -0.63384574 -0.38211881]
51,144555.01185798025,7902.764513208673,102330.74238736997,4702.168122998595,5900.302615660755,6380.517367034284,3720.5212324328386,1267445.0764448696,1266949.864618025,65259.13097784745,[ 0.31489965 -0.87070434 -0.37777263],[-0.48589006 -0.489799    0.72388383],[-0.81532145 -0.0443948  -0.57730412]
34,47460.05652252782,128539.98138960547,200718.40405121096,8567.888885396529,4594.41808465639,2725.4144214664498,2022.4435730704522,1418033.1346982575,1417415.5984047712,57636.028704601486,[-0.12198989 -0.82245379  0.55559718],[-0.97311027  0.20930266  0.09617065],[-0.19538388 -0.52892548 -0.82587104]
171,142902.07470103257,197040.97664954173,91411.49145882968,6708.123958928047,4675.162803686475,9564.79250707226,6018.895188971163,3402798.300238901,3402088.8328021965,144443.5048727421,[-0.80997655  0.58645719  0.00243916],[-0.20459785 -0.28647016  0.93598855],[-0.54961596 -0.75762973 -0.352022  ]
64,114166.17659406166,199823.59215122205,61304.40041535571,7802.850620928186,3708.6065523499838,8395.52326810114,5440.953857323552,1907083.20043685,1906457.7596015828,85992.66955567052,[-0.80703864  0.30656395  0.50468523],[ 0.34432092 -0.45002834  0.82396456],[-0.47972049 -0.83874492 -0.25763388]
79,64345.25928554534,81912.63001384427,17389.884586507604,5821.27594129919,3704.2334506597767,6629.702652686887,4189.745649431621,942085.5693827744,939819.9880241648,75888.11881469909,[ 0.59734697 -0.58569181  0.5478519 ],[-0.52092031  0.23603699  0.82032224],[0.60976933 0.77540418 0.16410278]
81,185493.1262938421,74666.3115924264,126110.28696773475,10387.41312427541,8553.877371107548,4079.394263535179,7059.846220099097,2131133.9044511276,2128855.2378700273,109066.83692736508,[-0.38330691 -0.42912739  0.81787866],[-0.48645228  0.84653912  0.2161844 ],[-0.78513693 -0.31499396 -0.53323429]
384,195755.94408007688,137226.9972139559,44600.944494552525,6824.4551406786895,12331.74830270984,15150.276358478459,11472.613582406102,4779540.505695993,4773861.430574926,339524.2323776662,[-0.55276669  0.82496787 -0.11780068],[-0.21840014 -0.00699468  0.97583423],[-0.80420791 -0.56513635 -0.18403953]
4,95200.59281631124,197442.56939943833,96869.52520362713,621.2571350373037,3453.816305473073,1526.6157004967718,3552.7493723990674,479350.20320727595,479349.45358233625,2838.1180164894163,[ 0.26587215  0.31824536 -0.90996258],[-0.87837625  0.46890391 -0.09265138],[0.39719914 0.82392294 0.40420766]
279,78873.9135213774,45742.490535967045,184794.49773721865,10219.431806631415,24285.118674988542,11332.101993143444,9554.535890496642,3473183.6290046563,3448575.1097871144,444307.2936801806,[-0.87788791 -0.2155356   0.42761809],[ 0.28793998 -0.95110725  0.11173884],[-0.38262697 -0.22122252 -0.89702687]
142,133629.3651034269,147187.4650455784,15698.028923151942,7605.891326405865,8824.234072289157,9520.471710908045,9830.818402117353,2381812.89298617,2380531.0367138353,135136.3983397849,[-0.73238872  0.67460107 -0.09230474],[-0.12179128  0.00358499  0.99254926],[-0.6699057  -0.73817379 -0.07953492]
9,8703.492918306434,2052.6636732729617,14715.851793050591,2078.5358909971073,700.6567335602005,2834.75092248785,2554.48601579607,52729.83672627053,52269.36570308486,7489.574218135011,[ 0.17440323 -0.98411873  0.03307323],[-0.84808643 -0.13305961  0.51287868],[-0.50033281 -0.11749665 -0.85782377]
271,18503.492312563612,110975.41450159953,162440.31636749915,8868.012047263852,13855.674762960358,9584.195176905467,8057.366591850495,3264864.174365253,3258619.7406989825,284239.81506292854,[-0.98519483  0.17137449 -0.00468329],[-0.14345044 -0.80909122  0.56990646],[-0.09387822 -0.56214071 -0.82169623]
157,43511.32772249643,70341.77847228583,118049.42821442155,8029.039335962913,7753.535254681752,7589.763387893969,6252.940649415239,1812080.5577875415,1809771.6360677197,149111.8162225935,[-0.66959899 -0.50352077  0.54598904],[-0.6787516   0.71331268 -0.17458893],[-0.30155175 -0.4874955  -0.81939898]
230,13698.82476434753,46613.70679581432,154904.74405703304,10127.764092913872,12727.632099940647,9302.606494923046,10916.274311201581,2475127.31294019,2470941.889347962,231185.64032057565,[ 0.8086322  -0.57903397  0.1040847 ],[-0.58221428 -0.76221217  0.28294722],[0.08450143 0.28939983 0.95347116]
42,172514.29773284326,13215.16263986718,95263.61664876662,5996.893106196364,4225.635005745895,3664.349158635871,6262.168682376109,1280994.7409567356,1280801.4882635172,34220.29318304341,[-0.46509103  0.40738406  0.7859571 ],[-0.14387861 -0.91080422  0.38695557],[-0.87349258 -0.06688715 -0.48222073]
496,150927.35468358948,15598.525013708406,175467.6819227563,11829.571819350209,8353.960382844496,14248.985153192638,14355.331637729398,5182989.910240377,5179088.450723228,322358.1779150256,[-0.22841677 -0.93294046  0.2782946 ],[-0.724562    0.35382763  0.59145238],[-0.65025817 -0.06654405 -0.75679336]
476,94460.26495836652,182808.57155670793,25317.62028923015,11088.970763579595,11213.667684830492,14132.99132821607,12288.633539695698,4542328.617734118,4535488.999632658,378213.5486800083,[-0.8596434   0.47167592 -0.19630348],[-0.23023238 -0.01464877  0.97302542],[-0.45607705 -0.88165029 -0.12118779]
704,18723.70452192045,110565.5293058548,89267.87922037615,10853.264156658737,14647.3131929147,16629.202892473913,14958.683840650257,3850279.2367440164,3832140.0568185337,522862.39684355044,[-0.92681743  0.31785837 -0.19993877],[-0.35234043 -0.55196789  0.75576959],[-0.1298679  -0.77090694 -0.62356781]
32,191006.91511347686,158893.9451335771,127433.88258305626,2429.159308259817,6375.149176520373,4542.570717733605,3153.3106274695006,1580195.9237747479,1579728.971050162,42862.916478136656,[-0.71432969  0.3958695   0.57707922],[ 0.14781904 -0.72066389  0.67734267],[-0.68401946 -0.56914928 -0.45627456]
885,17799.98476112341,145212.80091945018,27374.587711615426,12000.230713502991,12734.749164633917,10621.408824082095,12967.7244306423,4461478.264740086,4452669.495811456,470439.2190822143,[-0.52532547 -0.09582519  0.84548843],[ 0.84247936 -0.19802972  0.50101174],[0.11942229 0.97550078 0.1847608 ]
24,195624.18550097637,50847.70126603922,194675.2688024512,4915.775170477409,4717.658979309044,5797.425005775224,5560.271866811344,1375352.8461277168,1375205.470086933,34481.46793180972,[-0.10921255 -0.92936626  0.35263432],[-0.70868327  0.32155975  0.62798674],[-0.6970227  -0.18132201 -0.69374469]
20,22070.696180075494,153991.14247901028,188895.5325157492,3193.393098931593,5503.884527081989,3532.08392989224,5771.288131617972,1094785.848610514,1094735.5585445007,19825.21731781446,[-0.79421309  0.51307937 -0.32553821],[-0.60089563 -0.58358044  0.54622185],[-0.09027743 -0.62943103 -0.77179438]
819,55125.662185175344,162298.28040043122,132847.88853042573,16868.70434570016,22004.31216131646,9733.217670324091,15120.110888407302,6251314.353442503,6232919.963043193,719885.7082516857,[-0.54308483 -0.41265867  0.73128086],[ 0.80127284 -0.51506677  0.3044143 ],[0.25103927 0.75127827 0.61037713]
68,171523.2824844427,199654.74491645652,107163.99281237047,5961.664404702539,4078.5414841234465,8849.488110253784,8426.482426704757,2345276.2674377044,2344687.93518955,63963.006902351255,[-0.79454145  0.56916639  0.21155024],[-0.06630919 -0.4276438   0.90151199],[-0.60357848 -0.70226092 -0.37752169]
336,192240.96709291433,51017.77665691324,16839.857734336758,9098.424918591169,8588.712583055503,8389.242120981002,9857.669311499989,3667381.895458595,3665219.4696722873,208461.29512099706,[-0.25867511  0.79002484  0.55583085],[ 0.07620294 -0.55693263  0.82705451],[-0.96295394 -0.25629436 -0.0838624 ]
1529,174480.39018491397,98238.43631285238,61776.20557393249,13538.283703413139,22993.695380776022,21548.836112181227,19521.056208252787,8277658.612542234,8253424.505823828,1112169.3912135053,[ 0.10594367 -0.65726638  0.74617481],[-0.54844327  0.58731628  0.59520548],[-0.82944917 -0.47229281 -0.29825088]
493,165664.19651037647,186248.6739898758,190919.28898626973,11928.239023126916,10754.153464102015,10746.643949176101,9038.926274325153,6981216.056392065,6977939.941875778,377327.3811903633,[-0.42185734 -0.43858346  0.79352438],[-0.73734057  0.67526037 -0.01877006],[-0.52760333 -0.593016   -0.60824892]
14,169817.2353974872,170377.48205778326,76129.29015013613,2818.1186570930836,3436.1682322765846,3374.9805952594156,3615.508002370277,944267.4170735702,944200.8681542596,15907.070620866114,[-0.49935714  0.71577671 -0.48816611],[-0.54562593  0.17786869  0.81893533],[0.6730043  0.67529729 0.30172633]
615,117427.83361804044,9501.542861967788,77213.90336066119,11996.05991891485,6252.722595338506,28885.9678134067,21031.56577970838,3578645.400938073,3534429.935011987,598019.3510225384,[ 0.13242046 -0.9879055  -0.08066938],[-0.55095159 -0.14101631  0.82253677],[-0.8239643  -0.06447577 -0.56296155]
80,164166.8315025673,57368.239312505255,187227.7604480599,7328.859644631967,5463.118399167933,9766.790970944558,10073.056873631032,2288384.8527268725,2287621.4844346484,78038.67557010525,[-0.57663673  0.77132491  0.26934728],[-0.50486332 -0.59560925  0.62479009],[-0.64234189 -0.22429335 -0.73286383]
110,179733.06300053358,5241.799289990745,29008.490856683147,7012.630333907199,3975.2580821258784,7416.360632140145,7290.515458998418,1913353.8995029351,1912115.6969606152,85638.29396313414,[ 0.07781046 -0.94704901 -0.3115184 ],[-0.14233276 -0.31981744  0.93672738],[-0.98675575 -0.02854791 -0.15968124]
393,102594.65370159327,173320.74146075684,188655.48748655507,10454.986969188938,14440.935578979439,11425.552638411169,12081.85136483295,5483841.833291011,5479024.547997008,345426.0630500636,[-0.74154015 -0.24240572  0.62558586],[ 0.55878722 -0.73921383  0.37592522],[-0.3713153  -0.62833302 -0.68360995]
58,57107.25511655577,10726.136943638785,189281.7749464932,6456.202475530916,8207.318912512917,3759.1549662148077,3728.117765345393,1509880.8849006149,1508605.3259876815,79421.71941591115,[-0.80980574 -0.51899327  0.27360674],[ 0.51081568 -0.85309165 -0.10631078],[-0.2885862  -0.05367153 -0.95594841]
523,94704.1608110476,40657.95662306605,69896.07463215767,11733.098773248263,12106.334158035197,11862.518423774682,8716.884754934877,2879259.982810069,2862551.2299951552,425332.6561250725,[ 0.56105768 -0.76447527 -0.31747732],[-0.32305871 -0.55533681  0.76631201],[0.76213342 0.32738143 0.55854638]
45,110508.32464144973,38193.42644176434,31297.718677211513,4540.436379472275,4224.490907824303,2569.101324376816,4431.8282451260875,813060.3859170272,812619.9463987217,34219.316207961936,[-0.16411454 -0.29624547  0.9409065 ],[-0.37334048  0.90153935  0.21873199],[-0.91306259 -0.31538139 -0.25855614]
3,55876.0308789202,191325.5398049491,113736.4737324723,1008.516714370508,1747.7369616795631,1319.545338295295,1247.0260046514566,397497.4358259456,397491.33326568187,3574.4406244432766,[ 0.80337944  0.11295731 -0.58465556],[ 0.54342629 -0.54049847  0.64229999],[0.24345296 0.8337278  0.49560933]
8,141612.9190585807,102050.19502092007,183090.62472667324,3115.7280269199387,1118.4089549888283,2271.0094420911737,661.2396500485222,715573.3127848041,715497.8982647489,11209.68871975157,[ 0.1033035  -0.90064728  0.42209343],[-0.82215574  0.16152286  0.54586656],[-0.55981097 -0.40341647 -0.72378645]
39,34386.22351326829,184699.6920171116,193874.77845164822,5658.500025018374,3110.9735518061534,3126.1782400262446,3363.8327285988958,1686495.0349747085,1686154.8512585063,39607.89603287979,[-0.39167489 -0.6304747   0.67014359],[-0.91122929  0.36670848 -0.18757952],[-0.1274832  -0.68412465 -0.71813752]
34,23845.577550094375,23391.115983072126,197360.93265811872,3536.169839180877,4169.311853325687,2887.778520000528,3112.9125072562647,1167574.1816443445,1167460.5036679644,31117.508812364063,[-0.92464234 -0.34867674  0.15317008],[ 0.36168525 -0.9299254   0.06650214],[-0.11924899 -0.11689005 -0.98595963]
108,85715.86980862777,190175.81654723862,108677.83515524054,4520.607282597647,5892.410643018211,5496.036593043028,6036.13656452838,2445869.409303561,2445616.7846188196,72823.03948240177,[-0.90246058  0.18417978  0.38941329],[ 0.2297554  -0.5588776   0.79678622],[-0.36438628 -0.80853796 -0.4620487 ]
6,6738.14555910759,181821.98154480752,131986.98065625105,1711.7652082818406,1144.2292509180197,1510.5726863205066,1442.6498778308678,550623.6682962194,550606.553293779,5161.18620538342,[-0.53068406  0.51070937 -0.67642469],[-0.84703914 -0.291333    0.44457821],[0.02998542 0.80888876 0.5871966 ]
5,2320.200111869174,135486.87294591145,136288.27415376625,1094.0988927652477,2344.9809468068556,2743.494184025645,3078.4992303624363,429823.5708362187,429809.37432181067,4850.21573562753,[-0.99725533 -0.04327539  0.06007542],[ 0.07303901 -0.70793795  0.70248784],[-0.01212923 -0.70494759 -0.70915568]
10,43594.33815064411,113157.94589454231,43920.93094005088,2093.0960278270336,3454.462973916123,2282.3726329869264,2954.8149097096275,408073.13233179157,408000.3164733873,11279.914971363432,[-0.73776573  0.02231925  0.67468776],[ 0.58442366 -0.47910283  0.65491179],[-0.33786196 -0.87747497 -0.34042176]
2,4062.3797379450925,181356.55883227347,4812.88684147338,1307.9178892396403,130.54703393964155,787.7458809749796,122.07720686594257,256640.66893489045,256631.5769554655,2160.245518228579,[ 0.51312357 -0.03425398  0.85763096],[-0.85802288  0.00558446  0.51358111],[-0.02238161 -0.99939756 -0.02652518]
44,198292.21783882196,173361.96468689182,145815.07042673117,3171.696208834529,4974.124273010285,6866.4873678367885,3724.5666221730116,1997775.325825342,1997273.7672216462,54674.2786565695,[-0.72211054  0.6647128   0.19160704],[-0.21162434 -0.47596026  0.85362578],[-0.65861332 -0.57586346 -0.48436533]
3,199615.2678801228,88004.76914496813,64222.38340696574,1927.6071032551768,138.884159053861,1777.1435107091897,1483.597420651175,393912.4889443238,393895.8611062865,3743.7148125318104,[-0.32562392  0.91432675 -0.24078133],[-0.35135941  0.1194073   0.92859489],[0.8777902  0.38697349 0.28237544]
92,66051.5738916032,24150.488667199686,96486.98807157337,5853.501894619072,4494.146711892057,7717.286203590777,7337.779132330964,1149027.7608015335,1148183.3669268275,73862.73048482288,[ 0.12281338 -0.97928838  0.16096935],[-0.82436878 -0.01035605  0.56595837],[-0.55256945 -0.20220537 -0.80856663]
97,172120.61216658034,74289.82231578583,154542.40935319266,7171.773222212841,7889.766178366371,7073.976152694383,7031.322216562838,2395633.4610569994,2394382.661833458,105048.61346241979,[-0.38080329 -0.59336581  0.70915856],[-0.59434069  0.74459595  0.30386842],[-0.70834172 -0.3057677  -0.63620603]
3,78494.96917540341,74695.3185152884,195166.0799428455,655.4010840182149,1038.5436777809903,1107.0411644341516,525.8809576729598,386652.4835402668,386642.9751493868,2714.0462695151346,[ 0.80210465 -0.58923889 -0.09708591],[-0.48268386 -0.7354156   0.47558404],[0.3516311  0.33460637 0.87429637]
92,177559.4692606221,127676.30273244469,178671.637678772,9496.257168613653,5727.6718142411155,4821.100923211182,7700.229419796518,2710724.251607063,2710216.243041876,89470.15072107433,[ 0.08249717 -0.84776331  0.52391945],[-0.77296897  0.27740338  0.5705842 ],[-0.62905738 -0.45204506 -0.63240974]
16,6926.396837957973,140889.5985724176,202609.280573524,3465.296380269886,4987.015910413174,1316.3132260844052,2637.5370842925136,987782.3951406941,987604.9713815975,22492.36798023812,[-0.81143042 -0.4664612   0.3521287 ],[ 0.58377967 -0.67570527  0.4501374 ],[-0.02796358 -0.57082076 -0.82059838]
64,142299.8091744328,46331.47224243185,176088.39269621012,4484.4382040514265,3182.788664009732,5211.681277205547,3230.7803459202523,1849564.2579942516,1849061.132107926,54879.011618654375,[ 0.35974022 -0.93193932 -0.04556407],[-0.7010548  -0.30219554  0.64591023],[-0.6157184  -0.20041698 -0.76205242]
4,79160.73121789857,13135.199810214728,122216.98783760746,440.5491756755436,1028.4805832092966,1132.278448199303,806.9572470258329,292425.23594964464,292417.17086055013,2743.4477408336907,[ 0.55977619  0.70332719 -0.43815692],[-0.6273204   0.70516237  0.33047715],[0.54140533 0.08987154 0.8359446 ]
15,3503.3721671586986,44182.044065606875,189927.0106805965,1677.9051105155986,2688.8348764609773,1319.5393333423422,1323.9593620243418,755444.8466327441,755383.492973059,12261.090111764572,[-0.92142347 -0.37436496  0.10406564],[ 0.38814569 -0.89917855  0.20204173],[-0.01793624 -0.22655862 -0.97383237]
5,71189.79561771914,169946.339637162,51542.346855588316,1716.8614428548387,3019.7391645666435,2194.9343592709492,2912.6967647009574,427907.5550614726,427885.41516069946,6451.845959380101,[ 0.10380048 -0.32830195  0.93885211],[-0.92242789  0.32123972  0.21431712],[-0.37195732 -0.8882696  -0.26949004]
16,6104.373811475572,162947.3331692236,169923.652086864,1835.382440020728,2949.31965837965,2590.3863886928557,3043.945371512531,942161.2274344512,942126.143851732,12330.421393622482,[-0.92380719  0.29238313 -0.24716873],[-0.38197781 -0.66012401  0.64678377],[-0.02594664 -0.69191647 -0.72151117]
21,116933.31702758685,110715.92568544092,24275.351743866147,3578.818719099492,4995.858073696133,2861.441335502825,3778.68155899613,746829.0193243434,746575.5324611401,25908.973961893305,[-0.31977973  0.13205453  0.93824438],[-0.61833859  0.72121689 -0.31225564],[-0.71791247 -0.68000573 -0.14897613]
54,40598.313011568265,48760.74708522251,101467.71588337094,5246.8200919459705,3882.8165884235113,5467.7838378184615,4704.201283960837,881445.7482980717,880300.3347449305,51771.27941047041,[ 0.5089045  -0.83746961  0.19915035],[ 0.79133005  0.36406538 -0.49117527],[0.33884062 0.40755496 0.84798938]
95,68333.04482743783,83491.7021315982,41432.90935993352,7165.337170206399,3936.4201280608386,7271.372380827149,4967.2630902044875,1130609.7772395164,1128363.1688697308,95312.96527034236,[ 0.45862053 -0.66743066  0.5866886 ],[ 0.66306391 -0.18252523 -0.72596887],[0.59161935 0.72195627 0.35883936]
103,69413.94655786417,87716.03266193831,134980.8173397272,7576.117490556453,9780.274960039047,4766.7204959524215,5938.143609872334,1782869.915455352,1781567.5584742904,120159.59230722426,[-0.60859904 -0.4844924   0.62839026],[-0.68784932  0.71693691 -0.11342306],[-0.39556355 -0.50126698 -0.76958488]
33,25451.858045057073,192156.05406749583,91025.36499784443,4270.035748972524,2504.3782630049127,3200.317200346194,2366.5279146187727,1230484.2128968493,1230373.853203607,31113.82869671519,[ 0.37087725 -0.43725013  0.81930604],[-0.92103577 -0.0602061   0.38479649],[-0.11892509 -0.89732243 -0.42505208]
404,163064.41379492634,192525.73244527233,14573.537976185677,13968.178696514855,8267.33898997109,8969.578185321885,11120.466321925041,5090772.788729329,5087056.048598971,299268.4766045218,[-0.31019153  0.19204241  0.93107515],[-0.69749437  0.61950939 -0.36015237],[-0.64597432 -0.76113588 -0.05821807]
2,150246.93418570145,1383.8762926972327,133502.24041325581,623.0594007066102,113.24659199935752,974.2020552909671,180.5423997073376,284254.3038851186,284249.6689139284,1623.2681649995966,[ 0.07137568 -0.99498922 -0.07001407],[ 0.66040106  0.09974497 -0.74425895],[0.74751318 0.00688462 0.66421129]
411,143808.02754464696,20031.807218548616,13812.064863602605,13545.828610300314,13387.678580952805,9904.710936815001,13297.307458689864,2982238.5711154435,2975500.246884282,343052.9487884618,[-0.09234943 -0.02899919  0.99530429],[ 0.13734189 -0.99039264 -0.0161128 ],[0.9862093  0.13520896 0.095445  ]
20,173924.71492839645,44137.795497647945,98335.86374247179,5155.222013033665,2257.678450245255,2038.1395215875018,5181.16823271256,915441.788822634,915388.4577762417,13384.404616146756,[-0.27395971  0.96025697  0.05341001],[-0.44978453 -0.1770141   0.87541983],[0.85008232 0.21580677 0.48040347]
99,62874.554636073146,58380.118308962,66258.3733499602,5096.138459563854,8983.206668165149,4783.89134799346,7658.569926256696,1083951.5025187507,1081946.5325091414,83146.35627609139,[ 0.63545363  0.17007154 -0.75317618],[ 0.51088545 -0.82400655  0.24496785],[0.57896005 0.54045247 0.61050503]
15,49894.3765391226,121138.16568040728,154233.8716751613,2691.960045631609,4317.694220881877,1999.203745824702,3799.4851008473665,784017.3670653601,783926.6027439549,15236.898748153364,[-0.88601014  0.45788422 -0.07299363],[-0.39261359 -0.65713529  0.64344991],[-0.24665887 -0.59876144 -0.76200009]
50,196308.0929642165,88365.10311780775,101238.18324522559,6973.708876726474,2455.025330389944,7497.60923729321,8027.0615278630285,1683644.4665392777,1683307.003340098,48467.407797386935,[-0.46838643  0.87092359  0.1486817 ],[-0.31575553 -0.32217465  0.89246958],[-0.82517428 -0.37107357 -0.42590117]
28,60101.65343000031,8539.740260021863,38612.15728147369,3441.8053311541544,4301.405426860303,3140.499523243188,3748.622503254242,381829.06266939867,381541.99198404286,27240.050838631018,[-0.51314616 -0.1802103   0.83916939],[ 0.19741546 -0.97627739 -0.08893587],[-0.83528926 -0.12002791 -0.5365493 ]
5,189036.05031487704,119387.97683172564,147973.07741725186,2610.232672640645,937.138000316317,2294.758639056166,1378.5507800879138,599564.3901275571,599531.8573052307,7426.874923523227,[ 0.14894517 -0.85391505  0.49864257],[ 0.69331319 -0.26937685 -0.66839579],[0.70507599 0.4452698  0.55190819]
35,63145.643164978945,173798.20624896887,68863.90842080202,3776.685205118059,7956.267254141082,5070.62044236001,8524.881878579803,1168761.7483861032,1168597.6320686494,32936.0754743065,[-0.76520748  0.45733682 -0.45310103],[-0.55873965 -0.12217576  0.82029451],[-0.31979292 -0.88086101 -0.34902202]
45,12814.707804118558,144216.06879737493,161385.69857465875,4975.934265029088,3597.1588041174255,4200.8735067791595,3792.8812584352904,1455040.201520733,1454888.5224847859,42938.98841657225,[ 0.01795576 -0.74627871  0.66539137],[-0.99809655  0.02589116  0.05597249],[-0.05899883 -0.66512986 -0.74439331]
6,37999.85426889975,38772.25328007991,167098.96247334164,778.5095823658777,2072.241802328263,581.3527188257345,413.936115557376,430402.1621564716,430370.1866133158,5515.233342166449,[-0.94501198  0.29206449  0.14714171],[-0.24529964 -0.93058971  0.27171838],[-0.21628786 -0.22068332 -0.95106174]
13,159877.95510373556,121275.37761618188,2638.684140404662,6288.693650190494,940.3401691913339,1483.818815843491,5233.274357863302,723955.0261622136,723855.1298054605,14071.09691454579,[ 0.06412351 -0.10617767  0.99227742],[-0.60067128  0.78992453  0.12334201],[-0.79692044 -0.60394167 -0.01312514]
94,10913.267333346565,151007.79700590533,124942.97878778545,6199.718077896283,5747.232725789429,5986.9532018307955,3990.476576965152,1904909.2212753787,1904493.9571651968,92951.8805453814,[-0.94510601 -0.16517998  0.28194006],[ 0.32203128 -0.61715012  0.71792868],[-0.0554119  -0.76931223 -0.63646541]
31,199970.06066483102,88114.48099010826,135144.52702012155,2854.4347780613107,2927.9603612768956,4229.511715078167,3698.167342556338,1430855.9729447546,1430787.649254842,25494.002875058482,[-0.22723939  0.93472951 -0.27320871],[-0.58541466  0.09308109  0.80537295],[0.77823643 0.34295284 0.52605267]
152,199042.30351709065,43553.177800117046,159309.1340933053,4826.741389191387,14172.817755871361,10325.617047683067,10115.881216435178,3195988.728478112,3191793.060130107,185697.37664644897,[-0.52091019 -0.39288581  0.75782142],[ 0.37079988 -0.90379546 -0.21368487],[-0.76886931 -0.16968947 -0.61647828]
55,197353.90031936334,183498.686355042,166329.61341953278,4036.0477717665,8562.3777691351,4040.1638267573817,4933.004934882157,2349629.154775159,2349011.5039209714,66973.64196657982,[-0.63829739 -0.01120888  0.76970826],[ 0.45202689 -0.81480779  0.36298753],[-0.6230956  -0.57962283 -0.5251564 ]
44,106692.4423296853,64458.90537414236,79735.79316569745,3671.3874619699295,3680.1315997993856,5472.431147673921,2194.037917903942,982601.4326646104,981865.4624931394,47938.975752206425,[-0.58484746  0.79961022  0.13629727],[-0.37147154 -0.41340382  0.83132796],[-0.72108415 -0.43556949 -0.53881061]
42,10374.787535395344,198099.8525361781,82823.31234557225,5180.620507048352,3219.972108950966,12096.15703839161,5783.299049319894,1395773.051863684,1393787.8995669067,79394.9890327239,[-0.92251491  0.18907036 -0.33647976],[-0.38297937 -0.34025706  0.85880844],[-0.04788561 -0.9211284  -0.38630226]
47,136964.05211860675,84470.33117569904,81047.19948146596,4311.278373933323,7906.28580277118,4805.2150741133655,6058.718320080943,1236715.128568224,1236406.4500713102,56158.642868546645,[-0.58123753  0.18102327  0.79334325],[ 0.29113835 -0.86414433  0.41047903],[-0.75986932 -0.46955847 -0.4495703 ]
24,27442.133700650524,56481.67971831567,201488.55375395948,4021.6363562351116,3886.3719372046376,3136.9547673334264,2811.383579229827,1034277.5177122905,1034122.7192801344,28222.49491019615,[-0.76799066 -0.58183081  0.26769993],[ 0.62710418 -0.76805368  0.12974549],[-0.130118   -0.26751907 -0.95472659]
212,150029.16763321197,79664.03136968747,120419.05908008854,9232.220550144728,10313.333567947375,6910.550318216708,5062.226090084787,3037342.5953481426,3035393.111324994,212859.219061391,[-0.41243004 -0.43354599  0.80121117],[-0.55709459  0.81590717  0.15472916],[-0.72079614 -0.38253545 -0.57803075]
67,194677.23611953473,200043.47485784802,71756.6569126468,3515.4492341356936,3506.7895405204836,7660.235837418616,2996.0022625796673,2360151.206510452,2359375.0490217754,70695.01231553475,[-0.64000443  0.71950758 -0.26963526],[-0.36632051  0.02275279  0.93021051],[-0.67542847 -0.69411177 -0.2490085 ]
10,179665.08099814766,159442.2343010176,109475.29684860453,2017.8311800222455,1654.9507669232019,2044.581190473464,1645.241590024215,834844.4993665661,834802.8934806641,9097.68289512647,[ 0.65178341 -0.7576523   0.03378432],[-0.33457661 -0.24727675  0.9093474 ],[0.68061507 0.604001   0.41466362]
17,68694.66246884143,106330.76193481595,191077.62786306752,6291.611646700558,2180.324018931868,2945.5827995884947,4054.7924175037033,945472.2224526855,945246.1937507511,24763.305014964346,[-0.24860272 -0.80564096  0.53771677],[-0.92095018  0.3685897   0.12646108],[-0.30007909 -0.46377179 -0.83358759]
92,11287.283984514745,59960.27115330251,134681.44597717247,6269.657511814436,9318.083476136675,6541.968105941607,8777.014131226837,1422579.2775422174,1421774.9199946856,92010.7440689439,[-0.90336267 -0.35796751  0.23620998],[ 0.42197184 -0.84029872  0.34034957],[-0.07665286 -0.40713305 -0.9101467 ]
142,121240.56401586895,25573.240119400794,101048.84985738008,4582.417364671969,5981.1577804472145,6904.980562178369,6326.558466859309,1908422.2751995376,1907548.6569020145,95189.97351651694,[-0.59430354  0.56893749  0.56843067],[-0.26888904 -0.80668169  0.52627306],[-0.75795909 -0.15992116 -0.63239484]
2,75762.0169839852,43572.96052997309,83644.31985324531,258.8079998597459,283.2639919677422,378.2434131061236,2.5836055378604215,171085.64310712778,171083.9463960049,761.9468146967587,[ 0.61637887 -0.77179367 -0.15624218],[-0.47735811 -0.5240257   0.70535544],[0.62626378 0.36018271 0.69142034]
164,112362.34810438103,55254.570210020465,142481.95219482682,5554.017999075456,6785.920782583169,6183.085260895914,6185.874294233461,2432268.3567238636,2431160.97058491,112049.45910799828,[-0.70575856 -0.26236959  0.65807831],[ 0.38865546 -0.92002498  0.05000976],[-0.59232744 -0.29106054 -0.75128687]
52,82065.43700073512,120035.67172556075,104606.07827509825,7347.631028426213,5687.907236456922,3483.7907095184514,5013.618491586304,1293516.7749477809,1292341.7265354889,61844.35100451122,[-0.42840672 -0.40908103  0.80568008],[-0.77867867  0.6194815  -0.09950978],[-0.45839634 -0.66999655 -0.58393271]
21,199849.84531687494,113960.37804218779,118266.26797237789,2983.1297202329533,3054.448634708115,2487.974219192902,2585.469069843267,1185581.952441087,1185508.8430198769,19261.99024381016,[ 0.53179595 -0.05564229 -0.8450426 ],[ 0.34680986 -0.8960217   0.27725085],[0.77260338 0.44050999 0.45720341]
92,190059.05459693723,31544.078140930065,124428.8266763996,5842.289969214911,5044.347648715172,5067.681924073828,4911.395523839909,2201121.5264141434,2200804.339710016,74920.50259875294,[-0.27680975 -0.7419689   0.61062142],[-0.4863233   0.65623313  0.57692956],[-0.8287738  -0.1372597  -0.54248849]
33,34893.53629969367,12646.812033828875,149897.28693974196,3229.073815720585,3518.0591878056384,3109.3672024916377,2812.728823210273,887493.7701215057,887447.7199728473,28574.787698902746,[ 0.67784892  0.70246482 -0.21694241],[-0.69966868  0.70699002  0.1030963 ],[0.22579765 0.0819041  0.97072506]
3,201709.60872937556,36313.88954057391,134877.77052128335,2197.3507992547266,2024.2072298323353,378.08076230236554,1580.4325661074447,424992.98592726537,424971.1295287767,4447.481466412829,[ 0.44575984  0.43330084 -0.7832934 ],[ 0.35407839 -0.88902282 -0.29028765],[0.82214759 0.14794869 0.54971313]
138,66677.52483759267,12768.412550381212,154710.19227312747,6646.975667261613,6823.858431515019,7178.635264127364,5887.730870532697,1988792.381014923,1986746.2629289627,122490.4549928701,[-0.48842421 -0.8268261   0.27892723],[-0.77865925  0.5572528   0.28837318],[-0.39386745 -0.07634083 -0.91599154]
238,64480.117674508096,121959.66775897158,12841.722847088346,11196.907642707958,10774.240219043606,9276.63841454608,14265.257693235664,2153731.211324127,2150767.5381386024,170856.5348512802,[ 0.82124177 -0.39304938 -0.41361111],[ 0.32632519 -0.27109425  0.90554943],[0.46805324 0.87864674 0.09437201]
24,170609.83927387866,36719.86816123516,199690.63373726016,4731.226997768442,3591.33497644521,2820.432979498575,2790.26633787584,1299525.539998956,1299388.527891186,29225.516359555084,[-0.34609683 -0.82470842  0.44729521],[-0.68283918  0.54837193  0.48272029],[-0.64338762 -0.13836273 -0.75293301]
11,177374.68500255476,3190.2041401267434,154639.01835225325,3165.8124339903834,1203.2180097819898,2730.0660150447575,3829.793373301694,780660.54250852,780648.962899359,6829.217276777891,[ 0.1650339   0.96384268 -0.20921545],[-0.63616154  0.26612587  0.72420682],[0.75369908 0.01357614 0.65707944]
170,129237.76464779806,172566.02223820635,152760.36035683073,8763.988308219668,9856.221390997569,10703.776740453784,8035.309729282251,3449930.9571504826,3449064.813617491,194577.77598147845,[-0.83518386  0.5418543   0.09413736],[-0.25182655 -0.52894882  0.81042984],[-0.48892874 -0.65315164 -0.57822281]
12,152492.39069655808,175364.82220856333,170957.8825022508,2764.225197556033,2445.9449003050768,2487.958510068028,2003.1744945470498,999507.6957393845,999435.1439574932,13770.550352861295,[ 0.66794237 -0.72860749  0.15160514],[-0.52387807 -0.31563973  0.79115316],[0.52858751 0.60786733 0.59253064]
4,32949.12234067798,21925.848666603582,2931.900024596843,1751.408291593021,2006.665936421757,1409.295814713861,1981.2898191938434,79564.7083232677,79507.78803229329,4525.3935601512285,[ 0.26646587 -0.50817655  0.81899483],[-0.49000246  0.66029401  0.5691304 ],[-0.8299961  -0.55296331 -0.07306194]
2,123277.14525787291,155094.21226234356,147642.5940598587,1154.1491176997806,853.3171949489042,843.8124234450806,463.9930535740714,349435.4791109765,349428.1617400639,2261.3810995516524,[ 0.01236274 -0.69457794  0.71931123],[ 0.86655963 -0.35149172 -0.35429927],[0.4989204  0.62770618 0.59754781]
26,138762.08066493834,92671.64686305498,3922.567341192803,3012.2244164302547,2499.1511477135105,2044.6023264055934,3181.3707039811516,851315.9660352018,851272.6417583443,15602.995976589458,[-0.31582697  0.50676696 -0.80214748],[-0.45723527  0.65948869  0.59666622],[0.83137791 0.5552134  0.02342741]
95,25563.986104473835,155560.64458092648,56934.77804789885,10821.43106908661,5163.60638966257,3595.3744182215514,4484.777326340367,1637766.9359569335,1634762.8066388436,113753.13232835055,[-0.14817151 -0.31807268  0.93641603],[-0.97709663  0.19331574 -0.0889449 ],[-0.15273301 -0.92814805 -0.33943163]
131,115134.59169416812,10283.282846973163,180320.1505621782,4848.97582375865,5992.127073677091,9242.648391391993,8666.792688640211,2454581.4482422695,2454305.924451584,95685.83662692667,[-0.64135798  0.67176801  0.37065844],[-0.54790758 -0.73919859  0.39164107],[-0.53708214 -0.04809556 -0.8421577 ]
27,4694.106493923039,175179.34224213974,189633.47489928623,2617.5550802180874,4928.006349695535,3119.38261801606,4910.163539350601,1342054.1166911756,1341963.531084561,21184.97099273795,[-0.8292933   0.4205642  -0.36796518],[-0.55851474 -0.60226198  0.5703874 ],[-0.01827309 -0.67853243 -0.73434314]
94,91645.99394526414,87053.86891299748,13124.965632125788,4394.763171604131,7493.6524193310515,7057.386093159957,6042.895798925685,1235753.7126924207,1234614.0415419086,91230.33566498134,[-0.65846668  0.63057078  0.41085536],[ 0.21747038 -0.36320599  0.90597353],[-0.72050557 -0.68590225 -0.10202857]
130,53781.56753648528,171147.22498630953,86706.69238549878,7250.5692833550365,6996.648260046202,7191.259054185028,7393.779863207458,2275241.165289117,2274380.451267417,113145.61204049784,[-0.39401206 -0.31426278  0.86370909],[-0.87866959  0.40446297 -0.25367194],[-0.2696187  -0.85886472 -0.43549644]
12,33503.01742848078,138240.68285906574,55014.309818830894,2968.0790421282795,1050.2519578168842,1962.9785951438068,1276.3309563013481,528444.6097338371,528355.3743291853,12065.689072451118,[-0.46240027 -0.22884588  0.85663035],[-0.85900501  0.35507551 -0.36882487],[-0.2197644  -0.90639448 -0.36076676]
96,27067.792363000834,98941.01919951434,28218.873150832547,6150.1922125843275,6701.82217350877,6296.538739981015,6475.378122779511,1046739.8297569092,1045586.8869630238,87718.70654815565,[ 0.089579   -0.29712122  0.95062852],[-0.96357435  0.21563499  0.15819613],[-0.2519922  -0.93017231 -0.26698202]
386,168812.94715024476,153030.33813983158,129817.35761715271,9459.855251829495,8549.768874274323,23252.82952949292,9954.024841152603,5176672.676180037,5157684.062057777,482369.09375719813,[-0.65736578  0.75286266 -0.03268096],[-0.39282992 -0.30534686  0.86743758],[-0.64308234 -0.58306183 -0.49647155]
50,29599.55399707055,171567.53705052828,101621.97588980045,5352.694674456226,6337.498228159616,6685.3302963459555,7334.041136071814,1427020.3546774643,1426836.066561965,54411.10212081724,[-0.40575686 -0.41335549  0.81516784],[-0.90217667  0.32401672 -0.28476379],[-0.14641933 -0.85097027 -0.50439168]
25,83472.8661572326,147199.13765251153,40428.78056361659,1853.4126377009297,3979.7502291525525,5305.662740368682,3648.6909837609633,870467.3877753753,870220.5595000662,29384.95216267781,[-0.78107546  0.53236111 -0.32636295],[-0.40003734 -0.02528726  0.91614992],[-0.47946976 -0.84613959 -0.23271558]
69,43356.77481450945,155904.16099067772,14014.407063971368,6673.737449762488,8150.137018094185,6826.516340111963,9635.935413785774,1352933.2218428869,1351897.1434820688,66708.67439799021,[-0.79313046  0.1678581   0.58546369],[ 0.54693429 -0.22663913  0.80591413],[-0.2679682  -0.95940521 -0.08794704]
13,5058.774087749708,20379.87591445234,201149.41703246534,2976.7952886609546,1601.1504095388414,2417.129482051064,2352.7699651654834,729331.2580655282,729263.1043253978,12356.259203123598,[-0.35486076 -0.92922388  0.10303799],[-0.93458278  0.35552833 -0.01243559],[-0.02507748 -0.10071043 -0.99459968]
8,65473.21725336165,161331.12215854897,33416.3170409361,1766.3817546242306,1579.5509364356355,1971.7627699231239,1860.9206906742297,501506.91858195816,501490.44376197114,6940.227631142923,[ 0.8986487  -0.40139263  0.17695896],[-0.23668356 -0.10401928  0.96600253],[0.36933915 0.90998019 0.18847983]
52,121417.26267749496,40626.97285452984,197347.46044545708,2611.986434385413,4994.5281925545905,3779.3163175873337,3766.977766515195,1696943.256509013,1696689.5719451448,40553.07306526898,[-0.81733318 -0.19360418  0.54266371],[ 0.25619069 -0.96574284  0.04131712],[-0.51607442 -0.17279524 -0.83893325]
3,53634.69295794938,14550.88166712354,203871.20683941408,1404.278011842825,1808.0410445965676,613.1353041072689,1027.7049110607566,366022.35054985166,366003.9372418399,3704.4609082019006,[ 0.80383393 -0.56980337 -0.1708073 ],[-0.53797185 -0.81888805  0.20002161],[0.25384504 0.06889464 0.96478817]
80,156224.30257412093,112761.66134557955,24471.39914325637,5916.277624200463,4602.778070589953,6908.757065481636,5110.680029500592,1738961.3919700354,1738291.5984948785,78705.18691547839,[-0.57503463  0.81421415 -0.07994056],[-0.14857442 -0.00784143  0.98887014],[-0.80452521 -0.58051169 -0.12548049]
52,157580.7839257237,147235.48176337744,38237.01326779795,4545.904851152792,7116.193457825518,6648.432291802684,3580.259650550824,1580780.3448234717,1580157.8315372602,73086.80525233009,[-0.49676017  0.32217207  0.80587499],[ 0.48561337 -0.66640589  0.56575865],[-0.71931147 -0.67239003 -0.17459284]
36,88268.61307703216,165224.02510683367,68646.72983325279,6705.967760443899,6085.94328524665,2980.7965978423517,4737.563089082245,1198291.1029524056,1197491.8379701048,49502.43919830156,[-0.19726454 -0.28439959  0.93819165],[-0.87492464  0.48279647 -0.03760904],[-0.44225962 -0.82826592 -0.34406684]
13,2910.189792336254,138100.62505009695,189322.83844535777,2335.9423980235206,1987.8841346504942,2601.010185908419,2707.3169837872847,845085.1999393905,845070.4089473658,10753.392800430807,[-0.07366832 -0.80517331  0.58844619],[ 0.99720496 -0.06684478  0.03337735],[0.01246001 0.58926031 0.80784716]
2,195002.1186652307,141393.23646828363,197851.19539355207,23.411868547918857,1207.0368737769604,317.31443648278946,360.75338244464365,440827.69263317384,440824.45319739403,1689.9868362568686,[ 0.76156927 -0.17855079 -0.62300229],[ 0.16926865 -0.87313127  0.45715414],[0.62558801 0.45360931 0.6347269 ]
14,113253.79528503753,113386.95732972558,188161.97693066346,2720.665911607363,2411.6240376581613,2475.2156894437994,2446.4151790842557,924890.2446929201,924876.0446556157,13663.594971401599,[ 0.75840736  0.24485019 -0.60404194],[ 0.46349971 -0.85417201  0.23570784],[0.45824261 0.45873582 0.76129834]
